>NDVACAGGAAGT	1-NDVACAGGAAGT	8.396890	-446.320099	0	T:1619.0(26.42%),B:5268.9(12.35%),P:1e-193	Tpos:286.2,Tstd:223.4,Bpos:235.1,Bstd:136.6,StrandBias:0.1,Multiplicity:1.23
0.225	0.260	0.272	0.243
0.360	0.161	0.215	0.265
0.333	0.193	0.331	0.143
0.696	0.001	0.302	0.001
0.083	0.660	0.256	0.001
0.997	0.001	0.001	0.001
0.001	0.001	0.997	0.001
0.001	0.001	0.997	0.001
0.997	0.001	0.001	0.001
0.841	0.001	0.001	0.157
0.367	0.016	0.616	0.001
0.042	0.311	0.068	0.579
>CCACTAGRKGGC	2-CCACTAGRKGGC	8.484024	-343.012921	0	T:401.0(6.54%),B:548.4(1.29%),P:1e-148	Tpos:274.2,Tstd:215.6,Bpos:234.3,Bstd:138.0,StrandBias:-0.1,Multiplicity:1.04
0.208	0.499	0.146	0.148
0.051	0.859	0.039	0.051
0.583	0.155	0.035	0.227
0.043	0.548	0.384	0.025
0.179	0.246	0.122	0.453
0.667	0.036	0.159	0.138
0.057	0.044	0.768	0.131
0.447	0.028	0.491	0.034
0.031	0.079	0.481	0.409
0.041	0.159	0.749	0.051
0.190	0.039	0.530	0.241
0.269	0.507	0.044	0.180
>RVTGASTCABNN	3-RVTGASTCABNN	7.786585	-198.745734	0	T:812.0(13.25%),B:2681.3(6.28%),P:1e-86	Tpos:270.8,Tstd:221.7,Bpos:232.2,Bstd:137.0,StrandBias:-0.1,Multiplicity:1.13
0.353	0.156	0.302	0.188
0.346	0.367	0.271	0.017
0.005	0.001	0.001	0.993
0.033	0.001	0.815	0.151
0.884	0.001	0.001	0.114
0.001	0.523	0.475	0.001
0.027	0.001	0.001	0.971
0.001	0.997	0.001	0.001
0.997	0.001	0.001	0.001
0.141	0.276	0.319	0.264
0.310	0.266	0.195	0.229
0.262	0.220	0.240	0.278
>CTTTGATGTBKK	4-CTTTGATGTBKK	7.939047	-144.882406	0	T:983.0(16.04%),B:3944.0(9.24%),P:1e-62	Tpos:284.5,Tstd:230.3,Bpos:242.1,Bstd:141.8,StrandBias:-0.1,Multiplicity:1.11
0.001	0.772	0.079	0.148
0.023	0.001	0.001	0.975
0.001	0.085	0.123	0.791
0.034	0.001	0.001	0.964
0.001	0.083	0.722	0.194
0.748	0.001	0.047	0.204
0.327	0.001	0.123	0.549
0.001	0.413	0.583	0.003
0.163	0.001	0.013	0.823
0.059	0.227	0.375	0.339
0.073	0.176	0.316	0.435
0.179	0.176	0.274	0.371
>GCCCCGCCCHCH	5-GCCCCGCCCHCH	8.507735	-139.076354	0	T:1392.0(22.72%),B:6303.4(14.77%),P:1e-60	Tpos:313.8,Tstd:258.3,Bpos:234.6,Bstd:147.5,StrandBias:0.1,Multiplicity:1.37
0.001	0.001	0.745	0.253
0.150	0.542	0.101	0.207
0.151	0.592	0.012	0.245
0.207	0.791	0.001	0.001
0.001	0.997	0.001	0.001
0.269	0.001	0.461	0.269
0.001	0.997	0.001	0.001
0.001	0.997	0.001	0.001
0.001	0.744	0.001	0.254
0.409	0.279	0.001	0.311
0.004	0.547	0.216	0.233
0.272	0.261	0.138	0.329
>DTATGCAAATCA	6-DTATGCAAATCA	10.581801	-92.820261	0	T:149.0(2.43%),B:274.0(0.64%),P:1e-40	Tpos:287.8,Tstd:204.4,Bpos:242.4,Bstd:139.4,StrandBias:0.3,Multiplicity:1.03
0.310	0.153	0.276	0.262
0.001	0.164	0.001	0.834
0.997	0.001	0.001	0.001
0.001	0.001	0.063	0.935
0.001	0.001	0.997	0.001
0.001	0.997	0.001	0.001
0.997	0.001	0.001	0.001
0.997	0.001	0.001	0.001
0.997	0.001	0.001	0.001
0.077	0.001	0.183	0.739
0.212	0.543	0.191	0.054
0.590	0.129	0.001	0.280
>AGTTTCACTTTC	7-AGTTTCACTTTC	9.481686	-85.874748	0	T:265.0(4.32%),B:753.1(1.77%),P:1e-37	Tpos:301.3,Tstd:250.1,Bpos:240.6,Bstd:136.3,StrandBias:0.0,Multiplicity:1.07
0.676	0.001	0.137	0.186
0.001	0.216	0.686	0.097
0.014	0.001	0.001	0.984
0.055	0.080	0.154	0.711
0.085	0.047	0.103	0.765
0.001	0.915	0.001	0.083
0.815	0.093	0.001	0.091
0.108	0.621	0.182	0.089
0.001	0.001	0.001	0.997
0.001	0.001	0.001	0.997
0.050	0.015	0.001	0.934
0.149	0.740	0.086	0.025
>GGGGGGGGGAGG	8-GGGGGGGGGAGG	8.671571	-77.604616	0	T:769.0(12.55%),B:3415.0(8.00%),P:1e-33	Tpos:334.8,Tstd:312.0,Bpos:237.1,Bstd:135.4,StrandBias:0.2,Multiplicity:1.10
0.216	0.047	0.616	0.121
0.104	0.145	0.596	0.155
0.211	0.121	0.465	0.203
0.131	0.074	0.569	0.226
0.156	0.141	0.635	0.068
0.260	0.078	0.484	0.178
0.184	0.073	0.624	0.119
0.068	0.024	0.826	0.082
0.184	0.136	0.590	0.090
0.997	0.001	0.001	0.001
0.156	0.022	0.790	0.032
0.138	0.118	0.641	0.103
>ACTTCCTGTCTT	9-ACTTCCTGTCTT	9.459466	-63.642769	0	T:237.0(3.87%),B:741.8(1.74%),P:1e-27	Tpos:278.2,Tstd:220.8,Bpos:240.2,Bstd:135.3,StrandBias:0.4,Multiplicity:1.00
0.855	0.045	0.076	0.024
0.088	0.750	0.127	0.035
0.062	0.045	0.049	0.844
0.058	0.076	0.080	0.786
0.093	0.819	0.035	0.053
0.027	0.863	0.029	0.081
0.062	0.065	0.074	0.799
0.067	0.042	0.757	0.134
0.074	0.039	0.054	0.833
0.046	0.889	0.026	0.039
0.026	0.066	0.001	0.907
0.029	0.018	0.034	0.919
>AAACCACAAAAG	10-AAACCACAAAAG	6.904247	-63.340699	0	T:1145.0(18.68%),B:5823.6(13.65%),P:1e-27	Tpos:297.5,Tstd:277.9,Bpos:236.4,Bstd:145.3,StrandBias:-0.0,Multiplicity:1.14
0.819	0.038	0.061	0.082
0.863	0.034	0.047	0.056
0.888	0.049	0.034	0.029
0.048	0.810	0.083	0.059
0.089	0.839	0.031	0.041
0.854	0.051	0.046	0.049
0.039	0.878	0.046	0.037
0.896	0.048	0.021	0.035
0.784	0.059	0.107	0.050
0.744	0.112	0.097	0.047
0.830	0.035	0.086	0.049
0.080	0.060	0.799	0.061
>GGGGGTGGGGTG	11-GGGGGTGGGGTG	9.299275	-62.885203	0	T:634.0(10.35%),B:2820.3(6.61%),P:1e-27	Tpos:317.2,Tstd:263.8,Bpos:239.3,Bstd:138.1,StrandBias:0.1,Multiplicity:1.06
0.001	0.021	0.926	0.052
0.055	0.042	0.687	0.216
0.041	0.005	0.952	0.002
0.022	0.012	0.788	0.178
0.011	0.257	0.634	0.098
0.095	0.078	0.001	0.826
0.001	0.001	0.946	0.052
0.192	0.043	0.678	0.087
0.181	0.015	0.532	0.272
0.001	0.054	0.935	0.010
0.144	0.044	0.001	0.811
0.001	0.056	0.942	0.001
>GGGGGGGGGGGG	12-GGGGGGGGGGGG	8.463612	-62.430349	0	T:1350.0(22.03%),B:7102.6(16.65%),P:1e-27	Tpos:344.7,Tstd:293.0,Bpos:238.2,Bstd:141.3,StrandBias:0.1,Multiplicity:1.42
0.100	0.100	0.700	0.100
0.100	0.100	0.700	0.100
0.100	0.100	0.700	0.100
0.100	0.100	0.700	0.100
0.100	0.100	0.700	0.100
0.100	0.100	0.700	0.100
0.100	0.100	0.700	0.100
0.100	0.100	0.700	0.100
0.100	0.100	0.700	0.100
0.100	0.100	0.700	0.100
0.100	0.100	0.700	0.100
0.100	0.100	0.700	0.100
>HACTTNCTGKCT	13-HACTTNCTGKCT	8.553857	-59.750727	0	T:153.0(2.50%),B:393.8(0.92%),P:1e-25	Tpos:284.2,Tstd:217.7,Bpos:235.0,Bstd:137.0,StrandBias:-0.0,Multiplicity:1.01
0.280	0.312	0.069	0.339
0.566	0.272	0.061	0.101
0.297	0.549	0.072	0.082
0.111	0.124	0.055	0.710
0.026	0.079	0.135	0.760
0.250	0.305	0.282	0.163
0.287	0.615	0.039	0.059
0.149	0.022	0.027	0.802
0.076	0.069	0.625	0.230
0.232	0.046	0.325	0.396
0.074	0.521	0.326	0.079
0.096	0.121	0.050	0.733
>TTTTTTTTCCCC	14-TTTTTTTTCCCC	8.775792	-42.573188	0	T:663.0(10.82%),B:3254.6(7.63%),P:1e-18	Tpos:324.2,Tstd:263.2,Bpos:241.8,Bstd:152.7,StrandBias:0.2,Multiplicity:1.11
0.103	0.089	0.142	0.666
0.058	0.023	0.156	0.763
0.001	0.119	0.116	0.764
0.097	0.155	0.097	0.651
0.082	0.001	0.069	0.848
0.010	0.009	0.011	0.970
0.001	0.117	0.001	0.881
0.001	0.200	0.001	0.798
0.014	0.760	0.068	0.158
0.165	0.667	0.001	0.167
0.168	0.613	0.055	0.164
0.123	0.637	0.063	0.177
>TGBTCACGTGWH	15-TGBTCACGTGWH	8.428252	-35.112898	0	T:211.0(3.44%),B:805.5(1.89%),P:1e-15	Tpos:302.0,Tstd:265.3,Bpos:237.1,Bstd:152.0,StrandBias:-0.1,Multiplicity:1.02
0.124	0.001	0.097	0.778
0.059	0.282	0.475	0.184
0.135	0.285	0.358	0.222
0.286	0.001	0.001	0.712
0.001	0.997	0.001	0.001
0.997	0.001	0.001	0.001
0.001	0.997	0.001	0.001
0.014	0.001	0.984	0.001
0.078	0.001	0.001	0.920
0.001	0.001	0.997	0.001
0.342	0.001	0.239	0.418
0.259	0.221	0.180	0.339
>CTGCGCATGCGC	16-CTGCGCATGCGC	9.494776	-34.953641	0	T:271.0(4.42%),B:1121.8(2.63%),P:1e-15	Tpos:349.8,Tstd:271.5,Bpos:235.3,Bstd:160.9,StrandBias:-0.1,Multiplicity:1.21
0.074	0.754	0.101	0.071
0.092	0.071	0.100	0.737
0.069	0.069	0.861	0.001
0.076	0.772	0.065	0.087
0.048	0.032	0.919	0.001
0.001	0.900	0.098	0.001
0.771	0.089	0.046	0.094
0.050	0.057	0.104	0.789
0.001	0.034	0.964	0.001
0.053	0.806	0.080	0.061
0.029	0.067	0.829	0.075
0.001	0.893	0.001	0.105
>TKTTTCCATTTV	17-TKTTTCCATTTV	11.079820	-33.835289	0	T:146.0(2.38%),B:492.3(1.15%),P:1e-14	Tpos:277.1,Tstd:227.2,Bpos:233.0,Bstd:154.4,StrandBias:-0.1,Multiplicity:1.01
0.195	0.185	0.132	0.488
0.001	0.001	0.517	0.481
0.001	0.001	0.001	0.997
0.001	0.001	0.001	0.997
0.033	0.153	0.001	0.813
0.001	0.997	0.001	0.001
0.001	0.997	0.001	0.001
0.705	0.001	0.001	0.293
0.001	0.072	0.258	0.669
0.001	0.001	0.001	0.997
0.001	0.001	0.001	0.997
0.248	0.378	0.302	0.072
>RABTACGRCWGC	18-RABTACGRCWGC	8.859035	-22.583892	0	T:57.0(0.93%),B:150.9(0.35%),P:1e-9	Tpos:276.4,Tstd:206.9,Bpos:232.5,Bstd:144.9,StrandBias:0.1,Multiplicity:1.00
0.304	0.108	0.442	0.146
0.884	0.054	0.031	0.031
0.008	0.338	0.329	0.325
0.015	0.070	0.008	0.907
0.886	0.052	0.031	0.031
0.098	0.784	0.058	0.060
0.136	0.062	0.740	0.062
0.474	0.039	0.472	0.015
0.306	0.639	0.039	0.016
0.457	0.023	0.039	0.481
0.031	0.342	0.626	0.001
0.015	0.744	0.226	0.015
>GTGTTAGAGGAT	19-GTGTTAGAGGAT	11.389592	-14.610723	0	T:5.0(0.08%),B:0.7(0.00%),P:1e-6	Tpos:221.8,Tstd:248.6,Bpos:179.0,Bstd:0.0,StrandBias:3.6,Multiplicity:3.25
0.076	0.092	0.753	0.079
0.094	0.025	0.091	0.790
0.069	0.090	0.766	0.075
0.076	0.072	0.093	0.759
0.081	0.106	0.098	0.715
0.754	0.036	0.084	0.126
0.095	0.095	0.733	0.077
0.796	0.040	0.074	0.090
0.110	0.033	0.766	0.091
0.099	0.077	0.747	0.077
0.733	0.084	0.095	0.088
0.115	0.095	0.099	0.691
>CAGGGGGATGAC	20-CAGGGGGATGAC	13.242509	-12.559939	0	T:8.0(0.13%),B:6.2(0.01%),P:1e-5	Tpos:218.5,Tstd:171.7,Bpos:347.7,Bstd:62.3,StrandBias:-3.6,Multiplicity:3.25
0.001	0.962	0.001	0.036
0.962	0.001	0.036	0.001
0.001	0.001	0.997	0.001
0.001	0.001	0.997	0.001
0.001	0.001	0.997	0.001
0.001	0.001	0.997	0.001
0.001	0.001	0.997	0.001
0.997	0.001	0.001	0.001
0.001	0.001	0.001	0.997
0.001	0.001	0.997	0.001
0.997	0.001	0.001	0.001
0.001	0.997	0.001	0.001
>TGATGTTACCAT	21-TGATGTTACCAT	-8.146352	-12.495206	0	T:2583.0(42.15%),B:16782.6(39.34%),P:1e-5	Tpos:292.7,Tstd:241.2,Bpos:236.1,Bstd:137.0,StrandBias:-0.0,Multiplicity:1.43
0.001	0.001	0.001	0.997
0.001	0.001	0.997	0.001
0.997	0.001	0.001	0.001
0.001	0.001	0.001	0.997
0.001	0.018	0.980	0.001
0.001	0.001	0.001	0.997
0.001	0.001	0.001	0.997
0.997	0.001	0.001	0.001
0.001	0.997	0.001	0.001
0.001	0.997	0.001	0.001
0.980	0.001	0.018	0.001
0.001	0.001	0.001	0.997
>TCAGAAAATCAC	22-TCAGAAAATCAC	13.957406	-8.396767	0	T:4.0(0.07%),B:2.9(0.01%),P:1e-3	Tpos:170.5,Tstd:91.9,Bpos:212.4,Bstd:113.3,StrandBias:10.0,Multiplicity:3.25
0.001	0.001	0.071	0.927
0.001	0.997	0.001	0.001
0.997	0.001	0.001	0.001
0.001	0.001	0.997	0.001
0.997	0.001	0.001	0.001
0.997	0.001	0.001	0.001
0.997	0.001	0.001	0.001
0.997	0.001	0.001	0.001
0.001	0.001	0.001	0.997
0.001	0.997	0.001	0.001
0.997	0.001	0.001	0.001
0.001	0.997	0.001	0.001
>ACACACCCTTGC	23-ACACACCCTTGC	13.682127	-8.205888	0	T:6.0(0.10%),B:6.4(0.02%),P:1e-3	Tpos:186.5,Tstd:143.3,Bpos:221.9,Bstd:114.1,StrandBias:1.7,Multiplicity:2.17
0.997	0.001	0.001	0.001
0.001	0.997	0.001	0.001
0.997	0.001	0.001	0.001
0.001	0.932	0.001	0.066
0.932	0.001	0.066	0.001
0.001	0.997	0.001	0.001
0.001	0.997	0.001	0.001
0.001	0.997	0.001	0.001
0.001	0.001	0.001	0.997
0.001	0.001	0.001	0.997
0.001	0.001	0.932	0.066
0.066	0.932	0.001	0.001
>ACAACTCACCAC	24-ACAACTCACCAC	12.355432	-5.747917	0	T:3.0(0.05%),B:2.5(0.01%),P:1e-2	Tpos:98.1,Tstd:70.5,Bpos:155.7,Bstd:64.7,StrandBias:10.0,Multiplicity:2.67
0.700	0.100	0.100	0.100
0.100	0.700	0.100	0.100
0.700	0.100	0.100	0.100
0.700	0.100	0.100	0.100
0.100	0.700	0.100	0.100
0.100	0.100	0.100	0.700
0.100	0.700	0.100	0.100
0.700	0.100	0.100	0.100
0.100	0.700	0.100	0.100
0.100	0.700	0.100	0.100
0.700	0.100	0.100	0.100
0.100	0.700	0.100	0.100
>NNNNNNNNNNNN	25-NNNNNNNNNNNN	-nan	0.000000	0	T:0.0(0.00%),B:0.0(0.00%),P:1e0	Tpos:0.0,Tstd:0.0,Bpos:0.0,Bstd:0.0,StrandBias:0.0,Multiplicity:1.00
-nan	-nan	-nan	-nan
-nan	-nan	-nan	-nan
-nan	-nan	-nan	-nan
-nan	-nan	-nan	-nan
-nan	-nan	-nan	-nan
-nan	-nan	-nan	-nan
-nan	-nan	-nan	-nan
-nan	-nan	-nan	-nan
-nan	-nan	-nan	-nan
-nan	-nan	-nan	-nan
-nan	-nan	-nan	-nan
-nan	-nan	-nan	-nan
