>NACAGGAAGT	1-NACAGGAAGT	7.736536	-473.223321	0	T:1830.0(29.86%),B:6195.5(14.52%),P:1e-205	Tpos:286.6,Tstd:225.9,Bpos:234.8,Bstd:137.2,StrandBias:0.0,Multiplicity:1.25
0.322	0.215	0.281	0.182
0.553	0.020	0.311	0.116
0.200	0.503	0.268	0.029
0.772	0.150	0.063	0.015
0.001	0.001	0.997	0.001
0.042	0.001	0.934	0.023
0.975	0.013	0.001	0.011
0.743	0.039	0.001	0.217
0.310	0.001	0.688	0.001
0.090	0.191	0.078	0.641
>HKCATCCGGT	2-HKCATCCGGT	6.408432	-184.203686	0	T:1221.0(19.92%),B:4903.0(11.49%),P:1e-79	Tpos:307.3,Tstd:269.9,Bpos:236.2,Bstd:148.4,StrandBias:0.0,Multiplicity:1.14
0.355	0.315	0.117	0.213
0.176	0.053	0.362	0.409
0.210	0.774	0.015	0.001
0.575	0.007	0.005	0.413
0.240	0.017	0.001	0.742
0.001	0.997	0.001	0.001
0.013	0.855	0.131	0.001
0.001	0.001	0.853	0.145
0.161	0.140	0.517	0.182
0.110	0.151	0.158	0.581
>TGASTCABCN	3-TGASTCABCN	7.807135	-183.911446	0	T:741.0(12.09%),B:2425.0(5.68%),P:1e-79	Tpos:272.4,Tstd:224.6,Bpos:233.7,Bstd:137.0,StrandBias:0.1,Multiplicity:1.13
0.001	0.001	0.001	0.997
0.001	0.001	0.997	0.001
0.997	0.001	0.001	0.001
0.001	0.484	0.514	0.001
0.001	0.001	0.001	0.997
0.001	0.997	0.001	0.001
0.997	0.001	0.001	0.001
0.001	0.288	0.292	0.418
0.215	0.460	0.057	0.268
0.257	0.219	0.279	0.245
>CMYCTAGTGG	4-CMYCTAGTGG	10.709453	-155.214517	0	T:309.0(5.04%),B:669.7(1.57%),P:1e-67	Tpos:263.0,Tstd:213.8,Bpos:230.7,Bstd:135.3,StrandBias:0.3,Multiplicity:1.04
0.001	0.997	0.001	0.001
0.549	0.449	0.001	0.001
0.001	0.542	0.001	0.456
0.001	0.997	0.001	0.001
0.001	0.001	0.001	0.997
0.565	0.001	0.213	0.221
0.001	0.001	0.997	0.001
0.001	0.001	0.001	0.997
0.001	0.001	0.997	0.001
0.001	0.001	0.997	0.001
>CASATCAAAG	5-CASATCAAAG	7.044010	-128.500290	0	T:1194.0(19.48%),B:5275.0(12.36%),P:1e-55	Tpos:279.0,Tstd:226.4,Bpos:239.7,Bstd:140.6,StrandBias:0.2,Multiplicity:1.14
0.184	0.481	0.175	0.160
0.736	0.032	0.138	0.094
0.008	0.486	0.429	0.077
0.535	0.028	0.076	0.361
0.105	0.009	0.043	0.843
0.119	0.689	0.101	0.091
0.890	0.001	0.039	0.070
0.710	0.131	0.068	0.091
0.884	0.031	0.039	0.046
0.057	0.103	0.795	0.045
>KTTTCCGCHV	6-KTTTCCGCHV	3.335681	-125.576377	0	T:1407.0(22.96%),B:6545.3(15.34%),P:1e-54	Tpos:311.7,Tstd:263.9,Bpos:239.7,Bstd:147.3,StrandBias:0.0,Multiplicity:1.19
0.001	0.001	0.490	0.508
0.001	0.001	0.001	0.997
0.001	0.001	0.001	0.997
0.001	0.001	0.001	0.997
0.001	0.997	0.001	0.001
0.001	0.997	0.001	0.001
0.026	0.001	0.972	0.001
0.001	0.611	0.001	0.387
0.221	0.341	0.191	0.247
0.351	0.303	0.257	0.089
>GTTTCMBTTT	7-GTTTCMBTTT	8.472606	-94.892015	0	T:906.0(14.78%),B:3997.4(9.37%),P:1e-41	Tpos:313.9,Tstd:272.2,Bpos:231.1,Bstd:146.6,StrandBias:-0.1,Multiplicity:1.18
0.001	0.287	0.711	0.001
0.001	0.001	0.001	0.997
0.001	0.001	0.001	0.997
0.001	0.001	0.001	0.997
0.001	0.937	0.061	0.001
0.436	0.326	0.105	0.133
0.122	0.269	0.355	0.254
0.001	0.010	0.001	0.988
0.001	0.001	0.001	0.997
0.001	0.196	0.163	0.640
>TATGCAAATC	8-TATGCAAATC	9.868111	-86.290723	0	T:140.0(2.28%),B:260.7(0.61%),P:1e-37	Tpos:314.4,Tstd:226.4,Bpos:232.0,Bstd:148.5,StrandBias:0.1,Multiplicity:1.07
0.014	0.037	0.001	0.948
0.997	0.001	0.001	0.001
0.015	0.022	0.015	0.948
0.001	0.001	0.997	0.001
0.001	0.995	0.001	0.003
0.973	0.001	0.022	0.004
0.973	0.009	0.017	0.001
0.997	0.001	0.001	0.001
0.072	0.014	0.052	0.862
0.200	0.422	0.256	0.122
>TCACGTGACH	9-TCACGTGACH	6.789475	-66.298494	0	T:730.0(11.91%),B:3324.1(7.79%),P:1e-28	Tpos:309.8,Tstd:267.4,Bpos:234.8,Bstd:151.6,StrandBias:0.1,Multiplicity:1.08
0.267	0.031	0.168	0.534
0.084	0.890	0.001	0.025
0.997	0.001	0.001	0.001
0.111	0.839	0.001	0.049
0.001	0.001	0.997	0.001
0.109	0.001	0.173	0.717
0.218	0.028	0.753	0.001
0.487	0.164	0.228	0.121
0.117	0.601	0.096	0.186
0.351	0.247	0.187	0.215
>TTTAAAGCGC	10-TTTAAAGCGC	4.950289	-58.640077	0	T:1461.0(23.84%),B:7868.6(18.44%),P:1e-25	Tpos:320.6,Tstd:283.6,Bpos:234.6,Bstd:148.8,StrandBias:0.0,Multiplicity:1.24
0.073	0.099	0.089	0.739
0.086	0.110	0.096	0.708
0.115	0.088	0.093	0.704
0.684	0.097	0.109	0.110
0.710	0.100	0.105	0.085
0.737	0.088	0.100	0.075
0.110	0.119	0.671	0.100
0.102	0.692	0.094	0.112
0.120	0.089	0.690	0.101
0.100	0.666	0.114	0.120
>CCCCCCCCCC	11-CCCCCCCCCC	6.404373	-57.480399	0	T:2898.0(47.29%),B:17365.2(40.70%),P:1e-24	Tpos:351.2,Tstd:302.9,Bpos:238.3,Bstd:144.0,StrandBias:-0.0,Multiplicity:2.21
0.100	0.700	0.100	0.100
0.100	0.700	0.100	0.100
0.100	0.700	0.100	0.100
0.100	0.700	0.100	0.100
0.100	0.700	0.100	0.100
0.100	0.700	0.100	0.100
0.100	0.700	0.100	0.100
0.100	0.700	0.100	0.100
0.100	0.700	0.100	0.100
0.100	0.700	0.100	0.100
>AAAAAACCGC	12-AAAAAACCGC	6.012169	-55.617925	0	T:1522.0(24.84%),B:8314.0(19.49%),P:1e-24	Tpos:307.0,Tstd:267.5,Bpos:236.1,Bstd:151.3,StrandBias:-0.0,Multiplicity:1.21
0.778	0.043	0.098	0.081
0.819	0.083	0.060	0.038
0.843	0.076	0.030	0.051
0.871	0.039	0.071	0.019
0.830	0.057	0.072	0.041
0.820	0.065	0.064	0.051
0.096	0.841	0.030	0.033
0.117	0.761	0.036	0.086
0.132	0.119	0.676	0.073
0.064	0.763	0.075	0.098
>TCAAAACAAC	13-TCAAAACAAC	7.038292	-48.140616	0	T:628.0(10.25%),B:2969.2(6.96%),P:1e-20	Tpos:295.1,Tstd:242.6,Bpos:238.8,Bstd:145.1,StrandBias:-0.0,Multiplicity:1.07
0.001	0.025	0.057	0.917
0.001	0.790	0.172	0.037
0.997	0.001	0.001	0.001
0.924	0.001	0.009	0.066
0.879	0.001	0.001	0.119
0.922	0.006	0.071	0.001
0.001	0.997	0.001	0.001
0.861	0.109	0.001	0.029
0.939	0.001	0.059	0.001
0.070	0.847	0.051	0.032
>CAGCCAATCA	14-CAGCCAATCA	8.688925	-43.331814	0	T:395.0(6.45%),B:1708.4(4.00%),P:1e-18	Tpos:289.4,Tstd:243.3,Bpos:236.8,Bstd:144.5,StrandBias:-0.3,Multiplicity:1.06
0.075	0.899	0.025	0.001
0.919	0.001	0.001	0.079
0.078	0.307	0.614	0.001
0.001	0.897	0.001	0.101
0.001	0.997	0.001	0.001
0.982	0.001	0.016	0.001
0.628	0.311	0.060	0.001
0.066	0.001	0.114	0.819
0.001	0.519	0.336	0.144
0.680	0.022	0.297	0.001
>TGCGCATGCG	15-TGCGCATGCG	7.447752	-40.288507	0	T:388.0(6.33%),B:1703.4(3.99%),P:1e-17	Tpos:330.8,Tstd:250.7,Bpos:234.7,Bstd:159.8,StrandBias:-0.1,Multiplicity:1.23
0.046	0.111	0.114	0.729
0.014	0.117	0.784	0.085
0.112	0.848	0.014	0.026
0.032	0.047	0.901	0.020
0.051	0.831	0.068	0.050
0.800	0.075	0.033	0.092
0.101	0.039	0.049	0.811
0.061	0.118	0.788	0.033
0.083	0.752	0.035	0.130
0.079	0.102	0.765	0.054
>CGGTGGTTTC	16-CGGTGGTTTC	8.203940	-39.870520	0	T:383.0(6.25%),B:1680.2(3.94%),P:1e-17	Tpos:300.7,Tstd:275.6,Bpos:236.9,Bstd:146.3,StrandBias:-0.1,Multiplicity:1.06
0.066	0.923	0.009	0.002
0.025	0.135	0.607	0.233
0.001	0.001	0.997	0.001
0.001	0.049	0.130	0.820
0.048	0.001	0.891	0.060
0.114	0.187	0.656	0.043
0.007	0.013	0.001	0.979
0.001	0.180	0.060	0.759
0.380	0.002	0.070	0.548
0.020	0.856	0.123	0.001
>AGCTCCGCCT	17-AGCTCCGCCT	11.248386	-38.507950	0	T:66.0(1.08%),B:131.2(0.31%),P:1e-16	Tpos:315.9,Tstd:251.1,Bpos:246.1,Bstd:140.8,StrandBias:0.0,Multiplicity:1.00
0.997	0.001	0.001	0.001
0.001	0.225	0.773	0.001
0.001	0.997	0.001	0.001
0.001	0.001	0.001	0.997
0.267	0.635	0.001	0.097
0.001	0.997	0.001	0.001
0.001	0.001	0.997	0.001
0.001	0.997	0.001	0.001
0.001	0.997	0.001	0.001
0.001	0.001	0.001	0.997
>TTCTGAGTAA	18-TTCTGAGTAA	9.394505	-33.732064	0	T:183.0(2.99%),B:674.4(1.58%),P:1e-14	Tpos:320.4,Tstd:258.9,Bpos:232.8,Bstd:143.2,StrandBias:0.0,Multiplicity:1.03
0.001	0.079	0.054	0.866
0.007	0.001	0.083	0.909
0.033	0.955	0.011	0.001
0.016	0.001	0.001	0.982
0.012	0.011	0.956	0.021
0.985	0.001	0.001	0.013
0.001	0.112	0.870	0.017
0.099	0.017	0.182	0.702
0.899	0.001	0.062	0.038
0.900	0.001	0.057	0.042
>GGCGTGGCCT	19-GGCGTGGCCT	9.841910	-28.295123	0	T:64.0(1.04%),B:156.1(0.37%),P:1e-12	Tpos:271.1,Tstd:205.0,Bpos:241.2,Bstd:146.9,StrandBias:-0.2,Multiplicity:1.09
0.001	0.001	0.997	0.001
0.391	0.001	0.607	0.001
0.001	0.997	0.001	0.001
0.001	0.001	0.997	0.001
0.001	0.001	0.001	0.997
0.047	0.001	0.951	0.001
0.001	0.001	0.997	0.001
0.001	0.997	0.001	0.001
0.356	0.642	0.001	0.001
0.001	0.001	0.001	0.997
>KGCTAGCGRA	20-KGCTAGCGRA	8.352503	-26.334035	0	T:38.0(0.62%),B:67.1(0.16%),P:1e-11	Tpos:388.4,Tstd:250.9,Bpos:232.9,Bstd:139.3,StrandBias:0.0,Multiplicity:1.00
0.013	0.233	0.444	0.310
0.049	0.084	0.856	0.011
0.211	0.558	0.035	0.196
0.085	0.130	0.182	0.603
0.513	0.134	0.143	0.210
0.281	0.042	0.676	0.001
0.095	0.767	0.120	0.018
0.055	0.017	0.901	0.027
0.270	0.192	0.368	0.170
0.876	0.073	0.015	0.036
>GTTTAATCTA	21-GTTTAATCTA	8.958458	-26.071730	0	T:92.0(1.50%),B:286.6(0.67%),P:1e-11	Tpos:238.0,Tstd:180.8,Bpos:252.0,Bstd:140.6,StrandBias:-0.2,Multiplicity:1.01
0.001	0.044	0.888	0.067
0.081	0.001	0.031	0.887
0.015	0.013	0.013	0.959
0.001	0.001	0.001	0.997
0.782	0.044	0.173	0.001
0.806	0.061	0.049	0.084
0.001	0.001	0.001	0.997
0.008	0.990	0.001	0.001
0.039	0.001	0.074	0.886
0.884	0.025	0.090	0.001
>ACAGTCGTCK	22-ACAGTCGTCK	9.176677	-25.317421	0	T:71.0(1.16%),B:197.5(0.46%),P:1e-10	Tpos:314.9,Tstd:245.0,Bpos:239.4,Bstd:153.4,StrandBias:0.4,Multiplicity:1.00
0.993	0.001	0.001	0.005
0.155	0.689	0.155	0.001
0.791	0.001	0.207	0.001
0.001	0.001	0.844	0.154
0.001	0.253	0.007	0.739
0.001	0.952	0.031	0.016
0.070	0.001	0.928	0.001
0.001	0.001	0.004	0.994
0.001	0.997	0.001	0.001
0.001	0.001	0.530	0.468
>ACGTCAATTG	23-ACGTCAATTG	9.339457	-25.068590	0	T:34.0(0.55%),B:57.2(0.13%),P:1e-10	Tpos:296.0,Tstd:243.8,Bpos:246.0,Bstd:119.9,StrandBias:-0.4,Multiplicity:1.00
0.932	0.066	0.001	0.001
0.024	0.789	0.036	0.151
0.019	0.053	0.927	0.001
0.066	0.001	0.001	0.932
0.001	0.932	0.066	0.001
0.905	0.028	0.001	0.066
0.932	0.001	0.066	0.001
0.067	0.090	0.067	0.776
0.001	0.001	0.027	0.971
0.001	0.001	0.932	0.066
>TGATGTTACC	24-TGATGTTACC	6.404373	-9.947508	0	T:1517.0(24.76%),B:9659.0(22.64%),P:1e-4	Tpos:289.1,Tstd:244.7,Bpos:235.6,Bstd:138.2,StrandBias:0.1,Multiplicity:1.21
0.100	0.100	0.100	0.700
0.100	0.100	0.700	0.100
0.700	0.100	0.100	0.100
0.100	0.100	0.100	0.700
0.100	0.100	0.700	0.100
0.100	0.100	0.100	0.700
0.100	0.100	0.100	0.700
0.700	0.100	0.100	0.100
0.100	0.700	0.100	0.100
0.100	0.700	0.100	0.100
>AGGGGGATGA	25-AGGGGGATGA	10.689347	-7.500892	0	T:23.0(0.38%),B:73.9(0.17%),P:1e-3	Tpos:247.4,Tstd:210.4,Bpos:248.8,Bstd:135.2,StrandBias:-2.3,Multiplicity:2.25
0.997	0.001	0.001	0.001
0.001	0.001	0.997	0.001
0.001	0.001	0.997	0.001
0.001	0.001	0.997	0.001
0.001	0.001	0.997	0.001
0.001	0.001	0.997	0.001
0.955	0.001	0.043	0.001
0.001	0.001	0.001	0.997
0.001	0.001	0.997	0.001
0.997	0.001	0.001	0.001
>NDVACAGGAAGT	1-NDVACAGGAAGT	8.396890	-446.320099	0	T:1619.0(26.42%),B:5268.9(12.35%),P:1e-193	Tpos:286.2,Tstd:223.4,Bpos:235.1,Bstd:136.6,StrandBias:0.1,Multiplicity:1.23
0.225	0.260	0.272	0.243
0.360	0.161	0.215	0.265
0.333	0.193	0.331	0.143
0.696	0.001	0.302	0.001
0.083	0.660	0.256	0.001
0.997	0.001	0.001	0.001
0.001	0.001	0.997	0.001
0.001	0.001	0.997	0.001
0.997	0.001	0.001	0.001
0.841	0.001	0.001	0.157
0.367	0.016	0.616	0.001
0.042	0.311	0.068	0.579
>CCACTAGRKGGC	2-CCACTAGRKGGC	8.484024	-343.012921	0	T:401.0(6.54%),B:548.4(1.29%),P:1e-148	Tpos:274.2,Tstd:215.6,Bpos:234.3,Bstd:138.0,StrandBias:-0.1,Multiplicity:1.04
0.208	0.499	0.146	0.148
0.051	0.859	0.039	0.051
0.583	0.155	0.035	0.227
0.043	0.548	0.384	0.025
0.179	0.246	0.122	0.453
0.667	0.036	0.159	0.138
0.057	0.044	0.768	0.131
0.447	0.028	0.491	0.034
0.031	0.079	0.481	0.409
0.041	0.159	0.749	0.051
0.190	0.039	0.530	0.241
0.269	0.507	0.044	0.180
>RVTGASTCABNN	3-RVTGASTCABNN	7.786585	-198.745734	0	T:812.0(13.25%),B:2681.3(6.28%),P:1e-86	Tpos:270.8,Tstd:221.7,Bpos:232.2,Bstd:137.0,StrandBias:-0.1,Multiplicity:1.13
0.353	0.156	0.302	0.188
0.346	0.367	0.271	0.017
0.005	0.001	0.001	0.993
0.033	0.001	0.815	0.151
0.884	0.001	0.001	0.114
0.001	0.523	0.475	0.001
0.027	0.001	0.001	0.971
0.001	0.997	0.001	0.001
0.997	0.001	0.001	0.001
0.141	0.276	0.319	0.264
0.310	0.266	0.195	0.229
0.262	0.220	0.240	0.278
>CTTTGATGTBKK	4-CTTTGATGTBKK	7.939047	-144.882406	0	T:983.0(16.04%),B:3944.0(9.24%),P:1e-62	Tpos:284.5,Tstd:230.3,Bpos:242.1,Bstd:141.8,StrandBias:-0.1,Multiplicity:1.11
0.001	0.772	0.079	0.148
0.023	0.001	0.001	0.975
0.001	0.085	0.123	0.791
0.034	0.001	0.001	0.964
0.001	0.083	0.722	0.194
0.748	0.001	0.047	0.204
0.327	0.001	0.123	0.549
0.001	0.413	0.583	0.003
0.163	0.001	0.013	0.823
0.059	0.227	0.375	0.339
0.073	0.176	0.316	0.435
0.179	0.176	0.274	0.371
>GCCCCGCCCHCH	5-GCCCCGCCCHCH	8.507735	-139.076354	0	T:1392.0(22.72%),B:6303.4(14.77%),P:1e-60	Tpos:313.8,Tstd:258.3,Bpos:234.6,Bstd:147.5,StrandBias:0.1,Multiplicity:1.37
0.001	0.001	0.745	0.253
0.150	0.542	0.101	0.207
0.151	0.592	0.012	0.245
0.207	0.791	0.001	0.001
0.001	0.997	0.001	0.001
0.269	0.001	0.461	0.269
0.001	0.997	0.001	0.001
0.001	0.997	0.001	0.001
0.001	0.744	0.001	0.254
0.409	0.279	0.001	0.311
0.004	0.547	0.216	0.233
0.272	0.261	0.138	0.329
>DTATGCAAATCA	6-DTATGCAAATCA	10.581801	-92.820261	0	T:149.0(2.43%),B:274.0(0.64%),P:1e-40	Tpos:287.8,Tstd:204.4,Bpos:242.4,Bstd:139.4,StrandBias:0.3,Multiplicity:1.03
0.310	0.153	0.276	0.262
0.001	0.164	0.001	0.834
0.997	0.001	0.001	0.001
0.001	0.001	0.063	0.935
0.001	0.001	0.997	0.001
0.001	0.997	0.001	0.001
0.997	0.001	0.001	0.001
0.997	0.001	0.001	0.001
0.997	0.001	0.001	0.001
0.077	0.001	0.183	0.739
0.212	0.543	0.191	0.054
0.590	0.129	0.001	0.280
>AGTTTCACTTTC	7-AGTTTCACTTTC	9.481686	-85.874748	0	T:265.0(4.32%),B:753.1(1.77%),P:1e-37	Tpos:301.3,Tstd:250.1,Bpos:240.6,Bstd:136.3,StrandBias:0.0,Multiplicity:1.07
0.676	0.001	0.137	0.186
0.001	0.216	0.686	0.097
0.014	0.001	0.001	0.984
0.055	0.080	0.154	0.711
0.085	0.047	0.103	0.765
0.001	0.915	0.001	0.083
0.815	0.093	0.001	0.091
0.108	0.621	0.182	0.089
0.001	0.001	0.001	0.997
0.001	0.001	0.001	0.997
0.050	0.015	0.001	0.934
0.149	0.740	0.086	0.025
>GGGGGGGGGAGG	8-GGGGGGGGGAGG	8.671571	-77.604616	0	T:769.0(12.55%),B:3415.0(8.00%),P:1e-33	Tpos:334.8,Tstd:312.0,Bpos:237.1,Bstd:135.4,StrandBias:0.2,Multiplicity:1.10
0.216	0.047	0.616	0.121
0.104	0.145	0.596	0.155
0.211	0.121	0.465	0.203
0.131	0.074	0.569	0.226
0.156	0.141	0.635	0.068
0.260	0.078	0.484	0.178
0.184	0.073	0.624	0.119
0.068	0.024	0.826	0.082
0.184	0.136	0.590	0.090
0.997	0.001	0.001	0.001
0.156	0.022	0.790	0.032
0.138	0.118	0.641	0.103
>ACTTCCTGTCTT	9-ACTTCCTGTCTT	9.459466	-63.642769	0	T:237.0(3.87%),B:741.8(1.74%),P:1e-27	Tpos:278.2,Tstd:220.8,Bpos:240.2,Bstd:135.3,StrandBias:0.4,Multiplicity:1.00
0.855	0.045	0.076	0.024
0.088	0.750	0.127	0.035
0.062	0.045	0.049	0.844
0.058	0.076	0.080	0.786
0.093	0.819	0.035	0.053
0.027	0.863	0.029	0.081
0.062	0.065	0.074	0.799
0.067	0.042	0.757	0.134
0.074	0.039	0.054	0.833
0.046	0.889	0.026	0.039
0.026	0.066	0.001	0.907
0.029	0.018	0.034	0.919
>AAACCACAAAAG	10-AAACCACAAAAG	6.904247	-63.340699	0	T:1145.0(18.68%),B:5823.6(13.65%),P:1e-27	Tpos:297.5,Tstd:277.9,Bpos:236.4,Bstd:145.3,StrandBias:-0.0,Multiplicity:1.14
0.819	0.038	0.061	0.082
0.863	0.034	0.047	0.056
0.888	0.049	0.034	0.029
0.048	0.810	0.083	0.059
0.089	0.839	0.031	0.041
0.854	0.051	0.046	0.049
0.039	0.878	0.046	0.037
0.896	0.048	0.021	0.035
0.784	0.059	0.107	0.050
0.744	0.112	0.097	0.047
0.830	0.035	0.086	0.049
0.080	0.060	0.799	0.061
>GGGGGTGGGGTG	11-GGGGGTGGGGTG	9.299275	-62.885203	0	T:634.0(10.35%),B:2820.3(6.61%),P:1e-27	Tpos:317.2,Tstd:263.8,Bpos:239.3,Bstd:138.1,StrandBias:0.1,Multiplicity:1.06
0.001	0.021	0.926	0.052
0.055	0.042	0.687	0.216
0.041	0.005	0.952	0.002
0.022	0.012	0.788	0.178
0.011	0.257	0.634	0.098
0.095	0.078	0.001	0.826
0.001	0.001	0.946	0.052
0.192	0.043	0.678	0.087
0.181	0.015	0.532	0.272
0.001	0.054	0.935	0.010
0.144	0.044	0.001	0.811
0.001	0.056	0.942	0.001
>GGGGGGGGGGGG	12-GGGGGGGGGGGG	8.463612	-62.430349	0	T:1350.0(22.03%),B:7102.6(16.65%),P:1e-27	Tpos:344.7,Tstd:293.0,Bpos:238.2,Bstd:141.3,StrandBias:0.1,Multiplicity:1.42
0.100	0.100	0.700	0.100
0.100	0.100	0.700	0.100
0.100	0.100	0.700	0.100
0.100	0.100	0.700	0.100
0.100	0.100	0.700	0.100
0.100	0.100	0.700	0.100
0.100	0.100	0.700	0.100
0.100	0.100	0.700	0.100
0.100	0.100	0.700	0.100
0.100	0.100	0.700	0.100
0.100	0.100	0.700	0.100
0.100	0.100	0.700	0.100
>HACTTNCTGKCT	13-HACTTNCTGKCT	8.553857	-59.750727	0	T:153.0(2.50%),B:393.8(0.92%),P:1e-25	Tpos:284.2,Tstd:217.7,Bpos:235.0,Bstd:137.0,StrandBias:-0.0,Multiplicity:1.01
0.280	0.312	0.069	0.339
0.566	0.272	0.061	0.101
0.297	0.549	0.072	0.082
0.111	0.124	0.055	0.710
0.026	0.079	0.135	0.760
0.250	0.305	0.282	0.163
0.287	0.615	0.039	0.059
0.149	0.022	0.027	0.802
0.076	0.069	0.625	0.230
0.232	0.046	0.325	0.396
0.074	0.521	0.326	0.079
0.096	0.121	0.050	0.733
>TTTTTTTTCCCC	14-TTTTTTTTCCCC	8.775792	-42.573188	0	T:663.0(10.82%),B:3254.6(7.63%),P:1e-18	Tpos:324.2,Tstd:263.2,Bpos:241.8,Bstd:152.7,StrandBias:0.2,Multiplicity:1.11
0.103	0.089	0.142	0.666
0.058	0.023	0.156	0.763
0.001	0.119	0.116	0.764
0.097	0.155	0.097	0.651
0.082	0.001	0.069	0.848
0.010	0.009	0.011	0.970
0.001	0.117	0.001	0.881
0.001	0.200	0.001	0.798
0.014	0.760	0.068	0.158
0.165	0.667	0.001	0.167
0.168	0.613	0.055	0.164
0.123	0.637	0.063	0.177
>TGBTCACGTGWH	15-TGBTCACGTGWH	8.428252	-35.112898	0	T:211.0(3.44%),B:805.5(1.89%),P:1e-15	Tpos:302.0,Tstd:265.3,Bpos:237.1,Bstd:152.0,StrandBias:-0.1,Multiplicity:1.02
0.124	0.001	0.097	0.778
0.059	0.282	0.475	0.184
0.135	0.285	0.358	0.222
0.286	0.001	0.001	0.712
0.001	0.997	0.001	0.001
0.997	0.001	0.001	0.001
0.001	0.997	0.001	0.001
0.014	0.001	0.984	0.001
0.078	0.001	0.001	0.920
0.001	0.001	0.997	0.001
0.342	0.001	0.239	0.418
0.259	0.221	0.180	0.339
>CTGCGCATGCGC	16-CTGCGCATGCGC	9.494776	-34.953641	0	T:271.0(4.42%),B:1121.8(2.63%),P:1e-15	Tpos:349.8,Tstd:271.5,Bpos:235.3,Bstd:160.9,StrandBias:-0.1,Multiplicity:1.21
0.074	0.754	0.101	0.071
0.092	0.071	0.100	0.737
0.069	0.069	0.861	0.001
0.076	0.772	0.065	0.087
0.048	0.032	0.919	0.001
0.001	0.900	0.098	0.001
0.771	0.089	0.046	0.094
0.050	0.057	0.104	0.789
0.001	0.034	0.964	0.001
0.053	0.806	0.080	0.061
0.029	0.067	0.829	0.075
0.001	0.893	0.001	0.105
>TKTTTCCATTTV	17-TKTTTCCATTTV	11.079820	-33.835289	0	T:146.0(2.38%),B:492.3(1.15%),P:1e-14	Tpos:277.1,Tstd:227.2,Bpos:233.0,Bstd:154.4,StrandBias:-0.1,Multiplicity:1.01
0.195	0.185	0.132	0.488
0.001	0.001	0.517	0.481
0.001	0.001	0.001	0.997
0.001	0.001	0.001	0.997
0.033	0.153	0.001	0.813
0.001	0.997	0.001	0.001
0.001	0.997	0.001	0.001
0.705	0.001	0.001	0.293
0.001	0.072	0.258	0.669
0.001	0.001	0.001	0.997
0.001	0.001	0.001	0.997
0.248	0.378	0.302	0.072
>RABTACGRCWGC	18-RABTACGRCWGC	8.859035	-22.583892	0	T:57.0(0.93%),B:150.9(0.35%),P:1e-9	Tpos:276.4,Tstd:206.9,Bpos:232.5,Bstd:144.9,StrandBias:0.1,Multiplicity:1.00
0.304	0.108	0.442	0.146
0.884	0.054	0.031	0.031
0.008	0.338	0.329	0.325
0.015	0.070	0.008	0.907
0.886	0.052	0.031	0.031
0.098	0.784	0.058	0.060
0.136	0.062	0.740	0.062
0.474	0.039	0.472	0.015
0.306	0.639	0.039	0.016
0.457	0.023	0.039	0.481
0.031	0.342	0.626	0.001
0.015	0.744	0.226	0.015
>GTGTTAGAGGAT	19-GTGTTAGAGGAT	11.389592	-14.610723	0	T:5.0(0.08%),B:0.7(0.00%),P:1e-6	Tpos:221.8,Tstd:248.6,Bpos:179.0,Bstd:0.0,StrandBias:3.6,Multiplicity:3.25
0.076	0.092	0.753	0.079
0.094	0.025	0.091	0.790
0.069	0.090	0.766	0.075
0.076	0.072	0.093	0.759
0.081	0.106	0.098	0.715
0.754	0.036	0.084	0.126
0.095	0.095	0.733	0.077
0.796	0.040	0.074	0.090
0.110	0.033	0.766	0.091
0.099	0.077	0.747	0.077
0.733	0.084	0.095	0.088
0.115	0.095	0.099	0.691
>CAGGGGGATGAC	20-CAGGGGGATGAC	13.242509	-12.559939	0	T:8.0(0.13%),B:6.2(0.01%),P:1e-5	Tpos:218.5,Tstd:171.7,Bpos:347.7,Bstd:62.3,StrandBias:-3.6,Multiplicity:3.25
0.001	0.962	0.001	0.036
0.962	0.001	0.036	0.001
0.001	0.001	0.997	0.001
0.001	0.001	0.997	0.001
0.001	0.001	0.997	0.001
0.001	0.001	0.997	0.001
0.001	0.001	0.997	0.001
0.997	0.001	0.001	0.001
0.001	0.001	0.001	0.997
0.001	0.001	0.997	0.001
0.997	0.001	0.001	0.001
0.001	0.997	0.001	0.001
>TGATGTTACCAT	21-TGATGTTACCAT	-8.146352	-12.495206	0	T:2583.0(42.15%),B:16782.6(39.34%),P:1e-5	Tpos:292.7,Tstd:241.2,Bpos:236.1,Bstd:137.0,StrandBias:-0.0,Multiplicity:1.43
0.001	0.001	0.001	0.997
0.001	0.001	0.997	0.001
0.997	0.001	0.001	0.001
0.001	0.001	0.001	0.997
0.001	0.018	0.980	0.001
0.001	0.001	0.001	0.997
0.001	0.001	0.001	0.997
0.997	0.001	0.001	0.001
0.001	0.997	0.001	0.001
0.001	0.997	0.001	0.001
0.980	0.001	0.018	0.001
0.001	0.001	0.001	0.997
>TCAGAAAATCAC	22-TCAGAAAATCAC	13.957406	-8.396767	0	T:4.0(0.07%),B:2.9(0.01%),P:1e-3	Tpos:170.5,Tstd:91.9,Bpos:212.4,Bstd:113.3,StrandBias:10.0,Multiplicity:3.25
0.001	0.001	0.071	0.927
0.001	0.997	0.001	0.001
0.997	0.001	0.001	0.001
0.001	0.001	0.997	0.001
0.997	0.001	0.001	0.001
0.997	0.001	0.001	0.001
0.997	0.001	0.001	0.001
0.997	0.001	0.001	0.001
0.001	0.001	0.001	0.997
0.001	0.997	0.001	0.001
0.997	0.001	0.001	0.001
0.001	0.997	0.001	0.001
>ACACACCCTTGC	23-ACACACCCTTGC	13.682127	-8.205888	0	T:6.0(0.10%),B:6.4(0.02%),P:1e-3	Tpos:186.5,Tstd:143.3,Bpos:221.9,Bstd:114.1,StrandBias:1.7,Multiplicity:2.17
0.997	0.001	0.001	0.001
0.001	0.997	0.001	0.001
0.997	0.001	0.001	0.001
0.001	0.932	0.001	0.066
0.932	0.001	0.066	0.001
0.001	0.997	0.001	0.001
0.001	0.997	0.001	0.001
0.001	0.997	0.001	0.001
0.001	0.001	0.001	0.997
0.001	0.001	0.001	0.997
0.001	0.001	0.932	0.066
0.066	0.932	0.001	0.001
>ACAACTCACCAC	24-ACAACTCACCAC	12.355432	-5.747917	0	T:3.0(0.05%),B:2.5(0.01%),P:1e-2	Tpos:98.1,Tstd:70.5,Bpos:155.7,Bstd:64.7,StrandBias:10.0,Multiplicity:2.67
0.700	0.100	0.100	0.100
0.100	0.700	0.100	0.100
0.700	0.100	0.100	0.100
0.700	0.100	0.100	0.100
0.100	0.700	0.100	0.100
0.100	0.100	0.100	0.700
0.100	0.700	0.100	0.100
0.700	0.100	0.100	0.100
0.100	0.700	0.100	0.100
0.100	0.700	0.100	0.100
0.700	0.100	0.100	0.100
0.100	0.700	0.100	0.100
>NNNNNNNNNNNN	25-NNNNNNNNNNNN	-nan	0.000000	0	T:0.0(0.00%),B:0.0(0.00%),P:1e0	Tpos:0.0,Tstd:0.0,Bpos:0.0,Bstd:0.0,StrandBias:0.0,Multiplicity:1.00
-nan	-nan	-nan	-nan
-nan	-nan	-nan	-nan
-nan	-nan	-nan	-nan
-nan	-nan	-nan	-nan
-nan	-nan	-nan	-nan
-nan	-nan	-nan	-nan
-nan	-nan	-nan	-nan
-nan	-nan	-nan	-nan
-nan	-nan	-nan	-nan
-nan	-nan	-nan	-nan
-nan	-nan	-nan	-nan
-nan	-nan	-nan	-nan
>ACCGGAAR	1-ACCGGAAR	6.073396	-355.456434	0	T:1498.0(24.45%),B:5169.4(12.12%),P:1e-154	Tpos:285.7,Tstd:222.5,Bpos:236.2,Bstd:140.3,StrandBias:-0.0,Multiplicity:1.19
0.994	0.001	0.004	0.001
0.001	0.997	0.001	0.001
0.047	0.951	0.001	0.001
0.001	0.001	0.997	0.001
0.001	0.001	0.856	0.142
0.997	0.001	0.001	0.001
0.667	0.001	0.001	0.331
0.493	0.001	0.505	0.001
>AYTTCCKG	2-AYTTCCKG	6.680990	-327.507689	0	T:1558.0(25.42%),B:5657.0(13.26%),P:1e-142	Tpos:298.4,Tstd:257.3,Bpos:235.6,Bstd:141.4,StrandBias:-0.1,Multiplicity:1.14
0.670	0.001	0.217	0.112
0.124	0.459	0.074	0.343
0.001	0.095	0.001	0.903
0.117	0.001	0.157	0.725
0.238	0.696	0.001	0.065
0.001	0.832	0.166	0.001
0.011	0.001	0.504	0.484
0.001	0.224	0.498	0.277
>ATGAGTCA	3-ATGAGTCA	8.800222	-182.428431	0	T:711.0(11.60%),B:2290.7(5.37%),P:1e-79	Tpos:272.9,Tstd:228.0,Bpos:233.3,Bstd:137.2,StrandBias:-0.1,Multiplicity:1.13
0.657	0.145	0.197	0.001
0.001	0.001	0.001	0.997
0.001	0.001	0.997	0.001
0.997	0.001	0.001	0.001
0.001	0.287	0.711	0.001
0.001	0.001	0.001	0.997
0.001	0.997	0.001	0.001
0.997	0.001	0.001	0.001
>GCGGAAAY	4-GCGGAAAY	6.687075	-130.077421	0	T:1515.0(24.72%),B:7132.2(16.72%),P:1e-56	Tpos:296.8,Tstd:264.8,Bpos:237.3,Bstd:142.9,StrandBias:-0.1,Multiplicity:1.17
0.319	0.045	0.510	0.126
0.270	0.515	0.001	0.214
0.001	0.062	0.936	0.001
0.117	0.001	0.795	0.087
0.829	0.001	0.001	0.169
0.992	0.001	0.001	0.006
0.711	0.001	0.204	0.084
0.187	0.412	0.058	0.344
>TGTGGTTT	5-TGTGGTTT	6.961743	-113.494094	0	T:567.0(9.25%),B:2017.1(4.73%),P:1e-49	Tpos:306.9,Tstd:266.5,Bpos:238.1,Bstd:147.0,StrandBias:-0.1,Multiplicity:1.08
0.001	0.051	0.001	0.947
0.001	0.001	0.997	0.001
0.001	0.083	0.001	0.915
0.001	0.001	0.997	0.001
0.001	0.001	0.997	0.001
0.001	0.001	0.001	0.997
0.001	0.001	0.001	0.997
0.208	0.001	0.001	0.790
>CTTTGAAG	6-CTTTGAAG	6.920256	-105.829359	0	T:1122.0(18.31%),B:5110.3(11.98%),P:1e-45	Tpos:293.8,Tstd:253.1,Bpos:237.0,Bstd:142.4,StrandBias:-0.1,Multiplicity:1.09
0.001	0.997	0.001	0.001
0.001	0.001	0.001	0.997
0.001	0.001	0.001	0.997
0.001	0.001	0.001	0.997
0.102	0.102	0.795	0.001
0.890	0.001	0.001	0.108
0.805	0.035	0.001	0.159
0.001	0.139	0.771	0.089
>ACATCAAA	7-ACATCAAA	8.763726	-99.063134	0	T:515.0(8.40%),B:1858.2(4.36%),P:1e-43	Tpos:289.2,Tstd:235.6,Bpos:238.6,Bstd:142.5,StrandBias:0.2,Multiplicity:1.08
0.936	0.001	0.043	0.020
0.001	0.815	0.183	0.001
0.737	0.001	0.001	0.261
0.020	0.001	0.001	0.978
0.020	0.928	0.051	0.001
0.982	0.001	0.001	0.016
0.932	0.036	0.031	0.001
0.931	0.001	0.022	0.046
>GGGGGGGG	8-GGGGGGGG	8.099207	-96.296776	0	T:1475.0(24.07%),B:7334.8(17.19%),P:1e-41	Tpos:337.1,Tstd:293.4,Bpos:236.1,Bstd:147.8,StrandBias:0.0,Multiplicity:1.60
0.001	0.001	0.997	0.001
0.001	0.001	0.997	0.001
0.001	0.001	0.997	0.001
0.092	0.184	0.650	0.074
0.086	0.165	0.674	0.075
0.120	0.103	0.708	0.069
0.031	0.001	0.967	0.001
0.001	0.001	0.997	0.001
>TGGGCGGA	9-TGGGCGGA	6.122560	-93.301243	0	T:1692.0(27.61%),B:8718.2(20.44%),P:1e-40	Tpos:332.4,Tstd:276.3,Bpos:238.4,Bstd:148.7,StrandBias:-0.1,Multiplicity:1.47
0.106	0.124	0.161	0.609
0.260	0.086	0.609	0.045
0.084	0.095	0.800	0.021
0.059	0.059	0.842	0.040
0.068	0.834	0.015	0.083
0.024	0.043	0.856	0.077
0.052	0.043	0.809	0.096
0.649	0.048	0.116	0.187
>CGCGTWTT	10-CGCGTWTT	4.656587	-66.301957	0	T:1771.0(28.90%),B:9690.1(22.71%),P:1e-28	Tpos:332.2,Tstd:299.8,Bpos:235.5,Bstd:157.5,StrandBias:-0.1,Multiplicity:1.36
0.092	0.696	0.104	0.108
0.031	0.132	0.725	0.112
0.050	0.833	0.089	0.028
0.017	0.001	0.847	0.135
0.021	0.013	0.367	0.599
0.531	0.001	0.001	0.467
0.039	0.001	0.181	0.779
0.271	0.082	0.031	0.616
>CACGTGAC	11-CACGTGAC	6.384827	-65.562503	0	T:772.0(12.60%),B:3574.9(8.38%),P:1e-28	Tpos:296.4,Tstd:249.6,Bpos:239.5,Bstd:152.6,StrandBias:-0.1,Multiplicity:1.10
0.129	0.598	0.001	0.272
0.822	0.057	0.001	0.120
0.123	0.845	0.001	0.031
0.001	0.006	0.992	0.001
0.001	0.187	0.001	0.811
0.058	0.146	0.485	0.311
0.754	0.102	0.054	0.090
0.001	0.793	0.031	0.175
>WATGSAAA	12-WATGSAAA	7.740061	-64.234979	0	T:754.0(12.30%),B:3487.6(8.17%),P:1e-27	Tpos:299.4,Tstd:246.1,Bpos:238.3,Bstd:145.3,StrandBias:0.3,Multiplicity:1.15
0.520	0.001	0.001	0.478
0.997	0.001	0.001	0.001
0.001	0.301	0.001	0.697
0.001	0.001	0.997	0.001
0.001	0.472	0.526	0.001
0.770	0.001	0.166	0.063
0.830	0.001	0.116	0.053
0.813	0.088	0.048	0.051
>GGGGGTGG	13-GGGGGTGG	6.526287	-59.129167	0	T:1579.0(25.77%),B:8607.0(20.17%),P:1e-25	Tpos:334.1,Tstd:289.3,Bpos:236.9,Bstd:139.1,StrandBias:-0.0,Multiplicity:1.32
0.001	0.001	0.997	0.001
0.001	0.001	0.966	0.032
0.001	0.001	0.997	0.001
0.001	0.001	0.620	0.378
0.001	0.001	0.997	0.001
0.001	0.001	0.001	0.997
0.001	0.001	0.649	0.349
0.001	0.001	0.819	0.179
>GGCGTGGC	14-GGCGTGGC	8.499027	-53.919444	0	T:505.0(8.24%),B:2200.7(5.16%),P:1e-23	Tpos:350.3,Tstd:271.7,Bpos:237.7,Bstd:158.6,StrandBias:0.1,Multiplicity:1.20
0.001	0.001	0.997	0.001
0.001	0.001	0.997	0.001
0.001	0.997	0.001	0.001
0.001	0.001	0.997	0.001
0.001	0.001	0.001	0.997
0.001	0.107	0.891	0.001
0.001	0.001	0.817	0.181
0.001	0.870	0.128	0.001
>ACTAGRKG	15-ACTAGRKG	5.609875	-49.949285	0	T:1083.0(17.67%),B:5672.9(13.30%),P:1e-21	Tpos:298.3,Tstd:278.6,Bpos:234.4,Bstd:144.6,StrandBias:0.0,Multiplicity:1.15
0.700	0.001	0.298	0.001
0.001	0.997	0.001	0.001
0.001	0.001	0.001	0.997
0.997	0.001	0.001	0.001
0.001	0.001	0.997	0.001
0.379	0.208	0.364	0.049
0.001	0.039	0.516	0.444
0.001	0.001	0.997	0.001
>GCTGTTTA	16-GCTGTTTA	6.947643	-46.135395	0	T:1005.0(16.40%),B:5261.3(12.33%),P:1e-20	Tpos:299.5,Tstd:253.1,Bpos:237.3,Bstd:143.5,StrandBias:-0.2,Multiplicity:1.13
0.049	0.001	0.949	0.001
0.038	0.874	0.066	0.022
0.023	0.001	0.001	0.975
0.064	0.043	0.865	0.028
0.052	0.027	0.001	0.920
0.001	0.001	0.032	0.966
0.001	0.001	0.058	0.940
0.625	0.001	0.167	0.207
>RACGAAAG	17-RACGAAAG	4.023008	-43.446207	0	T:464.0(7.57%),B:2091.4(4.90%),P:1e-18	Tpos:294.2,Tstd:243.9,Bpos:240.5,Bstd:145.2,StrandBias:0.1,Multiplicity:1.08
0.522	0.001	0.476	0.001
0.997	0.001	0.001	0.001
0.001	0.868	0.001	0.130
0.001	0.001	0.997	0.001
0.997	0.001	0.001	0.001
0.997	0.001	0.001	0.001
0.997	0.001	0.001	0.001
0.001	0.001	0.997	0.001
>ACCGTCAT	18-ACCGTCAT	6.492480	-37.599002	0	T:610.0(9.95%),B:3017.4(7.07%),P:1e-16	Tpos:303.1,Tstd:275.8,Bpos:236.1,Bstd:147.5,StrandBias:0.1,Multiplicity:1.09
0.997	0.001	0.001	0.001
0.115	0.750	0.134	0.001
0.067	0.931	0.001	0.001
0.001	0.001	0.997	0.001
0.001	0.001	0.169	0.829
0.001	0.682	0.140	0.177
0.818	0.001	0.001	0.180
0.001	0.001	0.001	0.997
>TAAAGTGA	19-TAAAGTGA	7.355871	-33.975875	0	T:472.0(7.70%),B:2261.8(5.30%),P:1e-14	Tpos:310.8,Tstd:254.0,Bpos:237.6,Bstd:143.7,StrandBias:0.2,Multiplicity:1.07
0.001	0.001	0.320	0.678
0.997	0.001	0.001	0.001
0.997	0.001	0.001	0.001
0.997	0.001	0.001	0.001
0.001	0.001	0.997	0.001
0.001	0.001	0.001	0.997
0.001	0.001	0.997	0.001
0.922	0.076	0.001	0.001
>GCGCATGC	20-GCGCATGC	9.307340	-32.122471	0	T:204.0(3.33%),B:794.7(1.86%),P:1e-13	Tpos:340.4,Tstd:298.5,Bpos:230.2,Bstd:157.1,StrandBias:-0.1,Multiplicity:1.09
0.001	0.001	0.997	0.001
0.001	0.997	0.001	0.001
0.001	0.001	0.997	0.001
0.001	0.997	0.001	0.001
0.791	0.001	0.001	0.207
0.171	0.001	0.001	0.827
0.001	0.001	0.997	0.001
0.001	0.997	0.001	0.001
>AMGGATGT	21-AMGGATGT	5.486104	-29.986436	0	T:501.0(8.18%),B:2492.9(5.84%),P:1e-13	Tpos:291.4,Tstd:259.4,Bpos:234.0,Bstd:139.7,StrandBias:-0.0,Multiplicity:1.05
0.971	0.007	0.021	0.001
0.452	0.546	0.001	0.001
0.001	0.001	0.997	0.001
0.326	0.001	0.672	0.001
0.997	0.001	0.001	0.001
0.001	0.001	0.001	0.997
0.001	0.001	0.997	0.001
0.001	0.001	0.001	0.997
>TGATGTCA	22-TGATGTCA	9.878595	-24.722231	0	T:251.0(4.10%),B:1122.2(2.63%),P:1e-10	Tpos:283.7,Tstd:239.7,Bpos:230.0,Bstd:144.7,StrandBias:0.0,Multiplicity:1.06
0.001	0.001	0.001	0.997
0.001	0.001	0.997	0.001
0.997	0.001	0.001	0.001
0.001	0.304	0.001	0.694
0.001	0.001	0.997	0.001
0.001	0.001	0.001	0.997
0.001	0.997	0.001	0.001
0.997	0.001	0.001	0.001
>CCTTTTAT	23-CCTTTTAT	9.224162	-18.574594	0	T:180.0(2.94%),B:800.4(1.88%),P:1e-8	Tpos:318.3,Tstd:264.9,Bpos:225.2,Bstd:138.4,StrandBias:0.1,Multiplicity:1.02
0.001	0.997	0.001	0.001
0.001	0.997	0.001	0.001
0.001	0.001	0.001	0.997
0.001	0.001	0.001	0.997
0.158	0.001	0.001	0.840
0.001	0.001	0.001	0.997
0.997	0.001	0.001	0.001
0.001	0.001	0.001	0.997
>ACGATAAC	24-ACGATAAC	7.411749	-17.806279	0	T:196.0(3.20%),B:899.6(2.11%),P:1e-7	Tpos:304.7,Tstd:287.7,Bpos:238.0,Bstd:143.9,StrandBias:-0.2,Multiplicity:1.18
0.854	0.001	0.144	0.001
0.001	0.890	0.001	0.108
0.001	0.001	0.997	0.001
0.482	0.001	0.278	0.239
0.001	0.001	0.001	0.997
0.997	0.001	0.001	0.001
0.997	0.001	0.001	0.001
0.001	0.997	0.001	0.001
>ACGTCAGA	25-ACGTCAGA	8.236954	-16.148508	0	T:55.0(0.90%),B:172.2(0.40%),P:1e-7	Tpos:279.2,Tstd:221.4,Bpos:237.2,Bstd:157.1,StrandBias:-0.7,Multiplicity:1.00
0.700	0.100	0.100	0.100
0.100	0.700	0.100	0.100
0.100	0.100	0.700	0.100
0.100	0.100	0.100	0.700
0.100	0.700	0.100	0.100
0.700	0.100	0.100	0.100
0.100	0.100	0.700	0.100
0.700	0.100	0.100	0.100
