>ACCGGAAR	1-ACCGGAAR	6.073396	-355.456434	0	T:1498.0(24.45%),B:5169.4(12.12%),P:1e-154	Tpos:285.7,Tstd:222.5,Bpos:236.2,Bstd:140.3,StrandBias:-0.0,Multiplicity:1.19
0.994	0.001	0.004	0.001
0.001	0.997	0.001	0.001
0.047	0.951	0.001	0.001
0.001	0.001	0.997	0.001
0.001	0.001	0.856	0.142
0.997	0.001	0.001	0.001
0.667	0.001	0.001	0.331
0.493	0.001	0.505	0.001
>AYTTCCKG	2-AYTTCCKG	6.680990	-327.507689	0	T:1558.0(25.42%),B:5657.0(13.26%),P:1e-142	Tpos:298.4,Tstd:257.3,Bpos:235.6,Bstd:141.4,StrandBias:-0.1,Multiplicity:1.14
0.670	0.001	0.217	0.112
0.124	0.459	0.074	0.343
0.001	0.095	0.001	0.903
0.117	0.001	0.157	0.725
0.238	0.696	0.001	0.065
0.001	0.832	0.166	0.001
0.011	0.001	0.504	0.484
0.001	0.224	0.498	0.277
>ATGAGTCA	3-ATGAGTCA	8.800222	-182.428431	0	T:711.0(11.60%),B:2290.7(5.37%),P:1e-79	Tpos:272.9,Tstd:228.0,Bpos:233.3,Bstd:137.2,StrandBias:-0.1,Multiplicity:1.13
0.657	0.145	0.197	0.001
0.001	0.001	0.001	0.997
0.001	0.001	0.997	0.001
0.997	0.001	0.001	0.001
0.001	0.287	0.711	0.001
0.001	0.001	0.001	0.997
0.001	0.997	0.001	0.001
0.997	0.001	0.001	0.001
>GCGGAAAY	4-GCGGAAAY	6.687075	-130.077421	0	T:1515.0(24.72%),B:7132.2(16.72%),P:1e-56	Tpos:296.8,Tstd:264.8,Bpos:237.3,Bstd:142.9,StrandBias:-0.1,Multiplicity:1.17
0.319	0.045	0.510	0.126
0.270	0.515	0.001	0.214
0.001	0.062	0.936	0.001
0.117	0.001	0.795	0.087
0.829	0.001	0.001	0.169
0.992	0.001	0.001	0.006
0.711	0.001	0.204	0.084
0.187	0.412	0.058	0.344
>TGTGGTTT	5-TGTGGTTT	6.961743	-113.494094	0	T:567.0(9.25%),B:2017.1(4.73%),P:1e-49	Tpos:306.9,Tstd:266.5,Bpos:238.1,Bstd:147.0,StrandBias:-0.1,Multiplicity:1.08
0.001	0.051	0.001	0.947
0.001	0.001	0.997	0.001
0.001	0.083	0.001	0.915
0.001	0.001	0.997	0.001
0.001	0.001	0.997	0.001
0.001	0.001	0.001	0.997
0.001	0.001	0.001	0.997
0.208	0.001	0.001	0.790
>CTTTGAAG	6-CTTTGAAG	6.920256	-105.829359	0	T:1122.0(18.31%),B:5110.3(11.98%),P:1e-45	Tpos:293.8,Tstd:253.1,Bpos:237.0,Bstd:142.4,StrandBias:-0.1,Multiplicity:1.09
0.001	0.997	0.001	0.001
0.001	0.001	0.001	0.997
0.001	0.001	0.001	0.997
0.001	0.001	0.001	0.997
0.102	0.102	0.795	0.001
0.890	0.001	0.001	0.108
0.805	0.035	0.001	0.159
0.001	0.139	0.771	0.089
>ACATCAAA	7-ACATCAAA	8.763726	-99.063134	0	T:515.0(8.40%),B:1858.2(4.36%),P:1e-43	Tpos:289.2,Tstd:235.6,Bpos:238.6,Bstd:142.5,StrandBias:0.2,Multiplicity:1.08
0.936	0.001	0.043	0.020
0.001	0.815	0.183	0.001
0.737	0.001	0.001	0.261
0.020	0.001	0.001	0.978
0.020	0.928	0.051	0.001
0.982	0.001	0.001	0.016
0.932	0.036	0.031	0.001
0.931	0.001	0.022	0.046
>GGGGGGGG	8-GGGGGGGG	8.099207	-96.296776	0	T:1475.0(24.07%),B:7334.8(17.19%),P:1e-41	Tpos:337.1,Tstd:293.4,Bpos:236.1,Bstd:147.8,StrandBias:0.0,Multiplicity:1.60
0.001	0.001	0.997	0.001
0.001	0.001	0.997	0.001
0.001	0.001	0.997	0.001
0.092	0.184	0.650	0.074
0.086	0.165	0.674	0.075
0.120	0.103	0.708	0.069
0.031	0.001	0.967	0.001
0.001	0.001	0.997	0.001
>TGGGCGGA	9-TGGGCGGA	6.122560	-93.301243	0	T:1692.0(27.61%),B:8718.2(20.44%),P:1e-40	Tpos:332.4,Tstd:276.3,Bpos:238.4,Bstd:148.7,StrandBias:-0.1,Multiplicity:1.47
0.106	0.124	0.161	0.609
0.260	0.086	0.609	0.045
0.084	0.095	0.800	0.021
0.059	0.059	0.842	0.040
0.068	0.834	0.015	0.083
0.024	0.043	0.856	0.077
0.052	0.043	0.809	0.096
0.649	0.048	0.116	0.187
>CGCGTWTT	10-CGCGTWTT	4.656587	-66.301957	0	T:1771.0(28.90%),B:9690.1(22.71%),P:1e-28	Tpos:332.2,Tstd:299.8,Bpos:235.5,Bstd:157.5,StrandBias:-0.1,Multiplicity:1.36
0.092	0.696	0.104	0.108
0.031	0.132	0.725	0.112
0.050	0.833	0.089	0.028
0.017	0.001	0.847	0.135
0.021	0.013	0.367	0.599
0.531	0.001	0.001	0.467
0.039	0.001	0.181	0.779
0.271	0.082	0.031	0.616
>CACGTGAC	11-CACGTGAC	6.384827	-65.562503	0	T:772.0(12.60%),B:3574.9(8.38%),P:1e-28	Tpos:296.4,Tstd:249.6,Bpos:239.5,Bstd:152.6,StrandBias:-0.1,Multiplicity:1.10
0.129	0.598	0.001	0.272
0.822	0.057	0.001	0.120
0.123	0.845	0.001	0.031
0.001	0.006	0.992	0.001
0.001	0.187	0.001	0.811
0.058	0.146	0.485	0.311
0.754	0.102	0.054	0.090
0.001	0.793	0.031	0.175
>WATGSAAA	12-WATGSAAA	7.740061	-64.234979	0	T:754.0(12.30%),B:3487.6(8.17%),P:1e-27	Tpos:299.4,Tstd:246.1,Bpos:238.3,Bstd:145.3,StrandBias:0.3,Multiplicity:1.15
0.520	0.001	0.001	0.478
0.997	0.001	0.001	0.001
0.001	0.301	0.001	0.697
0.001	0.001	0.997	0.001
0.001	0.472	0.526	0.001
0.770	0.001	0.166	0.063
0.830	0.001	0.116	0.053
0.813	0.088	0.048	0.051
>GGGGGTGG	13-GGGGGTGG	6.526287	-59.129167	0	T:1579.0(25.77%),B:8607.0(20.17%),P:1e-25	Tpos:334.1,Tstd:289.3,Bpos:236.9,Bstd:139.1,StrandBias:-0.0,Multiplicity:1.32
0.001	0.001	0.997	0.001
0.001	0.001	0.966	0.032
0.001	0.001	0.997	0.001
0.001	0.001	0.620	0.378
0.001	0.001	0.997	0.001
0.001	0.001	0.001	0.997
0.001	0.001	0.649	0.349
0.001	0.001	0.819	0.179
>GGCGTGGC	14-GGCGTGGC	8.499027	-53.919444	0	T:505.0(8.24%),B:2200.7(5.16%),P:1e-23	Tpos:350.3,Tstd:271.7,Bpos:237.7,Bstd:158.6,StrandBias:0.1,Multiplicity:1.20
0.001	0.001	0.997	0.001
0.001	0.001	0.997	0.001
0.001	0.997	0.001	0.001
0.001	0.001	0.997	0.001
0.001	0.001	0.001	0.997
0.001	0.107	0.891	0.001
0.001	0.001	0.817	0.181
0.001	0.870	0.128	0.001
>ACTAGRKG	15-ACTAGRKG	5.609875	-49.949285	0	T:1083.0(17.67%),B:5672.9(13.30%),P:1e-21	Tpos:298.3,Tstd:278.6,Bpos:234.4,Bstd:144.6,StrandBias:0.0,Multiplicity:1.15
0.700	0.001	0.298	0.001
0.001	0.997	0.001	0.001
0.001	0.001	0.001	0.997
0.997	0.001	0.001	0.001
0.001	0.001	0.997	0.001
0.379	0.208	0.364	0.049
0.001	0.039	0.516	0.444
0.001	0.001	0.997	0.001
>GCTGTTTA	16-GCTGTTTA	6.947643	-46.135395	0	T:1005.0(16.40%),B:5261.3(12.33%),P:1e-20	Tpos:299.5,Tstd:253.1,Bpos:237.3,Bstd:143.5,StrandBias:-0.2,Multiplicity:1.13
0.049	0.001	0.949	0.001
0.038	0.874	0.066	0.022
0.023	0.001	0.001	0.975
0.064	0.043	0.865	0.028
0.052	0.027	0.001	0.920
0.001	0.001	0.032	0.966
0.001	0.001	0.058	0.940
0.625	0.001	0.167	0.207
>RACGAAAG	17-RACGAAAG	4.023008	-43.446207	0	T:464.0(7.57%),B:2091.4(4.90%),P:1e-18	Tpos:294.2,Tstd:243.9,Bpos:240.5,Bstd:145.2,StrandBias:0.1,Multiplicity:1.08
0.522	0.001	0.476	0.001
0.997	0.001	0.001	0.001
0.001	0.868	0.001	0.130
0.001	0.001	0.997	0.001
0.997	0.001	0.001	0.001
0.997	0.001	0.001	0.001
0.997	0.001	0.001	0.001
0.001	0.001	0.997	0.001
>ACCGTCAT	18-ACCGTCAT	6.492480	-37.599002	0	T:610.0(9.95%),B:3017.4(7.07%),P:1e-16	Tpos:303.1,Tstd:275.8,Bpos:236.1,Bstd:147.5,StrandBias:0.1,Multiplicity:1.09
0.997	0.001	0.001	0.001
0.115	0.750	0.134	0.001
0.067	0.931	0.001	0.001
0.001	0.001	0.997	0.001
0.001	0.001	0.169	0.829
0.001	0.682	0.140	0.177
0.818	0.001	0.001	0.180
0.001	0.001	0.001	0.997
>TAAAGTGA	19-TAAAGTGA	7.355871	-33.975875	0	T:472.0(7.70%),B:2261.8(5.30%),P:1e-14	Tpos:310.8,Tstd:254.0,Bpos:237.6,Bstd:143.7,StrandBias:0.2,Multiplicity:1.07
0.001	0.001	0.320	0.678
0.997	0.001	0.001	0.001
0.997	0.001	0.001	0.001
0.997	0.001	0.001	0.001
0.001	0.001	0.997	0.001
0.001	0.001	0.001	0.997
0.001	0.001	0.997	0.001
0.922	0.076	0.001	0.001
>GCGCATGC	20-GCGCATGC	9.307340	-32.122471	0	T:204.0(3.33%),B:794.7(1.86%),P:1e-13	Tpos:340.4,Tstd:298.5,Bpos:230.2,Bstd:157.1,StrandBias:-0.1,Multiplicity:1.09
0.001	0.001	0.997	0.001
0.001	0.997	0.001	0.001
0.001	0.001	0.997	0.001
0.001	0.997	0.001	0.001
0.791	0.001	0.001	0.207
0.171	0.001	0.001	0.827
0.001	0.001	0.997	0.001
0.001	0.997	0.001	0.001
>AMGGATGT	21-AMGGATGT	5.486104	-29.986436	0	T:501.0(8.18%),B:2492.9(5.84%),P:1e-13	Tpos:291.4,Tstd:259.4,Bpos:234.0,Bstd:139.7,StrandBias:-0.0,Multiplicity:1.05
0.971	0.007	0.021	0.001
0.452	0.546	0.001	0.001
0.001	0.001	0.997	0.001
0.326	0.001	0.672	0.001
0.997	0.001	0.001	0.001
0.001	0.001	0.001	0.997
0.001	0.001	0.997	0.001
0.001	0.001	0.001	0.997
>TGATGTCA	22-TGATGTCA	9.878595	-24.722231	0	T:251.0(4.10%),B:1122.2(2.63%),P:1e-10	Tpos:283.7,Tstd:239.7,Bpos:230.0,Bstd:144.7,StrandBias:0.0,Multiplicity:1.06
0.001	0.001	0.001	0.997
0.001	0.001	0.997	0.001
0.997	0.001	0.001	0.001
0.001	0.304	0.001	0.694
0.001	0.001	0.997	0.001
0.001	0.001	0.001	0.997
0.001	0.997	0.001	0.001
0.997	0.001	0.001	0.001
>CCTTTTAT	23-CCTTTTAT	9.224162	-18.574594	0	T:180.0(2.94%),B:800.4(1.88%),P:1e-8	Tpos:318.3,Tstd:264.9,Bpos:225.2,Bstd:138.4,StrandBias:0.1,Multiplicity:1.02
0.001	0.997	0.001	0.001
0.001	0.997	0.001	0.001
0.001	0.001	0.001	0.997
0.001	0.001	0.001	0.997
0.158	0.001	0.001	0.840
0.001	0.001	0.001	0.997
0.997	0.001	0.001	0.001
0.001	0.001	0.001	0.997
>ACGATAAC	24-ACGATAAC	7.411749	-17.806279	0	T:196.0(3.20%),B:899.6(2.11%),P:1e-7	Tpos:304.7,Tstd:287.7,Bpos:238.0,Bstd:143.9,StrandBias:-0.2,Multiplicity:1.18
0.854	0.001	0.144	0.001
0.001	0.890	0.001	0.108
0.001	0.001	0.997	0.001
0.482	0.001	0.278	0.239
0.001	0.001	0.001	0.997
0.997	0.001	0.001	0.001
0.997	0.001	0.001	0.001
0.001	0.997	0.001	0.001
>ACGTCAGA	25-ACGTCAGA	8.236954	-16.148508	0	T:55.0(0.90%),B:172.2(0.40%),P:1e-7	Tpos:279.2,Tstd:221.4,Bpos:237.2,Bstd:157.1,StrandBias:-0.7,Multiplicity:1.00
0.700	0.100	0.100	0.100
0.100	0.700	0.100	0.100
0.100	0.100	0.700	0.100
0.100	0.100	0.100	0.700
0.100	0.700	0.100	0.100
0.700	0.100	0.100	0.100
0.100	0.100	0.700	0.100
0.700	0.100	0.100	0.100
