>NACAGGAAGT	1-NACAGGAAGT	7.736536	-473.223321	0	T:1830.0(29.86%),B:6195.5(14.52%),P:1e-205	Tpos:286.6,Tstd:225.9,Bpos:234.8,Bstd:137.2,StrandBias:0.0,Multiplicity:1.25
0.322	0.215	0.281	0.182
0.553	0.020	0.311	0.116
0.200	0.503	0.268	0.029
0.772	0.150	0.063	0.015
0.001	0.001	0.997	0.001
0.042	0.001	0.934	0.023
0.975	0.013	0.001	0.011
0.743	0.039	0.001	0.217
0.310	0.001	0.688	0.001
0.090	0.191	0.078	0.641
>HKCATCCGGT	2-HKCATCCGGT	6.408432	-184.203686	0	T:1221.0(19.92%),B:4903.0(11.49%),P:1e-79	Tpos:307.3,Tstd:269.9,Bpos:236.2,Bstd:148.4,StrandBias:0.0,Multiplicity:1.14
0.355	0.315	0.117	0.213
0.176	0.053	0.362	0.409
0.210	0.774	0.015	0.001
0.575	0.007	0.005	0.413
0.240	0.017	0.001	0.742
0.001	0.997	0.001	0.001
0.013	0.855	0.131	0.001
0.001	0.001	0.853	0.145
0.161	0.140	0.517	0.182
0.110	0.151	0.158	0.581
>TGASTCABCN	3-TGASTCABCN	7.807135	-183.911446	0	T:741.0(12.09%),B:2425.0(5.68%),P:1e-79	Tpos:272.4,Tstd:224.6,Bpos:233.7,Bstd:137.0,StrandBias:0.1,Multiplicity:1.13
0.001	0.001	0.001	0.997
0.001	0.001	0.997	0.001
0.997	0.001	0.001	0.001
0.001	0.484	0.514	0.001
0.001	0.001	0.001	0.997
0.001	0.997	0.001	0.001
0.997	0.001	0.001	0.001
0.001	0.288	0.292	0.418
0.215	0.460	0.057	0.268
0.257	0.219	0.279	0.245
>CMYCTAGTGG	4-CMYCTAGTGG	10.709453	-155.214517	0	T:309.0(5.04%),B:669.7(1.57%),P:1e-67	Tpos:263.0,Tstd:213.8,Bpos:230.7,Bstd:135.3,StrandBias:0.3,Multiplicity:1.04
0.001	0.997	0.001	0.001
0.549	0.449	0.001	0.001
0.001	0.542	0.001	0.456
0.001	0.997	0.001	0.001
0.001	0.001	0.001	0.997
0.565	0.001	0.213	0.221
0.001	0.001	0.997	0.001
0.001	0.001	0.001	0.997
0.001	0.001	0.997	0.001
0.001	0.001	0.997	0.001
>CASATCAAAG	5-CASATCAAAG	7.044010	-128.500290	0	T:1194.0(19.48%),B:5275.0(12.36%),P:1e-55	Tpos:279.0,Tstd:226.4,Bpos:239.7,Bstd:140.6,StrandBias:0.2,Multiplicity:1.14
0.184	0.481	0.175	0.160
0.736	0.032	0.138	0.094
0.008	0.486	0.429	0.077
0.535	0.028	0.076	0.361
0.105	0.009	0.043	0.843
0.119	0.689	0.101	0.091
0.890	0.001	0.039	0.070
0.710	0.131	0.068	0.091
0.884	0.031	0.039	0.046
0.057	0.103	0.795	0.045
>KTTTCCGCHV	6-KTTTCCGCHV	3.335681	-125.576377	0	T:1407.0(22.96%),B:6545.3(15.34%),P:1e-54	Tpos:311.7,Tstd:263.9,Bpos:239.7,Bstd:147.3,StrandBias:0.0,Multiplicity:1.19
0.001	0.001	0.490	0.508
0.001	0.001	0.001	0.997
0.001	0.001	0.001	0.997
0.001	0.001	0.001	0.997
0.001	0.997	0.001	0.001
0.001	0.997	0.001	0.001
0.026	0.001	0.972	0.001
0.001	0.611	0.001	0.387
0.221	0.341	0.191	0.247
0.351	0.303	0.257	0.089
>GTTTCMBTTT	7-GTTTCMBTTT	8.472606	-94.892015	0	T:906.0(14.78%),B:3997.4(9.37%),P:1e-41	Tpos:313.9,Tstd:272.2,Bpos:231.1,Bstd:146.6,StrandBias:-0.1,Multiplicity:1.18
0.001	0.287	0.711	0.001
0.001	0.001	0.001	0.997
0.001	0.001	0.001	0.997
0.001	0.001	0.001	0.997
0.001	0.937	0.061	0.001
0.436	0.326	0.105	0.133
0.122	0.269	0.355	0.254
0.001	0.010	0.001	0.988
0.001	0.001	0.001	0.997
0.001	0.196	0.163	0.640
>TATGCAAATC	8-TATGCAAATC	9.868111	-86.290723	0	T:140.0(2.28%),B:260.7(0.61%),P:1e-37	Tpos:314.4,Tstd:226.4,Bpos:232.0,Bstd:148.5,StrandBias:0.1,Multiplicity:1.07
0.014	0.037	0.001	0.948
0.997	0.001	0.001	0.001
0.015	0.022	0.015	0.948
0.001	0.001	0.997	0.001
0.001	0.995	0.001	0.003
0.973	0.001	0.022	0.004
0.973	0.009	0.017	0.001
0.997	0.001	0.001	0.001
0.072	0.014	0.052	0.862
0.200	0.422	0.256	0.122
>TCACGTGACH	9-TCACGTGACH	6.789475	-66.298494	0	T:730.0(11.91%),B:3324.1(7.79%),P:1e-28	Tpos:309.8,Tstd:267.4,Bpos:234.8,Bstd:151.6,StrandBias:0.1,Multiplicity:1.08
0.267	0.031	0.168	0.534
0.084	0.890	0.001	0.025
0.997	0.001	0.001	0.001
0.111	0.839	0.001	0.049
0.001	0.001	0.997	0.001
0.109	0.001	0.173	0.717
0.218	0.028	0.753	0.001
0.487	0.164	0.228	0.121
0.117	0.601	0.096	0.186
0.351	0.247	0.187	0.215
>TTTAAAGCGC	10-TTTAAAGCGC	4.950289	-58.640077	0	T:1461.0(23.84%),B:7868.6(18.44%),P:1e-25	Tpos:320.6,Tstd:283.6,Bpos:234.6,Bstd:148.8,StrandBias:0.0,Multiplicity:1.24
0.073	0.099	0.089	0.739
0.086	0.110	0.096	0.708
0.115	0.088	0.093	0.704
0.684	0.097	0.109	0.110
0.710	0.100	0.105	0.085
0.737	0.088	0.100	0.075
0.110	0.119	0.671	0.100
0.102	0.692	0.094	0.112
0.120	0.089	0.690	0.101
0.100	0.666	0.114	0.120
>CCCCCCCCCC	11-CCCCCCCCCC	6.404373	-57.480399	0	T:2898.0(47.29%),B:17365.2(40.70%),P:1e-24	Tpos:351.2,Tstd:302.9,Bpos:238.3,Bstd:144.0,StrandBias:-0.0,Multiplicity:2.21
0.100	0.700	0.100	0.100
0.100	0.700	0.100	0.100
0.100	0.700	0.100	0.100
0.100	0.700	0.100	0.100
0.100	0.700	0.100	0.100
0.100	0.700	0.100	0.100
0.100	0.700	0.100	0.100
0.100	0.700	0.100	0.100
0.100	0.700	0.100	0.100
0.100	0.700	0.100	0.100
>AAAAAACCGC	12-AAAAAACCGC	6.012169	-55.617925	0	T:1522.0(24.84%),B:8314.0(19.49%),P:1e-24	Tpos:307.0,Tstd:267.5,Bpos:236.1,Bstd:151.3,StrandBias:-0.0,Multiplicity:1.21
0.778	0.043	0.098	0.081
0.819	0.083	0.060	0.038
0.843	0.076	0.030	0.051
0.871	0.039	0.071	0.019
0.830	0.057	0.072	0.041
0.820	0.065	0.064	0.051
0.096	0.841	0.030	0.033
0.117	0.761	0.036	0.086
0.132	0.119	0.676	0.073
0.064	0.763	0.075	0.098
>TCAAAACAAC	13-TCAAAACAAC	7.038292	-48.140616	0	T:628.0(10.25%),B:2969.2(6.96%),P:1e-20	Tpos:295.1,Tstd:242.6,Bpos:238.8,Bstd:145.1,StrandBias:-0.0,Multiplicity:1.07
0.001	0.025	0.057	0.917
0.001	0.790	0.172	0.037
0.997	0.001	0.001	0.001
0.924	0.001	0.009	0.066
0.879	0.001	0.001	0.119
0.922	0.006	0.071	0.001
0.001	0.997	0.001	0.001
0.861	0.109	0.001	0.029
0.939	0.001	0.059	0.001
0.070	0.847	0.051	0.032
>CAGCCAATCA	14-CAGCCAATCA	8.688925	-43.331814	0	T:395.0(6.45%),B:1708.4(4.00%),P:1e-18	Tpos:289.4,Tstd:243.3,Bpos:236.8,Bstd:144.5,StrandBias:-0.3,Multiplicity:1.06
0.075	0.899	0.025	0.001
0.919	0.001	0.001	0.079
0.078	0.307	0.614	0.001
0.001	0.897	0.001	0.101
0.001	0.997	0.001	0.001
0.982	0.001	0.016	0.001
0.628	0.311	0.060	0.001
0.066	0.001	0.114	0.819
0.001	0.519	0.336	0.144
0.680	0.022	0.297	0.001
>TGCGCATGCG	15-TGCGCATGCG	7.447752	-40.288507	0	T:388.0(6.33%),B:1703.4(3.99%),P:1e-17	Tpos:330.8,Tstd:250.7,Bpos:234.7,Bstd:159.8,StrandBias:-0.1,Multiplicity:1.23
0.046	0.111	0.114	0.729
0.014	0.117	0.784	0.085
0.112	0.848	0.014	0.026
0.032	0.047	0.901	0.020
0.051	0.831	0.068	0.050
0.800	0.075	0.033	0.092
0.101	0.039	0.049	0.811
0.061	0.118	0.788	0.033
0.083	0.752	0.035	0.130
0.079	0.102	0.765	0.054
>CGGTGGTTTC	16-CGGTGGTTTC	8.203940	-39.870520	0	T:383.0(6.25%),B:1680.2(3.94%),P:1e-17	Tpos:300.7,Tstd:275.6,Bpos:236.9,Bstd:146.3,StrandBias:-0.1,Multiplicity:1.06
0.066	0.923	0.009	0.002
0.025	0.135	0.607	0.233
0.001	0.001	0.997	0.001
0.001	0.049	0.130	0.820
0.048	0.001	0.891	0.060
0.114	0.187	0.656	0.043
0.007	0.013	0.001	0.979
0.001	0.180	0.060	0.759
0.380	0.002	0.070	0.548
0.020	0.856	0.123	0.001
>AGCTCCGCCT	17-AGCTCCGCCT	11.248386	-38.507950	0	T:66.0(1.08%),B:131.2(0.31%),P:1e-16	Tpos:315.9,Tstd:251.1,Bpos:246.1,Bstd:140.8,StrandBias:0.0,Multiplicity:1.00
0.997	0.001	0.001	0.001
0.001	0.225	0.773	0.001
0.001	0.997	0.001	0.001
0.001	0.001	0.001	0.997
0.267	0.635	0.001	0.097
0.001	0.997	0.001	0.001
0.001	0.001	0.997	0.001
0.001	0.997	0.001	0.001
0.001	0.997	0.001	0.001
0.001	0.001	0.001	0.997
>TTCTGAGTAA	18-TTCTGAGTAA	9.394505	-33.732064	0	T:183.0(2.99%),B:674.4(1.58%),P:1e-14	Tpos:320.4,Tstd:258.9,Bpos:232.8,Bstd:143.2,StrandBias:0.0,Multiplicity:1.03
0.001	0.079	0.054	0.866
0.007	0.001	0.083	0.909
0.033	0.955	0.011	0.001
0.016	0.001	0.001	0.982
0.012	0.011	0.956	0.021
0.985	0.001	0.001	0.013
0.001	0.112	0.870	0.017
0.099	0.017	0.182	0.702
0.899	0.001	0.062	0.038
0.900	0.001	0.057	0.042
>GGCGTGGCCT	19-GGCGTGGCCT	9.841910	-28.295123	0	T:64.0(1.04%),B:156.1(0.37%),P:1e-12	Tpos:271.1,Tstd:205.0,Bpos:241.2,Bstd:146.9,StrandBias:-0.2,Multiplicity:1.09
0.001	0.001	0.997	0.001
0.391	0.001	0.607	0.001
0.001	0.997	0.001	0.001
0.001	0.001	0.997	0.001
0.001	0.001	0.001	0.997
0.047	0.001	0.951	0.001
0.001	0.001	0.997	0.001
0.001	0.997	0.001	0.001
0.356	0.642	0.001	0.001
0.001	0.001	0.001	0.997
>KGCTAGCGRA	20-KGCTAGCGRA	8.352503	-26.334035	0	T:38.0(0.62%),B:67.1(0.16%),P:1e-11	Tpos:388.4,Tstd:250.9,Bpos:232.9,Bstd:139.3,StrandBias:0.0,Multiplicity:1.00
0.013	0.233	0.444	0.310
0.049	0.084	0.856	0.011
0.211	0.558	0.035	0.196
0.085	0.130	0.182	0.603
0.513	0.134	0.143	0.210
0.281	0.042	0.676	0.001
0.095	0.767	0.120	0.018
0.055	0.017	0.901	0.027
0.270	0.192	0.368	0.170
0.876	0.073	0.015	0.036
>GTTTAATCTA	21-GTTTAATCTA	8.958458	-26.071730	0	T:92.0(1.50%),B:286.6(0.67%),P:1e-11	Tpos:238.0,Tstd:180.8,Bpos:252.0,Bstd:140.6,StrandBias:-0.2,Multiplicity:1.01
0.001	0.044	0.888	0.067
0.081	0.001	0.031	0.887
0.015	0.013	0.013	0.959
0.001	0.001	0.001	0.997
0.782	0.044	0.173	0.001
0.806	0.061	0.049	0.084
0.001	0.001	0.001	0.997
0.008	0.990	0.001	0.001
0.039	0.001	0.074	0.886
0.884	0.025	0.090	0.001
>ACAGTCGTCK	22-ACAGTCGTCK	9.176677	-25.317421	0	T:71.0(1.16%),B:197.5(0.46%),P:1e-10	Tpos:314.9,Tstd:245.0,Bpos:239.4,Bstd:153.4,StrandBias:0.4,Multiplicity:1.00
0.993	0.001	0.001	0.005
0.155	0.689	0.155	0.001
0.791	0.001	0.207	0.001
0.001	0.001	0.844	0.154
0.001	0.253	0.007	0.739
0.001	0.952	0.031	0.016
0.070	0.001	0.928	0.001
0.001	0.001	0.004	0.994
0.001	0.997	0.001	0.001
0.001	0.001	0.530	0.468
>ACGTCAATTG	23-ACGTCAATTG	9.339457	-25.068590	0	T:34.0(0.55%),B:57.2(0.13%),P:1e-10	Tpos:296.0,Tstd:243.8,Bpos:246.0,Bstd:119.9,StrandBias:-0.4,Multiplicity:1.00
0.932	0.066	0.001	0.001
0.024	0.789	0.036	0.151
0.019	0.053	0.927	0.001
0.066	0.001	0.001	0.932
0.001	0.932	0.066	0.001
0.905	0.028	0.001	0.066
0.932	0.001	0.066	0.001
0.067	0.090	0.067	0.776
0.001	0.001	0.027	0.971
0.001	0.001	0.932	0.066
>TGATGTTACC	24-TGATGTTACC	6.404373	-9.947508	0	T:1517.0(24.76%),B:9659.0(22.64%),P:1e-4	Tpos:289.1,Tstd:244.7,Bpos:235.6,Bstd:138.2,StrandBias:0.1,Multiplicity:1.21
0.100	0.100	0.100	0.700
0.100	0.100	0.700	0.100
0.700	0.100	0.100	0.100
0.100	0.100	0.100	0.700
0.100	0.100	0.700	0.100
0.100	0.100	0.100	0.700
0.100	0.100	0.100	0.700
0.700	0.100	0.100	0.100
0.100	0.700	0.100	0.100
0.100	0.700	0.100	0.100
>AGGGGGATGA	25-AGGGGGATGA	10.689347	-7.500892	0	T:23.0(0.38%),B:73.9(0.17%),P:1e-3	Tpos:247.4,Tstd:210.4,Bpos:248.8,Bstd:135.2,StrandBias:-2.3,Multiplicity:2.25
0.997	0.001	0.001	0.001
0.001	0.001	0.997	0.001
0.001	0.001	0.997	0.001
0.001	0.001	0.997	0.001
0.001	0.001	0.997	0.001
0.001	0.001	0.997	0.001
0.955	0.001	0.043	0.001
0.001	0.001	0.001	0.997
0.001	0.001	0.997	0.001
0.997	0.001	0.001	0.001
