Factor1: 1.08447825830044
Factor2: 0.9221023956415387
