>VCCACTTCCTGT	1-VCCACTTCCTGT	8.079994	-233.468964	0	T:604.0(31.34%),B:5945.3(12.64%),P:1e-101	Tpos:294.4,Tstd:222.3,Bpos:238.7,Bstd:138.5,StrandBias:-0.2,Multiplicity:1.24
0.247	0.259	0.332	0.161
0.183	0.413	0.156	0.249
0.183	0.541	0.094	0.182
0.817	0.012	0.086	0.085
0.001	0.729	0.061	0.209
0.159	0.001	0.001	0.839
0.001	0.001	0.001	0.997
0.001	0.997	0.001	0.001
0.001	0.997	0.001	0.001
0.001	0.001	0.003	0.995
0.001	0.218	0.642	0.139
0.106	0.271	0.132	0.491
>AAACCACARASM	2-AAACCACARASM	7.065030	-158.199282	0	T:779.0(40.43%),B:10579.5(22.49%),P:1e-68	Tpos:286.0,Tstd:223.3,Bpos:237.8,Bstd:143.7,StrandBias:0.1,Multiplicity:1.38
0.501	0.184	0.098	0.217
0.698	0.058	0.128	0.116
0.615	0.188	0.196	0.001
0.009	0.989	0.001	0.001
0.001	0.997	0.001	0.001
0.895	0.063	0.001	0.041
0.057	0.824	0.072	0.047
0.962	0.036	0.001	0.001
0.371	0.121	0.362	0.146
0.460	0.174	0.207	0.159
0.181	0.383	0.268	0.168
0.361	0.373	0.122	0.144
>GCCCCGCCCTAD	3-GCCCCGCCCTAD	8.402686	-71.731768	0	T:344.0(17.85%),B:4350.1(9.25%),P:1e-31	Tpos:313.2,Tstd:248.5,Bpos:237.3,Bstd:147.1,StrandBias:-0.2,Multiplicity:1.27
0.193	0.001	0.728	0.078
0.001	0.891	0.107	0.001
0.063	0.715	0.024	0.198
0.122	0.876	0.001	0.001
0.028	0.935	0.036	0.001
0.409	0.007	0.570	0.014
0.001	0.997	0.001	0.001
0.001	0.869	0.090	0.040
0.001	0.997	0.001	0.001
0.246	0.161	0.001	0.592
0.476	0.147	0.179	0.197
0.206	0.169	0.301	0.324
>GCTTCCTGTGTG	4-GCTTCCTGTGTG	10.232287	-61.416369	0	T:113.0(5.86%),B:829.9(1.76%),P:1e-26	Tpos:295.9,Tstd:207.7,Bpos:233.1,Bstd:141.0,StrandBias:0.2,Multiplicity:1.07
0.001	0.001	0.970	0.028
0.056	0.568	0.087	0.289
0.001	0.001	0.001	0.997
0.096	0.026	0.058	0.820
0.044	0.935	0.020	0.001
0.001	0.997	0.001	0.001
0.166	0.001	0.001	0.832
0.001	0.220	0.778	0.001
0.069	0.001	0.001	0.929
0.001	0.108	0.638	0.253
0.122	0.001	0.112	0.765
0.120	0.001	0.638	0.241
>CCASYAGRKGGC	5-CCASYAGRKGGC	9.663930	-60.487753	0	T:87.0(4.51%),B:522.6(1.11%),P:1e-26	Tpos:274.4,Tstd:263.5,Bpos:231.5,Bstd:131.3,StrandBias:0.1,Multiplicity:1.01
0.365	0.559	0.025	0.051
0.031	0.916	0.030	0.023
0.715	0.019	0.021	0.245
0.176	0.439	0.360	0.025
0.210	0.437	0.056	0.297
0.812	0.018	0.082	0.088
0.061	0.070	0.840	0.029
0.402	0.046	0.518	0.034
0.172	0.016	0.449	0.362
0.295	0.007	0.634	0.064
0.026	0.039	0.750	0.185
0.343	0.579	0.045	0.033
>DSTGASTCAYHH	6-DSTGASTCAYHH	9.305471	-42.899359	0	T:133.0(6.90%),B:1360.9(2.89%),P:1e-18	Tpos:288.9,Tstd:235.6,Bpos:233.0,Bstd:134.6,StrandBias:0.1,Multiplicity:1.10
0.274	0.154	0.335	0.236
0.257	0.317	0.425	0.001
0.001	0.001	0.001	0.997
0.001	0.001	0.997	0.001
0.997	0.001	0.001	0.001
0.001	0.452	0.546	0.001
0.072	0.001	0.001	0.926
0.001	0.997	0.001	0.001
0.997	0.001	0.001	0.001
0.001	0.325	0.205	0.470
0.368	0.318	0.001	0.313
0.326	0.363	0.061	0.250
>GAAACCGAAACC	7-GAAACCGAAACC	8.205027	-42.866079	0	T:154.0(7.99%),B:1696.6(3.61%),P:1e-18	Tpos:290.0,Tstd:216.2,Bpos:244.7,Bstd:146.3,StrandBias:0.2,Multiplicity:1.12
0.028	0.084	0.814	0.074
0.956	0.019	0.001	0.024
0.875	0.050	0.025	0.050
0.872	0.001	0.078	0.049
0.069	0.855	0.075	0.001
0.167	0.712	0.001	0.120
0.109	0.044	0.712	0.135
0.861	0.025	0.040	0.074
0.853	0.033	0.094	0.020
0.876	0.099	0.001	0.024
0.084	0.765	0.101	0.050
0.036	0.854	0.001	0.109
>TCAGAACTGAAA	8-TCAGAACTGAAA	8.490091	-35.656995	0	T:107.0(5.55%),B:1078.8(2.29%),P:1e-15	Tpos:291.3,Tstd:211.0,Bpos:244.2,Bstd:146.2,StrandBias:-0.0,Multiplicity:1.04
0.141	0.066	0.166	0.627
0.121	0.586	0.165	0.128
0.720	0.005	0.055	0.220
0.192	0.110	0.611	0.087
0.656	0.177	0.108	0.059
0.674	0.068	0.146	0.112
0.158	0.572	0.169	0.101
0.240	0.025	0.005	0.730
0.070	0.134	0.676	0.120
0.684	0.119	0.111	0.086
0.637	0.163	0.122	0.078
0.642	0.106	0.128	0.124
>GACAGGAAGTGA	9-GACAGGAAGTGA	9.203744	-30.435895	0	T:114.0(5.92%),B:1285.2(2.73%),P:1e-13	Tpos:291.6,Tstd:230.5,Bpos:234.6,Bstd:141.7,StrandBias:0.3,Multiplicity:1.07
0.040	0.068	0.848	0.044
0.862	0.055	0.039	0.044
0.007	0.899	0.040	0.054
0.800	0.047	0.074	0.079
0.104	0.044	0.798	0.054
0.045	0.097	0.770	0.088
0.795	0.072	0.108	0.025
0.905	0.025	0.038	0.032
0.031	0.044	0.884	0.041
0.076	0.028	0.128	0.768
0.043	0.076	0.866	0.015
0.913	0.013	0.026	0.048
>TCCGCCCTTGGG	10-TCCGCCCTTGGG	9.966291	-29.176320	0	T:57.0(2.96%),B:445.3(0.95%),P:1e-12	Tpos:300.0,Tstd:252.2,Bpos:234.6,Bstd:141.5,StrandBias:0.1,Multiplicity:1.00
0.178	0.121	0.072	0.629
0.045	0.731	0.091	0.133
0.242	0.655	0.001	0.102
0.001	0.001	0.932	0.066
0.001	0.954	0.001	0.044
0.001	0.797	0.069	0.133
0.001	0.997	0.001	0.001
0.001	0.026	0.133	0.840
0.098	0.166	0.001	0.735
0.001	0.001	0.997	0.001
0.066	0.001	0.928	0.005
0.001	0.212	0.721	0.066
>GAAAGGGGAGTA	11-GAAAGGGGAGTA	13.147533	-27.999654	0	T:15.0(0.78%),B:26.4(0.06%),P:1e-12	Tpos:236.9,Tstd:223.6,Bpos:243.2,Bstd:118.6,StrandBias:0.2,Multiplicity:1.00
0.001	0.001	0.868	0.130
0.997	0.001	0.001	0.001
0.997	0.001	0.001	0.001
0.868	0.001	0.130	0.001
0.001	0.001	0.997	0.001
0.001	0.130	0.868	0.001
0.088	0.001	0.910	0.001
0.001	0.077	0.921	0.001
0.997	0.001	0.001	0.001
0.001	0.130	0.868	0.001
0.031	0.049	0.140	0.780
0.997	0.001	0.001	0.001
>GCCCCGCCYCCW	12-GCCCCGCCYCCW	8.246407	-27.629436	0	T:296.0(15.36%),B:4788.8(10.18%),P:1e-11	Tpos:312.8,Tstd:226.4,Bpos:241.8,Bstd:148.6,StrandBias:-0.0,Multiplicity:1.28
0.001	0.004	0.927	0.068
0.143	0.568	0.001	0.288
0.001	0.935	0.035	0.029
0.150	0.720	0.129	0.001
0.001	0.997	0.001	0.001
0.001	0.157	0.724	0.118
0.001	0.997	0.001	0.001
0.001	0.997	0.001	0.001
0.001	0.520	0.001	0.478
0.001	0.731	0.075	0.193
0.055	0.660	0.001	0.284
0.386	0.122	0.195	0.298
>CAACGGCTTTAC	13-CAACGGCTTTAC	11.147395	-24.064227	0	T:20.0(1.04%),B:70.0(0.15%),P:1e-10	Tpos:286.3,Tstd:229.2,Bpos:255.6,Bstd:137.6,StrandBias:-0.2,Multiplicity:1.00
0.001	0.770	0.153	0.076
0.989	0.009	0.001	0.001
0.938	0.060	0.001	0.001
0.266	0.596	0.077	0.061
0.214	0.001	0.579	0.206
0.001	0.001	0.997	0.001
0.001	0.867	0.001	0.131
0.001	0.001	0.001	0.997
0.001	0.076	0.001	0.922
0.001	0.128	0.001	0.870
0.795	0.128	0.001	0.076
0.077	0.693	0.077	0.153
>CCAAGAAGGCCG	14-CCAAGAAGGCCG	9.936834	-23.885465	0	T:46.0(2.39%),B:359.1(0.76%),P:1e-10	Tpos:370.0,Tstd:204.9,Bpos:222.4,Bstd:144.8,StrandBias:0.5,Multiplicity:1.12
0.092	0.815	0.001	0.092
0.185	0.779	0.001	0.035
0.834	0.092	0.001	0.073
0.629	0.093	0.149	0.129
0.001	0.184	0.814	0.001
0.964	0.034	0.001	0.001
0.760	0.166	0.073	0.001
0.092	0.001	0.896	0.011
0.011	0.144	0.844	0.001
0.001	0.906	0.001	0.092
0.035	0.837	0.001	0.127
0.001	0.001	0.944	0.054
>TCAAACTCTTCC	15-TCAAACTCTTCC	12.355432	-21.669455	0	T:6.0(0.31%),B:2.6(0.01%),P:1e-9	Tpos:213.0,Tstd:200.8,Bpos:417.7,Bstd:38.5,StrandBias:1.0,Multiplicity:1.00
0.100	0.100	0.100	0.700
0.100	0.700	0.100	0.100
0.700	0.100	0.100	0.100
0.700	0.100	0.100	0.100
0.700	0.100	0.100	0.100
0.100	0.700	0.100	0.100
0.100	0.100	0.100	0.700
0.100	0.700	0.100	0.100
0.100	0.100	0.100	0.700
0.100	0.100	0.100	0.700
0.100	0.700	0.100	0.100
0.100	0.700	0.100	0.100
>GACTCCDCCTGA	16-GACTCCDCCTGA	11.289060	-21.178085	0	T:21.0(1.09%),B:92.8(0.20%),P:1e-9	Tpos:263.2,Tstd:154.1,Bpos:261.0,Bstd:158.2,StrandBias:0.6,Multiplicity:1.25
0.098	0.001	0.900	0.001
0.997	0.001	0.001	0.001
0.001	0.997	0.001	0.001
0.001	0.001	0.066	0.932
0.001	0.830	0.102	0.067
0.202	0.796	0.001	0.001
0.264	0.147	0.364	0.225
0.173	0.825	0.001	0.001
0.001	0.997	0.001	0.001
0.001	0.001	0.001	0.997
0.001	0.001	0.932	0.066
0.997	0.001	0.001	0.001
>AGGTTCACCACA	17-AGGTTCACCACA	9.663505	-21.161808	0	T:44.0(2.28%),B:364.8(0.78%),P:1e-9	Tpos:249.2,Tstd:226.0,Bpos:236.2,Bstd:136.5,StrandBias:0.6,Multiplicity:1.00
0.798	0.031	0.128	0.043
0.048	0.001	0.921	0.030
0.088	0.054	0.773	0.085
0.048	0.031	0.049	0.872
0.060	0.110	0.128	0.702
0.001	0.904	0.026	0.069
0.835	0.095	0.016	0.054
0.035	0.776	0.076	0.113
0.056	0.890	0.031	0.023
0.817	0.069	0.052	0.062
0.023	0.927	0.027	0.023
0.791	0.083	0.046	0.080
>CCGTGACGTCAC	18-CCGTGACGTCAC	10.226101	-17.778211	0	T:34.0(1.76%),B:269.5(0.57%),P:1e-7	Tpos:206.0,Tstd:125.6,Bpos:247.2,Bstd:142.3,StrandBias:0.3,Multiplicity:1.12
0.001	0.671	0.168	0.160
0.095	0.639	0.174	0.092
0.039	0.147	0.749	0.065
0.001	0.001	0.001	0.997
0.001	0.001	0.997	0.001
0.934	0.001	0.064	0.001
0.088	0.704	0.065	0.143
0.001	0.065	0.869	0.065
0.064	0.001	0.001	0.934
0.001	0.997	0.001	0.001
0.997	0.001	0.001	0.001
0.065	0.519	0.104	0.312
>ACATCTCCGCCC	19-ACATCTCCGCCC	-4.114775	-14.983709	0	T:366.0(18.99%),B:6962.9(14.80%),P:1e-6	Tpos:310.4,Tstd:241.2,Bpos:237.4,Bstd:142.7,StrandBias:0.0,Multiplicity:1.23
0.941	0.001	0.057	0.001
0.001	0.997	0.001	0.001
0.997	0.001	0.001	0.001
0.001	0.001	0.001	0.997
0.001	0.997	0.001	0.001
0.001	0.001	0.001	0.997
0.001	0.997	0.001	0.001
0.001	0.997	0.001	0.001
0.001	0.001	0.997	0.001
0.001	0.997	0.001	0.001
0.001	0.997	0.001	0.001
0.001	0.997	0.001	0.001
>ACTAGCTATAGC	20-ACTAGCTATAGC	10.573200	-13.254789	0	T:4.0(0.21%),B:2.3(0.00%),P:1e-5	Tpos:121.8,Tstd:81.8,Bpos:186.9,Bstd:132.1,StrandBias:0.3,Multiplicity:3.00
0.997	0.001	0.001	0.001
0.001	0.997	0.001	0.001
0.001	0.001	0.001	0.997
0.997	0.001	0.001	0.001
0.100	0.001	0.879	0.020
0.001	0.997	0.001	0.001
0.001	0.001	0.001	0.997
0.997	0.001	0.001	0.001
0.001	0.001	0.001	0.997
0.997	0.001	0.001	0.001
0.001	0.001	0.997	0.001
0.120	0.878	0.001	0.001
>GATGTGTTAGAG	21-GATGTGTTAGAG	12.355432	-8.174884	0	T:3.0(0.16%),B:3.8(0.01%),P:1e-3	Tpos:407.8,Tstd:142.3,Bpos:250.2,Bstd:66.7,StrandBias:10.0,Multiplicity:8.33
0.100	0.100	0.700	0.100
0.700	0.100	0.100	0.100
0.100	0.100	0.100	0.700
0.100	0.100	0.700	0.100
0.100	0.100	0.100	0.700
0.100	0.100	0.700	0.100
0.100	0.100	0.100	0.700
0.100	0.100	0.100	0.700
0.700	0.100	0.100	0.100
0.100	0.100	0.700	0.100
0.700	0.100	0.100	0.100
0.100	0.100	0.700	0.100
>ACACCTGGGAGA	22-ACACCTGGGAGA	14.562261	-5.754405	0	T:3.0(0.16%),B:7.9(0.02%),P:1e-2	Tpos:197.6,Tstd:113.4,Bpos:191.6,Bstd:108.3,StrandBias:4.1,Multiplicity:6.00
0.868	0.001	0.001	0.130
0.001	0.997	0.001	0.001
0.997	0.001	0.001	0.001
0.001	0.997	0.001	0.001
0.001	0.997	0.001	0.001
0.001	0.001	0.001	0.997
0.001	0.001	0.997	0.001
0.001	0.001	0.997	0.001
0.001	0.001	0.997	0.001
0.997	0.001	0.001	0.001
0.001	0.001	0.997	0.001
0.997	0.001	0.001	0.001
>TTGGGCCTGACT	23-TTGGGCCTGACT	12.355432	-5.752190	0	T:2.0(0.10%),B:2.9(0.01%),P:1e-2	Tpos:424.9,Tstd:313.7,Bpos:263.4,Bstd:104.0,StrandBias:10.0,Multiplicity:4.00
0.100	0.100	0.100	0.700
0.100	0.100	0.100	0.700
0.100	0.100	0.700	0.100
0.100	0.100	0.700	0.100
0.100	0.100	0.700	0.100
0.100	0.700	0.100	0.100
0.100	0.700	0.100	0.100
0.100	0.100	0.100	0.700
0.100	0.100	0.700	0.100
0.700	0.100	0.100	0.100
0.100	0.700	0.100	0.100
0.100	0.100	0.100	0.700
>GGGTCACAGCAT	24-GGGTCACAGCAT	15.065364	-4.419888	0	T:2.0(0.10%),B:5.0(0.01%),P:1e-1	Tpos:417.4,Tstd:116.3,Bpos:188.0,Bstd:78.5,StrandBias:2.6,Multiplicity:3.50
0.001	0.215	0.783	0.001
0.001	0.001	0.997	0.001
0.001	0.001	0.997	0.001
0.001	0.001	0.001	0.997
0.001	0.997	0.001	0.001
0.997	0.001	0.001	0.001
0.001	0.997	0.001	0.001
0.997	0.001	0.001	0.001
0.001	0.001	0.997	0.001
0.001	0.997	0.001	0.001
0.997	0.001	0.001	0.001
0.001	0.001	0.001	0.997
>CTCTTCTCTACA	25-CTCTTCTCTACA	12.355432	-2.157390	0	T:1.0(0.05%),B:3.1(0.01%),P:1e0	Tpos:244.3,Tstd:145.1,Bpos:244.7,Bstd:118.3,StrandBias:10.0,Multiplicity:15.00
0.100	0.700	0.100	0.100
0.100	0.100	0.100	0.700
0.100	0.700	0.100	0.100
0.100	0.100	0.100	0.700
0.100	0.100	0.100	0.700
0.100	0.700	0.100	0.100
0.100	0.100	0.100	0.700
0.100	0.700	0.100	0.100
0.100	0.100	0.100	0.700
0.700	0.100	0.100	0.100
0.100	0.700	0.100	0.100
0.700	0.100	0.100	0.100
