>ACAGGAAGTG	1-ACAGGAAGTG	7.938345	-216.429283	0	T:501.0(26.00%),B:4527.8(9.62%),P:1e-93	Tpos:298.9,Tstd:218.7,Bpos:237.5,Bstd:139.8,StrandBias:0.2,Multiplicity:1.19
0.660	0.084	0.208	0.048
0.082	0.790	0.101	0.027
0.841	0.056	0.048	0.055
0.011	0.024	0.958	0.007
0.032	0.005	0.930	0.033
0.930	0.017	0.018	0.035
0.866	0.023	0.014	0.097
0.159	0.052	0.785	0.004
0.056	0.174	0.049	0.721
0.178	0.134	0.523	0.165
>YTGTGGTTTH	2-YTGTGGTTTH	6.832147	-183.577548	0	T:796.0(41.31%),B:10345.2(21.99%),P:1e-79	Tpos:288.4,Tstd:224.4,Bpos:239.0,Bstd:141.8,StrandBias:-0.1,Multiplicity:1.40
0.149	0.404	0.123	0.324
0.050	0.006	0.074	0.870
0.012	0.028	0.946	0.014
0.120	0.068	0.030	0.782
0.003	0.001	0.995	0.001
0.001	0.001	0.997	0.001
0.001	0.129	0.171	0.699
0.080	0.134	0.050	0.736
0.120	0.056	0.214	0.610
0.344	0.237	0.191	0.228
>AAACCACARA	3-AAACCACARA	7.120382	-100.136078	0	T:515.0(26.73%),B:6826.7(14.51%),P:1e-43	Tpos:285.5,Tstd:243.0,Bpos:237.8,Bstd:145.1,StrandBias:0.2,Multiplicity:1.16
0.645	0.118	0.066	0.171
0.730	0.250	0.001	0.019
0.884	0.114	0.001	0.001
0.055	0.943	0.001	0.001
0.001	0.875	0.001	0.123
0.537	0.051	0.183	0.229
0.072	0.786	0.030	0.112
0.636	0.154	0.025	0.185
0.452	0.024	0.470	0.053
0.997	0.001	0.001	0.001
>GGGCGGRGCT	4-GGGCGGRGCT	7.764099	-66.583289	0	T:385.0(19.98%),B:5237.5(11.13%),P:1e-28	Tpos:303.8,Tstd:234.7,Bpos:237.4,Bstd:152.2,StrandBias:0.0,Multiplicity:1.54
0.185	0.008	0.796	0.011
0.002	0.019	0.966	0.013
0.003	0.045	0.916	0.036
0.102	0.715	0.032	0.151
0.027	0.002	0.947	0.024
0.022	0.006	0.822	0.150
0.488	0.011	0.471	0.030
0.212	0.064	0.599	0.125
0.065	0.592	0.064	0.279
0.091	0.236	0.142	0.531
>VAGGAAATGB	5-VAGGAAATGB	8.785064	-65.726468	0	T:201.0(10.43%),B:2042.9(4.34%),P:1e-28	Tpos:319.9,Tstd:244.5,Bpos:236.2,Bstd:137.2,StrandBias:0.2,Multiplicity:1.09
0.244	0.307	0.335	0.115
0.728	0.110	0.161	0.001
0.001	0.001	0.997	0.001
0.001	0.001	0.987	0.011
0.964	0.001	0.001	0.034
0.841	0.054	0.092	0.013
0.962	0.001	0.001	0.036
0.001	0.201	0.001	0.797
0.145	0.001	0.729	0.125
0.123	0.277	0.248	0.351
>AGGGTGTGGC	6-AGGGTGTGGC	8.520371	-61.951504	0	T:220.0(11.42%),B:2414.6(5.13%),P:1e-26	Tpos:289.5,Tstd:208.2,Bpos:235.6,Bstd:140.1,StrandBias:0.2,Multiplicity:1.07
0.895	0.026	0.001	0.078
0.121	0.004	0.874	0.001
0.001	0.036	0.962	0.001
0.191	0.123	0.685	0.001
0.098	0.023	0.001	0.878
0.001	0.001	0.804	0.194
0.152	0.157	0.131	0.560
0.001	0.071	0.857	0.071
0.278	0.022	0.670	0.030
0.132	0.523	0.134	0.211
>CTMCTTCCGG	7-CTMCTTCCGG	7.888408	-53.480913	0	T:182.0(9.44%),B:1952.8(4.15%),P:1e-23	Tpos:313.4,Tstd:225.2,Bpos:234.7,Bstd:152.6,StrandBias:-0.5,Multiplicity:1.09
0.001	0.908	0.001	0.090
0.191	0.216	0.143	0.450
0.371	0.489	0.139	0.001
0.234	0.764	0.001	0.001
0.001	0.111	0.079	0.809
0.039	0.001	0.037	0.923
0.245	0.711	0.043	0.001
0.001	0.997	0.001	0.001
0.001	0.001	0.923	0.075
0.035	0.291	0.673	0.001
>AAACCGAAAC	8-AAACCGAAAC	9.268418	-46.877755	0	T:110.0(5.71%),B:957.2(2.03%),P:1e-20	Tpos:298.9,Tstd:253.1,Bpos:237.4,Bstd:144.3,StrandBias:-0.2,Multiplicity:1.05
0.942	0.001	0.056	0.001
0.933	0.029	0.037	0.001
0.910	0.032	0.001	0.057
0.151	0.824	0.024	0.001
0.168	0.717	0.001	0.114
0.001	0.129	0.869	0.001
0.864	0.001	0.134	0.001
0.984	0.001	0.014	0.001
0.997	0.001	0.001	0.001
0.001	0.997	0.001	0.001
>TRTGASTCAC	9-TRTGASTCAC	7.368589	-45.530307	0	T:343.0(17.80%),B:5059.5(10.75%),P:1e-19	Tpos:289.4,Tstd:226.3,Bpos:234.8,Bstd:137.0,StrandBias:0.1,Multiplicity:1.17
0.241	0.094	0.180	0.485
0.342	0.170	0.455	0.033
0.001	0.001	0.001	0.997
0.001	0.001	0.997	0.001
0.818	0.001	0.180	0.001
0.230	0.333	0.436	0.001
0.001	0.001	0.001	0.997
0.100	0.643	0.001	0.256
0.997	0.001	0.001	0.001
0.106	0.484	0.116	0.294
>YAACCACAGG	10-YAACCACAGG	7.735766	-41.723368	0	T:266.0(13.80%),B:3704.4(7.87%),P:1e-18	Tpos:278.3,Tstd:220.9,Bpos:234.9,Bstd:141.8,StrandBias:0.2,Multiplicity:1.05
0.001	0.487	0.001	0.511
0.636	0.242	0.074	0.048
0.864	0.001	0.001	0.134
0.102	0.896	0.001	0.001
0.274	0.570	0.155	0.001
0.815	0.143	0.041	0.001
0.070	0.785	0.144	0.001
0.874	0.015	0.001	0.110
0.001	0.330	0.668	0.001
0.001	0.001	0.810	0.188
>AAACCACAGC	11-AAACCACAGC	6.663085	-36.543504	0	T:625.0(32.43%),B:11366.4(24.16%),P:1e-15	Tpos:295.2,Tstd:233.4,Bpos:236.6,Bstd:144.6,StrandBias:0.1,Multiplicity:1.15
0.810	0.034	0.098	0.058
0.770	0.078	0.109	0.043
0.848	0.039	0.052	0.061
0.072	0.774	0.100	0.054
0.058	0.861	0.035	0.046
0.803	0.077	0.058	0.062
0.127	0.733	0.056	0.084
0.736	0.016	0.093	0.155
0.091	0.057	0.789	0.063
0.001	0.882	0.066	0.051
>TTGTSGYCAC	12-TTGTSGYCAC	8.377108	-36.293142	0	T:114.0(5.92%),B:1176.6(2.50%),P:1e-15	Tpos:318.8,Tstd:267.6,Bpos:231.4,Bstd:144.5,StrandBias:-0.3,Multiplicity:1.02
0.035	0.160	0.206	0.599
0.029	0.077	0.056	0.838
0.046	0.129	0.815	0.010
0.064	0.029	0.043	0.864
0.007	0.550	0.430	0.013
0.020	0.001	0.959	0.020
0.044	0.428	0.039	0.488
0.038	0.937	0.024	0.001
0.554	0.061	0.072	0.313
0.128	0.594	0.169	0.109
>AAACSACAAA	13-AAACSACAAA	8.608026	-30.318982	0	T:170.0(8.82%),B:2259.2(4.80%),P:1e-13	Tpos:296.1,Tstd:250.9,Bpos:239.5,Bstd:150.7,StrandBias:0.2,Multiplicity:1.07
0.928	0.001	0.070	0.001
0.871	0.001	0.001	0.127
0.913	0.001	0.001	0.085
0.187	0.747	0.065	0.001
0.107	0.440	0.367	0.086
0.856	0.078	0.065	0.001
0.010	0.911	0.078	0.001
0.630	0.078	0.291	0.001
0.837	0.161	0.001	0.001
0.860	0.001	0.138	0.001
>TATGACGTCA	14-TATGACGTCA	7.571534	-23.762894	0	T:130.0(6.75%),B:1718.0(3.65%),P:1e-10	Tpos:256.6,Tstd:173.7,Bpos:242.5,Bstd:143.1,StrandBias:0.2,Multiplicity:1.08
0.216	0.140	0.122	0.522
0.568	0.189	0.193	0.050
0.103	0.001	0.136	0.760
0.001	0.059	0.939	0.001
0.869	0.001	0.001	0.129
0.033	0.904	0.040	0.023
0.105	0.002	0.813	0.080
0.001	0.022	0.001	0.976
0.191	0.710	0.001	0.098
0.946	0.052	0.001	0.001
>CCTTATSACA	15-CCTTATSACA	9.609123	-22.979798	0	T:45.0(2.34%),B:356.8(0.76%),P:1e-9	Tpos:280.3,Tstd:192.9,Bpos:239.1,Bstd:140.2,StrandBias:-0.3,Multiplicity:1.05
0.214	0.755	0.001	0.030
0.128	0.862	0.001	0.009
0.031	0.001	0.001	0.967
0.001	0.001	0.092	0.906
0.778	0.001	0.202	0.019
0.111	0.189	0.104	0.596
0.001	0.449	0.549	0.001
0.861	0.001	0.001	0.137
0.001	0.829	0.085	0.085
0.862	0.073	0.011	0.054
>TGACGTATTT	16-TGACGTATTT	9.899839	-21.804691	0	T:29.0(1.50%),B:170.1(0.36%),P:1e-9	Tpos:233.6,Tstd:174.7,Bpos:241.4,Bstd:139.2,StrandBias:-0.7,Multiplicity:1.00
0.001	0.122	0.001	0.876
0.050	0.040	0.850	0.060
0.997	0.001	0.001	0.001
0.084	0.892	0.001	0.023
0.052	0.001	0.946	0.001
0.073	0.059	0.001	0.867
0.682	0.001	0.221	0.096
0.001	0.001	0.059	0.939
0.001	0.001	0.001	0.997
0.001	0.001	0.001	0.997
>TTNMGKTCTG	17-TTNMGKTCTG	7.776262	-21.718358	0	T:199.0(10.33%),B:3089.1(6.57%),P:1e-9	Tpos:277.4,Tstd:207.2,Bpos:238.9,Bstd:143.7,StrandBias:0.0,Multiplicity:1.06
0.125	0.114	0.001	0.760
0.012	0.167	0.001	0.820
0.202	0.325	0.219	0.254
0.456	0.392	0.001	0.151
0.001	0.128	0.870	0.001
0.001	0.074	0.524	0.401
0.001	0.001	0.001	0.997
0.001	0.997	0.001	0.001
0.001	0.319	0.151	0.529
0.001	0.001	0.997	0.001
>CTATTCTAGT	18-CTATTCTAGT	7.487638	-19.061165	0	T:48.0(2.49%),B:449.9(0.96%),P:1e-8	Tpos:252.2,Tstd:178.7,Bpos:243.7,Bstd:134.3,StrandBias:0.0,Multiplicity:1.00
0.121	0.797	0.048	0.034
0.045	0.188	0.053	0.714
0.606	0.176	0.192	0.026
0.286	0.009	0.184	0.521
0.020	0.032	0.189	0.759
0.309	0.495	0.172	0.024
0.138	0.159	0.241	0.462
0.809	0.014	0.153	0.024
0.132	0.230	0.523	0.115
0.161	0.202	0.050	0.587
>AAACCACATA	19-AAACCACATA	7.239748	-17.482140	0	T:185.0(9.60%),B:2985.6(6.35%),P:1e-7	Tpos:309.2,Tstd:229.9,Bpos:234.9,Bstd:142.0,StrandBias:-0.1,Multiplicity:1.05
0.647	0.190	0.009	0.154
0.751	0.140	0.062	0.047
0.701	0.149	0.072	0.078
0.058	0.855	0.045	0.042
0.067	0.727	0.063	0.143
0.871	0.072	0.001	0.056
0.104	0.708	0.146	0.042
0.769	0.001	0.186	0.044
0.001	0.023	0.001	0.975
0.997	0.001	0.001	0.001
>ATCTCGCGCA	20-ATCTCGCGCA	10.979871	-17.395627	0	T:8.0(0.42%),B:11.2(0.02%),P:1e-7	Tpos:266.9,Tstd:149.2,Bpos:233.1,Bstd:85.9,StrandBias:0.0,Multiplicity:1.25
0.997	0.001	0.001	0.001
0.001	0.001	0.001	0.997
0.001	0.997	0.001	0.001
0.001	0.001	0.001	0.997
0.001	0.930	0.001	0.068
0.001	0.001	0.997	0.001
0.001	0.997	0.001	0.001
0.155	0.001	0.843	0.001
0.001	0.997	0.001	0.001
0.997	0.001	0.001	0.001
>AAACCACGAG	21-AAACCACGAG	9.041776	-17.301429	0	T:54.0(2.80%),B:569.5(1.21%),P:1e-7	Tpos:295.9,Tstd:265.3,Bpos:241.6,Bstd:143.9,StrandBias:0.6,Multiplicity:1.00
0.888	0.030	0.015	0.067
0.603	0.112	0.108	0.177
0.605	0.152	0.229	0.014
0.003	0.988	0.001	0.008
0.095	0.865	0.001	0.039
0.512	0.266	0.166	0.056
0.111	0.764	0.068	0.057
0.003	0.311	0.643	0.043
0.912	0.027	0.041	0.020
0.026	0.001	0.972	0.001
>GAACCAGACA	22-GAACCAGACA	9.604899	-12.256635	0	T:67.0(3.48%),B:904.1(1.92%),P:1e-5	Tpos:286.6,Tstd:222.6,Bpos:239.2,Bstd:140.7,StrandBias:1.0,Multiplicity:1.03
0.076	0.001	0.751	0.172
0.997	0.001	0.001	0.001
0.974	0.024	0.001	0.001
0.001	0.812	0.074	0.113
0.001	0.997	0.001	0.001
0.838	0.001	0.160	0.001
0.244	0.001	0.653	0.102
0.791	0.075	0.133	0.001
0.001	0.711	0.217	0.071
0.910	0.088	0.001	0.001
>CTGTGGCTTT	23-CTGTGGCTTT	9.850393	-9.616213	0	T:79.0(4.10%),B:1217.2(2.59%),P:1e-4	Tpos:313.4,Tstd:178.8,Bpos:234.4,Bstd:142.3,StrandBias:-0.4,Multiplicity:1.05
0.001	0.997	0.001	0.001
0.073	0.068	0.001	0.858
0.001	0.001	0.997	0.001
0.001	0.001	0.023	0.975
0.001	0.001	0.997	0.001
0.123	0.050	0.808	0.019
0.021	0.977	0.001	0.001
0.213	0.033	0.216	0.538
0.017	0.142	0.001	0.840
0.001	0.001	0.001	0.997
>GTGTTAGAGG	24-GTGTTAGAGG	10.296193	-5.369251	0	T:6.0(0.31%),B:37.2(0.08%),P:1e-2	Tpos:389.4,Tstd:151.2,Bpos:238.9,Bstd:127.0,StrandBias:4.8,Multiplicity:4.67
0.100	0.100	0.700	0.100
0.100	0.100	0.100	0.700
0.100	0.100	0.700	0.100
0.100	0.100	0.100	0.700
0.100	0.100	0.100	0.700
0.700	0.100	0.100	0.100
0.100	0.100	0.700	0.100
0.700	0.100	0.100	0.100
0.100	0.100	0.700	0.100
0.100	0.100	0.700	0.100
>GTCAGTCAGG	25-GTCAGTCAGG	10.296193	-1.521794	0	T:5.0(0.26%),B:78.8(0.17%),P:1e0	Tpos:330.8,Tstd:134.9,Bpos:246.0,Bstd:141.7,StrandBias:-2.8,Multiplicity:3.20
0.100	0.100	0.700	0.100
0.100	0.100	0.100	0.700
0.100	0.700	0.100	0.100
0.700	0.100	0.100	0.100
0.100	0.100	0.700	0.100
0.100	0.100	0.100	0.700
0.100	0.700	0.100	0.100
0.700	0.100	0.100	0.100
0.100	0.100	0.700	0.100
0.100	0.100	0.700	0.100
>VCCACTTCCTGT	1-VCCACTTCCTGT	8.079994	-233.468964	0	T:604.0(31.34%),B:5945.3(12.64%),P:1e-101	Tpos:294.4,Tstd:222.3,Bpos:238.7,Bstd:138.5,StrandBias:-0.2,Multiplicity:1.24
0.247	0.259	0.332	0.161
0.183	0.413	0.156	0.249
0.183	0.541	0.094	0.182
0.817	0.012	0.086	0.085
0.001	0.729	0.061	0.209
0.159	0.001	0.001	0.839
0.001	0.001	0.001	0.997
0.001	0.997	0.001	0.001
0.001	0.997	0.001	0.001
0.001	0.001	0.003	0.995
0.001	0.218	0.642	0.139
0.106	0.271	0.132	0.491
>AAACCACARASM	2-AAACCACARASM	7.065030	-158.199282	0	T:779.0(40.43%),B:10579.5(22.49%),P:1e-68	Tpos:286.0,Tstd:223.3,Bpos:237.8,Bstd:143.7,StrandBias:0.1,Multiplicity:1.38
0.501	0.184	0.098	0.217
0.698	0.058	0.128	0.116
0.615	0.188	0.196	0.001
0.009	0.989	0.001	0.001
0.001	0.997	0.001	0.001
0.895	0.063	0.001	0.041
0.057	0.824	0.072	0.047
0.962	0.036	0.001	0.001
0.371	0.121	0.362	0.146
0.460	0.174	0.207	0.159
0.181	0.383	0.268	0.168
0.361	0.373	0.122	0.144
>GCCCCGCCCTAD	3-GCCCCGCCCTAD	8.402686	-71.731768	0	T:344.0(17.85%),B:4350.1(9.25%),P:1e-31	Tpos:313.2,Tstd:248.5,Bpos:237.3,Bstd:147.1,StrandBias:-0.2,Multiplicity:1.27
0.193	0.001	0.728	0.078
0.001	0.891	0.107	0.001
0.063	0.715	0.024	0.198
0.122	0.876	0.001	0.001
0.028	0.935	0.036	0.001
0.409	0.007	0.570	0.014
0.001	0.997	0.001	0.001
0.001	0.869	0.090	0.040
0.001	0.997	0.001	0.001
0.246	0.161	0.001	0.592
0.476	0.147	0.179	0.197
0.206	0.169	0.301	0.324
>GCTTCCTGTGTG	4-GCTTCCTGTGTG	10.232287	-61.416369	0	T:113.0(5.86%),B:829.9(1.76%),P:1e-26	Tpos:295.9,Tstd:207.7,Bpos:233.1,Bstd:141.0,StrandBias:0.2,Multiplicity:1.07
0.001	0.001	0.970	0.028
0.056	0.568	0.087	0.289
0.001	0.001	0.001	0.997
0.096	0.026	0.058	0.820
0.044	0.935	0.020	0.001
0.001	0.997	0.001	0.001
0.166	0.001	0.001	0.832
0.001	0.220	0.778	0.001
0.069	0.001	0.001	0.929
0.001	0.108	0.638	0.253
0.122	0.001	0.112	0.765
0.120	0.001	0.638	0.241
>CCASYAGRKGGC	5-CCASYAGRKGGC	9.663930	-60.487753	0	T:87.0(4.51%),B:522.6(1.11%),P:1e-26	Tpos:274.4,Tstd:263.5,Bpos:231.5,Bstd:131.3,StrandBias:0.1,Multiplicity:1.01
0.365	0.559	0.025	0.051
0.031	0.916	0.030	0.023
0.715	0.019	0.021	0.245
0.176	0.439	0.360	0.025
0.210	0.437	0.056	0.297
0.812	0.018	0.082	0.088
0.061	0.070	0.840	0.029
0.402	0.046	0.518	0.034
0.172	0.016	0.449	0.362
0.295	0.007	0.634	0.064
0.026	0.039	0.750	0.185
0.343	0.579	0.045	0.033
>DSTGASTCAYHH	6-DSTGASTCAYHH	9.305471	-42.899359	0	T:133.0(6.90%),B:1360.9(2.89%),P:1e-18	Tpos:288.9,Tstd:235.6,Bpos:233.0,Bstd:134.6,StrandBias:0.1,Multiplicity:1.10
0.274	0.154	0.335	0.236
0.257	0.317	0.425	0.001
0.001	0.001	0.001	0.997
0.001	0.001	0.997	0.001
0.997	0.001	0.001	0.001
0.001	0.452	0.546	0.001
0.072	0.001	0.001	0.926
0.001	0.997	0.001	0.001
0.997	0.001	0.001	0.001
0.001	0.325	0.205	0.470
0.368	0.318	0.001	0.313
0.326	0.363	0.061	0.250
>GAAACCGAAACC	7-GAAACCGAAACC	8.205027	-42.866079	0	T:154.0(7.99%),B:1696.6(3.61%),P:1e-18	Tpos:290.0,Tstd:216.2,Bpos:244.7,Bstd:146.3,StrandBias:0.2,Multiplicity:1.12
0.028	0.084	0.814	0.074
0.956	0.019	0.001	0.024
0.875	0.050	0.025	0.050
0.872	0.001	0.078	0.049
0.069	0.855	0.075	0.001
0.167	0.712	0.001	0.120
0.109	0.044	0.712	0.135
0.861	0.025	0.040	0.074
0.853	0.033	0.094	0.020
0.876	0.099	0.001	0.024
0.084	0.765	0.101	0.050
0.036	0.854	0.001	0.109
>TCAGAACTGAAA	8-TCAGAACTGAAA	8.490091	-35.656995	0	T:107.0(5.55%),B:1078.8(2.29%),P:1e-15	Tpos:291.3,Tstd:211.0,Bpos:244.2,Bstd:146.2,StrandBias:-0.0,Multiplicity:1.04
0.141	0.066	0.166	0.627
0.121	0.586	0.165	0.128
0.720	0.005	0.055	0.220
0.192	0.110	0.611	0.087
0.656	0.177	0.108	0.059
0.674	0.068	0.146	0.112
0.158	0.572	0.169	0.101
0.240	0.025	0.005	0.730
0.070	0.134	0.676	0.120
0.684	0.119	0.111	0.086
0.637	0.163	0.122	0.078
0.642	0.106	0.128	0.124
>GACAGGAAGTGA	9-GACAGGAAGTGA	9.203744	-30.435895	0	T:114.0(5.92%),B:1285.2(2.73%),P:1e-13	Tpos:291.6,Tstd:230.5,Bpos:234.6,Bstd:141.7,StrandBias:0.3,Multiplicity:1.07
0.040	0.068	0.848	0.044
0.862	0.055	0.039	0.044
0.007	0.899	0.040	0.054
0.800	0.047	0.074	0.079
0.104	0.044	0.798	0.054
0.045	0.097	0.770	0.088
0.795	0.072	0.108	0.025
0.905	0.025	0.038	0.032
0.031	0.044	0.884	0.041
0.076	0.028	0.128	0.768
0.043	0.076	0.866	0.015
0.913	0.013	0.026	0.048
>TCCGCCCTTGGG	10-TCCGCCCTTGGG	9.966291	-29.176320	0	T:57.0(2.96%),B:445.3(0.95%),P:1e-12	Tpos:300.0,Tstd:252.2,Bpos:234.6,Bstd:141.5,StrandBias:0.1,Multiplicity:1.00
0.178	0.121	0.072	0.629
0.045	0.731	0.091	0.133
0.242	0.655	0.001	0.102
0.001	0.001	0.932	0.066
0.001	0.954	0.001	0.044
0.001	0.797	0.069	0.133
0.001	0.997	0.001	0.001
0.001	0.026	0.133	0.840
0.098	0.166	0.001	0.735
0.001	0.001	0.997	0.001
0.066	0.001	0.928	0.005
0.001	0.212	0.721	0.066
>GAAAGGGGAGTA	11-GAAAGGGGAGTA	13.147533	-27.999654	0	T:15.0(0.78%),B:26.4(0.06%),P:1e-12	Tpos:236.9,Tstd:223.6,Bpos:243.2,Bstd:118.6,StrandBias:0.2,Multiplicity:1.00
0.001	0.001	0.868	0.130
0.997	0.001	0.001	0.001
0.997	0.001	0.001	0.001
0.868	0.001	0.130	0.001
0.001	0.001	0.997	0.001
0.001	0.130	0.868	0.001
0.088	0.001	0.910	0.001
0.001	0.077	0.921	0.001
0.997	0.001	0.001	0.001
0.001	0.130	0.868	0.001
0.031	0.049	0.140	0.780
0.997	0.001	0.001	0.001
>GCCCCGCCYCCW	12-GCCCCGCCYCCW	8.246407	-27.629436	0	T:296.0(15.36%),B:4788.8(10.18%),P:1e-11	Tpos:312.8,Tstd:226.4,Bpos:241.8,Bstd:148.6,StrandBias:-0.0,Multiplicity:1.28
0.001	0.004	0.927	0.068
0.143	0.568	0.001	0.288
0.001	0.935	0.035	0.029
0.150	0.720	0.129	0.001
0.001	0.997	0.001	0.001
0.001	0.157	0.724	0.118
0.001	0.997	0.001	0.001
0.001	0.997	0.001	0.001
0.001	0.520	0.001	0.478
0.001	0.731	0.075	0.193
0.055	0.660	0.001	0.284
0.386	0.122	0.195	0.298
>CAACGGCTTTAC	13-CAACGGCTTTAC	11.147395	-24.064227	0	T:20.0(1.04%),B:70.0(0.15%),P:1e-10	Tpos:286.3,Tstd:229.2,Bpos:255.6,Bstd:137.6,StrandBias:-0.2,Multiplicity:1.00
0.001	0.770	0.153	0.076
0.989	0.009	0.001	0.001
0.938	0.060	0.001	0.001
0.266	0.596	0.077	0.061
0.214	0.001	0.579	0.206
0.001	0.001	0.997	0.001
0.001	0.867	0.001	0.131
0.001	0.001	0.001	0.997
0.001	0.076	0.001	0.922
0.001	0.128	0.001	0.870
0.795	0.128	0.001	0.076
0.077	0.693	0.077	0.153
>CCAAGAAGGCCG	14-CCAAGAAGGCCG	9.936834	-23.885465	0	T:46.0(2.39%),B:359.1(0.76%),P:1e-10	Tpos:370.0,Tstd:204.9,Bpos:222.4,Bstd:144.8,StrandBias:0.5,Multiplicity:1.12
0.092	0.815	0.001	0.092
0.185	0.779	0.001	0.035
0.834	0.092	0.001	0.073
0.629	0.093	0.149	0.129
0.001	0.184	0.814	0.001
0.964	0.034	0.001	0.001
0.760	0.166	0.073	0.001
0.092	0.001	0.896	0.011
0.011	0.144	0.844	0.001
0.001	0.906	0.001	0.092
0.035	0.837	0.001	0.127
0.001	0.001	0.944	0.054
>TCAAACTCTTCC	15-TCAAACTCTTCC	12.355432	-21.669455	0	T:6.0(0.31%),B:2.6(0.01%),P:1e-9	Tpos:213.0,Tstd:200.8,Bpos:417.7,Bstd:38.5,StrandBias:1.0,Multiplicity:1.00
0.100	0.100	0.100	0.700
0.100	0.700	0.100	0.100
0.700	0.100	0.100	0.100
0.700	0.100	0.100	0.100
0.700	0.100	0.100	0.100
0.100	0.700	0.100	0.100
0.100	0.100	0.100	0.700
0.100	0.700	0.100	0.100
0.100	0.100	0.100	0.700
0.100	0.100	0.100	0.700
0.100	0.700	0.100	0.100
0.100	0.700	0.100	0.100
>GACTCCDCCTGA	16-GACTCCDCCTGA	11.289060	-21.178085	0	T:21.0(1.09%),B:92.8(0.20%),P:1e-9	Tpos:263.2,Tstd:154.1,Bpos:261.0,Bstd:158.2,StrandBias:0.6,Multiplicity:1.25
0.098	0.001	0.900	0.001
0.997	0.001	0.001	0.001
0.001	0.997	0.001	0.001
0.001	0.001	0.066	0.932
0.001	0.830	0.102	0.067
0.202	0.796	0.001	0.001
0.264	0.147	0.364	0.225
0.173	0.825	0.001	0.001
0.001	0.997	0.001	0.001
0.001	0.001	0.001	0.997
0.001	0.001	0.932	0.066
0.997	0.001	0.001	0.001
>AGGTTCACCACA	17-AGGTTCACCACA	9.663505	-21.161808	0	T:44.0(2.28%),B:364.8(0.78%),P:1e-9	Tpos:249.2,Tstd:226.0,Bpos:236.2,Bstd:136.5,StrandBias:0.6,Multiplicity:1.00
0.798	0.031	0.128	0.043
0.048	0.001	0.921	0.030
0.088	0.054	0.773	0.085
0.048	0.031	0.049	0.872
0.060	0.110	0.128	0.702
0.001	0.904	0.026	0.069
0.835	0.095	0.016	0.054
0.035	0.776	0.076	0.113
0.056	0.890	0.031	0.023
0.817	0.069	0.052	0.062
0.023	0.927	0.027	0.023
0.791	0.083	0.046	0.080
>CCGTGACGTCAC	18-CCGTGACGTCAC	10.226101	-17.778211	0	T:34.0(1.76%),B:269.5(0.57%),P:1e-7	Tpos:206.0,Tstd:125.6,Bpos:247.2,Bstd:142.3,StrandBias:0.3,Multiplicity:1.12
0.001	0.671	0.168	0.160
0.095	0.639	0.174	0.092
0.039	0.147	0.749	0.065
0.001	0.001	0.001	0.997
0.001	0.001	0.997	0.001
0.934	0.001	0.064	0.001
0.088	0.704	0.065	0.143
0.001	0.065	0.869	0.065
0.064	0.001	0.001	0.934
0.001	0.997	0.001	0.001
0.997	0.001	0.001	0.001
0.065	0.519	0.104	0.312
>ACATCTCCGCCC	19-ACATCTCCGCCC	-4.114775	-14.983709	0	T:366.0(18.99%),B:6962.9(14.80%),P:1e-6	Tpos:310.4,Tstd:241.2,Bpos:237.4,Bstd:142.7,StrandBias:0.0,Multiplicity:1.23
0.941	0.001	0.057	0.001
0.001	0.997	0.001	0.001
0.997	0.001	0.001	0.001
0.001	0.001	0.001	0.997
0.001	0.997	0.001	0.001
0.001	0.001	0.001	0.997
0.001	0.997	0.001	0.001
0.001	0.997	0.001	0.001
0.001	0.001	0.997	0.001
0.001	0.997	0.001	0.001
0.001	0.997	0.001	0.001
0.001	0.997	0.001	0.001
>ACTAGCTATAGC	20-ACTAGCTATAGC	10.573200	-13.254789	0	T:4.0(0.21%),B:2.3(0.00%),P:1e-5	Tpos:121.8,Tstd:81.8,Bpos:186.9,Bstd:132.1,StrandBias:0.3,Multiplicity:3.00
0.997	0.001	0.001	0.001
0.001	0.997	0.001	0.001
0.001	0.001	0.001	0.997
0.997	0.001	0.001	0.001
0.100	0.001	0.879	0.020
0.001	0.997	0.001	0.001
0.001	0.001	0.001	0.997
0.997	0.001	0.001	0.001
0.001	0.001	0.001	0.997
0.997	0.001	0.001	0.001
0.001	0.001	0.997	0.001
0.120	0.878	0.001	0.001
>GATGTGTTAGAG	21-GATGTGTTAGAG	12.355432	-8.174884	0	T:3.0(0.16%),B:3.8(0.01%),P:1e-3	Tpos:407.8,Tstd:142.3,Bpos:250.2,Bstd:66.7,StrandBias:10.0,Multiplicity:8.33
0.100	0.100	0.700	0.100
0.700	0.100	0.100	0.100
0.100	0.100	0.100	0.700
0.100	0.100	0.700	0.100
0.100	0.100	0.100	0.700
0.100	0.100	0.700	0.100
0.100	0.100	0.100	0.700
0.100	0.100	0.100	0.700
0.700	0.100	0.100	0.100
0.100	0.100	0.700	0.100
0.700	0.100	0.100	0.100
0.100	0.100	0.700	0.100
>ACACCTGGGAGA	22-ACACCTGGGAGA	14.562261	-5.754405	0	T:3.0(0.16%),B:7.9(0.02%),P:1e-2	Tpos:197.6,Tstd:113.4,Bpos:191.6,Bstd:108.3,StrandBias:4.1,Multiplicity:6.00
0.868	0.001	0.001	0.130
0.001	0.997	0.001	0.001
0.997	0.001	0.001	0.001
0.001	0.997	0.001	0.001
0.001	0.997	0.001	0.001
0.001	0.001	0.001	0.997
0.001	0.001	0.997	0.001
0.001	0.001	0.997	0.001
0.001	0.001	0.997	0.001
0.997	0.001	0.001	0.001
0.001	0.001	0.997	0.001
0.997	0.001	0.001	0.001
>TTGGGCCTGACT	23-TTGGGCCTGACT	12.355432	-5.752190	0	T:2.0(0.10%),B:2.9(0.01%),P:1e-2	Tpos:424.9,Tstd:313.7,Bpos:263.4,Bstd:104.0,StrandBias:10.0,Multiplicity:4.00
0.100	0.100	0.100	0.700
0.100	0.100	0.100	0.700
0.100	0.100	0.700	0.100
0.100	0.100	0.700	0.100
0.100	0.100	0.700	0.100
0.100	0.700	0.100	0.100
0.100	0.700	0.100	0.100
0.100	0.100	0.100	0.700
0.100	0.100	0.700	0.100
0.700	0.100	0.100	0.100
0.100	0.700	0.100	0.100
0.100	0.100	0.100	0.700
>GGGTCACAGCAT	24-GGGTCACAGCAT	15.065364	-4.419888	0	T:2.0(0.10%),B:5.0(0.01%),P:1e-1	Tpos:417.4,Tstd:116.3,Bpos:188.0,Bstd:78.5,StrandBias:2.6,Multiplicity:3.50
0.001	0.215	0.783	0.001
0.001	0.001	0.997	0.001
0.001	0.001	0.997	0.001
0.001	0.001	0.001	0.997
0.001	0.997	0.001	0.001
0.997	0.001	0.001	0.001
0.001	0.997	0.001	0.001
0.997	0.001	0.001	0.001
0.001	0.001	0.997	0.001
0.001	0.997	0.001	0.001
0.997	0.001	0.001	0.001
0.001	0.001	0.001	0.997
>CTCTTCTCTACA	25-CTCTTCTCTACA	12.355432	-2.157390	0	T:1.0(0.05%),B:3.1(0.01%),P:1e0	Tpos:244.3,Tstd:145.1,Bpos:244.7,Bstd:118.3,StrandBias:10.0,Multiplicity:15.00
0.100	0.700	0.100	0.100
0.100	0.100	0.100	0.700
0.100	0.700	0.100	0.100
0.100	0.100	0.100	0.700
0.100	0.100	0.100	0.700
0.100	0.700	0.100	0.100
0.100	0.100	0.100	0.700
0.100	0.700	0.100	0.100
0.100	0.100	0.100	0.700
0.700	0.100	0.100	0.100
0.100	0.700	0.100	0.100
0.700	0.100	0.100	0.100
>CAGGAAGT	1-CAGGAAGT	6.621165	-198.072661	0	T:836.0(43.38%),B:10831.8(23.02%),P:1e-86	Tpos:298.0,Tstd:220.4,Bpos:239.3,Bstd:142.2,StrandBias:0.2,Multiplicity:1.40
0.096	0.588	0.263	0.053
0.587	0.295	0.071	0.047
0.001	0.047	0.941	0.011
0.096	0.062	0.835	0.007
0.897	0.016	0.067	0.020
0.793	0.026	0.020	0.161
0.294	0.041	0.649	0.016
0.001	0.202	0.077	0.720
>TGTGGTTT	2-TGTGGTTT	6.696484	-163.017330	0	T:715.0(37.10%),B:9203.7(19.56%),P:1e-70	Tpos:294.7,Tstd:228.8,Bpos:240.1,Bstd:145.8,StrandBias:-0.0,Multiplicity:1.38
0.047	0.012	0.042	0.899
0.001	0.001	0.997	0.001
0.076	0.023	0.001	0.900
0.001	0.001	0.997	0.001
0.001	0.001	0.997	0.001
0.001	0.087	0.039	0.873
0.029	0.079	0.001	0.891
0.069	0.027	0.129	0.775
>TTCGGTTT	3-TTCGGTTT	5.148523	-59.293139	0	T:824.0(42.76%),B:14706.4(31.26%),P:1e-25	Tpos:304.5,Tstd:240.1,Bpos:238.5,Bstd:148.2,StrandBias:-0.2,Multiplicity:1.42
0.112	0.103	0.101	0.684
0.059	0.114	0.129	0.698
0.070	0.663	0.069	0.198
0.064	0.123	0.812	0.001
0.055	0.052	0.825	0.068
0.064	0.075	0.121	0.740
0.057	0.074	0.059	0.810
0.082	0.114	0.030	0.774
>ATGACTCA	4-ATGACTCA	7.433520	-49.295672	0	T:225.0(11.68%),B:2762.5(5.87%),P:1e-21	Tpos:267.8,Tstd:214.0,Bpos:233.8,Bstd:138.5,StrandBias:-0.1,Multiplicity:1.11
0.789	0.001	0.209	0.001
0.001	0.001	0.001	0.997
0.001	0.001	0.933	0.065
0.997	0.001	0.001	0.001
0.001	0.779	0.219	0.001
0.001	0.001	0.049	0.949
0.001	0.997	0.001	0.001
0.927	0.001	0.071	0.001
>TTACCACA	5-TTACCACA	7.019097	-48.783400	0	T:291.0(15.10%),B:3968.3(8.43%),P:1e-21	Tpos:272.8,Tstd:204.4,Bpos:238.4,Bstd:142.1,StrandBias:-0.1,Multiplicity:1.13
0.001	0.078	0.001	0.920
0.001	0.232	0.171	0.596
0.936	0.001	0.027	0.036
0.001	0.997	0.001	0.001
0.001	0.977	0.002	0.020
0.953	0.030	0.016	0.001
0.014	0.945	0.001	0.040
0.895	0.014	0.004	0.087
>GGTGCGAA	6-GGTGCGAA	6.806292	-43.630594	0	T:278.0(14.43%),B:3873.4(8.23%),P:1e-18	Tpos:286.3,Tstd:207.1,Bpos:239.8,Bstd:147.9,StrandBias:-0.4,Multiplicity:1.09
0.029	0.011	0.959	0.001
0.001	0.058	0.940	0.001
0.001	0.039	0.051	0.909
0.001	0.001	0.997	0.001
0.215	0.514	0.001	0.270
0.001	0.079	0.890	0.030
0.952	0.001	0.037	0.010
0.997	0.001	0.001	0.001
>RGGCGGRA	7-RGGCGGRA	5.797969	-37.152005	0	T:476.0(24.70%),B:8102.8(17.22%),P:1e-16	Tpos:317.0,Tstd:223.7,Bpos:238.1,Bstd:155.2,StrandBias:0.0,Multiplicity:1.85
0.432	0.001	0.566	0.001
0.001	0.001	0.997	0.001
0.001	0.001	0.997	0.001
0.001	0.997	0.001	0.001
0.001	0.001	0.997	0.001
0.001	0.001	0.789	0.209
0.483	0.001	0.515	0.001
0.635	0.001	0.029	0.335
>CTGTGGCY	8-CTGTGGCY	8.902453	-35.281685	0	T:364.0(18.89%),B:5853.3(12.44%),P:1e-15	Tpos:308.3,Tstd:251.3,Bpos:235.4,Bstd:141.1,StrandBias:0.2,Multiplicity:1.13
0.001	0.624	0.001	0.374
0.001	0.001	0.001	0.997
0.001	0.001	0.997	0.001
0.001	0.001	0.001	0.997
0.001	0.001	0.997	0.001
0.001	0.001	0.997	0.001
0.001	0.997	0.001	0.001
0.028	0.456	0.183	0.333
>CAGGAAGG	9-CAGGAAGG	9.080281	-29.556736	0	T:306.0(15.88%),B:4910.3(10.44%),P:1e-12	Tpos:295.9,Tstd:231.2,Bpos:239.9,Bstd:140.6,StrandBias:0.1,Multiplicity:1.11
0.001	0.997	0.001	0.001
0.672	0.326	0.001	0.001
0.001	0.001	0.997	0.001
0.001	0.001	0.997	0.001
0.997	0.001	0.001	0.001
0.997	0.001	0.001	0.001
0.001	0.001	0.997	0.001
0.203	0.001	0.795	0.001
>HGTGACGT	10-HGTGACGT	6.430068	-28.271567	0	T:245.0(12.71%),B:3744.7(7.96%),P:1e-12	Tpos:282.0,Tstd:219.0,Bpos:240.3,Bstd:151.9,StrandBias:0.1,Multiplicity:1.13
0.268	0.329	0.167	0.236
0.221	0.001	0.600	0.178
0.021	0.001	0.001	0.977
0.033	0.156	0.783	0.028
0.875	0.005	0.119	0.001
0.001	0.997	0.001	0.001
0.034	0.027	0.919	0.020
0.154	0.199	0.001	0.646
>CGATTGGC	11-CGATTGGC	7.441375	-22.130271	0	T:155.0(8.04%),B:2226.6(4.73%),P:1e-9	Tpos:277.6,Tstd:217.8,Bpos:236.2,Bstd:142.6,StrandBias:0.3,Multiplicity:1.16
0.001	0.849	0.001	0.149
0.073	0.107	0.616	0.204
0.997	0.001	0.001	0.001
0.029	0.079	0.001	0.891
0.001	0.001	0.001	0.997
0.001	0.001	0.997	0.001
0.021	0.017	0.939	0.023
0.129	0.797	0.014	0.060
>AAAGCGCG	12-AAAGCGCG	7.312457	-20.604925	0	T:154.0(7.99%),B:2258.5(4.80%),P:1e-8	Tpos:297.1,Tstd:246.5,Bpos:239.0,Bstd:158.6,StrandBias:-0.1,Multiplicity:1.16
0.691	0.086	0.144	0.079
0.939	0.001	0.059	0.001
0.938	0.001	0.035	0.026
0.001	0.001	0.985	0.013
0.068	0.833	0.098	0.001
0.001	0.070	0.928	0.001
0.062	0.912	0.001	0.025
0.032	0.111	0.796	0.061
>AAATGAAA	13-AAATGAAA	8.906926	-19.616188	0	T:199.0(10.33%),B:3174.8(6.75%),P:1e-8	Tpos:310.5,Tstd:223.3,Bpos:240.7,Bstd:143.0,StrandBias:-0.3,Multiplicity:1.09
0.997	0.001	0.001	0.001
0.864	0.134	0.001	0.001
0.997	0.001	0.001	0.001
0.001	0.001	0.001	0.997
0.001	0.001	0.997	0.001
0.856	0.001	0.001	0.142
0.997	0.001	0.001	0.001
0.997	0.001	0.001	0.001
>CYCGCTAA	14-CYCGCTAA	6.715534	-18.487400	0	T:145.0(7.52%),B:2160.2(4.59%),P:1e-8	Tpos:333.4,Tstd:215.7,Bpos:239.5,Bstd:144.6,StrandBias:-0.4,Multiplicity:1.26
0.186	0.709	0.089	0.016
0.002	0.438	0.266	0.294
0.132	0.573	0.276	0.019
0.001	0.109	0.654	0.236
0.108	0.766	0.125	0.001
0.074	0.246	0.009	0.671
0.653	0.001	0.250	0.096
0.997	0.001	0.001	0.001
>ATCGGCCT	15-ATCGGCCT	8.267479	-18.205059	0	T:44.0(2.28%),B:404.0(0.86%),P:1e-7	Tpos:316.5,Tstd:200.3,Bpos:246.0,Bstd:142.4,StrandBias:0.1,Multiplicity:1.20
0.997	0.001	0.001	0.001
0.001	0.001	0.001	0.997
0.001	0.997	0.001	0.001
0.001	0.001	0.997	0.001
0.001	0.001	0.997	0.001
0.001	0.752	0.001	0.246
0.246	0.638	0.115	0.001
0.001	0.001	0.001	0.997
>GGTATATA	16-GGTATATA	8.236954	-14.873033	0	T:27.0(1.40%),B:209.6(0.45%),P:1e-6	Tpos:257.4,Tstd:205.4,Bpos:237.4,Bstd:136.1,StrandBias:-0.1,Multiplicity:1.00
0.100	0.100	0.700	0.100
0.100	0.100	0.700	0.100
0.100	0.100	0.100	0.700
0.700	0.100	0.100	0.100
0.100	0.100	0.100	0.700
0.700	0.100	0.100	0.100
0.100	0.100	0.100	0.700
0.700	0.100	0.100	0.100
