>CAGGAAGT	1-CAGGAAGT	6.621165	-198.072661	0	T:836.0(43.38%),B:10831.8(23.02%),P:1e-86	Tpos:298.0,Tstd:220.4,Bpos:239.3,Bstd:142.2,StrandBias:0.2,Multiplicity:1.40
0.096	0.588	0.263	0.053
0.587	0.295	0.071	0.047
0.001	0.047	0.941	0.011
0.096	0.062	0.835	0.007
0.897	0.016	0.067	0.020
0.793	0.026	0.020	0.161
0.294	0.041	0.649	0.016
0.001	0.202	0.077	0.720
>TGTGGTTT	2-TGTGGTTT	6.696484	-163.017330	0	T:715.0(37.10%),B:9203.7(19.56%),P:1e-70	Tpos:294.7,Tstd:228.8,Bpos:240.1,Bstd:145.8,StrandBias:-0.0,Multiplicity:1.38
0.047	0.012	0.042	0.899
0.001	0.001	0.997	0.001
0.076	0.023	0.001	0.900
0.001	0.001	0.997	0.001
0.001	0.001	0.997	0.001
0.001	0.087	0.039	0.873
0.029	0.079	0.001	0.891
0.069	0.027	0.129	0.775
>TTCGGTTT	3-TTCGGTTT	5.148523	-59.293139	0	T:824.0(42.76%),B:14706.4(31.26%),P:1e-25	Tpos:304.5,Tstd:240.1,Bpos:238.5,Bstd:148.2,StrandBias:-0.2,Multiplicity:1.42
0.112	0.103	0.101	0.684
0.059	0.114	0.129	0.698
0.070	0.663	0.069	0.198
0.064	0.123	0.812	0.001
0.055	0.052	0.825	0.068
0.064	0.075	0.121	0.740
0.057	0.074	0.059	0.810
0.082	0.114	0.030	0.774
>ATGACTCA	4-ATGACTCA	7.433520	-49.295672	0	T:225.0(11.68%),B:2762.5(5.87%),P:1e-21	Tpos:267.8,Tstd:214.0,Bpos:233.8,Bstd:138.5,StrandBias:-0.1,Multiplicity:1.11
0.789	0.001	0.209	0.001
0.001	0.001	0.001	0.997
0.001	0.001	0.933	0.065
0.997	0.001	0.001	0.001
0.001	0.779	0.219	0.001
0.001	0.001	0.049	0.949
0.001	0.997	0.001	0.001
0.927	0.001	0.071	0.001
>TTACCACA	5-TTACCACA	7.019097	-48.783400	0	T:291.0(15.10%),B:3968.3(8.43%),P:1e-21	Tpos:272.8,Tstd:204.4,Bpos:238.4,Bstd:142.1,StrandBias:-0.1,Multiplicity:1.13
0.001	0.078	0.001	0.920
0.001	0.232	0.171	0.596
0.936	0.001	0.027	0.036
0.001	0.997	0.001	0.001
0.001	0.977	0.002	0.020
0.953	0.030	0.016	0.001
0.014	0.945	0.001	0.040
0.895	0.014	0.004	0.087
>GGTGCGAA	6-GGTGCGAA	6.806292	-43.630594	0	T:278.0(14.43%),B:3873.4(8.23%),P:1e-18	Tpos:286.3,Tstd:207.1,Bpos:239.8,Bstd:147.9,StrandBias:-0.4,Multiplicity:1.09
0.029	0.011	0.959	0.001
0.001	0.058	0.940	0.001
0.001	0.039	0.051	0.909
0.001	0.001	0.997	0.001
0.215	0.514	0.001	0.270
0.001	0.079	0.890	0.030
0.952	0.001	0.037	0.010
0.997	0.001	0.001	0.001
>RGGCGGRA	7-RGGCGGRA	5.797969	-37.152005	0	T:476.0(24.70%),B:8102.8(17.22%),P:1e-16	Tpos:317.0,Tstd:223.7,Bpos:238.1,Bstd:155.2,StrandBias:0.0,Multiplicity:1.85
0.432	0.001	0.566	0.001
0.001	0.001	0.997	0.001
0.001	0.001	0.997	0.001
0.001	0.997	0.001	0.001
0.001	0.001	0.997	0.001
0.001	0.001	0.789	0.209
0.483	0.001	0.515	0.001
0.635	0.001	0.029	0.335
>CTGTGGCY	8-CTGTGGCY	8.902453	-35.281685	0	T:364.0(18.89%),B:5853.3(12.44%),P:1e-15	Tpos:308.3,Tstd:251.3,Bpos:235.4,Bstd:141.1,StrandBias:0.2,Multiplicity:1.13
0.001	0.624	0.001	0.374
0.001	0.001	0.001	0.997
0.001	0.001	0.997	0.001
0.001	0.001	0.001	0.997
0.001	0.001	0.997	0.001
0.001	0.001	0.997	0.001
0.001	0.997	0.001	0.001
0.028	0.456	0.183	0.333
>CAGGAAGG	9-CAGGAAGG	9.080281	-29.556736	0	T:306.0(15.88%),B:4910.3(10.44%),P:1e-12	Tpos:295.9,Tstd:231.2,Bpos:239.9,Bstd:140.6,StrandBias:0.1,Multiplicity:1.11
0.001	0.997	0.001	0.001
0.672	0.326	0.001	0.001
0.001	0.001	0.997	0.001
0.001	0.001	0.997	0.001
0.997	0.001	0.001	0.001
0.997	0.001	0.001	0.001
0.001	0.001	0.997	0.001
0.203	0.001	0.795	0.001
>HGTGACGT	10-HGTGACGT	6.430068	-28.271567	0	T:245.0(12.71%),B:3744.7(7.96%),P:1e-12	Tpos:282.0,Tstd:219.0,Bpos:240.3,Bstd:151.9,StrandBias:0.1,Multiplicity:1.13
0.268	0.329	0.167	0.236
0.221	0.001	0.600	0.178
0.021	0.001	0.001	0.977
0.033	0.156	0.783	0.028
0.875	0.005	0.119	0.001
0.001	0.997	0.001	0.001
0.034	0.027	0.919	0.020
0.154	0.199	0.001	0.646
>CGATTGGC	11-CGATTGGC	7.441375	-22.130271	0	T:155.0(8.04%),B:2226.6(4.73%),P:1e-9	Tpos:277.6,Tstd:217.8,Bpos:236.2,Bstd:142.6,StrandBias:0.3,Multiplicity:1.16
0.001	0.849	0.001	0.149
0.073	0.107	0.616	0.204
0.997	0.001	0.001	0.001
0.029	0.079	0.001	0.891
0.001	0.001	0.001	0.997
0.001	0.001	0.997	0.001
0.021	0.017	0.939	0.023
0.129	0.797	0.014	0.060
>AAAGCGCG	12-AAAGCGCG	7.312457	-20.604925	0	T:154.0(7.99%),B:2258.5(4.80%),P:1e-8	Tpos:297.1,Tstd:246.5,Bpos:239.0,Bstd:158.6,StrandBias:-0.1,Multiplicity:1.16
0.691	0.086	0.144	0.079
0.939	0.001	0.059	0.001
0.938	0.001	0.035	0.026
0.001	0.001	0.985	0.013
0.068	0.833	0.098	0.001
0.001	0.070	0.928	0.001
0.062	0.912	0.001	0.025
0.032	0.111	0.796	0.061
>AAATGAAA	13-AAATGAAA	8.906926	-19.616188	0	T:199.0(10.33%),B:3174.8(6.75%),P:1e-8	Tpos:310.5,Tstd:223.3,Bpos:240.7,Bstd:143.0,StrandBias:-0.3,Multiplicity:1.09
0.997	0.001	0.001	0.001
0.864	0.134	0.001	0.001
0.997	0.001	0.001	0.001
0.001	0.001	0.001	0.997
0.001	0.001	0.997	0.001
0.856	0.001	0.001	0.142
0.997	0.001	0.001	0.001
0.997	0.001	0.001	0.001
>CYCGCTAA	14-CYCGCTAA	6.715534	-18.487400	0	T:145.0(7.52%),B:2160.2(4.59%),P:1e-8	Tpos:333.4,Tstd:215.7,Bpos:239.5,Bstd:144.6,StrandBias:-0.4,Multiplicity:1.26
0.186	0.709	0.089	0.016
0.002	0.438	0.266	0.294
0.132	0.573	0.276	0.019
0.001	0.109	0.654	0.236
0.108	0.766	0.125	0.001
0.074	0.246	0.009	0.671
0.653	0.001	0.250	0.096
0.997	0.001	0.001	0.001
>ATCGGCCT	15-ATCGGCCT	8.267479	-18.205059	0	T:44.0(2.28%),B:404.0(0.86%),P:1e-7	Tpos:316.5,Tstd:200.3,Bpos:246.0,Bstd:142.4,StrandBias:0.1,Multiplicity:1.20
0.997	0.001	0.001	0.001
0.001	0.001	0.001	0.997
0.001	0.997	0.001	0.001
0.001	0.001	0.997	0.001
0.001	0.001	0.997	0.001
0.001	0.752	0.001	0.246
0.246	0.638	0.115	0.001
0.001	0.001	0.001	0.997
>GGTATATA	16-GGTATATA	8.236954	-14.873033	0	T:27.0(1.40%),B:209.6(0.45%),P:1e-6	Tpos:257.4,Tstd:205.4,Bpos:237.4,Bstd:136.1,StrandBias:-0.1,Multiplicity:1.00
0.100	0.100	0.700	0.100
0.100	0.100	0.700	0.100
0.100	0.100	0.100	0.700
0.700	0.100	0.100	0.100
0.100	0.100	0.100	0.700
0.700	0.100	0.100	0.100
0.100	0.100	0.100	0.700
0.700	0.100	0.100	0.100
