>ACAGGAAGTG	1-ACAGGAAGTG	7.938345	-216.429283	0	T:501.0(26.00%),B:4527.8(9.62%),P:1e-93	Tpos:298.9,Tstd:218.7,Bpos:237.5,Bstd:139.8,StrandBias:0.2,Multiplicity:1.19
0.660	0.084	0.208	0.048
0.082	0.790	0.101	0.027
0.841	0.056	0.048	0.055
0.011	0.024	0.958	0.007
0.032	0.005	0.930	0.033
0.930	0.017	0.018	0.035
0.866	0.023	0.014	0.097
0.159	0.052	0.785	0.004
0.056	0.174	0.049	0.721
0.178	0.134	0.523	0.165
>YTGTGGTTTH	2-YTGTGGTTTH	6.832147	-183.577548	0	T:796.0(41.31%),B:10345.2(21.99%),P:1e-79	Tpos:288.4,Tstd:224.4,Bpos:239.0,Bstd:141.8,StrandBias:-0.1,Multiplicity:1.40
0.149	0.404	0.123	0.324
0.050	0.006	0.074	0.870
0.012	0.028	0.946	0.014
0.120	0.068	0.030	0.782
0.003	0.001	0.995	0.001
0.001	0.001	0.997	0.001
0.001	0.129	0.171	0.699
0.080	0.134	0.050	0.736
0.120	0.056	0.214	0.610
0.344	0.237	0.191	0.228
>AAACCACARA	3-AAACCACARA	7.120382	-100.136078	0	T:515.0(26.73%),B:6826.7(14.51%),P:1e-43	Tpos:285.5,Tstd:243.0,Bpos:237.8,Bstd:145.1,StrandBias:0.2,Multiplicity:1.16
0.645	0.118	0.066	0.171
0.730	0.250	0.001	0.019
0.884	0.114	0.001	0.001
0.055	0.943	0.001	0.001
0.001	0.875	0.001	0.123
0.537	0.051	0.183	0.229
0.072	0.786	0.030	0.112
0.636	0.154	0.025	0.185
0.452	0.024	0.470	0.053
0.997	0.001	0.001	0.001
>GGGCGGRGCT	4-GGGCGGRGCT	7.764099	-66.583289	0	T:385.0(19.98%),B:5237.5(11.13%),P:1e-28	Tpos:303.8,Tstd:234.7,Bpos:237.4,Bstd:152.2,StrandBias:0.0,Multiplicity:1.54
0.185	0.008	0.796	0.011
0.002	0.019	0.966	0.013
0.003	0.045	0.916	0.036
0.102	0.715	0.032	0.151
0.027	0.002	0.947	0.024
0.022	0.006	0.822	0.150
0.488	0.011	0.471	0.030
0.212	0.064	0.599	0.125
0.065	0.592	0.064	0.279
0.091	0.236	0.142	0.531
>VAGGAAATGB	5-VAGGAAATGB	8.785064	-65.726468	0	T:201.0(10.43%),B:2042.9(4.34%),P:1e-28	Tpos:319.9,Tstd:244.5,Bpos:236.2,Bstd:137.2,StrandBias:0.2,Multiplicity:1.09
0.244	0.307	0.335	0.115
0.728	0.110	0.161	0.001
0.001	0.001	0.997	0.001
0.001	0.001	0.987	0.011
0.964	0.001	0.001	0.034
0.841	0.054	0.092	0.013
0.962	0.001	0.001	0.036
0.001	0.201	0.001	0.797
0.145	0.001	0.729	0.125
0.123	0.277	0.248	0.351
>AGGGTGTGGC	6-AGGGTGTGGC	8.520371	-61.951504	0	T:220.0(11.42%),B:2414.6(5.13%),P:1e-26	Tpos:289.5,Tstd:208.2,Bpos:235.6,Bstd:140.1,StrandBias:0.2,Multiplicity:1.07
0.895	0.026	0.001	0.078
0.121	0.004	0.874	0.001
0.001	0.036	0.962	0.001
0.191	0.123	0.685	0.001
0.098	0.023	0.001	0.878
0.001	0.001	0.804	0.194
0.152	0.157	0.131	0.560
0.001	0.071	0.857	0.071
0.278	0.022	0.670	0.030
0.132	0.523	0.134	0.211
>CTMCTTCCGG	7-CTMCTTCCGG	7.888408	-53.480913	0	T:182.0(9.44%),B:1952.8(4.15%),P:1e-23	Tpos:313.4,Tstd:225.2,Bpos:234.7,Bstd:152.6,StrandBias:-0.5,Multiplicity:1.09
0.001	0.908	0.001	0.090
0.191	0.216	0.143	0.450
0.371	0.489	0.139	0.001
0.234	0.764	0.001	0.001
0.001	0.111	0.079	0.809
0.039	0.001	0.037	0.923
0.245	0.711	0.043	0.001
0.001	0.997	0.001	0.001
0.001	0.001	0.923	0.075
0.035	0.291	0.673	0.001
>AAACCGAAAC	8-AAACCGAAAC	9.268418	-46.877755	0	T:110.0(5.71%),B:957.2(2.03%),P:1e-20	Tpos:298.9,Tstd:253.1,Bpos:237.4,Bstd:144.3,StrandBias:-0.2,Multiplicity:1.05
0.942	0.001	0.056	0.001
0.933	0.029	0.037	0.001
0.910	0.032	0.001	0.057
0.151	0.824	0.024	0.001
0.168	0.717	0.001	0.114
0.001	0.129	0.869	0.001
0.864	0.001	0.134	0.001
0.984	0.001	0.014	0.001
0.997	0.001	0.001	0.001
0.001	0.997	0.001	0.001
>TRTGASTCAC	9-TRTGASTCAC	7.368589	-45.530307	0	T:343.0(17.80%),B:5059.5(10.75%),P:1e-19	Tpos:289.4,Tstd:226.3,Bpos:234.8,Bstd:137.0,StrandBias:0.1,Multiplicity:1.17
0.241	0.094	0.180	0.485
0.342	0.170	0.455	0.033
0.001	0.001	0.001	0.997
0.001	0.001	0.997	0.001
0.818	0.001	0.180	0.001
0.230	0.333	0.436	0.001
0.001	0.001	0.001	0.997
0.100	0.643	0.001	0.256
0.997	0.001	0.001	0.001
0.106	0.484	0.116	0.294
>YAACCACAGG	10-YAACCACAGG	7.735766	-41.723368	0	T:266.0(13.80%),B:3704.4(7.87%),P:1e-18	Tpos:278.3,Tstd:220.9,Bpos:234.9,Bstd:141.8,StrandBias:0.2,Multiplicity:1.05
0.001	0.487	0.001	0.511
0.636	0.242	0.074	0.048
0.864	0.001	0.001	0.134
0.102	0.896	0.001	0.001
0.274	0.570	0.155	0.001
0.815	0.143	0.041	0.001
0.070	0.785	0.144	0.001
0.874	0.015	0.001	0.110
0.001	0.330	0.668	0.001
0.001	0.001	0.810	0.188
>AAACCACAGC	11-AAACCACAGC	6.663085	-36.543504	0	T:625.0(32.43%),B:11366.4(24.16%),P:1e-15	Tpos:295.2,Tstd:233.4,Bpos:236.6,Bstd:144.6,StrandBias:0.1,Multiplicity:1.15
0.810	0.034	0.098	0.058
0.770	0.078	0.109	0.043
0.848	0.039	0.052	0.061
0.072	0.774	0.100	0.054
0.058	0.861	0.035	0.046
0.803	0.077	0.058	0.062
0.127	0.733	0.056	0.084
0.736	0.016	0.093	0.155
0.091	0.057	0.789	0.063
0.001	0.882	0.066	0.051
>TTGTSGYCAC	12-TTGTSGYCAC	8.377108	-36.293142	0	T:114.0(5.92%),B:1176.6(2.50%),P:1e-15	Tpos:318.8,Tstd:267.6,Bpos:231.4,Bstd:144.5,StrandBias:-0.3,Multiplicity:1.02
0.035	0.160	0.206	0.599
0.029	0.077	0.056	0.838
0.046	0.129	0.815	0.010
0.064	0.029	0.043	0.864
0.007	0.550	0.430	0.013
0.020	0.001	0.959	0.020
0.044	0.428	0.039	0.488
0.038	0.937	0.024	0.001
0.554	0.061	0.072	0.313
0.128	0.594	0.169	0.109
>AAACSACAAA	13-AAACSACAAA	8.608026	-30.318982	0	T:170.0(8.82%),B:2259.2(4.80%),P:1e-13	Tpos:296.1,Tstd:250.9,Bpos:239.5,Bstd:150.7,StrandBias:0.2,Multiplicity:1.07
0.928	0.001	0.070	0.001
0.871	0.001	0.001	0.127
0.913	0.001	0.001	0.085
0.187	0.747	0.065	0.001
0.107	0.440	0.367	0.086
0.856	0.078	0.065	0.001
0.010	0.911	0.078	0.001
0.630	0.078	0.291	0.001
0.837	0.161	0.001	0.001
0.860	0.001	0.138	0.001
>TATGACGTCA	14-TATGACGTCA	7.571534	-23.762894	0	T:130.0(6.75%),B:1718.0(3.65%),P:1e-10	Tpos:256.6,Tstd:173.7,Bpos:242.5,Bstd:143.1,StrandBias:0.2,Multiplicity:1.08
0.216	0.140	0.122	0.522
0.568	0.189	0.193	0.050
0.103	0.001	0.136	0.760
0.001	0.059	0.939	0.001
0.869	0.001	0.001	0.129
0.033	0.904	0.040	0.023
0.105	0.002	0.813	0.080
0.001	0.022	0.001	0.976
0.191	0.710	0.001	0.098
0.946	0.052	0.001	0.001
>CCTTATSACA	15-CCTTATSACA	9.609123	-22.979798	0	T:45.0(2.34%),B:356.8(0.76%),P:1e-9	Tpos:280.3,Tstd:192.9,Bpos:239.1,Bstd:140.2,StrandBias:-0.3,Multiplicity:1.05
0.214	0.755	0.001	0.030
0.128	0.862	0.001	0.009
0.031	0.001	0.001	0.967
0.001	0.001	0.092	0.906
0.778	0.001	0.202	0.019
0.111	0.189	0.104	0.596
0.001	0.449	0.549	0.001
0.861	0.001	0.001	0.137
0.001	0.829	0.085	0.085
0.862	0.073	0.011	0.054
>TGACGTATTT	16-TGACGTATTT	9.899839	-21.804691	0	T:29.0(1.50%),B:170.1(0.36%),P:1e-9	Tpos:233.6,Tstd:174.7,Bpos:241.4,Bstd:139.2,StrandBias:-0.7,Multiplicity:1.00
0.001	0.122	0.001	0.876
0.050	0.040	0.850	0.060
0.997	0.001	0.001	0.001
0.084	0.892	0.001	0.023
0.052	0.001	0.946	0.001
0.073	0.059	0.001	0.867
0.682	0.001	0.221	0.096
0.001	0.001	0.059	0.939
0.001	0.001	0.001	0.997
0.001	0.001	0.001	0.997
>TTNMGKTCTG	17-TTNMGKTCTG	7.776262	-21.718358	0	T:199.0(10.33%),B:3089.1(6.57%),P:1e-9	Tpos:277.4,Tstd:207.2,Bpos:238.9,Bstd:143.7,StrandBias:0.0,Multiplicity:1.06
0.125	0.114	0.001	0.760
0.012	0.167	0.001	0.820
0.202	0.325	0.219	0.254
0.456	0.392	0.001	0.151
0.001	0.128	0.870	0.001
0.001	0.074	0.524	0.401
0.001	0.001	0.001	0.997
0.001	0.997	0.001	0.001
0.001	0.319	0.151	0.529
0.001	0.001	0.997	0.001
>CTATTCTAGT	18-CTATTCTAGT	7.487638	-19.061165	0	T:48.0(2.49%),B:449.9(0.96%),P:1e-8	Tpos:252.2,Tstd:178.7,Bpos:243.7,Bstd:134.3,StrandBias:0.0,Multiplicity:1.00
0.121	0.797	0.048	0.034
0.045	0.188	0.053	0.714
0.606	0.176	0.192	0.026
0.286	0.009	0.184	0.521
0.020	0.032	0.189	0.759
0.309	0.495	0.172	0.024
0.138	0.159	0.241	0.462
0.809	0.014	0.153	0.024
0.132	0.230	0.523	0.115
0.161	0.202	0.050	0.587
>AAACCACATA	19-AAACCACATA	7.239748	-17.482140	0	T:185.0(9.60%),B:2985.6(6.35%),P:1e-7	Tpos:309.2,Tstd:229.9,Bpos:234.9,Bstd:142.0,StrandBias:-0.1,Multiplicity:1.05
0.647	0.190	0.009	0.154
0.751	0.140	0.062	0.047
0.701	0.149	0.072	0.078
0.058	0.855	0.045	0.042
0.067	0.727	0.063	0.143
0.871	0.072	0.001	0.056
0.104	0.708	0.146	0.042
0.769	0.001	0.186	0.044
0.001	0.023	0.001	0.975
0.997	0.001	0.001	0.001
>ATCTCGCGCA	20-ATCTCGCGCA	10.979871	-17.395627	0	T:8.0(0.42%),B:11.2(0.02%),P:1e-7	Tpos:266.9,Tstd:149.2,Bpos:233.1,Bstd:85.9,StrandBias:0.0,Multiplicity:1.25
0.997	0.001	0.001	0.001
0.001	0.001	0.001	0.997
0.001	0.997	0.001	0.001
0.001	0.001	0.001	0.997
0.001	0.930	0.001	0.068
0.001	0.001	0.997	0.001
0.001	0.997	0.001	0.001
0.155	0.001	0.843	0.001
0.001	0.997	0.001	0.001
0.997	0.001	0.001	0.001
>AAACCACGAG	21-AAACCACGAG	9.041776	-17.301429	0	T:54.0(2.80%),B:569.5(1.21%),P:1e-7	Tpos:295.9,Tstd:265.3,Bpos:241.6,Bstd:143.9,StrandBias:0.6,Multiplicity:1.00
0.888	0.030	0.015	0.067
0.603	0.112	0.108	0.177
0.605	0.152	0.229	0.014
0.003	0.988	0.001	0.008
0.095	0.865	0.001	0.039
0.512	0.266	0.166	0.056
0.111	0.764	0.068	0.057
0.003	0.311	0.643	0.043
0.912	0.027	0.041	0.020
0.026	0.001	0.972	0.001
>GAACCAGACA	22-GAACCAGACA	9.604899	-12.256635	0	T:67.0(3.48%),B:904.1(1.92%),P:1e-5	Tpos:286.6,Tstd:222.6,Bpos:239.2,Bstd:140.7,StrandBias:1.0,Multiplicity:1.03
0.076	0.001	0.751	0.172
0.997	0.001	0.001	0.001
0.974	0.024	0.001	0.001
0.001	0.812	0.074	0.113
0.001	0.997	0.001	0.001
0.838	0.001	0.160	0.001
0.244	0.001	0.653	0.102
0.791	0.075	0.133	0.001
0.001	0.711	0.217	0.071
0.910	0.088	0.001	0.001
>CTGTGGCTTT	23-CTGTGGCTTT	9.850393	-9.616213	0	T:79.0(4.10%),B:1217.2(2.59%),P:1e-4	Tpos:313.4,Tstd:178.8,Bpos:234.4,Bstd:142.3,StrandBias:-0.4,Multiplicity:1.05
0.001	0.997	0.001	0.001
0.073	0.068	0.001	0.858
0.001	0.001	0.997	0.001
0.001	0.001	0.023	0.975
0.001	0.001	0.997	0.001
0.123	0.050	0.808	0.019
0.021	0.977	0.001	0.001
0.213	0.033	0.216	0.538
0.017	0.142	0.001	0.840
0.001	0.001	0.001	0.997
>GTGTTAGAGG	24-GTGTTAGAGG	10.296193	-5.369251	0	T:6.0(0.31%),B:37.2(0.08%),P:1e-2	Tpos:389.4,Tstd:151.2,Bpos:238.9,Bstd:127.0,StrandBias:4.8,Multiplicity:4.67
0.100	0.100	0.700	0.100
0.100	0.100	0.100	0.700
0.100	0.100	0.700	0.100
0.100	0.100	0.100	0.700
0.100	0.100	0.100	0.700
0.700	0.100	0.100	0.100
0.100	0.100	0.700	0.100
0.700	0.100	0.100	0.100
0.100	0.100	0.700	0.100
0.100	0.100	0.700	0.100
>GTCAGTCAGG	25-GTCAGTCAGG	10.296193	-1.521794	0	T:5.0(0.26%),B:78.8(0.17%),P:1e0	Tpos:330.8,Tstd:134.9,Bpos:246.0,Bstd:141.7,StrandBias:-2.8,Multiplicity:3.20
0.100	0.100	0.700	0.100
0.100	0.100	0.100	0.700
0.100	0.700	0.100	0.100
0.700	0.100	0.100	0.100
0.100	0.100	0.700	0.100
0.100	0.100	0.100	0.700
0.100	0.700	0.100	0.100
0.700	0.100	0.100	0.100
0.100	0.100	0.700	0.100
0.100	0.100	0.700	0.100
