Factor1: 0.8562044307311625
Factor2: 1.1679453692455672
