>RDCGCRRTGCATTVTGGGTAAH	Zfp143+M3964	13.126213	-7.107219	0	T:8.0(0.38%),B:43.9(0.09%),P:1e-3
0.384	0.154	0.385	0.077
0.286	0.143	0.357	0.214
0.077	0.615	0.077	0.231
0.097	0.097	0.774	0.032
0.098	0.585	0.024	0.293
0.481	0.037	0.463	0.019
0.422	0.001	0.344	0.234
0.070	0.029	0.155	0.746
0.001	0.014	0.971	0.014
0.055	0.752	0.192	0.001
0.971	0.014	0.001	0.014
0.001	0.068	0.014	0.917
0.001	0.096	0.356	0.547
0.274	0.307	0.387	0.032
0.016	0.145	0.001	0.838
0.001	0.001	0.997	0.001
0.001	0.001	0.997	0.001
0.032	0.001	0.951	0.016
0.317	0.100	0.033	0.550
0.659	0.068	0.205	0.068
0.524	0.119	0.238	0.119
0.333	0.242	0.152	0.273
