>ACAGGAAGTG	1-ACAGGAAGTG	7.431296	-663.703526	0	T:1468.0(47.34%),B:8488.1(18.61%),P:1e-288	Tpos:266.4,Tstd:183.5,Bpos:236.2,Bstd:142.2,StrandBias:-0.0,Multiplicity:1.36
0.580	0.077	0.261	0.082
0.132	0.644	0.213	0.011
0.897	0.048	0.054	0.001
0.014	0.004	0.974	0.008
0.005	0.014	0.964	0.017
0.987	0.001	0.010	0.002
0.776	0.017	0.008	0.199
0.194	0.001	0.801	0.004
0.041	0.130	0.088	0.741
0.144	0.120	0.636	0.100
>NNWAACCACA	2-NNWAACCACA	6.234615	-658.219616	0	T:1812.0(58.43%),B:12491.2(27.38%),P:1e-285	Tpos:265.7,Tstd:186.6,Bpos:234.5,Bstd:149.7,StrandBias:-0.0,Multiplicity:1.51
0.212	0.266	0.250	0.273
0.196	0.287	0.323	0.194
0.472	0.093	0.082	0.353
0.514	0.151	0.143	0.192
0.657	0.104	0.196	0.043
0.003	0.976	0.010	0.011
0.059	0.921	0.004	0.016
0.633	0.056	0.121	0.190
0.089	0.767	0.088	0.056
0.693	0.062	0.090	0.155
>YTGTGGCYGS	3-YTGTGGCYGS	7.076015	-235.857376	0	T:1117.0(36.02%),B:8861.9(19.43%),P:1e-102	Tpos:275.1,Tstd:199.4,Bpos:236.1,Bstd:145.7,StrandBias:-0.0,Multiplicity:1.17
0.102	0.410	0.044	0.444
0.001	0.001	0.008	0.990
0.001	0.072	0.914	0.013
0.049	0.244	0.025	0.682
0.037	0.073	0.882	0.008
0.131	0.001	0.867	0.001
0.001	0.549	0.297	0.153
0.104	0.318	0.114	0.465
0.202	0.060	0.499	0.239
0.094	0.283	0.426	0.197
>TTTCACACCT	4-TTTCACACCT	7.846015	-212.828531	0	T:641.0(20.67%),B:3966.2(8.69%),P:1e-92	Tpos:269.0,Tstd:190.0,Bpos:235.4,Bstd:147.5,StrandBias:0.0,Multiplicity:1.17
0.091	0.153	0.217	0.539
0.185	0.102	0.191	0.522
0.098	0.001	0.001	0.900
0.128	0.736	0.135	0.001
0.830	0.001	0.030	0.139
0.001	0.997	0.001	0.001
0.969	0.001	0.029	0.001
0.008	0.956	0.032	0.004
0.125	0.693	0.037	0.145
0.007	0.237	0.039	0.717
>TGTGGTTVAC	5-TGTGGTTVAC	6.691357	-208.150702	0	T:420.0(13.54%),B:1994.2(4.37%),P:1e-90	Tpos:251.9,Tstd:172.4,Bpos:234.4,Bstd:145.1,StrandBias:0.1,Multiplicity:1.05
0.146	0.167	0.135	0.552
0.111	0.107	0.628	0.154
0.107	0.189	0.110	0.594
0.081	0.004	0.840	0.075
0.143	0.107	0.662	0.088
0.059	0.165	0.215	0.561
0.163	0.075	0.093	0.669
0.349	0.213	0.260	0.179
0.626	0.121	0.131	0.122
0.103	0.593	0.182	0.122
>TCACACCTYD	6-TCACACCTYD	6.617643	-187.666699	0	T:1016.0(32.76%),B:8369.2(18.35%),P:1e-81	Tpos:275.2,Tstd:200.7,Bpos:235.4,Bstd:146.3,StrandBias:-0.1,Multiplicity:1.17
0.001	0.275	0.001	0.723
0.182	0.412	0.229	0.176
0.449	0.073	0.194	0.284
0.001	0.997	0.001	0.001
0.929	0.069	0.001	0.001
0.001	0.997	0.001	0.001
0.118	0.518	0.205	0.159
0.001	0.240	0.242	0.517
0.211	0.398	0.008	0.383
0.325	0.149	0.268	0.258
>NCCACATCCN	7-NCCACATCCN	6.445785	-175.305789	0	T:139.0(4.48%),B:251.5(0.55%),P:1e-76	Tpos:243.8,Tstd:126.3,Bpos:211.3,Bstd:130.7,StrandBias:0.6,Multiplicity:1.08
0.237	0.290	0.251	0.222
0.145	0.592	0.126	0.137
0.149	0.519	0.196	0.136
0.536	0.134	0.184	0.146
0.134	0.595	0.107	0.164
0.554	0.137	0.166	0.143
0.180	0.150	0.135	0.535
0.149	0.573	0.137	0.141
0.154	0.535	0.172	0.139
0.231	0.194	0.304	0.271
>RCCMCACCCT	8-RCCMCACCCT	8.312810	-169.067326	0	T:689.0(22.22%),B:4940.8(10.83%),P:1e-73	Tpos:270.3,Tstd:193.7,Bpos:233.8,Bstd:143.9,StrandBias:0.0,Multiplicity:1.22
0.421	0.047	0.483	0.048
0.001	0.989	0.009	0.001
0.001	0.866	0.001	0.132
0.472	0.469	0.015	0.044
0.078	0.885	0.001	0.036
0.738	0.009	0.160	0.093
0.001	0.997	0.001	0.001
0.001	0.997	0.001	0.001
0.001	0.997	0.001	0.001
0.280	0.058	0.001	0.661
>AAAACCACCG	9-AAAACCACCG	7.223586	-128.819945	0	T:458.0(14.77%),B:3028.6(6.64%),P:1e-55	Tpos:262.4,Tstd:191.0,Bpos:231.3,Bstd:148.5,StrandBias:-0.1,Multiplicity:1.02
0.764	0.083	0.086	0.067
0.726	0.050	0.103	0.121
0.807	0.113	0.036	0.044
0.869	0.057	0.023	0.051
0.034	0.860	0.026	0.080
0.082	0.841	0.046	0.031
0.814	0.055	0.062	0.069
0.098	0.759	0.076	0.067
0.137	0.765	0.062	0.036
0.047	0.107	0.801	0.045
>BVTGASTCAB	10-BVTGASTCAB	7.087150	-104.258386	0	T:494.0(15.93%),B:3709.2(8.13%),P:1e-45	Tpos:289.0,Tstd:234.3,Bpos:234.1,Bstd:143.1,StrandBias:-0.0,Multiplicity:1.13
0.120	0.221	0.314	0.344
0.326	0.225	0.275	0.174
0.001	0.011	0.001	0.987
0.021	0.016	0.867	0.096
0.858	0.039	0.007	0.096
0.011	0.466	0.419	0.104
0.150	0.001	0.009	0.840
0.080	0.865	0.054	0.001
0.837	0.001	0.052	0.110
0.154	0.300	0.219	0.326
>TTTCGGTTTC	11-TTTCGGTTTC	7.096800	-103.994784	0	T:669.0(21.57%),B:5670.7(12.43%),P:1e-45	Tpos:272.7,Tstd:188.2,Bpos:238.3,Bstd:141.1,StrandBias:0.2,Multiplicity:1.20
0.051	0.017	0.056	0.876
0.100	0.011	0.102	0.787
0.096	0.107	0.031	0.766
0.014	0.819	0.055	0.112
0.218	0.060	0.617	0.105
0.045	0.109	0.653	0.193
0.029	0.072	0.014	0.885
0.032	0.020	0.068	0.880
0.032	0.160	0.032	0.776
0.079	0.640	0.143	0.138
>GGTTTCCTGT	12-GGTTTCCTGT	9.332495	-88.002152	0	T:224.0(7.22%),B:1220.9(2.68%),P:1e-38	Tpos:256.0,Tstd:164.7,Bpos:236.4,Bstd:143.0,StrandBias:-0.0,Multiplicity:1.03
0.042	0.001	0.786	0.171
0.001	0.049	0.869	0.081
0.001	0.001	0.001	0.997
0.001	0.001	0.001	0.997
0.001	0.001	0.001	0.997
0.009	0.965	0.025	0.001
0.008	0.938	0.019	0.035
0.001	0.001	0.001	0.997
0.001	0.021	0.956	0.022
0.048	0.099	0.013	0.840
>ACYATTTCCG	13-ACYATTTCCG	8.996766	-60.457952	0	T:91.0(2.93%),B:340.5(0.75%),P:1e-26	Tpos:282.6,Tstd:182.3,Bpos:237.1,Bstd:135.4,StrandBias:-0.2,Multiplicity:1.00
0.791	0.055	0.150	0.004
0.135	0.862	0.002	0.001
0.061	0.450	0.001	0.488
0.840	0.098	0.061	0.001
0.001	0.370	0.055	0.574
0.177	0.001	0.070	0.752
0.001	0.001	0.055	0.943
0.001	0.971	0.005	0.023
0.001	0.798	0.199	0.002
0.094	0.147	0.758	0.001
>CAGGAAGGAA	14-CAGGAAGGAA	9.349656	-55.557724	0	T:272.0(8.77%),B:2046.8(4.49%),P:1e-24	Tpos:245.2,Tstd:168.5,Bpos:234.4,Bstd:137.0,StrandBias:0.3,Multiplicity:1.05
0.171	0.624	0.169	0.036
0.886	0.029	0.024	0.061
0.001	0.001	0.997	0.001
0.029	0.001	0.954	0.016
0.939	0.001	0.001	0.059
0.970	0.001	0.028	0.001
0.103	0.001	0.895	0.001
0.048	0.001	0.950	0.001
0.997	0.001	0.001	0.001
0.831	0.027	0.055	0.087
>GATGACGTCA	15-GATGACGTCA	7.717497	-53.780311	0	T:289.0(9.32%),B:2254.5(4.94%),P:1e-23	Tpos:266.9,Tstd:178.1,Bpos:231.3,Bstd:141.0,StrandBias:0.1,Multiplicity:1.06
0.096	0.205	0.572	0.127
0.625	0.197	0.156	0.022
0.068	0.001	0.022	0.909
0.076	0.058	0.751	0.115
0.959	0.023	0.001	0.017
0.001	0.695	0.149	0.155
0.173	0.057	0.741	0.029
0.022	0.008	0.029	0.941
0.001	0.985	0.013	0.001
0.850	0.063	0.001	0.086
>CAAACCACCK	16-CAAACCACCK	6.974483	-51.030141	0	T:548.0(17.67%),B:5318.0(11.66%),P:1e-22	Tpos:286.2,Tstd:217.1,Bpos:233.4,Bstd:143.9,StrandBias:-0.2,Multiplicity:1.10
0.001	0.479	0.283	0.237
0.896	0.082	0.014	0.008
0.946	0.019	0.001	0.034
0.610	0.322	0.061	0.007
0.042	0.823	0.006	0.129
0.035	0.826	0.001	0.138
0.624	0.075	0.036	0.265
0.094	0.749	0.127	0.030
0.001	0.897	0.033	0.069
0.211	0.148	0.370	0.271
>ATGTGGTGGC	17-ATGTGGTGGC	9.728608	-38.645172	0	T:103.0(3.32%),B:581.8(1.28%),P:1e-16	Tpos:247.4,Tstd:198.1,Bpos:234.2,Bstd:142.8,StrandBias:0.3,Multiplicity:1.03
0.599	0.195	0.001	0.205
0.021	0.001	0.001	0.977
0.001	0.086	0.867	0.046
0.001	0.001	0.086	0.912
0.001	0.001	0.924	0.074
0.001	0.001	0.997	0.001
0.001	0.029	0.001	0.969
0.001	0.001	0.997	0.001
0.001	0.001	0.997	0.001
0.001	0.844	0.116	0.039
>TAACCACTGA	18-TAACCACTGA	11.554913	-29.238510	0	T:39.0(1.26%),B:135.3(0.30%),P:1e-12	Tpos:237.5,Tstd:166.7,Bpos:242.1,Bstd:130.7,StrandBias:-0.1,Multiplicity:1.03
0.001	0.001	0.001	0.997
0.997	0.001	0.001	0.001
0.742	0.001	0.256	0.001
0.001	0.997	0.001	0.001
0.001	0.997	0.001	0.001
0.856	0.001	0.001	0.142
0.001	0.997	0.001	0.001
0.001	0.001	0.034	0.964
0.001	0.001	0.997	0.001
0.997	0.001	0.001	0.001
>TCACTTCTCA	19-TCACTTCTCA	9.339911	-21.612116	0	T:51.0(1.64%),B:274.9(0.60%),P:1e-9	Tpos:290.6,Tstd:186.4,Bpos:237.8,Bstd:136.8,StrandBias:0.5,Multiplicity:1.02
0.001	0.001	0.107	0.891
0.115	0.883	0.001	0.001
0.997	0.001	0.001	0.001
0.001	0.997	0.001	0.001
0.001	0.001	0.001	0.997
0.001	0.001	0.001	0.997
0.001	0.997	0.001	0.001
0.001	0.001	0.097	0.901
0.001	0.997	0.001	0.001
0.997	0.001	0.001	0.001
>GGGCGGAGAT	20-GGGCGGAGAT	8.463929	-18.856437	0	T:18.0(0.58%),B:46.3(0.10%),P:1e-8	Tpos:324.9,Tstd:233.8,Bpos:232.8,Bstd:133.7,StrandBias:-1.4,Multiplicity:1.61
0.001	0.001	0.997	0.001
0.001	0.001	0.997	0.001
0.001	0.071	0.927	0.001
0.001	0.997	0.001	0.001
0.001	0.001	0.997	0.001
0.001	0.001	0.929	0.069
0.997	0.001	0.001	0.001
0.070	0.044	0.833	0.053
0.997	0.001	0.001	0.001
0.001	0.001	0.001	0.997
>GCMTGACKGA	21-GCMTGACKGA	10.171648	-12.074104	0	T:48.0(1.55%),B:346.3(0.76%),P:1e-5	Tpos:359.1,Tstd:210.8,Bpos:232.3,Bstd:143.9,StrandBias:0.7,Multiplicity:1.23
0.001	0.119	0.701	0.179
0.001	0.997	0.001	0.001
0.512	0.486	0.001	0.001
0.126	0.001	0.225	0.648
0.001	0.001	0.997	0.001
0.862	0.136	0.001	0.001
0.001	0.997	0.001	0.001
0.247	0.088	0.263	0.402
0.030	0.067	0.902	0.001
0.997	0.001	0.001	0.001
>ATGTGTTAGA	22-ATGTGTTAGA	6.404373	-11.661012	0	T:1027.0(33.12%),B:13478.0(29.55%),P:1e-5	Tpos:290.6,Tstd:214.0,Bpos:234.0,Bstd:143.3,StrandBias:0.0,Multiplicity:1.29
0.700	0.100	0.100	0.100
0.100	0.100	0.100	0.700
0.100	0.100	0.700	0.100
0.100	0.100	0.100	0.700
0.100	0.100	0.700	0.100
0.100	0.100	0.100	0.700
0.100	0.100	0.100	0.700
0.700	0.100	0.100	0.100
0.100	0.100	0.700	0.100
0.700	0.100	0.100	0.100
>GCAGTACATT	23-GCAGTACATT	10.296193	-5.530753	0	T:5.0(0.16%),B:15.3(0.03%),P:1e-2	Tpos:119.6,Tstd:72.1,Bpos:155.7,Bstd:138.9,StrandBias:1.0,Multiplicity:1.80
0.100	0.100	0.700	0.100
0.100	0.700	0.100	0.100
0.700	0.100	0.100	0.100
0.100	0.100	0.700	0.100
0.100	0.100	0.100	0.700
0.700	0.100	0.100	0.100
0.100	0.700	0.100	0.100
0.700	0.100	0.100	0.100
0.100	0.100	0.100	0.700
0.100	0.100	0.100	0.700
>TGCGCGACTC	24-TGCGCGACTC	8.350283	-2.583478	0	T:17.0(0.55%),B:169.9(0.37%),P:1e-1	Tpos:234.7,Tstd:136.9,Bpos:235.8,Bstd:138.7,StrandBias:1.2,Multiplicity:1.62
0.100	0.100	0.100	0.700
0.100	0.100	0.700	0.100
0.100	0.700	0.100	0.100
0.100	0.100	0.700	0.100
0.100	0.700	0.100	0.100
0.100	0.100	0.700	0.100
0.700	0.100	0.100	0.100
0.100	0.700	0.100	0.100
0.100	0.100	0.100	0.700
0.100	0.700	0.100	0.100
>GGCGCCTTCC	25-GGCGCCTTCC	10.296193	-1.753444	0	T:3.0(0.10%),B:21.1(0.05%),P:1e0	Tpos:175.8,Tstd:106.0,Bpos:212.2,Bstd:157.0,StrandBias:-3.6,Multiplicity:4.33
0.100	0.100	0.700	0.100
0.100	0.100	0.700	0.100
0.100	0.700	0.100	0.100
0.100	0.100	0.700	0.100
0.100	0.700	0.100	0.100
0.100	0.700	0.100	0.100
0.100	0.100	0.100	0.700
0.100	0.100	0.100	0.700
0.100	0.700	0.100	0.100
0.100	0.700	0.100	0.100
