Factor1: 1.0468585952571388
Factor2: 0.955238849382873
