>TAACCACA	1-TAACCACA	5.821422	-865.188175	0	T:2450.0(68.28%),B:15500.9(34.24%),P:1e-375	Tpos:264.8,Tstd:179.6,Bpos:233.5,Bstd:149.1,StrandBias:-0.0,Multiplicity:1.73
0.300	0.103	0.061	0.536
0.755	0.064	0.104	0.077
0.972	0.001	0.026	0.001
0.001	0.997	0.001	0.001
0.001	0.997	0.001	0.001
0.967	0.001	0.007	0.025
0.001	0.997	0.001	0.001
0.944	0.014	0.009	0.033
>TGYGGTTD	2-TGYGGTTD	4.870120	-498.565288	0	T:2789.0(77.73%),B:23695.1(52.35%),P:1e-216	Tpos:262.0,Tstd:188.5,Bpos:232.5,Bstd:144.7,StrandBias:-0.1,Multiplicity:1.30
0.165	0.141	0.131	0.563
0.051	0.117	0.730	0.102
0.211	0.413	0.014	0.362
0.048	0.050	0.877	0.025
0.037	0.029	0.914	0.020
0.079	0.062	0.141	0.718
0.328	0.054	0.112	0.506
0.377	0.107	0.252	0.264
>TKTGGTTT	3-TKTGGTTT	5.605047	-475.639592	0	T:2223.0(61.96%),B:16581.7(36.63%),P:1e-206	Tpos:260.6,Tstd:182.6,Bpos:233.0,Bstd:144.7,StrandBias:0.0,Multiplicity:1.34
0.051	0.128	0.152	0.669
0.010	0.018	0.541	0.431
0.054	0.258	0.204	0.484
0.001	0.230	0.768	0.001
0.107	0.001	0.773	0.119
0.001	0.198	0.133	0.668
0.050	0.082	0.017	0.851
0.255	0.047	0.254	0.444
>AGGAAGTG	4-AGGAAGTG	8.878655	-381.313760	0	T:921.0(25.67%),B:4389.6(9.70%),P:1e-165	Tpos:276.6,Tstd:181.3,Bpos:232.6,Bstd:144.5,StrandBias:0.1,Multiplicity:1.16
0.997	0.001	0.001	0.001
0.001	0.001	0.997	0.001
0.001	0.001	0.997	0.001
0.997	0.001	0.001	0.001
0.840	0.001	0.001	0.158
0.217	0.001	0.781	0.001
0.001	0.028	0.001	0.970
0.001	0.072	0.926	0.001
>CTTCCTGT	5-CTTCCTGT	7.553751	-281.063359	0	T:1321.0(36.82%),B:8979.7(19.84%),P:1e-122	Tpos:273.7,Tstd:202.0,Bpos:233.2,Bstd:139.0,StrandBias:0.0,Multiplicity:1.27
0.001	0.807	0.001	0.191
0.058	0.001	0.001	0.940
0.001	0.001	0.001	0.997
0.001	0.997	0.001	0.001
0.001	0.997	0.001	0.001
0.001	0.001	0.049	0.949
0.001	0.114	0.884	0.001
0.001	0.104	0.001	0.894
>NGGTGTSA	6-NGGTGTSA	6.150937	-245.786804	0	T:1880.0(52.40%),B:15591.9(34.45%),P:1e-106	Tpos:272.9,Tstd:201.1,Bpos:232.2,Bstd:148.7,StrandBias:0.0,Multiplicity:1.46
0.299	0.224	0.247	0.230
0.278	0.024	0.697	0.001
0.005	0.001	0.993	0.001
0.001	0.001	0.036	0.962
0.064	0.008	0.553	0.375
0.282	0.016	0.019	0.683
0.042	0.395	0.385	0.177
0.620	0.024	0.303	0.053
>TGACTCAT	7-TGACTCAT	7.910945	-172.208921	0	T:635.0(17.70%),B:3685.8(8.14%),P:1e-74	Tpos:273.7,Tstd:206.4,Bpos:233.7,Bstd:142.9,StrandBias:-0.1,Multiplicity:1.12
0.001	0.001	0.001	0.997
0.001	0.001	0.979	0.019
0.997	0.001	0.001	0.001
0.065	0.609	0.286	0.040
0.020	0.001	0.004	0.975
0.034	0.964	0.001	0.001
0.997	0.001	0.001	0.001
0.086	0.115	0.097	0.702
>AACTGAAA	8-AACTGAAA	8.935282	-126.009995	0	T:754.0(21.01%),B:5339.9(11.80%),P:1e-54	Tpos:267.9,Tstd:195.6,Bpos:230.8,Bstd:143.9,StrandBias:0.2,Multiplicity:1.14
0.997	0.001	0.001	0.001
0.997	0.001	0.001	0.001
0.214	0.599	0.186	0.001
0.197	0.001	0.001	0.801
0.001	0.001	0.997	0.001
0.997	0.001	0.001	0.001
0.997	0.001	0.001	0.001
0.997	0.001	0.001	0.001
>GCGGAAGT	9-GCGGAAGT	6.963393	-110.199276	0	T:447.0(12.46%),B:2674.9(5.91%),P:1e-47	Tpos:274.9,Tstd:196.2,Bpos:233.7,Bstd:139.1,StrandBias:0.1,Multiplicity:1.07
0.143	0.018	0.838	0.001
0.037	0.800	0.162	0.001
0.038	0.001	0.960	0.001
0.119	0.001	0.809	0.071
0.997	0.001	0.001	0.001
0.860	0.005	0.001	0.134
0.106	0.001	0.872	0.021
0.001	0.016	0.087	0.896
>TAGTTTCG	10-TAGTTTCG	5.411280	-100.712178	0	T:576.0(16.05%),B:3973.2(8.78%),P:1e-43	Tpos:286.3,Tstd:208.8,Bpos:239.1,Bstd:142.3,StrandBias:0.2,Multiplicity:1.06
0.001	0.275	0.001	0.723
0.997	0.001	0.001	0.001
0.001	0.232	0.766	0.001
0.001	0.001	0.001	0.997
0.114	0.001	0.001	0.884
0.001	0.001	0.001	0.997
0.001	0.997	0.001	0.001
0.144	0.001	0.854	0.001
>GGGCGGGG	11-GGGCGGGG	7.187660	-85.945580	0	T:1096.0(30.55%),B:9665.8(21.35%),P:1e-37	Tpos:278.1,Tstd:206.7,Bpos:237.0,Bstd:137.2,StrandBias:-0.1,Multiplicity:1.46
0.016	0.001	0.982	0.001
0.018	0.001	0.980	0.001
0.001	0.001	0.989	0.009
0.139	0.556	0.001	0.304
0.001	0.001	0.953	0.045
0.022	0.001	0.918	0.059
0.270	0.001	0.706	0.023
0.021	0.001	0.961	0.017
>CTGTGGGC	12-CTGTGGGC	8.547598	-64.471397	0	T:543.0(15.13%),B:4221.3(9.33%),P:1e-27	Tpos:283.3,Tstd:207.3,Bpos:237.9,Bstd:142.8,StrandBias:0.0,Multiplicity:1.11
0.001	0.738	0.001	0.260
0.001	0.001	0.001	0.997
0.001	0.001	0.997	0.001
0.001	0.001	0.001	0.997
0.001	0.001	0.997	0.001
0.001	0.001	0.997	0.001
0.001	0.308	0.690	0.001
0.001	0.997	0.001	0.001
>CGGTGAGA	13-CGGTGAGA	4.582016	-56.603797	0	T:1169.0(32.58%),B:11265.5(24.89%),P:1e-24	Tpos:267.1,Tstd:199.5,Bpos:234.7,Bstd:144.1,StrandBias:0.0,Multiplicity:1.20
0.257	0.731	0.004	0.008
0.052	0.001	0.738	0.209
0.001	0.001	0.997	0.001
0.001	0.001	0.001	0.997
0.001	0.001	0.997	0.001
0.918	0.080	0.001	0.001
0.001	0.005	0.871	0.123
0.997	0.001	0.001	0.001
>TTAGTCAT	14-TTAGTCAT	7.257991	-45.107973	0	T:365.0(10.17%),B:2790.2(6.16%),P:1e-19	Tpos:247.0,Tstd:185.9,Bpos:231.8,Bstd:143.7,StrandBias:0.1,Multiplicity:1.06
0.001	0.097	0.001	0.901
0.001	0.001	0.001	0.997
0.997	0.001	0.001	0.001
0.001	0.166	0.832	0.001
0.001	0.001	0.001	0.997
0.001	0.997	0.001	0.001
0.997	0.001	0.001	0.001
0.001	0.140	0.147	0.712
>ATGACACA	15-ATGACACA	7.173609	-35.067931	0	T:334.0(9.31%),B:2671.5(5.90%),P:1e-15	Tpos:255.4,Tstd:198.9,Bpos:238.8,Bstd:140.1,StrandBias:-0.2,Multiplicity:1.06
0.997	0.001	0.001	0.001
0.001	0.001	0.001	0.997
0.001	0.001	0.881	0.117
0.997	0.001	0.001	0.001
0.001	0.997	0.001	0.001
0.997	0.001	0.001	0.001
0.001	0.909	0.001	0.089
0.621	0.001	0.190	0.188
>YGCCACAA	16-YGCCACAA	7.581414	-33.414182	0	T:249.0(6.94%),B:1857.2(4.10%),P:1e-14	Tpos:256.7,Tstd:181.1,Bpos:236.3,Bstd:145.2,StrandBias:-0.0,Multiplicity:1.03
0.001	0.537	0.001	0.461
0.001	0.214	0.724	0.061
0.001	0.878	0.001	0.120
0.120	0.570	0.309	0.001
0.919	0.001	0.001	0.079
0.001	0.881	0.001	0.117
0.948	0.001	0.001	0.050
0.678	0.223	0.009	0.090
>TGACGTCA	17-TGACGTCA	6.874533	-30.099851	0	T:466.0(12.99%),B:4174.8(9.22%),P:1e-13	Tpos:281.8,Tstd:187.2,Bpos:232.3,Bstd:143.7,StrandBias:0.0,Multiplicity:1.10
0.001	0.002	0.042	0.955
0.030	0.001	0.916	0.053
0.953	0.001	0.001	0.045
0.001	0.997	0.001	0.001
0.138	0.202	0.591	0.069
0.001	0.001	0.001	0.997
0.001	0.997	0.001	0.001
0.923	0.001	0.001	0.075
>GATAAGAM	18-GATAAGAM	7.905252	-26.786197	0	T:252.0(7.02%),B:2011.8(4.44%),P:1e-11	Tpos:274.4,Tstd:188.4,Bpos:232.5,Bstd:134.4,StrandBias:-0.0,Multiplicity:1.04
0.001	0.001	0.997	0.001
0.898	0.001	0.100	0.001
0.001	0.001	0.001	0.997
0.997	0.001	0.001	0.001
0.997	0.001	0.001	0.001
0.001	0.143	0.855	0.001
0.647	0.001	0.351	0.001
0.494	0.504	0.001	0.001
>GATAAGCG	19-GATAAGCG	6.622662	-22.606436	0	T:275.0(7.66%),B:2340.8(5.17%),P:1e-9	Tpos:295.2,Tstd:224.7,Bpos:229.4,Bstd:139.1,StrandBias:-0.0,Multiplicity:1.08
0.011	0.001	0.962	0.026
0.997	0.001	0.001	0.001
0.086	0.001	0.075	0.838
0.824	0.086	0.020	0.070
0.975	0.001	0.023	0.001
0.065	0.096	0.810	0.029
0.154	0.666	0.102	0.078
0.078	0.001	0.920	0.001
>GATCTTAT	20-GATCTTAT	8.981849	-13.832355	0	T:47.0(1.31%),B:269.1(0.59%),P:1e-6	Tpos:291.3,Tstd:206.9,Bpos:248.9,Bstd:129.8,StrandBias:0.9,Multiplicity:1.00
0.001	0.001	0.997	0.001
0.997	0.001	0.001	0.001
0.001	0.001	0.001	0.997
0.001	0.997	0.001	0.001
0.001	0.001	0.124	0.874
0.001	0.001	0.001	0.997
0.997	0.001	0.001	0.001
0.001	0.001	0.001	0.997
