>NNWAACCACA	1-NNWAACCACA	5.961072	-960.011162	0	T:2408.0(67.11%),B:14255.6(31.49%),P:1e-416	Tpos:266.6,Tstd:180.8,Bpos:234.4,Bstd:149.3,StrandBias:-0.1,Multiplicity:1.65
0.273	0.239	0.229	0.259
0.228	0.239	0.272	0.261
0.381	0.195	0.091	0.334
0.467	0.213	0.140	0.180
0.672	0.091	0.236	0.001
0.001	0.997	0.001	0.001
0.019	0.975	0.001	0.005
0.539	0.071	0.249	0.141
0.151	0.769	0.039	0.041
0.539	0.165	0.118	0.178
>CACTTCCTGT	2-CACTTCCTGT	7.955039	-510.066260	0	T:1304.0(36.34%),B:6696.9(14.79%),P:1e-221	Tpos:274.5,Tstd:188.2,Bpos:233.0,Bstd:141.6,StrandBias:-0.0,Multiplicity:1.26
0.101	0.585	0.095	0.219
0.653	0.108	0.184	0.055
0.001	0.779	0.001	0.219
0.194	0.001	0.015	0.790
0.001	0.001	0.001	0.997
0.001	0.957	0.001	0.041
0.001	0.982	0.016	0.001
0.018	0.072	0.010	0.900
0.001	0.315	0.548	0.136
0.106	0.238	0.108	0.548
>HASCCACARV	3-HASCCACARV	6.855210	-267.229968	0	T:1393.0(38.82%),B:9888.0(21.84%),P:1e-116	Tpos:268.5,Tstd:192.8,Bpos:233.6,Bstd:141.9,StrandBias:0.1,Multiplicity:1.24
0.301	0.306	0.052	0.341
0.596	0.057	0.346	0.001
0.001	0.426	0.572	0.001
0.001	0.978	0.020	0.001
0.063	0.746	0.190	0.001
0.784	0.001	0.187	0.028
0.001	0.948	0.001	0.050
0.916	0.005	0.001	0.078
0.398	0.002	0.364	0.237
0.253	0.332	0.247	0.168
>GAGGTGTGAV	4-GAGGTGTGAV	6.943513	-229.254575	0	T:1540.0(42.92%),B:11983.5(26.47%),P:1e-99	Tpos:272.3,Tstd:199.9,Bpos:234.0,Bstd:147.1,StrandBias:0.0,Multiplicity:1.36
0.244	0.078	0.477	0.201
0.655	0.001	0.343	0.001
0.145	0.011	0.659	0.185
0.001	0.058	0.940	0.001
0.001	0.001	0.001	0.997
0.001	0.001	0.997	0.001
0.176	0.004	0.082	0.738
0.001	0.139	0.620	0.240
0.709	0.001	0.268	0.022
0.313	0.285	0.242	0.160
>ATGASTCATM	5-ATGASTCATM	8.042472	-182.647829	0	T:503.0(14.02%),B:2490.6(5.50%),P:1e-79	Tpos:271.4,Tstd:209.1,Bpos:234.7,Bstd:142.7,StrandBias:0.1,Multiplicity:1.09
0.528	0.121	0.276	0.075
0.001	0.001	0.001	0.997
0.001	0.024	0.880	0.095
0.997	0.001	0.001	0.001
0.112	0.408	0.396	0.084
0.036	0.001	0.001	0.962
0.061	0.931	0.007	0.001
0.997	0.001	0.001	0.001
0.154	0.150	0.267	0.428
0.403	0.417	0.057	0.123
>TTTCGGTTTC	6-TTTCGGTTTC	6.469016	-182.619944	0	T:643.0(17.92%),B:3654.4(8.07%),P:1e-79	Tpos:264.9,Tstd:186.7,Bpos:232.2,Bstd:144.9,StrandBias:0.0,Multiplicity:1.18
0.088	0.108	0.139	0.665
0.135	0.081	0.165	0.619
0.118	0.181	0.099	0.602
0.105	0.566	0.126	0.203
0.297	0.118	0.449	0.136
0.089	0.261	0.503	0.147
0.079	0.106	0.082	0.733
0.138	0.061	0.117	0.684
0.097	0.120	0.116	0.667
0.116	0.513	0.174	0.197
>WGGGTGGGGC	7-WGGGTGGGGC	7.422044	-175.565607	0	T:1137.0(31.69%),B:8480.0(18.73%),P:1e-76	Tpos:264.6,Tstd:189.9,Bpos:236.8,Bstd:141.1,StrandBias:-0.1,Multiplicity:1.30
0.424	0.001	0.253	0.322
0.103	0.001	0.895	0.001
0.001	0.001	0.997	0.001
0.001	0.001	0.997	0.001
0.182	0.243	0.018	0.557
0.064	0.001	0.837	0.098
0.065	0.010	0.624	0.301
0.200	0.002	0.707	0.091
0.072	0.008	0.736	0.184
0.084	0.596	0.015	0.305
>GCGGTTAACA	8-GCGGTTAACA	7.180695	-125.085275	0	T:312.0(8.70%),B:1439.9(3.18%),P:1e-54	Tpos:259.0,Tstd:170.3,Bpos:226.4,Bstd:141.9,StrandBias:-0.2,Multiplicity:1.02
0.077	0.083	0.756	0.084
0.100	0.773	0.038	0.089
0.042	0.059	0.814	0.085
0.031	0.098	0.821	0.050
0.050	0.090	0.056	0.804
0.071	0.032	0.053	0.844
0.785	0.054	0.126	0.035
0.719	0.078	0.102	0.101
0.098	0.822	0.048	0.032
0.869	0.051	0.034	0.046
>AAATGAAACT	9-AAATGAAACT	7.652109	-120.964860	0	T:536.0(14.94%),B:3347.6(7.40%),P:1e-52	Tpos:261.4,Tstd:185.4,Bpos:233.5,Bstd:145.7,StrandBias:0.1,Multiplicity:1.08
0.459	0.067	0.219	0.255
0.577	0.231	0.021	0.171
0.546	0.126	0.265	0.063
0.009	0.310	0.001	0.680
0.001	0.001	0.997	0.001
0.997	0.001	0.001	0.001
0.613	0.361	0.006	0.020
0.997	0.001	0.001	0.001
0.001	0.756	0.229	0.014
0.198	0.033	0.270	0.499
>NGGTTTCCTN	10-NGGTTTCCTN	5.164961	-104.893572	0	T:621.0(17.31%),B:4346.1(9.60%),P:1e-45	Tpos:275.6,Tstd:204.1,Bpos:234.5,Bstd:143.5,StrandBias:-0.0,Multiplicity:1.10
0.241	0.297	0.223	0.239
0.140	0.159	0.554	0.147
0.149	0.151	0.545	0.155
0.126	0.148	0.131	0.595
0.139	0.134	0.146	0.581
0.151	0.122	0.151	0.576
0.139	0.539	0.161	0.161
0.154	0.508	0.171	0.167
0.149	0.130	0.170	0.551
0.237	0.256	0.253	0.254
>CGACCGCAGD	11-CGACCGCAGD	8.654962	-88.544472	0	T:169.0(4.71%),B:649.9(1.44%),P:1e-38	Tpos:280.3,Tstd:239.9,Bpos:227.2,Bstd:147.7,StrandBias:0.1,Multiplicity:1.03
0.086	0.576	0.016	0.322
0.001	0.211	0.590	0.198
0.997	0.001	0.001	0.001
0.001	0.824	0.001	0.174
0.001	0.997	0.001	0.001
0.167	0.001	0.831	0.001
0.001	0.997	0.001	0.001
0.869	0.001	0.001	0.129
0.001	0.001	0.997	0.001
0.301	0.146	0.204	0.348
>GGGGTTTCCC	12-GGGGTTTCCC	7.066678	-78.375854	0	T:518.0(14.44%),B:3740.7(8.26%),P:1e-34	Tpos:281.0,Tstd:186.5,Bpos:236.3,Bstd:138.4,StrandBias:0.2,Multiplicity:1.09
0.046	0.056	0.853	0.045
0.061	0.056	0.854	0.029
0.033	0.050	0.806	0.111
0.058	0.085	0.760	0.097
0.125	0.093	0.073	0.709
0.028	0.026	0.083	0.863
0.107	0.120	0.039	0.734
0.070	0.792	0.045	0.093
0.077	0.855	0.046	0.022
0.051	0.779	0.092	0.078
>CTCGACCACA	13-CTCGACCACA	7.743459	-69.287015	0	T:348.0(9.70%),B:2264.5(5.00%),P:1e-30	Tpos:277.5,Tstd:209.7,Bpos:231.1,Bstd:145.4,StrandBias:0.0,Multiplicity:1.05
0.002	0.690	0.162	0.146
0.181	0.195	0.101	0.523
0.001	0.870	0.128	0.001
0.001	0.180	0.769	0.050
0.852	0.146	0.001	0.001
0.001	0.929	0.048	0.022
0.103	0.873	0.001	0.023
0.731	0.081	0.079	0.109
0.073	0.781	0.001	0.145
0.985	0.013	0.001	0.001
>GTTACTTTCT	14-GTTACTTTCT	7.387412	-67.798550	0	T:397.0(11.06%),B:2738.3(6.05%),P:1e-29	Tpos:284.8,Tstd:186.7,Bpos:229.8,Bstd:142.0,StrandBias:0.1,Multiplicity:1.03
0.053	0.065	0.813	0.069
0.064	0.090	0.123	0.723
0.024	0.114	0.073	0.789
0.842	0.058	0.039	0.061
0.015	0.836	0.050	0.099
0.056	0.039	0.082	0.823
0.073	0.081	0.021	0.825
0.088	0.113	0.051	0.748
0.081	0.812	0.030	0.077
0.074	0.085	0.047	0.794
>TTGTGGCGRG	15-TTGTGGCGRG	8.476788	-63.821166	0	T:206.0(5.74%),B:1096.7(2.42%),P:1e-27	Tpos:245.0,Tstd:186.1,Bpos:225.6,Bstd:139.2,StrandBias:0.4,Multiplicity:1.01
0.001	0.165	0.027	0.807
0.225	0.023	0.001	0.751
0.044	0.037	0.900	0.019
0.019	0.042	0.019	0.920
0.044	0.012	0.892	0.052
0.001	0.036	0.885	0.078
0.025	0.799	0.061	0.115
0.339	0.128	0.532	0.001
0.527	0.019	0.440	0.014
0.087	0.054	0.762	0.097
>TGCGGTTCKC	16-TGCGGTTCKC	9.041493	-41.947872	0	T:81.0(2.26%),B:318.4(0.70%),P:1e-18	Tpos:279.0,Tstd:185.0,Bpos:240.5,Bstd:139.8,StrandBias:-0.6,Multiplicity:1.00
0.080	0.080	0.104	0.736
0.041	0.069	0.843	0.047
0.003	0.728	0.052	0.217
0.003	0.001	0.948	0.048
0.017	0.014	0.961	0.008
0.002	0.002	0.042	0.954
0.094	0.080	0.055	0.771
0.001	0.854	0.144	0.001
0.009	0.001	0.555	0.435
0.001	0.616	0.333	0.050
>TGACGTCATC	17-TGACGTCATC	6.905584	-41.765674	0	T:407.0(11.34%),B:3277.9(7.24%),P:1e-18	Tpos:272.5,Tstd:186.5,Bpos:236.2,Bstd:141.4,StrandBias:-0.1,Multiplicity:1.09
0.032	0.037	0.079	0.852
0.061	0.040	0.839	0.060
0.812	0.055	0.042	0.091
0.060	0.761	0.063	0.116
0.087	0.054	0.808	0.051
0.064	0.048	0.039	0.849
0.092	0.822	0.028	0.058
0.810	0.070	0.049	0.071
0.072	0.109	0.102	0.717
0.073	0.738	0.096	0.093
>AYMGGAACTA	18-AYMGGAACTA	9.736958	-40.146563	0	T:78.0(2.17%),B:308.1(0.68%),P:1e-17	Tpos:304.1,Tstd:222.6,Bpos:226.3,Bstd:139.7,StrandBias:-0.2,Multiplicity:1.00
0.933	0.001	0.001	0.065
0.086	0.390	0.158	0.365
0.480	0.518	0.001	0.001
0.001	0.173	0.825	0.001
0.302	0.001	0.696	0.001
0.955	0.001	0.001	0.043
0.866	0.001	0.001	0.132
0.130	0.868	0.001	0.001
0.001	0.079	0.001	0.919
0.601	0.001	0.367	0.031
>ACCACTTCCG	19-ACCACTTCCG	9.494389	-36.373658	0	T:64.0(1.78%),B:236.9(0.52%),P:1e-15	Tpos:275.1,Tstd:179.8,Bpos:236.3,Bstd:141.9,StrandBias:-0.8,Multiplicity:1.00
0.880	0.001	0.099	0.020
0.011	0.966	0.001	0.022
0.036	0.902	0.001	0.061
0.963	0.035	0.001	0.001
0.036	0.821	0.082	0.061
0.001	0.001	0.049	0.949
0.001	0.001	0.011	0.987
0.001	0.917	0.081	0.001
0.001	0.957	0.041	0.001
0.014	0.226	0.759	0.001
>GATAAGATMT	20-GATAAGATMT	8.741356	-33.022667	0	T:126.0(3.51%),B:733.7(1.62%),P:1e-14	Tpos:276.7,Tstd:177.1,Bpos:240.9,Bstd:128.4,StrandBias:0.2,Multiplicity:1.02
0.105	0.001	0.893	0.001
0.650	0.348	0.001	0.001
0.150	0.001	0.079	0.770
0.997	0.001	0.001	0.001
0.940	0.001	0.001	0.058
0.001	0.001	0.882	0.116
0.662	0.263	0.074	0.001
0.133	0.001	0.119	0.747
0.484	0.442	0.001	0.072
0.262	0.001	0.076	0.661
>GGGGGGGGGG	21-GGGGGGGGGG	7.702538	-22.843690	0	T:687.0(19.15%),B:6887.8(15.22%),P:1e-9	Tpos:281.5,Tstd:210.7,Bpos:232.4,Bstd:135.8,StrandBias:0.1,Multiplicity:1.14
0.209	0.001	0.789	0.001
0.270	0.001	0.614	0.115
0.329	0.001	0.669	0.001
0.133	0.001	0.865	0.001
0.040	0.001	0.958	0.001
0.001	0.001	0.997	0.001
0.208	0.001	0.790	0.001
0.166	0.010	0.823	0.001
0.303	0.090	0.606	0.001
0.281	0.126	0.592	0.001
>GGGCGGATAT	22-GGGCGGATAT	11.038802	-18.497358	0	T:14.0(0.39%),B:23.2(0.05%),P:1e-8	Tpos:280.8,Tstd:118.5,Bpos:256.0,Bstd:131.6,StrandBias:-1.9,Multiplicity:1.85
0.001	0.001	0.997	0.001
0.217	0.001	0.781	0.001
0.001	0.001	0.997	0.001
0.001	0.997	0.001	0.001
0.001	0.001	0.997	0.001
0.001	0.001	0.832	0.166
0.776	0.005	0.001	0.218
0.001	0.001	0.245	0.753
0.682	0.001	0.316	0.001
0.001	0.163	0.001	0.835
>CTAAAGGTTA	23-CTAAAGGTTA	11.952027	-18.179424	0	T:16.0(0.45%),B:33.0(0.07%),P:1e-7	Tpos:317.4,Tstd:216.3,Bpos:239.8,Bstd:126.4,StrandBias:0.4,Multiplicity:1.00
0.001	0.997	0.001	0.001
0.001	0.001	0.001	0.997
0.997	0.001	0.001	0.001
0.997	0.001	0.001	0.001
0.997	0.001	0.001	0.001
0.001	0.001	0.997	0.001
0.152	0.001	0.846	0.001
0.001	0.001	0.001	0.997
0.001	0.001	0.001	0.997
0.997	0.001	0.001	0.001
>ACTAGTTTCA	24-ACTAGTTTCA	10.296193	-11.851741	0	T:8.0(0.22%),B:12.3(0.03%),P:1e-5	Tpos:235.2,Tstd:184.9,Bpos:347.3,Bstd:64.4,StrandBias:0.0,Multiplicity:1.20
0.700	0.100	0.100	0.100
0.100	0.700	0.100	0.100
0.100	0.100	0.100	0.700
0.700	0.100	0.100	0.100
0.100	0.100	0.700	0.100
0.100	0.100	0.100	0.700
0.100	0.100	0.100	0.700
0.100	0.100	0.100	0.700
0.100	0.700	0.100	0.100
0.700	0.100	0.100	0.100
>CCTGACTGAC	25-CCTGACTGAC	8.905232	-7.609939	0	T:22.0(0.61%),B:123.6(0.27%),P:1e-3	Tpos:280.9,Tstd:173.8,Bpos:226.0,Bstd:145.6,StrandBias:0.4,Multiplicity:1.52
0.001	0.997	0.001	0.001
0.001	0.997	0.001	0.001
0.001	0.001	0.090	0.908
0.001	0.001	0.997	0.001
0.997	0.001	0.001	0.001
0.001	0.997	0.001	0.001
0.001	0.001	0.001	0.997
0.001	0.001	0.918	0.080
0.997	0.001	0.001	0.001
0.001	0.997	0.001	0.001
>HAACCACARNNN	1-HAACCACARNNN	7.525791	-871.564146	0	T:1740.0(48.49%),B:8133.3(17.97%),P:1e-378	Tpos:262.7,Tstd:175.8,Bpos:233.1,Bstd:145.7,StrandBias:-0.1,Multiplicity:1.39
0.349	0.209	0.108	0.334
0.436	0.172	0.257	0.135
0.598	0.169	0.232	0.001
0.001	0.997	0.001	0.001
0.001	0.997	0.001	0.001
0.820	0.001	0.001	0.178
0.001	0.997	0.001	0.001
0.954	0.001	0.001	0.044
0.311	0.195	0.346	0.148
0.317	0.268	0.220	0.195
0.265	0.286	0.242	0.207
0.289	0.276	0.213	0.221
>ACCACTTCCTGT	2-ACCACTTCCTGT	8.675896	-465.856861	0	T:630.0(17.56%),B:1882.1(4.16%),P:1e-202	Tpos:269.5,Tstd:183.5,Bpos:232.3,Bstd:145.5,StrandBias:-0.1,Multiplicity:1.09
0.645	0.142	0.171	0.042
0.001	0.848	0.015	0.136
0.024	0.956	0.015	0.005
0.934	0.018	0.015	0.033
0.001	0.916	0.011	0.072
0.388	0.001	0.001	0.610
0.001	0.059	0.001	0.939
0.001	0.997	0.001	0.001
0.015	0.975	0.001	0.009
0.033	0.015	0.001	0.951
0.015	0.102	0.707	0.176
0.092	0.222	0.030	0.656
>NNNNTGTGGTTT	3-NNNNTGTGGTTT	5.684190	-356.713990	0	T:1992.0(55.52%),B:15313.5(33.83%),P:1e-154	Tpos:271.8,Tstd:187.4,Bpos:235.8,Bstd:144.8,StrandBias:0.1,Multiplicity:1.33
0.270	0.151	0.295	0.283
0.231	0.258	0.306	0.205
0.274	0.210	0.221	0.295
0.214	0.245	0.277	0.264
0.302	0.046	0.190	0.463
0.039	0.277	0.448	0.236
0.320	0.028	0.155	0.496
0.025	0.054	0.835	0.086
0.048	0.067	0.749	0.136
0.045	0.076	0.064	0.815
0.114	0.072	0.109	0.705
0.325	0.047	0.080	0.548
>TGAAASTGAAAS	4-TGAAASTGAAAS	8.619795	-226.355472	0	T:619.0(17.25%),B:3081.7(6.81%),P:1e-98	Tpos:261.0,Tstd:187.2,Bpos:231.0,Bstd:142.2,StrandBias:0.2,Multiplicity:1.15
0.201	0.117	0.161	0.521
0.278	0.114	0.607	0.001
0.842	0.049	0.070	0.039
0.822	0.001	0.176	0.001
0.997	0.001	0.001	0.001
0.146	0.433	0.357	0.064
0.150	0.164	0.026	0.660
0.256	0.001	0.742	0.001
0.956	0.001	0.001	0.042
0.809	0.189	0.001	0.001
0.947	0.001	0.007	0.045
0.070	0.465	0.460	0.005
>GNKRYTTCCTGY	5-GNKRYTTCCTGY	9.228113	-213.859323	0	T:531.0(14.80%),B:2480.2(5.48%),P:1e-92	Tpos:272.0,Tstd:192.6,Bpos:234.1,Bstd:139.0,StrandBias:-0.0,Multiplicity:1.08
0.208	0.189	0.430	0.172
0.199	0.231	0.245	0.325
0.001	0.001	0.549	0.449
0.437	0.001	0.458	0.104
0.001	0.450	0.012	0.537
0.001	0.001	0.001	0.997
0.001	0.001	0.001	0.997
0.001	0.997	0.001	0.001
0.001	0.822	0.001	0.176
0.001	0.001	0.001	0.997
0.001	0.251	0.561	0.187
0.207	0.312	0.078	0.403
>RRCCACACCCWN	6-RRCCACACCCWN	8.437657	-210.081016	0	T:777.0(21.66%),B:4566.5(10.09%),P:1e-91	Tpos:260.4,Tstd:192.4,Bpos:236.1,Bstd:146.0,StrandBias:0.1,Multiplicity:1.15
0.405	0.146	0.272	0.178
0.286	0.189	0.395	0.130
0.218	0.612	0.001	0.169
0.074	0.924	0.001	0.001
0.662	0.336	0.001	0.001
0.057	0.941	0.001	0.001
0.751	0.001	0.174	0.074
0.001	0.982	0.001	0.016
0.001	0.993	0.001	0.005
0.001	0.916	0.001	0.082
0.374	0.102	0.006	0.518
0.265	0.245	0.254	0.236
>GGAGGTGTGAAA	7-GGAGGTGTGAAA	7.323491	-174.969093	0	T:982.0(27.37%),B:6913.3(15.27%),P:1e-75	Tpos:271.3,Tstd:193.5,Bpos:233.4,Bstd:144.1,StrandBias:0.2,Multiplicity:1.22
0.164	0.072	0.547	0.217
0.130	0.045	0.717	0.108
0.844	0.003	0.069	0.084
0.158	0.058	0.562	0.222
0.023	0.148	0.811	0.018
0.031	0.001	0.016	0.952
0.011	0.027	0.957	0.005
0.208	0.001	0.115	0.676
0.018	0.079	0.699	0.204
0.788	0.041	0.089	0.082
0.619	0.118	0.196	0.067
0.578	0.141	0.210	0.071
>NTGASTCANHNH	8-NTGASTCANHNH	6.717157	-172.205955	0	T:699.0(19.48%),B:4254.9(9.40%),P:1e-74	Tpos:271.6,Tstd:208.3,Bpos:235.5,Bstd:143.2,StrandBias:0.0,Multiplicity:1.15
0.290	0.276	0.279	0.155
0.108	0.024	0.045	0.823
0.002	0.071	0.789	0.138
0.892	0.001	0.005	0.102
0.151	0.378	0.394	0.078
0.095	0.066	0.006	0.833
0.112	0.699	0.129	0.060
0.902	0.047	0.002	0.049
0.167	0.267	0.259	0.306
0.302	0.232	0.155	0.311
0.234	0.261	0.193	0.312
0.203	0.349	0.186	0.263
>RMAAVTGAMACY	9-RMAAVTGAMACY	8.569814	-127.455631	0	T:450.0(12.54%),B:2526.9(5.58%),P:1e-55	Tpos:271.2,Tstd:189.8,Bpos:228.7,Bstd:145.0,StrandBias:-0.2,Multiplicity:1.08
0.400	0.114	0.485	0.001
0.452	0.304	0.243	0.001
0.750	0.248	0.001	0.001
0.619	0.001	0.186	0.194
0.304	0.415	0.280	0.001
0.270	0.001	0.001	0.728
0.108	0.165	0.726	0.001
0.586	0.121	0.001	0.292
0.423	0.376	0.001	0.201
0.996	0.002	0.001	0.001
0.001	0.997	0.001	0.001
0.001	0.515	0.001	0.483
>TGCGGTTAACAS	10-TGCGGTTAACAS	6.808782	-119.672131	0	T:664.0(18.51%),B:4555.4(10.06%),P:1e-51	Tpos:265.1,Tstd:195.1,Bpos:232.6,Bstd:143.9,StrandBias:-0.1,Multiplicity:1.09
0.285	0.018	0.216	0.480
0.080	0.012	0.861	0.047
0.172	0.528	0.087	0.213
0.147	0.059	0.635	0.159
0.047	0.059	0.846	0.048
0.019	0.083	0.067	0.831
0.057	0.069	0.087	0.787
0.807	0.028	0.128	0.037
0.814	0.059	0.068	0.059
0.074	0.881	0.033	0.012
0.904	0.083	0.001	0.012
0.173	0.281	0.404	0.143
>GTCAAAGCCACA	11-GTCAAAGCCACA	9.114995	-98.829573	0	T:267.0(7.44%),B:1289.4(2.85%),P:1e-42	Tpos:253.4,Tstd:172.6,Bpos:231.3,Bstd:142.2,StrandBias:-0.2,Multiplicity:1.05
0.093	0.043	0.734	0.130
0.105	0.068	0.052	0.775
0.040	0.857	0.068	0.035
0.905	0.061	0.001	0.033
0.786	0.099	0.055	0.060
0.847	0.001	0.040	0.112
0.085	0.072	0.780	0.063
0.027	0.906	0.014	0.053
0.086	0.860	0.024	0.030
0.885	0.044	0.040	0.031
0.066	0.840	0.056	0.038
0.829	0.052	0.048	0.071
>GGGGGTTTCCCC	12-GGGGGTTTCCCC	7.186035	-88.682398	0	T:569.0(15.86%),B:4079.1(9.01%),P:1e-38	Tpos:267.1,Tstd:186.3,Bpos:232.7,Bstd:139.1,StrandBias:0.1,Multiplicity:1.09
0.108	0.049	0.708	0.135
0.105	0.043	0.737	0.115
0.069	0.030	0.779	0.122
0.085	0.054	0.753	0.108
0.073	0.129	0.699	0.099
0.093	0.112	0.063	0.732
0.041	0.093	0.095	0.771
0.048	0.096	0.073	0.783
0.053	0.790	0.068	0.089
0.100	0.799	0.019	0.082
0.095	0.750	0.043	0.112
0.129	0.700	0.056	0.115
>GAAAGTGAAACT	13-GAAAGTGAAACT	9.155467	-84.341185	0	T:196.0(5.46%),B:862.1(1.90%),P:1e-36	Tpos:295.5,Tstd:220.4,Bpos:246.8,Bstd:132.1,StrandBias:-0.1,Multiplicity:1.00
0.080	0.067	0.802	0.051
0.694	0.046	0.130	0.130
0.699	0.081	0.135	0.085
0.842	0.001	0.073	0.084
0.114	0.120	0.657	0.109
0.104	0.051	0.082	0.763
0.101	0.096	0.717	0.086
0.744	0.101	0.095	0.060
0.806	0.001	0.119	0.074
0.745	0.069	0.130	0.056
0.054	0.678	0.134	0.134
0.103	0.001	0.041	0.855
>GTCATTTCCTTT	14-GTCATTTCCTTT	9.220225	-60.630068	0	T:214.0(5.96%),B:1191.4(2.63%),P:1e-26	Tpos:273.0,Tstd:190.7,Bpos:238.9,Bstd:137.5,StrandBias:-0.1,Multiplicity:1.04
0.044	0.155	0.735	0.066
0.099	0.046	0.070	0.785
0.062	0.850	0.087	0.001
0.960	0.011	0.021	0.008
0.065	0.013	0.164	0.758
0.081	0.046	0.060	0.813
0.021	0.032	0.013	0.934
0.001	0.856	0.067	0.076
0.092	0.872	0.001	0.035
0.027	0.041	0.109	0.823
0.039	0.081	0.107	0.773
0.118	0.024	0.069	0.789
>TGACCACAGCTG	15-TGACCACAGCTG	9.263340	-41.762563	0	T:206.0(5.74%),B:1330.5(2.94%),P:1e-18	Tpos:261.3,Tstd:165.7,Bpos:240.8,Bstd:142.1,StrandBias:0.2,Multiplicity:1.04
0.027	0.013	0.093	0.867
0.055	0.028	0.774	0.143
0.792	0.071	0.092	0.045
0.069	0.846	0.020	0.065
0.020	0.899	0.042	0.039
0.828	0.034	0.066	0.072
0.031	0.870	0.040	0.059
0.857	0.030	0.054	0.059
0.013	0.053	0.832	0.102
0.058	0.825	0.077	0.040
0.073	0.047	0.033	0.847
0.051	0.056	0.802	0.091
>TSACTDAGAAAC	16-TSACTDAGAAAC	9.851045	-33.332338	0	T:118.0(3.29%),B:663.6(1.47%),P:1e-14	Tpos:255.6,Tstd:195.8,Bpos:233.5,Bstd:147.2,StrandBias:-0.0,Multiplicity:1.01
0.001	0.001	0.084	0.914
0.001	0.442	0.431	0.126
0.749	0.187	0.021	0.043
0.001	0.728	0.042	0.229
0.181	0.056	0.001	0.762
0.319	0.169	0.219	0.293
0.716	0.001	0.001	0.282
0.001	0.001	0.997	0.001
0.628	0.149	0.043	0.180
0.997	0.001	0.001	0.001
0.997	0.001	0.001	0.001
0.001	0.922	0.001	0.076
>TTTTTGGTTTTG	17-TTTTTGGTTTTG	9.665554	-23.904016	0	T:225.0(6.27%),B:1798.2(3.97%),P:1e-10	Tpos:321.5,Tstd:207.9,Bpos:230.8,Bstd:144.7,StrandBias:0.5,Multiplicity:1.09
0.023	0.097	0.074	0.806
0.001	0.046	0.042	0.911
0.001	0.070	0.001	0.928
0.077	0.076	0.001	0.846
0.001	0.046	0.032	0.921
0.088	0.008	0.839	0.065
0.098	0.071	0.729	0.102
0.089	0.063	0.031	0.817
0.001	0.106	0.113	0.780
0.069	0.001	0.094	0.836
0.092	0.001	0.112	0.795
0.061	0.093	0.788	0.058
>GGRGGGGGGGGG	18-GGRGGGGGGGGG	8.560149	-23.838305	0	T:554.0(15.44%),B:5339.1(11.80%),P:1e-10	Tpos:283.1,Tstd:206.2,Bpos:233.5,Bstd:136.4,StrandBias:0.2,Multiplicity:1.20
0.135	0.024	0.798	0.043
0.161	0.144	0.660	0.035
0.504	0.025	0.407	0.064
0.228	0.001	0.770	0.001
0.001	0.001	0.997	0.001
0.098	0.001	0.900	0.001
0.252	0.001	0.746	0.001
0.210	0.145	0.625	0.020
0.141	0.062	0.674	0.123
0.001	0.047	0.951	0.001
0.001	0.026	0.859	0.114
0.238	0.058	0.541	0.163
>GGTGTGATGCTG	19-GGTGTGATGCTG	13.899419	-18.792634	0	T:7.0(0.20%),B:3.8(0.01%),P:1e-8	Tpos:367.1,Tstd:274.8,Bpos:337.1,Bstd:84.3,StrandBias:2.6,Multiplicity:2.33
0.001	0.001	0.997	0.001
0.001	0.001	0.997	0.001
0.001	0.001	0.001	0.997
0.001	0.001	0.997	0.001
0.001	0.001	0.001	0.997
0.001	0.001	0.997	0.001
0.997	0.001	0.001	0.001
0.001	0.001	0.001	0.997
0.001	0.001	0.997	0.001
0.001	0.997	0.001	0.001
0.001	0.001	0.001	0.997
0.067	0.001	0.931	0.001
>GCCACATTGTTA	20-GCCACATTGTTA	-4.114775	-16.086193	0	T:406.0(11.32%),B:3963.2(8.76%),P:1e-6	Tpos:289.3,Tstd:194.8,Bpos:231.2,Bstd:138.1,StrandBias:0.0,Multiplicity:1.08
0.001	0.001	0.997	0.001
0.001	0.997	0.001	0.001
0.001	0.997	0.001	0.001
0.997	0.001	0.001	0.001
0.001	0.997	0.001	0.001
0.997	0.001	0.001	0.001
0.001	0.001	0.001	0.997
0.001	0.001	0.001	0.997
0.001	0.001	0.997	0.001
0.001	0.076	0.001	0.922
0.001	0.001	0.001	0.997
0.997	0.001	0.001	0.001
>CACATTGTTACA	21-CACATTGTTACA	9.152544	-11.712629	0	T:68.0(1.90%),B:483.6(1.07%),P:1e-5	Tpos:242.5,Tstd:224.7,Bpos:242.7,Bstd:148.2,StrandBias:0.6,Multiplicity:1.00
0.060	0.689	0.069	0.182
0.816	0.090	0.001	0.093
0.120	0.712	0.111	0.057
0.777	0.067	0.038	0.118
0.070	0.117	0.203	0.610
0.110	0.001	0.216	0.673
0.055	0.126	0.601	0.218
0.061	0.042	0.071	0.826
0.191	0.179	0.147	0.484
0.652	0.090	0.113	0.145
0.064	0.865	0.070	0.001
0.747	0.073	0.001	0.179
>CGATGTGTTAGA	22-CGATGTGTTAGA	14.149575	-9.456696	0	T:3.0(0.08%),B:1.3(0.00%),P:1e-4	Tpos:367.2,Tstd:138.8,Bpos:62.6,Bstd:31.8,StrandBias:10.0,Multiplicity:4.00
0.001	0.997	0.001	0.001
0.001	0.001	0.997	0.001
0.997	0.001	0.001	0.001
0.001	0.001	0.001	0.997
0.001	0.001	0.997	0.001
0.001	0.001	0.001	0.997
0.001	0.001	0.903	0.095
0.001	0.095	0.001	0.903
0.001	0.001	0.001	0.997
0.997	0.001	0.001	0.001
0.001	0.001	0.997	0.001
0.997	0.001	0.001	0.001
>TCCGCCCTTGGG	23-TCCGCCCTTGGG	14.149575	-9.456696	0	T:3.0(0.08%),B:1.3(0.00%),P:1e-4	Tpos:348.3,Tstd:111.0,Bpos:79.4,Bstd:2.3,StrandBias:10.0,Multiplicity:3.00
0.001	0.001	0.001	0.997
0.001	0.997	0.001	0.001
0.001	0.997	0.001	0.001
0.001	0.095	0.903	0.001
0.001	0.997	0.001	0.001
0.095	0.903	0.001	0.001
0.001	0.997	0.001	0.001
0.001	0.001	0.001	0.997
0.001	0.001	0.001	0.997
0.001	0.001	0.997	0.001
0.001	0.001	0.997	0.001
0.001	0.001	0.997	0.001
>CACTGTCAATYA	24-CACTGTCAATYA	13.007300	-9.047769	0	T:12.0(0.33%),B:40.1(0.09%),P:1e-3	Tpos:182.5,Tstd:97.3,Bpos:227.1,Bstd:138.0,StrandBias:1.5,Multiplicity:1.50
0.001	0.668	0.319	0.012
0.997	0.001	0.001	0.001
0.001	0.997	0.001	0.001
0.319	0.001	0.001	0.679
0.001	0.001	0.997	0.001
0.001	0.001	0.001	0.997
0.001	0.747	0.251	0.001
0.997	0.001	0.001	0.001
0.997	0.001	0.001	0.001
0.001	0.001	0.001	0.997
0.001	0.428	0.239	0.331
0.997	0.001	0.001	0.001
>AAGAGCAACACT	25-AAGAGCAACACT	12.355432	-7.436300	0	T:3.0(0.08%),B:2.6(0.01%),P:1e-3	Tpos:194.3,Tstd:81.9,Bpos:351.9,Bstd:67.9,StrandBias:2.3,Multiplicity:2.00
0.700	0.100	0.100	0.100
0.700	0.100	0.100	0.100
0.100	0.100	0.700	0.100
0.700	0.100	0.100	0.100
0.100	0.100	0.700	0.100
0.100	0.700	0.100	0.100
0.700	0.100	0.100	0.100
0.700	0.100	0.100	0.100
0.100	0.700	0.100	0.100
0.700	0.100	0.100	0.100
0.100	0.700	0.100	0.100
0.100	0.100	0.100	0.700
>TAACCACA	1-TAACCACA	5.821422	-865.188175	0	T:2450.0(68.28%),B:15500.9(34.24%),P:1e-375	Tpos:264.8,Tstd:179.6,Bpos:233.5,Bstd:149.1,StrandBias:-0.0,Multiplicity:1.73
0.300	0.103	0.061	0.536
0.755	0.064	0.104	0.077
0.972	0.001	0.026	0.001
0.001	0.997	0.001	0.001
0.001	0.997	0.001	0.001
0.967	0.001	0.007	0.025
0.001	0.997	0.001	0.001
0.944	0.014	0.009	0.033
>TGYGGTTD	2-TGYGGTTD	4.870120	-498.565288	0	T:2789.0(77.73%),B:23695.1(52.35%),P:1e-216	Tpos:262.0,Tstd:188.5,Bpos:232.5,Bstd:144.7,StrandBias:-0.1,Multiplicity:1.30
0.165	0.141	0.131	0.563
0.051	0.117	0.730	0.102
0.211	0.413	0.014	0.362
0.048	0.050	0.877	0.025
0.037	0.029	0.914	0.020
0.079	0.062	0.141	0.718
0.328	0.054	0.112	0.506
0.377	0.107	0.252	0.264
>TKTGGTTT	3-TKTGGTTT	5.605047	-475.639592	0	T:2223.0(61.96%),B:16581.7(36.63%),P:1e-206	Tpos:260.6,Tstd:182.6,Bpos:233.0,Bstd:144.7,StrandBias:0.0,Multiplicity:1.34
0.051	0.128	0.152	0.669
0.010	0.018	0.541	0.431
0.054	0.258	0.204	0.484
0.001	0.230	0.768	0.001
0.107	0.001	0.773	0.119
0.001	0.198	0.133	0.668
0.050	0.082	0.017	0.851
0.255	0.047	0.254	0.444
>AGGAAGTG	4-AGGAAGTG	8.878655	-381.313760	0	T:921.0(25.67%),B:4389.6(9.70%),P:1e-165	Tpos:276.6,Tstd:181.3,Bpos:232.6,Bstd:144.5,StrandBias:0.1,Multiplicity:1.16
0.997	0.001	0.001	0.001
0.001	0.001	0.997	0.001
0.001	0.001	0.997	0.001
0.997	0.001	0.001	0.001
0.840	0.001	0.001	0.158
0.217	0.001	0.781	0.001
0.001	0.028	0.001	0.970
0.001	0.072	0.926	0.001
>CTTCCTGT	5-CTTCCTGT	7.553751	-281.063359	0	T:1321.0(36.82%),B:8979.7(19.84%),P:1e-122	Tpos:273.7,Tstd:202.0,Bpos:233.2,Bstd:139.0,StrandBias:0.0,Multiplicity:1.27
0.001	0.807	0.001	0.191
0.058	0.001	0.001	0.940
0.001	0.001	0.001	0.997
0.001	0.997	0.001	0.001
0.001	0.997	0.001	0.001
0.001	0.001	0.049	0.949
0.001	0.114	0.884	0.001
0.001	0.104	0.001	0.894
>NGGTGTSA	6-NGGTGTSA	6.150937	-245.786804	0	T:1880.0(52.40%),B:15591.9(34.45%),P:1e-106	Tpos:272.9,Tstd:201.1,Bpos:232.2,Bstd:148.7,StrandBias:0.0,Multiplicity:1.46
0.299	0.224	0.247	0.230
0.278	0.024	0.697	0.001
0.005	0.001	0.993	0.001
0.001	0.001	0.036	0.962
0.064	0.008	0.553	0.375
0.282	0.016	0.019	0.683
0.042	0.395	0.385	0.177
0.620	0.024	0.303	0.053
>TGACTCAT	7-TGACTCAT	7.910945	-172.208921	0	T:635.0(17.70%),B:3685.8(8.14%),P:1e-74	Tpos:273.7,Tstd:206.4,Bpos:233.7,Bstd:142.9,StrandBias:-0.1,Multiplicity:1.12
0.001	0.001	0.001	0.997
0.001	0.001	0.979	0.019
0.997	0.001	0.001	0.001
0.065	0.609	0.286	0.040
0.020	0.001	0.004	0.975
0.034	0.964	0.001	0.001
0.997	0.001	0.001	0.001
0.086	0.115	0.097	0.702
>AACTGAAA	8-AACTGAAA	8.935282	-126.009995	0	T:754.0(21.01%),B:5339.9(11.80%),P:1e-54	Tpos:267.9,Tstd:195.6,Bpos:230.8,Bstd:143.9,StrandBias:0.2,Multiplicity:1.14
0.997	0.001	0.001	0.001
0.997	0.001	0.001	0.001
0.214	0.599	0.186	0.001
0.197	0.001	0.001	0.801
0.001	0.001	0.997	0.001
0.997	0.001	0.001	0.001
0.997	0.001	0.001	0.001
0.997	0.001	0.001	0.001
>GCGGAAGT	9-GCGGAAGT	6.963393	-110.199276	0	T:447.0(12.46%),B:2674.9(5.91%),P:1e-47	Tpos:274.9,Tstd:196.2,Bpos:233.7,Bstd:139.1,StrandBias:0.1,Multiplicity:1.07
0.143	0.018	0.838	0.001
0.037	0.800	0.162	0.001
0.038	0.001	0.960	0.001
0.119	0.001	0.809	0.071
0.997	0.001	0.001	0.001
0.860	0.005	0.001	0.134
0.106	0.001	0.872	0.021
0.001	0.016	0.087	0.896
>TAGTTTCG	10-TAGTTTCG	5.411280	-100.712178	0	T:576.0(16.05%),B:3973.2(8.78%),P:1e-43	Tpos:286.3,Tstd:208.8,Bpos:239.1,Bstd:142.3,StrandBias:0.2,Multiplicity:1.06
0.001	0.275	0.001	0.723
0.997	0.001	0.001	0.001
0.001	0.232	0.766	0.001
0.001	0.001	0.001	0.997
0.114	0.001	0.001	0.884
0.001	0.001	0.001	0.997
0.001	0.997	0.001	0.001
0.144	0.001	0.854	0.001
>GGGCGGGG	11-GGGCGGGG	7.187660	-85.945580	0	T:1096.0(30.55%),B:9665.8(21.35%),P:1e-37	Tpos:278.1,Tstd:206.7,Bpos:237.0,Bstd:137.2,StrandBias:-0.1,Multiplicity:1.46
0.016	0.001	0.982	0.001
0.018	0.001	0.980	0.001
0.001	0.001	0.989	0.009
0.139	0.556	0.001	0.304
0.001	0.001	0.953	0.045
0.022	0.001	0.918	0.059
0.270	0.001	0.706	0.023
0.021	0.001	0.961	0.017
>CTGTGGGC	12-CTGTGGGC	8.547598	-64.471397	0	T:543.0(15.13%),B:4221.3(9.33%),P:1e-27	Tpos:283.3,Tstd:207.3,Bpos:237.9,Bstd:142.8,StrandBias:0.0,Multiplicity:1.11
0.001	0.738	0.001	0.260
0.001	0.001	0.001	0.997
0.001	0.001	0.997	0.001
0.001	0.001	0.001	0.997
0.001	0.001	0.997	0.001
0.001	0.001	0.997	0.001
0.001	0.308	0.690	0.001
0.001	0.997	0.001	0.001
>CGGTGAGA	13-CGGTGAGA	4.582016	-56.603797	0	T:1169.0(32.58%),B:11265.5(24.89%),P:1e-24	Tpos:267.1,Tstd:199.5,Bpos:234.7,Bstd:144.1,StrandBias:0.0,Multiplicity:1.20
0.257	0.731	0.004	0.008
0.052	0.001	0.738	0.209
0.001	0.001	0.997	0.001
0.001	0.001	0.001	0.997
0.001	0.001	0.997	0.001
0.918	0.080	0.001	0.001
0.001	0.005	0.871	0.123
0.997	0.001	0.001	0.001
>TTAGTCAT	14-TTAGTCAT	7.257991	-45.107973	0	T:365.0(10.17%),B:2790.2(6.16%),P:1e-19	Tpos:247.0,Tstd:185.9,Bpos:231.8,Bstd:143.7,StrandBias:0.1,Multiplicity:1.06
0.001	0.097	0.001	0.901
0.001	0.001	0.001	0.997
0.997	0.001	0.001	0.001
0.001	0.166	0.832	0.001
0.001	0.001	0.001	0.997
0.001	0.997	0.001	0.001
0.997	0.001	0.001	0.001
0.001	0.140	0.147	0.712
>ATGACACA	15-ATGACACA	7.173609	-35.067931	0	T:334.0(9.31%),B:2671.5(5.90%),P:1e-15	Tpos:255.4,Tstd:198.9,Bpos:238.8,Bstd:140.1,StrandBias:-0.2,Multiplicity:1.06
0.997	0.001	0.001	0.001
0.001	0.001	0.001	0.997
0.001	0.001	0.881	0.117
0.997	0.001	0.001	0.001
0.001	0.997	0.001	0.001
0.997	0.001	0.001	0.001
0.001	0.909	0.001	0.089
0.621	0.001	0.190	0.188
>YGCCACAA	16-YGCCACAA	7.581414	-33.414182	0	T:249.0(6.94%),B:1857.2(4.10%),P:1e-14	Tpos:256.7,Tstd:181.1,Bpos:236.3,Bstd:145.2,StrandBias:-0.0,Multiplicity:1.03
0.001	0.537	0.001	0.461
0.001	0.214	0.724	0.061
0.001	0.878	0.001	0.120
0.120	0.570	0.309	0.001
0.919	0.001	0.001	0.079
0.001	0.881	0.001	0.117
0.948	0.001	0.001	0.050
0.678	0.223	0.009	0.090
>TGACGTCA	17-TGACGTCA	6.874533	-30.099851	0	T:466.0(12.99%),B:4174.8(9.22%),P:1e-13	Tpos:281.8,Tstd:187.2,Bpos:232.3,Bstd:143.7,StrandBias:0.0,Multiplicity:1.10
0.001	0.002	0.042	0.955
0.030	0.001	0.916	0.053
0.953	0.001	0.001	0.045
0.001	0.997	0.001	0.001
0.138	0.202	0.591	0.069
0.001	0.001	0.001	0.997
0.001	0.997	0.001	0.001
0.923	0.001	0.001	0.075
>GATAAGAM	18-GATAAGAM	7.905252	-26.786197	0	T:252.0(7.02%),B:2011.8(4.44%),P:1e-11	Tpos:274.4,Tstd:188.4,Bpos:232.5,Bstd:134.4,StrandBias:-0.0,Multiplicity:1.04
0.001	0.001	0.997	0.001
0.898	0.001	0.100	0.001
0.001	0.001	0.001	0.997
0.997	0.001	0.001	0.001
0.997	0.001	0.001	0.001
0.001	0.143	0.855	0.001
0.647	0.001	0.351	0.001
0.494	0.504	0.001	0.001
>GATAAGCG	19-GATAAGCG	6.622662	-22.606436	0	T:275.0(7.66%),B:2340.8(5.17%),P:1e-9	Tpos:295.2,Tstd:224.7,Bpos:229.4,Bstd:139.1,StrandBias:-0.0,Multiplicity:1.08
0.011	0.001	0.962	0.026
0.997	0.001	0.001	0.001
0.086	0.001	0.075	0.838
0.824	0.086	0.020	0.070
0.975	0.001	0.023	0.001
0.065	0.096	0.810	0.029
0.154	0.666	0.102	0.078
0.078	0.001	0.920	0.001
>GATCTTAT	20-GATCTTAT	8.981849	-13.832355	0	T:47.0(1.31%),B:269.1(0.59%),P:1e-6	Tpos:291.3,Tstd:206.9,Bpos:248.9,Bstd:129.8,StrandBias:0.9,Multiplicity:1.00
0.001	0.001	0.997	0.001
0.997	0.001	0.001	0.001
0.001	0.001	0.001	0.997
0.001	0.997	0.001	0.001
0.001	0.001	0.124	0.874
0.001	0.001	0.001	0.997
0.997	0.001	0.001	0.001
0.001	0.001	0.001	0.997
