Factor1: 1.419840100669191
Factor2: 0.7043046604534452
