Factor1: 0.91188767755819
Factor2: 1.096626289191398
