Factor1: 1.0329525251130252
Factor2: 0.9680987031718437
