Factor1: 1.0541795141797459
Factor2: 0.9486050397954244
