>CACTTCCTGY	1-CACTTCCTGY	7.230802	-170.285660	0	T:507.0(39.49%),B:8318.1(17.75%),P:1e-73	Tpos:288.4,Tstd:229.4,Bpos:240.4,Bstd:143.4,StrandBias:-0.1,Multiplicity:1.34
0.216	0.424	0.157	0.203
0.554	0.145	0.230	0.071
0.024	0.636	0.095	0.245
0.158	0.027	0.001	0.814
0.016	0.001	0.001	0.982
0.099	0.827	0.026	0.048
0.004	0.978	0.017	0.001
0.001	0.080	0.326	0.593
0.024	0.251	0.615	0.110
0.101	0.309	0.149	0.441
>ATGASTCAKB	2-ATGASTCAKB	8.440805	-43.236855	0	T:146.0(11.37%),B:2358.6(5.03%),P:1e-18	Tpos:302.5,Tstd:252.0,Bpos:236.3,Bstd:137.4,StrandBias:0.0,Multiplicity:1.08
0.495	0.296	0.208	0.001
0.001	0.001	0.001	0.997
0.001	0.001	0.652	0.346
0.997	0.001	0.001	0.001
0.001	0.453	0.545	0.001
0.001	0.001	0.001	0.997
0.075	0.923	0.001	0.001
0.997	0.001	0.001	0.001
0.001	0.180	0.452	0.367
0.153	0.316	0.309	0.221
>GGAAACCACA	3-GGAAACCACA	6.466184	-41.163361	0	T:417.0(32.48%),B:10254.0(21.88%),P:1e-17	Tpos:310.4,Tstd:278.6,Bpos:238.7,Bstd:146.0,StrandBias:-0.0,Multiplicity:1.30
0.107	0.117	0.514	0.262
0.068	0.233	0.557	0.142
0.637	0.130	0.030	0.203
0.969	0.004	0.004	0.023
0.938	0.001	0.056	0.005
0.149	0.807	0.033	0.011
0.126	0.559	0.043	0.272
0.642	0.113	0.160	0.085
0.307	0.630	0.013	0.050
0.783	0.142	0.056	0.019
>CCACTAGATG	4-CCACTAGATG	8.228487	-33.689108	0	T:61.0(4.75%),B:674.9(1.44%),P:1e-14	Tpos:244.8,Tstd:168.6,Bpos:244.3,Bstd:139.4,StrandBias:-0.1,Multiplicity:1.02
0.031	0.897	0.035	0.037
0.001	0.997	0.001	0.001
0.950	0.027	0.001	0.022
0.001	0.957	0.001	0.041
0.014	0.001	0.050	0.935
0.989	0.001	0.009	0.001
0.001	0.001	0.946	0.052
0.920	0.001	0.046	0.033
0.016	0.001	0.167	0.816
0.052	0.001	0.946	0.001
>AAACTGAACG	5-AAACTGAACG	9.532201	-29.683537	0	T:38.0(2.96%),B:316.5(0.68%),P:1e-12	Tpos:237.8,Tstd:209.0,Bpos:223.7,Bstd:140.0,StrandBias:0.3,Multiplicity:1.06
0.814	0.001	0.070	0.115
0.797	0.063	0.054	0.086
0.878	0.001	0.046	0.075
0.001	0.602	0.396	0.001
0.001	0.042	0.051	0.906
0.001	0.001	0.997	0.001
0.873	0.056	0.070	0.001
0.789	0.001	0.048	0.162
0.115	0.883	0.001	0.001
0.001	0.014	0.984	0.001
>ATAAAGCCAC	6-ATAAAGCCAC	7.484814	-27.370209	0	T:60.0(4.67%),B:762.7(1.63%),P:1e-11	Tpos:265.2,Tstd:238.8,Bpos:233.1,Bstd:138.9,StrandBias:0.2,Multiplicity:1.00
0.449	0.120	0.219	0.213
0.036	0.030	0.230	0.704
0.702	0.021	0.040	0.237
0.594	0.155	0.029	0.222
0.667	0.039	0.031	0.263
0.029	0.205	0.614	0.152
0.131	0.599	0.114	0.156
0.051	0.707	0.046	0.196
0.698	0.033	0.030	0.239
0.207	0.569	0.184	0.040
>TCBCDTAACC	7-TCBCDTAACC	7.711135	-26.933412	0	T:55.0(4.28%),B:667.5(1.42%),P:1e-11	Tpos:264.9,Tstd:214.8,Bpos:248.3,Bstd:139.9,StrandBias:-0.8,Multiplicity:1.02
0.072	0.001	0.012	0.915
0.238	0.482	0.001	0.279
0.128	0.222	0.293	0.357
0.001	0.606	0.017	0.376
0.299	0.001	0.357	0.344
0.001	0.025	0.001	0.973
0.605	0.379	0.015	0.001
0.727	0.228	0.001	0.044
0.309	0.608	0.061	0.022
0.387	0.558	0.054	0.001
>GAAGCGGTGA	8-GAAGCGGTGA	9.600894	-26.932544	0	T:49.0(3.82%),B:548.9(1.17%),P:1e-11	Tpos:282.6,Tstd:155.0,Bpos:247.1,Bstd:143.2,StrandBias:0.1,Multiplicity:1.02
0.001	0.110	0.888	0.001
0.985	0.001	0.001	0.013
0.710	0.288	0.001	0.001
0.001	0.001	0.700	0.298
0.001	0.997	0.001	0.001
0.258	0.001	0.477	0.264
0.001	0.001	0.997	0.001
0.053	0.001	0.001	0.945
0.001	0.001	0.997	0.001
0.777	0.073	0.050	0.100
>TAGCTCCGGC	9-TAGCTCCGGC	7.357815	-25.521287	0	T:100.0(7.79%),B:1738.4(3.71%),P:1e-11	Tpos:349.2,Tstd:277.6,Bpos:244.3,Bstd:156.6,StrandBias:-0.1,Multiplicity:1.10
0.052	0.035	0.070	0.843
0.805	0.049	0.089	0.057
0.023	0.109	0.836	0.032
0.084	0.721	0.046	0.149
0.195	0.056	0.069	0.680
0.106	0.828	0.041	0.025
0.019	0.837	0.053	0.091
0.056	0.036	0.851	0.057
0.030	0.094	0.830	0.046
0.065	0.778	0.060	0.097
>CAGTAAACRG	10-CAGTAAACRG	7.648915	-25.108790	0	T:63.0(4.91%),B:872.2(1.86%),P:1e-10	Tpos:287.3,Tstd:191.0,Bpos:237.2,Bstd:139.6,StrandBias:0.6,Multiplicity:1.05
0.135	0.489	0.141	0.235
0.505	0.353	0.106	0.036
0.268	0.182	0.547	0.003
0.038	0.160	0.210	0.592
0.631	0.045	0.060	0.264
0.838	0.042	0.101	0.019
0.590	0.056	0.128	0.226
0.024	0.877	0.090	0.009
0.433	0.263	0.293	0.012
0.016	0.050	0.880	0.054
>TCTGAGGTAG	11-TCTGAGGTAG	8.457434	-23.896917	0	T:88.0(6.85%),B:1489.4(3.18%),P:1e-10	Tpos:265.2,Tstd:203.9,Bpos:239.4,Bstd:136.1,StrandBias:-0.2,Multiplicity:1.05
0.038	0.087	0.067	0.808
0.046	0.875	0.048	0.031
0.096	0.028	0.022	0.854
0.107	0.155	0.665	0.073
0.767	0.106	0.028	0.099
0.009	0.069	0.886	0.036
0.105	0.065	0.758	0.072
0.063	0.042	0.142	0.753
0.887	0.007	0.068	0.038
0.123	0.045	0.759	0.073
>CCAATTCCGC	12-CCAATTCCGC	11.208238	-22.437717	0	T:9.0(0.70%),B:13.6(0.03%),P:1e-9	Tpos:177.8,Tstd:118.7,Bpos:196.5,Bstd:102.7,StrandBias:1.8,Multiplicity:1.00
0.001	0.997	0.001	0.001
0.001	0.835	0.001	0.163
0.997	0.001	0.001	0.001
0.997	0.001	0.001	0.001
0.001	0.001	0.001	0.997
0.001	0.001	0.103	0.895
0.001	0.997	0.001	0.001
0.001	0.997	0.001	0.001
0.001	0.001	0.997	0.001
0.163	0.835	0.001	0.001
>CGAGTTTTTA	13-CGAGTTTTTA	9.018513	-21.347606	0	T:23.0(1.79%),B:166.0(0.35%),P:1e-9	Tpos:243.5,Tstd:198.2,Bpos:254.5,Bstd:153.6,StrandBias:1.2,Multiplicity:1.00
0.001	0.933	0.001	0.065
0.001	0.001	0.997	0.001
0.905	0.001	0.093	0.001
0.130	0.001	0.868	0.001
0.001	0.001	0.001	0.997
0.130	0.130	0.001	0.739
0.001	0.100	0.121	0.778
0.001	0.120	0.001	0.878
0.001	0.001	0.001	0.997
0.893	0.001	0.105	0.001
>GGCGGAGGCG	14-GGCGGAGGCG	7.412338	-21.210612	0	T:313.0(24.38%),B:8247.3(17.60%),P:1e-9	Tpos:390.6,Tstd:272.8,Bpos:236.4,Bstd:163.5,StrandBias:-0.1,Multiplicity:1.76
0.043	0.056	0.850	0.051
0.044	0.030	0.910	0.016
0.137	0.733	0.075	0.055
0.056	0.027	0.854	0.063
0.046	0.046	0.846	0.062
0.710	0.101	0.102	0.087
0.068	0.039	0.833	0.060
0.039	0.078	0.797	0.086
0.102	0.661	0.125	0.112
0.101	0.035	0.814	0.050
>CGCCATGTCG	15-CGCCATGTCG	9.266618	-19.985690	0	T:41.0(3.19%),B:506.2(1.08%),P:1e-8	Tpos:317.8,Tstd:226.3,Bpos:236.4,Bstd:173.6,StrandBias:-0.5,Multiplicity:1.03
0.001	0.997	0.001	0.001
0.027	0.057	0.915	0.001
0.001	0.997	0.001	0.001
0.001	0.842	0.001	0.156
0.997	0.001	0.001	0.001
0.001	0.001	0.042	0.956
0.001	0.146	0.725	0.128
0.001	0.035	0.041	0.923
0.001	0.765	0.035	0.199
0.001	0.027	0.927	0.045
>TTATGCAAAT	16-TTATGCAAAT	9.495730	-19.597714	0	T:35.0(2.73%),B:393.9(0.84%),P:1e-8	Tpos:300.6,Tstd:194.8,Bpos:242.8,Bstd:136.3,StrandBias:0.4,Multiplicity:1.17
0.131	0.001	0.221	0.647
0.035	0.001	0.001	0.963
0.960	0.012	0.027	0.001
0.001	0.001	0.028	0.970
0.001	0.025	0.973	0.001
0.001	0.942	0.056	0.001
0.855	0.001	0.001	0.143
0.937	0.030	0.032	0.001
0.997	0.001	0.001	0.001
0.001	0.035	0.082	0.882
>YGCGCAWGCG	17-YGCGCAWGCG	9.009265	-17.473406	0	T:46.0(3.58%),B:665.7(1.42%),P:1e-7	Tpos:318.8,Tstd:248.8,Bpos:241.0,Bstd:168.2,StrandBias:0.0,Multiplicity:1.17
0.100	0.404	0.130	0.367
0.001	0.001	0.981	0.017
0.001	0.716	0.079	0.204
0.001	0.001	0.997	0.001
0.001	0.997	0.001	0.001
0.683	0.001	0.011	0.305
0.486	0.006	0.001	0.507
0.001	0.105	0.893	0.001
0.109	0.889	0.001	0.001
0.298	0.001	0.700	0.001
>CCGCTCTTTT	18-CCGCTCTTTT	10.296193	-15.920586	0	T:8.0(0.62%),B:20.0(0.04%),P:1e-6	Tpos:204.2,Tstd:170.1,Bpos:149.7,Bstd:67.1,StrandBias:-1.6,Multiplicity:1.00
0.100	0.700	0.100	0.100
0.100	0.700	0.100	0.100
0.100	0.100	0.700	0.100
0.100	0.700	0.100	0.100
0.100	0.100	0.100	0.700
0.100	0.700	0.100	0.100
0.100	0.100	0.100	0.700
0.100	0.100	0.100	0.700
0.100	0.100	0.100	0.700
0.100	0.100	0.100	0.700
>GTCACTGACG	19-GTCACTGACG	9.052810	-15.153285	0	T:31.0(2.41%),B:389.0(0.83%),P:1e-6	Tpos:357.9,Tstd:259.5,Bpos:237.9,Bstd:149.9,StrandBias:0.4,Multiplicity:1.03
0.104	0.058	0.772	0.066
0.067	0.098	0.090	0.745
0.027	0.824	0.086	0.063
0.807	0.073	0.040	0.080
0.070	0.770	0.093	0.067
0.059	0.025	0.012	0.904
0.101	0.028	0.787	0.084
0.751	0.048	0.107	0.094
0.017	0.782	0.124	0.077
0.055	0.029	0.866	0.050
>AAGCACGTAA	20-AAGCACGTAA	10.423575	-15.022680	0	T:14.0(1.09%),B:89.1(0.19%),P:1e-6	Tpos:181.2,Tstd:85.3,Bpos:238.9,Bstd:138.0,StrandBias:0.0,Multiplicity:1.00
0.835	0.063	0.001	0.101
0.692	0.001	0.306	0.001
0.050	0.001	0.620	0.329
0.001	0.997	0.001	0.001
0.997	0.001	0.001	0.001
0.001	0.997	0.001	0.001
0.343	0.001	0.655	0.001
0.001	0.001	0.001	0.997
0.849	0.001	0.149	0.001
0.703	0.133	0.163	0.001
>CTCTAGAAGT	21-CTCTAGAAGT	9.450314	-13.884348	0	T:25.0(1.95%),B:290.2(0.62%),P:1e-6	Tpos:360.4,Tstd:264.8,Bpos:241.0,Bstd:147.8,StrandBias:1.8,Multiplicity:1.40
0.001	0.997	0.001	0.001
0.001	0.028	0.001	0.970
0.001	0.997	0.001	0.001
0.001	0.001	0.001	0.997
0.977	0.001	0.001	0.021
0.001	0.001	0.907	0.091
0.934	0.001	0.001	0.064
0.880	0.118	0.001	0.001
0.001	0.164	0.808	0.027
0.001	0.001	0.001	0.997
>CWATGWTGTC	22-CWATGWTGTC	7.865161	-12.825402	0	T:19.0(1.48%),B:192.1(0.41%),P:1e-5	Tpos:282.5,Tstd:141.2,Bpos:242.6,Bstd:143.4,StrandBias:-1.0,Multiplicity:1.26
0.208	0.604	0.177	0.011
0.282	0.155	0.132	0.431
0.782	0.001	0.002	0.215
0.002	0.164	0.158	0.676
0.195	0.113	0.521	0.171
0.441	0.234	0.001	0.324
0.263	0.211	0.006	0.520
0.001	0.387	0.611	0.001
0.200	0.001	0.219	0.580
0.001	0.843	0.059	0.097
>ATTGTTAGCG	23-ATTGTTAGCG	10.493067	-12.711278	0	T:10.0(0.78%),B:53.1(0.11%),P:1e-5	Tpos:208.3,Tstd:164.6,Bpos:230.3,Bstd:130.2,StrandBias:1.7,Multiplicity:1.30
0.997	0.001	0.001	0.001
0.205	0.001	0.001	0.793
0.001	0.001	0.077	0.921
0.001	0.001	0.812	0.186
0.001	0.001	0.149	0.849
0.001	0.132	0.160	0.707
0.997	0.001	0.001	0.001
0.056	0.001	0.715	0.228
0.001	0.743	0.001	0.255
0.001	0.018	0.980	0.001
>CTAACACACT	24-CTAACACACT	10.296193	-8.121689	0	T:6.0(0.47%),B:32.6(0.07%),P:1e-3	Tpos:203.2,Tstd:109.1,Bpos:218.2,Bstd:119.1,StrandBias:-2.5,Multiplicity:2.17
0.100	0.700	0.100	0.100
0.100	0.100	0.100	0.700
0.700	0.100	0.100	0.100
0.700	0.100	0.100	0.100
0.100	0.700	0.100	0.100
0.700	0.100	0.100	0.100
0.100	0.700	0.100	0.100
0.700	0.100	0.100	0.100
0.100	0.700	0.100	0.100
0.100	0.100	0.100	0.700
>GACAGGAAGTGG	1-GACAGGAAGTGG	7.746672	-128.587943	0	T:436.0(33.96%),B:7466.8(15.93%),P:1e-55	Tpos:294.7,Tstd:234.8,Bpos:238.6,Bstd:139.9,StrandBias:-0.0,Multiplicity:1.29
0.250	0.201	0.519	0.030
0.509	0.144	0.271	0.076
0.070	0.737	0.187	0.006
0.957	0.010	0.019	0.014
0.001	0.001	0.997	0.001
0.033	0.022	0.936	0.009
0.963	0.008	0.028	0.001
0.870	0.001	0.040	0.089
0.148	0.107	0.744	0.001
0.102	0.051	0.090	0.757
0.153	0.012	0.689	0.146
0.177	0.212	0.487	0.125
>CACTAGAGGGCA	2-CACTAGAGGGCA	13.232254	-50.431291	0	T:21.0(1.64%),B:30.2(0.06%),P:1e-21	Tpos:199.9,Tstd:119.2,Bpos:216.9,Bstd:132.8,StrandBias:-0.4,Multiplicity:1.00
0.001	0.997	0.001	0.001
0.997	0.001	0.001	0.001
0.001	0.960	0.038	0.001
0.001	0.186	0.001	0.812
0.997	0.001	0.001	0.001
0.001	0.001	0.997	0.001
0.997	0.001	0.001	0.001
0.001	0.001	0.799	0.199
0.001	0.001	0.997	0.001
0.198	0.001	0.710	0.091
0.090	0.908	0.001	0.001
0.851	0.001	0.057	0.091
>GCGGAGGAGGAG	3-GCGGAGGAGGAG	9.177347	-40.986251	0	T:176.0(13.71%),B:3183.1(6.79%),P:1e-17	Tpos:332.8,Tstd:233.8,Bpos:233.9,Bstd:156.0,StrandBias:0.0,Multiplicity:1.23
0.080	0.023	0.877	0.020
0.014	0.808	0.071	0.107
0.073	0.022	0.853	0.052
0.043	0.038	0.918	0.001
0.736	0.102	0.144	0.018
0.088	0.001	0.866	0.045
0.058	0.096	0.845	0.001
0.855	0.055	0.051	0.039
0.072	0.030	0.824	0.074
0.131	0.048	0.820	0.001
0.791	0.113	0.069	0.027
0.077	0.083	0.823	0.017
>CAGGAAACCACA	4-CAGGAAACCACA	9.506065	-33.927030	0	T:73.0(5.69%),B:910.3(1.94%),P:1e-14	Tpos:251.6,Tstd:208.1,Bpos:241.6,Bstd:139.4,StrandBias:-0.2,Multiplicity:1.03
0.059	0.846	0.008	0.087
0.819	0.096	0.013	0.072
0.029	0.042	0.778	0.151
0.095	0.147	0.704	0.054
0.859	0.074	0.043	0.024
0.898	0.044	0.041	0.017
0.801	0.062	0.083	0.054
0.063	0.816	0.087	0.034
0.077	0.844	0.008	0.071
0.904	0.024	0.001	0.071
0.085	0.878	0.036	0.001
0.858	0.054	0.043	0.045
>GCTGTTTCCTGT	5-GCTGTTTCCTGT	9.493268	-33.339462	0	T:87.0(6.78%),B:1223.1(2.61%),P:1e-14	Tpos:299.4,Tstd:218.2,Bpos:235.7,Bstd:142.9,StrandBias:-0.3,Multiplicity:1.09
0.095	0.080	0.766	0.059
0.068	0.760	0.087	0.085
0.034	0.001	0.020	0.945
0.062	0.085	0.839	0.014
0.086	0.175	0.001	0.738
0.001	0.001	0.030	0.968
0.022	0.125	0.037	0.816
0.034	0.766	0.135	0.065
0.092	0.849	0.001	0.058
0.022	0.031	0.031	0.916
0.078	0.065	0.818	0.039
0.036	0.106	0.032	0.826
>GAAAGCCCCGCC	6-GAAAGCCCCGCC	8.750299	-31.348346	0	T:96.0(7.48%),B:1476.7(3.15%),P:1e-13	Tpos:296.2,Tstd:207.0,Bpos:233.5,Bstd:158.8,StrandBias:-0.3,Multiplicity:1.13
0.070	0.042	0.870	0.018
0.717	0.070	0.135	0.078
0.736	0.077	0.056	0.131
0.877	0.044	0.051	0.028
0.001	0.067	0.813	0.119
0.038	0.931	0.024	0.007
0.001	0.904	0.061	0.034
0.069	0.774	0.089	0.068
0.054	0.845	0.086	0.015
0.016	0.035	0.872	0.077
0.001	0.883	0.058	0.058
0.024	0.785	0.057	0.134
>CAGGCGGAAATC	7-CAGGCGGAAATC	13.522382	-30.334152	0	T:12.0(0.93%),B:16.7(0.04%),P:1e-13	Tpos:211.6,Tstd:127.4,Bpos:275.9,Bstd:146.6,StrandBias:3.5,Multiplicity:1.00
0.001	0.997	0.001	0.001
0.736	0.001	0.001	0.262
0.001	0.001	0.997	0.001
0.402	0.001	0.596	0.001
0.001	0.581	0.001	0.417
0.001	0.001	0.997	0.001
0.001	0.001	0.997	0.001
0.736	0.262	0.001	0.001
0.997	0.001	0.001	0.001
0.997	0.001	0.001	0.001
0.001	0.318	0.001	0.680
0.001	0.997	0.001	0.001
>AATTCCGCTTGA	8-AATTCCGCTTGA	15.171190	-28.197299	0	T:6.0(0.47%),B:0.6(0.00%),P:1e-12	Tpos:129.0,Tstd:62.6,Bpos:9.0,Bstd:0.0,StrandBias:10.0,Multiplicity:1.00
0.997	0.001	0.001	0.001
0.997	0.001	0.001	0.001
0.001	0.001	0.001	0.997
0.001	0.001	0.001	0.997
0.001	0.997	0.001	0.001
0.001	0.997	0.001	0.001
0.001	0.001	0.997	0.001
0.001	0.997	0.001	0.001
0.001	0.239	0.239	0.521
0.001	0.001	0.001	0.997
0.001	0.001	0.997	0.001
0.997	0.001	0.001	0.001
>TTTATGCAAATT	9-TTTATGCAAATT	11.378543	-26.761136	0	T:21.0(1.64%),B:101.5(0.22%),P:1e-11	Tpos:216.5,Tstd:199.0,Bpos:228.2,Bstd:129.6,StrandBias:0.6,Multiplicity:1.19
0.001	0.085	0.001	0.913
0.241	0.001	0.299	0.459
0.001	0.001	0.001	0.997
0.585	0.164	0.001	0.250
0.001	0.001	0.001	0.997
0.126	0.001	0.872	0.001
0.123	0.790	0.001	0.086
0.942	0.001	0.001	0.056
0.936	0.062	0.001	0.001
0.919	0.001	0.001	0.079
0.001	0.001	0.050	0.948
0.001	0.212	0.080	0.707
>TCCTAGAAGGTC	10-TCCTAGAAGGTC	11.633966	-22.637139	0	T:14.0(1.09%),B:48.3(0.10%),P:1e-9	Tpos:189.6,Tstd:146.3,Bpos:214.4,Bstd:163.2,StrandBias:1.5,Multiplicity:1.07
0.001	0.157	0.138	0.704
0.016	0.708	0.275	0.001
0.001	0.861	0.001	0.137
0.292	0.001	0.137	0.570
0.997	0.001	0.001	0.001
0.001	0.137	0.725	0.137
0.861	0.001	0.001	0.137
0.845	0.001	0.153	0.001
0.274	0.001	0.724	0.001
0.001	0.001	0.997	0.001
0.001	0.001	0.001	0.997
0.001	0.861	0.137	0.001
>CCTTGGCTGCCA	11-CCTTGGCTGCCA	14.403805	-21.647233	0	T:10.0(0.78%),B:20.7(0.04%),P:1e-9	Tpos:159.1,Tstd:95.6,Bpos:250.6,Bstd:135.1,StrandBias:10.0,Multiplicity:1.00
0.001	0.997	0.001	0.001
0.001	0.997	0.001	0.001
0.001	0.001	0.001	0.997
0.001	0.001	0.001	0.997
0.127	0.001	0.871	0.001
0.001	0.001	0.997	0.001
0.001	0.997	0.001	0.001
0.127	0.001	0.001	0.871
0.001	0.001	0.997	0.001
0.001	0.997	0.001	0.001
0.001	0.997	0.001	0.001
0.997	0.001	0.001	0.001
>TGGATACTGCTC	12-TGGATACTGCTC	12.355432	-17.593226	0	T:4.0(0.31%),B:1.2(0.00%),P:1e-7	Tpos:106.0,Tstd:75.1,Bpos:120.0,Bstd:0.0,StrandBias:10.0,Multiplicity:1.00
0.100	0.100	0.100	0.700
0.100	0.100	0.700	0.100
0.100	0.100	0.700	0.100
0.700	0.100	0.100	0.100
0.100	0.100	0.100	0.700
0.700	0.100	0.100	0.100
0.100	0.700	0.100	0.100
0.100	0.100	0.100	0.700
0.100	0.100	0.700	0.100
0.100	0.700	0.100	0.100
0.100	0.100	0.100	0.700
0.100	0.700	0.100	0.100
>GCGCAGGGATGT	13-GCGCAGGGATGT	16.416152	-17.593226	0	T:4.0(0.31%),B:0.6(0.00%),P:1e-7	Tpos:138.2,Tstd:26.2,Bpos:0.0,Bstd:0.0,StrandBias:10.0,Multiplicity:1.00
0.001	0.001	0.997	0.001
0.001	0.997	0.001	0.001
0.001	0.001	0.997	0.001
0.001	0.997	0.001	0.001
0.997	0.001	0.001	0.001
0.001	0.001	0.997	0.001
0.001	0.001	0.997	0.001
0.001	0.001	0.997	0.001
0.830	0.001	0.168	0.001
0.001	0.001	0.001	0.997
0.001	0.001	0.997	0.001
0.001	0.001	0.001	0.997
>GGAAAAGAGCGG	14-GGAAAAGAGCGG	12.355432	-17.356214	0	T:5.0(0.39%),B:3.3(0.01%),P:1e-7	Tpos:125.2,Tstd:48.3,Bpos:87.0,Bstd:32.1,StrandBias:10.0,Multiplicity:1.00
0.100	0.100	0.700	0.100
0.100	0.100	0.700	0.100
0.700	0.100	0.100	0.100
0.700	0.100	0.100	0.100
0.700	0.100	0.100	0.100
0.700	0.100	0.100	0.100
0.100	0.100	0.700	0.100
0.700	0.100	0.100	0.100
0.100	0.100	0.700	0.100
0.100	0.700	0.100	0.100
0.100	0.100	0.700	0.100
0.100	0.100	0.700	0.100
>GGGTACCCACAG	15-GGGTACCCACAG	13.347549	-17.187968	0	T:9.0(0.70%),B:24.6(0.05%),P:1e-7	Tpos:160.9,Tstd:99.8,Bpos:211.9,Bstd:117.5,StrandBias:2.7,Multiplicity:1.88
0.001	0.001	0.997	0.001
0.145	0.001	0.736	0.118
0.001	0.001	0.896	0.102
0.001	0.091	0.001	0.907
0.997	0.001	0.001	0.001
0.001	0.997	0.001	0.001
0.102	0.896	0.001	0.001
0.001	0.997	0.001	0.001
0.709	0.001	0.145	0.145
0.001	0.997	0.001	0.001
0.997	0.001	0.001	0.001
0.001	0.001	0.997	0.001
>BARCCCCCAGTS	16-BARCCCCCAGTS	10.620206	-17.004286	0	T:15.0(1.17%),B:88.7(0.19%),P:1e-7	Tpos:278.9,Tstd:303.4,Bpos:268.5,Bstd:125.1,StrandBias:0.6,Multiplicity:1.33
0.064	0.290	0.316	0.329
0.872	0.087	0.019	0.022
0.528	0.026	0.445	0.001
0.343	0.630	0.001	0.026
0.340	0.610	0.040	0.010
0.001	0.716	0.251	0.032
0.037	0.648	0.001	0.314
0.047	0.698	0.254	0.001
0.805	0.001	0.051	0.143
0.001	0.077	0.882	0.040
0.094	0.108	0.026	0.772
0.026	0.536	0.419	0.019
>TGCTGCAGTACA	17-TGCTGCAGTACA	14.329825	-12.113459	0	T:4.0(0.31%),B:5.0(0.01%),P:1e-5	Tpos:139.9,Tstd:73.7,Bpos:192.2,Bstd:118.0,StrandBias:2.8,Multiplicity:2.00
0.001	0.001	0.001	0.997
0.001	0.001	0.997	0.001
0.001	0.997	0.001	0.001
0.001	0.001	0.001	0.997
0.001	0.001	0.997	0.001
0.001	0.997	0.001	0.001
0.997	0.001	0.001	0.001
0.001	0.001	0.997	0.001
0.001	0.001	0.001	0.997
0.877	0.121	0.001	0.001
0.001	0.997	0.001	0.001
0.849	0.001	0.149	0.001
>TCCTCTAACACA	18-TCCTCTAACACA	13.869114	-10.547095	0	T:3.0(0.23%),B:2.7(0.01%),P:1e-4	Tpos:148.5,Tstd:96.4,Bpos:204.2,Bstd:136.2,StrandBias:-3.5,Multiplicity:4.00
0.001	0.001	0.001	0.997
0.001	0.997	0.001	0.001
0.001	0.997	0.001	0.001
0.001	0.001	0.001	0.997
0.001	0.997	0.001	0.001
0.001	0.001	0.001	0.997
0.997	0.001	0.001	0.001
0.997	0.001	0.001	0.001
0.001	0.997	0.001	0.001
0.997	0.001	0.001	0.001
0.065	0.933	0.001	0.001
0.997	0.001	0.001	0.001
>ACTCTAGAAGTC	19-ACTCTAGAAGTC	14.515469	-8.508492	0	T:3.0(0.23%),B:4.2(0.01%),P:1e-3	Tpos:514.5,Tstd:173.6,Bpos:248.8,Bstd:97.9,StrandBias:10.0,Multiplicity:3.67
0.997	0.001	0.001	0.001
0.001	0.997	0.001	0.001
0.001	0.001	0.001	0.997
0.001	0.997	0.001	0.001
0.001	0.001	0.001	0.997
0.997	0.001	0.001	0.001
0.001	0.001	0.997	0.001
0.997	0.001	0.001	0.001
0.997	0.001	0.001	0.001
0.001	0.001	0.853	0.145
0.001	0.145	0.001	0.853
0.001	0.997	0.001	0.001
>ACAACTCACCAC	20-ACAACTCACCAC	14.607381	-7.906471	0	T:2.0(0.16%),B:1.8(0.00%),P:1e-3	Tpos:75.3,Tstd:44.3,Bpos:127.6,Bstd:71.8,StrandBias:2.6,Multiplicity:3.50
0.997	0.001	0.001	0.001
0.001	0.997	0.001	0.001
0.997	0.001	0.001	0.001
0.997	0.001	0.001	0.001
0.001	0.997	0.001	0.001
0.001	0.001	0.001	0.997
0.001	0.997	0.001	0.001
0.997	0.001	0.001	0.001
0.001	0.997	0.001	0.001
0.001	0.862	0.136	0.001
0.997	0.001	0.001	0.001
0.001	0.997	0.001	0.001
>GGTGACAGCATA	21-GGTGACAGCATA	8.463612	-6.431378	0	T:66.0(5.14%),B:1641.3(3.50%),P:1e-2	Tpos:313.1,Tstd:276.1,Bpos:241.7,Bstd:141.1,StrandBias:-0.2,Multiplicity:1.17
0.100	0.100	0.700	0.100
0.100	0.100	0.700	0.100
0.100	0.100	0.100	0.700
0.100	0.100	0.700	0.100
0.700	0.100	0.100	0.100
0.100	0.700	0.100	0.100
0.700	0.100	0.100	0.100
0.100	0.100	0.700	0.100
0.100	0.700	0.100	0.100
0.700	0.100	0.100	0.100
0.100	0.100	0.100	0.700
0.700	0.100	0.100	0.100
>TGCACTGCAGGT	22-TGCACTGCAGGT	14.800672	-4.413419	0	T:2.0(0.16%),B:7.0(0.01%),P:1e-1	Tpos:199.0,Tstd:120.3,Bpos:115.2,Bstd:122.3,StrandBias:2.3,Multiplicity:3.00
0.001	0.001	0.001	0.997
0.001	0.001	0.997	0.001
0.001	0.997	0.001	0.001
0.997	0.001	0.001	0.001
0.165	0.833	0.001	0.001
0.001	0.001	0.001	0.997
0.001	0.001	0.997	0.001
0.001	0.997	0.001	0.001
0.997	0.001	0.001	0.001
0.001	0.001	0.997	0.001
0.001	0.001	0.997	0.001
0.001	0.001	0.001	0.997
>TGTAATGAGCTC	23-TGTAATGAGCTC	12.355432	-3.610822	0	T:1.0(0.08%),B:1.3(0.00%),P:1e-1	Tpos:626.1,Tstd:62.2,Bpos:316.3,Bstd:87.8,StrandBias:10.0,Multiplicity:7.00
0.100	0.100	0.100	0.700
0.100	0.100	0.700	0.100
0.100	0.100	0.100	0.700
0.700	0.100	0.100	0.100
0.700	0.100	0.100	0.100
0.100	0.100	0.100	0.700
0.100	0.100	0.700	0.100
0.700	0.100	0.100	0.100
0.100	0.100	0.700	0.100
0.100	0.700	0.100	0.100
0.100	0.100	0.100	0.700
0.100	0.700	0.100	0.100
>CAGTGACACTGC	24-CAGTGACACTGC	12.355432	-2.539340	0	T:1.0(0.08%),B:3.4(0.01%),P:1e-1	Tpos:119.0,Tstd:79.2,Bpos:358.9,Bstd:95.7,StrandBias:10.0,Multiplicity:5.00
0.100	0.700	0.100	0.100
0.700	0.100	0.100	0.100
0.100	0.100	0.700	0.100
0.100	0.100	0.100	0.700
0.100	0.100	0.700	0.100
0.700	0.100	0.100	0.100
0.100	0.700	0.100	0.100
0.700	0.100	0.100	0.100
0.100	0.700	0.100	0.100
0.100	0.100	0.100	0.700
0.100	0.100	0.700	0.100
0.100	0.700	0.100	0.100
>GTGCTTGCTCTT	25-GTGCTTGCTCTT	12.355432	-2.265130	0	T:1.0(0.08%),B:4.5(0.01%),P:1e0	Tpos:143.0,Tstd:99.3,Bpos:213.8,Bstd:75.6,StrandBias:10.0,Multiplicity:5.00
0.100	0.100	0.700	0.100
0.100	0.100	0.100	0.700
0.100	0.100	0.700	0.100
0.100	0.700	0.100	0.100
0.100	0.100	0.100	0.700
0.100	0.100	0.100	0.700
0.100	0.100	0.700	0.100
0.100	0.700	0.100	0.100
0.100	0.100	0.100	0.700
0.100	0.700	0.100	0.100
0.100	0.100	0.100	0.700
0.100	0.100	0.100	0.700
>ACTTCCTG	1-ACTTCCTG	7.962601	-155.661815	0	T:408.0(31.78%),B:6078.9(12.97%),P:1e-67	Tpos:297.9,Tstd:247.1,Bpos:239.8,Bstd:141.0,StrandBias:-0.1,Multiplicity:1.24
0.997	0.001	0.001	0.001
0.001	0.879	0.001	0.119
0.088	0.001	0.001	0.910
0.001	0.001	0.001	0.997
0.001	0.997	0.001	0.001
0.001	0.997	0.001	0.001
0.001	0.001	0.077	0.921
0.001	0.215	0.720	0.064
>GCGGAAAC	2-GCGGAAAC	4.339500	-65.867726	0	T:618.0(48.13%),B:15461.4(33.00%),P:1e-28	Tpos:313.9,Tstd:241.6,Bpos:236.4,Bstd:148.9,StrandBias:0.1,Multiplicity:1.42
0.018	0.392	0.589	0.001
0.068	0.930	0.001	0.001
0.001	0.001	0.997	0.001
0.001	0.001	0.929	0.069
0.997	0.001	0.001	0.001
0.997	0.001	0.001	0.001
0.928	0.001	0.070	0.001
0.001	0.681	0.235	0.083
>TTACCACA	3-TTACCACA	3.953364	-45.064494	0	T:362.0(28.19%),B:8325.7(17.77%),P:1e-19	Tpos:297.2,Tstd:260.6,Bpos:237.7,Bstd:144.5,StrandBias:-0.1,Multiplicity:1.28
0.055	0.054	0.001	0.890
0.165	0.001	0.001	0.833
0.997	0.001	0.001	0.001
0.029	0.969	0.001	0.001
0.001	0.997	0.001	0.001
0.997	0.001	0.001	0.001
0.001	0.997	0.001	0.001
0.997	0.001	0.001	0.001
>GTGACDWA	4-GTGACDWA	5.860527	-36.900910	0	T:468.0(36.45%),B:12171.7(25.97%),P:1e-16	Tpos:281.4,Tstd:222.1,Bpos:236.9,Bstd:147.1,StrandBias:-0.2,Multiplicity:1.29
0.001	0.001	0.876	0.122
0.172	0.167	0.001	0.660
0.001	0.043	0.848	0.108
0.911	0.001	0.087	0.001
0.151	0.847	0.001	0.001
0.249	0.001	0.357	0.393
0.333	0.133	0.059	0.475
0.655	0.192	0.103	0.050
>ATGACTCA	5-ATGACTCA	8.171265	-36.186061	0	T:189.0(14.72%),B:3701.8(7.90%),P:1e-15	Tpos:315.2,Tstd:268.5,Bpos:236.7,Bstd:139.0,StrandBias:-0.1,Multiplicity:1.14
0.545	0.305	0.149	0.001
0.001	0.022	0.001	0.976
0.001	0.001	0.997	0.001
0.997	0.001	0.001	0.001
0.001	0.703	0.295	0.001
0.001	0.001	0.001	0.997
0.400	0.598	0.001	0.001
0.891	0.001	0.107	0.001
>CCTTCCTC	6-CCTTCCTC	7.443413	-24.034233	0	T:302.0(23.52%),B:7691.7(16.41%),P:1e-10	Tpos:319.9,Tstd:273.5,Bpos:239.5,Bstd:143.4,StrandBias:-0.1,Multiplicity:1.20
0.001	0.997	0.001	0.001
0.001	0.800	0.198	0.001
0.001	0.061	0.145	0.793
0.191	0.001	0.001	0.807
0.029	0.969	0.001	0.001
0.001	0.917	0.081	0.001
0.266	0.001	0.001	0.732
0.001	0.889	0.109	0.001
>CACTAGAG	7-CACTAGAG	7.491020	-23.641084	0	T:135.0(10.51%),B:2729.9(5.83%),P:1e-10	Tpos:262.2,Tstd:189.9,Bpos:240.5,Bstd:145.1,StrandBias:0.1,Multiplicity:1.07
0.001	0.997	0.001	0.001
0.948	0.001	0.001	0.050
0.001	0.997	0.001	0.001
0.001	0.001	0.069	0.929
0.925	0.073	0.001	0.001
0.104	0.001	0.894	0.001
0.930	0.001	0.068	0.001
0.001	0.001	0.770	0.228
>CGCCATAY	8-CGCCATAY	6.745744	-18.584761	0	T:81.0(6.31%),B:1484.3(3.17%),P:1e-8	Tpos:339.5,Tstd:285.4,Bpos:241.7,Bstd:152.3,StrandBias:-0.3,Multiplicity:1.06
0.001	0.997	0.001	0.001
0.001	0.001	0.997	0.001
0.217	0.547	0.078	0.158
0.147	0.783	0.001	0.069
0.706	0.001	0.266	0.027
0.001	0.001	0.001	0.997
0.887	0.001	0.111	0.001
0.001	0.554	0.015	0.430
>ACGTCAGA	9-ACGTCAGA	8.236954	-18.496554	0	T:24.0(1.87%),B:209.7(0.45%),P:1e-8	Tpos:264.5,Tstd:205.7,Bpos:249.4,Bstd:153.2,StrandBias:0.6,Multiplicity:1.04
0.700	0.100	0.100	0.100
0.100	0.700	0.100	0.100
0.100	0.100	0.700	0.100
0.100	0.100	0.100	0.700
0.100	0.700	0.100	0.100
0.700	0.100	0.100	0.100
0.100	0.100	0.700	0.100
0.700	0.100	0.100	0.100
>GGCGGAGG	10-GGCGGAGG	7.473645	-17.084850	0	T:401.0(31.23%),B:11510.3(24.56%),P:1e-7	Tpos:369.8,Tstd:253.5,Bpos:238.8,Bstd:158.3,StrandBias:-0.1,Multiplicity:1.77
0.032	0.001	0.966	0.001
0.017	0.060	0.922	0.001
0.166	0.695	0.138	0.001
0.001	0.001	0.895	0.103
0.065	0.001	0.933	0.001
0.768	0.126	0.052	0.054
0.001	0.031	0.967	0.001
0.001	0.070	0.928	0.001
>TCTCGCGA	11-TCTCGCGA	6.642333	-16.907756	0	T:76.0(5.92%),B:1414.8(3.02%),P:1e-7	Tpos:377.4,Tstd:198.0,Bpos:243.7,Bstd:177.2,StrandBias:0.1,Multiplicity:1.23
0.064	0.001	0.127	0.808
0.001	0.997	0.001	0.001
0.001	0.102	0.001	0.896
0.001	0.917	0.081	0.001
0.001	0.001	0.997	0.001
0.001	0.997	0.001	0.001
0.001	0.001	0.997	0.001
0.997	0.001	0.001	0.001
>GCGGAATT	12-GCGGAATT	9.577667	-15.426079	0	T:17.0(1.32%),B:129.3(0.28%),P:1e-6	Tpos:244.9,Tstd:278.1,Bpos:249.2,Bstd:138.1,StrandBias:-1.3,Multiplicity:1.00
0.001	0.001	0.997	0.001
0.001	0.997	0.001	0.001
0.001	0.225	0.773	0.001
0.001	0.001	0.997	0.001
0.997	0.001	0.001	0.001
0.997	0.001	0.001	0.001
0.001	0.001	0.001	0.997
0.001	0.001	0.001	0.997
