>GACAGGAAGTGG	1-GACAGGAAGTGG	7.746672	-128.587943	0	T:436.0(33.96%),B:7466.8(15.93%),P:1e-55	Tpos:294.7,Tstd:234.8,Bpos:238.6,Bstd:139.9,StrandBias:-0.0,Multiplicity:1.29
0.250	0.201	0.519	0.030
0.509	0.144	0.271	0.076
0.070	0.737	0.187	0.006
0.957	0.010	0.019	0.014
0.001	0.001	0.997	0.001
0.033	0.022	0.936	0.009
0.963	0.008	0.028	0.001
0.870	0.001	0.040	0.089
0.148	0.107	0.744	0.001
0.102	0.051	0.090	0.757
0.153	0.012	0.689	0.146
0.177	0.212	0.487	0.125
>CACTAGAGGGCA	2-CACTAGAGGGCA	13.232254	-50.431291	0	T:21.0(1.64%),B:30.2(0.06%),P:1e-21	Tpos:199.9,Tstd:119.2,Bpos:216.9,Bstd:132.8,StrandBias:-0.4,Multiplicity:1.00
0.001	0.997	0.001	0.001
0.997	0.001	0.001	0.001
0.001	0.960	0.038	0.001
0.001	0.186	0.001	0.812
0.997	0.001	0.001	0.001
0.001	0.001	0.997	0.001
0.997	0.001	0.001	0.001
0.001	0.001	0.799	0.199
0.001	0.001	0.997	0.001
0.198	0.001	0.710	0.091
0.090	0.908	0.001	0.001
0.851	0.001	0.057	0.091
>GCGGAGGAGGAG	3-GCGGAGGAGGAG	9.177347	-40.986251	0	T:176.0(13.71%),B:3183.1(6.79%),P:1e-17	Tpos:332.8,Tstd:233.8,Bpos:233.9,Bstd:156.0,StrandBias:0.0,Multiplicity:1.23
0.080	0.023	0.877	0.020
0.014	0.808	0.071	0.107
0.073	0.022	0.853	0.052
0.043	0.038	0.918	0.001
0.736	0.102	0.144	0.018
0.088	0.001	0.866	0.045
0.058	0.096	0.845	0.001
0.855	0.055	0.051	0.039
0.072	0.030	0.824	0.074
0.131	0.048	0.820	0.001
0.791	0.113	0.069	0.027
0.077	0.083	0.823	0.017
>CAGGAAACCACA	4-CAGGAAACCACA	9.506065	-33.927030	0	T:73.0(5.69%),B:910.3(1.94%),P:1e-14	Tpos:251.6,Tstd:208.1,Bpos:241.6,Bstd:139.4,StrandBias:-0.2,Multiplicity:1.03
0.059	0.846	0.008	0.087
0.819	0.096	0.013	0.072
0.029	0.042	0.778	0.151
0.095	0.147	0.704	0.054
0.859	0.074	0.043	0.024
0.898	0.044	0.041	0.017
0.801	0.062	0.083	0.054
0.063	0.816	0.087	0.034
0.077	0.844	0.008	0.071
0.904	0.024	0.001	0.071
0.085	0.878	0.036	0.001
0.858	0.054	0.043	0.045
>GCTGTTTCCTGT	5-GCTGTTTCCTGT	9.493268	-33.339462	0	T:87.0(6.78%),B:1223.1(2.61%),P:1e-14	Tpos:299.4,Tstd:218.2,Bpos:235.7,Bstd:142.9,StrandBias:-0.3,Multiplicity:1.09
0.095	0.080	0.766	0.059
0.068	0.760	0.087	0.085
0.034	0.001	0.020	0.945
0.062	0.085	0.839	0.014
0.086	0.175	0.001	0.738
0.001	0.001	0.030	0.968
0.022	0.125	0.037	0.816
0.034	0.766	0.135	0.065
0.092	0.849	0.001	0.058
0.022	0.031	0.031	0.916
0.078	0.065	0.818	0.039
0.036	0.106	0.032	0.826
>GAAAGCCCCGCC	6-GAAAGCCCCGCC	8.750299	-31.348346	0	T:96.0(7.48%),B:1476.7(3.15%),P:1e-13	Tpos:296.2,Tstd:207.0,Bpos:233.5,Bstd:158.8,StrandBias:-0.3,Multiplicity:1.13
0.070	0.042	0.870	0.018
0.717	0.070	0.135	0.078
0.736	0.077	0.056	0.131
0.877	0.044	0.051	0.028
0.001	0.067	0.813	0.119
0.038	0.931	0.024	0.007
0.001	0.904	0.061	0.034
0.069	0.774	0.089	0.068
0.054	0.845	0.086	0.015
0.016	0.035	0.872	0.077
0.001	0.883	0.058	0.058
0.024	0.785	0.057	0.134
>CAGGCGGAAATC	7-CAGGCGGAAATC	13.522382	-30.334152	0	T:12.0(0.93%),B:16.7(0.04%),P:1e-13	Tpos:211.6,Tstd:127.4,Bpos:275.9,Bstd:146.6,StrandBias:3.5,Multiplicity:1.00
0.001	0.997	0.001	0.001
0.736	0.001	0.001	0.262
0.001	0.001	0.997	0.001
0.402	0.001	0.596	0.001
0.001	0.581	0.001	0.417
0.001	0.001	0.997	0.001
0.001	0.001	0.997	0.001
0.736	0.262	0.001	0.001
0.997	0.001	0.001	0.001
0.997	0.001	0.001	0.001
0.001	0.318	0.001	0.680
0.001	0.997	0.001	0.001
>AATTCCGCTTGA	8-AATTCCGCTTGA	15.171190	-28.197299	0	T:6.0(0.47%),B:0.6(0.00%),P:1e-12	Tpos:129.0,Tstd:62.6,Bpos:9.0,Bstd:0.0,StrandBias:10.0,Multiplicity:1.00
0.997	0.001	0.001	0.001
0.997	0.001	0.001	0.001
0.001	0.001	0.001	0.997
0.001	0.001	0.001	0.997
0.001	0.997	0.001	0.001
0.001	0.997	0.001	0.001
0.001	0.001	0.997	0.001
0.001	0.997	0.001	0.001
0.001	0.239	0.239	0.521
0.001	0.001	0.001	0.997
0.001	0.001	0.997	0.001
0.997	0.001	0.001	0.001
>TTTATGCAAATT	9-TTTATGCAAATT	11.378543	-26.761136	0	T:21.0(1.64%),B:101.5(0.22%),P:1e-11	Tpos:216.5,Tstd:199.0,Bpos:228.2,Bstd:129.6,StrandBias:0.6,Multiplicity:1.19
0.001	0.085	0.001	0.913
0.241	0.001	0.299	0.459
0.001	0.001	0.001	0.997
0.585	0.164	0.001	0.250
0.001	0.001	0.001	0.997
0.126	0.001	0.872	0.001
0.123	0.790	0.001	0.086
0.942	0.001	0.001	0.056
0.936	0.062	0.001	0.001
0.919	0.001	0.001	0.079
0.001	0.001	0.050	0.948
0.001	0.212	0.080	0.707
>TCCTAGAAGGTC	10-TCCTAGAAGGTC	11.633966	-22.637139	0	T:14.0(1.09%),B:48.3(0.10%),P:1e-9	Tpos:189.6,Tstd:146.3,Bpos:214.4,Bstd:163.2,StrandBias:1.5,Multiplicity:1.07
0.001	0.157	0.138	0.704
0.016	0.708	0.275	0.001
0.001	0.861	0.001	0.137
0.292	0.001	0.137	0.570
0.997	0.001	0.001	0.001
0.001	0.137	0.725	0.137
0.861	0.001	0.001	0.137
0.845	0.001	0.153	0.001
0.274	0.001	0.724	0.001
0.001	0.001	0.997	0.001
0.001	0.001	0.001	0.997
0.001	0.861	0.137	0.001
>CCTTGGCTGCCA	11-CCTTGGCTGCCA	14.403805	-21.647233	0	T:10.0(0.78%),B:20.7(0.04%),P:1e-9	Tpos:159.1,Tstd:95.6,Bpos:250.6,Bstd:135.1,StrandBias:10.0,Multiplicity:1.00
0.001	0.997	0.001	0.001
0.001	0.997	0.001	0.001
0.001	0.001	0.001	0.997
0.001	0.001	0.001	0.997
0.127	0.001	0.871	0.001
0.001	0.001	0.997	0.001
0.001	0.997	0.001	0.001
0.127	0.001	0.001	0.871
0.001	0.001	0.997	0.001
0.001	0.997	0.001	0.001
0.001	0.997	0.001	0.001
0.997	0.001	0.001	0.001
>TGGATACTGCTC	12-TGGATACTGCTC	12.355432	-17.593226	0	T:4.0(0.31%),B:1.2(0.00%),P:1e-7	Tpos:106.0,Tstd:75.1,Bpos:120.0,Bstd:0.0,StrandBias:10.0,Multiplicity:1.00
0.100	0.100	0.100	0.700
0.100	0.100	0.700	0.100
0.100	0.100	0.700	0.100
0.700	0.100	0.100	0.100
0.100	0.100	0.100	0.700
0.700	0.100	0.100	0.100
0.100	0.700	0.100	0.100
0.100	0.100	0.100	0.700
0.100	0.100	0.700	0.100
0.100	0.700	0.100	0.100
0.100	0.100	0.100	0.700
0.100	0.700	0.100	0.100
>GCGCAGGGATGT	13-GCGCAGGGATGT	16.416152	-17.593226	0	T:4.0(0.31%),B:0.6(0.00%),P:1e-7	Tpos:138.2,Tstd:26.2,Bpos:0.0,Bstd:0.0,StrandBias:10.0,Multiplicity:1.00
0.001	0.001	0.997	0.001
0.001	0.997	0.001	0.001
0.001	0.001	0.997	0.001
0.001	0.997	0.001	0.001
0.997	0.001	0.001	0.001
0.001	0.001	0.997	0.001
0.001	0.001	0.997	0.001
0.001	0.001	0.997	0.001
0.830	0.001	0.168	0.001
0.001	0.001	0.001	0.997
0.001	0.001	0.997	0.001
0.001	0.001	0.001	0.997
>GGAAAAGAGCGG	14-GGAAAAGAGCGG	12.355432	-17.356214	0	T:5.0(0.39%),B:3.3(0.01%),P:1e-7	Tpos:125.2,Tstd:48.3,Bpos:87.0,Bstd:32.1,StrandBias:10.0,Multiplicity:1.00
0.100	0.100	0.700	0.100
0.100	0.100	0.700	0.100
0.700	0.100	0.100	0.100
0.700	0.100	0.100	0.100
0.700	0.100	0.100	0.100
0.700	0.100	0.100	0.100
0.100	0.100	0.700	0.100
0.700	0.100	0.100	0.100
0.100	0.100	0.700	0.100
0.100	0.700	0.100	0.100
0.100	0.100	0.700	0.100
0.100	0.100	0.700	0.100
>GGGTACCCACAG	15-GGGTACCCACAG	13.347549	-17.187968	0	T:9.0(0.70%),B:24.6(0.05%),P:1e-7	Tpos:160.9,Tstd:99.8,Bpos:211.9,Bstd:117.5,StrandBias:2.7,Multiplicity:1.88
0.001	0.001	0.997	0.001
0.145	0.001	0.736	0.118
0.001	0.001	0.896	0.102
0.001	0.091	0.001	0.907
0.997	0.001	0.001	0.001
0.001	0.997	0.001	0.001
0.102	0.896	0.001	0.001
0.001	0.997	0.001	0.001
0.709	0.001	0.145	0.145
0.001	0.997	0.001	0.001
0.997	0.001	0.001	0.001
0.001	0.001	0.997	0.001
>BARCCCCCAGTS	16-BARCCCCCAGTS	10.620206	-17.004286	0	T:15.0(1.17%),B:88.7(0.19%),P:1e-7	Tpos:278.9,Tstd:303.4,Bpos:268.5,Bstd:125.1,StrandBias:0.6,Multiplicity:1.33
0.064	0.290	0.316	0.329
0.872	0.087	0.019	0.022
0.528	0.026	0.445	0.001
0.343	0.630	0.001	0.026
0.340	0.610	0.040	0.010
0.001	0.716	0.251	0.032
0.037	0.648	0.001	0.314
0.047	0.698	0.254	0.001
0.805	0.001	0.051	0.143
0.001	0.077	0.882	0.040
0.094	0.108	0.026	0.772
0.026	0.536	0.419	0.019
>TGCTGCAGTACA	17-TGCTGCAGTACA	14.329825	-12.113459	0	T:4.0(0.31%),B:5.0(0.01%),P:1e-5	Tpos:139.9,Tstd:73.7,Bpos:192.2,Bstd:118.0,StrandBias:2.8,Multiplicity:2.00
0.001	0.001	0.001	0.997
0.001	0.001	0.997	0.001
0.001	0.997	0.001	0.001
0.001	0.001	0.001	0.997
0.001	0.001	0.997	0.001
0.001	0.997	0.001	0.001
0.997	0.001	0.001	0.001
0.001	0.001	0.997	0.001
0.001	0.001	0.001	0.997
0.877	0.121	0.001	0.001
0.001	0.997	0.001	0.001
0.849	0.001	0.149	0.001
>TCCTCTAACACA	18-TCCTCTAACACA	13.869114	-10.547095	0	T:3.0(0.23%),B:2.7(0.01%),P:1e-4	Tpos:148.5,Tstd:96.4,Bpos:204.2,Bstd:136.2,StrandBias:-3.5,Multiplicity:4.00
0.001	0.001	0.001	0.997
0.001	0.997	0.001	0.001
0.001	0.997	0.001	0.001
0.001	0.001	0.001	0.997
0.001	0.997	0.001	0.001
0.001	0.001	0.001	0.997
0.997	0.001	0.001	0.001
0.997	0.001	0.001	0.001
0.001	0.997	0.001	0.001
0.997	0.001	0.001	0.001
0.065	0.933	0.001	0.001
0.997	0.001	0.001	0.001
>ACTCTAGAAGTC	19-ACTCTAGAAGTC	14.515469	-8.508492	0	T:3.0(0.23%),B:4.2(0.01%),P:1e-3	Tpos:514.5,Tstd:173.6,Bpos:248.8,Bstd:97.9,StrandBias:10.0,Multiplicity:3.67
0.997	0.001	0.001	0.001
0.001	0.997	0.001	0.001
0.001	0.001	0.001	0.997
0.001	0.997	0.001	0.001
0.001	0.001	0.001	0.997
0.997	0.001	0.001	0.001
0.001	0.001	0.997	0.001
0.997	0.001	0.001	0.001
0.997	0.001	0.001	0.001
0.001	0.001	0.853	0.145
0.001	0.145	0.001	0.853
0.001	0.997	0.001	0.001
>ACAACTCACCAC	20-ACAACTCACCAC	14.607381	-7.906471	0	T:2.0(0.16%),B:1.8(0.00%),P:1e-3	Tpos:75.3,Tstd:44.3,Bpos:127.6,Bstd:71.8,StrandBias:2.6,Multiplicity:3.50
0.997	0.001	0.001	0.001
0.001	0.997	0.001	0.001
0.997	0.001	0.001	0.001
0.997	0.001	0.001	0.001
0.001	0.997	0.001	0.001
0.001	0.001	0.001	0.997
0.001	0.997	0.001	0.001
0.997	0.001	0.001	0.001
0.001	0.997	0.001	0.001
0.001	0.862	0.136	0.001
0.997	0.001	0.001	0.001
0.001	0.997	0.001	0.001
>GGTGACAGCATA	21-GGTGACAGCATA	8.463612	-6.431378	0	T:66.0(5.14%),B:1641.3(3.50%),P:1e-2	Tpos:313.1,Tstd:276.1,Bpos:241.7,Bstd:141.1,StrandBias:-0.2,Multiplicity:1.17
0.100	0.100	0.700	0.100
0.100	0.100	0.700	0.100
0.100	0.100	0.100	0.700
0.100	0.100	0.700	0.100
0.700	0.100	0.100	0.100
0.100	0.700	0.100	0.100
0.700	0.100	0.100	0.100
0.100	0.100	0.700	0.100
0.100	0.700	0.100	0.100
0.700	0.100	0.100	0.100
0.100	0.100	0.100	0.700
0.700	0.100	0.100	0.100
>TGCACTGCAGGT	22-TGCACTGCAGGT	14.800672	-4.413419	0	T:2.0(0.16%),B:7.0(0.01%),P:1e-1	Tpos:199.0,Tstd:120.3,Bpos:115.2,Bstd:122.3,StrandBias:2.3,Multiplicity:3.00
0.001	0.001	0.001	0.997
0.001	0.001	0.997	0.001
0.001	0.997	0.001	0.001
0.997	0.001	0.001	0.001
0.165	0.833	0.001	0.001
0.001	0.001	0.001	0.997
0.001	0.001	0.997	0.001
0.001	0.997	0.001	0.001
0.997	0.001	0.001	0.001
0.001	0.001	0.997	0.001
0.001	0.001	0.997	0.001
0.001	0.001	0.001	0.997
>TGTAATGAGCTC	23-TGTAATGAGCTC	12.355432	-3.610822	0	T:1.0(0.08%),B:1.3(0.00%),P:1e-1	Tpos:626.1,Tstd:62.2,Bpos:316.3,Bstd:87.8,StrandBias:10.0,Multiplicity:7.00
0.100	0.100	0.100	0.700
0.100	0.100	0.700	0.100
0.100	0.100	0.100	0.700
0.700	0.100	0.100	0.100
0.700	0.100	0.100	0.100
0.100	0.100	0.100	0.700
0.100	0.100	0.700	0.100
0.700	0.100	0.100	0.100
0.100	0.100	0.700	0.100
0.100	0.700	0.100	0.100
0.100	0.100	0.100	0.700
0.100	0.700	0.100	0.100
>CAGTGACACTGC	24-CAGTGACACTGC	12.355432	-2.539340	0	T:1.0(0.08%),B:3.4(0.01%),P:1e-1	Tpos:119.0,Tstd:79.2,Bpos:358.9,Bstd:95.7,StrandBias:10.0,Multiplicity:5.00
0.100	0.700	0.100	0.100
0.700	0.100	0.100	0.100
0.100	0.100	0.700	0.100
0.100	0.100	0.100	0.700
0.100	0.100	0.700	0.100
0.700	0.100	0.100	0.100
0.100	0.700	0.100	0.100
0.700	0.100	0.100	0.100
0.100	0.700	0.100	0.100
0.100	0.100	0.100	0.700
0.100	0.100	0.700	0.100
0.100	0.700	0.100	0.100
>GTGCTTGCTCTT	25-GTGCTTGCTCTT	12.355432	-2.265130	0	T:1.0(0.08%),B:4.5(0.01%),P:1e0	Tpos:143.0,Tstd:99.3,Bpos:213.8,Bstd:75.6,StrandBias:10.0,Multiplicity:5.00
0.100	0.100	0.700	0.100
0.100	0.100	0.100	0.700
0.100	0.100	0.700	0.100
0.100	0.700	0.100	0.100
0.100	0.100	0.100	0.700
0.100	0.100	0.100	0.700
0.100	0.100	0.700	0.100
0.100	0.700	0.100	0.100
0.100	0.100	0.100	0.700
0.100	0.700	0.100	0.100
0.100	0.100	0.100	0.700
0.100	0.100	0.100	0.700
