>ACTTCCTG	1-ACTTCCTG	7.962601	-155.661815	0	T:408.0(31.78%),B:6078.9(12.97%),P:1e-67	Tpos:297.9,Tstd:247.1,Bpos:239.8,Bstd:141.0,StrandBias:-0.1,Multiplicity:1.24
0.997	0.001	0.001	0.001
0.001	0.879	0.001	0.119
0.088	0.001	0.001	0.910
0.001	0.001	0.001	0.997
0.001	0.997	0.001	0.001
0.001	0.997	0.001	0.001
0.001	0.001	0.077	0.921
0.001	0.215	0.720	0.064
>GCGGAAAC	2-GCGGAAAC	4.339500	-65.867726	0	T:618.0(48.13%),B:15461.4(33.00%),P:1e-28	Tpos:313.9,Tstd:241.6,Bpos:236.4,Bstd:148.9,StrandBias:0.1,Multiplicity:1.42
0.018	0.392	0.589	0.001
0.068	0.930	0.001	0.001
0.001	0.001	0.997	0.001
0.001	0.001	0.929	0.069
0.997	0.001	0.001	0.001
0.997	0.001	0.001	0.001
0.928	0.001	0.070	0.001
0.001	0.681	0.235	0.083
>TTACCACA	3-TTACCACA	3.953364	-45.064494	0	T:362.0(28.19%),B:8325.7(17.77%),P:1e-19	Tpos:297.2,Tstd:260.6,Bpos:237.7,Bstd:144.5,StrandBias:-0.1,Multiplicity:1.28
0.055	0.054	0.001	0.890
0.165	0.001	0.001	0.833
0.997	0.001	0.001	0.001
0.029	0.969	0.001	0.001
0.001	0.997	0.001	0.001
0.997	0.001	0.001	0.001
0.001	0.997	0.001	0.001
0.997	0.001	0.001	0.001
>GTGACDWA	4-GTGACDWA	5.860527	-36.900910	0	T:468.0(36.45%),B:12171.7(25.97%),P:1e-16	Tpos:281.4,Tstd:222.1,Bpos:236.9,Bstd:147.1,StrandBias:-0.2,Multiplicity:1.29
0.001	0.001	0.876	0.122
0.172	0.167	0.001	0.660
0.001	0.043	0.848	0.108
0.911	0.001	0.087	0.001
0.151	0.847	0.001	0.001
0.249	0.001	0.357	0.393
0.333	0.133	0.059	0.475
0.655	0.192	0.103	0.050
>ATGACTCA	5-ATGACTCA	8.171265	-36.186061	0	T:189.0(14.72%),B:3701.8(7.90%),P:1e-15	Tpos:315.2,Tstd:268.5,Bpos:236.7,Bstd:139.0,StrandBias:-0.1,Multiplicity:1.14
0.545	0.305	0.149	0.001
0.001	0.022	0.001	0.976
0.001	0.001	0.997	0.001
0.997	0.001	0.001	0.001
0.001	0.703	0.295	0.001
0.001	0.001	0.001	0.997
0.400	0.598	0.001	0.001
0.891	0.001	0.107	0.001
>CCTTCCTC	6-CCTTCCTC	7.443413	-24.034233	0	T:302.0(23.52%),B:7691.7(16.41%),P:1e-10	Tpos:319.9,Tstd:273.5,Bpos:239.5,Bstd:143.4,StrandBias:-0.1,Multiplicity:1.20
0.001	0.997	0.001	0.001
0.001	0.800	0.198	0.001
0.001	0.061	0.145	0.793
0.191	0.001	0.001	0.807
0.029	0.969	0.001	0.001
0.001	0.917	0.081	0.001
0.266	0.001	0.001	0.732
0.001	0.889	0.109	0.001
>CACTAGAG	7-CACTAGAG	7.491020	-23.641084	0	T:135.0(10.51%),B:2729.9(5.83%),P:1e-10	Tpos:262.2,Tstd:189.9,Bpos:240.5,Bstd:145.1,StrandBias:0.1,Multiplicity:1.07
0.001	0.997	0.001	0.001
0.948	0.001	0.001	0.050
0.001	0.997	0.001	0.001
0.001	0.001	0.069	0.929
0.925	0.073	0.001	0.001
0.104	0.001	0.894	0.001
0.930	0.001	0.068	0.001
0.001	0.001	0.770	0.228
>CGCCATAY	8-CGCCATAY	6.745744	-18.584761	0	T:81.0(6.31%),B:1484.3(3.17%),P:1e-8	Tpos:339.5,Tstd:285.4,Bpos:241.7,Bstd:152.3,StrandBias:-0.3,Multiplicity:1.06
0.001	0.997	0.001	0.001
0.001	0.001	0.997	0.001
0.217	0.547	0.078	0.158
0.147	0.783	0.001	0.069
0.706	0.001	0.266	0.027
0.001	0.001	0.001	0.997
0.887	0.001	0.111	0.001
0.001	0.554	0.015	0.430
>ACGTCAGA	9-ACGTCAGA	8.236954	-18.496554	0	T:24.0(1.87%),B:209.7(0.45%),P:1e-8	Tpos:264.5,Tstd:205.7,Bpos:249.4,Bstd:153.2,StrandBias:0.6,Multiplicity:1.04
0.700	0.100	0.100	0.100
0.100	0.700	0.100	0.100
0.100	0.100	0.700	0.100
0.100	0.100	0.100	0.700
0.100	0.700	0.100	0.100
0.700	0.100	0.100	0.100
0.100	0.100	0.700	0.100
0.700	0.100	0.100	0.100
>GGCGGAGG	10-GGCGGAGG	7.473645	-17.084850	0	T:401.0(31.23%),B:11510.3(24.56%),P:1e-7	Tpos:369.8,Tstd:253.5,Bpos:238.8,Bstd:158.3,StrandBias:-0.1,Multiplicity:1.77
0.032	0.001	0.966	0.001
0.017	0.060	0.922	0.001
0.166	0.695	0.138	0.001
0.001	0.001	0.895	0.103
0.065	0.001	0.933	0.001
0.768	0.126	0.052	0.054
0.001	0.031	0.967	0.001
0.001	0.070	0.928	0.001
>TCTCGCGA	11-TCTCGCGA	6.642333	-16.907756	0	T:76.0(5.92%),B:1414.8(3.02%),P:1e-7	Tpos:377.4,Tstd:198.0,Bpos:243.7,Bstd:177.2,StrandBias:0.1,Multiplicity:1.23
0.064	0.001	0.127	0.808
0.001	0.997	0.001	0.001
0.001	0.102	0.001	0.896
0.001	0.917	0.081	0.001
0.001	0.001	0.997	0.001
0.001	0.997	0.001	0.001
0.001	0.001	0.997	0.001
0.997	0.001	0.001	0.001
>GCGGAATT	12-GCGGAATT	9.577667	-15.426079	0	T:17.0(1.32%),B:129.3(0.28%),P:1e-6	Tpos:244.9,Tstd:278.1,Bpos:249.2,Bstd:138.1,StrandBias:-1.3,Multiplicity:1.00
0.001	0.001	0.997	0.001
0.001	0.997	0.001	0.001
0.001	0.225	0.773	0.001
0.001	0.001	0.997	0.001
0.997	0.001	0.001	0.001
0.997	0.001	0.001	0.001
0.001	0.001	0.001	0.997
0.001	0.001	0.001	0.997
