>CACTTCCTGY	1-CACTTCCTGY	7.230802	-170.285660	0	T:507.0(39.49%),B:8318.1(17.75%),P:1e-73	Tpos:288.4,Tstd:229.4,Bpos:240.4,Bstd:143.4,StrandBias:-0.1,Multiplicity:1.34
0.216	0.424	0.157	0.203
0.554	0.145	0.230	0.071
0.024	0.636	0.095	0.245
0.158	0.027	0.001	0.814
0.016	0.001	0.001	0.982
0.099	0.827	0.026	0.048
0.004	0.978	0.017	0.001
0.001	0.080	0.326	0.593
0.024	0.251	0.615	0.110
0.101	0.309	0.149	0.441
>ATGASTCAKB	2-ATGASTCAKB	8.440805	-43.236855	0	T:146.0(11.37%),B:2358.6(5.03%),P:1e-18	Tpos:302.5,Tstd:252.0,Bpos:236.3,Bstd:137.4,StrandBias:0.0,Multiplicity:1.08
0.495	0.296	0.208	0.001
0.001	0.001	0.001	0.997
0.001	0.001	0.652	0.346
0.997	0.001	0.001	0.001
0.001	0.453	0.545	0.001
0.001	0.001	0.001	0.997
0.075	0.923	0.001	0.001
0.997	0.001	0.001	0.001
0.001	0.180	0.452	0.367
0.153	0.316	0.309	0.221
>GGAAACCACA	3-GGAAACCACA	6.466184	-41.163361	0	T:417.0(32.48%),B:10254.0(21.88%),P:1e-17	Tpos:310.4,Tstd:278.6,Bpos:238.7,Bstd:146.0,StrandBias:-0.0,Multiplicity:1.30
0.107	0.117	0.514	0.262
0.068	0.233	0.557	0.142
0.637	0.130	0.030	0.203
0.969	0.004	0.004	0.023
0.938	0.001	0.056	0.005
0.149	0.807	0.033	0.011
0.126	0.559	0.043	0.272
0.642	0.113	0.160	0.085
0.307	0.630	0.013	0.050
0.783	0.142	0.056	0.019
>CCACTAGATG	4-CCACTAGATG	8.228487	-33.689108	0	T:61.0(4.75%),B:674.9(1.44%),P:1e-14	Tpos:244.8,Tstd:168.6,Bpos:244.3,Bstd:139.4,StrandBias:-0.1,Multiplicity:1.02
0.031	0.897	0.035	0.037
0.001	0.997	0.001	0.001
0.950	0.027	0.001	0.022
0.001	0.957	0.001	0.041
0.014	0.001	0.050	0.935
0.989	0.001	0.009	0.001
0.001	0.001	0.946	0.052
0.920	0.001	0.046	0.033
0.016	0.001	0.167	0.816
0.052	0.001	0.946	0.001
>AAACTGAACG	5-AAACTGAACG	9.532201	-29.683537	0	T:38.0(2.96%),B:316.5(0.68%),P:1e-12	Tpos:237.8,Tstd:209.0,Bpos:223.7,Bstd:140.0,StrandBias:0.3,Multiplicity:1.06
0.814	0.001	0.070	0.115
0.797	0.063	0.054	0.086
0.878	0.001	0.046	0.075
0.001	0.602	0.396	0.001
0.001	0.042	0.051	0.906
0.001	0.001	0.997	0.001
0.873	0.056	0.070	0.001
0.789	0.001	0.048	0.162
0.115	0.883	0.001	0.001
0.001	0.014	0.984	0.001
>ATAAAGCCAC	6-ATAAAGCCAC	7.484814	-27.370209	0	T:60.0(4.67%),B:762.7(1.63%),P:1e-11	Tpos:265.2,Tstd:238.8,Bpos:233.1,Bstd:138.9,StrandBias:0.2,Multiplicity:1.00
0.449	0.120	0.219	0.213
0.036	0.030	0.230	0.704
0.702	0.021	0.040	0.237
0.594	0.155	0.029	0.222
0.667	0.039	0.031	0.263
0.029	0.205	0.614	0.152
0.131	0.599	0.114	0.156
0.051	0.707	0.046	0.196
0.698	0.033	0.030	0.239
0.207	0.569	0.184	0.040
>TCBCDTAACC	7-TCBCDTAACC	7.711135	-26.933412	0	T:55.0(4.28%),B:667.5(1.42%),P:1e-11	Tpos:264.9,Tstd:214.8,Bpos:248.3,Bstd:139.9,StrandBias:-0.8,Multiplicity:1.02
0.072	0.001	0.012	0.915
0.238	0.482	0.001	0.279
0.128	0.222	0.293	0.357
0.001	0.606	0.017	0.376
0.299	0.001	0.357	0.344
0.001	0.025	0.001	0.973
0.605	0.379	0.015	0.001
0.727	0.228	0.001	0.044
0.309	0.608	0.061	0.022
0.387	0.558	0.054	0.001
>GAAGCGGTGA	8-GAAGCGGTGA	9.600894	-26.932544	0	T:49.0(3.82%),B:548.9(1.17%),P:1e-11	Tpos:282.6,Tstd:155.0,Bpos:247.1,Bstd:143.2,StrandBias:0.1,Multiplicity:1.02
0.001	0.110	0.888	0.001
0.985	0.001	0.001	0.013
0.710	0.288	0.001	0.001
0.001	0.001	0.700	0.298
0.001	0.997	0.001	0.001
0.258	0.001	0.477	0.264
0.001	0.001	0.997	0.001
0.053	0.001	0.001	0.945
0.001	0.001	0.997	0.001
0.777	0.073	0.050	0.100
>TAGCTCCGGC	9-TAGCTCCGGC	7.357815	-25.521287	0	T:100.0(7.79%),B:1738.4(3.71%),P:1e-11	Tpos:349.2,Tstd:277.6,Bpos:244.3,Bstd:156.6,StrandBias:-0.1,Multiplicity:1.10
0.052	0.035	0.070	0.843
0.805	0.049	0.089	0.057
0.023	0.109	0.836	0.032
0.084	0.721	0.046	0.149
0.195	0.056	0.069	0.680
0.106	0.828	0.041	0.025
0.019	0.837	0.053	0.091
0.056	0.036	0.851	0.057
0.030	0.094	0.830	0.046
0.065	0.778	0.060	0.097
>CAGTAAACRG	10-CAGTAAACRG	7.648915	-25.108790	0	T:63.0(4.91%),B:872.2(1.86%),P:1e-10	Tpos:287.3,Tstd:191.0,Bpos:237.2,Bstd:139.6,StrandBias:0.6,Multiplicity:1.05
0.135	0.489	0.141	0.235
0.505	0.353	0.106	0.036
0.268	0.182	0.547	0.003
0.038	0.160	0.210	0.592
0.631	0.045	0.060	0.264
0.838	0.042	0.101	0.019
0.590	0.056	0.128	0.226
0.024	0.877	0.090	0.009
0.433	0.263	0.293	0.012
0.016	0.050	0.880	0.054
>TCTGAGGTAG	11-TCTGAGGTAG	8.457434	-23.896917	0	T:88.0(6.85%),B:1489.4(3.18%),P:1e-10	Tpos:265.2,Tstd:203.9,Bpos:239.4,Bstd:136.1,StrandBias:-0.2,Multiplicity:1.05
0.038	0.087	0.067	0.808
0.046	0.875	0.048	0.031
0.096	0.028	0.022	0.854
0.107	0.155	0.665	0.073
0.767	0.106	0.028	0.099
0.009	0.069	0.886	0.036
0.105	0.065	0.758	0.072
0.063	0.042	0.142	0.753
0.887	0.007	0.068	0.038
0.123	0.045	0.759	0.073
>CCAATTCCGC	12-CCAATTCCGC	11.208238	-22.437717	0	T:9.0(0.70%),B:13.6(0.03%),P:1e-9	Tpos:177.8,Tstd:118.7,Bpos:196.5,Bstd:102.7,StrandBias:1.8,Multiplicity:1.00
0.001	0.997	0.001	0.001
0.001	0.835	0.001	0.163
0.997	0.001	0.001	0.001
0.997	0.001	0.001	0.001
0.001	0.001	0.001	0.997
0.001	0.001	0.103	0.895
0.001	0.997	0.001	0.001
0.001	0.997	0.001	0.001
0.001	0.001	0.997	0.001
0.163	0.835	0.001	0.001
>CGAGTTTTTA	13-CGAGTTTTTA	9.018513	-21.347606	0	T:23.0(1.79%),B:166.0(0.35%),P:1e-9	Tpos:243.5,Tstd:198.2,Bpos:254.5,Bstd:153.6,StrandBias:1.2,Multiplicity:1.00
0.001	0.933	0.001	0.065
0.001	0.001	0.997	0.001
0.905	0.001	0.093	0.001
0.130	0.001	0.868	0.001
0.001	0.001	0.001	0.997
0.130	0.130	0.001	0.739
0.001	0.100	0.121	0.778
0.001	0.120	0.001	0.878
0.001	0.001	0.001	0.997
0.893	0.001	0.105	0.001
>GGCGGAGGCG	14-GGCGGAGGCG	7.412338	-21.210612	0	T:313.0(24.38%),B:8247.3(17.60%),P:1e-9	Tpos:390.6,Tstd:272.8,Bpos:236.4,Bstd:163.5,StrandBias:-0.1,Multiplicity:1.76
0.043	0.056	0.850	0.051
0.044	0.030	0.910	0.016
0.137	0.733	0.075	0.055
0.056	0.027	0.854	0.063
0.046	0.046	0.846	0.062
0.710	0.101	0.102	0.087
0.068	0.039	0.833	0.060
0.039	0.078	0.797	0.086
0.102	0.661	0.125	0.112
0.101	0.035	0.814	0.050
>CGCCATGTCG	15-CGCCATGTCG	9.266618	-19.985690	0	T:41.0(3.19%),B:506.2(1.08%),P:1e-8	Tpos:317.8,Tstd:226.3,Bpos:236.4,Bstd:173.6,StrandBias:-0.5,Multiplicity:1.03
0.001	0.997	0.001	0.001
0.027	0.057	0.915	0.001
0.001	0.997	0.001	0.001
0.001	0.842	0.001	0.156
0.997	0.001	0.001	0.001
0.001	0.001	0.042	0.956
0.001	0.146	0.725	0.128
0.001	0.035	0.041	0.923
0.001	0.765	0.035	0.199
0.001	0.027	0.927	0.045
>TTATGCAAAT	16-TTATGCAAAT	9.495730	-19.597714	0	T:35.0(2.73%),B:393.9(0.84%),P:1e-8	Tpos:300.6,Tstd:194.8,Bpos:242.8,Bstd:136.3,StrandBias:0.4,Multiplicity:1.17
0.131	0.001	0.221	0.647
0.035	0.001	0.001	0.963
0.960	0.012	0.027	0.001
0.001	0.001	0.028	0.970
0.001	0.025	0.973	0.001
0.001	0.942	0.056	0.001
0.855	0.001	0.001	0.143
0.937	0.030	0.032	0.001
0.997	0.001	0.001	0.001
0.001	0.035	0.082	0.882
>YGCGCAWGCG	17-YGCGCAWGCG	9.009265	-17.473406	0	T:46.0(3.58%),B:665.7(1.42%),P:1e-7	Tpos:318.8,Tstd:248.8,Bpos:241.0,Bstd:168.2,StrandBias:0.0,Multiplicity:1.17
0.100	0.404	0.130	0.367
0.001	0.001	0.981	0.017
0.001	0.716	0.079	0.204
0.001	0.001	0.997	0.001
0.001	0.997	0.001	0.001
0.683	0.001	0.011	0.305
0.486	0.006	0.001	0.507
0.001	0.105	0.893	0.001
0.109	0.889	0.001	0.001
0.298	0.001	0.700	0.001
>CCGCTCTTTT	18-CCGCTCTTTT	10.296193	-15.920586	0	T:8.0(0.62%),B:20.0(0.04%),P:1e-6	Tpos:204.2,Tstd:170.1,Bpos:149.7,Bstd:67.1,StrandBias:-1.6,Multiplicity:1.00
0.100	0.700	0.100	0.100
0.100	0.700	0.100	0.100
0.100	0.100	0.700	0.100
0.100	0.700	0.100	0.100
0.100	0.100	0.100	0.700
0.100	0.700	0.100	0.100
0.100	0.100	0.100	0.700
0.100	0.100	0.100	0.700
0.100	0.100	0.100	0.700
0.100	0.100	0.100	0.700
>GTCACTGACG	19-GTCACTGACG	9.052810	-15.153285	0	T:31.0(2.41%),B:389.0(0.83%),P:1e-6	Tpos:357.9,Tstd:259.5,Bpos:237.9,Bstd:149.9,StrandBias:0.4,Multiplicity:1.03
0.104	0.058	0.772	0.066
0.067	0.098	0.090	0.745
0.027	0.824	0.086	0.063
0.807	0.073	0.040	0.080
0.070	0.770	0.093	0.067
0.059	0.025	0.012	0.904
0.101	0.028	0.787	0.084
0.751	0.048	0.107	0.094
0.017	0.782	0.124	0.077
0.055	0.029	0.866	0.050
>AAGCACGTAA	20-AAGCACGTAA	10.423575	-15.022680	0	T:14.0(1.09%),B:89.1(0.19%),P:1e-6	Tpos:181.2,Tstd:85.3,Bpos:238.9,Bstd:138.0,StrandBias:0.0,Multiplicity:1.00
0.835	0.063	0.001	0.101
0.692	0.001	0.306	0.001
0.050	0.001	0.620	0.329
0.001	0.997	0.001	0.001
0.997	0.001	0.001	0.001
0.001	0.997	0.001	0.001
0.343	0.001	0.655	0.001
0.001	0.001	0.001	0.997
0.849	0.001	0.149	0.001
0.703	0.133	0.163	0.001
>CTCTAGAAGT	21-CTCTAGAAGT	9.450314	-13.884348	0	T:25.0(1.95%),B:290.2(0.62%),P:1e-6	Tpos:360.4,Tstd:264.8,Bpos:241.0,Bstd:147.8,StrandBias:1.8,Multiplicity:1.40
0.001	0.997	0.001	0.001
0.001	0.028	0.001	0.970
0.001	0.997	0.001	0.001
0.001	0.001	0.001	0.997
0.977	0.001	0.001	0.021
0.001	0.001	0.907	0.091
0.934	0.001	0.001	0.064
0.880	0.118	0.001	0.001
0.001	0.164	0.808	0.027
0.001	0.001	0.001	0.997
>CWATGWTGTC	22-CWATGWTGTC	7.865161	-12.825402	0	T:19.0(1.48%),B:192.1(0.41%),P:1e-5	Tpos:282.5,Tstd:141.2,Bpos:242.6,Bstd:143.4,StrandBias:-1.0,Multiplicity:1.26
0.208	0.604	0.177	0.011
0.282	0.155	0.132	0.431
0.782	0.001	0.002	0.215
0.002	0.164	0.158	0.676
0.195	0.113	0.521	0.171
0.441	0.234	0.001	0.324
0.263	0.211	0.006	0.520
0.001	0.387	0.611	0.001
0.200	0.001	0.219	0.580
0.001	0.843	0.059	0.097
>ATTGTTAGCG	23-ATTGTTAGCG	10.493067	-12.711278	0	T:10.0(0.78%),B:53.1(0.11%),P:1e-5	Tpos:208.3,Tstd:164.6,Bpos:230.3,Bstd:130.2,StrandBias:1.7,Multiplicity:1.30
0.997	0.001	0.001	0.001
0.205	0.001	0.001	0.793
0.001	0.001	0.077	0.921
0.001	0.001	0.812	0.186
0.001	0.001	0.149	0.849
0.001	0.132	0.160	0.707
0.997	0.001	0.001	0.001
0.056	0.001	0.715	0.228
0.001	0.743	0.001	0.255
0.001	0.018	0.980	0.001
>CTAACACACT	24-CTAACACACT	10.296193	-8.121689	0	T:6.0(0.47%),B:32.6(0.07%),P:1e-3	Tpos:203.2,Tstd:109.1,Bpos:218.2,Bstd:119.1,StrandBias:-2.5,Multiplicity:2.17
0.100	0.700	0.100	0.100
0.100	0.100	0.100	0.700
0.700	0.100	0.100	0.100
0.700	0.100	0.100	0.100
0.100	0.700	0.100	0.100
0.700	0.100	0.100	0.100
0.100	0.700	0.100	0.100
0.700	0.100	0.100	0.100
0.100	0.700	0.100	0.100
0.100	0.100	0.100	0.700
