Factor1: 0.9801883334089809
Factor2: 1.0202121020172892
