Factor1: 1.0761917657657056
Factor2: 0.9292024263803065
