>RVACAGGAAGTG	1-RVACAGGAAGTG	7.927554	-932.303741	0	T:1965.0(38.13%),B:6036.0(13.91%),P:1e-404	Tpos:281.9,Tstd:201.6,Bpos:240.5,Bstd:145.7,StrandBias:-0.0,Multiplicity:1.25
0.418	0.116	0.279	0.187
0.327	0.216	0.311	0.145
0.633	0.021	0.312	0.034
0.069	0.730	0.190	0.011
0.988	0.010	0.001	0.001
0.001	0.001	0.997	0.001
0.001	0.001	0.997	0.001
0.997	0.001	0.001	0.001
0.861	0.005	0.001	0.133
0.249	0.010	0.740	0.001
0.034	0.255	0.001	0.710
0.197	0.121	0.462	0.220
>CTTTGATGTKDB	2-CTTTGATGTKDB	7.688235	-482.921702	0	T:1394.0(27.05%),B:4919.5(11.34%),P:1e-209	Tpos:275.5,Tstd:205.9,Bpos:241.4,Bstd:148.8,StrandBias:-0.0,Multiplicity:1.23
0.014	0.702	0.127	0.157
0.019	0.088	0.001	0.892
0.001	0.133	0.083	0.783
0.011	0.001	0.001	0.987
0.001	0.167	0.780	0.052
0.849	0.010	0.001	0.140
0.264	0.001	0.006	0.729
0.001	0.320	0.659	0.020
0.085	0.051	0.001	0.863
0.092	0.172	0.388	0.348
0.232	0.161	0.324	0.283
0.157	0.268	0.222	0.353
>AANNAAACCACA	3-AANNAAACCACA	8.970353	-286.467420	0	T:623.0(12.09%),B:1766.9(4.07%),P:1e-124	Tpos:300.3,Tstd:243.1,Bpos:242.5,Bstd:144.0,StrandBias:-0.0,Multiplicity:1.07
0.471	0.172	0.215	0.142
0.522	0.186	0.160	0.132
0.315	0.225	0.237	0.223
0.313	0.239	0.221	0.227
0.687	0.085	0.038	0.190
0.864	0.063	0.072	0.001
0.691	0.165	0.126	0.018
0.001	0.967	0.021	0.011
0.001	0.997	0.001	0.001
0.975	0.001	0.023	0.001
0.019	0.979	0.001	0.001
0.953	0.023	0.023	0.001
>ATCAAAGGAAGC	4-ATCAAAGGAAGC	7.009212	-245.820647	0	T:1634.0(31.71%),B:8185.3(18.87%),P:1e-106	Tpos:287.3,Tstd:227.3,Bpos:243.2,Bstd:147.6,StrandBias:-0.1,Multiplicity:1.15
0.678	0.104	0.112	0.106
0.121	0.091	0.110	0.678
0.118	0.707	0.093	0.082
0.861	0.047	0.039	0.053
0.758	0.079	0.102	0.061
0.820	0.053	0.058	0.069
0.110	0.036	0.793	0.061
0.108	0.088	0.744	0.060
0.705	0.134	0.087	0.074
0.803	0.030	0.096	0.071
0.115	0.081	0.728	0.076
0.078	0.725	0.084	0.113
>KCCMCCTRGTGG	5-KCCMCCTRGTGG	9.274351	-165.121776	0	T:309.0(6.00%),B:776.7(1.79%),P:1e-71	Tpos:273.5,Tstd:227.1,Bpos:249.6,Bstd:143.7,StrandBias:0.0,Multiplicity:1.02
0.180	0.084	0.441	0.295
0.132	0.816	0.019	0.033
0.037	0.945	0.009	0.009
0.559	0.413	0.009	0.019
0.095	0.617	0.013	0.275
0.047	0.914	0.019	0.020
0.148	0.037	0.019	0.796
0.391	0.019	0.434	0.156
0.028	0.210	0.761	0.001
0.111	0.044	0.044	0.801
0.019	0.030	0.932	0.019
0.176	0.065	0.530	0.229
>CDGATGTGGTTA	6-CDGATGTGGTTA	9.008259	-146.995356	0	T:404.0(7.84%),B:1309.5(3.02%),P:1e-63	Tpos:260.5,Tstd:172.5,Bpos:248.3,Bstd:146.8,StrandBias:0.4,Multiplicity:1.06
0.263	0.477	0.032	0.227
0.388	0.001	0.263	0.348
0.038	0.014	0.947	0.001
0.864	0.134	0.001	0.001
0.040	0.001	0.001	0.958
0.001	0.001	0.997	0.001
0.001	0.001	0.094	0.904
0.001	0.001	0.800	0.198
0.001	0.014	0.884	0.101
0.030	0.165	0.254	0.551
0.195	0.165	0.043	0.597
0.399	0.192	0.174	0.235
>CCCCCCCCCCCC	7-CCCCCCCCCCCC	7.924636	-100.619673	0	T:1238.0(24.02%),B:7131.2(16.44%),P:1e-43	Tpos:320.3,Tstd:243.7,Bpos:243.2,Bstd:139.6,StrandBias:-0.2,Multiplicity:1.33
0.045	0.883	0.039	0.033
0.053	0.753	0.048	0.146
0.030	0.773	0.047	0.150
0.040	0.910	0.003	0.047
0.099	0.815	0.006	0.080
0.156	0.673	0.005	0.166
0.161	0.786	0.013	0.040
0.154	0.761	0.016	0.069
0.166	0.756	0.037	0.041
0.190	0.722	0.005	0.083
0.059	0.863	0.028	0.050
0.049	0.797	0.027	0.127
>GCTTCAAAGAAA	8-GCTTCAAAGAAA	8.928705	-89.562868	0	T:398.0(7.72%),B:1633.8(3.77%),P:1e-38	Tpos:287.2,Tstd:227.5,Bpos:246.2,Bstd:150.7,StrandBias:-0.2,Multiplicity:1.04
0.068	0.089	0.750	0.093
0.050	0.844	0.072	0.034
0.039	0.047	0.034	0.880
0.079	0.024	0.068	0.829
0.076	0.849	0.038	0.037
0.847	0.039	0.030	0.084
0.855	0.042	0.048	0.055
0.886	0.013	0.064	0.037
0.080	0.049	0.798	0.073
0.798	0.067	0.061	0.074
0.831	0.053	0.068	0.048
0.836	0.066	0.067	0.031
>VHCACGTGACHN	9-VHCACGTGACHN	6.752576	-84.834421	0	T:552.0(10.71%),B:2621.1(6.04%),P:1e-36	Tpos:294.1,Tstd:217.0,Bpos:242.3,Bstd:154.9,StrandBias:-0.1,Multiplicity:1.06
0.262	0.270	0.316	0.153
0.275	0.272	0.143	0.311
0.058	0.834	0.062	0.046
0.885	0.001	0.029	0.085
0.001	0.997	0.001	0.001
0.001	0.001	0.997	0.001
0.029	0.006	0.030	0.935
0.075	0.114	0.784	0.027
0.743	0.001	0.119	0.137
0.070	0.648	0.134	0.148
0.282	0.206	0.175	0.337
0.219	0.217	0.255	0.309
>DSTTTCHMTTTB	10-DSTTTCHMTTTB	8.643641	-84.628923	0	T:299.0(5.80%),B:1104.0(2.54%),P:1e-36	Tpos:309.0,Tstd:200.9,Bpos:241.8,Bstd:144.8,StrandBias:-0.1,Multiplicity:1.06
0.358	0.017	0.357	0.269
0.024	0.400	0.544	0.032
0.057	0.070	0.045	0.828
0.040	0.057	0.061	0.842
0.038	0.385	0.034	0.543
0.064	0.803	0.036	0.097
0.304	0.328	0.017	0.351
0.332	0.407	0.033	0.229
0.031	0.383	0.032	0.554
0.044	0.144	0.044	0.768
0.047	0.264	0.042	0.647
0.187	0.356	0.233	0.224
>GGGRHTTCCCCT	11-GGGRHTTCCCCT	10.006623	-76.196012	0	T:88.0(1.71%),B:145.5(0.34%),P:1e-33	Tpos:310.8,Tstd:291.8,Bpos:235.1,Bstd:137.7,StrandBias:-0.1,Multiplicity:1.00
0.120	0.007	0.710	0.163
0.154	0.021	0.797	0.028
0.041	0.007	0.908	0.044
0.337	0.021	0.451	0.190
0.350	0.224	0.128	0.298
0.233	0.055	0.112	0.600
0.012	0.024	0.041	0.923
0.025	0.572	0.144	0.259
0.155	0.767	0.001	0.077
0.027	0.906	0.029	0.038
0.036	0.851	0.007	0.106
0.302	0.217	0.014	0.466
>ACTACATTTCCC	12-ACTACATTTCCC	11.945420	-62.838999	0	T:50.0(0.97%),B:53.9(0.12%),P:1e-27	Tpos:305.7,Tstd:236.5,Bpos:237.1,Bstd:154.7,StrandBias:0.4,Multiplicity:1.12
0.997	0.001	0.001	0.001
0.001	0.997	0.001	0.001
0.035	0.001	0.001	0.963
0.967	0.016	0.001	0.016
0.001	0.997	0.001	0.001
0.986	0.001	0.012	0.001
0.131	0.083	0.050	0.736
0.036	0.016	0.001	0.947
0.061	0.001	0.001	0.937
0.025	0.973	0.001	0.001
0.001	0.997	0.001	0.001
0.001	0.963	0.001	0.035
>CGGGGGGGGGGG	13-CGGGGGGGGGGG	6.893903	-56.385928	0	T:1385.0(26.88%),B:9046.5(20.85%),P:1e-24	Tpos:344.4,Tstd:270.7,Bpos:244.5,Bstd:159.9,StrandBias:-0.1,Multiplicity:1.57
0.074	0.843	0.016	0.067
0.107	0.056	0.746	0.091
0.076	0.084	0.763	0.077
0.105	0.079	0.739	0.077
0.115	0.076	0.722	0.087
0.106	0.086	0.728	0.080
0.120	0.096	0.703	0.081
0.104	0.095	0.713	0.088
0.091	0.105	0.711	0.093
0.086	0.077	0.759	0.078
0.087	0.078	0.782	0.053
0.072	0.085	0.792	0.051
>GTGGTTCTTCCG	14-GTGGTTCTTCCG	13.664609	-29.891727	0	T:13.0(0.25%),B:5.8(0.01%),P:1e-12	Tpos:210.3,Tstd:87.9,Bpos:202.0,Bstd:132.1,StrandBias:1.0,Multiplicity:1.38
0.107	0.107	0.785	0.001
0.001	0.001	0.001	0.997
0.001	0.001	0.997	0.001
0.001	0.001	0.891	0.107
0.001	0.001	0.001	0.997
0.001	0.001	0.001	0.997
0.001	0.891	0.001	0.107
0.001	0.001	0.001	0.997
0.001	0.001	0.001	0.997
0.001	0.997	0.001	0.001
0.107	0.891	0.001	0.001
0.107	0.107	0.785	0.001
>DACGTCACTGCA	15-DACGTCACTGCA	12.606137	-29.190437	0	T:11.0(0.21%),B:4.0(0.01%),P:1e-12	Tpos:151.5,Tstd:117.7,Bpos:362.7,Bstd:49.4,StrandBias:1.4,Multiplicity:2.00
0.367	0.001	0.263	0.369
0.997	0.001	0.001	0.001
0.001	0.997	0.001	0.001
0.001	0.392	0.606	0.001
0.001	0.183	0.001	0.815
0.183	0.815	0.001	0.001
0.815	0.183	0.001	0.001
0.001	0.997	0.001	0.001
0.001	0.001	0.183	0.815
0.001	0.001	0.997	0.001
0.001	0.815	0.183	0.001
0.997	0.001	0.001	0.001
>GTTGCTAAGCAA	16-GTTGCTAAGCAA	9.318000	-26.684401	0	T:120.0(2.33%),B:501.1(1.15%),P:1e-11	Tpos:261.7,Tstd:168.1,Bpos:239.9,Bstd:132.8,StrandBias:0.1,Multiplicity:1.04
0.041	0.080	0.851	0.028
0.047	0.051	0.051	0.851
0.065	0.028	0.070	0.837
0.083	0.021	0.849	0.047
0.055	0.827	0.049	0.069
0.076	0.030	0.001	0.893
0.754	0.073	0.031	0.142
0.826	0.010	0.085	0.079
0.055	0.014	0.876	0.055
0.085	0.789	0.098	0.028
0.847	0.084	0.014	0.055
0.806	0.041	0.070	0.083
>GAATGGCGGATC	17-GAATGGCGGATC	14.200071	-25.959104	0	T:9.0(0.17%),B:2.5(0.01%),P:1e-11	Tpos:219.1,Tstd:174.9,Bpos:201.3,Bstd:100.0,StrandBias:-2.0,Multiplicity:1.67
0.001	0.001	0.997	0.001
0.997	0.001	0.001	0.001
0.706	0.292	0.001	0.001
0.001	0.001	0.001	0.997
0.001	0.001	0.997	0.001
0.001	0.001	0.997	0.001
0.001	0.997	0.001	0.001
0.309	0.001	0.689	0.001
0.001	0.001	0.997	0.001
0.997	0.001	0.001	0.001
0.001	0.001	0.001	0.997
0.001	0.997	0.001	0.001
>KGTGGBGKGTGG	18-KGTGGBGKGTGG	10.005692	-23.968993	0	T:205.0(3.98%),B:1062.6(2.45%),P:1e-10	Tpos:261.0,Tstd:259.7,Bpos:232.9,Bstd:143.1,StrandBias:-0.3,Multiplicity:1.04
0.001	0.001	0.509	0.489
0.096	0.001	0.845	0.058
0.001	0.001	0.001	0.997
0.001	0.001	0.938	0.060
0.015	0.298	0.686	0.001
0.076	0.310	0.346	0.268
0.183	0.131	0.663	0.023
0.001	0.001	0.495	0.503
0.001	0.001	0.816	0.182
0.001	0.001	0.001	0.997
0.001	0.001	0.997	0.001
0.166	0.001	0.832	0.001
>AGATAACACGCT	19-AGATAACACGCT	-1.070443	-23.011853	0	T:1268.0(24.61%),B:9078.5(20.92%),P:1e-9	Tpos:290.2,Tstd:234.5,Bpos:244.8,Bstd:151.3,StrandBias:0.0,Multiplicity:1.18
0.774	0.224	0.001	0.001
0.001	0.001	0.997	0.001
0.774	0.224	0.001	0.001
0.001	0.001	0.001	0.997
0.774	0.001	0.001	0.224
0.997	0.001	0.001	0.001
0.001	0.774	0.001	0.224
0.997	0.001	0.001	0.001
0.226	0.772	0.001	0.001
0.255	0.001	0.743	0.001
0.001	0.997	0.001	0.001
0.001	0.001	0.001	0.997
>AAGGGCAGTGGT	20-AAGGGCAGTGGT	14.299897	-22.986510	0	T:10.0(0.19%),B:4.5(0.01%),P:1e-9	Tpos:239.3,Tstd:113.7,Bpos:282.2,Bstd:125.5,StrandBias:1.8,Multiplicity:1.00
0.997	0.001	0.001	0.001
0.997	0.001	0.001	0.001
0.001	0.001	0.997	0.001
0.001	0.001	0.997	0.001
0.001	0.001	0.997	0.001
0.001	0.898	0.001	0.100
0.997	0.001	0.001	0.001
0.001	0.001	0.997	0.001
0.001	0.001	0.001	0.997
0.001	0.001	0.997	0.001
0.001	0.001	0.997	0.001
0.001	0.001	0.001	0.997
>TTGTTATAGCTC	21-TTGTTATAGCTC	13.431688	-15.412765	0	T:10.0(0.19%),B:9.4(0.02%),P:1e-6	Tpos:462.8,Tstd:197.4,Bpos:341.2,Bstd:118.9,StrandBias:2.3,Multiplicity:2.40
0.001	0.001	0.001	0.997
0.001	0.001	0.001	0.997
0.001	0.058	0.940	0.001
0.001	0.001	0.001	0.997
0.001	0.001	0.082	0.916
0.809	0.001	0.001	0.189
0.083	0.190	0.001	0.726
0.997	0.001	0.001	0.001
0.001	0.001	0.997	0.001
0.001	0.997	0.001	0.001
0.001	0.001	0.001	0.997
0.001	0.916	0.001	0.082
>ACTCTCAGCAAC	22-ACTCTCAGCAAC	2.685395	-12.572633	0	T:317.0(6.15%),B:2063.2(4.76%),P:1e-5	Tpos:280.5,Tstd:215.4,Bpos:244.0,Bstd:148.8,StrandBias:0.2,Multiplicity:1.04
0.997	0.001	0.001	0.001
0.001	0.997	0.001	0.001
0.001	0.001	0.001	0.997
0.001	0.997	0.001	0.001
0.001	0.001	0.001	0.997
0.001	0.997	0.001	0.001
0.997	0.001	0.001	0.001
0.100	0.001	0.898	0.001
0.001	0.997	0.001	0.001
0.997	0.001	0.001	0.001
0.997	0.001	0.001	0.001
0.001	0.997	0.001	0.001
>TGTGATGTTACC	23-TGTGATGTTACC	13.581044	-12.322051	0	T:9.0(0.17%),B:10.6(0.02%),P:1e-5	Tpos:201.4,Tstd:124.1,Bpos:173.6,Bstd:123.5,StrandBias:0.8,Multiplicity:2.33
0.001	0.063	0.001	0.935
0.001	0.001	0.997	0.001
0.001	0.001	0.001	0.997
0.001	0.001	0.997	0.001
0.997	0.001	0.001	0.001
0.001	0.001	0.001	0.997
0.001	0.063	0.935	0.001
0.001	0.063	0.001	0.935
0.001	0.001	0.063	0.935
0.935	0.063	0.001	0.001
0.001	0.997	0.001	0.001
0.001	0.997	0.001	0.001
>TTGTACAGATGG	24-TTGTACAGATGG	12.355432	-3.724968	0	T:2.0(0.04%),B:2.5(0.01%),P:1e-1	Tpos:95.6,Tstd:60.1,Bpos:311.5,Bstd:52.5,StrandBias:-3.2,Multiplicity:5.00
0.100	0.100	0.100	0.700
0.100	0.100	0.100	0.700
0.100	0.100	0.700	0.100
0.100	0.100	0.100	0.700
0.700	0.100	0.100	0.100
0.100	0.700	0.100	0.100
0.700	0.100	0.100	0.100
0.100	0.100	0.700	0.100
0.700	0.100	0.100	0.100
0.100	0.100	0.100	0.700
0.100	0.100	0.700	0.100
0.100	0.100	0.700	0.100
>ATTTAGCCCCAG	25-ATTTAGCCCCAG	12.355432	-2.189388	0	T:1.0(0.02%),B:1.6(0.00%),P:1e0	Tpos:144.4,Tstd:96.7,Bpos:267.8,Bstd:51.0,StrandBias:10.0,Multiplicity:8.00
0.700	0.100	0.100	0.100
0.100	0.100	0.100	0.700
0.100	0.100	0.100	0.700
0.100	0.100	0.100	0.700
0.700	0.100	0.100	0.100
0.100	0.100	0.700	0.100
0.100	0.700	0.100	0.100
0.100	0.700	0.100	0.100
0.100	0.700	0.100	0.100
0.100	0.700	0.100	0.100
0.700	0.100	0.100	0.100
0.100	0.100	0.700	0.100
