>CAGGAAGT	1-CAGGAAGT	6.859287	-728.359955	0	T:2316.0(44.94%),B:9191.9(21.19%),P:1e-316	Tpos:287.7,Tstd:210.4,Bpos:239.6,Bstd:145.6,StrandBias:0.0,Multiplicity:1.35
0.070	0.773	0.156	0.001
0.997	0.001	0.001	0.001
0.001	0.001	0.997	0.001
0.001	0.001	0.997	0.001
0.997	0.001	0.001	0.001
0.927	0.001	0.001	0.071
0.177	0.001	0.821	0.001
0.001	0.116	0.001	0.882
>CTTTGATS	2-CTTTGATS	6.217984	-406.139013	0	T:2563.0(49.74%),B:13344.4(30.76%),P:1e-176	Tpos:281.2,Tstd:210.9,Bpos:241.5,Bstd:147.0,StrandBias:-0.0,Multiplicity:1.42
0.028	0.796	0.090	0.086
0.012	0.040	0.043	0.905
0.023	0.137	0.021	0.819
0.110	0.001	0.005	0.884
0.057	0.132	0.711	0.100
0.885	0.009	0.008	0.098
0.311	0.039	0.017	0.633
0.105	0.370	0.404	0.122
>YTTCCGBT	3-YTTCCGBT	5.674910	-389.926314	0	T:2999.0(58.20%),B:16925.4(39.01%),P:1e-169	Tpos:296.2,Tstd:238.6,Bpos:242.5,Bstd:152.3,StrandBias:-0.0,Multiplicity:1.46
0.024	0.407	0.245	0.324
0.198	0.022	0.001	0.779
0.141	0.001	0.013	0.845
0.010	0.664	0.179	0.147
0.001	0.873	0.125	0.001
0.001	0.016	0.664	0.319
0.109	0.304	0.297	0.290
0.247	0.017	0.001	0.735
>ACATCAAA	4-ACATCAAA	9.047418	-379.682402	0	T:758.0(14.71%),B:2044.8(4.71%),P:1e-164	Tpos:272.6,Tstd:213.1,Bpos:243.4,Bstd:148.4,StrandBias:0.1,Multiplicity:1.10
0.907	0.013	0.041	0.039
0.027	0.737	0.235	0.001
0.761	0.001	0.005	0.233
0.020	0.001	0.001	0.978
0.001	0.941	0.057	0.001
0.997	0.001	0.001	0.001
0.946	0.021	0.032	0.001
0.959	0.001	0.019	0.021
>AAACCACA	5-AAACCACA	6.453192	-299.838824	0	T:749.0(14.54%),B:2335.3(5.38%),P:1e-130	Tpos:298.2,Tstd:218.0,Bpos:242.0,Bstd:148.7,StrandBias:-0.2,Multiplicity:1.11
0.796	0.001	0.001	0.202
0.997	0.001	0.001	0.001
0.997	0.001	0.001	0.001
0.001	0.997	0.001	0.001
0.001	0.997	0.001	0.001
0.946	0.001	0.052	0.001
0.001	0.997	0.001	0.001
0.936	0.001	0.062	0.001
>AAACCACA	6-AAACCACA	7.622668	-246.579943	0	T:1442.0(27.98%),B:6868.7(15.83%),P:1e-107	Tpos:287.4,Tstd:228.2,Bpos:243.1,Bstd:148.1,StrandBias:-0.0,Multiplicity:1.14
0.442	0.255	0.099	0.203
0.654	0.001	0.001	0.344
0.858	0.001	0.140	0.001
0.001	0.997	0.001	0.001
0.001	0.997	0.001	0.001
0.997	0.001	0.001	0.001
0.001	0.997	0.001	0.001
0.780	0.061	0.001	0.158
>RTCACGTS	7-RTCACGTS	4.961287	-88.842280	0	T:792.0(15.37%),B:4160.9(9.59%),P:1e-38	Tpos:288.0,Tstd:216.1,Bpos:240.8,Bstd:157.0,StrandBias:-0.0,Multiplicity:1.14
0.284	0.199	0.370	0.147
0.247	0.192	0.109	0.452
0.202	0.431	0.241	0.126
0.670	0.001	0.205	0.124
0.001	0.881	0.040	0.078
0.304	0.045	0.605	0.046
0.080	0.325	0.069	0.526
0.232	0.293	0.405	0.070
>ACATCAGA	8-ACATCAGA	5.858160	-87.162200	0	T:2045.0(39.69%),B:13516.8(31.15%),P:1e-37	Tpos:289.5,Tstd:240.9,Bpos:241.8,Bstd:145.7,StrandBias:-0.0,Multiplicity:1.36
0.997	0.001	0.001	0.001
0.001	0.870	0.088	0.041
0.745	0.101	0.092	0.062
0.072	0.001	0.046	0.881
0.066	0.898	0.001	0.035
0.837	0.006	0.001	0.156
0.001	0.136	0.838	0.025
0.978	0.020	0.001	0.001
>GCTTTTTA	9-GCTTTTTA	5.165930	-85.473402	0	T:2409.0(46.75%),B:16478.5(37.98%),P:1e-37	Tpos:293.9,Tstd:224.2,Bpos:242.6,Bstd:151.3,StrandBias:0.1,Multiplicity:1.37
0.001	0.080	0.918	0.001
0.001	0.924	0.001	0.074
0.001	0.001	0.001	0.997
0.001	0.033	0.060	0.906
0.001	0.049	0.001	0.949
0.001	0.118	0.240	0.641
0.024	0.001	0.083	0.892
0.959	0.001	0.039	0.001
>GGGGGGGG	10-GGGGGGGG	8.053734	-84.214707	0	T:1470.0(28.53%),B:9123.3(21.03%),P:1e-36	Tpos:315.4,Tstd:242.1,Bpos:243.3,Bstd:141.5,StrandBias:0.1,Multiplicity:1.48
0.001	0.001	0.997	0.001
0.044	0.001	0.954	0.001
0.001	0.001	0.864	0.134
0.133	0.054	0.637	0.176
0.108	0.001	0.793	0.098
0.123	0.001	0.750	0.126
0.001	0.001	0.997	0.001
0.001	0.001	0.997	0.001
>TCCGCCYW	11-TCCGCCYW	7.146926	-79.967984	0	T:691.0(13.41%),B:3588.5(8.27%),P:1e-34	Tpos:313.8,Tstd:257.8,Bpos:241.1,Bstd:159.6,StrandBias:0.0,Multiplicity:1.27
0.349	0.091	0.001	0.559
0.001	0.997	0.001	0.001
0.001	0.997	0.001	0.001
0.001	0.001	0.997	0.001
0.001	0.997	0.001	0.001
0.001	0.997	0.001	0.001
0.001	0.469	0.001	0.529
0.461	0.001	0.001	0.537
>CGTGCGTA	12-CGTGCGTA	4.949814	-75.752639	0	T:1397.0(27.11%),B:8732.1(20.13%),P:1e-32	Tpos:314.6,Tstd:253.1,Bpos:242.9,Bstd:162.4,StrandBias:-0.0,Multiplicity:1.26
0.091	0.680	0.083	0.146
0.074	0.092	0.690	0.144
0.043	0.026	0.090	0.841
0.087	0.078	0.739	0.096
0.025	0.793	0.101	0.081
0.029	0.039	0.849	0.083
0.079	0.071	0.050	0.800
0.614	0.076	0.132	0.178
>TGTTTACG	13-TGTTTACG	6.077287	-70.205497	0	T:1071.0(20.78%),B:6411.3(14.78%),P:1e-30	Tpos:302.5,Tstd:246.3,Bpos:244.4,Bstd:150.6,StrandBias:-0.0,Multiplicity:1.14
0.112	0.283	0.137	0.468
0.071	0.001	0.860	0.068
0.015	0.005	0.042	0.938
0.125	0.001	0.001	0.873
0.001	0.001	0.057	0.941
0.872	0.012	0.037	0.079
0.001	0.769	0.117	0.113
0.245	0.001	0.718	0.036
>ASGCGWYT	14-ASGCGWYT	2.441874	-59.416274	0	T:696.0(13.51%),B:3903.2(9.00%),P:1e-25	Tpos:314.7,Tstd:271.1,Bpos:243.0,Bstd:163.2,StrandBias:0.1,Multiplicity:1.11
0.997	0.001	0.001	0.001
0.001	0.509	0.489	0.001
0.001	0.001	0.997	0.001
0.001	0.997	0.001	0.001
0.001	0.001	0.997	0.001
0.416	0.141	0.001	0.442
0.001	0.428	0.143	0.428
0.001	0.001	0.001	0.997
>AGGGGGCG	15-AGGGGGCG	6.445957	-55.503917	0	T:879.0(17.06%),B:5274.1(12.16%),P:1e-24	Tpos:316.1,Tstd:238.8,Bpos:244.4,Bstd:154.9,StrandBias:0.2,Multiplicity:1.24
0.848	0.001	0.001	0.150
0.001	0.001	0.818	0.180
0.001	0.001	0.997	0.001
0.023	0.001	0.597	0.379
0.001	0.001	0.997	0.001
0.001	0.001	0.997	0.001
0.001	0.997	0.001	0.001
0.047	0.001	0.951	0.001
>CTGCACAG	16-CTGCACAG	7.959961	-45.507999	0	T:540.0(10.48%),B:3029.4(6.98%),P:1e-19	Tpos:309.0,Tstd:247.3,Bpos:242.6,Bstd:161.0,StrandBias:0.1,Multiplicity:1.12
0.001	0.997	0.001	0.001
0.001	0.091	0.093	0.815
0.001	0.001	0.997	0.001
0.001	0.997	0.001	0.001
0.756	0.001	0.242	0.001
0.001	0.997	0.001	0.001
0.926	0.072	0.001	0.001
0.001	0.001	0.997	0.001
>TATCGCYA	17-TATCGCYA	6.015027	-39.698532	0	T:403.0(7.82%),B:2175.0(5.01%),P:1e-17	Tpos:302.6,Tstd:261.9,Bpos:248.7,Bstd:155.3,StrandBias:0.1,Multiplicity:1.05
0.001	0.001	0.043	0.955
0.754	0.001	0.243	0.002
0.234	0.001	0.213	0.552
0.001	0.997	0.001	0.001
0.001	0.001	0.997	0.001
0.006	0.948	0.001	0.045
0.001	0.441	0.138	0.421
0.797	0.001	0.010	0.192
>GYGGTGAG	18-GYGGTGAG	7.196143	-38.729823	0	T:815.0(15.82%),B:5137.1(11.84%),P:1e-16	Tpos:321.0,Tstd:247.6,Bpos:242.1,Bstd:155.4,StrandBias:-0.0,Multiplicity:1.13
0.073	0.001	0.925	0.001
0.001	0.548	0.001	0.450
0.003	0.012	0.974	0.011
0.148	0.226	0.562	0.064
0.169	0.013	0.059	0.759
0.016	0.001	0.948	0.035
0.607	0.140	0.001	0.252
0.059	0.001	0.772	0.168
>ACTTCCCC	19-ACTTCCCC	9.914140	-36.290088	0	T:345.0(6.70%),B:1830.7(4.22%),P:1e-15	Tpos:298.0,Tstd:241.8,Bpos:239.8,Bstd:145.6,StrandBias:-0.2,Multiplicity:1.04
0.997	0.001	0.001	0.001
0.001	0.997	0.001	0.001
0.001	0.001	0.001	0.997
0.001	0.001	0.001	0.997
0.001	0.997	0.001	0.001
0.001	0.997	0.001	0.001
0.001	0.997	0.001	0.001
0.001	0.683	0.001	0.315
>ATGCGTCA	20-ATGCGTCA	9.103410	-34.281986	0	T:87.0(1.69%),B:273.9(0.63%),P:1e-14	Tpos:279.9,Tstd:221.8,Bpos:245.1,Bstd:145.2,StrandBias:0.0,Multiplicity:1.00
0.581	0.001	0.168	0.250
0.001	0.001	0.001	0.997
0.167	0.001	0.831	0.001
0.001	0.997	0.001	0.001
0.001	0.001	0.997	0.001
0.001	0.001	0.001	0.997
0.001	0.997	0.001	0.001
0.997	0.001	0.001	0.001
