>YAYTTCCTGT	1-YAYTTCCTGT	8.390029	-866.273649	0	T:1632.0(31.67%),B:4516.4(10.41%),P:1e-376	Tpos:283.4,Tstd:203.1,Bpos:242.1,Bstd:144.3,StrandBias:0.0,Multiplicity:1.21
0.193	0.394	0.094	0.319
0.740	0.001	0.258	0.001
0.001	0.557	0.001	0.441
0.142	0.001	0.001	0.856
0.001	0.001	0.001	0.997
0.001	0.997	0.001	0.001
0.001	0.997	0.001	0.001
0.001	0.001	0.001	0.997
0.001	0.115	0.769	0.115
0.001	0.294	0.001	0.704
>NASATCAAAG	2-NASATCAAAG	7.507834	-544.461625	0	T:1505.0(29.21%),B:5230.5(12.06%),P:1e-236	Tpos:284.2,Tstd:213.4,Bpos:243.1,Bstd:148.1,StrandBias:0.1,Multiplicity:1.25
0.302	0.281	0.245	0.172
0.572	0.054	0.204	0.170
0.098	0.407	0.391	0.103
0.640	0.001	0.025	0.334
0.145	0.001	0.001	0.853
0.123	0.701	0.175	0.001
0.951	0.001	0.001	0.047
0.892	0.039	0.068	0.001
0.997	0.001	0.001	0.001
0.184	0.138	0.630	0.048
>NNACTTCCKB	3-NNACTTCCKB	6.030751	-453.066322	0	T:2155.0(41.82%),B:9972.8(22.98%),P:1e-196	Tpos:293.3,Tstd:229.1,Bpos:240.7,Bstd:150.2,StrandBias:-0.0,Multiplicity:1.22
0.168	0.246	0.310	0.276
0.243	0.271	0.190	0.296
0.516	0.153	0.262	0.069
0.033	0.716	0.108	0.143
0.053	0.028	0.017	0.902
0.109	0.171	0.034	0.686
0.031	0.712	0.209	0.048
0.043	0.819	0.049	0.089
0.021	0.230	0.389	0.360
0.106	0.329	0.259	0.307
>NVWAACCACA	4-NVWAACCACA	7.314870	-312.850515	0	T:769.0(14.92%),B:2377.8(5.48%),P:1e-135	Tpos:293.4,Tstd:208.0,Bpos:243.4,Bstd:144.9,StrandBias:-0.2,Multiplicity:1.11
0.234	0.269	0.280	0.218
0.230	0.266	0.327	0.177
0.383	0.209	0.077	0.330
0.708	0.003	0.126	0.163
0.871	0.127	0.001	0.001
0.010	0.988	0.001	0.001
0.001	0.782	0.001	0.216
0.609	0.051	0.339	0.001
0.177	0.766	0.001	0.056
0.477	0.058	0.238	0.226
>CCACATCARA	5-CCACATCARA	9.374640	-233.143653	0	T:363.0(7.04%),B:789.4(1.82%),P:1e-101	Tpos:268.8,Tstd:177.3,Bpos:241.0,Bstd:143.5,StrandBias:0.0,Multiplicity:1.05
0.001	0.997	0.001	0.001
0.001	0.997	0.001	0.001
0.983	0.001	0.015	0.001
0.001	0.997	0.001	0.001
0.725	0.001	0.096	0.178
0.236	0.001	0.001	0.762
0.001	0.716	0.207	0.076
0.753	0.001	0.001	0.245
0.401	0.050	0.501	0.048
0.807	0.001	0.070	0.122
>NTACTTCCTN	6-NTACTTCCTN	5.035681	-201.866606	0	T:2079.0(40.35%),B:11921.8(27.48%),P:1e-87	Tpos:281.6,Tstd:202.6,Bpos:242.1,Bstd:146.6,StrandBias:-0.0,Multiplicity:1.16
0.230	0.275	0.236	0.258
0.148	0.147	0.153	0.552
0.537	0.151	0.165	0.147
0.138	0.579	0.140	0.143
0.138	0.156	0.140	0.566
0.138	0.142	0.161	0.559
0.149	0.535	0.149	0.167
0.139	0.557	0.149	0.155
0.134	0.145	0.160	0.561
0.239	0.238	0.244	0.279
>CTTTSAAAGC	7-CTTTSAAAGC	7.176678	-115.800273	0	T:1294.0(25.11%),B:7312.0(16.85%),P:1e-50	Tpos:286.6,Tstd:227.9,Bpos:243.9,Bstd:152.0,StrandBias:0.0,Multiplicity:1.18
0.001	0.618	0.245	0.136
0.155	0.127	0.125	0.593
0.006	0.105	0.001	0.888
0.001	0.001	0.001	0.997
0.151	0.360	0.488	0.001
0.988	0.001	0.001	0.010
0.900	0.098	0.001	0.001
0.710	0.001	0.288	0.001
0.223	0.199	0.439	0.140
0.235	0.436	0.117	0.212
>CCCCCCCCCC	8-CCCCCCCCCC	6.140487	-102.921494	0	T:1304.0(25.31%),B:7575.1(17.46%),P:1e-44	Tpos:317.9,Tstd:241.2,Bpos:243.1,Bstd:139.1,StrandBias:-0.2,Multiplicity:1.34
0.028	0.530	0.203	0.239
0.169	0.568	0.027	0.236
0.258	0.494	0.063	0.185
0.207	0.510	0.018	0.265
0.221	0.516	0.037	0.226
0.269	0.535	0.028	0.168
0.255	0.688	0.021	0.036
0.270	0.507	0.026	0.197
0.279	0.574	0.033	0.114
0.228	0.528	0.036	0.208
>AAARGCACCG	9-AAARGCACCG	6.125959	-100.149907	0	T:2243.0(43.53%),B:14825.0(34.17%),P:1e-43	Tpos:297.6,Tstd:234.8,Bpos:241.1,Bstd:151.7,StrandBias:0.0,Multiplicity:1.33
0.567	0.085	0.285	0.063
0.691	0.134	0.160	0.015
0.894	0.045	0.046	0.015
0.414	0.088	0.354	0.144
0.076	0.317	0.506	0.101
0.144	0.740	0.054	0.062
0.835	0.061	0.004	0.100
0.253	0.547	0.171	0.029
0.347	0.598	0.007	0.048
0.177	0.219	0.391	0.213
>AAAACACGCG	10-AAAACACGCG	5.850036	-98.856256	0	T:1226.0(23.79%),B:7071.8(16.30%),P:1e-42	Tpos:302.7,Tstd:248.1,Bpos:242.1,Bstd:157.6,StrandBias:0.1,Multiplicity:1.16
0.837	0.047	0.060	0.056
0.804	0.059	0.103	0.034
0.842	0.082	0.044	0.032
0.791	0.075	0.111	0.023
0.054	0.848	0.041	0.057
0.889	0.021	0.037	0.053
0.075	0.787	0.088	0.050
0.117	0.089	0.754	0.040
0.067	0.777	0.033	0.123
0.072	0.175	0.676	0.077
>CCCCCTAGTG	11-CCCCCTAGTG	9.282185	-95.689669	0	T:183.0(3.55%),B:467.9(1.08%),P:1e-41	Tpos:273.9,Tstd:224.3,Bpos:252.6,Bstd:144.3,StrandBias:0.1,Multiplicity:1.04
0.001	0.985	0.001	0.013
0.001	0.997	0.001	0.001
0.344	0.654	0.001	0.001
0.001	0.817	0.001	0.181
0.001	0.997	0.001	0.001
0.001	0.013	0.001	0.985
0.819	0.001	0.139	0.041
0.001	0.001	0.997	0.001
0.001	0.012	0.001	0.986
0.001	0.036	0.938	0.025
>NAACCGCGCN	12-NAACCGCGCN	3.882530	-90.004172	0	T:2293.0(44.50%),B:15438.2(35.58%),P:1e-39	Tpos:316.6,Tstd:272.2,Bpos:242.7,Bstd:158.6,StrandBias:0.0,Multiplicity:1.46
0.286	0.240	0.239	0.235
0.583	0.150	0.120	0.147
0.564	0.137	0.154	0.145
0.154	0.563	0.151	0.132
0.161	0.518	0.157	0.164
0.158	0.160	0.544	0.138
0.159	0.574	0.126	0.141
0.161	0.149	0.550	0.140
0.155	0.557	0.143	0.145
0.266	0.237	0.235	0.261
>ACTTCRAAGA	13-ACTTCRAAGA	9.232720	-75.130469	0	T:99.0(1.92%),B:186.8(0.43%),P:1e-32	Tpos:249.9,Tstd:240.9,Bpos:238.9,Bstd:147.2,StrandBias:0.1,Multiplicity:1.02
0.997	0.001	0.001	0.001
0.001	0.997	0.001	0.001
0.001	0.001	0.001	0.997
0.001	0.001	0.035	0.963
0.001	0.997	0.001	0.001
0.448	0.001	0.550	0.001
0.997	0.001	0.001	0.001
0.966	0.001	0.032	0.001
0.001	0.285	0.534	0.180
0.997	0.001	0.001	0.001
>TTTCSSTTTC	14-TTTCSSTTTC	8.985705	-67.490980	0	T:326.0(6.33%),B:1383.8(3.19%),P:1e-29	Tpos:308.1,Tstd:223.3,Bpos:241.8,Bstd:151.3,StrandBias:-0.3,Multiplicity:1.06
0.138	0.001	0.171	0.690
0.146	0.001	0.001	0.852
0.001	0.217	0.001	0.781
0.001	0.997	0.001	0.001
0.223	0.378	0.398	0.001
0.001	0.487	0.511	0.001
0.001	0.001	0.001	0.997
0.001	0.001	0.286	0.712
0.035	0.001	0.001	0.963
0.185	0.516	0.298	0.001
>GTCACGTGAC	15-GTCACGTGAC	8.116054	-66.435020	0	T:320.0(6.21%),B:1356.6(3.13%),P:1e-28	Tpos:296.4,Tstd:248.2,Bpos:244.2,Bstd:145.0,StrandBias:-0.1,Multiplicity:1.03
0.001	0.100	0.898	0.001
0.109	0.104	0.012	0.775
0.001	0.997	0.001	0.001
0.959	0.001	0.001	0.039
0.001	0.755	0.022	0.222
0.001	0.183	0.780	0.036
0.089	0.001	0.001	0.909
0.081	0.001	0.735	0.183
0.519	0.024	0.267	0.190
0.085	0.674	0.030	0.211
>ATTTCCGGCA	16-ATTTCCGGCA	7.241691	-63.541639	0	T:213.0(4.13%),B:767.1(1.77%),P:1e-27	Tpos:311.4,Tstd:258.4,Bpos:239.3,Bstd:151.5,StrandBias:-0.1,Multiplicity:1.02
0.703	0.084	0.115	0.098
0.110	0.032	0.023	0.835
0.128	0.040	0.033	0.799
0.093	0.050	0.104	0.753
0.098	0.823	0.037	0.042
0.001	0.964	0.034	0.001
0.014	0.060	0.896	0.030
0.151	0.030	0.712	0.107
0.079	0.731	0.056	0.134
0.792	0.051	0.047	0.110
>TATCACGTGG	17-TATCACGTGG	9.407274	-41.127002	0	T:62.0(1.20%),B:134.7(0.31%),P:1e-17	Tpos:292.3,Tstd:220.9,Bpos:208.6,Bstd:130.7,StrandBias:0.1,Multiplicity:1.00
0.007	0.100	0.088	0.805
0.919	0.015	0.001	0.065
0.026	0.014	0.203	0.757
0.057	0.913	0.029	0.001
0.920	0.001	0.001	0.078
0.005	0.989	0.001	0.005
0.001	0.001	0.952	0.046
0.001	0.001	0.001	0.997
0.163	0.001	0.835	0.001
0.040	0.042	0.917	0.001
>CTACATTTCC	18-CTACATTTCC	10.176864	-37.502957	0	T:62.0(1.20%),B:145.5(0.34%),P:1e-16	Tpos:292.3,Tstd:194.7,Bpos:261.5,Bstd:143.8,StrandBias:0.1,Multiplicity:1.06
0.001	0.997	0.001	0.001
0.001	0.001	0.001	0.997
0.997	0.001	0.001	0.001
0.001	0.997	0.001	0.001
0.997	0.001	0.001	0.001
0.001	0.030	0.176	0.793
0.001	0.001	0.001	0.997
0.142	0.001	0.001	0.856
0.001	0.997	0.001	0.001
0.001	0.997	0.001	0.001
>TGATGTTACC	19-TGATGTTACC	-3.243769	-32.304424	0	T:1862.0(36.13%),B:13502.4(31.12%),P:1e-14	Tpos:283.0,Tstd:218.6,Bpos:242.8,Bstd:146.7,StrandBias:-0.0,Multiplicity:1.28
0.001	0.001	0.001	0.997
0.001	0.001	0.997	0.001
0.997	0.001	0.001	0.001
0.001	0.038	0.001	0.960
0.001	0.001	0.997	0.001
0.001	0.001	0.001	0.997
0.001	0.001	0.001	0.997
0.997	0.001	0.001	0.001
0.001	0.997	0.001	0.001
0.001	0.997	0.001	0.001
>CGCAGTGAGG	20-CGCAGTGAGG	10.376535	-21.346355	0	T:49.0(0.95%),B:148.4(0.34%),P:1e-9	Tpos:251.9,Tstd:158.8,Bpos:257.8,Bstd:158.3,StrandBias:-0.6,Multiplicity:1.29
0.116	0.702	0.001	0.181
0.001	0.001	0.997	0.001
0.274	0.544	0.001	0.181
0.864	0.112	0.023	0.001
0.001	0.142	0.856	0.001
0.001	0.001	0.001	0.997
0.250	0.001	0.748	0.001
0.997	0.001	0.001	0.001
0.001	0.012	0.884	0.103
0.001	0.001	0.997	0.001
>AACGCAGCAC	21-AACGCAGCAC	10.820683	-20.537575	0	T:16.0(0.31%),B:18.9(0.04%),P:1e-8	Tpos:288.5,Tstd:268.8,Bpos:281.1,Bstd:188.1,StrandBias:-0.6,Multiplicity:1.00
0.997	0.001	0.001	0.001
0.997	0.001	0.001	0.001
0.001	0.997	0.001	0.001
0.001	0.001	0.997	0.001
0.001	0.997	0.001	0.001
0.997	0.001	0.001	0.001
0.001	0.056	0.942	0.001
0.001	0.873	0.001	0.125
0.997	0.001	0.001	0.001
0.001	0.997	0.001	0.001
>GATAAGAAAC	22-GATAAGAAAC	6.247929	-19.468281	0	T:75.0(1.46%),B:297.1(0.68%),P:1e-8	Tpos:283.2,Tstd:219.7,Bpos:248.6,Bstd:142.1,StrandBias:0.5,Multiplicity:1.17
0.001	0.001	0.997	0.001
0.997	0.001	0.001	0.001
0.001	0.001	0.001	0.997
0.997	0.001	0.001	0.001
0.997	0.001	0.001	0.001
0.001	0.162	0.836	0.001
0.997	0.001	0.001	0.001
0.617	0.381	0.001	0.001
0.816	0.182	0.001	0.001
0.001	0.997	0.001	0.001
>CGGTTAAGGG	23-CGGTTAAGGG	10.296193	-19.467359	0	T:6.0(0.12%),B:1.3(0.00%),P:1e-8	Tpos:202.0,Tstd:90.4,Bpos:256.2,Bstd:157.8,StrandBias:10.0,Multiplicity:1.00
0.100	0.700	0.100	0.100
0.100	0.100	0.700	0.100
0.100	0.100	0.700	0.100
0.100	0.100	0.100	0.700
0.100	0.100	0.100	0.700
0.700	0.100	0.100	0.100
0.700	0.100	0.100	0.100
0.100	0.100	0.700	0.100
0.100	0.100	0.700	0.100
0.100	0.100	0.700	0.100
>GATAGGCCCG	24-GATAGGCCCG	10.296193	-15.409832	0	T:6.0(0.12%),B:2.5(0.01%),P:1e-6	Tpos:325.5,Tstd:140.5,Bpos:141.8,Bstd:144.6,StrandBias:-2.3,Multiplicity:1.00
0.100	0.100	0.700	0.100
0.700	0.100	0.100	0.100
0.100	0.100	0.100	0.700
0.700	0.100	0.100	0.100
0.100	0.100	0.700	0.100
0.100	0.100	0.700	0.100
0.100	0.700	0.100	0.100
0.100	0.700	0.100	0.100
0.100	0.700	0.100	0.100
0.100	0.100	0.700	0.100
>TCTTACTTAC	25-TCTTACTTAC	10.296193	-9.287427	0	T:12.0(0.23%),B:26.7(0.06%),P:1e-4	Tpos:226.7,Tstd:148.8,Bpos:243.3,Bstd:124.5,StrandBias:0.3,Multiplicity:1.00
0.100	0.100	0.100	0.700
0.100	0.700	0.100	0.100
0.100	0.100	0.100	0.700
0.100	0.100	0.100	0.700
0.700	0.100	0.100	0.100
0.100	0.700	0.100	0.100
0.100	0.100	0.100	0.700
0.100	0.100	0.100	0.700
0.700	0.100	0.100	0.100
0.100	0.700	0.100	0.100
>RVACAGGAAGTG	1-RVACAGGAAGTG	7.927554	-932.303741	0	T:1965.0(38.13%),B:6036.0(13.91%),P:1e-404	Tpos:281.9,Tstd:201.6,Bpos:240.5,Bstd:145.7,StrandBias:-0.0,Multiplicity:1.25
0.418	0.116	0.279	0.187
0.327	0.216	0.311	0.145
0.633	0.021	0.312	0.034
0.069	0.730	0.190	0.011
0.988	0.010	0.001	0.001
0.001	0.001	0.997	0.001
0.001	0.001	0.997	0.001
0.997	0.001	0.001	0.001
0.861	0.005	0.001	0.133
0.249	0.010	0.740	0.001
0.034	0.255	0.001	0.710
0.197	0.121	0.462	0.220
>CTTTGATGTKDB	2-CTTTGATGTKDB	7.688235	-482.921702	0	T:1394.0(27.05%),B:4919.5(11.34%),P:1e-209	Tpos:275.5,Tstd:205.9,Bpos:241.4,Bstd:148.8,StrandBias:-0.0,Multiplicity:1.23
0.014	0.702	0.127	0.157
0.019	0.088	0.001	0.892
0.001	0.133	0.083	0.783
0.011	0.001	0.001	0.987
0.001	0.167	0.780	0.052
0.849	0.010	0.001	0.140
0.264	0.001	0.006	0.729
0.001	0.320	0.659	0.020
0.085	0.051	0.001	0.863
0.092	0.172	0.388	0.348
0.232	0.161	0.324	0.283
0.157	0.268	0.222	0.353
>AANNAAACCACA	3-AANNAAACCACA	8.970353	-286.467420	0	T:623.0(12.09%),B:1766.9(4.07%),P:1e-124	Tpos:300.3,Tstd:243.1,Bpos:242.5,Bstd:144.0,StrandBias:-0.0,Multiplicity:1.07
0.471	0.172	0.215	0.142
0.522	0.186	0.160	0.132
0.315	0.225	0.237	0.223
0.313	0.239	0.221	0.227
0.687	0.085	0.038	0.190
0.864	0.063	0.072	0.001
0.691	0.165	0.126	0.018
0.001	0.967	0.021	0.011
0.001	0.997	0.001	0.001
0.975	0.001	0.023	0.001
0.019	0.979	0.001	0.001
0.953	0.023	0.023	0.001
>ATCAAAGGAAGC	4-ATCAAAGGAAGC	7.009212	-245.820647	0	T:1634.0(31.71%),B:8185.3(18.87%),P:1e-106	Tpos:287.3,Tstd:227.3,Bpos:243.2,Bstd:147.6,StrandBias:-0.1,Multiplicity:1.15
0.678	0.104	0.112	0.106
0.121	0.091	0.110	0.678
0.118	0.707	0.093	0.082
0.861	0.047	0.039	0.053
0.758	0.079	0.102	0.061
0.820	0.053	0.058	0.069
0.110	0.036	0.793	0.061
0.108	0.088	0.744	0.060
0.705	0.134	0.087	0.074
0.803	0.030	0.096	0.071
0.115	0.081	0.728	0.076
0.078	0.725	0.084	0.113
>KCCMCCTRGTGG	5-KCCMCCTRGTGG	9.274351	-165.121776	0	T:309.0(6.00%),B:776.7(1.79%),P:1e-71	Tpos:273.5,Tstd:227.1,Bpos:249.6,Bstd:143.7,StrandBias:0.0,Multiplicity:1.02
0.180	0.084	0.441	0.295
0.132	0.816	0.019	0.033
0.037	0.945	0.009	0.009
0.559	0.413	0.009	0.019
0.095	0.617	0.013	0.275
0.047	0.914	0.019	0.020
0.148	0.037	0.019	0.796
0.391	0.019	0.434	0.156
0.028	0.210	0.761	0.001
0.111	0.044	0.044	0.801
0.019	0.030	0.932	0.019
0.176	0.065	0.530	0.229
>CDGATGTGGTTA	6-CDGATGTGGTTA	9.008259	-146.995356	0	T:404.0(7.84%),B:1309.5(3.02%),P:1e-63	Tpos:260.5,Tstd:172.5,Bpos:248.3,Bstd:146.8,StrandBias:0.4,Multiplicity:1.06
0.263	0.477	0.032	0.227
0.388	0.001	0.263	0.348
0.038	0.014	0.947	0.001
0.864	0.134	0.001	0.001
0.040	0.001	0.001	0.958
0.001	0.001	0.997	0.001
0.001	0.001	0.094	0.904
0.001	0.001	0.800	0.198
0.001	0.014	0.884	0.101
0.030	0.165	0.254	0.551
0.195	0.165	0.043	0.597
0.399	0.192	0.174	0.235
>CCCCCCCCCCCC	7-CCCCCCCCCCCC	7.924636	-100.619673	0	T:1238.0(24.02%),B:7131.2(16.44%),P:1e-43	Tpos:320.3,Tstd:243.7,Bpos:243.2,Bstd:139.6,StrandBias:-0.2,Multiplicity:1.33
0.045	0.883	0.039	0.033
0.053	0.753	0.048	0.146
0.030	0.773	0.047	0.150
0.040	0.910	0.003	0.047
0.099	0.815	0.006	0.080
0.156	0.673	0.005	0.166
0.161	0.786	0.013	0.040
0.154	0.761	0.016	0.069
0.166	0.756	0.037	0.041
0.190	0.722	0.005	0.083
0.059	0.863	0.028	0.050
0.049	0.797	0.027	0.127
>GCTTCAAAGAAA	8-GCTTCAAAGAAA	8.928705	-89.562868	0	T:398.0(7.72%),B:1633.8(3.77%),P:1e-38	Tpos:287.2,Tstd:227.5,Bpos:246.2,Bstd:150.7,StrandBias:-0.2,Multiplicity:1.04
0.068	0.089	0.750	0.093
0.050	0.844	0.072	0.034
0.039	0.047	0.034	0.880
0.079	0.024	0.068	0.829
0.076	0.849	0.038	0.037
0.847	0.039	0.030	0.084
0.855	0.042	0.048	0.055
0.886	0.013	0.064	0.037
0.080	0.049	0.798	0.073
0.798	0.067	0.061	0.074
0.831	0.053	0.068	0.048
0.836	0.066	0.067	0.031
>VHCACGTGACHN	9-VHCACGTGACHN	6.752576	-84.834421	0	T:552.0(10.71%),B:2621.1(6.04%),P:1e-36	Tpos:294.1,Tstd:217.0,Bpos:242.3,Bstd:154.9,StrandBias:-0.1,Multiplicity:1.06
0.262	0.270	0.316	0.153
0.275	0.272	0.143	0.311
0.058	0.834	0.062	0.046
0.885	0.001	0.029	0.085
0.001	0.997	0.001	0.001
0.001	0.001	0.997	0.001
0.029	0.006	0.030	0.935
0.075	0.114	0.784	0.027
0.743	0.001	0.119	0.137
0.070	0.648	0.134	0.148
0.282	0.206	0.175	0.337
0.219	0.217	0.255	0.309
>DSTTTCHMTTTB	10-DSTTTCHMTTTB	8.643641	-84.628923	0	T:299.0(5.80%),B:1104.0(2.54%),P:1e-36	Tpos:309.0,Tstd:200.9,Bpos:241.8,Bstd:144.8,StrandBias:-0.1,Multiplicity:1.06
0.358	0.017	0.357	0.269
0.024	0.400	0.544	0.032
0.057	0.070	0.045	0.828
0.040	0.057	0.061	0.842
0.038	0.385	0.034	0.543
0.064	0.803	0.036	0.097
0.304	0.328	0.017	0.351
0.332	0.407	0.033	0.229
0.031	0.383	0.032	0.554
0.044	0.144	0.044	0.768
0.047	0.264	0.042	0.647
0.187	0.356	0.233	0.224
>GGGRHTTCCCCT	11-GGGRHTTCCCCT	10.006623	-76.196012	0	T:88.0(1.71%),B:145.5(0.34%),P:1e-33	Tpos:310.8,Tstd:291.8,Bpos:235.1,Bstd:137.7,StrandBias:-0.1,Multiplicity:1.00
0.120	0.007	0.710	0.163
0.154	0.021	0.797	0.028
0.041	0.007	0.908	0.044
0.337	0.021	0.451	0.190
0.350	0.224	0.128	0.298
0.233	0.055	0.112	0.600
0.012	0.024	0.041	0.923
0.025	0.572	0.144	0.259
0.155	0.767	0.001	0.077
0.027	0.906	0.029	0.038
0.036	0.851	0.007	0.106
0.302	0.217	0.014	0.466
>ACTACATTTCCC	12-ACTACATTTCCC	11.945420	-62.838999	0	T:50.0(0.97%),B:53.9(0.12%),P:1e-27	Tpos:305.7,Tstd:236.5,Bpos:237.1,Bstd:154.7,StrandBias:0.4,Multiplicity:1.12
0.997	0.001	0.001	0.001
0.001	0.997	0.001	0.001
0.035	0.001	0.001	0.963
0.967	0.016	0.001	0.016
0.001	0.997	0.001	0.001
0.986	0.001	0.012	0.001
0.131	0.083	0.050	0.736
0.036	0.016	0.001	0.947
0.061	0.001	0.001	0.937
0.025	0.973	0.001	0.001
0.001	0.997	0.001	0.001
0.001	0.963	0.001	0.035
>CGGGGGGGGGGG	13-CGGGGGGGGGGG	6.893903	-56.385928	0	T:1385.0(26.88%),B:9046.5(20.85%),P:1e-24	Tpos:344.4,Tstd:270.7,Bpos:244.5,Bstd:159.9,StrandBias:-0.1,Multiplicity:1.57
0.074	0.843	0.016	0.067
0.107	0.056	0.746	0.091
0.076	0.084	0.763	0.077
0.105	0.079	0.739	0.077
0.115	0.076	0.722	0.087
0.106	0.086	0.728	0.080
0.120	0.096	0.703	0.081
0.104	0.095	0.713	0.088
0.091	0.105	0.711	0.093
0.086	0.077	0.759	0.078
0.087	0.078	0.782	0.053
0.072	0.085	0.792	0.051
>GTGGTTCTTCCG	14-GTGGTTCTTCCG	13.664609	-29.891727	0	T:13.0(0.25%),B:5.8(0.01%),P:1e-12	Tpos:210.3,Tstd:87.9,Bpos:202.0,Bstd:132.1,StrandBias:1.0,Multiplicity:1.38
0.107	0.107	0.785	0.001
0.001	0.001	0.001	0.997
0.001	0.001	0.997	0.001
0.001	0.001	0.891	0.107
0.001	0.001	0.001	0.997
0.001	0.001	0.001	0.997
0.001	0.891	0.001	0.107
0.001	0.001	0.001	0.997
0.001	0.001	0.001	0.997
0.001	0.997	0.001	0.001
0.107	0.891	0.001	0.001
0.107	0.107	0.785	0.001
>DACGTCACTGCA	15-DACGTCACTGCA	12.606137	-29.190437	0	T:11.0(0.21%),B:4.0(0.01%),P:1e-12	Tpos:151.5,Tstd:117.7,Bpos:362.7,Bstd:49.4,StrandBias:1.4,Multiplicity:2.00
0.367	0.001	0.263	0.369
0.997	0.001	0.001	0.001
0.001	0.997	0.001	0.001
0.001	0.392	0.606	0.001
0.001	0.183	0.001	0.815
0.183	0.815	0.001	0.001
0.815	0.183	0.001	0.001
0.001	0.997	0.001	0.001
0.001	0.001	0.183	0.815
0.001	0.001	0.997	0.001
0.001	0.815	0.183	0.001
0.997	0.001	0.001	0.001
>GTTGCTAAGCAA	16-GTTGCTAAGCAA	9.318000	-26.684401	0	T:120.0(2.33%),B:501.1(1.15%),P:1e-11	Tpos:261.7,Tstd:168.1,Bpos:239.9,Bstd:132.8,StrandBias:0.1,Multiplicity:1.04
0.041	0.080	0.851	0.028
0.047	0.051	0.051	0.851
0.065	0.028	0.070	0.837
0.083	0.021	0.849	0.047
0.055	0.827	0.049	0.069
0.076	0.030	0.001	0.893
0.754	0.073	0.031	0.142
0.826	0.010	0.085	0.079
0.055	0.014	0.876	0.055
0.085	0.789	0.098	0.028
0.847	0.084	0.014	0.055
0.806	0.041	0.070	0.083
>GAATGGCGGATC	17-GAATGGCGGATC	14.200071	-25.959104	0	T:9.0(0.17%),B:2.5(0.01%),P:1e-11	Tpos:219.1,Tstd:174.9,Bpos:201.3,Bstd:100.0,StrandBias:-2.0,Multiplicity:1.67
0.001	0.001	0.997	0.001
0.997	0.001	0.001	0.001
0.706	0.292	0.001	0.001
0.001	0.001	0.001	0.997
0.001	0.001	0.997	0.001
0.001	0.001	0.997	0.001
0.001	0.997	0.001	0.001
0.309	0.001	0.689	0.001
0.001	0.001	0.997	0.001
0.997	0.001	0.001	0.001
0.001	0.001	0.001	0.997
0.001	0.997	0.001	0.001
>KGTGGBGKGTGG	18-KGTGGBGKGTGG	10.005692	-23.968993	0	T:205.0(3.98%),B:1062.6(2.45%),P:1e-10	Tpos:261.0,Tstd:259.7,Bpos:232.9,Bstd:143.1,StrandBias:-0.3,Multiplicity:1.04
0.001	0.001	0.509	0.489
0.096	0.001	0.845	0.058
0.001	0.001	0.001	0.997
0.001	0.001	0.938	0.060
0.015	0.298	0.686	0.001
0.076	0.310	0.346	0.268
0.183	0.131	0.663	0.023
0.001	0.001	0.495	0.503
0.001	0.001	0.816	0.182
0.001	0.001	0.001	0.997
0.001	0.001	0.997	0.001
0.166	0.001	0.832	0.001
>AGATAACACGCT	19-AGATAACACGCT	-1.070443	-23.011853	0	T:1268.0(24.61%),B:9078.5(20.92%),P:1e-9	Tpos:290.2,Tstd:234.5,Bpos:244.8,Bstd:151.3,StrandBias:0.0,Multiplicity:1.18
0.774	0.224	0.001	0.001
0.001	0.001	0.997	0.001
0.774	0.224	0.001	0.001
0.001	0.001	0.001	0.997
0.774	0.001	0.001	0.224
0.997	0.001	0.001	0.001
0.001	0.774	0.001	0.224
0.997	0.001	0.001	0.001
0.226	0.772	0.001	0.001
0.255	0.001	0.743	0.001
0.001	0.997	0.001	0.001
0.001	0.001	0.001	0.997
>AAGGGCAGTGGT	20-AAGGGCAGTGGT	14.299897	-22.986510	0	T:10.0(0.19%),B:4.5(0.01%),P:1e-9	Tpos:239.3,Tstd:113.7,Bpos:282.2,Bstd:125.5,StrandBias:1.8,Multiplicity:1.00
0.997	0.001	0.001	0.001
0.997	0.001	0.001	0.001
0.001	0.001	0.997	0.001
0.001	0.001	0.997	0.001
0.001	0.001	0.997	0.001
0.001	0.898	0.001	0.100
0.997	0.001	0.001	0.001
0.001	0.001	0.997	0.001
0.001	0.001	0.001	0.997
0.001	0.001	0.997	0.001
0.001	0.001	0.997	0.001
0.001	0.001	0.001	0.997
>TTGTTATAGCTC	21-TTGTTATAGCTC	13.431688	-15.412765	0	T:10.0(0.19%),B:9.4(0.02%),P:1e-6	Tpos:462.8,Tstd:197.4,Bpos:341.2,Bstd:118.9,StrandBias:2.3,Multiplicity:2.40
0.001	0.001	0.001	0.997
0.001	0.001	0.001	0.997
0.001	0.058	0.940	0.001
0.001	0.001	0.001	0.997
0.001	0.001	0.082	0.916
0.809	0.001	0.001	0.189
0.083	0.190	0.001	0.726
0.997	0.001	0.001	0.001
0.001	0.001	0.997	0.001
0.001	0.997	0.001	0.001
0.001	0.001	0.001	0.997
0.001	0.916	0.001	0.082
>ACTCTCAGCAAC	22-ACTCTCAGCAAC	2.685395	-12.572633	0	T:317.0(6.15%),B:2063.2(4.76%),P:1e-5	Tpos:280.5,Tstd:215.4,Bpos:244.0,Bstd:148.8,StrandBias:0.2,Multiplicity:1.04
0.997	0.001	0.001	0.001
0.001	0.997	0.001	0.001
0.001	0.001	0.001	0.997
0.001	0.997	0.001	0.001
0.001	0.001	0.001	0.997
0.001	0.997	0.001	0.001
0.997	0.001	0.001	0.001
0.100	0.001	0.898	0.001
0.001	0.997	0.001	0.001
0.997	0.001	0.001	0.001
0.997	0.001	0.001	0.001
0.001	0.997	0.001	0.001
>TGTGATGTTACC	23-TGTGATGTTACC	13.581044	-12.322051	0	T:9.0(0.17%),B:10.6(0.02%),P:1e-5	Tpos:201.4,Tstd:124.1,Bpos:173.6,Bstd:123.5,StrandBias:0.8,Multiplicity:2.33
0.001	0.063	0.001	0.935
0.001	0.001	0.997	0.001
0.001	0.001	0.001	0.997
0.001	0.001	0.997	0.001
0.997	0.001	0.001	0.001
0.001	0.001	0.001	0.997
0.001	0.063	0.935	0.001
0.001	0.063	0.001	0.935
0.001	0.001	0.063	0.935
0.935	0.063	0.001	0.001
0.001	0.997	0.001	0.001
0.001	0.997	0.001	0.001
>TTGTACAGATGG	24-TTGTACAGATGG	12.355432	-3.724968	0	T:2.0(0.04%),B:2.5(0.01%),P:1e-1	Tpos:95.6,Tstd:60.1,Bpos:311.5,Bstd:52.5,StrandBias:-3.2,Multiplicity:5.00
0.100	0.100	0.100	0.700
0.100	0.100	0.100	0.700
0.100	0.100	0.700	0.100
0.100	0.100	0.100	0.700
0.700	0.100	0.100	0.100
0.100	0.700	0.100	0.100
0.700	0.100	0.100	0.100
0.100	0.100	0.700	0.100
0.700	0.100	0.100	0.100
0.100	0.100	0.100	0.700
0.100	0.100	0.700	0.100
0.100	0.100	0.700	0.100
>ATTTAGCCCCAG	25-ATTTAGCCCCAG	12.355432	-2.189388	0	T:1.0(0.02%),B:1.6(0.00%),P:1e0	Tpos:144.4,Tstd:96.7,Bpos:267.8,Bstd:51.0,StrandBias:10.0,Multiplicity:8.00
0.700	0.100	0.100	0.100
0.100	0.100	0.100	0.700
0.100	0.100	0.100	0.700
0.100	0.100	0.100	0.700
0.700	0.100	0.100	0.100
0.100	0.100	0.700	0.100
0.100	0.700	0.100	0.100
0.100	0.700	0.100	0.100
0.100	0.700	0.100	0.100
0.100	0.700	0.100	0.100
0.700	0.100	0.100	0.100
0.100	0.100	0.700	0.100
>CAGGAAGT	1-CAGGAAGT	6.859287	-728.359955	0	T:2316.0(44.94%),B:9191.9(21.19%),P:1e-316	Tpos:287.7,Tstd:210.4,Bpos:239.6,Bstd:145.6,StrandBias:0.0,Multiplicity:1.35
0.070	0.773	0.156	0.001
0.997	0.001	0.001	0.001
0.001	0.001	0.997	0.001
0.001	0.001	0.997	0.001
0.997	0.001	0.001	0.001
0.927	0.001	0.001	0.071
0.177	0.001	0.821	0.001
0.001	0.116	0.001	0.882
>CTTTGATS	2-CTTTGATS	6.217984	-406.139013	0	T:2563.0(49.74%),B:13344.4(30.76%),P:1e-176	Tpos:281.2,Tstd:210.9,Bpos:241.5,Bstd:147.0,StrandBias:-0.0,Multiplicity:1.42
0.028	0.796	0.090	0.086
0.012	0.040	0.043	0.905
0.023	0.137	0.021	0.819
0.110	0.001	0.005	0.884
0.057	0.132	0.711	0.100
0.885	0.009	0.008	0.098
0.311	0.039	0.017	0.633
0.105	0.370	0.404	0.122
>YTTCCGBT	3-YTTCCGBT	5.674910	-389.926314	0	T:2999.0(58.20%),B:16925.4(39.01%),P:1e-169	Tpos:296.2,Tstd:238.6,Bpos:242.5,Bstd:152.3,StrandBias:-0.0,Multiplicity:1.46
0.024	0.407	0.245	0.324
0.198	0.022	0.001	0.779
0.141	0.001	0.013	0.845
0.010	0.664	0.179	0.147
0.001	0.873	0.125	0.001
0.001	0.016	0.664	0.319
0.109	0.304	0.297	0.290
0.247	0.017	0.001	0.735
>ACATCAAA	4-ACATCAAA	9.047418	-379.682402	0	T:758.0(14.71%),B:2044.8(4.71%),P:1e-164	Tpos:272.6,Tstd:213.1,Bpos:243.4,Bstd:148.4,StrandBias:0.1,Multiplicity:1.10
0.907	0.013	0.041	0.039
0.027	0.737	0.235	0.001
0.761	0.001	0.005	0.233
0.020	0.001	0.001	0.978
0.001	0.941	0.057	0.001
0.997	0.001	0.001	0.001
0.946	0.021	0.032	0.001
0.959	0.001	0.019	0.021
>AAACCACA	5-AAACCACA	6.453192	-299.838824	0	T:749.0(14.54%),B:2335.3(5.38%),P:1e-130	Tpos:298.2,Tstd:218.0,Bpos:242.0,Bstd:148.7,StrandBias:-0.2,Multiplicity:1.11
0.796	0.001	0.001	0.202
0.997	0.001	0.001	0.001
0.997	0.001	0.001	0.001
0.001	0.997	0.001	0.001
0.001	0.997	0.001	0.001
0.946	0.001	0.052	0.001
0.001	0.997	0.001	0.001
0.936	0.001	0.062	0.001
>AAACCACA	6-AAACCACA	7.622668	-246.579943	0	T:1442.0(27.98%),B:6868.7(15.83%),P:1e-107	Tpos:287.4,Tstd:228.2,Bpos:243.1,Bstd:148.1,StrandBias:-0.0,Multiplicity:1.14
0.442	0.255	0.099	0.203
0.654	0.001	0.001	0.344
0.858	0.001	0.140	0.001
0.001	0.997	0.001	0.001
0.001	0.997	0.001	0.001
0.997	0.001	0.001	0.001
0.001	0.997	0.001	0.001
0.780	0.061	0.001	0.158
>RTCACGTS	7-RTCACGTS	4.961287	-88.842280	0	T:792.0(15.37%),B:4160.9(9.59%),P:1e-38	Tpos:288.0,Tstd:216.1,Bpos:240.8,Bstd:157.0,StrandBias:-0.0,Multiplicity:1.14
0.284	0.199	0.370	0.147
0.247	0.192	0.109	0.452
0.202	0.431	0.241	0.126
0.670	0.001	0.205	0.124
0.001	0.881	0.040	0.078
0.304	0.045	0.605	0.046
0.080	0.325	0.069	0.526
0.232	0.293	0.405	0.070
>ACATCAGA	8-ACATCAGA	5.858160	-87.162200	0	T:2045.0(39.69%),B:13516.8(31.15%),P:1e-37	Tpos:289.5,Tstd:240.9,Bpos:241.8,Bstd:145.7,StrandBias:-0.0,Multiplicity:1.36
0.997	0.001	0.001	0.001
0.001	0.870	0.088	0.041
0.745	0.101	0.092	0.062
0.072	0.001	0.046	0.881
0.066	0.898	0.001	0.035
0.837	0.006	0.001	0.156
0.001	0.136	0.838	0.025
0.978	0.020	0.001	0.001
>GCTTTTTA	9-GCTTTTTA	5.165930	-85.473402	0	T:2409.0(46.75%),B:16478.5(37.98%),P:1e-37	Tpos:293.9,Tstd:224.2,Bpos:242.6,Bstd:151.3,StrandBias:0.1,Multiplicity:1.37
0.001	0.080	0.918	0.001
0.001	0.924	0.001	0.074
0.001	0.001	0.001	0.997
0.001	0.033	0.060	0.906
0.001	0.049	0.001	0.949
0.001	0.118	0.240	0.641
0.024	0.001	0.083	0.892
0.959	0.001	0.039	0.001
>GGGGGGGG	10-GGGGGGGG	8.053734	-84.214707	0	T:1470.0(28.53%),B:9123.3(21.03%),P:1e-36	Tpos:315.4,Tstd:242.1,Bpos:243.3,Bstd:141.5,StrandBias:0.1,Multiplicity:1.48
0.001	0.001	0.997	0.001
0.044	0.001	0.954	0.001
0.001	0.001	0.864	0.134
0.133	0.054	0.637	0.176
0.108	0.001	0.793	0.098
0.123	0.001	0.750	0.126
0.001	0.001	0.997	0.001
0.001	0.001	0.997	0.001
>TCCGCCYW	11-TCCGCCYW	7.146926	-79.967984	0	T:691.0(13.41%),B:3588.5(8.27%),P:1e-34	Tpos:313.8,Tstd:257.8,Bpos:241.1,Bstd:159.6,StrandBias:0.0,Multiplicity:1.27
0.349	0.091	0.001	0.559
0.001	0.997	0.001	0.001
0.001	0.997	0.001	0.001
0.001	0.001	0.997	0.001
0.001	0.997	0.001	0.001
0.001	0.997	0.001	0.001
0.001	0.469	0.001	0.529
0.461	0.001	0.001	0.537
>CGTGCGTA	12-CGTGCGTA	4.949814	-75.752639	0	T:1397.0(27.11%),B:8732.1(20.13%),P:1e-32	Tpos:314.6,Tstd:253.1,Bpos:242.9,Bstd:162.4,StrandBias:-0.0,Multiplicity:1.26
0.091	0.680	0.083	0.146
0.074	0.092	0.690	0.144
0.043	0.026	0.090	0.841
0.087	0.078	0.739	0.096
0.025	0.793	0.101	0.081
0.029	0.039	0.849	0.083
0.079	0.071	0.050	0.800
0.614	0.076	0.132	0.178
>TGTTTACG	13-TGTTTACG	6.077287	-70.205497	0	T:1071.0(20.78%),B:6411.3(14.78%),P:1e-30	Tpos:302.5,Tstd:246.3,Bpos:244.4,Bstd:150.6,StrandBias:-0.0,Multiplicity:1.14
0.112	0.283	0.137	0.468
0.071	0.001	0.860	0.068
0.015	0.005	0.042	0.938
0.125	0.001	0.001	0.873
0.001	0.001	0.057	0.941
0.872	0.012	0.037	0.079
0.001	0.769	0.117	0.113
0.245	0.001	0.718	0.036
>ASGCGWYT	14-ASGCGWYT	2.441874	-59.416274	0	T:696.0(13.51%),B:3903.2(9.00%),P:1e-25	Tpos:314.7,Tstd:271.1,Bpos:243.0,Bstd:163.2,StrandBias:0.1,Multiplicity:1.11
0.997	0.001	0.001	0.001
0.001	0.509	0.489	0.001
0.001	0.001	0.997	0.001
0.001	0.997	0.001	0.001
0.001	0.001	0.997	0.001
0.416	0.141	0.001	0.442
0.001	0.428	0.143	0.428
0.001	0.001	0.001	0.997
>AGGGGGCG	15-AGGGGGCG	6.445957	-55.503917	0	T:879.0(17.06%),B:5274.1(12.16%),P:1e-24	Tpos:316.1,Tstd:238.8,Bpos:244.4,Bstd:154.9,StrandBias:0.2,Multiplicity:1.24
0.848	0.001	0.001	0.150
0.001	0.001	0.818	0.180
0.001	0.001	0.997	0.001
0.023	0.001	0.597	0.379
0.001	0.001	0.997	0.001
0.001	0.001	0.997	0.001
0.001	0.997	0.001	0.001
0.047	0.001	0.951	0.001
>CTGCACAG	16-CTGCACAG	7.959961	-45.507999	0	T:540.0(10.48%),B:3029.4(6.98%),P:1e-19	Tpos:309.0,Tstd:247.3,Bpos:242.6,Bstd:161.0,StrandBias:0.1,Multiplicity:1.12
0.001	0.997	0.001	0.001
0.001	0.091	0.093	0.815
0.001	0.001	0.997	0.001
0.001	0.997	0.001	0.001
0.756	0.001	0.242	0.001
0.001	0.997	0.001	0.001
0.926	0.072	0.001	0.001
0.001	0.001	0.997	0.001
>TATCGCYA	17-TATCGCYA	6.015027	-39.698532	0	T:403.0(7.82%),B:2175.0(5.01%),P:1e-17	Tpos:302.6,Tstd:261.9,Bpos:248.7,Bstd:155.3,StrandBias:0.1,Multiplicity:1.05
0.001	0.001	0.043	0.955
0.754	0.001	0.243	0.002
0.234	0.001	0.213	0.552
0.001	0.997	0.001	0.001
0.001	0.001	0.997	0.001
0.006	0.948	0.001	0.045
0.001	0.441	0.138	0.421
0.797	0.001	0.010	0.192
>GYGGTGAG	18-GYGGTGAG	7.196143	-38.729823	0	T:815.0(15.82%),B:5137.1(11.84%),P:1e-16	Tpos:321.0,Tstd:247.6,Bpos:242.1,Bstd:155.4,StrandBias:-0.0,Multiplicity:1.13
0.073	0.001	0.925	0.001
0.001	0.548	0.001	0.450
0.003	0.012	0.974	0.011
0.148	0.226	0.562	0.064
0.169	0.013	0.059	0.759
0.016	0.001	0.948	0.035
0.607	0.140	0.001	0.252
0.059	0.001	0.772	0.168
>ACTTCCCC	19-ACTTCCCC	9.914140	-36.290088	0	T:345.0(6.70%),B:1830.7(4.22%),P:1e-15	Tpos:298.0,Tstd:241.8,Bpos:239.8,Bstd:145.6,StrandBias:-0.2,Multiplicity:1.04
0.997	0.001	0.001	0.001
0.001	0.997	0.001	0.001
0.001	0.001	0.001	0.997
0.001	0.001	0.001	0.997
0.001	0.997	0.001	0.001
0.001	0.997	0.001	0.001
0.001	0.997	0.001	0.001
0.001	0.683	0.001	0.315
>ATGCGTCA	20-ATGCGTCA	9.103410	-34.281986	0	T:87.0(1.69%),B:273.9(0.63%),P:1e-14	Tpos:279.9,Tstd:221.8,Bpos:245.1,Bstd:145.2,StrandBias:0.0,Multiplicity:1.00
0.581	0.001	0.168	0.250
0.001	0.001	0.001	0.997
0.167	0.001	0.831	0.001
0.001	0.997	0.001	0.001
0.001	0.001	0.997	0.001
0.001	0.001	0.001	0.997
0.001	0.997	0.001	0.001
0.997	0.001	0.001	0.001
