Factor1: 1.6220294383460028
Factor2: 0.6165116220206882
