Factor1: 0.9571649637905957
Factor2: 1.0447519892911328
