Factor1: 0.697123084105122
Factor2: 1.4344669152416192
