Factor1: 0.988895749888977
Factor2: 1.0112289390588116
