>ACAGGAAGTGGT	1-ACAGGAAGTGGT	10.049055	-150.328212	0	T:151.0(9.07%),B:727.2(1.54%),P:1e-65	Tpos:264.2,Tstd:207.5,Bpos:230.2,Bstd:130.5,StrandBias:0.1,Multiplicity:1.03
0.638	0.062	0.152	0.148
0.115	0.704	0.180	0.001
0.854	0.024	0.121	0.001
0.001	0.001	0.997	0.001
0.001	0.023	0.975	0.001
0.997	0.001	0.001	0.001
0.581	0.070	0.025	0.324
0.001	0.016	0.964	0.019
0.056	0.172	0.001	0.771
0.074	0.035	0.646	0.245
0.082	0.170	0.747	0.001
0.046	0.218	0.197	0.539
>AAACCACAGRAA	2-AAACCACAGRAA	8.265236	-114.838238	0	T:348.0(20.90%),B:4186.7(8.88%),P:1e-49	Tpos:287.1,Tstd:213.7,Bpos:235.8,Bstd:142.5,StrandBias:0.1,Multiplicity:1.20
0.471	0.165	0.066	0.298
0.686	0.075	0.199	0.040
0.711	0.125	0.145	0.019
0.027	0.913	0.043	0.017
0.001	0.997	0.001	0.001
0.701	0.001	0.001	0.297
0.012	0.986	0.001	0.001
0.997	0.001	0.001	0.001
0.324	0.054	0.621	0.001
0.405	0.199	0.378	0.018
0.422	0.191	0.257	0.130
0.561	0.105	0.212	0.122
>GAAAGTGAAAGT	3-GAAAGTGAAAGT	9.720426	-107.799480	0	T:129.0(7.75%),B:752.9(1.60%),P:1e-46	Tpos:325.0,Tstd:286.1,Bpos:240.8,Bstd:142.2,StrandBias:-0.4,Multiplicity:1.08
0.126	0.035	0.793	0.046
0.836	0.032	0.131	0.001
0.897	0.001	0.070	0.032
0.877	0.001	0.060	0.062
0.086	0.119	0.762	0.033
0.059	0.057	0.055	0.829
0.038	0.033	0.883	0.046
0.837	0.021	0.061	0.081
0.868	0.006	0.125	0.001
0.906	0.013	0.048	0.033
0.040	0.111	0.829	0.020
0.086	0.146	0.080	0.688
>GTCATTTCCTGT	4-GTCATTTCCTGT	6.988492	-41.706554	0	T:451.0(27.09%),B:8623.3(18.29%),P:1e-18	Tpos:299.9,Tstd:255.9,Bpos:236.9,Bstd:138.2,StrandBias:0.1,Multiplicity:1.24
0.100	0.140	0.619	0.141
0.119	0.079	0.063	0.739
0.112	0.687	0.123	0.078
0.730	0.091	0.064	0.115
0.053	0.090	0.113	0.744
0.051	0.074	0.073	0.802
0.057	0.041	0.057	0.845
0.058	0.775	0.063	0.104
0.079	0.811	0.021	0.089
0.083	0.048	0.046	0.823
0.052	0.112	0.727	0.109
0.094	0.097	0.106	0.703
>CCACCTACTGGT	5-CCACCTACTGGT	6.378858	-40.702314	0	T:129.0(7.75%),B:1553.3(3.30%),P:1e-17	Tpos:286.2,Tstd:218.9,Bpos:232.5,Bstd:138.1,StrandBias:0.7,Multiplicity:1.03
0.208	0.790	0.001	0.001
0.001	0.997	0.001	0.001
0.639	0.359	0.001	0.001
0.001	0.817	0.001	0.181
0.001	0.997	0.001	0.001
0.001	0.001	0.001	0.997
0.851	0.001	0.108	0.040
0.001	0.812	0.186	0.001
0.001	0.200	0.001	0.798
0.001	0.001	0.997	0.001
0.001	0.068	0.930	0.001
0.001	0.382	0.001	0.616
>GGGGTTTCCCCT	6-GGGGTTTCCCCT	9.352825	-36.669325	0	T:72.0(4.32%),B:650.8(1.38%),P:1e-15	Tpos:273.1,Tstd:184.1,Bpos:244.7,Bstd:139.6,StrandBias:-0.5,Multiplicity:1.01
0.015	0.072	0.841	0.072
0.021	0.030	0.848	0.101
0.078	0.001	0.785	0.136
0.106	0.018	0.874	0.002
0.090	0.115	0.095	0.700
0.084	0.024	0.035	0.857
0.024	0.057	0.060	0.859
0.001	0.797	0.074	0.128
0.050	0.948	0.001	0.001
0.189	0.704	0.001	0.106
0.001	0.846	0.078	0.075
0.029	0.002	0.022	0.947
>TAATGAGTCACT	7-TAATGAGTCACT	9.035953	-29.389804	0	T:64.0(3.84%),B:624.2(1.32%),P:1e-12	Tpos:284.0,Tstd:229.3,Bpos:234.5,Bstd:134.4,StrandBias:0.3,Multiplicity:1.02
0.136	0.028	0.050	0.786
0.730	0.057	0.088	0.125
0.635	0.115	0.130	0.120
0.099	0.001	0.046	0.854
0.119	0.021	0.859	0.001
0.929	0.001	0.026	0.044
0.078	0.026	0.870	0.026
0.131	0.021	0.021	0.827
0.001	0.884	0.114	0.001
0.952	0.026	0.001	0.021
0.042	0.861	0.055	0.042
0.001	0.130	0.052	0.817
>GAGGGGGGGGGG	8-GAGGGGGGGGGG	6.664652	-22.097681	0	T:532.0(31.95%),B:11852.0(25.14%),P:1e-9	Tpos:332.5,Tstd:264.1,Bpos:236.3,Bstd:140.3,StrandBias:0.0,Multiplicity:1.59
0.114	0.115	0.691	0.080
0.590	0.118	0.173	0.119
0.123	0.093	0.679	0.105
0.120	0.096	0.686	0.098
0.126	0.104	0.664	0.106
0.126	0.094	0.672	0.108
0.130	0.094	0.661	0.115
0.124	0.099	0.663	0.114
0.117	0.103	0.670	0.110
0.125	0.109	0.671	0.095
0.118	0.097	0.678	0.107
0.105	0.119	0.675	0.101
>TTCCTGAGGTGA	9-TTCCTGAGGTGA	9.301481	-21.706793	0	T:80.0(4.80%),B:1049.9(2.23%),P:1e-9	Tpos:290.5,Tstd:263.9,Bpos:236.4,Bstd:138.2,StrandBias:-0.0,Multiplicity:1.06
0.029	0.068	0.060	0.843
0.078	0.048	0.072	0.802
0.030	0.734	0.116	0.120
0.048	0.857	0.030	0.065
0.079	0.030	0.048	0.843
0.084	0.013	0.873	0.030
0.961	0.001	0.037	0.001
0.018	0.021	0.931	0.030
0.124	0.068	0.758	0.050
0.078	0.001	0.040	0.881
0.048	0.081	0.817	0.054
0.764	0.024	0.111	0.101
>AAACCACTGTGC	10-AAACCACTGTGC	12.818968	-21.496066	0	T:11.0(0.66%),B:21.5(0.05%),P:1e-9	Tpos:231.7,Tstd:203.8,Bpos:241.0,Bstd:133.2,StrandBias:-0.3,Multiplicity:1.00
0.716	0.282	0.001	0.001
0.716	0.001	0.001	0.282
0.997	0.001	0.001	0.001
0.001	0.997	0.001	0.001
0.001	0.997	0.001	0.001
0.997	0.001	0.001	0.001
0.001	0.857	0.001	0.141
0.001	0.001	0.001	0.997
0.001	0.001	0.857	0.141
0.001	0.001	0.001	0.997
0.001	0.001	0.997	0.001
0.001	0.921	0.001	0.077
>TGCAAGACACAG	11-TGCAAGACACAG	14.882112	-20.070914	0	T:8.0(0.48%),B:9.7(0.02%),P:1e-8	Tpos:112.4,Tstd:33.3,Bpos:259.0,Bstd:104.1,StrandBias:-0.7,Multiplicity:1.00
0.001	0.001	0.001	0.997
0.001	0.001	0.997	0.001
0.001	0.997	0.001	0.001
0.997	0.001	0.001	0.001
0.819	0.001	0.001	0.179
0.001	0.001	0.997	0.001
0.997	0.001	0.001	0.001
0.001	0.997	0.001	0.001
0.997	0.001	0.001	0.001
0.001	0.997	0.001	0.001
0.997	0.001	0.001	0.001
0.001	0.001	0.997	0.001
>CCCNCCTCMCCC	12-CCCNCCTCMCCC	8.691967	-18.701574	0	T:288.0(17.30%),B:5876.7(12.47%),P:1e-8	Tpos:337.8,Tstd:262.2,Bpos:239.5,Bstd:141.2,StrandBias:-0.0,Multiplicity:1.19
0.001	0.944	0.001	0.054
0.117	0.583	0.001	0.299
0.001	0.676	0.001	0.322
0.275	0.334	0.193	0.198
0.147	0.841	0.011	0.001
0.001	0.624	0.001	0.374
0.001	0.001	0.019	0.979
0.332	0.561	0.106	0.001
0.390	0.413	0.055	0.141
0.001	0.678	0.320	0.001
0.001	0.997	0.001	0.001
0.396	0.602	0.001	0.001
>CTTGCCCTTGAA	13-CTTGCCCTTGAA	12.355432	-18.102998	0	T:5.0(0.30%),B:2.0(0.00%),P:1e-7	Tpos:219.8,Tstd:30.9,Bpos:310.9,Bstd:89.2,StrandBias:10.0,Multiplicity:1.00
0.100	0.700	0.100	0.100
0.100	0.100	0.100	0.700
0.100	0.100	0.100	0.700
0.100	0.100	0.700	0.100
0.100	0.700	0.100	0.100
0.100	0.700	0.100	0.100
0.100	0.700	0.100	0.100
0.100	0.100	0.100	0.700
0.100	0.100	0.100	0.700
0.100	0.100	0.700	0.100
0.700	0.100	0.100	0.100
0.700	0.100	0.100	0.100
>TMGCGWAAKCCA	14-TMGCGWAAKCCA	1.319519	-17.813329	0	T:981.0(58.92%),B:24594.5(52.17%),P:1e-7	Tpos:299.9,Tstd:249.1,Bpos:236.1,Bstd:142.1,StrandBias:0.0,Multiplicity:1.53
0.120	0.001	0.001	0.878
0.565	0.433	0.001	0.001
0.083	0.097	0.819	0.001
0.001	0.795	0.001	0.203
0.001	0.022	0.880	0.097
0.436	0.121	0.132	0.310
0.552	0.121	0.001	0.326
0.677	0.321	0.001	0.001
0.001	0.001	0.569	0.429
0.001	0.878	0.001	0.120
0.214	0.784	0.001	0.001
0.997	0.001	0.001	0.001
>AGTGGCTGMACT	15-AGTGGCTGMACT	12.662362	-10.862981	0	T:10.0(0.60%),B:51.5(0.11%),P:1e-4	Tpos:216.2,Tstd:74.0,Bpos:222.0,Bstd:147.6,StrandBias:1.5,Multiplicity:1.50
0.899	0.001	0.001	0.099
0.001	0.001	0.997	0.001
0.001	0.001	0.001	0.997
0.145	0.145	0.709	0.001
0.001	0.001	0.997	0.001
0.001	0.997	0.001	0.001
0.001	0.001	0.001	0.997
0.116	0.001	0.882	0.001
0.514	0.484	0.001	0.001
0.650	0.146	0.146	0.058
0.001	0.860	0.138	0.001
0.099	0.001	0.001	0.899
>TGTTAGTGTGCA	16-TGTTAGTGTGCA	13.985568	-10.787079	0	T:5.0(0.30%),B:9.6(0.02%),P:1e-4	Tpos:168.2,Tstd:90.1,Bpos:255.2,Bstd:127.4,StrandBias:1.0,Multiplicity:1.80
0.001	0.001	0.001	0.997
0.001	0.100	0.898	0.001
0.001	0.001	0.001	0.997
0.001	0.001	0.001	0.997
0.997	0.001	0.001	0.001
0.001	0.001	0.852	0.146
0.001	0.001	0.001	0.997
0.146	0.001	0.852	0.001
0.001	0.001	0.001	0.997
0.001	0.001	0.997	0.001
0.001	0.997	0.001	0.001
0.997	0.001	0.001	0.001
>ACCATAGAAATG	17-ACCATAGAAATG	10.194821	-10.735699	0	T:26.0(1.56%),B:288.7(0.61%),P:1e-4	Tpos:277.2,Tstd:219.4,Bpos:233.6,Bstd:131.3,StrandBias:1.1,Multiplicity:1.00
0.542	0.165	0.066	0.227
0.243	0.755	0.001	0.001
0.193	0.805	0.001	0.001
0.784	0.050	0.083	0.083
0.075	0.001	0.088	0.836
0.942	0.001	0.001	0.056
0.045	0.137	0.735	0.083
0.835	0.082	0.001	0.082
0.952	0.001	0.046	0.001
0.916	0.082	0.001	0.001
0.001	0.001	0.132	0.866
0.001	0.090	0.908	0.001
>GTGTTAGAGGAT	18-GTGTTAGAGGAT	7.066642	-10.514798	0	T:16.0(0.96%),B:131.7(0.28%),P:1e-4	Tpos:171.3,Tstd:94.4,Bpos:240.9,Bstd:131.9,StrandBias:2.1,Multiplicity:1.69
0.001	0.001	0.997	0.001
0.001	0.001	0.001	0.997
0.001	0.001	0.997	0.001
0.001	0.072	0.001	0.926
0.001	0.001	0.001	0.997
0.997	0.001	0.001	0.001
0.001	0.001	0.997	0.001
0.997	0.001	0.001	0.001
0.001	0.001	0.997	0.001
0.001	0.001	0.997	0.001
0.997	0.001	0.001	0.001
0.001	0.001	0.001	0.997
>TGGTAAGATGCA	19-TGGTAAGATGCA	14.399482	-8.018378	0	T:4.0(0.24%),B:9.8(0.02%),P:1e-3	Tpos:146.2,Tstd:71.8,Bpos:207.9,Bstd:167.3,StrandBias:1.6,Multiplicity:1.00
0.001	0.001	0.001	0.997
0.001	0.001	0.739	0.259
0.001	0.001	0.997	0.001
0.001	0.001	0.001	0.997
0.925	0.001	0.073	0.001
0.997	0.001	0.001	0.001
0.001	0.001	0.997	0.001
0.997	0.001	0.001	0.001
0.001	0.001	0.001	0.997
0.001	0.001	0.997	0.001
0.322	0.676	0.001	0.001
0.676	0.322	0.001	0.001
>CATCACCATAGA	20-CATCACCATAGA	6.517702	-7.462171	0	T:498.0(29.91%),B:12411.9(26.33%),P:1e-3	Tpos:283.9,Tstd:245.6,Bpos:235.9,Bstd:136.8,StrandBias:0.0,Multiplicity:1.22
0.100	0.700	0.100	0.100
0.700	0.100	0.100	0.100
0.100	0.100	0.100	0.700
0.100	0.700	0.100	0.100
0.700	0.100	0.100	0.100
0.100	0.700	0.100	0.100
0.100	0.700	0.100	0.100
0.700	0.100	0.100	0.100
0.100	0.100	0.100	0.700
0.700	0.100	0.100	0.100
0.100	0.100	0.700	0.100
0.700	0.100	0.100	0.100
>CTGCTGCAGTAC	21-CTGCTGCAGTAC	12.355432	-7.403868	0	T:2.0(0.12%),B:1.8(0.00%),P:1e-3	Tpos:121.5,Tstd:77.5,Bpos:175.2,Bstd:22.6,StrandBias:10.0,Multiplicity:3.00
0.100	0.700	0.100	0.100
0.100	0.100	0.100	0.700
0.100	0.100	0.700	0.100
0.100	0.700	0.100	0.100
0.100	0.100	0.100	0.700
0.100	0.100	0.700	0.100
0.100	0.700	0.100	0.100
0.700	0.100	0.100	0.100
0.100	0.100	0.700	0.100
0.100	0.100	0.100	0.700
0.700	0.100	0.100	0.100
0.100	0.700	0.100	0.100
>GTGGCTCAGTGA	22-GTGGCTCAGTGA	8.463612	-6.879049	0	T:131.0(7.87%),B:2817.3(5.98%),P:1e-2	Tpos:305.1,Tstd:260.3,Bpos:237.6,Bstd:143.9,StrandBias:-0.2,Multiplicity:1.14
0.100	0.100	0.700	0.100
0.100	0.100	0.100	0.700
0.100	0.100	0.700	0.100
0.100	0.100	0.700	0.100
0.100	0.700	0.100	0.100
0.100	0.100	0.100	0.700
0.100	0.700	0.100	0.100
0.700	0.100	0.100	0.100
0.100	0.100	0.700	0.100
0.100	0.100	0.100	0.700
0.100	0.100	0.700	0.100
0.700	0.100	0.100	0.100
>ACTTCCTCCCAG	23-ACTTCCTCCCAG	12.355432	-6.606048	0	T:3.0(0.18%),B:6.2(0.01%),P:1e-2	Tpos:250.4,Tstd:211.1,Bpos:165.9,Bstd:98.9,StrandBias:2.8,Multiplicity:2.67
0.700	0.100	0.100	0.100
0.100	0.700	0.100	0.100
0.100	0.100	0.100	0.700
0.100	0.100	0.100	0.700
0.100	0.700	0.100	0.100
0.100	0.700	0.100	0.100
0.100	0.100	0.100	0.700
0.100	0.700	0.100	0.100
0.100	0.700	0.100	0.100
0.100	0.700	0.100	0.100
0.700	0.100	0.100	0.100
0.100	0.100	0.700	0.100
>GACAGTGAGCCC	24-GACAGTGAGCCC	12.355432	-2.685262	0	T:1.0(0.06%),B:2.2(0.00%),P:1e-1	Tpos:225.5,Tstd:70.0,Bpos:251.4,Bstd:210.5,StrandBias:10.0,Multiplicity:6.00
0.100	0.100	0.700	0.100
0.700	0.100	0.100	0.100
0.100	0.700	0.100	0.100
0.700	0.100	0.100	0.100
0.100	0.100	0.700	0.100
0.100	0.100	0.100	0.700
0.100	0.100	0.700	0.100
0.700	0.100	0.100	0.100
0.100	0.100	0.700	0.100
0.100	0.700	0.100	0.100
0.100	0.700	0.100	0.100
0.100	0.700	0.100	0.100
>NNNNNNNNNNNN	25-NNNNNNNNNNNN	-nan	0.000000	0	T:0.0(0.00%),B:0.0(0.00%),P:1e0	Tpos:0.0,Tstd:0.0,Bpos:0.0,Bstd:0.0,StrandBias:0.0,Multiplicity:1.00
-nan	-nan	-nan	-nan
-nan	-nan	-nan	-nan
-nan	-nan	-nan	-nan
-nan	-nan	-nan	-nan
-nan	-nan	-nan	-nan
-nan	-nan	-nan	-nan
-nan	-nan	-nan	-nan
-nan	-nan	-nan	-nan
-nan	-nan	-nan	-nan
-nan	-nan	-nan	-nan
-nan	-nan	-nan	-nan
-nan	-nan	-nan	-nan
