>CACTTCCTGT	1-CACTTCCTGT	7.758854	-156.572019	0	T:552.0(33.15%),B:7428.1(15.76%),P:1e-67	Tpos:303.1,Tstd:241.3,Bpos:237.2,Bstd:138.6,StrandBias:0.1,Multiplicity:1.32
0.216	0.481	0.081	0.221
0.580	0.104	0.297	0.019
0.001	0.760	0.001	0.238
0.151	0.001	0.001	0.847
0.001	0.001	0.001	0.997
0.001	0.901	0.001	0.097
0.001	0.997	0.001	0.001
0.001	0.091	0.122	0.786
0.001	0.320	0.511	0.168
0.086	0.222	0.077	0.615
>TGTGGTTTBV	2-TGTGGTTTBV	7.902853	-129.188249	0	T:371.0(22.28%),B:4355.0(9.24%),P:1e-56	Tpos:305.2,Tstd:249.5,Bpos:239.0,Bstd:143.8,StrandBias:-0.0,Multiplicity:1.21
0.149	0.001	0.065	0.785
0.001	0.001	0.997	0.001
0.317	0.001	0.109	0.573
0.001	0.001	0.997	0.001
0.001	0.001	0.900	0.098
0.001	0.001	0.001	0.997
0.159	0.001	0.001	0.839
0.209	0.110	0.167	0.514
0.177	0.344	0.282	0.198
0.279	0.269	0.308	0.144
>TTTCACTTTC	3-TTTCACTTTC	8.796582	-75.944108	0	T:152.0(9.13%),B:1381.2(2.93%),P:1e-32	Tpos:303.0,Tstd:246.5,Bpos:239.1,Bstd:139.4,StrandBias:0.3,Multiplicity:1.09
0.005	0.039	0.004	0.952
0.009	0.024	0.001	0.966
0.039	0.030	0.008	0.923
0.022	0.937	0.002	0.039
0.997	0.001	0.001	0.001
0.027	0.726	0.192	0.055
0.001	0.013	0.001	0.985
0.001	0.032	0.002	0.965
0.007	0.001	0.001	0.991
0.018	0.881	0.012	0.089
>GCYCCACCCT	4-GCYCCACCCT	7.977815	-59.611052	0	T:376.0(22.58%),B:6150.7(13.05%),P:1e-25	Tpos:313.2,Tstd:239.0,Bpos:236.5,Bstd:144.2,StrandBias:0.1,Multiplicity:1.15
0.132	0.041	0.807	0.020
0.134	0.688	0.001	0.177
0.001	0.442	0.056	0.501
0.296	0.629	0.039	0.036
0.001	0.942	0.001	0.056
0.472	0.001	0.308	0.220
0.001	0.895	0.079	0.025
0.001	0.997	0.001	0.001
0.039	0.886	0.001	0.074
0.226	0.275	0.001	0.498
>RTGASTCATH	5-RTGASTCATH	8.709403	-57.977011	0	T:110.0(6.61%),B:961.6(2.04%),P:1e-25	Tpos:305.2,Tstd:268.9,Bpos:237.2,Bstd:136.3,StrandBias:-0.2,Multiplicity:1.05
0.471	0.129	0.399	0.001
0.001	0.083	0.001	0.915
0.001	0.073	0.925	0.001
0.964	0.001	0.008	0.027
0.061	0.398	0.456	0.085
0.001	0.001	0.075	0.923
0.094	0.904	0.001	0.001
0.896	0.001	0.075	0.028
0.013	0.221	0.161	0.605
0.317	0.305	0.082	0.295
>CTTGTGGTGA	6-CTTGTGGTGA	7.104267	-48.623969	0	T:251.0(15.08%),B:3777.8(8.01%),P:1e-21	Tpos:296.1,Tstd:236.1,Bpos:233.2,Bstd:145.4,StrandBias:-0.1,Multiplicity:1.09
0.032	0.839	0.082	0.047
0.070	0.073	0.096	0.761
0.073	0.044	0.040	0.843
0.045	0.040	0.861	0.054
0.023	0.084	0.015	0.878
0.075	0.154	0.710	0.061
0.084	0.012	0.819	0.085
0.048	0.064	0.045	0.843
0.051	0.104	0.770	0.075
0.687	0.092	0.079	0.142
>GGGAGTTTCC	7-GGGAGTTTCC	7.297868	-46.983157	0	T:208.0(12.49%),B:2935.9(6.23%),P:1e-20	Tpos:313.4,Tstd:235.7,Bpos:235.9,Bstd:144.2,StrandBias:-0.0,Multiplicity:1.09
0.074	0.034	0.855	0.037
0.028	0.054	0.891	0.027
0.039	0.078	0.741	0.142
0.763	0.074	0.097	0.066
0.103	0.102	0.747	0.048
0.073	0.027	0.061	0.839
0.061	0.111	0.030	0.798
0.095	0.131	0.082	0.692
0.047	0.874	0.029	0.050
0.048	0.808	0.088	0.056
>GTAGTGAAAC	8-GTAGTGAAAC	6.690825	-41.741327	0	T:84.0(5.05%),B:769.9(1.63%),P:1e-18	Tpos:340.4,Tstd:275.8,Bpos:240.5,Bstd:146.5,StrandBias:-0.3,Multiplicity:1.00
0.277	0.058	0.438	0.227
0.324	0.048	0.147	0.481
0.511	0.294	0.030	0.165
0.051	0.221	0.543	0.185
0.233	0.090	0.158	0.519
0.047	0.069	0.603	0.281
0.584	0.344	0.020	0.052
0.658	0.053	0.230	0.059
0.638	0.293	0.034	0.035
0.007	0.566	0.208	0.219
>TTTCGGTTTC	9-TTTCGGTTTC	8.395568	-41.192048	0	T:101.0(6.07%),B:1052.9(2.23%),P:1e-17	Tpos:271.0,Tstd:163.6,Bpos:239.3,Bstd:150.1,StrandBias:0.7,Multiplicity:1.02
0.007	0.001	0.057	0.935
0.001	0.192	0.001	0.806
0.001	0.109	0.001	0.889
0.001	0.819	0.001	0.179
0.001	0.282	0.569	0.148
0.143	0.059	0.475	0.324
0.001	0.305	0.167	0.527
0.001	0.001	0.191	0.807
0.001	0.305	0.150	0.544
0.103	0.629	0.130	0.138
>CCACTAGATG	10-CCACTAGATG	9.298293	-37.884015	0	T:59.0(3.54%),B:446.6(0.95%),P:1e-16	Tpos:297.3,Tstd:216.9,Bpos:234.0,Bstd:141.9,StrandBias:-0.2,Multiplicity:1.02
0.097	0.865	0.037	0.001
0.037	0.961	0.001	0.001
0.965	0.033	0.001	0.001
0.030	0.927	0.001	0.042
0.011	0.009	0.001	0.979
0.962	0.001	0.036	0.001
0.014	0.029	0.956	0.001
0.731	0.021	0.198	0.050
0.051	0.001	0.170	0.778
0.001	0.046	0.952	0.001
>TSWCGTCACV	11-TSWCGTCACV	7.460349	-37.721279	0	T:133.0(7.99%),B:1690.8(3.59%),P:1e-16	Tpos:289.9,Tstd:229.0,Bpos:237.7,Bstd:153.4,StrandBias:-0.0,Multiplicity:1.05
0.206	0.001	0.001	0.792
0.131	0.375	0.493	0.001
0.380	0.049	0.195	0.375
0.001	0.997	0.001	0.001
0.001	0.001	0.997	0.001
0.001	0.001	0.272	0.726
0.001	0.888	0.023	0.088
0.997	0.001	0.001	0.001
0.256	0.590	0.153	0.001
0.275	0.222	0.344	0.159
>YKGAGTTTCT	12-YKGAGTTTCT	6.987873	-36.948118	0	T:524.0(31.47%),B:10683.9(22.66%),P:1e-16	Tpos:290.7,Tstd:247.7,Bpos:234.3,Bstd:144.5,StrandBias:-0.1,Multiplicity:1.17
0.001	0.395	0.238	0.366
0.001	0.001	0.429	0.569
0.001	0.001	0.613	0.385
0.393	0.166	0.208	0.233
0.001	0.001	0.997	0.001
0.001	0.001	0.001	0.997
0.001	0.418	0.001	0.580
0.324	0.011	0.183	0.483
0.001	0.997	0.001	0.001
0.001	0.001	0.091	0.907
>GGGGGGGGGS	13-GGGGGGGGGS	8.405561	-30.975745	0	T:459.0(27.57%),B:9384.3(19.91%),P:1e-13	Tpos:336.8,Tstd:252.4,Bpos:236.2,Bstd:143.2,StrandBias:-0.0,Multiplicity:1.61
0.271	0.175	0.443	0.111
0.001	0.001	0.997	0.001
0.001	0.001	0.997	0.001
0.293	0.001	0.705	0.001
0.242	0.143	0.515	0.100
0.077	0.233	0.689	0.001
0.001	0.191	0.807	0.001
0.001	0.001	0.997	0.001
0.001	0.001	0.997	0.001
0.001	0.440	0.558	0.001
>GAACTGCTAG	14-GAACTGCTAG	8.320545	-28.941094	0	T:83.0(4.98%),B:953.3(2.02%),P:1e-12	Tpos:327.8,Tstd:216.5,Bpos:241.6,Bstd:140.3,StrandBias:-0.2,Multiplicity:1.04
0.020	0.001	0.978	0.001
0.722	0.020	0.018	0.240
0.875	0.001	0.080	0.044
0.001	0.861	0.098	0.040
0.128	0.001	0.001	0.870
0.001	0.001	0.997	0.001
0.001	0.997	0.001	0.001
0.001	0.069	0.054	0.876
0.862	0.042	0.086	0.010
0.026	0.001	0.972	0.001
>GTGTTTACCG	15-GTGTTTACCG	7.114657	-28.459468	0	T:134.0(8.05%),B:1939.3(4.11%),P:1e-12	Tpos:290.4,Tstd:231.0,Bpos:235.4,Bstd:147.7,StrandBias:0.2,Multiplicity:1.08
0.101	0.093	0.757	0.049
0.044	0.039	0.109	0.808
0.021	0.053	0.782	0.144
0.026	0.062	0.042	0.870
0.027	0.049	0.062	0.862
0.104	0.075	0.073	0.748
0.797	0.034	0.040	0.129
0.079	0.796	0.043	0.082
0.068	0.766	0.098	0.068
0.076	0.041	0.820	0.063
>YCGCCTCCAC	16-YCGCCTCCAC	9.096033	-28.383915	0	T:91.0(5.47%),B:1108.2(2.35%),P:1e-12	Tpos:310.6,Tstd:221.4,Bpos:235.1,Bstd:152.4,StrandBias:0.1,Multiplicity:1.05
0.001	0.550	0.001	0.448
0.055	0.782	0.025	0.138
0.084	0.122	0.789	0.005
0.001	0.997	0.001	0.001
0.001	0.756	0.041	0.202
0.001	0.001	0.001	0.997
0.001	0.997	0.001	0.001
0.231	0.556	0.001	0.212
0.828	0.001	0.170	0.001
0.184	0.543	0.001	0.272
>TCGCTTAACC	17-TCGCTTAACC	7.480106	-25.584053	0	T:82.0(4.92%),B:1001.9(2.13%),P:1e-11	Tpos:286.5,Tstd:266.4,Bpos:232.2,Bstd:142.4,StrandBias:0.2,Multiplicity:1.03
0.032	0.001	0.044	0.923
0.071	0.800	0.032	0.097
0.066	0.067	0.699	0.168
0.106	0.735	0.085	0.074
0.043	0.018	0.082	0.857
0.056	0.039	0.128	0.777
0.825	0.080	0.026	0.069
0.840	0.080	0.033	0.047
0.094	0.730	0.077	0.099
0.035	0.828	0.117	0.020
>TGAGGTGAMT	18-TGAGGTGAMT	8.053484	-24.806841	0	T:181.0(10.87%),B:3059.3(6.49%),P:1e-10	Tpos:271.5,Tstd:229.1,Bpos:234.3,Bstd:135.6,StrandBias:0.0,Multiplicity:1.15
0.294	0.071	0.045	0.590
0.001	0.006	0.992	0.001
0.717	0.106	0.176	0.001
0.001	0.023	0.975	0.001
0.138	0.001	0.854	0.007
0.001	0.063	0.144	0.792
0.001	0.013	0.976	0.010
0.739	0.095	0.001	0.165
0.487	0.345	0.072	0.097
0.156	0.001	0.240	0.603
>CCTTACAGCG	19-CCTTACAGCG	10.654571	-21.916882	0	T:23.0(1.38%),B:124.8(0.26%),P:1e-9	Tpos:353.4,Tstd:221.7,Bpos:235.6,Bstd:139.0,StrandBias:-0.9,Multiplicity:1.05
0.001	0.997	0.001	0.001
0.289	0.709	0.001	0.001
0.268	0.001	0.001	0.730
0.001	0.001	0.001	0.997
0.740	0.001	0.111	0.148
0.001	0.933	0.001	0.065
0.933	0.065	0.001	0.001
0.001	0.001	0.997	0.001
0.001	0.997	0.001	0.001
0.001	0.178	0.820	0.001
>CAAACCAAGA	20-CAAACCAAGA	9.553512	-21.462644	0	T:59.0(3.54%),B:669.4(1.42%),P:1e-9	Tpos:250.1,Tstd:204.9,Bpos:229.5,Bstd:141.9,StrandBias:0.5,Multiplicity:1.02
0.033	0.957	0.001	0.009
0.845	0.088	0.001	0.066
0.938	0.024	0.001	0.037
0.965	0.008	0.006	0.021
0.149	0.849	0.001	0.001
0.046	0.939	0.001	0.014
0.966	0.018	0.001	0.015
0.949	0.049	0.001	0.001
0.156	0.110	0.733	0.001
0.869	0.001	0.088	0.042
>TGCAGSAGAC	21-TGCAGSAGAC	10.525008	-19.295955	0	T:34.0(2.04%),B:293.6(0.62%),P:1e-8	Tpos:310.7,Tstd:221.9,Bpos:238.7,Bstd:135.4,StrandBias:-0.6,Multiplicity:1.15
0.001	0.204	0.001	0.794
0.001	0.001	0.997	0.001
0.001	0.997	0.001	0.001
0.894	0.104	0.001	0.001
0.001	0.001	0.877	0.121
0.001	0.565	0.433	0.001
0.997	0.001	0.001	0.001
0.001	0.001	0.997	0.001
0.881	0.001	0.001	0.117
0.001	0.997	0.001	0.001
>GCTCAWTGAT	22-GCTCAWTGAT	7.928100	-11.432039	0	T:24.0(1.44%),B:243.1(0.52%),P:1e-4	Tpos:259.4,Tstd:182.4,Bpos:244.3,Bstd:138.1,StrandBias:0.6,Multiplicity:1.67
0.001	0.001	0.997	0.001
0.001	0.997	0.001	0.001
0.001	0.001	0.001	0.997
0.001	0.997	0.001	0.001
0.837	0.001	0.152	0.010
0.305	0.001	0.271	0.423
0.001	0.001	0.001	0.997
0.001	0.001	0.997	0.001
0.997	0.001	0.001	0.001
0.001	0.001	0.001	0.997
>GTTAGAGGAT	23-GTTAGAGGAT	12.246267	-7.056059	0	T:7.0(0.42%),B:42.0(0.09%),P:1e-3	Tpos:197.8,Tstd:135.8,Bpos:232.0,Bstd:146.0,StrandBias:2.9,Multiplicity:2.43
0.001	0.001	0.997	0.001
0.001	0.204	0.001	0.794
0.001	0.001	0.001	0.997
0.997	0.001	0.001	0.001
0.001	0.001	0.997	0.001
0.997	0.001	0.001	0.001
0.001	0.001	0.997	0.001
0.001	0.001	0.997	0.001
0.997	0.001	0.001	0.001
0.001	0.001	0.001	0.997
>GTTAGTGTGC	24-GTTAGTGTGC	10.296193	-5.696390	0	T:4.0(0.24%),B:18.0(0.04%),P:1e-2	Tpos:191.9,Tstd:78.5,Bpos:188.8,Bstd:132.9,StrandBias:1.3,Multiplicity:1.75
0.100	0.100	0.700	0.100
0.100	0.100	0.100	0.700
0.100	0.100	0.100	0.700
0.700	0.100	0.100	0.100
0.100	0.100	0.700	0.100
0.100	0.100	0.100	0.700
0.100	0.100	0.700	0.100
0.100	0.100	0.100	0.700
0.100	0.100	0.700	0.100
0.100	0.700	0.100	0.100
>ACAGGAAGTGGT	1-ACAGGAAGTGGT	10.049055	-150.328212	0	T:151.0(9.07%),B:727.2(1.54%),P:1e-65	Tpos:264.2,Tstd:207.5,Bpos:230.2,Bstd:130.5,StrandBias:0.1,Multiplicity:1.03
0.638	0.062	0.152	0.148
0.115	0.704	0.180	0.001
0.854	0.024	0.121	0.001
0.001	0.001	0.997	0.001
0.001	0.023	0.975	0.001
0.997	0.001	0.001	0.001
0.581	0.070	0.025	0.324
0.001	0.016	0.964	0.019
0.056	0.172	0.001	0.771
0.074	0.035	0.646	0.245
0.082	0.170	0.747	0.001
0.046	0.218	0.197	0.539
>AAACCACAGRAA	2-AAACCACAGRAA	8.265236	-114.838238	0	T:348.0(20.90%),B:4186.7(8.88%),P:1e-49	Tpos:287.1,Tstd:213.7,Bpos:235.8,Bstd:142.5,StrandBias:0.1,Multiplicity:1.20
0.471	0.165	0.066	0.298
0.686	0.075	0.199	0.040
0.711	0.125	0.145	0.019
0.027	0.913	0.043	0.017
0.001	0.997	0.001	0.001
0.701	0.001	0.001	0.297
0.012	0.986	0.001	0.001
0.997	0.001	0.001	0.001
0.324	0.054	0.621	0.001
0.405	0.199	0.378	0.018
0.422	0.191	0.257	0.130
0.561	0.105	0.212	0.122
>GAAAGTGAAAGT	3-GAAAGTGAAAGT	9.720426	-107.799480	0	T:129.0(7.75%),B:752.9(1.60%),P:1e-46	Tpos:325.0,Tstd:286.1,Bpos:240.8,Bstd:142.2,StrandBias:-0.4,Multiplicity:1.08
0.126	0.035	0.793	0.046
0.836	0.032	0.131	0.001
0.897	0.001	0.070	0.032
0.877	0.001	0.060	0.062
0.086	0.119	0.762	0.033
0.059	0.057	0.055	0.829
0.038	0.033	0.883	0.046
0.837	0.021	0.061	0.081
0.868	0.006	0.125	0.001
0.906	0.013	0.048	0.033
0.040	0.111	0.829	0.020
0.086	0.146	0.080	0.688
>GTCATTTCCTGT	4-GTCATTTCCTGT	6.988492	-41.706554	0	T:451.0(27.09%),B:8623.3(18.29%),P:1e-18	Tpos:299.9,Tstd:255.9,Bpos:236.9,Bstd:138.2,StrandBias:0.1,Multiplicity:1.24
0.100	0.140	0.619	0.141
0.119	0.079	0.063	0.739
0.112	0.687	0.123	0.078
0.730	0.091	0.064	0.115
0.053	0.090	0.113	0.744
0.051	0.074	0.073	0.802
0.057	0.041	0.057	0.845
0.058	0.775	0.063	0.104
0.079	0.811	0.021	0.089
0.083	0.048	0.046	0.823
0.052	0.112	0.727	0.109
0.094	0.097	0.106	0.703
>CCACCTACTGGT	5-CCACCTACTGGT	6.378858	-40.702314	0	T:129.0(7.75%),B:1553.3(3.30%),P:1e-17	Tpos:286.2,Tstd:218.9,Bpos:232.5,Bstd:138.1,StrandBias:0.7,Multiplicity:1.03
0.208	0.790	0.001	0.001
0.001	0.997	0.001	0.001
0.639	0.359	0.001	0.001
0.001	0.817	0.001	0.181
0.001	0.997	0.001	0.001
0.001	0.001	0.001	0.997
0.851	0.001	0.108	0.040
0.001	0.812	0.186	0.001
0.001	0.200	0.001	0.798
0.001	0.001	0.997	0.001
0.001	0.068	0.930	0.001
0.001	0.382	0.001	0.616
>GGGGTTTCCCCT	6-GGGGTTTCCCCT	9.352825	-36.669325	0	T:72.0(4.32%),B:650.8(1.38%),P:1e-15	Tpos:273.1,Tstd:184.1,Bpos:244.7,Bstd:139.6,StrandBias:-0.5,Multiplicity:1.01
0.015	0.072	0.841	0.072
0.021	0.030	0.848	0.101
0.078	0.001	0.785	0.136
0.106	0.018	0.874	0.002
0.090	0.115	0.095	0.700
0.084	0.024	0.035	0.857
0.024	0.057	0.060	0.859
0.001	0.797	0.074	0.128
0.050	0.948	0.001	0.001
0.189	0.704	0.001	0.106
0.001	0.846	0.078	0.075
0.029	0.002	0.022	0.947
>TAATGAGTCACT	7-TAATGAGTCACT	9.035953	-29.389804	0	T:64.0(3.84%),B:624.2(1.32%),P:1e-12	Tpos:284.0,Tstd:229.3,Bpos:234.5,Bstd:134.4,StrandBias:0.3,Multiplicity:1.02
0.136	0.028	0.050	0.786
0.730	0.057	0.088	0.125
0.635	0.115	0.130	0.120
0.099	0.001	0.046	0.854
0.119	0.021	0.859	0.001
0.929	0.001	0.026	0.044
0.078	0.026	0.870	0.026
0.131	0.021	0.021	0.827
0.001	0.884	0.114	0.001
0.952	0.026	0.001	0.021
0.042	0.861	0.055	0.042
0.001	0.130	0.052	0.817
>GAGGGGGGGGGG	8-GAGGGGGGGGGG	6.664652	-22.097681	0	T:532.0(31.95%),B:11852.0(25.14%),P:1e-9	Tpos:332.5,Tstd:264.1,Bpos:236.3,Bstd:140.3,StrandBias:0.0,Multiplicity:1.59
0.114	0.115	0.691	0.080
0.590	0.118	0.173	0.119
0.123	0.093	0.679	0.105
0.120	0.096	0.686	0.098
0.126	0.104	0.664	0.106
0.126	0.094	0.672	0.108
0.130	0.094	0.661	0.115
0.124	0.099	0.663	0.114
0.117	0.103	0.670	0.110
0.125	0.109	0.671	0.095
0.118	0.097	0.678	0.107
0.105	0.119	0.675	0.101
>TTCCTGAGGTGA	9-TTCCTGAGGTGA	9.301481	-21.706793	0	T:80.0(4.80%),B:1049.9(2.23%),P:1e-9	Tpos:290.5,Tstd:263.9,Bpos:236.4,Bstd:138.2,StrandBias:-0.0,Multiplicity:1.06
0.029	0.068	0.060	0.843
0.078	0.048	0.072	0.802
0.030	0.734	0.116	0.120
0.048	0.857	0.030	0.065
0.079	0.030	0.048	0.843
0.084	0.013	0.873	0.030
0.961	0.001	0.037	0.001
0.018	0.021	0.931	0.030
0.124	0.068	0.758	0.050
0.078	0.001	0.040	0.881
0.048	0.081	0.817	0.054
0.764	0.024	0.111	0.101
>AAACCACTGTGC	10-AAACCACTGTGC	12.818968	-21.496066	0	T:11.0(0.66%),B:21.5(0.05%),P:1e-9	Tpos:231.7,Tstd:203.8,Bpos:241.0,Bstd:133.2,StrandBias:-0.3,Multiplicity:1.00
0.716	0.282	0.001	0.001
0.716	0.001	0.001	0.282
0.997	0.001	0.001	0.001
0.001	0.997	0.001	0.001
0.001	0.997	0.001	0.001
0.997	0.001	0.001	0.001
0.001	0.857	0.001	0.141
0.001	0.001	0.001	0.997
0.001	0.001	0.857	0.141
0.001	0.001	0.001	0.997
0.001	0.001	0.997	0.001
0.001	0.921	0.001	0.077
>TGCAAGACACAG	11-TGCAAGACACAG	14.882112	-20.070914	0	T:8.0(0.48%),B:9.7(0.02%),P:1e-8	Tpos:112.4,Tstd:33.3,Bpos:259.0,Bstd:104.1,StrandBias:-0.7,Multiplicity:1.00
0.001	0.001	0.001	0.997
0.001	0.001	0.997	0.001
0.001	0.997	0.001	0.001
0.997	0.001	0.001	0.001
0.819	0.001	0.001	0.179
0.001	0.001	0.997	0.001
0.997	0.001	0.001	0.001
0.001	0.997	0.001	0.001
0.997	0.001	0.001	0.001
0.001	0.997	0.001	0.001
0.997	0.001	0.001	0.001
0.001	0.001	0.997	0.001
>CCCNCCTCMCCC	12-CCCNCCTCMCCC	8.691967	-18.701574	0	T:288.0(17.30%),B:5876.7(12.47%),P:1e-8	Tpos:337.8,Tstd:262.2,Bpos:239.5,Bstd:141.2,StrandBias:-0.0,Multiplicity:1.19
0.001	0.944	0.001	0.054
0.117	0.583	0.001	0.299
0.001	0.676	0.001	0.322
0.275	0.334	0.193	0.198
0.147	0.841	0.011	0.001
0.001	0.624	0.001	0.374
0.001	0.001	0.019	0.979
0.332	0.561	0.106	0.001
0.390	0.413	0.055	0.141
0.001	0.678	0.320	0.001
0.001	0.997	0.001	0.001
0.396	0.602	0.001	0.001
>CTTGCCCTTGAA	13-CTTGCCCTTGAA	12.355432	-18.102998	0	T:5.0(0.30%),B:2.0(0.00%),P:1e-7	Tpos:219.8,Tstd:30.9,Bpos:310.9,Bstd:89.2,StrandBias:10.0,Multiplicity:1.00
0.100	0.700	0.100	0.100
0.100	0.100	0.100	0.700
0.100	0.100	0.100	0.700
0.100	0.100	0.700	0.100
0.100	0.700	0.100	0.100
0.100	0.700	0.100	0.100
0.100	0.700	0.100	0.100
0.100	0.100	0.100	0.700
0.100	0.100	0.100	0.700
0.100	0.100	0.700	0.100
0.700	0.100	0.100	0.100
0.700	0.100	0.100	0.100
>TMGCGWAAKCCA	14-TMGCGWAAKCCA	1.319519	-17.813329	0	T:981.0(58.92%),B:24594.5(52.17%),P:1e-7	Tpos:299.9,Tstd:249.1,Bpos:236.1,Bstd:142.1,StrandBias:0.0,Multiplicity:1.53
0.120	0.001	0.001	0.878
0.565	0.433	0.001	0.001
0.083	0.097	0.819	0.001
0.001	0.795	0.001	0.203
0.001	0.022	0.880	0.097
0.436	0.121	0.132	0.310
0.552	0.121	0.001	0.326
0.677	0.321	0.001	0.001
0.001	0.001	0.569	0.429
0.001	0.878	0.001	0.120
0.214	0.784	0.001	0.001
0.997	0.001	0.001	0.001
>AGTGGCTGMACT	15-AGTGGCTGMACT	12.662362	-10.862981	0	T:10.0(0.60%),B:51.5(0.11%),P:1e-4	Tpos:216.2,Tstd:74.0,Bpos:222.0,Bstd:147.6,StrandBias:1.5,Multiplicity:1.50
0.899	0.001	0.001	0.099
0.001	0.001	0.997	0.001
0.001	0.001	0.001	0.997
0.145	0.145	0.709	0.001
0.001	0.001	0.997	0.001
0.001	0.997	0.001	0.001
0.001	0.001	0.001	0.997
0.116	0.001	0.882	0.001
0.514	0.484	0.001	0.001
0.650	0.146	0.146	0.058
0.001	0.860	0.138	0.001
0.099	0.001	0.001	0.899
>TGTTAGTGTGCA	16-TGTTAGTGTGCA	13.985568	-10.787079	0	T:5.0(0.30%),B:9.6(0.02%),P:1e-4	Tpos:168.2,Tstd:90.1,Bpos:255.2,Bstd:127.4,StrandBias:1.0,Multiplicity:1.80
0.001	0.001	0.001	0.997
0.001	0.100	0.898	0.001
0.001	0.001	0.001	0.997
0.001	0.001	0.001	0.997
0.997	0.001	0.001	0.001
0.001	0.001	0.852	0.146
0.001	0.001	0.001	0.997
0.146	0.001	0.852	0.001
0.001	0.001	0.001	0.997
0.001	0.001	0.997	0.001
0.001	0.997	0.001	0.001
0.997	0.001	0.001	0.001
>ACCATAGAAATG	17-ACCATAGAAATG	10.194821	-10.735699	0	T:26.0(1.56%),B:288.7(0.61%),P:1e-4	Tpos:277.2,Tstd:219.4,Bpos:233.6,Bstd:131.3,StrandBias:1.1,Multiplicity:1.00
0.542	0.165	0.066	0.227
0.243	0.755	0.001	0.001
0.193	0.805	0.001	0.001
0.784	0.050	0.083	0.083
0.075	0.001	0.088	0.836
0.942	0.001	0.001	0.056
0.045	0.137	0.735	0.083
0.835	0.082	0.001	0.082
0.952	0.001	0.046	0.001
0.916	0.082	0.001	0.001
0.001	0.001	0.132	0.866
0.001	0.090	0.908	0.001
>GTGTTAGAGGAT	18-GTGTTAGAGGAT	7.066642	-10.514798	0	T:16.0(0.96%),B:131.7(0.28%),P:1e-4	Tpos:171.3,Tstd:94.4,Bpos:240.9,Bstd:131.9,StrandBias:2.1,Multiplicity:1.69
0.001	0.001	0.997	0.001
0.001	0.001	0.001	0.997
0.001	0.001	0.997	0.001
0.001	0.072	0.001	0.926
0.001	0.001	0.001	0.997
0.997	0.001	0.001	0.001
0.001	0.001	0.997	0.001
0.997	0.001	0.001	0.001
0.001	0.001	0.997	0.001
0.001	0.001	0.997	0.001
0.997	0.001	0.001	0.001
0.001	0.001	0.001	0.997
>TGGTAAGATGCA	19-TGGTAAGATGCA	14.399482	-8.018378	0	T:4.0(0.24%),B:9.8(0.02%),P:1e-3	Tpos:146.2,Tstd:71.8,Bpos:207.9,Bstd:167.3,StrandBias:1.6,Multiplicity:1.00
0.001	0.001	0.001	0.997
0.001	0.001	0.739	0.259
0.001	0.001	0.997	0.001
0.001	0.001	0.001	0.997
0.925	0.001	0.073	0.001
0.997	0.001	0.001	0.001
0.001	0.001	0.997	0.001
0.997	0.001	0.001	0.001
0.001	0.001	0.001	0.997
0.001	0.001	0.997	0.001
0.322	0.676	0.001	0.001
0.676	0.322	0.001	0.001
>CATCACCATAGA	20-CATCACCATAGA	6.517702	-7.462171	0	T:498.0(29.91%),B:12411.9(26.33%),P:1e-3	Tpos:283.9,Tstd:245.6,Bpos:235.9,Bstd:136.8,StrandBias:0.0,Multiplicity:1.22
0.100	0.700	0.100	0.100
0.700	0.100	0.100	0.100
0.100	0.100	0.100	0.700
0.100	0.700	0.100	0.100
0.700	0.100	0.100	0.100
0.100	0.700	0.100	0.100
0.100	0.700	0.100	0.100
0.700	0.100	0.100	0.100
0.100	0.100	0.100	0.700
0.700	0.100	0.100	0.100
0.100	0.100	0.700	0.100
0.700	0.100	0.100	0.100
>CTGCTGCAGTAC	21-CTGCTGCAGTAC	12.355432	-7.403868	0	T:2.0(0.12%),B:1.8(0.00%),P:1e-3	Tpos:121.5,Tstd:77.5,Bpos:175.2,Bstd:22.6,StrandBias:10.0,Multiplicity:3.00
0.100	0.700	0.100	0.100
0.100	0.100	0.100	0.700
0.100	0.100	0.700	0.100
0.100	0.700	0.100	0.100
0.100	0.100	0.100	0.700
0.100	0.100	0.700	0.100
0.100	0.700	0.100	0.100
0.700	0.100	0.100	0.100
0.100	0.100	0.700	0.100
0.100	0.100	0.100	0.700
0.700	0.100	0.100	0.100
0.100	0.700	0.100	0.100
>GTGGCTCAGTGA	22-GTGGCTCAGTGA	8.463612	-6.879049	0	T:131.0(7.87%),B:2817.3(5.98%),P:1e-2	Tpos:305.1,Tstd:260.3,Bpos:237.6,Bstd:143.9,StrandBias:-0.2,Multiplicity:1.14
0.100	0.100	0.700	0.100
0.100	0.100	0.100	0.700
0.100	0.100	0.700	0.100
0.100	0.100	0.700	0.100
0.100	0.700	0.100	0.100
0.100	0.100	0.100	0.700
0.100	0.700	0.100	0.100
0.700	0.100	0.100	0.100
0.100	0.100	0.700	0.100
0.100	0.100	0.100	0.700
0.100	0.100	0.700	0.100
0.700	0.100	0.100	0.100
>ACTTCCTCCCAG	23-ACTTCCTCCCAG	12.355432	-6.606048	0	T:3.0(0.18%),B:6.2(0.01%),P:1e-2	Tpos:250.4,Tstd:211.1,Bpos:165.9,Bstd:98.9,StrandBias:2.8,Multiplicity:2.67
0.700	0.100	0.100	0.100
0.100	0.700	0.100	0.100
0.100	0.100	0.100	0.700
0.100	0.100	0.100	0.700
0.100	0.700	0.100	0.100
0.100	0.700	0.100	0.100
0.100	0.100	0.100	0.700
0.100	0.700	0.100	0.100
0.100	0.700	0.100	0.100
0.100	0.700	0.100	0.100
0.700	0.100	0.100	0.100
0.100	0.100	0.700	0.100
>GACAGTGAGCCC	24-GACAGTGAGCCC	12.355432	-2.685262	0	T:1.0(0.06%),B:2.2(0.00%),P:1e-1	Tpos:225.5,Tstd:70.0,Bpos:251.4,Bstd:210.5,StrandBias:10.0,Multiplicity:6.00
0.100	0.100	0.700	0.100
0.700	0.100	0.100	0.100
0.100	0.700	0.100	0.100
0.700	0.100	0.100	0.100
0.100	0.100	0.700	0.100
0.100	0.100	0.100	0.700
0.100	0.100	0.700	0.100
0.700	0.100	0.100	0.100
0.100	0.100	0.700	0.100
0.100	0.700	0.100	0.100
0.100	0.700	0.100	0.100
0.100	0.700	0.100	0.100
>NNNNNNNNNNNN	25-NNNNNNNNNNNN	-nan	0.000000	0	T:0.0(0.00%),B:0.0(0.00%),P:1e0	Tpos:0.0,Tstd:0.0,Bpos:0.0,Bstd:0.0,StrandBias:0.0,Multiplicity:1.00
-nan	-nan	-nan	-nan
-nan	-nan	-nan	-nan
-nan	-nan	-nan	-nan
-nan	-nan	-nan	-nan
-nan	-nan	-nan	-nan
-nan	-nan	-nan	-nan
-nan	-nan	-nan	-nan
-nan	-nan	-nan	-nan
-nan	-nan	-nan	-nan
-nan	-nan	-nan	-nan
-nan	-nan	-nan	-nan
-nan	-nan	-nan	-nan
>WAACCACA	1-WAACCACA	6.263430	-129.137663	0	T:790.0(47.45%),B:13667.3(28.99%),P:1e-56	Tpos:296.2,Tstd:238.6,Bpos:238.8,Bstd:146.0,StrandBias:-0.0,Multiplicity:1.52
0.454	0.121	0.093	0.332
0.690	0.104	0.098	0.108
0.885	0.015	0.096	0.004
0.035	0.920	0.001	0.044
0.049	0.814	0.079	0.058
0.770	0.027	0.099	0.104
0.100	0.842	0.052	0.006
0.633	0.146	0.115	0.106
>CCGGATGT	2-CCGGATGT	4.441913	-127.916482	0	T:512.0(30.75%),B:7227.0(15.33%),P:1e-55	Tpos:300.9,Tstd:246.1,Bpos:235.1,Bstd:141.6,StrandBias:-0.0,Multiplicity:1.24
0.001	0.923	0.075	0.001
0.077	0.921	0.001	0.001
0.001	0.001	0.997	0.001
0.001	0.001	0.997	0.001
0.997	0.001	0.001	0.001
0.338	0.001	0.001	0.660
0.326	0.001	0.672	0.001
0.001	0.001	0.001	0.997
>TGAGTCAT	3-TGAGTCAT	8.611863	-53.939789	0	T:157.0(9.43%),B:1805.2(3.83%),P:1e-23	Tpos:309.1,Tstd:281.3,Bpos:235.2,Bstd:138.7,StrandBias:-0.3,Multiplicity:1.08
0.021	0.001	0.001	0.977
0.013	0.001	0.962	0.024
0.950	0.007	0.001	0.042
0.017	0.261	0.679	0.043
0.001	0.001	0.001	0.997
0.051	0.947	0.001	0.001
0.990	0.001	0.008	0.001
0.024	0.148	0.085	0.743
>GTTTMCGG	4-GTTTMCGG	6.745494	-53.001045	0	T:388.0(23.30%),B:6655.4(14.12%),P:1e-23	Tpos:296.8,Tstd:235.1,Bpos:237.2,Bstd:149.1,StrandBias:0.1,Multiplicity:1.14
0.001	0.223	0.775	0.001
0.001	0.001	0.188	0.810
0.001	0.001	0.001	0.997
0.001	0.147	0.001	0.851
0.526	0.472	0.001	0.001
0.013	0.985	0.001	0.001
0.001	0.001	0.737	0.261
0.001	0.151	0.626	0.222
>YGCTTCCG	5-YGCTTCCG	6.102103	-49.520865	0	T:592.0(35.56%),B:11746.1(24.92%),P:1e-21	Tpos:314.9,Tstd:242.2,Bpos:237.6,Bstd:145.6,StrandBias:0.1,Multiplicity:1.34
0.145	0.493	0.001	0.361
0.028	0.225	0.613	0.134
0.001	0.662	0.081	0.256
0.057	0.097	0.017	0.829
0.187	0.086	0.036	0.691
0.002	0.960	0.014	0.024
0.148	0.823	0.001	0.028
0.083	0.089	0.572	0.256
>AAASTGAA	6-AAASTGAA	10.223024	-45.230968	0	T:166.0(9.97%),B:2150.9(4.56%),P:1e-19	Tpos:310.0,Tstd:274.0,Bpos:238.2,Bstd:145.0,StrandBias:-0.2,Multiplicity:1.10
0.997	0.001	0.001	0.001
0.997	0.001	0.001	0.001
0.997	0.001	0.001	0.001
0.001	0.429	0.569	0.001
0.001	0.001	0.001	0.997
0.001	0.001	0.997	0.001
0.997	0.001	0.001	0.001
0.997	0.001	0.001	0.001
>KYCACACC	7-KYCACACC	9.569768	-36.819928	0	T:168.0(10.09%),B:2397.9(5.09%),P:1e-15	Tpos:290.8,Tstd:243.7,Bpos:236.3,Bstd:145.3,StrandBias:-0.4,Multiplicity:1.10
0.001	0.001	0.570	0.428
0.001	0.478	0.001	0.520
0.001	0.997	0.001	0.001
0.997	0.001	0.001	0.001
0.001	0.997	0.001	0.001
0.997	0.001	0.001	0.001
0.001	0.997	0.001	0.001
0.001	0.997	0.001	0.001
>TCACSTCA	8-TCACSTCA	7.617708	-36.040505	0	T:201.0(12.07%),B:3103.7(6.58%),P:1e-15	Tpos:301.8,Tstd:261.8,Bpos:233.8,Bstd:143.8,StrandBias:-0.0,Multiplicity:1.13
0.001	0.001	0.001	0.997
0.001	0.831	0.167	0.001
0.655	0.001	0.343	0.001
0.001	0.997	0.001	0.001
0.001	0.448	0.550	0.001
0.001	0.001	0.001	0.997
0.001	0.997	0.001	0.001
0.997	0.001	0.001	0.001
>ABACTTTC	9-ABACTTTC	7.218159	-29.312021	0	T:228.0(13.69%),B:3931.8(8.34%),P:1e-12	Tpos:295.1,Tstd:239.0,Bpos:237.3,Bstd:145.0,StrandBias:0.0,Multiplicity:1.08
0.550	0.187	0.126	0.137
0.082	0.254	0.278	0.386
0.803	0.072	0.043	0.082
0.001	0.908	0.090	0.001
0.001	0.001	0.001	0.997
0.203	0.077	0.001	0.719
0.110	0.001	0.001	0.888
0.072	0.922	0.001	0.005
>GGGVGGGG	10-GGGVGGGG	9.579441	-29.044263	0	T:335.0(20.12%),B:6439.1(13.66%),P:1e-12	Tpos:325.5,Tstd:251.6,Bpos:236.7,Bstd:146.8,StrandBias:-0.0,Multiplicity:1.46
0.001	0.001	0.997	0.001
0.001	0.001	0.997	0.001
0.253	0.001	0.745	0.001
0.402	0.311	0.286	0.001
0.001	0.031	0.967	0.001
0.001	0.001	0.997	0.001
0.001	0.001	0.997	0.001
0.001	0.001	0.997	0.001
>GGGCGGGT	11-GGGCGGGT	7.473005	-23.621595	0	T:113.0(6.79%),B:1650.8(3.50%),P:1e-10	Tpos:292.3,Tstd:244.0,Bpos:236.2,Bstd:153.0,StrandBias:-0.1,Multiplicity:1.10
0.001	0.001	0.791	0.207
0.001	0.001	0.997	0.001
0.001	0.001	0.757	0.241
0.001	0.997	0.001	0.001
0.001	0.001	0.997	0.001
0.001	0.001	0.997	0.001
0.001	0.001	0.855	0.143
0.001	0.001	0.001	0.997
>GCATGCGC	12-GCATGCGC	6.841183	-17.072364	0	T:85.0(5.11%),B:1271.2(2.70%),P:1e-7	Tpos:285.2,Tstd:209.4,Bpos:242.4,Bstd:149.5,StrandBias:0.0,Multiplicity:1.07
0.001	0.087	0.911	0.001
0.103	0.727	0.169	0.001
0.997	0.001	0.001	0.001
0.001	0.001	0.001	0.997
0.001	0.001	0.974	0.024
0.001	0.997	0.001	0.001
0.001	0.001	0.997	0.001
0.089	0.909	0.001	0.001
