>CACTTCCTGT	1-CACTTCCTGT	7.758854	-156.572019	0	T:552.0(33.15%),B:7428.1(15.76%),P:1e-67	Tpos:303.1,Tstd:241.3,Bpos:237.2,Bstd:138.6,StrandBias:0.1,Multiplicity:1.32
0.216	0.481	0.081	0.221
0.580	0.104	0.297	0.019
0.001	0.760	0.001	0.238
0.151	0.001	0.001	0.847
0.001	0.001	0.001	0.997
0.001	0.901	0.001	0.097
0.001	0.997	0.001	0.001
0.001	0.091	0.122	0.786
0.001	0.320	0.511	0.168
0.086	0.222	0.077	0.615
>TGTGGTTTBV	2-TGTGGTTTBV	7.902853	-129.188249	0	T:371.0(22.28%),B:4355.0(9.24%),P:1e-56	Tpos:305.2,Tstd:249.5,Bpos:239.0,Bstd:143.8,StrandBias:-0.0,Multiplicity:1.21
0.149	0.001	0.065	0.785
0.001	0.001	0.997	0.001
0.317	0.001	0.109	0.573
0.001	0.001	0.997	0.001
0.001	0.001	0.900	0.098
0.001	0.001	0.001	0.997
0.159	0.001	0.001	0.839
0.209	0.110	0.167	0.514
0.177	0.344	0.282	0.198
0.279	0.269	0.308	0.144
>TTTCACTTTC	3-TTTCACTTTC	8.796582	-75.944108	0	T:152.0(9.13%),B:1381.2(2.93%),P:1e-32	Tpos:303.0,Tstd:246.5,Bpos:239.1,Bstd:139.4,StrandBias:0.3,Multiplicity:1.09
0.005	0.039	0.004	0.952
0.009	0.024	0.001	0.966
0.039	0.030	0.008	0.923
0.022	0.937	0.002	0.039
0.997	0.001	0.001	0.001
0.027	0.726	0.192	0.055
0.001	0.013	0.001	0.985
0.001	0.032	0.002	0.965
0.007	0.001	0.001	0.991
0.018	0.881	0.012	0.089
>GCYCCACCCT	4-GCYCCACCCT	7.977815	-59.611052	0	T:376.0(22.58%),B:6150.7(13.05%),P:1e-25	Tpos:313.2,Tstd:239.0,Bpos:236.5,Bstd:144.2,StrandBias:0.1,Multiplicity:1.15
0.132	0.041	0.807	0.020
0.134	0.688	0.001	0.177
0.001	0.442	0.056	0.501
0.296	0.629	0.039	0.036
0.001	0.942	0.001	0.056
0.472	0.001	0.308	0.220
0.001	0.895	0.079	0.025
0.001	0.997	0.001	0.001
0.039	0.886	0.001	0.074
0.226	0.275	0.001	0.498
>RTGASTCATH	5-RTGASTCATH	8.709403	-57.977011	0	T:110.0(6.61%),B:961.6(2.04%),P:1e-25	Tpos:305.2,Tstd:268.9,Bpos:237.2,Bstd:136.3,StrandBias:-0.2,Multiplicity:1.05
0.471	0.129	0.399	0.001
0.001	0.083	0.001	0.915
0.001	0.073	0.925	0.001
0.964	0.001	0.008	0.027
0.061	0.398	0.456	0.085
0.001	0.001	0.075	0.923
0.094	0.904	0.001	0.001
0.896	0.001	0.075	0.028
0.013	0.221	0.161	0.605
0.317	0.305	0.082	0.295
>CTTGTGGTGA	6-CTTGTGGTGA	7.104267	-48.623969	0	T:251.0(15.08%),B:3777.8(8.01%),P:1e-21	Tpos:296.1,Tstd:236.1,Bpos:233.2,Bstd:145.4,StrandBias:-0.1,Multiplicity:1.09
0.032	0.839	0.082	0.047
0.070	0.073	0.096	0.761
0.073	0.044	0.040	0.843
0.045	0.040	0.861	0.054
0.023	0.084	0.015	0.878
0.075	0.154	0.710	0.061
0.084	0.012	0.819	0.085
0.048	0.064	0.045	0.843
0.051	0.104	0.770	0.075
0.687	0.092	0.079	0.142
>GGGAGTTTCC	7-GGGAGTTTCC	7.297868	-46.983157	0	T:208.0(12.49%),B:2935.9(6.23%),P:1e-20	Tpos:313.4,Tstd:235.7,Bpos:235.9,Bstd:144.2,StrandBias:-0.0,Multiplicity:1.09
0.074	0.034	0.855	0.037
0.028	0.054	0.891	0.027
0.039	0.078	0.741	0.142
0.763	0.074	0.097	0.066
0.103	0.102	0.747	0.048
0.073	0.027	0.061	0.839
0.061	0.111	0.030	0.798
0.095	0.131	0.082	0.692
0.047	0.874	0.029	0.050
0.048	0.808	0.088	0.056
>GTAGTGAAAC	8-GTAGTGAAAC	6.690825	-41.741327	0	T:84.0(5.05%),B:769.9(1.63%),P:1e-18	Tpos:340.4,Tstd:275.8,Bpos:240.5,Bstd:146.5,StrandBias:-0.3,Multiplicity:1.00
0.277	0.058	0.438	0.227
0.324	0.048	0.147	0.481
0.511	0.294	0.030	0.165
0.051	0.221	0.543	0.185
0.233	0.090	0.158	0.519
0.047	0.069	0.603	0.281
0.584	0.344	0.020	0.052
0.658	0.053	0.230	0.059
0.638	0.293	0.034	0.035
0.007	0.566	0.208	0.219
>TTTCGGTTTC	9-TTTCGGTTTC	8.395568	-41.192048	0	T:101.0(6.07%),B:1052.9(2.23%),P:1e-17	Tpos:271.0,Tstd:163.6,Bpos:239.3,Bstd:150.1,StrandBias:0.7,Multiplicity:1.02
0.007	0.001	0.057	0.935
0.001	0.192	0.001	0.806
0.001	0.109	0.001	0.889
0.001	0.819	0.001	0.179
0.001	0.282	0.569	0.148
0.143	0.059	0.475	0.324
0.001	0.305	0.167	0.527
0.001	0.001	0.191	0.807
0.001	0.305	0.150	0.544
0.103	0.629	0.130	0.138
>CCACTAGATG	10-CCACTAGATG	9.298293	-37.884015	0	T:59.0(3.54%),B:446.6(0.95%),P:1e-16	Tpos:297.3,Tstd:216.9,Bpos:234.0,Bstd:141.9,StrandBias:-0.2,Multiplicity:1.02
0.097	0.865	0.037	0.001
0.037	0.961	0.001	0.001
0.965	0.033	0.001	0.001
0.030	0.927	0.001	0.042
0.011	0.009	0.001	0.979
0.962	0.001	0.036	0.001
0.014	0.029	0.956	0.001
0.731	0.021	0.198	0.050
0.051	0.001	0.170	0.778
0.001	0.046	0.952	0.001
>TSWCGTCACV	11-TSWCGTCACV	7.460349	-37.721279	0	T:133.0(7.99%),B:1690.8(3.59%),P:1e-16	Tpos:289.9,Tstd:229.0,Bpos:237.7,Bstd:153.4,StrandBias:-0.0,Multiplicity:1.05
0.206	0.001	0.001	0.792
0.131	0.375	0.493	0.001
0.380	0.049	0.195	0.375
0.001	0.997	0.001	0.001
0.001	0.001	0.997	0.001
0.001	0.001	0.272	0.726
0.001	0.888	0.023	0.088
0.997	0.001	0.001	0.001
0.256	0.590	0.153	0.001
0.275	0.222	0.344	0.159
>YKGAGTTTCT	12-YKGAGTTTCT	6.987873	-36.948118	0	T:524.0(31.47%),B:10683.9(22.66%),P:1e-16	Tpos:290.7,Tstd:247.7,Bpos:234.3,Bstd:144.5,StrandBias:-0.1,Multiplicity:1.17
0.001	0.395	0.238	0.366
0.001	0.001	0.429	0.569
0.001	0.001	0.613	0.385
0.393	0.166	0.208	0.233
0.001	0.001	0.997	0.001
0.001	0.001	0.001	0.997
0.001	0.418	0.001	0.580
0.324	0.011	0.183	0.483
0.001	0.997	0.001	0.001
0.001	0.001	0.091	0.907
>GGGGGGGGGS	13-GGGGGGGGGS	8.405561	-30.975745	0	T:459.0(27.57%),B:9384.3(19.91%),P:1e-13	Tpos:336.8,Tstd:252.4,Bpos:236.2,Bstd:143.2,StrandBias:-0.0,Multiplicity:1.61
0.271	0.175	0.443	0.111
0.001	0.001	0.997	0.001
0.001	0.001	0.997	0.001
0.293	0.001	0.705	0.001
0.242	0.143	0.515	0.100
0.077	0.233	0.689	0.001
0.001	0.191	0.807	0.001
0.001	0.001	0.997	0.001
0.001	0.001	0.997	0.001
0.001	0.440	0.558	0.001
>GAACTGCTAG	14-GAACTGCTAG	8.320545	-28.941094	0	T:83.0(4.98%),B:953.3(2.02%),P:1e-12	Tpos:327.8,Tstd:216.5,Bpos:241.6,Bstd:140.3,StrandBias:-0.2,Multiplicity:1.04
0.020	0.001	0.978	0.001
0.722	0.020	0.018	0.240
0.875	0.001	0.080	0.044
0.001	0.861	0.098	0.040
0.128	0.001	0.001	0.870
0.001	0.001	0.997	0.001
0.001	0.997	0.001	0.001
0.001	0.069	0.054	0.876
0.862	0.042	0.086	0.010
0.026	0.001	0.972	0.001
>GTGTTTACCG	15-GTGTTTACCG	7.114657	-28.459468	0	T:134.0(8.05%),B:1939.3(4.11%),P:1e-12	Tpos:290.4,Tstd:231.0,Bpos:235.4,Bstd:147.7,StrandBias:0.2,Multiplicity:1.08
0.101	0.093	0.757	0.049
0.044	0.039	0.109	0.808
0.021	0.053	0.782	0.144
0.026	0.062	0.042	0.870
0.027	0.049	0.062	0.862
0.104	0.075	0.073	0.748
0.797	0.034	0.040	0.129
0.079	0.796	0.043	0.082
0.068	0.766	0.098	0.068
0.076	0.041	0.820	0.063
>YCGCCTCCAC	16-YCGCCTCCAC	9.096033	-28.383915	0	T:91.0(5.47%),B:1108.2(2.35%),P:1e-12	Tpos:310.6,Tstd:221.4,Bpos:235.1,Bstd:152.4,StrandBias:0.1,Multiplicity:1.05
0.001	0.550	0.001	0.448
0.055	0.782	0.025	0.138
0.084	0.122	0.789	0.005
0.001	0.997	0.001	0.001
0.001	0.756	0.041	0.202
0.001	0.001	0.001	0.997
0.001	0.997	0.001	0.001
0.231	0.556	0.001	0.212
0.828	0.001	0.170	0.001
0.184	0.543	0.001	0.272
>TCGCTTAACC	17-TCGCTTAACC	7.480106	-25.584053	0	T:82.0(4.92%),B:1001.9(2.13%),P:1e-11	Tpos:286.5,Tstd:266.4,Bpos:232.2,Bstd:142.4,StrandBias:0.2,Multiplicity:1.03
0.032	0.001	0.044	0.923
0.071	0.800	0.032	0.097
0.066	0.067	0.699	0.168
0.106	0.735	0.085	0.074
0.043	0.018	0.082	0.857
0.056	0.039	0.128	0.777
0.825	0.080	0.026	0.069
0.840	0.080	0.033	0.047
0.094	0.730	0.077	0.099
0.035	0.828	0.117	0.020
>TGAGGTGAMT	18-TGAGGTGAMT	8.053484	-24.806841	0	T:181.0(10.87%),B:3059.3(6.49%),P:1e-10	Tpos:271.5,Tstd:229.1,Bpos:234.3,Bstd:135.6,StrandBias:0.0,Multiplicity:1.15
0.294	0.071	0.045	0.590
0.001	0.006	0.992	0.001
0.717	0.106	0.176	0.001
0.001	0.023	0.975	0.001
0.138	0.001	0.854	0.007
0.001	0.063	0.144	0.792
0.001	0.013	0.976	0.010
0.739	0.095	0.001	0.165
0.487	0.345	0.072	0.097
0.156	0.001	0.240	0.603
>CCTTACAGCG	19-CCTTACAGCG	10.654571	-21.916882	0	T:23.0(1.38%),B:124.8(0.26%),P:1e-9	Tpos:353.4,Tstd:221.7,Bpos:235.6,Bstd:139.0,StrandBias:-0.9,Multiplicity:1.05
0.001	0.997	0.001	0.001
0.289	0.709	0.001	0.001
0.268	0.001	0.001	0.730
0.001	0.001	0.001	0.997
0.740	0.001	0.111	0.148
0.001	0.933	0.001	0.065
0.933	0.065	0.001	0.001
0.001	0.001	0.997	0.001
0.001	0.997	0.001	0.001
0.001	0.178	0.820	0.001
>CAAACCAAGA	20-CAAACCAAGA	9.553512	-21.462644	0	T:59.0(3.54%),B:669.4(1.42%),P:1e-9	Tpos:250.1,Tstd:204.9,Bpos:229.5,Bstd:141.9,StrandBias:0.5,Multiplicity:1.02
0.033	0.957	0.001	0.009
0.845	0.088	0.001	0.066
0.938	0.024	0.001	0.037
0.965	0.008	0.006	0.021
0.149	0.849	0.001	0.001
0.046	0.939	0.001	0.014
0.966	0.018	0.001	0.015
0.949	0.049	0.001	0.001
0.156	0.110	0.733	0.001
0.869	0.001	0.088	0.042
>TGCAGSAGAC	21-TGCAGSAGAC	10.525008	-19.295955	0	T:34.0(2.04%),B:293.6(0.62%),P:1e-8	Tpos:310.7,Tstd:221.9,Bpos:238.7,Bstd:135.4,StrandBias:-0.6,Multiplicity:1.15
0.001	0.204	0.001	0.794
0.001	0.001	0.997	0.001
0.001	0.997	0.001	0.001
0.894	0.104	0.001	0.001
0.001	0.001	0.877	0.121
0.001	0.565	0.433	0.001
0.997	0.001	0.001	0.001
0.001	0.001	0.997	0.001
0.881	0.001	0.001	0.117
0.001	0.997	0.001	0.001
>GCTCAWTGAT	22-GCTCAWTGAT	7.928100	-11.432039	0	T:24.0(1.44%),B:243.1(0.52%),P:1e-4	Tpos:259.4,Tstd:182.4,Bpos:244.3,Bstd:138.1,StrandBias:0.6,Multiplicity:1.67
0.001	0.001	0.997	0.001
0.001	0.997	0.001	0.001
0.001	0.001	0.001	0.997
0.001	0.997	0.001	0.001
0.837	0.001	0.152	0.010
0.305	0.001	0.271	0.423
0.001	0.001	0.001	0.997
0.001	0.001	0.997	0.001
0.997	0.001	0.001	0.001
0.001	0.001	0.001	0.997
>GTTAGAGGAT	23-GTTAGAGGAT	12.246267	-7.056059	0	T:7.0(0.42%),B:42.0(0.09%),P:1e-3	Tpos:197.8,Tstd:135.8,Bpos:232.0,Bstd:146.0,StrandBias:2.9,Multiplicity:2.43
0.001	0.001	0.997	0.001
0.001	0.204	0.001	0.794
0.001	0.001	0.001	0.997
0.997	0.001	0.001	0.001
0.001	0.001	0.997	0.001
0.997	0.001	0.001	0.001
0.001	0.001	0.997	0.001
0.001	0.001	0.997	0.001
0.997	0.001	0.001	0.001
0.001	0.001	0.001	0.997
>GTTAGTGTGC	24-GTTAGTGTGC	10.296193	-5.696390	0	T:4.0(0.24%),B:18.0(0.04%),P:1e-2	Tpos:191.9,Tstd:78.5,Bpos:188.8,Bstd:132.9,StrandBias:1.3,Multiplicity:1.75
0.100	0.100	0.700	0.100
0.100	0.100	0.100	0.700
0.100	0.100	0.100	0.700
0.700	0.100	0.100	0.100
0.100	0.100	0.700	0.100
0.100	0.100	0.100	0.700
0.100	0.100	0.700	0.100
0.100	0.100	0.100	0.700
0.100	0.100	0.700	0.100
0.100	0.700	0.100	0.100
