>WAACCACA	1-WAACCACA	6.263430	-129.137663	0	T:790.0(47.45%),B:13667.3(28.99%),P:1e-56	Tpos:296.2,Tstd:238.6,Bpos:238.8,Bstd:146.0,StrandBias:-0.0,Multiplicity:1.52
0.454	0.121	0.093	0.332
0.690	0.104	0.098	0.108
0.885	0.015	0.096	0.004
0.035	0.920	0.001	0.044
0.049	0.814	0.079	0.058
0.770	0.027	0.099	0.104
0.100	0.842	0.052	0.006
0.633	0.146	0.115	0.106
>CCGGATGT	2-CCGGATGT	4.441913	-127.916482	0	T:512.0(30.75%),B:7227.0(15.33%),P:1e-55	Tpos:300.9,Tstd:246.1,Bpos:235.1,Bstd:141.6,StrandBias:-0.0,Multiplicity:1.24
0.001	0.923	0.075	0.001
0.077	0.921	0.001	0.001
0.001	0.001	0.997	0.001
0.001	0.001	0.997	0.001
0.997	0.001	0.001	0.001
0.338	0.001	0.001	0.660
0.326	0.001	0.672	0.001
0.001	0.001	0.001	0.997
>TGAGTCAT	3-TGAGTCAT	8.611863	-53.939789	0	T:157.0(9.43%),B:1805.2(3.83%),P:1e-23	Tpos:309.1,Tstd:281.3,Bpos:235.2,Bstd:138.7,StrandBias:-0.3,Multiplicity:1.08
0.021	0.001	0.001	0.977
0.013	0.001	0.962	0.024
0.950	0.007	0.001	0.042
0.017	0.261	0.679	0.043
0.001	0.001	0.001	0.997
0.051	0.947	0.001	0.001
0.990	0.001	0.008	0.001
0.024	0.148	0.085	0.743
>GTTTMCGG	4-GTTTMCGG	6.745494	-53.001045	0	T:388.0(23.30%),B:6655.4(14.12%),P:1e-23	Tpos:296.8,Tstd:235.1,Bpos:237.2,Bstd:149.1,StrandBias:0.1,Multiplicity:1.14
0.001	0.223	0.775	0.001
0.001	0.001	0.188	0.810
0.001	0.001	0.001	0.997
0.001	0.147	0.001	0.851
0.526	0.472	0.001	0.001
0.013	0.985	0.001	0.001
0.001	0.001	0.737	0.261
0.001	0.151	0.626	0.222
>YGCTTCCG	5-YGCTTCCG	6.102103	-49.520865	0	T:592.0(35.56%),B:11746.1(24.92%),P:1e-21	Tpos:314.9,Tstd:242.2,Bpos:237.6,Bstd:145.6,StrandBias:0.1,Multiplicity:1.34
0.145	0.493	0.001	0.361
0.028	0.225	0.613	0.134
0.001	0.662	0.081	0.256
0.057	0.097	0.017	0.829
0.187	0.086	0.036	0.691
0.002	0.960	0.014	0.024
0.148	0.823	0.001	0.028
0.083	0.089	0.572	0.256
>AAASTGAA	6-AAASTGAA	10.223024	-45.230968	0	T:166.0(9.97%),B:2150.9(4.56%),P:1e-19	Tpos:310.0,Tstd:274.0,Bpos:238.2,Bstd:145.0,StrandBias:-0.2,Multiplicity:1.10
0.997	0.001	0.001	0.001
0.997	0.001	0.001	0.001
0.997	0.001	0.001	0.001
0.001	0.429	0.569	0.001
0.001	0.001	0.001	0.997
0.001	0.001	0.997	0.001
0.997	0.001	0.001	0.001
0.997	0.001	0.001	0.001
>KYCACACC	7-KYCACACC	9.569768	-36.819928	0	T:168.0(10.09%),B:2397.9(5.09%),P:1e-15	Tpos:290.8,Tstd:243.7,Bpos:236.3,Bstd:145.3,StrandBias:-0.4,Multiplicity:1.10
0.001	0.001	0.570	0.428
0.001	0.478	0.001	0.520
0.001	0.997	0.001	0.001
0.997	0.001	0.001	0.001
0.001	0.997	0.001	0.001
0.997	0.001	0.001	0.001
0.001	0.997	0.001	0.001
0.001	0.997	0.001	0.001
>TCACSTCA	8-TCACSTCA	7.617708	-36.040505	0	T:201.0(12.07%),B:3103.7(6.58%),P:1e-15	Tpos:301.8,Tstd:261.8,Bpos:233.8,Bstd:143.8,StrandBias:-0.0,Multiplicity:1.13
0.001	0.001	0.001	0.997
0.001	0.831	0.167	0.001
0.655	0.001	0.343	0.001
0.001	0.997	0.001	0.001
0.001	0.448	0.550	0.001
0.001	0.001	0.001	0.997
0.001	0.997	0.001	0.001
0.997	0.001	0.001	0.001
>ABACTTTC	9-ABACTTTC	7.218159	-29.312021	0	T:228.0(13.69%),B:3931.8(8.34%),P:1e-12	Tpos:295.1,Tstd:239.0,Bpos:237.3,Bstd:145.0,StrandBias:0.0,Multiplicity:1.08
0.550	0.187	0.126	0.137
0.082	0.254	0.278	0.386
0.803	0.072	0.043	0.082
0.001	0.908	0.090	0.001
0.001	0.001	0.001	0.997
0.203	0.077	0.001	0.719
0.110	0.001	0.001	0.888
0.072	0.922	0.001	0.005
>GGGVGGGG	10-GGGVGGGG	9.579441	-29.044263	0	T:335.0(20.12%),B:6439.1(13.66%),P:1e-12	Tpos:325.5,Tstd:251.6,Bpos:236.7,Bstd:146.8,StrandBias:-0.0,Multiplicity:1.46
0.001	0.001	0.997	0.001
0.001	0.001	0.997	0.001
0.253	0.001	0.745	0.001
0.402	0.311	0.286	0.001
0.001	0.031	0.967	0.001
0.001	0.001	0.997	0.001
0.001	0.001	0.997	0.001
0.001	0.001	0.997	0.001
>GGGCGGGT	11-GGGCGGGT	7.473005	-23.621595	0	T:113.0(6.79%),B:1650.8(3.50%),P:1e-10	Tpos:292.3,Tstd:244.0,Bpos:236.2,Bstd:153.0,StrandBias:-0.1,Multiplicity:1.10
0.001	0.001	0.791	0.207
0.001	0.001	0.997	0.001
0.001	0.001	0.757	0.241
0.001	0.997	0.001	0.001
0.001	0.001	0.997	0.001
0.001	0.001	0.997	0.001
0.001	0.001	0.855	0.143
0.001	0.001	0.001	0.997
>GCATGCGC	12-GCATGCGC	6.841183	-17.072364	0	T:85.0(5.11%),B:1271.2(2.70%),P:1e-7	Tpos:285.2,Tstd:209.4,Bpos:242.4,Bstd:149.5,StrandBias:0.0,Multiplicity:1.07
0.001	0.087	0.911	0.001
0.103	0.727	0.169	0.001
0.997	0.001	0.001	0.001
0.001	0.001	0.001	0.997
0.001	0.001	0.974	0.024
0.001	0.997	0.001	0.001
0.001	0.001	0.997	0.001
0.089	0.909	0.001	0.001
