Factor1: 0.919023491890322
Factor2: 1.0881114670345575
