>WDATGASTCATH	1-WDATGASTCATH	7.208171	-1583.346454	0	T:2462.0(25.21%),B:2740.0(6.94%),P:1e-687	Tpos:284.5,Tstd:204.3,Bpos:249.2,Bstd:147.4,StrandBias:0.0,Multiplicity:1.18
0.359	0.185	0.200	0.255
0.300	0.060	0.306	0.334
0.488	0.218	0.209	0.086
0.002	0.001	0.003	0.994
0.007	0.007	0.971	0.015
0.986	0.006	0.004	0.004
0.041	0.508	0.420	0.031
0.031	0.006	0.001	0.962
0.034	0.951	0.010	0.005
0.964	0.009	0.001	0.026
0.070	0.238	0.220	0.473
0.240	0.334	0.128	0.298
>AAACCACARMVN	2-AAACCACARMVN	7.631373	-1155.172649	0	T:3040.0(31.13%),B:4964.5(12.58%),P:1e-501	Tpos:290.4,Tstd:220.3,Bpos:251.4,Bstd:154.3,StrandBias:-0.0,Multiplicity:1.23
0.462	0.194	0.084	0.260
0.627	0.120	0.186	0.067
0.676	0.129	0.186	0.009
0.008	0.969	0.021	0.002
0.015	0.982	0.001	0.002
0.839	0.050	0.001	0.110
0.060	0.887	0.044	0.009
0.893	0.028	0.001	0.078
0.336	0.185	0.307	0.173
0.372	0.271	0.215	0.141
0.278	0.325	0.226	0.171
0.281	0.308	0.163	0.248
>ACAGGAAGTGRN	3-ACAGGAAGTGRN	8.115212	-865.493664	0	T:2908.0(29.78%),B:5356.4(13.57%),P:1e-375	Tpos:292.1,Tstd:219.9,Bpos:250.8,Bstd:148.3,StrandBias:0.0,Multiplicity:1.22
0.576	0.054	0.234	0.136
0.140	0.649	0.207	0.004
0.997	0.001	0.001	0.001
0.001	0.001	0.997	0.001
0.001	0.001	0.997	0.001
0.993	0.001	0.005	0.001
0.711	0.001	0.001	0.287
0.256	0.001	0.742	0.001
0.052	0.189	0.098	0.661
0.187	0.155	0.557	0.101
0.291	0.148	0.423	0.138
0.180	0.270	0.257	0.293
>TSAAAVTGAAAC	4-TSAAAVTGAAAC	8.960800	-624.235444	0	T:1045.0(10.70%),B:1165.3(2.95%),P:1e-271	Tpos:294.0,Tstd:236.1,Bpos:245.3,Bstd:153.4,StrandBias:-0.0,Multiplicity:1.10
0.179	0.201	0.150	0.469
0.192	0.351	0.390	0.067
0.897	0.001	0.101	0.001
0.633	0.004	0.179	0.184
0.920	0.001	0.001	0.078
0.260	0.333	0.266	0.141
0.150	0.270	0.123	0.458
0.269	0.054	0.676	0.001
0.972	0.001	0.026	0.001
0.895	0.078	0.001	0.026
0.962	0.001	0.001	0.036
0.157	0.538	0.245	0.060
>HGGCCCCRCCCH	5-HGGCCCCRCCCH	5.317290	-306.355702	0	T:2351.0(24.07%),B:5770.9(14.62%),P:1e-133	Tpos:309.8,Tstd:239.9,Bpos:251.1,Bstd:150.3,StrandBias:0.0,Multiplicity:1.36
0.339	0.200	0.122	0.339
0.225	0.114	0.488	0.173
0.042	0.001	0.956	0.001
0.001	0.994	0.001	0.004
0.001	0.683	0.001	0.315
0.311	0.687	0.001	0.001
0.001	0.997	0.001	0.001
0.319	0.001	0.438	0.243
0.001	0.997	0.001	0.001
0.001	0.997	0.001	0.001
0.001	0.997	0.001	0.001
0.359	0.263	0.001	0.376
>RAGGTGTGAAAM	6-RAGGTGTGAAAM	8.119468	-302.816586	0	T:1791.0(18.34%),B:3999.9(10.13%),P:1e-131	Tpos:289.2,Tstd:222.4,Bpos:251.0,Bstd:154.3,StrandBias:-0.0,Multiplicity:1.12
0.324	0.126	0.385	0.165
0.683	0.001	0.160	0.156
0.225	0.001	0.645	0.129
0.001	0.001	0.997	0.001
0.001	0.001	0.001	0.997
0.001	0.001	0.997	0.001
0.365	0.001	0.001	0.633
0.001	0.151	0.728	0.120
0.980	0.001	0.018	0.001
0.540	0.188	0.259	0.013
0.496	0.202	0.233	0.069
0.246	0.367	0.209	0.178
>VWDVTTASTCAY	7-VWDVTTASTCAY	6.427226	-273.905473	0	T:1300.0(13.31%),B:2645.4(6.70%),P:1e-118	Tpos:293.2,Tstd:230.5,Bpos:247.8,Bstd:152.6,StrandBias:-0.1,Multiplicity:1.08
0.369	0.232	0.237	0.162
0.374	0.127	0.099	0.401
0.320	0.042	0.300	0.338
0.328	0.330	0.225	0.117
0.001	0.001	0.001	0.997
0.001	0.001	0.001	0.997
0.997	0.001	0.001	0.001
0.001	0.474	0.524	0.001
0.001	0.001	0.001	0.997
0.001	0.997	0.001	0.001
0.997	0.001	0.001	0.001
0.026	0.302	0.258	0.415
>DKGTTAACCACA	8-DKGTTAACCACA	8.160190	-259.309554	0	T:856.0(8.77%),B:1464.8(3.71%),P:1e-112	Tpos:286.2,Tstd:213.3,Bpos:238.7,Bstd:152.7,StrandBias:-0.2,Multiplicity:1.03
0.253	0.125	0.254	0.368
0.001	0.001	0.439	0.559
0.003	0.236	0.512	0.249
0.021	0.226	0.072	0.681
0.087	0.178	0.130	0.605
0.610	0.124	0.041	0.225
0.651	0.169	0.166	0.014
0.018	0.916	0.005	0.061
0.007	0.991	0.001	0.001
0.812	0.011	0.004	0.173
0.092	0.685	0.104	0.119
0.472	0.184	0.046	0.298
>GGGGGTTTCCCC	9-GGGGGTTTCCCC	8.356601	-238.444820	0	T:900.0(9.22%),B:1644.0(4.17%),P:1e-103	Tpos:298.3,Tstd:236.2,Bpos:252.9,Bstd:143.9,StrandBias:-0.1,Multiplicity:1.09
0.174	0.057	0.587	0.182
0.039	0.029	0.898	0.034
0.007	0.007	0.895	0.091
0.179	0.026	0.745	0.050
0.222	0.195	0.446	0.137
0.084	0.169	0.091	0.656
0.010	0.012	0.065	0.913
0.019	0.199	0.036	0.746
0.003	0.792	0.008	0.197
0.032	0.962	0.001	0.005
0.071	0.865	0.007	0.057
0.183	0.600	0.035	0.182
>GTKGTTTCCTBT	10-GTKGTTTCCTBT	9.221935	-229.623297	0	T:1105.0(11.31%),B:2250.7(5.70%),P:1e-99	Tpos:299.1,Tstd:230.8,Bpos:250.7,Bstd:148.2,StrandBias:-0.1,Multiplicity:1.03
0.151	0.106	0.562	0.181
0.254	0.148	0.186	0.412
0.109	0.001	0.474	0.417
0.001	0.001	0.997	0.001
0.001	0.302	0.001	0.696
0.001	0.001	0.001	0.997
0.001	0.057	0.001	0.941
0.001	0.993	0.005	0.001
0.089	0.866	0.001	0.044
0.173	0.001	0.001	0.825
0.012	0.282	0.384	0.322
0.125	0.293	0.068	0.514
>CTTTGATGTGGT	11-CTTTGATGTGGT	9.767649	-219.935439	0	T:353.0(3.61%),B:373.9(0.95%),P:1e-95	Tpos:294.3,Tstd:206.8,Bpos:262.9,Bstd:147.4,StrandBias:0.1,Multiplicity:1.03
0.031	0.738	0.091	0.140
0.043	0.110	0.024	0.823
0.052	0.076	0.049	0.823
0.045	0.024	0.032	0.899
0.052	0.105	0.813	0.030
0.804	0.082	0.053	0.061
0.059	0.012	0.036	0.893
0.042	0.049	0.872	0.037
0.081	0.012	0.036	0.871
0.034	0.024	0.878	0.064
0.058	0.031	0.854	0.057
0.030	0.111	0.119	0.740
>TATGCAAATTAG	12-TATGCAAATTAG	9.716038	-158.599681	0	T:335.0(3.43%),B:437.0(1.11%),P:1e-68	Tpos:289.4,Tstd:212.9,Bpos:246.6,Bstd:141.9,StrandBias:0.1,Multiplicity:1.04
0.094	0.149	0.001	0.756
0.862	0.061	0.036	0.041
0.009	0.001	0.018	0.972
0.009	0.001	0.890	0.100
0.001	0.837	0.009	0.153
0.885	0.001	0.001	0.113
0.927	0.009	0.001	0.063
0.990	0.001	0.001	0.008
0.150	0.036	0.031	0.783
0.103	0.127	0.307	0.463
0.563	0.134	0.018	0.285
0.172	0.098	0.475	0.255
>TGAGGTGTGGTC	13-TGAGGTGTGGTC	9.110440	-119.912651	0	T:552.0(5.65%),B:1093.4(2.77%),P:1e-52	Tpos:276.8,Tstd:205.3,Bpos:251.3,Bstd:152.6,StrandBias:0.2,Multiplicity:1.04
0.207	0.005	0.243	0.545
0.214	0.183	0.565	0.038
0.869	0.001	0.001	0.129
0.166	0.001	0.602	0.231
0.165	0.129	0.688	0.018
0.001	0.004	0.001	0.994
0.001	0.117	0.842	0.040
0.115	0.001	0.001	0.883
0.016	0.001	0.978	0.005
0.201	0.005	0.745	0.049
0.001	0.197	0.034	0.768
0.264	0.474	0.158	0.104
>CTTTCGGTTTTG	14-CTTTCGGTTTTG	8.744721	-117.931321	0	T:601.0(6.15%),B:1240.0(3.14%),P:1e-51	Tpos:300.3,Tstd:256.1,Bpos:248.0,Bstd:151.1,StrandBias:0.0,Multiplicity:1.05
0.050	0.788	0.089	0.073
0.014	0.048	0.007	0.931
0.027	0.020	0.021	0.932
0.020	0.067	0.041	0.872
0.053	0.679	0.110	0.158
0.122	0.083	0.698	0.097
0.043	0.078	0.797	0.082
0.034	0.038	0.049	0.879
0.005	0.051	0.057	0.887
0.034	0.054	0.053	0.859
0.020	0.034	0.054	0.892
0.033	0.089	0.792	0.086
>TTTCWAAATGAC	15-TTTCWAAATGAC	10.168180	-113.762721	0	T:231.0(2.37%),B:293.6(0.74%),P:1e-49	Tpos:326.7,Tstd:227.3,Bpos:259.1,Bstd:148.9,StrandBias:-0.1,Multiplicity:1.00
0.001	0.020	0.001	0.978
0.016	0.137	0.016	0.831
0.024	0.103	0.092	0.781
0.188	0.798	0.001	0.013
0.385	0.234	0.116	0.266
0.607	0.016	0.284	0.093
0.720	0.033	0.090	0.157
0.913	0.001	0.001	0.085
0.011	0.001	0.001	0.987
0.106	0.047	0.717	0.130
0.783	0.023	0.001	0.193
0.096	0.616	0.170	0.118
>AGAAACGAAACT	16-AGAAACGAAACT	9.002525	-95.948440	0	T:516.0(5.28%),B:1086.4(2.75%),P:1e-41	Tpos:311.5,Tstd:238.7,Bpos:256.1,Bstd:150.0,StrandBias:0.1,Multiplicity:1.03
0.866	0.007	0.084	0.043
0.037	0.054	0.857	0.052
0.908	0.028	0.036	0.028
0.923	0.015	0.042	0.020
0.835	0.042	0.044	0.079
0.082	0.591	0.185	0.142
0.088	0.074	0.757	0.081
0.876	0.012	0.068	0.044
0.904	0.074	0.009	0.013
0.847	0.035	0.089	0.029
0.027	0.860	0.086	0.027
0.079	0.099	0.040	0.782
>AYAGGATGTGGG	17-AYAGGATGTGGG	9.445458	-85.497673	0	T:423.0(4.33%),B:862.8(2.19%),P:1e-37	Tpos:264.1,Tstd:211.1,Bpos:251.7,Bstd:146.2,StrandBias:-0.1,Multiplicity:1.02
0.754	0.025	0.045	0.176
0.001	0.347	0.244	0.409
0.803	0.031	0.001	0.165
0.001	0.001	0.983	0.015
0.001	0.166	0.802	0.031
0.797	0.065	0.122	0.016
0.001	0.095	0.068	0.836
0.001	0.001	0.997	0.001
0.050	0.150	0.184	0.616
0.001	0.001	0.811	0.187
0.001	0.001	0.997	0.001
0.001	0.160	0.838	0.001
>KGRTRTGACTGT	18-KGRTRTGACTGT	10.034077	-69.272822	0	T:371.0(3.80%),B:781.0(1.98%),P:1e-30	Tpos:282.3,Tstd:227.8,Bpos:259.0,Bstd:152.5,StrandBias:0.1,Multiplicity:1.04
0.216	0.001	0.461	0.323
0.001	0.001	0.997	0.001
0.407	0.081	0.367	0.146
0.233	0.001	0.288	0.478
0.463	0.001	0.493	0.043
0.016	0.001	0.113	0.870
0.001	0.001	0.997	0.001
0.650	0.001	0.257	0.092
0.079	0.635	0.285	0.001
0.001	0.001	0.001	0.997
0.001	0.191	0.807	0.001
0.001	0.001	0.001	0.997
>ACTAATAGACSG	19-ACTAATAGACSG	8.694035	-38.925129	0	T:15.0(0.15%),B:2.9(0.01%),P:1e-16	Tpos:216.4,Tstd:125.0,Bpos:364.2,Bstd:35.0,StrandBias:1.3,Multiplicity:1.00
0.728	0.014	0.246	0.012
0.157	0.505	0.185	0.153
0.220	0.187	0.012	0.581
0.446	0.171	0.172	0.211
0.543	0.267	0.180	0.010
0.016	0.318	0.013	0.653
0.798	0.010	0.180	0.012
0.201	0.210	0.580	0.009
0.764	0.020	0.201	0.015
0.241	0.510	0.011	0.238
0.018	0.463	0.316	0.203
0.220	0.207	0.391	0.182
>TGTGTTTTGCAC	20-TGTGTTTTGCAC	14.208960	-35.435181	0	T:24.0(0.25%),B:11.0(0.03%),P:1e-15	Tpos:193.9,Tstd:85.6,Bpos:303.6,Bstd:111.3,StrandBias:2.4,Multiplicity:1.00
0.001	0.001	0.001	0.997
0.001	0.001	0.997	0.001
0.001	0.001	0.001	0.997
0.001	0.001	0.997	0.001
0.001	0.001	0.237	0.761
0.001	0.388	0.001	0.610
0.001	0.001	0.001	0.997
0.011	0.001	0.001	0.987
0.001	0.001	0.997	0.001
0.001	0.997	0.001	0.001
0.997	0.001	0.001	0.001
0.001	0.997	0.001	0.001
>ATCTGAGGACTC	21-ATCTGAGGACTC	13.477182	-33.074231	0	T:15.0(0.15%),B:3.5(0.01%),P:1e-14	Tpos:206.9,Tstd:173.6,Bpos:342.5,Bstd:28.3,StrandBias:-3.8,Multiplicity:1.00
0.997	0.001	0.001	0.001
0.001	0.001	0.001	0.997
0.001	0.952	0.046	0.001
0.001	0.001	0.001	0.997
0.001	0.001	0.997	0.001
0.997	0.001	0.001	0.001
0.001	0.001	0.997	0.001
0.001	0.001	0.997	0.001
0.952	0.001	0.001	0.046
0.001	0.997	0.001	0.001
0.001	0.001	0.001	0.997
0.001	0.997	0.001	0.001
>NGTAGGCTGTGN	22-NGTAGGCTGTGN	9.609408	-28.989859	0	T:15.0(0.15%),B:4.9(0.01%),P:1e-12	Tpos:261.7,Tstd:107.8,Bpos:243.0,Bstd:167.7,StrandBias:3.8,Multiplicity:1.00
0.228	0.195	0.236	0.341
0.121	0.127	0.624	0.128
0.141	0.138	0.131	0.590
0.632	0.107	0.135	0.126
0.144	0.098	0.636	0.122
0.124	0.110	0.629	0.137
0.112	0.637	0.124	0.127
0.134	0.093	0.110	0.663
0.111	0.123	0.640	0.126
0.135	0.091	0.114	0.660
0.116	0.120	0.643	0.121
0.244	0.303	0.229	0.225
>GCTGGGTATGAC	23-GCTGGGTATGAC	6.517702	-24.506007	0	T:3081.0(31.55%),B:11251.7(28.51%),P:1e-10	Tpos:307.2,Tstd:247.8,Bpos:251.7,Bstd:147.9,StrandBias:0.0,Multiplicity:1.28
0.100	0.100	0.700	0.100
0.100	0.700	0.100	0.100
0.100	0.100	0.100	0.700
0.100	0.100	0.700	0.100
0.100	0.100	0.700	0.100
0.100	0.100	0.700	0.100
0.100	0.100	0.100	0.700
0.700	0.100	0.100	0.100
0.100	0.100	0.100	0.700
0.100	0.100	0.700	0.100
0.700	0.100	0.100	0.100
0.100	0.700	0.100	0.100
>AGTGGTGAGTCT	24-AGTGGTGAGTCT	13.433799	-11.977157	0	T:5.0(0.05%),B:0.6(0.00%),P:1e-5	Tpos:203.6,Tstd:140.9,Bpos:399.0,Bstd:0.0,StrandBias:-2.0,Multiplicity:3.00
0.997	0.001	0.001	0.001
0.215	0.001	0.783	0.001
0.001	0.215	0.001	0.783
0.001	0.001	0.783	0.215
0.001	0.001	0.997	0.001
0.001	0.001	0.001	0.997
0.217	0.215	0.567	0.001
0.997	0.001	0.001	0.001
0.001	0.001	0.997	0.001
0.001	0.001	0.001	0.997
0.001	0.569	0.215	0.215
0.001	0.299	0.001	0.699
>TGTGGAGGACCT	25-TGTGGAGGACCT	12.355432	-3.231940	0	T:3.0(0.03%),B:3.6(0.01%),P:1e-1	Tpos:241.2,Tstd:155.0,Bpos:228.2,Bstd:77.9,StrandBias:-3.9,Multiplicity:8.00
0.100	0.100	0.100	0.700
0.100	0.100	0.700	0.100
0.100	0.100	0.100	0.700
0.100	0.100	0.700	0.100
0.100	0.100	0.700	0.100
0.700	0.100	0.100	0.100
0.100	0.100	0.700	0.100
0.100	0.100	0.700	0.100
0.700	0.100	0.100	0.100
0.100	0.700	0.100	0.100
0.100	0.700	0.100	0.100
0.100	0.100	0.100	0.700
