>TATGAGTCAT	1-TATGAGTCAT	7.333772	-1535.221546	0	T:2384.0(24.41%),B:2641.9(6.69%),P:1e-666	Tpos:286.6,Tstd:205.5,Bpos:248.1,Bstd:148.0,StrandBias:0.0,Multiplicity:1.18
0.218	0.110	0.237	0.436
0.610	0.179	0.142	0.069
0.008	0.014	0.005	0.973
0.005	0.012	0.938	0.045
0.986	0.006	0.001	0.007
0.027	0.375	0.569	0.029
0.006	0.007	0.003	0.984
0.036	0.951	0.008	0.005
0.979	0.002	0.011	0.008
0.051	0.219	0.157	0.573
>NTKASTMANH	2-NTKASTMANH	5.339649	-1423.342721	0	T:3308.0(33.87%),B:5082.9(12.88%),P:1e-618	Tpos:286.9,Tstd:220.1,Bpos:248.0,Bstd:153.9,StrandBias:-0.0,Multiplicity:1.08
0.244	0.269	0.264	0.223
0.039	0.046	0.036	0.879
0.038	0.035	0.531	0.396
0.881	0.040	0.041	0.038
0.188	0.350	0.348	0.113
0.234	0.096	0.159	0.511
0.284	0.419	0.144	0.153
0.530	0.135	0.160	0.175
0.229	0.238	0.269	0.264
0.311	0.327	0.092	0.269
>NBWAACCACA	3-NBWAACCACA	6.900399	-1245.871359	0	T:3729.0(38.18%),B:6702.2(16.98%),P:1e-541	Tpos:288.8,Tstd:215.9,Bpos:249.3,Bstd:153.8,StrandBias:-0.1,Multiplicity:1.30
0.298	0.225	0.255	0.222
0.172	0.242	0.255	0.331
0.384	0.191	0.082	0.343
0.689	0.001	0.309	0.001
0.709	0.134	0.156	0.001
0.001	0.997	0.001	0.001
0.001	0.997	0.001	0.001
0.667	0.055	0.232	0.046
0.123	0.875	0.001	0.001
0.655	0.087	0.101	0.157
>BTGTGGTTWN	4-BTGTGGTTWN	6.630400	-1084.031589	0	T:4630.0(47.41%),B:10075.1(25.53%),P:1e-470	Tpos:292.3,Tstd:230.2,Bpos:248.9,Bstd:156.9,StrandBias:0.0,Multiplicity:1.23
0.109	0.345	0.217	0.329
0.097	0.095	0.114	0.694
0.001	0.010	0.910	0.079
0.116	0.158	0.030	0.696
0.001	0.001	0.984	0.014
0.014	0.001	0.984	0.001
0.001	0.161	0.093	0.745
0.190	0.032	0.170	0.608
0.341	0.018	0.206	0.435
0.262	0.207	0.279	0.253
>CAYTTCCTGT	5-CAYTTCCTGT	7.959194	-848.203007	0	T:2985.0(30.57%),B:5633.9(14.27%),P:1e-368	Tpos:292.5,Tstd:221.6,Bpos:250.4,Bstd:151.2,StrandBias:0.0,Multiplicity:1.22
0.084	0.468	0.153	0.296
0.677	0.082	0.240	0.001
0.001	0.547	0.001	0.451
0.245	0.023	0.034	0.698
0.001	0.001	0.001	0.997
0.001	0.995	0.001	0.003
0.001	0.997	0.001	0.001
0.001	0.068	0.071	0.860
0.001	0.322	0.578	0.099
0.001	0.279	0.088	0.632
>GTTTCRBTTT	6-GTTTCRBTTT	8.593491	-574.572404	0	T:1322.0(13.54%),B:1868.2(4.73%),P:1e-249	Tpos:297.1,Tstd:225.9,Bpos:247.0,Bstd:151.2,StrandBias:-0.1,Multiplicity:1.11
0.028	0.313	0.621	0.038
0.002	0.001	0.002	0.995
0.006	0.001	0.014	0.979
0.001	0.030	0.006	0.963
0.001	0.882	0.001	0.116
0.480	0.074	0.373	0.073
0.034	0.380	0.313	0.273
0.010	0.031	0.030	0.929
0.121	0.136	0.001	0.742
0.026	0.276	0.018	0.680
>DGGGTGTGRC	7-DGGGTGTGRC	6.907480	-401.164991	0	T:2830.0(28.98%),B:6862.7(17.39%),P:1e-174	Tpos:300.9,Tstd:233.4,Bpos:248.4,Bstd:154.5,StrandBias:-0.0,Multiplicity:1.36
0.327	0.115	0.263	0.294
0.379	0.009	0.560	0.052
0.007	0.001	0.968	0.024
0.094	0.054	0.823	0.029
0.136	0.340	0.023	0.501
0.001	0.015	0.973	0.011
0.112	0.012	0.336	0.540
0.289	0.005	0.566	0.140
0.340	0.054	0.448	0.158
0.202	0.455	0.153	0.190
>BTTMWCACCT	8-BTTMWCACCT	7.556863	-275.755794	0	T:2071.0(21.21%),B:5019.0(12.72%),P:1e-119	Tpos:298.5,Tstd:234.2,Bpos:250.7,Bstd:152.8,StrandBias:-0.0,Multiplicity:1.15
0.129	0.290	0.344	0.236
0.154	0.158	0.001	0.687
0.001	0.001	0.001	0.997
0.352	0.439	0.208	0.001
0.481	0.001	0.095	0.423
0.001	0.997	0.001	0.001
0.879	0.075	0.045	0.001
0.043	0.955	0.001	0.001
0.131	0.688	0.001	0.180
0.196	0.149	0.001	0.654
>GGGGTTTCCC	9-GGGGTTTCCC	8.248532	-232.075410	0	T:724.0(7.41%),B:1199.6(3.04%),P:1e-100	Tpos:311.2,Tstd:261.5,Bpos:250.9,Bstd:142.8,StrandBias:-0.1,Multiplicity:1.08
0.001	0.020	0.945	0.034
0.001	0.001	0.952	0.046
0.012	0.001	0.986	0.001
0.150	0.028	0.731	0.091
0.054	0.040	0.062	0.844
0.001	0.001	0.001	0.997
0.004	0.066	0.012	0.918
0.004	0.824	0.014	0.158
0.001	0.996	0.002	0.001
0.023	0.957	0.004	0.016
>AAACGAAACC	10-AAACGAAACC	6.632239	-225.601592	0	T:2652.0(27.16%),B:7283.0(18.45%),P:1e-97	Tpos:297.9,Tstd:236.2,Bpos:249.9,Bstd:156.3,StrandBias:-0.0,Multiplicity:1.25
0.857	0.053	0.029	0.061
0.808	0.056	0.097	0.039
0.732	0.131	0.050	0.087
0.059	0.757	0.133	0.051
0.150	0.120	0.680	0.050
0.861	0.038	0.044	0.057
0.870	0.059	0.027	0.044
0.879	0.055	0.046	0.020
0.117	0.782	0.062	0.039
0.046	0.777	0.045	0.132
>YCCGCCCACA	11-YCCGCCCACA	6.722914	-178.212529	0	T:1610.0(16.49%),B:4065.7(10.30%),P:1e-77	Tpos:310.9,Tstd:253.5,Bpos:248.6,Bstd:150.6,StrandBias:-0.1,Multiplicity:1.16
0.138	0.279	0.163	0.420
0.162	0.626	0.097	0.115
0.162	0.710	0.054	0.074
0.170	0.035	0.562	0.233
0.115	0.724	0.102	0.059
0.131	0.724	0.063	0.082
0.066	0.741	0.067	0.126
0.564	0.227	0.116	0.093
0.096	0.737	0.067	0.100
0.466	0.171	0.161	0.202
>ARTGGAAACW	12-ARTGGAAACW	8.613283	-167.779983	0	T:1001.0(10.25%),B:2202.1(5.58%),P:1e-72	Tpos:301.7,Tstd:234.6,Bpos:250.3,Bstd:147.4,StrandBias:-0.1,Multiplicity:1.08
0.674	0.119	0.158	0.049
0.452	0.101	0.446	0.001
0.001	0.001	0.057	0.941
0.098	0.118	0.727	0.057
0.001	0.026	0.972	0.001
0.997	0.001	0.001	0.001
0.997	0.001	0.001	0.001
0.997	0.001	0.001	0.001
0.260	0.418	0.249	0.073
0.429	0.001	0.001	0.569
>CCACATCAAA	13-CCACATCAAA	8.497665	-167.611538	0	T:550.0(5.63%),B:932.2(2.36%),P:1e-72	Tpos:282.0,Tstd:190.0,Bpos:251.6,Bstd:148.5,StrandBias:-0.0,Multiplicity:1.04
0.021	0.918	0.001	0.060
0.001	0.958	0.012	0.029
0.963	0.011	0.001	0.025
0.001	0.990	0.001	0.008
0.931	0.001	0.028	0.040
0.079	0.013	0.001	0.907
0.001	0.886	0.102	0.011
0.981	0.001	0.001	0.017
0.814	0.035	0.090	0.061
0.931	0.033	0.035	0.001
>TTYCGGKWTD	14-TTYCGGKWTD	5.624120	-161.389088	0	T:1717.0(17.58%),B:4526.4(11.47%),P:1e-70	Tpos:317.8,Tstd:252.3,Bpos:251.3,Bstd:155.1,StrandBias:-0.2,Multiplicity:1.12
0.080	0.001	0.090	0.829
0.038	0.001	0.001	0.960
0.038	0.437	0.001	0.524
0.001	0.967	0.031	0.001
0.001	0.119	0.879	0.001
0.099	0.132	0.618	0.151
0.122	0.076	0.341	0.461
0.416	0.091	0.001	0.491
0.085	0.371	0.004	0.540
0.336	0.001	0.339	0.325
>AATTTGCATA	15-AATTTGCATA	8.116241	-151.877760	0	T:549.0(5.62%),B:976.7(2.47%),P:1e-65	Tpos:291.0,Tstd:214.1,Bpos:247.0,Bstd:141.9,StrandBias:-0.1,Multiplicity:1.08
0.498	0.164	0.152	0.186
0.943	0.023	0.001	0.033
0.011	0.001	0.016	0.972
0.001	0.013	0.001	0.985
0.006	0.001	0.001	0.992
0.029	0.001	0.969	0.001
0.024	0.955	0.001	0.020
0.970	0.006	0.001	0.023
0.001	0.001	0.001	0.997
0.847	0.008	0.089	0.056
>CTGTGGCTGA	16-CTGTGGCTGA	8.365415	-128.471800	0	T:1459.0(14.94%),B:3888.0(9.85%),P:1e-55	Tpos:286.2,Tstd:223.0,Bpos:248.7,Bstd:150.7,StrandBias:-0.1,Multiplicity:1.09
0.154	0.606	0.067	0.173
0.033	0.001	0.001	0.965
0.001	0.001	0.997	0.001
0.076	0.070	0.049	0.805
0.168	0.001	0.830	0.001
0.133	0.001	0.661	0.205
0.001	0.851	0.147	0.001
0.107	0.001	0.016	0.876
0.001	0.183	0.815	0.001
0.643	0.074	0.103	0.180
>GGAAASCMCC	17-GGAAASCMCC	9.723391	-125.754292	0	T:323.0(3.31%),B:477.3(1.21%),P:1e-54	Tpos:306.7,Tstd:252.4,Bpos:255.5,Bstd:147.1,StrandBias:0.2,Multiplicity:1.03
0.005	0.064	0.868	0.063
0.001	0.001	0.996	0.002
0.752	0.001	0.246	0.001
0.994	0.004	0.001	0.001
0.866	0.098	0.001	0.035
0.138	0.347	0.429	0.086
0.068	0.575	0.005	0.352
0.574	0.424	0.001	0.001
0.001	0.938	0.058	0.003
0.171	0.810	0.018	0.001
>ATGAATCAGC	18-ATGAATCAGC	11.110716	-123.905996	0	T:198.0(2.03%),B:209.6(0.53%),P:1e-53	Tpos:307.7,Tstd:248.8,Bpos:259.5,Bstd:153.4,StrandBias:0.2,Multiplicity:1.01
0.997	0.001	0.001	0.001
0.001	0.001	0.001	0.997
0.001	0.001	0.997	0.001
0.997	0.001	0.001	0.001
0.760	0.238	0.001	0.001
0.372	0.001	0.001	0.626
0.001	0.997	0.001	0.001
0.935	0.063	0.001	0.001
0.051	0.146	0.802	0.001
0.001	0.997	0.001	0.001
>AAATGACTGT	19-AAATGACTGT	8.319415	-123.065021	0	T:761.0(7.79%),B:1688.7(4.28%),P:1e-53	Tpos:280.0,Tstd:219.3,Bpos:249.6,Bstd:147.3,StrandBias:-0.1,Multiplicity:1.06
0.486	0.070	0.176	0.269
0.591	0.001	0.082	0.326
0.917	0.001	0.081	0.001
0.052	0.001	0.001	0.946
0.001	0.001	0.997	0.001
0.997	0.001	0.001	0.001
0.001	0.944	0.054	0.001
0.001	0.001	0.001	0.997
0.286	0.104	0.539	0.071
0.001	0.102	0.321	0.576
>TGAAACTAGC	20-TGAAACTAGC	7.136892	-110.326420	0	T:578.0(5.92%),B:1205.4(3.05%),P:1e-47	Tpos:303.1,Tstd:242.4,Bpos:251.4,Bstd:153.0,StrandBias:-0.0,Multiplicity:1.03
0.129	0.082	0.062	0.727
0.116	0.070	0.689	0.125
0.816	0.059	0.029	0.096
0.732	0.041	0.086	0.141
0.703	0.045	0.131	0.121
0.123	0.688	0.126	0.063
0.103	0.143	0.098	0.656
0.673	0.144	0.091	0.092
0.174	0.102	0.598	0.126
0.168	0.617	0.071	0.144
>AATVACACGT	21-AATVACACGT	6.874677	-88.995865	0	T:630.0(6.45%),B:1459.1(3.70%),P:1e-38	Tpos:283.0,Tstd:227.9,Bpos:249.0,Bstd:153.4,StrandBias:-0.2,Multiplicity:1.06
0.497	0.025	0.299	0.179
0.589	0.023	0.363	0.025
0.064	0.039	0.017	0.880
0.302	0.345	0.326	0.027
0.924	0.013	0.048	0.015
0.051	0.653	0.250	0.046
0.524	0.004	0.217	0.255
0.017	0.605	0.185	0.193
0.080	0.200	0.468	0.252
0.029	0.213	0.204	0.554
>GGATGTGGTG	22-GGATGTGGTG	10.653317	-84.201356	0	T:195.0(2.00%),B:271.8(0.69%),P:1e-36	Tpos:274.4,Tstd:218.6,Bpos:239.0,Bstd:149.8,StrandBias:-0.3,Multiplicity:1.02
0.001	0.001	0.997	0.001
0.001	0.110	0.888	0.001
0.997	0.001	0.001	0.001
0.110	0.001	0.001	0.888
0.001	0.001	0.997	0.001
0.001	0.001	0.001	0.997
0.001	0.001	0.854	0.144
0.001	0.001	0.997	0.001
0.001	0.069	0.001	0.929
0.116	0.001	0.882	0.001
>TGACGTCATC	23-TGACGTCATC	6.988609	-61.257599	0	T:795.0(8.14%),B:2166.6(5.49%),P:1e-26	Tpos:306.9,Tstd:237.9,Bpos:248.9,Bstd:151.4,StrandBias:-0.1,Multiplicity:1.05
0.055	0.029	0.056	0.860
0.036	0.072	0.795	0.097
0.872	0.030	0.057	0.041
0.046	0.795	0.060	0.099
0.066	0.061	0.816	0.057
0.041	0.066	0.049	0.844
0.058	0.781	0.070	0.091
0.805	0.030	0.060	0.105
0.087	0.102	0.091	0.720
0.151	0.716	0.059	0.074
>CTGGGTATGA	24-CTGGGTATGA	6.928147	-23.997854	0	T:63.0(0.65%),B:98.2(0.25%),P:1e-10	Tpos:238.8,Tstd:204.1,Bpos:250.8,Bstd:148.7,StrandBias:1.0,Multiplicity:1.56
0.001	0.997	0.001	0.001
0.001	0.001	0.001	0.997
0.001	0.001	0.997	0.001
0.001	0.023	0.975	0.001
0.001	0.001	0.997	0.001
0.001	0.001	0.001	0.997
0.997	0.001	0.001	0.001
0.001	0.001	0.001	0.997
0.001	0.001	0.997	0.001
0.997	0.001	0.001	0.001
>AGATCGCCTT	25-AGATCGCCTT	10.296193	-13.648120	0	T:8.0(0.08%),B:3.6(0.01%),P:1e-5	Tpos:173.5,Tstd:117.7,Bpos:331.3,Bstd:80.0,StrandBias:-0.7,Multiplicity:1.00
0.700	0.100	0.100	0.100
0.100	0.100	0.700	0.100
0.700	0.100	0.100	0.100
0.100	0.100	0.100	0.700
0.100	0.700	0.100	0.100
0.100	0.100	0.700	0.100
0.100	0.700	0.100	0.100
0.100	0.700	0.100	0.100
0.100	0.100	0.100	0.700
0.100	0.100	0.100	0.700
