>ATGAGTCA	1-ATGAGTCA	6.655773	-1441.513867	0	T:2747.0(28.13%),B:3617.9(9.17%),P:1e-626	Tpos:286.0,Tstd:206.5,Bpos:249.8,Bstd:149.4,StrandBias:0.0,Multiplicity:1.23
0.674	0.132	0.141	0.053
0.001	0.001	0.001	0.997
0.001	0.001	0.971	0.027
0.996	0.002	0.001	0.001
0.021	0.293	0.671	0.015
0.001	0.001	0.001	0.997
0.014	0.984	0.001	0.001
0.997	0.001	0.001	0.001
>TGTGGTTW	2-TGTGGTTW	5.853413	-1155.028642	0	T:4932.0(50.50%),B:10862.4(27.52%),P:1e-501	Tpos:290.3,Tstd:221.1,Bpos:249.6,Bstd:156.3,StrandBias:0.0,Multiplicity:1.50
0.030	0.015	0.011	0.944
0.001	0.001	0.997	0.001
0.016	0.015	0.001	0.968
0.001	0.001	0.997	0.001
0.001	0.001	0.997	0.001
0.001	0.026	0.001	0.972
0.053	0.095	0.050	0.802
0.486	0.037	0.097	0.379
>ATKACTMA	3-ATKACTMA	3.296316	-1153.820956	0	T:3589.0(36.75%),B:6537.5(16.56%),P:1e-501	Tpos:292.6,Tstd:231.3,Bpos:245.9,Bstd:153.6,StrandBias:-0.0,Multiplicity:1.11
0.575	0.008	0.416	0.001
0.001	0.001	0.001	0.997
0.001	0.001	0.571	0.427
0.997	0.001	0.001	0.001
0.001	0.712	0.286	0.001
0.001	0.001	0.001	0.997
0.571	0.427	0.001	0.001
0.997	0.001	0.001	0.001
>TGYGGTTT	4-TGYGGTTT	6.251557	-985.126749	0	T:4210.0(43.11%),B:9016.0(22.84%),P:1e-427	Tpos:298.2,Tstd:227.1,Bpos:247.2,Bstd:154.5,StrandBias:-0.0,Multiplicity:1.19
0.096	0.165	0.168	0.571
0.104	0.043	0.736	0.117
0.067	0.456	0.051	0.426
0.008	0.056	0.912	0.024
0.011	0.019	0.955	0.015
0.019	0.036	0.198	0.747
0.023	0.083	0.031	0.863
0.106	0.044	0.085	0.765
>TGTGGCTG	5-TGTGGCTG	6.374656	-731.241522	0	T:5247.0(53.73%),B:13746.4(34.83%),P:1e-317	Tpos:297.8,Tstd:231.7,Bpos:249.7,Bstd:153.9,StrandBias:0.0,Multiplicity:1.24
0.046	0.019	0.158	0.777
0.001	0.001	0.964	0.034
0.073	0.142	0.001	0.784
0.105	0.037	0.771	0.087
0.045	0.001	0.953	0.001
0.001	0.605	0.149	0.245
0.056	0.111	0.194	0.639
0.147	0.026	0.518	0.309
>CRTTTCCK	6-CRTTTCCK	4.941724	-605.923283	0	T:3126.0(32.01%),B:6913.4(17.52%),P:1e-263	Tpos:294.1,Tstd:225.4,Bpos:252.4,Bstd:153.1,StrandBias:-0.0,Multiplicity:1.24
0.001	0.984	0.001	0.014
0.559	0.001	0.439	0.001
0.001	0.201	0.001	0.797
0.189	0.001	0.001	0.809
0.001	0.001	0.001	0.997
0.001	0.997	0.001	0.001
0.001	0.997	0.001	0.001
0.001	0.001	0.544	0.454
>CTTCCTGT	7-CTTCCTGT	7.357599	-494.033283	0	T:2258.0(23.12%),B:4648.9(11.78%),P:1e-214	Tpos:293.1,Tstd:215.2,Bpos:251.5,Bstd:148.6,StrandBias:-0.0,Multiplicity:1.14
0.001	0.827	0.001	0.171
0.108	0.001	0.001	0.890
0.001	0.001	0.001	0.997
0.001	0.997	0.001	0.001
0.001	0.997	0.001	0.001
0.001	0.001	0.033	0.965
0.001	0.001	0.997	0.001
0.001	0.001	0.001	0.997
>KRGTTTCG	8-KRGTTTCG	5.789411	-426.371932	0	T:4374.0(44.79%),B:12143.9(30.77%),P:1e-185	Tpos:302.2,Tstd:239.4,Bpos:251.5,Bstd:151.5,StrandBias:-0.0,Multiplicity:1.28
0.032	0.257	0.280	0.430
0.474	0.070	0.402	0.054
0.093	0.276	0.630	0.001
0.001	0.001	0.001	0.997
0.001	0.147	0.099	0.753
0.048	0.110	0.037	0.805
0.001	0.997	0.001	0.001
0.184	0.166	0.574	0.076
>TTTCGGTT	9-TTTCGGTT	6.667460	-314.279841	0	T:2621.0(26.84%),B:6624.5(16.78%),P:1e-136	Tpos:298.0,Tstd:245.3,Bpos:246.9,Bstd:153.3,StrandBias:-0.1,Multiplicity:1.25
0.022	0.080	0.019	0.879
0.049	0.004	0.138	0.809
0.023	0.150	0.146	0.681
0.041	0.757	0.183	0.019
0.234	0.135	0.529	0.102
0.087	0.206	0.536	0.171
0.032	0.021	0.033	0.914
0.055	0.032	0.018	0.895
>GGTGTGAC	10-GGTGTGAC	5.615860	-299.709770	0	T:3996.0(40.92%),B:11586.2(29.35%),P:1e-130	Tpos:297.1,Tstd:239.5,Bpos:250.0,Bstd:156.9,StrandBias:0.1,Multiplicity:1.33
0.039	0.012	0.948	0.001
0.001	0.001	0.997	0.001
0.001	0.023	0.001	0.975
0.094	0.001	0.887	0.018
0.023	0.004	0.001	0.972
0.016	0.001	0.942	0.041
0.809	0.001	0.151	0.039
0.306	0.547	0.057	0.090
>CCCCGCCC	11-CCCCGCCC	7.388864	-290.901887	0	T:2948.0(30.19%),B:7881.6(19.97%),P:1e-126	Tpos:320.1,Tstd:253.5,Bpos:253.0,Bstd:152.6,StrandBias:0.0,Multiplicity:1.58
0.029	0.934	0.001	0.036
0.029	0.828	0.001	0.142
0.143	0.855	0.001	0.001
0.001	0.997	0.001	0.001
0.250	0.001	0.748	0.001
0.001	0.997	0.001	0.001
0.001	0.997	0.001	0.001
0.001	0.901	0.001	0.097
>GGTGWKAR	12-GGTGWKAR	6.894062	-206.834412	0	T:3007.0(30.79%),B:8680.8(21.99%),P:1e-89	Tpos:301.7,Tstd:247.6,Bpos:250.5,Bstd:152.6,StrandBias:0.0,Multiplicity:1.16
0.128	0.030	0.836	0.006
0.001	0.153	0.845	0.001
0.001	0.001	0.001	0.997
0.040	0.001	0.958	0.001
0.367	0.175	0.001	0.457
0.047	0.192	0.313	0.448
0.956	0.001	0.042	0.001
0.426	0.057	0.514	0.003
>TTTCCAYT	13-TTTCCAYT	7.132933	-127.889663	0	T:921.0(9.43%),B:2152.2(5.45%),P:1e-55	Tpos:317.0,Tstd:249.1,Bpos:247.3,Bstd:148.8,StrandBias:0.0,Multiplicity:1.06
0.001	0.001	0.001	0.997
0.001	0.001	0.001	0.997
0.001	0.001	0.001	0.997
0.001	0.997	0.001	0.001
0.001	0.997	0.001	0.001
0.963	0.001	0.035	0.001
0.001	0.556	0.001	0.442
0.001	0.001	0.001	0.997
>ATGCAAAT	14-ATGCAAAT	8.236954	-117.673566	0	T:391.0(4.00%),B:666.9(1.69%),P:1e-51	Tpos:292.1,Tstd:208.1,Bpos:250.0,Bstd:142.1,StrandBias:0.0,Multiplicity:1.07
0.700	0.100	0.100	0.100
0.100	0.100	0.100	0.700
0.100	0.100	0.700	0.100
0.100	0.700	0.100	0.100
0.700	0.100	0.100	0.100
0.700	0.100	0.100	0.100
0.700	0.100	0.100	0.100
0.100	0.100	0.100	0.700
>CTTCCGGC	15-CTTCCGGC	6.890818	-115.022416	0	T:1962.0(20.09%),B:5729.0(14.51%),P:1e-49	Tpos:308.7,Tstd:257.8,Bpos:249.4,Bstd:149.7,StrandBias:-0.0,Multiplicity:1.15
0.021	0.857	0.051	0.071
0.092	0.119	0.040	0.749
0.001	0.038	0.001	0.960
0.164	0.800	0.035	0.001
0.001	0.965	0.033	0.001
0.001	0.200	0.516	0.283
0.107	0.095	0.718	0.080
0.137	0.693	0.169	0.001
>AGAGGAAG	16-AGAGGAAG	8.591930	-98.325937	0	T:1386.0(14.19%),B:3868.4(9.80%),P:1e-42	Tpos:311.5,Tstd:260.1,Bpos:249.6,Bstd:143.1,StrandBias:0.1,Multiplicity:1.11
0.888	0.110	0.001	0.001
0.001	0.001	0.997	0.001
0.761	0.001	0.237	0.001
0.001	0.001	0.997	0.001
0.001	0.001	0.997	0.001
0.997	0.001	0.001	0.001
0.997	0.001	0.001	0.001
0.001	0.001	0.997	0.001
>NCTGACGT	17-NCTGACGT	4.574291	-87.180363	0	T:1735.0(17.77%),B:5186.2(13.14%),P:1e-37	Tpos:300.3,Tstd:233.5,Bpos:254.1,Bstd:157.7,StrandBias:-0.1,Multiplicity:1.14
0.300	0.233	0.239	0.227
0.160	0.426	0.275	0.139
0.001	0.001	0.001	0.997
0.001	0.001	0.861	0.137
0.997	0.001	0.001	0.001
0.001	0.997	0.001	0.001
0.001	0.001	0.997	0.001
0.001	0.329	0.001	0.669
>CTTTGATS	18-CTTTGATS	8.367838	-75.882933	0	T:866.0(8.87%),B:2292.5(5.81%),P:1e-32	Tpos:308.1,Tstd:226.3,Bpos:253.3,Bstd:147.4,StrandBias:0.1,Multiplicity:1.06
0.001	0.758	0.132	0.109
0.049	0.001	0.001	0.949
0.001	0.079	0.001	0.919
0.189	0.001	0.047	0.763
0.002	0.047	0.950	0.001
0.895	0.103	0.001	0.001
0.336	0.152	0.001	0.511
0.181	0.362	0.456	0.001
>ACAGTCAT	19-ACAGTCAT	8.661176	-70.282871	0	T:643.0(6.58%),B:1606.4(4.07%),P:1e-30	Tpos:289.5,Tstd:217.2,Bpos:247.5,Bstd:148.6,StrandBias:0.1,Multiplicity:1.05
0.997	0.001	0.001	0.001
0.001	0.872	0.001	0.126
0.997	0.001	0.001	0.001
0.001	0.286	0.712	0.001
0.001	0.001	0.001	0.997
0.001	0.997	0.001	0.001
0.997	0.001	0.001	0.001
0.001	0.001	0.001	0.997
>CTCCTCCC	20-CTCCTCCC	8.607934	-65.415987	0	T:1911.0(19.57%),B:6062.7(15.36%),P:1e-28	Tpos:320.5,Tstd:257.1,Bpos:252.3,Bstd:144.2,StrandBias:0.0,Multiplicity:1.23
0.001	0.855	0.001	0.143
0.001	0.306	0.001	0.692
0.001	0.997	0.001	0.001
0.001	0.997	0.001	0.001
0.001	0.001	0.001	0.997
0.001	0.997	0.001	0.001
0.001	0.997	0.001	0.001
0.001	0.857	0.001	0.141
>TCTGCGGT	21-TCTGCGGT	8.534045	-47.583198	0	T:201.0(2.06%),B:386.7(0.98%),P:1e-20	Tpos:289.4,Tstd:233.0,Bpos:243.7,Bstd:159.2,StrandBias:-0.2,Multiplicity:1.04
0.001	0.001	0.001	0.997
0.001	0.997	0.001	0.001
0.001	0.001	0.001	0.997
0.099	0.001	0.899	0.001
0.001	0.997	0.001	0.001
0.001	0.001	0.997	0.001
0.200	0.001	0.798	0.001
0.001	0.001	0.001	0.997
>GGATTTCC	22-GGATTTCC	8.236954	-42.073298	0	T:239.0(2.45%),B:516.9(1.31%),P:1e-18	Tpos:305.3,Tstd:217.1,Bpos:247.8,Bstd:141.2,StrandBias:-0.2,Multiplicity:1.02
0.100	0.100	0.700	0.100
0.100	0.100	0.700	0.100
0.700	0.100	0.100	0.100
0.100	0.100	0.100	0.700
0.100	0.100	0.100	0.700
0.100	0.100	0.100	0.700
0.100	0.700	0.100	0.100
0.100	0.700	0.100	0.100
>CGTGWSAT	23-CGTGWSAT	7.604462	-38.197451	0	T:352.0(3.60%),B:883.1(2.24%),P:1e-16	Tpos:284.3,Tstd:232.6,Bpos:256.4,Bstd:153.5,StrandBias:0.2,Multiplicity:1.02
0.001	0.997	0.001	0.001
0.001	0.001	0.931	0.067
0.383	0.001	0.001	0.615
0.282	0.069	0.643	0.006
0.345	0.229	0.001	0.425
0.001	0.441	0.557	0.001
0.997	0.001	0.001	0.001
0.001	0.281	0.001	0.717
>TGTMATAG	24-TGTMATAG	8.115505	-29.690380	0	T:487.0(4.99%),B:1395.6(3.54%),P:1e-12	Tpos:287.1,Tstd:228.4,Bpos:246.6,Bstd:147.5,StrandBias:-0.1,Multiplicity:1.04
0.001	0.001	0.001	0.997
0.152	0.001	0.846	0.001
0.001	0.001	0.001	0.997
0.444	0.554	0.001	0.001
0.997	0.001	0.001	0.001
0.001	0.001	0.001	0.997
0.630	0.368	0.001	0.001
0.175	0.001	0.823	0.001
>AAAAAAGA	25-AAAAAAGA	7.874521	-25.402914	0	T:2379.0(24.36%),B:8494.8(21.52%),P:1e-11	Tpos:315.5,Tstd:243.7,Bpos:252.3,Bstd:157.6,StrandBias:-0.1,Multiplicity:1.29
0.997	0.001	0.001	0.001
0.997	0.001	0.001	0.001
0.997	0.001	0.001	0.001
0.597	0.401	0.001	0.001
0.601	0.001	0.001	0.397
0.997	0.001	0.001	0.001
0.169	0.001	0.829	0.001
0.997	0.001	0.001	0.001
