Factor1: 1.0251263790266139
Factor2: 0.9754894815500972
