Factor1: 0.9365898190517126
Factor2: 1.0677032567068567
