>TGAGTCAT	1-TGAGTCAT	7.664205	-27.755909	0	T:25.0(24.04%),B:2028.8(4.16%),P:1e-12	Tpos:197.9,Tstd:98.7,Bpos:168.4,Bstd:104.9,StrandBias:0.0,Multiplicity:1.08
0.001	0.001	0.001	0.997
0.051	0.001	0.848	0.100
0.997	0.001	0.001	0.001
0.051	0.239	0.709	0.001
0.001	0.001	0.001	0.997
0.061	0.937	0.001	0.001
0.997	0.001	0.001	0.001
0.114	0.039	0.035	0.812
>CATCGTAA	2-CATCGTAA	6.998126	-18.845852	0	T:17.0(16.35%),B:1384.7(2.84%),P:1e-8	Tpos:227.6,Tstd:164.2,Bpos:171.4,Bstd:106.5,StrandBias:0.2,Multiplicity:1.00
0.001	0.997	0.001	0.001
0.997	0.001	0.001	0.001
0.187	0.001	0.001	0.811
0.001	0.856	0.142	0.001
0.185	0.001	0.813	0.001
0.143	0.084	0.146	0.627
0.887	0.001	0.111	0.001
0.997	0.001	0.001	0.001
>CACCACAA	3-CACCACAA	7.435400	-16.824332	0	T:32.0(30.77%),B:5404.8(11.08%),P:1e-7	Tpos:248.8,Tstd:190.7,Bpos:171.9,Bstd:108.0,StrandBias:0.0,Multiplicity:1.25
0.063	0.817	0.080	0.040
0.980	0.018	0.001	0.001
0.001	0.961	0.014	0.024
0.001	0.997	0.001	0.001
0.764	0.210	0.001	0.025
0.066	0.790	0.143	0.001
0.891	0.038	0.070	0.001
0.813	0.026	0.160	0.001
>GTGCTTTG	4-GTGCTTTG	8.093806	-12.098995	0	T:14.0(13.46%),B:1545.0(3.17%),P:1e-5	Tpos:186.8,Tstd:80.7,Bpos:175.2,Bstd:103.0,StrandBias:0.4,Multiplicity:1.14
0.001	0.001	0.997	0.001
0.001	0.001	0.001	0.997
0.054	0.001	0.944	0.001
0.001	0.997	0.001	0.001
0.056	0.001	0.001	0.942
0.001	0.001	0.001	0.997
0.001	0.001	0.001	0.997
0.001	0.001	0.997	0.001
>GCGGAAGT	5-GCGGAAGT	6.508182	-8.125097	0	T:25.0(24.04%),B:5664.1(11.61%),P:1e-3	Tpos:204.2,Tstd:118.6,Bpos:171.2,Bstd:105.8,StrandBias:0.4,Multiplicity:1.32
0.081	0.116	0.708	0.095
0.092	0.668	0.164	0.076
0.076	0.001	0.918	0.005
0.001	0.297	0.701	0.001
0.960	0.001	0.038	0.001
0.997	0.001	0.001	0.001
0.001	0.235	0.763	0.001
0.048	0.125	0.038	0.789
