>VMCACTTCCTGT	1-VMCACTTCCTGT	8.549198	-554.885510	0	T:873.0(27.43%),B:3495.7(7.73%),P:1e-240	Tpos:277.4,Tstd:187.8,Bpos:234.1,Bstd:136.3,StrandBias:0.0,Multiplicity:1.19
0.329	0.234	0.272	0.165
0.255	0.358	0.195	0.191
0.183	0.442	0.182	0.192
0.682	0.066	0.138	0.114
0.001	0.815	0.009	0.175
0.240	0.001	0.001	0.758
0.004	0.011	0.013	0.972
0.001	0.971	0.014	0.014
0.001	0.997	0.001	0.001
0.001	0.001	0.007	0.991
0.033	0.228	0.587	0.152
0.127	0.238	0.087	0.548
>MKGATGTGGTTA	2-MKGATGTGGTTA	8.163662	-213.085591	0	T:546.0(17.15%),B:2950.0(6.52%),P:1e-92	Tpos:295.6,Tstd:229.3,Bpos:235.5,Bstd:138.3,StrandBias:-0.1,Multiplicity:1.12
0.370	0.272	0.158	0.200
0.178	0.001	0.411	0.410
0.008	0.114	0.662	0.216
0.478	0.315	0.096	0.110
0.076	0.001	0.001	0.922
0.016	0.019	0.918	0.047
0.047	0.001	0.020	0.932
0.001	0.001	0.972	0.026
0.001	0.020	0.941	0.038
0.001	0.187	0.210	0.602
0.069	0.131	0.001	0.799
0.585	0.048	0.113	0.254
>TGTGGTTTCCTG	3-TGTGGTTTCCTG	8.483931	-161.717934	0	T:437.0(13.73%),B:2411.2(5.33%),P:1e-70	Tpos:292.3,Tstd:194.6,Bpos:237.2,Bstd:138.2,StrandBias:0.0,Multiplicity:1.14
0.147	0.085	0.081	0.687
0.088	0.069	0.747	0.096
0.115	0.012	0.082	0.791
0.026	0.238	0.735	0.001
0.298	0.001	0.689	0.012
0.001	0.104	0.019	0.876
0.001	0.037	0.001	0.961
0.012	0.007	0.020	0.961
0.012	0.752	0.036	0.200
0.001	0.835	0.050	0.114
0.168	0.101	0.095	0.636
0.001	0.285	0.442	0.272
>AAACAGGAAGCA	4-AAACAGGAAGCA	10.244135	-122.967556	0	T:190.0(5.97%),B:696.1(1.54%),P:1e-53	Tpos:284.7,Tstd:189.6,Bpos:232.5,Bstd:149.7,StrandBias:0.4,Multiplicity:1.15
0.804	0.115	0.001	0.080
0.549	0.322	0.056	0.073
0.912	0.086	0.001	0.001
0.001	0.862	0.001	0.136
0.862	0.136	0.001	0.001
0.015	0.068	0.916	0.001
0.001	0.001	0.997	0.001
0.981	0.001	0.017	0.001
0.530	0.039	0.156	0.275
0.395	0.001	0.603	0.001
0.253	0.745	0.001	0.001
0.725	0.001	0.034	0.240
>ACAGGATGTGGC	5-ACAGGATGTGGC	7.434242	-107.479160	0	T:689.0(21.65%),B:5633.4(12.46%),P:1e-46	Tpos:273.7,Tstd:211.8,Bpos:233.9,Bstd:136.8,StrandBias:-0.1,Multiplicity:1.08
0.728	0.050	0.126	0.096
0.111	0.771	0.117	0.001
0.813	0.057	0.028	0.102
0.188	0.001	0.810	0.001
0.109	0.142	0.734	0.015
0.634	0.172	0.136	0.058
0.110	0.080	0.118	0.692
0.152	0.075	0.688	0.085
0.112	0.001	0.134	0.753
0.086	0.018	0.875	0.021
0.044	0.115	0.679	0.162
0.108	0.814	0.056	0.022
>RGGGCGGGGCTW	6-RGGGCGGGGCTW	6.802293	-104.640909	0	T:660.0(20.74%),B:5357.5(11.85%),P:1e-45	Tpos:301.8,Tstd:203.8,Bpos:240.8,Bstd:148.6,StrandBias:-0.0,Multiplicity:1.56
0.326	0.001	0.413	0.260
0.126	0.001	0.872	0.001
0.001	0.001	0.997	0.001
0.001	0.001	0.997	0.001
0.098	0.877	0.001	0.024
0.001	0.001	0.997	0.001
0.001	0.001	0.953	0.045
0.248	0.001	0.750	0.001
0.144	0.031	0.824	0.001
0.001	0.997	0.001	0.001
0.022	0.247	0.288	0.443
0.360	0.181	0.167	0.292
>ACTTCCGCTTTC	7-ACTTCCGCTTTC	7.516273	-100.299756	0	T:426.0(13.38%),B:2937.4(6.50%),P:1e-43	Tpos:293.1,Tstd:220.9,Bpos:234.7,Bstd:145.5,StrandBias:-0.1,Multiplicity:1.08
0.822	0.042	0.083	0.053
0.083	0.842	0.016	0.059
0.075	0.030	0.030	0.865
0.001	0.042	0.044	0.913
0.015	0.891	0.040	0.054
0.050	0.862	0.030	0.058
0.052	0.103	0.743	0.102
0.021	0.850	0.092	0.037
0.057	0.050	0.027	0.866
0.015	0.120	0.090	0.775
0.030	0.114	0.051	0.805
0.060	0.772	0.070	0.098
>GGGAAWTGTAGT	8-GGGAAWTGTAGT	11.168569	-98.283024	0	T:88.0(2.76%),B:182.2(0.40%),P:1e-42	Tpos:263.8,Tstd:167.3,Bpos:243.2,Bstd:148.6,StrandBias:-0.4,Multiplicity:1.24
0.001	0.001	0.997	0.001
0.001	0.001	0.997	0.001
0.053	0.106	0.840	0.001
0.586	0.308	0.053	0.053
0.641	0.054	0.221	0.084
0.304	0.073	0.201	0.422
0.001	0.138	0.001	0.860
0.001	0.001	0.997	0.001
0.121	0.143	0.028	0.708
0.946	0.001	0.001	0.052
0.001	0.052	0.946	0.001
0.001	0.001	0.001	0.997
>GCTTCCTTCCTG	9-GCTTCCTTCCTG	10.978258	-79.308937	0	T:164.0(5.15%),B:753.1(1.67%),P:1e-34	Tpos:274.5,Tstd:219.0,Bpos:231.4,Bstd:135.5,StrandBias:0.0,Multiplicity:1.04
0.107	0.080	0.568	0.245
0.001	0.517	0.230	0.252
0.065	0.168	0.001	0.766
0.001	0.001	0.001	0.997
0.001	0.997	0.001	0.001
0.001	0.997	0.001	0.001
0.001	0.001	0.001	0.997
0.001	0.001	0.227	0.771
0.044	0.927	0.001	0.028
0.026	0.972	0.001	0.001
0.064	0.247	0.108	0.581
0.001	0.311	0.687	0.001
>CTGTGGTTTGAC	10-CTGTGGTTTGAC	9.322902	-76.316091	0	T:159.0(5.00%),B:734.5(1.62%),P:1e-33	Tpos:277.4,Tstd:175.6,Bpos:221.5,Bstd:148.4,StrandBias:-0.2,Multiplicity:1.03
0.037	0.825	0.001	0.137
0.059	0.001	0.073	0.867
0.001	0.078	0.813	0.108
0.007	0.032	0.050	0.911
0.054	0.001	0.944	0.001
0.030	0.060	0.884	0.026
0.045	0.028	0.065	0.862
0.001	0.071	0.065	0.863
0.146	0.050	0.060	0.744
0.083	0.082	0.781	0.054
0.824	0.051	0.037	0.088
0.130	0.682	0.111	0.077
>TTCCTATTGGCT	11-TTCCTATTGGCT	11.024753	-63.243667	0	T:77.0(2.42%),B:228.8(0.51%),P:1e-27	Tpos:313.9,Tstd:285.7,Bpos:241.8,Bstd:141.4,StrandBias:-0.3,Multiplicity:1.06
0.001	0.345	0.001	0.653
0.100	0.023	0.001	0.876
0.001	0.860	0.138	0.001
0.001	0.857	0.001	0.141
0.050	0.117	0.292	0.541
0.701	0.064	0.234	0.001
0.001	0.001	0.001	0.997
0.001	0.001	0.187	0.811
0.001	0.001	0.997	0.001
0.001	0.001	0.997	0.001
0.001	0.624	0.001	0.374
0.001	0.001	0.001	0.997
>TYTGATTGGCYA	12-TYTGATTGGCYA	9.414321	-60.526080	0	T:131.0(4.12%),B:622.8(1.38%),P:1e-26	Tpos:283.1,Tstd:202.8,Bpos:242.3,Bstd:149.0,StrandBias:0.5,Multiplicity:1.12
0.001	0.227	0.233	0.539
0.044	0.446	0.152	0.358
0.001	0.001	0.001	0.997
0.082	0.145	0.670	0.103
0.904	0.001	0.052	0.043
0.053	0.001	0.106	0.840
0.001	0.001	0.064	0.934
0.001	0.001	0.954	0.044
0.001	0.001	0.997	0.001
0.116	0.538	0.038	0.308
0.001	0.411	0.193	0.395
0.782	0.141	0.001	0.076
>CCTCCCCCCACC	13-CCTCCCCCCACC	7.149880	-43.900544	0	T:896.0(28.15%),B:9655.4(21.35%),P:1e-19	Tpos:298.5,Tstd:243.1,Bpos:236.2,Bstd:136.4,StrandBias:-0.2,Multiplicity:1.37
0.079	0.746	0.082	0.093
0.088	0.777	0.059	0.076
0.096	0.095	0.090	0.719
0.061	0.774	0.080	0.085
0.104	0.766	0.047	0.083
0.087	0.755	0.057	0.101
0.103	0.738	0.067	0.092
0.080	0.746	0.070	0.104
0.084	0.787	0.059	0.070
0.680	0.121	0.085	0.114
0.077	0.773	0.079	0.071
0.105	0.739	0.069	0.087
>GTGACGTCASMG	14-GTGACGTCASMG	9.721044	-42.896037	0	T:124.0(3.90%),B:705.9(1.56%),P:1e-18	Tpos:287.6,Tstd:186.7,Bpos:235.1,Bstd:149.0,StrandBias:0.2,Multiplicity:1.03
0.209	0.252	0.538	0.001
0.001	0.055	0.037	0.907
0.027	0.001	0.971	0.001
0.997	0.001	0.001	0.001
0.001	0.997	0.001	0.001
0.271	0.028	0.563	0.138
0.001	0.001	0.001	0.997
0.027	0.945	0.027	0.001
0.878	0.001	0.027	0.094
0.001	0.399	0.402	0.199
0.274	0.420	0.114	0.192
0.244	0.214	0.435	0.107
>CTCCCCCCACCC	15-CTCCCCCCACCC	9.631598	-37.819355	0	T:291.0(9.14%),B:2472.6(5.47%),P:1e-16	Tpos:315.9,Tstd:239.1,Bpos:235.2,Bstd:143.5,StrandBias:-0.0,Multiplicity:1.02
0.046	0.858	0.063	0.033
0.040	0.004	0.087	0.869
0.085	0.731	0.107	0.077
0.136	0.753	0.001	0.110
0.101	0.795	0.032	0.072
0.085	0.772	0.085	0.058
0.092	0.809	0.020	0.079
0.003	0.891	0.051	0.055
0.835	0.008	0.115	0.042
0.057	0.880	0.062	0.001
0.084	0.810	0.013	0.093
0.001	0.997	0.001	0.001
>TCAGATGTCAGG	16-TCAGATGTCAGG	16.433942	-31.905516	0	T:8.0(0.25%),B:0.6(0.00%),P:1e-13	Tpos:268.1,Tstd:188.0,Bpos:12.0,Bstd:0.0,StrandBias:2.8,Multiplicity:1.00
0.001	0.001	0.001	0.997
0.001	0.997	0.001	0.001
0.997	0.001	0.001	0.001
0.001	0.001	0.997	0.001
0.997	0.001	0.001	0.001
0.001	0.001	0.001	0.997
0.001	0.061	0.937	0.001
0.001	0.001	0.001	0.997
0.001	0.997	0.001	0.001
0.997	0.001	0.001	0.001
0.001	0.001	0.997	0.001
0.099	0.001	0.899	0.001
>TCCAATCCACTC	17-TCCAATCCACTC	16.462070	-27.169196	0	T:7.0(0.22%),B:0.9(0.00%),P:1e-11	Tpos:319.9,Tstd:64.8,Bpos:166.0,Bstd:0.0,StrandBias:10.0,Multiplicity:1.00
0.001	0.001	0.001	0.997
0.001	0.997	0.001	0.001
0.001	0.997	0.001	0.001
0.997	0.001	0.001	0.001
0.997	0.001	0.001	0.001
0.001	0.129	0.001	0.869
0.001	0.997	0.001	0.001
0.001	0.997	0.001	0.001
0.997	0.001	0.001	0.001
0.001	0.997	0.001	0.001
0.001	0.001	0.001	0.997
0.001	0.997	0.001	0.001
>GATCTGCCAGTG	18-GATCTGCCAGTG	12.095379	-20.829038	0	T:19.0(0.60%),B:44.3(0.10%),P:1e-9	Tpos:216.2,Tstd:149.0,Bpos:247.8,Bstd:143.2,StrandBias:0.7,Multiplicity:1.26
0.124	0.001	0.874	0.001
0.874	0.001	0.124	0.001
0.005	0.125	0.033	0.837
0.125	0.749	0.001	0.125
0.001	0.001	0.001	0.997
0.124	0.001	0.874	0.001
0.001	0.738	0.001	0.260
0.001	0.997	0.001	0.001
0.997	0.001	0.001	0.001
0.124	0.001	0.874	0.001
0.001	0.001	0.077	0.921
0.001	0.290	0.708	0.001
>AGTGTGTTATGT	19-AGTGTGTTATGT	-1.824801	-16.270437	0	T:635.0(19.95%),B:7422.9(16.41%),P:1e-7	Tpos:288.6,Tstd:236.2,Bpos:233.8,Bstd:142.0,StrandBias:-0.1,Multiplicity:1.21
0.997	0.001	0.001	0.001
0.001	0.001	0.997	0.001
0.001	0.001	0.001	0.997
0.030	0.001	0.968	0.001
0.001	0.001	0.001	0.997
0.001	0.001	0.968	0.030
0.001	0.001	0.001	0.997
0.001	0.001	0.001	0.997
0.997	0.001	0.001	0.001
0.001	0.001	0.001	0.997
0.001	0.338	0.631	0.030
0.001	0.001	0.001	0.997
>AGTGTGTCACAG	20-AGTGTGTCACAG	14.158938	-14.933104	0	T:7.0(0.22%),B:6.1(0.01%),P:1e-6	Tpos:362.9,Tstd:213.3,Bpos:262.0,Bstd:138.2,StrandBias:-0.8,Multiplicity:1.57
0.997	0.001	0.001	0.001
0.001	0.001	0.997	0.001
0.001	0.001	0.001	0.997
0.001	0.001	0.902	0.096
0.001	0.001	0.001	0.997
0.001	0.001	0.997	0.001
0.001	0.001	0.001	0.997
0.001	0.997	0.001	0.001
0.997	0.001	0.001	0.001
0.096	0.902	0.001	0.001
0.997	0.001	0.001	0.001
0.001	0.001	0.997	0.001
>AGGCAGGGGGAT	21-AGGCAGGGGGAT	13.864783	-12.709245	0	T:8.0(0.25%),B:12.3(0.03%),P:1e-5	Tpos:269.0,Tstd:149.9,Bpos:243.2,Bstd:147.9,StrandBias:-0.2,Multiplicity:1.88
0.997	0.001	0.001	0.001
0.084	0.001	0.914	0.001
0.084	0.001	0.914	0.001
0.001	0.997	0.001	0.001
0.914	0.084	0.001	0.001
0.001	0.001	0.997	0.001
0.001	0.001	0.997	0.001
0.001	0.001	0.997	0.001
0.001	0.001	0.997	0.001
0.001	0.001	0.997	0.001
0.997	0.001	0.001	0.001
0.084	0.001	0.001	0.914
>ACATCCTGCCTA	22-ACATCCTGCCTA	14.310631	-11.361214	0	T:5.0(0.16%),B:4.1(0.01%),P:1e-4	Tpos:174.6,Tstd:96.9,Bpos:288.4,Bstd:130.4,StrandBias:1.2,Multiplicity:2.50
0.997	0.001	0.001	0.001
0.001	0.997	0.001	0.001
0.997	0.001	0.001	0.001
0.001	0.001	0.001	0.997
0.001	0.997	0.001	0.001
0.001	0.997	0.001	0.001
0.001	0.001	0.001	0.997
0.001	0.001	0.997	0.001
0.001	0.884	0.114	0.001
0.001	0.997	0.001	0.001
0.114	0.001	0.001	0.884
0.997	0.001	0.001	0.001
>TTCTCTATGATA	23-TTCTCTATGATA	12.355432	-9.806498	0	T:3.0(0.09%),B:1.7(0.00%),P:1e-4	Tpos:196.6,Tstd:96.1,Bpos:336.0,Bstd:0.0,StrandBias:1.6,Multiplicity:2.67
0.100	0.100	0.100	0.700
0.100	0.100	0.100	0.700
0.100	0.700	0.100	0.100
0.100	0.100	0.100	0.700
0.100	0.700	0.100	0.100
0.100	0.100	0.100	0.700
0.700	0.100	0.100	0.100
0.100	0.100	0.100	0.700
0.100	0.100	0.700	0.100
0.700	0.100	0.100	0.100
0.100	0.100	0.100	0.700
0.700	0.100	0.100	0.100
>AGTGATCATAGG	24-AGTGATCATAGG	11.502946	-7.779519	0	T:3.0(0.09%),B:2.9(0.01%),P:1e-3	Tpos:170.5,Tstd:109.0,Bpos:127.2,Bstd:49.5,StrandBias:3.3,Multiplicity:3.67
0.755	0.055	0.101	0.089
0.102	0.081	0.736	0.081
0.106	0.042	0.098	0.754
0.094	0.078	0.769	0.059
0.761	0.085	0.065	0.089
0.077	0.055	0.102	0.766
0.085	0.719	0.098	0.098
0.783	0.072	0.051	0.094
0.106	0.129	0.078	0.687
0.798	0.038	0.075	0.089
0.081	0.043	0.753	0.123
0.094	0.110	0.720	0.076
>GGGGACCTCACT	25-GGGGACCTCACT	12.355432	-6.047651	0	T:2.0(0.06%),B:0.0(0.00%),P:1e-2	Tpos:141.1,Tstd:74.2,Bpos:0.0,Bstd:0.0,StrandBias:10.0,Multiplicity:11.00
0.100	0.100	0.700	0.100
0.100	0.100	0.700	0.100
0.100	0.100	0.700	0.100
0.100	0.100	0.700	0.100
0.700	0.100	0.100	0.100
0.100	0.700	0.100	0.100
0.100	0.700	0.100	0.100
0.100	0.100	0.100	0.700
0.100	0.700	0.100	0.100
0.700	0.100	0.100	0.100
0.100	0.700	0.100	0.100
0.100	0.100	0.100	0.700
