>BAYTTCCKGT	1-BAYTTCCKGT	7.113983	-622.591180	0	T:1264.0(39.71%),B:6449.4(14.26%),P:1e-270	Tpos:277.0,Tstd:179.9,Bpos:236.1,Bstd:143.4,StrandBias:0.0,Multiplicity:1.34
0.158	0.338	0.290	0.214
0.497	0.078	0.309	0.116
0.001	0.529	0.048	0.422
0.324	0.001	0.023	0.652
0.031	0.001	0.001	0.967
0.009	0.967	0.001	0.023
0.001	0.955	0.043	0.001
0.001	0.113	0.478	0.408
0.027	0.256	0.542	0.175
0.219	0.249	0.085	0.447
>ACTTCCTBYY	2-ACTTCCTBYY	7.359155	-277.168505	0	T:1481.0(46.53%),B:12248.9(27.09%),P:1e-120	Tpos:283.3,Tstd:215.0,Bpos:236.2,Bstd:139.4,StrandBias:-0.1,Multiplicity:1.28
0.560	0.169	0.194	0.077
0.001	0.806	0.074	0.119
0.122	0.001	0.001	0.876
0.001	0.001	0.001	0.997
0.001	0.904	0.001	0.094
0.001	0.997	0.001	0.001
0.001	0.125	0.098	0.776
0.075	0.309	0.370	0.246
0.051	0.369	0.066	0.514
0.173	0.394	0.001	0.433
>NRAAACCACA	3-NRAAACCACA	7.453918	-274.319823	0	T:910.0(28.59%),B:5855.7(12.95%),P:1e-119	Tpos:293.0,Tstd:219.2,Bpos:234.0,Bstd:141.1,StrandBias:0.1,Multiplicity:1.25
0.298	0.287	0.152	0.264
0.235	0.206	0.376	0.183
0.626	0.130	0.074	0.170
0.814	0.006	0.150	0.030
0.757	0.111	0.131	0.001
0.001	0.997	0.001	0.001
0.053	0.923	0.013	0.011
0.789	0.024	0.130	0.057
0.036	0.920	0.009	0.035
0.846	0.118	0.001	0.035
>CGGATGTGGT	4-CGGATGTGGT	7.553086	-263.734695	0	T:445.0(13.98%),B:1788.6(3.96%),P:1e-114	Tpos:283.2,Tstd:190.8,Bpos:232.4,Bstd:143.8,StrandBias:0.1,Multiplicity:1.02
0.179	0.798	0.001	0.022
0.001	0.001	0.997	0.001
0.028	0.001	0.970	0.001
0.915	0.001	0.046	0.038
0.213	0.033	0.001	0.753
0.154	0.053	0.759	0.034
0.011	0.001	0.001	0.987
0.001	0.102	0.671	0.226
0.024	0.001	0.974	0.001
0.001	0.001	0.340	0.658
>DCYCCGCCCY	5-DCYCCGCCCY	6.718068	-94.017130	0	T:773.0(24.29%),B:6841.7(15.13%),P:1e-40	Tpos:300.4,Tstd:212.4,Bpos:237.7,Bstd:153.5,StrandBias:-0.1,Multiplicity:1.76
0.211	0.201	0.359	0.229
0.196	0.449	0.099	0.256
0.108	0.432	0.056	0.404
0.310	0.646	0.032	0.012
0.077	0.759	0.029	0.135
0.219	0.008	0.566	0.207
0.061	0.741	0.055	0.143
0.003	0.906	0.001	0.090
0.010	0.585	0.001	0.404
0.226	0.361	0.024	0.389
>TGACGNNABH	6-TGACGNNABH	5.462282	-84.623112	0	T:789.0(24.79%),B:7224.9(15.98%),P:1e-36	Tpos:288.4,Tstd:211.4,Bpos:234.7,Bstd:150.8,StrandBias:0.0,Multiplicity:1.23
0.001	0.001	0.001	0.997
0.211	0.184	0.411	0.194
0.997	0.001	0.001	0.001
0.001	0.748	0.018	0.233
0.140	0.027	0.832	0.001
0.215	0.247	0.219	0.319
0.258	0.275	0.203	0.264
0.477	0.001	0.242	0.280
0.170	0.337	0.211	0.282
0.251	0.257	0.171	0.321
>TTCCGCTTTC	7-TTCCGCTTTC	6.805191	-82.916681	0	T:565.0(17.75%),B:4672.0(10.33%),P:1e-36	Tpos:296.9,Tstd:233.3,Bpos:233.1,Bstd:145.3,StrandBias:-0.1,Multiplicity:1.12
0.116	0.055	0.030	0.799
0.068	0.018	0.048	0.866
0.019	0.835	0.059	0.087
0.050	0.825	0.086	0.039
0.046	0.039	0.820	0.095
0.059	0.795	0.078	0.068
0.104	0.077	0.074	0.745
0.051	0.094	0.121	0.734
0.065	0.055	0.044	0.836
0.087	0.754	0.096	0.063
>VAGGAAACCG	8-VAGGAAACCG	6.055726	-81.070389	0	T:303.0(9.52%),B:1960.5(4.34%),P:1e-35	Tpos:293.0,Tstd:224.5,Bpos:235.2,Bstd:146.8,StrandBias:-0.1,Multiplicity:1.04
0.277	0.233	0.340	0.149
0.500	0.272	0.136	0.093
0.132	0.151	0.561	0.156
0.132	0.185	0.577	0.106
0.544	0.166	0.130	0.160
0.759	0.041	0.107	0.093
0.668	0.128	0.096	0.108
0.203	0.512	0.182	0.103
0.137	0.563	0.170	0.130
0.135	0.177	0.469	0.219
>YRRCCAATCR	9-YRRCCAATCR	8.053814	-80.620679	0	T:254.0(7.98%),B:1507.6(3.33%),P:1e-35	Tpos:291.3,Tstd:186.7,Bpos:235.2,Bstd:147.5,StrandBias:0.0,Multiplicity:1.32
0.010	0.440	0.163	0.387
0.424	0.155	0.408	0.013
0.305	0.066	0.447	0.182
0.001	0.905	0.031	0.063
0.001	0.907	0.091	0.001
0.970	0.001	0.028	0.001
0.997	0.001	0.001	0.001
0.001	0.037	0.028	0.934
0.111	0.585	0.243	0.061
0.341	0.195	0.378	0.086
>ACATCAAAGG	10-ACATCAAAGG	7.325067	-72.351028	0	T:642.0(20.17%),B:5754.1(12.72%),P:1e-31	Tpos:266.5,Tstd:208.3,Bpos:233.5,Bstd:139.9,StrandBias:-0.1,Multiplicity:1.16
0.731	0.041	0.059	0.169
0.044	0.727	0.213	0.016
0.576	0.123	0.001	0.300
0.126	0.012	0.044	0.818
0.001	0.765	0.136	0.098
0.921	0.001	0.027	0.051
0.756	0.009	0.223	0.012
0.956	0.037	0.006	0.001
0.175	0.069	0.747	0.009
0.169	0.269	0.555	0.007
>GAATTGTAGT	11-GAATTGTAGT	10.337307	-67.518858	0	T:88.0(2.76%),B:278.2(0.62%),P:1e-29	Tpos:300.6,Tstd:224.1,Bpos:230.1,Bstd:143.2,StrandBias:-0.1,Multiplicity:1.09
0.001	0.024	0.974	0.001
0.814	0.170	0.001	0.015
0.619	0.001	0.359	0.021
0.307	0.133	0.032	0.528
0.001	0.029	0.001	0.969
0.001	0.001	0.997	0.001
0.001	0.001	0.001	0.997
0.977	0.001	0.001	0.021
0.001	0.001	0.997	0.001
0.001	0.001	0.001	0.997
>AAACMGCGCA	12-AAACMGCGCA	5.388265	-63.786148	0	T:1205.0(37.86%),B:13015.8(28.78%),P:1e-27	Tpos:295.8,Tstd:242.1,Bpos:235.5,Bstd:151.8,StrandBias:0.0,Multiplicity:1.30
0.804	0.092	0.073	0.031
0.861	0.062	0.056	0.021
0.823	0.124	0.029	0.024
0.225	0.527	0.168	0.080
0.347	0.492	0.089	0.072
0.126	0.064	0.796	0.014
0.056	0.916	0.001	0.027
0.182	0.100	0.652	0.066
0.086	0.652	0.099	0.163
0.482	0.196	0.075	0.247
>CYCCCCCCHC	13-CYCCCCCCHC	7.494599	-51.834852	0	T:947.0(29.75%),B:10045.1(22.21%),P:1e-22	Tpos:311.8,Tstd:241.4,Bpos:234.3,Bstd:136.7,StrandBias:-0.1,Multiplicity:1.34
0.053	0.821	0.050	0.076
0.152	0.496	0.003	0.349
0.066	0.867	0.002	0.065
0.113	0.809	0.035	0.043
0.049	0.587	0.080	0.284
0.065	0.781	0.051	0.103
0.029	0.894	0.008	0.069
0.099	0.661	0.028	0.212
0.328	0.336	0.086	0.250
0.013	0.902	0.031	0.054
>RCCGDAAASA	14-RCCGDAAASA	7.226213	-50.644383	0	T:273.0(8.58%),B:2057.7(4.55%),P:1e-21	Tpos:290.8,Tstd:221.1,Bpos:235.0,Bstd:157.9,StrandBias:0.1,Multiplicity:1.05
0.427	0.259	0.313	0.001
0.008	0.838	0.120	0.034
0.001	0.719	0.279	0.001
0.001	0.001	0.997	0.001
0.326	0.001	0.378	0.294
0.936	0.001	0.062	0.001
0.915	0.001	0.001	0.083
0.764	0.001	0.196	0.039
0.149	0.392	0.458	0.001
0.681	0.122	0.176	0.021
>CGCWTGCGTA	15-CGCWTGCGTA	5.648432	-39.855356	0	T:363.0(11.40%),B:3239.2(7.16%),P:1e-17	Tpos:287.4,Tstd:199.9,Bpos:234.8,Bstd:160.3,StrandBias:-0.0,Multiplicity:1.15
0.229	0.507	0.239	0.025
0.184	0.076	0.586	0.154
0.001	0.695	0.303	0.001
0.410	0.209	0.105	0.276
0.188	0.080	0.240	0.492
0.276	0.177	0.447	0.100
0.032	0.880	0.001	0.087
0.080	0.182	0.558	0.180
0.107	0.270	0.160	0.463
0.652	0.182	0.150	0.016
>AGCTCTGTTA	16-AGCTCTGTTA	7.208701	-31.252429	0	T:389.0(12.22%),B:3752.5(8.30%),P:1e-13	Tpos:291.1,Tstd:227.3,Bpos:234.9,Bstd:138.7,StrandBias:0.2,Multiplicity:1.07
0.867	0.058	0.034	0.041
0.080	0.050	0.757	0.113
0.052	0.833	0.012	0.103
0.075	0.084	0.018	0.823
0.073	0.817	0.048	0.062
0.042	0.060	0.064	0.834
0.031	0.059	0.781	0.129
0.061	0.094	0.086	0.759
0.076	0.094	0.064	0.766
0.773	0.072	0.088	0.067
>KCTGACGTCA	17-KCTGACGTCA	8.749701	-27.325599	0	T:277.0(8.70%),B:2542.4(5.62%),P:1e-11	Tpos:278.4,Tstd:199.1,Bpos:235.2,Bstd:138.2,StrandBias:-0.1,Multiplicity:1.03
0.083	0.105	0.429	0.383
0.001	0.997	0.001	0.001
0.001	0.001	0.001	0.997
0.001	0.001	0.997	0.001
0.963	0.024	0.012	0.001
0.124	0.541	0.246	0.089
0.290	0.032	0.530	0.148
0.001	0.001	0.001	0.997
0.001	0.997	0.001	0.001
0.555	0.059	0.001	0.385
>CTCGCGAGAT	18-CTCGCGAGAT	8.932414	-22.159497	0	T:38.0(1.19%),B:159.7(0.35%),P:1e-9	Tpos:247.1,Tstd:141.5,Bpos:221.4,Bstd:181.6,StrandBias:0.2,Multiplicity:1.11
0.078	0.755	0.103	0.064
0.102	0.001	0.033	0.864
0.064	0.911	0.024	0.001
0.001	0.001	0.957	0.041
0.001	0.997	0.001	0.001
0.001	0.001	0.997	0.001
0.997	0.001	0.001	0.001
0.001	0.001	0.921	0.077
0.935	0.001	0.063	0.001
0.178	0.059	0.032	0.731
>TTACACGTAG	19-TTACACGTAG	11.054984	-21.346745	0	T:13.0(0.41%),B:17.2(0.04%),P:1e-9	Tpos:183.2,Tstd:122.9,Bpos:267.5,Bstd:89.6,StrandBias:-0.2,Multiplicity:1.00
0.001	0.108	0.001	0.890
0.075	0.001	0.001	0.923
0.923	0.075	0.001	0.001
0.001	0.997	0.001	0.001
0.997	0.001	0.001	0.001
0.001	0.997	0.001	0.001
0.001	0.001	0.997	0.001
0.001	0.001	0.001	0.997
0.997	0.001	0.001	0.001
0.001	0.001	0.997	0.001
>GTACGCAACT	20-GTACGCAACT	10.310277	-17.038021	0	T:20.0(0.63%),B:62.9(0.14%),P:1e-7	Tpos:221.1,Tstd:157.6,Bpos:271.9,Bstd:134.0,StrandBias:0.0,Multiplicity:1.00
0.001	0.001	0.997	0.001
0.001	0.042	0.001	0.956
0.763	0.001	0.118	0.118
0.202	0.796	0.001	0.001
0.017	0.103	0.808	0.072
0.118	0.763	0.001	0.118
0.997	0.001	0.001	0.001
0.909	0.001	0.089	0.001
0.001	0.997	0.001	0.001
0.001	0.001	0.001	0.997
>AGTGTGTTAT	21-AGTGTGTTAT	-0.062431	-13.486251	0	T:990.0(31.10%),B:12362.7(27.34%),P:1e-5	Tpos:288.3,Tstd:229.6,Bpos:235.3,Bstd:143.2,StrandBias:0.0,Multiplicity:1.29
0.997	0.001	0.001	0.001
0.001	0.001	0.997	0.001
0.083	0.001	0.001	0.915
0.001	0.001	0.997	0.001
0.001	0.001	0.001	0.997
0.001	0.001	0.997	0.001
0.001	0.001	0.001	0.997
0.001	0.001	0.001	0.997
0.997	0.001	0.001	0.001
0.001	0.001	0.001	0.997
>TKCGGTGAGG	22-TKCGGTGAGG	9.676290	-13.483703	0	T:57.0(1.79%),B:404.7(0.89%),P:1e-5	Tpos:242.0,Tstd:233.3,Bpos:232.6,Bstd:146.9,StrandBias:-0.4,Multiplicity:1.26
0.124	0.096	0.001	0.779
0.001	0.001	0.551	0.447
0.001	0.927	0.001	0.071
0.225	0.053	0.721	0.001
0.001	0.001	0.997	0.001
0.068	0.131	0.001	0.800
0.017	0.001	0.768	0.214
0.997	0.001	0.001	0.001
0.001	0.001	0.997	0.001
0.087	0.123	0.789	0.001
>TCCGTTGGCC	23-TCCGTTGGCC	10.296193	-11.361214	0	T:5.0(0.16%),B:4.4(0.01%),P:1e-4	Tpos:139.8,Tstd:95.0,Bpos:177.4,Bstd:159.3,StrandBias:-0.6,Multiplicity:1.00
0.100	0.100	0.100	0.700
0.100	0.700	0.100	0.100
0.100	0.700	0.100	0.100
0.100	0.100	0.700	0.100
0.100	0.100	0.100	0.700
0.100	0.100	0.100	0.700
0.100	0.100	0.700	0.100
0.100	0.100	0.700	0.100
0.100	0.700	0.100	0.100
0.100	0.700	0.100	0.100
>GTATCTATAG	24-GTATCTATAG	10.296193	-3.586436	0	T:4.0(0.13%),B:16.8(0.04%),P:1e-1	Tpos:358.5,Tstd:200.5,Bpos:269.3,Bstd:166.1,StrandBias:10.0,Multiplicity:3.25
0.100	0.100	0.700	0.100
0.100	0.100	0.100	0.700
0.700	0.100	0.100	0.100
0.100	0.100	0.100	0.700
0.100	0.700	0.100	0.100
0.100	0.100	0.100	0.700
0.700	0.100	0.100	0.100
0.100	0.100	0.100	0.700
0.700	0.100	0.100	0.100
0.100	0.100	0.700	0.100
>AGTGATCATA	25-AGTGATCATA	11.562876	-2.548219	0	T:5.0(0.16%),B:32.8(0.07%),P:1e-1	Tpos:143.2,Tstd:78.5,Bpos:190.9,Bstd:131.8,StrandBias:3.6,Multiplicity:3.25
0.997	0.001	0.001	0.001
0.001	0.001	0.997	0.001
0.001	0.001	0.001	0.997
0.001	0.001	0.997	0.001
0.997	0.001	0.001	0.001
0.001	0.001	0.001	0.997
0.001	0.997	0.001	0.001
0.895	0.001	0.001	0.103
0.001	0.001	0.001	0.997
0.997	0.001	0.001	0.001
