>TCGGTGTACC	1-TCGGTGTACC	8.955212	-27.851156	0	T:7.0(2.85%),B:13.2(0.03%),P:1e-12	Tpos:303.3,Tstd:71.3,Bpos:159.8,Bstd:131.8,StrandBias:10.0,Multiplicity:1.00
0.001	0.087	0.001	0.911
0.001	0.997	0.001	0.001
0.001	0.001	0.997	0.001
0.001	0.001	0.997	0.001
0.001	0.001	0.001	0.997
0.001	0.001	0.997	0.001
0.001	0.001	0.001	0.997
0.997	0.001	0.001	0.001
0.087	0.911	0.001	0.001
0.001	0.997	0.001	0.001
>GGTTTTCGCR	2-GGTTTTCGCR	11.414890	-27.749038	0	T:6.0(2.44%),B:6.9(0.01%),P:1e-12	Tpos:214.3,Tstd:146.1,Bpos:254.6,Bstd:131.3,StrandBias:1.0,Multiplicity:1.00
0.001	0.001	0.997	0.001
0.001	0.001	0.997	0.001
0.241	0.001	0.001	0.757
0.001	0.001	0.241	0.757
0.001	0.001	0.001	0.997
0.001	0.001	0.001	0.997
0.001	0.997	0.001	0.001
0.001	0.001	0.997	0.001
0.001	0.997	0.001	0.001
0.484	0.001	0.514	0.001
>TAAGTGCGAA	3-TAAGTGCGAA	12.366226	-25.875827	0	T:5.0(2.03%),B:3.3(0.01%),P:1e-11	Tpos:73.8,Tstd:119.6,Bpos:212.2,Bstd:69.0,StrandBias:2.0,Multiplicity:1.00
0.001	0.001	0.001	0.997
0.768	0.001	0.230	0.001
0.997	0.001	0.001	0.001
0.001	0.001	0.997	0.001
0.001	0.001	0.001	0.997
0.001	0.001	0.997	0.001
0.001	0.997	0.001	0.001
0.001	0.001	0.997	0.001
0.997	0.001	0.001	0.001
0.997	0.001	0.001	0.001
>TTAGATTMCA	4-TTAGATTMCA	8.344221	-24.726542	0	T:35.0(14.23%),B:1858.8(3.75%),P:1e-10	Tpos:333.7,Tstd:374.3,Bpos:215.8,Bstd:121.0,StrandBias:0.7,Multiplicity:1.11
0.001	0.001	0.327	0.671
0.001	0.062	0.056	0.881
0.937	0.001	0.061	0.001
0.001	0.058	0.940	0.001
0.797	0.201	0.001	0.001
0.195	0.003	0.059	0.743
0.062	0.001	0.209	0.728
0.507	0.391	0.001	0.101
0.075	0.871	0.001	0.053
0.665	0.333	0.001	0.001
>CACGGCATAC	5-CACGGCATAC	10.296193	-24.429140	0	T:4.0(1.63%),B:1.1(0.00%),P:1e-10	Tpos:47.0,Tstd:0.0,Bpos:37.0,Bstd:0.0,StrandBias:10.0,Multiplicity:1.00
0.100	0.700	0.100	0.100
0.700	0.100	0.100	0.100
0.100	0.700	0.100	0.100
0.100	0.100	0.700	0.100
0.100	0.100	0.700	0.100
0.100	0.700	0.100	0.100
0.700	0.100	0.100	0.100
0.100	0.100	0.100	0.700
0.700	0.100	0.100	0.100
0.100	0.700	0.100	0.100
>GYCCCAYACG	6-GYCCCAYACG	8.836203	-22.165963	0	T:9.0(3.66%),B:75.8(0.15%),P:1e-9	Tpos:150.9,Tstd:124.5,Bpos:235.7,Bstd:120.6,StrandBias:-0.3,Multiplicity:1.00
0.241	0.001	0.688	0.070
0.012	0.392	0.229	0.367
0.001	0.619	0.379	0.001
0.177	0.688	0.001	0.134
0.001	0.865	0.001	0.133
0.989	0.009	0.001	0.001
0.092	0.380	0.151	0.377
0.581	0.134	0.151	0.134
0.001	0.997	0.001	0.001
0.001	0.150	0.848	0.001
>CAAAGTCGCA	7-CAAAGTCGCA	10.296193	-21.660456	0	T:4.0(1.63%),B:3.0(0.01%),P:1e-9	Tpos:151.0,Tstd:0.0,Bpos:398.6,Bstd:32.8,StrandBias:10.0,Multiplicity:1.00
0.100	0.700	0.100	0.100
0.700	0.100	0.100	0.100
0.700	0.100	0.100	0.100
0.700	0.100	0.100	0.100
0.100	0.100	0.700	0.100
0.100	0.100	0.100	0.700
0.100	0.700	0.100	0.100
0.100	0.100	0.700	0.100
0.100	0.700	0.100	0.100
0.700	0.100	0.100	0.100
>CCGCCTCACT	8-CCGCCTCACT	10.296193	-21.655538	0	T:5.0(2.03%),B:7.6(0.02%),P:1e-9	Tpos:282.8,Tstd:223.6,Bpos:225.4,Bstd:116.2,StrandBias:-2.0,Multiplicity:1.00
0.100	0.700	0.100	0.100
0.100	0.700	0.100	0.100
0.100	0.100	0.700	0.100
0.100	0.700	0.100	0.100
0.100	0.700	0.100	0.100
0.100	0.100	0.100	0.700
0.100	0.700	0.100	0.100
0.700	0.100	0.100	0.100
0.100	0.700	0.100	0.100
0.100	0.100	0.100	0.700
>CCCAGATTCT	9-CCCAGATTCT	8.519065	-20.436030	0	T:31.0(12.60%),B:1755.7(3.54%),P:1e-8	Tpos:313.2,Tstd:338.8,Bpos:219.7,Bstd:124.5,StrandBias:1.2,Multiplicity:1.16
0.045	0.661	0.050	0.244
0.334	0.565	0.100	0.001
0.097	0.650	0.252	0.001
0.991	0.005	0.002	0.002
0.177	0.002	0.712	0.109
0.830	0.002	0.108	0.060
0.003	0.001	0.002	0.994
0.002	0.001	0.365	0.632
0.090	0.757	0.152	0.001
0.104	0.094	0.001	0.801
>CGGGGTCCAC	10-CGGGGTCCAC	10.296193	-20.042501	0	T:4.0(1.63%),B:3.9(0.01%),P:1e-8	Tpos:241.0,Tstd:0.0,Bpos:203.9,Bstd:100.1,StrandBias:10.0,Multiplicity:1.00
0.100	0.700	0.100	0.100
0.100	0.100	0.700	0.100
0.100	0.100	0.700	0.100
0.100	0.100	0.700	0.100
0.100	0.100	0.700	0.100
0.100	0.100	0.100	0.700
0.100	0.700	0.100	0.100
0.100	0.700	0.100	0.100
0.700	0.100	0.100	0.100
0.100	0.700	0.100	0.100
>CCCTCCGGAG	11-CCCTCCGGAG	13.514318	-20.042501	0	T:4.0(1.63%),B:3.8(0.01%),P:1e-8	Tpos:379.0,Tstd:0.0,Bpos:310.1,Bstd:80.3,StrandBias:10.0,Multiplicity:1.00
0.001	0.997	0.001	0.001
0.001	0.997	0.001	0.001
0.001	0.997	0.001	0.001
0.001	0.001	0.001	0.997
0.001	0.997	0.001	0.001
0.001	0.725	0.001	0.273
0.001	0.001	0.997	0.001
0.001	0.001	0.997	0.001
0.997	0.001	0.001	0.001
0.001	0.001	0.997	0.001
>TGAGAWCATG	12-TGAGAWCATG	9.858828	-19.061053	0	T:17.0(6.91%),B:563.3(1.14%),P:1e-8	Tpos:356.5,Tstd:286.3,Bpos:217.8,Bstd:122.8,StrandBias:0.5,Multiplicity:1.00
0.001	0.001	0.001	0.997
0.001	0.123	0.655	0.221
0.997	0.001	0.001	0.001
0.001	0.110	0.649	0.240
0.997	0.001	0.001	0.001
0.391	0.141	0.001	0.466
0.001	0.997	0.001	0.001
0.785	0.001	0.213	0.001
0.100	0.001	0.001	0.898
0.001	0.294	0.704	0.001
>ACGGGCCAGC	13-ACGGGCCAGC	10.296193	-18.895676	0	T:4.0(1.63%),B:4.9(0.01%),P:1e-8	Tpos:336.0,Tstd:0.0,Bpos:177.9,Bstd:134.8,StrandBias:10.0,Multiplicity:1.00
0.700	0.100	0.100	0.100
0.100	0.700	0.100	0.100
0.100	0.100	0.700	0.100
0.100	0.100	0.700	0.100
0.100	0.100	0.700	0.100
0.100	0.700	0.100	0.100
0.100	0.700	0.100	0.100
0.700	0.100	0.100	0.100
0.100	0.100	0.700	0.100
0.100	0.700	0.100	0.100
>ACGGAAGTGC	14-ACGGAAGTGC	10.296193	-18.007006	0	T:4.0(1.63%),B:5.4(0.01%),P:1e-7	Tpos:24.0,Tstd:0.0,Bpos:227.0,Bstd:131.7,StrandBias:10.0,Multiplicity:1.00
0.700	0.100	0.100	0.100
0.100	0.700	0.100	0.100
0.100	0.100	0.700	0.100
0.100	0.100	0.700	0.100
0.700	0.100	0.100	0.100
0.700	0.100	0.100	0.100
0.100	0.100	0.700	0.100
0.100	0.100	0.100	0.700
0.100	0.100	0.700	0.100
0.100	0.700	0.100	0.100
>ACGCAAAAAA	15-ACGCAAAAAA	12.693338	-18.007006	0	T:4.0(1.63%),B:5.3(0.01%),P:1e-7	Tpos:135.2,Tstd:3.0,Bpos:34.5,Bstd:16.1,StrandBias:10.0,Multiplicity:1.00
0.679	0.001	0.319	0.001
0.001	0.997	0.001	0.001
0.001	0.001	0.997	0.001
0.001	0.997	0.001	0.001
0.997	0.001	0.001	0.001
0.997	0.001	0.001	0.001
0.997	0.001	0.001	0.001
0.997	0.001	0.001	0.001
0.997	0.001	0.001	0.001
0.997	0.001	0.001	0.001
>GTGCGGCCTA	16-GTGCGGCCTA	13.546886	-17.724678	0	T:3.0(1.22%),B:1.8(0.00%),P:1e-7	Tpos:379.0,Tstd:0.0,Bpos:294.6,Bstd:73.0,StrandBias:10.0,Multiplicity:1.00
0.001	0.001	0.997	0.001
0.001	0.001	0.001	0.997
0.001	0.001	0.997	0.001
0.001	0.997	0.001	0.001
0.001	0.001	0.997	0.001
0.001	0.001	0.749	0.249
0.001	0.997	0.001	0.001
0.001	0.997	0.001	0.001
0.001	0.001	0.001	0.997
0.997	0.001	0.001	0.001
>CTTGATTCAC	17-CTTGATTCAC	11.360217	-17.516804	0	T:9.0(3.66%),B:129.8(0.26%),P:1e-7	Tpos:343.4,Tstd:80.3,Bpos:214.9,Bstd:131.0,StrandBias:-0.3,Multiplicity:1.00
0.001	0.997	0.001	0.001
0.001	0.001	0.001	0.997
0.001	0.001	0.001	0.997
0.001	0.099	0.899	0.001
0.997	0.001	0.001	0.001
0.151	0.001	0.001	0.847
0.001	0.001	0.001	0.997
0.001	0.997	0.001	0.001
0.997	0.001	0.001	0.001
0.001	0.997	0.001	0.001
>GCGCTGCTCT	18-GCGCTGCTCT	9.226585	-16.609574	0	T:18.0(7.32%),B:752.8(1.52%),P:1e-7	Tpos:317.4,Tstd:371.4,Bpos:204.3,Bstd:126.3,StrandBias:-0.3,Multiplicity:1.00
0.041	0.001	0.957	0.001
0.042	0.680	0.001	0.277
0.001	0.038	0.750	0.211
0.229	0.658	0.112	0.001
0.001	0.001	0.001	0.997
0.001	0.001	0.997	0.001
0.001	0.756	0.242	0.001
0.230	0.112	0.001	0.657
0.001	0.783	0.215	0.001
0.001	0.077	0.105	0.817
>GACCCTACAC	19-GACCCTACAC	12.251157	-15.772354	0	T:5.0(2.03%),B:23.0(0.05%),P:1e-6	Tpos:69.2,Tstd:64.4,Bpos:194.6,Bstd:105.2,StrandBias:2.0,Multiplicity:1.00
0.001	0.001	0.997	0.001
0.793	0.001	0.205	0.001
0.001	0.997	0.001	0.001
0.001	0.997	0.001	0.001
0.001	0.997	0.001	0.001
0.001	0.001	0.001	0.997
0.997	0.001	0.001	0.001
0.001	0.997	0.001	0.001
0.997	0.001	0.001	0.001
0.001	0.997	0.001	0.001
>CCAGATTGCG	20-CCAGATTGCG	10.296193	-15.648912	0	T:3.0(1.22%),B:2.9(0.01%),P:1e-6	Tpos:293.0,Tstd:0.0,Bpos:262.5,Bstd:71.2,StrandBias:10.0,Multiplicity:1.00
0.100	0.700	0.100	0.100
0.100	0.700	0.100	0.100
0.700	0.100	0.100	0.100
0.100	0.100	0.700	0.100
0.700	0.100	0.100	0.100
0.100	0.100	0.100	0.700
0.100	0.100	0.100	0.700
0.100	0.100	0.700	0.100
0.100	0.700	0.100	0.100
0.100	0.100	0.700	0.100
>GCATATCCTC	21-GCATATCCTC	9.793402	-13.842154	0	T:13.0(5.28%),B:473.8(0.96%),P:1e-6	Tpos:241.1,Tstd:101.9,Bpos:209.9,Bstd:122.2,StrandBias:1.3,Multiplicity:1.08
0.009	0.386	0.556	0.049
0.120	0.878	0.001	0.001
0.877	0.001	0.001	0.121
0.001	0.001	0.133	0.865
0.997	0.001	0.001	0.001
0.001	0.001	0.001	0.997
0.001	0.850	0.148	0.001
0.001	0.997	0.001	0.001
0.001	0.142	0.001	0.856
0.154	0.726	0.001	0.119
>CAGAGATTAA	22-CAGAGATTAA	9.584152	-11.188040	0	T:9.0(3.66%),B:280.1(0.57%),P:1e-4	Tpos:99.0,Tstd:49.6,Bpos:209.0,Bstd:127.3,StrandBias:3.0,Multiplicity:1.00
0.001	0.997	0.001	0.001
0.997	0.001	0.001	0.001
0.001	0.001	0.961	0.037
0.620	0.001	0.001	0.378
0.001	0.381	0.617	0.001
0.997	0.001	0.001	0.001
0.001	0.001	0.001	0.997
0.001	0.001	0.001	0.997
0.997	0.001	0.001	0.001
0.997	0.001	0.001	0.001
>AAAAAAAAAA	23-AAAAAAAAAA	10.330674	-10.932581	0	T:49.0(19.92%),B:5341.5(10.78%),P:1e-4	Tpos:338.3,Tstd:268.7,Bpos:217.1,Bstd:127.3,StrandBias:0.8,Multiplicity:1.14
0.929	0.001	0.001	0.069
0.825	0.013	0.123	0.039
0.922	0.029	0.032	0.017
0.856	0.087	0.056	0.001
0.945	0.014	0.001	0.040
0.967	0.001	0.001	0.031
0.981	0.001	0.001	0.017
0.897	0.001	0.012	0.090
0.884	0.035	0.001	0.080
0.893	0.001	0.038	0.068
>GCYGGTGTAA	24-GCYGGTGTAA	11.596151	-10.567792	0	T:4.0(1.63%),B:33.4(0.07%),P:1e-4	Tpos:134.0,Tstd:0.0,Bpos:259.6,Bstd:128.2,StrandBias:-10.0,Multiplicity:1.00
0.001	0.229	0.481	0.288
0.001	0.769	0.229	0.001
0.001	0.517	0.001	0.481
0.001	0.001	0.997	0.001
0.001	0.001	0.997	0.001
0.001	0.001	0.001	0.997
0.001	0.001	0.997	0.001
0.001	0.001	0.001	0.997
0.769	0.001	0.229	0.001
0.769	0.001	0.229	0.001
>TKYYGGTGTR	25-TKYYGGTGTR	7.390750	-9.380236	0	T:7.0(2.85%),B:204.7(0.41%),P:1e-4	Tpos:184.6,Tstd:136.1,Bpos:213.2,Bstd:117.5,StrandBias:-1.3,Multiplicity:1.00
0.151	0.001	0.227	0.621
0.201	0.073	0.310	0.417
0.001	0.461	0.001	0.537
0.001	0.322	0.254	0.423
0.001	0.220	0.778	0.001
0.172	0.210	0.421	0.196
0.062	0.001	0.330	0.607
0.001	0.137	0.622	0.240
0.001	0.208	0.001	0.790
0.375	0.217	0.269	0.139
