>TGAGTCAT	1-TGAGTCAT	8.572834	-1095.698850	0	T:1883.0(21.40%),B:2539.4(6.28%),P:1e-475	Tpos:287.7,Tstd:210.8,Bpos:250.6,Bstd:149.9,StrandBias:0.1,Multiplicity:1.18
0.001	0.001	0.001	0.997
0.001	0.001	0.964	0.034
0.985	0.002	0.001	0.012
0.018	0.268	0.699	0.015
0.001	0.001	0.001	0.997
0.017	0.981	0.001	0.001
0.997	0.001	0.001	0.001
0.023	0.226	0.125	0.626
>TGTGGTTW	2-TGTGGTTW	7.237342	-985.316243	0	T:2946.0(33.47%),B:5906.9(14.61%),P:1e-427	Tpos:288.5,Tstd:221.4,Bpos:250.4,Bstd:153.8,StrandBias:0.1,Multiplicity:1.27
0.034	0.010	0.009	0.947
0.001	0.001	0.997	0.001
0.001	0.013	0.001	0.985
0.001	0.001	0.997	0.001
0.001	0.001	0.997	0.001
0.001	0.028	0.001	0.970
0.052	0.103	0.041	0.804
0.455	0.043	0.119	0.383
>CACTTCCT	3-CACTTCCT	5.947307	-795.258305	0	T:3057.0(34.73%),B:6919.6(17.12%),P:1e-345	Tpos:288.8,Tstd:222.7,Bpos:247.8,Bstd:146.8,StrandBias:-0.0,Multiplicity:1.26
0.001	0.917	0.001	0.081
0.997	0.001	0.001	0.001
0.001	0.798	0.001	0.200
0.197	0.001	0.001	0.801
0.001	0.001	0.001	0.997
0.001	0.997	0.001	0.001
0.001	0.997	0.001	0.001
0.001	0.001	0.041	0.957
>TGTGGTTT	4-TGTGGTTT	6.782390	-757.417120	0	T:3380.0(38.40%),B:8227.2(20.35%),P:1e-328	Tpos:296.1,Tstd:223.2,Bpos:251.7,Bstd:154.6,StrandBias:0.0,Multiplicity:1.22
0.151	0.108	0.101	0.640
0.065	0.001	0.804	0.130
0.152	0.099	0.001	0.748
0.001	0.085	0.913	0.001
0.001	0.001	0.938	0.060
0.001	0.198	0.148	0.653
0.072	0.001	0.018	0.909
0.001	0.001	0.147	0.851
>CTTCCTGT	5-CTTCCTGT	7.148645	-690.621046	0	T:2392.0(27.18%),B:5035.8(12.46%),P:1e-299	Tpos:291.5,Tstd:212.8,Bpos:250.4,Bstd:148.0,StrandBias:0.0,Multiplicity:1.16
0.001	0.739	0.001	0.259
0.070	0.001	0.001	0.928
0.001	0.001	0.001	0.997
0.001	0.997	0.001	0.001
0.001	0.997	0.001	0.001
0.001	0.001	0.082	0.916
0.001	0.001	0.997	0.001
0.001	0.001	0.001	0.997
>TGASTMAK	6-TGASTMAK	6.898098	-676.098528	0	T:3168.0(36.00%),B:7790.9(19.27%),P:1e-293	Tpos:300.5,Tstd:223.0,Bpos:247.8,Bstd:148.4,StrandBias:0.0,Multiplicity:1.20
0.001	0.001	0.001	0.997
0.001	0.001	0.756	0.242
0.967	0.031	0.001	0.001
0.120	0.367	0.434	0.079
0.001	0.001	0.001	0.997
0.553	0.445	0.001	0.001
0.997	0.001	0.001	0.001
0.128	0.001	0.472	0.399
>TGTGGKYG	7-TGTGGKYG	6.187032	-572.425203	0	T:4801.0(54.55%),B:14894.8(36.84%),P:1e-248	Tpos:294.3,Tstd:223.7,Bpos:250.9,Bstd:152.9,StrandBias:0.0,Multiplicity:1.28
0.001	0.241	0.164	0.594
0.074	0.001	0.775	0.150
0.268	0.064	0.001	0.667
0.022	0.059	0.782	0.137
0.003	0.001	0.995	0.001
0.001	0.227	0.364	0.408
0.001	0.391	0.118	0.490
0.001	0.001	0.648	0.350
>GSMGGAAG	8-GSMGGAAG	6.827415	-424.425530	0	T:3958.0(44.97%),B:12236.6(30.27%),P:1e-184	Tpos:307.6,Tstd:249.7,Bpos:248.3,Bstd:148.5,StrandBias:0.0,Multiplicity:1.27
0.242	0.166	0.515	0.077
0.111	0.485	0.365	0.038
0.353	0.492	0.154	0.001
0.001	0.060	0.938	0.001
0.001	0.001	0.997	0.001
0.957	0.001	0.041	0.001
0.908	0.062	0.001	0.029
0.141	0.001	0.857	0.001
>AGHGTCAT	9-AGHGTCAT	7.094062	-314.953310	0	T:1350.0(15.34%),B:3012.6(7.45%),P:1e-136	Tpos:303.1,Tstd:241.1,Bpos:245.5,Bstd:150.4,StrandBias:0.2,Multiplicity:1.05
0.457	0.274	0.021	0.248
0.248	0.001	0.741	0.010
0.413	0.321	0.001	0.265
0.003	0.065	0.905	0.027
0.042	0.082	0.001	0.875
0.045	0.780	0.131	0.044
0.843	0.017	0.079	0.061
0.081	0.136	0.058	0.725
>TAACCACA	10-TAACCACA	7.029512	-310.296535	0	T:2104.0(23.91%),B:5659.6(14.00%),P:1e-134	Tpos:284.0,Tstd:228.5,Bpos:245.1,Bstd:151.2,StrandBias:-0.0,Multiplicity:1.16
0.059	0.042	0.001	0.898
0.747	0.251	0.001	0.001
0.717	0.076	0.206	0.001
0.001	0.997	0.001	0.001
0.001	0.953	0.045	0.001
0.604	0.087	0.229	0.080
0.013	0.865	0.086	0.036
0.681	0.001	0.090	0.228
>TCACACCT	11-TCACACCT	8.126543	-302.131618	0	T:1546.0(17.57%),B:3721.3(9.20%),P:1e-131	Tpos:280.5,Tstd:219.6,Bpos:248.6,Bstd:156.8,StrandBias:-0.0,Multiplicity:1.15
0.001	0.001	0.001	0.997
0.114	0.803	0.082	0.001
0.997	0.001	0.001	0.001
0.001	0.997	0.001	0.001
0.974	0.001	0.024	0.001
0.001	0.997	0.001	0.001
0.001	0.863	0.001	0.135
0.001	0.240	0.001	0.758
>GGCGTGGC	12-GGCGTGGC	4.406061	-226.393592	0	T:1735.0(19.71%),B:4792.1(11.85%),P:1e-98	Tpos:308.7,Tstd:240.2,Bpos:247.4,Bstd:156.4,StrandBias:0.1,Multiplicity:1.37
0.001	0.001	0.997	0.001
0.001	0.001	0.997	0.001
0.001	0.657	0.001	0.341
0.001	0.001	0.997	0.001
0.001	0.001	0.006	0.992
0.001	0.001	0.997	0.001
0.001	0.001	0.997	0.001
0.001	0.676	0.001	0.322
>AACCGAAA	13-AACCGAAA	7.172148	-209.272089	0	T:1905.0(21.65%),B:5537.2(13.70%),P:1e-90	Tpos:297.1,Tstd:244.7,Bpos:250.1,Bstd:153.2,StrandBias:0.2,Multiplicity:1.18
0.979	0.001	0.015	0.005
0.970	0.028	0.001	0.001
0.123	0.738	0.096	0.043
0.139	0.569	0.001	0.291
0.001	0.033	0.965	0.001
0.951	0.026	0.010	0.013
0.963	0.001	0.035	0.001
0.968	0.024	0.001	0.007
>ACGGAAAC	14-ACGGAAAC	6.682454	-207.778358	0	T:2166.0(24.61%),B:6549.8(16.20%),P:1e-90	Tpos:304.4,Tstd:234.7,Bpos:247.5,Bstd:146.9,StrandBias:-0.0,Multiplicity:1.23
0.821	0.001	0.177	0.001
0.001	0.588	0.001	0.410
0.001	0.001	0.997	0.001
0.001	0.218	0.780	0.001
0.997	0.001	0.001	0.001
0.997	0.001	0.001	0.001
0.997	0.001	0.001	0.001
0.292	0.539	0.001	0.168
>GYGMTAAM	15-GYGMTAAM	5.345130	-129.528542	0	T:3133.0(35.60%),B:11249.8(27.83%),P:1e-56	Tpos:307.0,Tstd:253.9,Bpos:248.8,Bstd:153.3,StrandBias:0.0,Multiplicity:1.25
0.160	0.215	0.624	0.001
0.001	0.481	0.001	0.517
0.132	0.001	0.548	0.319
0.409	0.377	0.001	0.213
0.001	0.135	0.330	0.534
0.751	0.079	0.001	0.169
0.997	0.001	0.001	0.001
0.288	0.386	0.179	0.146
>CTCCGCCC	16-CTCCGCCC	4.180176	-124.006645	0	T:2826.0(32.11%),B:10009.3(24.76%),P:1e-53	Tpos:305.8,Tstd:242.0,Bpos:249.0,Bstd:148.0,StrandBias:0.0,Multiplicity:1.37
0.037	0.933	0.001	0.029
0.072	0.001	0.001	0.926
0.001	0.997	0.001	0.001
0.001	0.997	0.001	0.001
0.289	0.001	0.485	0.225
0.001	0.997	0.001	0.001
0.001	0.997	0.001	0.001
0.001	0.997	0.001	0.001
>CCCCTCCC	17-CCCCTCCC	8.872241	-114.496706	0	T:1978.0(22.47%),B:6605.3(16.34%),P:1e-49	Tpos:317.4,Tstd:249.8,Bpos:251.0,Bstd:146.4,StrandBias:-0.0,Multiplicity:1.29
0.001	0.662	0.207	0.130
0.001	0.997	0.001	0.001
0.071	0.927	0.001	0.001
0.001	0.997	0.001	0.001
0.180	0.001	0.001	0.818
0.001	0.997	0.001	0.001
0.001	0.997	0.001	0.001
0.001	0.997	0.001	0.001
>GGAAACCC	18-GGAAACCC	8.088490	-114.258589	0	T:1101.0(12.51%),B:3193.7(7.90%),P:1e-49	Tpos:297.3,Tstd:220.6,Bpos:249.4,Bstd:151.0,StrandBias:0.1,Multiplicity:1.07
0.001	0.090	0.810	0.099
0.115	0.001	0.804	0.080
0.997	0.001	0.001	0.001
0.997	0.001	0.001	0.001
0.997	0.001	0.001	0.001
0.001	0.880	0.001	0.118
0.001	0.997	0.001	0.001
0.001	0.882	0.116	0.001
>TAGTTTCG	19-TAGTTTCG	7.153982	-103.741146	0	T:660.0(7.50%),B:1681.3(4.16%),P:1e-45	Tpos:309.1,Tstd:247.7,Bpos:250.3,Bstd:151.9,StrandBias:-0.0,Multiplicity:1.06
0.001	0.030	0.141	0.828
0.845	0.016	0.069	0.070
0.055	0.108	0.795	0.042
0.011	0.001	0.011	0.977
0.003	0.016	0.011	0.970
0.011	0.017	0.001	0.971
0.001	0.997	0.001	0.001
0.115	0.001	0.724	0.160
>GAAACSAK	20-GAAACSAK	7.287553	-103.630638	0	T:951.0(10.81%),B:2716.7(6.72%),P:1e-45	Tpos:304.8,Tstd:227.2,Bpos:246.3,Bstd:151.2,StrandBias:0.2,Multiplicity:1.06
0.001	0.001	0.997	0.001
0.997	0.001	0.001	0.001
0.997	0.001	0.001	0.001
0.997	0.001	0.001	0.001
0.001	0.997	0.001	0.001
0.001	0.554	0.444	0.001
0.997	0.001	0.001	0.001
0.041	0.001	0.543	0.415
>CACCGCAG	21-CACCGCAG	4.442203	-98.591357	0	T:547.0(6.22%),B:1327.0(3.28%),P:1e-42	Tpos:309.3,Tstd:275.0,Bpos:251.6,Bstd:160.1,StrandBias:-0.1,Multiplicity:1.07
0.022	0.892	0.046	0.040
0.997	0.001	0.001	0.001
0.001	0.997	0.001	0.001
0.001	0.997	0.001	0.001
0.001	0.001	0.997	0.001
0.001	0.997	0.001	0.001
0.997	0.001	0.001	0.001
0.001	0.001	0.938	0.060
>TGACSTCA	22-TGACSTCA	6.951529	-78.376844	0	T:1764.0(20.04%),B:6133.6(15.17%),P:1e-34	Tpos:289.4,Tstd:222.5,Bpos:251.8,Bstd:151.7,StrandBias:-0.0,Multiplicity:1.14
0.001	0.001	0.001	0.997
0.001	0.196	0.594	0.209
0.997	0.001	0.001	0.001
0.001	0.824	0.001	0.174
0.001	0.553	0.445	0.001
0.001	0.001	0.001	0.997
0.001	0.997	0.001	0.001
0.997	0.001	0.001	0.001
>ACTTTCSR	23-ACTTTCSR	4.698077	-62.430870	0	T:516.0(5.86%),B:1425.2(3.53%),P:1e-27	Tpos:326.1,Tstd:263.0,Bpos:246.4,Bstd:151.2,StrandBias:0.0,Multiplicity:1.02
0.409	0.156	0.180	0.255
0.087	0.533	0.171	0.209
0.102	0.050	0.241	0.607
0.216	0.137	0.059	0.588
0.232	0.102	0.246	0.420
0.246	0.502	0.097	0.155
0.140	0.451	0.388	0.020
0.343	0.177	0.363	0.117
>ACACRCCS	24-ACACRCCS	8.297675	-48.245925	0	T:685.0(7.78%),B:2165.6(5.36%),P:1e-20	Tpos:313.6,Tstd:255.1,Bpos:245.9,Bstd:156.8,StrandBias:-0.1,Multiplicity:1.07
0.906	0.001	0.001	0.092
0.236	0.742	0.001	0.021
0.619	0.379	0.001	0.001
0.001	0.898	0.100	0.001
0.435	0.001	0.563	0.001
0.001	0.872	0.001	0.126
0.001	0.997	0.001	0.001
0.001	0.547	0.451	0.001
>AAAAAAAA	25-AAAAAAAA	8.436326	-24.309519	0	T:1557.0(17.69%),B:6116.7(15.13%),P:1e-10	Tpos:322.5,Tstd:250.8,Bpos:249.4,Bstd:160.1,StrandBias:-0.1,Multiplicity:1.19
0.865	0.001	0.133	0.001
0.997	0.001	0.001	0.001
0.997	0.001	0.001	0.001
0.997	0.001	0.001	0.001
0.894	0.104	0.001	0.001
0.885	0.113	0.001	0.001
0.997	0.001	0.001	0.001
0.815	0.183	0.001	0.001
