Factor1: 0.9919891900577793
Factor2: 1.008075501247906
