Factor1: 1.142685922444705
Factor2: 0.8751311102709315
