>NCCACTTCCTGY	1-NCCACTTCCTGY	8.372792	-242.293011	0	T:889.0(23.38%),B:4917.8(10.91%),P:1e-105	Tpos:294.3,Tstd:229.4,Bpos:233.5,Bstd:134.6,StrandBias:0.0,Multiplicity:1.19
0.287	0.266	0.250	0.198
0.195	0.489	0.142	0.174
0.153	0.621	0.072	0.154
0.597	0.123	0.110	0.170
0.001	0.782	0.035	0.182
0.191	0.011	0.001	0.797
0.001	0.090	0.028	0.881
0.001	0.997	0.001	0.001
0.001	0.997	0.001	0.001
0.005	0.001	0.005	0.989
0.015	0.170	0.615	0.200
0.045	0.370	0.096	0.489
>CCACTAGGGGGC	2-CCACTAGGGGGC	9.447204	-226.840581	0	T:327.0(8.60%),B:943.4(2.09%),P:1e-98	Tpos:256.3,Tstd:209.2,Bpos:225.7,Bstd:136.1,StrandBias:-0.3,Multiplicity:1.04
0.053	0.850	0.027	0.070
0.001	0.997	0.001	0.001
0.835	0.019	0.046	0.100
0.001	0.819	0.179	0.001
0.188	0.247	0.055	0.510
0.850	0.001	0.062	0.087
0.001	0.001	0.997	0.001
0.420	0.001	0.578	0.001
0.070	0.031	0.601	0.298
0.001	0.001	0.997	0.001
0.031	0.015	0.884	0.070
0.096	0.777	0.031	0.096
>AAACCACAAANM	3-AAACCACAAANM	8.544406	-186.729433	0	T:572.0(15.04%),B:2827.8(6.27%),P:1e-81	Tpos:296.1,Tstd:231.5,Bpos:232.8,Bstd:139.4,StrandBias:0.0,Multiplicity:1.13
0.643	0.073	0.036	0.248
0.824	0.001	0.174	0.001
0.807	0.103	0.089	0.001
0.001	0.997	0.001	0.001
0.001	0.978	0.001	0.020
0.763	0.235	0.001	0.001
0.089	0.784	0.082	0.045
0.908	0.001	0.047	0.044
0.566	0.026	0.360	0.048
0.553	0.090	0.327	0.030
0.317	0.216	0.293	0.174
0.445	0.354	0.198	0.003
>AGTTTCAGTTTC	4-AGTTTCAGTTTC	8.707699	-182.368687	0	T:427.0(11.23%),B:1789.0(3.97%),P:1e-79	Tpos:313.3,Tstd:316.2,Bpos:234.1,Bstd:143.8,StrandBias:-0.2,Multiplicity:1.15
0.637	0.001	0.284	0.078
0.049	0.233	0.651	0.067
0.025	0.017	0.073	0.885
0.008	0.001	0.001	0.990
0.054	0.024	0.101	0.821
0.001	0.773	0.001	0.225
0.705	0.046	0.122	0.127
0.099	0.271	0.495	0.135
0.032	0.009	0.001	0.958
0.007	0.039	0.001	0.953
0.083	0.093	0.124	0.700
0.164	0.588	0.202	0.046
>NDATGASTCANM	5-NDATGASTCANM	8.425198	-167.843749	0	T:349.0(9.18%),B:1345.9(2.98%),P:1e-72	Tpos:268.8,Tstd:208.7,Bpos:236.0,Bstd:134.5,StrandBias:0.0,Multiplicity:1.06
0.279	0.285	0.209	0.227
0.247	0.117	0.292	0.344
0.417	0.228	0.224	0.130
0.068	0.001	0.063	0.868
0.001	0.001	0.997	0.001
0.985	0.001	0.013	0.001
0.067	0.392	0.415	0.126
0.043	0.077	0.014	0.866
0.065	0.916	0.018	0.001
0.978	0.020	0.001	0.001
0.198	0.232	0.228	0.342
0.386	0.266	0.128	0.220
>MCCACATCAAAG	6-MCCACATCAAAG	9.430276	-120.283179	0	T:199.0(5.23%),B:642.3(1.42%),P:1e-52	Tpos:247.8,Tstd:201.1,Bpos:230.7,Bstd:143.5,StrandBias:0.7,Multiplicity:1.04
0.440	0.291	0.198	0.071
0.021	0.827	0.001	0.151
0.021	0.977	0.001	0.001
0.920	0.001	0.001	0.078
0.040	0.921	0.001	0.038
0.772	0.011	0.001	0.216
0.300	0.001	0.027	0.672
0.044	0.581	0.256	0.119
0.888	0.022	0.001	0.089
0.876	0.075	0.048	0.001
0.819	0.001	0.071	0.109
0.154	0.166	0.637	0.043
>ATGTGGTTTCCG	7-ATGTGGTTTCCG	5.456122	-111.691265	0	T:1740.0(45.77%),B:15421.2(34.20%),P:1e-48	Tpos:301.4,Tstd:272.1,Bpos:230.7,Bstd:138.9,StrandBias:-0.0,Multiplicity:1.33
0.577	0.148	0.137	0.138
0.121	0.102	0.109	0.668
0.078	0.108	0.703	0.111
0.118	0.096	0.085	0.701
0.081	0.090	0.718	0.111
0.092	0.126	0.683	0.099
0.070	0.130	0.101	0.699
0.070	0.093	0.082	0.755
0.088	0.090	0.120	0.702
0.089	0.655	0.129	0.127
0.142	0.605	0.097	0.156
0.140	0.146	0.534	0.180
>GCCCCGCCCYKC	8-GCCCCGCCCYKC	8.541319	-92.321817	0	T:658.0(17.31%),B:4594.0(10.19%),P:1e-40	Tpos:313.4,Tstd:251.6,Bpos:229.8,Bstd:145.9,StrandBias:0.1,Multiplicity:1.36
0.343	0.024	0.589	0.044
0.001	0.997	0.001	0.001
0.001	0.679	0.001	0.319
0.177	0.821	0.001	0.001
0.001	0.970	0.001	0.028
0.357	0.001	0.641	0.001
0.001	0.987	0.011	0.001
0.001	0.936	0.050	0.013
0.001	0.808	0.001	0.190
0.219	0.349	0.001	0.430
0.036	0.237	0.433	0.294
0.155	0.543	0.178	0.124
>GGGAAAKCCCCW	9-GGGAAAKCCCCW	7.885549	-88.837508	0	T:441.0(11.60%),B:2690.5(5.97%),P:1e-38	Tpos:311.0,Tstd:287.7,Bpos:232.0,Bstd:134.7,StrandBias:-0.0,Multiplicity:1.12
0.037	0.012	0.867	0.084
0.103	0.001	0.828	0.068
0.040	0.001	0.955	0.004
0.577	0.055	0.367	0.001
0.716	0.228	0.055	0.001
0.462	0.072	0.188	0.278
0.108	0.089	0.393	0.409
0.072	0.529	0.051	0.348
0.062	0.936	0.001	0.001
0.135	0.839	0.001	0.025
0.009	0.766	0.001	0.224
0.341	0.168	0.130	0.362
>GGTGTGGCTTWT	10-GGTGTGGCTTWT	9.729764	-50.281675	0	T:120.0(3.16%),B:507.6(1.13%),P:1e-21	Tpos:270.1,Tstd:190.9,Bpos:228.3,Bstd:137.7,StrandBias:-0.2,Multiplicity:1.08
0.001	0.001	0.917	0.081
0.001	0.001	0.997	0.001
0.001	0.001	0.103	0.895
0.001	0.001	0.958	0.040
0.001	0.001	0.029	0.969
0.236	0.001	0.762	0.001
0.080	0.121	0.667	0.132
0.183	0.719	0.001	0.097
0.040	0.070	0.001	0.889
0.040	0.231	0.089	0.640
0.415	0.147	0.122	0.316
0.159	0.144	0.017	0.680
>GTGTGGTTAAAC	11-GTGTGGTTAAAC	10.081611	-42.279150	0	T:63.0(1.66%),B:190.1(0.42%),P:1e-18	Tpos:265.6,Tstd:199.2,Bpos:238.9,Bstd:145.2,StrandBias:-0.1,Multiplicity:1.00
0.084	0.001	0.845	0.070
0.085	0.001	0.040	0.874
0.001	0.001	0.997	0.001
0.131	0.001	0.040	0.828
0.080	0.001	0.839	0.080
0.081	0.126	0.753	0.040
0.001	0.001	0.044	0.954
0.225	0.001	0.040	0.734
0.795	0.001	0.043	0.161
0.997	0.001	0.001	0.001
0.799	0.040	0.121	0.040
0.157	0.731	0.001	0.111
>ACACTTTGAAGT	12-ACACTTTGAAGT	9.222789	-41.878397	0	T:163.0(4.29%),B:895.1(1.98%),P:1e-18	Tpos:319.3,Tstd:310.4,Bpos:234.5,Bstd:144.7,StrandBias:-0.2,Multiplicity:1.03
0.765	0.107	0.092	0.036
0.063	0.803	0.068	0.066
0.870	0.057	0.001	0.072
0.001	0.928	0.057	0.014
0.001	0.086	0.001	0.912
0.037	0.061	0.094	0.808
0.102	0.001	0.030	0.867
0.059	0.084	0.785	0.072
0.805	0.089	0.067	0.039
0.826	0.079	0.072	0.023
0.005	0.079	0.882	0.034
0.093	0.093	0.062	0.752
>WTSCTTCCTGTB	13-WTSCTTCCTGTB	10.170576	-40.451134	0	T:268.0(7.05%),B:1807.7(4.01%),P:1e-17	Tpos:299.9,Tstd:233.6,Bpos:231.5,Bstd:134.3,StrandBias:0.1,Multiplicity:1.06
0.488	0.001	0.062	0.448
0.001	0.001	0.309	0.689
0.001	0.337	0.450	0.212
0.001	0.997	0.001	0.001
0.001	0.001	0.001	0.997
0.001	0.001	0.001	0.997
0.001	0.905	0.093	0.001
0.001	0.997	0.001	0.001
0.001	0.001	0.001	0.997
0.001	0.138	0.617	0.244
0.233	0.001	0.247	0.519
0.001	0.359	0.246	0.394
>CCCACTTCCNGT	14-CCCACTTCCNGT	11.734934	-37.512487	0	T:40.0(1.05%),B:88.3(0.20%),P:1e-16	Tpos:320.4,Tstd:272.3,Bpos:239.4,Bstd:105.2,StrandBias:0.9,Multiplicity:1.00
0.304	0.492	0.203	0.001
0.001	0.997	0.001	0.001
0.001	0.897	0.101	0.001
0.923	0.001	0.001	0.075
0.001	0.908	0.090	0.001
0.001	0.029	0.001	0.969
0.001	0.001	0.001	0.997
0.001	0.992	0.001	0.006
0.051	0.947	0.001	0.001
0.305	0.266	0.203	0.226
0.134	0.081	0.784	0.001
0.001	0.001	0.051	0.947
>AAACCGGAACTT	15-AAACCGGAACTT	8.941272	-28.180375	0	T:107.0(2.81%),B:586.2(1.30%),P:1e-12	Tpos:259.5,Tstd:247.7,Bpos:248.5,Bstd:140.1,StrandBias:-0.2,Multiplicity:1.01
0.753	0.093	0.077	0.077
0.875	0.032	0.041	0.052
0.896	0.052	0.026	0.026
0.052	0.899	0.048	0.001
0.131	0.654	0.071	0.144
0.119	0.138	0.625	0.118
0.041	0.077	0.881	0.001
0.923	0.001	0.051	0.025
0.896	0.026	0.026	0.052
0.001	0.963	0.028	0.008
0.077	0.086	0.026	0.811
0.077	0.001	0.087	0.835
>AAGCTGTGGGTG	16-AAGCTGTGGGTG	14.302951	-27.402748	0	T:11.0(0.29%),B:5.4(0.01%),P:1e-11	Tpos:188.7,Tstd:165.1,Bpos:250.2,Bstd:154.4,StrandBias:-0.3,Multiplicity:1.00
0.997	0.001	0.001	0.001
0.997	0.001	0.001	0.001
0.001	0.001	0.997	0.001
0.001	0.997	0.001	0.001
0.001	0.113	0.001	0.885
0.001	0.001	0.997	0.001
0.001	0.001	0.001	0.997
0.001	0.001	0.997	0.001
0.113	0.001	0.885	0.001
0.001	0.001	0.997	0.001
0.001	0.001	0.001	0.997
0.001	0.001	0.997	0.001
>CATTTCCTGCCT	17-CATTTCCTGCCT	10.275011	-26.418219	0	T:93.0(2.45%),B:493.1(1.09%),P:1e-11	Tpos:252.0,Tstd:182.9,Bpos:229.9,Bstd:133.8,StrandBias:-0.0,Multiplicity:1.02
0.064	0.730	0.205	0.001
0.669	0.051	0.279	0.001
0.001	0.001	0.076	0.922
0.001	0.001	0.096	0.902
0.001	0.107	0.082	0.810
0.001	0.920	0.001	0.078
0.001	0.997	0.001	0.001
0.128	0.032	0.001	0.839
0.001	0.129	0.757	0.113
0.051	0.796	0.152	0.001
0.096	0.777	0.057	0.070
0.070	0.125	0.001	0.804
>TGATTGGTTGCT	18-TGATTGGTTGCT	10.177083	-21.414649	0	T:53.0(1.39%),B:236.5(0.52%),P:1e-9	Tpos:249.6,Tstd:211.4,Bpos:232.9,Bstd:140.2,StrandBias:-0.4,Multiplicity:1.02
0.053	0.016	0.032	0.899
0.059	0.072	0.868	0.001
0.720	0.113	0.110	0.057
0.022	0.043	0.060	0.875
0.043	0.017	0.068	0.872
0.043	0.001	0.846	0.110
0.034	0.091	0.810	0.065
0.035	0.098	0.043	0.824
0.022	0.043	0.151	0.784
0.043	0.061	0.829	0.067
0.038	0.788	0.071	0.103
0.039	0.045	0.022	0.894
>AAGTCACGACGA	19-AAGTCACGACGA	9.385360	-20.865362	0	T:54.0(1.42%),B:247.8(0.55%),P:1e-9	Tpos:284.8,Tstd:183.8,Bpos:219.4,Bstd:133.6,StrandBias:0.4,Multiplicity:1.00
0.790	0.060	0.060	0.090
0.939	0.030	0.030	0.001
0.001	0.001	0.969	0.029
0.030	0.030	0.030	0.910
0.001	0.997	0.001	0.001
0.969	0.029	0.001	0.001
0.150	0.627	0.148	0.075
0.078	0.089	0.743	0.090
0.858	0.030	0.082	0.030
0.101	0.679	0.087	0.133
0.138	0.078	0.702	0.082
0.820	0.149	0.030	0.001
>CTACAACCCTGC	20-CTACAACCCTGC	10.033231	-18.085228	0	T:9.0(0.24%),B:8.0(0.02%),P:1e-7	Tpos:131.8,Tstd:94.0,Bpos:211.7,Bstd:96.2,StrandBias:1.6,Multiplicity:1.50
0.001	0.997	0.001	0.001
0.001	0.001	0.001	0.997
0.997	0.001	0.001	0.001
0.001	0.997	0.001	0.001
0.997	0.001	0.001	0.001
0.997	0.001	0.001	0.001
0.046	0.952	0.001	0.001
0.001	0.952	0.046	0.001
0.001	0.997	0.001	0.001
0.001	0.001	0.001	0.997
0.001	0.001	0.997	0.001
0.001	0.659	0.001	0.339
>CTGCAACAGAAG	21-CTGCAACAGAAG	14.769900	-17.894968	0	T:8.0(0.21%),B:5.8(0.01%),P:1e-7	Tpos:288.6,Tstd:162.3,Bpos:196.6,Bstd:137.0,StrandBias:1.6,Multiplicity:1.00
0.001	0.997	0.001	0.001
0.001	0.001	0.001	0.997
0.001	0.001	0.997	0.001
0.001	0.997	0.001	0.001
0.997	0.001	0.001	0.001
0.997	0.001	0.001	0.001
0.001	0.997	0.001	0.001
0.997	0.001	0.001	0.001
0.001	0.001	0.838	0.160
0.997	0.001	0.001	0.001
0.997	0.001	0.001	0.001
0.001	0.001	0.997	0.001
>GAGGGGCCAGGT	22-GAGGGGCCAGGT	12.355432	-17.407479	0	T:6.0(0.16%),B:2.9(0.01%),P:1e-7	Tpos:212.2,Tstd:95.8,Bpos:359.4,Bstd:104.0,StrandBias:0.0,Multiplicity:1.00
0.100	0.100	0.700	0.100
0.700	0.100	0.100	0.100
0.100	0.100	0.700	0.100
0.100	0.100	0.700	0.100
0.100	0.100	0.700	0.100
0.100	0.100	0.700	0.100
0.100	0.700	0.100	0.100
0.100	0.700	0.100	0.100
0.700	0.100	0.100	0.100
0.100	0.100	0.700	0.100
0.100	0.100	0.700	0.100
0.100	0.100	0.100	0.700
>AGCTGGGGTGGC	23-AGCTGGGGTGGC	12.355432	-17.226112	0	T:5.0(0.13%),B:1.9(0.00%),P:1e-7	Tpos:269.2,Tstd:67.3,Bpos:214.8,Bstd:117.1,StrandBias:10.0,Multiplicity:1.00
0.700	0.100	0.100	0.100
0.100	0.100	0.700	0.100
0.100	0.700	0.100	0.100
0.100	0.100	0.100	0.700
0.100	0.100	0.700	0.100
0.100	0.100	0.700	0.100
0.100	0.100	0.700	0.100
0.100	0.100	0.700	0.100
0.100	0.100	0.100	0.700
0.100	0.100	0.700	0.100
0.100	0.100	0.700	0.100
0.100	0.700	0.100	0.100
>TTCATCAGTACA	24-TTCATCAGTACA	13.560041	-15.450913	0	T:11.0(0.29%),B:16.5(0.04%),P:1e-6	Tpos:387.6,Tstd:226.2,Bpos:250.0,Bstd:117.6,StrandBias:0.0,Multiplicity:1.45
0.001	0.001	0.001	0.997
0.001	0.001	0.001	0.997
0.001	0.997	0.001	0.001
0.997	0.001	0.001	0.001
0.001	0.001	0.001	0.997
0.001	0.997	0.001	0.001
0.997	0.001	0.001	0.001
0.001	0.418	0.580	0.001
0.001	0.141	0.001	0.857
0.997	0.001	0.001	0.001
0.001	0.997	0.001	0.001
0.580	0.001	0.001	0.418
>NCTGTACAAGGN	25-NCTGTACAAGGN	9.636785	-7.258480	0	T:3.0(0.08%),B:2.6(0.01%),P:1e-3	Tpos:191.1,Tstd:144.1,Bpos:167.8,Bstd:143.8,StrandBias:2.6,Multiplicity:2.33
0.222	0.207	0.227	0.344
0.130	0.623	0.123	0.124
0.136	0.084	0.083	0.697
0.116	0.129	0.623	0.132
0.134	0.129	0.117	0.620
0.606	0.120	0.140	0.134
0.139	0.618	0.122	0.121
0.666	0.125	0.081	0.128
0.646	0.092	0.130	0.132
0.142	0.087	0.646	0.125
0.144	0.108	0.618	0.130
0.226	0.233	0.295	0.246
