>CACTTCCTGT	1-CACTTCCTGT	8.083126	-268.677694	0	T:972.0(25.57%),B:5378.7(11.93%),P:1e-116	Tpos:293.3,Tstd:231.8,Bpos:232.9,Bstd:137.9,StrandBias:0.1,Multiplicity:1.20
0.160	0.547	0.070	0.223
0.657	0.069	0.213	0.061
0.015	0.595	0.126	0.264
0.072	0.001	0.001	0.926
0.011	0.001	0.001	0.987
0.001	0.934	0.001	0.064
0.001	0.994	0.004	0.001
0.001	0.006	0.061	0.932
0.001	0.107	0.733	0.159
0.111	0.182	0.102	0.605
>TGTGGTTTYY	2-TGTGGTTTYY	7.846248	-234.156366	0	T:853.0(22.44%),B:4689.7(10.40%),P:1e-101	Tpos:286.6,Tstd:233.4,Bpos:228.9,Bstd:139.5,StrandBias:-0.1,Multiplicity:1.16
0.083	0.002	0.073	0.842
0.001	0.051	0.905	0.043
0.065	0.021	0.069	0.845
0.003	0.001	0.982	0.014
0.001	0.001	0.997	0.001
0.001	0.131	0.077	0.791
0.003	0.037	0.001	0.959
0.141	0.051	0.133	0.675
0.125	0.420	0.151	0.304
0.150	0.402	0.167	0.281
>TTTGCGGTTW	3-TTTGCGGTTW	6.022585	-186.632346	0	T:1497.0(39.37%),B:11375.2(25.23%),P:1e-81	Tpos:291.2,Tstd:238.2,Bpos:231.4,Bstd:143.5,StrandBias:-0.1,Multiplicity:1.28
0.136	0.226	0.226	0.411
0.101	0.213	0.160	0.526
0.150	0.121	0.031	0.698
0.049	0.085	0.709	0.157
0.065	0.524	0.062	0.349
0.108	0.002	0.714	0.176
0.010	0.001	0.982	0.007
0.001	0.128	0.138	0.733
0.048	0.171	0.069	0.712
0.434	0.011	0.022	0.533
>ATGAGTCATA	4-ATGAGTCATA	7.293807	-173.223780	0	T:545.0(14.33%),B:2726.3(6.05%),P:1e-75	Tpos:264.5,Tstd:202.8,Bpos:232.7,Bstd:134.3,StrandBias:0.1,Multiplicity:1.12
0.643	0.120	0.133	0.104
0.019	0.033	0.021	0.927
0.011	0.045	0.890	0.054
0.940	0.048	0.001	0.011
0.028	0.261	0.682	0.029
0.007	0.042	0.005	0.946
0.087	0.880	0.025	0.008
0.925	0.008	0.034	0.033
0.035	0.249	0.137	0.579
0.593	0.183	0.051	0.173
>GTTTCAGTTT	5-GTTTCAGTTT	8.238122	-138.622369	0	T:363.0(9.55%),B:1622.9(3.60%),P:1e-60	Tpos:295.6,Tstd:275.8,Bpos:235.2,Bstd:144.6,StrandBias:-0.0,Multiplicity:1.10
0.001	0.044	0.900	0.055
0.001	0.050	0.001	0.948
0.001	0.001	0.021	0.977
0.001	0.016	0.012	0.971
0.001	0.997	0.001	0.001
0.849	0.001	0.058	0.092
0.001	0.281	0.676	0.042
0.001	0.001	0.001	0.997
0.039	0.009	0.001	0.951
0.045	0.069	0.018	0.868
>GCCCCRCCCA	6-GCCCCRCCCA	7.993131	-125.625727	0	T:927.0(24.38%),B:6636.8(14.72%),P:1e-54	Tpos:306.3,Tstd:248.5,Bpos:229.8,Bstd:142.4,StrandBias:0.0,Multiplicity:1.48
0.271	0.001	0.614	0.114
0.089	0.831	0.001	0.079
0.001	0.745	0.001	0.253
0.317	0.681	0.001	0.001
0.001	0.997	0.001	0.001
0.521	0.001	0.463	0.015
0.001	0.997	0.001	0.001
0.001	0.997	0.001	0.001
0.001	0.851	0.001	0.147
0.443	0.268	0.001	0.288
>CCCCCTAGTG	7-CCCCCTAGTG	8.894147	-120.725881	0	T:296.0(7.79%),B:1267.6(2.81%),P:1e-52	Tpos:269.1,Tstd:231.5,Bpos:229.5,Bstd:134.6,StrandBias:0.2,Multiplicity:1.03
0.100	0.877	0.001	0.022
0.022	0.976	0.001	0.001
0.355	0.569	0.075	0.001
0.040	0.682	0.001	0.277
0.001	0.997	0.001	0.001
0.001	0.037	0.031	0.931
0.624	0.001	0.293	0.082
0.001	0.209	0.789	0.001
0.083	0.035	0.024	0.858
0.001	0.001	0.997	0.001
>CCACATCAAA	8-CCACATCAAA	8.974466	-83.503344	0	T:184.0(4.84%),B:734.2(1.63%),P:1e-36	Tpos:276.3,Tstd:240.7,Bpos:231.3,Bstd:140.2,StrandBias:0.4,Multiplicity:1.04
0.029	0.875	0.001	0.095
0.001	0.985	0.013	0.001
0.963	0.019	0.001	0.017
0.010	0.980	0.001	0.009
0.813	0.027	0.006	0.154
0.122	0.001	0.001	0.876
0.001	0.719	0.211	0.069
0.972	0.001	0.001	0.026
0.927	0.018	0.011	0.044
0.976	0.001	0.022	0.001
>ACTTCAAAGA	9-ACTTCAAAGA	7.785525	-77.607985	0	T:630.0(16.57%),B:4564.9(10.12%),P:1e-33	Tpos:287.0,Tstd:237.3,Bpos:231.5,Bstd:138.2,StrandBias:0.1,Multiplicity:1.10
0.728	0.028	0.172	0.072
0.002	0.780	0.113	0.105
0.204	0.059	0.055	0.682
0.041	0.001	0.232	0.726
0.072	0.790	0.104	0.034
0.957	0.013	0.024	0.006
0.639	0.050	0.286	0.025
0.978	0.020	0.001	0.001
0.036	0.001	0.962	0.001
0.767	0.009	0.178	0.046
>GGGAAATCCC	10-GGGAAATCCC	7.334639	-77.055589	0	T:406.0(10.68%),B:2530.2(5.61%),P:1e-33	Tpos:306.3,Tstd:281.8,Bpos:230.0,Bstd:138.8,StrandBias:-0.0,Multiplicity:1.10
0.113	0.188	0.617	0.082
0.079	0.236	0.625	0.060
0.295	0.001	0.695	0.009
0.752	0.006	0.241	0.001
0.944	0.054	0.001	0.001
0.449	0.161	0.195	0.195
0.090	0.207	0.203	0.500
0.002	0.634	0.119	0.245
0.027	0.902	0.070	0.001
0.016	0.784	0.124	0.076
>ACCGAAAGCA	11-ACCGAAAGCA	6.936293	-52.404498	0	T:519.0(13.65%),B:3950.8(8.76%),P:1e-22	Tpos:328.4,Tstd:311.0,Bpos:232.0,Bstd:143.3,StrandBias:0.2,Multiplicity:1.10
0.806	0.060	0.067	0.067
0.061	0.793	0.061	0.085
0.068	0.790	0.045	0.097
0.032	0.037	0.877	0.054
0.763	0.037	0.124	0.076
0.797	0.055	0.097	0.051
0.860	0.050	0.044	0.046
0.041	0.058	0.756	0.145
0.099	0.769	0.069	0.063
0.798	0.095	0.020	0.087
>GAGGATGTGG	12-GAGGATGTGG	11.372573	-49.888337	0	T:94.0(2.47%),B:339.6(0.75%),P:1e-21	Tpos:300.7,Tstd:282.0,Bpos:237.6,Bstd:125.9,StrandBias:0.3,Multiplicity:1.03
0.001	0.217	0.781	0.001
0.873	0.001	0.125	0.001
0.001	0.001	0.997	0.001
0.001	0.001	0.997	0.001
0.997	0.001	0.001	0.001
0.001	0.001	0.001	0.997
0.001	0.001	0.867	0.131
0.001	0.001	0.001	0.997
0.001	0.001	0.997	0.001
0.001	0.001	0.997	0.001
>AACATGAAAG	13-AACATGAAAG	9.048345	-41.096559	0	T:186.0(4.89%),B:1090.1(2.42%),P:1e-17	Tpos:284.3,Tstd:206.0,Bpos:236.0,Bstd:142.3,StrandBias:-0.4,Multiplicity:1.07
0.976	0.022	0.001	0.001
0.857	0.085	0.057	0.001
0.079	0.873	0.047	0.001
0.997	0.001	0.001	0.001
0.071	0.001	0.102	0.826
0.025	0.089	0.885	0.001
0.997	0.001	0.001	0.001
0.967	0.001	0.031	0.001
0.881	0.076	0.042	0.001
0.132	0.071	0.796	0.001
>CGAAATGACG	14-CGAAATGACG	6.754009	-40.927638	0	T:143.0(3.76%),B:747.0(1.66%),P:1e-17	Tpos:292.1,Tstd:265.3,Bpos:227.4,Bstd:148.7,StrandBias:0.1,Multiplicity:1.04
0.089	0.671	0.142	0.098
0.081	0.098	0.676	0.145
0.694	0.124	0.096	0.086
0.717	0.104	0.080	0.099
0.648	0.119	0.145	0.088
0.145	0.118	0.060	0.677
0.137	0.039	0.662	0.162
0.710	0.045	0.157	0.088
0.057	0.782	0.049	0.112
0.126	0.063	0.665	0.146
>CGTGTGGTCG	15-CGTGTGGTCG	10.016294	-36.538011	0	T:46.0(1.21%),B:120.5(0.27%),P:1e-15	Tpos:276.5,Tstd:189.4,Bpos:207.2,Bstd:132.2,StrandBias:0.1,Multiplicity:1.07
0.001	0.740	0.088	0.171
0.087	0.239	0.644	0.030
0.001	0.001	0.001	0.997
0.001	0.001	0.997	0.001
0.001	0.001	0.001	0.997
0.001	0.001	0.997	0.001
0.001	0.001	0.997	0.001
0.024	0.032	0.082	0.862
0.062	0.936	0.001	0.001
0.147	0.001	0.851	0.001
>CGCTTTTGAT	16-CGCTTTTGAT	6.677912	-36.083674	0	T:592.0(15.57%),B:5047.0(11.19%),P:1e-15	Tpos:295.8,Tstd:240.1,Bpos:233.5,Bstd:139.2,StrandBias:-0.2,Multiplicity:1.11
0.078	0.754	0.058	0.110
0.056	0.087	0.770	0.087
0.029	0.862	0.065	0.044
0.076	0.110	0.038	0.776
0.096	0.029	0.049	0.826
0.077	0.095	0.050	0.778
0.091	0.077	0.049	0.783
0.042	0.067	0.819	0.072
0.834	0.052	0.055	0.059
0.097	0.046	0.054	0.803
>AGCGSGTRAA	17-AGCGSGTRAA	7.717369	-35.963481	0	T:286.0(7.52%),B:2042.4(4.53%),P:1e-15	Tpos:289.3,Tstd:239.9,Bpos:231.6,Bstd:150.0,StrandBias:0.3,Multiplicity:1.06
0.511	0.169	0.319	0.001
0.001	0.001	0.997	0.001
0.030	0.968	0.001	0.001
0.074	0.001	0.757	0.168
0.083	0.344	0.491	0.082
0.001	0.208	0.488	0.303
0.200	0.006	0.242	0.552
0.470	0.072	0.457	0.001
0.979	0.001	0.001	0.019
0.997	0.001	0.001	0.001
>AAAAGGCTGC	18-AAAAGGCTGC	8.714390	-35.170887	0	T:208.0(5.47%),B:1351.1(3.00%),P:1e-15	Tpos:308.6,Tstd:281.1,Bpos:231.4,Bstd:138.0,StrandBias:-0.1,Multiplicity:1.04
0.751	0.089	0.112	0.048
0.840	0.001	0.152	0.007
0.943	0.001	0.001	0.055
0.883	0.001	0.115	0.001
0.217	0.113	0.669	0.001
0.025	0.107	0.867	0.001
0.075	0.606	0.204	0.115
0.183	0.066	0.001	0.750
0.001	0.105	0.893	0.001
0.124	0.826	0.049	0.001
>CATTTGCGTA	19-CATTTGCGTA	7.059662	-31.721756	0	T:220.0(5.79%),B:1508.1(3.34%),P:1e-13	Tpos:298.5,Tstd:257.2,Bpos:227.2,Bstd:136.7,StrandBias:0.0,Multiplicity:1.06
0.074	0.783	0.090	0.053
0.810	0.090	0.046	0.054
0.048	0.071	0.110	0.771
0.048	0.029	0.036	0.887
0.068	0.042	0.084	0.806
0.143	0.125	0.657	0.075
0.080	0.830	0.041	0.049
0.119	0.019	0.826	0.036
0.055	0.059	0.056	0.830
0.808	0.066	0.072	0.054
>TCGCGAGTTT	20-TCGCGAGTTT	5.594685	-30.460544	0	T:360.0(9.47%),B:2854.5(6.33%),P:1e-13	Tpos:332.7,Tstd:277.9,Bpos:232.5,Bstd:149.9,StrandBias:-0.0,Multiplicity:1.14
0.170	0.124	0.154	0.552
0.158	0.611	0.085	0.146
0.121	0.128	0.618	0.133
0.126	0.614	0.135	0.125
0.157	0.137	0.592	0.114
0.622	0.133	0.091	0.154
0.158	0.157	0.552	0.133
0.165	0.097	0.111	0.627
0.133	0.149	0.112	0.606
0.162	0.063	0.171	0.604
>AGGCGGGTTV	21-AGGCGGGTTV	9.441962	-30.358348	0	T:66.0(1.74%),B:267.8(0.59%),P:1e-13	Tpos:277.2,Tstd:190.9,Bpos:230.4,Bstd:146.2,StrandBias:-0.1,Multiplicity:1.06
0.938	0.060	0.001	0.001
0.001	0.001	0.997	0.001
0.001	0.008	0.743	0.248
0.001	0.997	0.001	0.001
0.001	0.191	0.807	0.001
0.001	0.001	0.713	0.285
0.001	0.001	0.997	0.001
0.189	0.086	0.073	0.652
0.001	0.418	0.001	0.580
0.227	0.338	0.338	0.097
>GCGTATCTGA	22-GCGTATCTGA	6.875945	-29.466082	0	T:276.0(7.26%),B:2065.2(4.58%),P:1e-12	Tpos:272.8,Tstd:249.1,Bpos:235.8,Bstd:140.0,StrandBias:0.1,Multiplicity:1.03
0.041	0.088	0.841	0.030
0.058	0.810	0.043	0.089
0.031	0.067	0.851	0.051
0.112	0.069	0.076	0.743
0.793	0.098	0.044	0.065
0.100	0.053	0.040	0.807
0.090	0.807	0.051	0.052
0.098	0.089	0.054	0.759
0.061	0.108	0.752	0.079
0.845	0.045	0.061	0.049
>TTACGACAGC	23-TTACGACAGC	7.441220	-29.452622	0	T:203.0(5.34%),B:1390.1(3.08%),P:1e-12	Tpos:308.3,Tstd:302.2,Bpos:226.2,Bstd:140.3,StrandBias:-0.1,Multiplicity:1.04
0.068	0.031	0.043	0.858
0.077	0.057	0.092	0.774
0.700	0.141	0.067	0.092
0.013	0.843	0.031	0.113
0.062	0.124	0.760	0.054
0.796	0.099	0.065	0.040
0.071	0.710	0.076	0.143
0.842	0.043	0.047	0.068
0.049	0.074	0.865	0.012
0.068	0.860	0.026	0.046
>TCTGGCGCGC	24-TCTGGCGCGC	10.075907	-25.582190	0	T:15.0(0.39%),B:15.0(0.03%),P:1e-11	Tpos:191.1,Tstd:92.7,Bpos:225.2,Bstd:142.6,StrandBias:1.0,Multiplicity:1.00
0.001	0.001	0.001	0.997
0.001	0.997	0.001	0.001
0.001	0.001	0.001	0.997
0.001	0.001	0.997	0.001
0.001	0.001	0.839	0.159
0.001	0.997	0.001	0.001
0.001	0.001	0.997	0.001
0.001	0.997	0.001	0.001
0.001	0.001	0.997	0.001
0.146	0.852	0.001	0.001
>AAATGCGCTT	25-AAATGCGCTT	10.296193	-10.504088	0	T:5.0(0.13%),B:4.3(0.01%),P:1e-4	Tpos:226.6,Tstd:138.3,Bpos:216.9,Bstd:143.4,StrandBias:0.6,Multiplicity:1.00
0.700	0.100	0.100	0.100
0.700	0.100	0.100	0.100
0.700	0.100	0.100	0.100
0.100	0.100	0.100	0.700
0.100	0.100	0.700	0.100
0.100	0.700	0.100	0.100
0.100	0.100	0.700	0.100
0.100	0.700	0.100	0.100
0.100	0.100	0.100	0.700
0.100	0.100	0.100	0.700
>NCCACTTCCTGY	1-NCCACTTCCTGY	8.372792	-242.293011	0	T:889.0(23.38%),B:4917.8(10.91%),P:1e-105	Tpos:294.3,Tstd:229.4,Bpos:233.5,Bstd:134.6,StrandBias:0.0,Multiplicity:1.19
0.287	0.266	0.250	0.198
0.195	0.489	0.142	0.174
0.153	0.621	0.072	0.154
0.597	0.123	0.110	0.170
0.001	0.782	0.035	0.182
0.191	0.011	0.001	0.797
0.001	0.090	0.028	0.881
0.001	0.997	0.001	0.001
0.001	0.997	0.001	0.001
0.005	0.001	0.005	0.989
0.015	0.170	0.615	0.200
0.045	0.370	0.096	0.489
>CCACTAGGGGGC	2-CCACTAGGGGGC	9.447204	-226.840581	0	T:327.0(8.60%),B:943.4(2.09%),P:1e-98	Tpos:256.3,Tstd:209.2,Bpos:225.7,Bstd:136.1,StrandBias:-0.3,Multiplicity:1.04
0.053	0.850	0.027	0.070
0.001	0.997	0.001	0.001
0.835	0.019	0.046	0.100
0.001	0.819	0.179	0.001
0.188	0.247	0.055	0.510
0.850	0.001	0.062	0.087
0.001	0.001	0.997	0.001
0.420	0.001	0.578	0.001
0.070	0.031	0.601	0.298
0.001	0.001	0.997	0.001
0.031	0.015	0.884	0.070
0.096	0.777	0.031	0.096
>AAACCACAAANM	3-AAACCACAAANM	8.544406	-186.729433	0	T:572.0(15.04%),B:2827.8(6.27%),P:1e-81	Tpos:296.1,Tstd:231.5,Bpos:232.8,Bstd:139.4,StrandBias:0.0,Multiplicity:1.13
0.643	0.073	0.036	0.248
0.824	0.001	0.174	0.001
0.807	0.103	0.089	0.001
0.001	0.997	0.001	0.001
0.001	0.978	0.001	0.020
0.763	0.235	0.001	0.001
0.089	0.784	0.082	0.045
0.908	0.001	0.047	0.044
0.566	0.026	0.360	0.048
0.553	0.090	0.327	0.030
0.317	0.216	0.293	0.174
0.445	0.354	0.198	0.003
>AGTTTCAGTTTC	4-AGTTTCAGTTTC	8.707699	-182.368687	0	T:427.0(11.23%),B:1789.0(3.97%),P:1e-79	Tpos:313.3,Tstd:316.2,Bpos:234.1,Bstd:143.8,StrandBias:-0.2,Multiplicity:1.15
0.637	0.001	0.284	0.078
0.049	0.233	0.651	0.067
0.025	0.017	0.073	0.885
0.008	0.001	0.001	0.990
0.054	0.024	0.101	0.821
0.001	0.773	0.001	0.225
0.705	0.046	0.122	0.127
0.099	0.271	0.495	0.135
0.032	0.009	0.001	0.958
0.007	0.039	0.001	0.953
0.083	0.093	0.124	0.700
0.164	0.588	0.202	0.046
>NDATGASTCANM	5-NDATGASTCANM	8.425198	-167.843749	0	T:349.0(9.18%),B:1345.9(2.98%),P:1e-72	Tpos:268.8,Tstd:208.7,Bpos:236.0,Bstd:134.5,StrandBias:0.0,Multiplicity:1.06
0.279	0.285	0.209	0.227
0.247	0.117	0.292	0.344
0.417	0.228	0.224	0.130
0.068	0.001	0.063	0.868
0.001	0.001	0.997	0.001
0.985	0.001	0.013	0.001
0.067	0.392	0.415	0.126
0.043	0.077	0.014	0.866
0.065	0.916	0.018	0.001
0.978	0.020	0.001	0.001
0.198	0.232	0.228	0.342
0.386	0.266	0.128	0.220
>MCCACATCAAAG	6-MCCACATCAAAG	9.430276	-120.283179	0	T:199.0(5.23%),B:642.3(1.42%),P:1e-52	Tpos:247.8,Tstd:201.1,Bpos:230.7,Bstd:143.5,StrandBias:0.7,Multiplicity:1.04
0.440	0.291	0.198	0.071
0.021	0.827	0.001	0.151
0.021	0.977	0.001	0.001
0.920	0.001	0.001	0.078
0.040	0.921	0.001	0.038
0.772	0.011	0.001	0.216
0.300	0.001	0.027	0.672
0.044	0.581	0.256	0.119
0.888	0.022	0.001	0.089
0.876	0.075	0.048	0.001
0.819	0.001	0.071	0.109
0.154	0.166	0.637	0.043
>ATGTGGTTTCCG	7-ATGTGGTTTCCG	5.456122	-111.691265	0	T:1740.0(45.77%),B:15421.2(34.20%),P:1e-48	Tpos:301.4,Tstd:272.1,Bpos:230.7,Bstd:138.9,StrandBias:-0.0,Multiplicity:1.33
0.577	0.148	0.137	0.138
0.121	0.102	0.109	0.668
0.078	0.108	0.703	0.111
0.118	0.096	0.085	0.701
0.081	0.090	0.718	0.111
0.092	0.126	0.683	0.099
0.070	0.130	0.101	0.699
0.070	0.093	0.082	0.755
0.088	0.090	0.120	0.702
0.089	0.655	0.129	0.127
0.142	0.605	0.097	0.156
0.140	0.146	0.534	0.180
>GCCCCGCCCYKC	8-GCCCCGCCCYKC	8.541319	-92.321817	0	T:658.0(17.31%),B:4594.0(10.19%),P:1e-40	Tpos:313.4,Tstd:251.6,Bpos:229.8,Bstd:145.9,StrandBias:0.1,Multiplicity:1.36
0.343	0.024	0.589	0.044
0.001	0.997	0.001	0.001
0.001	0.679	0.001	0.319
0.177	0.821	0.001	0.001
0.001	0.970	0.001	0.028
0.357	0.001	0.641	0.001
0.001	0.987	0.011	0.001
0.001	0.936	0.050	0.013
0.001	0.808	0.001	0.190
0.219	0.349	0.001	0.430
0.036	0.237	0.433	0.294
0.155	0.543	0.178	0.124
>GGGAAAKCCCCW	9-GGGAAAKCCCCW	7.885549	-88.837508	0	T:441.0(11.60%),B:2690.5(5.97%),P:1e-38	Tpos:311.0,Tstd:287.7,Bpos:232.0,Bstd:134.7,StrandBias:-0.0,Multiplicity:1.12
0.037	0.012	0.867	0.084
0.103	0.001	0.828	0.068
0.040	0.001	0.955	0.004
0.577	0.055	0.367	0.001
0.716	0.228	0.055	0.001
0.462	0.072	0.188	0.278
0.108	0.089	0.393	0.409
0.072	0.529	0.051	0.348
0.062	0.936	0.001	0.001
0.135	0.839	0.001	0.025
0.009	0.766	0.001	0.224
0.341	0.168	0.130	0.362
>GGTGTGGCTTWT	10-GGTGTGGCTTWT	9.729764	-50.281675	0	T:120.0(3.16%),B:507.6(1.13%),P:1e-21	Tpos:270.1,Tstd:190.9,Bpos:228.3,Bstd:137.7,StrandBias:-0.2,Multiplicity:1.08
0.001	0.001	0.917	0.081
0.001	0.001	0.997	0.001
0.001	0.001	0.103	0.895
0.001	0.001	0.958	0.040
0.001	0.001	0.029	0.969
0.236	0.001	0.762	0.001
0.080	0.121	0.667	0.132
0.183	0.719	0.001	0.097
0.040	0.070	0.001	0.889
0.040	0.231	0.089	0.640
0.415	0.147	0.122	0.316
0.159	0.144	0.017	0.680
>GTGTGGTTAAAC	11-GTGTGGTTAAAC	10.081611	-42.279150	0	T:63.0(1.66%),B:190.1(0.42%),P:1e-18	Tpos:265.6,Tstd:199.2,Bpos:238.9,Bstd:145.2,StrandBias:-0.1,Multiplicity:1.00
0.084	0.001	0.845	0.070
0.085	0.001	0.040	0.874
0.001	0.001	0.997	0.001
0.131	0.001	0.040	0.828
0.080	0.001	0.839	0.080
0.081	0.126	0.753	0.040
0.001	0.001	0.044	0.954
0.225	0.001	0.040	0.734
0.795	0.001	0.043	0.161
0.997	0.001	0.001	0.001
0.799	0.040	0.121	0.040
0.157	0.731	0.001	0.111
>ACACTTTGAAGT	12-ACACTTTGAAGT	9.222789	-41.878397	0	T:163.0(4.29%),B:895.1(1.98%),P:1e-18	Tpos:319.3,Tstd:310.4,Bpos:234.5,Bstd:144.7,StrandBias:-0.2,Multiplicity:1.03
0.765	0.107	0.092	0.036
0.063	0.803	0.068	0.066
0.870	0.057	0.001	0.072
0.001	0.928	0.057	0.014
0.001	0.086	0.001	0.912
0.037	0.061	0.094	0.808
0.102	0.001	0.030	0.867
0.059	0.084	0.785	0.072
0.805	0.089	0.067	0.039
0.826	0.079	0.072	0.023
0.005	0.079	0.882	0.034
0.093	0.093	0.062	0.752
>WTSCTTCCTGTB	13-WTSCTTCCTGTB	10.170576	-40.451134	0	T:268.0(7.05%),B:1807.7(4.01%),P:1e-17	Tpos:299.9,Tstd:233.6,Bpos:231.5,Bstd:134.3,StrandBias:0.1,Multiplicity:1.06
0.488	0.001	0.062	0.448
0.001	0.001	0.309	0.689
0.001	0.337	0.450	0.212
0.001	0.997	0.001	0.001
0.001	0.001	0.001	0.997
0.001	0.001	0.001	0.997
0.001	0.905	0.093	0.001
0.001	0.997	0.001	0.001
0.001	0.001	0.001	0.997
0.001	0.138	0.617	0.244
0.233	0.001	0.247	0.519
0.001	0.359	0.246	0.394
>CCCACTTCCNGT	14-CCCACTTCCNGT	11.734934	-37.512487	0	T:40.0(1.05%),B:88.3(0.20%),P:1e-16	Tpos:320.4,Tstd:272.3,Bpos:239.4,Bstd:105.2,StrandBias:0.9,Multiplicity:1.00
0.304	0.492	0.203	0.001
0.001	0.997	0.001	0.001
0.001	0.897	0.101	0.001
0.923	0.001	0.001	0.075
0.001	0.908	0.090	0.001
0.001	0.029	0.001	0.969
0.001	0.001	0.001	0.997
0.001	0.992	0.001	0.006
0.051	0.947	0.001	0.001
0.305	0.266	0.203	0.226
0.134	0.081	0.784	0.001
0.001	0.001	0.051	0.947
>AAACCGGAACTT	15-AAACCGGAACTT	8.941272	-28.180375	0	T:107.0(2.81%),B:586.2(1.30%),P:1e-12	Tpos:259.5,Tstd:247.7,Bpos:248.5,Bstd:140.1,StrandBias:-0.2,Multiplicity:1.01
0.753	0.093	0.077	0.077
0.875	0.032	0.041	0.052
0.896	0.052	0.026	0.026
0.052	0.899	0.048	0.001
0.131	0.654	0.071	0.144
0.119	0.138	0.625	0.118
0.041	0.077	0.881	0.001
0.923	0.001	0.051	0.025
0.896	0.026	0.026	0.052
0.001	0.963	0.028	0.008
0.077	0.086	0.026	0.811
0.077	0.001	0.087	0.835
>AAGCTGTGGGTG	16-AAGCTGTGGGTG	14.302951	-27.402748	0	T:11.0(0.29%),B:5.4(0.01%),P:1e-11	Tpos:188.7,Tstd:165.1,Bpos:250.2,Bstd:154.4,StrandBias:-0.3,Multiplicity:1.00
0.997	0.001	0.001	0.001
0.997	0.001	0.001	0.001
0.001	0.001	0.997	0.001
0.001	0.997	0.001	0.001
0.001	0.113	0.001	0.885
0.001	0.001	0.997	0.001
0.001	0.001	0.001	0.997
0.001	0.001	0.997	0.001
0.113	0.001	0.885	0.001
0.001	0.001	0.997	0.001
0.001	0.001	0.001	0.997
0.001	0.001	0.997	0.001
>CATTTCCTGCCT	17-CATTTCCTGCCT	10.275011	-26.418219	0	T:93.0(2.45%),B:493.1(1.09%),P:1e-11	Tpos:252.0,Tstd:182.9,Bpos:229.9,Bstd:133.8,StrandBias:-0.0,Multiplicity:1.02
0.064	0.730	0.205	0.001
0.669	0.051	0.279	0.001
0.001	0.001	0.076	0.922
0.001	0.001	0.096	0.902
0.001	0.107	0.082	0.810
0.001	0.920	0.001	0.078
0.001	0.997	0.001	0.001
0.128	0.032	0.001	0.839
0.001	0.129	0.757	0.113
0.051	0.796	0.152	0.001
0.096	0.777	0.057	0.070
0.070	0.125	0.001	0.804
>TGATTGGTTGCT	18-TGATTGGTTGCT	10.177083	-21.414649	0	T:53.0(1.39%),B:236.5(0.52%),P:1e-9	Tpos:249.6,Tstd:211.4,Bpos:232.9,Bstd:140.2,StrandBias:-0.4,Multiplicity:1.02
0.053	0.016	0.032	0.899
0.059	0.072	0.868	0.001
0.720	0.113	0.110	0.057
0.022	0.043	0.060	0.875
0.043	0.017	0.068	0.872
0.043	0.001	0.846	0.110
0.034	0.091	0.810	0.065
0.035	0.098	0.043	0.824
0.022	0.043	0.151	0.784
0.043	0.061	0.829	0.067
0.038	0.788	0.071	0.103
0.039	0.045	0.022	0.894
>AAGTCACGACGA	19-AAGTCACGACGA	9.385360	-20.865362	0	T:54.0(1.42%),B:247.8(0.55%),P:1e-9	Tpos:284.8,Tstd:183.8,Bpos:219.4,Bstd:133.6,StrandBias:0.4,Multiplicity:1.00
0.790	0.060	0.060	0.090
0.939	0.030	0.030	0.001
0.001	0.001	0.969	0.029
0.030	0.030	0.030	0.910
0.001	0.997	0.001	0.001
0.969	0.029	0.001	0.001
0.150	0.627	0.148	0.075
0.078	0.089	0.743	0.090
0.858	0.030	0.082	0.030
0.101	0.679	0.087	0.133
0.138	0.078	0.702	0.082
0.820	0.149	0.030	0.001
>CTACAACCCTGC	20-CTACAACCCTGC	10.033231	-18.085228	0	T:9.0(0.24%),B:8.0(0.02%),P:1e-7	Tpos:131.8,Tstd:94.0,Bpos:211.7,Bstd:96.2,StrandBias:1.6,Multiplicity:1.50
0.001	0.997	0.001	0.001
0.001	0.001	0.001	0.997
0.997	0.001	0.001	0.001
0.001	0.997	0.001	0.001
0.997	0.001	0.001	0.001
0.997	0.001	0.001	0.001
0.046	0.952	0.001	0.001
0.001	0.952	0.046	0.001
0.001	0.997	0.001	0.001
0.001	0.001	0.001	0.997
0.001	0.001	0.997	0.001
0.001	0.659	0.001	0.339
>CTGCAACAGAAG	21-CTGCAACAGAAG	14.769900	-17.894968	0	T:8.0(0.21%),B:5.8(0.01%),P:1e-7	Tpos:288.6,Tstd:162.3,Bpos:196.6,Bstd:137.0,StrandBias:1.6,Multiplicity:1.00
0.001	0.997	0.001	0.001
0.001	0.001	0.001	0.997
0.001	0.001	0.997	0.001
0.001	0.997	0.001	0.001
0.997	0.001	0.001	0.001
0.997	0.001	0.001	0.001
0.001	0.997	0.001	0.001
0.997	0.001	0.001	0.001
0.001	0.001	0.838	0.160
0.997	0.001	0.001	0.001
0.997	0.001	0.001	0.001
0.001	0.001	0.997	0.001
>GAGGGGCCAGGT	22-GAGGGGCCAGGT	12.355432	-17.407479	0	T:6.0(0.16%),B:2.9(0.01%),P:1e-7	Tpos:212.2,Tstd:95.8,Bpos:359.4,Bstd:104.0,StrandBias:0.0,Multiplicity:1.00
0.100	0.100	0.700	0.100
0.700	0.100	0.100	0.100
0.100	0.100	0.700	0.100
0.100	0.100	0.700	0.100
0.100	0.100	0.700	0.100
0.100	0.100	0.700	0.100
0.100	0.700	0.100	0.100
0.100	0.700	0.100	0.100
0.700	0.100	0.100	0.100
0.100	0.100	0.700	0.100
0.100	0.100	0.700	0.100
0.100	0.100	0.100	0.700
>AGCTGGGGTGGC	23-AGCTGGGGTGGC	12.355432	-17.226112	0	T:5.0(0.13%),B:1.9(0.00%),P:1e-7	Tpos:269.2,Tstd:67.3,Bpos:214.8,Bstd:117.1,StrandBias:10.0,Multiplicity:1.00
0.700	0.100	0.100	0.100
0.100	0.100	0.700	0.100
0.100	0.700	0.100	0.100
0.100	0.100	0.100	0.700
0.100	0.100	0.700	0.100
0.100	0.100	0.700	0.100
0.100	0.100	0.700	0.100
0.100	0.100	0.700	0.100
0.100	0.100	0.100	0.700
0.100	0.100	0.700	0.100
0.100	0.100	0.700	0.100
0.100	0.700	0.100	0.100
>TTCATCAGTACA	24-TTCATCAGTACA	13.560041	-15.450913	0	T:11.0(0.29%),B:16.5(0.04%),P:1e-6	Tpos:387.6,Tstd:226.2,Bpos:250.0,Bstd:117.6,StrandBias:0.0,Multiplicity:1.45
0.001	0.001	0.001	0.997
0.001	0.001	0.001	0.997
0.001	0.997	0.001	0.001
0.997	0.001	0.001	0.001
0.001	0.001	0.001	0.997
0.001	0.997	0.001	0.001
0.997	0.001	0.001	0.001
0.001	0.418	0.580	0.001
0.001	0.141	0.001	0.857
0.997	0.001	0.001	0.001
0.001	0.997	0.001	0.001
0.580	0.001	0.001	0.418
>NCTGTACAAGGN	25-NCTGTACAAGGN	9.636785	-7.258480	0	T:3.0(0.08%),B:2.6(0.01%),P:1e-3	Tpos:191.1,Tstd:144.1,Bpos:167.8,Bstd:143.8,StrandBias:2.6,Multiplicity:2.33
0.222	0.207	0.227	0.344
0.130	0.623	0.123	0.124
0.136	0.084	0.083	0.697
0.116	0.129	0.623	0.132
0.134	0.129	0.117	0.620
0.606	0.120	0.140	0.134
0.139	0.618	0.122	0.121
0.666	0.125	0.081	0.128
0.646	0.092	0.130	0.132
0.142	0.087	0.646	0.125
0.144	0.108	0.618	0.130
0.226	0.233	0.295	0.246
>AAACCACA	1-AAACCACA	6.686297	-226.910424	0	T:1245.0(32.75%),B:8297.7(18.40%),P:1e-98	Tpos:288.4,Tstd:230.6,Bpos:229.9,Bstd:140.8,StrandBias:0.0,Multiplicity:1.31
0.502	0.139	0.081	0.278
0.661	0.045	0.174	0.120
0.752	0.072	0.146	0.030
0.001	0.982	0.016	0.001
0.001	0.906	0.073	0.020
0.666	0.080	0.203	0.051
0.093	0.827	0.046	0.034
0.708	0.119	0.073	0.100
>AGGAAGTG	2-AGGAAGTG	8.700769	-177.508775	0	T:805.0(21.17%),B:4842.3(10.74%),P:1e-77	Tpos:298.4,Tstd:245.2,Bpos:234.3,Bstd:135.8,StrandBias:-0.0,Multiplicity:1.15
0.955	0.043	0.001	0.001
0.001	0.001	0.997	0.001
0.001	0.001	0.997	0.001
0.997	0.001	0.001	0.001
0.997	0.001	0.001	0.001
0.186	0.001	0.812	0.001
0.001	0.001	0.001	0.997
0.120	0.001	0.751	0.128
>ATGAGTCA	3-ATGAGTCA	9.540774	-156.431918	0	T:287.0(7.55%),B:1007.2(2.23%),P:1e-67	Tpos:265.0,Tstd:195.0,Bpos:236.6,Bstd:132.7,StrandBias:-0.1,Multiplicity:1.04
0.754	0.101	0.084	0.061
0.001	0.001	0.001	0.997
0.001	0.001	0.962	0.036
0.984	0.014	0.001	0.001
0.001	0.318	0.680	0.001
0.001	0.001	0.001	0.997
0.054	0.944	0.001	0.001
0.997	0.001	0.001	0.001
>TGAGTCAB	4-TGAGTCAB	6.701970	-135.508103	0	T:808.0(21.25%),B:5373.4(11.92%),P:1e-58	Tpos:277.6,Tstd:245.8,Bpos:232.6,Bstd:138.1,StrandBias:-0.0,Multiplicity:1.14
0.073	0.051	0.001	0.875
0.063	0.001	0.777	0.159
0.926	0.072	0.001	0.001
0.102	0.205	0.558	0.135
0.033	0.119	0.001	0.847
0.100	0.863	0.001	0.036
0.897	0.026	0.076	0.001
0.134	0.272	0.299	0.295
>AACCGAAA	5-AACCGAAA	5.939238	-86.688820	0	T:1211.0(31.85%),B:10243.6(22.72%),P:1e-37	Tpos:293.8,Tstd:272.4,Bpos:230.9,Bstd:144.5,StrandBias:0.0,Multiplicity:1.31
0.953	0.001	0.001	0.045
0.997	0.001	0.001	0.001
0.102	0.864	0.020	0.014
0.080	0.618	0.001	0.301
0.082	0.001	0.916	0.001
0.850	0.030	0.103	0.017
0.954	0.016	0.021	0.009
0.980	0.001	0.018	0.001
>GCTTCCGG	6-GCTTCCGG	6.131661	-83.132381	0	T:1310.0(34.46%),B:11382.2(25.24%),P:1e-36	Tpos:304.5,Tstd:258.7,Bpos:232.3,Bstd:143.6,StrandBias:0.0,Multiplicity:1.34
0.061	0.129	0.490	0.319
0.039	0.746	0.054	0.161
0.070	0.093	0.082	0.755
0.103	0.001	0.110	0.786
0.065	0.933	0.001	0.001
0.001	0.738	0.260	0.001
0.053	0.044	0.623	0.280
0.063	0.158	0.778	0.001
>CGCGGTTW	7-CGCGGTTW	5.477685	-65.309758	0	T:797.0(20.96%),B:6437.6(14.28%),P:1e-28	Tpos:319.3,Tstd:267.7,Bpos:232.4,Bstd:153.7,StrandBias:-0.1,Multiplicity:1.29
0.060	0.909	0.030	0.001
0.061	0.001	0.937	0.001
0.056	0.697	0.110	0.137
0.059	0.148	0.558	0.235
0.001	0.070	0.792	0.137
0.210	0.157	0.142	0.490
0.001	0.001	0.001	0.997
0.438	0.031	0.017	0.514
>TGGGTGTG	8-TGGGTGTG	7.210016	-62.848415	0	T:513.0(13.49%),B:3705.8(8.22%),P:1e-27	Tpos:307.6,Tstd:267.5,Bpos:232.3,Bstd:139.7,StrandBias:-0.2,Multiplicity:1.14
0.162	0.001	0.001	0.836
0.001	0.001	0.997	0.001
0.001	0.001	0.997	0.001
0.001	0.001	0.997	0.001
0.001	0.140	0.001	0.858
0.001	0.001	0.997	0.001
0.001	0.074	0.001	0.924
0.001	0.001	0.997	0.001
>TCCGCCCM	9-TCCGCCCM	7.378531	-61.759045	0	T:709.0(18.65%),B:5629.7(12.48%),P:1e-26	Tpos:324.0,Tstd:275.6,Bpos:231.3,Bstd:152.7,StrandBias:0.1,Multiplicity:1.63
0.107	0.286	0.001	0.606
0.129	0.869	0.001	0.001
0.001	0.997	0.001	0.001
0.001	0.001	0.997	0.001
0.001	0.997	0.001	0.001
0.001	0.849	0.001	0.149
0.005	0.772	0.001	0.222
0.407	0.394	0.001	0.198
>CTTCAAAG	10-CTTCAAAG	6.506728	-59.560046	0	T:742.0(19.52%),B:6007.6(13.32%),P:1e-25	Tpos:309.1,Tstd:276.8,Bpos:232.4,Bstd:140.2,StrandBias:0.1,Multiplicity:1.17
0.001	0.833	0.001	0.165
0.261	0.001	0.026	0.712
0.001	0.001	0.001	0.997
0.001	0.897	0.101	0.001
0.978	0.001	0.020	0.001
0.997	0.001	0.001	0.001
0.969	0.029	0.001	0.001
0.001	0.001	0.997	0.001
>TAGGTGGC	11-TAGGTGGC	7.293173	-57.374575	0	T:278.0(7.31%),B:1672.2(3.71%),P:1e-24	Tpos:274.8,Tstd:215.9,Bpos:234.2,Bstd:139.5,StrandBias:-0.2,Multiplicity:1.06
0.001	0.001	0.001	0.997
0.997	0.001	0.001	0.001
0.001	0.001	0.997	0.001
0.162	0.001	0.836	0.001
0.001	0.001	0.141	0.857
0.001	0.001	0.997	0.001
0.001	0.001	0.997	0.001
0.001	0.997	0.001	0.001
>TTTGATCT	12-TTTGATCT	7.406978	-56.496998	0	T:448.0(11.78%),B:3202.3(7.10%),P:1e-24	Tpos:290.8,Tstd:243.6,Bpos:227.9,Bstd:140.9,StrandBias:-0.1,Multiplicity:1.08
0.001	0.001	0.001	0.997
0.001	0.001	0.001	0.997
0.001	0.001	0.001	0.997
0.001	0.222	0.776	0.001
0.997	0.001	0.001	0.001
0.001	0.001	0.001	0.997
0.001	0.874	0.124	0.001
0.001	0.001	0.071	0.927
>GAAACCCC	13-GAAACCCC	7.025662	-49.198868	0	T:610.0(16.04%),B:4911.4(10.89%),P:1e-21	Tpos:293.8,Tstd:251.3,Bpos:233.6,Bstd:139.7,StrandBias:0.4,Multiplicity:1.11
0.129	0.001	0.869	0.001
0.950	0.022	0.001	0.027
0.997	0.001	0.001	0.001
0.935	0.001	0.001	0.063
0.132	0.667	0.001	0.200
0.035	0.888	0.012	0.065
0.001	0.953	0.001	0.045
0.099	0.837	0.036	0.028
>TTACGACA	14-TTACGACA	6.383457	-47.680332	0	T:455.0(11.97%),B:3424.2(7.59%),P:1e-20	Tpos:287.9,Tstd:255.9,Bpos:229.3,Bstd:143.7,StrandBias:0.1,Multiplicity:1.07
0.001	0.006	0.139	0.854
0.031	0.002	0.085	0.882
0.997	0.001	0.001	0.001
0.051	0.947	0.001	0.001
0.043	0.241	0.715	0.001
0.526	0.005	0.130	0.339
0.058	0.833	0.108	0.001
0.739	0.001	0.259	0.001
>ACGCRAAY	15-ACGCRAAY	5.967022	-40.500605	0	T:245.0(6.44%),B:1602.2(3.55%),P:1e-17	Tpos:315.9,Tstd:270.9,Bpos:228.5,Bstd:144.4,StrandBias:0.4,Multiplicity:1.09
0.447	0.204	0.295	0.054
0.001	0.551	0.176	0.272
0.001	0.032	0.916	0.051
0.001	0.615	0.298	0.086
0.381	0.182	0.253	0.184
0.763	0.217	0.001	0.019
0.662	0.301	0.001	0.036
0.092	0.398	0.001	0.509
>GGGTGGGG	16-GGGTGGGG	8.833638	-40.262264	0	T:723.0(19.02%),B:6286.9(13.94%),P:1e-17	Tpos:295.4,Tstd:255.2,Bpos:229.9,Bstd:135.0,StrandBias:0.0,Multiplicity:1.29
0.001	0.001	0.997	0.001
0.001	0.001	0.997	0.001
0.160	0.001	0.838	0.001
0.001	0.001	0.001	0.997
0.124	0.001	0.874	0.001
0.001	0.001	0.997	0.001
0.184	0.055	0.760	0.001
0.001	0.001	0.997	0.001
>TTGCGCGA	17-TTGCGCGA	6.757391	-37.677451	0	T:182.0(4.79%),B:1096.5(2.43%),P:1e-16	Tpos:290.3,Tstd:212.4,Bpos:233.1,Bstd:157.2,StrandBias:0.2,Multiplicity:1.05
0.001	0.001	0.037	0.961
0.063	0.045	0.001	0.891
0.001	0.087	0.904	0.008
0.063	0.844	0.057	0.036
0.035	0.012	0.884	0.069
0.001	0.929	0.069	0.001
0.039	0.196	0.696	0.069
0.888	0.001	0.110	0.001
>CAGGATGT	18-CAGGATGT	8.236954	-34.175946	0	T:148.0(3.89%),B:854.5(1.89%),P:1e-14	Tpos:274.0,Tstd:217.0,Bpos:242.4,Bstd:130.8,StrandBias:0.3,Multiplicity:1.02
0.100	0.700	0.100	0.100
0.700	0.100	0.100	0.100
0.100	0.100	0.700	0.100
0.100	0.100	0.700	0.100
0.700	0.100	0.100	0.100
0.100	0.100	0.100	0.700
0.100	0.100	0.700	0.100
0.100	0.100	0.100	0.700
>AGTGAAAC	19-AGTGAAAC	9.999297	-33.864670	0	T:187.0(4.92%),B:1186.8(2.63%),P:1e-14	Tpos:300.0,Tstd:244.8,Bpos:230.9,Bstd:140.6,StrandBias:0.2,Multiplicity:1.06
0.655	0.001	0.001	0.343
0.001	0.001	0.997	0.001
0.001	0.001	0.001	0.997
0.001	0.001	0.997	0.001
0.997	0.001	0.001	0.001
0.997	0.001	0.001	0.001
0.997	0.001	0.001	0.001
0.001	0.997	0.001	0.001
>ACCGCAGA	20-ACCGCAGA	9.499105	-29.606501	0	T:87.0(2.29%),B:420.7(0.93%),P:1e-12	Tpos:307.3,Tstd:247.9,Bpos:221.5,Bstd:150.2,StrandBias:0.1,Multiplicity:1.03
0.997	0.001	0.001	0.001
0.001	0.997	0.001	0.001
0.001	0.997	0.001	0.001
0.001	0.001	0.997	0.001
0.001	0.997	0.001	0.001
0.997	0.001	0.001	0.001
0.001	0.001	0.997	0.001
0.790	0.001	0.001	0.208
>CTCACCAC	21-CTCACCAC	8.286726	-29.044855	0	T:311.0(8.18%),B:2409.0(5.34%),P:1e-12	Tpos:302.6,Tstd:220.5,Bpos:228.1,Bstd:140.5,StrandBias:0.2,Multiplicity:1.05
0.001	0.997	0.001	0.001
0.001	0.001	0.001	0.997
0.001	0.997	0.001	0.001
0.997	0.001	0.001	0.001
0.001	0.997	0.001	0.001
0.001	0.901	0.097	0.001
0.636	0.001	0.001	0.362
0.001	0.997	0.001	0.001
>TGATTGGT	22-TGATTGGT	5.513590	-23.536620	0	T:199.0(5.23%),B:1452.5(3.22%),P:1e-10	Tpos:265.1,Tstd:198.5,Bpos:234.1,Bstd:144.8,StrandBias:0.2,Multiplicity:1.12
0.001	0.110	0.001	0.888
0.001	0.001	0.997	0.001
0.997	0.001	0.001	0.001
0.001	0.001	0.001	0.997
0.001	0.001	0.001	0.997
0.001	0.148	0.850	0.001
0.001	0.001	0.997	0.001
0.001	0.236	0.001	0.762
>TGTGGTCG	23-TGTGGTCG	8.236954	-20.824235	0	T:42.0(1.10%),B:165.7(0.37%),P:1e-9	Tpos:295.1,Tstd:184.5,Bpos:229.7,Bstd:133.8,StrandBias:0.1,Multiplicity:1.03
0.100	0.100	0.100	0.700
0.100	0.100	0.700	0.100
0.100	0.100	0.100	0.700
0.100	0.100	0.700	0.100
0.100	0.100	0.700	0.100
0.100	0.100	0.100	0.700
0.100	0.700	0.100	0.100
0.100	0.100	0.700	0.100
>SGTGTARC	24-SGTGTARC	7.991942	-18.600534	0	T:94.0(2.47%),B:586.4(1.30%),P:1e-8	Tpos:250.3,Tstd:198.8,Bpos:227.1,Bstd:139.1,StrandBias:-0.2,Multiplicity:1.04
0.001	0.506	0.477	0.016
0.005	0.220	0.774	0.001
0.077	0.163	0.216	0.544
0.123	0.001	0.875	0.001
0.001	0.171	0.001	0.827
0.890	0.001	0.001	0.108
0.416	0.141	0.441	0.001
0.110	0.791	0.010	0.089
>ATGAGTAA	25-ATGAGTAA	8.236954	-14.786907	0	T:67.0(1.76%),B:405.4(0.90%),P:1e-6	Tpos:270.4,Tstd:200.6,Bpos:230.8,Bstd:129.1,StrandBias:0.0,Multiplicity:1.05
0.700	0.100	0.100	0.100
0.100	0.100	0.100	0.700
0.100	0.100	0.700	0.100
0.700	0.100	0.100	0.100
0.100	0.100	0.700	0.100
0.100	0.100	0.100	0.700
0.700	0.100	0.100	0.100
0.700	0.100	0.100	0.100
