>CACTTCCTGT	1-CACTTCCTGT	8.083126	-268.677694	0	T:972.0(25.57%),B:5378.7(11.93%),P:1e-116	Tpos:293.3,Tstd:231.8,Bpos:232.9,Bstd:137.9,StrandBias:0.1,Multiplicity:1.20
0.160	0.547	0.070	0.223
0.657	0.069	0.213	0.061
0.015	0.595	0.126	0.264
0.072	0.001	0.001	0.926
0.011	0.001	0.001	0.987
0.001	0.934	0.001	0.064
0.001	0.994	0.004	0.001
0.001	0.006	0.061	0.932
0.001	0.107	0.733	0.159
0.111	0.182	0.102	0.605
>TGTGGTTTYY	2-TGTGGTTTYY	7.846248	-234.156366	0	T:853.0(22.44%),B:4689.7(10.40%),P:1e-101	Tpos:286.6,Tstd:233.4,Bpos:228.9,Bstd:139.5,StrandBias:-0.1,Multiplicity:1.16
0.083	0.002	0.073	0.842
0.001	0.051	0.905	0.043
0.065	0.021	0.069	0.845
0.003	0.001	0.982	0.014
0.001	0.001	0.997	0.001
0.001	0.131	0.077	0.791
0.003	0.037	0.001	0.959
0.141	0.051	0.133	0.675
0.125	0.420	0.151	0.304
0.150	0.402	0.167	0.281
>TTTGCGGTTW	3-TTTGCGGTTW	6.022585	-186.632346	0	T:1497.0(39.37%),B:11375.2(25.23%),P:1e-81	Tpos:291.2,Tstd:238.2,Bpos:231.4,Bstd:143.5,StrandBias:-0.1,Multiplicity:1.28
0.136	0.226	0.226	0.411
0.101	0.213	0.160	0.526
0.150	0.121	0.031	0.698
0.049	0.085	0.709	0.157
0.065	0.524	0.062	0.349
0.108	0.002	0.714	0.176
0.010	0.001	0.982	0.007
0.001	0.128	0.138	0.733
0.048	0.171	0.069	0.712
0.434	0.011	0.022	0.533
>ATGAGTCATA	4-ATGAGTCATA	7.293807	-173.223780	0	T:545.0(14.33%),B:2726.3(6.05%),P:1e-75	Tpos:264.5,Tstd:202.8,Bpos:232.7,Bstd:134.3,StrandBias:0.1,Multiplicity:1.12
0.643	0.120	0.133	0.104
0.019	0.033	0.021	0.927
0.011	0.045	0.890	0.054
0.940	0.048	0.001	0.011
0.028	0.261	0.682	0.029
0.007	0.042	0.005	0.946
0.087	0.880	0.025	0.008
0.925	0.008	0.034	0.033
0.035	0.249	0.137	0.579
0.593	0.183	0.051	0.173
>GTTTCAGTTT	5-GTTTCAGTTT	8.238122	-138.622369	0	T:363.0(9.55%),B:1622.9(3.60%),P:1e-60	Tpos:295.6,Tstd:275.8,Bpos:235.2,Bstd:144.6,StrandBias:-0.0,Multiplicity:1.10
0.001	0.044	0.900	0.055
0.001	0.050	0.001	0.948
0.001	0.001	0.021	0.977
0.001	0.016	0.012	0.971
0.001	0.997	0.001	0.001
0.849	0.001	0.058	0.092
0.001	0.281	0.676	0.042
0.001	0.001	0.001	0.997
0.039	0.009	0.001	0.951
0.045	0.069	0.018	0.868
>GCCCCRCCCA	6-GCCCCRCCCA	7.993131	-125.625727	0	T:927.0(24.38%),B:6636.8(14.72%),P:1e-54	Tpos:306.3,Tstd:248.5,Bpos:229.8,Bstd:142.4,StrandBias:0.0,Multiplicity:1.48
0.271	0.001	0.614	0.114
0.089	0.831	0.001	0.079
0.001	0.745	0.001	0.253
0.317	0.681	0.001	0.001
0.001	0.997	0.001	0.001
0.521	0.001	0.463	0.015
0.001	0.997	0.001	0.001
0.001	0.997	0.001	0.001
0.001	0.851	0.001	0.147
0.443	0.268	0.001	0.288
>CCCCCTAGTG	7-CCCCCTAGTG	8.894147	-120.725881	0	T:296.0(7.79%),B:1267.6(2.81%),P:1e-52	Tpos:269.1,Tstd:231.5,Bpos:229.5,Bstd:134.6,StrandBias:0.2,Multiplicity:1.03
0.100	0.877	0.001	0.022
0.022	0.976	0.001	0.001
0.355	0.569	0.075	0.001
0.040	0.682	0.001	0.277
0.001	0.997	0.001	0.001
0.001	0.037	0.031	0.931
0.624	0.001	0.293	0.082
0.001	0.209	0.789	0.001
0.083	0.035	0.024	0.858
0.001	0.001	0.997	0.001
>CCACATCAAA	8-CCACATCAAA	8.974466	-83.503344	0	T:184.0(4.84%),B:734.2(1.63%),P:1e-36	Tpos:276.3,Tstd:240.7,Bpos:231.3,Bstd:140.2,StrandBias:0.4,Multiplicity:1.04
0.029	0.875	0.001	0.095
0.001	0.985	0.013	0.001
0.963	0.019	0.001	0.017
0.010	0.980	0.001	0.009
0.813	0.027	0.006	0.154
0.122	0.001	0.001	0.876
0.001	0.719	0.211	0.069
0.972	0.001	0.001	0.026
0.927	0.018	0.011	0.044
0.976	0.001	0.022	0.001
>ACTTCAAAGA	9-ACTTCAAAGA	7.785525	-77.607985	0	T:630.0(16.57%),B:4564.9(10.12%),P:1e-33	Tpos:287.0,Tstd:237.3,Bpos:231.5,Bstd:138.2,StrandBias:0.1,Multiplicity:1.10
0.728	0.028	0.172	0.072
0.002	0.780	0.113	0.105
0.204	0.059	0.055	0.682
0.041	0.001	0.232	0.726
0.072	0.790	0.104	0.034
0.957	0.013	0.024	0.006
0.639	0.050	0.286	0.025
0.978	0.020	0.001	0.001
0.036	0.001	0.962	0.001
0.767	0.009	0.178	0.046
>GGGAAATCCC	10-GGGAAATCCC	7.334639	-77.055589	0	T:406.0(10.68%),B:2530.2(5.61%),P:1e-33	Tpos:306.3,Tstd:281.8,Bpos:230.0,Bstd:138.8,StrandBias:-0.0,Multiplicity:1.10
0.113	0.188	0.617	0.082
0.079	0.236	0.625	0.060
0.295	0.001	0.695	0.009
0.752	0.006	0.241	0.001
0.944	0.054	0.001	0.001
0.449	0.161	0.195	0.195
0.090	0.207	0.203	0.500
0.002	0.634	0.119	0.245
0.027	0.902	0.070	0.001
0.016	0.784	0.124	0.076
>ACCGAAAGCA	11-ACCGAAAGCA	6.936293	-52.404498	0	T:519.0(13.65%),B:3950.8(8.76%),P:1e-22	Tpos:328.4,Tstd:311.0,Bpos:232.0,Bstd:143.3,StrandBias:0.2,Multiplicity:1.10
0.806	0.060	0.067	0.067
0.061	0.793	0.061	0.085
0.068	0.790	0.045	0.097
0.032	0.037	0.877	0.054
0.763	0.037	0.124	0.076
0.797	0.055	0.097	0.051
0.860	0.050	0.044	0.046
0.041	0.058	0.756	0.145
0.099	0.769	0.069	0.063
0.798	0.095	0.020	0.087
>GAGGATGTGG	12-GAGGATGTGG	11.372573	-49.888337	0	T:94.0(2.47%),B:339.6(0.75%),P:1e-21	Tpos:300.7,Tstd:282.0,Bpos:237.6,Bstd:125.9,StrandBias:0.3,Multiplicity:1.03
0.001	0.217	0.781	0.001
0.873	0.001	0.125	0.001
0.001	0.001	0.997	0.001
0.001	0.001	0.997	0.001
0.997	0.001	0.001	0.001
0.001	0.001	0.001	0.997
0.001	0.001	0.867	0.131
0.001	0.001	0.001	0.997
0.001	0.001	0.997	0.001
0.001	0.001	0.997	0.001
>AACATGAAAG	13-AACATGAAAG	9.048345	-41.096559	0	T:186.0(4.89%),B:1090.1(2.42%),P:1e-17	Tpos:284.3,Tstd:206.0,Bpos:236.0,Bstd:142.3,StrandBias:-0.4,Multiplicity:1.07
0.976	0.022	0.001	0.001
0.857	0.085	0.057	0.001
0.079	0.873	0.047	0.001
0.997	0.001	0.001	0.001
0.071	0.001	0.102	0.826
0.025	0.089	0.885	0.001
0.997	0.001	0.001	0.001
0.967	0.001	0.031	0.001
0.881	0.076	0.042	0.001
0.132	0.071	0.796	0.001
>CGAAATGACG	14-CGAAATGACG	6.754009	-40.927638	0	T:143.0(3.76%),B:747.0(1.66%),P:1e-17	Tpos:292.1,Tstd:265.3,Bpos:227.4,Bstd:148.7,StrandBias:0.1,Multiplicity:1.04
0.089	0.671	0.142	0.098
0.081	0.098	0.676	0.145
0.694	0.124	0.096	0.086
0.717	0.104	0.080	0.099
0.648	0.119	0.145	0.088
0.145	0.118	0.060	0.677
0.137	0.039	0.662	0.162
0.710	0.045	0.157	0.088
0.057	0.782	0.049	0.112
0.126	0.063	0.665	0.146
>CGTGTGGTCG	15-CGTGTGGTCG	10.016294	-36.538011	0	T:46.0(1.21%),B:120.5(0.27%),P:1e-15	Tpos:276.5,Tstd:189.4,Bpos:207.2,Bstd:132.2,StrandBias:0.1,Multiplicity:1.07
0.001	0.740	0.088	0.171
0.087	0.239	0.644	0.030
0.001	0.001	0.001	0.997
0.001	0.001	0.997	0.001
0.001	0.001	0.001	0.997
0.001	0.001	0.997	0.001
0.001	0.001	0.997	0.001
0.024	0.032	0.082	0.862
0.062	0.936	0.001	0.001
0.147	0.001	0.851	0.001
>CGCTTTTGAT	16-CGCTTTTGAT	6.677912	-36.083674	0	T:592.0(15.57%),B:5047.0(11.19%),P:1e-15	Tpos:295.8,Tstd:240.1,Bpos:233.5,Bstd:139.2,StrandBias:-0.2,Multiplicity:1.11
0.078	0.754	0.058	0.110
0.056	0.087	0.770	0.087
0.029	0.862	0.065	0.044
0.076	0.110	0.038	0.776
0.096	0.029	0.049	0.826
0.077	0.095	0.050	0.778
0.091	0.077	0.049	0.783
0.042	0.067	0.819	0.072
0.834	0.052	0.055	0.059
0.097	0.046	0.054	0.803
>AGCGSGTRAA	17-AGCGSGTRAA	7.717369	-35.963481	0	T:286.0(7.52%),B:2042.4(4.53%),P:1e-15	Tpos:289.3,Tstd:239.9,Bpos:231.6,Bstd:150.0,StrandBias:0.3,Multiplicity:1.06
0.511	0.169	0.319	0.001
0.001	0.001	0.997	0.001
0.030	0.968	0.001	0.001
0.074	0.001	0.757	0.168
0.083	0.344	0.491	0.082
0.001	0.208	0.488	0.303
0.200	0.006	0.242	0.552
0.470	0.072	0.457	0.001
0.979	0.001	0.001	0.019
0.997	0.001	0.001	0.001
>AAAAGGCTGC	18-AAAAGGCTGC	8.714390	-35.170887	0	T:208.0(5.47%),B:1351.1(3.00%),P:1e-15	Tpos:308.6,Tstd:281.1,Bpos:231.4,Bstd:138.0,StrandBias:-0.1,Multiplicity:1.04
0.751	0.089	0.112	0.048
0.840	0.001	0.152	0.007
0.943	0.001	0.001	0.055
0.883	0.001	0.115	0.001
0.217	0.113	0.669	0.001
0.025	0.107	0.867	0.001
0.075	0.606	0.204	0.115
0.183	0.066	0.001	0.750
0.001	0.105	0.893	0.001
0.124	0.826	0.049	0.001
>CATTTGCGTA	19-CATTTGCGTA	7.059662	-31.721756	0	T:220.0(5.79%),B:1508.1(3.34%),P:1e-13	Tpos:298.5,Tstd:257.2,Bpos:227.2,Bstd:136.7,StrandBias:0.0,Multiplicity:1.06
0.074	0.783	0.090	0.053
0.810	0.090	0.046	0.054
0.048	0.071	0.110	0.771
0.048	0.029	0.036	0.887
0.068	0.042	0.084	0.806
0.143	0.125	0.657	0.075
0.080	0.830	0.041	0.049
0.119	0.019	0.826	0.036
0.055	0.059	0.056	0.830
0.808	0.066	0.072	0.054
>TCGCGAGTTT	20-TCGCGAGTTT	5.594685	-30.460544	0	T:360.0(9.47%),B:2854.5(6.33%),P:1e-13	Tpos:332.7,Tstd:277.9,Bpos:232.5,Bstd:149.9,StrandBias:-0.0,Multiplicity:1.14
0.170	0.124	0.154	0.552
0.158	0.611	0.085	0.146
0.121	0.128	0.618	0.133
0.126	0.614	0.135	0.125
0.157	0.137	0.592	0.114
0.622	0.133	0.091	0.154
0.158	0.157	0.552	0.133
0.165	0.097	0.111	0.627
0.133	0.149	0.112	0.606
0.162	0.063	0.171	0.604
>AGGCGGGTTV	21-AGGCGGGTTV	9.441962	-30.358348	0	T:66.0(1.74%),B:267.8(0.59%),P:1e-13	Tpos:277.2,Tstd:190.9,Bpos:230.4,Bstd:146.2,StrandBias:-0.1,Multiplicity:1.06
0.938	0.060	0.001	0.001
0.001	0.001	0.997	0.001
0.001	0.008	0.743	0.248
0.001	0.997	0.001	0.001
0.001	0.191	0.807	0.001
0.001	0.001	0.713	0.285
0.001	0.001	0.997	0.001
0.189	0.086	0.073	0.652
0.001	0.418	0.001	0.580
0.227	0.338	0.338	0.097
>GCGTATCTGA	22-GCGTATCTGA	6.875945	-29.466082	0	T:276.0(7.26%),B:2065.2(4.58%),P:1e-12	Tpos:272.8,Tstd:249.1,Bpos:235.8,Bstd:140.0,StrandBias:0.1,Multiplicity:1.03
0.041	0.088	0.841	0.030
0.058	0.810	0.043	0.089
0.031	0.067	0.851	0.051
0.112	0.069	0.076	0.743
0.793	0.098	0.044	0.065
0.100	0.053	0.040	0.807
0.090	0.807	0.051	0.052
0.098	0.089	0.054	0.759
0.061	0.108	0.752	0.079
0.845	0.045	0.061	0.049
>TTACGACAGC	23-TTACGACAGC	7.441220	-29.452622	0	T:203.0(5.34%),B:1390.1(3.08%),P:1e-12	Tpos:308.3,Tstd:302.2,Bpos:226.2,Bstd:140.3,StrandBias:-0.1,Multiplicity:1.04
0.068	0.031	0.043	0.858
0.077	0.057	0.092	0.774
0.700	0.141	0.067	0.092
0.013	0.843	0.031	0.113
0.062	0.124	0.760	0.054
0.796	0.099	0.065	0.040
0.071	0.710	0.076	0.143
0.842	0.043	0.047	0.068
0.049	0.074	0.865	0.012
0.068	0.860	0.026	0.046
>TCTGGCGCGC	24-TCTGGCGCGC	10.075907	-25.582190	0	T:15.0(0.39%),B:15.0(0.03%),P:1e-11	Tpos:191.1,Tstd:92.7,Bpos:225.2,Bstd:142.6,StrandBias:1.0,Multiplicity:1.00
0.001	0.001	0.001	0.997
0.001	0.997	0.001	0.001
0.001	0.001	0.001	0.997
0.001	0.001	0.997	0.001
0.001	0.001	0.839	0.159
0.001	0.997	0.001	0.001
0.001	0.001	0.997	0.001
0.001	0.997	0.001	0.001
0.001	0.001	0.997	0.001
0.146	0.852	0.001	0.001
>AAATGCGCTT	25-AAATGCGCTT	10.296193	-10.504088	0	T:5.0(0.13%),B:4.3(0.01%),P:1e-4	Tpos:226.6,Tstd:138.3,Bpos:216.9,Bstd:143.4,StrandBias:0.6,Multiplicity:1.00
0.700	0.100	0.100	0.100
0.700	0.100	0.100	0.100
0.700	0.100	0.100	0.100
0.100	0.100	0.100	0.700
0.100	0.100	0.700	0.100
0.100	0.700	0.100	0.100
0.100	0.100	0.700	0.100
0.100	0.700	0.100	0.100
0.100	0.100	0.100	0.700
0.100	0.100	0.100	0.700
