>AAACCACA	1-AAACCACA	6.686297	-226.910424	0	T:1245.0(32.75%),B:8297.7(18.40%),P:1e-98	Tpos:288.4,Tstd:230.6,Bpos:229.9,Bstd:140.8,StrandBias:0.0,Multiplicity:1.31
0.502	0.139	0.081	0.278
0.661	0.045	0.174	0.120
0.752	0.072	0.146	0.030
0.001	0.982	0.016	0.001
0.001	0.906	0.073	0.020
0.666	0.080	0.203	0.051
0.093	0.827	0.046	0.034
0.708	0.119	0.073	0.100
>AGGAAGTG	2-AGGAAGTG	8.700769	-177.508775	0	T:805.0(21.17%),B:4842.3(10.74%),P:1e-77	Tpos:298.4,Tstd:245.2,Bpos:234.3,Bstd:135.8,StrandBias:-0.0,Multiplicity:1.15
0.955	0.043	0.001	0.001
0.001	0.001	0.997	0.001
0.001	0.001	0.997	0.001
0.997	0.001	0.001	0.001
0.997	0.001	0.001	0.001
0.186	0.001	0.812	0.001
0.001	0.001	0.001	0.997
0.120	0.001	0.751	0.128
>ATGAGTCA	3-ATGAGTCA	9.540774	-156.431918	0	T:287.0(7.55%),B:1007.2(2.23%),P:1e-67	Tpos:265.0,Tstd:195.0,Bpos:236.6,Bstd:132.7,StrandBias:-0.1,Multiplicity:1.04
0.754	0.101	0.084	0.061
0.001	0.001	0.001	0.997
0.001	0.001	0.962	0.036
0.984	0.014	0.001	0.001
0.001	0.318	0.680	0.001
0.001	0.001	0.001	0.997
0.054	0.944	0.001	0.001
0.997	0.001	0.001	0.001
>TGAGTCAB	4-TGAGTCAB	6.701970	-135.508103	0	T:808.0(21.25%),B:5373.4(11.92%),P:1e-58	Tpos:277.6,Tstd:245.8,Bpos:232.6,Bstd:138.1,StrandBias:-0.0,Multiplicity:1.14
0.073	0.051	0.001	0.875
0.063	0.001	0.777	0.159
0.926	0.072	0.001	0.001
0.102	0.205	0.558	0.135
0.033	0.119	0.001	0.847
0.100	0.863	0.001	0.036
0.897	0.026	0.076	0.001
0.134	0.272	0.299	0.295
>AACCGAAA	5-AACCGAAA	5.939238	-86.688820	0	T:1211.0(31.85%),B:10243.6(22.72%),P:1e-37	Tpos:293.8,Tstd:272.4,Bpos:230.9,Bstd:144.5,StrandBias:0.0,Multiplicity:1.31
0.953	0.001	0.001	0.045
0.997	0.001	0.001	0.001
0.102	0.864	0.020	0.014
0.080	0.618	0.001	0.301
0.082	0.001	0.916	0.001
0.850	0.030	0.103	0.017
0.954	0.016	0.021	0.009
0.980	0.001	0.018	0.001
>GCTTCCGG	6-GCTTCCGG	6.131661	-83.132381	0	T:1310.0(34.46%),B:11382.2(25.24%),P:1e-36	Tpos:304.5,Tstd:258.7,Bpos:232.3,Bstd:143.6,StrandBias:0.0,Multiplicity:1.34
0.061	0.129	0.490	0.319
0.039	0.746	0.054	0.161
0.070	0.093	0.082	0.755
0.103	0.001	0.110	0.786
0.065	0.933	0.001	0.001
0.001	0.738	0.260	0.001
0.053	0.044	0.623	0.280
0.063	0.158	0.778	0.001
>CGCGGTTW	7-CGCGGTTW	5.477685	-65.309758	0	T:797.0(20.96%),B:6437.6(14.28%),P:1e-28	Tpos:319.3,Tstd:267.7,Bpos:232.4,Bstd:153.7,StrandBias:-0.1,Multiplicity:1.29
0.060	0.909	0.030	0.001
0.061	0.001	0.937	0.001
0.056	0.697	0.110	0.137
0.059	0.148	0.558	0.235
0.001	0.070	0.792	0.137
0.210	0.157	0.142	0.490
0.001	0.001	0.001	0.997
0.438	0.031	0.017	0.514
>TGGGTGTG	8-TGGGTGTG	7.210016	-62.848415	0	T:513.0(13.49%),B:3705.8(8.22%),P:1e-27	Tpos:307.6,Tstd:267.5,Bpos:232.3,Bstd:139.7,StrandBias:-0.2,Multiplicity:1.14
0.162	0.001	0.001	0.836
0.001	0.001	0.997	0.001
0.001	0.001	0.997	0.001
0.001	0.001	0.997	0.001
0.001	0.140	0.001	0.858
0.001	0.001	0.997	0.001
0.001	0.074	0.001	0.924
0.001	0.001	0.997	0.001
>TCCGCCCM	9-TCCGCCCM	7.378531	-61.759045	0	T:709.0(18.65%),B:5629.7(12.48%),P:1e-26	Tpos:324.0,Tstd:275.6,Bpos:231.3,Bstd:152.7,StrandBias:0.1,Multiplicity:1.63
0.107	0.286	0.001	0.606
0.129	0.869	0.001	0.001
0.001	0.997	0.001	0.001
0.001	0.001	0.997	0.001
0.001	0.997	0.001	0.001
0.001	0.849	0.001	0.149
0.005	0.772	0.001	0.222
0.407	0.394	0.001	0.198
>CTTCAAAG	10-CTTCAAAG	6.506728	-59.560046	0	T:742.0(19.52%),B:6007.6(13.32%),P:1e-25	Tpos:309.1,Tstd:276.8,Bpos:232.4,Bstd:140.2,StrandBias:0.1,Multiplicity:1.17
0.001	0.833	0.001	0.165
0.261	0.001	0.026	0.712
0.001	0.001	0.001	0.997
0.001	0.897	0.101	0.001
0.978	0.001	0.020	0.001
0.997	0.001	0.001	0.001
0.969	0.029	0.001	0.001
0.001	0.001	0.997	0.001
>TAGGTGGC	11-TAGGTGGC	7.293173	-57.374575	0	T:278.0(7.31%),B:1672.2(3.71%),P:1e-24	Tpos:274.8,Tstd:215.9,Bpos:234.2,Bstd:139.5,StrandBias:-0.2,Multiplicity:1.06
0.001	0.001	0.001	0.997
0.997	0.001	0.001	0.001
0.001	0.001	0.997	0.001
0.162	0.001	0.836	0.001
0.001	0.001	0.141	0.857
0.001	0.001	0.997	0.001
0.001	0.001	0.997	0.001
0.001	0.997	0.001	0.001
>TTTGATCT	12-TTTGATCT	7.406978	-56.496998	0	T:448.0(11.78%),B:3202.3(7.10%),P:1e-24	Tpos:290.8,Tstd:243.6,Bpos:227.9,Bstd:140.9,StrandBias:-0.1,Multiplicity:1.08
0.001	0.001	0.001	0.997
0.001	0.001	0.001	0.997
0.001	0.001	0.001	0.997
0.001	0.222	0.776	0.001
0.997	0.001	0.001	0.001
0.001	0.001	0.001	0.997
0.001	0.874	0.124	0.001
0.001	0.001	0.071	0.927
>GAAACCCC	13-GAAACCCC	7.025662	-49.198868	0	T:610.0(16.04%),B:4911.4(10.89%),P:1e-21	Tpos:293.8,Tstd:251.3,Bpos:233.6,Bstd:139.7,StrandBias:0.4,Multiplicity:1.11
0.129	0.001	0.869	0.001
0.950	0.022	0.001	0.027
0.997	0.001	0.001	0.001
0.935	0.001	0.001	0.063
0.132	0.667	0.001	0.200
0.035	0.888	0.012	0.065
0.001	0.953	0.001	0.045
0.099	0.837	0.036	0.028
>TTACGACA	14-TTACGACA	6.383457	-47.680332	0	T:455.0(11.97%),B:3424.2(7.59%),P:1e-20	Tpos:287.9,Tstd:255.9,Bpos:229.3,Bstd:143.7,StrandBias:0.1,Multiplicity:1.07
0.001	0.006	0.139	0.854
0.031	0.002	0.085	0.882
0.997	0.001	0.001	0.001
0.051	0.947	0.001	0.001
0.043	0.241	0.715	0.001
0.526	0.005	0.130	0.339
0.058	0.833	0.108	0.001
0.739	0.001	0.259	0.001
>ACGCRAAY	15-ACGCRAAY	5.967022	-40.500605	0	T:245.0(6.44%),B:1602.2(3.55%),P:1e-17	Tpos:315.9,Tstd:270.9,Bpos:228.5,Bstd:144.4,StrandBias:0.4,Multiplicity:1.09
0.447	0.204	0.295	0.054
0.001	0.551	0.176	0.272
0.001	0.032	0.916	0.051
0.001	0.615	0.298	0.086
0.381	0.182	0.253	0.184
0.763	0.217	0.001	0.019
0.662	0.301	0.001	0.036
0.092	0.398	0.001	0.509
>GGGTGGGG	16-GGGTGGGG	8.833638	-40.262264	0	T:723.0(19.02%),B:6286.9(13.94%),P:1e-17	Tpos:295.4,Tstd:255.2,Bpos:229.9,Bstd:135.0,StrandBias:0.0,Multiplicity:1.29
0.001	0.001	0.997	0.001
0.001	0.001	0.997	0.001
0.160	0.001	0.838	0.001
0.001	0.001	0.001	0.997
0.124	0.001	0.874	0.001
0.001	0.001	0.997	0.001
0.184	0.055	0.760	0.001
0.001	0.001	0.997	0.001
>TTGCGCGA	17-TTGCGCGA	6.757391	-37.677451	0	T:182.0(4.79%),B:1096.5(2.43%),P:1e-16	Tpos:290.3,Tstd:212.4,Bpos:233.1,Bstd:157.2,StrandBias:0.2,Multiplicity:1.05
0.001	0.001	0.037	0.961
0.063	0.045	0.001	0.891
0.001	0.087	0.904	0.008
0.063	0.844	0.057	0.036
0.035	0.012	0.884	0.069
0.001	0.929	0.069	0.001
0.039	0.196	0.696	0.069
0.888	0.001	0.110	0.001
>CAGGATGT	18-CAGGATGT	8.236954	-34.175946	0	T:148.0(3.89%),B:854.5(1.89%),P:1e-14	Tpos:274.0,Tstd:217.0,Bpos:242.4,Bstd:130.8,StrandBias:0.3,Multiplicity:1.02
0.100	0.700	0.100	0.100
0.700	0.100	0.100	0.100
0.100	0.100	0.700	0.100
0.100	0.100	0.700	0.100
0.700	0.100	0.100	0.100
0.100	0.100	0.100	0.700
0.100	0.100	0.700	0.100
0.100	0.100	0.100	0.700
>AGTGAAAC	19-AGTGAAAC	9.999297	-33.864670	0	T:187.0(4.92%),B:1186.8(2.63%),P:1e-14	Tpos:300.0,Tstd:244.8,Bpos:230.9,Bstd:140.6,StrandBias:0.2,Multiplicity:1.06
0.655	0.001	0.001	0.343
0.001	0.001	0.997	0.001
0.001	0.001	0.001	0.997
0.001	0.001	0.997	0.001
0.997	0.001	0.001	0.001
0.997	0.001	0.001	0.001
0.997	0.001	0.001	0.001
0.001	0.997	0.001	0.001
>ACCGCAGA	20-ACCGCAGA	9.499105	-29.606501	0	T:87.0(2.29%),B:420.7(0.93%),P:1e-12	Tpos:307.3,Tstd:247.9,Bpos:221.5,Bstd:150.2,StrandBias:0.1,Multiplicity:1.03
0.997	0.001	0.001	0.001
0.001	0.997	0.001	0.001
0.001	0.997	0.001	0.001
0.001	0.001	0.997	0.001
0.001	0.997	0.001	0.001
0.997	0.001	0.001	0.001
0.001	0.001	0.997	0.001
0.790	0.001	0.001	0.208
>CTCACCAC	21-CTCACCAC	8.286726	-29.044855	0	T:311.0(8.18%),B:2409.0(5.34%),P:1e-12	Tpos:302.6,Tstd:220.5,Bpos:228.1,Bstd:140.5,StrandBias:0.2,Multiplicity:1.05
0.001	0.997	0.001	0.001
0.001	0.001	0.001	0.997
0.001	0.997	0.001	0.001
0.997	0.001	0.001	0.001
0.001	0.997	0.001	0.001
0.001	0.901	0.097	0.001
0.636	0.001	0.001	0.362
0.001	0.997	0.001	0.001
>TGATTGGT	22-TGATTGGT	5.513590	-23.536620	0	T:199.0(5.23%),B:1452.5(3.22%),P:1e-10	Tpos:265.1,Tstd:198.5,Bpos:234.1,Bstd:144.8,StrandBias:0.2,Multiplicity:1.12
0.001	0.110	0.001	0.888
0.001	0.001	0.997	0.001
0.997	0.001	0.001	0.001
0.001	0.001	0.001	0.997
0.001	0.001	0.001	0.997
0.001	0.148	0.850	0.001
0.001	0.001	0.997	0.001
0.001	0.236	0.001	0.762
>TGTGGTCG	23-TGTGGTCG	8.236954	-20.824235	0	T:42.0(1.10%),B:165.7(0.37%),P:1e-9	Tpos:295.1,Tstd:184.5,Bpos:229.7,Bstd:133.8,StrandBias:0.1,Multiplicity:1.03
0.100	0.100	0.100	0.700
0.100	0.100	0.700	0.100
0.100	0.100	0.100	0.700
0.100	0.100	0.700	0.100
0.100	0.100	0.700	0.100
0.100	0.100	0.100	0.700
0.100	0.700	0.100	0.100
0.100	0.100	0.700	0.100
>SGTGTARC	24-SGTGTARC	7.991942	-18.600534	0	T:94.0(2.47%),B:586.4(1.30%),P:1e-8	Tpos:250.3,Tstd:198.8,Bpos:227.1,Bstd:139.1,StrandBias:-0.2,Multiplicity:1.04
0.001	0.506	0.477	0.016
0.005	0.220	0.774	0.001
0.077	0.163	0.216	0.544
0.123	0.001	0.875	0.001
0.001	0.171	0.001	0.827
0.890	0.001	0.001	0.108
0.416	0.141	0.441	0.001
0.110	0.791	0.010	0.089
>ATGAGTAA	25-ATGAGTAA	8.236954	-14.786907	0	T:67.0(1.76%),B:405.4(0.90%),P:1e-6	Tpos:270.4,Tstd:200.6,Bpos:230.8,Bstd:129.1,StrandBias:0.0,Multiplicity:1.05
0.700	0.100	0.100	0.100
0.100	0.100	0.100	0.700
0.100	0.100	0.700	0.100
0.700	0.100	0.100	0.100
0.100	0.100	0.700	0.100
0.100	0.100	0.100	0.700
0.700	0.100	0.100	0.100
0.700	0.100	0.100	0.100
