>CGTGTYGC	1-CGTGTYGC	7.194202	-20.624484	0	T:64.0(1.25%),B:238.1(0.53%),P:1e-8	Tpos:187.1,Tstd:174.3,Bpos:134.5,Bstd:77.5,StrandBias:0.1,Multiplicity:1.00
0.001	0.997	0.001	0.001
0.001	0.001	0.997	0.001
0.001	0.010	0.137	0.852
0.123	0.001	0.560	0.316
0.307	0.001	0.001	0.691
0.164	0.446	0.001	0.389
0.025	0.162	0.812	0.001
0.162	0.783	0.001	0.054
>TGGGTGAT	2-TGGGTGAT	10.955033	-9.948623	0	T:66.0(1.29%),B:342.4(0.76%),P:1e-4	Tpos:203.5,Tstd:182.7,Bpos:139.0,Bstd:80.5,StrandBias:-0.7,Multiplicity:1.08
0.001	0.001	0.001	0.997
0.001	0.001	0.997	0.001
0.001	0.106	0.892	0.001
0.001	0.001	0.997	0.001
0.001	0.001	0.001	0.997
0.001	0.001	0.997	0.001
0.997	0.001	0.001	0.001
0.001	0.001	0.001	0.997
>TTAWMACT	3-TTAWMACT	6.966525	-9.663065	0	T:547.0(10.68%),B:4083.6(9.10%),P:1e-4	Tpos:203.8,Tstd:194.8,Bpos:135.3,Bstd:74.6,StrandBias:0.2,Multiplicity:1.10
0.001	0.001	0.145	0.853
0.001	0.326	0.193	0.480
0.706	0.001	0.001	0.292
0.562	0.001	0.001	0.436
0.542	0.456	0.001	0.001
0.866	0.132	0.001	0.001
0.287	0.664	0.048	0.001
0.047	0.231	0.001	0.721
>CTAGGGGG	4-CTAGGGGG	8.236954	-9.338772	0	T:29.0(0.57%),B:114.3(0.25%),P:1e-4	Tpos:133.8,Tstd:77.1,Bpos:141.1,Bstd:77.1,StrandBias:0.2,Multiplicity:1.03
0.100	0.700	0.100	0.100
0.100	0.100	0.100	0.700
0.700	0.100	0.100	0.100
0.100	0.100	0.700	0.100
0.100	0.100	0.700	0.100
0.100	0.100	0.700	0.100
0.100	0.100	0.700	0.100
0.100	0.100	0.700	0.100
>YTTTTTTT	5-YTTTTTTT	7.394394	-4.437087	0	T:1182.0(23.09%),B:9767.0(21.76%),P:1e-1	Tpos:196.2,Tstd:181.9,Bpos:134.3,Bstd:75.3,StrandBias:0.0,Multiplicity:1.23
0.125	0.441	0.001	0.433
0.001	0.316	0.040	0.643
0.001	0.001	0.001	0.997
0.001	0.001	0.098	0.900
0.001	0.002	0.001	0.996
0.001	0.142	0.001	0.856
0.001	0.404	0.001	0.594
0.128	0.140	0.145	0.587
