>TTAATCACTG	1-TTAATCACTG	8.527175	-25.747523	0	T:102.0(1.99%),B:421.3(0.94%),P:1e-11	Tpos:170.9,Tstd:138.2,Bpos:135.9,Bstd:73.7,StrandBias:-0.4,Multiplicity:1.01
0.174	0.213	0.087	0.526
0.001	0.228	0.182	0.589
0.540	0.205	0.001	0.254
0.696	0.218	0.085	0.001
0.176	0.001	0.060	0.763
0.032	0.839	0.097	0.032
0.780	0.001	0.218	0.001
0.192	0.806	0.001	0.001
0.057	0.001	0.096	0.846
0.160	0.005	0.775	0.060
>CBGTTATCAA	2-CBGTTATCAA	8.436698	-21.524625	0	T:104.0(2.03%),B:468.1(1.04%),P:1e-9	Tpos:185.1,Tstd:179.1,Bpos:132.5,Bstd:73.3,StrandBias:-0.4,Multiplicity:1.00
0.074	0.559	0.008	0.359
0.149	0.314	0.254	0.282
0.289	0.021	0.689	0.001
0.285	0.172	0.001	0.542
0.001	0.001	0.001	0.997
0.551	0.062	0.001	0.386
0.001	0.001	0.308	0.690
0.001	0.665	0.001	0.333
0.997	0.001	0.001	0.001
0.661	0.016	0.001	0.322
>TATTCAATTC	3-TATTCAATTC	7.900418	-21.163433	0	T:126.0(2.46%),B:611.9(1.36%),P:1e-9	Tpos:201.5,Tstd:194.5,Bpos:137.9,Bstd:75.5,StrandBias:0.1,Multiplicity:1.02
0.124	0.035	0.127	0.714
0.850	0.013	0.015	0.122
0.101	0.015	0.137	0.747
0.017	0.196	0.072	0.715
0.094	0.563	0.019	0.324
0.605	0.144	0.114	0.137
0.583	0.193	0.091	0.133
0.045	0.123	0.184	0.648
0.212	0.016	0.152	0.620
0.151	0.596	0.160	0.093
>GTCAAGACAG	4-GTCAAGACAG	8.921116	-18.996365	0	T:95.0(1.86%),B:435.1(0.97%),P:1e-8	Tpos:147.9,Tstd:147.5,Bpos:134.2,Bstd:74.2,StrandBias:0.3,Multiplicity:1.01
0.001	0.001	0.922	0.076
0.052	0.179	0.058	0.711
0.029	0.822	0.070	0.079
0.910	0.018	0.044	0.028
0.997	0.001	0.001	0.001
0.070	0.010	0.890	0.030
0.989	0.009	0.001	0.001
0.059	0.910	0.001	0.030
0.868	0.066	0.001	0.065
0.006	0.013	0.980	0.001
>TACAGATTTC	5-TACAGATTTC	9.390240	-18.445415	0	T:103.0(2.01%),B:491.3(1.09%),P:1e-8	Tpos:186.1,Tstd:173.5,Bpos:133.2,Bstd:75.7,StrandBias:0.1,Multiplicity:1.04
0.022	0.148	0.039	0.791
0.965	0.033	0.001	0.001
0.037	0.912	0.001	0.050
0.905	0.001	0.088	0.006
0.102	0.029	0.868	0.001
0.848	0.001	0.060	0.091
0.001	0.009	0.033	0.957
0.001	0.001	0.063	0.935
0.059	0.001	0.063	0.877
0.011	0.939	0.001	0.049
>TCAAAACTAT	6-TCAAAACTAT	7.538272	-18.444420	0	T:331.0(6.46%),B:2112.1(4.71%),P:1e-8	Tpos:197.3,Tstd:178.3,Bpos:133.7,Bstd:75.7,StrandBias:0.3,Multiplicity:1.05
0.095	0.068	0.089	0.748
0.093	0.733	0.078	0.096
0.867	0.062	0.036	0.035
0.850	0.054	0.017	0.079
0.780	0.111	0.059	0.050
0.828	0.047	0.035	0.090
0.074	0.790	0.023	0.113
0.099	0.063	0.088	0.750
0.800	0.074	0.045	0.081
0.039	0.074	0.024	0.863
>CCTGCGTTCT	7-CCTGCGTTCT	7.449070	-18.387638	0	T:306.0(5.98%),B:1926.3(4.29%),P:1e-7	Tpos:195.8,Tstd:189.1,Bpos:134.8,Bstd:75.6,StrandBias:0.3,Multiplicity:1.05
0.102	0.643	0.148	0.107
0.107	0.759	0.046	0.088
0.102	0.001	0.001	0.896
0.096	0.026	0.797	0.081
0.087	0.825	0.048	0.040
0.114	0.074	0.714	0.098
0.012	0.053	0.079	0.856
0.054	0.080	0.071	0.795
0.021	0.821	0.100	0.058
0.054	0.050	0.001	0.895
>GGGATGGGAT	8-GGGATGGGAT	9.596028	-17.851448	0	T:77.0(1.50%),B:334.7(0.75%),P:1e-7	Tpos:197.0,Tstd:191.3,Bpos:124.8,Bstd:76.0,StrandBias:-0.3,Multiplicity:1.19
0.353	0.001	0.645	0.001
0.001	0.001	0.606	0.392
0.001	0.019	0.979	0.001
0.997	0.001	0.001	0.001
0.001	0.096	0.001	0.902
0.001	0.304	0.694	0.001
0.001	0.001	0.733	0.265
0.001	0.001	0.997	0.001
0.997	0.001	0.001	0.001
0.001	0.184	0.001	0.814
>TAGCTATACA	9-TAGCTATACA	6.664849	-16.833891	0	T:670.0(13.09%),B:4804.5(10.71%),P:1e-7	Tpos:198.4,Tstd:200.6,Bpos:134.7,Bstd:75.7,StrandBias:0.1,Multiplicity:1.13
0.083	0.107	0.021	0.789
0.774	0.056	0.069	0.101
0.092	0.055	0.792	0.061
0.059	0.756	0.117	0.068
0.084	0.055	0.072	0.789
0.793	0.085	0.050	0.072
0.076	0.059	0.021	0.844
0.797	0.079	0.058	0.066
0.078	0.820	0.056	0.046
0.852	0.071	0.026	0.051
>ACGGTTGCTT	10-ACGGTTGCTT	13.661549	-15.738153	0	T:5.0(0.10%),B:2.0(0.00%),P:1e-6	Tpos:106.6,Tstd:27.4,Bpos:227.7,Bstd:4.9,StrandBias:-0.6,Multiplicity:1.00
0.997	0.001	0.001	0.001
0.001	0.997	0.001	0.001
0.001	0.001	0.997	0.001
0.001	0.001	0.997	0.001
0.001	0.001	0.001	0.997
0.001	0.001	0.001	0.997
0.001	0.001	0.997	0.001
0.001	0.840	0.158	0.001
0.001	0.001	0.001	0.997
0.001	0.001	0.001	0.997
>GTGCCTGCGG	11-GTGCCTGCGG	7.217359	-14.601196	0	T:233.0(4.55%),B:1461.9(3.26%),P:1e-6	Tpos:195.7,Tstd:171.5,Bpos:131.3,Bstd:74.4,StrandBias:0.4,Multiplicity:1.15
0.031	0.082	0.863	0.024
0.044	0.029	0.039	0.888
0.055	0.052	0.808	0.085
0.067	0.763	0.093	0.077
0.086	0.821	0.035	0.058
0.075	0.045	0.044	0.836
0.042	0.097	0.800	0.061
0.074	0.756	0.073	0.097
0.037	0.134	0.727	0.102
0.099	0.046	0.745	0.110
>ATACGATAAG	12-ATACGATAAG	9.347703	-14.245032	0	T:21.0(0.41%),B:50.5(0.11%),P:1e-6	Tpos:113.3,Tstd:72.5,Bpos:133.3,Bstd:71.4,StrandBias:2.1,Multiplicity:1.00
0.997	0.001	0.001	0.001
0.001	0.001	0.001	0.997
0.997	0.001	0.001	0.001
0.001	0.948	0.050	0.001
0.001	0.001	0.994	0.004
0.997	0.001	0.001	0.001
0.001	0.001	0.001	0.997
0.997	0.001	0.001	0.001
0.765	0.001	0.001	0.233
0.293	0.001	0.705	0.001
>CAAGTCACTT	13-CAAGTCACTT	12.355903	-11.526604	0	T:15.0(0.29%),B:33.6(0.07%),P:1e-5	Tpos:192.3,Tstd:177.4,Bpos:141.7,Bstd:67.7,StrandBias:-1.0,Multiplicity:1.00
0.062	0.830	0.049	0.059
0.882	0.001	0.116	0.001
0.974	0.024	0.001	0.001
0.296	0.001	0.450	0.253
0.001	0.027	0.021	0.951
0.007	0.878	0.088	0.027
0.951	0.001	0.047	0.001
0.067	0.931	0.001	0.001
0.001	0.001	0.039	0.959
0.024	0.001	0.001	0.974
>AAGTGAGTTG	14-AAGTGAGTTG	5.088233	-4.510934	0	T:1326.0(25.90%),B:10997.1(24.50%),P:1e-1	Tpos:199.7,Tstd:192.7,Bpos:134.2,Bstd:76.0,StrandBias:0.0,Multiplicity:1.22
0.675	0.093	0.119	0.113
0.585	0.169	0.137	0.109
0.072	0.078	0.710	0.140
0.078	0.122	0.112	0.688
0.108	0.105	0.654	0.133
0.659	0.132	0.108	0.101
0.001	0.001	0.997	0.001
0.111	0.102	0.100	0.687
0.119	0.107	0.103	0.671
0.100	0.138	0.671	0.091
>GACTATCTAC	15-GACTATCTAC	10.296193	-3.897661	0	T:3.0(0.06%),B:5.1(0.01%),P:1e-1	Tpos:99.3,Tstd:67.1,Bpos:113.3,Bstd:70.7,StrandBias:3.0,Multiplicity:3.00
0.100	0.100	0.700	0.100
0.700	0.100	0.100	0.100
0.100	0.700	0.100	0.100
0.100	0.100	0.100	0.700
0.700	0.100	0.100	0.100
0.100	0.100	0.100	0.700
0.100	0.700	0.100	0.100
0.100	0.100	0.100	0.700
0.700	0.100	0.100	0.100
0.100	0.700	0.100	0.100
>GGTGTACACT	16-GGTGTACACT	11.750465	-1.408410	0	T:4.0(0.08%),B:23.0(0.05%),P:1e0	Tpos:131.5,Tstd:76.6,Bpos:123.3,Bstd:70.8,StrandBias:3.5,Multiplicity:4.00
0.001	0.001	0.997	0.001
0.001	0.001	0.997	0.001
0.001	0.001	0.001	0.997
0.183	0.001	0.815	0.001
0.001	0.001	0.001	0.997
0.997	0.001	0.001	0.001
0.001	0.997	0.001	0.001
0.846	0.001	0.152	0.001
0.001	0.997	0.001	0.001
0.001	0.001	0.001	0.997
>ACAAATTTCCCT	1-ACAAATTTCCCT	12.928804	-36.802481	0	T:26.0(0.51%),B:25.6(0.06%),P:1e-15	Tpos:206.4,Tstd:215.2,Bpos:142.8,Bstd:77.0,StrandBias:0.0,Multiplicity:1.00
0.869	0.001	0.065	0.065
0.199	0.735	0.001	0.065
0.997	0.001	0.001	0.001
0.869	0.001	0.065	0.065
0.934	0.064	0.001	0.001
0.001	0.064	0.001	0.934
0.001	0.064	0.001	0.934
0.001	0.001	0.001	0.997
0.001	0.934	0.001	0.064
0.064	0.934	0.001	0.001
0.047	0.951	0.001	0.001
0.037	0.001	0.001	0.961
>TGAGCTAAGTCC	2-TGAGCTAAGTCC	10.628062	-31.152681	0	T:45.0(0.88%),B:99.4(0.22%),P:1e-13	Tpos:161.1,Tstd:140.3,Bpos:146.3,Bstd:72.9,StrandBias:0.1,Multiplicity:1.00
0.001	0.001	0.001	0.997
0.001	0.233	0.591	0.175
0.997	0.001	0.001	0.001
0.001	0.297	0.701	0.001
0.001	0.997	0.001	0.001
0.122	0.001	0.001	0.876
0.766	0.175	0.001	0.058
0.898	0.001	0.001	0.100
0.065	0.058	0.814	0.063
0.058	0.058	0.001	0.883
0.001	0.824	0.174	0.001
0.063	0.660	0.001	0.276
>TGCCCAGAGCTG	3-TGCCCAGAGCTG	14.055593	-29.619538	0	T:11.0(0.21%),B:3.9(0.01%),P:1e-12	Tpos:108.3,Tstd:102.8,Bpos:88.4,Bstd:42.4,StrandBias:0.3,Multiplicity:1.00
0.001	0.001	0.001	0.997
0.001	0.001	0.936	0.062
0.001	0.890	0.001	0.108
0.001	0.997	0.001	0.001
0.108	0.890	0.001	0.001
0.936	0.001	0.001	0.062
0.001	0.001	0.997	0.001
0.997	0.001	0.001	0.001
0.001	0.001	0.919	0.079
0.001	0.997	0.001	0.001
0.001	0.001	0.001	0.997
0.001	0.001	0.997	0.001
>CTTGTTAGTGAT	4-CTTGTTAGTGAT	11.965738	-27.311861	0	T:18.0(0.35%),B:16.9(0.04%),P:1e-11	Tpos:162.5,Tstd:300.1,Bpos:127.4,Bstd:65.8,StrandBias:0.3,Multiplicity:1.00
0.001	0.799	0.100	0.100
0.001	0.001	0.001	0.997
0.001	0.001	0.099	0.899
0.001	0.057	0.941	0.001
0.001	0.100	0.100	0.799
0.001	0.001	0.001	0.997
0.899	0.099	0.001	0.001
0.100	0.100	0.700	0.100
0.001	0.001	0.001	0.997
0.028	0.001	0.970	0.001
0.997	0.001	0.001	0.001
0.001	0.001	0.001	0.997
>GCTTCACAGGAA	5-GCTTCACAGGAA	13.061433	-25.683358	0	T:15.0(0.29%),B:11.8(0.03%),P:1e-11	Tpos:133.5,Tstd:83.9,Bpos:148.4,Bstd:65.0,StrandBias:0.2,Multiplicity:1.00
0.070	0.001	0.928	0.001
0.001	0.928	0.070	0.001
0.070	0.001	0.001	0.928
0.041	0.001	0.052	0.906
0.001	0.837	0.161	0.001
0.928	0.001	0.070	0.001
0.001	0.928	0.070	0.001
0.997	0.001	0.001	0.001
0.051	0.001	0.947	0.001
0.052	0.001	0.876	0.071
0.928	0.001	0.070	0.001
0.928	0.001	0.070	0.001
>TGAAACCACGCG	6-TGAAACCACGCG	11.815237	-23.824275	0	T:7.0(0.14%),B:0.9(0.00%),P:1e-10	Tpos:149.4,Tstd:73.6,Bpos:169.0,Bstd:0.0,StrandBias:2.6,Multiplicity:1.00
0.001	0.134	0.001	0.864
0.134	0.001	0.864	0.001
0.997	0.001	0.001	0.001
0.997	0.001	0.001	0.001
0.576	0.001	0.288	0.135
0.001	0.729	0.269	0.001
0.001	0.997	0.001	0.001
0.864	0.001	0.001	0.134
0.135	0.729	0.001	0.135
0.001	0.134	0.864	0.001
0.001	0.712	0.018	0.269
0.001	0.001	0.864	0.134
>GTGGCCTCCCTG	7-GTGGCCTCCCTG	12.948393	-22.952513	0	T:18.0(0.35%),B:21.7(0.05%),P:1e-9	Tpos:111.7,Tstd:74.1,Bpos:119.8,Bstd:75.2,StrandBias:1.4,Multiplicity:1.00
0.001	0.069	0.929	0.001
0.095	0.001	0.001	0.903
0.001	0.095	0.809	0.095
0.095	0.001	0.835	0.069
0.001	0.903	0.001	0.095
0.001	0.903	0.001	0.095
0.001	0.001	0.001	0.997
0.001	0.903	0.095	0.001
0.001	0.997	0.001	0.001
0.001	0.903	0.001	0.095
0.095	0.001	0.001	0.903
0.001	0.001	0.997	0.001
>CCACTTTCAGAA	8-CCACTTTCAGAA	12.621360	-22.824999	0	T:21.0(0.41%),B:30.6(0.07%),P:1e-9	Tpos:126.0,Tstd:82.0,Bpos:156.5,Bstd:85.6,StrandBias:0.4,Multiplicity:1.00
0.074	0.809	0.043	0.074
0.073	0.925	0.001	0.001
0.964	0.001	0.001	0.034
0.074	0.798	0.074	0.054
0.001	0.073	0.001	0.925
0.001	0.073	0.001	0.925
0.001	0.073	0.001	0.925
0.001	0.945	0.001	0.053
0.925	0.001	0.001	0.073
0.001	0.001	0.997	0.001
0.925	0.001	0.073	0.001
0.925	0.001	0.001	0.073
>GAGCAGATCWCA	9-GAGCAGATCWCA	12.154814	-22.633319	0	T:8.0(0.16%),B:3.0(0.01%),P:1e-9	Tpos:138.5,Tstd:96.6,Bpos:192.9,Bstd:44.6,StrandBias:-0.8,Multiplicity:1.38
0.087	0.351	0.533	0.029
0.766	0.029	0.116	0.089
0.030	0.088	0.793	0.089
0.088	0.794	0.029	0.089
0.911	0.001	0.001	0.087
0.058	0.001	0.938	0.003
0.647	0.148	0.145	0.060
0.088	0.322	0.001	0.589
0.030	0.910	0.030	0.030
0.446	0.088	0.059	0.408
0.030	0.766	0.058	0.146
0.796	0.029	0.116	0.059
>AGTGGTCCCTAT	10-AGTGGTCCCTAT	13.888976	-22.306958	0	T:11.0(0.21%),B:6.1(0.01%),P:1e-9	Tpos:124.8,Tstd:85.7,Bpos:104.5,Bstd:47.7,StrandBias:0.3,Multiplicity:1.00
0.850	0.001	0.001	0.148
0.108	0.001	0.743	0.148
0.001	0.001	0.001	0.997
0.001	0.001	0.997	0.001
0.001	0.001	0.997	0.001
0.001	0.001	0.001	0.997
0.001	0.997	0.001	0.001
0.001	0.997	0.001	0.001
0.001	0.997	0.001	0.001
0.001	0.001	0.001	0.997
0.703	0.001	0.148	0.148
0.001	0.001	0.148	0.850
>AGAAATGAAATC	11-AGAAATGAAATC	12.038997	-21.595718	0	T:38.0(0.74%),B:100.5(0.22%),P:1e-9	Tpos:182.8,Tstd:220.6,Bpos:131.9,Bstd:75.7,StrandBias:0.2,Multiplicity:1.00
0.819	0.001	0.090	0.090
0.065	0.052	0.882	0.001
0.956	0.001	0.001	0.042
0.909	0.001	0.089	0.001
0.997	0.001	0.001	0.001
0.020	0.001	0.043	0.936
0.066	0.031	0.902	0.001
0.947	0.051	0.001	0.001
0.881	0.001	0.052	0.066
0.963	0.001	0.001	0.035
0.016	0.052	0.052	0.880
0.001	0.920	0.027	0.052
>WCACCTGTCCTC	12-WCACCTGTCCTC	11.014599	-19.522797	0	T:10.0(0.20%),B:6.9(0.02%),P:1e-8	Tpos:130.9,Tstd:46.6,Bpos:109.4,Bstd:58.7,StrandBias:1.0,Multiplicity:1.20
0.457	0.089	0.143	0.311
0.071	0.816	0.001	0.112
0.725	0.001	0.081	0.193
0.115	0.650	0.001	0.234
0.213	0.785	0.001	0.001
0.001	0.001	0.001	0.997
0.081	0.109	0.809	0.001
0.319	0.125	0.076	0.479
0.079	0.488	0.235	0.198
0.061	0.571	0.001	0.367
0.196	0.071	0.001	0.732
0.122	0.735	0.001	0.142
>CCGAAGTTGCAA	13-CCGAAGTTGCAA	12.933806	-19.490530	0	T:8.0(0.16%),B:3.9(0.01%),P:1e-8	Tpos:116.2,Tstd:80.8,Bpos:181.7,Bstd:59.7,StrandBias:0.7,Multiplicity:1.00
0.001	0.799	0.001	0.199
0.001	0.799	0.001	0.199
0.001	0.001	0.997	0.001
0.997	0.001	0.001	0.001
0.997	0.001	0.001	0.001
0.001	0.001	0.997	0.001
0.001	0.001	0.001	0.997
0.001	0.001	0.001	0.997
0.001	0.001	0.997	0.001
0.001	0.799	0.199	0.001
0.799	0.001	0.199	0.001
0.997	0.001	0.001	0.001
>AGTGAGATCAGT	14-AGTGAGATCAGT	13.762197	-16.851720	0	T:10.0(0.20%),B:8.2(0.02%),P:1e-7	Tpos:234.7,Tstd:177.1,Bpos:135.9,Bstd:99.1,StrandBias:4.4,Multiplicity:2.20
0.997	0.001	0.001	0.001
0.001	0.001	0.915	0.083
0.001	0.001	0.001	0.997
0.001	0.001	0.997	0.001
0.997	0.001	0.001	0.001
0.001	0.001	0.997	0.001
0.915	0.001	0.083	0.001
0.083	0.001	0.001	0.915
0.001	0.997	0.001	0.001
0.997	0.001	0.001	0.001
0.083	0.001	0.833	0.083
0.001	0.001	0.001	0.997
>CCTCTCCATCCA	15-CCTCTCCATCCA	14.082911	-15.776615	0	T:10.0(0.20%),B:9.1(0.02%),P:1e-6	Tpos:200.4,Tstd:159.8,Bpos:130.0,Bstd:74.0,StrandBias:-0.8,Multiplicity:1.90
0.001	0.997	0.001	0.001
0.001	0.997	0.001	0.001
0.001	0.001	0.001	0.997
0.001	0.997	0.001	0.001
0.001	0.099	0.001	0.899
0.001	0.899	0.099	0.001
0.001	0.997	0.001	0.001
0.997	0.001	0.001	0.001
0.001	0.099	0.001	0.899
0.001	0.997	0.001	0.001
0.001	0.997	0.001	0.001
0.997	0.001	0.001	0.001
>CTACTTAATTTT	16-CTACTTAATTTT	12.355432	-15.642879	0	T:6.0(0.12%),B:3.0(0.01%),P:1e-6	Tpos:116.5,Tstd:173.9,Bpos:118.1,Bstd:74.1,StrandBias:1.0,Multiplicity:1.00
0.100	0.700	0.100	0.100
0.100	0.100	0.100	0.700
0.700	0.100	0.100	0.100
0.100	0.700	0.100	0.100
0.100	0.100	0.100	0.700
0.100	0.100	0.100	0.700
0.700	0.100	0.100	0.100
0.700	0.100	0.100	0.100
0.100	0.100	0.100	0.700
0.100	0.100	0.100	0.700
0.100	0.100	0.100	0.700
0.100	0.100	0.100	0.700
>GGGACAKWWGCC	17-GGGACAKWWGCC	10.473251	-14.200763	0	T:16.0(0.31%),B:30.8(0.07%),P:1e-6	Tpos:133.9,Tstd:70.4,Bpos:126.7,Bstd:75.7,StrandBias:1.1,Multiplicity:1.38
0.052	0.025	0.625	0.298
0.281	0.001	0.694	0.024
0.064	0.041	0.845	0.050
0.878	0.025	0.050	0.047
0.401	0.560	0.014	0.025
0.893	0.025	0.008	0.074
0.023	0.058	0.486	0.434
0.481	0.052	0.025	0.442
0.402	0.001	0.076	0.521
0.041	0.050	0.600	0.309
0.047	0.608	0.055	0.290
0.382	0.576	0.017	0.025
>GCCAAGTCGAGG	18-GCCAAGTCGAGG	10.409522	-13.307261	0	T:6.0(0.12%),B:4.0(0.01%),P:1e-5	Tpos:193.8,Tstd:149.4,Bpos:171.2,Bstd:80.3,StrandBias:0.7,Multiplicity:1.33
0.100	0.100	0.700	0.100
0.100	0.700	0.100	0.100
0.100	0.700	0.100	0.100
0.700	0.100	0.100	0.100
0.700	0.100	0.100	0.100
0.100	0.100	0.700	0.100
0.100	0.100	0.100	0.700
0.100	0.700	0.100	0.100
0.100	0.100	0.700	0.100
0.700	0.100	0.100	0.100
0.100	0.100	0.700	0.100
0.100	0.100	0.700	0.100
>GCCTCTGACTCT	19-GCCTCTGACTCT	14.757321	-10.434010	0	T:5.0(0.10%),B:4.0(0.01%),P:1e-4	Tpos:108.9,Tstd:85.8,Bpos:95.2,Bstd:55.1,StrandBias:0.4,Multiplicity:1.40
0.001	0.158	0.840	0.001
0.001	0.997	0.001	0.001
0.001	0.997	0.001	0.001
0.001	0.001	0.001	0.997
0.001	0.997	0.001	0.001
0.001	0.001	0.001	0.997
0.001	0.001	0.997	0.001
0.997	0.001	0.001	0.001
0.001	0.997	0.001	0.001
0.001	0.001	0.001	0.997
0.001	0.997	0.001	0.001
0.001	0.001	0.001	0.997
>CTCCATCACATC	20-CTCCATCACATC	9.694726	-9.271423	0	T:4.0(0.08%),B:3.0(0.01%),P:1e-4	Tpos:182.9,Tstd:122.3,Bpos:106.2,Bstd:43.9,StrandBias:2.9,Multiplicity:4.25
0.001	0.997	0.001	0.001
0.001	0.001	0.001	0.997
0.001	0.997	0.001	0.001
0.001	0.947	0.001	0.051
0.997	0.001	0.001	0.001
0.001	0.001	0.001	0.997
0.001	0.997	0.001	0.001
0.997	0.001	0.001	0.001
0.001	0.997	0.001	0.001
0.997	0.001	0.001	0.001
0.001	0.001	0.001	0.997
0.001	0.997	0.001	0.001
>GGAGGTGACACA	21-GGAGGTGACACA	14.090735	-9.089655	0	T:5.0(0.10%),B:4.2(0.01%),P:1e-3	Tpos:165.7,Tstd:98.7,Bpos:106.8,Bstd:66.6,StrandBias:1.6,Multiplicity:2.40
0.001	0.001	0.997	0.001
0.001	0.001	0.997	0.001
0.997	0.001	0.001	0.001
0.001	0.001	0.997	0.001
0.001	0.001	0.898	0.100
0.001	0.001	0.001	0.997
0.001	0.001	0.997	0.001
0.898	0.001	0.001	0.100
0.001	0.997	0.001	0.001
0.997	0.001	0.001	0.001
0.100	0.898	0.001	0.001
0.997	0.001	0.001	0.001
>CGACTATCTAAC	22-CGACTATCTAAC	8.470148	-7.739879	0	T:4.0(0.08%),B:4.0(0.01%),P:1e-3	Tpos:114.8,Tstd:78.8,Bpos:126.3,Bstd:61.7,StrandBias:3.6,Multiplicity:3.25
0.033	0.738	0.001	0.228
0.001	0.001	0.997	0.001
0.997	0.001	0.001	0.001
0.001	0.997	0.001	0.001
0.001	0.001	0.001	0.997
0.997	0.001	0.001	0.001
0.001	0.001	0.001	0.997
0.001	0.997	0.001	0.001
0.001	0.001	0.001	0.997
0.997	0.001	0.001	0.001
0.705	0.293	0.001	0.001
0.001	0.997	0.001	0.001
>GTACTCACAGTC	23-GTACTCACAGTC	14.757321	-5.263144	0	T:3.0(0.06%),B:3.9(0.01%),P:1e-2	Tpos:97.7,Tstd:48.8,Bpos:99.0,Bstd:63.5,StrandBias:10.0,Multiplicity:2.00
0.001	0.001	0.997	0.001
0.001	0.001	0.158	0.840
0.997	0.001	0.001	0.001
0.001	0.997	0.001	0.001
0.001	0.001	0.001	0.997
0.001	0.997	0.001	0.001
0.997	0.001	0.001	0.001
0.001	0.997	0.001	0.001
0.997	0.001	0.001	0.001
0.001	0.001	0.997	0.001
0.001	0.001	0.001	0.997
0.001	0.997	0.001	0.001
>TGCAGCCTGGTC	24-TGCAGCCTGGTC	14.016711	-4.483856	0	T:3.0(0.06%),B:4.9(0.01%),P:1e-1	Tpos:201.6,Tstd:127.5,Bpos:152.6,Bstd:87.3,StrandBias:10.0,Multiplicity:6.67
0.001	0.082	0.001	0.916
0.001	0.001	0.997	0.001
0.001	0.997	0.001	0.001
0.997	0.001	0.001	0.001
0.001	0.001	0.997	0.001
0.001	0.997	0.001	0.001
0.001	0.997	0.001	0.001
0.001	0.001	0.001	0.997
0.001	0.001	0.997	0.001
0.001	0.001	0.997	0.001
0.001	0.001	0.001	0.997
0.082	0.916	0.001	0.001
>ATGGTGTACACT	25-ATGGTGTACACT	16.510366	-2.227263	0	T:1.0(0.02%),B:2.0(0.00%),P:1e0	Tpos:126.0,Tstd:77.5,Bpos:162.1,Bstd:28.9,StrandBias:10.0,Multiplicity:8.00
0.997	0.001	0.001	0.001
0.001	0.001	0.001	0.997
0.001	0.001	0.997	0.001
0.001	0.001	0.997	0.001
0.001	0.001	0.001	0.997
0.086	0.001	0.912	0.001
0.001	0.001	0.001	0.997
0.997	0.001	0.001	0.001
0.001	0.997	0.001	0.001
0.997	0.001	0.001	0.001
0.001	0.997	0.001	0.001
0.001	0.001	0.001	0.997
>CGTGTYGC	1-CGTGTYGC	7.194202	-20.624484	0	T:64.0(1.25%),B:238.1(0.53%),P:1e-8	Tpos:187.1,Tstd:174.3,Bpos:134.5,Bstd:77.5,StrandBias:0.1,Multiplicity:1.00
0.001	0.997	0.001	0.001
0.001	0.001	0.997	0.001
0.001	0.010	0.137	0.852
0.123	0.001	0.560	0.316
0.307	0.001	0.001	0.691
0.164	0.446	0.001	0.389
0.025	0.162	0.812	0.001
0.162	0.783	0.001	0.054
>TGGGTGAT	2-TGGGTGAT	10.955033	-9.948623	0	T:66.0(1.29%),B:342.4(0.76%),P:1e-4	Tpos:203.5,Tstd:182.7,Bpos:139.0,Bstd:80.5,StrandBias:-0.7,Multiplicity:1.08
0.001	0.001	0.001	0.997
0.001	0.001	0.997	0.001
0.001	0.106	0.892	0.001
0.001	0.001	0.997	0.001
0.001	0.001	0.001	0.997
0.001	0.001	0.997	0.001
0.997	0.001	0.001	0.001
0.001	0.001	0.001	0.997
>TTAWMACT	3-TTAWMACT	6.966525	-9.663065	0	T:547.0(10.68%),B:4083.6(9.10%),P:1e-4	Tpos:203.8,Tstd:194.8,Bpos:135.3,Bstd:74.6,StrandBias:0.2,Multiplicity:1.10
0.001	0.001	0.145	0.853
0.001	0.326	0.193	0.480
0.706	0.001	0.001	0.292
0.562	0.001	0.001	0.436
0.542	0.456	0.001	0.001
0.866	0.132	0.001	0.001
0.287	0.664	0.048	0.001
0.047	0.231	0.001	0.721
>CTAGGGGG	4-CTAGGGGG	8.236954	-9.338772	0	T:29.0(0.57%),B:114.3(0.25%),P:1e-4	Tpos:133.8,Tstd:77.1,Bpos:141.1,Bstd:77.1,StrandBias:0.2,Multiplicity:1.03
0.100	0.700	0.100	0.100
0.100	0.100	0.100	0.700
0.700	0.100	0.100	0.100
0.100	0.100	0.700	0.100
0.100	0.100	0.700	0.100
0.100	0.100	0.700	0.100
0.100	0.100	0.700	0.100
0.100	0.100	0.700	0.100
>YTTTTTTT	5-YTTTTTTT	7.394394	-4.437087	0	T:1182.0(23.09%),B:9767.0(21.76%),P:1e-1	Tpos:196.2,Tstd:181.9,Bpos:134.3,Bstd:75.3,StrandBias:0.0,Multiplicity:1.23
0.125	0.441	0.001	0.433
0.001	0.316	0.040	0.643
0.001	0.001	0.001	0.997
0.001	0.001	0.098	0.900
0.001	0.002	0.001	0.996
0.001	0.142	0.001	0.856
0.001	0.404	0.001	0.594
0.128	0.140	0.145	0.587
