Factor1: 0.937748992957993
Factor2: 1.0663834432342534
