>ATCTCTCCAG	1-ATCTCTCCAG	8.359418	-29.378477	0	T:222.0(3.97%),B:1042.6(2.35%),P:1e-12	Tpos:212.2,Tstd:196.9,Bpos:139.1,Bstd:78.8,StrandBias:-0.1,Multiplicity:1.03
0.805	0.029	0.055	0.111
0.001	0.032	0.125	0.842
0.001	0.941	0.021	0.037
0.059	0.001	0.001	0.939
0.001	0.940	0.058	0.001
0.001	0.055	0.001	0.943
0.114	0.884	0.001	0.001
0.010	0.988	0.001	0.001
0.975	0.001	0.001	0.023
0.001	0.072	0.890	0.037
>GAASCGAGTC	2-GAASCGAGTC	10.780882	-25.533801	0	T:17.0(0.30%),B:14.0(0.03%),P:1e-11	Tpos:215.1,Tstd:190.9,Bpos:124.5,Bstd:65.7,StrandBias:-0.5,Multiplicity:1.00
0.001	0.167	0.831	0.001
0.588	0.001	0.410	0.001
0.997	0.001	0.001	0.001
0.001	0.477	0.521	0.001
0.001	0.997	0.001	0.001
0.001	0.001	0.997	0.001
0.997	0.001	0.001	0.001
0.001	0.001	0.997	0.001
0.001	0.001	0.001	0.997
0.001	0.997	0.001	0.001
>GTCAAGACAG	3-GTCAAGACAG	7.979263	-25.502858	0	T:141.0(2.52%),B:600.0(1.35%),P:1e-11	Tpos:168.3,Tstd:195.7,Bpos:143.2,Bstd:78.0,StrandBias:0.1,Multiplicity:1.02
0.016	0.001	0.771	0.212
0.160	0.103	0.105	0.632
0.130	0.547	0.193	0.130
0.611	0.141	0.247	0.001
0.956	0.025	0.007	0.012
0.077	0.141	0.576	0.206
0.838	0.001	0.145	0.016
0.177	0.675	0.001	0.147
0.712	0.169	0.035	0.084
0.078	0.133	0.784	0.005
>ACAAAGTCGG	4-ACAAAGTCGG	10.304709	-24.497415	0	T:14.0(0.25%),B:9.9(0.02%),P:1e-10	Tpos:157.9,Tstd:82.1,Bpos:112.9,Bstd:48.5,StrandBias:0.8,Multiplicity:1.00
0.773	0.001	0.001	0.225
0.001	0.773	0.001	0.225
0.997	0.001	0.001	0.001
0.773	0.001	0.001	0.225
0.997	0.001	0.001	0.001
0.001	0.001	0.997	0.001
0.001	0.001	0.225	0.773
0.001	0.997	0.001	0.001
0.001	0.001	0.997	0.001
0.001	0.081	0.917	0.001
>CCGTTATCAA	5-CCGTTATCAA	10.564666	-24.025708	0	T:23.0(0.41%),B:31.3(0.07%),P:1e-10	Tpos:271.6,Tstd:391.6,Bpos:146.4,Bstd:79.7,StrandBias:-0.1,Multiplicity:1.00
0.001	0.997	0.001	0.001
0.106	0.892	0.001	0.001
0.001	0.001	0.997	0.001
0.001	0.290	0.001	0.708
0.001	0.001	0.001	0.997
0.997	0.001	0.001	0.001
0.001	0.001	0.001	0.997
0.001	0.708	0.001	0.290
0.997	0.001	0.001	0.001
0.708	0.290	0.001	0.001
>GTCAAGTGAA	6-GTCAAGTGAA	9.332650	-23.994293	0	T:90.0(1.61%),B:329.5(0.74%),P:1e-10	Tpos:193.3,Tstd:180.0,Bpos:137.5,Bstd:78.2,StrandBias:0.3,Multiplicity:1.02
0.001	0.160	0.671	0.168
0.001	0.013	0.001	0.985
0.001	0.949	0.049	0.001
0.939	0.001	0.001	0.059
0.911	0.001	0.087	0.001
0.001	0.071	0.927	0.001
0.047	0.001	0.073	0.879
0.001	0.070	0.928	0.001
0.916	0.048	0.001	0.035
0.923	0.001	0.029	0.047
>TTAATCACTG	7-TTAATCACTG	6.912501	-22.303336	0	T:212.0(3.79%),B:1066.0(2.40%),P:1e-9	Tpos:195.8,Tstd:197.7,Bpos:142.2,Bstd:80.9,StrandBias:-0.1,Multiplicity:1.04
0.021	0.176	0.263	0.540
0.020	0.236	0.226	0.518
0.670	0.035	0.012	0.283
0.489	0.152	0.330	0.029
0.329	0.020	0.032	0.619
0.021	0.562	0.396	0.021
0.509	0.018	0.190	0.283
0.239	0.694	0.033	0.034
0.227	0.020	0.254	0.499
0.345	0.031	0.577	0.047
>GTTGATMCAG	8-GTTGATMCAG	7.143514	-21.493808	0	T:151.0(2.70%),B:698.3(1.57%),P:1e-9	Tpos:196.7,Tstd:149.4,Bpos:141.5,Bstd:78.6,StrandBias:-0.2,Multiplicity:1.02
0.045	0.038	0.868	0.049
0.362	0.034	0.009	0.595
0.028	0.287	0.030	0.655
0.052	0.284	0.637	0.027
0.477	0.209	0.230	0.084
0.193	0.254	0.135	0.418
0.297	0.439	0.242	0.022
0.229	0.463	0.287	0.022
0.625	0.131	0.043	0.201
0.032	0.056	0.869	0.043
>GCATATCCTC	9-GCATATCCTC	10.062370	-20.278598	0	T:41.0(0.73%),B:108.5(0.24%),P:1e-8	Tpos:154.4,Tstd:107.0,Bpos:142.2,Bstd:82.8,StrandBias:0.3,Multiplicity:1.02
0.117	0.001	0.794	0.088
0.001	0.997	0.001	0.001
0.997	0.001	0.001	0.001
0.001	0.001	0.001	0.997
0.997	0.001	0.001	0.001
0.001	0.196	0.184	0.619
0.001	0.795	0.203	0.001
0.001	0.997	0.001	0.001
0.001	0.196	0.001	0.802
0.001	0.997	0.001	0.001
>GGAAAACTAT	10-GGAAAACTAT	8.233877	-20.220949	0	T:152.0(2.72%),B:718.2(1.62%),P:1e-8	Tpos:231.2,Tstd:229.8,Bpos:139.2,Bstd:81.2,StrandBias:0.4,Multiplicity:1.01
0.122	0.120	0.479	0.279
0.018	0.063	0.677	0.242
0.899	0.020	0.065	0.016
0.735	0.027	0.027	0.211
0.774	0.107	0.025	0.094
0.652	0.015	0.154	0.179
0.101	0.618	0.122	0.159
0.164	0.163	0.135	0.538
0.594	0.054	0.054	0.298
0.048	0.053	0.047	0.852
>ATCGGAATTC	11-ATCGGAATTC	7.867262	-20.186549	0	T:65.0(1.16%),B:223.8(0.50%),P:1e-8	Tpos:178.5,Tstd:147.2,Bpos:145.5,Bstd:81.7,StrandBias:0.0,Multiplicity:1.02
0.768	0.097	0.046	0.089
0.100	0.030	0.092	0.778
0.031	0.857	0.089	0.023
0.131	0.059	0.799	0.011
0.099	0.046	0.798	0.057
0.865	0.040	0.032	0.063
0.734	0.046	0.086	0.134
0.079	0.147	0.060	0.714
0.017	0.040	0.047	0.896
0.072	0.800	0.082	0.046
>TCGGTGTACC	12-TCGGTGTACC	9.387252	-20.177653	0	T:17.0(0.30%),B:21.0(0.05%),P:1e-8	Tpos:170.6,Tstd:134.5,Bpos:144.6,Bstd:72.9,StrandBias:-0.2,Multiplicity:1.00
0.038	0.001	0.038	0.923
0.329	0.643	0.001	0.027
0.001	0.001	0.993	0.005
0.001	0.037	0.961	0.001
0.037	0.001	0.001	0.961
0.001	0.001	0.997	0.001
0.001	0.001	0.001	0.997
0.945	0.001	0.027	0.027
0.001	0.580	0.418	0.001
0.001	0.997	0.001	0.001
>CCTGCGTTCT	13-CCTGCGTTCT	7.769391	-19.129434	0	T:210.0(3.75%),B:1096.1(2.47%),P:1e-8	Tpos:188.4,Tstd:163.2,Bpos:144.8,Bstd:78.4,StrandBias:0.3,Multiplicity:1.02
0.066	0.779	0.112	0.043
0.108	0.764	0.075	0.053
0.054	0.021	0.016	0.909
0.096	0.018	0.823	0.063
0.107	0.792	0.049	0.052
0.121	0.057	0.675	0.147
0.068	0.043	0.073	0.816
0.062	0.040	0.103	0.795
0.026	0.786	0.119	0.069
0.042	0.054	0.034	0.870
>AAAGTCTCGA	14-AAAGTCTCGA	10.296193	-19.117249	0	T:6.0(0.11%),B:2.0(0.00%),P:1e-8	Tpos:158.7,Tstd:142.8,Bpos:81.5,Bstd:75.2,StrandBias:-1.0,Multiplicity:1.00
0.700	0.100	0.100	0.100
0.700	0.100	0.100	0.100
0.700	0.100	0.100	0.100
0.100	0.100	0.700	0.100
0.100	0.100	0.100	0.700
0.100	0.700	0.100	0.100
0.100	0.100	0.100	0.700
0.100	0.700	0.100	0.100
0.100	0.100	0.700	0.100
0.700	0.100	0.100	0.100
>CGATCTCAMT	15-CGATCTCAMT	8.036361	-18.230423	0	T:171.0(3.06%),B:860.7(1.94%),P:1e-7	Tpos:208.5,Tstd:178.6,Bpos:141.0,Bstd:79.0,StrandBias:-0.5,Multiplicity:1.09
0.001	0.762	0.001	0.236
0.001	0.195	0.799	0.005
0.895	0.036	0.068	0.001
0.001	0.001	0.001	0.997
0.090	0.749	0.001	0.160
0.001	0.265	0.001	0.733
0.357	0.641	0.001	0.001
0.902	0.017	0.001	0.080
0.459	0.504	0.036	0.001
0.244	0.001	0.001	0.754
>TTATTTCTGA	16-TTATTTCTGA	7.021885	-15.504290	0	T:863.0(15.42%),B:5803.8(13.07%),P:1e-6	Tpos:219.4,Tstd:214.3,Bpos:141.6,Bstd:78.2,StrandBias:0.1,Multiplicity:1.17
0.077	0.076	0.059	0.788
0.033	0.059	0.036	0.872
0.744	0.073	0.064	0.119
0.069	0.077	0.065	0.789
0.066	0.039	0.071	0.824
0.090	0.056	0.047	0.807
0.075	0.768	0.081	0.076
0.053	0.064	0.037	0.846
0.137	0.068	0.734	0.061
0.834	0.064	0.036	0.066
>GTGCGTCCTG	17-GTGCGTCCTG	9.413423	-14.265546	0	T:56.0(1.00%),B:214.5(0.48%),P:1e-6	Tpos:205.1,Tstd:246.7,Bpos:145.9,Bstd:76.5,StrandBias:-0.3,Multiplicity:1.05
0.001	0.078	0.920	0.001
0.134	0.001	0.001	0.864
0.001	0.001	0.997	0.001
0.001	0.904	0.030	0.065
0.016	0.032	0.822	0.130
0.001	0.001	0.001	0.997
0.001	0.916	0.026	0.057
0.001	0.954	0.001	0.044
0.044	0.001	0.001	0.954
0.079	0.001	0.841	0.079
>GTGCCTGCGG	18-GTGCCTGCGG	8.714986	-12.879606	0	T:70.0(1.25%),B:304.3(0.69%),P:1e-5	Tpos:187.5,Tstd:145.0,Bpos:142.9,Bstd:79.4,StrandBias:0.4,Multiplicity:1.24
0.001	0.001	0.997	0.001
0.118	0.061	0.001	0.820
0.134	0.001	0.837	0.028
0.106	0.672	0.221	0.001
0.347	0.551	0.001	0.101
0.061	0.001	0.001	0.937
0.001	0.179	0.759	0.061
0.044	0.888	0.067	0.001
0.125	0.001	0.873	0.001
0.001	0.044	0.888	0.067
>ATAGGATAAA	19-ATAGGATAAA	10.927221	-12.750422	0	T:25.0(0.45%),B:67.1(0.15%),P:1e-5	Tpos:139.6,Tstd:114.2,Bpos:150.0,Bstd:79.3,StrandBias:0.8,Multiplicity:1.08
0.997	0.001	0.001	0.001
0.001	0.001	0.001	0.997
0.997	0.001	0.001	0.001
0.001	0.066	0.932	0.001
0.001	0.001	0.824	0.174
0.997	0.001	0.001	0.001
0.001	0.001	0.001	0.997
0.997	0.001	0.001	0.001
0.997	0.001	0.001	0.001
0.997	0.001	0.001	0.001
>CAAGCCTCTG	20-CAAGCCTCTG	10.280951	-12.280033	0	T:15.0(0.27%),B:28.8(0.06%),P:1e-5	Tpos:210.9,Tstd:329.5,Bpos:167.1,Bstd:73.8,StrandBias:-0.6,Multiplicity:1.00
0.056	0.772	0.076	0.096
0.730	0.064	0.110	0.096
0.696	0.134	0.085	0.085
0.060	0.115	0.712	0.113
0.120	0.746	0.044	0.090
0.105	0.662	0.140	0.093
0.106	0.106	0.123	0.665
0.121	0.662	0.117	0.100
0.065	0.139	0.164	0.632
0.077	0.106	0.725	0.092
>STCKATCTAC	21-STCKATCTAC	9.652678	-11.857559	0	T:34.0(0.61%),B:114.9(0.26%),P:1e-5	Tpos:201.4,Tstd:215.0,Bpos:146.9,Bstd:79.5,StrandBias:0.1,Multiplicity:1.18
0.001	0.480	0.518	0.001
0.301	0.019	0.138	0.542
0.001	0.997	0.001	0.001
0.243	0.001	0.395	0.360
0.870	0.128	0.001	0.001
0.001	0.001	0.001	0.997
0.001	0.997	0.001	0.001
0.001	0.001	0.001	0.997
0.997	0.001	0.001	0.001
0.001	0.997	0.001	0.001
>TATCACCCAA	22-TATCACCCAA	6.928147	-11.275988	0	T:23.0(0.41%),B:64.5(0.15%),P:1e-4	Tpos:154.4,Tstd:134.8,Bpos:137.9,Bstd:76.5,StrandBias:1.0,Multiplicity:1.17
0.001	0.149	0.001	0.849
0.997	0.001	0.001	0.001
0.001	0.001	0.001	0.997
0.001	0.997	0.001	0.001
0.997	0.001	0.001	0.001
0.001	0.997	0.001	0.001
0.001	0.997	0.001	0.001
0.001	0.997	0.001	0.001
0.997	0.001	0.001	0.001
0.997	0.001	0.001	0.001
>ATGTGATCGA	23-ATGTGATCGA	10.613887	-9.316648	0	T:19.0(0.34%),B:54.8(0.12%),P:1e-4	Tpos:192.4,Tstd:125.7,Bpos:134.8,Bstd:83.9,StrandBias:-1.1,Multiplicity:1.79
0.878	0.120	0.001	0.001
0.001	0.001	0.001	0.997
0.001	0.001	0.811	0.187
0.001	0.001	0.120	0.878
0.001	0.001	0.997	0.001
0.997	0.001	0.001	0.001
0.188	0.001	0.121	0.690
0.001	0.891	0.107	0.001
0.001	0.001	0.997	0.001
0.851	0.147	0.001	0.001
