Factor1: 1.0362164081813738
Factor2: 0.9650493778177707
