Factor1: 0.7328162241532015
Factor2: 1.3645986088197488
