Factor1: 1.3493584166401495
Factor2: 0.7410929428890823
