>TGACTCAT	1-TGACTCAT	6.145566	-367.493528	0	T:657.0(30.23%),B:4457.7(9.55%),P:1e-159	Tpos:252.7,Tstd:157.7,Bpos:229.5,Bstd:140.7,StrandBias:0.0,Multiplicity:1.23
0.001	0.001	0.001	0.997
0.001	0.001	0.970	0.028
0.997	0.001	0.001	0.001
0.001	0.746	0.252	0.001
0.015	0.001	0.012	0.972
0.048	0.950	0.001	0.001
0.997	0.001	0.001	0.001
0.045	0.163	0.162	0.630
>WRTGGAAA	2-WRTGGAAA	7.026451	-244.484594	0	T:768.0(35.34%),B:7472.2(16.00%),P:1e-106	Tpos:267.8,Tstd:186.0,Bpos:231.7,Bstd:138.3,StrandBias:-0.1,Multiplicity:1.25
0.332	0.068	0.159	0.441
0.529	0.017	0.411	0.043
0.114	0.338	0.001	0.547
0.001	0.033	0.965	0.001
0.001	0.155	0.738	0.106
0.963	0.009	0.011	0.017
0.985	0.001	0.013	0.001
0.949	0.011	0.025	0.015
>CTTTGATC	3-CTTTGATC	7.392867	-226.807386	0	T:537.0(24.71%),B:4306.6(9.22%),P:1e-98	Tpos:270.5,Tstd:191.0,Bpos:229.0,Bstd:144.1,StrandBias:0.0,Multiplicity:1.18
0.001	0.796	0.081	0.122
0.025	0.001	0.015	0.959
0.032	0.060	0.020	0.888
0.074	0.018	0.001	0.907
0.016	0.169	0.704	0.111
0.885	0.001	0.018	0.096
0.322	0.093	0.047	0.538
0.093	0.501	0.329	0.077
>ATGCAAAT	4-ATGCAAAT	8.236954	-211.344043	0	T:223.0(10.26%),B:861.0(1.84%),P:1e-91	Tpos:265.2,Tstd:162.7,Bpos:232.0,Bstd:141.7,StrandBias:-0.1,Multiplicity:1.09
0.700	0.100	0.100	0.100
0.100	0.100	0.100	0.700
0.100	0.100	0.700	0.100
0.100	0.700	0.100	0.100
0.700	0.100	0.100	0.100
0.700	0.100	0.100	0.100
0.700	0.100	0.100	0.100
0.100	0.100	0.100	0.700
>TTTGATGT	5-TTTGATGT	7.405188	-182.811362	0	T:585.0(26.92%),B:5578.9(11.95%),P:1e-79	Tpos:262.2,Tstd:185.0,Bpos:227.7,Bstd:141.6,StrandBias:-0.1,Multiplicity:1.11
0.038	0.001	0.001	0.960
0.001	0.099	0.001	0.899
0.015	0.001	0.001	0.983
0.045	0.156	0.770	0.029
0.958	0.001	0.001	0.040
0.110	0.022	0.001	0.867
0.029	0.128	0.796	0.047
0.001	0.001	0.014	0.984
>ACTTCCTG	6-ACTTCCTG	8.615074	-173.186572	0	T:451.0(20.75%),B:3776.4(8.09%),P:1e-75	Tpos:269.8,Tstd:185.6,Bpos:232.8,Bstd:138.9,StrandBias:0.1,Multiplicity:1.12
0.997	0.001	0.001	0.001
0.001	0.659	0.001	0.339
0.001	0.001	0.001	0.997
0.001	0.001	0.001	0.997
0.001	0.997	0.001	0.001
0.001	0.997	0.001	0.001
0.001	0.001	0.001	0.997
0.001	0.130	0.868	0.001
>CATGGAAA	7-CATGGAAA	5.837735	-167.284968	0	T:517.0(23.79%),B:4796.6(10.27%),P:1e-72	Tpos:260.1,Tstd:193.6,Bpos:233.1,Bstd:141.7,StrandBias:-0.1,Multiplicity:1.08
0.001	0.925	0.001	0.073
0.997	0.001	0.001	0.001
0.001	0.001	0.001	0.997
0.001	0.001	0.997	0.001
0.001	0.274	0.652	0.073
0.997	0.001	0.001	0.001
0.997	0.001	0.001	0.001
0.997	0.001	0.001	0.001
>GTGGGTGG	8-GTGGGTGG	7.802112	-130.890787	0	T:537.0(24.71%),B:5697.1(12.20%),P:1e-56	Tpos:278.2,Tstd:199.0,Bpos:231.6,Bstd:134.9,StrandBias:0.1,Multiplicity:1.28
0.001	0.001	0.997	0.001
0.001	0.001	0.128	0.870
0.012	0.001	0.986	0.001
0.022	0.036	0.941	0.001
0.001	0.001	0.997	0.001
0.153	0.203	0.027	0.617
0.019	0.001	0.979	0.001
0.001	0.001	0.921	0.077
>CTTTGTTV	9-CTTTGTTV	7.675598	-117.883339	0	T:625.0(28.76%),B:7402.3(15.85%),P:1e-51	Tpos:261.9,Tstd:177.3,Bpos:229.9,Bstd:142.9,StrandBias:0.0,Multiplicity:1.17
0.001	0.927	0.001	0.071
0.001	0.001	0.020	0.978
0.001	0.001	0.001	0.997
0.001	0.051	0.001	0.947
0.118	0.001	0.690	0.191
0.267	0.001	0.001	0.731
0.001	0.001	0.240	0.758
0.363	0.350	0.286	0.001
>ACCGGAWG	10-ACCGGAWG	6.403220	-99.161127	0	T:500.0(23.01%),B:5731.0(12.27%),P:1e-43	Tpos:265.4,Tstd:189.7,Bpos:232.2,Bstd:145.4,StrandBias:-0.1,Multiplicity:1.13
0.837	0.001	0.065	0.097
0.274	0.622	0.103	0.001
0.058	0.940	0.001	0.001
0.001	0.126	0.872	0.001
0.001	0.001	0.951	0.047
0.897	0.001	0.001	0.101
0.534	0.001	0.001	0.464
0.056	0.001	0.884	0.059
>CGTGGTTW	11-CGTGGTTW	6.916958	-73.491537	0	T:368.0(16.94%),B:4150.4(8.89%),P:1e-31	Tpos:270.4,Tstd:185.1,Bpos:231.5,Bstd:144.9,StrandBias:-0.1,Multiplicity:1.12
0.025	0.583	0.011	0.381
0.044	0.001	0.954	0.001
0.001	0.408	0.001	0.590
0.031	0.017	0.762	0.190
0.108	0.001	0.890	0.001
0.001	0.131	0.001	0.867
0.336	0.081	0.001	0.582
0.550	0.019	0.001	0.430
>AGGAAGCA	12-AGGAAGCA	4.374320	-66.562643	0	T:738.0(33.96%),B:10875.0(23.29%),P:1e-28	Tpos:265.0,Tstd:199.1,Bpos:232.4,Bstd:144.0,StrandBias:0.0,Multiplicity:1.24
0.895	0.103	0.001	0.001
0.001	0.001	0.997	0.001
0.001	0.011	0.987	0.001
0.997	0.001	0.001	0.001
0.997	0.001	0.001	0.001
0.310	0.001	0.688	0.001
0.001	0.997	0.001	0.001
0.709	0.001	0.181	0.109
>GGRGGAGG	13-GGRGGAGG	6.891819	-52.604942	0	T:679.0(31.25%),B:10279.5(22.01%),P:1e-22	Tpos:269.5,Tstd:199.3,Bpos:235.5,Bstd:135.8,StrandBias:0.0,Multiplicity:1.29
0.051	0.075	0.771	0.103
0.193	0.001	0.636	0.170
0.440	0.001	0.558	0.001
0.001	0.001	0.982	0.016
0.051	0.060	0.755	0.134
0.708	0.106	0.094	0.092
0.285	0.001	0.624	0.090
0.066	0.073	0.795	0.066
>CAGCTGTT	14-CAGCTGTT	5.788727	-52.527612	0	T:603.0(27.75%),B:8851.5(18.96%),P:1e-22	Tpos:273.0,Tstd:192.7,Bpos:228.8,Bstd:146.9,StrandBias:-0.1,Multiplicity:1.23
0.001	0.639	0.147	0.213
0.792	0.122	0.046	0.040
0.181	0.188	0.490	0.141
0.237	0.649	0.099	0.015
0.026	0.104	0.156	0.714
0.176	0.089	0.734	0.001
0.243	0.260	0.080	0.417
0.195	0.179	0.238	0.388
>TATGACGT	15-TATGACGT	5.571373	-52.035952	0	T:491.0(22.60%),B:6820.0(14.60%),P:1e-22	Tpos:262.0,Tstd:183.8,Bpos:233.3,Bstd:151.2,StrandBias:-0.0,Multiplicity:1.16
0.101	0.168	0.223	0.508
0.577	0.104	0.198	0.121
0.038	0.001	0.055	0.906
0.001	0.119	0.646	0.234
0.783	0.144	0.072	0.001
0.001	0.968	0.030	0.001
0.100	0.037	0.772	0.091
0.067	0.160	0.001	0.772
>TTTCCCCT	16-TTTCCCCT	5.791419	-45.577616	0	T:498.0(22.92%),B:7172.2(15.36%),P:1e-19	Tpos:285.5,Tstd:206.2,Bpos:233.5,Bstd:139.3,StrandBias:-0.1,Multiplicity:1.14
0.001	0.001	0.001	0.997
0.001	0.001	0.001	0.997
0.001	0.001	0.001	0.997
0.001	0.997	0.001	0.001
0.001	0.586	0.412	0.001
0.001	0.561	0.411	0.027
0.001	0.997	0.001	0.001
0.289	0.144	0.111	0.456
>CTTAGTCA	17-CTTAGTCA	8.989881	-37.020648	0	T:145.0(6.67%),B:1461.4(3.13%),P:1e-16	Tpos:234.1,Tstd:160.9,Bpos:234.2,Bstd:142.6,StrandBias:-0.4,Multiplicity:1.17
0.001	0.603	0.271	0.125
0.001	0.001	0.001	0.997
0.001	0.001	0.001	0.997
0.997	0.001	0.001	0.001
0.001	0.001	0.997	0.001
0.001	0.001	0.001	0.997
0.001	0.997	0.001	0.001
0.997	0.001	0.001	0.001
>GGCTGGCT	18-GGCTGGCT	6.705982	-32.346144	0	T:711.0(32.72%),B:11835.7(25.35%),P:1e-14	Tpos:265.1,Tstd:194.4,Bpos:231.7,Bstd:144.3,StrandBias:-0.0,Multiplicity:1.35
0.001	0.050	0.891	0.058
0.047	0.001	0.951	0.001
0.001	0.921	0.001	0.077
0.054	0.070	0.014	0.862
0.001	0.017	0.936	0.046
0.029	0.060	0.860	0.051
0.026	0.933	0.001	0.040
0.122	0.103	0.043	0.732
>TTTGAAAG	19-TTTGAAAG	7.485446	-25.969063	0	T:353.0(16.24%),B:5297.8(11.35%),P:1e-11	Tpos:282.7,Tstd:186.5,Bpos:233.2,Bstd:144.6,StrandBias:-0.1,Multiplicity:1.10
0.030	0.103	0.153	0.714
0.141	0.001	0.001	0.857
0.001	0.087	0.130	0.782
0.001	0.274	0.724	0.001
0.989	0.001	0.009	0.001
0.997	0.001	0.001	0.001
0.880	0.001	0.001	0.118
0.239	0.001	0.541	0.219
