>TGASTCABNNNN	1-TGASTCABNNNN	6.373317	-348.650696	0	T:623.0(28.67%),B:4197.1(8.99%),P:1e-151	Tpos:249.4,Tstd:154.2,Bpos:229.3,Bstd:139.9,StrandBias:0.1,Multiplicity:2.04
0.035	0.024	0.042	0.899
0.026	0.069	0.805	0.100
0.841	0.061	0.036	0.062
0.022	0.502	0.458	0.018
0.063	0.038	0.055	0.844
0.100	0.817	0.048	0.035
0.866	0.031	0.035	0.068
0.031	0.300	0.364	0.305
0.299	0.296	0.168	0.237
0.221	0.254	0.232	0.293
0.268	0.219	0.233	0.280
0.274	0.266	0.268	0.192
>CTTTGATGTNKB	2-CTTTGATGTNKB	7.943815	-315.879458	0	T:596.0(27.43%),B:4156.9(8.90%),P:1e-137	Tpos:261.0,Tstd:179.5,Bpos:228.9,Bstd:142.7,StrandBias:-0.0,Multiplicity:1.20
0.045	0.670	0.163	0.122
0.001	0.001	0.001	0.997
0.028	0.038	0.059	0.875
0.001	0.001	0.001	0.997
0.011	0.193	0.781	0.015
0.851	0.001	0.001	0.147
0.294	0.001	0.019	0.686
0.072	0.303	0.580	0.045
0.255	0.001	0.001	0.743
0.195	0.298	0.306	0.201
0.159	0.174	0.344	0.323
0.146	0.270	0.249	0.335
>TATGCAAATYAS	3-TATGCAAATYAS	9.868567	-236.948515	0	T:205.0(9.43%),B:619.9(1.33%),P:1e-102	Tpos:258.8,Tstd:157.6,Bpos:227.7,Bstd:141.8,StrandBias:-0.1,Multiplicity:1.10
0.092	0.219	0.095	0.594
0.997	0.001	0.001	0.001
0.001	0.001	0.001	0.997
0.001	0.001	0.997	0.001
0.001	0.997	0.001	0.001
0.997	0.001	0.001	0.001
0.997	0.001	0.001	0.001
0.997	0.001	0.001	0.001
0.115	0.001	0.083	0.801
0.211	0.361	0.205	0.222
0.517	0.075	0.133	0.275
0.139	0.265	0.379	0.217
>DNNACAGGAAGY	4-DNNACAGGAAGY	8.421153	-231.397278	0	T:623.0(28.67%),B:5460.9(11.69%),P:1e-100	Tpos:265.7,Tstd:185.0,Bpos:234.3,Bstd:139.2,StrandBias:0.1,Multiplicity:1.20
0.206	0.169	0.334	0.291
0.280	0.222	0.214	0.285
0.284	0.233	0.281	0.202
0.578	0.001	0.337	0.084
0.146	0.526	0.327	0.001
0.997	0.001	0.001	0.001
0.001	0.001	0.997	0.001
0.001	0.001	0.997	0.001
0.997	0.001	0.001	0.001
0.680	0.001	0.001	0.318
0.300	0.141	0.558	0.001
0.001	0.413	0.027	0.559
>TGGAAANTNTGA	5-TGGAAANTNTGA	9.795281	-216.001565	0	T:255.0(11.73%),B:1117.6(2.39%),P:1e-93	Tpos:244.3,Tstd:159.2,Bpos:226.2,Bstd:137.3,StrandBias:0.3,Multiplicity:1.07
0.272	0.145	0.058	0.525
0.001	0.001	0.997	0.001
0.001	0.040	0.958	0.001
0.997	0.001	0.001	0.001
0.997	0.001	0.001	0.001
0.997	0.001	0.001	0.001
0.297	0.200	0.218	0.286
0.210	0.064	0.220	0.506
0.308	0.182	0.262	0.248
0.001	0.001	0.001	0.997
0.001	0.171	0.529	0.299
0.548	0.001	0.163	0.288
>AATGGAAAMWDW	6-AATGGAAAMWDW	7.949080	-192.371986	0	T:570.0(26.23%),B:5215.5(11.17%),P:1e-83	Tpos:273.0,Tstd:188.1,Bpos:234.4,Bstd:136.6,StrandBias:-0.2,Multiplicity:1.15
0.527	0.084	0.189	0.200
0.550	0.135	0.314	0.001
0.059	0.107	0.147	0.687
0.001	0.001	0.997	0.001
0.001	0.001	0.997	0.001
0.940	0.058	0.001	0.001
0.997	0.001	0.001	0.001
0.852	0.090	0.015	0.043
0.403	0.452	0.001	0.145
0.458	0.097	0.001	0.444
0.351	0.135	0.243	0.271
0.258	0.195	0.185	0.361
>GTGTGTGGGCGG	7-GTGTGTGGGCGG	9.017610	-93.802789	0	T:208.0(9.57%),B:1531.3(3.28%),P:1e-40	Tpos:269.2,Tstd:163.1,Bpos:236.2,Bstd:140.9,StrandBias:0.2,Multiplicity:1.05
0.052	0.130	0.723	0.095
0.136	0.038	0.048	0.778
0.093	0.020	0.886	0.001
0.083	0.015	0.085	0.817
0.037	0.028	0.907	0.028
0.045	0.019	0.063	0.873
0.048	0.001	0.918	0.033
0.012	0.009	0.920	0.059
0.048	0.001	0.926	0.025
0.185	0.683	0.019	0.113
0.121	0.019	0.779	0.081
0.032	0.056	0.793	0.119
>GGGGTTTTCCCC	8-GGGGTTTTCCCC	9.822127	-81.384841	0	T:93.0(4.28%),B:390.1(0.84%),P:1e-35	Tpos:272.8,Tstd:214.3,Bpos:224.0,Bstd:129.3,StrandBias:-0.0,Multiplicity:1.02
0.123	0.082	0.656	0.139
0.027	0.001	0.958	0.014
0.001	0.001	0.970	0.028
0.153	0.027	0.744	0.076
0.213	0.107	0.237	0.443
0.001	0.001	0.001	0.997
0.001	0.026	0.001	0.972
0.001	0.364	0.001	0.634
0.001	0.997	0.001	0.001
0.001	0.978	0.001	0.020
0.048	0.950	0.001	0.001
0.227	0.667	0.027	0.079
>DCAGGMAGTGGN	9-DCAGGMAGTGGN	8.668724	-78.931044	0	T:343.0(15.78%),B:3648.0(7.81%),P:1e-34	Tpos:287.8,Tstd:213.6,Bpos:237.2,Bstd:137.0,StrandBias:-0.2,Multiplicity:1.08
0.353	0.143	0.255	0.248
0.062	0.593	0.344	0.001
0.997	0.001	0.001	0.001
0.001	0.001	0.997	0.001
0.213	0.001	0.785	0.001
0.507	0.361	0.120	0.012
0.770	0.001	0.083	0.146
0.068	0.184	0.747	0.001
0.017	0.143	0.117	0.723
0.001	0.001	0.955	0.043
0.128	0.001	0.870	0.001
0.324	0.228	0.197	0.251
>TCTGATGTGGTT	10-TCTGATGTGGTT	10.085568	-76.825118	0	T:89.0(4.10%),B:379.4(0.81%),P:1e-33	Tpos:253.6,Tstd:161.4,Bpos:234.5,Bstd:142.3,StrandBias:0.7,Multiplicity:1.05
0.123	0.164	0.009	0.704
0.112	0.562	0.037	0.289
0.371	0.001	0.001	0.627
0.071	0.045	0.841	0.043
0.653	0.001	0.115	0.231
0.001	0.030	0.044	0.925
0.001	0.061	0.884	0.054
0.001	0.001	0.029	0.969
0.001	0.001	0.997	0.001
0.024	0.001	0.961	0.014
0.030	0.161	0.030	0.779
0.030	0.138	0.073	0.759
>CCCCCCCCCCCC	11-CCCCCCCCCCCC	8.277545	-54.980481	0	T:396.0(18.22%),B:5066.2(10.85%),P:1e-23	Tpos:294.4,Tstd:210.4,Bpos:236.2,Bstd:128.0,StrandBias:-0.3,Multiplicity:1.16
0.106	0.810	0.046	0.038
0.171	0.625	0.001	0.203
0.236	0.620	0.001	0.143
0.095	0.903	0.001	0.001
0.184	0.783	0.001	0.032
0.138	0.860	0.001	0.001
0.365	0.633	0.001	0.001
0.226	0.739	0.034	0.001
0.345	0.574	0.080	0.001
0.178	0.771	0.046	0.005
0.243	0.585	0.171	0.001
0.131	0.791	0.077	0.001
>CTTTTGAWGTTC	12-CTTTTGAWGTTC	10.131782	-46.791031	0	T:56.0(2.58%),B:250.6(0.54%),P:1e-20	Tpos:320.5,Tstd:209.7,Bpos:230.7,Bstd:149.8,StrandBias:0.4,Multiplicity:1.06
0.001	0.578	0.075	0.346
0.001	0.001	0.001	0.997
0.001	0.001	0.001	0.997
0.001	0.121	0.001	0.877
0.167	0.001	0.068	0.764
0.095	0.245	0.460	0.200
0.679	0.126	0.001	0.194
0.535	0.001	0.015	0.449
0.237	0.184	0.578	0.001
0.183	0.070	0.090	0.657
0.001	0.001	0.243	0.755
0.236	0.485	0.229	0.050
>TTTCATCTTAAG	13-TTTCATCTTAAG	9.785587	-38.116003	0	T:87.0(4.00%),B:656.4(1.41%),P:1e-16	Tpos:294.4,Tstd:206.0,Bpos:225.3,Bstd:134.6,StrandBias:0.4,Multiplicity:1.02
0.026	0.001	0.001	0.972
0.082	0.071	0.191	0.656
0.026	0.048	0.261	0.665
0.048	0.790	0.060	0.102
0.738	0.009	0.053	0.200
0.001	0.025	0.001	0.973
0.001	0.879	0.026	0.094
0.001	0.102	0.001	0.896
0.001	0.052	0.301	0.646
0.793	0.089	0.001	0.117
0.866	0.001	0.001	0.132
0.065	0.026	0.799	0.110
>GCACAGCTGCTT	14-GCACAGCTGCTT	8.719220	-34.920119	0	T:207.0(9.53%),B:2462.5(5.27%),P:1e-15	Tpos:247.9,Tstd:170.8,Bpos:233.3,Bstd:147.5,StrandBias:-0.0,Multiplicity:1.04
0.086	0.070	0.772	0.072
0.090	0.846	0.028	0.036
0.863	0.034	0.045	0.058
0.057	0.809	0.073	0.061
0.821	0.040	0.064	0.075
0.053	0.068	0.820	0.059
0.042	0.864	0.049	0.045
0.053	0.039	0.012	0.896
0.023	0.038	0.881	0.058
0.065	0.788	0.046	0.101
0.072	0.049	0.031	0.848
0.069	0.068	0.065	0.798
>AACATCTGACAG	15-AACATCTGACAG	8.684906	-34.548220	0	T:152.0(6.99%),B:1612.1(3.45%),P:1e-15	Tpos:236.0,Tstd:182.5,Bpos:234.1,Bstd:143.5,StrandBias:-0.1,Multiplicity:1.04
0.872	0.052	0.033	0.043
0.829	0.059	0.063	0.049
0.081	0.791	0.087	0.041
0.817	0.035	0.026	0.122
0.061	0.120	0.045	0.774
0.098	0.789	0.032	0.081
0.071	0.001	0.001	0.927
0.046	0.081	0.840	0.033
0.823	0.047	0.095	0.035
0.066	0.816	0.062	0.056
0.932	0.031	0.001	0.036
0.083	0.031	0.793	0.093
>TTTAATCAGCTG	16-TTTAATCAGCTG	9.091187	-34.309569	0	T:107.0(4.92%),B:967.5(2.07%),P:1e-14	Tpos:277.6,Tstd:240.7,Bpos:228.3,Bstd:147.3,StrandBias:0.3,Multiplicity:1.00
0.063	0.060	0.053	0.824
0.027	0.012	0.061	0.900
0.046	0.071	0.056	0.827
0.688	0.106	0.103	0.103
0.812	0.088	0.053	0.047
0.033	0.046	0.054	0.867
0.120	0.756	0.067	0.057
0.984	0.001	0.014	0.001
0.042	0.053	0.812	0.093
0.048	0.862	0.045	0.045
0.108	0.001	0.001	0.890
0.106	0.052	0.781	0.061
>GTTGCCATGGCA	17-GTTGCCATGGCA	10.485800	-32.543688	0	T:46.0(2.12%),B:244.3(0.52%),P:1e-14	Tpos:273.8,Tstd:220.2,Bpos:233.9,Bstd:143.4,StrandBias:-0.1,Multiplicity:1.04
0.050	0.001	0.899	0.050
0.050	0.001	0.050	0.899
0.083	0.050	0.001	0.866
0.001	0.001	0.743	0.255
0.100	0.788	0.111	0.001
0.001	0.849	0.001	0.149
0.849	0.100	0.001	0.050
0.133	0.050	0.100	0.717
0.049	0.001	0.949	0.001
0.001	0.001	0.948	0.050
0.194	0.665	0.001	0.140
0.850	0.050	0.050	0.050
>TGCACACAGCAM	18-TGCACACAGCAM	10.760997	-31.139067	0	T:54.0(2.49%),B:339.3(0.73%),P:1e-13	Tpos:341.9,Tstd:224.5,Bpos:237.1,Bstd:145.1,StrandBias:-0.9,Multiplicity:1.19
0.043	0.001	0.092	0.864
0.158	0.001	0.840	0.001
0.001	0.940	0.001	0.058
0.997	0.001	0.001	0.001
0.184	0.522	0.293	0.001
0.752	0.001	0.190	0.057
0.001	0.997	0.001	0.001
0.845	0.001	0.001	0.153
0.001	0.001	0.852	0.146
0.001	0.997	0.001	0.001
0.997	0.001	0.001	0.001
0.445	0.553	0.001	0.001
>GCGTCCCCTGCT	19-GCGTCCCCTGCT	12.355432	-30.048258	0	T:7.0(0.32%),B:0.7(0.00%),P:1e-13	Tpos:193.7,Tstd:159.5,Bpos:261.0,Bstd:0.0,StrandBias:1.3,Multiplicity:1.00
0.100	0.100	0.700	0.100
0.100	0.700	0.100	0.100
0.100	0.100	0.700	0.100
0.100	0.100	0.100	0.700
0.100	0.700	0.100	0.100
0.100	0.700	0.100	0.100
0.100	0.700	0.100	0.100
0.100	0.700	0.100	0.100
0.100	0.100	0.100	0.700
0.100	0.100	0.700	0.100
0.100	0.700	0.100	0.100
0.100	0.100	0.100	0.700
>AGCCTCTCAAGC	20-AGCCTCTCAAGC	13.355276	-22.834068	0	T:11.0(0.51%),B:14.5(0.03%),P:1e-9	Tpos:192.2,Tstd:124.7,Bpos:247.3,Bstd:125.3,StrandBias:-0.5,Multiplicity:1.09
0.815	0.092	0.092	0.001
0.092	0.001	0.906	0.001
0.001	0.952	0.046	0.001
0.092	0.815	0.092	0.001
0.001	0.001	0.001	0.997
0.001	0.997	0.001	0.001
0.001	0.052	0.001	0.946
0.001	0.969	0.029	0.001
0.997	0.001	0.001	0.001
0.964	0.001	0.034	0.001
0.092	0.001	0.815	0.092
0.092	0.906	0.001	0.001
>AGGGGRTGACTA	21-AGGGGRTGACTA	13.021758	-17.257067	0	T:9.0(0.41%),B:14.3(0.03%),P:1e-7	Tpos:255.2,Tstd:160.5,Bpos:306.4,Bstd:107.0,StrandBias:2.9,Multiplicity:1.89
0.908	0.001	0.001	0.090
0.001	0.090	0.908	0.001
0.091	0.001	0.817	0.091
0.001	0.001	0.997	0.001
0.001	0.001	0.997	0.001
0.454	0.001	0.544	0.001
0.001	0.001	0.001	0.997
0.001	0.001	0.997	0.001
0.997	0.001	0.001	0.001
0.001	0.997	0.001	0.001
0.001	0.001	0.001	0.997
0.908	0.001	0.001	0.090
>CTCTCTAAGGTC	22-CTCTCTAAGGTC	12.355432	-11.030603	0	T:3.0(0.14%),B:0.8(0.00%),P:1e-4	Tpos:137.9,Tstd:70.6,Bpos:325.0,Bstd:0.0,StrandBias:10.0,Multiplicity:2.33
0.100	0.700	0.100	0.100
0.100	0.100	0.100	0.700
0.100	0.700	0.100	0.100
0.100	0.100	0.100	0.700
0.100	0.700	0.100	0.100
0.100	0.100	0.100	0.700
0.700	0.100	0.100	0.100
0.700	0.100	0.100	0.100
0.100	0.100	0.700	0.100
0.100	0.100	0.700	0.100
0.100	0.100	0.100	0.700
0.100	0.700	0.100	0.100
>TCAGCAGCTGGC	23-TCAGCAGCTGGC	0.567356	-10.406086	0	T:210.0(9.66%),B:3412.9(7.31%),P:1e-4	Tpos:259.2,Tstd:176.9,Bpos:233.5,Bstd:144.6,StrandBias:0.2,Multiplicity:1.14
0.001	0.001	0.001	0.997
0.001	0.997	0.001	0.001
0.997	0.001	0.001	0.001
0.001	0.001	0.997	0.001
0.001	0.890	0.001	0.108
0.997	0.001	0.001	0.001
0.001	0.001	0.936	0.062
0.001	0.997	0.001	0.001
0.001	0.001	0.001	0.997
0.001	0.108	0.890	0.001
0.001	0.001	0.997	0.001
0.001	0.997	0.001	0.001
>TGCATGTGTTGT	24-TGCATGTGTTGT	9.623007	-8.381638	0	T:20.0(0.92%),B:171.6(0.37%),P:1e-3	Tpos:471.1,Tstd:327.7,Bpos:233.7,Bstd:144.8,StrandBias:2.8,Multiplicity:3.06
0.001	0.001	0.001	0.997
0.001	0.001	0.997	0.001
0.001	0.997	0.001	0.001
0.928	0.001	0.070	0.001
0.001	0.001	0.001	0.997
0.001	0.001	0.997	0.001
0.001	0.001	0.001	0.997
0.001	0.001	0.997	0.001
0.001	0.001	0.001	0.997
0.001	0.001	0.001	0.997
0.001	0.001	0.997	0.001
0.001	0.001	0.001	0.997
>CTTAGTTACTTT	25-CTTAGTTACTTT	14.325758	-5.400025	0	T:3.0(0.14%),B:7.3(0.02%),P:1e-2	Tpos:272.5,Tstd:89.1,Bpos:272.4,Bstd:153.8,StrandBias:2.8,Multiplicity:2.67
0.001	0.997	0.001	0.001
0.001	0.001	0.001	0.997
0.116	0.001	0.001	0.882
0.997	0.001	0.001	0.001
0.001	0.001	0.997	0.001
0.001	0.001	0.001	0.997
0.001	0.116	0.001	0.882
0.997	0.001	0.001	0.001
0.001	0.997	0.001	0.001
0.001	0.001	0.001	0.997
0.001	0.001	0.001	0.997
0.001	0.001	0.001	0.997
