>NNVTGASTCA	1-NNVTGASTCA	6.348415	-371.478081	0	T:744.0(34.24%),B:5563.7(11.91%),P:1e-161	Tpos:252.7,Tstd:159.0,Bpos:229.4,Bstd:140.5,StrandBias:0.0,Multiplicity:1.30
0.241	0.299	0.207	0.252
0.259	0.213	0.313	0.215
0.340	0.249	0.278	0.133
0.024	0.128	0.021	0.827
0.039	0.006	0.713	0.242
0.774	0.195	0.005	0.026
0.074	0.417	0.458	0.051
0.057	0.050	0.131	0.762
0.260	0.627	0.057	0.056
0.873	0.001	0.125	0.001
>CCTTTGATGT	2-CCTTTGATGT	7.655701	-321.888077	0	T:599.0(27.57%),B:4138.6(8.86%),P:1e-139	Tpos:264.9,Tstd:185.1,Bpos:232.3,Bstd:143.3,StrandBias:-0.1,Multiplicity:1.21
0.086	0.509	0.173	0.232
0.010	0.777	0.112	0.101
0.008	0.014	0.035	0.943
0.011	0.031	0.017	0.941
0.046	0.017	0.001	0.936
0.032	0.144	0.774	0.050
0.923	0.009	0.009	0.059
0.212	0.033	0.029	0.726
0.053	0.286	0.630	0.031
0.082	0.065	0.009	0.844
>ACTTCCTGTH	3-ACTTCCTGTH	7.960046	-237.505086	0	T:668.0(30.74%),B:6041.0(12.94%),P:1e-103	Tpos:266.5,Tstd:183.1,Bpos:233.6,Bstd:139.9,StrandBias:0.0,Multiplicity:1.20
0.628	0.049	0.281	0.042
0.001	0.600	0.001	0.398
0.333	0.001	0.014	0.652
0.001	0.001	0.072	0.926
0.001	0.997	0.001	0.001
0.001	0.986	0.012	0.001
0.010	0.001	0.001	0.988
0.022	0.217	0.700	0.061
0.017	0.211	0.050	0.722
0.236	0.384	0.111	0.270
>TATGCAAATM	4-TATGCAAATM	8.456283	-215.244042	0	T:222.0(10.22%),B:835.9(1.79%),P:1e-93	Tpos:256.5,Tstd:156.9,Bpos:230.6,Bstd:140.9,StrandBias:-0.1,Multiplicity:1.08
0.014	0.040	0.010	0.936
0.991	0.001	0.007	0.001
0.002	0.001	0.001	0.996
0.006	0.001	0.992	0.001
0.001	0.997	0.001	0.001
0.997	0.001	0.001	0.001
0.973	0.001	0.025	0.001
0.996	0.001	0.001	0.002
0.068	0.001	0.022	0.909
0.231	0.376	0.212	0.181
>GWGTGGGYGG	5-GWGTGGGYGG	8.316099	-168.276985	0	T:371.0(17.07%),B:2772.0(5.94%),P:1e-73	Tpos:254.6,Tstd:162.7,Bpos:234.9,Bstd:140.8,StrandBias:0.1,Multiplicity:1.08
0.130	0.167	0.702	0.001
0.286	0.258	0.024	0.432
0.042	0.015	0.942	0.001
0.001	0.001	0.001	0.997
0.279	0.001	0.719	0.001
0.001	0.001	0.997	0.001
0.001	0.001	0.997	0.001
0.152	0.440	0.001	0.406
0.152	0.001	0.635	0.212
0.017	0.001	0.805	0.177
>RACGGAAAMT	6-RACGGAAAMT	7.960627	-167.310202	0	T:373.0(17.17%),B:2808.9(6.02%),P:1e-72	Tpos:258.6,Tstd:170.7,Bpos:232.1,Bstd:139.2,StrandBias:-0.1,Multiplicity:1.16
0.380	0.041	0.360	0.219
0.539	0.007	0.291	0.163
0.001	0.686	0.001	0.312
0.001	0.001	0.997	0.001
0.001	0.001	0.997	0.001
0.997	0.001	0.001	0.001
0.997	0.001	0.001	0.001
0.904	0.001	0.001	0.094
0.395	0.269	0.129	0.206
0.369	0.046	0.001	0.584
>GGAAANWATG	7-GGAAANWATG	8.151942	-124.423692	0	T:365.0(16.80%),B:3228.4(6.91%),P:1e-54	Tpos:289.9,Tstd:204.7,Bpos:229.9,Bstd:139.0,StrandBias:0.1,Multiplicity:1.07
0.001	0.001	0.997	0.001
0.001	0.129	0.869	0.001
0.997	0.001	0.001	0.001
0.997	0.001	0.001	0.001
0.950	0.001	0.048	0.001
0.215	0.214	0.261	0.310
0.485	0.001	0.001	0.513
0.684	0.001	0.107	0.208
0.001	0.001	0.028	0.970
0.001	0.001	0.643	0.355
>CBCTTTGAAG	8-CBCTTTGAAG	7.922987	-104.751988	0	T:290.0(13.35%),B:2463.6(5.28%),P:1e-45	Tpos:269.7,Tstd:177.5,Bpos:236.4,Bstd:143.4,StrandBias:-0.0,Multiplicity:1.05
0.307	0.459	0.068	0.166
0.107	0.241	0.272	0.380
0.042	0.586	0.196	0.176
0.022	0.060	0.001	0.917
0.001	0.146	0.072	0.781
0.290	0.010	0.001	0.699
0.052	0.129	0.811	0.008
0.905	0.047	0.001	0.047
0.830	0.094	0.020	0.056
0.089	0.255	0.570	0.086
>WCTTCWGAAG	9-WCTTCWGAAG	6.613138	-92.821409	0	T:746.0(34.33%),B:10180.5(21.80%),P:1e-40	Tpos:278.8,Tstd:202.0,Bpos:232.4,Bstd:141.1,StrandBias:0.1,Multiplicity:1.22
0.376	0.081	0.213	0.330
0.001	0.719	0.258	0.022
0.297	0.141	0.031	0.531
0.001	0.001	0.001	0.997
0.031	0.608	0.017	0.344
0.404	0.027	0.047	0.522
0.273	0.019	0.516	0.192
0.801	0.193	0.001	0.005
0.439	0.152	0.162	0.246
0.234	0.029	0.731	0.006
>AACAAAGCCG	10-AACAAAGCCG	6.925882	-84.927828	0	T:506.0(23.29%),B:6154.8(13.18%),P:1e-36	Tpos:264.4,Tstd:186.9,Bpos:229.4,Bstd:144.7,StrandBias:-0.1,Multiplicity:1.11
0.868	0.008	0.001	0.123
0.726	0.001	0.001	0.272
0.105	0.893	0.001	0.001
0.852	0.073	0.001	0.074
0.583	0.137	0.254	0.026
0.883	0.001	0.025	0.091
0.265	0.126	0.608	0.001
0.001	0.740	0.258	0.001
0.029	0.720	0.213	0.038
0.040	0.137	0.586	0.237
>AMDCAGCYGY	11-AMDCAGCYGY	7.476719	-65.280729	0	T:380.0(17.49%),B:4531.9(9.71%),P:1e-28	Tpos:277.7,Tstd:196.5,Bpos:226.9,Bstd:149.7,StrandBias:0.1,Multiplicity:1.11
0.460	0.284	0.244	0.013
0.439	0.317	0.212	0.032
0.358	0.002	0.295	0.346
0.010	0.550	0.279	0.161
0.946	0.021	0.017	0.016
0.042	0.002	0.606	0.350
0.014	0.956	0.001	0.029
0.030	0.423	0.038	0.509
0.007	0.001	0.965	0.027
0.031	0.433	0.230	0.307
>AACCACATCA	12-AACCACATCA	7.181068	-64.452056	0	T:230.0(10.58%),B:2219.7(4.75%),P:1e-27	Tpos:257.4,Tstd:167.2,Bpos:228.4,Bstd:136.3,StrandBias:-0.1,Multiplicity:1.02
0.739	0.028	0.211	0.022
0.624	0.229	0.143	0.004
0.043	0.909	0.017	0.031
0.018	0.958	0.021	0.003
0.461	0.156	0.300	0.084
0.206	0.659	0.087	0.048
0.684	0.027	0.262	0.027
0.246	0.180	0.037	0.537
0.063	0.470	0.228	0.238
0.444	0.174	0.196	0.185
>GGGAAAHYCC	13-GGGAAAHYCC	9.909563	-61.876065	0	T:92.0(4.23%),B:499.5(1.07%),P:1e-26	Tpos:274.3,Tstd:189.0,Bpos:230.5,Bstd:135.4,StrandBias:-0.0,Multiplicity:1.05
0.117	0.001	0.804	0.078
0.001	0.001	0.997	0.001
0.135	0.001	0.842	0.022
0.642	0.017	0.327	0.014
0.978	0.001	0.020	0.001
0.781	0.118	0.089	0.012
0.316	0.314	0.137	0.233
0.001	0.467	0.036	0.496
0.033	0.944	0.022	0.001
0.001	0.960	0.001	0.038
>CTGATCAAAG	14-CTGATCAAAG	8.159526	-52.737622	0	T:149.0(6.86%),B:1270.7(2.72%),P:1e-22	Tpos:263.7,Tstd:207.1,Bpos:231.5,Bstd:139.4,StrandBias:0.1,Multiplicity:1.02
0.012	0.861	0.126	0.001
0.001	0.236	0.001	0.762
0.001	0.001	0.997	0.001
0.883	0.001	0.001	0.115
0.021	0.001	0.034	0.944
0.090	0.798	0.095	0.017
0.781	0.001	0.193	0.025
0.997	0.001	0.001	0.001
0.997	0.001	0.001	0.001
0.001	0.113	0.885	0.001
>GGGGGGGGGG	15-GGGGGGGGGG	6.404373	-50.259385	0	T:791.0(36.40%),B:12543.5(26.86%),P:1e-21	Tpos:284.3,Tstd:204.1,Bpos:234.8,Bstd:135.6,StrandBias:0.2,Multiplicity:1.55
0.100	0.100	0.700	0.100
0.100	0.100	0.700	0.100
0.100	0.100	0.700	0.100
0.100	0.100	0.700	0.100
0.100	0.100	0.700	0.100
0.100	0.100	0.700	0.100
0.100	0.100	0.700	0.100
0.100	0.100	0.700	0.100
0.100	0.100	0.700	0.100
0.100	0.100	0.700	0.100
>GGTACTTTCC	16-GGTACTTTCC	9.202391	-47.543585	0	T:93.0(4.28%),B:629.1(1.35%),P:1e-20	Tpos:299.4,Tstd:195.4,Bpos:237.7,Bstd:145.1,StrandBias:0.4,Multiplicity:1.06
0.001	0.001	0.997	0.001
0.001	0.012	0.747	0.240
0.001	0.069	0.244	0.686
0.875	0.048	0.076	0.001
0.059	0.871	0.069	0.001
0.029	0.001	0.001	0.969
0.001	0.001	0.001	0.997
0.001	0.001	0.001	0.997
0.046	0.898	0.055	0.001
0.001	0.997	0.001	0.001
>GTTGCCATGG	17-GTTGCCATGG	10.062627	-44.060677	0	T:72.0(3.31%),B:426.6(0.91%),P:1e-19	Tpos:288.8,Tstd:225.5,Bpos:235.5,Bstd:135.5,StrandBias:-0.7,Multiplicity:1.04
0.001	0.001	0.997	0.001
0.001	0.001	0.001	0.997
0.086	0.001	0.001	0.912
0.105	0.001	0.669	0.225
0.001	0.997	0.001	0.001
0.001	0.997	0.001	0.001
0.908	0.077	0.014	0.001
0.043	0.020	0.001	0.936
0.045	0.001	0.953	0.001
0.001	0.001	0.997	0.001
>AACGGAAATG	18-AACGGAAATG	9.287942	-39.819059	0	T:86.0(3.96%),B:625.8(1.34%),P:1e-17	Tpos:263.8,Tstd:187.4,Bpos:236.8,Bstd:144.4,StrandBias:0.3,Multiplicity:1.00
0.923	0.001	0.033	0.043
0.960	0.001	0.001	0.038
0.133	0.672	0.001	0.194
0.048	0.001	0.899	0.052
0.001	0.001	0.997	0.001
0.968	0.001	0.001	0.030
0.829	0.043	0.047	0.081
0.928	0.028	0.001	0.043
0.048	0.052	0.001	0.899
0.001	0.042	0.956	0.001
>TACGTAATGC	19-TACGTAATGC	8.524675	-27.904169	0	T:37.0(1.70%),B:187.8(0.40%),P:1e-12	Tpos:229.0,Tstd:136.3,Bpos:236.3,Bstd:142.4,StrandBias:1.2,Multiplicity:1.00
0.001	0.001	0.110	0.888
0.912	0.001	0.086	0.001
0.001	0.911	0.028	0.060
0.090	0.001	0.908	0.001
0.001	0.001	0.001	0.997
0.888	0.110	0.001	0.001
0.997	0.001	0.001	0.001
0.001	0.001	0.056	0.942
0.111	0.001	0.777	0.111
0.111	0.824	0.001	0.064
>AACCACAAGA	20-AACCACAAGA	7.457777	-26.721298	0	T:331.0(15.23%),B:4864.9(10.42%),P:1e-11	Tpos:278.1,Tstd:209.0,Bpos:229.8,Bstd:143.4,StrandBias:-0.0,Multiplicity:1.09
0.734	0.153	0.047	0.066
0.997	0.001	0.001	0.001
0.010	0.796	0.079	0.115
0.059	0.755	0.098	0.088
0.997	0.001	0.001	0.001
0.154	0.675	0.147	0.024
0.664	0.152	0.157	0.027
0.906	0.001	0.038	0.055
0.134	0.085	0.719	0.062
0.756	0.005	0.150	0.089
>ATGACATCTG	21-ATGACATCTG	9.875701	-24.882423	0	T:66.0(3.04%),B:552.0(1.18%),P:1e-10	Tpos:259.3,Tstd:164.8,Bpos:226.2,Bstd:132.6,StrandBias:0.3,Multiplicity:1.05
0.997	0.001	0.001	0.001
0.088	0.001	0.001	0.910
0.001	0.001	0.939	0.059
0.826	0.001	0.001	0.172
0.001	0.984	0.001	0.014
0.997	0.001	0.001	0.001
0.056	0.001	0.001	0.942
0.162	0.633	0.135	0.070
0.062	0.001	0.075	0.862
0.001	0.017	0.981	0.001
>AAGGAAACAA	22-AAGGAAACAA	6.995227	-22.886485	0	T:440.0(20.25%),B:7075.9(15.15%),P:1e-9	Tpos:263.9,Tstd:193.7,Bpos:234.9,Bstd:136.4,StrandBias:-0.1,Multiplicity:1.11
0.546	0.118	0.325	0.011
0.719	0.227	0.024	0.030
0.203	0.229	0.398	0.170
0.005	0.041	0.920	0.034
0.502	0.246	0.028	0.224
0.676	0.114	0.008	0.202
0.657	0.316	0.015	0.012
0.001	0.845	0.153	0.001
0.745	0.218	0.026	0.011
0.528	0.013	0.284	0.175
>TGATTAGTAG	23-TGATTAGTAG	7.645899	-21.769450	0	T:48.0(2.21%),B:362.4(0.78%),P:1e-9	Tpos:209.3,Tstd:137.3,Bpos:233.1,Bstd:147.1,StrandBias:-0.1,Multiplicity:1.02
0.013	0.035	0.296	0.656
0.039	0.356	0.592	0.013
0.618	0.244	0.018	0.120
0.207	0.185	0.130	0.478
0.243	0.107	0.028	0.622
0.780	0.066	0.002	0.152
0.022	0.193	0.597	0.188
0.039	0.028	0.339	0.594
0.736	0.054	0.020	0.190
0.289	0.039	0.505	0.167
>GCABCTGGCG	24-GCABCTGGCG	9.778852	-15.277913	0	T:58.0(2.67%),B:592.7(1.27%),P:1e-6	Tpos:249.4,Tstd:155.7,Bpos:244.8,Bstd:146.3,StrandBias:0.9,Multiplicity:1.32
0.064	0.001	0.934	0.001
0.001	0.997	0.001	0.001
0.939	0.001	0.001	0.059
0.001	0.308	0.419	0.272
0.061	0.892	0.046	0.001
0.001	0.159	0.001	0.839
0.050	0.001	0.948	0.001
0.072	0.141	0.786	0.001
0.102	0.666	0.231	0.001
0.345	0.001	0.653	0.001
>GCATGTGTTG	25-GCATGTGTTG	10.996582	-9.137580	0	T:16.0(0.74%),B:112.7(0.24%),P:1e-3	Tpos:486.6,Tstd:316.6,Bpos:227.1,Bstd:134.1,StrandBias:3.6,Multiplicity:3.25
0.001	0.001	0.997	0.001
0.128	0.870	0.001	0.001
0.997	0.001	0.001	0.001
0.001	0.001	0.001	0.997
0.001	0.001	0.997	0.001
0.067	0.001	0.001	0.931
0.001	0.001	0.997	0.001
0.001	0.001	0.001	0.997
0.001	0.001	0.001	0.997
0.001	0.001	0.997	0.001
>TGASTCABNNNN	1-TGASTCABNNNN	6.373317	-348.650696	0	T:623.0(28.67%),B:4197.1(8.99%),P:1e-151	Tpos:249.4,Tstd:154.2,Bpos:229.3,Bstd:139.9,StrandBias:0.1,Multiplicity:2.04
0.035	0.024	0.042	0.899
0.026	0.069	0.805	0.100
0.841	0.061	0.036	0.062
0.022	0.502	0.458	0.018
0.063	0.038	0.055	0.844
0.100	0.817	0.048	0.035
0.866	0.031	0.035	0.068
0.031	0.300	0.364	0.305
0.299	0.296	0.168	0.237
0.221	0.254	0.232	0.293
0.268	0.219	0.233	0.280
0.274	0.266	0.268	0.192
>CTTTGATGTNKB	2-CTTTGATGTNKB	7.943815	-315.879458	0	T:596.0(27.43%),B:4156.9(8.90%),P:1e-137	Tpos:261.0,Tstd:179.5,Bpos:228.9,Bstd:142.7,StrandBias:-0.0,Multiplicity:1.20
0.045	0.670	0.163	0.122
0.001	0.001	0.001	0.997
0.028	0.038	0.059	0.875
0.001	0.001	0.001	0.997
0.011	0.193	0.781	0.015
0.851	0.001	0.001	0.147
0.294	0.001	0.019	0.686
0.072	0.303	0.580	0.045
0.255	0.001	0.001	0.743
0.195	0.298	0.306	0.201
0.159	0.174	0.344	0.323
0.146	0.270	0.249	0.335
>TATGCAAATYAS	3-TATGCAAATYAS	9.868567	-236.948515	0	T:205.0(9.43%),B:619.9(1.33%),P:1e-102	Tpos:258.8,Tstd:157.6,Bpos:227.7,Bstd:141.8,StrandBias:-0.1,Multiplicity:1.10
0.092	0.219	0.095	0.594
0.997	0.001	0.001	0.001
0.001	0.001	0.001	0.997
0.001	0.001	0.997	0.001
0.001	0.997	0.001	0.001
0.997	0.001	0.001	0.001
0.997	0.001	0.001	0.001
0.997	0.001	0.001	0.001
0.115	0.001	0.083	0.801
0.211	0.361	0.205	0.222
0.517	0.075	0.133	0.275
0.139	0.265	0.379	0.217
>DNNACAGGAAGY	4-DNNACAGGAAGY	8.421153	-231.397278	0	T:623.0(28.67%),B:5460.9(11.69%),P:1e-100	Tpos:265.7,Tstd:185.0,Bpos:234.3,Bstd:139.2,StrandBias:0.1,Multiplicity:1.20
0.206	0.169	0.334	0.291
0.280	0.222	0.214	0.285
0.284	0.233	0.281	0.202
0.578	0.001	0.337	0.084
0.146	0.526	0.327	0.001
0.997	0.001	0.001	0.001
0.001	0.001	0.997	0.001
0.001	0.001	0.997	0.001
0.997	0.001	0.001	0.001
0.680	0.001	0.001	0.318
0.300	0.141	0.558	0.001
0.001	0.413	0.027	0.559
>TGGAAANTNTGA	5-TGGAAANTNTGA	9.795281	-216.001565	0	T:255.0(11.73%),B:1117.6(2.39%),P:1e-93	Tpos:244.3,Tstd:159.2,Bpos:226.2,Bstd:137.3,StrandBias:0.3,Multiplicity:1.07
0.272	0.145	0.058	0.525
0.001	0.001	0.997	0.001
0.001	0.040	0.958	0.001
0.997	0.001	0.001	0.001
0.997	0.001	0.001	0.001
0.997	0.001	0.001	0.001
0.297	0.200	0.218	0.286
0.210	0.064	0.220	0.506
0.308	0.182	0.262	0.248
0.001	0.001	0.001	0.997
0.001	0.171	0.529	0.299
0.548	0.001	0.163	0.288
>AATGGAAAMWDW	6-AATGGAAAMWDW	7.949080	-192.371986	0	T:570.0(26.23%),B:5215.5(11.17%),P:1e-83	Tpos:273.0,Tstd:188.1,Bpos:234.4,Bstd:136.6,StrandBias:-0.2,Multiplicity:1.15
0.527	0.084	0.189	0.200
0.550	0.135	0.314	0.001
0.059	0.107	0.147	0.687
0.001	0.001	0.997	0.001
0.001	0.001	0.997	0.001
0.940	0.058	0.001	0.001
0.997	0.001	0.001	0.001
0.852	0.090	0.015	0.043
0.403	0.452	0.001	0.145
0.458	0.097	0.001	0.444
0.351	0.135	0.243	0.271
0.258	0.195	0.185	0.361
>GTGTGTGGGCGG	7-GTGTGTGGGCGG	9.017610	-93.802789	0	T:208.0(9.57%),B:1531.3(3.28%),P:1e-40	Tpos:269.2,Tstd:163.1,Bpos:236.2,Bstd:140.9,StrandBias:0.2,Multiplicity:1.05
0.052	0.130	0.723	0.095
0.136	0.038	0.048	0.778
0.093	0.020	0.886	0.001
0.083	0.015	0.085	0.817
0.037	0.028	0.907	0.028
0.045	0.019	0.063	0.873
0.048	0.001	0.918	0.033
0.012	0.009	0.920	0.059
0.048	0.001	0.926	0.025
0.185	0.683	0.019	0.113
0.121	0.019	0.779	0.081
0.032	0.056	0.793	0.119
>GGGGTTTTCCCC	8-GGGGTTTTCCCC	9.822127	-81.384841	0	T:93.0(4.28%),B:390.1(0.84%),P:1e-35	Tpos:272.8,Tstd:214.3,Bpos:224.0,Bstd:129.3,StrandBias:-0.0,Multiplicity:1.02
0.123	0.082	0.656	0.139
0.027	0.001	0.958	0.014
0.001	0.001	0.970	0.028
0.153	0.027	0.744	0.076
0.213	0.107	0.237	0.443
0.001	0.001	0.001	0.997
0.001	0.026	0.001	0.972
0.001	0.364	0.001	0.634
0.001	0.997	0.001	0.001
0.001	0.978	0.001	0.020
0.048	0.950	0.001	0.001
0.227	0.667	0.027	0.079
>DCAGGMAGTGGN	9-DCAGGMAGTGGN	8.668724	-78.931044	0	T:343.0(15.78%),B:3648.0(7.81%),P:1e-34	Tpos:287.8,Tstd:213.6,Bpos:237.2,Bstd:137.0,StrandBias:-0.2,Multiplicity:1.08
0.353	0.143	0.255	0.248
0.062	0.593	0.344	0.001
0.997	0.001	0.001	0.001
0.001	0.001	0.997	0.001
0.213	0.001	0.785	0.001
0.507	0.361	0.120	0.012
0.770	0.001	0.083	0.146
0.068	0.184	0.747	0.001
0.017	0.143	0.117	0.723
0.001	0.001	0.955	0.043
0.128	0.001	0.870	0.001
0.324	0.228	0.197	0.251
>TCTGATGTGGTT	10-TCTGATGTGGTT	10.085568	-76.825118	0	T:89.0(4.10%),B:379.4(0.81%),P:1e-33	Tpos:253.6,Tstd:161.4,Bpos:234.5,Bstd:142.3,StrandBias:0.7,Multiplicity:1.05
0.123	0.164	0.009	0.704
0.112	0.562	0.037	0.289
0.371	0.001	0.001	0.627
0.071	0.045	0.841	0.043
0.653	0.001	0.115	0.231
0.001	0.030	0.044	0.925
0.001	0.061	0.884	0.054
0.001	0.001	0.029	0.969
0.001	0.001	0.997	0.001
0.024	0.001	0.961	0.014
0.030	0.161	0.030	0.779
0.030	0.138	0.073	0.759
>CCCCCCCCCCCC	11-CCCCCCCCCCCC	8.277545	-54.980481	0	T:396.0(18.22%),B:5066.2(10.85%),P:1e-23	Tpos:294.4,Tstd:210.4,Bpos:236.2,Bstd:128.0,StrandBias:-0.3,Multiplicity:1.16
0.106	0.810	0.046	0.038
0.171	0.625	0.001	0.203
0.236	0.620	0.001	0.143
0.095	0.903	0.001	0.001
0.184	0.783	0.001	0.032
0.138	0.860	0.001	0.001
0.365	0.633	0.001	0.001
0.226	0.739	0.034	0.001
0.345	0.574	0.080	0.001
0.178	0.771	0.046	0.005
0.243	0.585	0.171	0.001
0.131	0.791	0.077	0.001
>CTTTTGAWGTTC	12-CTTTTGAWGTTC	10.131782	-46.791031	0	T:56.0(2.58%),B:250.6(0.54%),P:1e-20	Tpos:320.5,Tstd:209.7,Bpos:230.7,Bstd:149.8,StrandBias:0.4,Multiplicity:1.06
0.001	0.578	0.075	0.346
0.001	0.001	0.001	0.997
0.001	0.001	0.001	0.997
0.001	0.121	0.001	0.877
0.167	0.001	0.068	0.764
0.095	0.245	0.460	0.200
0.679	0.126	0.001	0.194
0.535	0.001	0.015	0.449
0.237	0.184	0.578	0.001
0.183	0.070	0.090	0.657
0.001	0.001	0.243	0.755
0.236	0.485	0.229	0.050
>TTTCATCTTAAG	13-TTTCATCTTAAG	9.785587	-38.116003	0	T:87.0(4.00%),B:656.4(1.41%),P:1e-16	Tpos:294.4,Tstd:206.0,Bpos:225.3,Bstd:134.6,StrandBias:0.4,Multiplicity:1.02
0.026	0.001	0.001	0.972
0.082	0.071	0.191	0.656
0.026	0.048	0.261	0.665
0.048	0.790	0.060	0.102
0.738	0.009	0.053	0.200
0.001	0.025	0.001	0.973
0.001	0.879	0.026	0.094
0.001	0.102	0.001	0.896
0.001	0.052	0.301	0.646
0.793	0.089	0.001	0.117
0.866	0.001	0.001	0.132
0.065	0.026	0.799	0.110
>GCACAGCTGCTT	14-GCACAGCTGCTT	8.719220	-34.920119	0	T:207.0(9.53%),B:2462.5(5.27%),P:1e-15	Tpos:247.9,Tstd:170.8,Bpos:233.3,Bstd:147.5,StrandBias:-0.0,Multiplicity:1.04
0.086	0.070	0.772	0.072
0.090	0.846	0.028	0.036
0.863	0.034	0.045	0.058
0.057	0.809	0.073	0.061
0.821	0.040	0.064	0.075
0.053	0.068	0.820	0.059
0.042	0.864	0.049	0.045
0.053	0.039	0.012	0.896
0.023	0.038	0.881	0.058
0.065	0.788	0.046	0.101
0.072	0.049	0.031	0.848
0.069	0.068	0.065	0.798
>AACATCTGACAG	15-AACATCTGACAG	8.684906	-34.548220	0	T:152.0(6.99%),B:1612.1(3.45%),P:1e-15	Tpos:236.0,Tstd:182.5,Bpos:234.1,Bstd:143.5,StrandBias:-0.1,Multiplicity:1.04
0.872	0.052	0.033	0.043
0.829	0.059	0.063	0.049
0.081	0.791	0.087	0.041
0.817	0.035	0.026	0.122
0.061	0.120	0.045	0.774
0.098	0.789	0.032	0.081
0.071	0.001	0.001	0.927
0.046	0.081	0.840	0.033
0.823	0.047	0.095	0.035
0.066	0.816	0.062	0.056
0.932	0.031	0.001	0.036
0.083	0.031	0.793	0.093
>TTTAATCAGCTG	16-TTTAATCAGCTG	9.091187	-34.309569	0	T:107.0(4.92%),B:967.5(2.07%),P:1e-14	Tpos:277.6,Tstd:240.7,Bpos:228.3,Bstd:147.3,StrandBias:0.3,Multiplicity:1.00
0.063	0.060	0.053	0.824
0.027	0.012	0.061	0.900
0.046	0.071	0.056	0.827
0.688	0.106	0.103	0.103
0.812	0.088	0.053	0.047
0.033	0.046	0.054	0.867
0.120	0.756	0.067	0.057
0.984	0.001	0.014	0.001
0.042	0.053	0.812	0.093
0.048	0.862	0.045	0.045
0.108	0.001	0.001	0.890
0.106	0.052	0.781	0.061
>GTTGCCATGGCA	17-GTTGCCATGGCA	10.485800	-32.543688	0	T:46.0(2.12%),B:244.3(0.52%),P:1e-14	Tpos:273.8,Tstd:220.2,Bpos:233.9,Bstd:143.4,StrandBias:-0.1,Multiplicity:1.04
0.050	0.001	0.899	0.050
0.050	0.001	0.050	0.899
0.083	0.050	0.001	0.866
0.001	0.001	0.743	0.255
0.100	0.788	0.111	0.001
0.001	0.849	0.001	0.149
0.849	0.100	0.001	0.050
0.133	0.050	0.100	0.717
0.049	0.001	0.949	0.001
0.001	0.001	0.948	0.050
0.194	0.665	0.001	0.140
0.850	0.050	0.050	0.050
>TGCACACAGCAM	18-TGCACACAGCAM	10.760997	-31.139067	0	T:54.0(2.49%),B:339.3(0.73%),P:1e-13	Tpos:341.9,Tstd:224.5,Bpos:237.1,Bstd:145.1,StrandBias:-0.9,Multiplicity:1.19
0.043	0.001	0.092	0.864
0.158	0.001	0.840	0.001
0.001	0.940	0.001	0.058
0.997	0.001	0.001	0.001
0.184	0.522	0.293	0.001
0.752	0.001	0.190	0.057
0.001	0.997	0.001	0.001
0.845	0.001	0.001	0.153
0.001	0.001	0.852	0.146
0.001	0.997	0.001	0.001
0.997	0.001	0.001	0.001
0.445	0.553	0.001	0.001
>GCGTCCCCTGCT	19-GCGTCCCCTGCT	12.355432	-30.048258	0	T:7.0(0.32%),B:0.7(0.00%),P:1e-13	Tpos:193.7,Tstd:159.5,Bpos:261.0,Bstd:0.0,StrandBias:1.3,Multiplicity:1.00
0.100	0.100	0.700	0.100
0.100	0.700	0.100	0.100
0.100	0.100	0.700	0.100
0.100	0.100	0.100	0.700
0.100	0.700	0.100	0.100
0.100	0.700	0.100	0.100
0.100	0.700	0.100	0.100
0.100	0.700	0.100	0.100
0.100	0.100	0.100	0.700
0.100	0.100	0.700	0.100
0.100	0.700	0.100	0.100
0.100	0.100	0.100	0.700
>AGCCTCTCAAGC	20-AGCCTCTCAAGC	13.355276	-22.834068	0	T:11.0(0.51%),B:14.5(0.03%),P:1e-9	Tpos:192.2,Tstd:124.7,Bpos:247.3,Bstd:125.3,StrandBias:-0.5,Multiplicity:1.09
0.815	0.092	0.092	0.001
0.092	0.001	0.906	0.001
0.001	0.952	0.046	0.001
0.092	0.815	0.092	0.001
0.001	0.001	0.001	0.997
0.001	0.997	0.001	0.001
0.001	0.052	0.001	0.946
0.001	0.969	0.029	0.001
0.997	0.001	0.001	0.001
0.964	0.001	0.034	0.001
0.092	0.001	0.815	0.092
0.092	0.906	0.001	0.001
>AGGGGRTGACTA	21-AGGGGRTGACTA	13.021758	-17.257067	0	T:9.0(0.41%),B:14.3(0.03%),P:1e-7	Tpos:255.2,Tstd:160.5,Bpos:306.4,Bstd:107.0,StrandBias:2.9,Multiplicity:1.89
0.908	0.001	0.001	0.090
0.001	0.090	0.908	0.001
0.091	0.001	0.817	0.091
0.001	0.001	0.997	0.001
0.001	0.001	0.997	0.001
0.454	0.001	0.544	0.001
0.001	0.001	0.001	0.997
0.001	0.001	0.997	0.001
0.997	0.001	0.001	0.001
0.001	0.997	0.001	0.001
0.001	0.001	0.001	0.997
0.908	0.001	0.001	0.090
>CTCTCTAAGGTC	22-CTCTCTAAGGTC	12.355432	-11.030603	0	T:3.0(0.14%),B:0.8(0.00%),P:1e-4	Tpos:137.9,Tstd:70.6,Bpos:325.0,Bstd:0.0,StrandBias:10.0,Multiplicity:2.33
0.100	0.700	0.100	0.100
0.100	0.100	0.100	0.700
0.100	0.700	0.100	0.100
0.100	0.100	0.100	0.700
0.100	0.700	0.100	0.100
0.100	0.100	0.100	0.700
0.700	0.100	0.100	0.100
0.700	0.100	0.100	0.100
0.100	0.100	0.700	0.100
0.100	0.100	0.700	0.100
0.100	0.100	0.100	0.700
0.100	0.700	0.100	0.100
>TCAGCAGCTGGC	23-TCAGCAGCTGGC	0.567356	-10.406086	0	T:210.0(9.66%),B:3412.9(7.31%),P:1e-4	Tpos:259.2,Tstd:176.9,Bpos:233.5,Bstd:144.6,StrandBias:0.2,Multiplicity:1.14
0.001	0.001	0.001	0.997
0.001	0.997	0.001	0.001
0.997	0.001	0.001	0.001
0.001	0.001	0.997	0.001
0.001	0.890	0.001	0.108
0.997	0.001	0.001	0.001
0.001	0.001	0.936	0.062
0.001	0.997	0.001	0.001
0.001	0.001	0.001	0.997
0.001	0.108	0.890	0.001
0.001	0.001	0.997	0.001
0.001	0.997	0.001	0.001
>TGCATGTGTTGT	24-TGCATGTGTTGT	9.623007	-8.381638	0	T:20.0(0.92%),B:171.6(0.37%),P:1e-3	Tpos:471.1,Tstd:327.7,Bpos:233.7,Bstd:144.8,StrandBias:2.8,Multiplicity:3.06
0.001	0.001	0.001	0.997
0.001	0.001	0.997	0.001
0.001	0.997	0.001	0.001
0.928	0.001	0.070	0.001
0.001	0.001	0.001	0.997
0.001	0.001	0.997	0.001
0.001	0.001	0.001	0.997
0.001	0.001	0.997	0.001
0.001	0.001	0.001	0.997
0.001	0.001	0.001	0.997
0.001	0.001	0.997	0.001
0.001	0.001	0.001	0.997
>CTTAGTTACTTT	25-CTTAGTTACTTT	14.325758	-5.400025	0	T:3.0(0.14%),B:7.3(0.02%),P:1e-2	Tpos:272.5,Tstd:89.1,Bpos:272.4,Bstd:153.8,StrandBias:2.8,Multiplicity:2.67
0.001	0.997	0.001	0.001
0.001	0.001	0.001	0.997
0.116	0.001	0.001	0.882
0.997	0.001	0.001	0.001
0.001	0.001	0.997	0.001
0.001	0.001	0.001	0.997
0.001	0.116	0.001	0.882
0.997	0.001	0.001	0.001
0.001	0.997	0.001	0.001
0.001	0.001	0.001	0.997
0.001	0.001	0.001	0.997
0.001	0.001	0.001	0.997
>TGACTCAT	1-TGACTCAT	6.145566	-367.493528	0	T:657.0(30.23%),B:4457.7(9.55%),P:1e-159	Tpos:252.7,Tstd:157.7,Bpos:229.5,Bstd:140.7,StrandBias:0.0,Multiplicity:1.23
0.001	0.001	0.001	0.997
0.001	0.001	0.970	0.028
0.997	0.001	0.001	0.001
0.001	0.746	0.252	0.001
0.015	0.001	0.012	0.972
0.048	0.950	0.001	0.001
0.997	0.001	0.001	0.001
0.045	0.163	0.162	0.630
>WRTGGAAA	2-WRTGGAAA	7.026451	-244.484594	0	T:768.0(35.34%),B:7472.2(16.00%),P:1e-106	Tpos:267.8,Tstd:186.0,Bpos:231.7,Bstd:138.3,StrandBias:-0.1,Multiplicity:1.25
0.332	0.068	0.159	0.441
0.529	0.017	0.411	0.043
0.114	0.338	0.001	0.547
0.001	0.033	0.965	0.001
0.001	0.155	0.738	0.106
0.963	0.009	0.011	0.017
0.985	0.001	0.013	0.001
0.949	0.011	0.025	0.015
>CTTTGATC	3-CTTTGATC	7.392867	-226.807386	0	T:537.0(24.71%),B:4306.6(9.22%),P:1e-98	Tpos:270.5,Tstd:191.0,Bpos:229.0,Bstd:144.1,StrandBias:0.0,Multiplicity:1.18
0.001	0.796	0.081	0.122
0.025	0.001	0.015	0.959
0.032	0.060	0.020	0.888
0.074	0.018	0.001	0.907
0.016	0.169	0.704	0.111
0.885	0.001	0.018	0.096
0.322	0.093	0.047	0.538
0.093	0.501	0.329	0.077
>ATGCAAAT	4-ATGCAAAT	8.236954	-211.344043	0	T:223.0(10.26%),B:861.0(1.84%),P:1e-91	Tpos:265.2,Tstd:162.7,Bpos:232.0,Bstd:141.7,StrandBias:-0.1,Multiplicity:1.09
0.700	0.100	0.100	0.100
0.100	0.100	0.100	0.700
0.100	0.100	0.700	0.100
0.100	0.700	0.100	0.100
0.700	0.100	0.100	0.100
0.700	0.100	0.100	0.100
0.700	0.100	0.100	0.100
0.100	0.100	0.100	0.700
>TTTGATGT	5-TTTGATGT	7.405188	-182.811362	0	T:585.0(26.92%),B:5578.9(11.95%),P:1e-79	Tpos:262.2,Tstd:185.0,Bpos:227.7,Bstd:141.6,StrandBias:-0.1,Multiplicity:1.11
0.038	0.001	0.001	0.960
0.001	0.099	0.001	0.899
0.015	0.001	0.001	0.983
0.045	0.156	0.770	0.029
0.958	0.001	0.001	0.040
0.110	0.022	0.001	0.867
0.029	0.128	0.796	0.047
0.001	0.001	0.014	0.984
>ACTTCCTG	6-ACTTCCTG	8.615074	-173.186572	0	T:451.0(20.75%),B:3776.4(8.09%),P:1e-75	Tpos:269.8,Tstd:185.6,Bpos:232.8,Bstd:138.9,StrandBias:0.1,Multiplicity:1.12
0.997	0.001	0.001	0.001
0.001	0.659	0.001	0.339
0.001	0.001	0.001	0.997
0.001	0.001	0.001	0.997
0.001	0.997	0.001	0.001
0.001	0.997	0.001	0.001
0.001	0.001	0.001	0.997
0.001	0.130	0.868	0.001
>CATGGAAA	7-CATGGAAA	5.837735	-167.284968	0	T:517.0(23.79%),B:4796.6(10.27%),P:1e-72	Tpos:260.1,Tstd:193.6,Bpos:233.1,Bstd:141.7,StrandBias:-0.1,Multiplicity:1.08
0.001	0.925	0.001	0.073
0.997	0.001	0.001	0.001
0.001	0.001	0.001	0.997
0.001	0.001	0.997	0.001
0.001	0.274	0.652	0.073
0.997	0.001	0.001	0.001
0.997	0.001	0.001	0.001
0.997	0.001	0.001	0.001
>GTGGGTGG	8-GTGGGTGG	7.802112	-130.890787	0	T:537.0(24.71%),B:5697.1(12.20%),P:1e-56	Tpos:278.2,Tstd:199.0,Bpos:231.6,Bstd:134.9,StrandBias:0.1,Multiplicity:1.28
0.001	0.001	0.997	0.001
0.001	0.001	0.128	0.870
0.012	0.001	0.986	0.001
0.022	0.036	0.941	0.001
0.001	0.001	0.997	0.001
0.153	0.203	0.027	0.617
0.019	0.001	0.979	0.001
0.001	0.001	0.921	0.077
>CTTTGTTV	9-CTTTGTTV	7.675598	-117.883339	0	T:625.0(28.76%),B:7402.3(15.85%),P:1e-51	Tpos:261.9,Tstd:177.3,Bpos:229.9,Bstd:142.9,StrandBias:0.0,Multiplicity:1.17
0.001	0.927	0.001	0.071
0.001	0.001	0.020	0.978
0.001	0.001	0.001	0.997
0.001	0.051	0.001	0.947
0.118	0.001	0.690	0.191
0.267	0.001	0.001	0.731
0.001	0.001	0.240	0.758
0.363	0.350	0.286	0.001
>ACCGGAWG	10-ACCGGAWG	6.403220	-99.161127	0	T:500.0(23.01%),B:5731.0(12.27%),P:1e-43	Tpos:265.4,Tstd:189.7,Bpos:232.2,Bstd:145.4,StrandBias:-0.1,Multiplicity:1.13
0.837	0.001	0.065	0.097
0.274	0.622	0.103	0.001
0.058	0.940	0.001	0.001
0.001	0.126	0.872	0.001
0.001	0.001	0.951	0.047
0.897	0.001	0.001	0.101
0.534	0.001	0.001	0.464
0.056	0.001	0.884	0.059
>CGTGGTTW	11-CGTGGTTW	6.916958	-73.491537	0	T:368.0(16.94%),B:4150.4(8.89%),P:1e-31	Tpos:270.4,Tstd:185.1,Bpos:231.5,Bstd:144.9,StrandBias:-0.1,Multiplicity:1.12
0.025	0.583	0.011	0.381
0.044	0.001	0.954	0.001
0.001	0.408	0.001	0.590
0.031	0.017	0.762	0.190
0.108	0.001	0.890	0.001
0.001	0.131	0.001	0.867
0.336	0.081	0.001	0.582
0.550	0.019	0.001	0.430
>AGGAAGCA	12-AGGAAGCA	4.374320	-66.562643	0	T:738.0(33.96%),B:10875.0(23.29%),P:1e-28	Tpos:265.0,Tstd:199.1,Bpos:232.4,Bstd:144.0,StrandBias:0.0,Multiplicity:1.24
0.895	0.103	0.001	0.001
0.001	0.001	0.997	0.001
0.001	0.011	0.987	0.001
0.997	0.001	0.001	0.001
0.997	0.001	0.001	0.001
0.310	0.001	0.688	0.001
0.001	0.997	0.001	0.001
0.709	0.001	0.181	0.109
>GGRGGAGG	13-GGRGGAGG	6.891819	-52.604942	0	T:679.0(31.25%),B:10279.5(22.01%),P:1e-22	Tpos:269.5,Tstd:199.3,Bpos:235.5,Bstd:135.8,StrandBias:0.0,Multiplicity:1.29
0.051	0.075	0.771	0.103
0.193	0.001	0.636	0.170
0.440	0.001	0.558	0.001
0.001	0.001	0.982	0.016
0.051	0.060	0.755	0.134
0.708	0.106	0.094	0.092
0.285	0.001	0.624	0.090
0.066	0.073	0.795	0.066
>CAGCTGTT	14-CAGCTGTT	5.788727	-52.527612	0	T:603.0(27.75%),B:8851.5(18.96%),P:1e-22	Tpos:273.0,Tstd:192.7,Bpos:228.8,Bstd:146.9,StrandBias:-0.1,Multiplicity:1.23
0.001	0.639	0.147	0.213
0.792	0.122	0.046	0.040
0.181	0.188	0.490	0.141
0.237	0.649	0.099	0.015
0.026	0.104	0.156	0.714
0.176	0.089	0.734	0.001
0.243	0.260	0.080	0.417
0.195	0.179	0.238	0.388
>TATGACGT	15-TATGACGT	5.571373	-52.035952	0	T:491.0(22.60%),B:6820.0(14.60%),P:1e-22	Tpos:262.0,Tstd:183.8,Bpos:233.3,Bstd:151.2,StrandBias:-0.0,Multiplicity:1.16
0.101	0.168	0.223	0.508
0.577	0.104	0.198	0.121
0.038	0.001	0.055	0.906
0.001	0.119	0.646	0.234
0.783	0.144	0.072	0.001
0.001	0.968	0.030	0.001
0.100	0.037	0.772	0.091
0.067	0.160	0.001	0.772
>TTTCCCCT	16-TTTCCCCT	5.791419	-45.577616	0	T:498.0(22.92%),B:7172.2(15.36%),P:1e-19	Tpos:285.5,Tstd:206.2,Bpos:233.5,Bstd:139.3,StrandBias:-0.1,Multiplicity:1.14
0.001	0.001	0.001	0.997
0.001	0.001	0.001	0.997
0.001	0.001	0.001	0.997
0.001	0.997	0.001	0.001
0.001	0.586	0.412	0.001
0.001	0.561	0.411	0.027
0.001	0.997	0.001	0.001
0.289	0.144	0.111	0.456
>CTTAGTCA	17-CTTAGTCA	8.989881	-37.020648	0	T:145.0(6.67%),B:1461.4(3.13%),P:1e-16	Tpos:234.1,Tstd:160.9,Bpos:234.2,Bstd:142.6,StrandBias:-0.4,Multiplicity:1.17
0.001	0.603	0.271	0.125
0.001	0.001	0.001	0.997
0.001	0.001	0.001	0.997
0.997	0.001	0.001	0.001
0.001	0.001	0.997	0.001
0.001	0.001	0.001	0.997
0.001	0.997	0.001	0.001
0.997	0.001	0.001	0.001
>GGCTGGCT	18-GGCTGGCT	6.705982	-32.346144	0	T:711.0(32.72%),B:11835.7(25.35%),P:1e-14	Tpos:265.1,Tstd:194.4,Bpos:231.7,Bstd:144.3,StrandBias:-0.0,Multiplicity:1.35
0.001	0.050	0.891	0.058
0.047	0.001	0.951	0.001
0.001	0.921	0.001	0.077
0.054	0.070	0.014	0.862
0.001	0.017	0.936	0.046
0.029	0.060	0.860	0.051
0.026	0.933	0.001	0.040
0.122	0.103	0.043	0.732
>TTTGAAAG	19-TTTGAAAG	7.485446	-25.969063	0	T:353.0(16.24%),B:5297.8(11.35%),P:1e-11	Tpos:282.7,Tstd:186.5,Bpos:233.2,Bstd:144.6,StrandBias:-0.1,Multiplicity:1.10
0.030	0.103	0.153	0.714
0.141	0.001	0.001	0.857
0.001	0.087	0.130	0.782
0.001	0.274	0.724	0.001
0.989	0.001	0.009	0.001
0.997	0.001	0.001	0.001
0.880	0.001	0.001	0.118
0.239	0.001	0.541	0.219
