>CACTTCCTGT	1-CACTTCCTGT	7.876308	-169.119237	0	T:305.0(26.25%),B:3906.3(8.25%),P:1e-73	Tpos:279.0,Tstd:172.9,Bpos:238.3,Bstd:140.3,StrandBias:-0.1,Multiplicity:1.22
0.105	0.732	0.045	0.118
0.900	0.001	0.098	0.001
0.001	0.831	0.001	0.167
0.178	0.001	0.001	0.820
0.001	0.001	0.001	0.997
0.001	0.997	0.001	0.001
0.001	0.997	0.001	0.001
0.001	0.001	0.001	0.997
0.001	0.232	0.766	0.001
0.041	0.174	0.001	0.784
>HMWAACCACA	2-HMWAACCACA	8.431462	-164.325470	0	T:272.0(23.41%),B:3227.6(6.82%),P:1e-71	Tpos:286.2,Tstd:167.6,Bpos:231.9,Bstd:141.1,StrandBias:-0.1,Multiplicity:1.16
0.341	0.192	0.177	0.290
0.392	0.258	0.130	0.221
0.395	0.169	0.001	0.435
0.940	0.058	0.001	0.001
0.720	0.077	0.202	0.001
0.054	0.944	0.001	0.001
0.001	0.997	0.001	0.001
0.921	0.030	0.001	0.048
0.030	0.968	0.001	0.001
0.924	0.001	0.001	0.074
>TTTGATGTGG	3-TTTGATGTGG	6.011948	-73.670270	0	T:310.0(26.68%),B:6380.8(13.48%),P:1e-31	Tpos:291.8,Tstd:184.0,Bpos:235.2,Bstd:142.8,StrandBias:-0.2,Multiplicity:1.23
0.114	0.137	0.108	0.641
0.096	0.145	0.184	0.575
0.202	0.044	0.091	0.663
0.099	0.238	0.485	0.178
0.510	0.081	0.186	0.223
0.159	0.117	0.193	0.531
0.098	0.159	0.603	0.140
0.087	0.128	0.070	0.715
0.060	0.144	0.591	0.205
0.108	0.103	0.630	0.159
>NGTGGTTTCY	4-NGTGGTTTCY	7.847043	-65.038140	0	T:246.0(21.17%),B:4769.5(10.08%),P:1e-28	Tpos:293.8,Tstd:200.1,Bpos:236.9,Bstd:142.8,StrandBias:-0.0,Multiplicity:1.14
0.309	0.176	0.273	0.243
0.001	0.021	0.902	0.076
0.090	0.001	0.099	0.810
0.099	0.001	0.899	0.001
0.102	0.001	0.841	0.056
0.047	0.077	0.001	0.875
0.001	0.001	0.110	0.888
0.097	0.004	0.028	0.871
0.065	0.846	0.088	0.001
0.150	0.451	0.001	0.398
>ATGASTCAKH	5-ATGASTCAKH	6.961591	-60.807272	0	T:168.0(14.46%),B:2739.2(5.79%),P:1e-26	Tpos:261.2,Tstd:163.9,Bpos:232.3,Bstd:139.4,StrandBias:0.2,Multiplicity:1.12
0.464	0.199	0.242	0.094
0.052	0.036	0.076	0.836
0.042	0.100	0.643	0.215
0.879	0.040	0.001	0.080
0.031	0.497	0.374	0.098
0.085	0.045	0.066	0.804
0.279	0.576	0.096	0.049
0.842	0.020	0.047	0.091
0.130	0.205	0.262	0.403
0.306	0.317	0.099	0.278
>RGCHCCGCCC	6-RGCHCCGCCC	8.342971	-53.311459	0	T:221.0(19.02%),B:4440.4(9.38%),P:1e-23	Tpos:292.0,Tstd:191.9,Bpos:235.3,Bstd:151.8,StrandBias:0.0,Multiplicity:1.54
0.429	0.144	0.426	0.001
0.357	0.105	0.537	0.001
0.001	0.896	0.041	0.062
0.331	0.402	0.001	0.266
0.169	0.716	0.068	0.047
0.001	0.997	0.001	0.001
0.124	0.001	0.678	0.197
0.001	0.997	0.001	0.001
0.001	0.973	0.001	0.025
0.001	0.663	0.001	0.335
>TTACACTGTG	7-TTACACTGTG	9.700788	-44.971281	0	T:53.0(4.56%),B:446.5(0.94%),P:1e-19	Tpos:224.5,Tstd:141.8,Bpos:243.2,Bstd:154.6,StrandBias:0.7,Multiplicity:1.02
0.001	0.263	0.001	0.735
0.223	0.001	0.003	0.773
0.925	0.031	0.034	0.010
0.001	0.937	0.001	0.061
0.954	0.015	0.001	0.030
0.001	0.945	0.003	0.051
0.087	0.068	0.050	0.795
0.001	0.022	0.761	0.216
0.051	0.135	0.021	0.793
0.087	0.001	0.893	0.019
>TGATCAAAGG	8-TGATCAAAGG	7.910588	-44.477039	0	T:162.0(13.94%),B:3045.5(6.43%),P:1e-19	Tpos:256.0,Tstd:154.3,Bpos:229.5,Bstd:138.7,StrandBias:0.0,Multiplicity:1.14
0.317	0.001	0.001	0.681
0.179	0.202	0.618	0.001
0.773	0.064	0.053	0.110
0.001	0.001	0.001	0.997
0.285	0.708	0.004	0.003
0.839	0.001	0.080	0.080
0.624	0.096	0.036	0.244
0.997	0.001	0.001	0.001
0.088	0.001	0.907	0.004
0.361	0.085	0.553	0.001
>GAAAGGAAAC	9-GAAAGGAAAC	7.073131	-43.714088	0	T:341.0(29.35%),B:8714.9(18.41%),P:1e-18	Tpos:285.8,Tstd:180.0,Bpos:235.5,Bstd:141.7,StrandBias:-0.1,Multiplicity:1.23
0.141	0.080	0.730	0.049
0.816	0.039	0.104	0.041
0.708	0.123	0.093	0.076
0.854	0.055	0.043	0.048
0.052	0.071	0.812	0.065
0.141	0.032	0.737	0.090
0.862	0.054	0.034	0.050
0.819	0.093	0.039	0.049
0.841	0.056	0.074	0.029
0.076	0.828	0.024	0.072
>CGACCAATCG	10-CGACCAATCG	10.470010	-32.999990	0	T:18.0(1.55%),B:53.3(0.11%),P:1e-14	Tpos:292.5,Tstd:189.1,Bpos:237.5,Bstd:148.0,StrandBias:0.3,Multiplicity:1.00
0.151	0.740	0.001	0.108
0.001	0.001	0.997	0.001
0.795	0.001	0.081	0.123
0.001	0.997	0.001	0.001
0.001	0.997	0.001	0.001
0.997	0.001	0.001	0.001
0.997	0.001	0.001	0.001
0.001	0.080	0.001	0.918
0.081	0.862	0.056	0.001
0.157	0.001	0.841	0.001
>GCATAACCAC	11-GCATAACCAC	7.165076	-29.072172	0	T:99.0(8.52%),B:1799.6(3.80%),P:1e-12	Tpos:258.7,Tstd:206.2,Bpos:234.2,Bstd:141.6,StrandBias:0.4,Multiplicity:1.10
0.042	0.044	0.855	0.059
0.045	0.865	0.064	0.026
0.786	0.061	0.033	0.120
0.053	0.054	0.063	0.830
0.812	0.040	0.074	0.074
0.730	0.090	0.115	0.065
0.082	0.795	0.049	0.074
0.076	0.739	0.111	0.074
0.730	0.058	0.130	0.082
0.035	0.868	0.059	0.038
>GTCTATTACT	12-GTCTATTACT	10.449598	-28.929315	0	T:19.0(1.64%),B:78.1(0.17%),P:1e-12	Tpos:191.6,Tstd:132.4,Bpos:241.2,Bstd:145.4,StrandBias:-1.7,Multiplicity:1.11
0.061	0.001	0.937	0.001
0.001	0.001	0.001	0.997
0.001	0.997	0.001	0.001
0.001	0.001	0.001	0.997
0.997	0.001	0.001	0.001
0.001	0.001	0.001	0.997
0.001	0.001	0.001	0.997
0.769	0.001	0.036	0.194
0.001	0.997	0.001	0.001
0.001	0.001	0.001	0.997
>CGTTGATTGG	13-CGTTGATTGG	10.015140	-28.529473	0	T:30.0(2.58%),B:229.6(0.49%),P:1e-12	Tpos:279.7,Tstd:176.8,Bpos:241.3,Bstd:157.8,StrandBias:0.4,Multiplicity:1.14
0.001	0.958	0.001	0.040
0.001	0.098	0.757	0.144
0.196	0.204	0.073	0.527
0.001	0.001	0.001	0.997
0.001	0.001	0.997	0.001
0.918	0.001	0.080	0.001
0.001	0.001	0.001	0.997
0.001	0.001	0.001	0.997
0.001	0.001	0.997	0.001
0.001	0.160	0.838	0.001
>TTTYTGACAC	14-TTTYTGACAC	12.647666	-27.919037	0	T:18.0(1.55%),B:72.8(0.15%),P:1e-12	Tpos:219.5,Tstd:117.9,Bpos:247.6,Bstd:140.1,StrandBias:2.2,Multiplicity:1.00
0.001	0.001	0.001	0.997
0.001	0.001	0.001	0.997
0.001	0.001	0.001	0.997
0.001	0.530	0.001	0.468
0.001	0.001	0.330	0.668
0.001	0.001	0.997	0.001
0.969	0.029	0.001	0.001
0.001	0.997	0.001	0.001
0.997	0.001	0.001	0.001
0.001	0.997	0.001	0.001
>CCAATCCAYT	15-CCAATCCAYT	10.542772	-27.644707	0	T:17.0(1.46%),B:63.1(0.13%),P:1e-12	Tpos:266.5,Tstd:117.6,Bpos:227.3,Bstd:126.9,StrandBias:1.6,Multiplicity:1.00
0.001	0.997	0.001	0.001
0.001	0.997	0.001	0.001
0.997	0.001	0.001	0.001
0.997	0.001	0.001	0.001
0.001	0.001	0.001	0.997
0.001	0.997	0.001	0.001
0.001	0.997	0.001	0.001
0.932	0.001	0.066	0.001
0.001	0.561	0.001	0.437
0.001	0.001	0.001	0.997
>TCCTCCGCCC	16-TCCTCCGCCC	8.162103	-26.688940	0	T:133.0(11.45%),B:2858.3(6.04%),P:1e-11	Tpos:253.6,Tstd:189.8,Bpos:235.4,Bstd:145.7,StrandBias:-0.2,Multiplicity:1.18
0.104	0.049	0.081	0.766
0.035	0.877	0.047	0.041
0.070	0.811	0.070	0.049
0.030	0.094	0.121	0.755
0.041	0.845	0.047	0.067
0.048	0.878	0.041	0.033
0.055	0.184	0.684	0.077
0.036	0.813	0.069	0.082
0.048	0.796	0.069	0.087
0.092	0.780	0.084	0.044
>ACAACCGGTT	17-ACAACCGGTT	7.098573	-25.207512	0	T:64.0(5.51%),B:997.1(2.11%),P:1e-10	Tpos:269.1,Tstd:211.1,Bpos:232.4,Bstd:148.4,StrandBias:-0.3,Multiplicity:1.03
0.801	0.116	0.076	0.007
0.043	0.775	0.095	0.087
0.788	0.052	0.053	0.107
0.756	0.073	0.083	0.088
0.081	0.760	0.126	0.033
0.051	0.879	0.046	0.024
0.023	0.130	0.803	0.044
0.049	0.098	0.821	0.032
0.095	0.053	0.028	0.824
0.070	0.069	0.056	0.805
>GCAGTCTGAC	18-GCAGTCTGAC	8.076863	-22.323643	0	T:52.0(4.48%),B:774.0(1.64%),P:1e-9	Tpos:265.5,Tstd:165.6,Bpos:235.5,Bstd:144.0,StrandBias:-0.3,Multiplicity:1.04
0.001	0.001	0.997	0.001
0.001	0.997	0.001	0.001
0.590	0.001	0.408	0.001
0.001	0.001	0.997	0.001
0.001	0.151	0.001	0.847
0.001	0.997	0.001	0.001
0.001	0.001	0.001	0.997
0.176	0.001	0.822	0.001
0.945	0.001	0.001	0.053
0.001	0.791	0.207	0.001
>AGGGCAAGGC	19-AGGGCAAGGC	11.925359	-21.303142	0	T:19.0(1.64%),B:123.2(0.26%),P:1e-9	Tpos:289.1,Tstd:89.3,Bpos:218.6,Bstd:132.3,StrandBias:-1.5,Multiplicity:1.00
0.997	0.001	0.001	0.001
0.001	0.001	0.997	0.001
0.001	0.148	0.850	0.001
0.001	0.001	0.997	0.001
0.001	0.997	0.001	0.001
0.997	0.001	0.001	0.001
0.997	0.001	0.001	0.001
0.001	0.001	0.997	0.001
0.001	0.001	0.997	0.001
0.001	0.997	0.001	0.001
>AGCTMACSGT	20-AGCTMACSGT	9.849375	-20.589010	0	T:35.0(3.01%),B:422.7(0.89%),P:1e-8	Tpos:252.3,Tstd:148.9,Bpos:237.4,Bstd:152.3,StrandBias:0.6,Multiplicity:1.14
0.997	0.001	0.001	0.001
0.036	0.001	0.962	0.001
0.166	0.832	0.001	0.001
0.186	0.073	0.010	0.731
0.571	0.427	0.001	0.001
0.997	0.001	0.001	0.001
0.001	0.899	0.001	0.099
0.171	0.320	0.427	0.082
0.001	0.001	0.997	0.001
0.001	0.001	0.001	0.997
>GTCCTCAGAT	21-GTCCTCAGAT	11.998986	-19.813958	0	T:14.0(1.20%),B:68.0(0.14%),P:1e-8	Tpos:197.2,Tstd:82.5,Bpos:224.7,Bstd:131.8,StrandBias:3.7,Multiplicity:1.00
0.001	0.001	0.997	0.001
0.126	0.001	0.001	0.872
0.001	0.997	0.001	0.001
0.001	0.843	0.155	0.001
0.155	0.001	0.127	0.717
0.423	0.575	0.001	0.001
0.576	0.099	0.001	0.324
0.001	0.001	0.997	0.001
0.997	0.001	0.001	0.001
0.099	0.001	0.001	0.899
>GAAGCCTTGC	22-GAAGCCTTGC	10.314685	-19.629047	0	T:14.0(1.20%),B:68.6(0.14%),P:1e-8	Tpos:385.6,Tstd:114.8,Bpos:236.9,Bstd:137.7,StrandBias:2.6,Multiplicity:1.00
0.078	0.063	0.822	0.037
0.903	0.001	0.069	0.027
0.707	0.044	0.169	0.080
0.140	0.072	0.757	0.031
0.021	0.741	0.108	0.130
0.051	0.692	0.187	0.070
0.001	0.057	0.030	0.912
0.113	0.140	0.062	0.685
0.001	0.001	0.937	0.061
0.001	0.893	0.041	0.065
>GGCGGGACTA	23-GGCGGGACTA	8.432777	-18.300060	0	T:20.0(1.72%),B:165.3(0.35%),P:1e-7	Tpos:308.4,Tstd:135.9,Bpos:273.4,Bstd:127.2,StrandBias:0.3,Multiplicity:1.10
0.099	0.143	0.649	0.109
0.131	0.072	0.723	0.074
0.012	0.767	0.091	0.130
0.081	0.115	0.747	0.057
0.119	0.091	0.657	0.133
0.152	0.084	0.660	0.104
0.707	0.101	0.053	0.139
0.103	0.685	0.117	0.095
0.123	0.097	0.064	0.716
0.688	0.096	0.086	0.130
>CTAAGTGTAA	24-CTAAGTGTAA	10.955630	-15.526173	0	T:17.0(1.46%),B:143.3(0.30%),P:1e-6	Tpos:269.0,Tstd:242.5,Bpos:209.0,Bstd:132.8,StrandBias:-0.5,Multiplicity:1.29
0.001	0.997	0.001	0.001
0.001	0.001	0.001	0.997
0.807	0.001	0.001	0.191
0.693	0.305	0.001	0.001
0.001	0.001	0.997	0.001
0.145	0.001	0.001	0.853
0.001	0.001	0.997	0.001
0.001	0.001	0.001	0.997
0.839	0.001	0.159	0.001
0.815	0.001	0.001	0.183
>ATCCTGCCTA	25-ATCCTGCCTA	11.313978	-12.401721	0	T:9.0(0.77%),B:48.6(0.10%),P:1e-5	Tpos:180.8,Tstd:118.6,Bpos:223.8,Bstd:133.4,StrandBias:2.0,Multiplicity:1.67
0.997	0.001	0.001	0.001
0.001	0.001	0.001	0.997
0.001	0.997	0.001	0.001
0.001	0.834	0.164	0.001
0.001	0.096	0.001	0.902
0.001	0.001	0.997	0.001
0.001	0.997	0.001	0.001
0.001	0.997	0.001	0.001
0.001	0.001	0.001	0.997
0.997	0.001	0.001	0.001
