>AVMNAAACCACA	1-AVMNAAACCACA	7.484607	-146.639238	0	T:359.0(30.90%),B:5727.7(12.10%),P:1e-63	Tpos:279.9,Tstd:180.0,Bpos:233.6,Bstd:141.1,StrandBias:0.1,Multiplicity:1.30
0.462	0.187	0.258	0.093
0.290	0.327	0.246	0.136
0.361	0.335	0.204	0.100
0.200	0.323	0.246	0.231
0.543	0.110	0.009	0.338
0.793	0.149	0.057	0.001
0.716	0.129	0.154	0.001
0.040	0.936	0.001	0.023
0.030	0.968	0.001	0.001
0.950	0.001	0.001	0.048
0.016	0.853	0.001	0.130
0.793	0.067	0.001	0.139
>AACCACWTCCTB	2-AACCACWTCCTB	8.756789	-137.252775	0	T:125.0(10.76%),B:777.5(1.64%),P:1e-59	Tpos:257.1,Tstd:134.2,Bpos:234.3,Bstd:130.8,StrandBias:-0.4,Multiplicity:1.11
0.435	0.220	0.192	0.152
0.528	0.195	0.210	0.067
0.201	0.568	0.139	0.092
0.044	0.851	0.012	0.093
0.764	0.102	0.071	0.063
0.001	0.772	0.036	0.191
0.515	0.069	0.001	0.415
0.173	0.216	0.077	0.534
0.028	0.970	0.001	0.001
0.047	0.741	0.001	0.211
0.182	0.035	0.148	0.635
0.109	0.354	0.295	0.242
>TYKGWGGTTTHC	3-TYKGWGGTTTHC	8.531921	-116.035851	0	T:197.0(16.95%),B:2333.2(4.93%),P:1e-50	Tpos:260.7,Tstd:164.1,Bpos:236.5,Bstd:146.2,StrandBias:-0.4,Multiplicity:1.06
0.241	0.063	0.126	0.570
0.001	0.334	0.189	0.476
0.001	0.001	0.468	0.530
0.001	0.001	0.997	0.001
0.268	0.192	0.167	0.374
0.001	0.001	0.997	0.001
0.001	0.082	0.916	0.001
0.001	0.001	0.001	0.997
0.001	0.001	0.001	0.997
0.062	0.001	0.001	0.936
0.305	0.316	0.143	0.236
0.190	0.473	0.102	0.236
>YACTTCCTGTKT	4-YACTTCCTGTKT	8.840482	-93.260089	0	T:193.0(16.61%),B:2641.9(5.58%),P:1e-40	Tpos:282.6,Tstd:188.5,Bpos:238.5,Bstd:140.0,StrandBias:0.1,Multiplicity:1.08
0.217	0.403	0.112	0.268
0.554	0.137	0.212	0.097
0.001	0.813	0.001	0.185
0.001	0.145	0.001	0.853
0.001	0.001	0.001	0.997
0.001	0.855	0.001	0.143
0.001	0.775	0.195	0.029
0.001	0.001	0.168	0.830
0.001	0.240	0.723	0.036
0.001	0.001	0.001	0.997
0.188	0.001	0.464	0.347
0.270	0.070	0.211	0.449
>CCACATCAAAGG	5-CCACATCAAAGG	9.182147	-79.761828	0	T:105.0(9.04%),B:979.5(2.07%),P:1e-34	Tpos:281.0,Tstd:177.9,Bpos:228.6,Bstd:133.9,StrandBias:0.5,Multiplicity:1.01
0.085	0.756	0.071	0.088
0.070	0.837	0.041	0.052
0.945	0.034	0.001	0.020
0.037	0.863	0.099	0.001
0.745	0.112	0.029	0.114
0.152	0.020	0.091	0.737
0.029	0.818	0.096	0.057
0.912	0.035	0.001	0.052
0.909	0.038	0.042	0.011
0.926	0.001	0.001	0.072
0.218	0.028	0.753	0.001
0.122	0.042	0.806	0.030
>RGGGCGGRGCYT	6-RGGGCGGRGCYT	8.121449	-55.958527	0	T:278.0(23.92%),B:6068.9(12.82%),P:1e-24	Tpos:319.7,Tstd:220.7,Bpos:234.7,Bstd:144.4,StrandBias:0.1,Multiplicity:1.51
0.423	0.116	0.332	0.128
0.307	0.001	0.691	0.001
0.001	0.001	0.997	0.001
0.001	0.001	0.997	0.001
0.150	0.677	0.001	0.172
0.318	0.001	0.680	0.001
0.001	0.001	0.874	0.124
0.432	0.001	0.566	0.001
0.104	0.253	0.642	0.001
0.001	0.633	0.060	0.306
0.130	0.437	0.130	0.304
0.236	0.119	0.235	0.411
>CACAGTAATAKA	7-CACAGTAATAKA	13.457052	-47.981879	0	T:12.0(1.03%),B:4.8(0.01%),P:1e-20	Tpos:208.8,Tstd:61.6,Bpos:206.2,Bstd:113.7,StrandBias:3.5,Multiplicity:1.00
0.001	0.680	0.001	0.318
0.839	0.001	0.159	0.001
0.001	0.839	0.159	0.001
0.997	0.001	0.001	0.001
0.324	0.159	0.516	0.001
0.159	0.001	0.001	0.839
0.839	0.001	0.159	0.001
0.997	0.001	0.001	0.001
0.001	0.001	0.001	0.997
0.997	0.001	0.001	0.001
0.001	0.001	0.520	0.478
0.997	0.001	0.001	0.001
>TCCAATCCACTC	8-TCCAATCCACTC	14.562261	-41.293084	0	T:10.0(0.86%),B:3.4(0.01%),P:1e-17	Tpos:292.9,Tstd:98.9,Bpos:241.6,Bstd:103.9,StrandBias:3.0,Multiplicity:1.00
0.001	0.130	0.001	0.868
0.001	0.997	0.001	0.001
0.001	0.997	0.001	0.001
0.997	0.001	0.001	0.001
0.997	0.001	0.001	0.001
0.001	0.001	0.001	0.997
0.001	0.997	0.001	0.001
0.001	0.997	0.001	0.001
0.997	0.001	0.001	0.001
0.001	0.997	0.001	0.001
0.001	0.001	0.001	0.997
0.001	0.997	0.001	0.001
>CAACACTGTGTC	9-CAACACTGTGTC	12.355432	-40.306098	0	T:8.0(0.69%),B:1.9(0.00%),P:1e-17	Tpos:215.2,Tstd:82.0,Bpos:299.3,Bstd:149.9,StrandBias:10.0,Multiplicity:1.00
0.100	0.700	0.100	0.100
0.700	0.100	0.100	0.100
0.700	0.100	0.100	0.100
0.100	0.700	0.100	0.100
0.700	0.100	0.100	0.100
0.100	0.700	0.100	0.100
0.100	0.100	0.100	0.700
0.100	0.100	0.700	0.100
0.100	0.100	0.100	0.700
0.100	0.100	0.700	0.100
0.100	0.100	0.100	0.700
0.100	0.700	0.100	0.100
>GTTTCTGACACA	10-GTTTCTGACACA	14.614707	-35.630726	0	T:11.0(0.95%),B:8.0(0.02%),P:1e-15	Tpos:233.5,Tstd:109.4,Bpos:368.6,Bstd:17.6,StrandBias:3.2,Multiplicity:1.00
0.001	0.001	0.997	0.001
0.001	0.001	0.001	0.997
0.001	0.001	0.001	0.997
0.001	0.001	0.001	0.997
0.001	0.997	0.001	0.001
0.001	0.001	0.001	0.997
0.001	0.001	0.997	0.001
0.997	0.001	0.001	0.001
0.001	0.997	0.001	0.001
0.997	0.001	0.001	0.001
0.001	0.997	0.001	0.001
0.861	0.001	0.001	0.137
>TGTTAAGCCACA	11-TGTTAAGCCACA	8.463612	-35.010955	0	T:95.0(8.18%),B:1527.2(3.23%),P:1e-15	Tpos:294.9,Tstd:215.8,Bpos:232.7,Bstd:139.4,StrandBias:0.4,Multiplicity:1.04
0.100	0.100	0.100	0.700
0.100	0.100	0.700	0.100
0.100	0.100	0.100	0.700
0.100	0.100	0.100	0.700
0.700	0.100	0.100	0.100
0.700	0.100	0.100	0.100
0.100	0.100	0.700	0.100
0.100	0.700	0.100	0.100
0.100	0.700	0.100	0.100
0.700	0.100	0.100	0.100
0.100	0.700	0.100	0.100
0.700	0.100	0.100	0.100
>TCCTCAGATGTC	12-TCCTCAGATGTC	12.355432	-34.782586	0	T:8.0(0.69%),B:2.9(0.01%),P:1e-15	Tpos:221.0,Tstd:65.2,Bpos:353.5,Bstd:110.5,StrandBias:10.0,Multiplicity:1.00
0.100	0.100	0.100	0.700
0.100	0.700	0.100	0.100
0.100	0.700	0.100	0.100
0.100	0.100	0.100	0.700
0.100	0.700	0.100	0.100
0.700	0.100	0.100	0.100
0.100	0.100	0.700	0.100
0.700	0.100	0.100	0.100
0.100	0.100	0.100	0.700
0.100	0.100	0.700	0.100
0.100	0.100	0.100	0.700
0.100	0.700	0.100	0.100
>GTGGCCTTGCCC	13-GTGGCCTTGCCC	12.355432	-33.220677	0	T:11.0(0.95%),B:10.6(0.02%),P:1e-14	Tpos:286.8,Tstd:75.8,Bpos:203.5,Bstd:144.2,StrandBias:10.0,Multiplicity:1.00
0.100	0.100	0.700	0.100
0.100	0.100	0.100	0.700
0.100	0.100	0.700	0.100
0.100	0.100	0.700	0.100
0.100	0.700	0.100	0.100
0.100	0.700	0.100	0.100
0.100	0.100	0.100	0.700
0.100	0.100	0.100	0.700
0.100	0.100	0.700	0.100
0.100	0.700	0.100	0.100
0.100	0.700	0.100	0.100
0.100	0.700	0.100	0.100
>AGTATTGCAGGA	14-AGTATTGCAGGA	13.330807	-28.871832	0	T:11.0(0.95%),B:15.7(0.03%),P:1e-12	Tpos:350.5,Tstd:137.7,Bpos:214.0,Bstd:110.0,StrandBias:3.3,Multiplicity:1.00
0.997	0.001	0.001	0.001
0.001	0.001	0.997	0.001
0.001	0.209	0.001	0.789
0.817	0.181	0.001	0.001
0.001	0.001	0.001	0.997
0.001	0.001	0.001	0.997
0.001	0.001	0.997	0.001
0.001	0.997	0.001	0.001
0.997	0.001	0.001	0.001
0.001	0.001	0.997	0.001
0.001	0.001	0.997	0.001
0.997	0.001	0.001	0.001
>ATGTAGGCTGTG	15-ATGTAGGCTGTG	12.355432	-26.865727	0	T:7.0(0.60%),B:3.1(0.01%),P:1e-11	Tpos:270.1,Tstd:87.2,Bpos:78.9,Bstd:43.9,StrandBias:10.0,Multiplicity:1.00
0.700	0.100	0.100	0.100
0.100	0.100	0.100	0.700
0.100	0.100	0.700	0.100
0.100	0.100	0.100	0.700
0.700	0.100	0.100	0.100
0.100	0.100	0.700	0.100
0.100	0.100	0.700	0.100
0.100	0.700	0.100	0.100
0.100	0.100	0.100	0.700
0.100	0.100	0.700	0.100
0.100	0.100	0.100	0.700
0.100	0.100	0.700	0.100
>ACATCCTGCCTA	16-ACATCCTGCCTA	6.517702	-22.056178	0	T:451.0(38.81%),B:14300.4(30.22%),P:1e-9	Tpos:282.3,Tstd:201.9,Bpos:234.0,Bstd:134.6,StrandBias:0.3,Multiplicity:1.25
0.700	0.100	0.100	0.100
0.100	0.700	0.100	0.100
0.700	0.100	0.100	0.100
0.100	0.100	0.100	0.700
0.100	0.700	0.100	0.100
0.100	0.700	0.100	0.100
0.100	0.100	0.100	0.700
0.100	0.100	0.700	0.100
0.100	0.700	0.100	0.100
0.100	0.700	0.100	0.100
0.100	0.100	0.100	0.700
0.700	0.100	0.100	0.100
>SCAGGGCAACCC	17-SCAGGGCAACCC	11.073192	-17.928920	0	T:18.0(1.55%),B:136.0(0.29%),P:1e-7	Tpos:236.1,Tstd:185.6,Bpos:230.2,Bstd:140.0,StrandBias:0.4,Multiplicity:1.17
0.001	0.496	0.502	0.001
0.001	0.748	0.001	0.250
0.748	0.250	0.001	0.001
0.001	0.001	0.997	0.001
0.001	0.001	0.997	0.001
0.001	0.178	0.820	0.001
0.001	0.997	0.001	0.001
0.997	0.001	0.001	0.001
0.997	0.001	0.001	0.001
0.001	0.820	0.178	0.001
0.001	0.748	0.001	0.250
0.250	0.748	0.001	0.001
>TCATCACCAGCT	18-TCATCACCAGCT	13.883169	-14.676324	0	T:6.0(0.52%),B:11.4(0.02%),P:1e-6	Tpos:144.0,Tstd:81.3,Bpos:238.4,Bstd:99.0,StrandBias:10.0,Multiplicity:2.00
0.001	0.001	0.001	0.997
0.001	0.997	0.001	0.001
0.997	0.001	0.001	0.001
0.085	0.001	0.001	0.913
0.001	0.878	0.001	0.120
0.997	0.001	0.001	0.001
0.120	0.878	0.001	0.001
0.001	0.997	0.001	0.001
0.997	0.001	0.001	0.001
0.001	0.001	0.997	0.001
0.001	0.997	0.001	0.001
0.001	0.001	0.001	0.997
>CACACTTAGTCA	19-CACACTTAGTCA	7.434608	-13.658682	0	T:132.0(11.36%),B:3520.4(7.44%),P:1e-5	Tpos:236.3,Tstd:170.1,Bpos:239.3,Bstd:138.8,StrandBias:0.1,Multiplicity:1.02
0.117	0.712	0.049	0.122
0.821	0.083	0.022	0.074
0.055	0.692	0.175	0.078
0.714	0.111	0.073	0.102
0.078	0.751	0.088	0.083
0.036	0.077	0.033	0.854
0.073	0.108	0.225	0.594
0.752	0.061	0.082	0.105
0.145	0.104	0.574	0.177
0.081	0.095	0.081	0.743
0.039	0.802	0.054	0.105
0.988	0.010	0.001	0.001
>GATACCCAATGT	20-GATACCCAATGT	14.515469	-10.872468	0	T:3.0(0.26%),B:3.0(0.01%),P:1e-4	Tpos:177.9,Tstd:85.6,Bpos:235.5,Bstd:72.0,StrandBias:10.0,Multiplicity:2.33
0.001	0.145	0.853	0.001
0.997	0.001	0.001	0.001
0.001	0.145	0.001	0.853
0.997	0.001	0.001	0.001
0.001	0.997	0.001	0.001
0.001	0.997	0.001	0.001
0.001	0.997	0.001	0.001
0.997	0.001	0.001	0.001
0.997	0.001	0.001	0.001
0.001	0.001	0.001	0.997
0.001	0.001	0.997	0.001
0.001	0.001	0.001	0.997
>GTAGGCAGSATG	21-GTAGGCAGSATG	9.621249	-10.427508	0	T:48.0(4.13%),B:1030.5(2.18%),P:1e-4	Tpos:248.7,Tstd:180.9,Bpos:228.7,Bstd:130.5,StrandBias:0.7,Multiplicity:1.24
0.001	0.001	0.997	0.001
0.105	0.103	0.212	0.580
0.796	0.001	0.202	0.001
0.176	0.001	0.822	0.001
0.032	0.001	0.776	0.191
0.001	0.649	0.349	0.001
0.745	0.185	0.069	0.001
0.001	0.231	0.767	0.001
0.136	0.415	0.393	0.055
0.886	0.001	0.001	0.112
0.105	0.001	0.157	0.737
0.001	0.155	0.843	0.001
>AGTGATCATAGG	22-AGTGATCATAGG	2.703055	-9.565784	0	T:52.0(4.48%),B:1189.3(2.51%),P:1e-4	Tpos:214.9,Tstd:174.0,Bpos:233.2,Bstd:137.5,StrandBias:0.6,Multiplicity:1.16
0.997	0.001	0.001	0.001
0.001	0.001	0.997	0.001
0.001	0.001	0.001	0.997
0.001	0.084	0.914	0.001
0.997	0.001	0.001	0.001
0.001	0.001	0.001	0.997
0.001	0.997	0.001	0.001
0.997	0.001	0.001	0.001
0.001	0.001	0.001	0.997
0.997	0.001	0.001	0.001
0.001	0.001	0.997	0.001
0.001	0.001	0.997	0.001
>YRCTTMGTCRKH	23-YRCTTMGTCRKH	5.619683	-9.466988	0	T:149.0(12.82%),B:4446.0(9.39%),P:1e-4	Tpos:251.9,Tstd:178.8,Bpos:237.7,Bstd:145.5,StrandBias:0.4,Multiplicity:1.06
0.151	0.399	0.200	0.250
0.354	0.051	0.495	0.100
0.150	0.551	0.051	0.248
0.199	0.199	0.051	0.551
0.101	0.199	0.100	0.600
0.403	0.346	0.248	0.002
0.150	0.051	0.649	0.150
0.199	0.002	0.100	0.699
0.150	0.700	0.001	0.149
0.355	0.149	0.494	0.002
0.051	0.199	0.403	0.347
0.349	0.299	0.101	0.250
>TCACACTTAGTC	24-TCACACTTAGTC	6.517702	-7.098752	0	T:339.0(29.17%),B:11865.4(25.07%),P:1e-3	Tpos:283.9,Tstd:216.0,Bpos:235.0,Bstd:139.4,StrandBias:-0.1,Multiplicity:1.18
0.100	0.100	0.100	0.700
0.100	0.700	0.100	0.100
0.700	0.100	0.100	0.100
0.100	0.700	0.100	0.100
0.700	0.100	0.100	0.100
0.100	0.700	0.100	0.100
0.100	0.100	0.100	0.700
0.100	0.100	0.100	0.700
0.700	0.100	0.100	0.100
0.100	0.100	0.700	0.100
0.100	0.100	0.100	0.700
0.100	0.700	0.100	0.100
>CTAACTATAGAC	25-CTAACTATAGAC	12.355432	-3.719200	0	T:1.0(0.09%),B:1.2(0.00%),P:1e-1	Tpos:169.6,Tstd:78.0,Bpos:333.0,Bstd:0.0,StrandBias:10.0,Multiplicity:5.00
0.100	0.700	0.100	0.100
0.100	0.100	0.100	0.700
0.700	0.100	0.100	0.100
0.700	0.100	0.100	0.100
0.100	0.700	0.100	0.100
0.100	0.100	0.100	0.700
0.700	0.100	0.100	0.100
0.100	0.100	0.100	0.700
0.700	0.100	0.100	0.100
0.100	0.100	0.700	0.100
0.700	0.100	0.100	0.100
0.100	0.700	0.100	0.100
