>ACMGGAARTN	1-ACMGGAARTN	6.174151	-804.126581	0	T:1864.0(49.26%),B:8936.4(20.09%),P:1e-349	Tpos:278.0,Tstd:202.3,Bpos:235.7,Bstd:144.0,StrandBias:0.0,Multiplicity:1.40
0.471	0.078	0.265	0.186
0.177	0.482	0.262	0.080
0.469	0.365	0.165	0.001
0.047	0.154	0.656	0.143
0.006	0.063	0.909	0.022
0.791	0.092	0.015	0.102
0.624	0.084	0.011	0.281
0.385	0.069	0.519	0.027
0.097	0.319	0.078	0.506
0.279	0.187	0.336	0.198
>ACATCAAAGV	2-ACATCAAAGV	8.017437	-237.516270	0	T:776.0(20.51%),B:3992.6(8.97%),P:1e-103	Tpos:261.8,Tstd:193.5,Bpos:240.0,Bstd:145.1,StrandBias:0.2,Multiplicity:1.17
0.772	0.001	0.093	0.134
0.015	0.571	0.409	0.005
0.661	0.005	0.001	0.333
0.104	0.001	0.012	0.883
0.097	0.765	0.134	0.004
0.992	0.001	0.001	0.006
0.930	0.001	0.068	0.001
0.997	0.001	0.001	0.001
0.112	0.109	0.778	0.001
0.310	0.291	0.301	0.097
>TTCAAAGCGG	3-TTCAAAGCGG	6.340505	-139.690025	0	T:1076.0(28.44%),B:7802.9(17.54%),P:1e-60	Tpos:278.9,Tstd:200.8,Bpos:237.0,Bstd:147.0,StrandBias:0.0,Multiplicity:1.15
0.237	0.105	0.064	0.594
0.149	0.035	0.062	0.754
0.069	0.809	0.090	0.032
0.910	0.011	0.034	0.045
0.750	0.031	0.207	0.012
0.856	0.091	0.020	0.033
0.110	0.018	0.783	0.089
0.049	0.788	0.150	0.013
0.112	0.164	0.601	0.123
0.210	0.157	0.428	0.205
>NVGDAACCAC	4-NVGDAACCAC	7.103799	-134.553859	0	T:967.0(25.55%),B:6828.4(15.35%),P:1e-58	Tpos:280.7,Tstd:211.3,Bpos:237.6,Bstd:145.5,StrandBias:0.1,Multiplicity:1.18
0.303	0.227	0.236	0.234
0.384	0.317	0.298	0.001
0.178	0.192	0.415	0.216
0.350	0.094	0.296	0.260
0.997	0.001	0.001	0.001
0.809	0.001	0.189	0.001
0.283	0.676	0.040	0.001
0.001	0.997	0.001	0.001
0.654	0.065	0.280	0.001
0.001	0.997	0.001	0.001
>TCTTTGATGT	5-TCTTTGATGT	6.875413	-105.335954	0	T:1093.0(28.88%),B:8558.9(19.24%),P:1e-45	Tpos:277.1,Tstd:211.8,Bpos:235.5,Bstd:144.6,StrandBias:-0.1,Multiplicity:1.16
0.108	0.076	0.056	0.760
0.059	0.771	0.120	0.050
0.048	0.058	0.030	0.864
0.031	0.106	0.098	0.765
0.052	0.019	0.032	0.897
0.049	0.080	0.828	0.043
0.751	0.061	0.104	0.084
0.071	0.009	0.049	0.871
0.030	0.051	0.821	0.098
0.063	0.101	0.076	0.760
>NSTGACGTVA	6-NSTGACGTVA	5.928970	-100.927151	0	T:615.0(16.25%),B:4040.1(9.08%),P:1e-43	Tpos:298.5,Tstd:211.1,Bpos:238.4,Bstd:152.5,StrandBias:0.0,Multiplicity:1.14
0.194	0.191	0.323	0.293
0.177	0.338	0.375	0.110
0.228	0.060	0.001	0.711
0.010	0.316	0.519	0.155
0.928	0.004	0.067	0.001
0.036	0.912	0.001	0.051
0.059	0.001	0.908	0.032
0.056	0.116	0.141	0.687
0.248	0.383	0.257	0.112
0.514	0.079	0.165	0.242
>CCCCCCCCCC	7-CCCCCCCCCC	7.595919	-98.859144	0	T:1007.0(26.61%),B:7815.8(17.57%),P:1e-42	Tpos:309.6,Tstd:239.6,Bpos:235.7,Bstd:141.0,StrandBias:-0.2,Multiplicity:1.47
0.131	0.574	0.094	0.201
0.009	0.796	0.043	0.152
0.037	0.937	0.001	0.025
0.095	0.741	0.001	0.163
0.100	0.680	0.112	0.108
0.081	0.786	0.037	0.096
0.086	0.844	0.001	0.069
0.083	0.900	0.004	0.013
0.120	0.806	0.016	0.058
0.111	0.594	0.074	0.221
>CCACTAGAGG	8-CCACTAGAGG	8.896789	-75.443924	0	T:185.0(4.89%),B:784.2(1.76%),P:1e-32	Tpos:265.6,Tstd:187.5,Bpos:240.4,Bstd:133.0,StrandBias:0.0,Multiplicity:1.01
0.001	0.957	0.041	0.001
0.022	0.946	0.023	0.009
0.955	0.020	0.001	0.024
0.001	0.954	0.044	0.001
0.048	0.066	0.014	0.872
0.997	0.001	0.001	0.001
0.001	0.026	0.956	0.017
0.663	0.022	0.314	0.001
0.001	0.001	0.854	0.144
0.036	0.044	0.885	0.035
>VACAGGAAGG	9-VACAGGAAGG	9.001912	-73.957958	0	T:481.0(12.71%),B:3209.8(7.21%),P:1e-32	Tpos:267.5,Tstd:200.5,Bpos:239.1,Bstd:142.5,StrandBias:-0.0,Multiplicity:1.09
0.316	0.323	0.276	0.085
0.782	0.001	0.216	0.001
0.001	0.928	0.070	0.001
0.997	0.001	0.001	0.001
0.001	0.001	0.997	0.001
0.178	0.001	0.820	0.001
0.926	0.072	0.001	0.001
0.862	0.001	0.001	0.136
0.279	0.001	0.719	0.001
0.186	0.001	0.812	0.001
>TAGTTCCGCC	10-TAGTTCCGCC	4.852589	-68.114592	0	T:1432.0(37.84%),B:12995.6(29.21%),P:1e-29	Tpos:302.3,Tstd:225.4,Bpos:239.3,Bstd:152.9,StrandBias:-0.1,Multiplicity:1.44
0.099	0.094	0.140	0.667
0.680	0.074	0.128	0.118
0.110	0.108	0.677	0.105
0.119	0.150	0.096	0.635
0.093	0.095	0.099	0.713
0.093	0.742	0.086	0.079
0.072	0.759	0.076	0.093
0.084	0.101	0.709	0.106
0.084	0.712	0.096	0.108
0.095	0.708	0.092	0.105
>TGACTTAAGC	11-TGACTTAAGC	6.287640	-54.343420	0	T:874.0(23.10%),B:7421.1(16.68%),P:1e-23	Tpos:278.9,Tstd:219.6,Bpos:236.7,Bstd:143.5,StrandBias:-0.1,Multiplicity:1.11
0.081	0.081	0.092	0.746
0.069	0.058	0.827	0.046
0.767	0.062	0.099	0.072
0.070	0.725	0.130	0.075
0.122	0.018	0.074	0.786
0.051	0.058	0.068	0.823
0.779	0.109	0.015	0.097
0.825	0.061	0.056	0.058
0.059	0.040	0.865	0.036
0.041	0.863	0.059	0.037
>GCGTGCGTTT	12-GCGTGCGTTT	5.224847	-52.511420	0	T:682.0(18.02%),B:5512.7(12.39%),P:1e-22	Tpos:305.4,Tstd:248.5,Bpos:241.6,Bstd:158.1,StrandBias:-0.1,Multiplicity:1.17
0.244	0.110	0.528	0.118
0.170	0.548	0.122	0.160
0.142	0.201	0.577	0.080
0.070	0.195	0.142	0.593
0.143	0.065	0.589	0.203
0.092	0.535	0.158	0.215
0.144	0.133	0.517	0.206
0.117	0.154	0.141	0.588
0.071	0.068	0.240	0.621
0.106	0.261	0.193	0.439
>AGTGCGAMAT	13-AGTGCGAMAT	8.342906	-46.822091	0	T:90.0(2.38%),B:327.4(0.74%),P:1e-20	Tpos:252.8,Tstd:186.4,Bpos:242.8,Bstd:162.7,StrandBias:0.3,Multiplicity:1.01
0.651	0.068	0.001	0.280
0.291	0.001	0.707	0.001
0.132	0.068	0.011	0.789
0.001	0.001	0.997	0.001
0.001	0.997	0.001	0.001
0.001	0.001	0.997	0.001
0.461	0.138	0.239	0.161
0.428	0.535	0.036	0.001
0.965	0.001	0.001	0.033
0.095	0.068	0.142	0.695
>CCGATTGGCT	14-CCGATTGGCT	7.678286	-42.333890	0	T:256.0(6.77%),B:1659.6(3.73%),P:1e-18	Tpos:291.4,Tstd:267.9,Bpos:232.9,Bstd:141.9,StrandBias:0.0,Multiplicity:1.19
0.049	0.665	0.174	0.112
0.001	0.497	0.214	0.288
0.039	0.145	0.775	0.041
0.916	0.001	0.025	0.058
0.031	0.001	0.013	0.955
0.001	0.012	0.005	0.982
0.073	0.001	0.921	0.005
0.011	0.001	0.888	0.100
0.162	0.673	0.006	0.159
0.041	0.084	0.128	0.747
>TBTDWCWGYT	15-TBTDWCWGYT	6.582595	-35.192198	0	T:1868.0(49.37%),B:19072.5(42.87%),P:1e-15	Tpos:290.5,Tstd:236.6,Bpos:236.3,Bstd:146.9,StrandBias:0.0,Multiplicity:1.47
0.001	0.196	0.314	0.490
0.054	0.360	0.270	0.316
0.001	0.047	0.001	0.951
0.220	0.087	0.332	0.361
0.289	0.001	0.277	0.433
0.001	0.997	0.001	0.001
0.381	0.001	0.161	0.457
0.001	0.001	0.579	0.419
0.001	0.455	0.001	0.543
0.001	0.001	0.403	0.595
>AGATCTGTTA	16-AGATCTGTTA	8.320301	-30.473758	0	T:200.0(5.29%),B:1337.0(3.01%),P:1e-13	Tpos:302.2,Tstd:251.4,Bpos:237.4,Bstd:141.2,StrandBias:-0.3,Multiplicity:1.05
0.979	0.001	0.001	0.019
0.001	0.034	0.964	0.001
0.708	0.123	0.168	0.001
0.034	0.001	0.001	0.964
0.001	0.726	0.272	0.001
0.116	0.001	0.001	0.882
0.001	0.045	0.907	0.047
0.001	0.001	0.018	0.980
0.099	0.014	0.037	0.850
0.763	0.002	0.183	0.052
>CTACAGTACC	17-CTACAGTACC	9.325250	-29.612656	0	T:89.0(2.35%),B:431.4(0.97%),P:1e-12	Tpos:237.9,Tstd:181.7,Bpos:233.0,Bstd:150.3,StrandBias:0.1,Multiplicity:1.01
0.074	0.834	0.001	0.091
0.033	0.001	0.001	0.965
0.908	0.001	0.001	0.090
0.024	0.974	0.001	0.001
0.773	0.121	0.052	0.054
0.001	0.001	0.857	0.141
0.001	0.001	0.001	0.997
0.638	0.001	0.001	0.360
0.001	0.673	0.264	0.062
0.053	0.945	0.001	0.001
>GTTACCATAG	18-GTTACCATAG	8.141789	-28.077404	0	T:184.0(4.86%),B:1231.0(2.77%),P:1e-12	Tpos:282.3,Tstd:235.9,Bpos:234.0,Bstd:136.6,StrandBias:0.1,Multiplicity:1.11
0.025	0.051	0.901	0.023
0.080	0.038	0.035	0.847
0.245	0.087	0.001	0.667
0.719	0.066	0.163	0.052
0.107	0.822	0.048	0.023
0.073	0.849	0.050	0.028
0.976	0.021	0.001	0.002
0.009	0.033	0.101	0.857
0.611	0.022	0.275	0.092
0.057	0.017	0.771	0.155
>ACGCGTGCAA	19-ACGCGTGCAA	7.265580	-27.646338	0	T:115.0(3.04%),B:650.9(1.46%),P:1e-12	Tpos:290.9,Tstd:211.6,Bpos:243.7,Bstd:164.2,StrandBias:0.3,Multiplicity:1.06
0.816	0.092	0.036	0.056
0.020	0.911	0.017	0.052
0.057	0.040	0.838	0.065
0.101	0.694	0.149	0.056
0.056	0.060	0.805	0.079
0.007	0.077	0.015	0.901
0.191	0.086	0.663	0.060
0.120	0.779	0.041	0.060
0.773	0.090	0.057	0.080
0.830	0.066	0.063	0.041
>CCGACTTCTA	20-CCGACTTCTA	10.296193	-25.856334	0	T:7.0(0.18%),B:1.9(0.00%),P:1e-11	Tpos:249.0,Tstd:182.2,Bpos:24.0,Bstd:0.0,StrandBias:1.3,Multiplicity:1.00
0.100	0.700	0.100	0.100
0.100	0.700	0.100	0.100
0.100	0.100	0.700	0.100
0.700	0.100	0.100	0.100
0.100	0.700	0.100	0.100
0.100	0.100	0.100	0.700
0.100	0.100	0.100	0.700
0.100	0.700	0.100	0.100
0.100	0.100	0.100	0.700
0.700	0.100	0.100	0.100
>CTBAAAGCTT	21-CTBAAAGCTT	8.514707	-25.260223	0	T:221.0(5.84%),B:1612.9(3.63%),P:1e-10	Tpos:250.8,Tstd:196.0,Bpos:236.4,Bstd:144.5,StrandBias:-0.0,Multiplicity:1.05
0.214	0.784	0.001	0.001
0.188	0.001	0.044	0.767
0.123	0.335	0.310	0.232
0.825	0.001	0.001	0.173
0.997	0.001	0.001	0.001
0.729	0.067	0.203	0.001
0.001	0.152	0.778	0.069
0.001	0.940	0.058	0.001
0.001	0.060	0.001	0.938
0.001	0.140	0.001	0.858
>CTATCTGTAC	22-CTATCTGTAC	8.385799	-15.232875	0	T:89.0(2.35%),B:583.1(1.31%),P:1e-6	Tpos:306.8,Tstd:270.5,Bpos:234.1,Bstd:137.4,StrandBias:0.9,Multiplicity:1.29
0.022	0.783	0.114	0.081
0.146	0.264	0.078	0.512
0.503	0.185	0.258	0.054
0.088	0.226	0.104	0.582
0.044	0.555	0.326	0.075
0.167	0.011	0.051	0.771
0.022	0.132	0.659	0.187
0.047	0.060	0.025	0.868
0.982	0.016	0.001	0.001
0.176	0.740	0.053	0.031
>CGGTTAAGGG	23-CGGTTAAGGG	10.296193	-13.788095	0	T:5.0(0.13%),B:3.0(0.01%),P:1e-5	Tpos:181.4,Tstd:105.1,Bpos:252.5,Bstd:77.1,StrandBias:10.0,Multiplicity:1.00
0.100	0.700	0.100	0.100
0.100	0.100	0.700	0.100
0.100	0.100	0.700	0.100
0.100	0.100	0.100	0.700
0.100	0.100	0.100	0.700
0.700	0.100	0.100	0.100
0.700	0.100	0.100	0.100
0.100	0.100	0.700	0.100
0.100	0.100	0.700	0.100
0.100	0.100	0.700	0.100
>ATTTTCAGCG	24-ATTTTCAGCG	12.087202	-12.657986	0	T:8.0(0.21%),B:10.1(0.02%),P:1e-5	Tpos:235.2,Tstd:135.4,Bpos:269.9,Bstd:135.3,StrandBias:-0.7,Multiplicity:1.00
0.997	0.001	0.001	0.001
0.001	0.001	0.001	0.997
0.001	0.001	0.001	0.997
0.001	0.001	0.001	0.997
0.001	0.001	0.001	0.997
0.001	0.997	0.001	0.001
0.824	0.174	0.001	0.001
0.001	0.001	0.997	0.001
0.001	0.997	0.001	0.001
0.001	0.001	0.997	0.001
>AGCGGTTCTG	25-AGCGGTTCTG	9.700132	-12.579433	0	T:26.0(0.69%),B:107.8(0.24%),P:1e-5	Tpos:333.8,Tstd:211.7,Bpos:255.5,Bstd:146.5,StrandBias:0.1,Multiplicity:1.00
0.878	0.073	0.001	0.048
0.059	0.060	0.873	0.008
0.017	0.637	0.092	0.254
0.038	0.054	0.846	0.062
0.247	0.241	0.406	0.105
0.059	0.299	0.029	0.613
0.024	0.253	0.259	0.464
0.097	0.814	0.059	0.030
0.001	0.081	0.016	0.902
0.052	0.024	0.815	0.109
>NACAGGAAGTRN	1-NACAGGAAGTRN	8.298473	-809.181173	0	T:1333.0(35.23%),B:4743.7(10.66%),P:1e-351	Tpos:275.5,Tstd:195.8,Bpos:234.9,Bstd:142.6,StrandBias:0.0,Multiplicity:1.25
0.319	0.229	0.259	0.192
0.537	0.083	0.247	0.133
0.160	0.584	0.214	0.042
0.945	0.037	0.003	0.015
0.003	0.001	0.994	0.002
0.001	0.004	0.994	0.001
0.964	0.001	0.001	0.034
0.764	0.005	0.001	0.230
0.378	0.004	0.616	0.002
0.090	0.298	0.098	0.514
0.266	0.171	0.359	0.204
0.267	0.209	0.325	0.199
>MACATCAAAGVM	2-MACATCAAAGVM	7.345923	-219.045814	0	T:948.0(25.05%),B:5608.8(12.61%),P:1e-95	Tpos:265.4,Tstd:206.2,Bpos:238.7,Bstd:145.7,StrandBias:0.1,Multiplicity:1.22
0.399	0.290	0.168	0.143
0.774	0.046	0.034	0.146
0.034	0.680	0.278	0.008
0.697	0.020	0.001	0.282
0.047	0.031	0.036	0.886
0.074	0.724	0.163	0.039
0.961	0.008	0.001	0.030
0.887	0.029	0.074	0.010
0.958	0.001	0.024	0.017
0.143	0.107	0.695	0.055
0.348	0.199	0.305	0.148
0.373	0.248	0.217	0.162
>NVCGGAAGNNVN	3-NVCGGAAGNNVN	6.502539	-155.262318	0	T:1039.0(27.46%),B:7214.6(16.22%),P:1e-67	Tpos:296.1,Tstd:212.6,Bpos:236.8,Bstd:156.7,StrandBias:0.1,Multiplicity:1.30
0.285	0.232	0.273	0.210
0.269	0.357	0.267	0.107
0.001	0.997	0.001	0.001
0.001	0.001	0.997	0.001
0.001	0.001	0.997	0.001
0.997	0.001	0.001	0.001
0.689	0.001	0.001	0.309
0.342	0.001	0.656	0.001
0.208	0.258	0.219	0.315
0.278	0.191	0.292	0.238
0.271	0.246	0.362	0.121
0.303	0.259	0.219	0.219
>AAACCACTTCCK	4-AAACCACTTCCK	9.048641	-137.290047	0	T:315.0(8.32%),B:1283.4(2.88%),P:1e-59	Tpos:270.2,Tstd:188.5,Bpos:236.2,Bstd:146.9,StrandBias:0.2,Multiplicity:1.02
0.654	0.001	0.159	0.186
0.854	0.093	0.052	0.001
0.605	0.183	0.211	0.001
0.191	0.517	0.291	0.001
0.197	0.801	0.001	0.001
0.983	0.001	0.001	0.015
0.001	0.965	0.001	0.033
0.404	0.001	0.001	0.594
0.052	0.095	0.001	0.852
0.001	0.986	0.012	0.001
0.141	0.713	0.001	0.145
0.215	0.178	0.230	0.377
>AAVNAAACCACA	5-AAVNAAACCACA	8.599538	-106.469992	0	T:416.0(10.99%),B:2273.7(5.11%),P:1e-46	Tpos:268.1,Tstd:184.9,Bpos:236.5,Bstd:146.7,StrandBias:-0.0,Multiplicity:1.10
0.541	0.249	0.176	0.034
0.629	0.121	0.102	0.148
0.228	0.370	0.256	0.147
0.300	0.163	0.276	0.261
0.695	0.041	0.159	0.105
0.836	0.049	0.107	0.008
0.930	0.045	0.002	0.023
0.018	0.941	0.040	0.001
0.028	0.970	0.001	0.001
0.910	0.079	0.001	0.010
0.094	0.878	0.027	0.001
0.870	0.106	0.023	0.001
>GTTTCCTGTGTG	6-GTTTCCTGTGTG	-4.114775	-93.437851	0	T:1074.0(28.38%),B:8597.7(19.32%),P:1e-40	Tpos:291.2,Tstd:227.1,Bpos:234.8,Bstd:146.5,StrandBias:-0.0,Multiplicity:1.18
0.001	0.001	0.997	0.001
0.001	0.001	0.001	0.997
0.001	0.001	0.001	0.997
0.001	0.001	0.001	0.997
0.001	0.997	0.001	0.001
0.001	0.997	0.001	0.001
0.001	0.001	0.001	0.997
0.001	0.001	0.997	0.001
0.001	0.001	0.001	0.997
0.001	0.001	0.997	0.001
0.001	0.001	0.001	0.997
0.001	0.001	0.932	0.066
>CCACYAGGTGGC	7-CCACYAGGTGGC	9.400689	-78.613613	0	T:196.0(5.18%),B:839.9(1.89%),P:1e-34	Tpos:264.1,Tstd:178.4,Bpos:245.5,Bstd:134.9,StrandBias:-0.0,Multiplicity:1.04
0.249	0.597	0.001	0.153
0.001	0.997	0.001	0.001
0.830	0.168	0.001	0.001
0.020	0.638	0.341	0.001
0.243	0.417	0.017	0.322
0.458	0.052	0.206	0.284
0.166	0.001	0.832	0.001
0.379	0.010	0.531	0.080
0.001	0.001	0.303	0.695
0.001	0.001	0.997	0.001
0.116	0.026	0.597	0.261
0.294	0.583	0.001	0.122
>CCCCCCCCCCCC	8-CCCCCCCCCCCC	6.108204	-75.733406	0	T:1517.0(40.09%),B:13719.6(30.84%),P:1e-32	Tpos:310.3,Tstd:241.2,Bpos:237.8,Bstd:140.2,StrandBias:-0.1,Multiplicity:1.60
0.053	0.857	0.034	0.056
0.062	0.818	0.052	0.068
0.066	0.831	0.041	0.062
0.058	0.850	0.039	0.053
0.094	0.812	0.036	0.058
0.100	0.831	0.023	0.046
0.111	0.810	0.031	0.048
0.091	0.832	0.034	0.043
0.083	0.834	0.042	0.041
0.083	0.838	0.037	0.042
0.075	0.831	0.047	0.047
0.060	0.860	0.041	0.039
>NTGTCACGTGDB	9-NTGTCACGTGDB	6.115268	-70.433336	0	T:605.0(15.99%),B:4410.6(9.91%),P:1e-30	Tpos:294.3,Tstd:213.9,Bpos:242.8,Bstd:153.2,StrandBias:0.0,Multiplicity:1.12
0.289	0.262	0.229	0.221
0.104	0.233	0.247	0.416
0.212	0.147	0.547	0.094
0.055	0.115	0.113	0.717
0.001	0.855	0.102	0.042
0.978	0.001	0.020	0.001
0.001	0.997	0.001	0.001
0.001	0.013	0.985	0.001
0.031	0.010	0.039	0.920
0.041	0.001	0.885	0.073
0.206	0.182	0.344	0.268
0.032	0.269	0.375	0.324
>GTGACGTCATMK	10-GTGACGTCATMK	7.643556	-67.925766	0	T:429.0(11.34%),B:2829.4(6.36%),P:1e-29	Tpos:288.9,Tstd:199.1,Bpos:235.3,Bstd:144.3,StrandBias:0.2,Multiplicity:1.08
0.198	0.145	0.656	0.001
0.014	0.014	0.028	0.944
0.013	0.001	0.985	0.001
0.971	0.014	0.001	0.014
0.001	0.833	0.010	0.156
0.163	0.025	0.552	0.260
0.001	0.042	0.071	0.886
0.055	0.943	0.001	0.001
0.821	0.042	0.001	0.136
0.014	0.255	0.234	0.497
0.306	0.450	0.099	0.145
0.145	0.224	0.377	0.254
>NCAGVARACWNN	11-NCAGVARACWNN	7.453195	-54.739081	0	T:287.0(7.58%),B:1765.5(3.97%),P:1e-23	Tpos:260.3,Tstd:168.6,Bpos:239.6,Bstd:141.8,StrandBias:0.0,Multiplicity:1.03
0.258	0.213	0.262	0.267
0.342	0.652	0.005	0.001
0.716	0.001	0.001	0.282
0.001	0.001	0.997	0.001
0.288	0.307	0.403	0.002
0.713	0.001	0.005	0.281
0.482	0.093	0.424	0.001
0.461	0.246	0.291	0.001
0.301	0.697	0.001	0.001
0.326	0.237	0.002	0.436
0.222	0.221	0.249	0.308
0.264	0.273	0.183	0.280
>GGGAATTGTAGT	12-GGGAATTGTAGT	9.125071	-48.298617	0	T:117.0(3.09%),B:495.7(1.11%),P:1e-20	Tpos:256.9,Tstd:199.9,Bpos:237.4,Bstd:142.2,StrandBias:-0.1,Multiplicity:1.11
0.016	0.001	0.880	0.103
0.013	0.022	0.921	0.044
0.087	0.066	0.825	0.022
0.812	0.100	0.044	0.044
0.762	0.035	0.092	0.111
0.134	0.139	0.055	0.672
0.022	0.087	0.038	0.853
0.022	0.022	0.896	0.060
0.139	0.097	0.007	0.757
0.874	0.038	0.022	0.066
0.038	0.073	0.867	0.022
0.046	0.065	0.001	0.888
>AAGCTTTGAAAG	13-AAGCTTTGAAAG	8.846669	-46.655752	0	T:234.0(6.18%),B:1416.0(3.18%),P:1e-20	Tpos:279.7,Tstd:201.8,Bpos:239.2,Bstd:141.2,StrandBias:-0.2,Multiplicity:1.03
0.828	0.078	0.058	0.036
0.786	0.041	0.076	0.097
0.064	0.046	0.829	0.061
0.047	0.876	0.038	0.039
0.051	0.034	0.020	0.895
0.049	0.091	0.054	0.806
0.070	0.020	0.047	0.863
0.050	0.090	0.757	0.103
0.887	0.043	0.028	0.042
0.829	0.023	0.102	0.046
0.879	0.029	0.063	0.029
0.099	0.054	0.769	0.078
>AGTTTCCTGTGT	14-AGTTTCCTGTGT	6.928038	-45.603229	0	T:895.0(23.65%),B:7874.6(17.70%),P:1e-19	Tpos:270.3,Tstd:208.0,Bpos:238.2,Bstd:143.4,StrandBias:-0.0,Multiplicity:1.12
0.986	0.001	0.012	0.001
0.111	0.060	0.774	0.055
0.070	0.179	0.146	0.605
0.061	0.103	0.085	0.751
0.070	0.082	0.120	0.728
0.101	0.696	0.109	0.094
0.070	0.747	0.070	0.113
0.118	0.110	0.072	0.700
0.057	0.078	0.752	0.113
0.050	0.069	0.099	0.782
0.084	0.063	0.761	0.092
0.067	0.104	0.105	0.724
>GGTAGTCGTGTW	15-GGTAGTCGTGTW	8.307210	-37.156943	0	T:11.0(0.29%),B:2.7(0.01%),P:1e-16	Tpos:287.9,Tstd:256.7,Bpos:314.2,Bstd:89.8,StrandBias:0.8,Multiplicity:1.00
0.195	0.105	0.487	0.214
0.096	0.150	0.629	0.125
0.187	0.172	0.123	0.518
0.629	0.041	0.157	0.173
0.108	0.134	0.628	0.130
0.174	0.144	0.150	0.532
0.119	0.478	0.165	0.238
0.150	0.179	0.507	0.164
0.155	0.037	0.114	0.694
0.099	0.150	0.678	0.073
0.172	0.108	0.082	0.638
0.400	0.179	0.166	0.254
>GCYGATTGGCTG	16-GCYGATTGGCTG	9.384997	-36.000215	0	T:138.0(3.65%),B:748.2(1.68%),P:1e-15	Tpos:293.4,Tstd:274.9,Bpos:231.5,Bstd:147.9,StrandBias:0.2,Multiplicity:1.02
0.098	0.133	0.741	0.028
0.001	0.778	0.075	0.146
0.084	0.437	0.028	0.451
0.146	0.224	0.566	0.064
0.665	0.214	0.033	0.088
0.076	0.019	0.099	0.806
0.001	0.001	0.057	0.941
0.001	0.019	0.961	0.019
0.023	0.031	0.927	0.019
0.019	0.859	0.001	0.121
0.090	0.019	0.031	0.860
0.001	0.065	0.810	0.124
>GGCAGGATGTCT	17-GGCAGGATGTCT	10.258781	-34.367766	0	T:55.0(1.45%),B:176.3(0.40%),P:1e-14	Tpos:284.7,Tstd:354.1,Bpos:264.9,Bstd:127.6,StrandBias:0.1,Multiplicity:1.00
0.052	0.001	0.904	0.043
0.085	0.001	0.913	0.001
0.085	0.913	0.001	0.001
0.997	0.001	0.001	0.001
0.085	0.001	0.913	0.001
0.001	0.042	0.956	0.001
0.876	0.037	0.001	0.086
0.001	0.001	0.042	0.956
0.001	0.085	0.913	0.001
0.001	0.085	0.001	0.913
0.001	0.827	0.086	0.086
0.036	0.001	0.001	0.962
>TKCCTGTGTGTG	18-TKCCTGTGTGTG	12.292379	-30.116649	0	T:62.0(1.64%),B:240.1(0.54%),P:1e-13	Tpos:300.7,Tstd:196.7,Bpos:252.7,Bstd:132.9,StrandBias:-0.1,Multiplicity:1.00
0.253	0.001	0.001	0.745
0.235	0.001	0.373	0.390
0.001	0.997	0.001	0.001
0.001	0.997	0.001	0.001
0.001	0.001	0.001	0.997
0.001	0.001	0.637	0.361
0.001	0.001	0.001	0.997
0.154	0.247	0.598	0.001
0.222	0.001	0.191	0.586
0.001	0.001	0.997	0.001
0.001	0.001	0.001	0.997
0.001	0.001	0.997	0.001
>AMATYAVGAGGH	19-AMATYAVGAGGH	8.176244	-26.429689	0	T:236.0(6.24%),B:1730.2(3.89%),P:1e-11	Tpos:264.2,Tstd:220.9,Bpos:240.5,Bstd:143.8,StrandBias:0.4,Multiplicity:1.02
0.997	0.001	0.001	0.001
0.514	0.484	0.001	0.001
0.595	0.001	0.403	0.001
0.001	0.001	0.001	0.997
0.161	0.429	0.001	0.409
0.512	0.147	0.221	0.120
0.314	0.222	0.346	0.118
0.132	0.185	0.682	0.001
0.566	0.310	0.123	0.001
0.001	0.001	0.997	0.001
0.001	0.001	0.997	0.001
0.379	0.323	0.034	0.264
>TGACTGGCAGAT	20-TGACTGGCAGAT	12.355432	-17.356585	0	T:6.0(0.16%),B:2.0(0.00%),P:1e-7	Tpos:264.3,Tstd:184.8,Bpos:229.7,Bstd:120.1,StrandBias:-3.3,Multiplicity:1.83
0.100	0.100	0.100	0.700
0.100	0.100	0.700	0.100
0.700	0.100	0.100	0.100
0.100	0.700	0.100	0.100
0.100	0.100	0.100	0.700
0.100	0.100	0.700	0.100
0.100	0.100	0.700	0.100
0.100	0.700	0.100	0.100
0.700	0.100	0.100	0.100
0.100	0.100	0.700	0.100
0.700	0.100	0.100	0.100
0.100	0.100	0.100	0.700
>CTTGTACAGATG	21-CTTGTACAGATG	13.736423	-14.996304	0	T:6.0(0.16%),B:4.0(0.01%),P:1e-6	Tpos:145.9,Tstd:116.4,Bpos:297.4,Bstd:126.6,StrandBias:-3.7,Multiplicity:2.33
0.001	0.933	0.065	0.001
0.065	0.001	0.001	0.933
0.001	0.001	0.065	0.933
0.001	0.001	0.997	0.001
0.001	0.001	0.001	0.997
0.997	0.001	0.001	0.001
0.001	0.997	0.001	0.001
0.997	0.001	0.001	0.001
0.001	0.001	0.997	0.001
0.997	0.001	0.001	0.001
0.001	0.001	0.001	0.997
0.001	0.001	0.997	0.001
>CTGCATGTGTTG	22-CTGCATGTGTTG	13.540954	-13.788095	0	T:5.0(0.13%),B:3.0(0.01%),P:1e-5	Tpos:533.9,Tstd:334.5,Bpos:169.4,Bstd:62.6,StrandBias:4.2,Multiplicity:8.00
0.001	0.997	0.001	0.001
0.001	0.001	0.001	0.997
0.052	0.001	0.946	0.001
0.001	0.946	0.001	0.052
0.997	0.001	0.001	0.001
0.001	0.052	0.001	0.946
0.001	0.001	0.997	0.001
0.001	0.001	0.001	0.997
0.001	0.001	0.997	0.001
0.001	0.001	0.001	0.997
0.001	0.001	0.001	0.997
0.001	0.001	0.997	0.001
>ATCTACCTGTAC	23-ATCTACCTGTAC	13.460590	-8.837248	0	T:6.0(0.16%),B:9.3(0.02%),P:1e-3	Tpos:540.9,Tstd:331.1,Bpos:316.8,Bstd:133.2,StrandBias:3.7,Multiplicity:6.83
0.915	0.083	0.001	0.001
0.001	0.083	0.001	0.915
0.001	0.997	0.001	0.001
0.001	0.001	0.001	0.997
0.997	0.001	0.001	0.001
0.083	0.833	0.083	0.001
0.001	0.997	0.001	0.001
0.001	0.001	0.001	0.997
0.083	0.083	0.833	0.001
0.001	0.001	0.001	0.997
0.997	0.001	0.001	0.001
0.001	0.810	0.001	0.188
>CTCTCAGCAACA	24-CTCTCAGCAACA	12.355432	-7.233493	0	T:3.0(0.08%),B:2.5(0.01%),P:1e-3	Tpos:178.2,Tstd:156.0,Bpos:341.5,Bstd:124.1,StrandBias:3.0,Multiplicity:3.00
0.100	0.700	0.100	0.100
0.100	0.100	0.100	0.700
0.100	0.700	0.100	0.100
0.100	0.100	0.100	0.700
0.100	0.700	0.100	0.100
0.700	0.100	0.100	0.100
0.100	0.100	0.700	0.100
0.100	0.700	0.100	0.100
0.700	0.100	0.100	0.100
0.700	0.100	0.100	0.100
0.100	0.700	0.100	0.100
0.700	0.100	0.100	0.100
>ACTATAGATACT	25-ACTATAGATACT	12.355432	-5.678848	0	T:2.0(0.05%),B:0.0(0.00%),P:1e-2	Tpos:385.3,Tstd:197.1,Bpos:0.0,Bstd:0.0,StrandBias:-3.3,Multiplicity:5.50
0.700	0.100	0.100	0.100
0.100	0.700	0.100	0.100
0.100	0.100	0.100	0.700
0.700	0.100	0.100	0.100
0.100	0.100	0.100	0.700
0.700	0.100	0.100	0.100
0.100	0.100	0.700	0.100
0.700	0.100	0.100	0.100
0.100	0.100	0.100	0.700
0.700	0.100	0.100	0.100
0.100	0.700	0.100	0.100
0.100	0.100	0.100	0.700
>CAGGAAGT	1-CAGGAAGT	6.640116	-564.466465	0	T:1879.0(49.66%),B:10856.1(24.40%),P:1e-245	Tpos:277.9,Tstd:205.7,Bpos:237.5,Bstd:141.8,StrandBias:0.1,Multiplicity:1.43
0.001	0.819	0.179	0.001
0.971	0.027	0.001	0.001
0.001	0.001	0.997	0.001
0.001	0.001	0.997	0.001
0.997	0.001	0.001	0.001
0.893	0.001	0.001	0.105
0.158	0.001	0.840	0.001
0.001	0.105	0.001	0.893
>MCGGAAGT	2-MCGGAAGT	6.114236	-478.390977	0	T:1821.0(48.12%),B:11070.2(24.88%),P:1e-207	Tpos:294.6,Tstd:213.0,Bpos:236.6,Bstd:152.3,StrandBias:0.1,Multiplicity:1.24
0.404	0.261	0.208	0.127
0.169	0.741	0.089	0.001
0.001	0.001	0.941	0.057
0.058	0.001	0.940	0.001
0.997	0.001	0.001	0.001
0.797	0.001	0.001	0.201
0.391	0.049	0.559	0.001
0.052	0.184	0.118	0.646
>ACAGGAAG	3-ACAGGAAG	7.843630	-304.436131	0	T:832.0(21.99%),B:3916.5(8.80%),P:1e-132	Tpos:274.4,Tstd:184.2,Bpos:238.3,Bstd:141.6,StrandBias:-0.1,Multiplicity:1.09
0.997	0.001	0.001	0.001
0.001	0.889	0.001	0.109
0.931	0.001	0.067	0.001
0.001	0.001	0.997	0.001
0.001	0.001	0.997	0.001
0.997	0.001	0.001	0.001
0.663	0.001	0.001	0.335
0.001	0.001	0.997	0.001
>ATCAAAGC	4-ATCAAAGC	6.548233	-153.139224	0	T:1198.0(31.66%),B:8791.2(19.76%),P:1e-66	Tpos:270.2,Tstd:198.1,Bpos:239.3,Bstd:145.4,StrandBias:-0.0,Multiplicity:1.23
0.733	0.062	0.001	0.204
0.087	0.001	0.001	0.911
0.052	0.946	0.001	0.001
0.997	0.001	0.001	0.001
0.903	0.042	0.028	0.027
0.951	0.001	0.047	0.001
0.020	0.018	0.961	0.001
0.059	0.771	0.105	0.065
>TTTGATGT	5-TTTGATGT	9.047522	-149.826739	0	T:432.0(11.42%),B:2030.5(4.56%),P:1e-65	Tpos:272.0,Tstd:223.7,Bpos:240.6,Bstd:144.1,StrandBias:-0.1,Multiplicity:1.08
0.015	0.016	0.001	0.968
0.001	0.032	0.001	0.966
0.001	0.001	0.001	0.997
0.015	0.044	0.908	0.033
0.997	0.001	0.001	0.001
0.242	0.009	0.001	0.748
0.024	0.230	0.721	0.025
0.049	0.042	0.016	0.893
>AAACCACA	6-AAACCACA	6.781439	-124.885309	0	T:427.0(11.28%),B:2192.7(4.93%),P:1e-54	Tpos:291.5,Tstd:196.5,Bpos:234.9,Bstd:146.7,StrandBias:-0.1,Multiplicity:1.10
0.743	0.001	0.001	0.255
0.997	0.001	0.001	0.001
0.997	0.001	0.001	0.001
0.001	0.997	0.001	0.001
0.001	0.997	0.001	0.001
0.942	0.001	0.056	0.001
0.001	0.997	0.001	0.001
0.956	0.001	0.042	0.001
>ACGTCAYN	7-ACGTCAYN	6.022641	-116.060747	0	T:782.0(20.67%),B:5356.1(12.04%),P:1e-50	Tpos:294.1,Tstd:210.9,Bpos:238.5,Bstd:155.6,StrandBias:-0.0,Multiplicity:1.34
0.866	0.001	0.132	0.001
0.001	0.997	0.001	0.001
0.001	0.001	0.997	0.001
0.001	0.034	0.001	0.964
0.021	0.648	0.330	0.001
0.891	0.001	0.001	0.107
0.001	0.377	0.142	0.480
0.288	0.264	0.228	0.219
>CTTCAAAG	8-CTTCAAAG	7.829059	-85.621970	0	T:887.0(23.44%),B:6870.4(15.44%),P:1e-37	Tpos:280.7,Tstd:216.8,Bpos:238.4,Bstd:144.7,StrandBias:-0.3,Multiplicity:1.11
0.001	0.792	0.206	0.001
0.001	0.001	0.001	0.997
0.001	0.001	0.001	0.997
0.010	0.690	0.299	0.001
0.652	0.001	0.001	0.346
0.669	0.001	0.329	0.001
0.944	0.054	0.001	0.001
0.313	0.027	0.659	0.001
>GGGGGGGG	9-GGGGGGGG	6.291044	-83.361872	0	T:1608.0(42.49%),B:14521.5(32.64%),P:1e-36	Tpos:310.0,Tstd:236.6,Bpos:236.0,Bstd:144.3,StrandBias:0.1,Multiplicity:1.82
0.100	0.100	0.700	0.100
0.100	0.100	0.700	0.100
0.100	0.100	0.700	0.100
0.100	0.100	0.700	0.100
0.100	0.100	0.700	0.100
0.100	0.100	0.700	0.100
0.100	0.100	0.700	0.100
0.100	0.100	0.700	0.100
>HGCGSTTT	10-HGCGSTTT	5.131638	-82.495992	0	T:1305.0(34.49%),B:11249.6(25.29%),P:1e-35	Tpos:299.5,Tstd:243.5,Bpos:237.2,Bstd:159.5,StrandBias:-0.1,Multiplicity:1.34
0.239	0.349	0.198	0.214
0.180	0.113	0.516	0.191
0.001	0.895	0.077	0.027
0.001	0.078	0.920	0.001
0.121	0.287	0.418	0.175
0.001	0.001	0.042	0.956
0.062	0.001	0.001	0.936
0.198	0.077	0.179	0.546
>GTAGGCGG	11-GTAGGCGG	6.876902	-68.869562	0	T:730.0(19.29%),B:5645.4(12.69%),P:1e-29	Tpos:301.5,Tstd:214.7,Bpos:235.6,Bstd:157.0,StrandBias:-0.0,Multiplicity:1.23
0.037	0.017	0.932	0.014
0.076	0.001	0.174	0.749
0.824	0.001	0.150	0.025
0.034	0.001	0.921	0.044
0.001	0.001	0.997	0.001
0.085	0.913	0.001	0.001
0.001	0.001	0.873	0.125
0.019	0.015	0.952	0.014
>AGATCTGA	12-AGATCTGA	5.833877	-62.246943	0	T:1162.0(30.71%),B:10238.0(23.01%),P:1e-27	Tpos:290.2,Tstd:233.8,Bpos:237.3,Bstd:140.2,StrandBias:-0.0,Multiplicity:1.20
0.837	0.051	0.023	0.089
0.028	0.055	0.916	0.001
0.973	0.025	0.001	0.001
0.001	0.023	0.039	0.937
0.001	0.946	0.001	0.052
0.086	0.001	0.001	0.912
0.101	0.035	0.830	0.034
0.805	0.100	0.001	0.094
>CSTRCGYA	13-CSTRCGYA	4.870735	-51.659793	0	T:1292.0(34.14%),B:11951.0(26.86%),P:1e-22	Tpos:309.6,Tstd:238.6,Bpos:235.3,Bstd:165.5,StrandBias:-0.0,Multiplicity:1.46
0.186	0.411	0.203	0.199
0.001	0.350	0.444	0.205
0.002	0.087	0.016	0.895
0.406	0.001	0.486	0.107
0.001	0.967	0.031	0.001
0.001	0.076	0.922	0.001
0.165	0.343	0.001	0.491
0.594	0.001	0.104	0.301
>TTTCATCT	14-TTTCATCT	7.793572	-49.616679	0	T:558.0(14.75%),B:4349.5(9.78%),P:1e-21	Tpos:282.9,Tstd:208.5,Bpos:235.1,Bstd:142.2,StrandBias:-0.1,Multiplicity:1.11
0.001	0.003	0.073	0.923
0.001	0.005	0.210	0.784
0.052	0.001	0.004	0.943
0.001	0.746	0.001	0.252
0.862	0.008	0.129	0.001
0.001	0.001	0.061	0.937
0.001	0.701	0.297	0.001
0.003	0.031	0.069	0.897
>AAAACAGC	15-AAAACAGC	6.026622	-43.944099	0	T:1647.0(43.53%),B:16178.1(36.36%),P:1e-19	Tpos:278.4,Tstd:231.2,Bpos:238.1,Bstd:147.3,StrandBias:0.0,Multiplicity:1.35
0.778	0.105	0.001	0.116
0.881	0.001	0.081	0.037
0.817	0.126	0.056	0.001
0.767	0.231	0.001	0.001
0.001	0.822	0.108	0.069
0.848	0.001	0.001	0.150
0.001	0.196	0.678	0.125
0.001	0.955	0.043	0.001
>CTTTGTTC	16-CTTTGTTC	4.161567	-35.667455	0	T:513.0(13.56%),B:4217.8(9.48%),P:1e-15	Tpos:265.1,Tstd:187.5,Bpos:235.5,Bstd:149.4,StrandBias:-0.2,Multiplicity:1.09
0.001	0.997	0.001	0.001
0.001	0.001	0.001	0.997
0.001	0.001	0.001	0.997
0.001	0.001	0.001	0.997
0.001	0.001	0.997	0.001
0.001	0.001	0.001	0.997
0.001	0.001	0.001	0.997
0.001	0.747	0.251	0.001
>CAACACAT	17-CAACACAT	8.236954	-11.503613	0	T:80.0(2.11%),B:560.1(1.26%),P:1e-4	Tpos:369.9,Tstd:274.8,Bpos:238.2,Bstd:143.3,StrandBias:-1.0,Multiplicity:1.48
0.100	0.700	0.100	0.100
0.700	0.100	0.100	0.100
0.700	0.100	0.100	0.100
0.100	0.700	0.100	0.100
0.700	0.100	0.100	0.100
0.100	0.700	0.100	0.100
0.700	0.100	0.100	0.100
0.100	0.100	0.100	0.700
