>NACAGGAAGTRN	1-NACAGGAAGTRN	8.298473	-809.181173	0	T:1333.0(35.23%),B:4743.7(10.66%),P:1e-351	Tpos:275.5,Tstd:195.8,Bpos:234.9,Bstd:142.6,StrandBias:0.0,Multiplicity:1.25
0.319	0.229	0.259	0.192
0.537	0.083	0.247	0.133
0.160	0.584	0.214	0.042
0.945	0.037	0.003	0.015
0.003	0.001	0.994	0.002
0.001	0.004	0.994	0.001
0.964	0.001	0.001	0.034
0.764	0.005	0.001	0.230
0.378	0.004	0.616	0.002
0.090	0.298	0.098	0.514
0.266	0.171	0.359	0.204
0.267	0.209	0.325	0.199
>MACATCAAAGVM	2-MACATCAAAGVM	7.345923	-219.045814	0	T:948.0(25.05%),B:5608.8(12.61%),P:1e-95	Tpos:265.4,Tstd:206.2,Bpos:238.7,Bstd:145.7,StrandBias:0.1,Multiplicity:1.22
0.399	0.290	0.168	0.143
0.774	0.046	0.034	0.146
0.034	0.680	0.278	0.008
0.697	0.020	0.001	0.282
0.047	0.031	0.036	0.886
0.074	0.724	0.163	0.039
0.961	0.008	0.001	0.030
0.887	0.029	0.074	0.010
0.958	0.001	0.024	0.017
0.143	0.107	0.695	0.055
0.348	0.199	0.305	0.148
0.373	0.248	0.217	0.162
>NVCGGAAGNNVN	3-NVCGGAAGNNVN	6.502539	-155.262318	0	T:1039.0(27.46%),B:7214.6(16.22%),P:1e-67	Tpos:296.1,Tstd:212.6,Bpos:236.8,Bstd:156.7,StrandBias:0.1,Multiplicity:1.30
0.285	0.232	0.273	0.210
0.269	0.357	0.267	0.107
0.001	0.997	0.001	0.001
0.001	0.001	0.997	0.001
0.001	0.001	0.997	0.001
0.997	0.001	0.001	0.001
0.689	0.001	0.001	0.309
0.342	0.001	0.656	0.001
0.208	0.258	0.219	0.315
0.278	0.191	0.292	0.238
0.271	0.246	0.362	0.121
0.303	0.259	0.219	0.219
>AAACCACTTCCK	4-AAACCACTTCCK	9.048641	-137.290047	0	T:315.0(8.32%),B:1283.4(2.88%),P:1e-59	Tpos:270.2,Tstd:188.5,Bpos:236.2,Bstd:146.9,StrandBias:0.2,Multiplicity:1.02
0.654	0.001	0.159	0.186
0.854	0.093	0.052	0.001
0.605	0.183	0.211	0.001
0.191	0.517	0.291	0.001
0.197	0.801	0.001	0.001
0.983	0.001	0.001	0.015
0.001	0.965	0.001	0.033
0.404	0.001	0.001	0.594
0.052	0.095	0.001	0.852
0.001	0.986	0.012	0.001
0.141	0.713	0.001	0.145
0.215	0.178	0.230	0.377
>AAVNAAACCACA	5-AAVNAAACCACA	8.599538	-106.469992	0	T:416.0(10.99%),B:2273.7(5.11%),P:1e-46	Tpos:268.1,Tstd:184.9,Bpos:236.5,Bstd:146.7,StrandBias:-0.0,Multiplicity:1.10
0.541	0.249	0.176	0.034
0.629	0.121	0.102	0.148
0.228	0.370	0.256	0.147
0.300	0.163	0.276	0.261
0.695	0.041	0.159	0.105
0.836	0.049	0.107	0.008
0.930	0.045	0.002	0.023
0.018	0.941	0.040	0.001
0.028	0.970	0.001	0.001
0.910	0.079	0.001	0.010
0.094	0.878	0.027	0.001
0.870	0.106	0.023	0.001
>GTTTCCTGTGTG	6-GTTTCCTGTGTG	-4.114775	-93.437851	0	T:1074.0(28.38%),B:8597.7(19.32%),P:1e-40	Tpos:291.2,Tstd:227.1,Bpos:234.8,Bstd:146.5,StrandBias:-0.0,Multiplicity:1.18
0.001	0.001	0.997	0.001
0.001	0.001	0.001	0.997
0.001	0.001	0.001	0.997
0.001	0.001	0.001	0.997
0.001	0.997	0.001	0.001
0.001	0.997	0.001	0.001
0.001	0.001	0.001	0.997
0.001	0.001	0.997	0.001
0.001	0.001	0.001	0.997
0.001	0.001	0.997	0.001
0.001	0.001	0.001	0.997
0.001	0.001	0.932	0.066
>CCACYAGGTGGC	7-CCACYAGGTGGC	9.400689	-78.613613	0	T:196.0(5.18%),B:839.9(1.89%),P:1e-34	Tpos:264.1,Tstd:178.4,Bpos:245.5,Bstd:134.9,StrandBias:-0.0,Multiplicity:1.04
0.249	0.597	0.001	0.153
0.001	0.997	0.001	0.001
0.830	0.168	0.001	0.001
0.020	0.638	0.341	0.001
0.243	0.417	0.017	0.322
0.458	0.052	0.206	0.284
0.166	0.001	0.832	0.001
0.379	0.010	0.531	0.080
0.001	0.001	0.303	0.695
0.001	0.001	0.997	0.001
0.116	0.026	0.597	0.261
0.294	0.583	0.001	0.122
>CCCCCCCCCCCC	8-CCCCCCCCCCCC	6.108204	-75.733406	0	T:1517.0(40.09%),B:13719.6(30.84%),P:1e-32	Tpos:310.3,Tstd:241.2,Bpos:237.8,Bstd:140.2,StrandBias:-0.1,Multiplicity:1.60
0.053	0.857	0.034	0.056
0.062	0.818	0.052	0.068
0.066	0.831	0.041	0.062
0.058	0.850	0.039	0.053
0.094	0.812	0.036	0.058
0.100	0.831	0.023	0.046
0.111	0.810	0.031	0.048
0.091	0.832	0.034	0.043
0.083	0.834	0.042	0.041
0.083	0.838	0.037	0.042
0.075	0.831	0.047	0.047
0.060	0.860	0.041	0.039
>NTGTCACGTGDB	9-NTGTCACGTGDB	6.115268	-70.433336	0	T:605.0(15.99%),B:4410.6(9.91%),P:1e-30	Tpos:294.3,Tstd:213.9,Bpos:242.8,Bstd:153.2,StrandBias:0.0,Multiplicity:1.12
0.289	0.262	0.229	0.221
0.104	0.233	0.247	0.416
0.212	0.147	0.547	0.094
0.055	0.115	0.113	0.717
0.001	0.855	0.102	0.042
0.978	0.001	0.020	0.001
0.001	0.997	0.001	0.001
0.001	0.013	0.985	0.001
0.031	0.010	0.039	0.920
0.041	0.001	0.885	0.073
0.206	0.182	0.344	0.268
0.032	0.269	0.375	0.324
>GTGACGTCATMK	10-GTGACGTCATMK	7.643556	-67.925766	0	T:429.0(11.34%),B:2829.4(6.36%),P:1e-29	Tpos:288.9,Tstd:199.1,Bpos:235.3,Bstd:144.3,StrandBias:0.2,Multiplicity:1.08
0.198	0.145	0.656	0.001
0.014	0.014	0.028	0.944
0.013	0.001	0.985	0.001
0.971	0.014	0.001	0.014
0.001	0.833	0.010	0.156
0.163	0.025	0.552	0.260
0.001	0.042	0.071	0.886
0.055	0.943	0.001	0.001
0.821	0.042	0.001	0.136
0.014	0.255	0.234	0.497
0.306	0.450	0.099	0.145
0.145	0.224	0.377	0.254
>NCAGVARACWNN	11-NCAGVARACWNN	7.453195	-54.739081	0	T:287.0(7.58%),B:1765.5(3.97%),P:1e-23	Tpos:260.3,Tstd:168.6,Bpos:239.6,Bstd:141.8,StrandBias:0.0,Multiplicity:1.03
0.258	0.213	0.262	0.267
0.342	0.652	0.005	0.001
0.716	0.001	0.001	0.282
0.001	0.001	0.997	0.001
0.288	0.307	0.403	0.002
0.713	0.001	0.005	0.281
0.482	0.093	0.424	0.001
0.461	0.246	0.291	0.001
0.301	0.697	0.001	0.001
0.326	0.237	0.002	0.436
0.222	0.221	0.249	0.308
0.264	0.273	0.183	0.280
>GGGAATTGTAGT	12-GGGAATTGTAGT	9.125071	-48.298617	0	T:117.0(3.09%),B:495.7(1.11%),P:1e-20	Tpos:256.9,Tstd:199.9,Bpos:237.4,Bstd:142.2,StrandBias:-0.1,Multiplicity:1.11
0.016	0.001	0.880	0.103
0.013	0.022	0.921	0.044
0.087	0.066	0.825	0.022
0.812	0.100	0.044	0.044
0.762	0.035	0.092	0.111
0.134	0.139	0.055	0.672
0.022	0.087	0.038	0.853
0.022	0.022	0.896	0.060
0.139	0.097	0.007	0.757
0.874	0.038	0.022	0.066
0.038	0.073	0.867	0.022
0.046	0.065	0.001	0.888
>AAGCTTTGAAAG	13-AAGCTTTGAAAG	8.846669	-46.655752	0	T:234.0(6.18%),B:1416.0(3.18%),P:1e-20	Tpos:279.7,Tstd:201.8,Bpos:239.2,Bstd:141.2,StrandBias:-0.2,Multiplicity:1.03
0.828	0.078	0.058	0.036
0.786	0.041	0.076	0.097
0.064	0.046	0.829	0.061
0.047	0.876	0.038	0.039
0.051	0.034	0.020	0.895
0.049	0.091	0.054	0.806
0.070	0.020	0.047	0.863
0.050	0.090	0.757	0.103
0.887	0.043	0.028	0.042
0.829	0.023	0.102	0.046
0.879	0.029	0.063	0.029
0.099	0.054	0.769	0.078
>AGTTTCCTGTGT	14-AGTTTCCTGTGT	6.928038	-45.603229	0	T:895.0(23.65%),B:7874.6(17.70%),P:1e-19	Tpos:270.3,Tstd:208.0,Bpos:238.2,Bstd:143.4,StrandBias:-0.0,Multiplicity:1.12
0.986	0.001	0.012	0.001
0.111	0.060	0.774	0.055
0.070	0.179	0.146	0.605
0.061	0.103	0.085	0.751
0.070	0.082	0.120	0.728
0.101	0.696	0.109	0.094
0.070	0.747	0.070	0.113
0.118	0.110	0.072	0.700
0.057	0.078	0.752	0.113
0.050	0.069	0.099	0.782
0.084	0.063	0.761	0.092
0.067	0.104	0.105	0.724
>GGTAGTCGTGTW	15-GGTAGTCGTGTW	8.307210	-37.156943	0	T:11.0(0.29%),B:2.7(0.01%),P:1e-16	Tpos:287.9,Tstd:256.7,Bpos:314.2,Bstd:89.8,StrandBias:0.8,Multiplicity:1.00
0.195	0.105	0.487	0.214
0.096	0.150	0.629	0.125
0.187	0.172	0.123	0.518
0.629	0.041	0.157	0.173
0.108	0.134	0.628	0.130
0.174	0.144	0.150	0.532
0.119	0.478	0.165	0.238
0.150	0.179	0.507	0.164
0.155	0.037	0.114	0.694
0.099	0.150	0.678	0.073
0.172	0.108	0.082	0.638
0.400	0.179	0.166	0.254
>GCYGATTGGCTG	16-GCYGATTGGCTG	9.384997	-36.000215	0	T:138.0(3.65%),B:748.2(1.68%),P:1e-15	Tpos:293.4,Tstd:274.9,Bpos:231.5,Bstd:147.9,StrandBias:0.2,Multiplicity:1.02
0.098	0.133	0.741	0.028
0.001	0.778	0.075	0.146
0.084	0.437	0.028	0.451
0.146	0.224	0.566	0.064
0.665	0.214	0.033	0.088
0.076	0.019	0.099	0.806
0.001	0.001	0.057	0.941
0.001	0.019	0.961	0.019
0.023	0.031	0.927	0.019
0.019	0.859	0.001	0.121
0.090	0.019	0.031	0.860
0.001	0.065	0.810	0.124
>GGCAGGATGTCT	17-GGCAGGATGTCT	10.258781	-34.367766	0	T:55.0(1.45%),B:176.3(0.40%),P:1e-14	Tpos:284.7,Tstd:354.1,Bpos:264.9,Bstd:127.6,StrandBias:0.1,Multiplicity:1.00
0.052	0.001	0.904	0.043
0.085	0.001	0.913	0.001
0.085	0.913	0.001	0.001
0.997	0.001	0.001	0.001
0.085	0.001	0.913	0.001
0.001	0.042	0.956	0.001
0.876	0.037	0.001	0.086
0.001	0.001	0.042	0.956
0.001	0.085	0.913	0.001
0.001	0.085	0.001	0.913
0.001	0.827	0.086	0.086
0.036	0.001	0.001	0.962
>TKCCTGTGTGTG	18-TKCCTGTGTGTG	12.292379	-30.116649	0	T:62.0(1.64%),B:240.1(0.54%),P:1e-13	Tpos:300.7,Tstd:196.7,Bpos:252.7,Bstd:132.9,StrandBias:-0.1,Multiplicity:1.00
0.253	0.001	0.001	0.745
0.235	0.001	0.373	0.390
0.001	0.997	0.001	0.001
0.001	0.997	0.001	0.001
0.001	0.001	0.001	0.997
0.001	0.001	0.637	0.361
0.001	0.001	0.001	0.997
0.154	0.247	0.598	0.001
0.222	0.001	0.191	0.586
0.001	0.001	0.997	0.001
0.001	0.001	0.001	0.997
0.001	0.001	0.997	0.001
>AMATYAVGAGGH	19-AMATYAVGAGGH	8.176244	-26.429689	0	T:236.0(6.24%),B:1730.2(3.89%),P:1e-11	Tpos:264.2,Tstd:220.9,Bpos:240.5,Bstd:143.8,StrandBias:0.4,Multiplicity:1.02
0.997	0.001	0.001	0.001
0.514	0.484	0.001	0.001
0.595	0.001	0.403	0.001
0.001	0.001	0.001	0.997
0.161	0.429	0.001	0.409
0.512	0.147	0.221	0.120
0.314	0.222	0.346	0.118
0.132	0.185	0.682	0.001
0.566	0.310	0.123	0.001
0.001	0.001	0.997	0.001
0.001	0.001	0.997	0.001
0.379	0.323	0.034	0.264
>TGACTGGCAGAT	20-TGACTGGCAGAT	12.355432	-17.356585	0	T:6.0(0.16%),B:2.0(0.00%),P:1e-7	Tpos:264.3,Tstd:184.8,Bpos:229.7,Bstd:120.1,StrandBias:-3.3,Multiplicity:1.83
0.100	0.100	0.100	0.700
0.100	0.100	0.700	0.100
0.700	0.100	0.100	0.100
0.100	0.700	0.100	0.100
0.100	0.100	0.100	0.700
0.100	0.100	0.700	0.100
0.100	0.100	0.700	0.100
0.100	0.700	0.100	0.100
0.700	0.100	0.100	0.100
0.100	0.100	0.700	0.100
0.700	0.100	0.100	0.100
0.100	0.100	0.100	0.700
>CTTGTACAGATG	21-CTTGTACAGATG	13.736423	-14.996304	0	T:6.0(0.16%),B:4.0(0.01%),P:1e-6	Tpos:145.9,Tstd:116.4,Bpos:297.4,Bstd:126.6,StrandBias:-3.7,Multiplicity:2.33
0.001	0.933	0.065	0.001
0.065	0.001	0.001	0.933
0.001	0.001	0.065	0.933
0.001	0.001	0.997	0.001
0.001	0.001	0.001	0.997
0.997	0.001	0.001	0.001
0.001	0.997	0.001	0.001
0.997	0.001	0.001	0.001
0.001	0.001	0.997	0.001
0.997	0.001	0.001	0.001
0.001	0.001	0.001	0.997
0.001	0.001	0.997	0.001
>CTGCATGTGTTG	22-CTGCATGTGTTG	13.540954	-13.788095	0	T:5.0(0.13%),B:3.0(0.01%),P:1e-5	Tpos:533.9,Tstd:334.5,Bpos:169.4,Bstd:62.6,StrandBias:4.2,Multiplicity:8.00
0.001	0.997	0.001	0.001
0.001	0.001	0.001	0.997
0.052	0.001	0.946	0.001
0.001	0.946	0.001	0.052
0.997	0.001	0.001	0.001
0.001	0.052	0.001	0.946
0.001	0.001	0.997	0.001
0.001	0.001	0.001	0.997
0.001	0.001	0.997	0.001
0.001	0.001	0.001	0.997
0.001	0.001	0.001	0.997
0.001	0.001	0.997	0.001
>ATCTACCTGTAC	23-ATCTACCTGTAC	13.460590	-8.837248	0	T:6.0(0.16%),B:9.3(0.02%),P:1e-3	Tpos:540.9,Tstd:331.1,Bpos:316.8,Bstd:133.2,StrandBias:3.7,Multiplicity:6.83
0.915	0.083	0.001	0.001
0.001	0.083	0.001	0.915
0.001	0.997	0.001	0.001
0.001	0.001	0.001	0.997
0.997	0.001	0.001	0.001
0.083	0.833	0.083	0.001
0.001	0.997	0.001	0.001
0.001	0.001	0.001	0.997
0.083	0.083	0.833	0.001
0.001	0.001	0.001	0.997
0.997	0.001	0.001	0.001
0.001	0.810	0.001	0.188
>CTCTCAGCAACA	24-CTCTCAGCAACA	12.355432	-7.233493	0	T:3.0(0.08%),B:2.5(0.01%),P:1e-3	Tpos:178.2,Tstd:156.0,Bpos:341.5,Bstd:124.1,StrandBias:3.0,Multiplicity:3.00
0.100	0.700	0.100	0.100
0.100	0.100	0.100	0.700
0.100	0.700	0.100	0.100
0.100	0.100	0.100	0.700
0.100	0.700	0.100	0.100
0.700	0.100	0.100	0.100
0.100	0.100	0.700	0.100
0.100	0.700	0.100	0.100
0.700	0.100	0.100	0.100
0.700	0.100	0.100	0.100
0.100	0.700	0.100	0.100
0.700	0.100	0.100	0.100
>ACTATAGATACT	25-ACTATAGATACT	12.355432	-5.678848	0	T:2.0(0.05%),B:0.0(0.00%),P:1e-2	Tpos:385.3,Tstd:197.1,Bpos:0.0,Bstd:0.0,StrandBias:-3.3,Multiplicity:5.50
0.700	0.100	0.100	0.100
0.100	0.700	0.100	0.100
0.100	0.100	0.100	0.700
0.700	0.100	0.100	0.100
0.100	0.100	0.100	0.700
0.700	0.100	0.100	0.100
0.100	0.100	0.700	0.100
0.700	0.100	0.100	0.100
0.100	0.100	0.100	0.700
0.700	0.100	0.100	0.100
0.100	0.700	0.100	0.100
0.100	0.100	0.100	0.700
