>CAGGAAGT	1-CAGGAAGT	6.640116	-564.466465	0	T:1879.0(49.66%),B:10856.1(24.40%),P:1e-245	Tpos:277.9,Tstd:205.7,Bpos:237.5,Bstd:141.8,StrandBias:0.1,Multiplicity:1.43
0.001	0.819	0.179	0.001
0.971	0.027	0.001	0.001
0.001	0.001	0.997	0.001
0.001	0.001	0.997	0.001
0.997	0.001	0.001	0.001
0.893	0.001	0.001	0.105
0.158	0.001	0.840	0.001
0.001	0.105	0.001	0.893
>MCGGAAGT	2-MCGGAAGT	6.114236	-478.390977	0	T:1821.0(48.12%),B:11070.2(24.88%),P:1e-207	Tpos:294.6,Tstd:213.0,Bpos:236.6,Bstd:152.3,StrandBias:0.1,Multiplicity:1.24
0.404	0.261	0.208	0.127
0.169	0.741	0.089	0.001
0.001	0.001	0.941	0.057
0.058	0.001	0.940	0.001
0.997	0.001	0.001	0.001
0.797	0.001	0.001	0.201
0.391	0.049	0.559	0.001
0.052	0.184	0.118	0.646
>ACAGGAAG	3-ACAGGAAG	7.843630	-304.436131	0	T:832.0(21.99%),B:3916.5(8.80%),P:1e-132	Tpos:274.4,Tstd:184.2,Bpos:238.3,Bstd:141.6,StrandBias:-0.1,Multiplicity:1.09
0.997	0.001	0.001	0.001
0.001	0.889	0.001	0.109
0.931	0.001	0.067	0.001
0.001	0.001	0.997	0.001
0.001	0.001	0.997	0.001
0.997	0.001	0.001	0.001
0.663	0.001	0.001	0.335
0.001	0.001	0.997	0.001
>ATCAAAGC	4-ATCAAAGC	6.548233	-153.139224	0	T:1198.0(31.66%),B:8791.2(19.76%),P:1e-66	Tpos:270.2,Tstd:198.1,Bpos:239.3,Bstd:145.4,StrandBias:-0.0,Multiplicity:1.23
0.733	0.062	0.001	0.204
0.087	0.001	0.001	0.911
0.052	0.946	0.001	0.001
0.997	0.001	0.001	0.001
0.903	0.042	0.028	0.027
0.951	0.001	0.047	0.001
0.020	0.018	0.961	0.001
0.059	0.771	0.105	0.065
>TTTGATGT	5-TTTGATGT	9.047522	-149.826739	0	T:432.0(11.42%),B:2030.5(4.56%),P:1e-65	Tpos:272.0,Tstd:223.7,Bpos:240.6,Bstd:144.1,StrandBias:-0.1,Multiplicity:1.08
0.015	0.016	0.001	0.968
0.001	0.032	0.001	0.966
0.001	0.001	0.001	0.997
0.015	0.044	0.908	0.033
0.997	0.001	0.001	0.001
0.242	0.009	0.001	0.748
0.024	0.230	0.721	0.025
0.049	0.042	0.016	0.893
>AAACCACA	6-AAACCACA	6.781439	-124.885309	0	T:427.0(11.28%),B:2192.7(4.93%),P:1e-54	Tpos:291.5,Tstd:196.5,Bpos:234.9,Bstd:146.7,StrandBias:-0.1,Multiplicity:1.10
0.743	0.001	0.001	0.255
0.997	0.001	0.001	0.001
0.997	0.001	0.001	0.001
0.001	0.997	0.001	0.001
0.001	0.997	0.001	0.001
0.942	0.001	0.056	0.001
0.001	0.997	0.001	0.001
0.956	0.001	0.042	0.001
>ACGTCAYN	7-ACGTCAYN	6.022641	-116.060747	0	T:782.0(20.67%),B:5356.1(12.04%),P:1e-50	Tpos:294.1,Tstd:210.9,Bpos:238.5,Bstd:155.6,StrandBias:-0.0,Multiplicity:1.34
0.866	0.001	0.132	0.001
0.001	0.997	0.001	0.001
0.001	0.001	0.997	0.001
0.001	0.034	0.001	0.964
0.021	0.648	0.330	0.001
0.891	0.001	0.001	0.107
0.001	0.377	0.142	0.480
0.288	0.264	0.228	0.219
>CTTCAAAG	8-CTTCAAAG	7.829059	-85.621970	0	T:887.0(23.44%),B:6870.4(15.44%),P:1e-37	Tpos:280.7,Tstd:216.8,Bpos:238.4,Bstd:144.7,StrandBias:-0.3,Multiplicity:1.11
0.001	0.792	0.206	0.001
0.001	0.001	0.001	0.997
0.001	0.001	0.001	0.997
0.010	0.690	0.299	0.001
0.652	0.001	0.001	0.346
0.669	0.001	0.329	0.001
0.944	0.054	0.001	0.001
0.313	0.027	0.659	0.001
>GGGGGGGG	9-GGGGGGGG	6.291044	-83.361872	0	T:1608.0(42.49%),B:14521.5(32.64%),P:1e-36	Tpos:310.0,Tstd:236.6,Bpos:236.0,Bstd:144.3,StrandBias:0.1,Multiplicity:1.82
0.100	0.100	0.700	0.100
0.100	0.100	0.700	0.100
0.100	0.100	0.700	0.100
0.100	0.100	0.700	0.100
0.100	0.100	0.700	0.100
0.100	0.100	0.700	0.100
0.100	0.100	0.700	0.100
0.100	0.100	0.700	0.100
>HGCGSTTT	10-HGCGSTTT	5.131638	-82.495992	0	T:1305.0(34.49%),B:11249.6(25.29%),P:1e-35	Tpos:299.5,Tstd:243.5,Bpos:237.2,Bstd:159.5,StrandBias:-0.1,Multiplicity:1.34
0.239	0.349	0.198	0.214
0.180	0.113	0.516	0.191
0.001	0.895	0.077	0.027
0.001	0.078	0.920	0.001
0.121	0.287	0.418	0.175
0.001	0.001	0.042	0.956
0.062	0.001	0.001	0.936
0.198	0.077	0.179	0.546
>GTAGGCGG	11-GTAGGCGG	6.876902	-68.869562	0	T:730.0(19.29%),B:5645.4(12.69%),P:1e-29	Tpos:301.5,Tstd:214.7,Bpos:235.6,Bstd:157.0,StrandBias:-0.0,Multiplicity:1.23
0.037	0.017	0.932	0.014
0.076	0.001	0.174	0.749
0.824	0.001	0.150	0.025
0.034	0.001	0.921	0.044
0.001	0.001	0.997	0.001
0.085	0.913	0.001	0.001
0.001	0.001	0.873	0.125
0.019	0.015	0.952	0.014
>AGATCTGA	12-AGATCTGA	5.833877	-62.246943	0	T:1162.0(30.71%),B:10238.0(23.01%),P:1e-27	Tpos:290.2,Tstd:233.8,Bpos:237.3,Bstd:140.2,StrandBias:-0.0,Multiplicity:1.20
0.837	0.051	0.023	0.089
0.028	0.055	0.916	0.001
0.973	0.025	0.001	0.001
0.001	0.023	0.039	0.937
0.001	0.946	0.001	0.052
0.086	0.001	0.001	0.912
0.101	0.035	0.830	0.034
0.805	0.100	0.001	0.094
>CSTRCGYA	13-CSTRCGYA	4.870735	-51.659793	0	T:1292.0(34.14%),B:11951.0(26.86%),P:1e-22	Tpos:309.6,Tstd:238.6,Bpos:235.3,Bstd:165.5,StrandBias:-0.0,Multiplicity:1.46
0.186	0.411	0.203	0.199
0.001	0.350	0.444	0.205
0.002	0.087	0.016	0.895
0.406	0.001	0.486	0.107
0.001	0.967	0.031	0.001
0.001	0.076	0.922	0.001
0.165	0.343	0.001	0.491
0.594	0.001	0.104	0.301
>TTTCATCT	14-TTTCATCT	7.793572	-49.616679	0	T:558.0(14.75%),B:4349.5(9.78%),P:1e-21	Tpos:282.9,Tstd:208.5,Bpos:235.1,Bstd:142.2,StrandBias:-0.1,Multiplicity:1.11
0.001	0.003	0.073	0.923
0.001	0.005	0.210	0.784
0.052	0.001	0.004	0.943
0.001	0.746	0.001	0.252
0.862	0.008	0.129	0.001
0.001	0.001	0.061	0.937
0.001	0.701	0.297	0.001
0.003	0.031	0.069	0.897
>AAAACAGC	15-AAAACAGC	6.026622	-43.944099	0	T:1647.0(43.53%),B:16178.1(36.36%),P:1e-19	Tpos:278.4,Tstd:231.2,Bpos:238.1,Bstd:147.3,StrandBias:0.0,Multiplicity:1.35
0.778	0.105	0.001	0.116
0.881	0.001	0.081	0.037
0.817	0.126	0.056	0.001
0.767	0.231	0.001	0.001
0.001	0.822	0.108	0.069
0.848	0.001	0.001	0.150
0.001	0.196	0.678	0.125
0.001	0.955	0.043	0.001
>CTTTGTTC	16-CTTTGTTC	4.161567	-35.667455	0	T:513.0(13.56%),B:4217.8(9.48%),P:1e-15	Tpos:265.1,Tstd:187.5,Bpos:235.5,Bstd:149.4,StrandBias:-0.2,Multiplicity:1.09
0.001	0.997	0.001	0.001
0.001	0.001	0.001	0.997
0.001	0.001	0.001	0.997
0.001	0.001	0.001	0.997
0.001	0.001	0.997	0.001
0.001	0.001	0.001	0.997
0.001	0.001	0.001	0.997
0.001	0.747	0.251	0.001
>CAACACAT	17-CAACACAT	8.236954	-11.503613	0	T:80.0(2.11%),B:560.1(1.26%),P:1e-4	Tpos:369.9,Tstd:274.8,Bpos:238.2,Bstd:143.3,StrandBias:-1.0,Multiplicity:1.48
0.100	0.700	0.100	0.100
0.700	0.100	0.100	0.100
0.700	0.100	0.100	0.100
0.100	0.700	0.100	0.100
0.700	0.100	0.100	0.100
0.100	0.700	0.100	0.100
0.700	0.100	0.100	0.100
0.100	0.100	0.100	0.700
