>CTCAACAGAG	1-CTCAACAGAG	6.935046	-18.101442	0	T:72.0(31.30%),B:8106.8(16.30%),P:1e-7	Tpos:305.5,Tstd:232.3,Bpos:218.4,Bstd:125.2,StrandBias:0.1,Multiplicity:1.29
0.001	0.819	0.053	0.127
0.100	0.035	0.001	0.864
0.075	0.793	0.095	0.037
0.767	0.045	0.034	0.154
0.784	0.107	0.053	0.056
0.075	0.830	0.070	0.025
0.862	0.001	0.001	0.136
0.051	0.142	0.806	0.001
0.832	0.001	0.042	0.125
0.128	0.178	0.654	0.040
>AATGGAACCT	2-AATGGAACCT	10.170580	-17.585577	0	T:15.0(6.52%),B:509.8(1.03%),P:1e-7	Tpos:441.7,Tstd:461.7,Bpos:215.3,Bstd:126.1,StrandBias:0.2,Multiplicity:1.00
0.899	0.001	0.001	0.099
0.997	0.001	0.001	0.001
0.001	0.001	0.180	0.818
0.001	0.001	0.997	0.001
0.059	0.105	0.835	0.001
0.908	0.001	0.001	0.090
0.907	0.001	0.001	0.091
0.001	0.880	0.060	0.059
0.001	0.925	0.001	0.073
0.001	0.105	0.001	0.893
>TAGGTKGATG	3-TAGGTKGATG	8.767345	-17.430098	0	T:9.0(3.91%),B:140.9(0.28%),P:1e-7	Tpos:280.6,Tstd:216.5,Bpos:217.0,Bstd:122.6,StrandBias:1.4,Multiplicity:1.22
0.001	0.001	0.001	0.997
0.983	0.001	0.001	0.015
0.001	0.044	0.954	0.001
0.001	0.001	0.997	0.001
0.001	0.001	0.001	0.997
0.001	0.164	0.421	0.414
0.001	0.119	0.879	0.001
0.997	0.001	0.001	0.001
0.001	0.001	0.001	0.997
0.001	0.001	0.997	0.001
>ATGCCCCAAG	4-ATGCCCCAAG	10.269547	-14.964439	0	T:12.0(5.22%),B:383.2(0.77%),P:1e-6	Tpos:213.2,Tstd:216.0,Bpos:223.2,Bstd:119.3,StrandBias:1.2,Multiplicity:1.08
0.883	0.001	0.001	0.115
0.349	0.001	0.087	0.563
0.001	0.105	0.893	0.001
0.108	0.890	0.001	0.001
0.001	0.997	0.001	0.001
0.001	0.884	0.001	0.114
0.001	0.997	0.001	0.001
0.997	0.001	0.001	0.001
0.997	0.001	0.001	0.001
0.001	0.001	0.997	0.001
>AATAGAGGTA	5-AATAGAGGTA	12.370564	-12.151469	0	T:5.0(2.17%),B:52.3(0.11%),P:1e-5	Tpos:130.8,Tstd:165.4,Bpos:244.6,Bstd:115.6,StrandBias:-0.6,Multiplicity:1.00
0.997	0.001	0.001	0.001
0.767	0.231	0.001	0.001
0.001	0.001	0.001	0.997
0.997	0.001	0.001	0.001
0.001	0.001	0.997	0.001
0.997	0.001	0.001	0.001
0.001	0.001	0.997	0.001
0.001	0.001	0.997	0.001
0.001	0.001	0.001	0.997
0.997	0.001	0.001	0.001
