Factor1: 1.1039100834915239
Factor2: 0.9058708811111937
