Factor1: 1.0260690509579407
Factor2: 0.9745932781681684
