Factor1: 1.050045166651547
Factor2: 0.9523399866587334
