Factor1: 1.2846686334961726
Factor2: 0.7784108476896019
