Factor1: 1.0575127651397889
Factor2: 0.9456150629707201
