Factor1: 1.4072297490113197
Factor2: 0.7106160175355667
