>AYTTCCTGTC	1-AYTTCCTGTC	7.595268	-122.486722	0	T:418.0(24.46%),B:5155.8(11.14%),P:1e-53	Tpos:300.5,Tstd:250.4,Bpos:234.5,Bstd:136.9,StrandBias:-0.1,Multiplicity:1.25
0.822	0.017	0.156	0.005
0.001	0.532	0.084	0.383
0.160	0.007	0.017	0.816
0.089	0.026	0.001	0.884
0.028	0.936	0.003	0.033
0.001	0.951	0.041	0.007
0.012	0.116	0.216	0.656
0.069	0.328	0.541	0.062
0.085	0.257	0.077	0.581
0.062	0.513	0.149	0.276
>CCCCTAGTGG	2-CCCCTAGTGG	6.450295	-73.627127	0	T:216.0(12.64%),B:2394.9(5.17%),P:1e-31	Tpos:277.6,Tstd:227.6,Bpos:227.9,Bstd:136.4,StrandBias:-0.1,Multiplicity:1.09
0.001	0.992	0.001	0.006
0.295	0.631	0.031	0.043
0.001	0.796	0.022	0.181
0.001	0.997	0.001	0.001
0.014	0.001	0.006	0.979
0.948	0.004	0.027	0.021
0.001	0.066	0.932	0.001
0.020	0.008	0.001	0.971
0.001	0.026	0.972	0.001
0.001	0.014	0.895	0.090
>GGCGGGGHCT	3-GGCGGGGHCT	8.099171	-53.823043	0	T:177.0(10.36%),B:2077.9(4.49%),P:1e-23	Tpos:366.5,Tstd:303.5,Bpos:234.1,Bstd:155.7,StrandBias:0.3,Multiplicity:1.18
0.002	0.001	0.992	0.005
0.001	0.001	0.997	0.001
0.001	0.769	0.001	0.229
0.006	0.216	0.680	0.098
0.117	0.197	0.581	0.105
0.012	0.001	0.688	0.299
0.216	0.238	0.521	0.025
0.216	0.349	0.162	0.273
0.127	0.477	0.202	0.194
0.330	0.001	0.001	0.668
>VGNTGABTCA	4-VGNTGABTCA	6.604218	-50.973002	0	T:188.0(11.00%),B:2335.5(5.05%),P:1e-22	Tpos:272.8,Tstd:217.7,Bpos:230.2,Bstd:130.0,StrandBias:0.0,Multiplicity:1.09
0.238	0.378	0.328	0.057
0.173	0.210	0.385	0.232
0.221	0.232	0.346	0.202
0.096	0.069	0.035	0.800
0.059	0.124	0.769	0.048
0.841	0.065	0.042	0.052
0.152	0.302	0.289	0.256
0.095	0.072	0.065	0.768
0.331	0.566	0.036	0.067
0.586	0.046	0.061	0.307
>AACGGAAACG	5-AACGGAAACG	5.914881	-48.701107	0	T:260.0(15.21%),B:3789.4(8.19%),P:1e-21	Tpos:297.1,Tstd:229.3,Bpos:228.8,Bstd:146.3,StrandBias:0.1,Multiplicity:1.07
0.529	0.165	0.147	0.159
0.681	0.128	0.075	0.116
0.194	0.530	0.120	0.156
0.115	0.143	0.636	0.106
0.070	0.171	0.615	0.144
0.636	0.076	0.135	0.153
0.657	0.080	0.124	0.139
0.630	0.161	0.181	0.028
0.142	0.559	0.132	0.167
0.176	0.152	0.529	0.143
>TTTCGCGSCA	6-TTTCGCGSCA	7.502743	-48.485316	0	T:125.0(7.31%),B:1281.5(2.77%),P:1e-21	Tpos:247.2,Tstd:218.0,Bpos:224.4,Bstd:148.2,StrandBias:-0.2,Multiplicity:1.04
0.191	0.060	0.128	0.621
0.001	0.001	0.049	0.949
0.001	0.040	0.022	0.937
0.085	0.733	0.157	0.025
0.034	0.043	0.710	0.213
0.118	0.735	0.074	0.073
0.075	0.040	0.825	0.060
0.001	0.534	0.449	0.016
0.047	0.923	0.029	0.001
0.762	0.091	0.010	0.137
>CSGWTTGGYT	7-CSGWTTGGYT	6.975793	-42.205913	0	T:311.0(18.20%),B:5068.1(10.95%),P:1e-18	Tpos:304.5,Tstd:227.3,Bpos:231.9,Bstd:142.7,StrandBias:-0.2,Multiplicity:1.20
0.008	0.692	0.276	0.024
0.109	0.367	0.332	0.192
0.001	0.154	0.747	0.098
0.551	0.045	0.001	0.403
0.067	0.077	0.236	0.620
0.060	0.001	0.001	0.938
0.001	0.069	0.818	0.112
0.001	0.064	0.934	0.001
0.065	0.470	0.113	0.351
0.001	0.157	0.079	0.763
>AAAGCACCGC	8-AAAGCACCGC	6.964289	-42.064798	0	T:289.0(16.91%),B:4601.6(9.94%),P:1e-18	Tpos:301.2,Tstd:234.4,Bpos:227.3,Bstd:146.7,StrandBias:0.1,Multiplicity:1.12
0.750	0.085	0.098	0.067
0.872	0.077	0.033	0.018
0.749	0.086	0.107	0.058
0.038	0.068	0.876	0.018
0.057	0.792	0.099	0.052
0.784	0.062	0.046	0.108
0.117	0.754	0.071	0.058
0.059	0.772	0.073	0.096
0.059	0.056	0.816	0.069
0.047	0.844	0.072	0.037
>CTTTGAAGTS	9-CTTTGAAGTS	6.846980	-40.953787	0	T:183.0(10.71%),B:2475.4(5.35%),P:1e-17	Tpos:282.5,Tstd:199.0,Bpos:232.8,Bstd:139.1,StrandBias:-0.3,Multiplicity:1.11
0.062	0.586	0.145	0.207
0.075	0.047	0.067	0.811
0.125	0.094	0.133	0.648
0.147	0.103	0.061	0.689
0.182	0.228	0.513	0.077
0.668	0.083	0.088	0.161
0.614	0.116	0.043	0.227
0.128	0.049	0.731	0.092
0.074	0.267	0.090	0.569
0.147	0.261	0.384	0.207
>NAAAACGCGN	10-NAAAACGCGN	4.939218	-40.846575	0	T:429.0(25.10%),B:7766.9(16.78%),P:1e-17	Tpos:327.4,Tstd:297.0,Bpos:231.2,Bstd:153.1,StrandBias:-0.0,Multiplicity:1.24
0.259	0.207	0.287	0.247
0.782	0.089	0.072	0.057
0.816	0.084	0.067	0.033
0.724	0.116	0.089	0.071
0.741	0.110	0.087	0.062
0.100	0.713	0.093	0.094
0.110	0.080	0.726	0.084
0.074	0.730	0.074	0.122
0.066	0.083	0.765	0.086
0.251	0.279	0.226	0.244
>GAAACTGAAA	11-GAAACTGAAA	9.029945	-36.900662	0	T:114.0(6.67%),B:1296.2(2.80%),P:1e-16	Tpos:285.2,Tstd:237.3,Bpos:228.3,Bstd:144.2,StrandBias:-0.3,Multiplicity:1.08
0.001	0.088	0.901	0.010
0.918	0.001	0.074	0.007
0.963	0.001	0.027	0.009
0.968	0.001	0.030	0.001
0.176	0.610	0.157	0.057
0.019	0.093	0.001	0.887
0.002	0.001	0.996	0.001
0.915	0.020	0.008	0.057
0.982	0.016	0.001	0.001
0.917	0.012	0.070	0.001
>CACCTMTTGC	12-CACCTMTTGC	7.765771	-33.498677	0	T:53.0(3.10%),B:390.4(0.84%),P:1e-14	Tpos:298.6,Tstd:236.4,Bpos:234.7,Bstd:136.4,StrandBias:-0.2,Multiplicity:1.04
0.165	0.515	0.152	0.168
0.759	0.065	0.146	0.030
0.027	0.831	0.060	0.082
0.031	0.575	0.072	0.322
0.099	0.098	0.305	0.497
0.498	0.452	0.010	0.040
0.250	0.178	0.060	0.512
0.045	0.175	0.051	0.729
0.027	0.010	0.639	0.324
0.053	0.486	0.204	0.258
>BGBRTGACTC	13-BGBRTGACTC	7.370368	-32.545501	0	T:228.0(13.34%),B:3639.3(7.86%),P:1e-14	Tpos:269.9,Tstd:239.5,Bpos:230.0,Bstd:132.7,StrandBias:-0.1,Multiplicity:1.06
0.001	0.325	0.396	0.279
0.214	0.127	0.532	0.127
0.174	0.251	0.247	0.327
0.482	0.001	0.377	0.140
0.001	0.001	0.001	0.997
0.057	0.001	0.859	0.083
0.789	0.209	0.001	0.001
0.001	0.837	0.001	0.161
0.001	0.001	0.001	0.997
0.061	0.515	0.285	0.139
>GGATCCGCCC	14-GGATCCGCCC	7.953255	-30.577682	0	T:161.0(9.42%),B:2325.9(5.02%),P:1e-13	Tpos:338.3,Tstd:240.9,Bpos:234.2,Bstd:152.3,StrandBias:-0.1,Multiplicity:1.21
0.163	0.085	0.678	0.074
0.055	0.081	0.731	0.133
0.693	0.172	0.059	0.076
0.045	0.054	0.068	0.833
0.056	0.876	0.016	0.052
0.069	0.886	0.010	0.035
0.058	0.097	0.747	0.098
0.014	0.909	0.040	0.037
0.078	0.884	0.021	0.017
0.046	0.772	0.041	0.141
>THTTGTGGCK	15-THTTGTGGCK	8.155212	-30.008962	0	T:110.0(6.44%),B:1365.9(2.95%),P:1e-13	Tpos:271.2,Tstd:201.5,Bpos:229.3,Bstd:140.7,StrandBias:0.2,Multiplicity:1.04
0.143	0.001	0.197	0.659
0.290	0.350	0.001	0.360
0.177	0.001	0.026	0.796
0.134	0.232	0.121	0.513
0.001	0.001	0.997	0.001
0.001	0.001	0.001	0.997
0.194	0.001	0.804	0.001
0.097	0.188	0.576	0.139
0.001	0.710	0.001	0.288
0.001	0.001	0.551	0.447
>ABTATGCAAC	16-ABTATGCAAC	7.178785	-28.494862	0	T:76.0(4.45%),B:802.7(1.73%),P:1e-12	Tpos:283.8,Tstd:268.3,Bpos:229.3,Bstd:138.6,StrandBias:0.4,Multiplicity:1.12
0.484	0.076	0.195	0.246
0.147	0.296	0.303	0.254
0.067	0.155	0.090	0.688
0.725	0.027	0.228	0.020
0.012	0.035	0.255	0.698
0.159	0.138	0.543	0.160
0.027	0.515	0.181	0.277
0.778	0.159	0.023	0.040
0.689	0.030	0.106	0.175
0.406	0.558	0.019	0.017
>ACCACATCCG	17-ACCACATCCG	8.087711	-26.029338	0	T:59.0(3.45%),B:567.0(1.22%),P:1e-11	Tpos:253.8,Tstd:186.6,Bpos:231.2,Bstd:147.3,StrandBias:0.3,Multiplicity:1.02
0.549	0.216	0.045	0.190
0.083	0.811	0.051	0.055
0.071	0.815	0.051	0.063
0.603	0.087	0.039	0.271
0.032	0.662	0.262	0.044
0.866	0.053	0.027	0.054
0.245	0.008	0.134	0.613
0.005	0.597	0.346	0.052
0.028	0.735	0.082	0.155
0.101	0.016	0.726	0.157
>TCTAAGTTAG	18-TCTAAGTTAG	7.312657	-25.690966	0	T:122.0(7.14%),B:1696.9(3.67%),P:1e-11	Tpos:281.4,Tstd:262.5,Bpos:230.0,Bstd:138.8,StrandBias:-0.0,Multiplicity:1.03
0.136	0.048	0.028	0.788
0.107	0.798	0.071	0.024
0.026	0.073	0.091	0.810
0.764	0.071	0.093	0.072
0.739	0.074	0.066	0.121
0.036	0.140	0.786	0.038
0.094	0.036	0.083	0.787
0.025	0.026	0.030	0.919
0.833	0.068	0.042	0.057
0.118	0.041	0.787	0.054
>GCGYTATCTC	19-GCGYTATCTC	9.234362	-23.006661	0	T:30.0(1.76%),B:191.4(0.41%),P:1e-9	Tpos:299.2,Tstd:244.8,Bpos:227.0,Bstd:158.9,StrandBias:-0.1,Multiplicity:1.00
0.142	0.001	0.727	0.130
0.001	0.997	0.001	0.001
0.001	0.001	0.997	0.001
0.001	0.524	0.001	0.474
0.129	0.001	0.001	0.869
0.920	0.078	0.001	0.001
0.001	0.001	0.001	0.997
0.001	0.770	0.228	0.001
0.001	0.001	0.001	0.997
0.001	0.714	0.284	0.001
>GACGTCCGGA	20-GACGTCCGGA	5.265518	-22.742203	0	T:59.0(3.45%),B:618.8(1.34%),P:1e-9	Tpos:308.4,Tstd:239.1,Bpos:232.0,Bstd:164.1,StrandBias:0.2,Multiplicity:1.03
0.001	0.001	0.997	0.001
0.806	0.001	0.192	0.001
0.001	0.997	0.001	0.001
0.001	0.001	0.997	0.001
0.001	0.001	0.001	0.997
0.001	0.997	0.001	0.001
0.110	0.614	0.275	0.001
0.001	0.001	0.851	0.147
0.274	0.001	0.724	0.001
0.997	0.001	0.001	0.001
>CCCGGAAHYG	21-CCCGGAAHYG	8.512808	-21.825117	0	T:61.0(3.57%),B:667.4(1.44%),P:1e-9	Tpos:322.5,Tstd:243.7,Bpos:227.2,Bstd:158.5,StrandBias:-0.5,Multiplicity:1.08
0.080	0.658	0.001	0.261
0.001	0.607	0.033	0.359
0.024	0.630	0.231	0.115
0.028	0.001	0.970	0.001
0.001	0.001	0.997	0.001
0.997	0.001	0.001	0.001
0.720	0.001	0.278	0.001
0.344	0.260	0.062	0.333
0.044	0.423	0.114	0.419
0.068	0.279	0.623	0.030
>CGGAAAGTAA	22-CGGAAAGTAA	8.981483	-17.700378	0	T:31.0(1.81%),B:257.0(0.56%),P:1e-7	Tpos:271.5,Tstd:168.1,Bpos:236.8,Bstd:144.6,StrandBias:-0.1,Multiplicity:1.00
0.087	0.813	0.011	0.089
0.016	0.001	0.961	0.022
0.086	0.001	0.912	0.001
0.928	0.001	0.070	0.001
0.934	0.001	0.064	0.001
0.997	0.001	0.001	0.001
0.114	0.143	0.742	0.001
0.001	0.001	0.001	0.997
0.865	0.037	0.033	0.065
0.841	0.087	0.001	0.071
>AACGGAGATC	23-AACGGAGATC	10.296193	-13.663825	0	T:4.0(0.23%),B:2.3(0.00%),P:1e-5	Tpos:227.2,Tstd:129.3,Bpos:215.0,Bstd:35.4,StrandBias:1.6,Multiplicity:1.00
0.700	0.100	0.100	0.100
0.700	0.100	0.100	0.100
0.100	0.700	0.100	0.100
0.100	0.100	0.700	0.100
0.100	0.100	0.700	0.100
0.700	0.100	0.100	0.100
0.100	0.100	0.700	0.100
0.700	0.100	0.100	0.100
0.100	0.100	0.100	0.700
0.100	0.700	0.100	0.100
>GCACATGGAC	24-GCACATGGAC	10.261516	-9.996885	0	T:16.0(0.94%),B:131.7(0.28%),P:1e-4	Tpos:214.9,Tstd:148.1,Bpos:223.5,Bstd:144.3,StrandBias:-1.8,Multiplicity:2.00
0.001	0.001	0.997	0.001
0.001	0.948	0.001	0.050
0.997	0.001	0.001	0.001
0.001	0.997	0.001	0.001
0.886	0.001	0.112	0.001
0.001	0.001	0.001	0.997
0.001	0.001	0.997	0.001
0.001	0.001	0.629	0.369
0.997	0.001	0.001	0.001
0.001	0.997	0.001	0.001
>TGGGTATGAC	25-TGGGTATGAC	6.404373	-4.306341	0	T:426.0(24.93%),B:10479.2(22.64%),P:1e-1	Tpos:278.3,Tstd:244.1,Bpos:230.7,Bstd:132.4,StrandBias:0.1,Multiplicity:1.26
0.100	0.100	0.100	0.700
0.100	0.100	0.700	0.100
0.100	0.100	0.700	0.100
0.100	0.100	0.700	0.100
0.100	0.100	0.100	0.700
0.700	0.100	0.100	0.100
0.100	0.100	0.100	0.700
0.100	0.100	0.700	0.100
0.700	0.100	0.100	0.100
0.100	0.700	0.100	0.100
>GCCCCCTAGTGG	1-GCCCCCTAGTGG	9.502408	-169.802411	0	T:169.0(9.89%),B:771.7(1.67%),P:1e-73	Tpos:257.7,Tstd:156.5,Bpos:223.1,Bstd:137.1,StrandBias:-0.2,Multiplicity:1.04
0.151	0.045	0.663	0.141
0.084	0.851	0.038	0.027
0.001	0.963	0.001	0.035
0.255	0.616	0.043	0.086
0.001	0.646	0.094	0.259
0.001	0.997	0.001	0.001
0.070	0.099	0.001	0.830
0.680	0.032	0.195	0.093
0.027	0.184	0.762	0.027
0.211	0.030	0.001	0.758
0.001	0.001	0.997	0.001
0.022	0.081	0.797	0.100
>YYAYTTCCTGTY	2-YYAYTTCCTGTY	8.653960	-129.057154	0	T:382.0(22.35%),B:4359.6(9.42%),P:1e-56	Tpos:292.7,Tstd:235.7,Bpos:233.6,Bstd:135.8,StrandBias:-0.0,Multiplicity:1.25
0.131	0.417	0.184	0.268
0.212	0.402	0.104	0.282
0.606	0.075	0.248	0.071
0.001	0.545	0.019	0.435
0.084	0.001	0.001	0.914
0.001	0.001	0.001	0.997
0.001	0.997	0.001	0.001
0.001	0.997	0.001	0.001
0.001	0.001	0.001	0.997
0.001	0.350	0.544	0.105
0.131	0.308	0.093	0.467
0.045	0.447	0.185	0.322
>GGGCGGGGCCTN	3-GGGCGGGGCCTN	7.714190	-44.770519	0	T:237.0(13.87%),B:3437.3(7.43%),P:1e-19	Tpos:374.9,Tstd:310.9,Bpos:228.7,Bstd:154.9,StrandBias:0.2,Multiplicity:1.42
0.202	0.069	0.617	0.112
0.064	0.069	0.743	0.124
0.207	0.106	0.678	0.009
0.160	0.511	0.123	0.206
0.159	0.057	0.723	0.061
0.088	0.110	0.730	0.072
0.213	0.017	0.588	0.182
0.094	0.073	0.756	0.077
0.166	0.624	0.158	0.052
0.138	0.473	0.224	0.164
0.167	0.143	0.227	0.463
0.323	0.181	0.287	0.209
>AAACCACATCCW	4-AAACCACATCCW	9.276588	-43.131639	0	T:94.0(5.50%),B:868.7(1.88%),P:1e-18	Tpos:272.9,Tstd:232.3,Bpos:234.8,Bstd:141.6,StrandBias:0.4,Multiplicity:1.01
0.809	0.001	0.001	0.189
0.831	0.167	0.001	0.001
0.997	0.001	0.001	0.001
0.001	0.997	0.001	0.001
0.001	0.864	0.001	0.134
0.824	0.174	0.001	0.001
0.001	0.997	0.001	0.001
0.640	0.091	0.202	0.067
0.121	0.111	0.073	0.695
0.135	0.596	0.202	0.067
0.376	0.622	0.001	0.001
0.385	0.067	0.127	0.421
>TGAAACTGAAAK	5-TGAAACTGAAAK	10.348786	-41.033285	0	T:67.0(3.92%),B:502.6(1.09%),P:1e-17	Tpos:283.4,Tstd:264.5,Bpos:228.8,Bstd:140.0,StrandBias:-0.2,Multiplicity:1.12
0.135	0.001	0.199	0.665
0.001	0.271	0.666	0.062
0.997	0.001	0.001	0.001
0.837	0.001	0.127	0.035
0.885	0.062	0.052	0.001
0.148	0.546	0.096	0.210
0.029	0.001	0.001	0.969
0.001	0.001	0.997	0.001
0.894	0.001	0.047	0.058
0.792	0.149	0.058	0.001
0.997	0.001	0.001	0.001
0.001	0.154	0.496	0.349
>CTTTGAAGTTCC	6-CTTTGAAGTTCC	11.015524	-34.069303	0	T:36.0(2.11%),B:181.6(0.39%),P:1e-14	Tpos:218.5,Tstd:152.7,Bpos:222.0,Bstd:137.2,StrandBias:-0.8,Multiplicity:1.00
0.001	0.997	0.001	0.001
0.001	0.001	0.001	0.997
0.001	0.031	0.001	0.967
0.001	0.001	0.001	0.997
0.001	0.001	0.997	0.001
0.918	0.001	0.080	0.001
0.918	0.001	0.080	0.001
0.001	0.001	0.918	0.080
0.001	0.001	0.200	0.798
0.161	0.100	0.146	0.593
0.342	0.656	0.001	0.001
0.164	0.579	0.001	0.256
>GGAATGGAAACA	7-GGAATGGAAACA	9.015192	-33.691199	0	T:114.0(6.67%),B:1359.4(2.94%),P:1e-14	Tpos:267.5,Tstd:203.9,Bpos:226.0,Bstd:132.8,StrandBias:0.1,Multiplicity:1.04
0.110	0.020	0.775	0.095
0.046	0.162	0.749	0.043
0.774	0.047	0.124	0.055
0.783	0.058	0.101	0.058
0.083	0.051	0.066	0.800
0.051	0.001	0.923	0.025
0.063	0.058	0.827	0.052
0.914	0.001	0.017	0.068
0.930	0.010	0.059	0.001
0.837	0.025	0.113	0.025
0.086	0.762	0.100	0.052
0.932	0.042	0.025	0.001
>TGAGTCATAGAC	8-TGAGTCATAGAC	9.751299	-31.712929	0	T:43.0(2.52%),B:278.3(0.60%),P:1e-13	Tpos:267.3,Tstd:175.2,Bpos:220.1,Bstd:133.1,StrandBias:0.2,Multiplicity:1.02
0.029	0.029	0.029	0.913
0.001	0.058	0.883	0.058
0.836	0.059	0.076	0.029
0.056	0.059	0.867	0.018
0.029	0.044	0.059	0.868
0.001	0.918	0.029	0.052
0.839	0.090	0.001	0.070
0.111	0.052	0.066	0.771
0.882	0.001	0.088	0.029
0.111	0.059	0.801	0.029
0.757	0.129	0.061	0.053
0.151	0.674	0.100	0.075
>CCGCGTTTCAAA	9-CCGCGTTTCAAA	9.261655	-26.624333	0	T:49.0(2.87%),B:409.3(0.88%),P:1e-11	Tpos:250.5,Tstd:218.5,Bpos:224.7,Bstd:155.7,StrandBias:0.1,Multiplicity:1.00
0.142	0.786	0.001	0.071
0.114	0.775	0.001	0.110
0.071	0.057	0.793	0.079
0.006	0.614	0.249	0.131
0.071	0.100	0.615	0.214
0.001	0.001	0.048	0.950
0.001	0.001	0.001	0.997
0.001	0.071	0.076	0.852
0.071	0.851	0.077	0.001
0.928	0.070	0.001	0.001
0.928	0.001	0.070	0.001
0.928	0.001	0.001	0.070
>AGCCAATCGGAA	10-AGCCAATCGGAA	9.452343	-24.752324	0	T:49.0(2.87%),B:432.6(0.93%),P:1e-10	Tpos:295.1,Tstd:229.6,Bpos:243.1,Bstd:139.9,StrandBias:-0.1,Multiplicity:1.02
0.913	0.001	0.043	0.043
0.086	0.086	0.827	0.001
0.001	0.956	0.001	0.042
0.129	0.784	0.001	0.086
0.827	0.001	0.086	0.086
0.742	0.172	0.043	0.043
0.001	0.097	0.112	0.790
0.078	0.665	0.145	0.112
0.110	0.043	0.798	0.049
0.001	0.067	0.889	0.043
0.903	0.010	0.001	0.086
0.913	0.001	0.043	0.043
>GTGATCAATTGA	11-GTGATCAATTGA	14.257152	-24.036598	0	T:7.0(0.41%),B:4.0(0.01%),P:1e-10	Tpos:256.9,Tstd:166.7,Bpos:151.1,Bstd:144.1,StrandBias:1.3,Multiplicity:1.00
0.001	0.001	0.997	0.001
0.001	0.001	0.001	0.997
0.001	0.001	0.997	0.001
0.997	0.001	0.001	0.001
0.001	0.001	0.001	0.997
0.001	0.799	0.199	0.001
0.997	0.001	0.001	0.001
0.799	0.001	0.001	0.199
0.001	0.001	0.001	0.997
0.001	0.001	0.001	0.997
0.200	0.200	0.599	0.001
0.997	0.001	0.001	0.001
>CGGTTTCGCTTT	12-CGGTTTCGCTTT	8.343541	-22.495554	0	T:103.0(6.03%),B:1415.3(3.06%),P:1e-9	Tpos:303.4,Tstd:315.2,Bpos:232.9,Bstd:148.7,StrandBias:-0.4,Multiplicity:1.07
0.065	0.717	0.093	0.125
0.119	0.100	0.652	0.129
0.047	0.071	0.781	0.101
0.040	0.075	0.027	0.858
0.017	0.038	0.031	0.914
0.023	0.070	0.118	0.789
0.079	0.627	0.088	0.206
0.161	0.232	0.463	0.144
0.055	0.774	0.049	0.122
0.050	0.052	0.025	0.873
0.031	0.101	0.106	0.762
0.042	0.099	0.068	0.791
>GTGCAGCAGTGA	13-GTGCAGCAGTGA	13.153460	-22.367818	0	T:16.0(0.94%),B:51.8(0.11%),P:1e-9	Tpos:199.0,Tstd:130.5,Bpos:222.5,Bstd:134.2,StrandBias:0.4,Multiplicity:1.00
0.087	0.079	0.833	0.001
0.054	0.001	0.123	0.822
0.001	0.001	0.997	0.001
0.160	0.742	0.097	0.001
0.889	0.001	0.001	0.109
0.001	0.001	0.997	0.001
0.001	0.997	0.001	0.001
0.997	0.001	0.001	0.001
0.001	0.001	0.997	0.001
0.127	0.001	0.001	0.871
0.001	0.001	0.997	0.001
0.839	0.001	0.159	0.001
>TCAGATGTCTTC	14-TCAGATGTCTTC	14.689795	-16.882806	0	T:6.0(0.35%),B:5.8(0.01%),P:1e-7	Tpos:163.2,Tstd:49.9,Bpos:274.2,Bstd:101.8,StrandBias:-1.0,Multiplicity:1.00
0.001	0.001	0.001	0.997
0.001	0.997	0.001	0.001
0.997	0.001	0.001	0.001
0.001	0.001	0.818	0.180
0.997	0.001	0.001	0.001
0.001	0.001	0.001	0.997
0.001	0.001	0.997	0.001
0.001	0.001	0.001	0.997
0.180	0.818	0.001	0.001
0.001	0.001	0.001	0.997
0.001	0.001	0.001	0.997
0.001	0.997	0.001	0.001
>TGTGCTGGGTAT	15-TGTGCTGGGTAT	16.558949	-11.718120	0	T:3.0(0.18%),B:1.2(0.00%),P:1e-5	Tpos:177.9,Tstd:108.7,Bpos:259.4,Bstd:80.5,StrandBias:10.0,Multiplicity:9.00
0.001	0.001	0.001	0.997
0.001	0.001	0.997	0.001
0.001	0.001	0.001	0.997
0.021	0.001	0.977	0.001
0.001	0.977	0.001	0.021
0.001	0.001	0.001	0.997
0.001	0.001	0.997	0.001
0.001	0.001	0.997	0.001
0.001	0.001	0.997	0.001
0.001	0.001	0.001	0.997
0.997	0.001	0.001	0.001
0.001	0.001	0.001	0.997
>VNAGCTAMGCNN	16-VNAGCTAMGCNN	6.590623	-10.767095	0	T:227.0(13.28%),B:4696.5(10.15%),P:1e-4	Tpos:336.6,Tstd:264.8,Bpos:231.4,Bstd:142.2,StrandBias:-0.1,Multiplicity:1.07
0.373	0.313	0.274	0.040
0.171	0.259	0.278	0.292
0.827	0.171	0.001	0.001
0.059	0.083	0.857	0.001
0.156	0.503	0.001	0.340
0.070	0.088	0.319	0.523
0.808	0.096	0.022	0.074
0.456	0.380	0.114	0.050
0.037	0.207	0.680	0.076
0.018	0.946	0.035	0.001
0.282	0.197	0.203	0.319
0.190	0.312	0.222	0.276
>TAGCTAAGCCAC	17-TAGCTAAGCCAC	-6.476231	-10.289054	0	T:620.0(36.28%),B:14681.6(31.72%),P:1e-4	Tpos:287.6,Tstd:238.9,Bpos:230.1,Bstd:137.2,StrandBias:0.0,Multiplicity:1.32
0.001	0.001	0.001	0.997
0.997	0.001	0.001	0.001
0.001	0.001	0.997	0.001
0.001	0.904	0.001	0.094
0.001	0.001	0.001	0.997
0.997	0.001	0.001	0.001
0.997	0.001	0.001	0.001
0.001	0.001	0.997	0.001
0.001	0.997	0.001	0.001
0.001	0.997	0.001	0.001
0.997	0.001	0.001	0.001
0.001	0.997	0.001	0.001
>WCTYATCATGAC	18-WCTYATCATGAC	12.957290	-8.860094	0	T:5.0(0.29%),B:13.9(0.03%),P:1e-3	Tpos:551.1,Tstd:243.7,Bpos:257.4,Bstd:122.0,StrandBias:1.4,Multiplicity:2.20
0.435	0.001	0.001	0.563
0.001	0.997	0.001	0.001
0.001	0.001	0.001	0.997
0.001	0.563	0.001	0.435
0.997	0.001	0.001	0.001
0.001	0.106	0.001	0.892
0.001	0.997	0.001	0.001
0.997	0.001	0.001	0.001
0.001	0.001	0.001	0.997
0.001	0.001	0.997	0.001
0.997	0.001	0.001	0.001
0.001	0.997	0.001	0.001
>TGCGCGCGCATA	19-TGCGCGCGCATA	-4.562756	-8.825190	0	T:233.0(13.63%),B:4999.0(10.80%),P:1e-3	Tpos:366.2,Tstd:280.9,Bpos:229.6,Bstd:163.4,StrandBias:0.1,Multiplicity:1.28
0.001	0.001	0.001	0.997
0.001	0.001	0.997	0.001
0.001	0.997	0.001	0.001
0.001	0.001	0.997	0.001
0.001	0.997	0.001	0.001
0.001	0.001	0.997	0.001
0.001	0.997	0.001	0.001
0.001	0.001	0.997	0.001
0.001	0.997	0.001	0.001
0.997	0.001	0.001	0.001
0.181	0.181	0.001	0.637
0.997	0.001	0.001	0.001
>TCCATCATGTGA	20-TCCATCATGTGA	13.892480	-7.852384	0	T:4.0(0.23%),B:10.0(0.02%),P:1e-3	Tpos:163.7,Tstd:53.8,Bpos:286.2,Bstd:92.7,StrandBias:3.3,Multiplicity:2.75
0.001	0.001	0.001	0.997
0.001	0.997	0.001	0.001
0.001	0.886	0.001	0.112
0.886	0.112	0.001	0.001
0.001	0.001	0.001	0.997
0.001	0.997	0.001	0.001
0.997	0.001	0.001	0.001
0.001	0.001	0.001	0.997
0.248	0.001	0.750	0.001
0.112	0.001	0.001	0.886
0.001	0.001	0.997	0.001
0.997	0.001	0.001	0.001
>ACCATCTGTACA	21-ACCATCTGTACA	14.238021	-5.954449	0	T:2.0(0.12%),B:2.6(0.01%),P:1e-2	Tpos:77.7,Tstd:46.1,Bpos:137.5,Bstd:81.6,StrandBias:10.0,Multiplicity:5.00
0.997	0.001	0.001	0.001
0.001	0.997	0.001	0.001
0.001	0.997	0.001	0.001
0.904	0.094	0.001	0.001
0.001	0.001	0.001	0.997
0.001	0.997	0.001	0.001
0.001	0.001	0.001	0.997
0.001	0.001	0.997	0.001
0.001	0.001	0.001	0.997
0.997	0.001	0.001	0.001
0.001	0.997	0.001	0.001
0.997	0.001	0.001	0.001
>TCAGCACACGGG	22-TCAGCACACGGG	12.355432	-3.317389	0	T:1.0(0.06%),B:1.5(0.00%),P:1e-1	Tpos:654.6,Tstd:83.4,Bpos:326.3,Bstd:6.3,StrandBias:10.0,Multiplicity:7.00
0.100	0.100	0.100	0.700
0.100	0.700	0.100	0.100
0.700	0.100	0.100	0.100
0.100	0.100	0.700	0.100
0.100	0.700	0.100	0.100
0.700	0.100	0.100	0.100
0.100	0.700	0.100	0.100
0.700	0.100	0.100	0.100
0.100	0.700	0.100	0.100
0.100	0.100	0.700	0.100
0.100	0.100	0.700	0.100
0.100	0.100	0.700	0.100
>GGAGCATGCTGG	23-GGAGCATGCTGG	12.355432	-2.642521	0	T:1.0(0.06%),B:2.8(0.01%),P:1e-1	Tpos:139.0,Tstd:31.3,Bpos:286.6,Bstd:94.9,StrandBias:10.0,Multiplicity:4.00
0.100	0.100	0.700	0.100
0.100	0.100	0.700	0.100
0.700	0.100	0.100	0.100
0.100	0.100	0.700	0.100
0.100	0.700	0.100	0.100
0.700	0.100	0.100	0.100
0.100	0.100	0.100	0.700
0.100	0.100	0.700	0.100
0.100	0.700	0.100	0.100
0.100	0.100	0.100	0.700
0.100	0.100	0.700	0.100
0.100	0.100	0.700	0.100
>NNNNNNNNNNNN	24-NNNNNNNNNNNN	-nan	0.000000	0	T:0.0(0.00%),B:0.0(0.00%),P:1e0	Tpos:0.0,Tstd:0.0,Bpos:0.0,Bstd:0.0,StrandBias:0.0,Multiplicity:1.00
-nan	-nan	-nan	-nan
-nan	-nan	-nan	-nan
-nan	-nan	-nan	-nan
-nan	-nan	-nan	-nan
-nan	-nan	-nan	-nan
-nan	-nan	-nan	-nan
-nan	-nan	-nan	-nan
-nan	-nan	-nan	-nan
-nan	-nan	-nan	-nan
-nan	-nan	-nan	-nan
-nan	-nan	-nan	-nan
-nan	-nan	-nan	-nan
>NNNNNNNNNNNN	25-NNNNNNNNNNNN	-nan	0.000000	0	T:0.0(0.00%),B:0.0(0.00%),P:1e0	Tpos:0.0,Tstd:0.0,Bpos:0.0,Bstd:0.0,StrandBias:0.0,Multiplicity:1.00
-nan	-nan	-nan	-nan
-nan	-nan	-nan	-nan
-nan	-nan	-nan	-nan
-nan	-nan	-nan	-nan
-nan	-nan	-nan	-nan
-nan	-nan	-nan	-nan
-nan	-nan	-nan	-nan
-nan	-nan	-nan	-nan
-nan	-nan	-nan	-nan
-nan	-nan	-nan	-nan
-nan	-nan	-nan	-nan
-nan	-nan	-nan	-nan
>CAGGAART	1-CAGGAART	7.436597	-98.029342	0	T:416.0(24.34%),B:5651.0(12.21%),P:1e-42	Tpos:301.1,Tstd:251.6,Bpos:233.8,Bstd:142.0,StrandBias:0.1,Multiplicity:1.24
0.001	0.502	0.348	0.149
0.619	0.379	0.001	0.001
0.001	0.090	0.908	0.001
0.001	0.001	0.997	0.001
0.953	0.001	0.001	0.045
0.786	0.064	0.001	0.149
0.376	0.105	0.518	0.001
0.001	0.001	0.228	0.770
>AACGGAAA	2-AACGGAAA	5.452342	-44.729716	0	T:634.0(37.10%),B:12477.9(26.96%),P:1e-19	Tpos:285.3,Tstd:227.5,Bpos:230.6,Bstd:143.7,StrandBias:0.1,Multiplicity:1.35
0.800	0.052	0.070	0.078
0.685	0.122	0.095	0.098
0.168	0.692	0.090	0.050
0.073	0.103	0.694	0.130
0.087	0.101	0.729	0.083
0.756	0.096	0.111	0.037
0.859	0.048	0.051	0.042
0.793	0.049	0.105	0.053
>AGKTGGCG	3-AGKTGGCG	6.515591	-42.639406	0	T:312.0(18.26%),B:5075.0(10.96%),P:1e-18	Tpos:327.7,Tstd:286.3,Bpos:232.5,Bstd:149.6,StrandBias:0.1,Multiplicity:1.15
0.790	0.029	0.002	0.179
0.104	0.258	0.558	0.080
0.132	0.002	0.362	0.504
0.016	0.001	0.069	0.914
0.007	0.093	0.739	0.161
0.042	0.134	0.728	0.096
0.001	0.997	0.001	0.001
0.203	0.001	0.707	0.089
>GTGACTCA	4-GTGACTCA	7.377935	-40.519810	0	T:194.0(11.35%),B:2700.6(5.83%),P:1e-17	Tpos:257.9,Tstd:209.5,Bpos:226.9,Bstd:131.9,StrandBias:-0.1,Multiplicity:1.12
0.176	0.102	0.721	0.001
0.001	0.001	0.001	0.997
0.001	0.001	0.997	0.001
0.997	0.001	0.001	0.001
0.001	0.764	0.234	0.001
0.001	0.001	0.045	0.953
0.001	0.997	0.001	0.001
0.997	0.001	0.001	0.001
>GGCGGGGC	5-GGCGGGGC	7.327082	-33.626558	0	T:494.0(28.91%),B:9660.1(20.87%),P:1e-14	Tpos:356.5,Tstd:287.3,Bpos:232.2,Bstd:155.9,StrandBias:0.1,Multiplicity:1.92
0.001	0.001	0.997	0.001
0.001	0.001	0.997	0.001
0.001	0.619	0.001	0.379
0.001	0.001	0.997	0.001
0.001	0.001	0.997	0.001
0.331	0.001	0.618	0.050
0.114	0.113	0.614	0.159
0.159	0.721	0.001	0.119
>AAAAAGCG	6-AAAAAGCG	5.191073	-33.415208	0	T:543.0(31.77%),B:10862.8(23.47%),P:1e-14	Tpos:326.8,Tstd:284.6,Bpos:230.8,Bstd:151.9,StrandBias:0.2,Multiplicity:1.34
0.848	0.043	0.054	0.055
0.725	0.082	0.124	0.069
0.668	0.139	0.129	0.064
0.690	0.125	0.107	0.078
0.728	0.118	0.063	0.091
0.100	0.082	0.777	0.041
0.085	0.795	0.053	0.067
0.059	0.100	0.776	0.065
>TGTGGTTT	7-TGTGGTTT	7.013564	-29.878038	0	T:340.0(19.89%),B:6228.3(13.46%),P:1e-12	Tpos:273.7,Tstd:217.5,Bpos:231.6,Bstd:139.8,StrandBias:-0.3,Multiplicity:1.19
0.069	0.095	0.001	0.835
0.001	0.071	0.927	0.001
0.001	0.036	0.001	0.962
0.057	0.001	0.941	0.001
0.001	0.001	0.997	0.001
0.001	0.102	0.112	0.785
0.001	0.001	0.001	0.997
0.169	0.001	0.001	0.829
>TCTAGTGG	8-TCTAGTGG	7.635388	-29.582573	0	T:149.0(8.72%),B:2116.5(4.57%),P:1e-12	Tpos:278.5,Tstd:239.0,Bpos:227.5,Bstd:140.2,StrandBias:0.0,Multiplicity:1.06
0.001	0.156	0.001	0.842
0.053	0.945	0.001	0.001
0.001	0.001	0.001	0.997
0.848	0.001	0.001	0.150
0.001	0.001	0.897	0.101
0.001	0.059	0.001	0.939
0.001	0.001	0.997	0.001
0.001	0.001	0.997	0.001
>CTTCAAAG	9-CTTCAAAG	7.889241	-25.877233	0	T:186.0(10.88%),B:2991.5(6.46%),P:1e-11	Tpos:295.5,Tstd:238.2,Bpos:228.1,Bstd:143.3,StrandBias:0.2,Multiplicity:1.11
0.001	0.738	0.001	0.260
0.109	0.001	0.001	0.889
0.001	0.001	0.001	0.997
0.001	0.997	0.001	0.001
0.935	0.001	0.063	0.001
0.997	0.001	0.001	0.001
0.997	0.001	0.001	0.001
0.001	0.001	0.997	0.001
>TCAWACGC	10-TCAWACGC	2.188798	-24.156173	0	T:504.0(29.49%),B:10481.6(22.64%),P:1e-10	Tpos:280.6,Tstd:244.3,Bpos:228.9,Bstd:142.8,StrandBias:-0.3,Multiplicity:1.25
0.001	0.001	0.001	0.997
0.099	0.546	0.175	0.180
0.997	0.001	0.001	0.001
0.427	0.001	0.001	0.571
0.997	0.001	0.001	0.001
0.001	0.997	0.001	0.001
0.001	0.385	0.613	0.001
0.001	0.719	0.279	0.001
>TATGCAAA	11-TATGCAAA	9.145174	-19.583151	0	T:66.0(3.86%),B:797.3(1.72%),P:1e-8	Tpos:276.8,Tstd:280.0,Bpos:227.0,Bstd:144.7,StrandBias:0.6,Multiplicity:1.12
0.001	0.001	0.001	0.997
0.997	0.001	0.001	0.001
0.001	0.001	0.001	0.997
0.001	0.001	0.997	0.001
0.001	0.997	0.001	0.001
0.997	0.001	0.001	0.001
0.997	0.001	0.001	0.001
0.852	0.146	0.001	0.001
>CCAATCGG	12-CCAATCGG	6.703772	-19.473689	0	T:132.0(7.72%),B:2090.8(4.52%),P:1e-8	Tpos:323.6,Tstd:248.2,Bpos:229.6,Bstd:148.1,StrandBias:0.3,Multiplicity:1.24
0.062	0.827	0.088	0.023
0.126	0.630	0.119	0.125
0.875	0.040	0.018	0.067
0.753	0.094	0.074	0.079
0.065	0.102	0.086	0.747
0.137	0.780	0.068	0.015
0.153	0.118	0.699	0.030
0.108	0.089	0.701	0.102
>AGCACATG	13-AGCACATG	6.291044	-2.163385	0	T:563.0(32.94%),B:14610.6(31.56%),P:1e0	Tpos:286.7,Tstd:244.1,Bpos:232.0,Bstd:133.4,StrandBias:-0.2,Multiplicity:1.31
0.700	0.100	0.100	0.100
0.100	0.100	0.700	0.100
0.100	0.700	0.100	0.100
0.700	0.100	0.100	0.100
0.100	0.700	0.100	0.100
0.700	0.100	0.100	0.100
0.100	0.100	0.100	0.700
0.100	0.100	0.700	0.100
