>CAGGAART	1-CAGGAART	7.436597	-98.029342	0	T:416.0(24.34%),B:5651.0(12.21%),P:1e-42	Tpos:301.1,Tstd:251.6,Bpos:233.8,Bstd:142.0,StrandBias:0.1,Multiplicity:1.24
0.001	0.502	0.348	0.149
0.619	0.379	0.001	0.001
0.001	0.090	0.908	0.001
0.001	0.001	0.997	0.001
0.953	0.001	0.001	0.045
0.786	0.064	0.001	0.149
0.376	0.105	0.518	0.001
0.001	0.001	0.228	0.770
>AACGGAAA	2-AACGGAAA	5.452342	-44.729716	0	T:634.0(37.10%),B:12477.9(26.96%),P:1e-19	Tpos:285.3,Tstd:227.5,Bpos:230.6,Bstd:143.7,StrandBias:0.1,Multiplicity:1.35
0.800	0.052	0.070	0.078
0.685	0.122	0.095	0.098
0.168	0.692	0.090	0.050
0.073	0.103	0.694	0.130
0.087	0.101	0.729	0.083
0.756	0.096	0.111	0.037
0.859	0.048	0.051	0.042
0.793	0.049	0.105	0.053
>AGKTGGCG	3-AGKTGGCG	6.515591	-42.639406	0	T:312.0(18.26%),B:5075.0(10.96%),P:1e-18	Tpos:327.7,Tstd:286.3,Bpos:232.5,Bstd:149.6,StrandBias:0.1,Multiplicity:1.15
0.790	0.029	0.002	0.179
0.104	0.258	0.558	0.080
0.132	0.002	0.362	0.504
0.016	0.001	0.069	0.914
0.007	0.093	0.739	0.161
0.042	0.134	0.728	0.096
0.001	0.997	0.001	0.001
0.203	0.001	0.707	0.089
>GTGACTCA	4-GTGACTCA	7.377935	-40.519810	0	T:194.0(11.35%),B:2700.6(5.83%),P:1e-17	Tpos:257.9,Tstd:209.5,Bpos:226.9,Bstd:131.9,StrandBias:-0.1,Multiplicity:1.12
0.176	0.102	0.721	0.001
0.001	0.001	0.001	0.997
0.001	0.001	0.997	0.001
0.997	0.001	0.001	0.001
0.001	0.764	0.234	0.001
0.001	0.001	0.045	0.953
0.001	0.997	0.001	0.001
0.997	0.001	0.001	0.001
>GGCGGGGC	5-GGCGGGGC	7.327082	-33.626558	0	T:494.0(28.91%),B:9660.1(20.87%),P:1e-14	Tpos:356.5,Tstd:287.3,Bpos:232.2,Bstd:155.9,StrandBias:0.1,Multiplicity:1.92
0.001	0.001	0.997	0.001
0.001	0.001	0.997	0.001
0.001	0.619	0.001	0.379
0.001	0.001	0.997	0.001
0.001	0.001	0.997	0.001
0.331	0.001	0.618	0.050
0.114	0.113	0.614	0.159
0.159	0.721	0.001	0.119
>AAAAAGCG	6-AAAAAGCG	5.191073	-33.415208	0	T:543.0(31.77%),B:10862.8(23.47%),P:1e-14	Tpos:326.8,Tstd:284.6,Bpos:230.8,Bstd:151.9,StrandBias:0.2,Multiplicity:1.34
0.848	0.043	0.054	0.055
0.725	0.082	0.124	0.069
0.668	0.139	0.129	0.064
0.690	0.125	0.107	0.078
0.728	0.118	0.063	0.091
0.100	0.082	0.777	0.041
0.085	0.795	0.053	0.067
0.059	0.100	0.776	0.065
>TGTGGTTT	7-TGTGGTTT	7.013564	-29.878038	0	T:340.0(19.89%),B:6228.3(13.46%),P:1e-12	Tpos:273.7,Tstd:217.5,Bpos:231.6,Bstd:139.8,StrandBias:-0.3,Multiplicity:1.19
0.069	0.095	0.001	0.835
0.001	0.071	0.927	0.001
0.001	0.036	0.001	0.962
0.057	0.001	0.941	0.001
0.001	0.001	0.997	0.001
0.001	0.102	0.112	0.785
0.001	0.001	0.001	0.997
0.169	0.001	0.001	0.829
>TCTAGTGG	8-TCTAGTGG	7.635388	-29.582573	0	T:149.0(8.72%),B:2116.5(4.57%),P:1e-12	Tpos:278.5,Tstd:239.0,Bpos:227.5,Bstd:140.2,StrandBias:0.0,Multiplicity:1.06
0.001	0.156	0.001	0.842
0.053	0.945	0.001	0.001
0.001	0.001	0.001	0.997
0.848	0.001	0.001	0.150
0.001	0.001	0.897	0.101
0.001	0.059	0.001	0.939
0.001	0.001	0.997	0.001
0.001	0.001	0.997	0.001
>CTTCAAAG	9-CTTCAAAG	7.889241	-25.877233	0	T:186.0(10.88%),B:2991.5(6.46%),P:1e-11	Tpos:295.5,Tstd:238.2,Bpos:228.1,Bstd:143.3,StrandBias:0.2,Multiplicity:1.11
0.001	0.738	0.001	0.260
0.109	0.001	0.001	0.889
0.001	0.001	0.001	0.997
0.001	0.997	0.001	0.001
0.935	0.001	0.063	0.001
0.997	0.001	0.001	0.001
0.997	0.001	0.001	0.001
0.001	0.001	0.997	0.001
>TCAWACGC	10-TCAWACGC	2.188798	-24.156173	0	T:504.0(29.49%),B:10481.6(22.64%),P:1e-10	Tpos:280.6,Tstd:244.3,Bpos:228.9,Bstd:142.8,StrandBias:-0.3,Multiplicity:1.25
0.001	0.001	0.001	0.997
0.099	0.546	0.175	0.180
0.997	0.001	0.001	0.001
0.427	0.001	0.001	0.571
0.997	0.001	0.001	0.001
0.001	0.997	0.001	0.001
0.001	0.385	0.613	0.001
0.001	0.719	0.279	0.001
>TATGCAAA	11-TATGCAAA	9.145174	-19.583151	0	T:66.0(3.86%),B:797.3(1.72%),P:1e-8	Tpos:276.8,Tstd:280.0,Bpos:227.0,Bstd:144.7,StrandBias:0.6,Multiplicity:1.12
0.001	0.001	0.001	0.997
0.997	0.001	0.001	0.001
0.001	0.001	0.001	0.997
0.001	0.001	0.997	0.001
0.001	0.997	0.001	0.001
0.997	0.001	0.001	0.001
0.997	0.001	0.001	0.001
0.852	0.146	0.001	0.001
>CCAATCGG	12-CCAATCGG	6.703772	-19.473689	0	T:132.0(7.72%),B:2090.8(4.52%),P:1e-8	Tpos:323.6,Tstd:248.2,Bpos:229.6,Bstd:148.1,StrandBias:0.3,Multiplicity:1.24
0.062	0.827	0.088	0.023
0.126	0.630	0.119	0.125
0.875	0.040	0.018	0.067
0.753	0.094	0.074	0.079
0.065	0.102	0.086	0.747
0.137	0.780	0.068	0.015
0.153	0.118	0.699	0.030
0.108	0.089	0.701	0.102
>AGCACATG	13-AGCACATG	6.291044	-2.163385	0	T:563.0(32.94%),B:14610.6(31.56%),P:1e0	Tpos:286.7,Tstd:244.1,Bpos:232.0,Bstd:133.4,StrandBias:-0.2,Multiplicity:1.31
0.700	0.100	0.100	0.100
0.100	0.100	0.700	0.100
0.100	0.700	0.100	0.100
0.700	0.100	0.100	0.100
0.100	0.700	0.100	0.100
0.700	0.100	0.100	0.100
0.100	0.100	0.100	0.700
0.100	0.100	0.700	0.100
