>GCCCCCTAGTGG	1-GCCCCCTAGTGG	9.502408	-169.802411	0	T:169.0(9.89%),B:771.7(1.67%),P:1e-73	Tpos:257.7,Tstd:156.5,Bpos:223.1,Bstd:137.1,StrandBias:-0.2,Multiplicity:1.04
0.151	0.045	0.663	0.141
0.084	0.851	0.038	0.027
0.001	0.963	0.001	0.035
0.255	0.616	0.043	0.086
0.001	0.646	0.094	0.259
0.001	0.997	0.001	0.001
0.070	0.099	0.001	0.830
0.680	0.032	0.195	0.093
0.027	0.184	0.762	0.027
0.211	0.030	0.001	0.758
0.001	0.001	0.997	0.001
0.022	0.081	0.797	0.100
>YYAYTTCCTGTY	2-YYAYTTCCTGTY	8.653960	-129.057154	0	T:382.0(22.35%),B:4359.6(9.42%),P:1e-56	Tpos:292.7,Tstd:235.7,Bpos:233.6,Bstd:135.8,StrandBias:-0.0,Multiplicity:1.25
0.131	0.417	0.184	0.268
0.212	0.402	0.104	0.282
0.606	0.075	0.248	0.071
0.001	0.545	0.019	0.435
0.084	0.001	0.001	0.914
0.001	0.001	0.001	0.997
0.001	0.997	0.001	0.001
0.001	0.997	0.001	0.001
0.001	0.001	0.001	0.997
0.001	0.350	0.544	0.105
0.131	0.308	0.093	0.467
0.045	0.447	0.185	0.322
>GGGCGGGGCCTN	3-GGGCGGGGCCTN	7.714190	-44.770519	0	T:237.0(13.87%),B:3437.3(7.43%),P:1e-19	Tpos:374.9,Tstd:310.9,Bpos:228.7,Bstd:154.9,StrandBias:0.2,Multiplicity:1.42
0.202	0.069	0.617	0.112
0.064	0.069	0.743	0.124
0.207	0.106	0.678	0.009
0.160	0.511	0.123	0.206
0.159	0.057	0.723	0.061
0.088	0.110	0.730	0.072
0.213	0.017	0.588	0.182
0.094	0.073	0.756	0.077
0.166	0.624	0.158	0.052
0.138	0.473	0.224	0.164
0.167	0.143	0.227	0.463
0.323	0.181	0.287	0.209
>AAACCACATCCW	4-AAACCACATCCW	9.276588	-43.131639	0	T:94.0(5.50%),B:868.7(1.88%),P:1e-18	Tpos:272.9,Tstd:232.3,Bpos:234.8,Bstd:141.6,StrandBias:0.4,Multiplicity:1.01
0.809	0.001	0.001	0.189
0.831	0.167	0.001	0.001
0.997	0.001	0.001	0.001
0.001	0.997	0.001	0.001
0.001	0.864	0.001	0.134
0.824	0.174	0.001	0.001
0.001	0.997	0.001	0.001
0.640	0.091	0.202	0.067
0.121	0.111	0.073	0.695
0.135	0.596	0.202	0.067
0.376	0.622	0.001	0.001
0.385	0.067	0.127	0.421
>TGAAACTGAAAK	5-TGAAACTGAAAK	10.348786	-41.033285	0	T:67.0(3.92%),B:502.6(1.09%),P:1e-17	Tpos:283.4,Tstd:264.5,Bpos:228.8,Bstd:140.0,StrandBias:-0.2,Multiplicity:1.12
0.135	0.001	0.199	0.665
0.001	0.271	0.666	0.062
0.997	0.001	0.001	0.001
0.837	0.001	0.127	0.035
0.885	0.062	0.052	0.001
0.148	0.546	0.096	0.210
0.029	0.001	0.001	0.969
0.001	0.001	0.997	0.001
0.894	0.001	0.047	0.058
0.792	0.149	0.058	0.001
0.997	0.001	0.001	0.001
0.001	0.154	0.496	0.349
>CTTTGAAGTTCC	6-CTTTGAAGTTCC	11.015524	-34.069303	0	T:36.0(2.11%),B:181.6(0.39%),P:1e-14	Tpos:218.5,Tstd:152.7,Bpos:222.0,Bstd:137.2,StrandBias:-0.8,Multiplicity:1.00
0.001	0.997	0.001	0.001
0.001	0.001	0.001	0.997
0.001	0.031	0.001	0.967
0.001	0.001	0.001	0.997
0.001	0.001	0.997	0.001
0.918	0.001	0.080	0.001
0.918	0.001	0.080	0.001
0.001	0.001	0.918	0.080
0.001	0.001	0.200	0.798
0.161	0.100	0.146	0.593
0.342	0.656	0.001	0.001
0.164	0.579	0.001	0.256
>GGAATGGAAACA	7-GGAATGGAAACA	9.015192	-33.691199	0	T:114.0(6.67%),B:1359.4(2.94%),P:1e-14	Tpos:267.5,Tstd:203.9,Bpos:226.0,Bstd:132.8,StrandBias:0.1,Multiplicity:1.04
0.110	0.020	0.775	0.095
0.046	0.162	0.749	0.043
0.774	0.047	0.124	0.055
0.783	0.058	0.101	0.058
0.083	0.051	0.066	0.800
0.051	0.001	0.923	0.025
0.063	0.058	0.827	0.052
0.914	0.001	0.017	0.068
0.930	0.010	0.059	0.001
0.837	0.025	0.113	0.025
0.086	0.762	0.100	0.052
0.932	0.042	0.025	0.001
>TGAGTCATAGAC	8-TGAGTCATAGAC	9.751299	-31.712929	0	T:43.0(2.52%),B:278.3(0.60%),P:1e-13	Tpos:267.3,Tstd:175.2,Bpos:220.1,Bstd:133.1,StrandBias:0.2,Multiplicity:1.02
0.029	0.029	0.029	0.913
0.001	0.058	0.883	0.058
0.836	0.059	0.076	0.029
0.056	0.059	0.867	0.018
0.029	0.044	0.059	0.868
0.001	0.918	0.029	0.052
0.839	0.090	0.001	0.070
0.111	0.052	0.066	0.771
0.882	0.001	0.088	0.029
0.111	0.059	0.801	0.029
0.757	0.129	0.061	0.053
0.151	0.674	0.100	0.075
>CCGCGTTTCAAA	9-CCGCGTTTCAAA	9.261655	-26.624333	0	T:49.0(2.87%),B:409.3(0.88%),P:1e-11	Tpos:250.5,Tstd:218.5,Bpos:224.7,Bstd:155.7,StrandBias:0.1,Multiplicity:1.00
0.142	0.786	0.001	0.071
0.114	0.775	0.001	0.110
0.071	0.057	0.793	0.079
0.006	0.614	0.249	0.131
0.071	0.100	0.615	0.214
0.001	0.001	0.048	0.950
0.001	0.001	0.001	0.997
0.001	0.071	0.076	0.852
0.071	0.851	0.077	0.001
0.928	0.070	0.001	0.001
0.928	0.001	0.070	0.001
0.928	0.001	0.001	0.070
>AGCCAATCGGAA	10-AGCCAATCGGAA	9.452343	-24.752324	0	T:49.0(2.87%),B:432.6(0.93%),P:1e-10	Tpos:295.1,Tstd:229.6,Bpos:243.1,Bstd:139.9,StrandBias:-0.1,Multiplicity:1.02
0.913	0.001	0.043	0.043
0.086	0.086	0.827	0.001
0.001	0.956	0.001	0.042
0.129	0.784	0.001	0.086
0.827	0.001	0.086	0.086
0.742	0.172	0.043	0.043
0.001	0.097	0.112	0.790
0.078	0.665	0.145	0.112
0.110	0.043	0.798	0.049
0.001	0.067	0.889	0.043
0.903	0.010	0.001	0.086
0.913	0.001	0.043	0.043
>GTGATCAATTGA	11-GTGATCAATTGA	14.257152	-24.036598	0	T:7.0(0.41%),B:4.0(0.01%),P:1e-10	Tpos:256.9,Tstd:166.7,Bpos:151.1,Bstd:144.1,StrandBias:1.3,Multiplicity:1.00
0.001	0.001	0.997	0.001
0.001	0.001	0.001	0.997
0.001	0.001	0.997	0.001
0.997	0.001	0.001	0.001
0.001	0.001	0.001	0.997
0.001	0.799	0.199	0.001
0.997	0.001	0.001	0.001
0.799	0.001	0.001	0.199
0.001	0.001	0.001	0.997
0.001	0.001	0.001	0.997
0.200	0.200	0.599	0.001
0.997	0.001	0.001	0.001
>CGGTTTCGCTTT	12-CGGTTTCGCTTT	8.343541	-22.495554	0	T:103.0(6.03%),B:1415.3(3.06%),P:1e-9	Tpos:303.4,Tstd:315.2,Bpos:232.9,Bstd:148.7,StrandBias:-0.4,Multiplicity:1.07
0.065	0.717	0.093	0.125
0.119	0.100	0.652	0.129
0.047	0.071	0.781	0.101
0.040	0.075	0.027	0.858
0.017	0.038	0.031	0.914
0.023	0.070	0.118	0.789
0.079	0.627	0.088	0.206
0.161	0.232	0.463	0.144
0.055	0.774	0.049	0.122
0.050	0.052	0.025	0.873
0.031	0.101	0.106	0.762
0.042	0.099	0.068	0.791
>GTGCAGCAGTGA	13-GTGCAGCAGTGA	13.153460	-22.367818	0	T:16.0(0.94%),B:51.8(0.11%),P:1e-9	Tpos:199.0,Tstd:130.5,Bpos:222.5,Bstd:134.2,StrandBias:0.4,Multiplicity:1.00
0.087	0.079	0.833	0.001
0.054	0.001	0.123	0.822
0.001	0.001	0.997	0.001
0.160	0.742	0.097	0.001
0.889	0.001	0.001	0.109
0.001	0.001	0.997	0.001
0.001	0.997	0.001	0.001
0.997	0.001	0.001	0.001
0.001	0.001	0.997	0.001
0.127	0.001	0.001	0.871
0.001	0.001	0.997	0.001
0.839	0.001	0.159	0.001
>TCAGATGTCTTC	14-TCAGATGTCTTC	14.689795	-16.882806	0	T:6.0(0.35%),B:5.8(0.01%),P:1e-7	Tpos:163.2,Tstd:49.9,Bpos:274.2,Bstd:101.8,StrandBias:-1.0,Multiplicity:1.00
0.001	0.001	0.001	0.997
0.001	0.997	0.001	0.001
0.997	0.001	0.001	0.001
0.001	0.001	0.818	0.180
0.997	0.001	0.001	0.001
0.001	0.001	0.001	0.997
0.001	0.001	0.997	0.001
0.001	0.001	0.001	0.997
0.180	0.818	0.001	0.001
0.001	0.001	0.001	0.997
0.001	0.001	0.001	0.997
0.001	0.997	0.001	0.001
>TGTGCTGGGTAT	15-TGTGCTGGGTAT	16.558949	-11.718120	0	T:3.0(0.18%),B:1.2(0.00%),P:1e-5	Tpos:177.9,Tstd:108.7,Bpos:259.4,Bstd:80.5,StrandBias:10.0,Multiplicity:9.00
0.001	0.001	0.001	0.997
0.001	0.001	0.997	0.001
0.001	0.001	0.001	0.997
0.021	0.001	0.977	0.001
0.001	0.977	0.001	0.021
0.001	0.001	0.001	0.997
0.001	0.001	0.997	0.001
0.001	0.001	0.997	0.001
0.001	0.001	0.997	0.001
0.001	0.001	0.001	0.997
0.997	0.001	0.001	0.001
0.001	0.001	0.001	0.997
>VNAGCTAMGCNN	16-VNAGCTAMGCNN	6.590623	-10.767095	0	T:227.0(13.28%),B:4696.5(10.15%),P:1e-4	Tpos:336.6,Tstd:264.8,Bpos:231.4,Bstd:142.2,StrandBias:-0.1,Multiplicity:1.07
0.373	0.313	0.274	0.040
0.171	0.259	0.278	0.292
0.827	0.171	0.001	0.001
0.059	0.083	0.857	0.001
0.156	0.503	0.001	0.340
0.070	0.088	0.319	0.523
0.808	0.096	0.022	0.074
0.456	0.380	0.114	0.050
0.037	0.207	0.680	0.076
0.018	0.946	0.035	0.001
0.282	0.197	0.203	0.319
0.190	0.312	0.222	0.276
>TAGCTAAGCCAC	17-TAGCTAAGCCAC	-6.476231	-10.289054	0	T:620.0(36.28%),B:14681.6(31.72%),P:1e-4	Tpos:287.6,Tstd:238.9,Bpos:230.1,Bstd:137.2,StrandBias:0.0,Multiplicity:1.32
0.001	0.001	0.001	0.997
0.997	0.001	0.001	0.001
0.001	0.001	0.997	0.001
0.001	0.904	0.001	0.094
0.001	0.001	0.001	0.997
0.997	0.001	0.001	0.001
0.997	0.001	0.001	0.001
0.001	0.001	0.997	0.001
0.001	0.997	0.001	0.001
0.001	0.997	0.001	0.001
0.997	0.001	0.001	0.001
0.001	0.997	0.001	0.001
>WCTYATCATGAC	18-WCTYATCATGAC	12.957290	-8.860094	0	T:5.0(0.29%),B:13.9(0.03%),P:1e-3	Tpos:551.1,Tstd:243.7,Bpos:257.4,Bstd:122.0,StrandBias:1.4,Multiplicity:2.20
0.435	0.001	0.001	0.563
0.001	0.997	0.001	0.001
0.001	0.001	0.001	0.997
0.001	0.563	0.001	0.435
0.997	0.001	0.001	0.001
0.001	0.106	0.001	0.892
0.001	0.997	0.001	0.001
0.997	0.001	0.001	0.001
0.001	0.001	0.001	0.997
0.001	0.001	0.997	0.001
0.997	0.001	0.001	0.001
0.001	0.997	0.001	0.001
>TGCGCGCGCATA	19-TGCGCGCGCATA	-4.562756	-8.825190	0	T:233.0(13.63%),B:4999.0(10.80%),P:1e-3	Tpos:366.2,Tstd:280.9,Bpos:229.6,Bstd:163.4,StrandBias:0.1,Multiplicity:1.28
0.001	0.001	0.001	0.997
0.001	0.001	0.997	0.001
0.001	0.997	0.001	0.001
0.001	0.001	0.997	0.001
0.001	0.997	0.001	0.001
0.001	0.001	0.997	0.001
0.001	0.997	0.001	0.001
0.001	0.001	0.997	0.001
0.001	0.997	0.001	0.001
0.997	0.001	0.001	0.001
0.181	0.181	0.001	0.637
0.997	0.001	0.001	0.001
>TCCATCATGTGA	20-TCCATCATGTGA	13.892480	-7.852384	0	T:4.0(0.23%),B:10.0(0.02%),P:1e-3	Tpos:163.7,Tstd:53.8,Bpos:286.2,Bstd:92.7,StrandBias:3.3,Multiplicity:2.75
0.001	0.001	0.001	0.997
0.001	0.997	0.001	0.001
0.001	0.886	0.001	0.112
0.886	0.112	0.001	0.001
0.001	0.001	0.001	0.997
0.001	0.997	0.001	0.001
0.997	0.001	0.001	0.001
0.001	0.001	0.001	0.997
0.248	0.001	0.750	0.001
0.112	0.001	0.001	0.886
0.001	0.001	0.997	0.001
0.997	0.001	0.001	0.001
>ACCATCTGTACA	21-ACCATCTGTACA	14.238021	-5.954449	0	T:2.0(0.12%),B:2.6(0.01%),P:1e-2	Tpos:77.7,Tstd:46.1,Bpos:137.5,Bstd:81.6,StrandBias:10.0,Multiplicity:5.00
0.997	0.001	0.001	0.001
0.001	0.997	0.001	0.001
0.001	0.997	0.001	0.001
0.904	0.094	0.001	0.001
0.001	0.001	0.001	0.997
0.001	0.997	0.001	0.001
0.001	0.001	0.001	0.997
0.001	0.001	0.997	0.001
0.001	0.001	0.001	0.997
0.997	0.001	0.001	0.001
0.001	0.997	0.001	0.001
0.997	0.001	0.001	0.001
>TCAGCACACGGG	22-TCAGCACACGGG	12.355432	-3.317389	0	T:1.0(0.06%),B:1.5(0.00%),P:1e-1	Tpos:654.6,Tstd:83.4,Bpos:326.3,Bstd:6.3,StrandBias:10.0,Multiplicity:7.00
0.100	0.100	0.100	0.700
0.100	0.700	0.100	0.100
0.700	0.100	0.100	0.100
0.100	0.100	0.700	0.100
0.100	0.700	0.100	0.100
0.700	0.100	0.100	0.100
0.100	0.700	0.100	0.100
0.700	0.100	0.100	0.100
0.100	0.700	0.100	0.100
0.100	0.100	0.700	0.100
0.100	0.100	0.700	0.100
0.100	0.100	0.700	0.100
>GGAGCATGCTGG	23-GGAGCATGCTGG	12.355432	-2.642521	0	T:1.0(0.06%),B:2.8(0.01%),P:1e-1	Tpos:139.0,Tstd:31.3,Bpos:286.6,Bstd:94.9,StrandBias:10.0,Multiplicity:4.00
0.100	0.100	0.700	0.100
0.100	0.100	0.700	0.100
0.700	0.100	0.100	0.100
0.100	0.100	0.700	0.100
0.100	0.700	0.100	0.100
0.700	0.100	0.100	0.100
0.100	0.100	0.100	0.700
0.100	0.100	0.700	0.100
0.100	0.700	0.100	0.100
0.100	0.100	0.100	0.700
0.100	0.100	0.700	0.100
0.100	0.100	0.700	0.100
>NNNNNNNNNNNN	24-NNNNNNNNNNNN	-nan	0.000000	0	T:0.0(0.00%),B:0.0(0.00%),P:1e0	Tpos:0.0,Tstd:0.0,Bpos:0.0,Bstd:0.0,StrandBias:0.0,Multiplicity:1.00
-nan	-nan	-nan	-nan
-nan	-nan	-nan	-nan
-nan	-nan	-nan	-nan
-nan	-nan	-nan	-nan
-nan	-nan	-nan	-nan
-nan	-nan	-nan	-nan
-nan	-nan	-nan	-nan
-nan	-nan	-nan	-nan
-nan	-nan	-nan	-nan
-nan	-nan	-nan	-nan
-nan	-nan	-nan	-nan
-nan	-nan	-nan	-nan
>NNNNNNNNNNNN	25-NNNNNNNNNNNN	-nan	0.000000	0	T:0.0(0.00%),B:0.0(0.00%),P:1e0	Tpos:0.0,Tstd:0.0,Bpos:0.0,Bstd:0.0,StrandBias:0.0,Multiplicity:1.00
-nan	-nan	-nan	-nan
-nan	-nan	-nan	-nan
-nan	-nan	-nan	-nan
-nan	-nan	-nan	-nan
-nan	-nan	-nan	-nan
-nan	-nan	-nan	-nan
-nan	-nan	-nan	-nan
-nan	-nan	-nan	-nan
-nan	-nan	-nan	-nan
-nan	-nan	-nan	-nan
-nan	-nan	-nan	-nan
-nan	-nan	-nan	-nan
