Factor1: 1.0311185086094863
Factor2: 0.9698206284247101
