>TGTGGTTTAH	1-TGTGGTTTAH	6.939428	-748.780811	0	T:1757.0(48.60%),B:8982.6(19.90%),P:1e-325	Tpos:279.1,Tstd:185.3,Bpos:245.7,Bstd:155.7,StrandBias:-0.1,Multiplicity:1.39
0.052	0.041	0.021	0.886
0.016	0.001	0.964	0.019
0.089	0.008	0.021	0.882
0.001	0.001	0.997	0.001
0.001	0.001	0.997	0.001
0.001	0.105	0.050	0.844
0.002	0.169	0.001	0.828
0.205	0.080	0.134	0.581
0.373	0.207	0.203	0.217
0.255	0.338	0.137	0.271
>ACAGGAAGTG	2-ACAGGAAGTG	7.792810	-684.989976	0	T:1348.0(37.29%),B:5853.4(12.97%),P:1e-297	Tpos:277.8,Tstd:183.8,Bpos:248.5,Bstd:145.8,StrandBias:0.1,Multiplicity:1.24
0.719	0.054	0.190	0.037
0.056	0.768	0.154	0.022
0.885	0.049	0.057	0.009
0.015	0.011	0.956	0.018
0.008	0.031	0.938	0.023
0.972	0.010	0.007	0.011
0.836	0.034	0.018	0.112
0.258	0.012	0.723	0.007
0.051	0.191	0.097	0.661
0.170	0.141	0.545	0.144
>TGTGGTTDNN	3-TGTGGTTDNN	5.565144	-628.102616	0	T:2641.0(73.06%),B:19887.5(44.05%),P:1e-272	Tpos:272.3,Tstd:193.5,Bpos:244.8,Bstd:154.7,StrandBias:-0.1,Multiplicity:1.41
0.187	0.080	0.145	0.588
0.098	0.058	0.776	0.068
0.136	0.261	0.072	0.531
0.040	0.001	0.958	0.001
0.022	0.001	0.972	0.005
0.001	0.149	0.146	0.704
0.190	0.184	0.171	0.455
0.367	0.004	0.266	0.364
0.264	0.264	0.287	0.185
0.244	0.284	0.223	0.249
>AGGATGTGGT	4-AGGATGTGGT	9.703456	-585.333965	0	T:502.0(13.89%),B:880.3(1.95%),P:1e-254	Tpos:264.2,Tstd:163.2,Bpos:248.2,Bstd:148.6,StrandBias:0.2,Multiplicity:1.07
0.936	0.031	0.016	0.017
0.001	0.001	0.993	0.005
0.010	0.001	0.988	0.001
0.940	0.001	0.058	0.001
0.180	0.001	0.001	0.818
0.001	0.001	0.997	0.001
0.001	0.014	0.001	0.984
0.001	0.001	0.997	0.001
0.001	0.001	0.988	0.010
0.012	0.104	0.181	0.703
>RAGGTGTGAV	5-RAGGTGTGAV	7.558636	-265.962323	0	T:1049.0(29.02%),B:6420.3(14.22%),P:1e-115	Tpos:280.1,Tstd:194.2,Bpos:243.5,Bstd:154.5,StrandBias:-0.0,Multiplicity:1.22
0.298	0.073	0.441	0.188
0.734	0.001	0.256	0.009
0.113	0.001	0.728	0.158
0.001	0.008	0.990	0.001
0.001	0.001	0.001	0.997
0.001	0.001	0.997	0.001
0.158	0.001	0.001	0.840
0.001	0.213	0.494	0.291
0.870	0.001	0.128	0.001
0.396	0.258	0.252	0.094
>GCCCCRCCCW	6-GCCCCRCCCW	7.280724	-238.605310	0	T:1376.0(38.06%),B:9973.3(22.09%),P:1e-103	Tpos:290.2,Tstd:200.0,Bpos:245.7,Bstd:148.5,StrandBias:0.1,Multiplicity:1.51
0.200	0.086	0.589	0.125
0.172	0.643	0.031	0.154
0.080	0.662	0.001	0.257
0.314	0.538	0.016	0.132
0.047	0.866	0.001	0.086
0.434	0.001	0.458	0.108
0.001	0.976	0.022	0.001
0.001	0.997	0.001	0.001
0.001	0.843	0.001	0.155
0.388	0.178	0.025	0.409
>ATGASTCABM	7-ATGASTCABM	7.717002	-183.413430	0	T:571.0(15.80%),B:3004.8(6.66%),P:1e-79	Tpos:298.1,Tstd:212.2,Bpos:246.7,Bstd:147.8,StrandBias:-0.0,Multiplicity:1.13
0.475	0.197	0.222	0.107
0.001	0.001	0.001	0.997
0.001	0.001	0.924	0.074
0.997	0.001	0.001	0.001
0.093	0.486	0.366	0.055
0.131	0.001	0.028	0.840
0.120	0.878	0.001	0.001
0.889	0.001	0.109	0.001
0.108	0.245	0.288	0.358
0.276	0.408	0.093	0.223
>CGCTTCCTTC	8-CGCTTCCTTC	7.175116	-118.497201	0	T:799.0(22.10%),B:5834.8(12.93%),P:1e-51	Tpos:291.1,Tstd:202.9,Bpos:243.8,Bstd:144.0,StrandBias:0.2,Multiplicity:1.15
0.144	0.705	0.075	0.076
0.118	0.035	0.770	0.077
0.069	0.812	0.055	0.064
0.058	0.069	0.076	0.797
0.072	0.052	0.031	0.845
0.026	0.862	0.067	0.045
0.034	0.888	0.046	0.032
0.028	0.071	0.139	0.762
0.037	0.130	0.137	0.696
0.041	0.868	0.047	0.044
>AAACCGAAAC	9-AAACCGAAAC	6.763092	-94.485319	0	T:420.0(11.62%),B:2582.1(5.72%),P:1e-41	Tpos:271.4,Tstd:182.2,Bpos:244.9,Bstd:152.4,StrandBias:0.2,Multiplicity:1.10
0.676	0.072	0.094	0.158
0.652	0.092	0.150	0.106
0.716	0.104	0.131	0.049
0.142	0.575	0.223	0.060
0.108	0.501	0.129	0.262
0.160	0.107	0.680	0.053
0.569	0.116	0.156	0.159
0.732	0.118	0.080	0.070
0.733	0.084	0.092	0.091
0.111	0.523	0.232	0.134
>TGAGGTCACD	10-TGAGGTCACD	7.662775	-65.573068	0	T:652.0(18.04%),B:5264.2(11.66%),P:1e-28	Tpos:268.6,Tstd:190.5,Bpos:244.6,Bstd:149.8,StrandBias:-0.0,Multiplicity:1.11
0.001	0.001	0.102	0.896
0.001	0.001	0.937	0.061
0.997	0.001	0.001	0.001
0.001	0.188	0.655	0.156
0.290	0.046	0.643	0.021
0.001	0.001	0.124	0.874
0.001	0.589	0.409	0.001
0.466	0.001	0.262	0.270
0.109	0.523	0.367	0.001
0.317	0.161	0.204	0.317
>CCAATCRGAG	11-CCAATCRGAG	8.432317	-50.631582	0	T:199.0(5.50%),B:1154.3(2.56%),P:1e-21	Tpos:301.5,Tstd:190.6,Bpos:242.4,Bstd:143.3,StrandBias:-0.1,Multiplicity:1.26
0.001	0.997	0.001	0.001
0.001	0.862	0.136	0.001
0.802	0.001	0.026	0.171
0.997	0.001	0.001	0.001
0.001	0.001	0.001	0.997
0.083	0.744	0.172	0.001
0.443	0.133	0.407	0.017
0.107	0.214	0.678	0.001
0.532	0.246	0.001	0.221
0.310	0.063	0.560	0.067
>TGTVGGCAGW	12-TGTVGGCAGW	8.148030	-44.527928	0	T:197.0(5.45%),B:1204.4(2.67%),P:1e-19	Tpos:259.4,Tstd:164.9,Bpos:249.6,Bstd:150.1,StrandBias:0.3,Multiplicity:1.08
0.105	0.153	0.119	0.623
0.183	0.001	0.815	0.001
0.275	0.001	0.001	0.723
0.386	0.291	0.295	0.027
0.044	0.220	0.629	0.107
0.001	0.001	0.595	0.403
0.001	0.846	0.152	0.001
0.513	0.277	0.001	0.209
0.001	0.001	0.903	0.095
0.315	0.001	0.266	0.417
>AGTGGTTTGT	13-AGTGGTTTGT	7.315351	-42.063134	0	T:478.0(13.22%),B:3963.6(8.78%),P:1e-18	Tpos:267.3,Tstd:209.9,Bpos:241.1,Bstd:156.9,StrandBias:0.0,Multiplicity:1.06
0.876	0.036	0.069	0.019
0.069	0.055	0.793	0.083
0.078	0.064	0.062	0.796
0.140	0.123	0.642	0.095
0.063	0.054	0.813	0.070
0.067	0.031	0.051	0.851
0.051	0.065	0.139	0.745
0.063	0.072	0.057	0.808
0.013	0.087	0.770	0.130
0.014	0.017	0.014	0.955
>TGACGTCATY	14-TGACGTCATY	7.160166	-40.866736	0	T:242.0(6.69%),B:1655.8(3.67%),P:1e-17	Tpos:296.3,Tstd:192.1,Bpos:248.0,Bstd:149.9,StrandBias:-0.1,Multiplicity:1.06
0.008	0.036	0.140	0.816
0.109	0.235	0.578	0.078
0.851	0.105	0.030	0.014
0.001	0.914	0.001	0.084
0.043	0.040	0.916	0.001
0.115	0.007	0.001	0.877
0.060	0.713	0.015	0.212
0.909	0.027	0.025	0.039
0.091	0.094	0.222	0.593
0.101	0.415	0.210	0.273
>AAACMACTCT	15-AAACMACTCT	6.138974	-38.058475	0	T:454.0(12.56%),B:3805.8(8.43%),P:1e-16	Tpos:285.0,Tstd:191.2,Bpos:242.3,Bstd:148.4,StrandBias:-0.1,Multiplicity:1.05
0.448	0.271	0.009	0.271
0.602	0.324	0.016	0.058
0.537	0.312	0.127	0.024
0.214	0.377	0.203	0.206
0.268	0.404	0.189	0.138
0.512	0.186	0.020	0.282
0.277	0.467	0.122	0.134
0.150	0.171	0.175	0.504
0.016	0.759	0.215	0.010
0.013	0.014	0.011	0.962
>CCAATCCACT	16-CCAATCCACT	10.613308	-32.469422	0	T:23.0(0.64%),B:32.4(0.07%),P:1e-14	Tpos:285.9,Tstd:99.2,Bpos:257.1,Bstd:119.5,StrandBias:1.8,Multiplicity:1.00
0.001	0.997	0.001	0.001
0.001	0.997	0.001	0.001
0.924	0.001	0.074	0.001
0.997	0.001	0.001	0.001
0.001	0.001	0.001	0.997
0.001	0.997	0.001	0.001
0.001	0.997	0.001	0.001
0.955	0.001	0.043	0.001
0.001	0.997	0.001	0.001
0.001	0.001	0.001	0.997
>TTTCTGACAC	17-TTTCTGACAC	11.764429	-32.388833	0	T:37.0(1.02%),B:93.2(0.21%),P:1e-14	Tpos:169.4,Tstd:111.3,Bpos:217.1,Bstd:143.7,StrandBias:2.3,Multiplicity:1.00
0.126	0.001	0.001	0.872
0.001	0.001	0.001	0.997
0.001	0.001	0.001	0.997
0.001	0.997	0.001	0.001
0.001	0.001	0.001	0.997
0.001	0.001	0.997	0.001
0.997	0.001	0.001	0.001
0.001	0.997	0.001	0.001
0.997	0.001	0.001	0.001
0.001	0.997	0.001	0.001
>TGTCTTGCAC	18-TGTCTTGCAC	10.759358	-32.052762	0	T:35.0(0.97%),B:84.7(0.19%),P:1e-13	Tpos:221.1,Tstd:166.8,Bpos:248.6,Bstd:166.0,StrandBias:2.6,Multiplicity:1.00
0.001	0.001	0.001	0.997
0.001	0.001	0.997	0.001
0.001	0.001	0.001	0.997
0.055	0.943	0.001	0.001
0.001	0.001	0.001	0.997
0.162	0.001	0.001	0.836
0.001	0.001	0.997	0.001
0.001	0.997	0.001	0.001
0.997	0.001	0.001	0.001
0.001	0.997	0.001	0.001
>CGTGAACTTT	19-CGTGAACTTT	9.462233	-30.026871	0	T:71.0(1.96%),B:319.3(0.71%),P:1e-13	Tpos:268.4,Tstd:174.7,Bpos:241.2,Bstd:137.5,StrandBias:1.0,Multiplicity:1.00
0.001	0.997	0.001	0.001
0.120	0.001	0.710	0.169
0.001	0.001	0.182	0.816
0.122	0.001	0.876	0.001
0.979	0.001	0.019	0.001
0.799	0.199	0.001	0.001
0.001	0.915	0.083	0.001
0.001	0.001	0.163	0.835
0.001	0.043	0.007	0.949
0.001	0.219	0.001	0.779
>AGTGGTTTGG	20-AGTGGTTTGG	7.288985	-29.641424	0	T:419.0(11.59%),B:3644.9(8.07%),P:1e-12	Tpos:263.1,Tstd:179.1,Bpos:239.8,Bstd:148.6,StrandBias:0.1,Multiplicity:1.07
0.666	0.199	0.134	0.001
0.016	0.037	0.903	0.044
0.153	0.165	0.120	0.562
0.069	0.114	0.674	0.143
0.036	0.018	0.905	0.041
0.044	0.140	0.210	0.606
0.001	0.001	0.039	0.959
0.048	0.001	0.036	0.915
0.117	0.001	0.824	0.058
0.001	0.001	0.997	0.001
>GCAAGGCMWC	21-GCAAGGCMWC	8.855446	-28.423881	0	T:115.0(3.18%),B:682.5(1.51%),P:1e-12	Tpos:272.9,Tstd:165.8,Bpos:262.1,Bstd:149.8,StrandBias:-0.9,Multiplicity:1.14
0.001	0.001	0.997	0.001
0.001	0.824	0.001	0.174
0.745	0.001	0.001	0.253
0.997	0.001	0.001	0.001
0.001	0.375	0.623	0.001
0.001	0.001	0.997	0.001
0.001	0.997	0.001	0.001
0.432	0.517	0.001	0.050
0.573	0.001	0.001	0.425
0.001	0.997	0.001	0.001
>GATGTCAGGC	22-GATGTCAGGC	12.185642	-28.275968	0	T:37.0(1.02%),B:107.3(0.24%),P:1e-12	Tpos:234.5,Tstd:155.3,Bpos:227.7,Bstd:137.9,StrandBias:1.8,Multiplicity:1.00
0.001	0.001	0.997	0.001
0.997	0.001	0.001	0.001
0.001	0.001	0.001	0.997
0.001	0.001	0.997	0.001
0.001	0.001	0.001	0.997
0.001	0.806	0.192	0.001
0.997	0.001	0.001	0.001
0.001	0.001	0.997	0.001
0.001	0.001	0.997	0.001
0.001	0.997	0.001	0.001
>TGACCTACTT	23-TGACCTACTT	9.579125	-26.468387	0	T:69.0(1.91%),B:330.9(0.73%),P:1e-11	Tpos:299.7,Tstd:209.2,Bpos:256.6,Bstd:156.4,StrandBias:-0.3,Multiplicity:1.09
0.246	0.273	0.001	0.480
0.001	0.001	0.997	0.001
0.642	0.102	0.207	0.049
0.001	0.963	0.035	0.001
0.047	0.903	0.049	0.001
0.024	0.001	0.109	0.866
0.997	0.001	0.001	0.001
0.001	0.584	0.366	0.049
0.202	0.001	0.066	0.731
0.001	0.107	0.001	0.891
>TGCAGCAGTC	24-TGCAGCAGTC	10.296193	-13.145414	0	T:18.0(0.50%),B:58.4(0.13%),P:1e-5	Tpos:319.6,Tstd:162.9,Bpos:242.2,Bstd:154.3,StrandBias:-2.7,Multiplicity:1.22
0.100	0.100	0.100	0.700
0.100	0.100	0.700	0.100
0.100	0.700	0.100	0.100
0.700	0.100	0.100	0.100
0.100	0.100	0.700	0.100
0.100	0.700	0.100	0.100
0.700	0.100	0.100	0.100
0.100	0.100	0.700	0.100
0.100	0.100	0.100	0.700
0.100	0.700	0.100	0.100
>AAGATTAATC	25-AAGATTAATC	13.750344	-12.205031	0	T:7.0(0.19%),B:8.5(0.02%),P:1e-5	Tpos:97.4,Tstd:76.2,Bpos:244.0,Bstd:126.5,StrandBias:-1.2,Multiplicity:1.00
0.997	0.001	0.001	0.001
0.918	0.001	0.080	0.001
0.001	0.001	0.997	0.001
0.997	0.001	0.001	0.001
0.001	0.001	0.001	0.997
0.001	0.001	0.001	0.997
0.997	0.001	0.001	0.001
0.997	0.001	0.001	0.001
0.001	0.001	0.001	0.997
0.001	0.997	0.001	0.001
>WAACCACARNNH	1-WAACCACARNNH	7.728697	-759.693056	0	T:1631.0(45.12%),B:7773.6(17.22%),P:1e-329	Tpos:276.9,Tstd:184.9,Bpos:246.3,Bstd:154.6,StrandBias:0.0,Multiplicity:1.34
0.421	0.191	0.074	0.314
0.689	0.085	0.196	0.030
0.646	0.151	0.202	0.001
0.001	0.997	0.001	0.001
0.001	0.997	0.001	0.001
0.881	0.001	0.001	0.117
0.001	0.997	0.001	0.001
0.997	0.001	0.001	0.001
0.357	0.125	0.404	0.115
0.277	0.260	0.266	0.197
0.218	0.310	0.247	0.226
0.311	0.287	0.150	0.252
>SAGGAWGTGGYT	2-SAGGAWGTGGYT	9.579840	-650.604420	0	T:632.0(17.48%),B:1317.7(2.92%),P:1e-282	Tpos:262.9,Tstd:167.5,Bpos:247.4,Bstd:144.9,StrandBias:0.1,Multiplicity:1.10
0.225	0.384	0.347	0.044
0.665	0.137	0.096	0.102
0.036	0.001	0.962	0.001
0.002	0.012	0.985	0.001
0.818	0.023	0.158	0.001
0.446	0.001	0.010	0.543
0.001	0.001	0.997	0.001
0.001	0.008	0.001	0.990
0.012	0.001	0.979	0.008
0.145	0.028	0.743	0.084
0.031	0.286	0.264	0.419
0.196	0.215	0.191	0.399
>RNACAGGAARYN	3-RNACAGGAARYN	7.309690	-564.905204	0	T:1519.0(42.02%),B:8128.9(18.01%),P:1e-245	Tpos:281.5,Tstd:191.5,Bpos:247.8,Bstd:144.7,StrandBias:-0.0,Multiplicity:1.32
0.361	0.191	0.260	0.188
0.311	0.286	0.226	0.177
0.725	0.047	0.159	0.069
0.056	0.670	0.221	0.053
0.880	0.055	0.021	0.044
0.041	0.003	0.909	0.047
0.051	0.055	0.844	0.050
0.898	0.043	0.024	0.035
0.819	0.040	0.025	0.116
0.404	0.038	0.529	0.029
0.073	0.377	0.110	0.440
0.238	0.229	0.318	0.214
>GAGGTGTGAAMM	4-GAGGTGTGAAMM	6.875603	-258.688110	0	T:1107.0(30.62%),B:7043.6(15.60%),P:1e-112	Tpos:278.5,Tstd:196.6,Bpos:245.5,Bstd:153.7,StrandBias:-0.1,Multiplicity:1.24
0.279	0.087	0.483	0.151
0.861	0.001	0.103	0.035
0.127	0.001	0.844	0.028
0.001	0.001	0.997	0.001
0.001	0.001	0.001	0.997
0.001	0.001	0.997	0.001
0.176	0.001	0.001	0.822
0.001	0.174	0.660	0.165
0.997	0.001	0.001	0.001
0.597	0.149	0.147	0.107
0.380	0.251	0.185	0.184
0.324	0.355	0.133	0.188
>DDVTGASTCAYN	5-DDVTGASTCAYN	7.437759	-184.077978	0	T:586.0(16.21%),B:3122.0(6.92%),P:1e-79	Tpos:296.7,Tstd:210.3,Bpos:247.3,Bstd:148.4,StrandBias:0.0,Multiplicity:1.12
0.268	0.183	0.339	0.210
0.220	0.144	0.351	0.285
0.294	0.366	0.305	0.035
0.033	0.001	0.001	0.965
0.001	0.001	0.997	0.001
0.997	0.001	0.001	0.001
0.001	0.427	0.526	0.046
0.001	0.001	0.001	0.997
0.001	0.997	0.001	0.001
0.997	0.001	0.001	0.001
0.082	0.385	0.164	0.370
0.303	0.232	0.204	0.261
>GVAGGGYGGGGC	6-GVAGGGYGGGGC	7.734585	-166.037349	0	T:1086.0(30.04%),B:8007.9(17.74%),P:1e-72	Tpos:297.2,Tstd:213.2,Bpos:247.9,Bstd:146.4,StrandBias:-0.1,Multiplicity:1.38
0.238	0.088	0.583	0.091
0.370	0.265	0.236	0.129
0.550	0.021	0.229	0.200
0.136	0.012	0.836	0.016
0.019	0.016	0.902	0.063
0.024	0.071	0.900	0.005
0.136	0.366	0.061	0.437
0.034	0.018	0.898	0.050
0.050	0.022	0.697	0.231
0.313	0.014	0.613	0.060
0.036	0.018	0.901	0.045
0.202	0.582	0.074	0.142
>GAAACCGAAACT	7-GAAACCGAAACT	8.679236	-93.854663	0	T:306.0(8.46%),B:1622.6(3.59%),P:1e-40	Tpos:267.0,Tstd:180.2,Bpos:242.1,Bstd:151.2,StrandBias:0.3,Multiplicity:1.09
0.127	0.015	0.804	0.054
0.923	0.016	0.033	0.028
0.926	0.001	0.072	0.001
0.920	0.016	0.063	0.001
0.082	0.781	0.112	0.025
0.120	0.519	0.052	0.309
0.147	0.148	0.625	0.080
0.881	0.038	0.049	0.032
0.983	0.015	0.001	0.001
0.849	0.004	0.066	0.081
0.061	0.767	0.124	0.048
0.157	0.246	0.024	0.573
>TGTCTTGCACAG	8-TGTCTTGCACAG	13.215377	-84.053829	0	T:21.0(0.58%),B:2.6(0.01%),P:1e-36	Tpos:175.1,Tstd:91.9,Bpos:312.6,Bstd:49.9,StrandBias:10.0,Multiplicity:1.00
0.001	0.001	0.001	0.997
0.001	0.001	0.997	0.001
0.001	0.001	0.035	0.963
0.035	0.963	0.001	0.001
0.001	0.001	0.001	0.997
0.001	0.001	0.001	0.997
0.001	0.001	0.997	0.001
0.001	0.997	0.001	0.001
0.997	0.001	0.001	0.001
0.001	0.997	0.001	0.001
0.997	0.001	0.001	0.001
0.001	0.001	0.997	0.001
>TAATAGACCGCA	9-TAATAGACCGCA	13.908317	-71.176022	0	T:16.0(0.44%),B:0.8(0.00%),P:1e-30	Tpos:170.8,Tstd:92.6,Bpos:84.0,Bstd:0.0,StrandBias:3.9,Multiplicity:1.00
0.186	0.001	0.001	0.812
0.997	0.001	0.001	0.001
0.997	0.001	0.001	0.001
0.001	0.001	0.001	0.997
0.997	0.001	0.001	0.001
0.001	0.001	0.997	0.001
0.997	0.001	0.001	0.001
0.001	0.997	0.001	0.001
0.083	0.751	0.083	0.083
0.001	0.001	0.997	0.001
0.001	0.997	0.001	0.001
0.997	0.001	0.001	0.001
>TGCCCTTGAACT	10-TGCCCTTGAACT	10.261868	-60.160675	0	T:16.0(0.44%),B:2.3(0.01%),P:1e-26	Tpos:266.9,Tstd:78.9,Bpos:142.0,Bstd:45.4,StrandBias:10.0,Multiplicity:1.00
0.125	0.113	0.094	0.668
0.114	0.089	0.688	0.109
0.138	0.666	0.100	0.096
0.118	0.693	0.086	0.103
0.111	0.650	0.114	0.125
0.124	0.125	0.106	0.645
0.128	0.094	0.089	0.689
0.138	0.098	0.629	0.135
0.677	0.116	0.097	0.110
0.660	0.110	0.121	0.109
0.096	0.680	0.122	0.102
0.098	0.138	0.100	0.664
>TCCAATCTACTC	11-TCCAATCTACTC	13.683004	-57.502800	0	T:20.0(0.55%),B:6.2(0.01%),P:1e-24	Tpos:299.3,Tstd:81.2,Bpos:355.4,Bstd:78.0,StrandBias:3.2,Multiplicity:1.00
0.001	0.001	0.001	0.997
0.419	0.579	0.001	0.001
0.001	0.997	0.001	0.001
0.997	0.001	0.001	0.001
0.997	0.001	0.001	0.001
0.001	0.001	0.001	0.997
0.001	0.997	0.001	0.001
0.001	0.160	0.001	0.838
0.997	0.001	0.001	0.001
0.001	0.997	0.001	0.001
0.001	0.419	0.001	0.579
0.001	0.997	0.001	0.001
>ATGTAGGCTGTG	12-ATGTAGGCTGTG	14.887683	-57.156286	0	T:19.0(0.53%),B:5.6(0.01%),P:1e-24	Tpos:215.6,Tstd:109.9,Bpos:319.9,Bstd:154.6,StrandBias:1.7,Multiplicity:1.11
0.997	0.001	0.001	0.001
0.001	0.001	0.001	0.997
0.001	0.001	0.997	0.001
0.001	0.001	0.001	0.997
0.997	0.001	0.001	0.001
0.001	0.001	0.997	0.001
0.001	0.001	0.997	0.001
0.180	0.818	0.001	0.001
0.001	0.001	0.001	0.997
0.001	0.001	0.997	0.001
0.001	0.001	0.001	0.997
0.001	0.001	0.997	0.001
>AAGCCTTGCAGG	13-AAGCCTTGCAGG	13.772264	-55.397300	0	T:21.0(0.58%),B:8.6(0.02%),P:1e-24	Tpos:386.1,Tstd:73.6,Bpos:310.4,Bstd:145.9,StrandBias:4.3,Multiplicity:1.00
0.997	0.001	0.001	0.001
0.997	0.001	0.001	0.001
0.001	0.001	0.997	0.001
0.001	0.939	0.001	0.059
0.001	0.997	0.001	0.001
0.001	0.001	0.001	0.997
0.001	0.001	0.001	0.997
0.001	0.001	0.997	0.001
0.001	0.997	0.001	0.001
0.997	0.001	0.001	0.001
0.001	0.001	0.997	0.001
0.001	0.001	0.997	0.001
>TTCTGACAYACT	14-TTCTGACAYACT	12.948058	-53.767780	0	T:19.0(0.53%),B:6.9(0.02%),P:1e-23	Tpos:197.1,Tstd:196.5,Bpos:235.8,Bstd:122.9,StrandBias:2.9,Multiplicity:1.00
0.046	0.093	0.094	0.767
0.040	0.108	0.068	0.784
0.092	0.765	0.052	0.091
0.063	0.023	0.023	0.891
0.068	0.068	0.796	0.068
0.917	0.060	0.022	0.001
0.046	0.545	0.045	0.364
0.817	0.023	0.092	0.068
0.024	0.388	0.069	0.519
0.766	0.064	0.046	0.124
0.052	0.823	0.080	0.045
0.092	0.002	0.046	0.860
>CAGATGTCAGGC	15-CAGATGTCAGGC	12.355432	-53.290588	0	T:18.0(0.50%),B:6.0(0.01%),P:1e-23	Tpos:244.9,Tstd:113.5,Bpos:284.9,Bstd:193.1,StrandBias:4.1,Multiplicity:1.00
0.100	0.700	0.100	0.100
0.700	0.100	0.100	0.100
0.100	0.100	0.700	0.100
0.700	0.100	0.100	0.100
0.100	0.100	0.100	0.700
0.100	0.100	0.700	0.100
0.100	0.100	0.100	0.700
0.100	0.700	0.100	0.100
0.700	0.100	0.100	0.100
0.100	0.100	0.700	0.100
0.100	0.100	0.700	0.100
0.100	0.700	0.100	0.100
>AGTCAATGTGGC	16-AGTCAATGTGGC	13.465029	-52.999761	0	T:21.0(0.58%),B:9.8(0.02%),P:1e-23	Tpos:202.0,Tstd:94.7,Bpos:304.2,Bstd:75.7,StrandBias:4.3,Multiplicity:1.00
0.997	0.001	0.001	0.001
0.001	0.001	0.997	0.001
0.001	0.057	0.001	0.941
0.001	0.997	0.001	0.001
0.997	0.001	0.001	0.001
0.759	0.001	0.182	0.058
0.001	0.001	0.001	0.997
0.001	0.001	0.997	0.001
0.001	0.001	0.001	0.997
0.001	0.001	0.997	0.001
0.001	0.001	0.997	0.001
0.001	0.997	0.001	0.001
>CTGCTTCACCCA	17-CTGCTTCACCCA	13.427968	-44.364372	0	T:19.0(0.53%),B:10.5(0.02%),P:1e-19	Tpos:337.8,Tstd:72.3,Bpos:238.1,Bstd:179.5,StrandBias:10.0,Multiplicity:1.00
0.001	0.951	0.001	0.047
0.001	0.001	0.001	0.997
0.001	0.001	0.997	0.001
0.001	0.997	0.001	0.001
0.001	0.001	0.001	0.997
0.001	0.001	0.001	0.997
0.001	0.887	0.001	0.111
0.997	0.001	0.001	0.001
0.001	0.997	0.001	0.001
0.001	0.997	0.001	0.001
0.001	0.997	0.001	0.001
0.997	0.001	0.001	0.001
>TTCACTGAAGCC	18-TTCACTGAAGCC	12.355432	-33.424362	0	T:11.0(0.30%),B:3.9(0.01%),P:1e-14	Tpos:405.6,Tstd:82.0,Bpos:164.3,Bstd:47.8,StrandBias:10.0,Multiplicity:1.00
0.100	0.100	0.100	0.700
0.100	0.100	0.100	0.700
0.100	0.700	0.100	0.100
0.700	0.100	0.100	0.100
0.100	0.700	0.100	0.100
0.100	0.100	0.100	0.700
0.100	0.100	0.700	0.100
0.700	0.100	0.100	0.100
0.700	0.100	0.100	0.100
0.100	0.100	0.700	0.100
0.100	0.700	0.100	0.100
0.100	0.700	0.100	0.100
>CCTGTCCAGGCC	19-CCTGTCCAGGCC	12.355432	-25.862417	0	T:9.0(0.25%),B:3.5(0.01%),P:1e-11	Tpos:309.8,Tstd:92.2,Bpos:254.7,Bstd:112.5,StrandBias:10.0,Multiplicity:1.00
0.100	0.700	0.100	0.100
0.100	0.700	0.100	0.100
0.100	0.100	0.100	0.700
0.100	0.100	0.700	0.100
0.100	0.100	0.100	0.700
0.100	0.700	0.100	0.100
0.100	0.700	0.100	0.100
0.700	0.100	0.100	0.100
0.100	0.100	0.700	0.100
0.100	0.100	0.700	0.100
0.100	0.700	0.100	0.100
0.100	0.700	0.100	0.100
>CATAGGTCATTC	20-CATAGGTCATTC	13.963336	-13.342595	0	T:4.0(0.11%),B:1.9(0.00%),P:1e-5	Tpos:190.7,Tstd:111.4,Bpos:305.9,Bstd:125.7,StrandBias:10.0,Multiplicity:3.00
0.001	0.997	0.001	0.001
0.997	0.001	0.001	0.001
0.001	0.001	0.001	0.997
0.997	0.001	0.001	0.001
0.001	0.001	0.997	0.001
0.001	0.001	0.997	0.001
0.276	0.001	0.001	0.722
0.001	0.997	0.001	0.001
0.997	0.001	0.001	0.001
0.001	0.001	0.001	0.997
0.001	0.258	0.001	0.740
0.001	0.997	0.001	0.001
>GTGGCTTGTCGA	21-GTGGCTTGTCGA	14.030777	-10.633741	0	T:4.0(0.11%),B:2.9(0.01%),P:1e-4	Tpos:231.7,Tstd:84.7,Bpos:122.5,Bstd:133.0,StrandBias:-1.4,Multiplicity:2.75
0.001	0.001	0.997	0.001
0.001	0.001	0.001	0.997
0.001	0.001	0.997	0.001
0.001	0.001	0.722	0.276
0.001	0.997	0.001	0.001
0.001	0.001	0.001	0.997
0.001	0.001	0.001	0.997
0.001	0.001	0.997	0.001
0.001	0.001	0.001	0.997
0.276	0.722	0.001	0.001
0.001	0.001	0.997	0.001
0.997	0.001	0.001	0.001
>TGTCAGTCAGGC	22-TGTCAGTCAGGC	12.355432	-6.249921	0	T:3.0(0.08%),B:3.6(0.01%),P:1e-2	Tpos:339.3,Tstd:112.8,Bpos:369.6,Bstd:50.6,StrandBias:-3.6,Multiplicity:4.33
0.100	0.100	0.100	0.700
0.100	0.100	0.700	0.100
0.100	0.100	0.100	0.700
0.100	0.700	0.100	0.100
0.700	0.100	0.100	0.100
0.100	0.100	0.700	0.100
0.100	0.100	0.100	0.700
0.100	0.700	0.100	0.100
0.700	0.100	0.100	0.100
0.100	0.100	0.700	0.100
0.100	0.100	0.700	0.100
0.100	0.700	0.100	0.100
>GATGTGTTAGAG	23-GATGTGTTAGAG	12.355432	-5.446027	0	T:3.0(0.08%),B:5.0(0.01%),P:1e-2	Tpos:389.0,Tstd:126.1,Bpos:368.6,Bstd:60.2,StrandBias:4.6,Multiplicity:8.33
0.100	0.100	0.700	0.100
0.700	0.100	0.100	0.100
0.100	0.100	0.100	0.700
0.100	0.100	0.700	0.100
0.100	0.100	0.100	0.700
0.100	0.100	0.700	0.100
0.100	0.100	0.100	0.700
0.100	0.100	0.100	0.700
0.700	0.100	0.100	0.100
0.100	0.100	0.700	0.100
0.700	0.100	0.100	0.100
0.100	0.100	0.700	0.100
>GCCTACAGTGAT	24-GCCTACAGTGAT	14.172063	-4.462614	0	T:2.0(0.06%),B:2.3(0.01%),P:1e-1	Tpos:153.6,Tstd:69.9,Bpos:289.1,Bstd:83.8,StrandBias:10.0,Multiplicity:4.50
0.088	0.001	0.910	0.001
0.001	0.997	0.001	0.001
0.001	0.997	0.001	0.001
0.001	0.001	0.001	0.997
0.997	0.001	0.001	0.001
0.001	0.997	0.001	0.001
0.997	0.001	0.001	0.001
0.001	0.001	0.997	0.001
0.001	0.001	0.001	0.997
0.001	0.001	0.997	0.001
0.997	0.001	0.001	0.001
0.001	0.001	0.001	0.997
>TGTGGAGGACCT	25-TGTGGAGGACCT	12.355432	-2.215678	0	T:2.0(0.06%),B:7.4(0.02%),P:1e0	Tpos:241.2,Tstd:155.0,Bpos:188.9,Bstd:125.2,StrandBias:-3.9,Multiplicity:8.00
0.100	0.100	0.100	0.700
0.100	0.100	0.700	0.100
0.100	0.100	0.100	0.700
0.100	0.100	0.700	0.100
0.100	0.100	0.700	0.100
0.700	0.100	0.100	0.100
0.100	0.100	0.700	0.100
0.100	0.100	0.700	0.100
0.700	0.100	0.100	0.100
0.100	0.700	0.100	0.100
0.100	0.700	0.100	0.100
0.100	0.100	0.100	0.700
>TGTGGTTA	1-TGTGGTTA	5.509954	-691.960770	0	T:2299.0(63.60%),B:15056.1(33.35%),P:1e-300	Tpos:279.9,Tstd:190.9,Bpos:245.3,Bstd:156.0,StrandBias:-0.0,Multiplicity:1.68
0.037	0.013	0.001	0.949
0.006	0.001	0.992	0.001
0.017	0.006	0.001	0.976
0.001	0.001	0.997	0.001
0.001	0.001	0.997	0.001
0.001	0.026	0.001	0.972
0.065	0.086	0.052	0.797
0.499	0.046	0.150	0.306
>AGGAAGTG	2-AGGAAGTG	6.144150	-527.931777	0	T:1346.0(37.23%),B:6856.1(15.19%),P:1e-229	Tpos:281.1,Tstd:185.0,Bpos:246.2,Bstd:144.8,StrandBias:0.0,Multiplicity:1.20
0.973	0.025	0.001	0.001
0.001	0.001	0.997	0.001
0.001	0.001	0.997	0.001
0.997	0.001	0.001	0.001
0.634	0.001	0.001	0.364
0.144	0.001	0.854	0.001
0.001	0.001	0.001	0.997
0.001	0.072	0.926	0.001
>CTTCCGGY	3-CTTCCGGY	7.633102	-443.910734	0	T:1479.0(40.91%),B:8761.9(19.41%),P:1e-192	Tpos:275.0,Tstd:193.9,Bpos:246.6,Bstd:148.2,StrandBias:-0.0,Multiplicity:1.33
0.001	0.604	0.001	0.394
0.050	0.001	0.001	0.948
0.001	0.001	0.001	0.997
0.001	0.997	0.001	0.001
0.001	0.997	0.001	0.001
0.001	0.001	0.699	0.299
0.064	0.191	0.744	0.001
0.122	0.461	0.001	0.416
>TGCGGTTT	4-TGCGGTTT	5.620003	-423.381587	0	T:1707.0(47.22%),B:11241.0(24.90%),P:1e-183	Tpos:278.1,Tstd:189.3,Bpos:244.9,Bstd:154.6,StrandBias:-0.2,Multiplicity:1.23
0.091	0.084	0.150	0.675
0.113	0.060	0.615	0.212
0.057	0.620	0.079	0.244
0.085	0.046	0.847	0.022
0.033	0.040	0.869	0.058
0.010	0.042	0.135	0.813
0.060	0.077	0.043	0.820
0.150	0.025	0.080	0.745
>AGGTGTGA	5-AGGTGTGA	6.591294	-231.067333	0	T:1061.0(29.35%),B:6913.9(15.32%),P:1e-100	Tpos:280.3,Tstd:195.8,Bpos:247.2,Bstd:154.3,StrandBias:-0.1,Multiplicity:1.23
0.842	0.001	0.156	0.001
0.080	0.001	0.918	0.001
0.001	0.001	0.997	0.001
0.001	0.038	0.001	0.960
0.001	0.001	0.997	0.001
0.081	0.001	0.001	0.917
0.030	0.089	0.724	0.157
0.997	0.001	0.001	0.001
>YMACACCY	6-YMACACCY	6.895615	-189.364014	0	T:1356.0(37.51%),B:10472.9(23.20%),P:1e-82	Tpos:287.6,Tstd:196.1,Bpos:248.8,Bstd:157.9,StrandBias:0.1,Multiplicity:1.15
0.111	0.355	0.076	0.458
0.427	0.535	0.002	0.036
0.867	0.016	0.001	0.116
0.002	0.996	0.001	0.001
0.840	0.001	0.158	0.001
0.001	0.997	0.001	0.001
0.001	0.907	0.001	0.091
0.146	0.387	0.080	0.386
>TGAGTCAT	7-TGAGTCAT	6.956302	-187.222591	0	T:777.0(21.49%),B:4751.8(10.53%),P:1e-81	Tpos:292.0,Tstd:205.4,Bpos:245.8,Bstd:149.1,StrandBias:-0.0,Multiplicity:1.18
0.012	0.009	0.001	0.978
0.001	0.001	0.959	0.039
0.934	0.004	0.001	0.061
0.031	0.248	0.702	0.019
0.001	0.001	0.001	0.997
0.009	0.989	0.001	0.001
0.997	0.001	0.001	0.001
0.075	0.164	0.101	0.660
>TGTGGGTA	8-TGTGGGTA	7.651553	-167.665493	0	T:1213.0(33.55%),B:9297.7(20.60%),P:1e-72	Tpos:282.3,Tstd:207.2,Bpos:245.0,Bstd:153.7,StrandBias:0.2,Multiplicity:1.14
0.001	0.001	0.001	0.997
0.001	0.001	0.997	0.001
0.001	0.234	0.001	0.764
0.066	0.001	0.932	0.001
0.001	0.001	0.997	0.001
0.001	0.409	0.589	0.001
0.001	0.316	0.105	0.578
0.646	0.001	0.001	0.352
>YTTCCGSV	9-YTTCCGSV	5.374398	-109.379710	0	T:1160.0(32.09%),B:9762.1(21.62%),P:1e-47	Tpos:283.5,Tstd:190.2,Bpos:248.0,Bstd:148.9,StrandBias:-0.0,Multiplicity:1.18
0.040	0.518	0.066	0.376
0.071	0.001	0.001	0.927
0.121	0.001	0.052	0.826
0.001	0.979	0.016	0.004
0.001	0.957	0.001	0.041
0.001	0.001	0.916	0.082
0.201	0.254	0.396	0.149
0.260	0.230	0.333	0.177
>TTTATCAC	10-TTTATCAC	6.428789	-98.352926	0	T:988.0(27.33%),B:8131.3(18.01%),P:1e-42	Tpos:280.1,Tstd:210.4,Bpos:247.4,Bstd:152.4,StrandBias:-0.0,Multiplicity:1.17
0.160	0.181	0.081	0.578
0.001	0.001	0.131	0.867
0.089	0.001	0.001	0.909
0.435	0.281	0.128	0.156
0.210	0.094	0.164	0.532
0.182	0.816	0.001	0.001
0.808	0.001	0.190	0.001
0.001	0.900	0.001	0.098
>ACCGGATG	11-ACCGGATG	7.392353	-92.045062	0	T:381.0(10.54%),B:2268.3(5.02%),P:1e-39	Tpos:278.4,Tstd:185.3,Bpos:249.8,Bstd:147.4,StrandBias:-0.0,Multiplicity:1.07
0.672	0.068	0.184	0.076
0.164	0.699	0.087	0.050
0.140	0.858	0.001	0.001
0.001	0.152	0.846	0.001
0.001	0.053	0.945	0.001
0.997	0.001	0.001	0.001
0.001	0.131	0.001	0.867
0.045	0.061	0.879	0.015
>GCCCCGCC	12-GCCCCGCC	5.712103	-86.011017	0	T:1477.0(40.86%),B:13874.6(30.73%),P:1e-37	Tpos:290.3,Tstd:199.9,Bpos:245.7,Bstd:151.1,StrandBias:0.1,Multiplicity:1.80
0.062	0.001	0.911	0.026
0.001	0.908	0.071	0.020
0.001	0.906	0.001	0.092
0.033	0.883	0.021	0.063
0.001	0.952	0.001	0.046
0.206	0.001	0.719	0.074
0.001	0.978	0.020	0.001
0.001	0.997	0.001	0.001
>TGTGGCTG	13-TGTGGCTG	8.840489	-83.329878	0	T:696.0(19.25%),B:5379.1(11.92%),P:1e-36	Tpos:274.2,Tstd:198.5,Bpos:244.8,Bstd:159.1,StrandBias:-0.2,Multiplicity:1.12
0.001	0.001	0.001	0.997
0.001	0.001	0.997	0.001
0.001	0.001	0.001	0.997
0.001	0.001	0.997	0.001
0.001	0.001	0.997	0.001
0.001	0.807	0.191	0.001
0.133	0.001	0.001	0.865
0.001	0.001	0.997	0.001
>TTTCCGTT	14-TTTCCGTT	6.748687	-74.623330	0	T:530.0(14.66%),B:3876.7(8.59%),P:1e-32	Tpos:283.1,Tstd:204.7,Bpos:250.5,Bstd:150.4,StrandBias:0.0,Multiplicity:1.08
0.051	0.095	0.074	0.780
0.033	0.027	0.063	0.877
0.044	0.003	0.076	0.877
0.063	0.833	0.027	0.077
0.232	0.588	0.123	0.057
0.057	0.073	0.794	0.076
0.077	0.156	0.086	0.681
0.026	0.059	0.070	0.845
>CTYCCTCC	15-CTYCCTCC	7.604870	-64.405242	0	T:1506.0(41.66%),B:14828.7(32.85%),P:1e-27	Tpos:289.2,Tstd:207.6,Bpos:247.4,Bstd:140.0,StrandBias:-0.1,Multiplicity:1.47
0.001	0.863	0.001	0.135
0.001	0.262	0.001	0.736
0.001	0.551	0.001	0.447
0.001	0.997	0.001	0.001
0.001	0.997	0.001	0.001
0.001	0.327	0.001	0.671
0.001	0.997	0.001	0.001
0.001	0.665	0.001	0.333
>TCCGCCCT	16-TCCGCCCT	4.660187	-64.007920	0	T:522.0(14.44%),B:3976.1(8.81%),P:1e-27	Tpos:312.0,Tstd:217.0,Bpos:245.4,Bstd:156.8,StrandBias:0.1,Multiplicity:1.22
0.001	0.162	0.001	0.836
0.301	0.697	0.001	0.001
0.001	0.997	0.001	0.001
0.001	0.001	0.997	0.001
0.001	0.997	0.001	0.001
0.001	0.997	0.001	0.001
0.001	0.858	0.001	0.140
0.039	0.001	0.001	0.959
>RCCAATCR	17-RCCAATCR	7.652530	-43.387086	0	T:251.0(6.94%),B:1702.2(3.77%),P:1e-18	Tpos:286.5,Tstd:184.8,Bpos:242.8,Bstd:146.1,StrandBias:0.1,Multiplicity:1.17
0.513	0.001	0.480	0.006
0.001	0.892	0.001	0.106
0.001	0.997	0.001	0.001
0.710	0.001	0.001	0.288
0.997	0.001	0.001	0.001
0.001	0.224	0.001	0.774
0.146	0.686	0.001	0.167
0.462	0.001	0.536	0.001
>TGACGTCA	18-TGACGTCA	6.363729	-43.199871	0	T:591.0(16.35%),B:5122.3(11.35%),P:1e-18	Tpos:278.2,Tstd:185.0,Bpos:245.5,Bstd:153.3,StrandBias:0.1,Multiplicity:1.09
0.038	0.021	0.021	0.920
0.156	0.058	0.682	0.104
0.915	0.001	0.001	0.083
0.001	0.997	0.001	0.001
0.084	0.140	0.775	0.001
0.001	0.001	0.030	0.968
0.001	0.997	0.001	0.001
0.997	0.001	0.001	0.001
>CACCTCAG	19-CACCTCAG	10.782242	-42.959945	0	T:224.0(6.20%),B:1462.9(3.24%),P:1e-18	Tpos:300.1,Tstd:210.2,Bpos:243.5,Bstd:159.8,StrandBias:-0.5,Multiplicity:1.06
0.001	0.997	0.001	0.001
0.997	0.001	0.001	0.001
0.001	0.997	0.001	0.001
0.138	0.860	0.001	0.001
0.001	0.001	0.001	0.997
0.001	0.997	0.001	0.001
0.997	0.001	0.001	0.001
0.128	0.001	0.870	0.001
>TTCTGAAA	20-TTCTGAAA	7.792332	-39.511589	0	T:820.0(22.68%),B:7727.9(17.12%),P:1e-17	Tpos:289.2,Tstd:210.2,Bpos:247.2,Bstd:148.8,StrandBias:-0.1,Multiplicity:1.15
0.250	0.001	0.001	0.748
0.001	0.001	0.001	0.997
0.001	0.708	0.136	0.155
0.013	0.001	0.001	0.985
0.139	0.001	0.859	0.001
0.997	0.001	0.001	0.001
0.561	0.189	0.249	0.001
0.997	0.001	0.001	0.001
>ATTGGGCG	21-ATTGGGCG	8.351222	-33.348771	0	T:56.0(1.55%),B:199.0(0.44%),P:1e-14	Tpos:271.5,Tstd:168.6,Bpos:245.7,Bstd:143.8,StrandBias:-0.1,Multiplicity:1.13
0.997	0.001	0.001	0.001
0.001	0.001	0.001	0.997
0.001	0.001	0.001	0.997
0.001	0.001	0.997	0.001
0.001	0.001	0.997	0.001
0.066	0.001	0.709	0.224
0.001	0.997	0.001	0.001
0.001	0.001	0.997	0.001
>CGCGTCAT	22-CGCGTCAT	7.180167	-24.101061	0	T:159.0(4.40%),B:1135.0(2.51%),P:1e-10	Tpos:286.4,Tstd:196.8,Bpos:247.0,Bstd:153.6,StrandBias:-0.1,Multiplicity:1.06
0.001	0.965	0.001	0.033
0.173	0.078	0.748	0.001
0.087	0.723	0.001	0.189
0.055	0.001	0.902	0.042
0.001	0.108	0.001	0.890
0.022	0.962	0.015	0.001
0.912	0.086	0.001	0.001
0.012	0.001	0.093	0.894
>CGTAACTG	23-CGTAACTG	6.887176	-24.021252	0	T:272.0(7.52%),B:2252.2(4.99%),P:1e-10	Tpos:296.4,Tstd:212.0,Bpos:248.1,Bstd:150.9,StrandBias:0.2,Multiplicity:1.04
0.001	0.997	0.001	0.001
0.001	0.001	0.842	0.156
0.001	0.001	0.407	0.591
0.881	0.117	0.001	0.001
0.822	0.001	0.128	0.049
0.399	0.549	0.001	0.051
0.001	0.152	0.018	0.829
0.028	0.227	0.686	0.059
>CTTTACAG	24-CTTTACAG	10.044889	-19.110095	0	T:125.0(3.46%),B:895.6(1.98%),P:1e-8	Tpos:262.9,Tstd:182.1,Bpos:243.2,Bstd:150.3,StrandBias:-0.3,Multiplicity:1.03
0.001	0.997	0.001	0.001
0.001	0.001	0.001	0.997
0.001	0.001	0.001	0.997
0.001	0.001	0.001	0.997
0.997	0.001	0.001	0.001
0.001	0.997	0.001	0.001
0.639	0.359	0.001	0.001
0.001	0.001	0.997	0.001
>TAGCAGAG	25-TAGCAGAG	8.236954	-14.196718	0	T:107.0(2.96%),B:807.6(1.79%),P:1e-6	Tpos:272.1,Tstd:202.6,Bpos:247.4,Bstd:150.6,StrandBias:0.1,Multiplicity:1.03
0.100	0.100	0.100	0.700
0.700	0.100	0.100	0.100
0.100	0.100	0.700	0.100
0.100	0.700	0.100	0.100
0.700	0.100	0.100	0.100
0.100	0.100	0.700	0.100
0.700	0.100	0.100	0.100
0.100	0.100	0.700	0.100
