>WAACCACARNNH	1-WAACCACARNNH	7.728697	-759.693056	0	T:1631.0(45.12%),B:7773.6(17.22%),P:1e-329	Tpos:276.9,Tstd:184.9,Bpos:246.3,Bstd:154.6,StrandBias:0.0,Multiplicity:1.34
0.421	0.191	0.074	0.314
0.689	0.085	0.196	0.030
0.646	0.151	0.202	0.001
0.001	0.997	0.001	0.001
0.001	0.997	0.001	0.001
0.881	0.001	0.001	0.117
0.001	0.997	0.001	0.001
0.997	0.001	0.001	0.001
0.357	0.125	0.404	0.115
0.277	0.260	0.266	0.197
0.218	0.310	0.247	0.226
0.311	0.287	0.150	0.252
>SAGGAWGTGGYT	2-SAGGAWGTGGYT	9.579840	-650.604420	0	T:632.0(17.48%),B:1317.7(2.92%),P:1e-282	Tpos:262.9,Tstd:167.5,Bpos:247.4,Bstd:144.9,StrandBias:0.1,Multiplicity:1.10
0.225	0.384	0.347	0.044
0.665	0.137	0.096	0.102
0.036	0.001	0.962	0.001
0.002	0.012	0.985	0.001
0.818	0.023	0.158	0.001
0.446	0.001	0.010	0.543
0.001	0.001	0.997	0.001
0.001	0.008	0.001	0.990
0.012	0.001	0.979	0.008
0.145	0.028	0.743	0.084
0.031	0.286	0.264	0.419
0.196	0.215	0.191	0.399
>RNACAGGAARYN	3-RNACAGGAARYN	7.309690	-564.905204	0	T:1519.0(42.02%),B:8128.9(18.01%),P:1e-245	Tpos:281.5,Tstd:191.5,Bpos:247.8,Bstd:144.7,StrandBias:-0.0,Multiplicity:1.32
0.361	0.191	0.260	0.188
0.311	0.286	0.226	0.177
0.725	0.047	0.159	0.069
0.056	0.670	0.221	0.053
0.880	0.055	0.021	0.044
0.041	0.003	0.909	0.047
0.051	0.055	0.844	0.050
0.898	0.043	0.024	0.035
0.819	0.040	0.025	0.116
0.404	0.038	0.529	0.029
0.073	0.377	0.110	0.440
0.238	0.229	0.318	0.214
>GAGGTGTGAAMM	4-GAGGTGTGAAMM	6.875603	-258.688110	0	T:1107.0(30.62%),B:7043.6(15.60%),P:1e-112	Tpos:278.5,Tstd:196.6,Bpos:245.5,Bstd:153.7,StrandBias:-0.1,Multiplicity:1.24
0.279	0.087	0.483	0.151
0.861	0.001	0.103	0.035
0.127	0.001	0.844	0.028
0.001	0.001	0.997	0.001
0.001	0.001	0.001	0.997
0.001	0.001	0.997	0.001
0.176	0.001	0.001	0.822
0.001	0.174	0.660	0.165
0.997	0.001	0.001	0.001
0.597	0.149	0.147	0.107
0.380	0.251	0.185	0.184
0.324	0.355	0.133	0.188
>DDVTGASTCAYN	5-DDVTGASTCAYN	7.437759	-184.077978	0	T:586.0(16.21%),B:3122.0(6.92%),P:1e-79	Tpos:296.7,Tstd:210.3,Bpos:247.3,Bstd:148.4,StrandBias:0.0,Multiplicity:1.12
0.268	0.183	0.339	0.210
0.220	0.144	0.351	0.285
0.294	0.366	0.305	0.035
0.033	0.001	0.001	0.965
0.001	0.001	0.997	0.001
0.997	0.001	0.001	0.001
0.001	0.427	0.526	0.046
0.001	0.001	0.001	0.997
0.001	0.997	0.001	0.001
0.997	0.001	0.001	0.001
0.082	0.385	0.164	0.370
0.303	0.232	0.204	0.261
>GVAGGGYGGGGC	6-GVAGGGYGGGGC	7.734585	-166.037349	0	T:1086.0(30.04%),B:8007.9(17.74%),P:1e-72	Tpos:297.2,Tstd:213.2,Bpos:247.9,Bstd:146.4,StrandBias:-0.1,Multiplicity:1.38
0.238	0.088	0.583	0.091
0.370	0.265	0.236	0.129
0.550	0.021	0.229	0.200
0.136	0.012	0.836	0.016
0.019	0.016	0.902	0.063
0.024	0.071	0.900	0.005
0.136	0.366	0.061	0.437
0.034	0.018	0.898	0.050
0.050	0.022	0.697	0.231
0.313	0.014	0.613	0.060
0.036	0.018	0.901	0.045
0.202	0.582	0.074	0.142
>GAAACCGAAACT	7-GAAACCGAAACT	8.679236	-93.854663	0	T:306.0(8.46%),B:1622.6(3.59%),P:1e-40	Tpos:267.0,Tstd:180.2,Bpos:242.1,Bstd:151.2,StrandBias:0.3,Multiplicity:1.09
0.127	0.015	0.804	0.054
0.923	0.016	0.033	0.028
0.926	0.001	0.072	0.001
0.920	0.016	0.063	0.001
0.082	0.781	0.112	0.025
0.120	0.519	0.052	0.309
0.147	0.148	0.625	0.080
0.881	0.038	0.049	0.032
0.983	0.015	0.001	0.001
0.849	0.004	0.066	0.081
0.061	0.767	0.124	0.048
0.157	0.246	0.024	0.573
>TGTCTTGCACAG	8-TGTCTTGCACAG	13.215377	-84.053829	0	T:21.0(0.58%),B:2.6(0.01%),P:1e-36	Tpos:175.1,Tstd:91.9,Bpos:312.6,Bstd:49.9,StrandBias:10.0,Multiplicity:1.00
0.001	0.001	0.001	0.997
0.001	0.001	0.997	0.001
0.001	0.001	0.035	0.963
0.035	0.963	0.001	0.001
0.001	0.001	0.001	0.997
0.001	0.001	0.001	0.997
0.001	0.001	0.997	0.001
0.001	0.997	0.001	0.001
0.997	0.001	0.001	0.001
0.001	0.997	0.001	0.001
0.997	0.001	0.001	0.001
0.001	0.001	0.997	0.001
>TAATAGACCGCA	9-TAATAGACCGCA	13.908317	-71.176022	0	T:16.0(0.44%),B:0.8(0.00%),P:1e-30	Tpos:170.8,Tstd:92.6,Bpos:84.0,Bstd:0.0,StrandBias:3.9,Multiplicity:1.00
0.186	0.001	0.001	0.812
0.997	0.001	0.001	0.001
0.997	0.001	0.001	0.001
0.001	0.001	0.001	0.997
0.997	0.001	0.001	0.001
0.001	0.001	0.997	0.001
0.997	0.001	0.001	0.001
0.001	0.997	0.001	0.001
0.083	0.751	0.083	0.083
0.001	0.001	0.997	0.001
0.001	0.997	0.001	0.001
0.997	0.001	0.001	0.001
>TGCCCTTGAACT	10-TGCCCTTGAACT	10.261868	-60.160675	0	T:16.0(0.44%),B:2.3(0.01%),P:1e-26	Tpos:266.9,Tstd:78.9,Bpos:142.0,Bstd:45.4,StrandBias:10.0,Multiplicity:1.00
0.125	0.113	0.094	0.668
0.114	0.089	0.688	0.109
0.138	0.666	0.100	0.096
0.118	0.693	0.086	0.103
0.111	0.650	0.114	0.125
0.124	0.125	0.106	0.645
0.128	0.094	0.089	0.689
0.138	0.098	0.629	0.135
0.677	0.116	0.097	0.110
0.660	0.110	0.121	0.109
0.096	0.680	0.122	0.102
0.098	0.138	0.100	0.664
>TCCAATCTACTC	11-TCCAATCTACTC	13.683004	-57.502800	0	T:20.0(0.55%),B:6.2(0.01%),P:1e-24	Tpos:299.3,Tstd:81.2,Bpos:355.4,Bstd:78.0,StrandBias:3.2,Multiplicity:1.00
0.001	0.001	0.001	0.997
0.419	0.579	0.001	0.001
0.001	0.997	0.001	0.001
0.997	0.001	0.001	0.001
0.997	0.001	0.001	0.001
0.001	0.001	0.001	0.997
0.001	0.997	0.001	0.001
0.001	0.160	0.001	0.838
0.997	0.001	0.001	0.001
0.001	0.997	0.001	0.001
0.001	0.419	0.001	0.579
0.001	0.997	0.001	0.001
>ATGTAGGCTGTG	12-ATGTAGGCTGTG	14.887683	-57.156286	0	T:19.0(0.53%),B:5.6(0.01%),P:1e-24	Tpos:215.6,Tstd:109.9,Bpos:319.9,Bstd:154.6,StrandBias:1.7,Multiplicity:1.11
0.997	0.001	0.001	0.001
0.001	0.001	0.001	0.997
0.001	0.001	0.997	0.001
0.001	0.001	0.001	0.997
0.997	0.001	0.001	0.001
0.001	0.001	0.997	0.001
0.001	0.001	0.997	0.001
0.180	0.818	0.001	0.001
0.001	0.001	0.001	0.997
0.001	0.001	0.997	0.001
0.001	0.001	0.001	0.997
0.001	0.001	0.997	0.001
>AAGCCTTGCAGG	13-AAGCCTTGCAGG	13.772264	-55.397300	0	T:21.0(0.58%),B:8.6(0.02%),P:1e-24	Tpos:386.1,Tstd:73.6,Bpos:310.4,Bstd:145.9,StrandBias:4.3,Multiplicity:1.00
0.997	0.001	0.001	0.001
0.997	0.001	0.001	0.001
0.001	0.001	0.997	0.001
0.001	0.939	0.001	0.059
0.001	0.997	0.001	0.001
0.001	0.001	0.001	0.997
0.001	0.001	0.001	0.997
0.001	0.001	0.997	0.001
0.001	0.997	0.001	0.001
0.997	0.001	0.001	0.001
0.001	0.001	0.997	0.001
0.001	0.001	0.997	0.001
>TTCTGACAYACT	14-TTCTGACAYACT	12.948058	-53.767780	0	T:19.0(0.53%),B:6.9(0.02%),P:1e-23	Tpos:197.1,Tstd:196.5,Bpos:235.8,Bstd:122.9,StrandBias:2.9,Multiplicity:1.00
0.046	0.093	0.094	0.767
0.040	0.108	0.068	0.784
0.092	0.765	0.052	0.091
0.063	0.023	0.023	0.891
0.068	0.068	0.796	0.068
0.917	0.060	0.022	0.001
0.046	0.545	0.045	0.364
0.817	0.023	0.092	0.068
0.024	0.388	0.069	0.519
0.766	0.064	0.046	0.124
0.052	0.823	0.080	0.045
0.092	0.002	0.046	0.860
>CAGATGTCAGGC	15-CAGATGTCAGGC	12.355432	-53.290588	0	T:18.0(0.50%),B:6.0(0.01%),P:1e-23	Tpos:244.9,Tstd:113.5,Bpos:284.9,Bstd:193.1,StrandBias:4.1,Multiplicity:1.00
0.100	0.700	0.100	0.100
0.700	0.100	0.100	0.100
0.100	0.100	0.700	0.100
0.700	0.100	0.100	0.100
0.100	0.100	0.100	0.700
0.100	0.100	0.700	0.100
0.100	0.100	0.100	0.700
0.100	0.700	0.100	0.100
0.700	0.100	0.100	0.100
0.100	0.100	0.700	0.100
0.100	0.100	0.700	0.100
0.100	0.700	0.100	0.100
>AGTCAATGTGGC	16-AGTCAATGTGGC	13.465029	-52.999761	0	T:21.0(0.58%),B:9.8(0.02%),P:1e-23	Tpos:202.0,Tstd:94.7,Bpos:304.2,Bstd:75.7,StrandBias:4.3,Multiplicity:1.00
0.997	0.001	0.001	0.001
0.001	0.001	0.997	0.001
0.001	0.057	0.001	0.941
0.001	0.997	0.001	0.001
0.997	0.001	0.001	0.001
0.759	0.001	0.182	0.058
0.001	0.001	0.001	0.997
0.001	0.001	0.997	0.001
0.001	0.001	0.001	0.997
0.001	0.001	0.997	0.001
0.001	0.001	0.997	0.001
0.001	0.997	0.001	0.001
>CTGCTTCACCCA	17-CTGCTTCACCCA	13.427968	-44.364372	0	T:19.0(0.53%),B:10.5(0.02%),P:1e-19	Tpos:337.8,Tstd:72.3,Bpos:238.1,Bstd:179.5,StrandBias:10.0,Multiplicity:1.00
0.001	0.951	0.001	0.047
0.001	0.001	0.001	0.997
0.001	0.001	0.997	0.001
0.001	0.997	0.001	0.001
0.001	0.001	0.001	0.997
0.001	0.001	0.001	0.997
0.001	0.887	0.001	0.111
0.997	0.001	0.001	0.001
0.001	0.997	0.001	0.001
0.001	0.997	0.001	0.001
0.001	0.997	0.001	0.001
0.997	0.001	0.001	0.001
>TTCACTGAAGCC	18-TTCACTGAAGCC	12.355432	-33.424362	0	T:11.0(0.30%),B:3.9(0.01%),P:1e-14	Tpos:405.6,Tstd:82.0,Bpos:164.3,Bstd:47.8,StrandBias:10.0,Multiplicity:1.00
0.100	0.100	0.100	0.700
0.100	0.100	0.100	0.700
0.100	0.700	0.100	0.100
0.700	0.100	0.100	0.100
0.100	0.700	0.100	0.100
0.100	0.100	0.100	0.700
0.100	0.100	0.700	0.100
0.700	0.100	0.100	0.100
0.700	0.100	0.100	0.100
0.100	0.100	0.700	0.100
0.100	0.700	0.100	0.100
0.100	0.700	0.100	0.100
>CCTGTCCAGGCC	19-CCTGTCCAGGCC	12.355432	-25.862417	0	T:9.0(0.25%),B:3.5(0.01%),P:1e-11	Tpos:309.8,Tstd:92.2,Bpos:254.7,Bstd:112.5,StrandBias:10.0,Multiplicity:1.00
0.100	0.700	0.100	0.100
0.100	0.700	0.100	0.100
0.100	0.100	0.100	0.700
0.100	0.100	0.700	0.100
0.100	0.100	0.100	0.700
0.100	0.700	0.100	0.100
0.100	0.700	0.100	0.100
0.700	0.100	0.100	0.100
0.100	0.100	0.700	0.100
0.100	0.100	0.700	0.100
0.100	0.700	0.100	0.100
0.100	0.700	0.100	0.100
>CATAGGTCATTC	20-CATAGGTCATTC	13.963336	-13.342595	0	T:4.0(0.11%),B:1.9(0.00%),P:1e-5	Tpos:190.7,Tstd:111.4,Bpos:305.9,Bstd:125.7,StrandBias:10.0,Multiplicity:3.00
0.001	0.997	0.001	0.001
0.997	0.001	0.001	0.001
0.001	0.001	0.001	0.997
0.997	0.001	0.001	0.001
0.001	0.001	0.997	0.001
0.001	0.001	0.997	0.001
0.276	0.001	0.001	0.722
0.001	0.997	0.001	0.001
0.997	0.001	0.001	0.001
0.001	0.001	0.001	0.997
0.001	0.258	0.001	0.740
0.001	0.997	0.001	0.001
>GTGGCTTGTCGA	21-GTGGCTTGTCGA	14.030777	-10.633741	0	T:4.0(0.11%),B:2.9(0.01%),P:1e-4	Tpos:231.7,Tstd:84.7,Bpos:122.5,Bstd:133.0,StrandBias:-1.4,Multiplicity:2.75
0.001	0.001	0.997	0.001
0.001	0.001	0.001	0.997
0.001	0.001	0.997	0.001
0.001	0.001	0.722	0.276
0.001	0.997	0.001	0.001
0.001	0.001	0.001	0.997
0.001	0.001	0.001	0.997
0.001	0.001	0.997	0.001
0.001	0.001	0.001	0.997
0.276	0.722	0.001	0.001
0.001	0.001	0.997	0.001
0.997	0.001	0.001	0.001
>TGTCAGTCAGGC	22-TGTCAGTCAGGC	12.355432	-6.249921	0	T:3.0(0.08%),B:3.6(0.01%),P:1e-2	Tpos:339.3,Tstd:112.8,Bpos:369.6,Bstd:50.6,StrandBias:-3.6,Multiplicity:4.33
0.100	0.100	0.100	0.700
0.100	0.100	0.700	0.100
0.100	0.100	0.100	0.700
0.100	0.700	0.100	0.100
0.700	0.100	0.100	0.100
0.100	0.100	0.700	0.100
0.100	0.100	0.100	0.700
0.100	0.700	0.100	0.100
0.700	0.100	0.100	0.100
0.100	0.100	0.700	0.100
0.100	0.100	0.700	0.100
0.100	0.700	0.100	0.100
>GATGTGTTAGAG	23-GATGTGTTAGAG	12.355432	-5.446027	0	T:3.0(0.08%),B:5.0(0.01%),P:1e-2	Tpos:389.0,Tstd:126.1,Bpos:368.6,Bstd:60.2,StrandBias:4.6,Multiplicity:8.33
0.100	0.100	0.700	0.100
0.700	0.100	0.100	0.100
0.100	0.100	0.100	0.700
0.100	0.100	0.700	0.100
0.100	0.100	0.100	0.700
0.100	0.100	0.700	0.100
0.100	0.100	0.100	0.700
0.100	0.100	0.100	0.700
0.700	0.100	0.100	0.100
0.100	0.100	0.700	0.100
0.700	0.100	0.100	0.100
0.100	0.100	0.700	0.100
>GCCTACAGTGAT	24-GCCTACAGTGAT	14.172063	-4.462614	0	T:2.0(0.06%),B:2.3(0.01%),P:1e-1	Tpos:153.6,Tstd:69.9,Bpos:289.1,Bstd:83.8,StrandBias:10.0,Multiplicity:4.50
0.088	0.001	0.910	0.001
0.001	0.997	0.001	0.001
0.001	0.997	0.001	0.001
0.001	0.001	0.001	0.997
0.997	0.001	0.001	0.001
0.001	0.997	0.001	0.001
0.997	0.001	0.001	0.001
0.001	0.001	0.997	0.001
0.001	0.001	0.001	0.997
0.001	0.001	0.997	0.001
0.997	0.001	0.001	0.001
0.001	0.001	0.001	0.997
>TGTGGAGGACCT	25-TGTGGAGGACCT	12.355432	-2.215678	0	T:2.0(0.06%),B:7.4(0.02%),P:1e0	Tpos:241.2,Tstd:155.0,Bpos:188.9,Bstd:125.2,StrandBias:-3.9,Multiplicity:8.00
0.100	0.100	0.100	0.700
0.100	0.100	0.700	0.100
0.100	0.100	0.100	0.700
0.100	0.100	0.700	0.100
0.100	0.100	0.700	0.100
0.700	0.100	0.100	0.100
0.100	0.100	0.700	0.100
0.100	0.100	0.700	0.100
0.700	0.100	0.100	0.100
0.100	0.700	0.100	0.100
0.100	0.700	0.100	0.100
0.100	0.100	0.100	0.700
