Factor1: 1.027057154847436
Factor2: 0.9736556483543943
