Factor1: 1.0052950397783686
Factor2: 0.9947328499904505
