Factor1: 1.0132364008914263
Factor2: 0.9869365126639932
