Factor1: 0.9265305771558366
Factor2: 1.0792951950595002
