>ATGACGTC	1-ATGACGTC	6.922049	-60.078121	0	T:108.0(15.02%),B:2021.3(4.60%),P:1e-26	Tpos:256.3,Tstd:155.2,Bpos:207.8,Bstd:156.2,StrandBias:-0.1,Multiplicity:1.09
0.529	0.116	0.233	0.122
0.001	0.003	0.026	0.970
0.007	0.001	0.983	0.009
0.981	0.006	0.001	0.012
0.001	0.965	0.001	0.033
0.055	0.001	0.929	0.015
0.066	0.001	0.001	0.932
0.059	0.839	0.085	0.017
>GGGCGGGG	2-GGGCGGGG	9.344425	-41.568687	0	T:207.0(28.79%),B:6927.4(15.75%),P:1e-18	Tpos:284.7,Tstd:179.1,Bpos:206.1,Bstd:170.1,StrandBias:-0.2,Multiplicity:1.73
0.088	0.001	0.910	0.001
0.001	0.001	0.997	0.001
0.001	0.001	0.997	0.001
0.001	0.997	0.001	0.001
0.001	0.001	0.997	0.001
0.001	0.001	0.865	0.133
0.232	0.001	0.721	0.046
0.001	0.001	0.967	0.031
>TMDCGTRA	3-TMDCGTRA	5.446548	-38.566985	0	T:208.0(28.93%),B:7166.7(16.29%),P:1e-16	Tpos:256.8,Tstd:158.4,Bpos:204.0,Bstd:153.0,StrandBias:0.0,Multiplicity:1.23
0.233	0.137	0.099	0.531
0.307	0.431	0.071	0.191
0.261	0.151	0.220	0.369
0.084	0.914	0.001	0.001
0.001	0.001	0.997	0.001
0.013	0.198	0.001	0.788
0.328	0.199	0.471	0.001
0.945	0.001	0.053	0.001
>VTGACGCA	4-VTGACGCA	6.479861	-35.718081	0	T:184.0(25.59%),B:6193.4(14.08%),P:1e-15	Tpos:233.8,Tstd:179.8,Bpos:208.1,Bstd:127.6,StrandBias:-0.2,Multiplicity:1.22
0.385	0.268	0.285	0.062
0.002	0.055	0.001	0.942
0.041	0.072	0.869	0.018
0.996	0.001	0.001	0.002
0.001	0.610	0.258	0.131
0.001	0.001	0.582	0.416
0.249	0.628	0.001	0.122
0.695	0.066	0.047	0.192
>GAAACCCC	5-GAAACCCC	7.156088	-31.894479	0	T:154.0(21.42%),B:5021.8(11.42%),P:1e-13	Tpos:239.2,Tstd:168.0,Bpos:210.4,Bstd:130.7,StrandBias:0.4,Multiplicity:1.24
0.074	0.001	0.924	0.001
0.997	0.001	0.001	0.001
0.997	0.001	0.001	0.001
0.818	0.051	0.001	0.130
0.089	0.637	0.100	0.174
0.058	0.763	0.033	0.146
0.115	0.883	0.001	0.001
0.001	0.973	0.025	0.001
>CGGAAGTA	6-CGGAAGTA	5.487145	-30.700825	0	T:301.0(41.86%),B:12652.0(28.77%),P:1e-13	Tpos:237.2,Tstd:151.0,Bpos:206.2,Bstd:139.8,StrandBias:-0.0,Multiplicity:1.41
0.288	0.609	0.089	0.014
0.200	0.008	0.590	0.202
0.158	0.149	0.674	0.019
0.867	0.077	0.030	0.026
0.684	0.179	0.118	0.019
0.280	0.109	0.580	0.031
0.042	0.277	0.010	0.671
0.399	0.160	0.241	0.199
>KGGGCGAG	7-KGGGCGAG	8.329408	-27.734122	0	T:138.0(19.19%),B:4538.2(10.32%),P:1e-12	Tpos:261.2,Tstd:159.2,Bpos:206.2,Bstd:164.2,StrandBias:0.2,Multiplicity:1.28
0.001	0.001	0.477	0.521
0.001	0.001	0.693	0.305
0.001	0.335	0.663	0.001
0.008	0.001	0.830	0.161
0.001	0.997	0.001	0.001
0.001	0.001	0.997	0.001
0.642	0.001	0.001	0.356
0.001	0.001	0.987	0.011
>CTCCGACT	8-CTCCGACT	7.175689	-18.724552	0	T:184.0(25.59%),B:7534.5(17.13%),P:1e-8	Tpos:228.3,Tstd:151.8,Bpos:207.5,Bstd:150.8,StrandBias:0.3,Multiplicity:1.25
0.001	0.945	0.001	0.053
0.001	0.001	0.001	0.997
0.098	0.900	0.001	0.001
0.084	0.866	0.001	0.049
0.001	0.080	0.918	0.001
0.672	0.246	0.081	0.001
0.001	0.859	0.139	0.001
0.001	0.084	0.001	0.914
>GCGCATGC	9-GCGCATGC	8.676883	-14.342074	0	T:95.0(13.21%),B:3456.6(7.86%),P:1e-6	Tpos:275.5,Tstd:146.7,Bpos:203.3,Bstd:174.3,StrandBias:0.0,Multiplicity:1.47
0.050	0.001	0.937	0.012
0.001	0.964	0.034	0.001
0.001	0.001	0.997	0.001
0.001	0.989	0.001	0.009
0.610	0.161	0.167	0.062
0.065	0.086	0.213	0.636
0.001	0.001	0.997	0.001
0.001	0.949	0.001	0.049
>TTTTTTTT	10-TTTTTTTT	6.369462	-9.861564	0	T:138.0(19.19%),B:6112.0(13.90%),P:1e-4	Tpos:242.6,Tstd:203.9,Bpos:203.4,Bstd:141.0,StrandBias:0.6,Multiplicity:1.23
0.001	0.059	0.111	0.829
0.001	0.001	0.061	0.937
0.001	0.001	0.001	0.997
0.001	0.001	0.001	0.997
0.001	0.001	0.094	0.904
0.001	0.001	0.001	0.997
0.001	0.109	0.001	0.889
0.001	0.121	0.001	0.877
