>KGGGCGGGGY	1-KGGGCGGGGY	8.923843	-73.817974	0	T:199.0(27.68%),B:5019.3(11.41%),P:1e-32	Tpos:283.9,Tstd:160.8,Bpos:206.8,Bstd:165.6,StrandBias:-0.4,Multiplicity:1.73
0.139	0.002	0.471	0.388
0.239	0.001	0.759	0.001
0.001	0.001	0.997	0.001
0.033	0.001	0.965	0.001
0.100	0.750	0.001	0.149
0.001	0.001	0.960	0.038
0.090	0.001	0.713	0.196
0.281	0.001	0.627	0.091
0.192	0.130	0.619	0.059
0.001	0.526	0.001	0.472
>TGACGTCATN	2-TGACGTCATN	5.606300	-38.706170	0	T:98.0(13.63%),B:2309.7(5.25%),P:1e-16	Tpos:259.6,Tstd:150.5,Bpos:210.4,Bstd:149.7,StrandBias:0.3,Multiplicity:1.15
0.228	0.167	0.120	0.486
0.208	0.102	0.626	0.064
0.614	0.069	0.166	0.151
0.074	0.591	0.167	0.168
0.139	0.127	0.615	0.119
0.177	0.149	0.108	0.566
0.126	0.695	0.121	0.058
0.561	0.125	0.098	0.216
0.110	0.257	0.196	0.437
0.299	0.271	0.169	0.260
>GGGRAWTTCC	3-GGGRAWTTCC	7.437525	-38.316660	0	T:116.0(16.13%),B:3033.5(6.90%),P:1e-16	Tpos:215.5,Tstd:137.5,Bpos:205.7,Bstd:134.1,StrandBias:0.0,Multiplicity:1.23
0.150	0.041	0.614	0.195
0.060	0.001	0.895	0.044
0.020	0.001	0.978	0.001
0.532	0.001	0.389	0.078
0.664	0.157	0.140	0.039
0.529	0.001	0.007	0.463
0.177	0.118	0.123	0.582
0.051	0.318	0.001	0.630
0.001	0.932	0.001	0.066
0.001	0.841	0.001	0.157
>GAGGGCGGAT	4-GAGGGCGGAT	7.971114	-32.439987	0	T:90.0(12.52%),B:2236.5(5.09%),P:1e-14	Tpos:272.7,Tstd:201.1,Bpos:211.5,Bstd:155.3,StrandBias:-0.2,Multiplicity:1.07
0.035	0.040	0.872	0.053
0.743	0.082	0.057	0.118
0.045	0.045	0.891	0.019
0.042	0.022	0.923	0.013
0.033	0.083	0.869	0.015
0.104	0.745	0.077	0.074
0.093	0.067	0.741	0.099
0.089	0.008	0.830	0.073
0.700	0.082	0.140	0.078
0.106	0.069	0.129	0.696
>ACTTCCGGTT	5-ACTTCCGGTT	6.944256	-29.802454	0	T:95.0(13.21%),B:2546.2(5.79%),P:1e-12	Tpos:232.4,Tstd:128.8,Bpos:205.9,Bstd:142.4,StrandBias:0.0,Multiplicity:1.19
0.557	0.164	0.151	0.128
0.001	0.838	0.153	0.008
0.152	0.044	0.005	0.799
0.020	0.107	0.120	0.753
0.003	0.677	0.059	0.261
0.082	0.622	0.106	0.190
0.193	0.058	0.455	0.295
0.071	0.157	0.647	0.125
0.184	0.183	0.231	0.401
0.123	0.161	0.258	0.457
>CCCSCTTTAR	6-CCCSCTTTAR	7.284171	-28.793560	0	T:62.0(8.62%),B:1319.3(3.00%),P:1e-12	Tpos:236.6,Tstd:162.0,Bpos:203.4,Bstd:136.6,StrandBias:0.2,Multiplicity:1.04
0.033	0.679	0.241	0.047
0.178	0.711	0.001	0.110
0.229	0.689	0.008	0.074
0.100	0.386	0.347	0.166
0.052	0.867	0.052	0.029
0.023	0.339	0.030	0.608
0.177	0.272	0.084	0.467
0.199	0.032	0.055	0.714
0.706	0.028	0.206	0.060
0.395	0.006	0.424	0.174
>GCTGTTTCCG	7-GCTGTTTCCG	7.294038	-27.972900	0	T:134.0(18.64%),B:4339.8(9.87%),P:1e-12	Tpos:226.1,Tstd:156.3,Bpos:206.2,Bstd:137.3,StrandBias:0.4,Multiplicity:1.13
0.066	0.215	0.657	0.062
0.039	0.700	0.115	0.146
0.033	0.014	0.001	0.952
0.103	0.135	0.698	0.064
0.131	0.110	0.021	0.738
0.001	0.159	0.001	0.839
0.070	0.001	0.001	0.928
0.001	0.997	0.001	0.001
0.041	0.841	0.116	0.002
0.121	0.101	0.663	0.115
>GCGCGTGCGY	8-GCGCGTGCGY	8.083779	-25.662111	0	T:103.0(14.33%),B:3086.9(7.02%),P:1e-11	Tpos:269.5,Tstd:154.6,Bpos:200.9,Bstd:175.4,StrandBias:0.6,Multiplicity:1.54
0.028	0.001	0.970	0.001
0.102	0.746	0.135	0.017
0.004	0.001	0.892	0.103
0.037	0.924	0.001	0.038
0.112	0.053	0.729	0.106
0.129	0.001	0.016	0.854
0.001	0.014	0.984	0.001
0.001	0.843	0.001	0.155
0.001	0.104	0.756	0.139
0.114	0.478	0.019	0.389
>CTGASTCAGA	9-CTGASTCAGA	9.530589	-24.680470	0	T:56.0(7.79%),B:1237.2(2.81%),P:1e-10	Tpos:201.4,Tstd:140.5,Bpos:205.7,Bstd:115.9,StrandBias:0.1,Multiplicity:1.16
0.165	0.833	0.001	0.001
0.009	0.001	0.001	0.989
0.001	0.001	0.997	0.001
0.514	0.320	0.092	0.074
0.001	0.509	0.489	0.001
0.001	0.001	0.001	0.997
0.001	0.997	0.001	0.001
0.814	0.002	0.001	0.183
0.143	0.001	0.795	0.061
0.679	0.269	0.001	0.051
>GTTGCCATGG	10-GTTGCCATGG	8.356482	-24.419719	0	T:36.0(5.01%),B:581.0(1.32%),P:1e-10	Tpos:304.4,Tstd:176.5,Bpos:209.6,Bstd:133.3,StrandBias:0.3,Multiplicity:1.03
0.030	0.153	0.607	0.210
0.138	0.022	0.160	0.680
0.079	0.266	0.027	0.628
0.187	0.030	0.618	0.165
0.063	0.795	0.062	0.080
0.056	0.671	0.053	0.220
0.695	0.137	0.026	0.142
0.178	0.034	0.147	0.641
0.200	0.027	0.555	0.218
0.084	0.044	0.838	0.034
>AGCGTCACCT	11-AGCGTCACCT	10.125802	-22.536204	0	T:33.0(4.59%),B:531.6(1.21%),P:1e-9	Tpos:218.9,Tstd:118.8,Bpos:211.2,Bstd:146.4,StrandBias:0.3,Multiplicity:1.03
0.931	0.001	0.001	0.067
0.001	0.001	0.997	0.001
0.084	0.832	0.083	0.001
0.001	0.068	0.930	0.001
0.070	0.118	0.055	0.757
0.001	0.997	0.001	0.001
0.945	0.001	0.053	0.001
0.001	0.929	0.069	0.001
0.001	0.885	0.001	0.113
0.060	0.077	0.077	0.786
>TGACTCACAG	12-TGACTCACAG	7.655025	-22.345121	0	T:68.0(9.46%),B:1784.0(4.06%),P:1e-9	Tpos:237.2,Tstd:160.5,Bpos:210.1,Bstd:120.0,StrandBias:1.1,Multiplicity:1.03
0.058	0.045	0.036	0.861
0.107	0.059	0.783	0.051
0.837	0.058	0.058	0.047
0.085	0.757	0.076	0.082
0.101	0.015	0.068	0.816
0.099	0.817	0.056	0.028
0.805	0.073	0.081	0.041
0.170	0.759	0.048	0.023
0.774	0.104	0.059	0.063
0.090	0.067	0.801	0.042
>GTTGCGTCAA	13-GTTGCGTCAA	6.773446	-21.029635	0	T:73.0(10.15%),B:2047.3(4.65%),P:1e-9	Tpos:233.6,Tstd:144.0,Bpos:205.0,Bstd:133.4,StrandBias:0.2,Multiplicity:1.03
0.127	0.078	0.719	0.076
0.141	0.161	0.038	0.660
0.016	0.033	0.030	0.921
0.076	0.010	0.896	0.018
0.106	0.749	0.101	0.044
0.096	0.077	0.727	0.100
0.028	0.086	0.046	0.840
0.013	0.907	0.038	0.042
0.800	0.069	0.035	0.096
0.789	0.040	0.069	0.102
>TTGAGTAGAG	14-TTGAGTAGAG	7.957227	-20.434086	0	T:23.0(3.20%),B:292.2(0.66%),P:1e-8	Tpos:213.4,Tstd:199.4,Bpos:204.6,Bstd:121.0,StrandBias:-0.4,Multiplicity:1.00
0.286	0.043	0.049	0.622
0.057	0.220	0.048	0.675
0.187	0.040	0.595	0.178
0.565	0.049	0.225	0.161
0.209	0.073	0.669	0.049
0.099	0.049	0.035	0.817
0.676	0.050	0.225	0.049
0.081	0.252	0.628	0.039
0.646	0.016	0.170	0.168
0.280	0.051	0.642	0.027
>TCACGTGAYC	15-TCACGTGAYC	7.504916	-18.444435	0	T:69.0(9.60%),B:2009.6(4.57%),P:1e-8	Tpos:283.2,Tstd:164.9,Bpos:206.1,Bstd:150.1,StrandBias:-0.3,Multiplicity:1.17
0.098	0.201	0.100	0.601
0.001	0.997	0.001	0.001
0.790	0.093	0.001	0.116
0.001	0.967	0.031	0.001
0.126	0.084	0.789	0.001
0.001	0.001	0.001	0.997
0.001	0.001	0.850	0.148
0.725	0.071	0.051	0.153
0.089	0.417	0.001	0.493
0.076	0.470	0.171	0.283
>GACGTGTTWT	16-GACGTGTTWT	8.555035	-17.683868	0	T:19.0(2.64%),B:233.3(0.53%),P:1e-7	Tpos:199.7,Tstd:121.0,Bpos:198.7,Bstd:150.4,StrandBias:2.4,Multiplicity:1.12
0.084	0.001	0.719	0.196
0.835	0.001	0.001	0.163
0.001	0.955	0.043	0.001
0.001	0.001	0.997	0.001
0.196	0.001	0.001	0.802
0.001	0.398	0.600	0.001
0.001	0.001	0.001	0.997
0.196	0.001	0.001	0.802
0.566	0.001	0.001	0.432
0.001	0.267	0.001	0.731
>GTGACGTCAA	17-GTGACGTCAA	8.149788	-14.577224	0	T:32.0(4.45%),B:710.1(1.61%),P:1e-6	Tpos:282.6,Tstd:245.7,Bpos:205.7,Bstd:135.1,StrandBias:-0.1,Multiplicity:1.00
0.001	0.201	0.797	0.001
0.034	0.290	0.058	0.618
0.001	0.001	0.865	0.133
0.962	0.001	0.036	0.001
0.001	0.890	0.046	0.063
0.146	0.001	0.759	0.094
0.001	0.181	0.052	0.766
0.052	0.761	0.077	0.110
0.671	0.095	0.001	0.233
0.918	0.080	0.001	0.001
>CTCGGACACT	18-CTCGGACACT	9.315027	-10.881759	0	T:18.0(2.50%),B:339.9(0.77%),P:1e-4	Tpos:244.0,Tstd:158.0,Bpos:217.6,Bstd:156.0,StrandBias:1.0,Multiplicity:1.59
0.215	0.659	0.125	0.001
0.001	0.039	0.001	0.959
0.001	0.997	0.001	0.001
0.001	0.265	0.733	0.001
0.001	0.001	0.997	0.001
0.997	0.001	0.001	0.001
0.041	0.658	0.035	0.266
0.663	0.001	0.252	0.084
0.001	0.997	0.001	0.001
0.001	0.001	0.001	0.997
>TTTTTTTTTT	19-TTTTTTTTTT	7.464332	-9.674254	0	T:74.0(10.29%),B:2837.6(6.45%),P:1e-4	Tpos:258.6,Tstd:217.2,Bpos:205.0,Bstd:143.6,StrandBias:1.1,Multiplicity:1.14
0.132	0.217	0.103	0.548
0.013	0.125	0.203	0.659
0.070	0.109	0.192	0.629
0.062	0.005	0.088	0.845
0.049	0.001	0.238	0.712
0.028	0.158	0.263	0.551
0.059	0.150	0.255	0.536
0.069	0.207	0.065	0.659
0.120	0.162	0.006	0.712
0.212	0.102	0.179	0.507
>GTGTGTGTGT	20-GTGTGTGTGT	9.831982	-9.517375	0	T:45.0(6.26%),B:1482.0(3.37%),P:1e-4	Tpos:230.4,Tstd:179.2,Bpos:209.0,Bstd:128.9,StrandBias:-0.0,Multiplicity:1.18
0.001	0.074	0.902	0.023
0.001	0.001	0.001	0.997
0.064	0.064	0.857	0.015
0.047	0.001	0.019	0.933
0.064	0.087	0.838	0.011
0.001	0.001	0.001	0.997
0.029	0.038	0.826	0.107
0.001	0.001	0.001	0.997
0.029	0.036	0.893	0.042
0.001	0.001	0.001	0.997
