Factor1: 0.7105320678990678
Factor2: 1.4073960137462134
