>YRCTTCCTGT	1-YRCTTCCTGT	8.002039	-125.068838	0	T:593.0(28.47%),B:7053.8(15.06%),P:1e-54	Tpos:298.9,Tstd:231.0,Bpos:238.7,Bstd:140.4,StrandBias:0.1,Multiplicity:1.23
0.171	0.392	0.150	0.287
0.433	0.051	0.459	0.058
0.001	0.554	0.074	0.371
0.129	0.001	0.001	0.869
0.001	0.001	0.001	0.997
0.001	0.991	0.001	0.007
0.001	0.997	0.001	0.001
0.001	0.008	0.084	0.907
0.001	0.172	0.593	0.234
0.052	0.214	0.019	0.715
>ATGASTCATM	2-ATGASTCATM	4.438537	-93.095359	0	T:291.0(13.97%),B:2768.5(5.91%),P:1e-40	Tpos:271.2,Tstd:216.2,Bpos:239.7,Bstd:138.9,StrandBias:-0.0,Multiplicity:1.13
0.515	0.355	0.113	0.017
0.001	0.001	0.001	0.997
0.001	0.001	0.997	0.001
0.997	0.001	0.001	0.001
0.001	0.436	0.562	0.001
0.001	0.001	0.001	0.997
0.001	0.997	0.001	0.001
0.997	0.001	0.001	0.001
0.001	0.253	0.284	0.462
0.427	0.385	0.001	0.187
>CCTCTAGTGG	3-CCTCTAGTGG	8.698764	-75.918094	0	T:125.0(6.00%),B:772.1(1.65%),P:1e-32	Tpos:247.0,Tstd:187.7,Bpos:240.5,Bstd:139.3,StrandBias:0.3,Multiplicity:1.04
0.001	0.997	0.001	0.001
0.199	0.799	0.001	0.001
0.001	0.274	0.001	0.724
0.021	0.970	0.001	0.008
0.001	0.001	0.001	0.997
0.859	0.001	0.139	0.001
0.001	0.037	0.961	0.001
0.014	0.001	0.001	0.984
0.001	0.037	0.961	0.001
0.035	0.001	0.861	0.103
>AACATCAAAG	4-AACATCAAAG	8.178708	-72.413085	0	T:359.0(17.23%),B:4226.2(9.02%),P:1e-31	Tpos:295.6,Tstd:213.4,Bpos:240.0,Bstd:145.6,StrandBias:0.2,Multiplicity:1.14
0.471	0.296	0.154	0.079
0.887	0.001	0.001	0.111
0.001	0.699	0.299	0.001
0.569	0.219	0.001	0.211
0.300	0.025	0.001	0.674
0.163	0.743	0.093	0.001
0.976	0.001	0.001	0.022
0.997	0.001	0.001	0.001
0.997	0.001	0.001	0.001
0.067	0.129	0.803	0.001
>AAGTGAAAGT	5-AAGTGAAAGT	7.789277	-58.894745	0	T:220.0(10.56%),B:2273.0(4.85%),P:1e-25	Tpos:317.1,Tstd:267.1,Bpos:238.2,Bstd:153.0,StrandBias:-0.3,Multiplicity:1.09
0.793	0.048	0.072	0.087
0.807	0.051	0.070	0.072
0.089	0.085	0.729	0.097
0.075	0.116	0.116	0.693
0.036	0.037	0.875	0.052
0.877	0.041	0.039	0.043
0.816	0.088	0.068	0.028
0.907	0.047	0.020	0.026
0.043	0.160	0.719	0.078
0.104	0.050	0.055	0.791
>CGTAAACCAC	6-CGTAAACCAC	5.054028	-48.800687	0	T:607.0(29.14%),B:9514.0(20.31%),P:1e-21	Tpos:318.7,Tstd:271.3,Bpos:236.8,Bstd:144.8,StrandBias:-0.1,Multiplicity:1.24
0.128	0.653	0.105	0.114
0.111	0.096	0.687	0.106
0.119	0.108	0.134	0.639
0.696	0.101	0.098	0.105
0.723	0.108	0.091	0.078
0.717	0.086	0.121	0.076
0.086	0.755	0.071	0.088
0.124	0.712	0.067	0.097
0.684	0.111	0.115	0.090
0.088	0.735	0.098	0.079
>CGCTTCAAAG	7-CGCTTCAAAG	6.308989	-41.829421	0	T:581.0(27.89%),B:9295.4(19.84%),P:1e-18	Tpos:298.0,Tstd:263.9,Bpos:237.4,Bstd:143.6,StrandBias:0.1,Multiplicity:1.19
0.168	0.640	0.138	0.054
0.074	0.112	0.724	0.090
0.060	0.735	0.111	0.094
0.043	0.076	0.025	0.856
0.041	0.079	0.097	0.783
0.021	0.851	0.037	0.091
0.849	0.086	0.021	0.044
0.808	0.052	0.092	0.048
0.930	0.001	0.020	0.049
0.078	0.038	0.831	0.053
>MTGATGTGGT	8-MTGATGTGGT	6.072433	-40.659926	0	T:580.0(27.84%),B:9327.6(19.91%),P:1e-17	Tpos:321.5,Tstd:274.6,Bpos:239.9,Bstd:138.0,StrandBias:0.1,Multiplicity:1.22
0.298	0.421	0.018	0.263
0.116	0.116	0.153	0.615
0.092	0.086	0.765	0.057
0.744	0.088	0.018	0.150
0.014	0.049	0.024	0.913
0.135	0.117	0.598	0.150
0.012	0.170	0.001	0.817
0.073	0.184	0.733	0.010
0.089	0.031	0.840	0.040
0.028	0.052	0.179	0.741
>CCCCCCCCCC	9-CCCCCCCCCC	7.255450	-40.592350	0	T:573.0(27.51%),B:9191.6(19.62%),P:1e-17	Tpos:340.2,Tstd:302.9,Bpos:236.1,Bstd:141.8,StrandBias:-0.1,Multiplicity:1.61
0.083	0.769	0.096	0.052
0.039	0.857	0.038	0.066
0.061	0.824	0.047	0.068
0.038	0.805	0.087	0.070
0.044	0.759	0.073	0.124
0.046	0.779	0.075	0.100
0.066	0.812	0.046	0.076
0.055	0.792	0.050	0.103
0.073	0.828	0.032	0.067
0.077	0.780	0.041	0.102
>TGACGTCAYC	10-TGACGTCAYC	6.606530	-38.810352	0	T:217.0(10.42%),B:2648.9(5.65%),P:1e-16	Tpos:347.5,Tstd:351.3,Bpos:231.7,Bstd:147.9,StrandBias:-0.2,Multiplicity:1.16
0.320	0.016	0.071	0.593
0.001	0.243	0.548	0.208
0.659	0.084	0.256	0.001
0.001	0.935	0.001	0.063
0.054	0.001	0.944	0.001
0.001	0.075	0.092	0.832
0.001	0.846	0.152	0.001
0.899	0.037	0.041	0.023
0.205	0.315	0.031	0.450
0.268	0.422	0.080	0.230
>TTTTTTCCTC	11-TTTTTTCCTC	7.546328	-38.578004	0	T:400.0(19.20%),B:5927.4(12.65%),P:1e-16	Tpos:329.1,Tstd:278.5,Bpos:240.3,Bstd:149.9,StrandBias:-0.0,Multiplicity:1.16
0.071	0.065	0.131	0.733
0.079	0.001	0.080	0.840
0.032	0.031	0.001	0.936
0.049	0.024	0.040	0.887
0.003	0.029	0.001	0.967
0.007	0.044	0.144	0.805
0.094	0.748	0.150	0.008
0.001	0.747	0.001	0.251
0.298	0.001	0.174	0.527
0.001	0.823	0.098	0.078
>GGTTGCTAGG	12-GGTTGCTAGG	7.546389	-38.239994	0	T:195.0(9.36%),B:2298.4(4.91%),P:1e-16	Tpos:284.8,Tstd:223.6,Bpos:241.5,Bstd:139.9,StrandBias:-0.0,Multiplicity:1.05
0.051	0.085	0.721	0.143
0.064	0.001	0.844	0.091
0.001	0.116	0.134	0.749
0.001	0.001	0.021	0.977
0.235	0.001	0.761	0.003
0.063	0.930	0.001	0.006
0.193	0.012	0.150	0.645
0.974	0.001	0.024	0.001
0.071	0.208	0.616	0.105
0.001	0.001	0.796	0.202
>CGGAAATTCC	13-CGGAAATTCC	6.472783	-37.086167	0	T:292.0(14.02%),B:3996.2(8.53%),P:1e-16	Tpos:301.6,Tstd:226.0,Bpos:235.8,Bstd:145.0,StrandBias:-0.1,Multiplicity:1.14
0.043	0.706	0.121	0.130
0.036	0.043	0.868	0.053
0.064	0.045	0.840	0.051
0.771	0.057	0.060	0.112
0.861	0.029	0.052	0.058
0.701	0.080	0.123	0.096
0.045	0.081	0.060	0.814
0.067	0.061	0.069	0.803
0.043	0.849	0.056	0.052
0.084	0.792	0.061	0.063
>CCCGCCTGCA	14-CCCGCCTGCA	8.883752	-30.738454	0	T:107.0(5.14%),B:1072.7(2.29%),P:1e-13	Tpos:390.2,Tstd:338.8,Bpos:242.3,Bstd:150.4,StrandBias:0.5,Multiplicity:1.07
0.041	0.825	0.059	0.075
0.053	0.828	0.038	0.081
0.073	0.830	0.096	0.001
0.001	0.001	0.921	0.077
0.001	0.876	0.110	0.013
0.001	0.979	0.019	0.001
0.021	0.044	0.001	0.934
0.001	0.001	0.997	0.001
0.001	0.928	0.001	0.070
0.916	0.058	0.001	0.025
>YKBCTCTRCA	15-YKBCTCTRCA	7.534980	-27.743341	0	T:168.0(8.07%),B:2111.0(4.51%),P:1e-12	Tpos:285.2,Tstd:270.7,Bpos:242.9,Bstd:143.6,StrandBias:0.3,Multiplicity:1.11
0.069	0.459	0.157	0.315
0.210	0.065	0.329	0.395
0.092	0.253	0.395	0.260
0.088	0.854	0.024	0.034
0.052	0.148	0.175	0.625
0.026	0.598	0.337	0.039
0.041	0.138	0.025	0.796
0.307	0.143	0.407	0.143
0.039	0.904	0.037	0.020
0.645	0.022	0.060	0.273
>CGCAGGATGT	16-CGCAGGATGT	10.119248	-25.382165	0	T:37.0(1.78%),B:215.0(0.46%),P:1e-11	Tpos:273.4,Tstd:223.6,Bpos:238.9,Bstd:141.6,StrandBias:0.2,Multiplicity:1.00
0.026	0.850	0.104	0.020
0.016	0.001	0.954	0.029
0.001	0.849	0.112	0.038
0.847	0.057	0.001	0.095
0.001	0.001	0.997	0.001
0.001	0.001	0.997	0.001
0.755	0.161	0.083	0.001
0.001	0.001	0.161	0.837
0.001	0.035	0.963	0.001
0.001	0.001	0.001	0.997
>TTGTGACTAA	17-TTGTGACTAA	7.913794	-25.372757	0	T:99.0(4.75%),B:1050.2(2.24%),P:1e-11	Tpos:293.6,Tstd:211.0,Bpos:237.7,Bstd:143.3,StrandBias:-0.1,Multiplicity:1.05
0.099	0.047	0.015	0.839
0.162	0.209	0.113	0.516
0.056	0.195	0.644	0.105
0.168	0.011	0.022	0.799
0.076	0.066	0.842	0.016
0.723	0.114	0.122	0.041
0.019	0.660	0.274	0.047
0.184	0.134	0.082	0.600
0.637	0.001	0.338	0.024
0.802	0.064	0.104	0.030
>CAAGCGGAAT	18-CAAGCGGAAT	10.910817	-24.416394	0	T:15.0(0.72%),B:31.9(0.07%),P:1e-10	Tpos:197.9,Tstd:171.4,Bpos:228.7,Bstd:142.9,StrandBias:-1.3,Multiplicity:1.00
0.092	0.906	0.001	0.001
0.997	0.001	0.001	0.001
0.874	0.001	0.124	0.001
0.001	0.001	0.997	0.001
0.001	0.997	0.001	0.001
0.001	0.082	0.916	0.001
0.001	0.001	0.997	0.001
0.997	0.001	0.001	0.001
0.997	0.001	0.001	0.001
0.001	0.179	0.001	0.819
>GCGTAACTGT	19-GCGTAACTGT	7.720544	-22.369161	0	T:70.0(3.36%),B:672.2(1.43%),P:1e-9	Tpos:326.5,Tstd:260.4,Bpos:233.4,Bstd:147.4,StrandBias:-0.1,Multiplicity:1.00
0.003	0.056	0.766	0.175
0.041	0.865	0.030	0.064
0.008	0.049	0.942	0.001
0.096	0.143	0.171	0.590
0.964	0.001	0.034	0.001
0.693	0.001	0.159	0.147
0.001	0.841	0.157	0.001
0.001	0.230	0.001	0.768
0.001	0.060	0.808	0.131
0.003	0.202	0.017	0.778
>CTGCCCACCG	20-CTGCCCACCG	10.945189	-17.516498	0	T:21.0(1.01%),B:105.6(0.23%),P:1e-7	Tpos:316.7,Tstd:306.4,Bpos:238.5,Bstd:145.4,StrandBias:0.3,Multiplicity:1.05
0.001	0.997	0.001	0.001
0.001	0.001	0.001	0.997
0.070	0.001	0.928	0.001
0.001	0.997	0.001	0.001
0.207	0.791	0.001	0.001
0.001	0.997	0.001	0.001
0.997	0.001	0.001	0.001
0.001	0.997	0.001	0.001
0.001	0.997	0.001	0.001
0.001	0.001	0.997	0.001
>TGCGCATGCG	21-TGCGCATGCG	9.091663	-16.158094	0	T:48.0(2.30%),B:456.7(0.97%),P:1e-7	Tpos:335.9,Tstd:318.4,Bpos:233.6,Bstd:154.5,StrandBias:-0.2,Multiplicity:1.11
0.166	0.227	0.028	0.579
0.001	0.001	0.997	0.001
0.001	0.997	0.001	0.001
0.268	0.189	0.542	0.001
0.001	0.997	0.001	0.001
0.960	0.001	0.001	0.038
0.216	0.001	0.001	0.782
0.001	0.001	0.997	0.001
0.001	0.932	0.001	0.066
0.001	0.001	0.997	0.001
>GACGCCCAAC	22-GACGCCCAAC	12.289439	-13.854870	0	T:6.0(0.29%),B:7.6(0.02%),P:1e-6	Tpos:187.7,Tstd:98.7,Bpos:228.7,Bstd:102.7,StrandBias:0.0,Multiplicity:1.00
0.001	0.001	0.997	0.001
0.997	0.001	0.001	0.001
0.001	0.997	0.001	0.001
0.001	0.001	0.997	0.001
0.213	0.785	0.001	0.001
0.001	0.997	0.001	0.001
0.001	0.997	0.001	0.001
0.997	0.001	0.001	0.001
0.997	0.001	0.001	0.001
0.001	0.997	0.001	0.001
>ACCACAGCTT	23-ACCACAGCTT	7.646044	-13.309364	0	T:241.0(11.57%),B:4012.5(8.56%),P:1e-5	Tpos:286.7,Tstd:246.0,Bpos:236.8,Bstd:141.1,StrandBias:-0.1,Multiplicity:1.07
0.896	0.102	0.001	0.001
0.095	0.612	0.148	0.145
0.067	0.877	0.055	0.001
0.809	0.006	0.184	0.001
0.132	0.657	0.147	0.064
0.639	0.111	0.001	0.249
0.029	0.046	0.924	0.001
0.121	0.746	0.069	0.064
0.001	0.139	0.001	0.859
0.001	0.001	0.001	0.997
>GTGGCTCAGT	24-GTGGCTCAGT	10.296193	-4.241648	0	T:9.0(0.43%),B:84.2(0.18%),P:1e-1	Tpos:183.4,Tstd:87.7,Bpos:229.2,Bstd:129.9,StrandBias:1.6,Multiplicity:2.22
0.100	0.100	0.700	0.100
0.100	0.100	0.100	0.700
0.100	0.100	0.700	0.100
0.100	0.100	0.700	0.100
0.100	0.700	0.100	0.100
0.100	0.100	0.100	0.700
0.100	0.700	0.100	0.100
0.700	0.100	0.100	0.100
0.100	0.100	0.700	0.100
0.100	0.100	0.100	0.700
>ACAGGAAGTKVW	1-ACAGGAAGTKVW	8.352325	-131.764490	0	T:490.0(23.52%),B:5197.1(11.09%),P:1e-57	Tpos:290.9,Tstd:218.5,Bpos:238.9,Bstd:138.4,StrandBias:0.0,Multiplicity:1.19
0.601	0.022	0.333	0.044
0.250	0.492	0.170	0.088
0.997	0.001	0.001	0.001
0.001	0.001	0.997	0.001
0.001	0.001	0.997	0.001
0.997	0.001	0.001	0.001
0.707	0.001	0.137	0.155
0.384	0.001	0.614	0.001
0.066	0.376	0.001	0.557
0.171	0.162	0.300	0.367
0.236	0.262	0.345	0.157
0.334	0.154	0.175	0.337
>GCCCYCTGGTGG	2-GCCCYCTGGTGG	10.271602	-116.462390	0	T:114.0(5.47%),B:419.5(0.90%),P:1e-50	Tpos:236.9,Tstd:138.1,Bpos:228.6,Bstd:143.2,StrandBias:0.2,Multiplicity:1.04
0.001	0.001	0.943	0.055
0.001	0.997	0.001	0.001
0.001	0.997	0.001	0.001
0.418	0.580	0.001	0.001
0.001	0.467	0.001	0.531
0.001	0.997	0.001	0.001
0.079	0.001	0.001	0.919
0.353	0.001	0.606	0.040
0.001	0.194	0.720	0.085
0.001	0.001	0.001	0.997
0.001	0.001	0.997	0.001
0.001	0.001	0.960	0.038
>NBNVTGASTCAY	3-NBNVTGASTCAY	8.785820	-91.488554	0	T:229.0(10.99%),B:1911.6(4.08%),P:1e-39	Tpos:265.6,Tstd:208.5,Bpos:237.8,Bstd:138.3,StrandBias:0.1,Multiplicity:1.11
0.211	0.217	0.279	0.294
0.001	0.266	0.371	0.362
0.247	0.247	0.321	0.184
0.383	0.303	0.276	0.038
0.001	0.001	0.001	0.997
0.001	0.001	0.997	0.001
0.997	0.001	0.001	0.001
0.048	0.439	0.472	0.040
0.001	0.001	0.001	0.997
0.163	0.835	0.001	0.001
0.997	0.001	0.001	0.001
0.113	0.277	0.223	0.387
>ACTTTCACTTTC	4-ACTTTCACTTTC	9.510564	-73.385840	0	T:151.0(7.25%),B:1104.3(2.36%),P:1e-31	Tpos:320.3,Tstd:257.1,Bpos:232.3,Bstd:150.8,StrandBias:0.5,Multiplicity:1.11
0.718	0.131	0.006	0.145
0.009	0.724	0.227	0.040
0.016	0.001	0.016	0.967
0.016	0.115	0.073	0.796
0.102	0.015	0.001	0.882
0.076	0.827	0.050	0.047
0.726	0.110	0.032	0.132
0.006	0.541	0.228	0.225
0.072	0.104	0.001	0.823
0.010	0.033	0.018	0.939
0.001	0.206	0.049	0.744
0.070	0.618	0.188	0.124
>CCTTTGTGGTTT	5-CCTTTGTGGTTT	9.616213	-52.822191	0	T:111.0(5.33%),B:825.4(1.76%),P:1e-22	Tpos:296.4,Tstd:244.7,Bpos:235.5,Bstd:136.4,StrandBias:0.2,Multiplicity:1.05
0.221	0.463	0.122	0.195
0.118	0.626	0.001	0.255
0.060	0.187	0.001	0.752
0.001	0.119	0.090	0.790
0.185	0.001	0.143	0.671
0.001	0.040	0.891	0.068
0.001	0.001	0.053	0.945
0.001	0.001	0.997	0.001
0.001	0.001	0.997	0.001
0.001	0.113	0.055	0.831
0.025	0.068	0.001	0.906
0.076	0.069	0.001	0.854
>TCTTTGATGTGG	6-TCTTTGATGTGG	7.408451	-52.315023	0	T:290.0(13.92%),B:3539.1(7.55%),P:1e-22	Tpos:307.4,Tstd:238.7,Bpos:240.6,Bstd:141.2,StrandBias:-0.0,Multiplicity:1.10
0.083	0.101	0.133	0.683
0.037	0.753	0.091	0.119
0.070	0.057	0.035	0.838
0.048	0.095	0.082	0.775
0.101	0.043	0.081	0.775
0.074	0.118	0.718	0.090
0.721	0.098	0.079	0.102
0.122	0.042	0.089	0.747
0.044	0.091	0.767	0.098
0.117	0.019	0.059	0.805
0.098	0.066	0.713	0.123
0.085	0.121	0.709	0.085
>GGGAATTTCCCC	7-GGGAATTTCCCC	8.943869	-47.769950	0	T:99.0(4.75%),B:730.7(1.56%),P:1e-20	Tpos:295.3,Tstd:207.9,Bpos:228.9,Bstd:138.5,StrandBias:0.2,Multiplicity:1.07
0.001	0.001	0.905	0.093
0.032	0.001	0.964	0.003
0.055	0.001	0.907	0.037
0.605	0.035	0.357	0.003
0.669	0.100	0.176	0.055
0.167	0.001	0.001	0.831
0.055	0.055	0.001	0.889
0.001	0.100	0.001	0.898
0.001	0.970	0.001	0.028
0.001	0.997	0.001	0.001
0.165	0.833	0.001	0.001
0.109	0.538	0.001	0.352
>GATTGAGTCACT	8-GATTGAGTCACT	8.587000	-40.533431	0	T:98.0(4.70%),B:801.5(1.71%),P:1e-17	Tpos:268.7,Tstd:189.4,Bpos:245.4,Bstd:142.3,StrandBias:0.4,Multiplicity:1.03
0.001	0.056	0.852	0.091
0.808	0.081	0.081	0.030
0.024	0.099	0.075	0.802
0.091	0.030	0.085	0.794
0.030	0.065	0.820	0.085
0.889	0.061	0.020	0.030
0.060	0.001	0.897	0.042
0.051	0.165	0.030	0.754
0.081	0.784	0.044	0.091
0.854	0.091	0.001	0.054
0.061	0.816	0.032	0.091
0.002	0.030	0.030	0.938
>ACCCCCCCCCCC	9-ACCCCCCCCCCC	6.725223	-37.947788	0	T:673.0(32.31%),B:11332.2(24.19%),P:1e-16	Tpos:346.3,Tstd:332.2,Bpos:237.3,Bstd:145.1,StrandBias:0.1,Multiplicity:1.28
0.690	0.001	0.132	0.177
0.118	0.535	0.225	0.122
0.118	0.563	0.124	0.195
0.056	0.635	0.131	0.178
0.146	0.612	0.063	0.179
0.127	0.502	0.224	0.147
0.062	0.570	0.181	0.187
0.109	0.553	0.132	0.206
0.123	0.637	0.001	0.239
0.062	0.745	0.065	0.128
0.130	0.681	0.071	0.118
0.138	0.665	0.078	0.119
>CCGCCTGCAAAT	10-CCGCCTGCAAAT	13.727305	-32.306553	0	T:11.0(0.53%),B:6.2(0.01%),P:1e-14	Tpos:196.7,Tstd:185.4,Bpos:237.4,Bstd:116.6,StrandBias:0.3,Multiplicity:1.00
0.001	0.997	0.001	0.001
0.146	0.852	0.001	0.001
0.001	0.001	0.913	0.085
0.001	0.997	0.001	0.001
0.001	0.997	0.001	0.001
0.001	0.146	0.001	0.852
0.001	0.146	0.852	0.001
0.001	0.997	0.001	0.001
0.997	0.001	0.001	0.001
0.674	0.324	0.001	0.001
0.852	0.146	0.001	0.001
0.001	0.001	0.001	0.997
>CCCCCCCCCCCC	11-CCCCCCCCCCCC	6.670474	-29.134848	0	T:672.0(32.26%),B:11789.5(25.17%),P:1e-12	Tpos:348.3,Tstd:313.4,Bpos:235.4,Bstd:142.0,StrandBias:-0.1,Multiplicity:1.58
0.070	0.824	0.070	0.036
0.053	0.820	0.053	0.074
0.055	0.852	0.043	0.050
0.051	0.839	0.035	0.075
0.054	0.833	0.054	0.059
0.082	0.832	0.032	0.054
0.046	0.847	0.041	0.066
0.054	0.830	0.056	0.060
0.071	0.852	0.046	0.031
0.061	0.839	0.045	0.055
0.079	0.803	0.066	0.052
0.061	0.831	0.043	0.065
>CCTGCGCCTCTC	12-CCTGCGCCTCTC	14.779135	-27.079211	0	T:10.0(0.48%),B:7.9(0.02%),P:1e-11	Tpos:331.9,Tstd:236.8,Bpos:159.1,Bstd:143.6,StrandBias:-1.0,Multiplicity:1.00
0.001	0.997	0.001	0.001
0.001	0.997	0.001	0.001
0.001	0.001	0.001	0.997
0.001	0.001	0.997	0.001
0.001	0.997	0.001	0.001
0.001	0.001	0.997	0.001
0.001	0.997	0.001	0.001
0.001	0.997	0.001	0.001
0.001	0.184	0.001	0.814
0.001	0.875	0.123	0.001
0.001	0.001	0.001	0.997
0.001	0.997	0.001	0.001
>GCCTGCCTGTCT	13-GCCTGCCTGTCT	9.806176	-26.964726	0	T:35.0(1.68%),B:182.3(0.39%),P:1e-11	Tpos:250.3,Tstd:190.3,Bpos:240.1,Bstd:149.3,StrandBias:0.4,Multiplicity:1.09
0.115	0.091	0.691	0.103
0.120	0.762	0.087	0.031
0.070	0.903	0.001	0.026
0.122	0.022	0.001	0.855
0.030	0.160	0.711	0.099
0.208	0.526	0.072	0.194
0.253	0.701	0.035	0.011
0.348	0.033	0.001	0.618
0.250	0.039	0.481	0.230
0.181	0.224	0.205	0.390
0.205	0.407	0.183	0.206
0.266	0.018	0.051	0.665
>ATTCCTGSAAAT	14-ATTCCTGSAAAT	13.095277	-22.379263	0	T:15.0(0.72%),B:36.9(0.08%),P:1e-9	Tpos:182.8,Tstd:140.6,Bpos:188.2,Bstd:114.8,StrandBias:-0.2,Multiplicity:1.00
0.802	0.196	0.001	0.001
0.001	0.001	0.200	0.798
0.001	0.001	0.001	0.997
0.001	0.997	0.001	0.001
0.001	0.798	0.001	0.200
0.134	0.001	0.001	0.864
0.001	0.001	0.997	0.001
0.011	0.537	0.451	0.001
0.997	0.001	0.001	0.001
0.798	0.001	0.001	0.200
0.775	0.223	0.001	0.001
0.001	0.001	0.022	0.976
>GTGGKKTGGGGT	15-GTGGKKTGGGGT	10.048982	-22.185057	0	T:70.0(3.36%),B:676.0(1.44%),P:1e-9	Tpos:263.3,Tstd:228.3,Bpos:232.4,Bstd:143.3,StrandBias:0.5,Multiplicity:1.00
0.001	0.001	0.755	0.243
0.001	0.001	0.080	0.918
0.181	0.001	0.817	0.001
0.001	0.001	0.997	0.001
0.001	0.001	0.532	0.466
0.001	0.001	0.499	0.499
0.001	0.001	0.001	0.997
0.287	0.143	0.569	0.001
0.203	0.001	0.683	0.113
0.335	0.001	0.663	0.001
0.001	0.001	0.997	0.001
0.001	0.001	0.001	0.997
>GGGTGACGTCAC	16-GGGTGACGTCAC	9.030446	-20.577567	0	T:71.0(3.41%),B:717.6(1.53%),P:1e-8	Tpos:303.1,Tstd:333.9,Bpos:239.2,Bstd:152.5,StrandBias:0.1,Multiplicity:1.03
0.060	0.063	0.781	0.096
0.073	0.028	0.886	0.013
0.128	0.057	0.814	0.001
0.053	0.033	0.033	0.881
0.001	0.001	0.966	0.032
0.863	0.033	0.078	0.026
0.080	0.750	0.091	0.079
0.083	0.127	0.708	0.082
0.033	0.033	0.002	0.932
0.001	0.899	0.067	0.033
0.740	0.100	0.033	0.127
0.001	0.794	0.116	0.089
>ACAACTCACCAC	17-ACAACTCACCAC	14.186379	-20.394736	0	T:5.0(0.24%),B:1.8(0.00%),P:1e-8	Tpos:84.1,Tstd:68.5,Bpos:109.8,Bstd:73.5,StrandBias:2.0,Multiplicity:2.00
0.997	0.001	0.001	0.001
0.001	0.997	0.001	0.001
0.997	0.001	0.001	0.001
0.997	0.001	0.001	0.001
0.001	0.997	0.001	0.001
0.001	0.001	0.001	0.997
0.001	0.899	0.001	0.099
0.997	0.001	0.001	0.001
0.001	0.997	0.001	0.001
0.001	0.899	0.099	0.001
0.997	0.001	0.001	0.001
0.001	0.997	0.001	0.001
>CATTGATCTCGT	18-CATTGATCTCGT	13.902123	-20.230706	0	T:8.0(0.38%),B:7.7(0.02%),P:1e-8	Tpos:247.8,Tstd:167.7,Bpos:239.9,Bstd:124.5,StrandBias:1.6,Multiplicity:1.00
0.001	0.997	0.001	0.001
0.832	0.001	0.001	0.166
0.001	0.001	0.001	0.997
0.001	0.166	0.001	0.832
0.001	0.166	0.832	0.001
0.997	0.001	0.001	0.001
0.001	0.001	0.001	0.997
0.166	0.832	0.001	0.001
0.166	0.001	0.001	0.832
0.001	0.997	0.001	0.001
0.001	0.166	0.832	0.001
0.001	0.001	0.001	0.997
>CCCTGGCAGTWG	19-CCCTGGCAGTWG	13.376517	-20.152322	0	T:11.0(0.53%),B:20.0(0.04%),P:1e-8	Tpos:219.7,Tstd:182.9,Bpos:248.0,Bstd:131.1,StrandBias:-0.8,Multiplicity:1.00
0.001	0.623	0.375	0.001
0.001	0.869	0.001	0.129
0.163	0.835	0.001	0.001
0.001	0.001	0.001	0.997
0.001	0.164	0.507	0.328
0.001	0.001	0.997	0.001
0.001	0.997	0.001	0.001
0.997	0.001	0.001	0.001
0.001	0.001	0.997	0.001
0.001	0.001	0.001	0.997
0.525	0.001	0.001	0.473
0.163	0.001	0.835	0.001
>AAGGGGTGGCAT	20-AAGGGGTGGCAT	10.162388	-17.264052	0	T:47.0(2.26%),B:426.0(0.91%),P:1e-7	Tpos:361.9,Tstd:356.9,Bpos:245.2,Bstd:135.5,StrandBias:-0.1,Multiplicity:1.00
0.494	0.178	0.196	0.132
0.675	0.001	0.053	0.271
0.003	0.001	0.943	0.053
0.001	0.203	0.707	0.089
0.001	0.058	0.806	0.135
0.116	0.023	0.860	0.001
0.001	0.001	0.001	0.997
0.042	0.001	0.904	0.053
0.036	0.001	0.955	0.008
0.001	0.640	0.358	0.001
0.855	0.059	0.001	0.085
0.053	0.055	0.096	0.796
>GCGCATGCGCCG	21-GCGCATGCGCCG	10.239317	-16.618466	0	T:55.0(2.64%),B:550.9(1.18%),P:1e-7	Tpos:340.8,Tstd:275.6,Bpos:240.0,Bstd:164.9,StrandBias:-0.2,Multiplicity:1.24
0.001	0.001	0.997	0.001
0.001	0.853	0.001	0.145
0.098	0.001	0.900	0.001
0.001	0.997	0.001	0.001
0.652	0.163	0.051	0.134
0.085	0.064	0.064	0.787
0.001	0.001	0.997	0.001
0.001	0.883	0.001	0.115
0.065	0.001	0.869	0.065
0.001	0.997	0.001	0.001
0.189	0.407	0.250	0.153
0.141	0.026	0.687	0.146
>GCTCCCTGAGAC	22-GCTCCCTGAGAC	14.920473	-16.080297	0	T:7.0(0.34%),B:8.5(0.02%),P:1e-6	Tpos:116.0,Tstd:67.1,Bpos:248.4,Bstd:139.9,StrandBias:-2.6,Multiplicity:1.00
0.186	0.001	0.812	0.001
0.001	0.997	0.001	0.001
0.001	0.001	0.001	0.997
0.001	0.997	0.001	0.001
0.001	0.997	0.001	0.001
0.001	0.997	0.001	0.001
0.001	0.001	0.001	0.997
0.001	0.001	0.997	0.001
0.997	0.001	0.001	0.001
0.001	0.001	0.997	0.001
0.997	0.001	0.001	0.001
0.001	0.997	0.001	0.001
>ATCACCATAGAA	23-ATCACCATAGAA	12.355432	-3.135238	0	T:1.0(0.05%),B:1.7(0.00%),P:1e-1	Tpos:63.0,Tstd:29.7,Bpos:55.0,Bstd:0.0,StrandBias:10.0,Multiplicity:5.00
0.700	0.100	0.100	0.100
0.100	0.100	0.100	0.700
0.100	0.700	0.100	0.100
0.700	0.100	0.100	0.100
0.100	0.700	0.100	0.100
0.100	0.700	0.100	0.100
0.700	0.100	0.100	0.100
0.100	0.100	0.100	0.700
0.700	0.100	0.100	0.100
0.100	0.100	0.700	0.100
0.700	0.100	0.100	0.100
0.700	0.100	0.100	0.100
>GCTCAGTGATGG	24-GCTCAGTGATGG	10.409522	-2.595801	0	T:12.0(0.58%),B:167.2(0.36%),P:1e-1	Tpos:223.7,Tstd:165.0,Bpos:236.2,Bstd:132.0,StrandBias:1.8,Multiplicity:1.92
0.100	0.100	0.700	0.100
0.100	0.700	0.100	0.100
0.100	0.100	0.100	0.700
0.100	0.700	0.100	0.100
0.700	0.100	0.100	0.100
0.100	0.100	0.700	0.100
0.100	0.100	0.100	0.700
0.100	0.100	0.700	0.100
0.700	0.100	0.100	0.100
0.100	0.100	0.100	0.700
0.100	0.100	0.700	0.100
0.100	0.100	0.700	0.100
>GCATCACAGGCC	25-GCATCACAGGCC	12.355432	-2.464065	0	T:1.0(0.05%),B:2.3(0.00%),P:1e-1	Tpos:267.2,Tstd:99.4,Bpos:177.0,Bstd:69.6,StrandBias:10.0,Multiplicity:6.00
0.100	0.100	0.700	0.100
0.100	0.700	0.100	0.100
0.700	0.100	0.100	0.100
0.100	0.100	0.100	0.700
0.100	0.700	0.100	0.100
0.700	0.100	0.100	0.100
0.100	0.700	0.100	0.100
0.700	0.100	0.100	0.100
0.100	0.100	0.700	0.100
0.100	0.100	0.700	0.100
0.100	0.700	0.100	0.100
0.100	0.700	0.100	0.100
>TGAGTCAT	1-TGAGTCAT	8.956271	-97.754055	0	T:229.0(10.99%),B:1834.7(3.92%),P:1e-42	Tpos:286.1,Tstd:220.6,Bpos:239.8,Bstd:138.6,StrandBias:-0.0,Multiplicity:1.10
0.001	0.001	0.001	0.997
0.001	0.001	0.997	0.001
0.997	0.001	0.001	0.001
0.001	0.321	0.677	0.001
0.001	0.001	0.001	0.997
0.001	0.997	0.001	0.001
0.997	0.001	0.001	0.001
0.001	0.178	0.163	0.658
>CTTCCTGT	2-CTTCCTGT	7.829923	-73.782488	0	T:429.0(20.60%),B:5387.5(11.50%),P:1e-32	Tpos:288.9,Tstd:225.1,Bpos:239.5,Bstd:140.1,StrandBias:0.3,Multiplicity:1.21
0.001	0.727	0.001	0.271
0.105	0.001	0.001	0.893
0.001	0.001	0.001	0.997
0.001	0.997	0.001	0.001
0.001	0.997	0.001	0.001
0.001	0.001	0.001	0.997
0.060	0.001	0.938	0.001
0.001	0.001	0.001	0.997
>CGYGGTTW	3-CGYGGTTW	5.840743	-67.484133	0	T:490.0(23.52%),B:6644.9(14.18%),P:1e-29	Tpos:317.7,Tstd:277.3,Bpos:238.3,Bstd:147.4,StrandBias:0.1,Multiplicity:1.20
0.299	0.602	0.005	0.094
0.047	0.066	0.877	0.010
0.001	0.504	0.001	0.494
0.001	0.046	0.952	0.001
0.287	0.032	0.622	0.059
0.070	0.093	0.001	0.836
0.130	0.050	0.001	0.819
0.388	0.096	0.003	0.513
>ACDTCCGG	4-ACDTCCGG	6.007525	-56.732550	0	T:725.0(34.81%),B:11542.8(24.64%),P:1e-24	Tpos:320.1,Tstd:270.2,Bpos:239.4,Bstd:146.3,StrandBias:-0.2,Multiplicity:1.28
0.895	0.080	0.001	0.024
0.081	0.879	0.001	0.039
0.364	0.099	0.239	0.298
0.050	0.168	0.087	0.695
0.012	0.912	0.075	0.001
0.001	0.997	0.001	0.001
0.001	0.022	0.622	0.355
0.034	0.001	0.753	0.212
>GAGKAAAY	5-GAGKAAAY	5.969385	-55.874613	0	T:910.0(43.69%),B:15397.7(32.87%),P:1e-24	Tpos:312.1,Tstd:266.3,Bpos:237.0,Bstd:143.0,StrandBias:0.0,Multiplicity:1.38
0.266	0.160	0.573	0.001
0.509	0.325	0.090	0.076
0.001	0.129	0.869	0.001
0.025	0.163	0.432	0.380
0.773	0.120	0.106	0.001
0.949	0.001	0.001	0.049
0.583	0.047	0.369	0.001
0.051	0.459	0.001	0.489
>CTTTGAWG	6-CTTTGAWG	8.415621	-55.501743	0	T:374.0(17.95%),B:4906.2(10.47%),P:1e-24	Tpos:304.1,Tstd:241.1,Bpos:238.7,Bstd:144.7,StrandBias:-0.1,Multiplicity:1.11
0.001	0.997	0.001	0.001
0.001	0.001	0.001	0.997
0.001	0.001	0.001	0.997
0.001	0.001	0.001	0.997
0.001	0.001	0.997	0.001
0.997	0.001	0.001	0.001
0.471	0.017	0.001	0.511
0.149	0.241	0.582	0.028
>TTTCVCTT	7-TTTCVCTT	7.200120	-39.149878	0	T:503.0(24.15%),B:7877.8(16.82%),P:1e-17	Tpos:321.7,Tstd:277.6,Bpos:235.2,Bstd:146.9,StrandBias:0.2,Multiplicity:1.19
0.001	0.057	0.001	0.941
0.001	0.001	0.199	0.799
0.001	0.262	0.001	0.736
0.069	0.854	0.076	0.001
0.381	0.335	0.282	0.001
0.096	0.557	0.200	0.147
0.001	0.001	0.159	0.839
0.076	0.001	0.001	0.922
>TBATGTGG	8-TBATGTGG	7.330041	-33.464830	0	T:354.0(16.99%),B:5258.4(11.22%),P:1e-14	Tpos:273.1,Tstd:212.9,Bpos:239.5,Bstd:136.5,StrandBias:0.1,Multiplicity:1.13
0.225	0.054	0.145	0.576
0.001	0.324	0.331	0.343
0.624	0.001	0.001	0.374
0.001	0.079	0.001	0.919
0.001	0.001	0.997	0.001
0.001	0.229	0.001	0.769
0.001	0.001	0.997	0.001
0.179	0.107	0.713	0.001
>GCTTTTTC	9-GCTTTTTC	6.686867	-28.253139	0	T:600.0(28.80%),B:10354.9(22.10%),P:1e-12	Tpos:307.5,Tstd:260.9,Bpos:236.5,Bstd:144.9,StrandBias:-0.1,Multiplicity:1.21
0.026	0.001	0.972	0.001
0.001	0.790	0.001	0.208
0.001	0.178	0.010	0.811
0.108	0.001	0.001	0.890
0.013	0.001	0.001	0.985
0.001	0.241	0.202	0.556
0.001	0.001	0.001	0.997
0.001	0.917	0.007	0.075
>ATGCCTAG	10-ATGCCTAG	6.924182	-27.697089	0	T:146.0(7.01%),B:1746.5(3.73%),P:1e-12	Tpos:286.3,Tstd:253.5,Bpos:241.9,Bstd:138.5,StrandBias:-0.0,Multiplicity:1.04
0.997	0.001	0.001	0.001
0.001	0.318	0.021	0.660
0.001	0.001	0.997	0.001
0.070	0.928	0.001	0.001
0.001	0.997	0.001	0.001
0.001	0.001	0.001	0.997
0.808	0.190	0.001	0.001
0.001	0.001	0.997	0.001
>CCCCCCCC	11-CCCCCCCC	6.291044	-24.890584	0	T:871.0(41.81%),B:16288.3(34.77%),P:1e-10	Tpos:348.7,Tstd:306.3,Bpos:235.9,Bstd:144.3,StrandBias:-0.1,Multiplicity:1.95
0.100	0.700	0.100	0.100
0.100	0.700	0.100	0.100
0.100	0.700	0.100	0.100
0.100	0.700	0.100	0.100
0.100	0.700	0.100	0.100
0.100	0.700	0.100	0.100
0.100	0.700	0.100	0.100
0.100	0.700	0.100	0.100
>CAGGGGGC	12-CAGGGGGC	8.744670	-24.311343	0	T:225.0(10.80%),B:3219.9(6.87%),P:1e-10	Tpos:330.5,Tstd:317.7,Bpos:238.9,Bstd:142.3,StrandBias:0.0,Multiplicity:1.12
0.001	0.997	0.001	0.001
0.997	0.001	0.001	0.001
0.001	0.129	0.869	0.001
0.242	0.001	0.756	0.001
0.001	0.001	0.997	0.001
0.001	0.001	0.997	0.001
0.001	0.001	0.997	0.001
0.001	0.997	0.001	0.001
>ATCACGTG	13-ATCACGTG	5.520467	-23.082505	0	T:420.0(20.16%),B:7005.4(14.95%),P:1e-10	Tpos:310.6,Tstd:249.0,Bpos:235.7,Bstd:150.0,StrandBias:0.1,Multiplicity:1.21
0.660	0.147	0.147	0.046
0.001	0.221	0.063	0.715
0.239	0.523	0.167	0.071
0.675	0.082	0.036	0.207
0.001	0.924	0.001	0.074
0.003	0.001	0.995	0.001
0.184	0.104	0.001	0.711
0.064	0.018	0.834	0.084
>TTCCCCTC	14-TTCCCCTC	8.692288	-17.630738	0	T:176.0(8.45%),B:2575.4(5.50%),P:1e-7	Tpos:303.2,Tstd:236.9,Bpos:235.4,Bstd:143.5,StrandBias:-0.2,Multiplicity:1.08
0.001	0.001	0.001	0.997
0.001	0.001	0.001	0.997
0.001	0.997	0.001	0.001
0.001	0.881	0.117	0.001
0.207	0.791	0.001	0.001
0.001	0.997	0.001	0.001
0.001	0.001	0.001	0.997
0.001	0.997	0.001	0.001
