>TGAGTCAT	1-TGAGTCAT	8.956271	-97.754055	0	T:229.0(10.99%),B:1834.7(3.92%),P:1e-42	Tpos:286.1,Tstd:220.6,Bpos:239.8,Bstd:138.6,StrandBias:-0.0,Multiplicity:1.10
0.001	0.001	0.001	0.997
0.001	0.001	0.997	0.001
0.997	0.001	0.001	0.001
0.001	0.321	0.677	0.001
0.001	0.001	0.001	0.997
0.001	0.997	0.001	0.001
0.997	0.001	0.001	0.001
0.001	0.178	0.163	0.658
>CTTCCTGT	2-CTTCCTGT	7.829923	-73.782488	0	T:429.0(20.60%),B:5387.5(11.50%),P:1e-32	Tpos:288.9,Tstd:225.1,Bpos:239.5,Bstd:140.1,StrandBias:0.3,Multiplicity:1.21
0.001	0.727	0.001	0.271
0.105	0.001	0.001	0.893
0.001	0.001	0.001	0.997
0.001	0.997	0.001	0.001
0.001	0.997	0.001	0.001
0.001	0.001	0.001	0.997
0.060	0.001	0.938	0.001
0.001	0.001	0.001	0.997
>CGYGGTTW	3-CGYGGTTW	5.840743	-67.484133	0	T:490.0(23.52%),B:6644.9(14.18%),P:1e-29	Tpos:317.7,Tstd:277.3,Bpos:238.3,Bstd:147.4,StrandBias:0.1,Multiplicity:1.20
0.299	0.602	0.005	0.094
0.047	0.066	0.877	0.010
0.001	0.504	0.001	0.494
0.001	0.046	0.952	0.001
0.287	0.032	0.622	0.059
0.070	0.093	0.001	0.836
0.130	0.050	0.001	0.819
0.388	0.096	0.003	0.513
>ACDTCCGG	4-ACDTCCGG	6.007525	-56.732550	0	T:725.0(34.81%),B:11542.8(24.64%),P:1e-24	Tpos:320.1,Tstd:270.2,Bpos:239.4,Bstd:146.3,StrandBias:-0.2,Multiplicity:1.28
0.895	0.080	0.001	0.024
0.081	0.879	0.001	0.039
0.364	0.099	0.239	0.298
0.050	0.168	0.087	0.695
0.012	0.912	0.075	0.001
0.001	0.997	0.001	0.001
0.001	0.022	0.622	0.355
0.034	0.001	0.753	0.212
>GAGKAAAY	5-GAGKAAAY	5.969385	-55.874613	0	T:910.0(43.69%),B:15397.7(32.87%),P:1e-24	Tpos:312.1,Tstd:266.3,Bpos:237.0,Bstd:143.0,StrandBias:0.0,Multiplicity:1.38
0.266	0.160	0.573	0.001
0.509	0.325	0.090	0.076
0.001	0.129	0.869	0.001
0.025	0.163	0.432	0.380
0.773	0.120	0.106	0.001
0.949	0.001	0.001	0.049
0.583	0.047	0.369	0.001
0.051	0.459	0.001	0.489
>CTTTGAWG	6-CTTTGAWG	8.415621	-55.501743	0	T:374.0(17.95%),B:4906.2(10.47%),P:1e-24	Tpos:304.1,Tstd:241.1,Bpos:238.7,Bstd:144.7,StrandBias:-0.1,Multiplicity:1.11
0.001	0.997	0.001	0.001
0.001	0.001	0.001	0.997
0.001	0.001	0.001	0.997
0.001	0.001	0.001	0.997
0.001	0.001	0.997	0.001
0.997	0.001	0.001	0.001
0.471	0.017	0.001	0.511
0.149	0.241	0.582	0.028
>TTTCVCTT	7-TTTCVCTT	7.200120	-39.149878	0	T:503.0(24.15%),B:7877.8(16.82%),P:1e-17	Tpos:321.7,Tstd:277.6,Bpos:235.2,Bstd:146.9,StrandBias:0.2,Multiplicity:1.19
0.001	0.057	0.001	0.941
0.001	0.001	0.199	0.799
0.001	0.262	0.001	0.736
0.069	0.854	0.076	0.001
0.381	0.335	0.282	0.001
0.096	0.557	0.200	0.147
0.001	0.001	0.159	0.839
0.076	0.001	0.001	0.922
>TBATGTGG	8-TBATGTGG	7.330041	-33.464830	0	T:354.0(16.99%),B:5258.4(11.22%),P:1e-14	Tpos:273.1,Tstd:212.9,Bpos:239.5,Bstd:136.5,StrandBias:0.1,Multiplicity:1.13
0.225	0.054	0.145	0.576
0.001	0.324	0.331	0.343
0.624	0.001	0.001	0.374
0.001	0.079	0.001	0.919
0.001	0.001	0.997	0.001
0.001	0.229	0.001	0.769
0.001	0.001	0.997	0.001
0.179	0.107	0.713	0.001
>GCTTTTTC	9-GCTTTTTC	6.686867	-28.253139	0	T:600.0(28.80%),B:10354.9(22.10%),P:1e-12	Tpos:307.5,Tstd:260.9,Bpos:236.5,Bstd:144.9,StrandBias:-0.1,Multiplicity:1.21
0.026	0.001	0.972	0.001
0.001	0.790	0.001	0.208
0.001	0.178	0.010	0.811
0.108	0.001	0.001	0.890
0.013	0.001	0.001	0.985
0.001	0.241	0.202	0.556
0.001	0.001	0.001	0.997
0.001	0.917	0.007	0.075
>ATGCCTAG	10-ATGCCTAG	6.924182	-27.697089	0	T:146.0(7.01%),B:1746.5(3.73%),P:1e-12	Tpos:286.3,Tstd:253.5,Bpos:241.9,Bstd:138.5,StrandBias:-0.0,Multiplicity:1.04
0.997	0.001	0.001	0.001
0.001	0.318	0.021	0.660
0.001	0.001	0.997	0.001
0.070	0.928	0.001	0.001
0.001	0.997	0.001	0.001
0.001	0.001	0.001	0.997
0.808	0.190	0.001	0.001
0.001	0.001	0.997	0.001
>CCCCCCCC	11-CCCCCCCC	6.291044	-24.890584	0	T:871.0(41.81%),B:16288.3(34.77%),P:1e-10	Tpos:348.7,Tstd:306.3,Bpos:235.9,Bstd:144.3,StrandBias:-0.1,Multiplicity:1.95
0.100	0.700	0.100	0.100
0.100	0.700	0.100	0.100
0.100	0.700	0.100	0.100
0.100	0.700	0.100	0.100
0.100	0.700	0.100	0.100
0.100	0.700	0.100	0.100
0.100	0.700	0.100	0.100
0.100	0.700	0.100	0.100
>CAGGGGGC	12-CAGGGGGC	8.744670	-24.311343	0	T:225.0(10.80%),B:3219.9(6.87%),P:1e-10	Tpos:330.5,Tstd:317.7,Bpos:238.9,Bstd:142.3,StrandBias:0.0,Multiplicity:1.12
0.001	0.997	0.001	0.001
0.997	0.001	0.001	0.001
0.001	0.129	0.869	0.001
0.242	0.001	0.756	0.001
0.001	0.001	0.997	0.001
0.001	0.001	0.997	0.001
0.001	0.001	0.997	0.001
0.001	0.997	0.001	0.001
>ATCACGTG	13-ATCACGTG	5.520467	-23.082505	0	T:420.0(20.16%),B:7005.4(14.95%),P:1e-10	Tpos:310.6,Tstd:249.0,Bpos:235.7,Bstd:150.0,StrandBias:0.1,Multiplicity:1.21
0.660	0.147	0.147	0.046
0.001	0.221	0.063	0.715
0.239	0.523	0.167	0.071
0.675	0.082	0.036	0.207
0.001	0.924	0.001	0.074
0.003	0.001	0.995	0.001
0.184	0.104	0.001	0.711
0.064	0.018	0.834	0.084
>TTCCCCTC	14-TTCCCCTC	8.692288	-17.630738	0	T:176.0(8.45%),B:2575.4(5.50%),P:1e-7	Tpos:303.2,Tstd:236.9,Bpos:235.4,Bstd:143.5,StrandBias:-0.2,Multiplicity:1.08
0.001	0.001	0.001	0.997
0.001	0.001	0.001	0.997
0.001	0.997	0.001	0.001
0.001	0.881	0.117	0.001
0.207	0.791	0.001	0.001
0.001	0.997	0.001	0.001
0.001	0.001	0.001	0.997
0.001	0.997	0.001	0.001
