>YRCTTCCTGT	1-YRCTTCCTGT	8.002039	-125.068838	0	T:593.0(28.47%),B:7053.8(15.06%),P:1e-54	Tpos:298.9,Tstd:231.0,Bpos:238.7,Bstd:140.4,StrandBias:0.1,Multiplicity:1.23
0.171	0.392	0.150	0.287
0.433	0.051	0.459	0.058
0.001	0.554	0.074	0.371
0.129	0.001	0.001	0.869
0.001	0.001	0.001	0.997
0.001	0.991	0.001	0.007
0.001	0.997	0.001	0.001
0.001	0.008	0.084	0.907
0.001	0.172	0.593	0.234
0.052	0.214	0.019	0.715
>ATGASTCATM	2-ATGASTCATM	4.438537	-93.095359	0	T:291.0(13.97%),B:2768.5(5.91%),P:1e-40	Tpos:271.2,Tstd:216.2,Bpos:239.7,Bstd:138.9,StrandBias:-0.0,Multiplicity:1.13
0.515	0.355	0.113	0.017
0.001	0.001	0.001	0.997
0.001	0.001	0.997	0.001
0.997	0.001	0.001	0.001
0.001	0.436	0.562	0.001
0.001	0.001	0.001	0.997
0.001	0.997	0.001	0.001
0.997	0.001	0.001	0.001
0.001	0.253	0.284	0.462
0.427	0.385	0.001	0.187
>CCTCTAGTGG	3-CCTCTAGTGG	8.698764	-75.918094	0	T:125.0(6.00%),B:772.1(1.65%),P:1e-32	Tpos:247.0,Tstd:187.7,Bpos:240.5,Bstd:139.3,StrandBias:0.3,Multiplicity:1.04
0.001	0.997	0.001	0.001
0.199	0.799	0.001	0.001
0.001	0.274	0.001	0.724
0.021	0.970	0.001	0.008
0.001	0.001	0.001	0.997
0.859	0.001	0.139	0.001
0.001	0.037	0.961	0.001
0.014	0.001	0.001	0.984
0.001	0.037	0.961	0.001
0.035	0.001	0.861	0.103
>AACATCAAAG	4-AACATCAAAG	8.178708	-72.413085	0	T:359.0(17.23%),B:4226.2(9.02%),P:1e-31	Tpos:295.6,Tstd:213.4,Bpos:240.0,Bstd:145.6,StrandBias:0.2,Multiplicity:1.14
0.471	0.296	0.154	0.079
0.887	0.001	0.001	0.111
0.001	0.699	0.299	0.001
0.569	0.219	0.001	0.211
0.300	0.025	0.001	0.674
0.163	0.743	0.093	0.001
0.976	0.001	0.001	0.022
0.997	0.001	0.001	0.001
0.997	0.001	0.001	0.001
0.067	0.129	0.803	0.001
>AAGTGAAAGT	5-AAGTGAAAGT	7.789277	-58.894745	0	T:220.0(10.56%),B:2273.0(4.85%),P:1e-25	Tpos:317.1,Tstd:267.1,Bpos:238.2,Bstd:153.0,StrandBias:-0.3,Multiplicity:1.09
0.793	0.048	0.072	0.087
0.807	0.051	0.070	0.072
0.089	0.085	0.729	0.097
0.075	0.116	0.116	0.693
0.036	0.037	0.875	0.052
0.877	0.041	0.039	0.043
0.816	0.088	0.068	0.028
0.907	0.047	0.020	0.026
0.043	0.160	0.719	0.078
0.104	0.050	0.055	0.791
>CGTAAACCAC	6-CGTAAACCAC	5.054028	-48.800687	0	T:607.0(29.14%),B:9514.0(20.31%),P:1e-21	Tpos:318.7,Tstd:271.3,Bpos:236.8,Bstd:144.8,StrandBias:-0.1,Multiplicity:1.24
0.128	0.653	0.105	0.114
0.111	0.096	0.687	0.106
0.119	0.108	0.134	0.639
0.696	0.101	0.098	0.105
0.723	0.108	0.091	0.078
0.717	0.086	0.121	0.076
0.086	0.755	0.071	0.088
0.124	0.712	0.067	0.097
0.684	0.111	0.115	0.090
0.088	0.735	0.098	0.079
>CGCTTCAAAG	7-CGCTTCAAAG	6.308989	-41.829421	0	T:581.0(27.89%),B:9295.4(19.84%),P:1e-18	Tpos:298.0,Tstd:263.9,Bpos:237.4,Bstd:143.6,StrandBias:0.1,Multiplicity:1.19
0.168	0.640	0.138	0.054
0.074	0.112	0.724	0.090
0.060	0.735	0.111	0.094
0.043	0.076	0.025	0.856
0.041	0.079	0.097	0.783
0.021	0.851	0.037	0.091
0.849	0.086	0.021	0.044
0.808	0.052	0.092	0.048
0.930	0.001	0.020	0.049
0.078	0.038	0.831	0.053
>MTGATGTGGT	8-MTGATGTGGT	6.072433	-40.659926	0	T:580.0(27.84%),B:9327.6(19.91%),P:1e-17	Tpos:321.5,Tstd:274.6,Bpos:239.9,Bstd:138.0,StrandBias:0.1,Multiplicity:1.22
0.298	0.421	0.018	0.263
0.116	0.116	0.153	0.615
0.092	0.086	0.765	0.057
0.744	0.088	0.018	0.150
0.014	0.049	0.024	0.913
0.135	0.117	0.598	0.150
0.012	0.170	0.001	0.817
0.073	0.184	0.733	0.010
0.089	0.031	0.840	0.040
0.028	0.052	0.179	0.741
>CCCCCCCCCC	9-CCCCCCCCCC	7.255450	-40.592350	0	T:573.0(27.51%),B:9191.6(19.62%),P:1e-17	Tpos:340.2,Tstd:302.9,Bpos:236.1,Bstd:141.8,StrandBias:-0.1,Multiplicity:1.61
0.083	0.769	0.096	0.052
0.039	0.857	0.038	0.066
0.061	0.824	0.047	0.068
0.038	0.805	0.087	0.070
0.044	0.759	0.073	0.124
0.046	0.779	0.075	0.100
0.066	0.812	0.046	0.076
0.055	0.792	0.050	0.103
0.073	0.828	0.032	0.067
0.077	0.780	0.041	0.102
>TGACGTCAYC	10-TGACGTCAYC	6.606530	-38.810352	0	T:217.0(10.42%),B:2648.9(5.65%),P:1e-16	Tpos:347.5,Tstd:351.3,Bpos:231.7,Bstd:147.9,StrandBias:-0.2,Multiplicity:1.16
0.320	0.016	0.071	0.593
0.001	0.243	0.548	0.208
0.659	0.084	0.256	0.001
0.001	0.935	0.001	0.063
0.054	0.001	0.944	0.001
0.001	0.075	0.092	0.832
0.001	0.846	0.152	0.001
0.899	0.037	0.041	0.023
0.205	0.315	0.031	0.450
0.268	0.422	0.080	0.230
>TTTTTTCCTC	11-TTTTTTCCTC	7.546328	-38.578004	0	T:400.0(19.20%),B:5927.4(12.65%),P:1e-16	Tpos:329.1,Tstd:278.5,Bpos:240.3,Bstd:149.9,StrandBias:-0.0,Multiplicity:1.16
0.071	0.065	0.131	0.733
0.079	0.001	0.080	0.840
0.032	0.031	0.001	0.936
0.049	0.024	0.040	0.887
0.003	0.029	0.001	0.967
0.007	0.044	0.144	0.805
0.094	0.748	0.150	0.008
0.001	0.747	0.001	0.251
0.298	0.001	0.174	0.527
0.001	0.823	0.098	0.078
>GGTTGCTAGG	12-GGTTGCTAGG	7.546389	-38.239994	0	T:195.0(9.36%),B:2298.4(4.91%),P:1e-16	Tpos:284.8,Tstd:223.6,Bpos:241.5,Bstd:139.9,StrandBias:-0.0,Multiplicity:1.05
0.051	0.085	0.721	0.143
0.064	0.001	0.844	0.091
0.001	0.116	0.134	0.749
0.001	0.001	0.021	0.977
0.235	0.001	0.761	0.003
0.063	0.930	0.001	0.006
0.193	0.012	0.150	0.645
0.974	0.001	0.024	0.001
0.071	0.208	0.616	0.105
0.001	0.001	0.796	0.202
>CGGAAATTCC	13-CGGAAATTCC	6.472783	-37.086167	0	T:292.0(14.02%),B:3996.2(8.53%),P:1e-16	Tpos:301.6,Tstd:226.0,Bpos:235.8,Bstd:145.0,StrandBias:-0.1,Multiplicity:1.14
0.043	0.706	0.121	0.130
0.036	0.043	0.868	0.053
0.064	0.045	0.840	0.051
0.771	0.057	0.060	0.112
0.861	0.029	0.052	0.058
0.701	0.080	0.123	0.096
0.045	0.081	0.060	0.814
0.067	0.061	0.069	0.803
0.043	0.849	0.056	0.052
0.084	0.792	0.061	0.063
>CCCGCCTGCA	14-CCCGCCTGCA	8.883752	-30.738454	0	T:107.0(5.14%),B:1072.7(2.29%),P:1e-13	Tpos:390.2,Tstd:338.8,Bpos:242.3,Bstd:150.4,StrandBias:0.5,Multiplicity:1.07
0.041	0.825	0.059	0.075
0.053	0.828	0.038	0.081
0.073	0.830	0.096	0.001
0.001	0.001	0.921	0.077
0.001	0.876	0.110	0.013
0.001	0.979	0.019	0.001
0.021	0.044	0.001	0.934
0.001	0.001	0.997	0.001
0.001	0.928	0.001	0.070
0.916	0.058	0.001	0.025
>YKBCTCTRCA	15-YKBCTCTRCA	7.534980	-27.743341	0	T:168.0(8.07%),B:2111.0(4.51%),P:1e-12	Tpos:285.2,Tstd:270.7,Bpos:242.9,Bstd:143.6,StrandBias:0.3,Multiplicity:1.11
0.069	0.459	0.157	0.315
0.210	0.065	0.329	0.395
0.092	0.253	0.395	0.260
0.088	0.854	0.024	0.034
0.052	0.148	0.175	0.625
0.026	0.598	0.337	0.039
0.041	0.138	0.025	0.796
0.307	0.143	0.407	0.143
0.039	0.904	0.037	0.020
0.645	0.022	0.060	0.273
>CGCAGGATGT	16-CGCAGGATGT	10.119248	-25.382165	0	T:37.0(1.78%),B:215.0(0.46%),P:1e-11	Tpos:273.4,Tstd:223.6,Bpos:238.9,Bstd:141.6,StrandBias:0.2,Multiplicity:1.00
0.026	0.850	0.104	0.020
0.016	0.001	0.954	0.029
0.001	0.849	0.112	0.038
0.847	0.057	0.001	0.095
0.001	0.001	0.997	0.001
0.001	0.001	0.997	0.001
0.755	0.161	0.083	0.001
0.001	0.001	0.161	0.837
0.001	0.035	0.963	0.001
0.001	0.001	0.001	0.997
>TTGTGACTAA	17-TTGTGACTAA	7.913794	-25.372757	0	T:99.0(4.75%),B:1050.2(2.24%),P:1e-11	Tpos:293.6,Tstd:211.0,Bpos:237.7,Bstd:143.3,StrandBias:-0.1,Multiplicity:1.05
0.099	0.047	0.015	0.839
0.162	0.209	0.113	0.516
0.056	0.195	0.644	0.105
0.168	0.011	0.022	0.799
0.076	0.066	0.842	0.016
0.723	0.114	0.122	0.041
0.019	0.660	0.274	0.047
0.184	0.134	0.082	0.600
0.637	0.001	0.338	0.024
0.802	0.064	0.104	0.030
>CAAGCGGAAT	18-CAAGCGGAAT	10.910817	-24.416394	0	T:15.0(0.72%),B:31.9(0.07%),P:1e-10	Tpos:197.9,Tstd:171.4,Bpos:228.7,Bstd:142.9,StrandBias:-1.3,Multiplicity:1.00
0.092	0.906	0.001	0.001
0.997	0.001	0.001	0.001
0.874	0.001	0.124	0.001
0.001	0.001	0.997	0.001
0.001	0.997	0.001	0.001
0.001	0.082	0.916	0.001
0.001	0.001	0.997	0.001
0.997	0.001	0.001	0.001
0.997	0.001	0.001	0.001
0.001	0.179	0.001	0.819
>GCGTAACTGT	19-GCGTAACTGT	7.720544	-22.369161	0	T:70.0(3.36%),B:672.2(1.43%),P:1e-9	Tpos:326.5,Tstd:260.4,Bpos:233.4,Bstd:147.4,StrandBias:-0.1,Multiplicity:1.00
0.003	0.056	0.766	0.175
0.041	0.865	0.030	0.064
0.008	0.049	0.942	0.001
0.096	0.143	0.171	0.590
0.964	0.001	0.034	0.001
0.693	0.001	0.159	0.147
0.001	0.841	0.157	0.001
0.001	0.230	0.001	0.768
0.001	0.060	0.808	0.131
0.003	0.202	0.017	0.778
>CTGCCCACCG	20-CTGCCCACCG	10.945189	-17.516498	0	T:21.0(1.01%),B:105.6(0.23%),P:1e-7	Tpos:316.7,Tstd:306.4,Bpos:238.5,Bstd:145.4,StrandBias:0.3,Multiplicity:1.05
0.001	0.997	0.001	0.001
0.001	0.001	0.001	0.997
0.070	0.001	0.928	0.001
0.001	0.997	0.001	0.001
0.207	0.791	0.001	0.001
0.001	0.997	0.001	0.001
0.997	0.001	0.001	0.001
0.001	0.997	0.001	0.001
0.001	0.997	0.001	0.001
0.001	0.001	0.997	0.001
>TGCGCATGCG	21-TGCGCATGCG	9.091663	-16.158094	0	T:48.0(2.30%),B:456.7(0.97%),P:1e-7	Tpos:335.9,Tstd:318.4,Bpos:233.6,Bstd:154.5,StrandBias:-0.2,Multiplicity:1.11
0.166	0.227	0.028	0.579
0.001	0.001	0.997	0.001
0.001	0.997	0.001	0.001
0.268	0.189	0.542	0.001
0.001	0.997	0.001	0.001
0.960	0.001	0.001	0.038
0.216	0.001	0.001	0.782
0.001	0.001	0.997	0.001
0.001	0.932	0.001	0.066
0.001	0.001	0.997	0.001
>GACGCCCAAC	22-GACGCCCAAC	12.289439	-13.854870	0	T:6.0(0.29%),B:7.6(0.02%),P:1e-6	Tpos:187.7,Tstd:98.7,Bpos:228.7,Bstd:102.7,StrandBias:0.0,Multiplicity:1.00
0.001	0.001	0.997	0.001
0.997	0.001	0.001	0.001
0.001	0.997	0.001	0.001
0.001	0.001	0.997	0.001
0.213	0.785	0.001	0.001
0.001	0.997	0.001	0.001
0.001	0.997	0.001	0.001
0.997	0.001	0.001	0.001
0.997	0.001	0.001	0.001
0.001	0.997	0.001	0.001
>ACCACAGCTT	23-ACCACAGCTT	7.646044	-13.309364	0	T:241.0(11.57%),B:4012.5(8.56%),P:1e-5	Tpos:286.7,Tstd:246.0,Bpos:236.8,Bstd:141.1,StrandBias:-0.1,Multiplicity:1.07
0.896	0.102	0.001	0.001
0.095	0.612	0.148	0.145
0.067	0.877	0.055	0.001
0.809	0.006	0.184	0.001
0.132	0.657	0.147	0.064
0.639	0.111	0.001	0.249
0.029	0.046	0.924	0.001
0.121	0.746	0.069	0.064
0.001	0.139	0.001	0.859
0.001	0.001	0.001	0.997
>GTGGCTCAGT	24-GTGGCTCAGT	10.296193	-4.241648	0	T:9.0(0.43%),B:84.2(0.18%),P:1e-1	Tpos:183.4,Tstd:87.7,Bpos:229.2,Bstd:129.9,StrandBias:1.6,Multiplicity:2.22
0.100	0.100	0.700	0.100
0.100	0.100	0.100	0.700
0.100	0.100	0.700	0.100
0.100	0.100	0.700	0.100
0.100	0.700	0.100	0.100
0.100	0.100	0.100	0.700
0.100	0.700	0.100	0.100
0.700	0.100	0.100	0.100
0.100	0.100	0.700	0.100
0.100	0.100	0.100	0.700
