>ACAGGAAGTKVW	1-ACAGGAAGTKVW	8.352325	-131.764490	0	T:490.0(23.52%),B:5197.1(11.09%),P:1e-57	Tpos:290.9,Tstd:218.5,Bpos:238.9,Bstd:138.4,StrandBias:0.0,Multiplicity:1.19
0.601	0.022	0.333	0.044
0.250	0.492	0.170	0.088
0.997	0.001	0.001	0.001
0.001	0.001	0.997	0.001
0.001	0.001	0.997	0.001
0.997	0.001	0.001	0.001
0.707	0.001	0.137	0.155
0.384	0.001	0.614	0.001
0.066	0.376	0.001	0.557
0.171	0.162	0.300	0.367
0.236	0.262	0.345	0.157
0.334	0.154	0.175	0.337
>GCCCYCTGGTGG	2-GCCCYCTGGTGG	10.271602	-116.462390	0	T:114.0(5.47%),B:419.5(0.90%),P:1e-50	Tpos:236.9,Tstd:138.1,Bpos:228.6,Bstd:143.2,StrandBias:0.2,Multiplicity:1.04
0.001	0.001	0.943	0.055
0.001	0.997	0.001	0.001
0.001	0.997	0.001	0.001
0.418	0.580	0.001	0.001
0.001	0.467	0.001	0.531
0.001	0.997	0.001	0.001
0.079	0.001	0.001	0.919
0.353	0.001	0.606	0.040
0.001	0.194	0.720	0.085
0.001	0.001	0.001	0.997
0.001	0.001	0.997	0.001
0.001	0.001	0.960	0.038
>NBNVTGASTCAY	3-NBNVTGASTCAY	8.785820	-91.488554	0	T:229.0(10.99%),B:1911.6(4.08%),P:1e-39	Tpos:265.6,Tstd:208.5,Bpos:237.8,Bstd:138.3,StrandBias:0.1,Multiplicity:1.11
0.211	0.217	0.279	0.294
0.001	0.266	0.371	0.362
0.247	0.247	0.321	0.184
0.383	0.303	0.276	0.038
0.001	0.001	0.001	0.997
0.001	0.001	0.997	0.001
0.997	0.001	0.001	0.001
0.048	0.439	0.472	0.040
0.001	0.001	0.001	0.997
0.163	0.835	0.001	0.001
0.997	0.001	0.001	0.001
0.113	0.277	0.223	0.387
>ACTTTCACTTTC	4-ACTTTCACTTTC	9.510564	-73.385840	0	T:151.0(7.25%),B:1104.3(2.36%),P:1e-31	Tpos:320.3,Tstd:257.1,Bpos:232.3,Bstd:150.8,StrandBias:0.5,Multiplicity:1.11
0.718	0.131	0.006	0.145
0.009	0.724	0.227	0.040
0.016	0.001	0.016	0.967
0.016	0.115	0.073	0.796
0.102	0.015	0.001	0.882
0.076	0.827	0.050	0.047
0.726	0.110	0.032	0.132
0.006	0.541	0.228	0.225
0.072	0.104	0.001	0.823
0.010	0.033	0.018	0.939
0.001	0.206	0.049	0.744
0.070	0.618	0.188	0.124
>CCTTTGTGGTTT	5-CCTTTGTGGTTT	9.616213	-52.822191	0	T:111.0(5.33%),B:825.4(1.76%),P:1e-22	Tpos:296.4,Tstd:244.7,Bpos:235.5,Bstd:136.4,StrandBias:0.2,Multiplicity:1.05
0.221	0.463	0.122	0.195
0.118	0.626	0.001	0.255
0.060	0.187	0.001	0.752
0.001	0.119	0.090	0.790
0.185	0.001	0.143	0.671
0.001	0.040	0.891	0.068
0.001	0.001	0.053	0.945
0.001	0.001	0.997	0.001
0.001	0.001	0.997	0.001
0.001	0.113	0.055	0.831
0.025	0.068	0.001	0.906
0.076	0.069	0.001	0.854
>TCTTTGATGTGG	6-TCTTTGATGTGG	7.408451	-52.315023	0	T:290.0(13.92%),B:3539.1(7.55%),P:1e-22	Tpos:307.4,Tstd:238.7,Bpos:240.6,Bstd:141.2,StrandBias:-0.0,Multiplicity:1.10
0.083	0.101	0.133	0.683
0.037	0.753	0.091	0.119
0.070	0.057	0.035	0.838
0.048	0.095	0.082	0.775
0.101	0.043	0.081	0.775
0.074	0.118	0.718	0.090
0.721	0.098	0.079	0.102
0.122	0.042	0.089	0.747
0.044	0.091	0.767	0.098
0.117	0.019	0.059	0.805
0.098	0.066	0.713	0.123
0.085	0.121	0.709	0.085
>GGGAATTTCCCC	7-GGGAATTTCCCC	8.943869	-47.769950	0	T:99.0(4.75%),B:730.7(1.56%),P:1e-20	Tpos:295.3,Tstd:207.9,Bpos:228.9,Bstd:138.5,StrandBias:0.2,Multiplicity:1.07
0.001	0.001	0.905	0.093
0.032	0.001	0.964	0.003
0.055	0.001	0.907	0.037
0.605	0.035	0.357	0.003
0.669	0.100	0.176	0.055
0.167	0.001	0.001	0.831
0.055	0.055	0.001	0.889
0.001	0.100	0.001	0.898
0.001	0.970	0.001	0.028
0.001	0.997	0.001	0.001
0.165	0.833	0.001	0.001
0.109	0.538	0.001	0.352
>GATTGAGTCACT	8-GATTGAGTCACT	8.587000	-40.533431	0	T:98.0(4.70%),B:801.5(1.71%),P:1e-17	Tpos:268.7,Tstd:189.4,Bpos:245.4,Bstd:142.3,StrandBias:0.4,Multiplicity:1.03
0.001	0.056	0.852	0.091
0.808	0.081	0.081	0.030
0.024	0.099	0.075	0.802
0.091	0.030	0.085	0.794
0.030	0.065	0.820	0.085
0.889	0.061	0.020	0.030
0.060	0.001	0.897	0.042
0.051	0.165	0.030	0.754
0.081	0.784	0.044	0.091
0.854	0.091	0.001	0.054
0.061	0.816	0.032	0.091
0.002	0.030	0.030	0.938
>ACCCCCCCCCCC	9-ACCCCCCCCCCC	6.725223	-37.947788	0	T:673.0(32.31%),B:11332.2(24.19%),P:1e-16	Tpos:346.3,Tstd:332.2,Bpos:237.3,Bstd:145.1,StrandBias:0.1,Multiplicity:1.28
0.690	0.001	0.132	0.177
0.118	0.535	0.225	0.122
0.118	0.563	0.124	0.195
0.056	0.635	0.131	0.178
0.146	0.612	0.063	0.179
0.127	0.502	0.224	0.147
0.062	0.570	0.181	0.187
0.109	0.553	0.132	0.206
0.123	0.637	0.001	0.239
0.062	0.745	0.065	0.128
0.130	0.681	0.071	0.118
0.138	0.665	0.078	0.119
>CCGCCTGCAAAT	10-CCGCCTGCAAAT	13.727305	-32.306553	0	T:11.0(0.53%),B:6.2(0.01%),P:1e-14	Tpos:196.7,Tstd:185.4,Bpos:237.4,Bstd:116.6,StrandBias:0.3,Multiplicity:1.00
0.001	0.997	0.001	0.001
0.146	0.852	0.001	0.001
0.001	0.001	0.913	0.085
0.001	0.997	0.001	0.001
0.001	0.997	0.001	0.001
0.001	0.146	0.001	0.852
0.001	0.146	0.852	0.001
0.001	0.997	0.001	0.001
0.997	0.001	0.001	0.001
0.674	0.324	0.001	0.001
0.852	0.146	0.001	0.001
0.001	0.001	0.001	0.997
>CCCCCCCCCCCC	11-CCCCCCCCCCCC	6.670474	-29.134848	0	T:672.0(32.26%),B:11789.5(25.17%),P:1e-12	Tpos:348.3,Tstd:313.4,Bpos:235.4,Bstd:142.0,StrandBias:-0.1,Multiplicity:1.58
0.070	0.824	0.070	0.036
0.053	0.820	0.053	0.074
0.055	0.852	0.043	0.050
0.051	0.839	0.035	0.075
0.054	0.833	0.054	0.059
0.082	0.832	0.032	0.054
0.046	0.847	0.041	0.066
0.054	0.830	0.056	0.060
0.071	0.852	0.046	0.031
0.061	0.839	0.045	0.055
0.079	0.803	0.066	0.052
0.061	0.831	0.043	0.065
>CCTGCGCCTCTC	12-CCTGCGCCTCTC	14.779135	-27.079211	0	T:10.0(0.48%),B:7.9(0.02%),P:1e-11	Tpos:331.9,Tstd:236.8,Bpos:159.1,Bstd:143.6,StrandBias:-1.0,Multiplicity:1.00
0.001	0.997	0.001	0.001
0.001	0.997	0.001	0.001
0.001	0.001	0.001	0.997
0.001	0.001	0.997	0.001
0.001	0.997	0.001	0.001
0.001	0.001	0.997	0.001
0.001	0.997	0.001	0.001
0.001	0.997	0.001	0.001
0.001	0.184	0.001	0.814
0.001	0.875	0.123	0.001
0.001	0.001	0.001	0.997
0.001	0.997	0.001	0.001
>GCCTGCCTGTCT	13-GCCTGCCTGTCT	9.806176	-26.964726	0	T:35.0(1.68%),B:182.3(0.39%),P:1e-11	Tpos:250.3,Tstd:190.3,Bpos:240.1,Bstd:149.3,StrandBias:0.4,Multiplicity:1.09
0.115	0.091	0.691	0.103
0.120	0.762	0.087	0.031
0.070	0.903	0.001	0.026
0.122	0.022	0.001	0.855
0.030	0.160	0.711	0.099
0.208	0.526	0.072	0.194
0.253	0.701	0.035	0.011
0.348	0.033	0.001	0.618
0.250	0.039	0.481	0.230
0.181	0.224	0.205	0.390
0.205	0.407	0.183	0.206
0.266	0.018	0.051	0.665
>ATTCCTGSAAAT	14-ATTCCTGSAAAT	13.095277	-22.379263	0	T:15.0(0.72%),B:36.9(0.08%),P:1e-9	Tpos:182.8,Tstd:140.6,Bpos:188.2,Bstd:114.8,StrandBias:-0.2,Multiplicity:1.00
0.802	0.196	0.001	0.001
0.001	0.001	0.200	0.798
0.001	0.001	0.001	0.997
0.001	0.997	0.001	0.001
0.001	0.798	0.001	0.200
0.134	0.001	0.001	0.864
0.001	0.001	0.997	0.001
0.011	0.537	0.451	0.001
0.997	0.001	0.001	0.001
0.798	0.001	0.001	0.200
0.775	0.223	0.001	0.001
0.001	0.001	0.022	0.976
>GTGGKKTGGGGT	15-GTGGKKTGGGGT	10.048982	-22.185057	0	T:70.0(3.36%),B:676.0(1.44%),P:1e-9	Tpos:263.3,Tstd:228.3,Bpos:232.4,Bstd:143.3,StrandBias:0.5,Multiplicity:1.00
0.001	0.001	0.755	0.243
0.001	0.001	0.080	0.918
0.181	0.001	0.817	0.001
0.001	0.001	0.997	0.001
0.001	0.001	0.532	0.466
0.001	0.001	0.499	0.499
0.001	0.001	0.001	0.997
0.287	0.143	0.569	0.001
0.203	0.001	0.683	0.113
0.335	0.001	0.663	0.001
0.001	0.001	0.997	0.001
0.001	0.001	0.001	0.997
>GGGTGACGTCAC	16-GGGTGACGTCAC	9.030446	-20.577567	0	T:71.0(3.41%),B:717.6(1.53%),P:1e-8	Tpos:303.1,Tstd:333.9,Bpos:239.2,Bstd:152.5,StrandBias:0.1,Multiplicity:1.03
0.060	0.063	0.781	0.096
0.073	0.028	0.886	0.013
0.128	0.057	0.814	0.001
0.053	0.033	0.033	0.881
0.001	0.001	0.966	0.032
0.863	0.033	0.078	0.026
0.080	0.750	0.091	0.079
0.083	0.127	0.708	0.082
0.033	0.033	0.002	0.932
0.001	0.899	0.067	0.033
0.740	0.100	0.033	0.127
0.001	0.794	0.116	0.089
>ACAACTCACCAC	17-ACAACTCACCAC	14.186379	-20.394736	0	T:5.0(0.24%),B:1.8(0.00%),P:1e-8	Tpos:84.1,Tstd:68.5,Bpos:109.8,Bstd:73.5,StrandBias:2.0,Multiplicity:2.00
0.997	0.001	0.001	0.001
0.001	0.997	0.001	0.001
0.997	0.001	0.001	0.001
0.997	0.001	0.001	0.001
0.001	0.997	0.001	0.001
0.001	0.001	0.001	0.997
0.001	0.899	0.001	0.099
0.997	0.001	0.001	0.001
0.001	0.997	0.001	0.001
0.001	0.899	0.099	0.001
0.997	0.001	0.001	0.001
0.001	0.997	0.001	0.001
>CATTGATCTCGT	18-CATTGATCTCGT	13.902123	-20.230706	0	T:8.0(0.38%),B:7.7(0.02%),P:1e-8	Tpos:247.8,Tstd:167.7,Bpos:239.9,Bstd:124.5,StrandBias:1.6,Multiplicity:1.00
0.001	0.997	0.001	0.001
0.832	0.001	0.001	0.166
0.001	0.001	0.001	0.997
0.001	0.166	0.001	0.832
0.001	0.166	0.832	0.001
0.997	0.001	0.001	0.001
0.001	0.001	0.001	0.997
0.166	0.832	0.001	0.001
0.166	0.001	0.001	0.832
0.001	0.997	0.001	0.001
0.001	0.166	0.832	0.001
0.001	0.001	0.001	0.997
>CCCTGGCAGTWG	19-CCCTGGCAGTWG	13.376517	-20.152322	0	T:11.0(0.53%),B:20.0(0.04%),P:1e-8	Tpos:219.7,Tstd:182.9,Bpos:248.0,Bstd:131.1,StrandBias:-0.8,Multiplicity:1.00
0.001	0.623	0.375	0.001
0.001	0.869	0.001	0.129
0.163	0.835	0.001	0.001
0.001	0.001	0.001	0.997
0.001	0.164	0.507	0.328
0.001	0.001	0.997	0.001
0.001	0.997	0.001	0.001
0.997	0.001	0.001	0.001
0.001	0.001	0.997	0.001
0.001	0.001	0.001	0.997
0.525	0.001	0.001	0.473
0.163	0.001	0.835	0.001
>AAGGGGTGGCAT	20-AAGGGGTGGCAT	10.162388	-17.264052	0	T:47.0(2.26%),B:426.0(0.91%),P:1e-7	Tpos:361.9,Tstd:356.9,Bpos:245.2,Bstd:135.5,StrandBias:-0.1,Multiplicity:1.00
0.494	0.178	0.196	0.132
0.675	0.001	0.053	0.271
0.003	0.001	0.943	0.053
0.001	0.203	0.707	0.089
0.001	0.058	0.806	0.135
0.116	0.023	0.860	0.001
0.001	0.001	0.001	0.997
0.042	0.001	0.904	0.053
0.036	0.001	0.955	0.008
0.001	0.640	0.358	0.001
0.855	0.059	0.001	0.085
0.053	0.055	0.096	0.796
>GCGCATGCGCCG	21-GCGCATGCGCCG	10.239317	-16.618466	0	T:55.0(2.64%),B:550.9(1.18%),P:1e-7	Tpos:340.8,Tstd:275.6,Bpos:240.0,Bstd:164.9,StrandBias:-0.2,Multiplicity:1.24
0.001	0.001	0.997	0.001
0.001	0.853	0.001	0.145
0.098	0.001	0.900	0.001
0.001	0.997	0.001	0.001
0.652	0.163	0.051	0.134
0.085	0.064	0.064	0.787
0.001	0.001	0.997	0.001
0.001	0.883	0.001	0.115
0.065	0.001	0.869	0.065
0.001	0.997	0.001	0.001
0.189	0.407	0.250	0.153
0.141	0.026	0.687	0.146
>GCTCCCTGAGAC	22-GCTCCCTGAGAC	14.920473	-16.080297	0	T:7.0(0.34%),B:8.5(0.02%),P:1e-6	Tpos:116.0,Tstd:67.1,Bpos:248.4,Bstd:139.9,StrandBias:-2.6,Multiplicity:1.00
0.186	0.001	0.812	0.001
0.001	0.997	0.001	0.001
0.001	0.001	0.001	0.997
0.001	0.997	0.001	0.001
0.001	0.997	0.001	0.001
0.001	0.997	0.001	0.001
0.001	0.001	0.001	0.997
0.001	0.001	0.997	0.001
0.997	0.001	0.001	0.001
0.001	0.001	0.997	0.001
0.997	0.001	0.001	0.001
0.001	0.997	0.001	0.001
>ATCACCATAGAA	23-ATCACCATAGAA	12.355432	-3.135238	0	T:1.0(0.05%),B:1.7(0.00%),P:1e-1	Tpos:63.0,Tstd:29.7,Bpos:55.0,Bstd:0.0,StrandBias:10.0,Multiplicity:5.00
0.700	0.100	0.100	0.100
0.100	0.100	0.100	0.700
0.100	0.700	0.100	0.100
0.700	0.100	0.100	0.100
0.100	0.700	0.100	0.100
0.100	0.700	0.100	0.100
0.700	0.100	0.100	0.100
0.100	0.100	0.100	0.700
0.700	0.100	0.100	0.100
0.100	0.100	0.700	0.100
0.700	0.100	0.100	0.100
0.700	0.100	0.100	0.100
>GCTCAGTGATGG	24-GCTCAGTGATGG	10.409522	-2.595801	0	T:12.0(0.58%),B:167.2(0.36%),P:1e-1	Tpos:223.7,Tstd:165.0,Bpos:236.2,Bstd:132.0,StrandBias:1.8,Multiplicity:1.92
0.100	0.100	0.700	0.100
0.100	0.700	0.100	0.100
0.100	0.100	0.100	0.700
0.100	0.700	0.100	0.100
0.700	0.100	0.100	0.100
0.100	0.100	0.700	0.100
0.100	0.100	0.100	0.700
0.100	0.100	0.700	0.100
0.700	0.100	0.100	0.100
0.100	0.100	0.100	0.700
0.100	0.100	0.700	0.100
0.100	0.100	0.700	0.100
>GCATCACAGGCC	25-GCATCACAGGCC	12.355432	-2.464065	0	T:1.0(0.05%),B:2.3(0.00%),P:1e-1	Tpos:267.2,Tstd:99.4,Bpos:177.0,Bstd:69.6,StrandBias:10.0,Multiplicity:6.00
0.100	0.100	0.700	0.100
0.100	0.700	0.100	0.100
0.700	0.100	0.100	0.100
0.100	0.100	0.100	0.700
0.100	0.700	0.100	0.100
0.700	0.100	0.100	0.100
0.100	0.700	0.100	0.100
0.700	0.100	0.100	0.100
0.100	0.100	0.700	0.100
0.100	0.100	0.700	0.100
0.100	0.700	0.100	0.100
0.100	0.700	0.100	0.100
