Factor1: 1.014387953913204
Factor2: 0.9858161230545954
