Factor1: 1.035272194214368
Factor2: 0.965929545474623
