Factor1: 0.910983151647987
Factor2: 1.0977151423612805
