Factor1: 0.9577903124882795
Factor2: 1.0440698626425449
