>CCACTAGGGGGC	1-CCACTAGGGGGC	9.316412	-345.304925	0	T:336.0(10.67%),B:785.9(1.74%),P:1e-149	Tpos:255.3,Tstd:193.8,Bpos:229.8,Bstd:133.5,StrandBias:-0.2,Multiplicity:1.04
0.036	0.881	0.044	0.039
0.009	0.989	0.001	0.001
0.834	0.046	0.035	0.085
0.019	0.848	0.121	0.012
0.145	0.230	0.025	0.600
0.873	0.010	0.067	0.050
0.006	0.001	0.988	0.005
0.265	0.039	0.686	0.010
0.036	0.022	0.635	0.307
0.017	0.010	0.954	0.019
0.039	0.045	0.864	0.052
0.049	0.849	0.040	0.062
>NCACTTCCTGTY	2-NCACTTCCTGTY	8.702009	-173.236879	0	T:600.0(19.05%),B:3863.9(8.55%),P:1e-75	Tpos:282.5,Tstd:220.1,Bpos:229.4,Bstd:132.5,StrandBias:-0.1,Multiplicity:1.13
0.232	0.290	0.204	0.274
0.224	0.436	0.089	0.251
0.682	0.172	0.114	0.032
0.001	0.656	0.077	0.266
0.040	0.024	0.001	0.935
0.001	0.001	0.001	0.997
0.001	0.997	0.001	0.001
0.001	0.997	0.001	0.001
0.001	0.001	0.043	0.955
0.006	0.243	0.637	0.114
0.001	0.290	0.166	0.543
0.110	0.302	0.180	0.407
>TCTTTGAWGTKG	3-TCTTTGAWGTKG	8.489222	-126.828761	0	T:377.0(11.97%),B:2205.7(4.88%),P:1e-55	Tpos:263.5,Tstd:191.4,Bpos:226.9,Bstd:133.5,StrandBias:0.0,Multiplicity:1.10
0.070	0.289	0.188	0.452
0.024	0.768	0.096	0.112
0.001	0.001	0.001	0.997
0.001	0.048	0.056	0.895
0.001	0.001	0.001	0.997
0.070	0.097	0.786	0.047
0.803	0.050	0.001	0.146
0.452	0.001	0.033	0.514
0.054	0.103	0.830	0.013
0.053	0.001	0.080	0.866
0.150	0.001	0.467	0.383
0.197	0.204	0.387	0.212
>DVTGASTCABMN	4-DVTGASTCABMN	9.011697	-116.498427	0	T:250.0(7.94%),B:1191.7(2.64%),P:1e-50	Tpos:264.0,Tstd:215.8,Bpos:222.8,Bstd:133.6,StrandBias:-0.0,Multiplicity:1.08
0.240	0.124	0.271	0.365
0.305	0.285	0.274	0.135
0.279	0.001	0.001	0.719
0.001	0.001	0.997	0.001
0.997	0.001	0.001	0.001
0.001	0.400	0.461	0.138
0.001	0.001	0.001	0.997
0.001	0.997	0.001	0.001
0.997	0.001	0.001	0.001
0.001	0.375	0.330	0.294
0.407	0.340	0.001	0.252
0.302	0.267	0.199	0.232
>GTTTCAGTTTCN	5-GTTTCAGTTTCN	9.180258	-63.125342	0	T:215.0(6.83%),B:1340.8(2.97%),P:1e-27	Tpos:318.9,Tstd:281.1,Bpos:227.7,Bstd:138.8,StrandBias:0.2,Multiplicity:1.08
0.034	0.207	0.651	0.108
0.009	0.073	0.025	0.893
0.012	0.047	0.054	0.887
0.013	0.047	0.026	0.914
0.022	0.842	0.045	0.091
0.864	0.012	0.001	0.123
0.001	0.140	0.698	0.161
0.013	0.060	0.009	0.918
0.035	0.025	0.028	0.912
0.038	0.045	0.032	0.885
0.156	0.436	0.218	0.190
0.262	0.195	0.241	0.301
>CACGCCCCGCCC	6-CACGCCCCGCCC	9.638986	-52.918653	0	T:252.0(8.00%),B:1827.4(4.05%),P:1e-22	Tpos:348.0,Tstd:301.5,Bpos:227.8,Bstd:149.9,StrandBias:0.1,Multiplicity:1.22
0.058	0.807	0.065	0.070
0.699	0.141	0.053	0.107
0.095	0.766	0.083	0.056
0.058	0.041	0.851	0.050
0.022	0.894	0.023	0.061
0.057	0.828	0.046	0.069
0.044	0.924	0.009	0.023
0.066	0.857	0.016	0.061
0.060	0.064	0.711	0.165
0.036	0.919	0.025	0.020
0.022	0.847	0.080	0.051
0.050	0.902	0.001	0.047
>TTTGATCTCTGC	7-TTTGATCTCTGC	9.555137	-52.846884	0	T:120.0(3.81%),B:595.6(1.32%),P:1e-22	Tpos:272.5,Tstd:210.2,Bpos:232.8,Bstd:131.4,StrandBias:0.2,Multiplicity:1.02
0.001	0.001	0.001	0.997
0.001	0.028	0.025	0.946
0.001	0.001	0.042	0.956
0.192	0.086	0.664	0.058
0.924	0.001	0.074	0.001
0.060	0.001	0.001	0.938
0.038	0.721	0.153	0.088
0.001	0.001	0.001	0.997
0.075	0.743	0.107	0.075
0.305	0.001	0.001	0.693
0.001	0.002	0.786	0.211
0.093	0.679	0.209	0.019
>RTWATTTGCATA	8-RTWATTTGCATA	9.919476	-49.361246	0	T:90.0(2.86%),B:384.8(0.85%),P:1e-21	Tpos:277.0,Tstd:239.0,Bpos:215.2,Bstd:136.2,StrandBias:-0.4,Multiplicity:1.03
0.344	0.136	0.424	0.097
0.296	0.129	0.025	0.550
0.336	0.068	0.157	0.440
0.769	0.182	0.048	0.001
0.001	0.001	0.001	0.997
0.001	0.001	0.001	0.997
0.001	0.001	0.001	0.997
0.180	0.040	0.756	0.024
0.043	0.824	0.001	0.132
0.929	0.001	0.001	0.069
0.001	0.001	0.001	0.997
0.728	0.001	0.073	0.198
>AGGCGTGTTCTT	9-AGGCGTGTTCTT	14.158938	-46.880776	0	T:11.0(0.35%),B:1.4(0.00%),P:1e-20	Tpos:317.1,Tstd:132.1,Bpos:433.6,Bstd:6.0,StrandBias:-0.8,Multiplicity:1.00
0.902	0.096	0.001	0.001
0.001	0.001	0.997	0.001
0.001	0.096	0.902	0.001
0.001	0.997	0.001	0.001
0.001	0.001	0.997	0.001
0.001	0.001	0.001	0.997
0.001	0.001	0.997	0.001
0.001	0.001	0.001	0.997
0.001	0.001	0.001	0.997
0.001	0.997	0.001	0.001
0.001	0.001	0.001	0.997
0.001	0.001	0.001	0.997
>AGGGGAAACCCC	10-AGGGGAAACCCC	10.912664	-46.097036	0	T:57.0(1.81%),B:175.2(0.39%),P:1e-20	Tpos:217.5,Tstd:167.4,Bpos:218.4,Bstd:126.8,StrandBias:0.8,Multiplicity:1.04
0.586	0.062	0.123	0.229
0.138	0.001	0.800	0.061
0.111	0.001	0.887	0.001
0.001	0.001	0.997	0.001
0.392	0.001	0.606	0.001
0.997	0.001	0.001	0.001
0.997	0.001	0.001	0.001
0.538	0.100	0.164	0.198
0.001	0.722	0.061	0.216
0.001	0.937	0.001	0.061
0.001	0.997	0.001	0.001
0.044	0.925	0.001	0.030
>CCAATCAGGGCC	11-CCAATCAGGGCC	14.038532	-43.779304	0	T:12.0(0.38%),B:2.8(0.01%),P:1e-19	Tpos:325.7,Tstd:170.8,Bpos:166.9,Bstd:114.5,StrandBias:-1.0,Multiplicity:1.00
0.001	0.997	0.001	0.001
0.001	0.997	0.001	0.001
0.997	0.001	0.001	0.001
0.997	0.001	0.001	0.001
0.001	0.001	0.001	0.997
0.001	0.997	0.001	0.001
0.997	0.001	0.001	0.001
0.001	0.001	0.997	0.001
0.001	0.001	0.997	0.001
0.001	0.001	0.997	0.001
0.001	0.921	0.077	0.001
0.001	0.997	0.001	0.001
>GCAAACCACAAA	12-GCAAACCACAAA	9.550206	-42.420713	0	T:120.0(3.81%),B:681.8(1.51%),P:1e-18	Tpos:267.8,Tstd:216.0,Bpos:223.6,Bstd:141.1,StrandBias:0.6,Multiplicity:1.03
0.047	0.025	0.843	0.085
0.127	0.731	0.069	0.073
0.837	0.076	0.001	0.086
0.887	0.060	0.021	0.032
0.816	0.102	0.038	0.044
0.063	0.843	0.062	0.032
0.056	0.913	0.012	0.019
0.838	0.072	0.018	0.072
0.051	0.849	0.084	0.016
0.866	0.022	0.080	0.032
0.749	0.118	0.108	0.025
0.838	0.037	0.084	0.041
>TCTTTCATCTCG	13-TCTTTCATCTCG	9.097878	-41.160557	0	T:150.0(4.76%),B:969.2(2.15%),P:1e-17	Tpos:269.7,Tstd:244.8,Bpos:224.3,Bstd:131.0,StrandBias:0.1,Multiplicity:1.04
0.035	0.134	0.034	0.797
0.025	0.854	0.088	0.033
0.033	0.067	0.001	0.899
0.001	0.001	0.067	0.931
0.061	0.001	0.025	0.913
0.001	0.798	0.200	0.001
0.835	0.065	0.033	0.067
0.066	0.035	0.001	0.898
0.035	0.840	0.001	0.124
0.160	0.025	0.001	0.814
0.159	0.652	0.047	0.142
0.212	0.125	0.533	0.130
>ATAGGCCCGCCA	14-ATAGGCCCGCCA	11.518916	-37.211778	0	T:15.0(0.48%),B:8.5(0.02%),P:1e-16	Tpos:292.1,Tstd:173.2,Bpos:197.5,Bstd:80.5,StrandBias:0.2,Multiplicity:1.00
0.804	0.001	0.001	0.194
0.001	0.001	0.001	0.997
0.812	0.001	0.186	0.001
0.001	0.001	0.997	0.001
0.001	0.001	0.626	0.372
0.195	0.618	0.186	0.001
0.186	0.812	0.001	0.001
0.001	0.997	0.001	0.001
0.001	0.186	0.812	0.001
0.001	0.812	0.001	0.186
0.001	0.997	0.001	0.001
0.812	0.001	0.001	0.186
>CGAAGTGGTGAG	15-CGAAGTGGTGAG	13.829757	-34.947451	0	T:10.0(0.32%),B:2.8(0.01%),P:1e-15	Tpos:298.4,Tstd:128.7,Bpos:348.8,Bstd:14.3,StrandBias:0.0,Multiplicity:1.00
0.001	0.997	0.001	0.001
0.001	0.001	0.997	0.001
0.997	0.001	0.001	0.001
0.762	0.236	0.001	0.001
0.264	0.001	0.734	0.001
0.001	0.001	0.001	0.997
0.001	0.001	0.997	0.001
0.001	0.001	0.997	0.001
0.001	0.001	0.001	0.997
0.001	0.001	0.997	0.001
0.997	0.001	0.001	0.001
0.001	0.001	0.997	0.001
>TMATGTCAAWCA	16-TMATGTCAAWCA	12.621403	-34.947451	0	T:10.0(0.32%),B:2.8(0.01%),P:1e-15	Tpos:282.4,Tstd:172.3,Bpos:199.8,Bstd:38.2,StrandBias:-2.0,Multiplicity:1.00
0.002	0.067	0.038	0.893
0.462	0.496	0.001	0.041
0.845	0.076	0.078	0.001
0.038	0.080	0.038	0.844
0.041	0.069	0.736	0.154
0.039	0.040	0.115	0.806
0.001	0.770	0.153	0.076
0.874	0.039	0.001	0.086
0.795	0.078	0.003	0.124
0.298	0.077	0.232	0.393
0.173	0.749	0.038	0.040
0.807	0.076	0.001	0.116
>AGCGATCTACAA	17-AGCGATCTACAA	12.355432	-31.982426	0	T:8.0(0.25%),B:1.4(0.00%),P:1e-13	Tpos:290.1,Tstd:115.5,Bpos:378.0,Bstd:0.0,StrandBias:-0.7,Multiplicity:1.00
0.700	0.100	0.100	0.100
0.100	0.100	0.700	0.100
0.100	0.700	0.100	0.100
0.100	0.100	0.700	0.100
0.700	0.100	0.100	0.100
0.100	0.100	0.100	0.700
0.100	0.700	0.100	0.100
0.100	0.100	0.100	0.700
0.700	0.100	0.100	0.100
0.100	0.700	0.100	0.100
0.700	0.100	0.100	0.100
0.700	0.100	0.100	0.100
>TCACTGCCCTTA	18-TCACTGCCCTTA	12.499830	-28.251079	0	T:16.0(0.51%),B:18.3(0.04%),P:1e-12	Tpos:262.6,Tstd:258.7,Bpos:257.8,Bstd:147.1,StrandBias:-1.1,Multiplicity:1.00
0.001	0.100	0.001	0.898
0.001	0.997	0.001	0.001
0.997	0.001	0.001	0.001
0.320	0.678	0.001	0.001
0.001	0.001	0.001	0.997
0.001	0.001	0.997	0.001
0.001	0.755	0.243	0.001
0.320	0.678	0.001	0.001
0.001	0.997	0.001	0.001
0.001	0.001	0.001	0.997
0.001	0.001	0.001	0.997
0.997	0.001	0.001	0.001
>CAGCAGCTGGCA	19-CAGCAGCTGGCA	7.799883	-27.845645	0	T:393.0(12.48%),B:3935.9(8.71%),P:1e-12	Tpos:299.6,Tstd:265.0,Bpos:223.8,Bstd:132.8,StrandBias:-0.2,Multiplicity:1.07
0.029	0.841	0.067	0.063
0.803	0.026	0.056	0.115
0.098	0.043	0.834	0.025
0.039	0.842	0.086	0.033
0.930	0.015	0.046	0.009
0.001	0.095	0.903	0.001
0.192	0.681	0.078	0.049
0.049	0.071	0.068	0.812
0.068	0.045	0.801	0.086
0.067	0.072	0.753	0.108
0.125	0.799	0.058	0.018
0.997	0.001	0.001	0.001
>ACTCTAACCCTA	20-ACTCTAACCCTA	14.554539	-26.498987	0	T:8.0(0.25%),B:2.9(0.01%),P:1e-11	Tpos:338.9,Tstd:175.1,Bpos:207.0,Bstd:65.0,StrandBias:-0.7,Multiplicity:1.00
0.997	0.001	0.001	0.001
0.001	0.997	0.001	0.001
0.001	0.001	0.001	0.997
0.001	0.997	0.001	0.001
0.001	0.001	0.001	0.997
0.997	0.001	0.001	0.001
0.997	0.001	0.001	0.001
0.001	0.997	0.001	0.001
0.001	0.997	0.001	0.001
0.001	0.869	0.129	0.001
0.001	0.001	0.001	0.997
0.997	0.001	0.001	0.001
>GTGTGCCTTGTT	21-GTGTGCCTTGTT	14.310631	-24.557086	0	T:9.0(0.29%),B:5.0(0.01%),P:1e-10	Tpos:209.8,Tstd:100.6,Bpos:181.8,Bstd:128.0,StrandBias:1.0,Multiplicity:1.00
0.001	0.001	0.997	0.001
0.001	0.001	0.001	0.997
0.001	0.001	0.997	0.001
0.001	0.001	0.001	0.997
0.001	0.001	0.997	0.001
0.001	0.884	0.114	0.001
0.001	0.997	0.001	0.001
0.001	0.001	0.001	0.997
0.001	0.001	0.001	0.997
0.001	0.001	0.997	0.001
0.114	0.001	0.001	0.884
0.001	0.001	0.001	0.997
>AGGGGGTGTCTA	22-AGGGGGTGTCTA	12.879576	-13.904212	0	T:9.0(0.29%),B:14.7(0.03%),P:1e-6	Tpos:199.7,Tstd:171.1,Bpos:269.4,Bstd:90.5,StrandBias:2.0,Multiplicity:1.88
0.770	0.001	0.228	0.001
0.001	0.001	0.997	0.001
0.001	0.001	0.997	0.001
0.001	0.001	0.960	0.038
0.029	0.049	0.921	0.001
0.271	0.001	0.727	0.001
0.228	0.001	0.001	0.770
0.001	0.001	0.770	0.228
0.300	0.001	0.001	0.698
0.229	0.721	0.001	0.049
0.001	0.001	0.001	0.997
0.997	0.001	0.001	0.001
>TCAGCAACACAC	23-TCAGCAACACAC	6.354770	-12.957802	0	T:456.0(14.48%),B:5312.9(11.76%),P:1e-5	Tpos:293.7,Tstd:249.8,Bpos:225.0,Bstd:136.4,StrandBias:0.1,Multiplicity:1.10
0.212	0.001	0.071	0.716
0.071	0.705	0.082	0.142
0.662	0.071	0.071	0.196
0.074	0.082	0.631	0.213
0.124	0.865	0.001	0.010
0.857	0.001	0.141	0.001
0.928	0.070	0.001	0.001
0.001	0.928	0.001	0.070
0.857	0.001	0.071	0.071
0.070	0.928	0.001	0.001
0.631	0.143	0.071	0.155
0.001	0.928	0.001	0.070
>TCAGCAACTGGC	24-TCAGCAACTGGC	-0.747479	-10.274976	0	T:494.0(15.69%),B:5969.9(13.22%),P:1e-4	Tpos:311.6,Tstd:267.5,Bpos:227.8,Bstd:134.9,StrandBias:-0.3,Multiplicity:1.15
0.001	0.001	0.001	0.997
0.001	0.997	0.001	0.001
0.997	0.001	0.001	0.001
0.001	0.001	0.997	0.001
0.001	0.997	0.001	0.001
0.997	0.001	0.001	0.001
0.735	0.001	0.235	0.029
0.001	0.997	0.001	0.001
0.001	0.001	0.001	0.997
0.001	0.001	0.997	0.001
0.001	0.001	0.997	0.001
0.001	0.997	0.001	0.001
>ACCATCTGTACA	25-ACCATCTGTACA	12.355432	-2.698035	0	T:1.0(0.03%),B:1.6(0.00%),P:1e-1	Tpos:80.4,Tstd:47.8,Bpos:349.8,Bstd:37.7,StrandBias:10.0,Multiplicity:9.00
0.700	0.100	0.100	0.100
0.100	0.700	0.100	0.100
0.100	0.700	0.100	0.100
0.700	0.100	0.100	0.100
0.100	0.100	0.100	0.700
0.100	0.700	0.100	0.100
0.100	0.100	0.100	0.700
0.100	0.100	0.700	0.100
0.100	0.100	0.100	0.700
0.700	0.100	0.100	0.100
0.100	0.700	0.100	0.100
0.700	0.100	0.100	0.100
