>CACTTCCTGT	1-CACTTCCTGT	8.152627	-177.985614	0	T:713.0(22.64%),B:4954.1(10.97%),P:1e-77	Tpos:277.5,Tstd:222.3,Bpos:228.8,Bstd:135.6,StrandBias:-0.0,Multiplicity:1.18
0.155	0.492	0.151	0.202
0.797	0.036	0.166	0.001
0.005	0.701	0.001	0.293
0.075	0.001	0.001	0.923
0.015	0.001	0.001	0.983
0.001	0.997	0.001	0.001
0.001	0.997	0.001	0.001
0.001	0.001	0.001	0.997
0.006	0.184	0.754	0.056
0.111	0.243	0.093	0.553
>CCCCCTAGTG	2-CCCCCTAGTG	8.707310	-164.929619	0	T:197.0(6.26%),B:572.9(1.27%),P:1e-71	Tpos:249.1,Tstd:155.1,Bpos:231.6,Bstd:128.4,StrandBias:0.3,Multiplicity:1.03
0.018	0.967	0.001	0.014
0.001	0.997	0.001	0.001
0.310	0.666	0.015	0.009
0.001	0.751	0.001	0.247
0.001	0.997	0.001	0.001
0.001	0.025	0.011	0.963
0.925	0.001	0.060	0.014
0.001	0.015	0.983	0.001
0.012	0.035	0.003	0.950
0.001	0.001	0.996	0.002
>TCTTTGAWGT	3-TCTTTGAWGT	6.832745	-137.249411	0	T:994.0(31.57%),B:8717.1(19.30%),P:1e-59	Tpos:268.1,Tstd:218.5,Bpos:226.0,Bstd:136.2,StrandBias:-0.0,Multiplicity:1.29
0.063	0.291	0.205	0.441
0.001	0.750	0.066	0.183
0.006	0.015	0.058	0.921
0.001	0.168	0.029	0.802
0.001	0.012	0.003	0.984
0.026	0.160	0.714	0.100
0.816	0.025	0.001	0.158
0.440	0.032	0.076	0.453
0.027	0.385	0.571	0.017
0.148	0.211	0.044	0.597
>NVTGASTCAB	4-NVTGASTCAB	7.326406	-103.156889	0	T:350.0(11.11%),B:2188.2(4.84%),P:1e-44	Tpos:257.4,Tstd:209.9,Bpos:225.4,Bstd:135.1,StrandBias:-0.0,Multiplicity:1.13
0.265	0.179	0.293	0.263
0.354	0.211	0.347	0.089
0.107	0.145	0.032	0.716
0.017	0.001	0.768	0.214
0.949	0.049	0.001	0.001
0.061	0.472	0.410	0.057
0.076	0.001	0.001	0.922
0.161	0.759	0.041	0.039
0.759	0.057	0.104	0.080
0.137	0.271	0.279	0.314
>GCGCCATCTR	5-GCGCCATCTR	6.720666	-98.083691	0	T:473.0(15.02%),B:3480.4(7.70%),P:1e-42	Tpos:309.5,Tstd:238.2,Bpos:226.3,Bstd:146.8,StrandBias:0.2,Multiplicity:1.12
0.219	0.083	0.633	0.065
0.011	0.918	0.001	0.070
0.057	0.063	0.879	0.001
0.243	0.632	0.063	0.062
0.001	0.872	0.045	0.082
0.762	0.236	0.001	0.001
0.169	0.237	0.087	0.507
0.155	0.627	0.033	0.185
0.005	0.001	0.001	0.993
0.441	0.051	0.408	0.100
>YTTGCGGTTW	6-YTTGCGGTTW	7.306158	-74.221599	0	T:386.0(12.26%),B:2909.1(6.44%),P:1e-32	Tpos:293.8,Tstd:240.8,Bpos:222.1,Bstd:143.7,StrandBias:-0.1,Multiplicity:1.09
0.124	0.405	0.169	0.301
0.001	0.063	0.020	0.916
0.001	0.027	0.021	0.951
0.008	0.243	0.708	0.041
0.043	0.582	0.039	0.336
0.061	0.001	0.913	0.025
0.001	0.001	0.976	0.022
0.008	0.006	0.004	0.982
0.011	0.011	0.007	0.971
0.373	0.120	0.170	0.337
>NGTTTCCGTN	7-NGTTTCCGTN	4.004397	-65.626412	0	T:884.0(28.07%),B:8932.7(19.77%),P:1e-28	Tpos:283.8,Tstd:243.7,Bpos:227.3,Bstd:144.0,StrandBias:0.1,Multiplicity:1.24
0.231	0.257	0.270	0.242
0.146	0.151	0.555	0.148
0.140	0.154	0.155	0.551
0.143	0.145	0.145	0.567
0.152	0.145	0.153	0.550
0.141	0.548	0.161	0.150
0.137	0.559	0.156	0.148
0.137	0.145	0.573	0.145
0.145	0.161	0.152	0.542
0.248	0.231	0.234	0.286
>RRHCCCGCCC	8-RRHCCCGCCC	7.995486	-64.444525	0	T:563.0(17.88%),B:5055.1(11.19%),P:1e-27	Tpos:337.3,Tstd:289.7,Bpos:224.9,Bstd:151.7,StrandBias:0.2,Multiplicity:1.76
0.351	0.243	0.405	0.001
0.347	0.001	0.438	0.213
0.227	0.376	0.151	0.246
0.001	0.642	0.001	0.356
0.359	0.639	0.001	0.001
0.001	0.997	0.001	0.001
0.252	0.001	0.746	0.001
0.033	0.965	0.001	0.001
0.001	0.997	0.001	0.001
0.001	0.654	0.001	0.344
>GCGGRTTTCM	9-GCGGRTTTCM	7.780580	-58.660288	0	T:196.0(6.22%),B:1210.0(2.68%),P:1e-25	Tpos:294.4,Tstd:259.8,Bpos:230.5,Bstd:149.8,StrandBias:-0.5,Multiplicity:1.05
0.001	0.339	0.513	0.147
0.001	0.818	0.180	0.001
0.001	0.001	0.997	0.001
0.263	0.001	0.735	0.001
0.479	0.001	0.519	0.001
0.001	0.001	0.152	0.846
0.001	0.001	0.300	0.698
0.368	0.001	0.001	0.630
0.411	0.587	0.001	0.001
0.363	0.395	0.001	0.241
>AATTTCCGCG	10-AATTTCCGCG	4.791433	-50.819903	0	T:880.0(27.95%),B:9316.7(20.62%),P:1e-22	Tpos:311.9,Tstd:250.1,Bpos:228.8,Bstd:144.9,StrandBias:0.0,Multiplicity:1.29
0.690	0.130	0.096	0.084
0.708	0.102	0.080	0.110
0.123	0.100	0.087	0.690
0.100	0.142	0.095	0.663
0.099	0.112	0.082	0.707
0.065	0.718	0.103	0.114
0.124	0.699	0.082	0.095
0.099	0.103	0.714	0.084
0.085	0.734	0.096	0.085
0.108	0.105	0.678	0.109
>ARCCAATCAG	11-ARCCAATCAG	8.124460	-50.746297	0	T:216.0(6.86%),B:1494.3(3.31%),P:1e-22	Tpos:283.7,Tstd:225.7,Bpos:231.3,Bstd:145.4,StrandBias:-0.1,Multiplicity:1.17
0.689	0.001	0.256	0.054
0.454	0.021	0.514	0.011
0.001	0.945	0.053	0.001
0.049	0.653	0.297	0.001
0.960	0.038	0.001	0.001
0.978	0.001	0.020	0.001
0.001	0.194	0.001	0.804
0.001	0.905	0.093	0.001
0.534	0.147	0.241	0.078
0.086	0.210	0.608	0.096
>TTAAAGCGCG	12-TTAAAGCGCG	4.738244	-50.267081	0	T:697.0(22.13%),B:7019.5(15.54%),P:1e-21	Tpos:327.2,Tstd:286.9,Bpos:227.9,Bstd:147.9,StrandBias:-0.0,Multiplicity:1.21
0.120	0.097	0.100	0.683
0.088	0.103	0.116	0.693
0.700	0.086	0.108	0.106
0.717	0.097	0.091	0.095
0.713	0.094	0.092	0.101
0.122	0.100	0.695	0.083
0.113	0.715	0.088	0.084
0.103	0.099	0.704	0.094
0.102	0.702	0.098	0.098
0.106	0.115	0.680	0.099
>ATGCAAATAA	13-ATGCAAATAA	9.052317	-42.968513	0	T:134.0(4.26%),B:801.5(1.77%),P:1e-18	Tpos:287.2,Tstd:264.8,Bpos:230.2,Bstd:130.9,StrandBias:-0.1,Multiplicity:1.06
0.968	0.030	0.001	0.001
0.001	0.001	0.013	0.985
0.008	0.008	0.959	0.025
0.001	0.958	0.016	0.025
0.997	0.001	0.001	0.001
0.927	0.001	0.046	0.026
0.984	0.014	0.001	0.001
0.069	0.001	0.001	0.929
0.565	0.107	0.156	0.172
0.747	0.026	0.082	0.145
>GTTTCGTTTT	14-GTTTCGTTTT	7.719440	-39.349699	0	T:251.0(7.97%),B:2028.5(4.49%),P:1e-17	Tpos:313.4,Tstd:275.5,Bpos:224.4,Bstd:148.2,StrandBias:0.2,Multiplicity:1.11
0.062	0.096	0.801	0.041
0.029	0.047	0.078	0.846
0.035	0.069	0.078	0.818
0.094	0.051	0.072	0.783
0.035	0.849	0.033	0.083
0.146	0.041	0.759	0.054
0.022	0.193	0.012	0.773
0.076	0.068	0.058	0.798
0.064	0.057	0.069	0.810
0.128	0.030	0.068	0.774
>GCGTGTTGWT	15-GCGTGTTGWT	9.161667	-32.648415	0	T:46.0(1.46%),B:162.9(0.36%),P:1e-14	Tpos:236.6,Tstd:227.4,Bpos:223.8,Bstd:146.7,StrandBias:0.2,Multiplicity:1.02
0.001	0.056	0.942	0.001
0.175	0.823	0.001	0.001
0.001	0.001	0.997	0.001
0.173	0.211	0.063	0.553
0.229	0.001	0.769	0.001
0.010	0.001	0.001	0.988
0.173	0.132	0.001	0.694
0.001	0.186	0.812	0.001
0.561	0.001	0.001	0.437
0.001	0.001	0.001	0.997
>TGTCGCCTAG	16-TGTCGCCTAG	7.222913	-32.471036	0	T:130.0(4.13%),B:880.4(1.95%),P:1e-14	Tpos:303.0,Tstd:228.8,Bpos:221.0,Bstd:140.0,StrandBias:0.1,Multiplicity:1.05
0.081	0.069	0.074	0.776
0.131	0.075	0.734	0.060
0.056	0.092	0.087	0.765
0.084	0.842	0.042	0.032
0.050	0.055	0.861	0.034
0.103	0.719	0.091	0.087
0.067	0.830	0.029	0.074
0.080	0.026	0.095	0.799
0.886	0.017	0.032	0.065
0.113	0.061	0.797	0.029
>GAAAAGCGTA	17-GAAAAGCGTA	7.078308	-30.596208	0	T:129.0(4.10%),B:894.5(1.98%),P:1e-13	Tpos:338.6,Tstd:289.4,Bpos:217.4,Bstd:141.3,StrandBias:-0.1,Multiplicity:1.04
0.095	0.101	0.700	0.104
0.850	0.057	0.070	0.023
0.764	0.087	0.075	0.074
0.757	0.079	0.082	0.082
0.809	0.081	0.032	0.078
0.042	0.083	0.806	0.069
0.056	0.862	0.020	0.062
0.042	0.068	0.833	0.057
0.084	0.071	0.030	0.815
0.810	0.063	0.061	0.066
>TGTGTGGGTG	18-TGTGTGGGTG	9.804888	-30.482502	0	T:100.0(3.18%),B:618.1(1.37%),P:1e-13	Tpos:228.3,Tstd:181.1,Bpos:234.1,Bstd:135.7,StrandBias:-0.4,Multiplicity:1.03
0.001	0.001	0.001	0.997
0.051	0.001	0.910	0.038
0.001	0.001	0.001	0.997
0.001	0.001	0.952	0.046
0.046	0.001	0.001	0.952
0.001	0.034	0.964	0.001
0.001	0.001	0.997	0.001
0.001	0.001	0.997	0.001
0.236	0.105	0.001	0.658
0.001	0.001	0.948	0.050
>GATAGGCCCG	19-GATAGGCCCG	11.764429	-24.557086	0	T:9.0(0.29%),B:4.3(0.01%),P:1e-10	Tpos:292.0,Tstd:143.4,Bpos:346.8,Bstd:63.1,StrandBias:-1.0,Multiplicity:1.00
0.001	0.001	0.997	0.001
0.997	0.001	0.001	0.001
0.001	0.001	0.001	0.997
0.997	0.001	0.001	0.001
0.126	0.001	0.872	0.001
0.001	0.001	0.997	0.001
0.001	0.997	0.001	0.001
0.001	0.997	0.001	0.001
0.001	0.997	0.001	0.001
0.001	0.001	0.997	0.001
>AGCGATCTAC	20-AGCGATCTAC	10.296193	-23.316956	0	T:8.0(0.25%),B:3.4(0.01%),P:1e-10	Tpos:290.4,Tstd:115.0,Bpos:250.9,Bstd:135.9,StrandBias:-0.7,Multiplicity:1.00
0.700	0.100	0.100	0.100
0.100	0.100	0.700	0.100
0.100	0.700	0.100	0.100
0.100	0.100	0.700	0.100
0.700	0.100	0.100	0.100
0.100	0.100	0.100	0.700
0.100	0.700	0.100	0.100
0.100	0.100	0.100	0.700
0.700	0.100	0.100	0.100
0.100	0.700	0.100	0.100
>TGACGTCASG	21-TGACGTCASG	8.339956	-22.564209	0	T:74.0(2.35%),B:462.1(1.02%),P:1e-9	Tpos:298.6,Tstd:204.9,Bpos:231.2,Bstd:155.1,StrandBias:0.2,Multiplicity:1.01
0.030	0.001	0.145	0.824
0.001	0.164	0.637	0.198
0.805	0.001	0.193	0.001
0.100	0.838	0.001	0.061
0.071	0.064	0.777	0.088
0.001	0.175	0.001	0.823
0.029	0.969	0.001	0.001
0.469	0.235	0.001	0.296
0.123	0.389	0.308	0.179
0.001	0.237	0.567	0.195
>AACGTGACGM	22-AACGTGACGM	11.106238	-22.186179	0	T:13.0(0.41%),B:16.9(0.04%),P:1e-9	Tpos:271.5,Tstd:143.7,Bpos:236.3,Bstd:125.5,StrandBias:-0.7,Multiplicity:1.00
0.997	0.001	0.001	0.001
0.997	0.001	0.001	0.001
0.001	0.997	0.001	0.001
0.360	0.001	0.638	0.001
0.001	0.001	0.001	0.997
0.001	0.001	0.997	0.001
0.722	0.001	0.255	0.022
0.001	0.851	0.001	0.147
0.001	0.001	0.997	0.001
0.467	0.531	0.001	0.001
>TCGCTTAAGC	23-TCGCTTAAGC	10.296193	-18.524620	0	T:6.0(0.19%),B:2.4(0.01%),P:1e-8	Tpos:366.2,Tstd:329.2,Bpos:268.8,Bstd:69.7,StrandBias:0.0,Multiplicity:1.00
0.100	0.100	0.100	0.700
0.100	0.700	0.100	0.100
0.100	0.100	0.700	0.100
0.100	0.700	0.100	0.100
0.100	0.100	0.100	0.700
0.100	0.100	0.100	0.700
0.700	0.100	0.100	0.100
0.700	0.100	0.100	0.100
0.100	0.100	0.700	0.100
0.100	0.700	0.100	0.100
>AACCTCGCCT	24-AACCTCGCCT	10.296193	-18.524620	0	T:6.0(0.19%),B:2.5(0.01%),P:1e-8	Tpos:315.7,Tstd:507.1,Bpos:123.4,Bstd:20.3,StrandBias:1.0,Multiplicity:1.00
0.700	0.100	0.100	0.100
0.700	0.100	0.100	0.100
0.100	0.700	0.100	0.100
0.100	0.700	0.100	0.100
0.100	0.100	0.100	0.700
0.100	0.700	0.100	0.100
0.100	0.100	0.700	0.100
0.100	0.700	0.100	0.100
0.100	0.700	0.100	0.100
0.100	0.100	0.100	0.700
>CTTTGTAACT	25-CTTTGTAACT	10.296193	-15.138565	0	T:15.0(0.48%),B:40.9(0.09%),P:1e-6	Tpos:230.7,Tstd:180.5,Bpos:171.5,Bstd:150.2,StrandBias:-1.0,Multiplicity:1.00
0.100	0.700	0.100	0.100
0.100	0.100	0.100	0.700
0.100	0.100	0.100	0.700
0.100	0.100	0.100	0.700
0.100	0.100	0.700	0.100
0.100	0.100	0.100	0.700
0.700	0.100	0.100	0.100
0.700	0.100	0.100	0.100
0.100	0.700	0.100	0.100
0.100	0.100	0.100	0.700
