>CAGGAAAT	1-CAGGAAAT	7.270972	-151.036097	0	T:963.0(30.58%),B:8110.3(17.95%),P:1e-65	Tpos:288.8,Tstd:236.1,Bpos:227.6,Bstd:137.3,StrandBias:0.1,Multiplicity:1.27
0.001	0.690	0.228	0.081
0.601	0.366	0.032	0.001
0.001	0.047	0.951	0.001
0.001	0.001	0.982	0.016
0.943	0.001	0.001	0.055
0.852	0.146	0.001	0.001
0.546	0.093	0.312	0.049
0.001	0.314	0.001	0.684
>NGCGGTTT	2-NGCGGTTT	4.209382	-102.458141	0	T:1233.0(39.16%),B:12441.8(27.54%),P:1e-44	Tpos:314.4,Tstd:270.2,Bpos:227.6,Bstd:145.5,StrandBias:-0.1,Multiplicity:1.40
0.177	0.281	0.228	0.314
0.122	0.238	0.484	0.156
0.123	0.454	0.214	0.208
0.133	0.263	0.578	0.026
0.061	0.192	0.532	0.215
0.218	0.011	0.082	0.689
0.103	0.006	0.229	0.662
0.308	0.072	0.158	0.462
>ATGAGTCA	3-ATGAGTCA	7.604359	-92.387417	0	T:373.0(11.85%),B:2533.3(5.61%),P:1e-40	Tpos:260.4,Tstd:212.9,Bpos:225.5,Bstd:135.7,StrandBias:0.0,Multiplicity:1.13
0.640	0.153	0.170	0.037
0.022	0.012	0.001	0.965
0.020	0.001	0.958	0.021
0.976	0.022	0.001	0.001
0.011	0.209	0.749	0.031
0.001	0.001	0.001	0.997
0.037	0.961	0.001	0.001
0.997	0.001	0.001	0.001
>TTTCATCT	4-TTTCATCT	7.991336	-79.666028	0	T:425.0(13.50%),B:3240.8(7.17%),P:1e-34	Tpos:303.1,Tstd:263.9,Bpos:224.4,Bstd:134.9,StrandBias:0.1,Multiplicity:1.07
0.001	0.001	0.001	0.997
0.001	0.001	0.001	0.997
0.001	0.001	0.001	0.997
0.001	0.741	0.257	0.001
0.920	0.001	0.078	0.001
0.001	0.001	0.001	0.997
0.001	0.792	0.206	0.001
0.001	0.001	0.001	0.997
>CTTCAAAG	5-CTTCAAAG	7.221986	-78.555322	0	T:603.0(19.15%),B:5233.1(11.58%),P:1e-34	Tpos:279.0,Tstd:237.2,Bpos:227.0,Bstd:139.3,StrandBias:0.2,Multiplicity:1.19
0.001	0.781	0.109	0.109
0.215	0.001	0.001	0.783
0.001	0.001	0.001	0.997
0.093	0.905	0.001	0.001
0.997	0.001	0.001	0.001
0.997	0.001	0.001	0.001
0.997	0.001	0.001	0.001
0.001	0.001	0.997	0.001
>TWAMCGGA	6-TWAMCGGA	5.379336	-74.338335	0	T:859.0(27.28%),B:8393.2(18.58%),P:1e-32	Tpos:308.8,Tstd:283.1,Bpos:229.9,Bstd:148.2,StrandBias:0.1,Multiplicity:1.24
0.048	0.255	0.255	0.441
0.561	0.001	0.001	0.437
0.574	0.069	0.001	0.356
0.527	0.471	0.001	0.001
0.001	0.997	0.001	0.001
0.001	0.001	0.997	0.001
0.172	0.012	0.516	0.300
0.599	0.001	0.034	0.366
>AGGTGGCG	7-AGGTGGCG	8.225282	-68.135584	0	T:412.0(13.08%),B:3282.5(7.27%),P:1e-29	Tpos:328.1,Tstd:290.6,Bpos:223.6,Bstd:147.6,StrandBias:-0.2,Multiplicity:1.10
0.997	0.001	0.001	0.001
0.001	0.109	0.889	0.001
0.116	0.001	0.762	0.121
0.001	0.001	0.109	0.889
0.001	0.001	0.997	0.001
0.001	0.001	0.997	0.001
0.001	0.997	0.001	0.001
0.217	0.001	0.781	0.001
>GGGGCGGG	8-GGGGCGGG	8.526151	-52.295141	0	T:505.0(16.04%),B:4643.9(10.28%),P:1e-22	Tpos:337.0,Tstd:290.2,Bpos:225.7,Bstd:152.3,StrandBias:-0.1,Multiplicity:1.58
0.142	0.001	0.728	0.129
0.112	0.001	0.742	0.145
0.001	0.001	0.997	0.001
0.001	0.001	0.997	0.001
0.001	0.997	0.001	0.001
0.001	0.001	0.997	0.001
0.001	0.001	0.961	0.037
0.119	0.001	0.847	0.033
>CGCGGAAA	9-CGCGGAAA	4.155248	-51.496467	0	T:783.0(24.87%),B:8060.5(17.84%),P:1e-22	Tpos:314.9,Tstd:272.8,Bpos:225.8,Bstd:148.2,StrandBias:-0.1,Multiplicity:1.25
0.213	0.462	0.257	0.068
0.131	0.085	0.680	0.104
0.055	0.535	0.144	0.266
0.135	0.173	0.451	0.242
0.177	0.220	0.423	0.180
0.456	0.244	0.086	0.215
0.554	0.083	0.136	0.227
0.535	0.192	0.085	0.188
>CCHCTAGT	10-CCHCTAGT	3.604615	-50.474459	0	T:676.0(21.47%),B:6753.8(14.95%),P:1e-21	Tpos:305.5,Tstd:249.5,Bpos:229.5,Bstd:140.3,StrandBias:0.0,Multiplicity:1.20
0.001	0.997	0.001	0.001
0.001	0.772	0.226	0.001
0.252	0.292	0.094	0.362
0.001	0.997	0.001	0.001
0.001	0.001	0.001	0.997
0.997	0.001	0.001	0.001
0.001	0.001	0.997	0.001
0.010	0.169	0.015	0.806
>ACGCGTTA	11-ACGCGTTA	5.034189	-49.940119	0	T:489.0(15.53%),B:4509.8(9.98%),P:1e-21	Tpos:331.6,Tstd:310.9,Bpos:229.4,Bstd:151.1,StrandBias:-0.1,Multiplicity:1.16
0.805	0.061	0.068	0.066
0.090	0.837	0.023	0.050
0.094	0.046	0.826	0.034
0.079	0.695	0.092	0.134
0.059	0.044	0.791	0.106
0.080	0.109	0.068	0.743
0.105	0.127	0.085	0.683
0.629	0.079	0.085	0.207
>ACGCRAAT	12-ACGCRAAT	5.564167	-44.958455	0	T:189.0(6.00%),B:1301.9(2.88%),P:1e-19	Tpos:283.7,Tstd:261.1,Bpos:232.9,Bstd:138.2,StrandBias:0.1,Multiplicity:1.10
0.483	0.150	0.194	0.174
0.071	0.617	0.011	0.301
0.001	0.044	0.931	0.024
0.109	0.609	0.243	0.039
0.392	0.178	0.282	0.148
0.650	0.030	0.068	0.252
0.505	0.170	0.187	0.138
0.194	0.177	0.144	0.485
>TGATTSGT	13-TGATTSGT	4.761842	-38.104154	0	T:236.0(7.49%),B:1888.5(4.18%),P:1e-16	Tpos:297.0,Tstd:232.2,Bpos:227.1,Bstd:143.0,StrandBias:0.2,Multiplicity:1.19
0.006	0.400	0.001	0.593
0.001	0.001	0.997	0.001
0.997	0.001	0.001	0.001
0.001	0.001	0.001	0.997
0.001	0.001	0.001	0.997
0.001	0.548	0.450	0.001
0.001	0.001	0.997	0.001
0.001	0.327	0.001	0.671
>TGACGTAT	14-TGACGTAT	6.571844	-34.181752	0	T:279.0(8.86%),B:2436.3(5.39%),P:1e-14	Tpos:268.0,Tstd:217.7,Bpos:224.9,Bstd:144.8,StrandBias:-0.1,Multiplicity:1.07
0.001	0.018	0.027	0.954
0.001	0.030	0.968	0.001
0.997	0.001	0.001	0.001
0.078	0.920	0.001	0.001
0.001	0.036	0.880	0.083
0.018	0.088	0.032	0.862
0.663	0.190	0.083	0.064
0.140	0.033	0.001	0.826
>TGTAGGCG	15-TGTAGGCG	7.267363	-25.934111	0	T:86.0(2.73%),B:537.6(1.19%),P:1e-11	Tpos:334.4,Tstd:282.8,Bpos:235.1,Bstd:154.8,StrandBias:0.2,Multiplicity:1.09
0.001	0.001	0.265	0.733
0.001	0.001	0.914	0.084
0.001	0.001	0.001	0.997
0.997	0.001	0.001	0.001
0.001	0.001	0.997	0.001
0.001	0.001	0.997	0.001
0.001	0.997	0.001	0.001
0.001	0.001	0.997	0.001
>GACGTCCT	16-GACGTCCT	9.274237	-19.436283	0	T:50.0(1.59%),B:277.8(0.62%),P:1e-8	Tpos:305.4,Tstd:270.9,Bpos:230.9,Bstd:145.4,StrandBias:-0.8,Multiplicity:1.00
0.001	0.001	0.815	0.183
0.997	0.001	0.001	0.001
0.001	0.997	0.001	0.001
0.001	0.001	0.997	0.001
0.001	0.001	0.001	0.997
0.001	0.997	0.001	0.001
0.001	0.997	0.001	0.001
0.001	0.001	0.093	0.905
