>CACTTCCTGT	1-CACTTCCTGT	8.152627	-177.985614	0	T:713.0(22.64%),B:4954.1(10.97%),P:1e-77	Tpos:277.5,Tstd:222.3,Bpos:228.8,Bstd:135.6,StrandBias:-0.0,Multiplicity:1.18
0.155	0.492	0.151	0.202
0.797	0.036	0.166	0.001
0.005	0.701	0.001	0.293
0.075	0.001	0.001	0.923
0.015	0.001	0.001	0.983
0.001	0.997	0.001	0.001
0.001	0.997	0.001	0.001
0.001	0.001	0.001	0.997
0.006	0.184	0.754	0.056
0.111	0.243	0.093	0.553
>CCCCCTAGTG	2-CCCCCTAGTG	8.707310	-164.929619	0	T:197.0(6.26%),B:572.9(1.27%),P:1e-71	Tpos:249.1,Tstd:155.1,Bpos:231.6,Bstd:128.4,StrandBias:0.3,Multiplicity:1.03
0.018	0.967	0.001	0.014
0.001	0.997	0.001	0.001
0.310	0.666	0.015	0.009
0.001	0.751	0.001	0.247
0.001	0.997	0.001	0.001
0.001	0.025	0.011	0.963
0.925	0.001	0.060	0.014
0.001	0.015	0.983	0.001
0.012	0.035	0.003	0.950
0.001	0.001	0.996	0.002
>TCTTTGAWGT	3-TCTTTGAWGT	6.832745	-137.249411	0	T:994.0(31.57%),B:8717.1(19.30%),P:1e-59	Tpos:268.1,Tstd:218.5,Bpos:226.0,Bstd:136.2,StrandBias:-0.0,Multiplicity:1.29
0.063	0.291	0.205	0.441
0.001	0.750	0.066	0.183
0.006	0.015	0.058	0.921
0.001	0.168	0.029	0.802
0.001	0.012	0.003	0.984
0.026	0.160	0.714	0.100
0.816	0.025	0.001	0.158
0.440	0.032	0.076	0.453
0.027	0.385	0.571	0.017
0.148	0.211	0.044	0.597
>NVTGASTCAB	4-NVTGASTCAB	7.326406	-103.156889	0	T:350.0(11.11%),B:2188.2(4.84%),P:1e-44	Tpos:257.4,Tstd:209.9,Bpos:225.4,Bstd:135.1,StrandBias:-0.0,Multiplicity:1.13
0.265	0.179	0.293	0.263
0.354	0.211	0.347	0.089
0.107	0.145	0.032	0.716
0.017	0.001	0.768	0.214
0.949	0.049	0.001	0.001
0.061	0.472	0.410	0.057
0.076	0.001	0.001	0.922
0.161	0.759	0.041	0.039
0.759	0.057	0.104	0.080
0.137	0.271	0.279	0.314
>GCGCCATCTR	5-GCGCCATCTR	6.720666	-98.083691	0	T:473.0(15.02%),B:3480.4(7.70%),P:1e-42	Tpos:309.5,Tstd:238.2,Bpos:226.3,Bstd:146.8,StrandBias:0.2,Multiplicity:1.12
0.219	0.083	0.633	0.065
0.011	0.918	0.001	0.070
0.057	0.063	0.879	0.001
0.243	0.632	0.063	0.062
0.001	0.872	0.045	0.082
0.762	0.236	0.001	0.001
0.169	0.237	0.087	0.507
0.155	0.627	0.033	0.185
0.005	0.001	0.001	0.993
0.441	0.051	0.408	0.100
>YTTGCGGTTW	6-YTTGCGGTTW	7.306158	-74.221599	0	T:386.0(12.26%),B:2909.1(6.44%),P:1e-32	Tpos:293.8,Tstd:240.8,Bpos:222.1,Bstd:143.7,StrandBias:-0.1,Multiplicity:1.09
0.124	0.405	0.169	0.301
0.001	0.063	0.020	0.916
0.001	0.027	0.021	0.951
0.008	0.243	0.708	0.041
0.043	0.582	0.039	0.336
0.061	0.001	0.913	0.025
0.001	0.001	0.976	0.022
0.008	0.006	0.004	0.982
0.011	0.011	0.007	0.971
0.373	0.120	0.170	0.337
>NGTTTCCGTN	7-NGTTTCCGTN	4.004397	-65.626412	0	T:884.0(28.07%),B:8932.7(19.77%),P:1e-28	Tpos:283.8,Tstd:243.7,Bpos:227.3,Bstd:144.0,StrandBias:0.1,Multiplicity:1.24
0.231	0.257	0.270	0.242
0.146	0.151	0.555	0.148
0.140	0.154	0.155	0.551
0.143	0.145	0.145	0.567
0.152	0.145	0.153	0.550
0.141	0.548	0.161	0.150
0.137	0.559	0.156	0.148
0.137	0.145	0.573	0.145
0.145	0.161	0.152	0.542
0.248	0.231	0.234	0.286
>RRHCCCGCCC	8-RRHCCCGCCC	7.995486	-64.444525	0	T:563.0(17.88%),B:5055.1(11.19%),P:1e-27	Tpos:337.3,Tstd:289.7,Bpos:224.9,Bstd:151.7,StrandBias:0.2,Multiplicity:1.76
0.351	0.243	0.405	0.001
0.347	0.001	0.438	0.213
0.227	0.376	0.151	0.246
0.001	0.642	0.001	0.356
0.359	0.639	0.001	0.001
0.001	0.997	0.001	0.001
0.252	0.001	0.746	0.001
0.033	0.965	0.001	0.001
0.001	0.997	0.001	0.001
0.001	0.654	0.001	0.344
>GCGGRTTTCM	9-GCGGRTTTCM	7.780580	-58.660288	0	T:196.0(6.22%),B:1210.0(2.68%),P:1e-25	Tpos:294.4,Tstd:259.8,Bpos:230.5,Bstd:149.8,StrandBias:-0.5,Multiplicity:1.05
0.001	0.339	0.513	0.147
0.001	0.818	0.180	0.001
0.001	0.001	0.997	0.001
0.263	0.001	0.735	0.001
0.479	0.001	0.519	0.001
0.001	0.001	0.152	0.846
0.001	0.001	0.300	0.698
0.368	0.001	0.001	0.630
0.411	0.587	0.001	0.001
0.363	0.395	0.001	0.241
>AATTTCCGCG	10-AATTTCCGCG	4.791433	-50.819903	0	T:880.0(27.95%),B:9316.7(20.62%),P:1e-22	Tpos:311.9,Tstd:250.1,Bpos:228.8,Bstd:144.9,StrandBias:0.0,Multiplicity:1.29
0.690	0.130	0.096	0.084
0.708	0.102	0.080	0.110
0.123	0.100	0.087	0.690
0.100	0.142	0.095	0.663
0.099	0.112	0.082	0.707
0.065	0.718	0.103	0.114
0.124	0.699	0.082	0.095
0.099	0.103	0.714	0.084
0.085	0.734	0.096	0.085
0.108	0.105	0.678	0.109
>ARCCAATCAG	11-ARCCAATCAG	8.124460	-50.746297	0	T:216.0(6.86%),B:1494.3(3.31%),P:1e-22	Tpos:283.7,Tstd:225.7,Bpos:231.3,Bstd:145.4,StrandBias:-0.1,Multiplicity:1.17
0.689	0.001	0.256	0.054
0.454	0.021	0.514	0.011
0.001	0.945	0.053	0.001
0.049	0.653	0.297	0.001
0.960	0.038	0.001	0.001
0.978	0.001	0.020	0.001
0.001	0.194	0.001	0.804
0.001	0.905	0.093	0.001
0.534	0.147	0.241	0.078
0.086	0.210	0.608	0.096
>TTAAAGCGCG	12-TTAAAGCGCG	4.738244	-50.267081	0	T:697.0(22.13%),B:7019.5(15.54%),P:1e-21	Tpos:327.2,Tstd:286.9,Bpos:227.9,Bstd:147.9,StrandBias:-0.0,Multiplicity:1.21
0.120	0.097	0.100	0.683
0.088	0.103	0.116	0.693
0.700	0.086	0.108	0.106
0.717	0.097	0.091	0.095
0.713	0.094	0.092	0.101
0.122	0.100	0.695	0.083
0.113	0.715	0.088	0.084
0.103	0.099	0.704	0.094
0.102	0.702	0.098	0.098
0.106	0.115	0.680	0.099
>ATGCAAATAA	13-ATGCAAATAA	9.052317	-42.968513	0	T:134.0(4.26%),B:801.5(1.77%),P:1e-18	Tpos:287.2,Tstd:264.8,Bpos:230.2,Bstd:130.9,StrandBias:-0.1,Multiplicity:1.06
0.968	0.030	0.001	0.001
0.001	0.001	0.013	0.985
0.008	0.008	0.959	0.025
0.001	0.958	0.016	0.025
0.997	0.001	0.001	0.001
0.927	0.001	0.046	0.026
0.984	0.014	0.001	0.001
0.069	0.001	0.001	0.929
0.565	0.107	0.156	0.172
0.747	0.026	0.082	0.145
>GTTTCGTTTT	14-GTTTCGTTTT	7.719440	-39.349699	0	T:251.0(7.97%),B:2028.5(4.49%),P:1e-17	Tpos:313.4,Tstd:275.5,Bpos:224.4,Bstd:148.2,StrandBias:0.2,Multiplicity:1.11
0.062	0.096	0.801	0.041
0.029	0.047	0.078	0.846
0.035	0.069	0.078	0.818
0.094	0.051	0.072	0.783
0.035	0.849	0.033	0.083
0.146	0.041	0.759	0.054
0.022	0.193	0.012	0.773
0.076	0.068	0.058	0.798
0.064	0.057	0.069	0.810
0.128	0.030	0.068	0.774
>GCGTGTTGWT	15-GCGTGTTGWT	9.161667	-32.648415	0	T:46.0(1.46%),B:162.9(0.36%),P:1e-14	Tpos:236.6,Tstd:227.4,Bpos:223.8,Bstd:146.7,StrandBias:0.2,Multiplicity:1.02
0.001	0.056	0.942	0.001
0.175	0.823	0.001	0.001
0.001	0.001	0.997	0.001
0.173	0.211	0.063	0.553
0.229	0.001	0.769	0.001
0.010	0.001	0.001	0.988
0.173	0.132	0.001	0.694
0.001	0.186	0.812	0.001
0.561	0.001	0.001	0.437
0.001	0.001	0.001	0.997
>TGTCGCCTAG	16-TGTCGCCTAG	7.222913	-32.471036	0	T:130.0(4.13%),B:880.4(1.95%),P:1e-14	Tpos:303.0,Tstd:228.8,Bpos:221.0,Bstd:140.0,StrandBias:0.1,Multiplicity:1.05
0.081	0.069	0.074	0.776
0.131	0.075	0.734	0.060
0.056	0.092	0.087	0.765
0.084	0.842	0.042	0.032
0.050	0.055	0.861	0.034
0.103	0.719	0.091	0.087
0.067	0.830	0.029	0.074
0.080	0.026	0.095	0.799
0.886	0.017	0.032	0.065
0.113	0.061	0.797	0.029
>GAAAAGCGTA	17-GAAAAGCGTA	7.078308	-30.596208	0	T:129.0(4.10%),B:894.5(1.98%),P:1e-13	Tpos:338.6,Tstd:289.4,Bpos:217.4,Bstd:141.3,StrandBias:-0.1,Multiplicity:1.04
0.095	0.101	0.700	0.104
0.850	0.057	0.070	0.023
0.764	0.087	0.075	0.074
0.757	0.079	0.082	0.082
0.809	0.081	0.032	0.078
0.042	0.083	0.806	0.069
0.056	0.862	0.020	0.062
0.042	0.068	0.833	0.057
0.084	0.071	0.030	0.815
0.810	0.063	0.061	0.066
>TGTGTGGGTG	18-TGTGTGGGTG	9.804888	-30.482502	0	T:100.0(3.18%),B:618.1(1.37%),P:1e-13	Tpos:228.3,Tstd:181.1,Bpos:234.1,Bstd:135.7,StrandBias:-0.4,Multiplicity:1.03
0.001	0.001	0.001	0.997
0.051	0.001	0.910	0.038
0.001	0.001	0.001	0.997
0.001	0.001	0.952	0.046
0.046	0.001	0.001	0.952
0.001	0.034	0.964	0.001
0.001	0.001	0.997	0.001
0.001	0.001	0.997	0.001
0.236	0.105	0.001	0.658
0.001	0.001	0.948	0.050
>GATAGGCCCG	19-GATAGGCCCG	11.764429	-24.557086	0	T:9.0(0.29%),B:4.3(0.01%),P:1e-10	Tpos:292.0,Tstd:143.4,Bpos:346.8,Bstd:63.1,StrandBias:-1.0,Multiplicity:1.00
0.001	0.001	0.997	0.001
0.997	0.001	0.001	0.001
0.001	0.001	0.001	0.997
0.997	0.001	0.001	0.001
0.126	0.001	0.872	0.001
0.001	0.001	0.997	0.001
0.001	0.997	0.001	0.001
0.001	0.997	0.001	0.001
0.001	0.997	0.001	0.001
0.001	0.001	0.997	0.001
>AGCGATCTAC	20-AGCGATCTAC	10.296193	-23.316956	0	T:8.0(0.25%),B:3.4(0.01%),P:1e-10	Tpos:290.4,Tstd:115.0,Bpos:250.9,Bstd:135.9,StrandBias:-0.7,Multiplicity:1.00
0.700	0.100	0.100	0.100
0.100	0.100	0.700	0.100
0.100	0.700	0.100	0.100
0.100	0.100	0.700	0.100
0.700	0.100	0.100	0.100
0.100	0.100	0.100	0.700
0.100	0.700	0.100	0.100
0.100	0.100	0.100	0.700
0.700	0.100	0.100	0.100
0.100	0.700	0.100	0.100
>TGACGTCASG	21-TGACGTCASG	8.339956	-22.564209	0	T:74.0(2.35%),B:462.1(1.02%),P:1e-9	Tpos:298.6,Tstd:204.9,Bpos:231.2,Bstd:155.1,StrandBias:0.2,Multiplicity:1.01
0.030	0.001	0.145	0.824
0.001	0.164	0.637	0.198
0.805	0.001	0.193	0.001
0.100	0.838	0.001	0.061
0.071	0.064	0.777	0.088
0.001	0.175	0.001	0.823
0.029	0.969	0.001	0.001
0.469	0.235	0.001	0.296
0.123	0.389	0.308	0.179
0.001	0.237	0.567	0.195
>AACGTGACGM	22-AACGTGACGM	11.106238	-22.186179	0	T:13.0(0.41%),B:16.9(0.04%),P:1e-9	Tpos:271.5,Tstd:143.7,Bpos:236.3,Bstd:125.5,StrandBias:-0.7,Multiplicity:1.00
0.997	0.001	0.001	0.001
0.997	0.001	0.001	0.001
0.001	0.997	0.001	0.001
0.360	0.001	0.638	0.001
0.001	0.001	0.001	0.997
0.001	0.001	0.997	0.001
0.722	0.001	0.255	0.022
0.001	0.851	0.001	0.147
0.001	0.001	0.997	0.001
0.467	0.531	0.001	0.001
>TCGCTTAAGC	23-TCGCTTAAGC	10.296193	-18.524620	0	T:6.0(0.19%),B:2.4(0.01%),P:1e-8	Tpos:366.2,Tstd:329.2,Bpos:268.8,Bstd:69.7,StrandBias:0.0,Multiplicity:1.00
0.100	0.100	0.100	0.700
0.100	0.700	0.100	0.100
0.100	0.100	0.700	0.100
0.100	0.700	0.100	0.100
0.100	0.100	0.100	0.700
0.100	0.100	0.100	0.700
0.700	0.100	0.100	0.100
0.700	0.100	0.100	0.100
0.100	0.100	0.700	0.100
0.100	0.700	0.100	0.100
>AACCTCGCCT	24-AACCTCGCCT	10.296193	-18.524620	0	T:6.0(0.19%),B:2.5(0.01%),P:1e-8	Tpos:315.7,Tstd:507.1,Bpos:123.4,Bstd:20.3,StrandBias:1.0,Multiplicity:1.00
0.700	0.100	0.100	0.100
0.700	0.100	0.100	0.100
0.100	0.700	0.100	0.100
0.100	0.700	0.100	0.100
0.100	0.100	0.100	0.700
0.100	0.700	0.100	0.100
0.100	0.100	0.700	0.100
0.100	0.700	0.100	0.100
0.100	0.700	0.100	0.100
0.100	0.100	0.100	0.700
>CTTTGTAACT	25-CTTTGTAACT	10.296193	-15.138565	0	T:15.0(0.48%),B:40.9(0.09%),P:1e-6	Tpos:230.7,Tstd:180.5,Bpos:171.5,Bstd:150.2,StrandBias:-1.0,Multiplicity:1.00
0.100	0.700	0.100	0.100
0.100	0.100	0.100	0.700
0.100	0.100	0.100	0.700
0.100	0.100	0.100	0.700
0.100	0.100	0.700	0.100
0.100	0.100	0.100	0.700
0.700	0.100	0.100	0.100
0.700	0.100	0.100	0.100
0.100	0.700	0.100	0.100
0.100	0.100	0.100	0.700
>CCACTAGGGGGC	1-CCACTAGGGGGC	9.316412	-345.304925	0	T:336.0(10.67%),B:785.9(1.74%),P:1e-149	Tpos:255.3,Tstd:193.8,Bpos:229.8,Bstd:133.5,StrandBias:-0.2,Multiplicity:1.04
0.036	0.881	0.044	0.039
0.009	0.989	0.001	0.001
0.834	0.046	0.035	0.085
0.019	0.848	0.121	0.012
0.145	0.230	0.025	0.600
0.873	0.010	0.067	0.050
0.006	0.001	0.988	0.005
0.265	0.039	0.686	0.010
0.036	0.022	0.635	0.307
0.017	0.010	0.954	0.019
0.039	0.045	0.864	0.052
0.049	0.849	0.040	0.062
>NCACTTCCTGTY	2-NCACTTCCTGTY	8.702009	-173.236879	0	T:600.0(19.05%),B:3863.9(8.55%),P:1e-75	Tpos:282.5,Tstd:220.1,Bpos:229.4,Bstd:132.5,StrandBias:-0.1,Multiplicity:1.13
0.232	0.290	0.204	0.274
0.224	0.436	0.089	0.251
0.682	0.172	0.114	0.032
0.001	0.656	0.077	0.266
0.040	0.024	0.001	0.935
0.001	0.001	0.001	0.997
0.001	0.997	0.001	0.001
0.001	0.997	0.001	0.001
0.001	0.001	0.043	0.955
0.006	0.243	0.637	0.114
0.001	0.290	0.166	0.543
0.110	0.302	0.180	0.407
>TCTTTGAWGTKG	3-TCTTTGAWGTKG	8.489222	-126.828761	0	T:377.0(11.97%),B:2205.7(4.88%),P:1e-55	Tpos:263.5,Tstd:191.4,Bpos:226.9,Bstd:133.5,StrandBias:0.0,Multiplicity:1.10
0.070	0.289	0.188	0.452
0.024	0.768	0.096	0.112
0.001	0.001	0.001	0.997
0.001	0.048	0.056	0.895
0.001	0.001	0.001	0.997
0.070	0.097	0.786	0.047
0.803	0.050	0.001	0.146
0.452	0.001	0.033	0.514
0.054	0.103	0.830	0.013
0.053	0.001	0.080	0.866
0.150	0.001	0.467	0.383
0.197	0.204	0.387	0.212
>DVTGASTCABMN	4-DVTGASTCABMN	9.011697	-116.498427	0	T:250.0(7.94%),B:1191.7(2.64%),P:1e-50	Tpos:264.0,Tstd:215.8,Bpos:222.8,Bstd:133.6,StrandBias:-0.0,Multiplicity:1.08
0.240	0.124	0.271	0.365
0.305	0.285	0.274	0.135
0.279	0.001	0.001	0.719
0.001	0.001	0.997	0.001
0.997	0.001	0.001	0.001
0.001	0.400	0.461	0.138
0.001	0.001	0.001	0.997
0.001	0.997	0.001	0.001
0.997	0.001	0.001	0.001
0.001	0.375	0.330	0.294
0.407	0.340	0.001	0.252
0.302	0.267	0.199	0.232
>GTTTCAGTTTCN	5-GTTTCAGTTTCN	9.180258	-63.125342	0	T:215.0(6.83%),B:1340.8(2.97%),P:1e-27	Tpos:318.9,Tstd:281.1,Bpos:227.7,Bstd:138.8,StrandBias:0.2,Multiplicity:1.08
0.034	0.207	0.651	0.108
0.009	0.073	0.025	0.893
0.012	0.047	0.054	0.887
0.013	0.047	0.026	0.914
0.022	0.842	0.045	0.091
0.864	0.012	0.001	0.123
0.001	0.140	0.698	0.161
0.013	0.060	0.009	0.918
0.035	0.025	0.028	0.912
0.038	0.045	0.032	0.885
0.156	0.436	0.218	0.190
0.262	0.195	0.241	0.301
>CACGCCCCGCCC	6-CACGCCCCGCCC	9.638986	-52.918653	0	T:252.0(8.00%),B:1827.4(4.05%),P:1e-22	Tpos:348.0,Tstd:301.5,Bpos:227.8,Bstd:149.9,StrandBias:0.1,Multiplicity:1.22
0.058	0.807	0.065	0.070
0.699	0.141	0.053	0.107
0.095	0.766	0.083	0.056
0.058	0.041	0.851	0.050
0.022	0.894	0.023	0.061
0.057	0.828	0.046	0.069
0.044	0.924	0.009	0.023
0.066	0.857	0.016	0.061
0.060	0.064	0.711	0.165
0.036	0.919	0.025	0.020
0.022	0.847	0.080	0.051
0.050	0.902	0.001	0.047
>TTTGATCTCTGC	7-TTTGATCTCTGC	9.555137	-52.846884	0	T:120.0(3.81%),B:595.6(1.32%),P:1e-22	Tpos:272.5,Tstd:210.2,Bpos:232.8,Bstd:131.4,StrandBias:0.2,Multiplicity:1.02
0.001	0.001	0.001	0.997
0.001	0.028	0.025	0.946
0.001	0.001	0.042	0.956
0.192	0.086	0.664	0.058
0.924	0.001	0.074	0.001
0.060	0.001	0.001	0.938
0.038	0.721	0.153	0.088
0.001	0.001	0.001	0.997
0.075	0.743	0.107	0.075
0.305	0.001	0.001	0.693
0.001	0.002	0.786	0.211
0.093	0.679	0.209	0.019
>RTWATTTGCATA	8-RTWATTTGCATA	9.919476	-49.361246	0	T:90.0(2.86%),B:384.8(0.85%),P:1e-21	Tpos:277.0,Tstd:239.0,Bpos:215.2,Bstd:136.2,StrandBias:-0.4,Multiplicity:1.03
0.344	0.136	0.424	0.097
0.296	0.129	0.025	0.550
0.336	0.068	0.157	0.440
0.769	0.182	0.048	0.001
0.001	0.001	0.001	0.997
0.001	0.001	0.001	0.997
0.001	0.001	0.001	0.997
0.180	0.040	0.756	0.024
0.043	0.824	0.001	0.132
0.929	0.001	0.001	0.069
0.001	0.001	0.001	0.997
0.728	0.001	0.073	0.198
>AGGCGTGTTCTT	9-AGGCGTGTTCTT	14.158938	-46.880776	0	T:11.0(0.35%),B:1.4(0.00%),P:1e-20	Tpos:317.1,Tstd:132.1,Bpos:433.6,Bstd:6.0,StrandBias:-0.8,Multiplicity:1.00
0.902	0.096	0.001	0.001
0.001	0.001	0.997	0.001
0.001	0.096	0.902	0.001
0.001	0.997	0.001	0.001
0.001	0.001	0.997	0.001
0.001	0.001	0.001	0.997
0.001	0.001	0.997	0.001
0.001	0.001	0.001	0.997
0.001	0.001	0.001	0.997
0.001	0.997	0.001	0.001
0.001	0.001	0.001	0.997
0.001	0.001	0.001	0.997
>AGGGGAAACCCC	10-AGGGGAAACCCC	10.912664	-46.097036	0	T:57.0(1.81%),B:175.2(0.39%),P:1e-20	Tpos:217.5,Tstd:167.4,Bpos:218.4,Bstd:126.8,StrandBias:0.8,Multiplicity:1.04
0.586	0.062	0.123	0.229
0.138	0.001	0.800	0.061
0.111	0.001	0.887	0.001
0.001	0.001	0.997	0.001
0.392	0.001	0.606	0.001
0.997	0.001	0.001	0.001
0.997	0.001	0.001	0.001
0.538	0.100	0.164	0.198
0.001	0.722	0.061	0.216
0.001	0.937	0.001	0.061
0.001	0.997	0.001	0.001
0.044	0.925	0.001	0.030
>CCAATCAGGGCC	11-CCAATCAGGGCC	14.038532	-43.779304	0	T:12.0(0.38%),B:2.8(0.01%),P:1e-19	Tpos:325.7,Tstd:170.8,Bpos:166.9,Bstd:114.5,StrandBias:-1.0,Multiplicity:1.00
0.001	0.997	0.001	0.001
0.001	0.997	0.001	0.001
0.997	0.001	0.001	0.001
0.997	0.001	0.001	0.001
0.001	0.001	0.001	0.997
0.001	0.997	0.001	0.001
0.997	0.001	0.001	0.001
0.001	0.001	0.997	0.001
0.001	0.001	0.997	0.001
0.001	0.001	0.997	0.001
0.001	0.921	0.077	0.001
0.001	0.997	0.001	0.001
>GCAAACCACAAA	12-GCAAACCACAAA	9.550206	-42.420713	0	T:120.0(3.81%),B:681.8(1.51%),P:1e-18	Tpos:267.8,Tstd:216.0,Bpos:223.6,Bstd:141.1,StrandBias:0.6,Multiplicity:1.03
0.047	0.025	0.843	0.085
0.127	0.731	0.069	0.073
0.837	0.076	0.001	0.086
0.887	0.060	0.021	0.032
0.816	0.102	0.038	0.044
0.063	0.843	0.062	0.032
0.056	0.913	0.012	0.019
0.838	0.072	0.018	0.072
0.051	0.849	0.084	0.016
0.866	0.022	0.080	0.032
0.749	0.118	0.108	0.025
0.838	0.037	0.084	0.041
>TCTTTCATCTCG	13-TCTTTCATCTCG	9.097878	-41.160557	0	T:150.0(4.76%),B:969.2(2.15%),P:1e-17	Tpos:269.7,Tstd:244.8,Bpos:224.3,Bstd:131.0,StrandBias:0.1,Multiplicity:1.04
0.035	0.134	0.034	0.797
0.025	0.854	0.088	0.033
0.033	0.067	0.001	0.899
0.001	0.001	0.067	0.931
0.061	0.001	0.025	0.913
0.001	0.798	0.200	0.001
0.835	0.065	0.033	0.067
0.066	0.035	0.001	0.898
0.035	0.840	0.001	0.124
0.160	0.025	0.001	0.814
0.159	0.652	0.047	0.142
0.212	0.125	0.533	0.130
>ATAGGCCCGCCA	14-ATAGGCCCGCCA	11.518916	-37.211778	0	T:15.0(0.48%),B:8.5(0.02%),P:1e-16	Tpos:292.1,Tstd:173.2,Bpos:197.5,Bstd:80.5,StrandBias:0.2,Multiplicity:1.00
0.804	0.001	0.001	0.194
0.001	0.001	0.001	0.997
0.812	0.001	0.186	0.001
0.001	0.001	0.997	0.001
0.001	0.001	0.626	0.372
0.195	0.618	0.186	0.001
0.186	0.812	0.001	0.001
0.001	0.997	0.001	0.001
0.001	0.186	0.812	0.001
0.001	0.812	0.001	0.186
0.001	0.997	0.001	0.001
0.812	0.001	0.001	0.186
>CGAAGTGGTGAG	15-CGAAGTGGTGAG	13.829757	-34.947451	0	T:10.0(0.32%),B:2.8(0.01%),P:1e-15	Tpos:298.4,Tstd:128.7,Bpos:348.8,Bstd:14.3,StrandBias:0.0,Multiplicity:1.00
0.001	0.997	0.001	0.001
0.001	0.001	0.997	0.001
0.997	0.001	0.001	0.001
0.762	0.236	0.001	0.001
0.264	0.001	0.734	0.001
0.001	0.001	0.001	0.997
0.001	0.001	0.997	0.001
0.001	0.001	0.997	0.001
0.001	0.001	0.001	0.997
0.001	0.001	0.997	0.001
0.997	0.001	0.001	0.001
0.001	0.001	0.997	0.001
>TMATGTCAAWCA	16-TMATGTCAAWCA	12.621403	-34.947451	0	T:10.0(0.32%),B:2.8(0.01%),P:1e-15	Tpos:282.4,Tstd:172.3,Bpos:199.8,Bstd:38.2,StrandBias:-2.0,Multiplicity:1.00
0.002	0.067	0.038	0.893
0.462	0.496	0.001	0.041
0.845	0.076	0.078	0.001
0.038	0.080	0.038	0.844
0.041	0.069	0.736	0.154
0.039	0.040	0.115	0.806
0.001	0.770	0.153	0.076
0.874	0.039	0.001	0.086
0.795	0.078	0.003	0.124
0.298	0.077	0.232	0.393
0.173	0.749	0.038	0.040
0.807	0.076	0.001	0.116
>AGCGATCTACAA	17-AGCGATCTACAA	12.355432	-31.982426	0	T:8.0(0.25%),B:1.4(0.00%),P:1e-13	Tpos:290.1,Tstd:115.5,Bpos:378.0,Bstd:0.0,StrandBias:-0.7,Multiplicity:1.00
0.700	0.100	0.100	0.100
0.100	0.100	0.700	0.100
0.100	0.700	0.100	0.100
0.100	0.100	0.700	0.100
0.700	0.100	0.100	0.100
0.100	0.100	0.100	0.700
0.100	0.700	0.100	0.100
0.100	0.100	0.100	0.700
0.700	0.100	0.100	0.100
0.100	0.700	0.100	0.100
0.700	0.100	0.100	0.100
0.700	0.100	0.100	0.100
>TCACTGCCCTTA	18-TCACTGCCCTTA	12.499830	-28.251079	0	T:16.0(0.51%),B:18.3(0.04%),P:1e-12	Tpos:262.6,Tstd:258.7,Bpos:257.8,Bstd:147.1,StrandBias:-1.1,Multiplicity:1.00
0.001	0.100	0.001	0.898
0.001	0.997	0.001	0.001
0.997	0.001	0.001	0.001
0.320	0.678	0.001	0.001
0.001	0.001	0.001	0.997
0.001	0.001	0.997	0.001
0.001	0.755	0.243	0.001
0.320	0.678	0.001	0.001
0.001	0.997	0.001	0.001
0.001	0.001	0.001	0.997
0.001	0.001	0.001	0.997
0.997	0.001	0.001	0.001
>CAGCAGCTGGCA	19-CAGCAGCTGGCA	7.799883	-27.845645	0	T:393.0(12.48%),B:3935.9(8.71%),P:1e-12	Tpos:299.6,Tstd:265.0,Bpos:223.8,Bstd:132.8,StrandBias:-0.2,Multiplicity:1.07
0.029	0.841	0.067	0.063
0.803	0.026	0.056	0.115
0.098	0.043	0.834	0.025
0.039	0.842	0.086	0.033
0.930	0.015	0.046	0.009
0.001	0.095	0.903	0.001
0.192	0.681	0.078	0.049
0.049	0.071	0.068	0.812
0.068	0.045	0.801	0.086
0.067	0.072	0.753	0.108
0.125	0.799	0.058	0.018
0.997	0.001	0.001	0.001
>ACTCTAACCCTA	20-ACTCTAACCCTA	14.554539	-26.498987	0	T:8.0(0.25%),B:2.9(0.01%),P:1e-11	Tpos:338.9,Tstd:175.1,Bpos:207.0,Bstd:65.0,StrandBias:-0.7,Multiplicity:1.00
0.997	0.001	0.001	0.001
0.001	0.997	0.001	0.001
0.001	0.001	0.001	0.997
0.001	0.997	0.001	0.001
0.001	0.001	0.001	0.997
0.997	0.001	0.001	0.001
0.997	0.001	0.001	0.001
0.001	0.997	0.001	0.001
0.001	0.997	0.001	0.001
0.001	0.869	0.129	0.001
0.001	0.001	0.001	0.997
0.997	0.001	0.001	0.001
>GTGTGCCTTGTT	21-GTGTGCCTTGTT	14.310631	-24.557086	0	T:9.0(0.29%),B:5.0(0.01%),P:1e-10	Tpos:209.8,Tstd:100.6,Bpos:181.8,Bstd:128.0,StrandBias:1.0,Multiplicity:1.00
0.001	0.001	0.997	0.001
0.001	0.001	0.001	0.997
0.001	0.001	0.997	0.001
0.001	0.001	0.001	0.997
0.001	0.001	0.997	0.001
0.001	0.884	0.114	0.001
0.001	0.997	0.001	0.001
0.001	0.001	0.001	0.997
0.001	0.001	0.001	0.997
0.001	0.001	0.997	0.001
0.114	0.001	0.001	0.884
0.001	0.001	0.001	0.997
>AGGGGGTGTCTA	22-AGGGGGTGTCTA	12.879576	-13.904212	0	T:9.0(0.29%),B:14.7(0.03%),P:1e-6	Tpos:199.7,Tstd:171.1,Bpos:269.4,Bstd:90.5,StrandBias:2.0,Multiplicity:1.88
0.770	0.001	0.228	0.001
0.001	0.001	0.997	0.001
0.001	0.001	0.997	0.001
0.001	0.001	0.960	0.038
0.029	0.049	0.921	0.001
0.271	0.001	0.727	0.001
0.228	0.001	0.001	0.770
0.001	0.001	0.770	0.228
0.300	0.001	0.001	0.698
0.229	0.721	0.001	0.049
0.001	0.001	0.001	0.997
0.997	0.001	0.001	0.001
>TCAGCAACACAC	23-TCAGCAACACAC	6.354770	-12.957802	0	T:456.0(14.48%),B:5312.9(11.76%),P:1e-5	Tpos:293.7,Tstd:249.8,Bpos:225.0,Bstd:136.4,StrandBias:0.1,Multiplicity:1.10
0.212	0.001	0.071	0.716
0.071	0.705	0.082	0.142
0.662	0.071	0.071	0.196
0.074	0.082	0.631	0.213
0.124	0.865	0.001	0.010
0.857	0.001	0.141	0.001
0.928	0.070	0.001	0.001
0.001	0.928	0.001	0.070
0.857	0.001	0.071	0.071
0.070	0.928	0.001	0.001
0.631	0.143	0.071	0.155
0.001	0.928	0.001	0.070
>TCAGCAACTGGC	24-TCAGCAACTGGC	-0.747479	-10.274976	0	T:494.0(15.69%),B:5969.9(13.22%),P:1e-4	Tpos:311.6,Tstd:267.5,Bpos:227.8,Bstd:134.9,StrandBias:-0.3,Multiplicity:1.15
0.001	0.001	0.001	0.997
0.001	0.997	0.001	0.001
0.997	0.001	0.001	0.001
0.001	0.001	0.997	0.001
0.001	0.997	0.001	0.001
0.997	0.001	0.001	0.001
0.735	0.001	0.235	0.029
0.001	0.997	0.001	0.001
0.001	0.001	0.001	0.997
0.001	0.001	0.997	0.001
0.001	0.001	0.997	0.001
0.001	0.997	0.001	0.001
>ACCATCTGTACA	25-ACCATCTGTACA	12.355432	-2.698035	0	T:1.0(0.03%),B:1.6(0.00%),P:1e-1	Tpos:80.4,Tstd:47.8,Bpos:349.8,Bstd:37.7,StrandBias:10.0,Multiplicity:9.00
0.700	0.100	0.100	0.100
0.100	0.700	0.100	0.100
0.100	0.700	0.100	0.100
0.700	0.100	0.100	0.100
0.100	0.100	0.100	0.700
0.100	0.700	0.100	0.100
0.100	0.100	0.100	0.700
0.100	0.100	0.700	0.100
0.100	0.100	0.100	0.700
0.700	0.100	0.100	0.100
0.100	0.700	0.100	0.100
0.700	0.100	0.100	0.100
>CAGGAAAT	1-CAGGAAAT	7.270972	-151.036097	0	T:963.0(30.58%),B:8110.3(17.95%),P:1e-65	Tpos:288.8,Tstd:236.1,Bpos:227.6,Bstd:137.3,StrandBias:0.1,Multiplicity:1.27
0.001	0.690	0.228	0.081
0.601	0.366	0.032	0.001
0.001	0.047	0.951	0.001
0.001	0.001	0.982	0.016
0.943	0.001	0.001	0.055
0.852	0.146	0.001	0.001
0.546	0.093	0.312	0.049
0.001	0.314	0.001	0.684
>NGCGGTTT	2-NGCGGTTT	4.209382	-102.458141	0	T:1233.0(39.16%),B:12441.8(27.54%),P:1e-44	Tpos:314.4,Tstd:270.2,Bpos:227.6,Bstd:145.5,StrandBias:-0.1,Multiplicity:1.40
0.177	0.281	0.228	0.314
0.122	0.238	0.484	0.156
0.123	0.454	0.214	0.208
0.133	0.263	0.578	0.026
0.061	0.192	0.532	0.215
0.218	0.011	0.082	0.689
0.103	0.006	0.229	0.662
0.308	0.072	0.158	0.462
>ATGAGTCA	3-ATGAGTCA	7.604359	-92.387417	0	T:373.0(11.85%),B:2533.3(5.61%),P:1e-40	Tpos:260.4,Tstd:212.9,Bpos:225.5,Bstd:135.7,StrandBias:0.0,Multiplicity:1.13
0.640	0.153	0.170	0.037
0.022	0.012	0.001	0.965
0.020	0.001	0.958	0.021
0.976	0.022	0.001	0.001
0.011	0.209	0.749	0.031
0.001	0.001	0.001	0.997
0.037	0.961	0.001	0.001
0.997	0.001	0.001	0.001
>TTTCATCT	4-TTTCATCT	7.991336	-79.666028	0	T:425.0(13.50%),B:3240.8(7.17%),P:1e-34	Tpos:303.1,Tstd:263.9,Bpos:224.4,Bstd:134.9,StrandBias:0.1,Multiplicity:1.07
0.001	0.001	0.001	0.997
0.001	0.001	0.001	0.997
0.001	0.001	0.001	0.997
0.001	0.741	0.257	0.001
0.920	0.001	0.078	0.001
0.001	0.001	0.001	0.997
0.001	0.792	0.206	0.001
0.001	0.001	0.001	0.997
>CTTCAAAG	5-CTTCAAAG	7.221986	-78.555322	0	T:603.0(19.15%),B:5233.1(11.58%),P:1e-34	Tpos:279.0,Tstd:237.2,Bpos:227.0,Bstd:139.3,StrandBias:0.2,Multiplicity:1.19
0.001	0.781	0.109	0.109
0.215	0.001	0.001	0.783
0.001	0.001	0.001	0.997
0.093	0.905	0.001	0.001
0.997	0.001	0.001	0.001
0.997	0.001	0.001	0.001
0.997	0.001	0.001	0.001
0.001	0.001	0.997	0.001
>TWAMCGGA	6-TWAMCGGA	5.379336	-74.338335	0	T:859.0(27.28%),B:8393.2(18.58%),P:1e-32	Tpos:308.8,Tstd:283.1,Bpos:229.9,Bstd:148.2,StrandBias:0.1,Multiplicity:1.24
0.048	0.255	0.255	0.441
0.561	0.001	0.001	0.437
0.574	0.069	0.001	0.356
0.527	0.471	0.001	0.001
0.001	0.997	0.001	0.001
0.001	0.001	0.997	0.001
0.172	0.012	0.516	0.300
0.599	0.001	0.034	0.366
>AGGTGGCG	7-AGGTGGCG	8.225282	-68.135584	0	T:412.0(13.08%),B:3282.5(7.27%),P:1e-29	Tpos:328.1,Tstd:290.6,Bpos:223.6,Bstd:147.6,StrandBias:-0.2,Multiplicity:1.10
0.997	0.001	0.001	0.001
0.001	0.109	0.889	0.001
0.116	0.001	0.762	0.121
0.001	0.001	0.109	0.889
0.001	0.001	0.997	0.001
0.001	0.001	0.997	0.001
0.001	0.997	0.001	0.001
0.217	0.001	0.781	0.001
>GGGGCGGG	8-GGGGCGGG	8.526151	-52.295141	0	T:505.0(16.04%),B:4643.9(10.28%),P:1e-22	Tpos:337.0,Tstd:290.2,Bpos:225.7,Bstd:152.3,StrandBias:-0.1,Multiplicity:1.58
0.142	0.001	0.728	0.129
0.112	0.001	0.742	0.145
0.001	0.001	0.997	0.001
0.001	0.001	0.997	0.001
0.001	0.997	0.001	0.001
0.001	0.001	0.997	0.001
0.001	0.001	0.961	0.037
0.119	0.001	0.847	0.033
>CGCGGAAA	9-CGCGGAAA	4.155248	-51.496467	0	T:783.0(24.87%),B:8060.5(17.84%),P:1e-22	Tpos:314.9,Tstd:272.8,Bpos:225.8,Bstd:148.2,StrandBias:-0.1,Multiplicity:1.25
0.213	0.462	0.257	0.068
0.131	0.085	0.680	0.104
0.055	0.535	0.144	0.266
0.135	0.173	0.451	0.242
0.177	0.220	0.423	0.180
0.456	0.244	0.086	0.215
0.554	0.083	0.136	0.227
0.535	0.192	0.085	0.188
>CCHCTAGT	10-CCHCTAGT	3.604615	-50.474459	0	T:676.0(21.47%),B:6753.8(14.95%),P:1e-21	Tpos:305.5,Tstd:249.5,Bpos:229.5,Bstd:140.3,StrandBias:0.0,Multiplicity:1.20
0.001	0.997	0.001	0.001
0.001	0.772	0.226	0.001
0.252	0.292	0.094	0.362
0.001	0.997	0.001	0.001
0.001	0.001	0.001	0.997
0.997	0.001	0.001	0.001
0.001	0.001	0.997	0.001
0.010	0.169	0.015	0.806
>ACGCGTTA	11-ACGCGTTA	5.034189	-49.940119	0	T:489.0(15.53%),B:4509.8(9.98%),P:1e-21	Tpos:331.6,Tstd:310.9,Bpos:229.4,Bstd:151.1,StrandBias:-0.1,Multiplicity:1.16
0.805	0.061	0.068	0.066
0.090	0.837	0.023	0.050
0.094	0.046	0.826	0.034
0.079	0.695	0.092	0.134
0.059	0.044	0.791	0.106
0.080	0.109	0.068	0.743
0.105	0.127	0.085	0.683
0.629	0.079	0.085	0.207
>ACGCRAAT	12-ACGCRAAT	5.564167	-44.958455	0	T:189.0(6.00%),B:1301.9(2.88%),P:1e-19	Tpos:283.7,Tstd:261.1,Bpos:232.9,Bstd:138.2,StrandBias:0.1,Multiplicity:1.10
0.483	0.150	0.194	0.174
0.071	0.617	0.011	0.301
0.001	0.044	0.931	0.024
0.109	0.609	0.243	0.039
0.392	0.178	0.282	0.148
0.650	0.030	0.068	0.252
0.505	0.170	0.187	0.138
0.194	0.177	0.144	0.485
>TGATTSGT	13-TGATTSGT	4.761842	-38.104154	0	T:236.0(7.49%),B:1888.5(4.18%),P:1e-16	Tpos:297.0,Tstd:232.2,Bpos:227.1,Bstd:143.0,StrandBias:0.2,Multiplicity:1.19
0.006	0.400	0.001	0.593
0.001	0.001	0.997	0.001
0.997	0.001	0.001	0.001
0.001	0.001	0.001	0.997
0.001	0.001	0.001	0.997
0.001	0.548	0.450	0.001
0.001	0.001	0.997	0.001
0.001	0.327	0.001	0.671
>TGACGTAT	14-TGACGTAT	6.571844	-34.181752	0	T:279.0(8.86%),B:2436.3(5.39%),P:1e-14	Tpos:268.0,Tstd:217.7,Bpos:224.9,Bstd:144.8,StrandBias:-0.1,Multiplicity:1.07
0.001	0.018	0.027	0.954
0.001	0.030	0.968	0.001
0.997	0.001	0.001	0.001
0.078	0.920	0.001	0.001
0.001	0.036	0.880	0.083
0.018	0.088	0.032	0.862
0.663	0.190	0.083	0.064
0.140	0.033	0.001	0.826
>TGTAGGCG	15-TGTAGGCG	7.267363	-25.934111	0	T:86.0(2.73%),B:537.6(1.19%),P:1e-11	Tpos:334.4,Tstd:282.8,Bpos:235.1,Bstd:154.8,StrandBias:0.2,Multiplicity:1.09
0.001	0.001	0.265	0.733
0.001	0.001	0.914	0.084
0.001	0.001	0.001	0.997
0.997	0.001	0.001	0.001
0.001	0.001	0.997	0.001
0.001	0.001	0.997	0.001
0.001	0.997	0.001	0.001
0.001	0.001	0.997	0.001
>GACGTCCT	16-GACGTCCT	9.274237	-19.436283	0	T:50.0(1.59%),B:277.8(0.62%),P:1e-8	Tpos:305.4,Tstd:270.9,Bpos:230.9,Bstd:145.4,StrandBias:-0.8,Multiplicity:1.00
0.001	0.001	0.815	0.183
0.997	0.001	0.001	0.001
0.001	0.997	0.001	0.001
0.001	0.001	0.997	0.001
0.001	0.001	0.001	0.997
0.001	0.997	0.001	0.001
0.001	0.997	0.001	0.001
0.001	0.001	0.093	0.905
