Factor1: 0.9801906017417533
Factor2: 1.020209741067754
