Factor1: 0.7949948903508941
Factor2: 1.2578697198401134
