Factor1: 1.061995397188943
Factor2: 0.9416236667757295
