>ACTTCCTG	1-ACTTCCTG	5.214010	-474.126431	0	T:1254.0(55.36%),B:11559.3(25.05%),P:1e-205	Tpos:274.0,Tstd:183.7,Bpos:237.5,Bstd:147.3,StrandBias:-0.1,Multiplicity:1.30
0.967	0.001	0.031	0.001
0.001	0.653	0.001	0.345
0.307	0.001	0.001	0.691
0.001	0.001	0.001	0.997
0.001	0.997	0.001	0.001
0.001	0.970	0.028	0.001
0.001	0.001	0.422	0.576
0.001	0.239	0.759	0.001
>CACTTCCT	2-CACTTCCT	7.935486	-399.422402	0	T:844.0(37.26%),B:6277.9(13.61%),P:1e-173	Tpos:266.2,Tstd:179.7,Bpos:238.0,Bstd:143.3,StrandBias:0.1,Multiplicity:1.31
0.070	0.833	0.001	0.096
0.997	0.001	0.001	0.001
0.001	0.875	0.001	0.123
0.164	0.001	0.001	0.834
0.001	0.001	0.001	0.997
0.001	0.997	0.001	0.001
0.001	0.997	0.001	0.001
0.001	0.001	0.071	0.927
>AAACCACA	3-AAACCACA	7.688111	-207.561018	0	T:477.0(21.06%),B:3513.8(7.62%),P:1e-90	Tpos:277.5,Tstd:185.6,Bpos:241.0,Bstd:148.5,StrandBias:0.1,Multiplicity:1.17
0.638	0.141	0.001	0.220
0.997	0.001	0.001	0.001
0.997	0.001	0.001	0.001
0.001	0.997	0.001	0.001
0.001	0.997	0.001	0.001
0.939	0.001	0.059	0.001
0.001	0.997	0.001	0.001
0.898	0.001	0.001	0.100
>TAACCACA	4-TAACCACA	4.989781	-117.691626	0	T:1293.0(57.09%),B:19045.0(41.28%),P:1e-51	Tpos:274.7,Tstd:201.9,Bpos:239.3,Bstd:147.6,StrandBias:0.0,Multiplicity:1.39
0.261	0.212	0.040	0.487
0.438	0.175	0.183	0.204
0.812	0.001	0.186	0.001
0.039	0.862	0.098	0.001
0.104	0.568	0.145	0.183
0.586	0.001	0.367	0.046
0.084	0.670	0.050	0.196
0.576	0.126	0.155	0.143
>TGACGTCA	5-TGACGTCA	6.072062	-109.054507	0	T:404.0(17.84%),B:3812.3(8.26%),P:1e-47	Tpos:291.3,Tstd:193.7,Bpos:238.0,Bstd:156.3,StrandBias:0.1,Multiplicity:1.12
0.055	0.001	0.117	0.827
0.060	0.002	0.744	0.194
0.683	0.139	0.047	0.131
0.001	0.997	0.001	0.001
0.154	0.003	0.842	0.001
0.214	0.001	0.001	0.784
0.130	0.561	0.151	0.158
0.513	0.098	0.184	0.205
>TTCCGCTT	6-TTCCGCTT	4.977664	-102.762511	0	T:1240.0(54.75%),B:18473.2(40.04%),P:1e-44	Tpos:291.3,Tstd:216.7,Bpos:237.6,Bstd:150.4,StrandBias:-0.2,Multiplicity:1.47
0.068	0.115	0.016	0.801
0.114	0.068	0.074	0.744
0.052	0.807	0.084	0.057
0.025	0.817	0.130	0.028
0.035	0.098	0.763	0.104
0.065	0.582	0.133	0.220
0.101	0.084	0.049	0.766
0.074	0.123	0.074	0.729
>RGCGTCAC	7-RGCGTCAC	4.492360	-71.439862	0	T:178.0(7.86%),B:1334.8(2.89%),P:1e-31	Tpos:285.5,Tstd:191.5,Bpos:241.1,Bstd:156.4,StrandBias:-0.1,Multiplicity:1.03
0.439	0.001	0.459	0.102
0.001	0.001	0.984	0.014
0.001	0.997	0.001	0.001
0.001	0.001	0.997	0.001
0.001	0.001	0.001	0.997
0.001	0.997	0.001	0.001
0.997	0.001	0.001	0.001
0.001	0.969	0.001	0.029
>ACAGGATG	8-ACAGGATG	8.623053	-61.469583	0	T:173.0(7.64%),B:1393.5(3.02%),P:1e-26	Tpos:285.4,Tstd:193.7,Bpos:242.3,Bstd:142.8,StrandBias:-0.4,Multiplicity:1.04
0.997	0.001	0.001	0.001
0.001	0.997	0.001	0.001
0.876	0.122	0.001	0.001
0.001	0.001	0.997	0.001
0.001	0.001	0.997	0.001
0.997	0.001	0.001	0.001
0.001	0.213	0.001	0.785
0.099	0.001	0.899	0.001
>CCCCCCCC	9-CCCCCCCC	7.763427	-60.109755	0	T:830.0(36.64%),B:12182.9(26.41%),P:1e-26	Tpos:287.9,Tstd:222.2,Bpos:237.5,Bstd:143.3,StrandBias:-0.1,Multiplicity:1.68
0.001	0.961	0.001	0.037
0.001	0.957	0.001	0.041
0.092	0.906	0.001	0.001
0.122	0.800	0.001	0.077
0.161	0.664	0.067	0.108
0.111	0.887	0.001	0.001
0.001	0.997	0.001	0.001
0.031	0.953	0.015	0.001
>AAMCCCGC	10-AAMCCCGC	5.658009	-48.753572	0	T:1150.0(50.77%),B:18825.4(40.80%),P:1e-21	Tpos:290.4,Tstd:224.1,Bpos:237.2,Bstd:149.3,StrandBias:-0.1,Multiplicity:1.44
0.812	0.001	0.001	0.186
0.870	0.128	0.001	0.001
0.549	0.449	0.001	0.001
0.181	0.671	0.001	0.147
0.331	0.585	0.083	0.001
0.385	0.573	0.041	0.001
0.001	0.415	0.583	0.001
0.027	0.821	0.151	0.001
>WGATCARA	11-WGATCARA	6.054272	-47.980833	0	T:907.0(40.04%),B:14133.3(30.63%),P:1e-20	Tpos:276.4,Tstd:225.0,Bpos:235.9,Bstd:143.5,StrandBias:-0.1,Multiplicity:1.39
0.407	0.121	0.058	0.414
0.030	0.332	0.637	0.001
0.608	0.001	0.001	0.390
0.001	0.001	0.001	0.997
0.247	0.599	0.153	0.001
0.716	0.001	0.001	0.282
0.446	0.075	0.380	0.098
0.759	0.060	0.180	0.001
>TGCGTAAC	12-TGCGTAAC	5.262291	-47.335567	0	T:582.0(25.70%),B:8188.8(17.75%),P:1e-20	Tpos:274.6,Tstd:216.8,Bpos:236.7,Bstd:152.9,StrandBias:0.1,Multiplicity:1.20
0.056	0.070	0.054	0.820
0.140	0.106	0.694	0.060
0.028	0.762	0.041	0.169
0.073	0.047	0.825	0.055
0.098	0.102	0.037	0.763
0.748	0.110	0.074	0.068
0.750	0.065	0.135	0.050
0.073	0.648	0.133	0.146
>CCGGAAGG	13-CCGGAAGG	7.224159	-39.737425	0	T:329.0(14.53%),B:4133.5(8.96%),P:1e-17	Tpos:269.4,Tstd:209.9,Bpos:239.9,Bstd:146.8,StrandBias:0.1,Multiplicity:1.05
0.001	0.997	0.001	0.001
0.102	0.896	0.001	0.001
0.001	0.001	0.997	0.001
0.001	0.211	0.662	0.126
0.932	0.001	0.001	0.066
0.997	0.001	0.001	0.001
0.001	0.001	0.718	0.280
0.167	0.001	0.831	0.001
>TGTGCGTT	14-TGTGCGTT	7.598177	-27.952779	0	T:163.0(7.20%),B:1828.1(3.96%),P:1e-12	Tpos:272.8,Tstd:197.3,Bpos:240.1,Bstd:153.4,StrandBias:-0.2,Multiplicity:1.04
0.001	0.276	0.001	0.722
0.067	0.001	0.931	0.001
0.001	0.001	0.001	0.997
0.121	0.001	0.877	0.001
0.001	0.899	0.099	0.001
0.001	0.001	0.997	0.001
0.001	0.001	0.001	0.997
0.001	0.420	0.001	0.578
>CCGATTGG	15-CCGATTGG	3.977036	-27.662035	0	T:138.0(6.09%),B:1462.1(3.17%),P:1e-12	Tpos:250.4,Tstd:179.0,Bpos:239.8,Bstd:144.3,StrandBias:0.3,Multiplicity:1.13
0.001	0.649	0.349	0.001
0.001	0.829	0.001	0.169
0.001	0.001	0.997	0.001
0.997	0.001	0.001	0.001
0.001	0.001	0.001	0.997
0.001	0.001	0.001	0.997
0.001	0.001	0.997	0.001
0.001	0.001	0.997	0.001
>CATTATCG	16-CATTATCG	5.625886	-24.591101	0	T:210.0(9.27%),B:2657.9(5.76%),P:1e-10	Tpos:294.4,Tstd:227.6,Bpos:241.7,Bstd:141.0,StrandBias:0.1,Multiplicity:1.09
0.001	0.997	0.001	0.001
0.754	0.017	0.212	0.017
0.001	0.120	0.001	0.878
0.001	0.001	0.001	0.997
0.997	0.001	0.001	0.001
0.001	0.001	0.001	0.997
0.001	0.997	0.001	0.001
0.001	0.001	0.710	0.288
>GAAAGGAA	17-GAAAGGAA	8.236954	-24.469851	0	T:164.0(7.24%),B:1930.2(4.18%),P:1e-10	Tpos:250.3,Tstd:172.1,Bpos:241.0,Bstd:144.7,StrandBias:-0.1,Multiplicity:1.04
0.100	0.100	0.700	0.100
0.700	0.100	0.100	0.100
0.700	0.100	0.100	0.100
0.700	0.100	0.100	0.100
0.100	0.100	0.700	0.100
0.100	0.100	0.700	0.100
0.700	0.100	0.100	0.100
0.700	0.100	0.100	0.100
>GCATCAAA	18-GCATCAAA	6.164802	-22.401588	0	T:402.0(17.75%),B:6039.7(13.09%),P:1e-9	Tpos:276.5,Tstd:204.5,Bpos:240.1,Bstd:145.5,StrandBias:0.0,Multiplicity:1.10
0.001	0.366	0.632	0.001
0.001	0.884	0.088	0.027
0.557	0.001	0.147	0.295
0.001	0.001	0.001	0.997
0.001	0.997	0.001	0.001
0.869	0.001	0.081	0.049
0.987	0.001	0.011	0.001
0.957	0.038	0.001	0.004
>TCTATTTC	19-TCTATTTC	8.236954	-14.712720	0	T:64.0(2.83%),B:656.4(1.42%),P:1e-6	Tpos:275.0,Tstd:224.0,Bpos:230.9,Bstd:139.7,StrandBias:-0.3,Multiplicity:1.00
0.100	0.100	0.100	0.700
0.100	0.700	0.100	0.100
0.100	0.100	0.100	0.700
0.700	0.100	0.100	0.100
0.100	0.100	0.100	0.700
0.100	0.100	0.100	0.700
0.100	0.100	0.100	0.700
0.100	0.700	0.100	0.100
