>CACTTCCTGT	1-CACTTCCTGT	7.841483	-544.380721	0	T:1039.0(45.87%),B:7521.8(16.30%),P:1e-236	Tpos:260.6,Tstd:173.9,Bpos:237.8,Bstd:143.9,StrandBias:-0.0,Multiplicity:1.37
0.141	0.526	0.119	0.214
0.706	0.001	0.292	0.001
0.001	0.749	0.001	0.249
0.098	0.001	0.001	0.900
0.001	0.001	0.001	0.997
0.001	0.997	0.001	0.001
0.001	0.997	0.001	0.001
0.001	0.001	0.098	0.900
0.001	0.170	0.639	0.190
0.118	0.228	0.067	0.587
>NNHAACCACA	2-NNHAACCACA	7.157437	-199.329193	0	T:552.0(24.37%),B:4587.7(9.94%),P:1e-86	Tpos:273.8,Tstd:179.4,Bpos:240.3,Bstd:145.3,StrandBias:0.2,Multiplicity:1.19
0.219	0.294	0.221	0.266
0.214	0.279	0.299	0.208
0.390	0.277	0.008	0.325
0.633	0.054	0.224	0.089
0.863	0.057	0.062	0.018
0.061	0.829	0.046	0.064
0.056	0.821	0.080	0.043
0.824	0.032	0.110	0.034
0.041	0.840	0.066	0.053
0.559	0.200	0.035	0.206
>ACTTCCGCTT	3-ACTTCCGCTT	6.217001	-197.748635	0	T:1070.0(47.24%),B:12789.5(27.72%),P:1e-85	Tpos:285.1,Tstd:211.3,Bpos:239.0,Bstd:145.7,StrandBias:0.0,Multiplicity:1.25
0.691	0.011	0.180	0.118
0.070	0.607	0.179	0.144
0.084	0.173	0.001	0.742
0.001	0.001	0.072	0.926
0.059	0.889	0.033	0.019
0.086	0.741	0.051	0.122
0.075	0.183	0.560	0.182
0.059	0.604	0.169	0.168
0.211	0.183	0.001	0.605
0.037	0.150	0.158	0.655
>CGGATGTGGK	4-CGGATGTGGK	8.066853	-125.831976	0	T:185.0(8.17%),B:940.0(2.04%),P:1e-54	Tpos:260.5,Tstd:159.2,Bpos:242.3,Bstd:150.2,StrandBias:0.0,Multiplicity:1.03
0.219	0.779	0.001	0.001
0.001	0.001	0.997	0.001
0.059	0.001	0.939	0.001
0.864	0.001	0.134	0.001
0.010	0.001	0.001	0.988
0.266	0.001	0.514	0.219
0.001	0.160	0.138	0.701
0.257	0.001	0.447	0.295
0.006	0.323	0.570	0.101
0.187	0.200	0.233	0.380
>GGMAGGAAGC	5-GGMAGGAAGC	8.722353	-103.771451	0	T:405.0(17.88%),B:3913.7(8.48%),P:1e-45	Tpos:264.8,Tstd:184.6,Bpos:241.2,Bstd:140.0,StrandBias:0.1,Multiplicity:1.08
0.001	0.057	0.755	0.187
0.001	0.001	0.997	0.001
0.460	0.326	0.146	0.068
0.867	0.110	0.022	0.001
0.049	0.032	0.918	0.001
0.001	0.001	0.973	0.025
0.762	0.001	0.147	0.090
0.749	0.093	0.123	0.035
0.182	0.001	0.816	0.001
0.067	0.558	0.243	0.132
>TGACGTCABN	6-TGACGTCABN	6.147044	-91.659760	0	T:308.0(13.60%),B:2747.5(5.95%),P:1e-39	Tpos:272.6,Tstd:179.9,Bpos:239.3,Bstd:147.5,StrandBias:-0.0,Multiplicity:1.12
0.179	0.040	0.088	0.693
0.202	0.073	0.658	0.067
0.679	0.084	0.107	0.130
0.050	0.662	0.030	0.258
0.158	0.038	0.737	0.067
0.113	0.088	0.054	0.745
0.210	0.572	0.125	0.093
0.718	0.064	0.075	0.143
0.096	0.321	0.219	0.363
0.216	0.335	0.198	0.250
>CGTGCGGTTT	7-CGTGCGGTTT	6.811618	-85.861909	0	T:312.0(13.77%),B:2891.7(6.27%),P:1e-37	Tpos:290.3,Tstd:225.4,Bpos:232.9,Bstd:156.5,StrandBias:-0.2,Multiplicity:1.07
0.094	0.721	0.057	0.128
0.102	0.091	0.663	0.144
0.078	0.053	0.111	0.758
0.060	0.054	0.820	0.066
0.078	0.819	0.051	0.052
0.057	0.040	0.863	0.040
0.036	0.058	0.868	0.038
0.083	0.005	0.050	0.862
0.026	0.051	0.063	0.860
0.080	0.084	0.062	0.774
>KCTTTGATGT	8-KCTTTGATGT	5.964143	-73.031709	0	T:1192.0(52.63%),B:18596.8(40.31%),P:1e-31	Tpos:269.5,Tstd:197.7,Bpos:238.2,Bstd:145.2,StrandBias:-0.0,Multiplicity:1.49
0.097	0.171	0.347	0.385
0.001	0.745	0.218	0.036
0.077	0.031	0.024	0.868
0.093	0.191	0.148	0.568
0.136	0.015	0.001	0.848
0.012	0.197	0.754	0.037
0.731	0.048	0.001	0.220
0.239	0.037	0.054	0.670
0.037	0.345	0.561	0.057
0.099	0.074	0.022	0.805
>NNVYKACGYA	9-NNVYKACGYA	5.348467	-68.457766	0	T:214.0(9.45%),B:1827.9(3.96%),P:1e-29	Tpos:280.9,Tstd:203.5,Bpos:231.8,Bstd:159.1,StrandBias:0.2,Multiplicity:1.05
0.325	0.221	0.278	0.176
0.290	0.178	0.300	0.232
0.327	0.289	0.371	0.013
0.156	0.329	0.048	0.466
0.173	0.024	0.460	0.343
0.628	0.151	0.109	0.112
0.085	0.772	0.103	0.040
0.112	0.050	0.779	0.059
0.216	0.352	0.028	0.404
0.548	0.046	0.205	0.201
>CCCCCCCCCM	10-CCCCCCCCCM	7.450697	-60.240617	0	T:645.0(28.48%),B:8842.8(19.17%),P:1e-26	Tpos:285.9,Tstd:218.4,Bpos:237.1,Bstd:140.9,StrandBias:-0.2,Multiplicity:1.37
0.030	0.785	0.037	0.148
0.031	0.912	0.001	0.056
0.139	0.744	0.062	0.055
0.124	0.734	0.015	0.127
0.145	0.637	0.110	0.108
0.093	0.843	0.004	0.060
0.118	0.857	0.014	0.011
0.043	0.855	0.061	0.041
0.202	0.695	0.003	0.100
0.482	0.435	0.058	0.025
>ACCCACAAAC	11-ACCCACAAAC	7.092088	-52.096197	0	T:394.0(17.40%),B:4839.7(10.49%),P:1e-22	Tpos:269.8,Tstd:206.7,Bpos:237.8,Bstd:152.1,StrandBias:0.5,Multiplicity:1.09
0.796	0.057	0.029	0.118
0.116	0.761	0.098	0.025
0.038	0.804	0.102	0.056
0.018	0.869	0.085	0.028
0.782	0.067	0.071	0.080
0.030	0.855	0.034	0.081
0.727	0.061	0.097	0.115
0.814	0.059	0.072	0.055
0.782	0.038	0.096	0.084
0.099	0.820	0.057	0.024
>GCTGTTTCCG	12-GCTGTTTCCG	6.881590	-47.232213	0	T:266.0(11.74%),B:2945.5(6.38%),P:1e-20	Tpos:289.5,Tstd:217.6,Bpos:231.2,Bstd:155.3,StrandBias:0.1,Multiplicity:1.12
0.076	0.082	0.746	0.096
0.047	0.724	0.048	0.181
0.087	0.100	0.042	0.771
0.057	0.074	0.802	0.067
0.075	0.082	0.113	0.730
0.056	0.059	0.010	0.875
0.069	0.023	0.055	0.853
0.063	0.783	0.076	0.078
0.029	0.882	0.050	0.039
0.043	0.061	0.839	0.057
>WTCTCACCAC	13-WTCTCACCAC	8.085712	-35.746500	0	T:266.0(11.74%),B:3231.5(7.00%),P:1e-15	Tpos:302.0,Tstd:208.3,Bpos:237.2,Bstd:140.8,StrandBias:0.0,Multiplicity:1.08
0.421	0.192	0.001	0.386
0.001	0.092	0.066	0.841
0.324	0.625	0.050	0.001
0.133	0.023	0.001	0.843
0.001	0.997	0.001	0.001
0.550	0.001	0.059	0.390
0.012	0.570	0.417	0.001
0.001	0.884	0.038	0.077
0.997	0.001	0.001	0.001
0.221	0.777	0.001	0.001
>AAAGGGGCGG	14-AAAGGGGCGG	8.254302	-32.286195	0	T:95.0(4.19%),B:790.0(1.71%),P:1e-14	Tpos:264.4,Tstd:175.7,Bpos:247.9,Bstd:153.8,StrandBias:0.5,Multiplicity:1.05
0.603	0.024	0.155	0.218
0.630	0.104	0.245	0.021
0.648	0.004	0.233	0.115
0.076	0.228	0.659	0.037
0.124	0.034	0.710	0.132
0.068	0.120	0.633	0.179
0.084	0.042	0.638	0.236
0.021	0.632	0.119	0.228
0.096	0.066	0.822	0.016
0.039	0.032	0.919	0.010
>CTGATTGGCG	15-CTGATTGGCG	7.710981	-31.595493	0	T:117.0(5.17%),B:1091.7(2.37%),P:1e-13	Tpos:217.3,Tstd:149.3,Bpos:243.5,Bstd:144.8,StrandBias:0.1,Multiplicity:1.12
0.322	0.510	0.138	0.030
0.050	0.018	0.001	0.931
0.021	0.003	0.667	0.309
0.953	0.001	0.001	0.045
0.124	0.031	0.010	0.835
0.001	0.219	0.102	0.678
0.008	0.149	0.801	0.042
0.086	0.069	0.833	0.012
0.147	0.639	0.053	0.161
0.041	0.119	0.718	0.122
>CACGTGACAC	16-CACGTGACAC	7.742937	-28.924417	0	T:69.0(3.05%),B:511.2(1.11%),P:1e-12	Tpos:279.3,Tstd:185.0,Bpos:224.7,Bstd:161.5,StrandBias:-0.2,Multiplicity:1.08
0.190	0.529	0.171	0.110
0.825	0.004	0.073	0.098
0.001	0.768	0.229	0.002
0.124	0.007	0.844	0.025
0.143	0.001	0.087	0.769
0.243	0.261	0.478	0.018
0.640	0.014	0.237	0.109
0.234	0.550	0.138	0.078
0.625	0.147	0.059	0.169
0.160	0.504	0.176	0.160
>ACAGGAAAAV	17-ACAGGAAAAV	10.555137	-27.998707	0	T:111.0(4.90%),B:1070.1(2.32%),P:1e-12	Tpos:285.1,Tstd:160.8,Bpos:237.6,Bstd:151.9,StrandBias:-0.2,Multiplicity:1.04
0.885	0.006	0.001	0.108
0.065	0.933	0.001	0.001
0.997	0.001	0.001	0.001
0.001	0.001	0.997	0.001
0.309	0.041	0.649	0.001
0.997	0.001	0.001	0.001
0.965	0.001	0.001	0.033
0.626	0.001	0.372	0.001
0.693	0.001	0.305	0.001
0.357	0.299	0.277	0.067
>AGGAWACGTA	18-AGGAWACGTA	8.201767	-26.340007	0	T:111.0(4.90%),B:1100.7(2.39%),P:1e-11	Tpos:289.2,Tstd:207.9,Bpos:240.4,Bstd:144.7,StrandBias:0.3,Multiplicity:1.11
0.639	0.001	0.359	0.001
0.001	0.197	0.672	0.130
0.001	0.001	0.887	0.111
0.997	0.001	0.001	0.001
0.337	0.244	0.001	0.418
0.809	0.001	0.186	0.004
0.001	0.770	0.001	0.228
0.169	0.001	0.829	0.001
0.081	0.019	0.001	0.899
0.754	0.001	0.244	0.001
>AACGACGACT	19-AACGACGACT	10.145622	-26.060127	0	T:19.0(0.84%),B:46.3(0.10%),P:1e-11	Tpos:293.4,Tstd:198.6,Bpos:258.4,Bstd:153.6,StrandBias:-0.8,Multiplicity:1.00
0.898	0.100	0.001	0.001
0.933	0.001	0.065	0.001
0.058	0.821	0.042	0.079
0.001	0.001	0.877	0.121
0.742	0.179	0.001	0.078
0.037	0.961	0.001	0.001
0.078	0.057	0.864	0.001
0.997	0.001	0.001	0.001
0.001	0.997	0.001	0.001
0.001	0.001	0.001	0.997
>RHHTKGTTYT	20-RHHTKGTTYT	6.144968	-20.552476	0	T:201.0(8.87%),B:2641.2(5.72%),P:1e-8	Tpos:293.9,Tstd:240.5,Bpos:233.3,Bstd:153.8,StrandBias:0.0,Multiplicity:1.11
0.380	0.065	0.522	0.033
0.341	0.298	0.018	0.343
0.300	0.258	0.106	0.336
0.062	0.100	0.326	0.512
0.096	0.017	0.385	0.502
0.223	0.098	0.558	0.121
0.157	0.062	0.032	0.749
0.353	0.001	0.138	0.508
0.080	0.385	0.038	0.497
0.133	0.218	0.218	0.431
>GCTACACAAA	21-GCTACACAAA	10.302027	-16.875499	0	T:22.0(0.97%),B:108.2(0.23%),P:1e-7	Tpos:268.8,Tstd:155.9,Bpos:231.5,Bstd:150.0,StrandBias:0.8,Multiplicity:1.00
0.001	0.001	0.997	0.001
0.001	0.997	0.001	0.001
0.001	0.001	0.001	0.997
0.997	0.001	0.001	0.001
0.001	0.997	0.001	0.001
0.997	0.001	0.001	0.001
0.001	0.997	0.001	0.001
0.856	0.089	0.001	0.054
0.997	0.001	0.001	0.001
0.964	0.034	0.001	0.001
>TSCGGCCAAT	22-TSCGGCCAAT	9.322583	-13.271057	0	T:41.0(1.81%),B:364.5(0.79%),P:1e-5	Tpos:310.5,Tstd:187.0,Bpos:225.6,Bstd:140.5,StrandBias:-0.7,Multiplicity:1.36
0.001	0.085	0.200	0.714
0.001	0.423	0.304	0.272
0.091	0.776	0.132	0.001
0.245	0.001	0.753	0.001
0.001	0.160	0.681	0.158
0.001	0.997	0.001	0.001
0.001	0.997	0.001	0.001
0.997	0.001	0.001	0.001
0.911	0.028	0.001	0.060
0.099	0.001	0.001	0.899
>TTACTATAGG	23-TTACTATAGG	10.293274	-12.416974	0	T:22.0(0.97%),B:142.8(0.31%),P:1e-5	Tpos:255.8,Tstd:184.9,Bpos:236.4,Bstd:133.7,StrandBias:-0.5,Multiplicity:1.41
0.001	0.001	0.001	0.997
0.001	0.195	0.001	0.803
0.997	0.001	0.001	0.001
0.001	0.997	0.001	0.001
0.001	0.001	0.001	0.997
0.997	0.001	0.001	0.001
0.001	0.130	0.001	0.868
0.556	0.001	0.247	0.196
0.001	0.001	0.997	0.001
0.134	0.001	0.791	0.074
>ATGTAGGCGG	24-ATGTAGGCGG	12.312642	-7.725996	0	T:4.0(0.18%),B:7.4(0.02%),P:1e-3	Tpos:175.3,Tstd:49.6,Bpos:322.4,Bstd:90.9,StrandBias:-1.0,Multiplicity:1.50
0.780	0.001	0.001	0.218
0.001	0.001	0.001	0.997
0.001	0.001	0.997	0.001
0.001	0.001	0.001	0.997
0.997	0.001	0.001	0.001
0.001	0.001	0.997	0.001
0.001	0.001	0.997	0.001
0.001	0.997	0.001	0.001
0.001	0.001	0.997	0.001
0.001	0.001	0.997	0.001
>GTCCATATTA	25-GTCCATATTA	10.296193	-3.055398	0	T:2.0(0.09%),B:7.2(0.02%),P:1e-1	Tpos:392.1,Tstd:232.4,Bpos:217.7,Bstd:148.1,StrandBias:3.2,Multiplicity:5.00
0.100	0.100	0.700	0.100
0.100	0.100	0.100	0.700
0.100	0.700	0.100	0.100
0.100	0.700	0.100	0.100
0.700	0.100	0.100	0.100
0.100	0.100	0.100	0.700
0.700	0.100	0.100	0.100
0.100	0.100	0.100	0.700
0.100	0.100	0.100	0.700
0.700	0.100	0.100	0.100
>NYCACTTCCTGT	1-NYCACTTCCTGT	7.700350	-553.873502	0	T:1071.0(47.28%),B:7877.6(17.07%),P:1e-240	Tpos:260.1,Tstd:169.5,Bpos:238.1,Bstd:141.5,StrandBias:0.0,Multiplicity:1.37
0.261	0.219	0.313	0.206
0.193	0.349	0.191	0.267
0.175	0.474	0.127	0.224
0.618	0.035	0.246	0.101
0.001	0.736	0.001	0.262
0.230	0.001	0.021	0.748
0.001	0.031	0.001	0.967
0.001	0.953	0.001	0.045
0.001	0.991	0.007	0.001
0.001	0.016	0.124	0.859
0.029	0.235	0.549	0.187
0.126	0.312	0.084	0.478
>NDBAAACCACAK	2-NDBAAACCACAK	8.343759	-198.835020	0	T:457.0(20.18%),B:3356.8(7.28%),P:1e-86	Tpos:256.5,Tstd:173.1,Bpos:240.1,Bstd:143.1,StrandBias:0.3,Multiplicity:1.15
0.325	0.232	0.268	0.176
0.298	0.071	0.285	0.346
0.146	0.293	0.342	0.218
0.564	0.186	0.043	0.207
0.830	0.001	0.168	0.001
0.906	0.001	0.092	0.001
0.100	0.898	0.001	0.001
0.050	0.948	0.001	0.001
0.997	0.001	0.001	0.001
0.001	0.997	0.001	0.001
0.856	0.001	0.001	0.142
0.186	0.208	0.372	0.234
>NCAGGAAGTTGN	3-NCAGGAAGTTGN	6.661537	-140.805441	0	T:403.0(17.79%),B:3341.4(7.24%),P:1e-61	Tpos:273.6,Tstd:189.1,Bpos:244.8,Bstd:141.8,StrandBias:0.3,Multiplicity:1.01
0.299	0.231	0.239	0.231
0.141	0.631	0.120	0.108
0.700	0.077	0.087	0.136
0.129	0.065	0.681	0.125
0.143	0.113	0.640	0.104
0.626	0.141	0.134	0.099
0.660	0.074	0.142	0.124
0.121	0.127	0.640	0.112
0.130	0.157	0.148	0.565
0.141	0.093	0.135	0.631
0.126	0.124	0.614	0.136
0.312	0.226	0.226	0.237
>CCACTTCCTCTC	4-CCACTTCCTCTC	7.180464	-110.861241	0	T:847.0(37.40%),B:10887.6(23.60%),P:1e-48	Tpos:287.3,Tstd:222.3,Bpos:236.7,Bstd:143.7,StrandBias:0.2,Multiplicity:1.16
0.100	0.792	0.037	0.071
0.087	0.769	0.001	0.143
0.595	0.162	0.116	0.127
0.018	0.823	0.086	0.073
0.106	0.147	0.061	0.686
0.042	0.124	0.104	0.730
0.053	0.801	0.073	0.073
0.048	0.833	0.067	0.052
0.139	0.130	0.094	0.637
0.019	0.766	0.155	0.060
0.091	0.087	0.074	0.748
0.029	0.822	0.078	0.071
>VBTTCCTGTTTC	5-VBTTCCTGTTTC	7.516762	-101.418999	0	T:595.0(26.27%),B:6869.8(14.89%),P:1e-44	Tpos:293.6,Tstd:213.7,Bpos:237.6,Bstd:150.3,StrandBias:0.1,Multiplicity:1.13
0.265	0.267	0.322	0.145
0.001	0.353	0.301	0.345
0.057	0.034	0.023	0.886
0.019	0.045	0.076	0.860
0.001	0.721	0.001	0.277
0.128	0.717	0.077	0.078
0.024	0.350	0.096	0.530
0.001	0.035	0.768	0.196
0.001	0.001	0.001	0.997
0.116	0.223	0.001	0.660
0.215	0.110	0.158	0.517
0.283	0.459	0.005	0.252
>AGGTGGTTTCCB	6-AGGTGGTTTCCB	9.470110	-64.350334	0	T:113.0(4.99%),B:665.4(1.44%),P:1e-27	Tpos:273.0,Tstd:218.6,Bpos:217.8,Bstd:144.8,StrandBias:-0.1,Multiplicity:1.01
0.537	0.299	0.148	0.016
0.001	0.332	0.522	0.145
0.017	0.190	0.621	0.172
0.001	0.001	0.077	0.921
0.163	0.001	0.794	0.042
0.001	0.001	0.896	0.102
0.001	0.001	0.001	0.997
0.001	0.001	0.001	0.997
0.117	0.001	0.001	0.881
0.029	0.928	0.001	0.042
0.343	0.522	0.001	0.134
0.075	0.329	0.291	0.304
>AACAGGAAGTGA	7-AACAGGAAGTGA	9.383510	-63.220295	0	T:140.0(6.18%),B:973.3(2.11%),P:1e-27	Tpos:226.5,Tstd:124.7,Bpos:238.8,Bstd:146.5,StrandBias:-0.2,Multiplicity:1.00
0.899	0.001	0.063	0.037
0.924	0.001	0.048	0.027
0.050	0.708	0.072	0.170
0.903	0.095	0.001	0.001
0.104	0.048	0.758	0.090
0.085	0.001	0.913	0.001
0.833	0.001	0.068	0.098
0.661	0.098	0.240	0.001
0.001	0.127	0.797	0.075
0.102	0.048	0.024	0.826
0.047	0.068	0.884	0.001
0.810	0.001	0.110	0.079
>ACAGGAAACWTA	8-ACAGGAAACWTA	10.772167	-62.938263	0	T:88.0(3.89%),B:428.9(0.93%),P:1e-27	Tpos:293.8,Tstd:192.3,Bpos:227.0,Bstd:138.7,StrandBias:0.5,Multiplicity:1.00
0.526	0.165	0.176	0.133
0.001	0.967	0.031	0.001
0.997	0.001	0.001	0.001
0.135	0.001	0.707	0.157
0.001	0.001	0.846	0.152
0.997	0.001	0.001	0.001
0.783	0.001	0.215	0.001
0.997	0.001	0.001	0.001
0.001	0.997	0.001	0.001
0.498	0.114	0.001	0.387
0.096	0.138	0.273	0.494
0.600	0.001	0.221	0.178
>YGACTTCCTCCN	9-YGACTTCCTCCN	8.607719	-55.916082	0	T:213.0(9.40%),B:2005.9(4.35%),P:1e-24	Tpos:291.3,Tstd:231.3,Bpos:237.7,Bstd:144.5,StrandBias:0.2,Multiplicity:1.04
0.133	0.370	0.116	0.381
0.105	0.293	0.482	0.121
0.974	0.001	0.024	0.001
0.121	0.612	0.182	0.085
0.001	0.001	0.134	0.864
0.001	0.023	0.001	0.975
0.020	0.788	0.153	0.039
0.133	0.865	0.001	0.001
0.023	0.001	0.133	0.843
0.106	0.892	0.001	0.001
0.287	0.711	0.001	0.001
0.285	0.231	0.188	0.295
>CACTTCCTCTCT	10-CACTTCCTCTCT	8.055167	-55.014836	0	T:568.0(25.08%),B:7674.1(16.63%),P:1e-23	Tpos:256.9,Tstd:182.2,Bpos:236.7,Bstd:142.9,StrandBias:0.0,Multiplicity:1.10
0.154	0.661	0.124	0.061
0.592	0.157	0.074	0.177
0.009	0.713	0.097	0.181
0.131	0.065	0.001	0.803
0.058	0.133	0.214	0.595
0.021	0.671	0.061	0.247
0.005	0.900	0.001	0.094
0.035	0.146	0.001	0.818
0.001	0.797	0.017	0.185
0.002	0.018	0.012	0.968
0.018	0.612	0.206	0.164
0.102	0.157	0.001	0.740
>AGTGACGTCATC	11-AGTGACGTCATC	9.454969	-54.250686	0	T:84.0(3.71%),B:448.4(0.97%),P:1e-23	Tpos:287.2,Tstd:198.7,Bpos:238.6,Bstd:145.4,StrandBias:0.2,Multiplicity:1.05
0.730	0.054	0.107	0.109
0.098	0.085	0.794	0.023
0.046	0.015	0.001	0.938
0.001	0.035	0.963	0.001
0.940	0.001	0.018	0.041
0.064	0.761	0.024	0.151
0.055	0.090	0.819	0.036
0.001	0.092	0.079	0.828
0.092	0.839	0.023	0.046
0.867	0.046	0.023	0.064
0.001	0.069	0.072	0.858
0.138	0.668	0.123	0.071
>CCCCCCCCCCCC	12-CCCCCCCCCCCC	8.720149	-45.453562	0	T:443.0(19.56%),B:5850.9(12.68%),P:1e-19	Tpos:293.6,Tstd:224.3,Bpos:236.5,Bstd:140.5,StrandBias:-0.2,Multiplicity:1.23
0.045	0.852	0.039	0.064
0.062	0.833	0.045	0.060
0.064	0.838	0.046	0.052
0.048	0.872	0.038	0.042
0.092	0.814	0.029	0.065
0.076	0.845	0.032	0.047
0.107	0.808	0.047	0.038
0.082	0.842	0.032	0.044
0.083	0.836	0.034	0.047
0.087	0.822	0.043	0.048
0.077	0.828	0.036	0.059
0.065	0.814	0.055	0.066
>TTTGATGTGGTR	13-TTTGATGTGGTR	8.583069	-42.716543	0	T:155.0(6.84%),B:1426.9(3.09%),P:1e-18	Tpos:270.8,Tstd:191.2,Bpos:240.5,Bstd:144.8,StrandBias:-0.2,Multiplicity:1.01
0.078	0.128	0.001	0.793
0.001	0.098	0.106	0.795
0.061	0.007	0.056	0.876
0.037	0.131	0.831	0.001
0.541	0.297	0.045	0.117
0.089	0.019	0.019	0.873
0.015	0.086	0.850	0.049
0.111	0.001	0.012	0.876
0.037	0.099	0.767	0.097
0.081	0.054	0.829	0.036
0.311	0.050	0.029	0.610
0.478	0.037	0.408	0.077
>GGGADDTGTARY	14-GGGADDTGTARY	7.982022	-40.016375	0	T:34.0(1.50%),B:98.5(0.21%),P:1e-17	Tpos:329.0,Tstd:211.7,Bpos:251.8,Bstd:165.2,StrandBias:0.5,Multiplicity:1.21
0.200	0.008	0.531	0.261
0.183	0.002	0.801	0.014
0.194	0.012	0.779	0.015
0.529	0.170	0.014	0.287
0.392	0.026	0.296	0.286
0.380	0.089	0.259	0.272
0.114	0.229	0.212	0.444
0.180	0.134	0.451	0.236
0.022	0.193	0.176	0.609
0.472	0.014	0.206	0.308
0.277	0.162	0.420	0.141
0.025	0.408	0.011	0.556
>NTGACGTCAGAN	15-NTGACGTCAGAN	7.355967	-37.074272	0	T:110.0(4.86%),B:916.8(1.99%),P:1e-16	Tpos:280.3,Tstd:176.7,Bpos:236.2,Bstd:145.7,StrandBias:-0.3,Multiplicity:1.02
0.218	0.240	0.316	0.226
0.145	0.072	0.103	0.680
0.106	0.124	0.668	0.102
0.643	0.120	0.116	0.121
0.170	0.510	0.162	0.158
0.172	0.147	0.508	0.173
0.120	0.113	0.124	0.643
0.113	0.651	0.128	0.108
0.747	0.055	0.061	0.137
0.119	0.127	0.660	0.094
0.647	0.123	0.123	0.107
0.326	0.212	0.253	0.209
>GCACWCCCTCCC	16-GCACWCCCTCCC	6.901380	-35.156409	0	T:124.0(5.47%),B:1128.1(2.45%),P:1e-15	Tpos:256.6,Tstd:227.3,Bpos:240.5,Bstd:148.2,StrandBias:-0.7,Multiplicity:1.03
0.001	0.001	0.997	0.001
0.001	0.997	0.001	0.001
0.717	0.001	0.001	0.281
0.001	0.997	0.001	0.001
0.476	0.001	0.001	0.522
0.001	0.592	0.001	0.406
0.001	0.997	0.001	0.001
0.001	0.997	0.001	0.001
0.318	0.001	0.001	0.680
0.358	0.640	0.001	0.001
0.001	0.997	0.001	0.001
0.001	0.997	0.001	0.001
>GTTCTGCGGTTT	17-GTTCTGCGGTTT	7.794254	-33.629482	0	T:198.0(8.74%),B:2226.0(4.82%),P:1e-14	Tpos:261.6,Tstd:165.7,Bpos:240.4,Bstd:145.7,StrandBias:0.1,Multiplicity:1.05
0.031	0.018	0.859	0.092
0.043	0.123	0.071	0.763
0.055	0.030	0.057	0.858
0.028	0.889	0.028	0.055
0.001	0.001	0.054	0.944
0.083	0.083	0.739	0.095
0.151	0.768	0.038	0.043
0.126	0.077	0.694	0.103
0.001	0.014	0.859	0.126
0.028	0.061	0.055	0.856
0.001	0.098	0.080	0.821
0.027	0.015	0.001	0.957
>TTTAGATCTGCA	18-TTTAGATCTGCA	9.564244	-31.500129	0	T:78.0(3.44%),B:589.9(1.28%),P:1e-13	Tpos:250.9,Tstd:190.0,Bpos:231.0,Bstd:141.5,StrandBias:-0.3,Multiplicity:1.00
0.023	0.081	0.068	0.828
0.053	0.064	0.023	0.860
0.082	0.088	0.076	0.754
0.851	0.001	0.060	0.088
0.078	0.102	0.757	0.063
0.913	0.085	0.001	0.001
0.001	0.080	0.062	0.857
0.090	0.864	0.045	0.001
0.075	0.113	0.001	0.811
0.060	0.086	0.764	0.090
0.081	0.896	0.001	0.022
0.842	0.090	0.001	0.067
>CCGCTCTGTDGC	19-CCGCTCTGTDGC	10.933033	-27.167655	0	T:44.0(1.94%),B:250.3(0.54%),P:1e-11	Tpos:201.4,Tstd:120.4,Bpos:241.8,Bstd:150.0,StrandBias:0.3,Multiplicity:1.05
0.001	0.997	0.001	0.001
0.189	0.727	0.001	0.083
0.001	0.001	0.776	0.222
0.001	0.939	0.001	0.059
0.001	0.001	0.252	0.746
0.001	0.908	0.001	0.090
0.001	0.059	0.001	0.939
0.001	0.119	0.879	0.001
0.001	0.039	0.001	0.959
0.383	0.001	0.308	0.308
0.001	0.001	0.997	0.001
0.060	0.759	0.001	0.180
>ATAGGAAGAGGA	20-ATAGGAAGAGGA	9.931637	-25.345772	0	T:82.0(3.62%),B:721.7(1.56%),P:1e-11	Tpos:306.3,Tstd:272.4,Bpos:227.7,Bstd:138.3,StrandBias:0.0,Multiplicity:1.00
0.607	0.036	0.216	0.141
0.001	0.400	0.001	0.598
0.592	0.001	0.335	0.072
0.257	0.070	0.672	0.001
0.001	0.001	0.688	0.310
0.660	0.109	0.230	0.001
0.802	0.001	0.001	0.196
0.001	0.109	0.889	0.001
0.944	0.001	0.001	0.054
0.070	0.219	0.710	0.001
0.001	0.001	0.929	0.069
0.997	0.001	0.001	0.001
>ACAGGCCCCTCC	21-ACAGGCCCCTCC	10.955138	-17.313755	0	T:35.0(1.55%),B:240.8(0.52%),P:1e-7	Tpos:211.2,Tstd:161.0,Bpos:237.6,Bstd:144.7,StrandBias:0.2,Multiplicity:1.09
0.911	0.087	0.001	0.001
0.109	0.889	0.001	0.001
0.810	0.087	0.102	0.001
0.001	0.218	0.630	0.151
0.001	0.001	0.829	0.169
0.003	0.995	0.001	0.001
0.001	0.896	0.102	0.001
0.001	0.937	0.061	0.001
0.172	0.663	0.062	0.103
0.001	0.001	0.263	0.735
0.001	0.935	0.063	0.001
0.172	0.782	0.001	0.045
>ATCTGCAAGTGA	22-ATCTGCAAGTGA	13.025767	-16.388478	0	T:11.0(0.49%),B:25.1(0.05%),P:1e-7	Tpos:248.9,Tstd:177.4,Bpos:230.7,Bstd:148.1,StrandBias:1.0,Multiplicity:1.36
0.997	0.001	0.001	0.001
0.001	0.001	0.001	0.997
0.001	0.794	0.001	0.204
0.159	0.001	0.001	0.839
0.204	0.001	0.635	0.160
0.001	0.997	0.001	0.001
0.781	0.217	0.001	0.001
0.997	0.001	0.001	0.001
0.001	0.001	0.794	0.204
0.001	0.001	0.001	0.997
0.001	0.378	0.620	0.001
0.997	0.001	0.001	0.001
>CCTCCTACCTTG	23-CCTCCTACCTTG	12.355432	-12.542475	0	T:4.0(0.18%),B:2.6(0.01%),P:1e-5	Tpos:483.5,Tstd:188.1,Bpos:101.0,Bstd:27.0,StrandBias:2.5,Multiplicity:3.25
0.100	0.700	0.100	0.100
0.100	0.700	0.100	0.100
0.100	0.100	0.100	0.700
0.100	0.700	0.100	0.100
0.100	0.700	0.100	0.100
0.100	0.100	0.100	0.700
0.700	0.100	0.100	0.100
0.100	0.700	0.100	0.100
0.100	0.700	0.100	0.100
0.100	0.100	0.100	0.700
0.100	0.100	0.100	0.700
0.100	0.100	0.700	0.100
>AGGAAACTTAGT	24-AGGAAACTTAGT	13.775102	-8.829063	0	T:3.0(0.13%),B:2.4(0.01%),P:1e-3	Tpos:389.9,Tstd:223.2,Bpos:200.7,Bstd:47.3,StrandBias:3.3,Multiplicity:7.33
0.930	0.001	0.001	0.068
0.001	0.001	0.997	0.001
0.001	0.001	0.997	0.001
0.997	0.001	0.001	0.001
0.930	0.001	0.001	0.068
0.997	0.001	0.001	0.001
0.001	0.997	0.001	0.001
0.001	0.001	0.001	0.997
0.001	0.001	0.001	0.997
0.997	0.001	0.001	0.001
0.001	0.001	0.997	0.001
0.001	0.068	0.001	0.930
>TAACATTGGCTG	25-TAACATTGGCTG	13.668739	-7.649213	0	T:3.0(0.13%),B:3.2(0.01%),P:1e-3	Tpos:367.8,Tstd:224.7,Bpos:274.3,Bstd:130.4,StrandBias:4.2,Multiplicity:6.67
0.082	0.001	0.001	0.916
0.997	0.001	0.001	0.001
0.997	0.001	0.001	0.001
0.001	0.997	0.001	0.001
0.997	0.001	0.001	0.001
0.001	0.001	0.001	0.997
0.001	0.001	0.001	0.997
0.082	0.001	0.916	0.001
0.294	0.001	0.704	0.001
0.001	0.997	0.001	0.001
0.001	0.001	0.001	0.997
0.001	0.001	0.997	0.001
>ACTTCCTG	1-ACTTCCTG	5.214010	-474.126431	0	T:1254.0(55.36%),B:11559.3(25.05%),P:1e-205	Tpos:274.0,Tstd:183.7,Bpos:237.5,Bstd:147.3,StrandBias:-0.1,Multiplicity:1.30
0.967	0.001	0.031	0.001
0.001	0.653	0.001	0.345
0.307	0.001	0.001	0.691
0.001	0.001	0.001	0.997
0.001	0.997	0.001	0.001
0.001	0.970	0.028	0.001
0.001	0.001	0.422	0.576
0.001	0.239	0.759	0.001
>CACTTCCT	2-CACTTCCT	7.935486	-399.422402	0	T:844.0(37.26%),B:6277.9(13.61%),P:1e-173	Tpos:266.2,Tstd:179.7,Bpos:238.0,Bstd:143.3,StrandBias:0.1,Multiplicity:1.31
0.070	0.833	0.001	0.096
0.997	0.001	0.001	0.001
0.001	0.875	0.001	0.123
0.164	0.001	0.001	0.834
0.001	0.001	0.001	0.997
0.001	0.997	0.001	0.001
0.001	0.997	0.001	0.001
0.001	0.001	0.071	0.927
>AAACCACA	3-AAACCACA	7.688111	-207.561018	0	T:477.0(21.06%),B:3513.8(7.62%),P:1e-90	Tpos:277.5,Tstd:185.6,Bpos:241.0,Bstd:148.5,StrandBias:0.1,Multiplicity:1.17
0.638	0.141	0.001	0.220
0.997	0.001	0.001	0.001
0.997	0.001	0.001	0.001
0.001	0.997	0.001	0.001
0.001	0.997	0.001	0.001
0.939	0.001	0.059	0.001
0.001	0.997	0.001	0.001
0.898	0.001	0.001	0.100
>TAACCACA	4-TAACCACA	4.989781	-117.691626	0	T:1293.0(57.09%),B:19045.0(41.28%),P:1e-51	Tpos:274.7,Tstd:201.9,Bpos:239.3,Bstd:147.6,StrandBias:0.0,Multiplicity:1.39
0.261	0.212	0.040	0.487
0.438	0.175	0.183	0.204
0.812	0.001	0.186	0.001
0.039	0.862	0.098	0.001
0.104	0.568	0.145	0.183
0.586	0.001	0.367	0.046
0.084	0.670	0.050	0.196
0.576	0.126	0.155	0.143
>TGACGTCA	5-TGACGTCA	6.072062	-109.054507	0	T:404.0(17.84%),B:3812.3(8.26%),P:1e-47	Tpos:291.3,Tstd:193.7,Bpos:238.0,Bstd:156.3,StrandBias:0.1,Multiplicity:1.12
0.055	0.001	0.117	0.827
0.060	0.002	0.744	0.194
0.683	0.139	0.047	0.131
0.001	0.997	0.001	0.001
0.154	0.003	0.842	0.001
0.214	0.001	0.001	0.784
0.130	0.561	0.151	0.158
0.513	0.098	0.184	0.205
>TTCCGCTT	6-TTCCGCTT	4.977664	-102.762511	0	T:1240.0(54.75%),B:18473.2(40.04%),P:1e-44	Tpos:291.3,Tstd:216.7,Bpos:237.6,Bstd:150.4,StrandBias:-0.2,Multiplicity:1.47
0.068	0.115	0.016	0.801
0.114	0.068	0.074	0.744
0.052	0.807	0.084	0.057
0.025	0.817	0.130	0.028
0.035	0.098	0.763	0.104
0.065	0.582	0.133	0.220
0.101	0.084	0.049	0.766
0.074	0.123	0.074	0.729
>RGCGTCAC	7-RGCGTCAC	4.492360	-71.439862	0	T:178.0(7.86%),B:1334.8(2.89%),P:1e-31	Tpos:285.5,Tstd:191.5,Bpos:241.1,Bstd:156.4,StrandBias:-0.1,Multiplicity:1.03
0.439	0.001	0.459	0.102
0.001	0.001	0.984	0.014
0.001	0.997	0.001	0.001
0.001	0.001	0.997	0.001
0.001	0.001	0.001	0.997
0.001	0.997	0.001	0.001
0.997	0.001	0.001	0.001
0.001	0.969	0.001	0.029
>ACAGGATG	8-ACAGGATG	8.623053	-61.469583	0	T:173.0(7.64%),B:1393.5(3.02%),P:1e-26	Tpos:285.4,Tstd:193.7,Bpos:242.3,Bstd:142.8,StrandBias:-0.4,Multiplicity:1.04
0.997	0.001	0.001	0.001
0.001	0.997	0.001	0.001
0.876	0.122	0.001	0.001
0.001	0.001	0.997	0.001
0.001	0.001	0.997	0.001
0.997	0.001	0.001	0.001
0.001	0.213	0.001	0.785
0.099	0.001	0.899	0.001
>CCCCCCCC	9-CCCCCCCC	7.763427	-60.109755	0	T:830.0(36.64%),B:12182.9(26.41%),P:1e-26	Tpos:287.9,Tstd:222.2,Bpos:237.5,Bstd:143.3,StrandBias:-0.1,Multiplicity:1.68
0.001	0.961	0.001	0.037
0.001	0.957	0.001	0.041
0.092	0.906	0.001	0.001
0.122	0.800	0.001	0.077
0.161	0.664	0.067	0.108
0.111	0.887	0.001	0.001
0.001	0.997	0.001	0.001
0.031	0.953	0.015	0.001
>AAMCCCGC	10-AAMCCCGC	5.658009	-48.753572	0	T:1150.0(50.77%),B:18825.4(40.80%),P:1e-21	Tpos:290.4,Tstd:224.1,Bpos:237.2,Bstd:149.3,StrandBias:-0.1,Multiplicity:1.44
0.812	0.001	0.001	0.186
0.870	0.128	0.001	0.001
0.549	0.449	0.001	0.001
0.181	0.671	0.001	0.147
0.331	0.585	0.083	0.001
0.385	0.573	0.041	0.001
0.001	0.415	0.583	0.001
0.027	0.821	0.151	0.001
>WGATCARA	11-WGATCARA	6.054272	-47.980833	0	T:907.0(40.04%),B:14133.3(30.63%),P:1e-20	Tpos:276.4,Tstd:225.0,Bpos:235.9,Bstd:143.5,StrandBias:-0.1,Multiplicity:1.39
0.407	0.121	0.058	0.414
0.030	0.332	0.637	0.001
0.608	0.001	0.001	0.390
0.001	0.001	0.001	0.997
0.247	0.599	0.153	0.001
0.716	0.001	0.001	0.282
0.446	0.075	0.380	0.098
0.759	0.060	0.180	0.001
>TGCGTAAC	12-TGCGTAAC	5.262291	-47.335567	0	T:582.0(25.70%),B:8188.8(17.75%),P:1e-20	Tpos:274.6,Tstd:216.8,Bpos:236.7,Bstd:152.9,StrandBias:0.1,Multiplicity:1.20
0.056	0.070	0.054	0.820
0.140	0.106	0.694	0.060
0.028	0.762	0.041	0.169
0.073	0.047	0.825	0.055
0.098	0.102	0.037	0.763
0.748	0.110	0.074	0.068
0.750	0.065	0.135	0.050
0.073	0.648	0.133	0.146
>CCGGAAGG	13-CCGGAAGG	7.224159	-39.737425	0	T:329.0(14.53%),B:4133.5(8.96%),P:1e-17	Tpos:269.4,Tstd:209.9,Bpos:239.9,Bstd:146.8,StrandBias:0.1,Multiplicity:1.05
0.001	0.997	0.001	0.001
0.102	0.896	0.001	0.001
0.001	0.001	0.997	0.001
0.001	0.211	0.662	0.126
0.932	0.001	0.001	0.066
0.997	0.001	0.001	0.001
0.001	0.001	0.718	0.280
0.167	0.001	0.831	0.001
>TGTGCGTT	14-TGTGCGTT	7.598177	-27.952779	0	T:163.0(7.20%),B:1828.1(3.96%),P:1e-12	Tpos:272.8,Tstd:197.3,Bpos:240.1,Bstd:153.4,StrandBias:-0.2,Multiplicity:1.04
0.001	0.276	0.001	0.722
0.067	0.001	0.931	0.001
0.001	0.001	0.001	0.997
0.121	0.001	0.877	0.001
0.001	0.899	0.099	0.001
0.001	0.001	0.997	0.001
0.001	0.001	0.001	0.997
0.001	0.420	0.001	0.578
>CCGATTGG	15-CCGATTGG	3.977036	-27.662035	0	T:138.0(6.09%),B:1462.1(3.17%),P:1e-12	Tpos:250.4,Tstd:179.0,Bpos:239.8,Bstd:144.3,StrandBias:0.3,Multiplicity:1.13
0.001	0.649	0.349	0.001
0.001	0.829	0.001	0.169
0.001	0.001	0.997	0.001
0.997	0.001	0.001	0.001
0.001	0.001	0.001	0.997
0.001	0.001	0.001	0.997
0.001	0.001	0.997	0.001
0.001	0.001	0.997	0.001
>CATTATCG	16-CATTATCG	5.625886	-24.591101	0	T:210.0(9.27%),B:2657.9(5.76%),P:1e-10	Tpos:294.4,Tstd:227.6,Bpos:241.7,Bstd:141.0,StrandBias:0.1,Multiplicity:1.09
0.001	0.997	0.001	0.001
0.754	0.017	0.212	0.017
0.001	0.120	0.001	0.878
0.001	0.001	0.001	0.997
0.997	0.001	0.001	0.001
0.001	0.001	0.001	0.997
0.001	0.997	0.001	0.001
0.001	0.001	0.710	0.288
>GAAAGGAA	17-GAAAGGAA	8.236954	-24.469851	0	T:164.0(7.24%),B:1930.2(4.18%),P:1e-10	Tpos:250.3,Tstd:172.1,Bpos:241.0,Bstd:144.7,StrandBias:-0.1,Multiplicity:1.04
0.100	0.100	0.700	0.100
0.700	0.100	0.100	0.100
0.700	0.100	0.100	0.100
0.700	0.100	0.100	0.100
0.100	0.100	0.700	0.100
0.100	0.100	0.700	0.100
0.700	0.100	0.100	0.100
0.700	0.100	0.100	0.100
>GCATCAAA	18-GCATCAAA	6.164802	-22.401588	0	T:402.0(17.75%),B:6039.7(13.09%),P:1e-9	Tpos:276.5,Tstd:204.5,Bpos:240.1,Bstd:145.5,StrandBias:0.0,Multiplicity:1.10
0.001	0.366	0.632	0.001
0.001	0.884	0.088	0.027
0.557	0.001	0.147	0.295
0.001	0.001	0.001	0.997
0.001	0.997	0.001	0.001
0.869	0.001	0.081	0.049
0.987	0.001	0.011	0.001
0.957	0.038	0.001	0.004
>TCTATTTC	19-TCTATTTC	8.236954	-14.712720	0	T:64.0(2.83%),B:656.4(1.42%),P:1e-6	Tpos:275.0,Tstd:224.0,Bpos:230.9,Bstd:139.7,StrandBias:-0.3,Multiplicity:1.00
0.100	0.100	0.100	0.700
0.100	0.700	0.100	0.100
0.100	0.100	0.100	0.700
0.700	0.100	0.100	0.100
0.100	0.100	0.100	0.700
0.100	0.100	0.100	0.700
0.100	0.100	0.100	0.700
0.100	0.700	0.100	0.100
