>CACTTCCTGT	1-CACTTCCTGT	7.841483	-544.380721	0	T:1039.0(45.87%),B:7521.8(16.30%),P:1e-236	Tpos:260.6,Tstd:173.9,Bpos:237.8,Bstd:143.9,StrandBias:-0.0,Multiplicity:1.37
0.141	0.526	0.119	0.214
0.706	0.001	0.292	0.001
0.001	0.749	0.001	0.249
0.098	0.001	0.001	0.900
0.001	0.001	0.001	0.997
0.001	0.997	0.001	0.001
0.001	0.997	0.001	0.001
0.001	0.001	0.098	0.900
0.001	0.170	0.639	0.190
0.118	0.228	0.067	0.587
>NNHAACCACA	2-NNHAACCACA	7.157437	-199.329193	0	T:552.0(24.37%),B:4587.7(9.94%),P:1e-86	Tpos:273.8,Tstd:179.4,Bpos:240.3,Bstd:145.3,StrandBias:0.2,Multiplicity:1.19
0.219	0.294	0.221	0.266
0.214	0.279	0.299	0.208
0.390	0.277	0.008	0.325
0.633	0.054	0.224	0.089
0.863	0.057	0.062	0.018
0.061	0.829	0.046	0.064
0.056	0.821	0.080	0.043
0.824	0.032	0.110	0.034
0.041	0.840	0.066	0.053
0.559	0.200	0.035	0.206
>ACTTCCGCTT	3-ACTTCCGCTT	6.217001	-197.748635	0	T:1070.0(47.24%),B:12789.5(27.72%),P:1e-85	Tpos:285.1,Tstd:211.3,Bpos:239.0,Bstd:145.7,StrandBias:0.0,Multiplicity:1.25
0.691	0.011	0.180	0.118
0.070	0.607	0.179	0.144
0.084	0.173	0.001	0.742
0.001	0.001	0.072	0.926
0.059	0.889	0.033	0.019
0.086	0.741	0.051	0.122
0.075	0.183	0.560	0.182
0.059	0.604	0.169	0.168
0.211	0.183	0.001	0.605
0.037	0.150	0.158	0.655
>CGGATGTGGK	4-CGGATGTGGK	8.066853	-125.831976	0	T:185.0(8.17%),B:940.0(2.04%),P:1e-54	Tpos:260.5,Tstd:159.2,Bpos:242.3,Bstd:150.2,StrandBias:0.0,Multiplicity:1.03
0.219	0.779	0.001	0.001
0.001	0.001	0.997	0.001
0.059	0.001	0.939	0.001
0.864	0.001	0.134	0.001
0.010	0.001	0.001	0.988
0.266	0.001	0.514	0.219
0.001	0.160	0.138	0.701
0.257	0.001	0.447	0.295
0.006	0.323	0.570	0.101
0.187	0.200	0.233	0.380
>GGMAGGAAGC	5-GGMAGGAAGC	8.722353	-103.771451	0	T:405.0(17.88%),B:3913.7(8.48%),P:1e-45	Tpos:264.8,Tstd:184.6,Bpos:241.2,Bstd:140.0,StrandBias:0.1,Multiplicity:1.08
0.001	0.057	0.755	0.187
0.001	0.001	0.997	0.001
0.460	0.326	0.146	0.068
0.867	0.110	0.022	0.001
0.049	0.032	0.918	0.001
0.001	0.001	0.973	0.025
0.762	0.001	0.147	0.090
0.749	0.093	0.123	0.035
0.182	0.001	0.816	0.001
0.067	0.558	0.243	0.132
>TGACGTCABN	6-TGACGTCABN	6.147044	-91.659760	0	T:308.0(13.60%),B:2747.5(5.95%),P:1e-39	Tpos:272.6,Tstd:179.9,Bpos:239.3,Bstd:147.5,StrandBias:-0.0,Multiplicity:1.12
0.179	0.040	0.088	0.693
0.202	0.073	0.658	0.067
0.679	0.084	0.107	0.130
0.050	0.662	0.030	0.258
0.158	0.038	0.737	0.067
0.113	0.088	0.054	0.745
0.210	0.572	0.125	0.093
0.718	0.064	0.075	0.143
0.096	0.321	0.219	0.363
0.216	0.335	0.198	0.250
>CGTGCGGTTT	7-CGTGCGGTTT	6.811618	-85.861909	0	T:312.0(13.77%),B:2891.7(6.27%),P:1e-37	Tpos:290.3,Tstd:225.4,Bpos:232.9,Bstd:156.5,StrandBias:-0.2,Multiplicity:1.07
0.094	0.721	0.057	0.128
0.102	0.091	0.663	0.144
0.078	0.053	0.111	0.758
0.060	0.054	0.820	0.066
0.078	0.819	0.051	0.052
0.057	0.040	0.863	0.040
0.036	0.058	0.868	0.038
0.083	0.005	0.050	0.862
0.026	0.051	0.063	0.860
0.080	0.084	0.062	0.774
>KCTTTGATGT	8-KCTTTGATGT	5.964143	-73.031709	0	T:1192.0(52.63%),B:18596.8(40.31%),P:1e-31	Tpos:269.5,Tstd:197.7,Bpos:238.2,Bstd:145.2,StrandBias:-0.0,Multiplicity:1.49
0.097	0.171	0.347	0.385
0.001	0.745	0.218	0.036
0.077	0.031	0.024	0.868
0.093	0.191	0.148	0.568
0.136	0.015	0.001	0.848
0.012	0.197	0.754	0.037
0.731	0.048	0.001	0.220
0.239	0.037	0.054	0.670
0.037	0.345	0.561	0.057
0.099	0.074	0.022	0.805
>NNVYKACGYA	9-NNVYKACGYA	5.348467	-68.457766	0	T:214.0(9.45%),B:1827.9(3.96%),P:1e-29	Tpos:280.9,Tstd:203.5,Bpos:231.8,Bstd:159.1,StrandBias:0.2,Multiplicity:1.05
0.325	0.221	0.278	0.176
0.290	0.178	0.300	0.232
0.327	0.289	0.371	0.013
0.156	0.329	0.048	0.466
0.173	0.024	0.460	0.343
0.628	0.151	0.109	0.112
0.085	0.772	0.103	0.040
0.112	0.050	0.779	0.059
0.216	0.352	0.028	0.404
0.548	0.046	0.205	0.201
>CCCCCCCCCM	10-CCCCCCCCCM	7.450697	-60.240617	0	T:645.0(28.48%),B:8842.8(19.17%),P:1e-26	Tpos:285.9,Tstd:218.4,Bpos:237.1,Bstd:140.9,StrandBias:-0.2,Multiplicity:1.37
0.030	0.785	0.037	0.148
0.031	0.912	0.001	0.056
0.139	0.744	0.062	0.055
0.124	0.734	0.015	0.127
0.145	0.637	0.110	0.108
0.093	0.843	0.004	0.060
0.118	0.857	0.014	0.011
0.043	0.855	0.061	0.041
0.202	0.695	0.003	0.100
0.482	0.435	0.058	0.025
>ACCCACAAAC	11-ACCCACAAAC	7.092088	-52.096197	0	T:394.0(17.40%),B:4839.7(10.49%),P:1e-22	Tpos:269.8,Tstd:206.7,Bpos:237.8,Bstd:152.1,StrandBias:0.5,Multiplicity:1.09
0.796	0.057	0.029	0.118
0.116	0.761	0.098	0.025
0.038	0.804	0.102	0.056
0.018	0.869	0.085	0.028
0.782	0.067	0.071	0.080
0.030	0.855	0.034	0.081
0.727	0.061	0.097	0.115
0.814	0.059	0.072	0.055
0.782	0.038	0.096	0.084
0.099	0.820	0.057	0.024
>GCTGTTTCCG	12-GCTGTTTCCG	6.881590	-47.232213	0	T:266.0(11.74%),B:2945.5(6.38%),P:1e-20	Tpos:289.5,Tstd:217.6,Bpos:231.2,Bstd:155.3,StrandBias:0.1,Multiplicity:1.12
0.076	0.082	0.746	0.096
0.047	0.724	0.048	0.181
0.087	0.100	0.042	0.771
0.057	0.074	0.802	0.067
0.075	0.082	0.113	0.730
0.056	0.059	0.010	0.875
0.069	0.023	0.055	0.853
0.063	0.783	0.076	0.078
0.029	0.882	0.050	0.039
0.043	0.061	0.839	0.057
>WTCTCACCAC	13-WTCTCACCAC	8.085712	-35.746500	0	T:266.0(11.74%),B:3231.5(7.00%),P:1e-15	Tpos:302.0,Tstd:208.3,Bpos:237.2,Bstd:140.8,StrandBias:0.0,Multiplicity:1.08
0.421	0.192	0.001	0.386
0.001	0.092	0.066	0.841
0.324	0.625	0.050	0.001
0.133	0.023	0.001	0.843
0.001	0.997	0.001	0.001
0.550	0.001	0.059	0.390
0.012	0.570	0.417	0.001
0.001	0.884	0.038	0.077
0.997	0.001	0.001	0.001
0.221	0.777	0.001	0.001
>AAAGGGGCGG	14-AAAGGGGCGG	8.254302	-32.286195	0	T:95.0(4.19%),B:790.0(1.71%),P:1e-14	Tpos:264.4,Tstd:175.7,Bpos:247.9,Bstd:153.8,StrandBias:0.5,Multiplicity:1.05
0.603	0.024	0.155	0.218
0.630	0.104	0.245	0.021
0.648	0.004	0.233	0.115
0.076	0.228	0.659	0.037
0.124	0.034	0.710	0.132
0.068	0.120	0.633	0.179
0.084	0.042	0.638	0.236
0.021	0.632	0.119	0.228
0.096	0.066	0.822	0.016
0.039	0.032	0.919	0.010
>CTGATTGGCG	15-CTGATTGGCG	7.710981	-31.595493	0	T:117.0(5.17%),B:1091.7(2.37%),P:1e-13	Tpos:217.3,Tstd:149.3,Bpos:243.5,Bstd:144.8,StrandBias:0.1,Multiplicity:1.12
0.322	0.510	0.138	0.030
0.050	0.018	0.001	0.931
0.021	0.003	0.667	0.309
0.953	0.001	0.001	0.045
0.124	0.031	0.010	0.835
0.001	0.219	0.102	0.678
0.008	0.149	0.801	0.042
0.086	0.069	0.833	0.012
0.147	0.639	0.053	0.161
0.041	0.119	0.718	0.122
>CACGTGACAC	16-CACGTGACAC	7.742937	-28.924417	0	T:69.0(3.05%),B:511.2(1.11%),P:1e-12	Tpos:279.3,Tstd:185.0,Bpos:224.7,Bstd:161.5,StrandBias:-0.2,Multiplicity:1.08
0.190	0.529	0.171	0.110
0.825	0.004	0.073	0.098
0.001	0.768	0.229	0.002
0.124	0.007	0.844	0.025
0.143	0.001	0.087	0.769
0.243	0.261	0.478	0.018
0.640	0.014	0.237	0.109
0.234	0.550	0.138	0.078
0.625	0.147	0.059	0.169
0.160	0.504	0.176	0.160
>ACAGGAAAAV	17-ACAGGAAAAV	10.555137	-27.998707	0	T:111.0(4.90%),B:1070.1(2.32%),P:1e-12	Tpos:285.1,Tstd:160.8,Bpos:237.6,Bstd:151.9,StrandBias:-0.2,Multiplicity:1.04
0.885	0.006	0.001	0.108
0.065	0.933	0.001	0.001
0.997	0.001	0.001	0.001
0.001	0.001	0.997	0.001
0.309	0.041	0.649	0.001
0.997	0.001	0.001	0.001
0.965	0.001	0.001	0.033
0.626	0.001	0.372	0.001
0.693	0.001	0.305	0.001
0.357	0.299	0.277	0.067
>AGGAWACGTA	18-AGGAWACGTA	8.201767	-26.340007	0	T:111.0(4.90%),B:1100.7(2.39%),P:1e-11	Tpos:289.2,Tstd:207.9,Bpos:240.4,Bstd:144.7,StrandBias:0.3,Multiplicity:1.11
0.639	0.001	0.359	0.001
0.001	0.197	0.672	0.130
0.001	0.001	0.887	0.111
0.997	0.001	0.001	0.001
0.337	0.244	0.001	0.418
0.809	0.001	0.186	0.004
0.001	0.770	0.001	0.228
0.169	0.001	0.829	0.001
0.081	0.019	0.001	0.899
0.754	0.001	0.244	0.001
>AACGACGACT	19-AACGACGACT	10.145622	-26.060127	0	T:19.0(0.84%),B:46.3(0.10%),P:1e-11	Tpos:293.4,Tstd:198.6,Bpos:258.4,Bstd:153.6,StrandBias:-0.8,Multiplicity:1.00
0.898	0.100	0.001	0.001
0.933	0.001	0.065	0.001
0.058	0.821	0.042	0.079
0.001	0.001	0.877	0.121
0.742	0.179	0.001	0.078
0.037	0.961	0.001	0.001
0.078	0.057	0.864	0.001
0.997	0.001	0.001	0.001
0.001	0.997	0.001	0.001
0.001	0.001	0.001	0.997
>RHHTKGTTYT	20-RHHTKGTTYT	6.144968	-20.552476	0	T:201.0(8.87%),B:2641.2(5.72%),P:1e-8	Tpos:293.9,Tstd:240.5,Bpos:233.3,Bstd:153.8,StrandBias:0.0,Multiplicity:1.11
0.380	0.065	0.522	0.033
0.341	0.298	0.018	0.343
0.300	0.258	0.106	0.336
0.062	0.100	0.326	0.512
0.096	0.017	0.385	0.502
0.223	0.098	0.558	0.121
0.157	0.062	0.032	0.749
0.353	0.001	0.138	0.508
0.080	0.385	0.038	0.497
0.133	0.218	0.218	0.431
>GCTACACAAA	21-GCTACACAAA	10.302027	-16.875499	0	T:22.0(0.97%),B:108.2(0.23%),P:1e-7	Tpos:268.8,Tstd:155.9,Bpos:231.5,Bstd:150.0,StrandBias:0.8,Multiplicity:1.00
0.001	0.001	0.997	0.001
0.001	0.997	0.001	0.001
0.001	0.001	0.001	0.997
0.997	0.001	0.001	0.001
0.001	0.997	0.001	0.001
0.997	0.001	0.001	0.001
0.001	0.997	0.001	0.001
0.856	0.089	0.001	0.054
0.997	0.001	0.001	0.001
0.964	0.034	0.001	0.001
>TSCGGCCAAT	22-TSCGGCCAAT	9.322583	-13.271057	0	T:41.0(1.81%),B:364.5(0.79%),P:1e-5	Tpos:310.5,Tstd:187.0,Bpos:225.6,Bstd:140.5,StrandBias:-0.7,Multiplicity:1.36
0.001	0.085	0.200	0.714
0.001	0.423	0.304	0.272
0.091	0.776	0.132	0.001
0.245	0.001	0.753	0.001
0.001	0.160	0.681	0.158
0.001	0.997	0.001	0.001
0.001	0.997	0.001	0.001
0.997	0.001	0.001	0.001
0.911	0.028	0.001	0.060
0.099	0.001	0.001	0.899
>TTACTATAGG	23-TTACTATAGG	10.293274	-12.416974	0	T:22.0(0.97%),B:142.8(0.31%),P:1e-5	Tpos:255.8,Tstd:184.9,Bpos:236.4,Bstd:133.7,StrandBias:-0.5,Multiplicity:1.41
0.001	0.001	0.001	0.997
0.001	0.195	0.001	0.803
0.997	0.001	0.001	0.001
0.001	0.997	0.001	0.001
0.001	0.001	0.001	0.997
0.997	0.001	0.001	0.001
0.001	0.130	0.001	0.868
0.556	0.001	0.247	0.196
0.001	0.001	0.997	0.001
0.134	0.001	0.791	0.074
>ATGTAGGCGG	24-ATGTAGGCGG	12.312642	-7.725996	0	T:4.0(0.18%),B:7.4(0.02%),P:1e-3	Tpos:175.3,Tstd:49.6,Bpos:322.4,Bstd:90.9,StrandBias:-1.0,Multiplicity:1.50
0.780	0.001	0.001	0.218
0.001	0.001	0.001	0.997
0.001	0.001	0.997	0.001
0.001	0.001	0.001	0.997
0.997	0.001	0.001	0.001
0.001	0.001	0.997	0.001
0.001	0.001	0.997	0.001
0.001	0.997	0.001	0.001
0.001	0.001	0.997	0.001
0.001	0.001	0.997	0.001
>GTCCATATTA	25-GTCCATATTA	10.296193	-3.055398	0	T:2.0(0.09%),B:7.2(0.02%),P:1e-1	Tpos:392.1,Tstd:232.4,Bpos:217.7,Bstd:148.1,StrandBias:3.2,Multiplicity:5.00
0.100	0.100	0.700	0.100
0.100	0.100	0.100	0.700
0.100	0.700	0.100	0.100
0.100	0.700	0.100	0.100
0.700	0.100	0.100	0.100
0.100	0.100	0.100	0.700
0.700	0.100	0.100	0.100
0.100	0.100	0.100	0.700
0.100	0.100	0.100	0.700
0.700	0.100	0.100	0.100
