>RCAGGAARYG	1-RCAGGAARYG	6.456199	-913.336315	0	T:1776.0(43.11%),B:6845.6(15.27%),P:1e-396	Tpos:275.3,Tstd:186.8,Bpos:236.0,Bstd:140.0,StrandBias:0.1,Multiplicity:1.33
0.366	0.191	0.277	0.166
0.253	0.424	0.225	0.098
0.509	0.339	0.151	0.001
0.033	0.109	0.842	0.016
0.037	0.057	0.805	0.101
0.807	0.013	0.115	0.065
0.564	0.041	0.038	0.357
0.409	0.025	0.545	0.021
0.071	0.361	0.116	0.452
0.152	0.223	0.458	0.167
>TGTGGTTTBN	2-TGTGGTTTBN	5.937466	-848.531215	0	T:2350.0(57.04%),B:11922.3(26.60%),P:1e-368	Tpos:269.4,Tstd:193.7,Bpos:237.8,Bstd:150.7,StrandBias:0.0,Multiplicity:1.49
0.166	0.076	0.084	0.674
0.084	0.083	0.668	0.165
0.195	0.110	0.072	0.623
0.041	0.043	0.859	0.057
0.046	0.027	0.875	0.052
0.032	0.166	0.143	0.659
0.082	0.240	0.188	0.490
0.277	0.109	0.181	0.433
0.158	0.332	0.262	0.248
0.280	0.239	0.282	0.199
>VAGGAAGTGG	3-VAGGAAGTGG	10.172802	-598.219223	0	T:674.0(16.36%),B:1439.3(3.21%),P:1e-259	Tpos:280.9,Tstd:202.3,Bpos:241.0,Bstd:142.5,StrandBias:0.2,Multiplicity:1.06
0.224	0.342	0.266	0.167
0.679	0.001	0.319	0.001
0.001	0.001	0.982	0.016
0.001	0.011	0.987	0.001
0.997	0.001	0.001	0.001
0.617	0.001	0.001	0.381
0.001	0.001	0.997	0.001
0.205	0.001	0.074	0.720
0.001	0.001	0.997	0.001
0.113	0.001	0.885	0.001
>GTTWACCACA	4-GTTWACCACA	7.105255	-351.351381	0	T:1256.0(30.49%),B:6440.5(14.37%),P:1e-152	Tpos:282.2,Tstd:202.3,Bpos:238.2,Bstd:147.1,StrandBias:0.0,Multiplicity:1.15
0.051	0.173	0.587	0.189
0.035	0.305	0.114	0.546
0.001	0.309	0.128	0.562
0.385	0.194	0.001	0.420
0.679	0.047	0.273	0.001
0.001	0.932	0.020	0.047
0.001	0.997	0.001	0.001
0.849	0.010	0.102	0.039
0.084	0.745	0.116	0.055
0.793	0.019	0.001	0.187
>HWVYTTCCKS	5-HWVYTTCCKS	6.673559	-331.016735	0	T:1301.0(31.58%),B:6979.9(15.57%),P:1e-143	Tpos:278.4,Tstd:201.9,Bpos:235.8,Bstd:138.6,StrandBias:-0.1,Multiplicity:1.17
0.208	0.333	0.169	0.290
0.354	0.193	0.096	0.357
0.338	0.235	0.380	0.048
0.017	0.504	0.040	0.439
0.073	0.052	0.060	0.815
0.063	0.062	0.081	0.794
0.072	0.781	0.083	0.064
0.054	0.782	0.098	0.066
0.030	0.141	0.397	0.432
0.039	0.356	0.430	0.175
>DAGGTGTGAN	6-DAGGTGTGAN	7.838280	-283.050089	0	T:1144.0(27.77%),B:6134.5(13.69%),P:1e-122	Tpos:277.8,Tstd:212.6,Bpos:233.5,Bstd:149.3,StrandBias:0.0,Multiplicity:1.25
0.360	0.067	0.291	0.282
0.621	0.001	0.362	0.016
0.066	0.001	0.901	0.032
0.001	0.013	0.985	0.001
0.001	0.001	0.001	0.997
0.001	0.001	0.997	0.001
0.154	0.006	0.016	0.824
0.001	0.255	0.613	0.131
0.643	0.001	0.355	0.001
0.320	0.231	0.269	0.180
>TGTGGSYDNN	7-TGTGGSYDNN	5.503321	-272.989894	0	T:1668.0(40.49%),B:10797.8(24.09%),P:1e-118	Tpos:275.8,Tstd:206.1,Bpos:241.4,Bstd:147.7,StrandBias:0.1,Multiplicity:1.23
0.146	0.136	0.156	0.562
0.066	0.135	0.702	0.097
0.160	0.144	0.138	0.558
0.126	0.123	0.627	0.124
0.161	0.108	0.615	0.116
0.010	0.461	0.517	0.012
0.005	0.353	0.155	0.487
0.239	0.036	0.366	0.359
0.263	0.186	0.287	0.264
0.222	0.278	0.246	0.254
>SGTGGTTTHW	8-SGTGGTTTHW	7.208501	-139.685438	0	T:1179.0(28.62%),B:8107.3(18.09%),P:1e-60	Tpos:283.9,Tstd:211.8,Bpos:239.0,Bstd:146.8,StrandBias:-0.0,Multiplicity:1.18
0.244	0.395	0.359	0.001
0.089	0.099	0.596	0.216
0.001	0.066	0.001	0.932
0.001	0.001	0.997	0.001
0.001	0.001	0.997	0.001
0.001	0.282	0.001	0.716
0.001	0.001	0.001	0.997
0.250	0.001	0.265	0.484
0.232	0.341	0.153	0.274
0.382	0.225	0.017	0.376
>GCYCCRCCCT	9-GCYCCRCCCT	8.387061	-134.191976	0	T:678.0(16.46%),B:3853.6(8.60%),P:1e-58	Tpos:288.5,Tstd:209.5,Bpos:235.4,Bstd:140.0,StrandBias:-0.1,Multiplicity:1.26
0.270	0.123	0.470	0.138
0.134	0.832	0.024	0.010
0.148	0.386	0.107	0.359
0.044	0.842	0.006	0.108
0.087	0.889	0.001	0.023
0.325	0.008	0.456	0.211
0.004	0.994	0.001	0.001
0.001	0.997	0.001	0.001
0.001	0.865	0.001	0.133
0.294	0.133	0.001	0.572
>TGASTCATMS	10-TGASTCATMS	6.580963	-118.791387	0	T:874.0(21.21%),B:5691.2(12.70%),P:1e-51	Tpos:278.7,Tstd:224.4,Bpos:239.4,Bstd:143.1,StrandBias:-0.0,Multiplicity:1.17
0.001	0.027	0.020	0.952
0.021	0.025	0.782	0.172
0.878	0.001	0.019	0.102
0.045	0.484	0.421	0.051
0.012	0.028	0.080	0.880
0.164	0.756	0.010	0.070
0.879	0.005	0.038	0.078
0.121	0.213	0.195	0.472
0.366	0.396	0.094	0.144
0.147	0.239	0.387	0.227
>GTTTCAGTTT	11-GTTTCAGTTT	8.655397	-115.833611	0	T:379.0(9.20%),B:1752.2(3.91%),P:1e-50	Tpos:275.0,Tstd:183.9,Bpos:239.2,Bstd:145.2,StrandBias:-0.3,Multiplicity:1.08
0.001	0.113	0.847	0.039
0.001	0.001	0.001	0.997
0.013	0.001	0.047	0.939
0.001	0.001	0.001	0.997
0.009	0.989	0.001	0.001
0.776	0.026	0.021	0.177
0.001	0.128	0.762	0.109
0.001	0.019	0.017	0.963
0.023	0.025	0.017	0.935
0.027	0.005	0.018	0.950
>TTCACACTTC	12-TTCACACTTC	8.185801	-84.731025	0	T:501.0(12.16%),B:2990.0(6.67%),P:1e-36	Tpos:275.5,Tstd:187.6,Bpos:239.8,Bstd:149.1,StrandBias:-0.0,Multiplicity:1.09
0.135	0.088	0.187	0.590
0.001	0.001	0.001	0.997
0.003	0.989	0.001	0.007
0.629	0.001	0.143	0.227
0.001	0.997	0.001	0.001
0.991	0.001	0.007	0.001
0.010	0.773	0.216	0.001
0.222	0.001	0.190	0.587
0.001	0.160	0.001	0.838
0.003	0.647	0.069	0.281
>GTGAGGGKGA	13-GTGAGGGKGA	6.139038	-64.034592	0	T:981.0(23.81%),B:7639.7(17.05%),P:1e-27	Tpos:289.7,Tstd:219.3,Bpos:236.4,Bstd:140.3,StrandBias:-0.1,Multiplicity:1.18
0.001	0.390	0.608	0.001
0.001	0.195	0.288	0.516
0.001	0.001	0.958	0.040
0.566	0.001	0.106	0.327
0.001	0.001	0.997	0.001
0.001	0.001	0.997	0.001
0.257	0.001	0.592	0.150
0.001	0.170	0.420	0.409
0.001	0.001	0.997	0.001
0.997	0.001	0.001	0.001
>NNTGACGTCA	14-NNTGACGTCA	6.912113	-60.778969	0	T:314.0(7.62%),B:1774.5(3.96%),P:1e-26	Tpos:274.4,Tstd:184.2,Bpos:241.4,Bstd:145.8,StrandBias:-0.2,Multiplicity:1.03
0.225	0.184	0.327	0.264
0.234	0.282	0.265	0.220
0.102	0.006	0.034	0.858
0.135	0.020	0.738	0.107
0.684	0.095	0.122	0.099
0.004	0.748	0.113	0.135
0.001	0.021	0.920	0.058
0.099	0.089	0.143	0.669
0.126	0.609	0.115	0.150
0.711	0.085	0.083	0.121
>GGTGGCTTCT	15-GGTGGCTTCT	8.229904	-52.060288	0	T:418.0(10.15%),B:2743.1(6.12%),P:1e-22	Tpos:284.1,Tstd:220.3,Bpos:233.0,Bstd:142.0,StrandBias:0.3,Multiplicity:1.05
0.001	0.043	0.856	0.100
0.028	0.121	0.833	0.018
0.183	0.231	0.001	0.585
0.001	0.001	0.927	0.071
0.022	0.079	0.735	0.164
0.001	0.997	0.001	0.001
0.013	0.122	0.104	0.761
0.001	0.010	0.174	0.815
0.001	0.805	0.182	0.012
0.001	0.147	0.160	0.692
>TAABAAACCY	16-TAABAAACCY	7.460052	-38.990485	0	T:277.0(6.72%),B:1750.0(3.90%),P:1e-16	Tpos:294.1,Tstd:207.0,Bpos:241.5,Bstd:142.8,StrandBias:0.2,Multiplicity:1.03
0.357	0.001	0.068	0.574
0.484	0.244	0.271	0.001
0.823	0.036	0.011	0.130
0.107	0.351	0.283	0.258
0.636	0.321	0.042	0.001
0.590	0.408	0.001	0.001
0.692	0.075	0.232	0.001
0.253	0.609	0.137	0.001
0.001	0.997	0.001	0.001
0.176	0.376	0.164	0.285
>CTATTTTTAG	17-CTATTTTTAG	7.677450	-34.943683	0	T:239.0(5.80%),B:1493.1(3.33%),P:1e-15	Tpos:290.3,Tstd:197.5,Bpos:235.9,Bstd:137.4,StrandBias:0.2,Multiplicity:1.07
0.112	0.745	0.061	0.082
0.016	0.032	0.078	0.874
0.852	0.016	0.083	0.049
0.122	0.033	0.070	0.775
0.103	0.052	0.068	0.777
0.084	0.074	0.014	0.828
0.149	0.074	0.089	0.688
0.108	0.033	0.032	0.827
0.860	0.042	0.070	0.028
0.080	0.088	0.786	0.046
>TGACACAGCA	18-TGACACAGCA	10.568954	-23.162841	0	T:106.0(2.57%),B:579.7(1.29%),P:1e-10	Tpos:337.6,Tstd:256.5,Bpos:231.9,Bstd:146.5,StrandBias:0.1,Multiplicity:1.07
0.084	0.001	0.001	0.914
0.001	0.001	0.997	0.001
0.997	0.001	0.001	0.001
0.001	0.738	0.260	0.001
0.869	0.109	0.001	0.021
0.001	0.803	0.195	0.001
0.978	0.001	0.020	0.001
0.001	0.001	0.997	0.001
0.244	0.754	0.001	0.001
0.860	0.138	0.001	0.001
>RCMTGACTKA	19-RCMTGACTKA	9.984591	-18.416462	0	T:91.0(2.21%),B:516.2(1.15%),P:1e-7	Tpos:346.2,Tstd:221.9,Bpos:233.4,Bstd:143.8,StrandBias:0.2,Multiplicity:1.15
0.470	0.001	0.489	0.040
0.001	0.997	0.001	0.001
0.514	0.484	0.001	0.001
0.001	0.073	0.309	0.617
0.001	0.001	0.997	0.001
0.889	0.109	0.001	0.001
0.001	0.997	0.001	0.001
0.001	0.394	0.001	0.604
0.033	0.001	0.502	0.464
0.997	0.001	0.001	0.001
>CCGCCGGTGG	20-CCGCCGGTGG	8.604880	-12.799808	0	T:4.0(0.10%),B:1.7(0.00%),P:1e-5	Tpos:324.1,Tstd:305.7,Bpos:238.4,Bstd:125.2,StrandBias:1.3,Multiplicity:1.75
0.172	0.557	0.122	0.149
0.073	0.722	0.145	0.060
0.073	0.076	0.795	0.056
0.170	0.560	0.126	0.144
0.148	0.599	0.134	0.119
0.197	0.138	0.559	0.106
0.179	0.120	0.540	0.161
0.153	0.090	0.063	0.694
0.253	0.144	0.413	0.191
0.159	0.126	0.561	0.154
>CCCGGCATAC	21-CCCGGCATAC	10.953498	-8.551393	0	T:4.0(0.10%),B:3.4(0.01%),P:1e-3	Tpos:339.1,Tstd:194.2,Bpos:289.2,Bstd:123.1,StrandBias:3.1,Multiplicity:7.00
0.001	0.997	0.001	0.001
0.001	0.997	0.001	0.001
0.001	0.997	0.001	0.001
0.001	0.001	0.997	0.001
0.056	0.001	0.942	0.001
0.001	0.997	0.001	0.001
0.997	0.001	0.001	0.001
0.001	0.001	0.001	0.997
0.997	0.001	0.001	0.001
0.001	0.997	0.001	0.001
>TGAGAGCGCA	22-TGAGAGCGCA	9.880818	-8.539324	0	T:34.0(0.83%),B:186.4(0.42%),P:1e-3	Tpos:298.5,Tstd:222.6,Bpos:226.7,Bstd:138.3,StrandBias:0.5,Multiplicity:1.55
0.001	0.001	0.001	0.997
0.203	0.079	0.717	0.001
0.997	0.001	0.001	0.001
0.001	0.068	0.656	0.275
0.997	0.001	0.001	0.001
0.001	0.187	0.811	0.001
0.001	0.997	0.001	0.001
0.109	0.001	0.889	0.001
0.001	0.855	0.077	0.067
0.997	0.001	0.001	0.001
>GTGTTAGAGG	23-GTGTTAGAGG	10.257553	-6.194321	0	T:17.0(0.41%),B:82.7(0.18%),P:1e-2	Tpos:313.2,Tstd:152.6,Bpos:221.8,Bstd:141.4,StrandBias:2.6,Multiplicity:2.82
0.100	0.001	0.898	0.001
0.001	0.001	0.001	0.997
0.001	0.001	0.997	0.001
0.001	0.001	0.001	0.997
0.001	0.001	0.001	0.997
0.997	0.001	0.001	0.001
0.001	0.001	0.997	0.001
0.997	0.001	0.001	0.001
0.001	0.031	0.967	0.001
0.001	0.001	0.997	0.001
>GGCGCCTTCC	24-GGCGCCTTCC	10.296193	-3.175240	0	T:4.0(0.10%),B:14.8(0.03%),P:1e-1	Tpos:177.5,Tstd:102.3,Bpos:213.2,Bstd:162.1,StrandBias:-2.6,Multiplicity:3.50
0.100	0.100	0.700	0.100
0.100	0.100	0.700	0.100
0.100	0.700	0.100	0.100
0.100	0.100	0.700	0.100
0.100	0.700	0.100	0.100
0.100	0.700	0.100	0.100
0.100	0.100	0.100	0.700
0.100	0.100	0.100	0.700
0.100	0.700	0.100	0.100
0.100	0.700	0.100	0.100
>GCGCGACTCG	25-GCGCGACTCG	8.350283	-2.971282	0	T:15.0(0.36%),B:101.4(0.23%),P:1e-1	Tpos:310.8,Tstd:204.8,Bpos:230.4,Bstd:134.8,StrandBias:2.4,Multiplicity:1.67
0.100	0.100	0.700	0.100
0.100	0.700	0.100	0.100
0.100	0.100	0.700	0.100
0.100	0.700	0.100	0.100
0.100	0.100	0.700	0.100
0.700	0.100	0.100	0.100
0.100	0.700	0.100	0.100
0.100	0.100	0.100	0.700
0.100	0.700	0.100	0.100
0.100	0.100	0.700	0.100
