>VCCACTTCCTGT	1-VCCACTTCCTGT	8.020924	-941.469881	0	T:1629.0(39.54%),B:5681.4(12.68%),P:1e-408	Tpos:275.3,Tstd:187.9,Bpos:237.3,Bstd:139.1,StrandBias:-0.1,Multiplicity:1.28
0.344	0.243	0.231	0.182
0.115	0.445	0.148	0.292
0.135	0.490	0.148	0.226
0.698	0.122	0.134	0.046
0.001	0.785	0.004	0.210
0.287	0.007	0.001	0.705
0.001	0.030	0.001	0.968
0.001	0.997	0.001	0.001
0.001	0.994	0.001	0.004
0.016	0.042	0.063	0.879
0.042	0.206	0.636	0.116
0.128	0.235	0.065	0.572
>HAACCACANNNN	2-HAACCACANNNN	7.438603	-874.814472	0	T:1930.0(46.84%),B:8213.3(18.33%),P:1e-379	Tpos:271.5,Tstd:191.5,Bpos:237.6,Bstd:147.4,StrandBias:-0.0,Multiplicity:1.33
0.359	0.219	0.114	0.309
0.455	0.180	0.275	0.090
0.552	0.233	0.214	0.001
0.001	0.997	0.001	0.001
0.001	0.997	0.001	0.001
0.830	0.001	0.001	0.168
0.023	0.975	0.001	0.001
0.893	0.001	0.001	0.105
0.283	0.211	0.308	0.199
0.284	0.263	0.231	0.223
0.196	0.320	0.260	0.224
0.283	0.280	0.190	0.247
>NVCAGGAAGTNB	3-NVCAGGAAGTNB	6.801512	-398.558195	0	T:1804.0(43.79%),B:10673.0(23.81%),P:1e-173	Tpos:278.4,Tstd:213.2,Bpos:235.0,Bstd:140.5,StrandBias:0.1,Multiplicity:1.19
0.275	0.235	0.256	0.234
0.302	0.205	0.325	0.168
0.068	0.734	0.002	0.196
0.802	0.114	0.078	0.006
0.087	0.047	0.781	0.085
0.037	0.001	0.867	0.095
0.889	0.020	0.001	0.090
0.741	0.033	0.047	0.179
0.001	0.001	0.973	0.025
0.062	0.306	0.091	0.541
0.174	0.279	0.293	0.254
0.137	0.227	0.274	0.362
>GTTTCACACCTC	4-GTTTCACACCTC	7.394008	-197.956976	0	T:928.0(22.52%),B:5203.4(11.61%),P:1e-85	Tpos:274.8,Tstd:188.6,Bpos:237.4,Bstd:147.4,StrandBias:0.0,Multiplicity:1.16
0.132	0.173	0.508	0.187
0.077	0.169	0.117	0.637
0.066	0.219	0.079	0.636
0.049	0.072	0.001	0.878
0.080	0.845	0.026	0.049
0.661	0.068	0.090	0.181
0.023	0.950	0.001	0.026
0.916	0.074	0.009	0.001
0.042	0.801	0.106	0.051
0.107	0.684	0.091	0.118
0.115	0.142	0.001	0.742
0.076	0.648	0.104	0.172
>NNWGGGTGTGRY	5-NNWGGGTGTGRY	8.027713	-195.581361	0	T:1180.0(28.64%),B:7356.7(16.41%),P:1e-84	Tpos:284.5,Tstd:220.5,Bpos:235.5,Bstd:145.6,StrandBias:-0.1,Multiplicity:1.26
0.208	0.206	0.355	0.231
0.254	0.214	0.217	0.314
0.454	0.001	0.240	0.305
0.227	0.001	0.771	0.001
0.116	0.001	0.882	0.001
0.016	0.001	0.982	0.001
0.188	0.004	0.001	0.807
0.001	0.001	0.985	0.013
0.162	0.001	0.293	0.544
0.001	0.001	0.997	0.001
0.367	0.014	0.443	0.176
0.165	0.351	0.095	0.390
>AGGATGTGGCTA	6-AGGATGTGGCTA	9.092769	-170.207417	0	T:310.0(7.52%),B:991.6(2.21%),P:1e-73	Tpos:283.1,Tstd:199.5,Bpos:227.2,Bstd:139.3,StrandBias:-0.1,Multiplicity:1.01
0.798	0.095	0.024	0.083
0.067	0.024	0.814	0.095
0.001	0.081	0.917	0.001
0.793	0.132	0.024	0.051
0.038	0.047	0.082	0.833
0.024	0.026	0.891	0.059
0.114	0.047	0.045	0.794
0.001	0.001	0.910	0.088
0.055	0.024	0.864	0.057
0.047	0.882	0.024	0.047
0.047	0.112	0.071	0.770
0.734	0.089	0.099	0.078
>GAAACCGAAACC	7-GAAACCGAAACC	7.033354	-146.696501	0	T:1014.0(24.61%),B:6530.0(14.57%),P:1e-63	Tpos:276.9,Tstd:200.8,Bpos:238.5,Bstd:146.3,StrandBias:0.2,Multiplicity:1.24
0.139	0.111	0.722	0.028
0.853	0.038	0.059	0.050
0.857	0.068	0.055	0.020
0.852	0.039	0.082	0.027
0.109	0.742	0.118	0.031
0.225	0.500	0.065	0.211
0.110	0.145	0.677	0.068
0.743	0.075	0.121	0.061
0.835	0.058	0.063	0.044
0.838	0.059	0.057	0.046
0.109	0.711	0.133	0.047
0.114	0.675	0.047	0.164
>RCAGGAAACCAN	8-RCAGGAAACCAN	10.644789	-146.343272	0	T:262.0(6.36%),B:825.1(1.84%),P:1e-63	Tpos:264.8,Tstd:178.7,Bpos:242.1,Bstd:140.6,StrandBias:0.1,Multiplicity:1.03
0.479	0.001	0.354	0.166
0.001	0.855	0.143	0.001
0.997	0.001	0.001	0.001
0.001	0.001	0.997	0.001
0.001	0.001	0.997	0.001
0.997	0.001	0.001	0.001
0.997	0.001	0.001	0.001
0.997	0.001	0.001	0.001
0.001	0.997	0.001	0.001
0.328	0.493	0.001	0.178
0.391	0.177	0.240	0.192
0.211	0.322	0.247	0.219
>AGCCACATTGTT	9-AGCCACATTGTT	7.003862	-55.007884	0	T:817.0(19.83%),B:6289.8(14.03%),P:1e-23	Tpos:262.0,Tstd:204.9,Bpos:233.4,Bstd:145.0,StrandBias:-0.3,Multiplicity:1.04
0.997	0.001	0.001	0.001
0.074	0.067	0.795	0.064
0.084	0.786	0.072	0.058
0.162	0.693	0.055	0.090
0.754	0.075	0.090	0.081
0.058	0.748	0.082	0.112
0.715	0.070	0.090	0.125
0.130	0.101	0.149	0.620
0.101	0.052	0.096	0.751
0.074	0.112	0.708	0.106
0.073	0.150	0.061	0.716
0.086	0.079	0.118	0.717
>CTGTGGTAAACC	10-CTGTGGTAAACC	10.008095	-46.949491	0	T:120.0(2.91%),B:485.1(1.08%),P:1e-20	Tpos:250.6,Tstd:161.3,Bpos:226.4,Bstd:149.3,StrandBias:-0.2,Multiplicity:1.01
0.152	0.801	0.001	0.046
0.123	0.001	0.001	0.875
0.001	0.001	0.997	0.001
0.170	0.001	0.001	0.828
0.001	0.001	0.997	0.001
0.103	0.050	0.846	0.001
0.075	0.209	0.041	0.675
0.922	0.001	0.076	0.001
0.886	0.112	0.001	0.001
0.611	0.012	0.260	0.117
0.114	0.785	0.078	0.023
0.256	0.580	0.001	0.163
>TGTGGCATGCAG	11-TGTGGCATGCAG	9.198799	-34.894029	0	T:47.0(1.14%),B:120.1(0.27%),P:1e-15	Tpos:285.7,Tstd:234.9,Bpos:233.3,Bstd:151.9,StrandBias:0.2,Multiplicity:1.00
0.052	0.029	0.308	0.611
0.049	0.118	0.722	0.111
0.342	0.028	0.061	0.569
0.202	0.084	0.548	0.166
0.239	0.056	0.438	0.267
0.063	0.578	0.300	0.059
0.445	0.246	0.031	0.279
0.281	0.025	0.248	0.446
0.094	0.083	0.740	0.083
0.097	0.717	0.106	0.080
0.793	0.036	0.041	0.130
0.163	0.078	0.553	0.206
>CTTGGGCGGGGC	12-CTTGGGCGGGGC	13.388550	-33.447770	0	T:21.0(0.51%),B:21.5(0.05%),P:1e-14	Tpos:214.4,Tstd:139.3,Bpos:231.5,Bstd:164.4,StrandBias:-0.5,Multiplicity:1.00
0.001	0.997	0.001	0.001
0.080	0.098	0.048	0.774
0.079	0.001	0.001	0.919
0.001	0.001	0.997	0.001
0.001	0.181	0.817	0.001
0.001	0.001	0.997	0.001
0.028	0.970	0.001	0.001
0.001	0.001	0.974	0.024
0.001	0.001	0.997	0.001
0.001	0.001	0.997	0.001
0.001	0.001	0.997	0.001
0.001	0.839	0.080	0.080
>ACATCTCCGCCC	13-ACATCTCCGCCC	-4.167283	-32.912201	0	T:1349.0(32.74%),B:12218.8(27.26%),P:1e-14	Tpos:295.0,Tstd:219.8,Bpos:236.7,Bstd:140.1,StrandBias:0.0,Multiplicity:1.25
0.946	0.001	0.052	0.001
0.001	0.997	0.001	0.001
0.997	0.001	0.001	0.001
0.001	0.001	0.001	0.997
0.001	0.997	0.001	0.001
0.001	0.001	0.001	0.997
0.001	0.997	0.001	0.001
0.001	0.997	0.001	0.001
0.001	0.001	0.997	0.001
0.001	0.997	0.001	0.001
0.001	0.997	0.001	0.001
0.001	0.997	0.001	0.001
>GCCACATTGTTA	14-GCCACATTGTTA	6.517702	-32.567924	0	T:1217.0(29.54%),B:10879.3(24.27%),P:1e-14	Tpos:290.2,Tstd:214.0,Bpos:236.7,Bstd:144.5,StrandBias:-0.1,Multiplicity:1.19
0.100	0.100	0.700	0.100
0.100	0.700	0.100	0.100
0.100	0.700	0.100	0.100
0.700	0.100	0.100	0.100
0.100	0.700	0.100	0.100
0.700	0.100	0.100	0.100
0.100	0.100	0.100	0.700
0.100	0.100	0.100	0.700
0.100	0.100	0.700	0.100
0.100	0.100	0.100	0.700
0.100	0.100	0.100	0.700
0.700	0.100	0.100	0.100
>MAMAGGAAGCTG	15-MAMAGGAAGCTG	12.854489	-29.756468	0	T:48.0(1.17%),B:144.1(0.32%),P:1e-12	Tpos:320.2,Tstd:219.9,Bpos:264.0,Bstd:140.5,StrandBias:0.6,Multiplicity:1.04
0.501	0.493	0.005	0.001
0.997	0.001	0.001	0.001
0.386	0.476	0.137	0.001
0.864	0.001	0.001	0.134
0.035	0.009	0.876	0.080
0.105	0.001	0.893	0.001
0.934	0.055	0.010	0.001
0.905	0.001	0.093	0.001
0.001	0.177	0.598	0.224
0.001	0.997	0.001	0.001
0.001	0.001	0.001	0.997
0.001	0.001	0.997	0.001
>ACTCCACCCTTC	16-ACTCCACCCTTC	11.585512	-24.621444	0	T:42.0(1.02%),B:133.3(0.30%),P:1e-10	Tpos:270.8,Tstd:187.4,Bpos:225.6,Bstd:146.5,StrandBias:-0.7,Multiplicity:1.06
0.669	0.102	0.228	0.001
0.001	0.997	0.001	0.001
0.037	0.001	0.001	0.961
0.001	0.997	0.001	0.001
0.211	0.787	0.001	0.001
0.561	0.078	0.233	0.128
0.001	0.997	0.001	0.001
0.001	0.997	0.001	0.001
0.001	0.997	0.001	0.001
0.001	0.001	0.001	0.997
0.253	0.001	0.156	0.590
0.073	0.637	0.212	0.078
>CCACAGTGTGCT	17-CCACAGTGTGCT	12.355432	-23.037152	0	T:12.0(0.29%),B:9.0(0.02%),P:1e-10	Tpos:287.4,Tstd:202.0,Bpos:312.6,Bstd:101.0,StrandBias:-1.3,Multiplicity:2.40
0.100	0.700	0.100	0.100
0.100	0.700	0.100	0.100
0.700	0.100	0.100	0.100
0.100	0.700	0.100	0.100
0.700	0.100	0.100	0.100
0.100	0.100	0.700	0.100
0.100	0.100	0.100	0.700
0.100	0.100	0.700	0.100
0.100	0.100	0.100	0.700
0.100	0.100	0.700	0.100
0.100	0.700	0.100	0.100
0.100	0.100	0.100	0.700
>AGTCCCGGCATA	18-AGTCCCGGCATA	13.364598	-13.410550	0	T:5.0(0.12%),B:2.4(0.01%),P:1e-5	Tpos:332.9,Tstd:196.6,Bpos:283.8,Bstd:93.2,StrandBias:3.1,Multiplicity:5.80
0.705	0.001	0.293	0.001
0.001	0.001	0.997	0.001
0.111	0.001	0.001	0.887
0.001	0.997	0.001	0.001
0.001	0.997	0.001	0.001
0.001	0.705	0.293	0.001
0.001	0.001	0.997	0.001
0.001	0.001	0.997	0.001
0.001	0.997	0.001	0.001
0.997	0.001	0.001	0.001
0.001	0.001	0.001	0.997
0.705	0.001	0.293	0.001
>TGTGTTAGAGGG	19-TGTGTTAGAGGG	6.517702	-9.877073	0	T:1537.0(37.31%),B:15418.6(34.40%),P:1e-4	Tpos:281.5,Tstd:212.2,Bpos:235.8,Bstd:147.3,StrandBias:0.0,Multiplicity:1.29
0.100	0.100	0.100	0.700
0.100	0.100	0.700	0.100
0.100	0.100	0.100	0.700
0.100	0.100	0.700	0.100
0.100	0.100	0.100	0.700
0.100	0.100	0.100	0.700
0.700	0.100	0.100	0.100
0.100	0.100	0.700	0.100
0.700	0.100	0.100	0.100
0.100	0.100	0.700	0.100
0.100	0.100	0.700	0.100
0.100	0.100	0.700	0.100
>MTGGAAGGCGCC	20-MTGGAAGGCGCC	12.489149	-8.551393	0	T:4.0(0.10%),B:3.5(0.01%),P:1e-3	Tpos:198.7,Tstd:92.0,Bpos:219.9,Bstd:94.9,StrandBias:2.6,Multiplicity:3.50
0.405	0.324	0.135	0.135
0.042	0.001	0.001	0.956
0.001	0.001	0.946	0.052
0.001	0.134	0.864	0.001
0.729	0.135	0.135	0.001
0.729	0.001	0.135	0.135
0.003	0.001	0.995	0.001
0.135	0.135	0.729	0.001
0.001	0.997	0.001	0.001
0.135	0.001	0.826	0.038
0.001	0.997	0.001	0.001
0.001	0.853	0.001	0.145
>CACATTGTTACA	21-CACATTGTTACA	8.342419	-6.161524	0	T:48.0(1.17%),B:333.7(0.74%),P:1e-2	Tpos:260.6,Tstd:188.5,Bpos:245.8,Bstd:141.9,StrandBias:0.1,Multiplicity:1.00
0.085	0.556	0.180	0.179
0.638	0.108	0.038	0.216
0.155	0.641	0.137	0.067
0.595	0.180	0.040	0.185
0.117	0.123	0.264	0.496
0.179	0.041	0.232	0.548
0.107	0.190	0.469	0.235
0.120	0.101	0.108	0.671
0.112	0.157	0.209	0.522
0.587	0.098	0.056	0.259
0.130	0.761	0.060	0.049
0.812	0.087	0.029	0.072
>ATCACAGCTACA	22-ATCACAGCTACA	13.273780	-4.878544	0	T:5.0(0.12%),B:13.0(0.03%),P:1e-2	Tpos:286.0,Tstd:121.1,Bpos:72.0,Bstd:0.0,StrandBias:10.0,Multiplicity:2.75
0.665	0.001	0.188	0.146
0.001	0.107	0.107	0.785
0.053	0.945	0.001	0.001
0.785	0.107	0.001	0.107
0.001	0.893	0.053	0.053
0.997	0.001	0.001	0.001
0.107	0.001	0.839	0.053
0.053	0.839	0.107	0.001
0.001	0.229	0.053	0.717
0.890	0.002	0.001	0.107
0.053	0.893	0.001	0.053
0.785	0.054	0.107	0.054
>TTGGGCCTGACT	23-TTGGGCCTGACT	8.463612	-3.176421	0	T:183.0(4.44%),B:1748.8(3.90%),P:1e-1	Tpos:281.1,Tstd:216.0,Bpos:237.8,Bstd:140.0,StrandBias:0.2,Multiplicity:1.06
0.100	0.100	0.100	0.700
0.100	0.100	0.100	0.700
0.100	0.100	0.700	0.100
0.100	0.100	0.700	0.100
0.100	0.100	0.700	0.100
0.100	0.700	0.100	0.100
0.100	0.700	0.100	0.100
0.100	0.100	0.100	0.700
0.100	0.100	0.700	0.100
0.700	0.100	0.100	0.100
0.100	0.700	0.100	0.100
0.100	0.100	0.100	0.700
>TGCGCGACTCGG	24-TGCGCGACTCGG	16.402811	-2.432336	0	T:1.0(0.02%),B:0.0(0.00%),P:1e-1	Tpos:202.5,Tstd:103.8,Bpos:0.0,Bstd:0.0,StrandBias:10.0,Multiplicity:8.00
0.001	0.001	0.001	0.997
0.001	0.001	0.997	0.001
0.001	0.997	0.001	0.001
0.001	0.001	0.997	0.001
0.001	0.997	0.001	0.001
0.001	0.001	0.997	0.001
0.997	0.001	0.001	0.001
0.001	0.997	0.001	0.001
0.001	0.001	0.001	0.997
0.001	0.997	0.001	0.001
0.001	0.001	0.997	0.001
0.179	0.001	0.819	0.001
>GGTCCTCCACAC	25-GGTCCTCCACAC	12.355432	-1.178634	0	T:1.0(0.02%),B:4.2(0.01%),P:1e0	Tpos:256.7,Tstd:150.8,Bpos:128.6,Bstd:21.0,StrandBias:10.0,Multiplicity:15.00
0.100	0.100	0.700	0.100
0.100	0.100	0.700	0.100
0.100	0.100	0.100	0.700
0.100	0.700	0.100	0.100
0.100	0.700	0.100	0.100
0.100	0.100	0.100	0.700
0.100	0.700	0.100	0.100
0.100	0.700	0.100	0.100
0.700	0.100	0.100	0.100
0.100	0.700	0.100	0.100
0.700	0.100	0.100	0.100
0.100	0.700	0.100	0.100
