Factor1: 0.9495946014120046
Factor2: 1.0530809658279892
