Factor1: 0.942587501369582
Factor2: 1.0609094630970592
