>CATATGCT	1-CATATGCT	7.961080	-20.794562	0	T:51.0(20.73%),B:4097.7(8.26%),P:1e-9	Tpos:395.9,Tstd:391.5,Bpos:217.6,Bstd:118.3,StrandBias:0.7,Multiplicity:1.22
0.001	0.638	0.001	0.360
0.913	0.085	0.001	0.001
0.001	0.001	0.207	0.791
0.893	0.001	0.001	0.105
0.066	0.001	0.001	0.932
0.001	0.221	0.777	0.001
0.001	0.997	0.001	0.001
0.261	0.099	0.001	0.639
>CGAAACGG	2-CGAAACGG	9.499105	-17.879710	0	T:5.0(2.03%),B:15.3(0.03%),P:1e-7	Tpos:55.6,Tstd:73.2,Bpos:239.3,Bstd:105.1,StrandBias:2.0,Multiplicity:1.00
0.001	0.997	0.001	0.001
0.001	0.001	0.997	0.001
0.997	0.001	0.001	0.001
0.997	0.001	0.001	0.001
0.790	0.001	0.001	0.208
0.001	0.997	0.001	0.001
0.001	0.001	0.997	0.001
0.001	0.001	0.997	0.001
>YSGGTGTA	3-YSGGTGTA	8.688648	-17.005063	0	T:16.0(6.50%),B:571.6(1.15%),P:1e-7	Tpos:309.5,Tstd:199.1,Bpos:215.4,Bstd:118.7,StrandBias:1.2,Multiplicity:1.00
0.001	0.413	0.031	0.555
0.001	0.444	0.554	0.001
0.001	0.001	0.997	0.001
0.001	0.001	0.707	0.291
0.291	0.001	0.001	0.707
0.001	0.001	0.997	0.001
0.001	0.001	0.001	0.997
0.997	0.001	0.001	0.001
>TCACTTGA	4-TCACTTGA	9.413601	-16.281441	0	T:27.0(10.98%),B:1658.9(3.35%),P:1e-7	Tpos:229.7,Tstd:212.8,Bpos:217.7,Bstd:127.5,StrandBias:-0.7,Multiplicity:1.07
0.001	0.001	0.052	0.946
0.001	0.938	0.001	0.060
0.997	0.001	0.001	0.001
0.025	0.973	0.001	0.001
0.001	0.001	0.001	0.997
0.001	0.001	0.001	0.997
0.001	0.258	0.740	0.001
0.847	0.090	0.062	0.001
>CGGSGTAC	5-CGGSGTAC	6.695132	-13.565082	0	T:10.0(4.07%),B:269.5(0.54%),P:1e-5	Tpos:299.4,Tstd:335.9,Bpos:222.3,Bstd:120.0,StrandBias:2.0,Multiplicity:1.00
0.049	0.894	0.056	0.001
0.049	0.102	0.848	0.001
0.083	0.282	0.604	0.031
0.049	0.416	0.359	0.176
0.201	0.001	0.543	0.255
0.029	0.198	0.031	0.742
0.586	0.164	0.029	0.221
0.157	0.741	0.053	0.049
>TGCGAACA	6-TGCGAACA	6.020636	-12.816695	0	T:55.0(22.36%),B:5887.3(11.87%),P:1e-5	Tpos:272.8,Tstd:220.9,Bpos:211.1,Bstd:127.1,StrandBias:0.3,Multiplicity:1.18
0.133	0.199	0.076	0.592
0.051	0.066	0.785	0.098
0.154	0.665	0.095	0.086
0.037	0.064	0.814	0.085
0.824	0.052	0.041	0.083
0.757	0.086	0.052	0.105
0.140	0.728	0.075	0.057
0.851	0.053	0.032	0.064
>CGTGCSGC	7-CGTGCSGC	5.225397	-12.070320	0	T:45.0(18.29%),B:4527.2(9.13%),P:1e-5	Tpos:317.6,Tstd:288.0,Bpos:213.8,Bstd:124.9,StrandBias:0.4,Multiplicity:1.20
0.001	0.740	0.001	0.258
0.133	0.001	0.865	0.001
0.008	0.001	0.001	0.990
0.001	0.001	0.997	0.001
0.001	0.857	0.001	0.141
0.001	0.514	0.484	0.001
0.025	0.037	0.872	0.066
0.001	0.997	0.001	0.001
