Factor1: 1.0201948876261706
Factor2: 0.9802048727443057
