Factor1: 1.0065088815688246
Factor2: 0.9935332100014068
