Factor1: 0.6790481869661097
Factor2: 1.4726495397445314
