Factor1: 1.0655940348904736
Factor2: 0.9384436917411839
