>CTCAACAGAG	1-CTCAACAGAG	7.100624	-21.408676	0	T:68.0(29.57%),B:6874.8(13.82%),P:1e-9	Tpos:290.3,Tstd:229.7,Bpos:217.1,Bstd:125.0,StrandBias:0.2,Multiplicity:1.28
0.001	0.818	0.054	0.127
0.101	0.033	0.001	0.865
0.078	0.797	0.089	0.036
0.765	0.045	0.033	0.157
0.788	0.110	0.050	0.052
0.078	0.832	0.066	0.024
0.865	0.001	0.001	0.133
0.061	0.137	0.801	0.001
0.832	0.001	0.041	0.126
0.134	0.172	0.648	0.046
>TAGGTCCATG	2-TAGGTCCATG	5.618325	-18.723370	0	T:53.0(23.04%),B:4993.4(10.04%),P:1e-8	Tpos:371.5,Tstd:409.8,Bpos:218.7,Bstd:123.6,StrandBias:0.4,Multiplicity:1.23
0.001	0.001	0.105	0.893
0.786	0.001	0.001	0.212
0.105	0.269	0.625	0.001
0.001	0.001	0.997	0.001
0.111	0.001	0.001	0.887
0.001	0.872	0.001	0.126
0.001	0.603	0.395	0.001
0.997	0.001	0.001	0.001
0.107	0.001	0.237	0.655
0.105	0.001	0.770	0.124
>GAATTCTTAC	3-GAATTCTTAC	6.962852	-17.730532	0	T:65.0(28.26%),B:7023.4(14.12%),P:1e-7	Tpos:282.9,Tstd:240.8,Bpos:216.1,Bstd:123.5,StrandBias:0.0,Multiplicity:1.23
0.077	0.019	0.805	0.099
0.831	0.042	0.047	0.080
0.851	0.048	0.089	0.012
0.058	0.125	0.022	0.795
0.069	0.001	0.088	0.842
0.040	0.853	0.054	0.053
0.078	0.018	0.001	0.903
0.046	0.113	0.059	0.782
0.731	0.025	0.093	0.151
0.159	0.620	0.110	0.111
>ATGCCCCAAG	4-ATGCCCCAAG	10.287502	-12.948805	0	T:11.0(4.78%),B:385.4(0.78%),P:1e-5	Tpos:161.4,Tstd:125.2,Bpos:223.5,Bstd:128.7,StrandBias:1.0,Multiplicity:1.09
0.877	0.001	0.001	0.121
0.323	0.001	0.099	0.577
0.001	0.121	0.877	0.001
0.097	0.901	0.001	0.001
0.001	0.997	0.001	0.001
0.001	0.871	0.001	0.127
0.001	0.997	0.001	0.001
0.997	0.001	0.001	0.001
0.997	0.001	0.001	0.001
0.001	0.001	0.997	0.001
>AATAGAGGTA	5-AATAGAGGTA	12.396207	-12.151856	0	T:5.0(2.17%),B:52.2(0.10%),P:1e-5	Tpos:130.8,Tstd:165.4,Bpos:230.7,Bstd:120.7,StrandBias:-0.6,Multiplicity:1.00
0.997	0.001	0.001	0.001
0.761	0.237	0.001	0.001
0.001	0.001	0.001	0.997
0.997	0.001	0.001	0.001
0.001	0.001	0.997	0.001
0.997	0.001	0.001	0.001
0.001	0.001	0.997	0.001
0.001	0.001	0.997	0.001
0.001	0.001	0.001	0.997
0.997	0.001	0.001	0.001
