Factor1: 1.0582573394971173
Factor2: 0.9449497420685973
