>CTTTGATGTGGT	1-CTTTGATGTGGT	9.015366	-682.927055	0	T:541.0(17.19%),B:1010.3(2.20%),P:1e-296	Tpos:273.2,Tstd:174.1,Bpos:248.3,Bstd:146.6,StrandBias:0.1,Multiplicity:1.06
0.073	0.492	0.158	0.277
0.088	0.123	0.001	0.788
0.057	0.117	0.061	0.765
0.100	0.001	0.017	0.882
0.070	0.124	0.709	0.097
0.803	0.031	0.011	0.155
0.155	0.011	0.011	0.823
0.053	0.044	0.902	0.001
0.049	0.008	0.001	0.942
0.001	0.001	0.970	0.028
0.052	0.051	0.889	0.008
0.067	0.170	0.183	0.580
>BYCTTTGAWGTY	2-BYCTTTGAWGTY	8.520900	-487.599977	0	T:834.0(26.50%),B:3652.8(7.95%),P:1e-211	Tpos:290.4,Tstd:187.4,Bpos:249.2,Bstd:150.2,StrandBias:-0.1,Multiplicity:1.18
0.150	0.292	0.257	0.301
0.144	0.328	0.188	0.339
0.002	0.722	0.044	0.232
0.001	0.001	0.001	0.997
0.001	0.001	0.001	0.997
0.001	0.001	0.001	0.997
0.001	0.274	0.676	0.049
0.997	0.001	0.001	0.001
0.443	0.001	0.003	0.553
0.004	0.402	0.593	0.001
0.179	0.267	0.090	0.464
0.183	0.270	0.158	0.389
>KYTGTGGTTTNN	3-KYTGTGGTTTNN	8.157773	-409.857280	0	T:906.0(28.79%),B:4791.8(10.43%),P:1e-177	Tpos:285.3,Tstd:192.9,Bpos:246.9,Bstd:149.8,StrandBias:0.1,Multiplicity:1.17
0.122	0.207	0.304	0.368
0.133	0.363	0.160	0.345
0.001	0.001	0.065	0.933
0.001	0.001	0.940	0.058
0.118	0.001	0.001	0.880
0.001	0.001	0.997	0.001
0.001	0.001	0.997	0.001
0.001	0.187	0.169	0.643
0.001	0.148	0.001	0.850
0.299	0.079	0.146	0.476
0.237	0.246	0.230	0.287
0.309	0.225	0.227	0.239
>NNKATGASTCAW	4-NNKATGASTCAW	8.364460	-359.192838	0	T:584.0(18.56%),B:2380.2(5.18%),P:1e-155	Tpos:266.8,Tstd:167.8,Bpos:242.0,Bstd:146.8,StrandBias:-0.0,Multiplicity:1.10
0.314	0.227	0.266	0.193
0.261	0.284	0.201	0.254
0.199	0.123	0.324	0.353
0.394	0.218	0.230	0.158
0.003	0.001	0.001	0.995
0.001	0.001	0.803	0.195
0.997	0.001	0.001	0.001
0.027	0.507	0.427	0.039
0.001	0.001	0.001	0.997
0.115	0.883	0.001	0.001
0.975	0.001	0.001	0.023
0.237	0.220	0.164	0.379
>HNACTTCCTGTN	5-HNACTTCCTGTN	8.550419	-208.733320	0	T:734.0(23.32%),B:4906.6(10.68%),P:1e-90	Tpos:284.8,Tstd:192.7,Bpos:246.9,Bstd:146.9,StrandBias:-0.0,Multiplicity:1.15
0.278	0.416	0.001	0.305
0.256	0.274	0.208	0.262
0.556	0.001	0.380	0.063
0.001	0.623	0.132	0.244
0.272	0.001	0.001	0.726
0.001	0.001	0.001	0.997
0.001	0.902	0.001	0.096
0.001	0.997	0.001	0.001
0.001	0.001	0.001	0.997
0.001	0.238	0.573	0.188
0.028	0.380	0.001	0.591
0.242	0.294	0.217	0.247
>ACTTTCACTTTC	6-ACTTTCACTTTC	7.324374	-179.086542	0	T:639.0(20.31%),B:4262.1(9.28%),P:1e-77	Tpos:283.2,Tstd:201.1,Bpos:241.5,Bstd:151.1,StrandBias:0.1,Multiplicity:1.22
0.701	0.089	0.111	0.099
0.074	0.706	0.113	0.107
0.075	0.074	0.036	0.815
0.071	0.110	0.097	0.722
0.067	0.083	0.075	0.775
0.067	0.765	0.076	0.092
0.753	0.084	0.052	0.111
0.073	0.721	0.097	0.109
0.075	0.071	0.044	0.810
0.055	0.088	0.069	0.788
0.076	0.096	0.073	0.755
0.085	0.685	0.113	0.117
>RGGGAAATCCCC	7-RGGGAAATCCCC	10.145986	-155.420092	0	T:144.0(4.58%),B:318.3(0.69%),P:1e-67	Tpos:273.6,Tstd:194.5,Bpos:255.6,Bstd:138.2,StrandBias:0.3,Multiplicity:1.04
0.306	0.001	0.438	0.255
0.116	0.001	0.802	0.081
0.001	0.001	0.997	0.001
0.138	0.001	0.850	0.011
0.645	0.001	0.353	0.001
0.965	0.033	0.001	0.001
0.798	0.029	0.125	0.048
0.238	0.144	0.153	0.466
0.143	0.596	0.001	0.260
0.116	0.882	0.001	0.001
0.008	0.990	0.001	0.001
0.049	0.822	0.001	0.128
>TSWGATGTGGCT	8-TSWGATGTGGCT	9.622055	-143.918657	0	T:240.0(7.63%),B:965.7(2.10%),P:1e-62	Tpos:312.0,Tstd:201.4,Bpos:249.9,Bstd:150.9,StrandBias:-0.1,Multiplicity:1.05
0.200	0.001	0.001	0.798
0.104	0.470	0.424	0.001
0.546	0.001	0.001	0.452
0.243	0.122	0.634	0.001
0.794	0.010	0.097	0.099
0.095	0.001	0.001	0.903
0.001	0.001	0.997	0.001
0.001	0.001	0.051	0.947
0.019	0.001	0.979	0.001
0.076	0.001	0.790	0.133
0.001	0.589	0.291	0.119
0.243	0.152	0.001	0.604
>GTTTCAGTATGA	9-GTTTCAGTATGA	7.651338	-108.463399	0	T:227.0(7.21%),B:1081.5(2.35%),P:1e-47	Tpos:262.5,Tstd:177.5,Bpos:244.1,Bstd:151.1,StrandBias:0.0,Multiplicity:1.04
0.124	0.221	0.506	0.149
0.103	0.200	0.081	0.616
0.099	0.117	0.071	0.713
0.124	0.006	0.131	0.739
0.146	0.610	0.142	0.102
0.690	0.053	0.053	0.204
0.213	0.123	0.454	0.211
0.246	0.131	0.139	0.484
0.422	0.241	0.101	0.236
0.158	0.002	0.072	0.768
0.135	0.096	0.612	0.157
0.599	0.115	0.103	0.183
>SKTTCRCKTTBV	10-SKTTCRCKTTBV	7.320841	-101.707324	0	T:92.0(2.92%),B:198.1(0.43%),P:1e-44	Tpos:402.6,Tstd:231.0,Bpos:230.7,Bstd:143.9,StrandBias:-0.1,Multiplicity:1.00
0.212	0.393	0.272	0.123
0.151	0.091	0.421	0.337
0.091	0.211	0.151	0.547
0.151	0.031	0.151	0.667
0.091	0.697	0.121	0.091
0.426	0.151	0.391	0.032
0.091	0.786	0.061	0.062
0.091	0.091	0.361	0.457
0.181	0.091	0.151	0.577
0.121	0.061	0.181	0.637
0.121	0.276	0.241	0.361
0.243	0.213	0.361	0.183
>TKACTCATTTCH	11-TKACTCATTTCH	9.683737	-94.620075	0	T:195.0(6.20%),B:918.1(2.00%),P:1e-41	Tpos:263.4,Tstd:185.8,Bpos:240.8,Bstd:141.1,StrandBias:0.2,Multiplicity:1.03
0.343	0.001	0.056	0.600
0.036	0.220	0.425	0.318
0.873	0.001	0.077	0.049
0.088	0.667	0.135	0.110
0.108	0.001	0.001	0.890
0.073	0.925	0.001	0.001
0.948	0.001	0.001	0.050
0.001	0.119	0.244	0.636
0.001	0.075	0.001	0.923
0.001	0.073	0.001	0.925
0.001	0.959	0.001	0.039
0.301	0.321	0.001	0.377
>GCTTTGCTTTGA	12-GCTTTGCTTTGA	9.030418	-67.117617	0	T:267.0(8.48%),B:1825.3(3.97%),P:1e-29	Tpos:276.2,Tstd:196.0,Bpos:245.8,Bstd:153.3,StrandBias:0.0,Multiplicity:1.04
0.103	0.011	0.807	0.079
0.095	0.777	0.079	0.049
0.049	0.050	0.001	0.900
0.088	0.066	0.161	0.685
0.078	0.001	0.052	0.869
0.093	0.058	0.709	0.140
0.065	0.785	0.069	0.081
0.034	0.008	0.001	0.957
0.013	0.179	0.052	0.756
0.025	0.001	0.001	0.973
0.107	0.095	0.797	0.001
0.831	0.109	0.054	0.006
>GAAACCGAAACT	13-GAAACCGAAACT	8.881579	-66.255282	0	T:165.0(5.24%),B:880.1(1.92%),P:1e-28	Tpos:294.3,Tstd:190.1,Bpos:248.4,Bstd:150.9,StrandBias:0.5,Multiplicity:1.04
0.082	0.064	0.827	0.027
0.896	0.054	0.049	0.001
0.826	0.038	0.082	0.054
0.865	0.041	0.001	0.093
0.122	0.808	0.042	0.028
0.093	0.778	0.048	0.081
0.063	0.092	0.763	0.082
0.918	0.054	0.001	0.027
0.862	0.001	0.055	0.082
0.829	0.046	0.063	0.062
0.001	0.815	0.109	0.075
0.078	0.121	0.001	0.800
>CGCCACCCACAC	14-CGCCACCCACAC	9.075538	-44.104487	0	T:241.0(7.66%),B:1876.5(4.08%),P:1e-19	Tpos:267.5,Tstd:187.2,Bpos:248.6,Bstd:155.7,StrandBias:0.0,Multiplicity:1.06
0.098	0.609	0.157	0.136
0.114	0.141	0.641	0.104
0.063	0.815	0.053	0.069
0.037	0.946	0.001	0.016
0.840	0.045	0.049	0.066
0.040	0.806	0.136	0.018
0.046	0.915	0.007	0.032
0.016	0.929	0.037	0.018
0.867	0.095	0.007	0.031
0.029	0.884	0.075	0.012
0.912	0.012	0.009	0.067
0.029	0.842	0.057	0.072
>GGGGGGGGGGGG	15-GGGGGGGGGGGG	8.158120	-40.491692	0	T:612.0(19.45%),B:6360.3(13.84%),P:1e-17	Tpos:312.4,Tstd:240.4,Bpos:244.2,Bstd:141.5,StrandBias:-0.0,Multiplicity:1.29
0.053	0.084	0.838	0.025
0.001	0.053	0.826	0.120
0.113	0.119	0.722	0.046
0.055	0.062	0.639	0.244
0.109	0.001	0.817	0.073
0.059	0.001	0.889	0.051
0.124	0.001	0.821	0.054
0.046	0.030	0.848	0.076
0.094	0.001	0.760	0.145
0.234	0.013	0.684	0.069
0.010	0.024	0.920	0.046
0.114	0.074	0.763	0.049
>GTTTTACTCAGC	16-GTTTTACTCAGC	12.704031	-34.009715	0	T:20.0(0.64%),B:24.9(0.05%),P:1e-14	Tpos:206.6,Tstd:147.1,Bpos:192.7,Bstd:119.1,StrandBias:0.6,Multiplicity:1.00
0.079	0.001	0.841	0.079
0.079	0.079	0.001	0.841
0.078	0.001	0.001	0.920
0.001	0.078	0.001	0.920
0.001	0.059	0.001	0.939
0.908	0.001	0.049	0.042
0.078	0.920	0.001	0.001
0.001	0.001	0.001	0.997
0.001	0.920	0.078	0.001
0.997	0.001	0.001	0.001
0.078	0.001	0.920	0.001
0.001	0.920	0.078	0.001
>GTACAGTGGTTT	17-GTACAGTGGTTT	12.911477	-33.844963	0	T:19.0(0.60%),B:21.7(0.05%),P:1e-14	Tpos:269.1,Tstd:208.5,Bpos:267.9,Bstd:143.1,StrandBias:-0.5,Multiplicity:1.00
0.048	0.063	0.826	0.063
0.033	0.029	0.001	0.937
0.856	0.001	0.001	0.142
0.062	0.936	0.001	0.001
0.997	0.001	0.001	0.001
0.001	0.001	0.997	0.001
0.063	0.063	0.001	0.873
0.001	0.001	0.997	0.001
0.062	0.001	0.936	0.001
0.001	0.110	0.001	0.888
0.062	0.001	0.001	0.936
0.063	0.001	0.063	0.873
>TAGTCATAACAA	18-TAGTCATAACAA	12.965339	-33.836457	0	T:18.0(0.57%),B:18.3(0.04%),P:1e-14	Tpos:271.1,Tstd:184.7,Bpos:227.8,Bstd:136.1,StrandBias:-0.2,Multiplicity:1.06
0.001	0.074	0.001	0.924
0.997	0.001	0.001	0.001
0.075	0.057	0.793	0.075
0.001	0.001	0.074	0.924
0.001	0.997	0.001	0.001
0.997	0.001	0.001	0.001
0.047	0.075	0.075	0.803
0.775	0.075	0.075	0.075
0.924	0.074	0.001	0.001
0.001	0.997	0.001	0.001
0.924	0.001	0.001	0.074
0.997	0.001	0.001	0.001
>GTGACGTCAGAG	19-GTGACGTCAGAG	12.840928	-30.790028	0	T:19.0(0.60%),B:25.5(0.06%),P:1e-13	Tpos:271.6,Tstd:145.7,Bpos:249.4,Bstd:187.9,StrandBias:0.2,Multiplicity:1.00
0.001	0.001	0.997	0.001
0.001	0.001	0.001	0.997
0.001	0.001	0.842	0.156
0.820	0.020	0.159	0.001
0.001	0.997	0.001	0.001
0.001	0.001	0.635	0.363
0.001	0.001	0.001	0.997
0.156	0.816	0.001	0.027
0.687	0.001	0.156	0.156
0.001	0.001	0.997	0.001
0.650	0.001	0.193	0.156
0.001	0.156	0.842	0.001
>GTTGCYATRGCA	20-GTTGCYATRGCA	11.027395	-28.275810	0	T:45.0(1.43%),B:181.0(0.39%),P:1e-12	Tpos:225.5,Tstd:155.0,Bpos:241.3,Bstd:131.5,StrandBias:-0.4,Multiplicity:1.00
0.001	0.120	0.878	0.001
0.001	0.001	0.001	0.997
0.076	0.059	0.037	0.828
0.001	0.001	0.879	0.119
0.001	0.997	0.001	0.001
0.001	0.571	0.001	0.427
0.894	0.001	0.001	0.104
0.059	0.233	0.001	0.707
0.515	0.001	0.483	0.001
0.001	0.001	0.997	0.001
0.090	0.872	0.001	0.037
0.898	0.037	0.001	0.064
>CCACGCCCTTTG	21-CCACGCCCTTTG	14.081855	-22.729073	0	T:6.0(0.19%),B:1.9(0.00%),P:1e-9	Tpos:252.2,Tstd:140.3,Bpos:156.5,Bstd:166.8,StrandBias:1.2,Multiplicity:1.67
0.001	0.997	0.001	0.001
0.001	0.997	0.001	0.001
0.997	0.001	0.001	0.001
0.001	0.997	0.001	0.001
0.001	0.001	0.997	0.001
0.001	0.997	0.001	0.001
0.001	0.997	0.001	0.001
0.001	0.997	0.001	0.001
0.001	0.001	0.001	0.997
0.001	0.001	0.087	0.911
0.001	0.001	0.001	0.997
0.088	0.001	0.823	0.088
>CCTGAGGTGAAT	22-CCTGAGGTGAAT	6.517702	-22.132488	0	T:1141.0(36.26%),B:14263.0(31.04%),P:1e-9	Tpos:289.0,Tstd:214.7,Bpos:244.3,Bstd:146.8,StrandBias:0.0,Multiplicity:1.29
0.100	0.700	0.100	0.100
0.100	0.700	0.100	0.100
0.100	0.100	0.100	0.700
0.100	0.100	0.700	0.100
0.700	0.100	0.100	0.100
0.100	0.100	0.700	0.100
0.100	0.100	0.700	0.100
0.100	0.100	0.100	0.700
0.100	0.100	0.700	0.100
0.700	0.100	0.100	0.100
0.700	0.100	0.100	0.100
0.100	0.100	0.100	0.700
>TATCAACCAACC	23-TATCAACCAACC	10.302978	-15.130059	0	T:23.0(0.73%),B:93.1(0.20%),P:1e-6	Tpos:260.1,Tstd:180.4,Bpos:242.2,Bstd:133.4,StrandBias:1.2,Multiplicity:1.30
0.067	0.033	0.001	0.899
0.769	0.099	0.066	0.066
0.001	0.131	0.066	0.802
0.066	0.802	0.033	0.099
0.901	0.033	0.033	0.033
0.736	0.099	0.033	0.132
0.033	0.965	0.001	0.001
0.001	0.966	0.032	0.001
0.835	0.098	0.001	0.066
0.770	0.001	0.098	0.131
0.066	0.736	0.066	0.132
0.033	0.834	0.099	0.034
>ATGTGCTGGGTA	24-ATGTGCTGGGTA	16.587368	-13.958950	0	T:4.0(0.13%),B:1.7(0.00%),P:1e-6	Tpos:165.1,Tstd:110.6,Bpos:244.5,Bstd:111.6,StrandBias:10.0,Multiplicity:9.00
0.997	0.001	0.001	0.001
0.001	0.001	0.001	0.997
0.013	0.001	0.985	0.001
0.001	0.001	0.001	0.997
0.001	0.001	0.997	0.001
0.001	0.997	0.001	0.001
0.001	0.001	0.001	0.997
0.001	0.001	0.997	0.001
0.001	0.001	0.997	0.001
0.001	0.001	0.997	0.001
0.001	0.001	0.001	0.997
0.997	0.001	0.001	0.001
>CCTGTGATGCAG	25-CCTGTGATGCAG	12.355432	-5.262010	0	T:3.0(0.10%),B:5.3(0.01%),P:1e-2	Tpos:258.6,Tstd:89.1,Bpos:236.0,Bstd:102.3,StrandBias:-1.6,Multiplicity:2.67
0.100	0.700	0.100	0.100
0.100	0.700	0.100	0.100
0.100	0.100	0.100	0.700
0.100	0.100	0.700	0.100
0.100	0.100	0.100	0.700
0.100	0.100	0.700	0.100
0.700	0.100	0.100	0.100
0.100	0.100	0.100	0.700
0.100	0.100	0.700	0.100
0.100	0.700	0.100	0.100
0.700	0.100	0.100	0.100
0.100	0.100	0.700	0.100
