>AAACCACA	1-AAACCACA	7.085749	-436.925780	0	T:1080.0(34.32%),B:6248.5(13.60%),P:1e-189	Tpos:287.5,Tstd:187.4,Bpos:248.4,Bstd:151.2,StrandBias:-0.1,Multiplicity:1.26
0.784	0.073	0.001	0.142
0.997	0.001	0.001	0.001
0.819	0.077	0.103	0.001
0.001	0.997	0.001	0.001
0.001	0.997	0.001	0.001
0.967	0.001	0.031	0.001
0.001	0.997	0.001	0.001
0.927	0.001	0.001	0.071
>CATCAAAG	2-CATCAAAG	7.345301	-436.069124	0	T:1016.0(32.28%),B:5629.2(12.25%),P:1e-189	Tpos:287.4,Tstd:200.7,Bpos:247.9,Bstd:152.5,StrandBias:0.0,Multiplicity:1.22
0.031	0.743	0.204	0.022
0.722	0.001	0.003	0.274
0.001	0.001	0.001	0.997
0.015	0.910	0.060	0.015
0.997	0.001	0.001	0.001
0.997	0.001	0.001	0.001
0.997	0.001	0.001	0.001
0.053	0.049	0.897	0.001
>TGAGTCAT	3-TGAGTCAT	7.093802	-330.482762	0	T:782.0(24.85%),B:4250.4(9.25%),P:1e-143	Tpos:269.9,Tstd:176.7,Bpos:245.6,Bstd:149.7,StrandBias:-0.0,Multiplicity:1.17
0.001	0.001	0.001	0.997
0.001	0.001	0.949	0.049
0.997	0.001	0.001	0.001
0.010	0.304	0.669	0.017
0.001	0.001	0.001	0.997
0.039	0.948	0.012	0.001
0.996	0.001	0.002	0.001
0.072	0.089	0.087	0.752
>GGATGTGG	4-GGATGTGG	4.161567	-235.512563	0	T:559.0(17.76%),B:2970.1(6.46%),P:1e-102	Tpos:284.8,Tstd:200.8,Bpos:243.5,Bstd:147.2,StrandBias:0.1,Multiplicity:1.10
0.014	0.001	0.927	0.058
0.001	0.001	0.997	0.001
0.997	0.001	0.001	0.001
0.001	0.001	0.001	0.997
0.001	0.001	0.997	0.001
0.001	0.001	0.001	0.997
0.001	0.001	0.997	0.001
0.001	0.001	0.997	0.001
>AAGTGAAA	5-AAGTGAAA	6.576199	-133.392966	0	T:1194.0(37.94%),B:11450.3(24.92%),P:1e-57	Tpos:289.2,Tstd:207.7,Bpos:244.3,Bstd:152.1,StrandBias:0.1,Multiplicity:1.35
0.835	0.025	0.086	0.054
0.584	0.132	0.219	0.065
0.279	0.117	0.499	0.105
0.094	0.092	0.127	0.687
0.056	0.096	0.810	0.038
0.862	0.014	0.021	0.103
0.795	0.050	0.090	0.065
0.934	0.008	0.029	0.029
>ACTTTCWC	6-ACTTTCWC	7.221990	-121.914833	0	T:929.0(29.52%),B:8371.9(18.22%),P:1e-52	Tpos:283.4,Tstd:226.8,Bpos:247.2,Bstd:152.8,StrandBias:-0.0,Multiplicity:1.16
0.826	0.172	0.001	0.001
0.001	0.739	0.259	0.001
0.001	0.001	0.034	0.964
0.034	0.002	0.001	0.963
0.001	0.369	0.037	0.593
0.001	0.997	0.001	0.001
0.479	0.001	0.152	0.369
0.206	0.457	0.168	0.169
>ACAGGAAG	7-ACAGGAAG	8.945794	-109.169936	0	T:699.0(22.21%),B:5879.1(12.79%),P:1e-47	Tpos:279.9,Tstd:189.1,Bpos:244.4,Bstd:147.8,StrandBias:-0.1,Multiplicity:1.14
0.848	0.001	0.150	0.001
0.001	0.997	0.001	0.001
0.997	0.001	0.001	0.001
0.001	0.001	0.997	0.001
0.001	0.001	0.997	0.001
0.997	0.001	0.001	0.001
0.997	0.001	0.001	0.001
0.203	0.001	0.795	0.001
>AGATCAAA	8-AGATCAAA	7.318412	-100.059339	0	T:857.0(27.23%),B:7930.1(17.26%),P:1e-43	Tpos:276.9,Tstd:207.5,Bpos:243.3,Bstd:150.8,StrandBias:0.0,Multiplicity:1.19
0.974	0.001	0.001	0.024
0.070	0.001	0.895	0.034
0.981	0.017	0.001	0.001
0.141	0.056	0.001	0.802
0.131	0.821	0.001	0.047
0.913	0.001	0.019	0.067
0.837	0.019	0.074	0.070
0.934	0.001	0.064	0.001
>TGTTTTGA	9-TGTTTTGA	7.228120	-90.149639	0	T:591.0(18.78%),B:4972.7(10.82%),P:1e-39	Tpos:278.1,Tstd:201.6,Bpos:246.8,Bstd:154.3,StrandBias:-0.2,Multiplicity:1.11
0.001	0.001	0.001	0.997
0.001	0.140	0.858	0.001
0.128	0.170	0.001	0.701
0.001	0.001	0.001	0.997
0.156	0.001	0.001	0.842
0.001	0.063	0.001	0.935
0.001	0.001	0.997	0.001
0.997	0.001	0.001	0.001
>GGGYGTGG	10-GGGYGTGG	6.301439	-81.998260	0	T:1268.0(40.29%),B:13680.7(29.77%),P:1e-35	Tpos:295.3,Tstd:216.4,Bpos:246.6,Bstd:152.1,StrandBias:0.1,Multiplicity:1.37
0.303	0.001	0.695	0.001
0.001	0.001	0.997	0.001
0.001	0.001	0.997	0.001
0.001	0.510	0.001	0.488
0.001	0.001	0.997	0.001
0.001	0.001	0.256	0.742
0.044	0.001	0.954	0.001
0.097	0.001	0.699	0.203
>GCGGTTTC	11-GCGGTTTC	5.608767	-80.338794	0	T:1038.0(32.98%),B:10680.3(23.24%),P:1e-34	Tpos:297.3,Tstd:232.2,Bpos:245.7,Bstd:151.3,StrandBias:0.1,Multiplicity:1.24
0.001	0.002	0.899	0.098
0.123	0.718	0.148	0.011
0.038	0.001	0.900	0.061
0.215	0.002	0.668	0.115
0.098	0.001	0.109	0.792
0.001	0.051	0.001	0.947
0.265	0.117	0.001	0.617
0.125	0.549	0.172	0.154
>GTGGTTCS	12-GTGGTTCS	7.448486	-73.645033	0	T:246.0(7.82%),B:1546.8(3.37%),P:1e-31	Tpos:273.9,Tstd:181.6,Bpos:240.3,Bstd:155.3,StrandBias:0.5,Multiplicity:1.02
0.001	0.001	0.997	0.001
0.001	0.001	0.001	0.997
0.001	0.001	0.997	0.001
0.001	0.001	0.997	0.001
0.001	0.001	0.001	0.997
0.001	0.001	0.001	0.997
0.058	0.940	0.001	0.001
0.001	0.460	0.538	0.001
>TTGTGGTA	13-TTGTGGTA	7.208539	-71.462146	0	T:378.0(12.01%),B:2917.8(6.35%),P:1e-31	Tpos:280.6,Tstd:210.0,Bpos:245.0,Bstd:152.5,StrandBias:0.0,Multiplicity:1.08
0.001	0.001	0.079	0.919
0.072	0.041	0.001	0.886
0.001	0.001	0.997	0.001
0.001	0.045	0.001	0.953
0.001	0.001	0.997	0.001
0.001	0.001	0.997	0.001
0.001	0.001	0.001	0.997
0.581	0.236	0.182	0.001
>TTTCCGTT	14-TTTCCGTT	5.476299	-71.131762	0	T:1529.0(48.59%),B:17622.6(38.35%),P:1e-30	Tpos:302.0,Tstd:237.5,Bpos:243.4,Bstd:152.3,StrandBias:-0.0,Multiplicity:1.40
0.059	0.135	0.088	0.718
0.083	0.045	0.025	0.847
0.062	0.057	0.038	0.843
0.073	0.693	0.130	0.104
0.115	0.723	0.106	0.056
0.041	0.096	0.717	0.146
0.042	0.168	0.053	0.737
0.062	0.179	0.030	0.729
>CGTGGCTA	15-CGTGGCTA	6.633792	-67.383474	0	T:644.0(20.46%),B:6051.1(13.17%),P:1e-29	Tpos:277.2,Tstd:199.9,Bpos:247.2,Bstd:151.5,StrandBias:-0.0,Multiplicity:1.09
0.001	0.898	0.001	0.100
0.001	0.001	0.997	0.001
0.001	0.001	0.001	0.997
0.001	0.001	0.997	0.001
0.007	0.001	0.991	0.001
0.001	0.687	0.311	0.001
0.001	0.001	0.001	0.997
0.617	0.001	0.381	0.001
>TGACACGT	16-TGACACGT	6.221190	-51.259877	0	T:730.0(23.20%),B:7534.4(16.40%),P:1e-22	Tpos:271.0,Tstd:201.1,Bpos:245.8,Bstd:154.2,StrandBias:0.1,Multiplicity:1.16
0.001	0.004	0.001	0.994
0.128	0.026	0.788	0.058
0.858	0.083	0.001	0.058
0.001	0.950	0.031	0.018
0.975	0.001	0.023	0.001
0.094	0.863	0.042	0.001
0.110	0.148	0.628	0.114
0.008	0.001	0.026	0.965
>CCCCCCCC	17-CCCCCCCC	8.163148	-44.744958	0	T:788.0(25.04%),B:8482.1(18.46%),P:1e-19	Tpos:318.3,Tstd:248.6,Bpos:246.2,Bstd:143.3,StrandBias:-0.1,Multiplicity:1.59
0.001	0.997	0.001	0.001
0.001	0.970	0.001	0.028
0.049	0.839	0.039	0.073
0.070	0.738	0.062	0.130
0.154	0.593	0.149	0.104
0.069	0.904	0.026	0.001
0.044	0.954	0.001	0.001
0.001	0.997	0.001	0.001
>ATGACTGC	18-ATGACTGC	5.388935	-39.156104	0	T:259.0(8.23%),B:2156.5(4.69%),P:1e-17	Tpos:254.4,Tstd:190.8,Bpos:250.0,Bstd:146.9,StrandBias:0.0,Multiplicity:1.15
0.997	0.001	0.001	0.001
0.001	0.001	0.001	0.997
0.001	0.001	0.997	0.001
0.997	0.001	0.001	0.001
0.001	0.997	0.001	0.001
0.001	0.001	0.001	0.997
0.021	0.001	0.977	0.001
0.001	0.836	0.001	0.162
>ATTTGCAT	19-ATTTGCAT	8.236954	-37.270520	0	T:127.0(4.04%),B:810.3(1.76%),P:1e-16	Tpos:302.3,Tstd:231.5,Bpos:253.3,Bstd:144.6,StrandBias:0.1,Multiplicity:1.04
0.700	0.100	0.100	0.100
0.100	0.100	0.100	0.700
0.100	0.100	0.100	0.700
0.100	0.100	0.100	0.700
0.100	0.100	0.700	0.100
0.100	0.700	0.100	0.100
0.700	0.100	0.100	0.100
0.100	0.100	0.100	0.700
>ATGAATCA	20-ATGAATCA	7.461204	-17.170084	0	T:207.0(6.58%),B:2045.0(4.45%),P:1e-7	Tpos:308.9,Tstd:230.9,Bpos:246.3,Bstd:144.9,StrandBias:-0.1,Multiplicity:1.06
0.997	0.001	0.001	0.001
0.001	0.001	0.001	0.997
0.001	0.001	0.997	0.001
0.870	0.128	0.001	0.001
0.794	0.001	0.001	0.204
0.001	0.001	0.001	0.997
0.001	0.997	0.001	0.001
0.825	0.001	0.039	0.135
>TTCTCACC	21-TTCTCACC	9.429425	-16.240369	0	T:146.0(4.64%),B:1346.7(2.93%),P:1e-7	Tpos:321.6,Tstd:219.8,Bpos:245.2,Bstd:151.1,StrandBias:0.3,Multiplicity:1.04
0.001	0.001	0.001	0.997
0.001	0.001	0.001	0.997
0.001	0.997	0.001	0.001
0.001	0.001	0.001	0.997
0.001	0.997	0.001	0.001
0.804	0.001	0.194	0.001
0.001	0.997	0.001	0.001
0.001	0.997	0.001	0.001
