>CCACATCAAA	1-CCACATCAAA	7.506325	-570.473934	0	T:691.0(21.96%),B:2190.9(4.77%),P:1e-247	Tpos:275.1,Tstd:169.7,Bpos:248.6,Bstd:150.1,StrandBias:0.0,Multiplicity:1.09
0.009	0.977	0.008	0.006
0.020	0.978	0.001	0.001
0.989	0.001	0.001	0.009
0.001	0.989	0.001	0.009
0.897	0.001	0.001	0.101
0.094	0.017	0.010	0.879
0.028	0.867	0.080	0.025
0.970	0.001	0.001	0.028
0.829	0.049	0.112	0.010
0.913	0.012	0.025	0.050
>NNAAACCACA	2-NNAAACCACA	7.117975	-392.571927	0	T:1236.0(39.28%),B:8287.6(18.04%),P:1e-170	Tpos:287.5,Tstd:202.5,Bpos:247.4,Bstd:152.3,StrandBias:-0.1,Multiplicity:1.29
0.211	0.281	0.319	0.190
0.284	0.234	0.182	0.300
0.700	0.116	0.026	0.158
0.909	0.088	0.002	0.001
0.775	0.137	0.087	0.001
0.002	0.966	0.031	0.001
0.001	0.968	0.001	0.030
0.903	0.018	0.004	0.075
0.024	0.970	0.005	0.001
0.806	0.062	0.014	0.118
>CTTTSATBTT	3-CTTTSATBTT	7.068404	-383.091187	0	T:1375.0(43.69%),B:9957.7(21.67%),P:1e-166	Tpos:294.9,Tstd:204.7,Bpos:247.6,Bstd:151.3,StrandBias:-0.0,Multiplicity:1.36
0.001	0.754	0.244	0.001
0.001	0.001	0.001	0.997
0.001	0.001	0.001	0.997
0.001	0.001	0.001	0.997
0.001	0.508	0.490	0.001
0.880	0.001	0.106	0.013
0.222	0.221	0.048	0.509
0.083	0.225	0.324	0.368
0.199	0.213	0.057	0.531
0.001	0.256	0.091	0.652
>TGAGTCATAN	4-TGAGTCATAN	8.912864	-323.409010	0	T:489.0(15.54%),B:1855.8(4.04%),P:1e-140	Tpos:260.6,Tstd:163.3,Bpos:246.9,Bstd:147.8,StrandBias:-0.0,Multiplicity:1.09
0.017	0.001	0.001	0.981
0.001	0.001	0.995	0.003
0.997	0.001	0.001	0.001
0.001	0.307	0.691	0.001
0.001	0.001	0.001	0.997
0.001	0.997	0.001	0.001
0.997	0.001	0.001	0.001
0.111	0.118	0.183	0.588
0.529	0.162	0.024	0.285
0.301	0.221	0.181	0.297
>KNTKASTMAN	5-KNTKASTMAN	6.302026	-301.780912	0	T:987.0(31.36%),B:6545.1(14.24%),P:1e-131	Tpos:275.1,Tstd:196.2,Bpos:245.9,Bstd:151.5,StrandBias:0.0,Multiplicity:1.12
0.193	0.105	0.351	0.351
0.258	0.249	0.283	0.210
0.075	0.081	0.056	0.788
0.046	0.050	0.508	0.396
0.796	0.054	0.058	0.092
0.001	0.454	0.384	0.161
0.064	0.059	0.058	0.819
0.386	0.527	0.036	0.051
0.781	0.071	0.096	0.052
0.240	0.278	0.231	0.251
>AGATCAAARG	6-AGATCAAARG	7.294600	-257.310707	0	T:1041.0(33.08%),B:7634.0(16.61%),P:1e-111	Tpos:275.1,Tstd:200.7,Bpos:243.1,Bstd:150.5,StrandBias:-0.0,Multiplicity:1.15
0.623	0.185	0.079	0.113
0.146	0.215	0.638	0.001
0.877	0.010	0.001	0.112
0.191	0.001	0.001	0.807
0.191	0.705	0.093	0.011
0.942	0.001	0.001	0.056
0.774	0.001	0.224	0.001
0.832	0.010	0.157	0.001
0.504	0.047	0.437	0.012
0.120	0.270	0.598	0.012
>AACAGGAAGT	7-AACAGGAAGT	7.799908	-175.717331	0	T:686.0(21.80%),B:4786.5(10.42%),P:1e-76	Tpos:273.3,Tstd:187.9,Bpos:249.1,Bstd:148.6,StrandBias:-0.2,Multiplicity:1.14
0.433	0.180	0.203	0.184
0.676	0.001	0.265	0.058
0.113	0.585	0.243	0.059
0.885	0.060	0.048	0.007
0.027	0.057	0.847	0.069
0.235	0.032	0.729	0.004
0.885	0.077	0.028	0.010
0.690	0.018	0.072	0.220
0.036	0.037	0.920	0.007
0.048	0.206	0.035	0.711
>CGCTTCAAAG	8-CGCTTCAAAG	7.521537	-165.726625	0	T:662.0(21.04%),B:4655.4(10.13%),P:1e-71	Tpos:275.8,Tstd:201.9,Bpos:245.8,Bstd:153.8,StrandBias:0.2,Multiplicity:1.09
0.114	0.691	0.049	0.146
0.180	0.229	0.510	0.081
0.008	0.757	0.092	0.143
0.026	0.149	0.001	0.824
0.103	0.001	0.134	0.762
0.075	0.830	0.001	0.094
0.920	0.003	0.067	0.010
0.856	0.001	0.142	0.001
0.970	0.001	0.028	0.001
0.091	0.025	0.883	0.001
>GGGGAWTTCC	9-GGGGAWTTCC	7.870904	-122.289778	0	T:371.0(11.79%),B:2232.1(4.86%),P:1e-53	Tpos:271.9,Tstd:203.2,Bpos:245.5,Bstd:141.7,StrandBias:-0.1,Multiplicity:1.11
0.001	0.052	0.946	0.001
0.041	0.001	0.957	0.001
0.001	0.038	0.771	0.190
0.299	0.001	0.653	0.047
0.581	0.328	0.045	0.046
0.474	0.001	0.047	0.478
0.346	0.001	0.101	0.552
0.001	0.382	0.001	0.616
0.001	0.914	0.001	0.084
0.001	0.997	0.001	0.001
>GTGAAAGTGA	10-GTGAAAGTGA	8.303021	-120.245911	0	T:357.0(11.34%),B:2121.4(4.62%),P:1e-52	Tpos:277.0,Tstd:209.8,Bpos:243.7,Bstd:151.6,StrandBias:-0.0,Multiplicity:1.04
0.001	0.284	0.634	0.081
0.001	0.212	0.073	0.714
0.001	0.001	0.997	0.001
0.844	0.001	0.001	0.154
0.888	0.001	0.110	0.001
0.937	0.001	0.001	0.061
0.001	0.295	0.703	0.001
0.103	0.152	0.001	0.744
0.132	0.075	0.792	0.001
0.564	0.110	0.123	0.203
>GTTTCCGTTT	11-GTTTCCGTTT	7.340619	-101.693788	0	T:384.0(12.20%),B:2578.0(5.61%),P:1e-44	Tpos:300.6,Tstd:219.8,Bpos:245.6,Bstd:154.8,StrandBias:-0.1,Multiplicity:1.08
0.077	0.074	0.758	0.091
0.039	0.041	0.051	0.869
0.086	0.044	0.065	0.805
0.059	0.023	0.063	0.855
0.053	0.868	0.063	0.016
0.128	0.686	0.113	0.073
0.052	0.070	0.805	0.073
0.068	0.059	0.067	0.806
0.070	0.055	0.075	0.800
0.025	0.168	0.052	0.755
>CTTTGATGTA	12-CTTTGATGTA	8.873710	-93.472438	0	T:187.0(5.94%),B:862.4(1.88%),P:1e-40	Tpos:288.6,Tstd:219.6,Bpos:247.2,Bstd:152.8,StrandBias:0.0,Multiplicity:1.02
0.004	0.810	0.080	0.106
0.001	0.001	0.001	0.997
0.001	0.001	0.038	0.960
0.001	0.001	0.001	0.997
0.007	0.014	0.978	0.001
0.947	0.045	0.001	0.007
0.228	0.001	0.052	0.719
0.053	0.110	0.795	0.042
0.001	0.076	0.001	0.922
0.997	0.001	0.001	0.001
>CTKACCACAA	13-CTKACCACAA	8.653538	-92.959444	0	T:268.0(8.52%),B:1559.9(3.39%),P:1e-40	Tpos:264.1,Tstd:194.5,Bpos:239.9,Bstd:151.8,StrandBias:-0.4,Multiplicity:1.07
0.024	0.711	0.065	0.200
0.099	0.023	0.031	0.847
0.020	0.169	0.331	0.481
0.946	0.040	0.001	0.013
0.034	0.948	0.001	0.017
0.154	0.844	0.001	0.001
0.917	0.001	0.081	0.001
0.029	0.969	0.001	0.001
0.838	0.123	0.001	0.038
0.534	0.119	0.257	0.090
>GAAATGACTG	14-GAAATGACTG	7.066572	-84.994466	0	T:978.0(31.08%),B:9787.2(21.30%),P:1e-36	Tpos:283.6,Tstd:236.1,Bpos:245.9,Bstd:149.7,StrandBias:0.1,Multiplicity:1.21
0.106	0.090	0.737	0.067
0.979	0.019	0.001	0.001
0.540	0.001	0.167	0.292
0.526	0.302	0.171	0.001
0.001	0.001	0.001	0.997
0.001	0.115	0.869	0.015
0.932	0.001	0.017	0.050
0.112	0.598	0.289	0.001
0.414	0.001	0.001	0.584
0.140	0.046	0.765	0.049
>TAACCACAGS	15-TAACCACAGS	8.245955	-63.564479	0	T:324.0(10.30%),B:2460.2(5.35%),P:1e-27	Tpos:270.2,Tstd:214.7,Bpos:247.3,Bstd:150.7,StrandBias:0.1,Multiplicity:1.11
0.017	0.107	0.066	0.810
0.783	0.215	0.001	0.001
0.822	0.001	0.176	0.001
0.001	0.918	0.080	0.001
0.295	0.588	0.109	0.008
0.585	0.001	0.001	0.413
0.001	0.784	0.001	0.214
0.843	0.020	0.136	0.001
0.001	0.001	0.997	0.001
0.220	0.312	0.437	0.031
>TGCGTGGBHK	16-TGCGTGGBHK	7.112268	-53.859833	0	T:268.0(8.52%),B:2014.0(4.38%),P:1e-23	Tpos:288.5,Tstd:221.4,Bpos:244.7,Bstd:160.3,StrandBias:0.0,Multiplicity:1.07
0.076	0.025	0.337	0.562
0.346	0.001	0.652	0.001
0.153	0.534	0.117	0.196
0.022	0.001	0.964	0.013
0.199	0.001	0.001	0.799
0.284	0.004	0.626	0.086
0.001	0.001	0.787	0.211
0.144	0.260	0.345	0.251
0.302	0.256	0.089	0.353
0.081	0.001	0.517	0.401
>NATTTGCATR	17-NATTTGCATR	8.468700	-49.965845	0	T:182.0(5.78%),B:1194.8(2.60%),P:1e-21	Tpos:285.8,Tstd:217.0,Bpos:247.6,Bstd:147.8,StrandBias:0.1,Multiplicity:1.04
0.263	0.171	0.288	0.277
0.705	0.098	0.087	0.110
0.083	0.152	0.031	0.734
0.037	0.110	0.001	0.852
0.051	0.052	0.001	0.896
0.001	0.019	0.979	0.001
0.001	0.997	0.001	0.001
0.861	0.001	0.043	0.095
0.020	0.039	0.002	0.939
0.339	0.199	0.364	0.098
>TGTGGTTCCG	18-TGTGGTTCCG	9.850523	-37.021678	0	T:70.0(2.22%),B:315.3(0.69%),P:1e-16	Tpos:268.0,Tstd:166.5,Bpos:244.2,Bstd:149.9,StrandBias:0.1,Multiplicity:1.00
0.020	0.001	0.037	0.942
0.001	0.001	0.997	0.001
0.001	0.026	0.001	0.972
0.064	0.001	0.871	0.064
0.001	0.012	0.986	0.001
0.078	0.071	0.001	0.850
0.054	0.022	0.001	0.923
0.001	0.997	0.001	0.001
0.066	0.932	0.001	0.001
0.022	0.174	0.541	0.263
>GGGTATGACT	19-GGGTATGACT	6.404373	-34.337454	0	T:938.0(29.81%),B:10860.7(23.64%),P:1e-14	Tpos:280.5,Tstd:205.0,Bpos:247.7,Bstd:146.5,StrandBias:-0.0,Multiplicity:1.26
0.100	0.100	0.700	0.100
0.100	0.100	0.700	0.100
0.100	0.100	0.700	0.100
0.100	0.100	0.100	0.700
0.700	0.100	0.100	0.100
0.100	0.100	0.100	0.700
0.100	0.100	0.700	0.100
0.700	0.100	0.100	0.100
0.100	0.700	0.100	0.100
0.100	0.100	0.100	0.700
>CCCCCCCCCC	20-CCCCCCCCCC	6.404373	-28.020461	0	T:1153.0(36.64%),B:14107.7(30.70%),P:1e-12	Tpos:321.1,Tstd:245.7,Bpos:246.0,Bstd:144.6,StrandBias:-0.0,Multiplicity:1.75
0.100	0.700	0.100	0.100
0.100	0.700	0.100	0.100
0.100	0.700	0.100	0.100
0.100	0.700	0.100	0.100
0.100	0.700	0.100	0.100
0.100	0.700	0.100	0.100
0.100	0.700	0.100	0.100
0.100	0.700	0.100	0.100
0.100	0.700	0.100	0.100
0.100	0.700	0.100	0.100
>CACGCCCTTT	21-CACGCCCTTT	11.582107	-21.630643	0	T:10.0(0.32%),B:8.8(0.02%),P:1e-9	Tpos:257.8,Tstd:143.8,Bpos:266.3,Bstd:121.2,StrandBias:2.3,Multiplicity:1.50
0.001	0.893	0.001	0.105
0.997	0.001	0.001	0.001
0.001	0.997	0.001	0.001
0.001	0.001	0.997	0.001
0.001	0.997	0.001	0.001
0.001	0.997	0.001	0.001
0.001	0.997	0.001	0.001
0.001	0.001	0.001	0.997
0.001	0.001	0.001	0.997
0.001	0.001	0.001	0.997
>TATSGGTTGT	22-TATSGGTTGT	9.044581	-16.468895	0	T:61.0(1.94%),B:417.0(0.91%),P:1e-7	Tpos:240.8,Tstd:162.8,Bpos:237.0,Bstd:140.0,StrandBias:0.4,Multiplicity:1.02
0.001	0.001	0.001	0.997
0.845	0.001	0.153	0.001
0.001	0.001	0.001	0.997
0.176	0.371	0.451	0.001
0.001	0.001	0.997	0.001
0.001	0.001	0.997	0.001
0.001	0.159	0.001	0.839
0.001	0.001	0.059	0.939
0.097	0.001	0.901	0.001
0.117	0.001	0.001	0.881
>GTGCATGTGC	23-GTGCATGTGC	10.424290	-12.314612	0	T:28.0(0.89%),B:152.8(0.33%),P:1e-5	Tpos:259.5,Tstd:176.3,Bpos:258.2,Bstd:158.0,StrandBias:1.1,Multiplicity:1.46
0.001	0.001	0.997	0.001
0.001	0.001	0.001	0.997
0.001	0.421	0.577	0.001
0.001	0.997	0.001	0.001
0.997	0.001	0.001	0.001
0.001	0.001	0.001	0.997
0.001	0.001	0.997	0.001
0.001	0.001	0.001	0.997
0.001	0.057	0.941	0.001
0.001	0.997	0.001	0.001
>TACATGTGCT	24-TACATGTGCT	13.359478	-6.510128	0	T:9.0(0.29%),B:38.9(0.08%),P:1e-2	Tpos:200.9,Tstd:158.6,Bpos:250.9,Bstd:179.9,StrandBias:3.1,Multiplicity:2.11
0.001	0.001	0.001	0.997
0.621	0.229	0.149	0.001
0.001	0.997	0.001	0.001
0.997	0.001	0.001	0.001
0.001	0.001	0.001	0.997
0.001	0.001	0.997	0.001
0.001	0.001	0.001	0.997
0.001	0.001	0.997	0.001
0.001	0.997	0.001	0.001
0.001	0.001	0.001	0.997
>NNNNNNNNNN	25-NNNNNNNNNN	-nan	0.000000	0	T:0.0(0.00%),B:0.0(0.00%),P:1e0	Tpos:0.0,Tstd:0.0,Bpos:0.0,Bstd:0.0,StrandBias:0.0,Multiplicity:1.00
-nan	-nan	-nan	-nan
-nan	-nan	-nan	-nan
-nan	-nan	-nan	-nan
-nan	-nan	-nan	-nan
-nan	-nan	-nan	-nan
-nan	-nan	-nan	-nan
-nan	-nan	-nan	-nan
-nan	-nan	-nan	-nan
-nan	-nan	-nan	-nan
-nan	-nan	-nan	-nan
>CTTTGATGTGGT	1-CTTTGATGTGGT	9.015366	-682.927055	0	T:541.0(17.19%),B:1010.3(2.20%),P:1e-296	Tpos:273.2,Tstd:174.1,Bpos:248.3,Bstd:146.6,StrandBias:0.1,Multiplicity:1.06
0.073	0.492	0.158	0.277
0.088	0.123	0.001	0.788
0.057	0.117	0.061	0.765
0.100	0.001	0.017	0.882
0.070	0.124	0.709	0.097
0.803	0.031	0.011	0.155
0.155	0.011	0.011	0.823
0.053	0.044	0.902	0.001
0.049	0.008	0.001	0.942
0.001	0.001	0.970	0.028
0.052	0.051	0.889	0.008
0.067	0.170	0.183	0.580
>BYCTTTGAWGTY	2-BYCTTTGAWGTY	8.520900	-487.599977	0	T:834.0(26.50%),B:3652.8(7.95%),P:1e-211	Tpos:290.4,Tstd:187.4,Bpos:249.2,Bstd:150.2,StrandBias:-0.1,Multiplicity:1.18
0.150	0.292	0.257	0.301
0.144	0.328	0.188	0.339
0.002	0.722	0.044	0.232
0.001	0.001	0.001	0.997
0.001	0.001	0.001	0.997
0.001	0.001	0.001	0.997
0.001	0.274	0.676	0.049
0.997	0.001	0.001	0.001
0.443	0.001	0.003	0.553
0.004	0.402	0.593	0.001
0.179	0.267	0.090	0.464
0.183	0.270	0.158	0.389
>KYTGTGGTTTNN	3-KYTGTGGTTTNN	8.157773	-409.857280	0	T:906.0(28.79%),B:4791.8(10.43%),P:1e-177	Tpos:285.3,Tstd:192.9,Bpos:246.9,Bstd:149.8,StrandBias:0.1,Multiplicity:1.17
0.122	0.207	0.304	0.368
0.133	0.363	0.160	0.345
0.001	0.001	0.065	0.933
0.001	0.001	0.940	0.058
0.118	0.001	0.001	0.880
0.001	0.001	0.997	0.001
0.001	0.001	0.997	0.001
0.001	0.187	0.169	0.643
0.001	0.148	0.001	0.850
0.299	0.079	0.146	0.476
0.237	0.246	0.230	0.287
0.309	0.225	0.227	0.239
>NNKATGASTCAW	4-NNKATGASTCAW	8.364460	-359.192838	0	T:584.0(18.56%),B:2380.2(5.18%),P:1e-155	Tpos:266.8,Tstd:167.8,Bpos:242.0,Bstd:146.8,StrandBias:-0.0,Multiplicity:1.10
0.314	0.227	0.266	0.193
0.261	0.284	0.201	0.254
0.199	0.123	0.324	0.353
0.394	0.218	0.230	0.158
0.003	0.001	0.001	0.995
0.001	0.001	0.803	0.195
0.997	0.001	0.001	0.001
0.027	0.507	0.427	0.039
0.001	0.001	0.001	0.997
0.115	0.883	0.001	0.001
0.975	0.001	0.001	0.023
0.237	0.220	0.164	0.379
>HNACTTCCTGTN	5-HNACTTCCTGTN	8.550419	-208.733320	0	T:734.0(23.32%),B:4906.6(10.68%),P:1e-90	Tpos:284.8,Tstd:192.7,Bpos:246.9,Bstd:146.9,StrandBias:-0.0,Multiplicity:1.15
0.278	0.416	0.001	0.305
0.256	0.274	0.208	0.262
0.556	0.001	0.380	0.063
0.001	0.623	0.132	0.244
0.272	0.001	0.001	0.726
0.001	0.001	0.001	0.997
0.001	0.902	0.001	0.096
0.001	0.997	0.001	0.001
0.001	0.001	0.001	0.997
0.001	0.238	0.573	0.188
0.028	0.380	0.001	0.591
0.242	0.294	0.217	0.247
>ACTTTCACTTTC	6-ACTTTCACTTTC	7.324374	-179.086542	0	T:639.0(20.31%),B:4262.1(9.28%),P:1e-77	Tpos:283.2,Tstd:201.1,Bpos:241.5,Bstd:151.1,StrandBias:0.1,Multiplicity:1.22
0.701	0.089	0.111	0.099
0.074	0.706	0.113	0.107
0.075	0.074	0.036	0.815
0.071	0.110	0.097	0.722
0.067	0.083	0.075	0.775
0.067	0.765	0.076	0.092
0.753	0.084	0.052	0.111
0.073	0.721	0.097	0.109
0.075	0.071	0.044	0.810
0.055	0.088	0.069	0.788
0.076	0.096	0.073	0.755
0.085	0.685	0.113	0.117
>RGGGAAATCCCC	7-RGGGAAATCCCC	10.145986	-155.420092	0	T:144.0(4.58%),B:318.3(0.69%),P:1e-67	Tpos:273.6,Tstd:194.5,Bpos:255.6,Bstd:138.2,StrandBias:0.3,Multiplicity:1.04
0.306	0.001	0.438	0.255
0.116	0.001	0.802	0.081
0.001	0.001	0.997	0.001
0.138	0.001	0.850	0.011
0.645	0.001	0.353	0.001
0.965	0.033	0.001	0.001
0.798	0.029	0.125	0.048
0.238	0.144	0.153	0.466
0.143	0.596	0.001	0.260
0.116	0.882	0.001	0.001
0.008	0.990	0.001	0.001
0.049	0.822	0.001	0.128
>TSWGATGTGGCT	8-TSWGATGTGGCT	9.622055	-143.918657	0	T:240.0(7.63%),B:965.7(2.10%),P:1e-62	Tpos:312.0,Tstd:201.4,Bpos:249.9,Bstd:150.9,StrandBias:-0.1,Multiplicity:1.05
0.200	0.001	0.001	0.798
0.104	0.470	0.424	0.001
0.546	0.001	0.001	0.452
0.243	0.122	0.634	0.001
0.794	0.010	0.097	0.099
0.095	0.001	0.001	0.903
0.001	0.001	0.997	0.001
0.001	0.001	0.051	0.947
0.019	0.001	0.979	0.001
0.076	0.001	0.790	0.133
0.001	0.589	0.291	0.119
0.243	0.152	0.001	0.604
>GTTTCAGTATGA	9-GTTTCAGTATGA	7.651338	-108.463399	0	T:227.0(7.21%),B:1081.5(2.35%),P:1e-47	Tpos:262.5,Tstd:177.5,Bpos:244.1,Bstd:151.1,StrandBias:0.0,Multiplicity:1.04
0.124	0.221	0.506	0.149
0.103	0.200	0.081	0.616
0.099	0.117	0.071	0.713
0.124	0.006	0.131	0.739
0.146	0.610	0.142	0.102
0.690	0.053	0.053	0.204
0.213	0.123	0.454	0.211
0.246	0.131	0.139	0.484
0.422	0.241	0.101	0.236
0.158	0.002	0.072	0.768
0.135	0.096	0.612	0.157
0.599	0.115	0.103	0.183
>SKTTCRCKTTBV	10-SKTTCRCKTTBV	7.320841	-101.707324	0	T:92.0(2.92%),B:198.1(0.43%),P:1e-44	Tpos:402.6,Tstd:231.0,Bpos:230.7,Bstd:143.9,StrandBias:-0.1,Multiplicity:1.00
0.212	0.393	0.272	0.123
0.151	0.091	0.421	0.337
0.091	0.211	0.151	0.547
0.151	0.031	0.151	0.667
0.091	0.697	0.121	0.091
0.426	0.151	0.391	0.032
0.091	0.786	0.061	0.062
0.091	0.091	0.361	0.457
0.181	0.091	0.151	0.577
0.121	0.061	0.181	0.637
0.121	0.276	0.241	0.361
0.243	0.213	0.361	0.183
>TKACTCATTTCH	11-TKACTCATTTCH	9.683737	-94.620075	0	T:195.0(6.20%),B:918.1(2.00%),P:1e-41	Tpos:263.4,Tstd:185.8,Bpos:240.8,Bstd:141.1,StrandBias:0.2,Multiplicity:1.03
0.343	0.001	0.056	0.600
0.036	0.220	0.425	0.318
0.873	0.001	0.077	0.049
0.088	0.667	0.135	0.110
0.108	0.001	0.001	0.890
0.073	0.925	0.001	0.001
0.948	0.001	0.001	0.050
0.001	0.119	0.244	0.636
0.001	0.075	0.001	0.923
0.001	0.073	0.001	0.925
0.001	0.959	0.001	0.039
0.301	0.321	0.001	0.377
>GCTTTGCTTTGA	12-GCTTTGCTTTGA	9.030418	-67.117617	0	T:267.0(8.48%),B:1825.3(3.97%),P:1e-29	Tpos:276.2,Tstd:196.0,Bpos:245.8,Bstd:153.3,StrandBias:0.0,Multiplicity:1.04
0.103	0.011	0.807	0.079
0.095	0.777	0.079	0.049
0.049	0.050	0.001	0.900
0.088	0.066	0.161	0.685
0.078	0.001	0.052	0.869
0.093	0.058	0.709	0.140
0.065	0.785	0.069	0.081
0.034	0.008	0.001	0.957
0.013	0.179	0.052	0.756
0.025	0.001	0.001	0.973
0.107	0.095	0.797	0.001
0.831	0.109	0.054	0.006
>GAAACCGAAACT	13-GAAACCGAAACT	8.881579	-66.255282	0	T:165.0(5.24%),B:880.1(1.92%),P:1e-28	Tpos:294.3,Tstd:190.1,Bpos:248.4,Bstd:150.9,StrandBias:0.5,Multiplicity:1.04
0.082	0.064	0.827	0.027
0.896	0.054	0.049	0.001
0.826	0.038	0.082	0.054
0.865	0.041	0.001	0.093
0.122	0.808	0.042	0.028
0.093	0.778	0.048	0.081
0.063	0.092	0.763	0.082
0.918	0.054	0.001	0.027
0.862	0.001	0.055	0.082
0.829	0.046	0.063	0.062
0.001	0.815	0.109	0.075
0.078	0.121	0.001	0.800
>CGCCACCCACAC	14-CGCCACCCACAC	9.075538	-44.104487	0	T:241.0(7.66%),B:1876.5(4.08%),P:1e-19	Tpos:267.5,Tstd:187.2,Bpos:248.6,Bstd:155.7,StrandBias:0.0,Multiplicity:1.06
0.098	0.609	0.157	0.136
0.114	0.141	0.641	0.104
0.063	0.815	0.053	0.069
0.037	0.946	0.001	0.016
0.840	0.045	0.049	0.066
0.040	0.806	0.136	0.018
0.046	0.915	0.007	0.032
0.016	0.929	0.037	0.018
0.867	0.095	0.007	0.031
0.029	0.884	0.075	0.012
0.912	0.012	0.009	0.067
0.029	0.842	0.057	0.072
>GGGGGGGGGGGG	15-GGGGGGGGGGGG	8.158120	-40.491692	0	T:612.0(19.45%),B:6360.3(13.84%),P:1e-17	Tpos:312.4,Tstd:240.4,Bpos:244.2,Bstd:141.5,StrandBias:-0.0,Multiplicity:1.29
0.053	0.084	0.838	0.025
0.001	0.053	0.826	0.120
0.113	0.119	0.722	0.046
0.055	0.062	0.639	0.244
0.109	0.001	0.817	0.073
0.059	0.001	0.889	0.051
0.124	0.001	0.821	0.054
0.046	0.030	0.848	0.076
0.094	0.001	0.760	0.145
0.234	0.013	0.684	0.069
0.010	0.024	0.920	0.046
0.114	0.074	0.763	0.049
>GTTTTACTCAGC	16-GTTTTACTCAGC	12.704031	-34.009715	0	T:20.0(0.64%),B:24.9(0.05%),P:1e-14	Tpos:206.6,Tstd:147.1,Bpos:192.7,Bstd:119.1,StrandBias:0.6,Multiplicity:1.00
0.079	0.001	0.841	0.079
0.079	0.079	0.001	0.841
0.078	0.001	0.001	0.920
0.001	0.078	0.001	0.920
0.001	0.059	0.001	0.939
0.908	0.001	0.049	0.042
0.078	0.920	0.001	0.001
0.001	0.001	0.001	0.997
0.001	0.920	0.078	0.001
0.997	0.001	0.001	0.001
0.078	0.001	0.920	0.001
0.001	0.920	0.078	0.001
>GTACAGTGGTTT	17-GTACAGTGGTTT	12.911477	-33.844963	0	T:19.0(0.60%),B:21.7(0.05%),P:1e-14	Tpos:269.1,Tstd:208.5,Bpos:267.9,Bstd:143.1,StrandBias:-0.5,Multiplicity:1.00
0.048	0.063	0.826	0.063
0.033	0.029	0.001	0.937
0.856	0.001	0.001	0.142
0.062	0.936	0.001	0.001
0.997	0.001	0.001	0.001
0.001	0.001	0.997	0.001
0.063	0.063	0.001	0.873
0.001	0.001	0.997	0.001
0.062	0.001	0.936	0.001
0.001	0.110	0.001	0.888
0.062	0.001	0.001	0.936
0.063	0.001	0.063	0.873
>TAGTCATAACAA	18-TAGTCATAACAA	12.965339	-33.836457	0	T:18.0(0.57%),B:18.3(0.04%),P:1e-14	Tpos:271.1,Tstd:184.7,Bpos:227.8,Bstd:136.1,StrandBias:-0.2,Multiplicity:1.06
0.001	0.074	0.001	0.924
0.997	0.001	0.001	0.001
0.075	0.057	0.793	0.075
0.001	0.001	0.074	0.924
0.001	0.997	0.001	0.001
0.997	0.001	0.001	0.001
0.047	0.075	0.075	0.803
0.775	0.075	0.075	0.075
0.924	0.074	0.001	0.001
0.001	0.997	0.001	0.001
0.924	0.001	0.001	0.074
0.997	0.001	0.001	0.001
>GTGACGTCAGAG	19-GTGACGTCAGAG	12.840928	-30.790028	0	T:19.0(0.60%),B:25.5(0.06%),P:1e-13	Tpos:271.6,Tstd:145.7,Bpos:249.4,Bstd:187.9,StrandBias:0.2,Multiplicity:1.00
0.001	0.001	0.997	0.001
0.001	0.001	0.001	0.997
0.001	0.001	0.842	0.156
0.820	0.020	0.159	0.001
0.001	0.997	0.001	0.001
0.001	0.001	0.635	0.363
0.001	0.001	0.001	0.997
0.156	0.816	0.001	0.027
0.687	0.001	0.156	0.156
0.001	0.001	0.997	0.001
0.650	0.001	0.193	0.156
0.001	0.156	0.842	0.001
>GTTGCYATRGCA	20-GTTGCYATRGCA	11.027395	-28.275810	0	T:45.0(1.43%),B:181.0(0.39%),P:1e-12	Tpos:225.5,Tstd:155.0,Bpos:241.3,Bstd:131.5,StrandBias:-0.4,Multiplicity:1.00
0.001	0.120	0.878	0.001
0.001	0.001	0.001	0.997
0.076	0.059	0.037	0.828
0.001	0.001	0.879	0.119
0.001	0.997	0.001	0.001
0.001	0.571	0.001	0.427
0.894	0.001	0.001	0.104
0.059	0.233	0.001	0.707
0.515	0.001	0.483	0.001
0.001	0.001	0.997	0.001
0.090	0.872	0.001	0.037
0.898	0.037	0.001	0.064
>CCACGCCCTTTG	21-CCACGCCCTTTG	14.081855	-22.729073	0	T:6.0(0.19%),B:1.9(0.00%),P:1e-9	Tpos:252.2,Tstd:140.3,Bpos:156.5,Bstd:166.8,StrandBias:1.2,Multiplicity:1.67
0.001	0.997	0.001	0.001
0.001	0.997	0.001	0.001
0.997	0.001	0.001	0.001
0.001	0.997	0.001	0.001
0.001	0.001	0.997	0.001
0.001	0.997	0.001	0.001
0.001	0.997	0.001	0.001
0.001	0.997	0.001	0.001
0.001	0.001	0.001	0.997
0.001	0.001	0.087	0.911
0.001	0.001	0.001	0.997
0.088	0.001	0.823	0.088
>CCTGAGGTGAAT	22-CCTGAGGTGAAT	6.517702	-22.132488	0	T:1141.0(36.26%),B:14263.0(31.04%),P:1e-9	Tpos:289.0,Tstd:214.7,Bpos:244.3,Bstd:146.8,StrandBias:0.0,Multiplicity:1.29
0.100	0.700	0.100	0.100
0.100	0.700	0.100	0.100
0.100	0.100	0.100	0.700
0.100	0.100	0.700	0.100
0.700	0.100	0.100	0.100
0.100	0.100	0.700	0.100
0.100	0.100	0.700	0.100
0.100	0.100	0.100	0.700
0.100	0.100	0.700	0.100
0.700	0.100	0.100	0.100
0.700	0.100	0.100	0.100
0.100	0.100	0.100	0.700
>TATCAACCAACC	23-TATCAACCAACC	10.302978	-15.130059	0	T:23.0(0.73%),B:93.1(0.20%),P:1e-6	Tpos:260.1,Tstd:180.4,Bpos:242.2,Bstd:133.4,StrandBias:1.2,Multiplicity:1.30
0.067	0.033	0.001	0.899
0.769	0.099	0.066	0.066
0.001	0.131	0.066	0.802
0.066	0.802	0.033	0.099
0.901	0.033	0.033	0.033
0.736	0.099	0.033	0.132
0.033	0.965	0.001	0.001
0.001	0.966	0.032	0.001
0.835	0.098	0.001	0.066
0.770	0.001	0.098	0.131
0.066	0.736	0.066	0.132
0.033	0.834	0.099	0.034
>ATGTGCTGGGTA	24-ATGTGCTGGGTA	16.587368	-13.958950	0	T:4.0(0.13%),B:1.7(0.00%),P:1e-6	Tpos:165.1,Tstd:110.6,Bpos:244.5,Bstd:111.6,StrandBias:10.0,Multiplicity:9.00
0.997	0.001	0.001	0.001
0.001	0.001	0.001	0.997
0.013	0.001	0.985	0.001
0.001	0.001	0.001	0.997
0.001	0.001	0.997	0.001
0.001	0.997	0.001	0.001
0.001	0.001	0.001	0.997
0.001	0.001	0.997	0.001
0.001	0.001	0.997	0.001
0.001	0.001	0.997	0.001
0.001	0.001	0.001	0.997
0.997	0.001	0.001	0.001
>CCTGTGATGCAG	25-CCTGTGATGCAG	12.355432	-5.262010	0	T:3.0(0.10%),B:5.3(0.01%),P:1e-2	Tpos:258.6,Tstd:89.1,Bpos:236.0,Bstd:102.3,StrandBias:-1.6,Multiplicity:2.67
0.100	0.700	0.100	0.100
0.100	0.700	0.100	0.100
0.100	0.100	0.100	0.700
0.100	0.100	0.700	0.100
0.100	0.100	0.100	0.700
0.100	0.100	0.700	0.100
0.700	0.100	0.100	0.100
0.100	0.100	0.100	0.700
0.100	0.100	0.700	0.100
0.100	0.700	0.100	0.100
0.700	0.100	0.100	0.100
0.100	0.100	0.700	0.100
>AAACCACA	1-AAACCACA	7.085749	-436.925780	0	T:1080.0(34.32%),B:6248.5(13.60%),P:1e-189	Tpos:287.5,Tstd:187.4,Bpos:248.4,Bstd:151.2,StrandBias:-0.1,Multiplicity:1.26
0.784	0.073	0.001	0.142
0.997	0.001	0.001	0.001
0.819	0.077	0.103	0.001
0.001	0.997	0.001	0.001
0.001	0.997	0.001	0.001
0.967	0.001	0.031	0.001
0.001	0.997	0.001	0.001
0.927	0.001	0.001	0.071
>CATCAAAG	2-CATCAAAG	7.345301	-436.069124	0	T:1016.0(32.28%),B:5629.2(12.25%),P:1e-189	Tpos:287.4,Tstd:200.7,Bpos:247.9,Bstd:152.5,StrandBias:0.0,Multiplicity:1.22
0.031	0.743	0.204	0.022
0.722	0.001	0.003	0.274
0.001	0.001	0.001	0.997
0.015	0.910	0.060	0.015
0.997	0.001	0.001	0.001
0.997	0.001	0.001	0.001
0.997	0.001	0.001	0.001
0.053	0.049	0.897	0.001
>TGAGTCAT	3-TGAGTCAT	7.093802	-330.482762	0	T:782.0(24.85%),B:4250.4(9.25%),P:1e-143	Tpos:269.9,Tstd:176.7,Bpos:245.6,Bstd:149.7,StrandBias:-0.0,Multiplicity:1.17
0.001	0.001	0.001	0.997
0.001	0.001	0.949	0.049
0.997	0.001	0.001	0.001
0.010	0.304	0.669	0.017
0.001	0.001	0.001	0.997
0.039	0.948	0.012	0.001
0.996	0.001	0.002	0.001
0.072	0.089	0.087	0.752
>GGATGTGG	4-GGATGTGG	4.161567	-235.512563	0	T:559.0(17.76%),B:2970.1(6.46%),P:1e-102	Tpos:284.8,Tstd:200.8,Bpos:243.5,Bstd:147.2,StrandBias:0.1,Multiplicity:1.10
0.014	0.001	0.927	0.058
0.001	0.001	0.997	0.001
0.997	0.001	0.001	0.001
0.001	0.001	0.001	0.997
0.001	0.001	0.997	0.001
0.001	0.001	0.001	0.997
0.001	0.001	0.997	0.001
0.001	0.001	0.997	0.001
>AAGTGAAA	5-AAGTGAAA	6.576199	-133.392966	0	T:1194.0(37.94%),B:11450.3(24.92%),P:1e-57	Tpos:289.2,Tstd:207.7,Bpos:244.3,Bstd:152.1,StrandBias:0.1,Multiplicity:1.35
0.835	0.025	0.086	0.054
0.584	0.132	0.219	0.065
0.279	0.117	0.499	0.105
0.094	0.092	0.127	0.687
0.056	0.096	0.810	0.038
0.862	0.014	0.021	0.103
0.795	0.050	0.090	0.065
0.934	0.008	0.029	0.029
>ACTTTCWC	6-ACTTTCWC	7.221990	-121.914833	0	T:929.0(29.52%),B:8371.9(18.22%),P:1e-52	Tpos:283.4,Tstd:226.8,Bpos:247.2,Bstd:152.8,StrandBias:-0.0,Multiplicity:1.16
0.826	0.172	0.001	0.001
0.001	0.739	0.259	0.001
0.001	0.001	0.034	0.964
0.034	0.002	0.001	0.963
0.001	0.369	0.037	0.593
0.001	0.997	0.001	0.001
0.479	0.001	0.152	0.369
0.206	0.457	0.168	0.169
>ACAGGAAG	7-ACAGGAAG	8.945794	-109.169936	0	T:699.0(22.21%),B:5879.1(12.79%),P:1e-47	Tpos:279.9,Tstd:189.1,Bpos:244.4,Bstd:147.8,StrandBias:-0.1,Multiplicity:1.14
0.848	0.001	0.150	0.001
0.001	0.997	0.001	0.001
0.997	0.001	0.001	0.001
0.001	0.001	0.997	0.001
0.001	0.001	0.997	0.001
0.997	0.001	0.001	0.001
0.997	0.001	0.001	0.001
0.203	0.001	0.795	0.001
>AGATCAAA	8-AGATCAAA	7.318412	-100.059339	0	T:857.0(27.23%),B:7930.1(17.26%),P:1e-43	Tpos:276.9,Tstd:207.5,Bpos:243.3,Bstd:150.8,StrandBias:0.0,Multiplicity:1.19
0.974	0.001	0.001	0.024
0.070	0.001	0.895	0.034
0.981	0.017	0.001	0.001
0.141	0.056	0.001	0.802
0.131	0.821	0.001	0.047
0.913	0.001	0.019	0.067
0.837	0.019	0.074	0.070
0.934	0.001	0.064	0.001
>TGTTTTGA	9-TGTTTTGA	7.228120	-90.149639	0	T:591.0(18.78%),B:4972.7(10.82%),P:1e-39	Tpos:278.1,Tstd:201.6,Bpos:246.8,Bstd:154.3,StrandBias:-0.2,Multiplicity:1.11
0.001	0.001	0.001	0.997
0.001	0.140	0.858	0.001
0.128	0.170	0.001	0.701
0.001	0.001	0.001	0.997
0.156	0.001	0.001	0.842
0.001	0.063	0.001	0.935
0.001	0.001	0.997	0.001
0.997	0.001	0.001	0.001
>GGGYGTGG	10-GGGYGTGG	6.301439	-81.998260	0	T:1268.0(40.29%),B:13680.7(29.77%),P:1e-35	Tpos:295.3,Tstd:216.4,Bpos:246.6,Bstd:152.1,StrandBias:0.1,Multiplicity:1.37
0.303	0.001	0.695	0.001
0.001	0.001	0.997	0.001
0.001	0.001	0.997	0.001
0.001	0.510	0.001	0.488
0.001	0.001	0.997	0.001
0.001	0.001	0.256	0.742
0.044	0.001	0.954	0.001
0.097	0.001	0.699	0.203
>GCGGTTTC	11-GCGGTTTC	5.608767	-80.338794	0	T:1038.0(32.98%),B:10680.3(23.24%),P:1e-34	Tpos:297.3,Tstd:232.2,Bpos:245.7,Bstd:151.3,StrandBias:0.1,Multiplicity:1.24
0.001	0.002	0.899	0.098
0.123	0.718	0.148	0.011
0.038	0.001	0.900	0.061
0.215	0.002	0.668	0.115
0.098	0.001	0.109	0.792
0.001	0.051	0.001	0.947
0.265	0.117	0.001	0.617
0.125	0.549	0.172	0.154
>GTGGTTCS	12-GTGGTTCS	7.448486	-73.645033	0	T:246.0(7.82%),B:1546.8(3.37%),P:1e-31	Tpos:273.9,Tstd:181.6,Bpos:240.3,Bstd:155.3,StrandBias:0.5,Multiplicity:1.02
0.001	0.001	0.997	0.001
0.001	0.001	0.001	0.997
0.001	0.001	0.997	0.001
0.001	0.001	0.997	0.001
0.001	0.001	0.001	0.997
0.001	0.001	0.001	0.997
0.058	0.940	0.001	0.001
0.001	0.460	0.538	0.001
>TTGTGGTA	13-TTGTGGTA	7.208539	-71.462146	0	T:378.0(12.01%),B:2917.8(6.35%),P:1e-31	Tpos:280.6,Tstd:210.0,Bpos:245.0,Bstd:152.5,StrandBias:0.0,Multiplicity:1.08
0.001	0.001	0.079	0.919
0.072	0.041	0.001	0.886
0.001	0.001	0.997	0.001
0.001	0.045	0.001	0.953
0.001	0.001	0.997	0.001
0.001	0.001	0.997	0.001
0.001	0.001	0.001	0.997
0.581	0.236	0.182	0.001
>TTTCCGTT	14-TTTCCGTT	5.476299	-71.131762	0	T:1529.0(48.59%),B:17622.6(38.35%),P:1e-30	Tpos:302.0,Tstd:237.5,Bpos:243.4,Bstd:152.3,StrandBias:-0.0,Multiplicity:1.40
0.059	0.135	0.088	0.718
0.083	0.045	0.025	0.847
0.062	0.057	0.038	0.843
0.073	0.693	0.130	0.104
0.115	0.723	0.106	0.056
0.041	0.096	0.717	0.146
0.042	0.168	0.053	0.737
0.062	0.179	0.030	0.729
>CGTGGCTA	15-CGTGGCTA	6.633792	-67.383474	0	T:644.0(20.46%),B:6051.1(13.17%),P:1e-29	Tpos:277.2,Tstd:199.9,Bpos:247.2,Bstd:151.5,StrandBias:-0.0,Multiplicity:1.09
0.001	0.898	0.001	0.100
0.001	0.001	0.997	0.001
0.001	0.001	0.001	0.997
0.001	0.001	0.997	0.001
0.007	0.001	0.991	0.001
0.001	0.687	0.311	0.001
0.001	0.001	0.001	0.997
0.617	0.001	0.381	0.001
>TGACACGT	16-TGACACGT	6.221190	-51.259877	0	T:730.0(23.20%),B:7534.4(16.40%),P:1e-22	Tpos:271.0,Tstd:201.1,Bpos:245.8,Bstd:154.2,StrandBias:0.1,Multiplicity:1.16
0.001	0.004	0.001	0.994
0.128	0.026	0.788	0.058
0.858	0.083	0.001	0.058
0.001	0.950	0.031	0.018
0.975	0.001	0.023	0.001
0.094	0.863	0.042	0.001
0.110	0.148	0.628	0.114
0.008	0.001	0.026	0.965
>CCCCCCCC	17-CCCCCCCC	8.163148	-44.744958	0	T:788.0(25.04%),B:8482.1(18.46%),P:1e-19	Tpos:318.3,Tstd:248.6,Bpos:246.2,Bstd:143.3,StrandBias:-0.1,Multiplicity:1.59
0.001	0.997	0.001	0.001
0.001	0.970	0.001	0.028
0.049	0.839	0.039	0.073
0.070	0.738	0.062	0.130
0.154	0.593	0.149	0.104
0.069	0.904	0.026	0.001
0.044	0.954	0.001	0.001
0.001	0.997	0.001	0.001
>ATGACTGC	18-ATGACTGC	5.388935	-39.156104	0	T:259.0(8.23%),B:2156.5(4.69%),P:1e-17	Tpos:254.4,Tstd:190.8,Bpos:250.0,Bstd:146.9,StrandBias:0.0,Multiplicity:1.15
0.997	0.001	0.001	0.001
0.001	0.001	0.001	0.997
0.001	0.001	0.997	0.001
0.997	0.001	0.001	0.001
0.001	0.997	0.001	0.001
0.001	0.001	0.001	0.997
0.021	0.001	0.977	0.001
0.001	0.836	0.001	0.162
>ATTTGCAT	19-ATTTGCAT	8.236954	-37.270520	0	T:127.0(4.04%),B:810.3(1.76%),P:1e-16	Tpos:302.3,Tstd:231.5,Bpos:253.3,Bstd:144.6,StrandBias:0.1,Multiplicity:1.04
0.700	0.100	0.100	0.100
0.100	0.100	0.100	0.700
0.100	0.100	0.100	0.700
0.100	0.100	0.100	0.700
0.100	0.100	0.700	0.100
0.100	0.700	0.100	0.100
0.700	0.100	0.100	0.100
0.100	0.100	0.100	0.700
>ATGAATCA	20-ATGAATCA	7.461204	-17.170084	0	T:207.0(6.58%),B:2045.0(4.45%),P:1e-7	Tpos:308.9,Tstd:230.9,Bpos:246.3,Bstd:144.9,StrandBias:-0.1,Multiplicity:1.06
0.997	0.001	0.001	0.001
0.001	0.001	0.001	0.997
0.001	0.001	0.997	0.001
0.870	0.128	0.001	0.001
0.794	0.001	0.001	0.204
0.001	0.001	0.001	0.997
0.001	0.997	0.001	0.001
0.825	0.001	0.039	0.135
>TTCTCACC	21-TTCTCACC	9.429425	-16.240369	0	T:146.0(4.64%),B:1346.7(2.93%),P:1e-7	Tpos:321.6,Tstd:219.8,Bpos:245.2,Bstd:151.1,StrandBias:0.3,Multiplicity:1.04
0.001	0.001	0.001	0.997
0.001	0.001	0.001	0.997
0.001	0.997	0.001	0.001
0.001	0.001	0.001	0.997
0.001	0.997	0.001	0.001
0.804	0.001	0.194	0.001
0.001	0.997	0.001	0.001
0.001	0.997	0.001	0.001
