>CTTTGATGTBNN	1-CTTTGATGTBNN	7.736492	-1011.913875	0	T:1875.0(30.56%),B:4227.0(9.87%),P:1e-439	Tpos:276.4,Tstd:186.9,Bpos:252.5,Bstd:154.8,StrandBias:-0.1,Multiplicity:1.22
0.046	0.740	0.065	0.149
0.031	0.076	0.001	0.892
0.011	0.080	0.051	0.858
0.001	0.001	0.001	0.997
0.058	0.178	0.700	0.064
0.905	0.001	0.001	0.093
0.374	0.001	0.001	0.624
0.001	0.361	0.585	0.053
0.144	0.107	0.045	0.704
0.138	0.223	0.317	0.322
0.253	0.200	0.277	0.269
0.225	0.267	0.203	0.305
>RTGASTCABMNN	2-RTGASTCABMNN	5.952748	-664.238042	0	T:1429.0(23.29%),B:3464.6(8.09%),P:1e-288	Tpos:266.9,Tstd:184.8,Bpos:247.6,Bstd:150.3,StrandBias:0.0,Multiplicity:1.20
0.425	0.255	0.300	0.020
0.001	0.001	0.001	0.997
0.001	0.001	0.997	0.001
0.997	0.001	0.001	0.001
0.006	0.511	0.476	0.007
0.004	0.001	0.001	0.994
0.026	0.972	0.001	0.001
0.995	0.001	0.001	0.003
0.130	0.284	0.276	0.310
0.373	0.255	0.149	0.223
0.289	0.198	0.275	0.237
0.216	0.261	0.218	0.305
>BRCTTCCTGTBN	3-BRCTTCCTGTBN	7.844612	-587.107530	0	T:2214.0(36.08%),B:7593.5(17.73%),P:1e-254	Tpos:281.9,Tstd:203.0,Bpos:248.9,Bstd:148.0,StrandBias:-0.0,Multiplicity:1.24
0.189	0.365	0.217	0.229
0.478	0.061	0.388	0.073
0.001	0.558	0.076	0.365
0.187	0.062	0.001	0.750
0.001	0.001	0.001	0.997
0.001	0.955	0.001	0.043
0.001	0.997	0.001	0.001
0.001	0.001	0.001	0.997
0.042	0.224	0.552	0.182
0.021	0.240	0.080	0.659
0.145	0.270	0.246	0.339
0.231	0.225	0.200	0.344
>TYTGATGTGGTT	4-TYTGATGTGGTT	8.373934	-499.215741	0	T:1024.0(16.69%),B:2346.1(5.48%),P:1e-216	Tpos:272.0,Tstd:178.6,Bpos:246.8,Bstd:147.6,StrandBias:0.0,Multiplicity:1.08
0.259	0.155	0.098	0.488
0.111	0.367	0.115	0.407
0.283	0.001	0.063	0.653
0.080	0.159	0.629	0.132
0.512	0.109	0.100	0.279
0.091	0.001	0.014	0.894
0.001	0.013	0.979	0.007
0.001	0.001	0.003	0.995
0.014	0.001	0.984	0.001
0.001	0.007	0.948	0.044
0.004	0.222	0.183	0.591
0.181	0.148	0.044	0.627
>ATCTTCAAAGGC	5-ATCTTCAAAGGC	7.524843	-301.444445	0	T:1692.0(27.57%),B:6576.4(15.36%),P:1e-130	Tpos:290.1,Tstd:212.9,Bpos:248.9,Bstd:153.6,StrandBias:-0.0,Multiplicity:1.16
0.400	0.123	0.229	0.248
0.186	0.125	0.224	0.466
0.093	0.563	0.118	0.226
0.051	0.028	0.001	0.920
0.046	0.006	0.144	0.804
0.019	0.888	0.056	0.037
0.965	0.001	0.001	0.033
0.797	0.003	0.199	0.001
0.997	0.001	0.001	0.001
0.300	0.001	0.625	0.074
0.216	0.170	0.577	0.037
0.252	0.457	0.183	0.109
>CTGTGGTTANAA	6-CTGTGGTTANAA	6.313259	-248.421593	0	T:557.0(9.08%),B:1322.4(3.09%),P:1e-107	Tpos:278.9,Tstd:197.2,Bpos:248.9,Bstd:151.2,StrandBias:0.0,Multiplicity:1.02
0.079	0.449	0.181	0.291
0.001	0.001	0.001	0.997
0.001	0.001	0.997	0.001
0.001	0.001	0.001	0.997
0.001	0.001	0.997	0.001
0.001	0.001	0.997	0.001
0.001	0.001	0.001	0.997
0.001	0.001	0.001	0.997
0.984	0.001	0.001	0.014
0.259	0.202	0.343	0.197
0.387	0.204	0.220	0.188
0.471	0.126	0.184	0.220
>STKATTTGCATA	7-STKATTTGCATA	9.113829	-234.388813	0	T:424.0(6.91%),B:860.7(2.01%),P:1e-101	Tpos:272.6,Tstd:181.4,Bpos:251.3,Bstd:145.2,StrandBias:-0.0,Multiplicity:1.06
0.160	0.267	0.402	0.171
0.248	0.094	0.089	0.569
0.169	0.206	0.377	0.248
0.788	0.066	0.101	0.045
0.001	0.009	0.001	0.989
0.001	0.037	0.001	0.961
0.009	0.001	0.001	0.989
0.063	0.001	0.935	0.001
0.019	0.979	0.001	0.001
0.980	0.018	0.001	0.001
0.029	0.019	0.038	0.914
0.631	0.110	0.172	0.087
>TGTGTGGGAGGN	8-TGTGTGGGAGGN	7.974141	-219.893998	0	T:477.0(7.77%),B:1104.0(2.58%),P:1e-95	Tpos:268.3,Tstd:189.8,Bpos:248.5,Bstd:147.8,StrandBias:-0.1,Multiplicity:1.05
0.302	0.062	0.001	0.635
0.001	0.001	0.997	0.001
0.133	0.101	0.001	0.765
0.001	0.001	0.997	0.001
0.003	0.001	0.001	0.995
0.232	0.001	0.766	0.001
0.001	0.001	0.997	0.001
0.001	0.001	0.997	0.001
0.540	0.110	0.001	0.349
0.001	0.001	0.970	0.028
0.001	0.001	0.750	0.248
0.311	0.256	0.224	0.209
>GGAAAMWATGAB	9-GGAAAMWATGAB	9.081004	-185.468361	0	T:534.0(8.70%),B:1472.1(3.44%),P:1e-80	Tpos:277.0,Tstd:189.9,Bpos:257.4,Bstd:150.6,StrandBias:-0.1,Multiplicity:1.04
0.001	0.001	0.995	0.003
0.007	0.001	0.991	0.001
0.991	0.007	0.001	0.001
0.991	0.001	0.007	0.001
0.923	0.055	0.021	0.001
0.372	0.324	0.203	0.101
0.382	0.078	0.096	0.444
0.395	0.224	0.194	0.187
0.001	0.102	0.001	0.896
0.011	0.174	0.497	0.318
0.791	0.127	0.001	0.081
0.108	0.328	0.352	0.212
>AMAAAACCACAR	10-AMAAAACCACAR	10.142828	-137.658528	0	T:212.0(3.46%),B:376.7(0.88%),P:1e-59	Tpos:289.6,Tstd:204.3,Bpos:245.5,Bstd:159.7,StrandBias:0.2,Multiplicity:1.01
0.629	0.105	0.190	0.076
0.342	0.415	0.242	0.001
0.773	0.181	0.045	0.001
0.997	0.001	0.001	0.001
0.997	0.001	0.001	0.001
0.997	0.001	0.001	0.001
0.001	0.997	0.001	0.001
0.001	0.997	0.001	0.001
0.997	0.001	0.001	0.001
0.001	0.997	0.001	0.001
0.997	0.001	0.001	0.001
0.466	0.001	0.532	0.001
>TGCAATGGAAAC	11-TGCAATGGAAAC	8.472267	-136.694057	0	T:463.0(7.55%),B:1387.9(3.24%),P:1e-59	Tpos:284.2,Tstd:221.2,Bpos:249.3,Bstd:145.5,StrandBias:-0.2,Multiplicity:1.03
0.275	0.036	0.175	0.514
0.225	0.046	0.540	0.189
0.167	0.434	0.169	0.230
0.468	0.217	0.044	0.270
0.559	0.132	0.250	0.059
0.044	0.037	0.039	0.880
0.067	0.006	0.889	0.038
0.035	0.140	0.782	0.043
0.690	0.224	0.046	0.040
0.912	0.017	0.041	0.030
0.879	0.035	0.050	0.036
0.247	0.426	0.182	0.145
>GGGGAAAHCCCC	12-GGGGAAAHCCCC	9.280519	-132.681089	0	T:320.0(5.22%),B:790.3(1.85%),P:1e-57	Tpos:289.1,Tstd:195.4,Bpos:242.7,Bstd:137.8,StrandBias:0.2,Multiplicity:1.06
0.161	0.013	0.492	0.333
0.047	0.007	0.837	0.109
0.028	0.001	0.970	0.001
0.398	0.042	0.553	0.007
0.786	0.001	0.207	0.006
0.954	0.036	0.009	0.001
0.585	0.093	0.198	0.124
0.304	0.323	0.065	0.307
0.053	0.765	0.013	0.169
0.082	0.877	0.001	0.040
0.059	0.916	0.001	0.024
0.240	0.520	0.020	0.220
>GGGGGGGGGGGG	13-GGGGGGGGGGGG	6.750988	-119.088201	0	T:1771.0(28.86%),B:8850.0(20.67%),P:1e-51	Tpos:315.9,Tstd:233.7,Bpos:248.7,Bstd:143.5,StrandBias:0.1,Multiplicity:1.40
0.057	0.045	0.858	0.040
0.037	0.057	0.851	0.055
0.042	0.048	0.838	0.072
0.060	0.052	0.811	0.077
0.052	0.050	0.809	0.089
0.038	0.044	0.816	0.102
0.053	0.022	0.838	0.087
0.043	0.054	0.832	0.071
0.070	0.061	0.823	0.046
0.073	0.035	0.825	0.067
0.047	0.035	0.855	0.063
0.060	0.047	0.845	0.048
>AGTTTCACTTTC	14-AGTTTCACTTTC	9.191008	-105.572704	0	T:366.0(5.96%),B:1107.8(2.59%),P:1e-45	Tpos:285.7,Tstd:200.4,Bpos:247.1,Bstd:155.6,StrandBias:0.2,Multiplicity:1.06
0.809	0.008	0.106	0.077
0.055	0.098	0.761	0.086
0.053	0.018	0.017	0.912
0.034	0.046	0.074	0.846
0.080	0.014	0.044	0.862
0.089	0.771	0.019	0.121
0.818	0.042	0.064	0.076
0.017	0.856	0.091	0.036
0.077	0.068	0.001	0.854
0.007	0.093	0.046	0.854
0.047	0.010	0.001	0.942
0.096	0.713	0.081	0.110
>TTCTGAGTCACT	15-TTCTGAGTCACT	8.899895	-77.353332	0	T:356.0(5.80%),B:1224.3(2.86%),P:1e-33	Tpos:281.9,Tstd:200.9,Bpos:243.6,Bstd:151.2,StrandBias:-0.1,Multiplicity:1.02
0.117	0.028	0.040	0.815
0.017	0.077	0.072	0.834
0.045	0.775	0.082	0.098
0.015	0.017	0.039	0.929
0.105	0.095	0.772	0.028
0.826	0.034	0.084	0.056
0.092	0.001	0.791	0.116
0.020	0.048	0.093	0.839
0.095	0.752	0.072	0.081
0.859	0.089	0.027	0.025
0.040	0.843	0.105	0.012
0.034	0.001	0.001	0.964
>CCASTAGRTGGC	16-CCASTAGRTGGC	11.182372	-70.594345	0	T:81.0(1.32%),B:110.6(0.26%),P:1e-30	Tpos:268.6,Tstd:273.2,Bpos:268.5,Bstd:145.9,StrandBias:0.1,Multiplicity:1.02
0.001	0.997	0.001	0.001
0.001	0.997	0.001	0.001
0.950	0.001	0.001	0.048
0.001	0.437	0.349	0.213
0.001	0.001	0.133	0.865
0.818	0.001	0.084	0.097
0.001	0.096	0.902	0.001
0.480	0.001	0.518	0.001
0.001	0.001	0.388	0.610
0.096	0.001	0.902	0.001
0.001	0.001	0.846	0.152
0.185	0.470	0.147	0.198
>STTTSATTTCTK	17-STTTSATTTCTK	10.220864	-64.285430	0	T:317.0(5.17%),B:1121.2(2.62%),P:1e-27	Tpos:277.8,Tstd:227.7,Bpos:251.5,Bstd:151.8,StrandBias:0.0,Multiplicity:1.02
0.086	0.482	0.431	0.001
0.015	0.001	0.073	0.911
0.019	0.028	0.001	0.952
0.004	0.001	0.015	0.980
0.070	0.398	0.531	0.001
0.496	0.204	0.001	0.298
0.116	0.089	0.077	0.718
0.076	0.127	0.001	0.796
0.001	0.001	0.001	0.997
0.001	0.906	0.092	0.001
0.094	0.080	0.001	0.825
0.001	0.001	0.445	0.553
>CCCCCTGCTGGC	18-CCCCCTGCTGGC	12.355432	-47.954740	0	T:13.0(0.21%),B:1.6(0.00%),P:1e-20	Tpos:274.2,Tstd:223.3,Bpos:246.4,Bstd:56.7,StrandBias:-0.2,Multiplicity:1.00
0.100	0.700	0.100	0.100
0.100	0.700	0.100	0.100
0.100	0.700	0.100	0.100
0.100	0.700	0.100	0.100
0.100	0.700	0.100	0.100
0.100	0.100	0.100	0.700
0.100	0.100	0.700	0.100
0.100	0.700	0.100	0.100
0.100	0.100	0.100	0.700
0.100	0.100	0.700	0.100
0.100	0.100	0.700	0.100
0.100	0.700	0.100	0.100
>TTGCTAAGCAAC	19-TTGCTAAGCAAC	9.392134	-38.618072	0	T:137.0(2.23%),B:423.5(0.99%),P:1e-16	Tpos:286.6,Tstd:184.6,Bpos:240.6,Bstd:154.1,StrandBias:-0.1,Multiplicity:1.02
0.031	0.083	0.023	0.863
0.047	0.034	0.028	0.891
0.090	0.031	0.830	0.049
0.046	0.865	0.035	0.054
0.059	0.113	0.008	0.820
0.722	0.079	0.079	0.120
0.884	0.011	0.070	0.035
0.034	0.068	0.818	0.080
0.037	0.841	0.053	0.069
0.909	0.023	0.011	0.057
0.779	0.063	0.070	0.088
0.081	0.784	0.057	0.078
>MCTCTCAGTCTA	20-MCTCTCAGTCTA	11.920372	-29.002874	0	T:42.0(0.68%),B:74.8(0.17%),P:1e-12	Tpos:317.4,Tstd:195.1,Bpos:203.8,Bstd:117.0,StrandBias:-0.7,Multiplicity:1.00
0.514	0.405	0.080	0.001
0.001	0.997	0.001	0.001
0.001	0.244	0.001	0.754
0.001	0.997	0.001	0.001
0.001	0.001	0.001	0.997
0.242	0.756	0.001	0.001
0.997	0.001	0.001	0.001
0.001	0.080	0.839	0.080
0.079	0.001	0.001	0.919
0.001	0.893	0.001	0.105
0.001	0.001	0.001	0.997
0.600	0.001	0.185	0.214
>AAAGGGAWGCTG	21-AAAGGGAWGCTG	10.513571	-27.365661	0	T:129.0(2.10%),B:454.2(1.06%),P:1e-11	Tpos:316.3,Tstd:223.0,Bpos:240.1,Bstd:142.9,StrandBias:0.4,Multiplicity:1.01
0.656	0.128	0.197	0.019
0.773	0.155	0.001	0.071
0.869	0.106	0.001	0.024
0.367	0.046	0.576	0.011
0.001	0.001	0.822	0.176
0.001	0.001	0.997	0.001
0.567	0.155	0.001	0.277
0.497	0.036	0.086	0.382
0.001	0.001	0.997	0.001
0.001	0.679	0.046	0.274
0.001	0.001	0.001	0.997
0.018	0.001	0.921	0.060
>TCACAACAGCAG	22-TCACAACAGCAG	13.947254	-24.156958	0	T:11.0(0.18%),B:4.1(0.01%),P:1e-10	Tpos:180.4,Tstd:132.2,Bpos:324.0,Bstd:85.9,StrandBias:2.2,Multiplicity:1.10
0.001	0.076	0.001	0.922
0.001	0.997	0.001	0.001
0.997	0.001	0.001	0.001
0.001	0.997	0.001	0.001
0.997	0.001	0.001	0.001
0.997	0.001	0.001	0.001
0.001	0.997	0.001	0.001
0.922	0.001	0.076	0.001
0.001	0.001	0.997	0.001
0.001	0.997	0.001	0.001
0.997	0.001	0.001	0.001
0.001	0.001	0.997	0.001
>GTGATGTTACCA	23-GTGATGTTACCA	13.065702	-8.405879	0	T:4.0(0.07%),B:2.5(0.01%),P:1e-3	Tpos:214.5,Tstd:116.5,Bpos:292.8,Bstd:13.5,StrandBias:4.2,Multiplicity:4.75
0.001	0.001	0.997	0.001
0.001	0.032	0.001	0.966
0.001	0.001	0.966	0.032
0.997	0.001	0.001	0.001
0.001	0.001	0.001	0.997
0.001	0.001	0.997	0.001
0.001	0.001	0.001	0.997
0.001	0.001	0.001	0.997
0.966	0.001	0.032	0.001
0.001	0.997	0.001	0.001
0.001	0.997	0.001	0.001
0.966	0.001	0.032	0.001
>CATGTGCTGGGT	24-CATGTGCTGGGT	12.355432	-5.754651	0	T:3.0(0.05%),B:2.4(0.01%),P:1e-2	Tpos:163.9,Tstd:110.1,Bpos:101.3,Bstd:73.1,StrandBias:10.0,Multiplicity:12.00
0.100	0.700	0.100	0.100
0.700	0.100	0.100	0.100
0.100	0.100	0.100	0.700
0.100	0.100	0.700	0.100
0.100	0.100	0.100	0.700
0.100	0.100	0.700	0.100
0.100	0.700	0.100	0.100
0.100	0.100	0.100	0.700
0.100	0.100	0.700	0.100
0.100	0.100	0.700	0.100
0.100	0.100	0.700	0.100
0.100	0.100	0.100	0.700
>ACTGCATGTGTT	25-ACTGCATGTGTT	13.683711	-5.754651	0	T:3.0(0.05%),B:2.6(0.01%),P:1e-2	Tpos:552.6,Tstd:331.5,Bpos:227.7,Bstd:168.4,StrandBias:5.2,Multiplicity:12.67
0.997	0.001	0.001	0.001
0.001	0.997	0.001	0.001
0.001	0.001	0.001	0.997
0.054	0.001	0.944	0.001
0.001	0.997	0.001	0.001
0.997	0.001	0.001	0.001
0.001	0.001	0.001	0.997
0.001	0.001	0.997	0.001
0.001	0.001	0.001	0.997
0.001	0.001	0.997	0.001
0.001	0.001	0.001	0.997
0.001	0.001	0.001	0.997
