>MACATCAAAG	1-MACATCAAAG	7.346289	-1040.982375	0	T:2090.0(34.06%),B:5059.5(11.82%),P:1e-452	Tpos:277.8,Tstd:190.1,Bpos:250.3,Bstd:154.9,StrandBias:0.1,Multiplicity:1.25
0.273	0.393	0.208	0.126
0.796	0.030	0.070	0.104
0.041	0.668	0.263	0.028
0.690	0.009	0.030	0.271
0.053	0.001	0.002	0.944
0.015	0.851	0.099	0.035
0.947	0.001	0.012	0.040
0.942	0.003	0.043	0.012
0.933	0.009	0.037	0.021
0.094	0.063	0.839	0.004
>TGAGTCATYK	2-TGAGTCATYK	7.658823	-655.808976	0	T:1183.0(19.28%),B:2496.6(5.83%),P:1e-284	Tpos:266.4,Tstd:179.9,Bpos:249.0,Bstd:150.2,StrandBias:0.0,Multiplicity:1.17
0.001	0.001	0.001	0.997
0.001	0.001	0.997	0.001
0.997	0.001	0.001	0.001
0.001	0.322	0.676	0.001
0.001	0.001	0.001	0.997
0.001	0.997	0.001	0.001
0.997	0.001	0.001	0.001
0.001	0.311	0.050	0.638
0.222	0.409	0.063	0.305
0.179	0.159	0.347	0.315
>CACTTCCTGT	3-CACTTCCTGT	8.062328	-553.016254	0	T:1670.0(27.22%),B:5000.9(11.68%),P:1e-240	Tpos:287.8,Tstd:208.8,Bpos:247.9,Bstd:147.7,StrandBias:-0.0,Multiplicity:1.17
0.113	0.606	0.174	0.107
0.703	0.001	0.295	0.001
0.001	0.614	0.001	0.384
0.157	0.001	0.001	0.841
0.001	0.001	0.001	0.997
0.001	0.997	0.001	0.001
0.001	0.997	0.001	0.001
0.001	0.001	0.001	0.997
0.001	0.160	0.742	0.097
0.001	0.350	0.001	0.648
>CYTTTGATST	4-CYTTTGATST	6.351476	-529.537745	0	T:3196.0(52.09%),B:13719.6(32.04%),P:1e-229	Tpos:287.6,Tstd:214.2,Bpos:249.1,Bstd:151.9,StrandBias:0.0,Multiplicity:1.36
0.001	0.630	0.004	0.365
0.021	0.429	0.243	0.306
0.001	0.005	0.001	0.993
0.001	0.156	0.070	0.773
0.001	0.001	0.001	0.997
0.001	0.100	0.761	0.138
0.899	0.028	0.001	0.072
0.380	0.001	0.018	0.601
0.088	0.386	0.518	0.008
0.162	0.127	0.053	0.658
>YGAAACCACA	5-YGAAACCACA	8.301982	-359.296799	0	T:935.0(15.24%),B:2478.4(5.79%),P:1e-156	Tpos:282.3,Tstd:192.3,Bpos:248.1,Bstd:150.4,StrandBias:-0.1,Multiplicity:1.09
0.193	0.381	0.156	0.271
0.187	0.172	0.519	0.122
0.621	0.001	0.001	0.377
0.997	0.001	0.001	0.001
0.971	0.011	0.017	0.001
0.001	0.997	0.001	0.001
0.001	0.997	0.001	0.001
0.957	0.001	0.001	0.041
0.014	0.984	0.001	0.001
0.657	0.007	0.147	0.189
>MCRCCCACRC	6-MCRCCCACRC	7.723526	-279.062666	0	T:860.0(14.02%),B:2493.5(5.82%),P:1e-121	Tpos:285.8,Tstd:200.7,Bpos:248.8,Bstd:151.6,StrandBias:-0.1,Multiplicity:1.06
0.342	0.460	0.042	0.156
0.158	0.795	0.006	0.041
0.378	0.016	0.408	0.198
0.010	0.933	0.028	0.029
0.001	0.790	0.168	0.041
0.001	0.597	0.001	0.401
0.951	0.001	0.047	0.001
0.025	0.809	0.129	0.037
0.384	0.094	0.411	0.112
0.001	0.488	0.279	0.232
>ATGGAAACTA	7-ATGGAAACTA	5.502720	-271.563601	0	T:1267.0(20.65%),B:4516.3(10.55%),P:1e-117	Tpos:279.7,Tstd:206.2,Bpos:249.1,Bstd:148.9,StrandBias:-0.1,Multiplicity:1.14
0.781	0.001	0.217	0.001
0.001	0.261	0.001	0.737
0.001	0.001	0.997	0.001
0.001	0.001	0.997	0.001
0.997	0.001	0.001	0.001
0.997	0.001	0.001	0.001
0.997	0.001	0.001	0.001
0.132	0.654	0.097	0.117
0.202	0.001	0.001	0.796
0.631	0.077	0.146	0.146
>GATTTGCATA	8-GATTTGCATA	7.601966	-226.303694	0	T:493.0(8.03%),B:1145.8(2.68%),P:1e-98	Tpos:263.3,Tstd:183.8,Bpos:245.2,Bstd:147.7,StrandBias:-0.0,Multiplicity:1.08
0.184	0.191	0.452	0.173
0.893	0.036	0.009	0.062
0.001	0.001	0.001	0.997
0.001	0.013	0.001	0.985
0.001	0.001	0.001	0.997
0.013	0.001	0.985	0.001
0.010	0.988	0.001	0.001
0.982	0.007	0.010	0.001
0.001	0.001	0.001	0.997
0.883	0.012	0.042	0.063
>GCTTTGAAAN	9-GCTTTGAAAN	4.904633	-146.759891	0	T:1196.0(19.49%),B:5113.6(11.94%),P:1e-63	Tpos:288.2,Tstd:215.3,Bpos:249.9,Bstd:155.4,StrandBias:0.0,Multiplicity:1.09
0.001	0.279	0.719	0.001
0.001	0.997	0.001	0.001
0.001	0.001	0.001	0.997
0.001	0.001	0.001	0.997
0.001	0.001	0.001	0.997
0.001	0.001	0.914	0.084
0.997	0.001	0.001	0.001
0.899	0.099	0.001	0.001
0.709	0.001	0.210	0.080
0.240	0.285	0.304	0.170
>GGAAAGYCCC	10-GGAAAGYCCC	7.775275	-136.481451	0	T:294.0(4.79%),B:674.1(1.57%),P:1e-59	Tpos:285.4,Tstd:188.5,Bpos:248.9,Bstd:143.5,StrandBias:0.1,Multiplicity:1.06
0.001	0.001	0.997	0.001
0.001	0.001	0.997	0.001
0.670	0.001	0.328	0.001
0.997	0.001	0.001	0.001
0.997	0.001	0.001	0.001
0.331	0.026	0.629	0.014
0.001	0.505	0.001	0.493
0.001	0.997	0.001	0.001
0.001	0.997	0.001	0.001
0.001	0.997	0.001	0.001
>GAGGAAACCG	11-GAGGAAACCG	6.088997	-129.616411	0	T:2452.0(39.96%),B:13018.8(30.40%),P:1e-56	Tpos:288.2,Tstd:222.0,Bpos:250.6,Bstd:150.9,StrandBias:0.0,Multiplicity:1.26
0.154	0.212	0.508	0.126
0.914	0.027	0.033	0.026
0.020	0.149	0.678	0.153
0.053	0.132	0.578	0.237
0.604	0.222	0.016	0.158
0.951	0.006	0.035	0.008
0.828	0.012	0.143	0.017
0.048	0.721	0.225	0.006
0.211	0.666	0.020	0.103
0.155	0.072	0.683	0.090
>STTTCACTTY	12-STTTCACTTY	6.486163	-124.425334	0	T:595.0(9.70%),B:2087.9(4.88%),P:1e-54	Tpos:302.5,Tstd:208.0,Bpos:249.1,Bstd:153.9,StrandBias:0.2,Multiplicity:1.11
0.146	0.371	0.290	0.192
0.077	0.085	0.090	0.748
0.087	0.129	0.156	0.628
0.128	0.158	0.068	0.646
0.121	0.540	0.197	0.142
0.497	0.198	0.131	0.174
0.115	0.454	0.188	0.243
0.143	0.130	0.094	0.633
0.129	0.111	0.119	0.641
0.175	0.243	0.210	0.372
>GGTTTCCTCT	13-GGTTTCCTCT	7.499959	-123.747842	0	T:1338.0(21.81%),B:6175.8(14.42%),P:1e-53	Tpos:301.9,Tstd:241.9,Bpos:244.1,Bstd:150.9,StrandBias:0.1,Multiplicity:1.06
0.017	0.095	0.872	0.016
0.124	0.001	0.680	0.195
0.001	0.190	0.124	0.685
0.092	0.001	0.001	0.906
0.001	0.001	0.201	0.797
0.001	0.823	0.068	0.108
0.187	0.736	0.016	0.061
0.147	0.099	0.053	0.701
0.001	0.799	0.029	0.171
0.001	0.001	0.001	0.997
>AAAACAACCG	14-AAAACAACCG	5.157153	-101.162719	0	T:2563.0(41.77%),B:14221.0(33.21%),P:1e-43	Tpos:289.4,Tstd:222.8,Bpos:250.5,Bstd:156.6,StrandBias:0.0,Multiplicity:1.32
0.661	0.092	0.112	0.135
0.731	0.067	0.090	0.112
0.731	0.098	0.087	0.084
0.682	0.092	0.142	0.084
0.148	0.680	0.089	0.083
0.729	0.123	0.038	0.110
0.671	0.110	0.129	0.090
0.104	0.749	0.100	0.047
0.128	0.676	0.093	0.103
0.093	0.120	0.689	0.098
>GATTAGTCAT	15-GATTAGTCAT	8.719159	-100.583536	0	T:200.0(3.26%),B:434.7(1.02%),P:1e-43	Tpos:274.6,Tstd:217.1,Bpos:253.9,Bstd:142.4,StrandBias:0.2,Multiplicity:1.05
0.221	0.001	0.670	0.108
0.755	0.180	0.046	0.019
0.001	0.002	0.001	0.996
0.001	0.015	0.001	0.983
0.943	0.031	0.001	0.025
0.001	0.066	0.919	0.014
0.001	0.002	0.001	0.996
0.020	0.978	0.001	0.001
0.997	0.001	0.001	0.001
0.014	0.040	0.109	0.837
>TGACGCAGCT	16-TGACGCAGCT	6.872989	-99.817109	0	T:1248.0(20.34%),B:5935.9(13.86%),P:1e-43	Tpos:292.5,Tstd:221.7,Bpos:249.4,Bstd:156.0,StrandBias:0.0,Multiplicity:1.12
0.095	0.102	0.040	0.763
0.061	0.072	0.776	0.091
0.833	0.045	0.066	0.056
0.125	0.675	0.141	0.059
0.064	0.033	0.802	0.101
0.040	0.856	0.040	0.064
0.820	0.034	0.046	0.100
0.053	0.068	0.812	0.067
0.041	0.863	0.069	0.027
0.070	0.085	0.037	0.808
>GGGGGGGGGG	17-GGGGGGGGGG	6.404373	-96.300048	0	T:2493.0(40.63%),B:13845.8(32.33%),P:1e-41	Tpos:322.0,Tstd:239.7,Bpos:249.1,Bstd:147.3,StrandBias:0.1,Multiplicity:1.83
0.100	0.100	0.700	0.100
0.100	0.100	0.700	0.100
0.100	0.100	0.700	0.100
0.100	0.100	0.700	0.100
0.100	0.100	0.700	0.100
0.100	0.100	0.700	0.100
0.100	0.100	0.700	0.100
0.100	0.100	0.700	0.100
0.100	0.100	0.700	0.100
0.100	0.100	0.700	0.100
>CTCTTTRAAS	18-CTCTTTRAAS	7.527529	-85.075203	0	T:432.0(7.04%),B:1546.1(3.61%),P:1e-36	Tpos:296.1,Tstd:242.0,Bpos:250.4,Bstd:155.8,StrandBias:0.3,Multiplicity:1.02
0.047	0.779	0.131	0.043
0.130	0.066	0.059	0.745
0.048	0.623	0.310	0.019
0.336	0.088	0.029	0.547
0.180	0.091	0.263	0.465
0.162	0.031	0.021	0.786
0.484	0.052	0.400	0.064
0.567	0.384	0.015	0.034
0.668	0.027	0.233	0.072
0.225	0.262	0.385	0.128
>ACGTGTCATA	19-ACGTGTCATA	7.831278	-73.166307	0	T:433.0(7.06%),B:1640.4(3.83%),P:1e-31	Tpos:281.7,Tstd:194.4,Bpos:245.3,Bstd:151.0,StrandBias:-0.2,Multiplicity:1.06
0.914	0.022	0.028	0.036
0.061	0.661	0.112	0.166
0.075	0.178	0.746	0.001
0.041	0.064	0.001	0.894
0.001	0.059	0.890	0.050
0.159	0.008	0.058	0.775
0.001	0.865	0.125	0.009
0.884	0.015	0.100	0.001
0.022	0.149	0.314	0.515
0.601	0.331	0.003	0.065
>TCAGATGTGG	20-TCAGATGTGG	10.831361	-56.995948	0	T:142.0(2.31%),B:360.5(0.84%),P:1e-24	Tpos:282.2,Tstd:216.6,Bpos:246.8,Bstd:154.6,StrandBias:-0.2,Multiplicity:1.02
0.150	0.001	0.001	0.848
0.103	0.793	0.001	0.103
0.997	0.001	0.001	0.001
0.001	0.001	0.997	0.001
0.918	0.001	0.001	0.080
0.001	0.001	0.001	0.997
0.001	0.001	0.997	0.001
0.001	0.001	0.001	0.997
0.001	0.001	0.997	0.001
0.001	0.085	0.913	0.001
>GTTRCYAYGG	21-GTTRCYAYGG	8.594395	-50.680022	0	T:204.0(3.32%),B:664.2(1.55%),P:1e-22	Tpos:251.7,Tstd:183.0,Bpos:244.7,Bstd:152.8,StrandBias:-0.1,Multiplicity:1.01
0.160	0.001	0.838	0.001
0.001	0.001	0.001	0.997
0.104	0.070	0.001	0.825
0.560	0.001	0.438	0.001
0.143	0.855	0.001	0.001
0.001	0.491	0.001	0.507
0.892	0.027	0.080	0.001
0.085	0.515	0.001	0.399
0.181	0.249	0.569	0.001
0.047	0.341	0.611	0.001
>TGTGGGTTTT	22-TGTGGGTTTT	10.024233	-43.040665	0	T:246.0(4.01%),B:922.8(2.15%),P:1e-18	Tpos:272.8,Tstd:198.4,Bpos:248.2,Bstd:155.1,StrandBias:-0.0,Multiplicity:1.02
0.001	0.001	0.001	0.997
0.001	0.001	0.997	0.001
0.001	0.001	0.001	0.997
0.001	0.001	0.997	0.001
0.279	0.001	0.719	0.001
0.001	0.001	0.997	0.001
0.001	0.001	0.241	0.757
0.001	0.001	0.001	0.997
0.001	0.077	0.190	0.732
0.080	0.249	0.055	0.616
>ACAGTCACGC	23-ACAGTCACGC	10.296193	-21.196450	0	T:10.0(0.16%),B:5.0(0.01%),P:1e-9	Tpos:245.7,Tstd:147.7,Bpos:312.5,Bstd:87.4,StrandBias:-0.3,Multiplicity:1.00
0.700	0.100	0.100	0.100
0.100	0.700	0.100	0.100
0.700	0.100	0.100	0.100
0.100	0.100	0.700	0.100
0.100	0.100	0.100	0.700
0.100	0.700	0.100	0.100
0.700	0.100	0.100	0.100
0.100	0.700	0.100	0.100
0.100	0.100	0.700	0.100
0.100	0.700	0.100	0.100
>GTCATACCCA	24-GTCATACCCA	6.404373	-13.534701	0	T:1715.0(27.95%),B:10837.4(25.31%),P:1e-5	Tpos:279.3,Tstd:217.4,Bpos:248.2,Bstd:147.4,StrandBias:-0.0,Multiplicity:1.21
0.100	0.100	0.700	0.100
0.100	0.100	0.100	0.700
0.100	0.700	0.100	0.100
0.700	0.100	0.100	0.100
0.100	0.100	0.100	0.700
0.700	0.100	0.100	0.100
0.100	0.700	0.100	0.100
0.100	0.700	0.100	0.100
0.100	0.700	0.100	0.100
0.700	0.100	0.100	0.100
>ACGTGCAGTG	25-ACGTGCAGTG	9.941138	-12.861532	0	T:38.0(0.62%),B:113.6(0.27%),P:1e-5	Tpos:439.2,Tstd:305.2,Bpos:257.9,Bstd:146.3,StrandBias:-1.7,Multiplicity:1.86
0.997	0.001	0.001	0.001
0.001	0.997	0.001	0.001
0.159	0.001	0.839	0.001
0.001	0.153	0.001	0.845
0.001	0.001	0.997	0.001
0.001	0.997	0.001	0.001
0.759	0.001	0.239	0.001
0.144	0.001	0.738	0.117
0.001	0.001	0.001	0.997
0.001	0.001	0.824	0.174
>CTTTGATGTBNN	1-CTTTGATGTBNN	7.736492	-1011.913875	0	T:1875.0(30.56%),B:4227.0(9.87%),P:1e-439	Tpos:276.4,Tstd:186.9,Bpos:252.5,Bstd:154.8,StrandBias:-0.1,Multiplicity:1.22
0.046	0.740	0.065	0.149
0.031	0.076	0.001	0.892
0.011	0.080	0.051	0.858
0.001	0.001	0.001	0.997
0.058	0.178	0.700	0.064
0.905	0.001	0.001	0.093
0.374	0.001	0.001	0.624
0.001	0.361	0.585	0.053
0.144	0.107	0.045	0.704
0.138	0.223	0.317	0.322
0.253	0.200	0.277	0.269
0.225	0.267	0.203	0.305
>RTGASTCABMNN	2-RTGASTCABMNN	5.952748	-664.238042	0	T:1429.0(23.29%),B:3464.6(8.09%),P:1e-288	Tpos:266.9,Tstd:184.8,Bpos:247.6,Bstd:150.3,StrandBias:0.0,Multiplicity:1.20
0.425	0.255	0.300	0.020
0.001	0.001	0.001	0.997
0.001	0.001	0.997	0.001
0.997	0.001	0.001	0.001
0.006	0.511	0.476	0.007
0.004	0.001	0.001	0.994
0.026	0.972	0.001	0.001
0.995	0.001	0.001	0.003
0.130	0.284	0.276	0.310
0.373	0.255	0.149	0.223
0.289	0.198	0.275	0.237
0.216	0.261	0.218	0.305
>BRCTTCCTGTBN	3-BRCTTCCTGTBN	7.844612	-587.107530	0	T:2214.0(36.08%),B:7593.5(17.73%),P:1e-254	Tpos:281.9,Tstd:203.0,Bpos:248.9,Bstd:148.0,StrandBias:-0.0,Multiplicity:1.24
0.189	0.365	0.217	0.229
0.478	0.061	0.388	0.073
0.001	0.558	0.076	0.365
0.187	0.062	0.001	0.750
0.001	0.001	0.001	0.997
0.001	0.955	0.001	0.043
0.001	0.997	0.001	0.001
0.001	0.001	0.001	0.997
0.042	0.224	0.552	0.182
0.021	0.240	0.080	0.659
0.145	0.270	0.246	0.339
0.231	0.225	0.200	0.344
>TYTGATGTGGTT	4-TYTGATGTGGTT	8.373934	-499.215741	0	T:1024.0(16.69%),B:2346.1(5.48%),P:1e-216	Tpos:272.0,Tstd:178.6,Bpos:246.8,Bstd:147.6,StrandBias:0.0,Multiplicity:1.08
0.259	0.155	0.098	0.488
0.111	0.367	0.115	0.407
0.283	0.001	0.063	0.653
0.080	0.159	0.629	0.132
0.512	0.109	0.100	0.279
0.091	0.001	0.014	0.894
0.001	0.013	0.979	0.007
0.001	0.001	0.003	0.995
0.014	0.001	0.984	0.001
0.001	0.007	0.948	0.044
0.004	0.222	0.183	0.591
0.181	0.148	0.044	0.627
>ATCTTCAAAGGC	5-ATCTTCAAAGGC	7.524843	-301.444445	0	T:1692.0(27.57%),B:6576.4(15.36%),P:1e-130	Tpos:290.1,Tstd:212.9,Bpos:248.9,Bstd:153.6,StrandBias:-0.0,Multiplicity:1.16
0.400	0.123	0.229	0.248
0.186	0.125	0.224	0.466
0.093	0.563	0.118	0.226
0.051	0.028	0.001	0.920
0.046	0.006	0.144	0.804
0.019	0.888	0.056	0.037
0.965	0.001	0.001	0.033
0.797	0.003	0.199	0.001
0.997	0.001	0.001	0.001
0.300	0.001	0.625	0.074
0.216	0.170	0.577	0.037
0.252	0.457	0.183	0.109
>CTGTGGTTANAA	6-CTGTGGTTANAA	6.313259	-248.421593	0	T:557.0(9.08%),B:1322.4(3.09%),P:1e-107	Tpos:278.9,Tstd:197.2,Bpos:248.9,Bstd:151.2,StrandBias:0.0,Multiplicity:1.02
0.079	0.449	0.181	0.291
0.001	0.001	0.001	0.997
0.001	0.001	0.997	0.001
0.001	0.001	0.001	0.997
0.001	0.001	0.997	0.001
0.001	0.001	0.997	0.001
0.001	0.001	0.001	0.997
0.001	0.001	0.001	0.997
0.984	0.001	0.001	0.014
0.259	0.202	0.343	0.197
0.387	0.204	0.220	0.188
0.471	0.126	0.184	0.220
>STKATTTGCATA	7-STKATTTGCATA	9.113829	-234.388813	0	T:424.0(6.91%),B:860.7(2.01%),P:1e-101	Tpos:272.6,Tstd:181.4,Bpos:251.3,Bstd:145.2,StrandBias:-0.0,Multiplicity:1.06
0.160	0.267	0.402	0.171
0.248	0.094	0.089	0.569
0.169	0.206	0.377	0.248
0.788	0.066	0.101	0.045
0.001	0.009	0.001	0.989
0.001	0.037	0.001	0.961
0.009	0.001	0.001	0.989
0.063	0.001	0.935	0.001
0.019	0.979	0.001	0.001
0.980	0.018	0.001	0.001
0.029	0.019	0.038	0.914
0.631	0.110	0.172	0.087
>TGTGTGGGAGGN	8-TGTGTGGGAGGN	7.974141	-219.893998	0	T:477.0(7.77%),B:1104.0(2.58%),P:1e-95	Tpos:268.3,Tstd:189.8,Bpos:248.5,Bstd:147.8,StrandBias:-0.1,Multiplicity:1.05
0.302	0.062	0.001	0.635
0.001	0.001	0.997	0.001
0.133	0.101	0.001	0.765
0.001	0.001	0.997	0.001
0.003	0.001	0.001	0.995
0.232	0.001	0.766	0.001
0.001	0.001	0.997	0.001
0.001	0.001	0.997	0.001
0.540	0.110	0.001	0.349
0.001	0.001	0.970	0.028
0.001	0.001	0.750	0.248
0.311	0.256	0.224	0.209
>GGAAAMWATGAB	9-GGAAAMWATGAB	9.081004	-185.468361	0	T:534.0(8.70%),B:1472.1(3.44%),P:1e-80	Tpos:277.0,Tstd:189.9,Bpos:257.4,Bstd:150.6,StrandBias:-0.1,Multiplicity:1.04
0.001	0.001	0.995	0.003
0.007	0.001	0.991	0.001
0.991	0.007	0.001	0.001
0.991	0.001	0.007	0.001
0.923	0.055	0.021	0.001
0.372	0.324	0.203	0.101
0.382	0.078	0.096	0.444
0.395	0.224	0.194	0.187
0.001	0.102	0.001	0.896
0.011	0.174	0.497	0.318
0.791	0.127	0.001	0.081
0.108	0.328	0.352	0.212
>AMAAAACCACAR	10-AMAAAACCACAR	10.142828	-137.658528	0	T:212.0(3.46%),B:376.7(0.88%),P:1e-59	Tpos:289.6,Tstd:204.3,Bpos:245.5,Bstd:159.7,StrandBias:0.2,Multiplicity:1.01
0.629	0.105	0.190	0.076
0.342	0.415	0.242	0.001
0.773	0.181	0.045	0.001
0.997	0.001	0.001	0.001
0.997	0.001	0.001	0.001
0.997	0.001	0.001	0.001
0.001	0.997	0.001	0.001
0.001	0.997	0.001	0.001
0.997	0.001	0.001	0.001
0.001	0.997	0.001	0.001
0.997	0.001	0.001	0.001
0.466	0.001	0.532	0.001
>TGCAATGGAAAC	11-TGCAATGGAAAC	8.472267	-136.694057	0	T:463.0(7.55%),B:1387.9(3.24%),P:1e-59	Tpos:284.2,Tstd:221.2,Bpos:249.3,Bstd:145.5,StrandBias:-0.2,Multiplicity:1.03
0.275	0.036	0.175	0.514
0.225	0.046	0.540	0.189
0.167	0.434	0.169	0.230
0.468	0.217	0.044	0.270
0.559	0.132	0.250	0.059
0.044	0.037	0.039	0.880
0.067	0.006	0.889	0.038
0.035	0.140	0.782	0.043
0.690	0.224	0.046	0.040
0.912	0.017	0.041	0.030
0.879	0.035	0.050	0.036
0.247	0.426	0.182	0.145
>GGGGAAAHCCCC	12-GGGGAAAHCCCC	9.280519	-132.681089	0	T:320.0(5.22%),B:790.3(1.85%),P:1e-57	Tpos:289.1,Tstd:195.4,Bpos:242.7,Bstd:137.8,StrandBias:0.2,Multiplicity:1.06
0.161	0.013	0.492	0.333
0.047	0.007	0.837	0.109
0.028	0.001	0.970	0.001
0.398	0.042	0.553	0.007
0.786	0.001	0.207	0.006
0.954	0.036	0.009	0.001
0.585	0.093	0.198	0.124
0.304	0.323	0.065	0.307
0.053	0.765	0.013	0.169
0.082	0.877	0.001	0.040
0.059	0.916	0.001	0.024
0.240	0.520	0.020	0.220
>GGGGGGGGGGGG	13-GGGGGGGGGGGG	6.750988	-119.088201	0	T:1771.0(28.86%),B:8850.0(20.67%),P:1e-51	Tpos:315.9,Tstd:233.7,Bpos:248.7,Bstd:143.5,StrandBias:0.1,Multiplicity:1.40
0.057	0.045	0.858	0.040
0.037	0.057	0.851	0.055
0.042	0.048	0.838	0.072
0.060	0.052	0.811	0.077
0.052	0.050	0.809	0.089
0.038	0.044	0.816	0.102
0.053	0.022	0.838	0.087
0.043	0.054	0.832	0.071
0.070	0.061	0.823	0.046
0.073	0.035	0.825	0.067
0.047	0.035	0.855	0.063
0.060	0.047	0.845	0.048
>AGTTTCACTTTC	14-AGTTTCACTTTC	9.191008	-105.572704	0	T:366.0(5.96%),B:1107.8(2.59%),P:1e-45	Tpos:285.7,Tstd:200.4,Bpos:247.1,Bstd:155.6,StrandBias:0.2,Multiplicity:1.06
0.809	0.008	0.106	0.077
0.055	0.098	0.761	0.086
0.053	0.018	0.017	0.912
0.034	0.046	0.074	0.846
0.080	0.014	0.044	0.862
0.089	0.771	0.019	0.121
0.818	0.042	0.064	0.076
0.017	0.856	0.091	0.036
0.077	0.068	0.001	0.854
0.007	0.093	0.046	0.854
0.047	0.010	0.001	0.942
0.096	0.713	0.081	0.110
>TTCTGAGTCACT	15-TTCTGAGTCACT	8.899895	-77.353332	0	T:356.0(5.80%),B:1224.3(2.86%),P:1e-33	Tpos:281.9,Tstd:200.9,Bpos:243.6,Bstd:151.2,StrandBias:-0.1,Multiplicity:1.02
0.117	0.028	0.040	0.815
0.017	0.077	0.072	0.834
0.045	0.775	0.082	0.098
0.015	0.017	0.039	0.929
0.105	0.095	0.772	0.028
0.826	0.034	0.084	0.056
0.092	0.001	0.791	0.116
0.020	0.048	0.093	0.839
0.095	0.752	0.072	0.081
0.859	0.089	0.027	0.025
0.040	0.843	0.105	0.012
0.034	0.001	0.001	0.964
>CCASTAGRTGGC	16-CCASTAGRTGGC	11.182372	-70.594345	0	T:81.0(1.32%),B:110.6(0.26%),P:1e-30	Tpos:268.6,Tstd:273.2,Bpos:268.5,Bstd:145.9,StrandBias:0.1,Multiplicity:1.02
0.001	0.997	0.001	0.001
0.001	0.997	0.001	0.001
0.950	0.001	0.001	0.048
0.001	0.437	0.349	0.213
0.001	0.001	0.133	0.865
0.818	0.001	0.084	0.097
0.001	0.096	0.902	0.001
0.480	0.001	0.518	0.001
0.001	0.001	0.388	0.610
0.096	0.001	0.902	0.001
0.001	0.001	0.846	0.152
0.185	0.470	0.147	0.198
>STTTSATTTCTK	17-STTTSATTTCTK	10.220864	-64.285430	0	T:317.0(5.17%),B:1121.2(2.62%),P:1e-27	Tpos:277.8,Tstd:227.7,Bpos:251.5,Bstd:151.8,StrandBias:0.0,Multiplicity:1.02
0.086	0.482	0.431	0.001
0.015	0.001	0.073	0.911
0.019	0.028	0.001	0.952
0.004	0.001	0.015	0.980
0.070	0.398	0.531	0.001
0.496	0.204	0.001	0.298
0.116	0.089	0.077	0.718
0.076	0.127	0.001	0.796
0.001	0.001	0.001	0.997
0.001	0.906	0.092	0.001
0.094	0.080	0.001	0.825
0.001	0.001	0.445	0.553
>CCCCCTGCTGGC	18-CCCCCTGCTGGC	12.355432	-47.954740	0	T:13.0(0.21%),B:1.6(0.00%),P:1e-20	Tpos:274.2,Tstd:223.3,Bpos:246.4,Bstd:56.7,StrandBias:-0.2,Multiplicity:1.00
0.100	0.700	0.100	0.100
0.100	0.700	0.100	0.100
0.100	0.700	0.100	0.100
0.100	0.700	0.100	0.100
0.100	0.700	0.100	0.100
0.100	0.100	0.100	0.700
0.100	0.100	0.700	0.100
0.100	0.700	0.100	0.100
0.100	0.100	0.100	0.700
0.100	0.100	0.700	0.100
0.100	0.100	0.700	0.100
0.100	0.700	0.100	0.100
>TTGCTAAGCAAC	19-TTGCTAAGCAAC	9.392134	-38.618072	0	T:137.0(2.23%),B:423.5(0.99%),P:1e-16	Tpos:286.6,Tstd:184.6,Bpos:240.6,Bstd:154.1,StrandBias:-0.1,Multiplicity:1.02
0.031	0.083	0.023	0.863
0.047	0.034	0.028	0.891
0.090	0.031	0.830	0.049
0.046	0.865	0.035	0.054
0.059	0.113	0.008	0.820
0.722	0.079	0.079	0.120
0.884	0.011	0.070	0.035
0.034	0.068	0.818	0.080
0.037	0.841	0.053	0.069
0.909	0.023	0.011	0.057
0.779	0.063	0.070	0.088
0.081	0.784	0.057	0.078
>MCTCTCAGTCTA	20-MCTCTCAGTCTA	11.920372	-29.002874	0	T:42.0(0.68%),B:74.8(0.17%),P:1e-12	Tpos:317.4,Tstd:195.1,Bpos:203.8,Bstd:117.0,StrandBias:-0.7,Multiplicity:1.00
0.514	0.405	0.080	0.001
0.001	0.997	0.001	0.001
0.001	0.244	0.001	0.754
0.001	0.997	0.001	0.001
0.001	0.001	0.001	0.997
0.242	0.756	0.001	0.001
0.997	0.001	0.001	0.001
0.001	0.080	0.839	0.080
0.079	0.001	0.001	0.919
0.001	0.893	0.001	0.105
0.001	0.001	0.001	0.997
0.600	0.001	0.185	0.214
>AAAGGGAWGCTG	21-AAAGGGAWGCTG	10.513571	-27.365661	0	T:129.0(2.10%),B:454.2(1.06%),P:1e-11	Tpos:316.3,Tstd:223.0,Bpos:240.1,Bstd:142.9,StrandBias:0.4,Multiplicity:1.01
0.656	0.128	0.197	0.019
0.773	0.155	0.001	0.071
0.869	0.106	0.001	0.024
0.367	0.046	0.576	0.011
0.001	0.001	0.822	0.176
0.001	0.001	0.997	0.001
0.567	0.155	0.001	0.277
0.497	0.036	0.086	0.382
0.001	0.001	0.997	0.001
0.001	0.679	0.046	0.274
0.001	0.001	0.001	0.997
0.018	0.001	0.921	0.060
>TCACAACAGCAG	22-TCACAACAGCAG	13.947254	-24.156958	0	T:11.0(0.18%),B:4.1(0.01%),P:1e-10	Tpos:180.4,Tstd:132.2,Bpos:324.0,Bstd:85.9,StrandBias:2.2,Multiplicity:1.10
0.001	0.076	0.001	0.922
0.001	0.997	0.001	0.001
0.997	0.001	0.001	0.001
0.001	0.997	0.001	0.001
0.997	0.001	0.001	0.001
0.997	0.001	0.001	0.001
0.001	0.997	0.001	0.001
0.922	0.001	0.076	0.001
0.001	0.001	0.997	0.001
0.001	0.997	0.001	0.001
0.997	0.001	0.001	0.001
0.001	0.001	0.997	0.001
>GTGATGTTACCA	23-GTGATGTTACCA	13.065702	-8.405879	0	T:4.0(0.07%),B:2.5(0.01%),P:1e-3	Tpos:214.5,Tstd:116.5,Bpos:292.8,Bstd:13.5,StrandBias:4.2,Multiplicity:4.75
0.001	0.001	0.997	0.001
0.001	0.032	0.001	0.966
0.001	0.001	0.966	0.032
0.997	0.001	0.001	0.001
0.001	0.001	0.001	0.997
0.001	0.001	0.997	0.001
0.001	0.001	0.001	0.997
0.001	0.001	0.001	0.997
0.966	0.001	0.032	0.001
0.001	0.997	0.001	0.001
0.001	0.997	0.001	0.001
0.966	0.001	0.032	0.001
>CATGTGCTGGGT	24-CATGTGCTGGGT	12.355432	-5.754651	0	T:3.0(0.05%),B:2.4(0.01%),P:1e-2	Tpos:163.9,Tstd:110.1,Bpos:101.3,Bstd:73.1,StrandBias:10.0,Multiplicity:12.00
0.100	0.700	0.100	0.100
0.700	0.100	0.100	0.100
0.100	0.100	0.100	0.700
0.100	0.100	0.700	0.100
0.100	0.100	0.100	0.700
0.100	0.100	0.700	0.100
0.100	0.700	0.100	0.100
0.100	0.100	0.100	0.700
0.100	0.100	0.700	0.100
0.100	0.100	0.700	0.100
0.100	0.100	0.700	0.100
0.100	0.100	0.100	0.700
>ACTGCATGTGTT	25-ACTGCATGTGTT	13.683711	-5.754651	0	T:3.0(0.05%),B:2.6(0.01%),P:1e-2	Tpos:552.6,Tstd:331.5,Bpos:227.7,Bstd:168.4,StrandBias:5.2,Multiplicity:12.67
0.997	0.001	0.001	0.001
0.001	0.997	0.001	0.001
0.001	0.001	0.001	0.997
0.054	0.001	0.944	0.001
0.001	0.997	0.001	0.001
0.997	0.001	0.001	0.001
0.001	0.001	0.001	0.997
0.001	0.001	0.997	0.001
0.001	0.001	0.001	0.997
0.001	0.001	0.997	0.001
0.001	0.001	0.001	0.997
0.001	0.001	0.001	0.997
>CATCAAAG	1-CATCAAAG	7.179852	-771.287962	0	T:1744.0(28.42%),B:4453.2(10.40%),P:1e-334	Tpos:277.3,Tstd:193.5,Bpos:252.3,Bstd:153.7,StrandBias:-0.0,Multiplicity:1.19
0.023	0.705	0.251	0.021
0.725	0.001	0.006	0.268
0.019	0.001	0.001	0.979
0.015	0.918	0.066	0.001
0.997	0.001	0.001	0.001
0.997	0.001	0.001	0.001
0.997	0.001	0.001	0.001
0.034	0.044	0.921	0.001
>ATGAGTCA	2-ATGAGTCA	6.799585	-634.552936	0	T:1390.0(22.65%),B:3401.5(7.94%),P:1e-275	Tpos:268.8,Tstd:185.1,Bpos:247.3,Bstd:151.3,StrandBias:-0.0,Multiplicity:1.19
0.652	0.144	0.155	0.049
0.001	0.001	0.001	0.997
0.001	0.001	0.967	0.031
0.996	0.002	0.001	0.001
0.012	0.288	0.699	0.001
0.001	0.001	0.001	0.997
0.016	0.982	0.001	0.001
0.997	0.001	0.001	0.001
>ACATCAAA	3-ACATCAAA	7.633328	-518.485651	0	T:1653.0(26.94%),B:5081.0(11.87%),P:1e-225	Tpos:279.1,Tstd:204.1,Bpos:249.8,Bstd:151.0,StrandBias:0.0,Multiplicity:1.13
0.997	0.001	0.001	0.001
0.071	0.749	0.179	0.001
0.856	0.022	0.019	0.103
0.034	0.001	0.032	0.933
0.021	0.930	0.001	0.048
0.981	0.001	0.001	0.017
0.852	0.045	0.102	0.001
0.845	0.001	0.086	0.068
>AAACCACA	4-AAACCACA	6.660458	-370.015485	0	T:926.0(15.09%),B:2397.6(5.60%),P:1e-160	Tpos:280.8,Tstd:192.2,Bpos:246.5,Bstd:153.6,StrandBias:-0.1,Multiplicity:1.09
0.751	0.001	0.001	0.247
0.997	0.001	0.001	0.001
0.997	0.001	0.001	0.001
0.001	0.997	0.001	0.001
0.001	0.997	0.001	0.001
0.945	0.001	0.053	0.001
0.001	0.997	0.001	0.001
0.924	0.001	0.074	0.001
>ASWGGAAA	5-ASWGGAAA	6.448156	-364.138532	0	T:2961.0(48.26%),B:13598.2(31.76%),P:1e-158	Tpos:289.1,Tstd:212.4,Bpos:248.9,Bstd:149.9,StrandBias:-0.0,Multiplicity:1.44
0.888	0.010	0.052	0.050
0.225	0.386	0.301	0.088
0.470	0.099	0.109	0.321
0.019	0.089	0.601	0.291
0.170	0.129	0.633	0.068
0.855	0.088	0.001	0.056
0.876	0.032	0.074	0.018
0.556	0.050	0.293	0.101
>RCAGGAWG	6-RCAGGAWG	8.247706	-272.816457	0	T:1463.0(23.84%),B:5540.8(12.94%),P:1e-118	Tpos:279.0,Tstd:207.4,Bpos:248.2,Bstd:147.0,StrandBias:0.1,Multiplicity:1.11
0.430	0.001	0.519	0.050
0.102	0.896	0.001	0.001
0.626	0.209	0.164	0.001
0.001	0.001	0.922	0.076
0.001	0.001	0.997	0.001
0.829	0.067	0.074	0.030
0.463	0.151	0.068	0.318
0.001	0.001	0.997	0.001
>CATTTCCT	7-CATTTCCT	8.133353	-230.407294	0	T:1075.0(17.52%),B:3800.1(8.87%),P:1e-100	Tpos:294.9,Tstd:239.6,Bpos:244.6,Bstd:148.2,StrandBias:0.2,Multiplicity:1.07
0.001	0.997	0.001	0.001
0.851	0.001	0.147	0.001
0.001	0.360	0.001	0.638
0.001	0.001	0.001	0.997
0.001	0.001	0.001	0.997
0.001	0.997	0.001	0.001
0.001	0.997	0.001	0.001
0.001	0.001	0.001	0.997
>GTGGGTGG	8-GTGGGTGG	7.635419	-224.292812	0	T:1782.0(29.04%),B:7728.4(18.05%),P:1e-97	Tpos:314.8,Tstd:236.4,Bpos:248.7,Bstd:148.1,StrandBias:0.0,Multiplicity:1.44
0.001	0.001	0.997	0.001
0.001	0.001	0.172	0.826
0.001	0.001	0.997	0.001
0.001	0.001	0.997	0.001
0.001	0.001	0.997	0.001
0.288	0.187	0.001	0.524
0.001	0.001	0.997	0.001
0.001	0.001	0.997	0.001
>TCWGATCT	9-TCWGATCT	6.777566	-204.765966	0	T:1419.0(23.13%),B:5834.6(13.63%),P:1e-88	Tpos:294.7,Tstd:225.4,Bpos:247.8,Bstd:146.3,StrandBias:-0.0,Multiplicity:1.10
0.093	0.159	0.001	0.747
0.001	0.605	0.009	0.385
0.421	0.004	0.091	0.484
0.001	0.131	0.867	0.001
0.913	0.085	0.001	0.001
0.001	0.001	0.207	0.791
0.001	0.627	0.213	0.159
0.293	0.001	0.156	0.550
>KAYGGAAA	10-KAYGGAAA	5.820133	-199.040149	0	T:1754.0(28.59%),B:7809.9(18.24%),P:1e-86	Tpos:284.2,Tstd:210.0,Bpos:250.3,Bstd:151.7,StrandBias:-0.0,Multiplicity:1.19
0.001	0.223	0.421	0.356
0.944	0.001	0.054	0.001
0.001	0.522	0.001	0.476
0.001	0.001	0.997	0.001
0.001	0.090	0.908	0.001
0.997	0.001	0.001	0.001
0.997	0.001	0.001	0.001
0.997	0.001	0.001	0.001
>ATTTGCAT	11-ATTTGCAT	8.236954	-189.372246	0	T:371.0(6.05%),B:797.9(1.86%),P:1e-82	Tpos:269.6,Tstd:185.0,Bpos:242.8,Bstd:147.2,StrandBias:0.1,Multiplicity:1.06
0.700	0.100	0.100	0.100
0.100	0.100	0.100	0.700
0.100	0.100	0.100	0.700
0.100	0.100	0.100	0.700
0.100	0.100	0.700	0.100
0.100	0.700	0.100	0.100
0.700	0.100	0.100	0.100
0.100	0.100	0.100	0.700
>AAACCGCN	12-AAACCGCN	4.132970	-132.439164	0	T:1823.0(29.71%),B:8989.7(20.99%),P:1e-57	Tpos:304.7,Tstd:222.6,Bpos:250.5,Bstd:156.9,StrandBias:-0.1,Multiplicity:1.18
0.452	0.192	0.109	0.247
0.587	0.138	0.158	0.117
0.515	0.223	0.101	0.161
0.170	0.584	0.208	0.038
0.230	0.545	0.066	0.159
0.202	0.197	0.565	0.036
0.134	0.518	0.174	0.174
0.176	0.255	0.269	0.300
>TTTCMSTT	13-TTTCMSTT	6.826855	-130.956766	0	T:2272.0(37.03%),B:11835.6(27.64%),P:1e-56	Tpos:303.2,Tstd:224.5,Bpos:247.8,Bstd:152.7,StrandBias:-0.0,Multiplicity:1.25
0.001	0.046	0.001	0.952
0.057	0.001	0.046	0.896
0.001	0.156	0.001	0.842
0.104	0.894	0.001	0.001
0.386	0.527	0.084	0.003
0.252	0.442	0.305	0.001
0.001	0.168	0.226	0.605
0.001	0.001	0.001	0.997
>CTTAGTCA	14-CTTAGTCA	3.680063	-107.190169	0	T:868.0(14.15%),B:3667.9(8.57%),P:1e-46	Tpos:275.8,Tstd:195.7,Bpos:253.2,Bstd:148.0,StrandBias:-0.0,Multiplicity:1.11
0.242	0.665	0.092	0.001
0.001	0.001	0.001	0.997
0.001	0.001	0.001	0.997
0.997	0.001	0.001	0.001
0.001	0.382	0.616	0.001
0.001	0.001	0.001	0.997
0.001	0.997	0.001	0.001
0.997	0.001	0.001	0.001
>CTTTGAAA	15-CTTTGAAA	6.782427	-100.116590	0	T:1376.0(22.43%),B:6697.2(15.64%),P:1e-43	Tpos:291.5,Tstd:215.9,Bpos:249.1,Bstd:157.4,StrandBias:-0.1,Multiplicity:1.18
0.001	0.823	0.079	0.097
0.001	0.001	0.027	0.971
0.001	0.001	0.001	0.997
0.001	0.001	0.001	0.997
0.001	0.088	0.910	0.001
0.997	0.001	0.001	0.001
0.777	0.001	0.001	0.221
0.874	0.001	0.001	0.124
>ACGTCACA	16-ACGTCACA	5.246602	-97.914731	0	T:2040.0(33.25%),B:10867.6(25.38%),P:1e-42	Tpos:285.7,Tstd:222.7,Bpos:248.8,Bstd:157.2,StrandBias:0.0,Multiplicity:1.28
0.952	0.001	0.046	0.001
0.052	0.908	0.001	0.039
0.112	0.037	0.850	0.001
0.001	0.039	0.067	0.893
0.051	0.809	0.113	0.027
0.966	0.001	0.001	0.032
0.039	0.827	0.110	0.024
0.815	0.067	0.028	0.090
>ACACCCAC	17-ACACCCAC	9.207520	-80.252715	0	T:542.0(8.83%),B:2150.8(5.02%),P:1e-34	Tpos:286.1,Tstd:195.6,Bpos:246.4,Bstd:160.4,StrandBias:0.2,Multiplicity:1.07
0.997	0.001	0.001	0.001
0.223	0.775	0.001	0.001
0.783	0.001	0.215	0.001
0.001	0.997	0.001	0.001
0.001	0.927	0.071	0.001
0.001	0.997	0.001	0.001
0.997	0.001	0.001	0.001
0.001	0.997	0.001	0.001
>CTTTGTTC	18-CTTTGTTC	4.053640	-78.991065	0	T:1279.0(20.84%),B:6410.8(14.97%),P:1e-34	Tpos:274.1,Tstd:194.1,Bpos:250.0,Bstd:155.3,StrandBias:-0.0,Multiplicity:1.13
0.001	0.997	0.001	0.001
0.001	0.001	0.001	0.997
0.001	0.001	0.001	0.997
0.001	0.001	0.001	0.997
0.001	0.001	0.997	0.001
0.001	0.001	0.001	0.997
0.103	0.001	0.001	0.895
0.092	0.600	0.307	0.001
>GTAGGCGG	19-GTAGGCGG	7.697023	-72.194117	0	T:940.0(15.32%),B:4476.9(10.45%),P:1e-31	Tpos:326.0,Tstd:246.8,Bpos:249.1,Bstd:153.1,StrandBias:-0.1,Multiplicity:1.26
0.001	0.092	0.878	0.029
0.001	0.053	0.236	0.710
0.997	0.001	0.001	0.001
0.001	0.001	0.997	0.001
0.001	0.001	0.997	0.001
0.270	0.570	0.001	0.159
0.001	0.020	0.978	0.001
0.028	0.001	0.931	0.040
>SATWAAMG	20-SATWAAMG	7.109695	-68.745799	0	T:1043.0(17.00%),B:5136.3(11.99%),P:1e-29	Tpos:289.3,Tstd:218.1,Bpos:251.5,Bstd:152.4,StrandBias:-0.0,Multiplicity:1.13
0.002	0.521	0.476	0.001
0.418	0.202	0.146	0.234
0.001	0.188	0.001	0.810
0.431	0.001	0.048	0.520
0.773	0.087	0.001	0.139
0.997	0.001	0.001	0.001
0.571	0.427	0.001	0.001
0.001	0.001	0.997	0.001
>AGCTGCGT	21-AGCTGCGT	7.221147	-55.722398	0	T:1171.0(19.08%),B:6126.2(14.31%),P:1e-24	Tpos:307.9,Tstd:242.7,Bpos:245.1,Bstd:154.4,StrandBias:0.0,Multiplicity:1.18
0.997	0.001	0.001	0.001
0.033	0.001	0.906	0.060
0.001	0.884	0.103	0.012
0.001	0.027	0.001	0.971
0.033	0.020	0.946	0.001
0.001	0.875	0.086	0.038
0.039	0.101	0.667	0.193
0.001	0.059	0.106	0.834
>CGATTCAT	22-CGATTCAT	6.100603	-48.031099	0	T:454.0(7.40%),B:1987.3(4.64%),P:1e-20	Tpos:312.3,Tstd:248.3,Bpos:250.3,Bstd:154.6,StrandBias:-0.1,Multiplicity:1.07
0.001	0.961	0.001	0.037
0.001	0.001	0.997	0.001
0.640	0.001	0.115	0.244
0.100	0.084	0.001	0.815
0.046	0.001	0.001	0.952
0.058	0.802	0.139	0.001
0.905	0.001	0.093	0.001
0.071	0.001	0.001	0.927
>CTCTGAAG	23-CTCTGAAG	8.899453	-45.350252	0	T:627.0(10.22%),B:3009.5(7.03%),P:1e-19	Tpos:281.4,Tstd:208.4,Bpos:248.9,Bstd:148.8,StrandBias:-0.2,Multiplicity:1.06
0.001	0.997	0.001	0.001
0.001	0.001	0.001	0.997
0.001	0.997	0.001	0.001
0.001	0.001	0.001	0.997
0.001	0.001	0.825	0.173
0.997	0.001	0.001	0.001
0.997	0.001	0.001	0.001
0.001	0.001	0.860	0.138
>GTGCACTC	24-GTGCACTC	9.702831	-29.807158	0	T:194.0(3.16%),B:764.5(1.79%),P:1e-12	Tpos:312.9,Tstd:233.7,Bpos:243.5,Bstd:162.6,StrandBias:-0.3,Multiplicity:1.07
0.001	0.001	0.997	0.001
0.001	0.001	0.001	0.997
0.001	0.001	0.997	0.001
0.001	0.997	0.001	0.001
0.743	0.001	0.255	0.001
0.001	0.997	0.001	0.001
0.001	0.001	0.001	0.997
0.001	0.997	0.001	0.001
>GGTATGAC	25-GGTATGAC	9.408591	-15.086138	0	T:100.0(1.63%),B:404.7(0.95%),P:1e-6	Tpos:232.0,Tstd:163.1,Bpos:247.2,Bstd:147.2,StrandBias:0.9,Multiplicity:1.40
0.001	0.001	0.997	0.001
0.001	0.001	0.808	0.190
0.001	0.001	0.001	0.997
0.997	0.001	0.001	0.001
0.001	0.001	0.001	0.997
0.001	0.001	0.997	0.001
0.997	0.001	0.001	0.001
0.001	0.997	0.001	0.001
