>MACATCAAAG	1-MACATCAAAG	7.346289	-1040.982375	0	T:2090.0(34.06%),B:5059.5(11.82%),P:1e-452	Tpos:277.8,Tstd:190.1,Bpos:250.3,Bstd:154.9,StrandBias:0.1,Multiplicity:1.25
0.273	0.393	0.208	0.126
0.796	0.030	0.070	0.104
0.041	0.668	0.263	0.028
0.690	0.009	0.030	0.271
0.053	0.001	0.002	0.944
0.015	0.851	0.099	0.035
0.947	0.001	0.012	0.040
0.942	0.003	0.043	0.012
0.933	0.009	0.037	0.021
0.094	0.063	0.839	0.004
>TGAGTCATYK	2-TGAGTCATYK	7.658823	-655.808976	0	T:1183.0(19.28%),B:2496.6(5.83%),P:1e-284	Tpos:266.4,Tstd:179.9,Bpos:249.0,Bstd:150.2,StrandBias:0.0,Multiplicity:1.17
0.001	0.001	0.001	0.997
0.001	0.001	0.997	0.001
0.997	0.001	0.001	0.001
0.001	0.322	0.676	0.001
0.001	0.001	0.001	0.997
0.001	0.997	0.001	0.001
0.997	0.001	0.001	0.001
0.001	0.311	0.050	0.638
0.222	0.409	0.063	0.305
0.179	0.159	0.347	0.315
>CACTTCCTGT	3-CACTTCCTGT	8.062328	-553.016254	0	T:1670.0(27.22%),B:5000.9(11.68%),P:1e-240	Tpos:287.8,Tstd:208.8,Bpos:247.9,Bstd:147.7,StrandBias:-0.0,Multiplicity:1.17
0.113	0.606	0.174	0.107
0.703	0.001	0.295	0.001
0.001	0.614	0.001	0.384
0.157	0.001	0.001	0.841
0.001	0.001	0.001	0.997
0.001	0.997	0.001	0.001
0.001	0.997	0.001	0.001
0.001	0.001	0.001	0.997
0.001	0.160	0.742	0.097
0.001	0.350	0.001	0.648
>CYTTTGATST	4-CYTTTGATST	6.351476	-529.537745	0	T:3196.0(52.09%),B:13719.6(32.04%),P:1e-229	Tpos:287.6,Tstd:214.2,Bpos:249.1,Bstd:151.9,StrandBias:0.0,Multiplicity:1.36
0.001	0.630	0.004	0.365
0.021	0.429	0.243	0.306
0.001	0.005	0.001	0.993
0.001	0.156	0.070	0.773
0.001	0.001	0.001	0.997
0.001	0.100	0.761	0.138
0.899	0.028	0.001	0.072
0.380	0.001	0.018	0.601
0.088	0.386	0.518	0.008
0.162	0.127	0.053	0.658
>YGAAACCACA	5-YGAAACCACA	8.301982	-359.296799	0	T:935.0(15.24%),B:2478.4(5.79%),P:1e-156	Tpos:282.3,Tstd:192.3,Bpos:248.1,Bstd:150.4,StrandBias:-0.1,Multiplicity:1.09
0.193	0.381	0.156	0.271
0.187	0.172	0.519	0.122
0.621	0.001	0.001	0.377
0.997	0.001	0.001	0.001
0.971	0.011	0.017	0.001
0.001	0.997	0.001	0.001
0.001	0.997	0.001	0.001
0.957	0.001	0.001	0.041
0.014	0.984	0.001	0.001
0.657	0.007	0.147	0.189
>MCRCCCACRC	6-MCRCCCACRC	7.723526	-279.062666	0	T:860.0(14.02%),B:2493.5(5.82%),P:1e-121	Tpos:285.8,Tstd:200.7,Bpos:248.8,Bstd:151.6,StrandBias:-0.1,Multiplicity:1.06
0.342	0.460	0.042	0.156
0.158	0.795	0.006	0.041
0.378	0.016	0.408	0.198
0.010	0.933	0.028	0.029
0.001	0.790	0.168	0.041
0.001	0.597	0.001	0.401
0.951	0.001	0.047	0.001
0.025	0.809	0.129	0.037
0.384	0.094	0.411	0.112
0.001	0.488	0.279	0.232
>ATGGAAACTA	7-ATGGAAACTA	5.502720	-271.563601	0	T:1267.0(20.65%),B:4516.3(10.55%),P:1e-117	Tpos:279.7,Tstd:206.2,Bpos:249.1,Bstd:148.9,StrandBias:-0.1,Multiplicity:1.14
0.781	0.001	0.217	0.001
0.001	0.261	0.001	0.737
0.001	0.001	0.997	0.001
0.001	0.001	0.997	0.001
0.997	0.001	0.001	0.001
0.997	0.001	0.001	0.001
0.997	0.001	0.001	0.001
0.132	0.654	0.097	0.117
0.202	0.001	0.001	0.796
0.631	0.077	0.146	0.146
>GATTTGCATA	8-GATTTGCATA	7.601966	-226.303694	0	T:493.0(8.03%),B:1145.8(2.68%),P:1e-98	Tpos:263.3,Tstd:183.8,Bpos:245.2,Bstd:147.7,StrandBias:-0.0,Multiplicity:1.08
0.184	0.191	0.452	0.173
0.893	0.036	0.009	0.062
0.001	0.001	0.001	0.997
0.001	0.013	0.001	0.985
0.001	0.001	0.001	0.997
0.013	0.001	0.985	0.001
0.010	0.988	0.001	0.001
0.982	0.007	0.010	0.001
0.001	0.001	0.001	0.997
0.883	0.012	0.042	0.063
>GCTTTGAAAN	9-GCTTTGAAAN	4.904633	-146.759891	0	T:1196.0(19.49%),B:5113.6(11.94%),P:1e-63	Tpos:288.2,Tstd:215.3,Bpos:249.9,Bstd:155.4,StrandBias:0.0,Multiplicity:1.09
0.001	0.279	0.719	0.001
0.001	0.997	0.001	0.001
0.001	0.001	0.001	0.997
0.001	0.001	0.001	0.997
0.001	0.001	0.001	0.997
0.001	0.001	0.914	0.084
0.997	0.001	0.001	0.001
0.899	0.099	0.001	0.001
0.709	0.001	0.210	0.080
0.240	0.285	0.304	0.170
>GGAAAGYCCC	10-GGAAAGYCCC	7.775275	-136.481451	0	T:294.0(4.79%),B:674.1(1.57%),P:1e-59	Tpos:285.4,Tstd:188.5,Bpos:248.9,Bstd:143.5,StrandBias:0.1,Multiplicity:1.06
0.001	0.001	0.997	0.001
0.001	0.001	0.997	0.001
0.670	0.001	0.328	0.001
0.997	0.001	0.001	0.001
0.997	0.001	0.001	0.001
0.331	0.026	0.629	0.014
0.001	0.505	0.001	0.493
0.001	0.997	0.001	0.001
0.001	0.997	0.001	0.001
0.001	0.997	0.001	0.001
>GAGGAAACCG	11-GAGGAAACCG	6.088997	-129.616411	0	T:2452.0(39.96%),B:13018.8(30.40%),P:1e-56	Tpos:288.2,Tstd:222.0,Bpos:250.6,Bstd:150.9,StrandBias:0.0,Multiplicity:1.26
0.154	0.212	0.508	0.126
0.914	0.027	0.033	0.026
0.020	0.149	0.678	0.153
0.053	0.132	0.578	0.237
0.604	0.222	0.016	0.158
0.951	0.006	0.035	0.008
0.828	0.012	0.143	0.017
0.048	0.721	0.225	0.006
0.211	0.666	0.020	0.103
0.155	0.072	0.683	0.090
>STTTCACTTY	12-STTTCACTTY	6.486163	-124.425334	0	T:595.0(9.70%),B:2087.9(4.88%),P:1e-54	Tpos:302.5,Tstd:208.0,Bpos:249.1,Bstd:153.9,StrandBias:0.2,Multiplicity:1.11
0.146	0.371	0.290	0.192
0.077	0.085	0.090	0.748
0.087	0.129	0.156	0.628
0.128	0.158	0.068	0.646
0.121	0.540	0.197	0.142
0.497	0.198	0.131	0.174
0.115	0.454	0.188	0.243
0.143	0.130	0.094	0.633
0.129	0.111	0.119	0.641
0.175	0.243	0.210	0.372
>GGTTTCCTCT	13-GGTTTCCTCT	7.499959	-123.747842	0	T:1338.0(21.81%),B:6175.8(14.42%),P:1e-53	Tpos:301.9,Tstd:241.9,Bpos:244.1,Bstd:150.9,StrandBias:0.1,Multiplicity:1.06
0.017	0.095	0.872	0.016
0.124	0.001	0.680	0.195
0.001	0.190	0.124	0.685
0.092	0.001	0.001	0.906
0.001	0.001	0.201	0.797
0.001	0.823	0.068	0.108
0.187	0.736	0.016	0.061
0.147	0.099	0.053	0.701
0.001	0.799	0.029	0.171
0.001	0.001	0.001	0.997
>AAAACAACCG	14-AAAACAACCG	5.157153	-101.162719	0	T:2563.0(41.77%),B:14221.0(33.21%),P:1e-43	Tpos:289.4,Tstd:222.8,Bpos:250.5,Bstd:156.6,StrandBias:0.0,Multiplicity:1.32
0.661	0.092	0.112	0.135
0.731	0.067	0.090	0.112
0.731	0.098	0.087	0.084
0.682	0.092	0.142	0.084
0.148	0.680	0.089	0.083
0.729	0.123	0.038	0.110
0.671	0.110	0.129	0.090
0.104	0.749	0.100	0.047
0.128	0.676	0.093	0.103
0.093	0.120	0.689	0.098
>GATTAGTCAT	15-GATTAGTCAT	8.719159	-100.583536	0	T:200.0(3.26%),B:434.7(1.02%),P:1e-43	Tpos:274.6,Tstd:217.1,Bpos:253.9,Bstd:142.4,StrandBias:0.2,Multiplicity:1.05
0.221	0.001	0.670	0.108
0.755	0.180	0.046	0.019
0.001	0.002	0.001	0.996
0.001	0.015	0.001	0.983
0.943	0.031	0.001	0.025
0.001	0.066	0.919	0.014
0.001	0.002	0.001	0.996
0.020	0.978	0.001	0.001
0.997	0.001	0.001	0.001
0.014	0.040	0.109	0.837
>TGACGCAGCT	16-TGACGCAGCT	6.872989	-99.817109	0	T:1248.0(20.34%),B:5935.9(13.86%),P:1e-43	Tpos:292.5,Tstd:221.7,Bpos:249.4,Bstd:156.0,StrandBias:0.0,Multiplicity:1.12
0.095	0.102	0.040	0.763
0.061	0.072	0.776	0.091
0.833	0.045	0.066	0.056
0.125	0.675	0.141	0.059
0.064	0.033	0.802	0.101
0.040	0.856	0.040	0.064
0.820	0.034	0.046	0.100
0.053	0.068	0.812	0.067
0.041	0.863	0.069	0.027
0.070	0.085	0.037	0.808
>GGGGGGGGGG	17-GGGGGGGGGG	6.404373	-96.300048	0	T:2493.0(40.63%),B:13845.8(32.33%),P:1e-41	Tpos:322.0,Tstd:239.7,Bpos:249.1,Bstd:147.3,StrandBias:0.1,Multiplicity:1.83
0.100	0.100	0.700	0.100
0.100	0.100	0.700	0.100
0.100	0.100	0.700	0.100
0.100	0.100	0.700	0.100
0.100	0.100	0.700	0.100
0.100	0.100	0.700	0.100
0.100	0.100	0.700	0.100
0.100	0.100	0.700	0.100
0.100	0.100	0.700	0.100
0.100	0.100	0.700	0.100
>CTCTTTRAAS	18-CTCTTTRAAS	7.527529	-85.075203	0	T:432.0(7.04%),B:1546.1(3.61%),P:1e-36	Tpos:296.1,Tstd:242.0,Bpos:250.4,Bstd:155.8,StrandBias:0.3,Multiplicity:1.02
0.047	0.779	0.131	0.043
0.130	0.066	0.059	0.745
0.048	0.623	0.310	0.019
0.336	0.088	0.029	0.547
0.180	0.091	0.263	0.465
0.162	0.031	0.021	0.786
0.484	0.052	0.400	0.064
0.567	0.384	0.015	0.034
0.668	0.027	0.233	0.072
0.225	0.262	0.385	0.128
>ACGTGTCATA	19-ACGTGTCATA	7.831278	-73.166307	0	T:433.0(7.06%),B:1640.4(3.83%),P:1e-31	Tpos:281.7,Tstd:194.4,Bpos:245.3,Bstd:151.0,StrandBias:-0.2,Multiplicity:1.06
0.914	0.022	0.028	0.036
0.061	0.661	0.112	0.166
0.075	0.178	0.746	0.001
0.041	0.064	0.001	0.894
0.001	0.059	0.890	0.050
0.159	0.008	0.058	0.775
0.001	0.865	0.125	0.009
0.884	0.015	0.100	0.001
0.022	0.149	0.314	0.515
0.601	0.331	0.003	0.065
>TCAGATGTGG	20-TCAGATGTGG	10.831361	-56.995948	0	T:142.0(2.31%),B:360.5(0.84%),P:1e-24	Tpos:282.2,Tstd:216.6,Bpos:246.8,Bstd:154.6,StrandBias:-0.2,Multiplicity:1.02
0.150	0.001	0.001	0.848
0.103	0.793	0.001	0.103
0.997	0.001	0.001	0.001
0.001	0.001	0.997	0.001
0.918	0.001	0.001	0.080
0.001	0.001	0.001	0.997
0.001	0.001	0.997	0.001
0.001	0.001	0.001	0.997
0.001	0.001	0.997	0.001
0.001	0.085	0.913	0.001
>GTTRCYAYGG	21-GTTRCYAYGG	8.594395	-50.680022	0	T:204.0(3.32%),B:664.2(1.55%),P:1e-22	Tpos:251.7,Tstd:183.0,Bpos:244.7,Bstd:152.8,StrandBias:-0.1,Multiplicity:1.01
0.160	0.001	0.838	0.001
0.001	0.001	0.001	0.997
0.104	0.070	0.001	0.825
0.560	0.001	0.438	0.001
0.143	0.855	0.001	0.001
0.001	0.491	0.001	0.507
0.892	0.027	0.080	0.001
0.085	0.515	0.001	0.399
0.181	0.249	0.569	0.001
0.047	0.341	0.611	0.001
>TGTGGGTTTT	22-TGTGGGTTTT	10.024233	-43.040665	0	T:246.0(4.01%),B:922.8(2.15%),P:1e-18	Tpos:272.8,Tstd:198.4,Bpos:248.2,Bstd:155.1,StrandBias:-0.0,Multiplicity:1.02
0.001	0.001	0.001	0.997
0.001	0.001	0.997	0.001
0.001	0.001	0.001	0.997
0.001	0.001	0.997	0.001
0.279	0.001	0.719	0.001
0.001	0.001	0.997	0.001
0.001	0.001	0.241	0.757
0.001	0.001	0.001	0.997
0.001	0.077	0.190	0.732
0.080	0.249	0.055	0.616
>ACAGTCACGC	23-ACAGTCACGC	10.296193	-21.196450	0	T:10.0(0.16%),B:5.0(0.01%),P:1e-9	Tpos:245.7,Tstd:147.7,Bpos:312.5,Bstd:87.4,StrandBias:-0.3,Multiplicity:1.00
0.700	0.100	0.100	0.100
0.100	0.700	0.100	0.100
0.700	0.100	0.100	0.100
0.100	0.100	0.700	0.100
0.100	0.100	0.100	0.700
0.100	0.700	0.100	0.100
0.700	0.100	0.100	0.100
0.100	0.700	0.100	0.100
0.100	0.100	0.700	0.100
0.100	0.700	0.100	0.100
>GTCATACCCA	24-GTCATACCCA	6.404373	-13.534701	0	T:1715.0(27.95%),B:10837.4(25.31%),P:1e-5	Tpos:279.3,Tstd:217.4,Bpos:248.2,Bstd:147.4,StrandBias:-0.0,Multiplicity:1.21
0.100	0.100	0.700	0.100
0.100	0.100	0.100	0.700
0.100	0.700	0.100	0.100
0.700	0.100	0.100	0.100
0.100	0.100	0.100	0.700
0.700	0.100	0.100	0.100
0.100	0.700	0.100	0.100
0.100	0.700	0.100	0.100
0.100	0.700	0.100	0.100
0.700	0.100	0.100	0.100
>ACGTGCAGTG	25-ACGTGCAGTG	9.941138	-12.861532	0	T:38.0(0.62%),B:113.6(0.27%),P:1e-5	Tpos:439.2,Tstd:305.2,Bpos:257.9,Bstd:146.3,StrandBias:-1.7,Multiplicity:1.86
0.997	0.001	0.001	0.001
0.001	0.997	0.001	0.001
0.159	0.001	0.839	0.001
0.001	0.153	0.001	0.845
0.001	0.001	0.997	0.001
0.001	0.997	0.001	0.001
0.759	0.001	0.239	0.001
0.144	0.001	0.738	0.117
0.001	0.001	0.001	0.997
0.001	0.001	0.824	0.174
