>CATCAAAG	1-CATCAAAG	7.179852	-771.287962	0	T:1744.0(28.42%),B:4453.2(10.40%),P:1e-334	Tpos:277.3,Tstd:193.5,Bpos:252.3,Bstd:153.7,StrandBias:-0.0,Multiplicity:1.19
0.023	0.705	0.251	0.021
0.725	0.001	0.006	0.268
0.019	0.001	0.001	0.979
0.015	0.918	0.066	0.001
0.997	0.001	0.001	0.001
0.997	0.001	0.001	0.001
0.997	0.001	0.001	0.001
0.034	0.044	0.921	0.001
>ATGAGTCA	2-ATGAGTCA	6.799585	-634.552936	0	T:1390.0(22.65%),B:3401.5(7.94%),P:1e-275	Tpos:268.8,Tstd:185.1,Bpos:247.3,Bstd:151.3,StrandBias:-0.0,Multiplicity:1.19
0.652	0.144	0.155	0.049
0.001	0.001	0.001	0.997
0.001	0.001	0.967	0.031
0.996	0.002	0.001	0.001
0.012	0.288	0.699	0.001
0.001	0.001	0.001	0.997
0.016	0.982	0.001	0.001
0.997	0.001	0.001	0.001
>ACATCAAA	3-ACATCAAA	7.633328	-518.485651	0	T:1653.0(26.94%),B:5081.0(11.87%),P:1e-225	Tpos:279.1,Tstd:204.1,Bpos:249.8,Bstd:151.0,StrandBias:0.0,Multiplicity:1.13
0.997	0.001	0.001	0.001
0.071	0.749	0.179	0.001
0.856	0.022	0.019	0.103
0.034	0.001	0.032	0.933
0.021	0.930	0.001	0.048
0.981	0.001	0.001	0.017
0.852	0.045	0.102	0.001
0.845	0.001	0.086	0.068
>AAACCACA	4-AAACCACA	6.660458	-370.015485	0	T:926.0(15.09%),B:2397.6(5.60%),P:1e-160	Tpos:280.8,Tstd:192.2,Bpos:246.5,Bstd:153.6,StrandBias:-0.1,Multiplicity:1.09
0.751	0.001	0.001	0.247
0.997	0.001	0.001	0.001
0.997	0.001	0.001	0.001
0.001	0.997	0.001	0.001
0.001	0.997	0.001	0.001
0.945	0.001	0.053	0.001
0.001	0.997	0.001	0.001
0.924	0.001	0.074	0.001
>ASWGGAAA	5-ASWGGAAA	6.448156	-364.138532	0	T:2961.0(48.26%),B:13598.2(31.76%),P:1e-158	Tpos:289.1,Tstd:212.4,Bpos:248.9,Bstd:149.9,StrandBias:-0.0,Multiplicity:1.44
0.888	0.010	0.052	0.050
0.225	0.386	0.301	0.088
0.470	0.099	0.109	0.321
0.019	0.089	0.601	0.291
0.170	0.129	0.633	0.068
0.855	0.088	0.001	0.056
0.876	0.032	0.074	0.018
0.556	0.050	0.293	0.101
>RCAGGAWG	6-RCAGGAWG	8.247706	-272.816457	0	T:1463.0(23.84%),B:5540.8(12.94%),P:1e-118	Tpos:279.0,Tstd:207.4,Bpos:248.2,Bstd:147.0,StrandBias:0.1,Multiplicity:1.11
0.430	0.001	0.519	0.050
0.102	0.896	0.001	0.001
0.626	0.209	0.164	0.001
0.001	0.001	0.922	0.076
0.001	0.001	0.997	0.001
0.829	0.067	0.074	0.030
0.463	0.151	0.068	0.318
0.001	0.001	0.997	0.001
>CATTTCCT	7-CATTTCCT	8.133353	-230.407294	0	T:1075.0(17.52%),B:3800.1(8.87%),P:1e-100	Tpos:294.9,Tstd:239.6,Bpos:244.6,Bstd:148.2,StrandBias:0.2,Multiplicity:1.07
0.001	0.997	0.001	0.001
0.851	0.001	0.147	0.001
0.001	0.360	0.001	0.638
0.001	0.001	0.001	0.997
0.001	0.001	0.001	0.997
0.001	0.997	0.001	0.001
0.001	0.997	0.001	0.001
0.001	0.001	0.001	0.997
>GTGGGTGG	8-GTGGGTGG	7.635419	-224.292812	0	T:1782.0(29.04%),B:7728.4(18.05%),P:1e-97	Tpos:314.8,Tstd:236.4,Bpos:248.7,Bstd:148.1,StrandBias:0.0,Multiplicity:1.44
0.001	0.001	0.997	0.001
0.001	0.001	0.172	0.826
0.001	0.001	0.997	0.001
0.001	0.001	0.997	0.001
0.001	0.001	0.997	0.001
0.288	0.187	0.001	0.524
0.001	0.001	0.997	0.001
0.001	0.001	0.997	0.001
>TCWGATCT	9-TCWGATCT	6.777566	-204.765966	0	T:1419.0(23.13%),B:5834.6(13.63%),P:1e-88	Tpos:294.7,Tstd:225.4,Bpos:247.8,Bstd:146.3,StrandBias:-0.0,Multiplicity:1.10
0.093	0.159	0.001	0.747
0.001	0.605	0.009	0.385
0.421	0.004	0.091	0.484
0.001	0.131	0.867	0.001
0.913	0.085	0.001	0.001
0.001	0.001	0.207	0.791
0.001	0.627	0.213	0.159
0.293	0.001	0.156	0.550
>KAYGGAAA	10-KAYGGAAA	5.820133	-199.040149	0	T:1754.0(28.59%),B:7809.9(18.24%),P:1e-86	Tpos:284.2,Tstd:210.0,Bpos:250.3,Bstd:151.7,StrandBias:-0.0,Multiplicity:1.19
0.001	0.223	0.421	0.356
0.944	0.001	0.054	0.001
0.001	0.522	0.001	0.476
0.001	0.001	0.997	0.001
0.001	0.090	0.908	0.001
0.997	0.001	0.001	0.001
0.997	0.001	0.001	0.001
0.997	0.001	0.001	0.001
>ATTTGCAT	11-ATTTGCAT	8.236954	-189.372246	0	T:371.0(6.05%),B:797.9(1.86%),P:1e-82	Tpos:269.6,Tstd:185.0,Bpos:242.8,Bstd:147.2,StrandBias:0.1,Multiplicity:1.06
0.700	0.100	0.100	0.100
0.100	0.100	0.100	0.700
0.100	0.100	0.100	0.700
0.100	0.100	0.100	0.700
0.100	0.100	0.700	0.100
0.100	0.700	0.100	0.100
0.700	0.100	0.100	0.100
0.100	0.100	0.100	0.700
>AAACCGCN	12-AAACCGCN	4.132970	-132.439164	0	T:1823.0(29.71%),B:8989.7(20.99%),P:1e-57	Tpos:304.7,Tstd:222.6,Bpos:250.5,Bstd:156.9,StrandBias:-0.1,Multiplicity:1.18
0.452	0.192	0.109	0.247
0.587	0.138	0.158	0.117
0.515	0.223	0.101	0.161
0.170	0.584	0.208	0.038
0.230	0.545	0.066	0.159
0.202	0.197	0.565	0.036
0.134	0.518	0.174	0.174
0.176	0.255	0.269	0.300
>TTTCMSTT	13-TTTCMSTT	6.826855	-130.956766	0	T:2272.0(37.03%),B:11835.6(27.64%),P:1e-56	Tpos:303.2,Tstd:224.5,Bpos:247.8,Bstd:152.7,StrandBias:-0.0,Multiplicity:1.25
0.001	0.046	0.001	0.952
0.057	0.001	0.046	0.896
0.001	0.156	0.001	0.842
0.104	0.894	0.001	0.001
0.386	0.527	0.084	0.003
0.252	0.442	0.305	0.001
0.001	0.168	0.226	0.605
0.001	0.001	0.001	0.997
>CTTAGTCA	14-CTTAGTCA	3.680063	-107.190169	0	T:868.0(14.15%),B:3667.9(8.57%),P:1e-46	Tpos:275.8,Tstd:195.7,Bpos:253.2,Bstd:148.0,StrandBias:-0.0,Multiplicity:1.11
0.242	0.665	0.092	0.001
0.001	0.001	0.001	0.997
0.001	0.001	0.001	0.997
0.997	0.001	0.001	0.001
0.001	0.382	0.616	0.001
0.001	0.001	0.001	0.997
0.001	0.997	0.001	0.001
0.997	0.001	0.001	0.001
>CTTTGAAA	15-CTTTGAAA	6.782427	-100.116590	0	T:1376.0(22.43%),B:6697.2(15.64%),P:1e-43	Tpos:291.5,Tstd:215.9,Bpos:249.1,Bstd:157.4,StrandBias:-0.1,Multiplicity:1.18
0.001	0.823	0.079	0.097
0.001	0.001	0.027	0.971
0.001	0.001	0.001	0.997
0.001	0.001	0.001	0.997
0.001	0.088	0.910	0.001
0.997	0.001	0.001	0.001
0.777	0.001	0.001	0.221
0.874	0.001	0.001	0.124
>ACGTCACA	16-ACGTCACA	5.246602	-97.914731	0	T:2040.0(33.25%),B:10867.6(25.38%),P:1e-42	Tpos:285.7,Tstd:222.7,Bpos:248.8,Bstd:157.2,StrandBias:0.0,Multiplicity:1.28
0.952	0.001	0.046	0.001
0.052	0.908	0.001	0.039
0.112	0.037	0.850	0.001
0.001	0.039	0.067	0.893
0.051	0.809	0.113	0.027
0.966	0.001	0.001	0.032
0.039	0.827	0.110	0.024
0.815	0.067	0.028	0.090
>ACACCCAC	17-ACACCCAC	9.207520	-80.252715	0	T:542.0(8.83%),B:2150.8(5.02%),P:1e-34	Tpos:286.1,Tstd:195.6,Bpos:246.4,Bstd:160.4,StrandBias:0.2,Multiplicity:1.07
0.997	0.001	0.001	0.001
0.223	0.775	0.001	0.001
0.783	0.001	0.215	0.001
0.001	0.997	0.001	0.001
0.001	0.927	0.071	0.001
0.001	0.997	0.001	0.001
0.997	0.001	0.001	0.001
0.001	0.997	0.001	0.001
>CTTTGTTC	18-CTTTGTTC	4.053640	-78.991065	0	T:1279.0(20.84%),B:6410.8(14.97%),P:1e-34	Tpos:274.1,Tstd:194.1,Bpos:250.0,Bstd:155.3,StrandBias:-0.0,Multiplicity:1.13
0.001	0.997	0.001	0.001
0.001	0.001	0.001	0.997
0.001	0.001	0.001	0.997
0.001	0.001	0.001	0.997
0.001	0.001	0.997	0.001
0.001	0.001	0.001	0.997
0.103	0.001	0.001	0.895
0.092	0.600	0.307	0.001
>GTAGGCGG	19-GTAGGCGG	7.697023	-72.194117	0	T:940.0(15.32%),B:4476.9(10.45%),P:1e-31	Tpos:326.0,Tstd:246.8,Bpos:249.1,Bstd:153.1,StrandBias:-0.1,Multiplicity:1.26
0.001	0.092	0.878	0.029
0.001	0.053	0.236	0.710
0.997	0.001	0.001	0.001
0.001	0.001	0.997	0.001
0.001	0.001	0.997	0.001
0.270	0.570	0.001	0.159
0.001	0.020	0.978	0.001
0.028	0.001	0.931	0.040
>SATWAAMG	20-SATWAAMG	7.109695	-68.745799	0	T:1043.0(17.00%),B:5136.3(11.99%),P:1e-29	Tpos:289.3,Tstd:218.1,Bpos:251.5,Bstd:152.4,StrandBias:-0.0,Multiplicity:1.13
0.002	0.521	0.476	0.001
0.418	0.202	0.146	0.234
0.001	0.188	0.001	0.810
0.431	0.001	0.048	0.520
0.773	0.087	0.001	0.139
0.997	0.001	0.001	0.001
0.571	0.427	0.001	0.001
0.001	0.001	0.997	0.001
>AGCTGCGT	21-AGCTGCGT	7.221147	-55.722398	0	T:1171.0(19.08%),B:6126.2(14.31%),P:1e-24	Tpos:307.9,Tstd:242.7,Bpos:245.1,Bstd:154.4,StrandBias:0.0,Multiplicity:1.18
0.997	0.001	0.001	0.001
0.033	0.001	0.906	0.060
0.001	0.884	0.103	0.012
0.001	0.027	0.001	0.971
0.033	0.020	0.946	0.001
0.001	0.875	0.086	0.038
0.039	0.101	0.667	0.193
0.001	0.059	0.106	0.834
>CGATTCAT	22-CGATTCAT	6.100603	-48.031099	0	T:454.0(7.40%),B:1987.3(4.64%),P:1e-20	Tpos:312.3,Tstd:248.3,Bpos:250.3,Bstd:154.6,StrandBias:-0.1,Multiplicity:1.07
0.001	0.961	0.001	0.037
0.001	0.001	0.997	0.001
0.640	0.001	0.115	0.244
0.100	0.084	0.001	0.815
0.046	0.001	0.001	0.952
0.058	0.802	0.139	0.001
0.905	0.001	0.093	0.001
0.071	0.001	0.001	0.927
>CTCTGAAG	23-CTCTGAAG	8.899453	-45.350252	0	T:627.0(10.22%),B:3009.5(7.03%),P:1e-19	Tpos:281.4,Tstd:208.4,Bpos:248.9,Bstd:148.8,StrandBias:-0.2,Multiplicity:1.06
0.001	0.997	0.001	0.001
0.001	0.001	0.001	0.997
0.001	0.997	0.001	0.001
0.001	0.001	0.001	0.997
0.001	0.001	0.825	0.173
0.997	0.001	0.001	0.001
0.997	0.001	0.001	0.001
0.001	0.001	0.860	0.138
>GTGCACTC	24-GTGCACTC	9.702831	-29.807158	0	T:194.0(3.16%),B:764.5(1.79%),P:1e-12	Tpos:312.9,Tstd:233.7,Bpos:243.5,Bstd:162.6,StrandBias:-0.3,Multiplicity:1.07
0.001	0.001	0.997	0.001
0.001	0.001	0.001	0.997
0.001	0.001	0.997	0.001
0.001	0.997	0.001	0.001
0.743	0.001	0.255	0.001
0.001	0.997	0.001	0.001
0.001	0.001	0.001	0.997
0.001	0.997	0.001	0.001
>GGTATGAC	25-GGTATGAC	9.408591	-15.086138	0	T:100.0(1.63%),B:404.7(0.95%),P:1e-6	Tpos:232.0,Tstd:163.1,Bpos:247.2,Bstd:147.2,StrandBias:0.9,Multiplicity:1.40
0.001	0.001	0.997	0.001
0.001	0.001	0.808	0.190
0.001	0.001	0.001	0.997
0.997	0.001	0.001	0.001
0.001	0.001	0.001	0.997
0.001	0.001	0.997	0.001
0.997	0.001	0.001	0.001
0.001	0.997	0.001	0.001
