>ACAGGAAGTK	1-ACAGGAAGTK	8.167300	-446.777929	0	T:1590.0(25.81%),B:5083.7(11.94%),P:1e-194	Tpos:297.1,Tstd:234.2,Bpos:235.4,Bstd:143.3,StrandBias:0.1,Multiplicity:1.22
0.690	0.001	0.308	0.001
0.078	0.752	0.169	0.001
0.894	0.104	0.001	0.001
0.001	0.001	0.997	0.001
0.001	0.001	0.997	0.001
0.997	0.001	0.001	0.001
0.840	0.001	0.001	0.158
0.396	0.001	0.602	0.001
0.001	0.314	0.001	0.684
0.164	0.163	0.407	0.266
>TGASTCABMN	2-TGASTCABMN	7.049908	-225.137646	0	T:966.0(15.68%),B:3254.4(7.64%),P:1e-97	Tpos:275.3,Tstd:219.0,Bpos:245.2,Bstd:141.1,StrandBias:0.0,Multiplicity:1.17
0.007	0.026	0.007	0.960
0.013	0.026	0.838	0.123
0.965	0.017	0.001	0.017
0.018	0.464	0.473	0.045
0.030	0.013	0.086	0.871
0.071	0.861	0.016	0.052
0.997	0.001	0.001	0.001
0.092	0.224	0.328	0.355
0.356	0.356	0.156	0.132
0.279	0.257	0.279	0.185
>CCACTAGGTG	3-CCACTAGGTG	8.516390	-159.859003	0	T:376.0(6.10%),B:906.9(2.13%),P:1e-69	Tpos:284.3,Tstd:247.2,Bpos:237.2,Bstd:139.3,StrandBias:-0.1,Multiplicity:1.04
0.019	0.959	0.021	0.001
0.002	0.996	0.001	0.001
0.926	0.014	0.014	0.046
0.004	0.933	0.062	0.001
0.059	0.139	0.008	0.794
0.997	0.001	0.001	0.001
0.001	0.001	0.997	0.001
0.309	0.001	0.680	0.010
0.011	0.011	0.153	0.825
0.001	0.001	0.978	0.020
>GTRGGCGGAG	4-GTRGGCGGAG	6.755098	-144.003143	0	T:1859.0(30.18%),B:8974.5(21.07%),P:1e-62	Tpos:314.9,Tstd:269.2,Bpos:240.8,Bstd:152.0,StrandBias:-0.2,Multiplicity:1.29
0.140	0.112	0.570	0.178
0.177	0.093	0.157	0.573
0.572	0.001	0.426	0.001
0.080	0.001	0.907	0.012
0.149	0.001	0.849	0.001
0.125	0.778	0.001	0.096
0.006	0.062	0.864	0.068
0.021	0.001	0.836	0.142
0.651	0.005	0.113	0.231
0.325	0.001	0.557	0.117
>MTGACTCATT	5-MTGACTCATT	6.291807	-140.032422	0	T:1389.0(22.55%),B:6230.6(14.63%),P:1e-60	Tpos:288.9,Tstd:243.3,Bpos:241.0,Bstd:142.7,StrandBias:0.2,Multiplicity:1.11
0.381	0.307	0.167	0.146
0.018	0.064	0.061	0.857
0.012	0.091	0.842	0.055
0.915	0.012	0.062	0.011
0.047	0.898	0.001	0.054
0.077	0.008	0.259	0.656
0.199	0.621	0.124	0.056
0.802	0.001	0.142	0.055
0.001	0.313	0.012	0.674
0.202	0.230	0.175	0.393
>ACATCAAAGG	6-ACATCAAAGG	7.429981	-139.148609	0	T:1085.0(17.61%),B:4521.9(10.62%),P:1e-60	Tpos:282.7,Tstd:226.4,Bpos:242.0,Bstd:146.6,StrandBias:0.1,Multiplicity:1.15
0.702	0.051	0.097	0.150
0.096	0.550	0.353	0.001
0.635	0.035	0.013	0.317
0.145	0.001	0.012	0.842
0.159	0.609	0.173	0.059
0.980	0.001	0.001	0.018
0.859	0.055	0.062	0.024
0.958	0.001	0.030	0.011
0.166	0.162	0.631	0.041
0.218	0.250	0.414	0.117
>ACCGGAAGRA	7-ACCGGAAGRA	8.248058	-121.071177	0	T:952.0(15.45%),B:3960.3(9.30%),P:1e-52	Tpos:301.6,Tstd:248.5,Bpos:241.5,Bstd:146.6,StrandBias:-0.1,Multiplicity:1.08
0.655	0.046	0.298	0.001
0.001	0.912	0.001	0.086
0.392	0.606	0.001	0.001
0.001	0.001	0.997	0.001
0.023	0.001	0.975	0.001
0.997	0.001	0.001	0.001
0.867	0.001	0.001	0.131
0.365	0.103	0.531	0.001
0.477	0.001	0.394	0.128
0.488	0.283	0.228	0.001
>TTWTTTCCGC	8-TTWTTTCCGC	7.342479	-103.837546	0	T:731.0(11.87%),B:2923.1(6.86%),P:1e-45	Tpos:317.1,Tstd:296.4,Bpos:241.5,Bstd:149.4,StrandBias:-0.1,Multiplicity:1.10
0.120	0.096	0.072	0.712
0.172	0.003	0.258	0.567
0.405	0.171	0.167	0.257
0.001	0.078	0.029	0.892
0.001	0.001	0.001	0.997
0.001	0.001	0.001	0.997
0.076	0.705	0.001	0.218
0.001	0.997	0.001	0.001
0.136	0.096	0.767	0.001
0.001	0.596	0.084	0.319
>GTTTCMKTTY	9-GTTTCMKTTY	8.704976	-103.062443	0	T:773.0(12.55%),B:3155.3(7.41%),P:1e-44	Tpos:297.8,Tstd:261.4,Bpos:245.6,Bstd:146.7,StrandBias:-0.1,Multiplicity:1.14
0.029	0.366	0.604	0.001
0.001	0.219	0.001	0.779
0.001	0.001	0.001	0.997
0.001	0.001	0.001	0.997
0.001	0.997	0.001	0.001
0.398	0.343	0.135	0.124
0.116	0.168	0.409	0.307
0.001	0.001	0.001	0.997
0.001	0.030	0.105	0.864
0.019	0.360	0.210	0.411
>AAAACCRCAC	10-AAAACCRCAC	6.878530	-102.906310	0	T:1622.0(26.33%),B:8081.1(18.98%),P:1e-44	Tpos:312.9,Tstd:270.4,Bpos:243.1,Bstd:151.3,StrandBias:0.0,Multiplicity:1.23
0.680	0.144	0.080	0.096
0.863	0.001	0.001	0.135
0.997	0.001	0.001	0.001
0.888	0.001	0.110	0.001
0.223	0.696	0.080	0.001
0.256	0.714	0.001	0.029
0.379	0.132	0.396	0.093
0.001	0.902	0.015	0.082
0.667	0.058	0.093	0.182
0.142	0.574	0.194	0.090
>TATGCAAATC	11-TATGCAAATC	9.580456	-93.016207	0	T:158.0(2.56%),B:302.4(0.71%),P:1e-40	Tpos:310.1,Tstd:232.0,Bpos:245.9,Bstd:146.4,StrandBias:0.1,Multiplicity:1.04
0.001	0.045	0.021	0.933
0.997	0.001	0.001	0.001
0.015	0.022	0.008	0.955
0.001	0.001	0.997	0.001
0.001	0.997	0.001	0.001
0.997	0.001	0.001	0.001
0.972	0.001	0.026	0.001
0.997	0.001	0.001	0.001
0.039	0.017	0.047	0.897
0.224	0.415	0.170	0.190
>GGGGGGGGGG	12-GGGGGGGGGG	6.404373	-56.917263	0	T:2978.0(48.34%),B:17797.8(41.79%),P:1e-24	Tpos:353.5,Tstd:309.1,Bpos:241.5,Bstd:148.5,StrandBias:0.0,Multiplicity:2.21
0.100	0.100	0.700	0.100
0.100	0.100	0.700	0.100
0.100	0.100	0.700	0.100
0.100	0.100	0.700	0.100
0.100	0.100	0.700	0.100
0.100	0.100	0.700	0.100
0.100	0.100	0.700	0.100
0.100	0.100	0.700	0.100
0.100	0.100	0.700	0.100
0.100	0.100	0.700	0.100
>GGTCACGTGA	13-GGTCACGTGA	6.104966	-52.927678	0	T:369.0(5.99%),B:1463.7(3.44%),P:1e-22	Tpos:309.2,Tstd:245.7,Bpos:244.3,Bstd:155.7,StrandBias:0.1,Multiplicity:1.05
0.136	0.193	0.497	0.174
0.168	0.171	0.531	0.130
0.124	0.137	0.163	0.576
0.132	0.508	0.164	0.196
0.676	0.109	0.113	0.102
0.053	0.790	0.106	0.051
0.094	0.079	0.640	0.187
0.140	0.131	0.112	0.617
0.152	0.141	0.561	0.146
0.571	0.142	0.126	0.161
>GGGAAATTCC	14-GGGAAATTCC	8.915371	-51.822809	0	T:207.0(3.36%),B:665.5(1.56%),P:1e-22	Tpos:302.4,Tstd:243.8,Bpos:245.5,Bstd:135.3,StrandBias:-0.1,Multiplicity:1.03
0.076	0.001	0.736	0.187
0.080	0.023	0.879	0.018
0.027	0.023	0.913	0.037
0.606	0.001	0.357	0.036
0.714	0.059	0.204	0.023
0.575	0.001	0.074	0.350
0.139	0.030	0.131	0.700
0.012	0.312	0.034	0.642
0.042	0.908	0.001	0.049
0.039	0.959	0.001	0.001
>TDAGCAGCTG	15-TDAGCAGCTG	6.222826	-48.950975	0	T:477.0(7.74%),B:2085.8(4.90%),P:1e-21	Tpos:301.1,Tstd:228.9,Bpos:242.0,Bstd:144.0,StrandBias:0.3,Multiplicity:1.04
0.187	0.016	0.174	0.623
0.385	0.050	0.255	0.310
0.451	0.189	0.227	0.133
0.270	0.117	0.494	0.120
0.175	0.624	0.097	0.104
0.544	0.217	0.226	0.013
0.295	0.114	0.572	0.019
0.012	0.714	0.057	0.217
0.098	0.239	0.167	0.496
0.205	0.056	0.551	0.188
>GCGTTTAAAG	16-GCGTTTAAAG	6.685407	-47.553957	0	T:843.0(13.69%),B:4220.4(9.91%),P:1e-20	Tpos:307.7,Tstd:259.0,Bpos:248.1,Bstd:150.0,StrandBias:0.0,Multiplicity:1.09
0.082	0.052	0.817	0.049
0.061	0.770	0.096	0.073
0.052	0.111	0.738	0.099
0.019	0.040	0.059	0.882
0.049	0.068	0.082	0.801
0.057	0.106	0.038	0.799
0.841	0.059	0.040	0.060
0.773	0.079	0.107	0.041
0.847	0.029	0.079	0.045
0.135	0.066	0.738	0.061
>TGCGCATGCG	17-TGCGCATGCG	8.053068	-41.552140	0	T:516.0(8.38%),B:2394.4(5.62%),P:1e-18	Tpos:337.5,Tstd:273.6,Bpos:242.9,Bstd:165.0,StrandBias:0.0,Multiplicity:1.25
0.240	0.001	0.196	0.563
0.001	0.096	0.887	0.016
0.001	0.920	0.078	0.001
0.001	0.001	0.957	0.041
0.001	0.959	0.028	0.012
0.673	0.198	0.095	0.034
0.055	0.001	0.379	0.565
0.001	0.047	0.951	0.001
0.007	0.797	0.001	0.195
0.178	0.120	0.577	0.125
>GGTTACTAAC	18-GGTTACTAAC	7.454340	-31.482343	0	T:106.0(1.72%),B:318.5(0.75%),P:1e-13	Tpos:286.2,Tstd:266.7,Bpos:260.5,Bstd:145.4,StrandBias:0.1,Multiplicity:1.02
0.152	0.313	0.512	0.023
0.061	0.072	0.668	0.199
0.008	0.202	0.038	0.752
0.184	0.021	0.027	0.768
0.473	0.087	0.294	0.146
0.078	0.622	0.069	0.231
0.239	0.055	0.049	0.657
0.634	0.295	0.038	0.033
0.506	0.086	0.292	0.116
0.220	0.605	0.140	0.035
>AGCGAGGCGT	19-AGCGAGGCGT	10.187298	-22.259282	0	T:26.0(0.42%),B:38.8(0.09%),P:1e-9	Tpos:294.5,Tstd:210.8,Bpos:254.6,Bstd:157.4,StrandBias:-0.6,Multiplicity:1.08
0.997	0.001	0.001	0.001
0.001	0.271	0.526	0.202
0.001	0.997	0.001	0.001
0.001	0.001	0.997	0.001
0.997	0.001	0.001	0.001
0.001	0.001	0.743	0.255
0.140	0.001	0.858	0.001
0.001	0.914	0.001	0.084
0.085	0.001	0.913	0.001
0.001	0.001	0.001	0.997
>AGCACACTAC	20-AGCACACTAC	11.562876	-21.647270	0	T:18.0(0.29%),B:18.3(0.04%),P:1e-9	Tpos:221.1,Tstd:197.3,Bpos:183.4,Bstd:138.2,StrandBias:0.2,Multiplicity:1.00
0.997	0.001	0.001	0.001
0.001	0.001	0.997	0.001
0.001	0.997	0.001	0.001
0.997	0.001	0.001	0.001
0.001	0.895	0.001	0.103
0.997	0.001	0.001	0.001
0.001	0.997	0.001	0.001
0.001	0.001	0.001	0.997
0.997	0.001	0.001	0.001
0.001	0.997	0.001	0.001
>TCTGACGTCC	21-TCTGACGTCC	10.296193	-16.371962	0	T:9.0(0.15%),B:5.6(0.01%),P:1e-7	Tpos:227.6,Tstd:138.2,Bpos:321.4,Bstd:123.0,StrandBias:1.0,Multiplicity:1.00
0.100	0.100	0.100	0.700
0.100	0.700	0.100	0.100
0.100	0.100	0.100	0.700
0.100	0.100	0.700	0.100
0.700	0.100	0.100	0.100
0.100	0.700	0.100	0.100
0.100	0.100	0.700	0.100
0.100	0.100	0.100	0.700
0.100	0.700	0.100	0.100
0.100	0.700	0.100	0.100
>TTGGCGTGTT	22-TTGGCGTGTT	11.723937	-13.601546	0	T:9.0(0.15%),B:7.9(0.02%),P:1e-5	Tpos:211.4,Tstd:139.7,Bpos:114.0,Bstd:88.0,StrandBias:0.3,Multiplicity:1.00
0.001	0.001	0.001	0.997
0.001	0.001	0.001	0.997
0.001	0.001	0.997	0.001
0.001	0.001	0.997	0.001
0.001	0.997	0.001	0.001
0.001	0.001	0.997	0.001
0.001	0.121	0.001	0.877
0.001	0.001	0.997	0.001
0.001	0.001	0.001	0.997
0.001	0.001	0.001	0.997
>TTGCAACCCC	23-TTGCAACCCC	10.296193	-11.162014	0	T:10.0(0.16%),B:12.6(0.03%),P:1e-4	Tpos:279.2,Tstd:163.1,Bpos:223.2,Bstd:139.9,StrandBias:-1.4,Multiplicity:1.10
0.100	0.100	0.100	0.700
0.100	0.100	0.100	0.700
0.100	0.100	0.700	0.100
0.100	0.700	0.100	0.100
0.700	0.100	0.100	0.100
0.700	0.100	0.100	0.100
0.100	0.700	0.100	0.100
0.100	0.700	0.100	0.100
0.100	0.700	0.100	0.100
0.100	0.700	0.100	0.100
>TGATGTTACC	24-TGATGTTACC	6.404373	-9.186285	0	T:1551.0(25.18%),B:9862.9(23.16%),P:1e-3	Tpos:295.1,Tstd:250.9,Bpos:240.3,Bstd:140.2,StrandBias:0.1,Multiplicity:1.21
0.100	0.100	0.100	0.700
0.100	0.100	0.700	0.100
0.700	0.100	0.100	0.100
0.100	0.100	0.100	0.700
0.100	0.100	0.700	0.100
0.100	0.100	0.100	0.700
0.100	0.100	0.100	0.700
0.700	0.100	0.100	0.100
0.100	0.700	0.100	0.100
0.100	0.700	0.100	0.100
>ATGAGTATAC	25-ATGAGTATAC	10.296193	-4.536444	0	T:5.0(0.08%),B:9.7(0.02%),P:1e-1	Tpos:184.9,Tstd:147.0,Bpos:312.1,Bstd:82.3,StrandBias:3.2,Multiplicity:4.00
0.700	0.100	0.100	0.100
0.100	0.100	0.100	0.700
0.100	0.100	0.700	0.100
0.700	0.100	0.100	0.100
0.100	0.100	0.700	0.100
0.100	0.100	0.100	0.700
0.700	0.100	0.100	0.100
0.100	0.100	0.100	0.700
0.700	0.100	0.100	0.100
0.100	0.700	0.100	0.100
