>WRACAGGAAGTV	1-WRACAGGAAGTV	8.566903	-450.143845	0	T:1352.0(21.95%),B:3927.1(9.22%),P:1e-195	Tpos:288.6,Tstd:219.6,Bpos:237.8,Bstd:140.5,StrandBias:0.0,Multiplicity:1.18
0.366	0.187	0.208	0.239
0.367	0.194	0.283	0.155
0.664	0.001	0.334	0.001
0.113	0.629	0.209	0.049
0.944	0.054	0.001	0.001
0.001	0.001	0.997	0.001
0.010	0.004	0.983	0.003
0.997	0.001	0.001	0.001
0.748	0.001	0.001	0.250
0.323	0.076	0.600	0.001
0.081	0.267	0.010	0.642
0.246	0.235	0.343	0.176
>CCACTAGGKGGC	2-CCACTAGGKGGC	9.771029	-272.189643	0	T:429.0(6.96%),B:772.9(1.81%),P:1e-118	Tpos:280.2,Tstd:232.4,Bpos:240.8,Bstd:138.8,StrandBias:-0.0,Multiplicity:1.03
0.100	0.851	0.037	0.012
0.001	0.965	0.001	0.033
0.725	0.032	0.034	0.209
0.001	0.599	0.399	0.001
0.175	0.298	0.025	0.502
0.769	0.050	0.053	0.128
0.011	0.001	0.987	0.001
0.370	0.017	0.612	0.001
0.030	0.001	0.546	0.423
0.025	0.001	0.947	0.027
0.140	0.001	0.706	0.153
0.201	0.634	0.001	0.164
>ANTBMTGASTCA	3-ANTBMTGASTCA	7.335334	-222.450541	0	T:929.0(15.08%),B:3089.7(7.25%),P:1e-96	Tpos:273.4,Tstd:216.9,Bpos:246.9,Bstd:140.9,StrandBias:-0.0,Multiplicity:1.16
0.391	0.185	0.188	0.236
0.276	0.185	0.288	0.252
0.229	0.131	0.238	0.403
0.175	0.186	0.327	0.312
0.405	0.307	0.169	0.119
0.001	0.001	0.001	0.997
0.001	0.020	0.971	0.008
0.942	0.001	0.003	0.054
0.006	0.431	0.544	0.019
0.001	0.058	0.043	0.898
0.100	0.898	0.001	0.001
0.997	0.001	0.001	0.001
>TGGGCGGGGCYD	4-TGGGCGGGGCYD	8.970369	-129.121927	0	T:845.0(13.72%),B:3313.0(7.78%),P:1e-56	Tpos:317.6,Tstd:251.2,Bpos:239.1,Bstd:155.0,StrandBias:0.1,Multiplicity:1.40
0.237	0.110	0.242	0.412
0.330	0.001	0.668	0.001
0.001	0.001	0.997	0.001
0.001	0.001	0.997	0.001
0.001	0.729	0.001	0.269
0.001	0.001	0.981	0.017
0.001	0.001	0.738	0.260
0.279	0.054	0.666	0.001
0.189	0.244	0.566	0.001
0.133	0.865	0.001	0.001
0.149	0.429	0.001	0.421
0.245	0.187	0.213	0.355
>ACTTTCABTTTC	5-ACTTTCABTTTC	9.334765	-101.771293	0	T:326.0(5.29%),B:938.4(2.20%),P:1e-44	Tpos:301.7,Tstd:249.1,Bpos:239.1,Bstd:141.2,StrandBias:-0.1,Multiplicity:1.06
0.500	0.083	0.249	0.168
0.001	0.699	0.195	0.105
0.001	0.007	0.001	0.991
0.055	0.001	0.037	0.907
0.001	0.018	0.075	0.906
0.037	0.904	0.019	0.040
0.826	0.071	0.094	0.009
0.001	0.322	0.300	0.377
0.037	0.010	0.001	0.952
0.101	0.001	0.112	0.786
0.188	0.019	0.013	0.780
0.154	0.653	0.088	0.105
>DWATGCAAATSH	6-DWATGCAAATSH	9.486519	-90.595319	0	T:212.0(3.44%),B:509.0(1.20%),P:1e-39	Tpos:283.2,Tstd:223.7,Bpos:247.9,Bstd:144.0,StrandBias:0.3,Multiplicity:1.06
0.322	0.153	0.278	0.247
0.378	0.151	0.159	0.312
0.887	0.001	0.111	0.001
0.060	0.001	0.120	0.819
0.001	0.001	0.997	0.001
0.001	0.997	0.001	0.001
0.827	0.001	0.033	0.139
0.783	0.129	0.001	0.087
0.858	0.051	0.090	0.001
0.001	0.001	0.193	0.805
0.174	0.350	0.286	0.190
0.346	0.305	0.103	0.247
>CTTTGATGTGGT	7-CTTTGATGTGGT	9.403386	-90.085508	0	T:283.0(4.59%),B:806.5(1.89%),P:1e-39	Tpos:277.6,Tstd:215.6,Bpos:227.3,Bstd:143.5,StrandBias:0.0,Multiplicity:1.04
0.062	0.766	0.089	0.083
0.059	0.083	0.001	0.857
0.042	0.091	0.073	0.794
0.058	0.001	0.017	0.924
0.049	0.068	0.783	0.100
0.793	0.105	0.024	0.078
0.113	0.001	0.056	0.830
0.001	0.049	0.918	0.032
0.035	0.010	0.032	0.923
0.067	0.001	0.842	0.090
0.076	0.072	0.769	0.083
0.064	0.066	0.070	0.800
>GGGGGRGGGAGG	8-GGGGGRGGGAGG	8.621990	-87.431156	0	T:1386.0(22.50%),B:6872.0(16.14%),P:1e-37	Tpos:334.0,Tstd:313.7,Bpos:238.9,Bstd:142.1,StrandBias:0.0,Multiplicity:1.24
0.281	0.060	0.639	0.020
0.032	0.001	0.882	0.085
0.281	0.013	0.595	0.111
0.278	0.039	0.516	0.167
0.081	0.127	0.776	0.016
0.341	0.001	0.475	0.183
0.167	0.001	0.780	0.052
0.098	0.001	0.862	0.039
0.072	0.031	0.896	0.001
0.997	0.001	0.001	0.001
0.055	0.001	0.943	0.001
0.001	0.001	0.781	0.217
>GGGGAAATCCCC	9-GGGGAAATCCCC	8.783212	-76.132345	0	T:306.0(4.97%),B:983.4(2.31%),P:1e-33	Tpos:321.8,Tstd:263.6,Bpos:240.8,Bstd:138.6,StrandBias:-0.1,Multiplicity:1.05
0.226	0.042	0.495	0.237
0.001	0.001	0.769	0.229
0.001	0.001	0.997	0.001
0.145	0.001	0.853	0.001
0.736	0.001	0.227	0.036
0.940	0.010	0.049	0.001
0.613	0.114	0.111	0.162
0.149	0.098	0.128	0.625
0.062	0.527	0.045	0.366
0.103	0.805	0.010	0.082
0.001	0.900	0.001	0.098
0.066	0.805	0.020	0.109
>GCTTCCTGTCTG	10-GCTTCCTGTCTG	9.195781	-66.154706	0	T:429.0(6.96%),B:1661.2(3.90%),P:1e-28	Tpos:274.3,Tstd:208.2,Bpos:241.2,Bstd:135.6,StrandBias:-0.0,Multiplicity:1.05
0.001	0.248	0.750	0.001
0.001	0.844	0.001	0.154
0.001	0.055	0.001	0.943
0.022	0.001	0.001	0.976
0.001	0.997	0.001	0.001
0.130	0.868	0.001	0.001
0.001	0.001	0.228	0.770
0.001	0.114	0.710	0.175
0.001	0.088	0.098	0.813
0.054	0.913	0.032	0.001
0.373	0.001	0.001	0.625
0.001	0.036	0.857	0.106
>GGGGGGGGGGGG	11-GGGGGGGGGGGG	8.463612	-62.739693	0	T:1401.0(22.74%),B:7362.3(17.29%),P:1e-27	Tpos:346.4,Tstd:300.9,Bpos:241.1,Bstd:144.2,StrandBias:0.0,Multiplicity:1.40
0.100	0.100	0.700	0.100
0.100	0.100	0.700	0.100
0.100	0.100	0.700	0.100
0.100	0.100	0.700	0.100
0.100	0.100	0.700	0.100
0.100	0.100	0.700	0.100
0.100	0.100	0.700	0.100
0.100	0.100	0.700	0.100
0.100	0.100	0.700	0.100
0.100	0.100	0.700	0.100
0.100	0.100	0.700	0.100
0.100	0.100	0.700	0.100
>CWSACTTCAAAG	12-CWSACTTCAAAG	8.594648	-61.357936	0	T:423.0(6.87%),B:1671.7(3.93%),P:1e-26	Tpos:278.0,Tstd:210.5,Bpos:250.7,Bstd:139.8,StrandBias:0.2,Multiplicity:1.04
0.073	0.692	0.022	0.213
0.419	0.216	0.001	0.364
0.209	0.254	0.402	0.136
0.725	0.171	0.082	0.022
0.083	0.696	0.220	0.001
0.001	0.142	0.022	0.835
0.001	0.030	0.012	0.957
0.001	0.997	0.001	0.001
0.997	0.001	0.001	0.001
0.831	0.146	0.022	0.001
0.953	0.001	0.045	0.001
0.001	0.001	0.997	0.001
>TTCAAAACCACA	13-TTCAAAACCACA	9.336072	-45.490688	0	T:213.0(3.46%),B:733.5(1.72%),P:1e-19	Tpos:291.4,Tstd:250.4,Bpos:246.8,Bstd:146.6,StrandBias:-0.1,Multiplicity:1.01
0.079	0.089	0.044	0.788
0.044	0.107	0.040	0.809
0.076	0.781	0.073	0.070
0.857	0.036	0.025	0.082
0.836	0.061	0.052	0.051
0.836	0.077	0.058	0.029
0.866	0.056	0.052	0.026
0.037	0.839	0.044	0.080
0.054	0.864	0.042	0.040
0.847	0.088	0.024	0.041
0.062	0.817	0.077	0.044
0.862	0.036	0.029	0.073
>TGTGTGGGCKGA	14-TGTGTGGGCKGA	11.707083	-45.244376	0	T:77.0(1.25%),B:150.1(0.35%),P:1e-19	Tpos:258.8,Tstd:185.4,Bpos:235.0,Bstd:143.3,StrandBias:0.2,Multiplicity:1.01
0.001	0.066	0.035	0.898
0.066	0.001	0.867	0.066
0.001	0.001	0.001	0.997
0.001	0.001	0.997	0.001
0.001	0.001	0.027	0.971
0.004	0.001	0.994	0.001
0.001	0.001	0.997	0.001
0.001	0.001	0.997	0.001
0.051	0.617	0.001	0.331
0.066	0.001	0.530	0.403
0.066	0.001	0.928	0.005
0.594	0.067	0.128	0.211
>GAAAAAAAAAAC	15-GAAAAAAAAAAC	7.862737	-36.984364	0	T:1149.0(18.65%),B:6301.4(14.80%),P:1e-16	Tpos:333.9,Tstd:283.2,Bpos:238.1,Bstd:161.7,StrandBias:0.0,Multiplicity:1.24
0.141	0.086	0.744	0.029
0.854	0.027	0.118	0.001
0.837	0.054	0.068	0.041
0.887	0.005	0.063	0.045
0.814	0.065	0.068	0.053
0.731	0.120	0.010	0.139
0.834	0.091	0.049	0.026
0.918	0.018	0.056	0.008
0.832	0.127	0.035	0.006
0.798	0.121	0.052	0.029
0.836	0.063	0.063	0.038
0.136	0.817	0.011	0.036
>CGYGTAATCGTG	16-CGYGTAATCGTG	5.888536	-31.830428	0	T:825.0(13.39%),B:4396.3(10.32%),P:1e-13	Tpos:313.3,Tstd:253.9,Bpos:245.4,Bstd:145.9,StrandBias:0.0,Multiplicity:1.08
0.031	0.479	0.166	0.325
0.130	0.071	0.614	0.185
0.041	0.477	0.001	0.481
0.255	0.031	0.600	0.114
0.136	0.089	0.056	0.719
0.751	0.035	0.052	0.162
0.790	0.001	0.149	0.060
0.001	0.276	0.281	0.441
0.003	0.939	0.057	0.001
0.275	0.001	0.677	0.047
0.240	0.080	0.001	0.679
0.010	0.134	0.757	0.099
>SCCGGGGGGGSA	17-SCCGGGGGGGSA	7.986450	-27.725642	0	T:644.0(10.45%),B:3371.5(7.92%),P:1e-12	Tpos:397.0,Tstd:337.8,Bpos:237.3,Bstd:158.2,StrandBias:0.0,Multiplicity:1.15
0.042	0.403	0.484	0.071
0.064	0.496	0.320	0.120
0.056	0.878	0.065	0.001
0.007	0.001	0.991	0.001
0.136	0.029	0.721	0.114
0.150	0.053	0.718	0.079
0.132	0.076	0.569	0.223
0.149	0.005	0.845	0.001
0.029	0.019	0.763	0.189
0.148	0.098	0.616	0.138
0.063	0.400	0.524	0.013
0.997	0.001	0.001	0.001
>AMATAACGWWCG	18-AMATAACGWWCG	7.974889	-16.110459	0	T:80.0(1.30%),B:290.0(0.68%),P:1e-6	Tpos:293.8,Tstd:216.4,Bpos:229.6,Bstd:151.2,StrandBias:0.1,Multiplicity:1.00
0.545	0.055	0.328	0.072
0.472	0.399	0.092	0.037
0.489	0.054	0.311	0.146
0.072	0.036	0.054	0.838
0.945	0.018	0.036	0.001
0.799	0.146	0.054	0.001
0.072	0.838	0.054	0.036
0.254	0.054	0.691	0.001
0.489	0.020	0.036	0.454
0.437	0.036	0.072	0.455
0.126	0.636	0.038	0.200
0.145	0.018	0.746	0.091
>TGATGTTACCAT	19-TGATGTTACCAT	-8.146352	-11.487233	0	T:2620.0(42.53%),B:16976.0(39.86%),P:1e-4	Tpos:295.2,Tstd:241.0,Bpos:242.3,Bstd:139.5,StrandBias:-0.0,Multiplicity:1.44
0.001	0.001	0.001	0.997
0.001	0.001	0.997	0.001
0.997	0.001	0.001	0.001
0.001	0.001	0.001	0.997
0.001	0.018	0.980	0.001
0.001	0.001	0.001	0.997
0.001	0.001	0.001	0.997
0.997	0.001	0.001	0.001
0.001	0.997	0.001	0.001
0.001	0.997	0.001	0.001
0.980	0.001	0.018	0.001
0.001	0.001	0.001	0.997
>ACAACTCACCAC	20-ACAACTCACCAC	13.811812	-11.425808	0	T:7.0(0.11%),B:5.7(0.01%),P:1e-4	Tpos:125.2,Tstd:93.8,Bpos:121.8,Bstd:78.6,StrandBias:2.2,Multiplicity:1.83
0.997	0.001	0.001	0.001
0.001	0.927	0.071	0.001
0.997	0.001	0.001	0.001
0.997	0.001	0.001	0.001
0.001	0.997	0.001	0.001
0.001	0.001	0.001	0.997
0.001	0.997	0.001	0.001
0.927	0.071	0.001	0.001
0.001	0.997	0.001	0.001
0.001	0.927	0.071	0.001
0.997	0.001	0.001	0.001
0.001	0.997	0.001	0.001
>ATGTTACCATTT	21-ATGTTACCATTT	10.842343	-9.822441	0	T:46.0(0.75%),B:168.9(0.40%),P:1e-4	Tpos:298.7,Tstd:236.4,Bpos:245.5,Bstd:144.8,StrandBias:-0.4,Multiplicity:1.00
0.558	0.002	0.346	0.094
0.258	0.090	0.090	0.562
0.001	0.001	0.899	0.099
0.090	0.001	0.088	0.821
0.002	0.090	0.006	0.902
0.550	0.090	0.092	0.268
0.090	0.819	0.001	0.090
0.092	0.815	0.001	0.092
0.906	0.003	0.001	0.090
0.001	0.175	0.001	0.823
0.001	0.001	0.001	0.997
0.001	0.001	0.001	0.997
>GATGTTACCATT	22-GATGTTACCATT	7.830530	-8.958118	0	T:268.0(4.35%),B:1474.5(3.46%),P:1e-3	Tpos:290.2,Tstd:253.6,Bpos:233.0,Bstd:134.2,StrandBias:-0.0,Multiplicity:1.01
0.125	0.117	0.711	0.047
0.713	0.125	0.069	0.093
0.157	0.048	0.106	0.689
0.096	0.001	0.757	0.146
0.088	0.104	0.066	0.742
0.079	0.120	0.120	0.681
0.664	0.091	0.093	0.152
0.097	0.670	0.096	0.137
0.085	0.784	0.039	0.092
0.795	0.081	0.001	0.123
0.051	0.080	0.071	0.798
0.003	0.001	0.001	0.995
>TTGATGTTACCA	23-TTGATGTTACCA	6.517702	-7.084018	0	T:1558.0(25.29%),B:10039.4(23.57%),P:1e-3	Tpos:283.2,Tstd:235.5,Bpos:238.7,Bstd:140.6,StrandBias:0.3,Multiplicity:1.10
0.100	0.100	0.100	0.700
0.100	0.100	0.100	0.700
0.100	0.100	0.700	0.100
0.700	0.100	0.100	0.100
0.100	0.100	0.100	0.700
0.100	0.100	0.700	0.100
0.100	0.100	0.100	0.700
0.100	0.100	0.100	0.700
0.700	0.100	0.100	0.100
0.100	0.700	0.100	0.100
0.100	0.700	0.100	0.100
0.700	0.100	0.100	0.100
>CAAGGGTGTGTC	24-CAAGGGTGTGTC	13.957406	-5.728560	0	T:3.0(0.05%),B:2.9(0.01%),P:1e-2	Tpos:170.7,Tstd:155.7,Bpos:258.1,Bstd:109.4,StrandBias:-2.0,Multiplicity:3.33
0.001	0.997	0.001	0.001
0.997	0.001	0.001	0.001
0.997	0.001	0.001	0.001
0.001	0.001	0.997	0.001
0.001	0.001	0.997	0.001
0.001	0.001	0.997	0.001
0.001	0.001	0.001	0.997
0.071	0.001	0.927	0.001
0.001	0.001	0.001	0.997
0.001	0.001	0.997	0.001
0.001	0.001	0.001	0.997
0.001	0.997	0.001	0.001
>AATGAGTATACA	25-AATGAGTATACA	10.409522	-3.017254	0	T:13.0(0.21%),B:53.9(0.13%),P:1e-1	Tpos:236.4,Tstd:194.9,Bpos:243.4,Bstd:127.7,StrandBias:1.9,Multiplicity:2.23
0.700	0.100	0.100	0.100
0.700	0.100	0.100	0.100
0.100	0.100	0.100	0.700
0.100	0.100	0.700	0.100
0.700	0.100	0.100	0.100
0.100	0.100	0.700	0.100
0.100	0.100	0.100	0.700
0.700	0.100	0.100	0.100
0.100	0.100	0.100	0.700
0.700	0.100	0.100	0.100
0.100	0.700	0.100	0.100
0.700	0.100	0.100	0.100
