>ACTTCCGG	1-ACTTCCGG	4.168056	-308.533422	0	T:1312.0(21.30%),B:4471.9(10.50%),P:1e-133	Tpos:308.1,Tstd:261.2,Bpos:240.0,Bstd:148.2,StrandBias:-0.0,Multiplicity:1.12
0.997	0.001	0.001	0.001
0.001	0.985	0.001	0.013
0.001	0.001	0.001	0.997
0.001	0.001	0.001	0.997
0.001	0.997	0.001	0.001
0.001	0.997	0.001	0.001
0.001	0.001	0.918	0.080
0.001	0.036	0.962	0.001
>CTTCCTGT	2-CTTCCTGT	7.827718	-297.374663	0	T:1355.0(22.00%),B:4758.0(11.17%),P:1e-129	Tpos:287.7,Tstd:225.3,Bpos:236.5,Bstd:141.1,StrandBias:0.0,Multiplicity:1.19
0.001	0.766	0.001	0.232
0.138	0.001	0.001	0.860
0.001	0.001	0.001	0.997
0.001	0.997	0.001	0.001
0.001	0.997	0.001	0.001
0.001	0.001	0.059	0.939
0.001	0.001	0.997	0.001
0.001	0.001	0.001	0.997
>CTGACTCA	3-CTGACTCA	4.405162	-208.629609	0	T:822.0(13.34%),B:2653.4(6.23%),P:1e-90	Tpos:277.6,Tstd:223.7,Bpos:244.7,Bstd:141.0,StrandBias:-0.1,Multiplicity:1.15
0.004	0.621	0.374	0.001
0.001	0.001	0.001	0.997
0.001	0.001	0.997	0.001
0.997	0.001	0.001	0.001
0.001	0.680	0.318	0.001
0.001	0.001	0.001	0.997
0.001	0.997	0.001	0.001
0.997	0.001	0.001	0.001
>GKGGGCGG	4-GKGGGCGG	7.778661	-142.949207	0	T:1667.0(27.06%),B:7830.2(18.39%),P:1e-62	Tpos:333.0,Tstd:275.0,Bpos:240.4,Bstd:152.1,StrandBias:-0.0,Multiplicity:1.53
0.199	0.058	0.639	0.104
0.092	0.001	0.508	0.399
0.001	0.001	0.988	0.010
0.001	0.037	0.961	0.001
0.119	0.003	0.877	0.001
0.040	0.636	0.123	0.201
0.001	0.001	0.959	0.039
0.057	0.038	0.904	0.001
>TGTGGTTT	5-TGTGGTTT	5.339810	-130.765601	0	T:643.0(10.44%),B:2262.4(5.31%),P:1e-56	Tpos:315.4,Tstd:263.2,Bpos:243.5,Bstd:150.6,StrandBias:-0.1,Multiplicity:1.09
0.001	0.065	0.001	0.933
0.001	0.001	0.997	0.001
0.001	0.060	0.001	0.938
0.001	0.001	0.997	0.001
0.001	0.001	0.997	0.001
0.001	0.001	0.001	0.997
0.001	0.001	0.001	0.997
0.170	0.001	0.001	0.828
>AACGGAAA	6-AACGGAAA	5.774942	-101.125057	0	T:2123.0(34.46%),B:11238.5(26.39%),P:1e-43	Tpos:307.1,Tstd:261.7,Bpos:242.6,Bstd:147.9,StrandBias:0.0,Multiplicity:1.37
0.891	0.051	0.032	0.026
0.826	0.054	0.075	0.045
0.121	0.771	0.001	0.107
0.050	0.035	0.851	0.064
0.013	0.024	0.962	0.001
0.976	0.022	0.001	0.001
0.981	0.017	0.001	0.001
0.877	0.014	0.071	0.038
>CTTTGATC	7-CTTTGATC	4.875067	-94.593226	0	T:685.0(11.12%),B:2760.3(6.48%),P:1e-41	Tpos:277.8,Tstd:216.4,Bpos:245.9,Bstd:146.0,StrandBias:-0.2,Multiplicity:1.09
0.001	0.997	0.001	0.001
0.001	0.001	0.001	0.997
0.001	0.001	0.001	0.997
0.001	0.001	0.001	0.997
0.001	0.001	0.997	0.001
0.997	0.001	0.001	0.001
0.037	0.001	0.001	0.961
0.001	0.943	0.055	0.001
>ATTTGCAT	8-ATTTGCAT	8.236954	-83.819481	0	T:239.0(3.88%),B:646.3(1.52%),P:1e-36	Tpos:286.2,Tstd:227.8,Bpos:248.0,Bstd:144.7,StrandBias:-0.2,Multiplicity:1.08
0.700	0.100	0.100	0.100
0.100	0.100	0.100	0.700
0.100	0.100	0.100	0.700
0.100	0.100	0.100	0.700
0.100	0.100	0.700	0.100
0.100	0.700	0.100	0.100
0.700	0.100	0.100	0.100
0.100	0.100	0.100	0.700
>VCGTYADA	9-VCGTYADA	4.724214	-72.052212	0	T:2586.0(41.98%),B:14805.3(34.76%),P:1e-31	Tpos:344.2,Tstd:301.4,Bpos:241.4,Bstd:156.4,StrandBias:-0.0,Multiplicity:1.52
0.396	0.267	0.336	0.001
0.001	0.997	0.001	0.001
0.119	0.001	0.879	0.001
0.001	0.245	0.263	0.491
0.001	0.482	0.140	0.377
0.582	0.001	0.001	0.416
0.345	0.105	0.319	0.231
0.603	0.200	0.136	0.061
>RGAGGGMG	10-RGAGGGMG	7.897468	-70.428392	0	T:1723.0(27.97%),B:9238.9(21.69%),P:1e-30	Tpos:352.1,Tstd:317.3,Bpos:240.1,Bstd:148.6,StrandBias:0.1,Multiplicity:1.43
0.514	0.001	0.484	0.001
0.001	0.096	0.818	0.085
0.687	0.001	0.311	0.001
0.001	0.001	0.788	0.210
0.119	0.001	0.879	0.001
0.001	0.001	0.997	0.001
0.542	0.456	0.001	0.001
0.001	0.001	0.997	0.001
>CTCCGCCT	11-CTCCGCCT	8.488656	-67.886492	0	T:572.0(9.29%),B:2405.5(5.65%),P:1e-29	Tpos:339.6,Tstd:270.8,Bpos:237.9,Bstd:160.5,StrandBias:0.1,Multiplicity:1.14
0.105	0.740	0.001	0.154
0.001	0.245	0.001	0.753
0.046	0.952	0.001	0.001
0.001	0.997	0.001	0.001
0.001	0.001	0.997	0.001
0.001	0.997	0.001	0.001
0.001	0.997	0.001	0.001
0.001	0.001	0.001	0.997
>CGGATGTT	12-CGGATGTT	8.038165	-65.301291	0	T:600.0(9.74%),B:2585.1(6.07%),P:1e-28	Tpos:314.1,Tstd:273.3,Bpos:239.8,Bstd:145.0,StrandBias:0.1,Multiplicity:1.05
0.302	0.696	0.001	0.001
0.001	0.001	0.997	0.001
0.001	0.001	0.997	0.001
0.776	0.222	0.001	0.001
0.001	0.001	0.089	0.909
0.001	0.001	0.997	0.001
0.001	0.259	0.001	0.739
0.001	0.001	0.375	0.623
>CACGTGAT	13-CACGTGAT	5.643377	-57.544753	0	T:1283.0(20.83%),B:6725.1(15.79%),P:1e-24	Tpos:309.1,Tstd:261.0,Bpos:243.0,Bstd:148.0,StrandBias:0.0,Multiplicity:1.17
0.018	0.900	0.042	0.040
0.965	0.001	0.015	0.019
0.028	0.935	0.001	0.036
0.001	0.029	0.969	0.001
0.001	0.042	0.001	0.956
0.016	0.021	0.938	0.025
0.880	0.001	0.073	0.046
0.020	0.347	0.067	0.566
>GACGAAAG	14-GACGAAAG	7.335920	-54.602946	0	T:470.0(7.63%),B:1986.0(4.66%),P:1e-23	Tpos:289.9,Tstd:247.1,Bpos:248.1,Bstd:152.0,StrandBias:0.1,Multiplicity:1.05
0.114	0.121	0.681	0.084
0.892	0.001	0.090	0.017
0.001	0.854	0.001	0.144
0.021	0.001	0.966	0.012
0.719	0.001	0.169	0.111
0.860	0.001	0.001	0.138
0.942	0.004	0.001	0.053
0.160	0.001	0.795	0.044
>TGCGTAWN	15-TGCGTAWN	6.047876	-47.523896	0	T:971.0(15.76%),B:4992.1(11.72%),P:1e-20	Tpos:304.0,Tstd:257.6,Bpos:242.6,Bstd:154.5,StrandBias:-0.1,Multiplicity:1.18
0.001	0.199	0.001	0.799
0.144	0.001	0.807	0.048
0.252	0.746	0.001	0.001
0.001	0.001	0.997	0.001
0.024	0.345	0.001	0.630
0.797	0.201	0.001	0.001
0.455	0.001	0.231	0.312
0.315	0.249	0.212	0.224
>AACCGRAT	16-AACCGRAT	6.044749	-45.538372	0	T:1084.0(17.60%),B:5720.8(13.43%),P:1e-19	Tpos:328.7,Tstd:304.1,Bpos:242.7,Bstd:153.9,StrandBias:-0.2,Multiplicity:1.12
0.997	0.001	0.001	0.001
0.739	0.103	0.157	0.001
0.001	0.954	0.001	0.044
0.001	0.939	0.059	0.001
0.001	0.171	0.827	0.001
0.347	0.071	0.378	0.205
0.661	0.001	0.268	0.070
0.323	0.128	0.001	0.548
>CCTCCCAC	17-CCTCCCAC	8.236954	-43.128454	0	T:411.0(6.67%),B:1786.6(4.20%),P:1e-18	Tpos:326.2,Tstd:266.3,Bpos:242.4,Bstd:138.8,StrandBias:-0.3,Multiplicity:1.03
0.100	0.700	0.100	0.100
0.100	0.700	0.100	0.100
0.100	0.100	0.100	0.700
0.100	0.700	0.100	0.100
0.100	0.700	0.100	0.100
0.100	0.700	0.100	0.100
0.700	0.100	0.100	0.100
0.100	0.700	0.100	0.100
>AAAAAAAC	18-AAAAAAAC	6.848065	-38.869243	0	T:2066.0(33.54%),B:12173.8(28.59%),P:1e-16	Tpos:328.5,Tstd:288.2,Bpos:240.0,Bstd:160.6,StrandBias:-0.0,Multiplicity:1.42
0.993	0.001	0.005	0.001
0.938	0.001	0.001	0.060
0.770	0.140	0.089	0.001
0.855	0.143	0.001	0.001
0.605	0.347	0.047	0.001
0.931	0.006	0.062	0.001
0.497	0.200	0.220	0.082
0.205	0.648	0.146	0.001
>YCTAGTGG	19-YCTAGTGG	10.281864	-36.791161	0	T:211.0(3.43%),B:787.0(1.85%),P:1e-15	Tpos:288.4,Tstd:235.9,Bpos:235.6,Bstd:139.2,StrandBias:-0.1,Multiplicity:1.04
0.001	0.455	0.001	0.543
0.001	0.997	0.001	0.001
0.001	0.001	0.001	0.997
0.997	0.001	0.001	0.001
0.001	0.001	0.997	0.001
0.001	0.001	0.001	0.997
0.001	0.001	0.997	0.001
0.001	0.001	0.997	0.001
>AACGCGAC	20-AACGCGAC	6.392632	-36.750463	0	T:535.0(8.69%),B:2570.0(6.03%),P:1e-15	Tpos:346.7,Tstd:274.3,Bpos:245.1,Bstd:164.8,StrandBias:0.1,Multiplicity:1.11
0.992	0.001	0.001	0.006
0.937	0.061	0.001	0.001
0.107	0.723	0.135	0.035
0.110	0.036	0.853	0.001
0.037	0.890	0.072	0.001
0.028	0.118	0.832	0.022
0.826	0.001	0.155	0.018
0.026	0.945	0.028	0.001
>GGCGTGGC	21-GGCGTGGC	4.161567	-33.346176	0	T:372.0(6.04%),B:1684.3(3.95%),P:1e-14	Tpos:352.8,Tstd:264.7,Bpos:247.7,Bstd:159.2,StrandBias:0.1,Multiplicity:1.15
0.001	0.001	0.997	0.001
0.001	0.001	0.997	0.001
0.001	0.997	0.001	0.001
0.001	0.001	0.997	0.001
0.001	0.001	0.001	0.997
0.001	0.001	0.997	0.001
0.212	0.001	0.786	0.001
0.001	0.997	0.001	0.001
>TGATGTCA	22-TGATGTCA	8.236954	-23.187960	0	T:202.0(3.28%),B:863.2(2.03%),P:1e-10	Tpos:287.7,Tstd:211.6,Bpos:242.2,Bstd:133.7,StrandBias:-0.2,Multiplicity:1.07
0.100	0.100	0.100	0.700
0.100	0.100	0.700	0.100
0.700	0.100	0.100	0.100
0.100	0.100	0.100	0.700
0.100	0.100	0.700	0.100
0.100	0.100	0.100	0.700
0.100	0.700	0.100	0.100
0.700	0.100	0.100	0.100
>ATGGTAAC	23-ATGGTAAC	8.315288	-22.028242	0	T:211.0(3.43%),B:925.1(2.17%),P:1e-9	Tpos:272.2,Tstd:241.4,Bpos:239.4,Bstd:146.1,StrandBias:-0.3,Multiplicity:1.17
0.788	0.001	0.210	0.001
0.001	0.092	0.001	0.906
0.125	0.001	0.873	0.001
0.001	0.001	0.997	0.001
0.001	0.001	0.001	0.997
0.997	0.001	0.001	0.001
0.997	0.001	0.001	0.001
0.001	0.997	0.001	0.001
>GTAGGTGG	24-GTAGGTGG	8.236954	-16.213015	0	T:132.0(2.14%),B:559.5(1.31%),P:1e-7	Tpos:303.6,Tstd:265.8,Bpos:240.4,Bstd:138.3,StrandBias:-0.1,Multiplicity:1.02
0.100	0.100	0.700	0.100
0.100	0.100	0.100	0.700
0.700	0.100	0.100	0.100
0.100	0.100	0.700	0.100
0.100	0.100	0.700	0.100
0.100	0.100	0.100	0.700
0.100	0.100	0.700	0.100
0.100	0.100	0.700	0.100
