>ACAGGAAGTK	1-ACAGGAAGTK	8.167300	-446.777929	0	T:1590.0(25.81%),B:5083.7(11.94%),P:1e-194	Tpos:297.1,Tstd:234.2,Bpos:235.4,Bstd:143.3,StrandBias:0.1,Multiplicity:1.22
0.690	0.001	0.308	0.001
0.078	0.752	0.169	0.001
0.894	0.104	0.001	0.001
0.001	0.001	0.997	0.001
0.001	0.001	0.997	0.001
0.997	0.001	0.001	0.001
0.840	0.001	0.001	0.158
0.396	0.001	0.602	0.001
0.001	0.314	0.001	0.684
0.164	0.163	0.407	0.266
>TGASTCABMN	2-TGASTCABMN	7.049908	-225.137646	0	T:966.0(15.68%),B:3254.4(7.64%),P:1e-97	Tpos:275.3,Tstd:219.0,Bpos:245.2,Bstd:141.1,StrandBias:0.0,Multiplicity:1.17
0.007	0.026	0.007	0.960
0.013	0.026	0.838	0.123
0.965	0.017	0.001	0.017
0.018	0.464	0.473	0.045
0.030	0.013	0.086	0.871
0.071	0.861	0.016	0.052
0.997	0.001	0.001	0.001
0.092	0.224	0.328	0.355
0.356	0.356	0.156	0.132
0.279	0.257	0.279	0.185
>CCACTAGGTG	3-CCACTAGGTG	8.516390	-159.859003	0	T:376.0(6.10%),B:906.9(2.13%),P:1e-69	Tpos:284.3,Tstd:247.2,Bpos:237.2,Bstd:139.3,StrandBias:-0.1,Multiplicity:1.04
0.019	0.959	0.021	0.001
0.002	0.996	0.001	0.001
0.926	0.014	0.014	0.046
0.004	0.933	0.062	0.001
0.059	0.139	0.008	0.794
0.997	0.001	0.001	0.001
0.001	0.001	0.997	0.001
0.309	0.001	0.680	0.010
0.011	0.011	0.153	0.825
0.001	0.001	0.978	0.020
>GTRGGCGGAG	4-GTRGGCGGAG	6.755098	-144.003143	0	T:1859.0(30.18%),B:8974.5(21.07%),P:1e-62	Tpos:314.9,Tstd:269.2,Bpos:240.8,Bstd:152.0,StrandBias:-0.2,Multiplicity:1.29
0.140	0.112	0.570	0.178
0.177	0.093	0.157	0.573
0.572	0.001	0.426	0.001
0.080	0.001	0.907	0.012
0.149	0.001	0.849	0.001
0.125	0.778	0.001	0.096
0.006	0.062	0.864	0.068
0.021	0.001	0.836	0.142
0.651	0.005	0.113	0.231
0.325	0.001	0.557	0.117
>MTGACTCATT	5-MTGACTCATT	6.291807	-140.032422	0	T:1389.0(22.55%),B:6230.6(14.63%),P:1e-60	Tpos:288.9,Tstd:243.3,Bpos:241.0,Bstd:142.7,StrandBias:0.2,Multiplicity:1.11
0.381	0.307	0.167	0.146
0.018	0.064	0.061	0.857
0.012	0.091	0.842	0.055
0.915	0.012	0.062	0.011
0.047	0.898	0.001	0.054
0.077	0.008	0.259	0.656
0.199	0.621	0.124	0.056
0.802	0.001	0.142	0.055
0.001	0.313	0.012	0.674
0.202	0.230	0.175	0.393
>ACATCAAAGG	6-ACATCAAAGG	7.429981	-139.148609	0	T:1085.0(17.61%),B:4521.9(10.62%),P:1e-60	Tpos:282.7,Tstd:226.4,Bpos:242.0,Bstd:146.6,StrandBias:0.1,Multiplicity:1.15
0.702	0.051	0.097	0.150
0.096	0.550	0.353	0.001
0.635	0.035	0.013	0.317
0.145	0.001	0.012	0.842
0.159	0.609	0.173	0.059
0.980	0.001	0.001	0.018
0.859	0.055	0.062	0.024
0.958	0.001	0.030	0.011
0.166	0.162	0.631	0.041
0.218	0.250	0.414	0.117
>ACCGGAAGRA	7-ACCGGAAGRA	8.248058	-121.071177	0	T:952.0(15.45%),B:3960.3(9.30%),P:1e-52	Tpos:301.6,Tstd:248.5,Bpos:241.5,Bstd:146.6,StrandBias:-0.1,Multiplicity:1.08
0.655	0.046	0.298	0.001
0.001	0.912	0.001	0.086
0.392	0.606	0.001	0.001
0.001	0.001	0.997	0.001
0.023	0.001	0.975	0.001
0.997	0.001	0.001	0.001
0.867	0.001	0.001	0.131
0.365	0.103	0.531	0.001
0.477	0.001	0.394	0.128
0.488	0.283	0.228	0.001
>TTWTTTCCGC	8-TTWTTTCCGC	7.342479	-103.837546	0	T:731.0(11.87%),B:2923.1(6.86%),P:1e-45	Tpos:317.1,Tstd:296.4,Bpos:241.5,Bstd:149.4,StrandBias:-0.1,Multiplicity:1.10
0.120	0.096	0.072	0.712
0.172	0.003	0.258	0.567
0.405	0.171	0.167	0.257
0.001	0.078	0.029	0.892
0.001	0.001	0.001	0.997
0.001	0.001	0.001	0.997
0.076	0.705	0.001	0.218
0.001	0.997	0.001	0.001
0.136	0.096	0.767	0.001
0.001	0.596	0.084	0.319
>GTTTCMKTTY	9-GTTTCMKTTY	8.704976	-103.062443	0	T:773.0(12.55%),B:3155.3(7.41%),P:1e-44	Tpos:297.8,Tstd:261.4,Bpos:245.6,Bstd:146.7,StrandBias:-0.1,Multiplicity:1.14
0.029	0.366	0.604	0.001
0.001	0.219	0.001	0.779
0.001	0.001	0.001	0.997
0.001	0.001	0.001	0.997
0.001	0.997	0.001	0.001
0.398	0.343	0.135	0.124
0.116	0.168	0.409	0.307
0.001	0.001	0.001	0.997
0.001	0.030	0.105	0.864
0.019	0.360	0.210	0.411
>AAAACCRCAC	10-AAAACCRCAC	6.878530	-102.906310	0	T:1622.0(26.33%),B:8081.1(18.98%),P:1e-44	Tpos:312.9,Tstd:270.4,Bpos:243.1,Bstd:151.3,StrandBias:0.0,Multiplicity:1.23
0.680	0.144	0.080	0.096
0.863	0.001	0.001	0.135
0.997	0.001	0.001	0.001
0.888	0.001	0.110	0.001
0.223	0.696	0.080	0.001
0.256	0.714	0.001	0.029
0.379	0.132	0.396	0.093
0.001	0.902	0.015	0.082
0.667	0.058	0.093	0.182
0.142	0.574	0.194	0.090
>TATGCAAATC	11-TATGCAAATC	9.580456	-93.016207	0	T:158.0(2.56%),B:302.4(0.71%),P:1e-40	Tpos:310.1,Tstd:232.0,Bpos:245.9,Bstd:146.4,StrandBias:0.1,Multiplicity:1.04
0.001	0.045	0.021	0.933
0.997	0.001	0.001	0.001
0.015	0.022	0.008	0.955
0.001	0.001	0.997	0.001
0.001	0.997	0.001	0.001
0.997	0.001	0.001	0.001
0.972	0.001	0.026	0.001
0.997	0.001	0.001	0.001
0.039	0.017	0.047	0.897
0.224	0.415	0.170	0.190
>GGGGGGGGGG	12-GGGGGGGGGG	6.404373	-56.917263	0	T:2978.0(48.34%),B:17797.8(41.79%),P:1e-24	Tpos:353.5,Tstd:309.1,Bpos:241.5,Bstd:148.5,StrandBias:0.0,Multiplicity:2.21
0.100	0.100	0.700	0.100
0.100	0.100	0.700	0.100
0.100	0.100	0.700	0.100
0.100	0.100	0.700	0.100
0.100	0.100	0.700	0.100
0.100	0.100	0.700	0.100
0.100	0.100	0.700	0.100
0.100	0.100	0.700	0.100
0.100	0.100	0.700	0.100
0.100	0.100	0.700	0.100
>GGTCACGTGA	13-GGTCACGTGA	6.104966	-52.927678	0	T:369.0(5.99%),B:1463.7(3.44%),P:1e-22	Tpos:309.2,Tstd:245.7,Bpos:244.3,Bstd:155.7,StrandBias:0.1,Multiplicity:1.05
0.136	0.193	0.497	0.174
0.168	0.171	0.531	0.130
0.124	0.137	0.163	0.576
0.132	0.508	0.164	0.196
0.676	0.109	0.113	0.102
0.053	0.790	0.106	0.051
0.094	0.079	0.640	0.187
0.140	0.131	0.112	0.617
0.152	0.141	0.561	0.146
0.571	0.142	0.126	0.161
>GGGAAATTCC	14-GGGAAATTCC	8.915371	-51.822809	0	T:207.0(3.36%),B:665.5(1.56%),P:1e-22	Tpos:302.4,Tstd:243.8,Bpos:245.5,Bstd:135.3,StrandBias:-0.1,Multiplicity:1.03
0.076	0.001	0.736	0.187
0.080	0.023	0.879	0.018
0.027	0.023	0.913	0.037
0.606	0.001	0.357	0.036
0.714	0.059	0.204	0.023
0.575	0.001	0.074	0.350
0.139	0.030	0.131	0.700
0.012	0.312	0.034	0.642
0.042	0.908	0.001	0.049
0.039	0.959	0.001	0.001
>TDAGCAGCTG	15-TDAGCAGCTG	6.222826	-48.950975	0	T:477.0(7.74%),B:2085.8(4.90%),P:1e-21	Tpos:301.1,Tstd:228.9,Bpos:242.0,Bstd:144.0,StrandBias:0.3,Multiplicity:1.04
0.187	0.016	0.174	0.623
0.385	0.050	0.255	0.310
0.451	0.189	0.227	0.133
0.270	0.117	0.494	0.120
0.175	0.624	0.097	0.104
0.544	0.217	0.226	0.013
0.295	0.114	0.572	0.019
0.012	0.714	0.057	0.217
0.098	0.239	0.167	0.496
0.205	0.056	0.551	0.188
>GCGTTTAAAG	16-GCGTTTAAAG	6.685407	-47.553957	0	T:843.0(13.69%),B:4220.4(9.91%),P:1e-20	Tpos:307.7,Tstd:259.0,Bpos:248.1,Bstd:150.0,StrandBias:0.0,Multiplicity:1.09
0.082	0.052	0.817	0.049
0.061	0.770	0.096	0.073
0.052	0.111	0.738	0.099
0.019	0.040	0.059	0.882
0.049	0.068	0.082	0.801
0.057	0.106	0.038	0.799
0.841	0.059	0.040	0.060
0.773	0.079	0.107	0.041
0.847	0.029	0.079	0.045
0.135	0.066	0.738	0.061
>TGCGCATGCG	17-TGCGCATGCG	8.053068	-41.552140	0	T:516.0(8.38%),B:2394.4(5.62%),P:1e-18	Tpos:337.5,Tstd:273.6,Bpos:242.9,Bstd:165.0,StrandBias:0.0,Multiplicity:1.25
0.240	0.001	0.196	0.563
0.001	0.096	0.887	0.016
0.001	0.920	0.078	0.001
0.001	0.001	0.957	0.041
0.001	0.959	0.028	0.012
0.673	0.198	0.095	0.034
0.055	0.001	0.379	0.565
0.001	0.047	0.951	0.001
0.007	0.797	0.001	0.195
0.178	0.120	0.577	0.125
>GGTTACTAAC	18-GGTTACTAAC	7.454340	-31.482343	0	T:106.0(1.72%),B:318.5(0.75%),P:1e-13	Tpos:286.2,Tstd:266.7,Bpos:260.5,Bstd:145.4,StrandBias:0.1,Multiplicity:1.02
0.152	0.313	0.512	0.023
0.061	0.072	0.668	0.199
0.008	0.202	0.038	0.752
0.184	0.021	0.027	0.768
0.473	0.087	0.294	0.146
0.078	0.622	0.069	0.231
0.239	0.055	0.049	0.657
0.634	0.295	0.038	0.033
0.506	0.086	0.292	0.116
0.220	0.605	0.140	0.035
>AGCGAGGCGT	19-AGCGAGGCGT	10.187298	-22.259282	0	T:26.0(0.42%),B:38.8(0.09%),P:1e-9	Tpos:294.5,Tstd:210.8,Bpos:254.6,Bstd:157.4,StrandBias:-0.6,Multiplicity:1.08
0.997	0.001	0.001	0.001
0.001	0.271	0.526	0.202
0.001	0.997	0.001	0.001
0.001	0.001	0.997	0.001
0.997	0.001	0.001	0.001
0.001	0.001	0.743	0.255
0.140	0.001	0.858	0.001
0.001	0.914	0.001	0.084
0.085	0.001	0.913	0.001
0.001	0.001	0.001	0.997
>AGCACACTAC	20-AGCACACTAC	11.562876	-21.647270	0	T:18.0(0.29%),B:18.3(0.04%),P:1e-9	Tpos:221.1,Tstd:197.3,Bpos:183.4,Bstd:138.2,StrandBias:0.2,Multiplicity:1.00
0.997	0.001	0.001	0.001
0.001	0.001	0.997	0.001
0.001	0.997	0.001	0.001
0.997	0.001	0.001	0.001
0.001	0.895	0.001	0.103
0.997	0.001	0.001	0.001
0.001	0.997	0.001	0.001
0.001	0.001	0.001	0.997
0.997	0.001	0.001	0.001
0.001	0.997	0.001	0.001
>TCTGACGTCC	21-TCTGACGTCC	10.296193	-16.371962	0	T:9.0(0.15%),B:5.6(0.01%),P:1e-7	Tpos:227.6,Tstd:138.2,Bpos:321.4,Bstd:123.0,StrandBias:1.0,Multiplicity:1.00
0.100	0.100	0.100	0.700
0.100	0.700	0.100	0.100
0.100	0.100	0.100	0.700
0.100	0.100	0.700	0.100
0.700	0.100	0.100	0.100
0.100	0.700	0.100	0.100
0.100	0.100	0.700	0.100
0.100	0.100	0.100	0.700
0.100	0.700	0.100	0.100
0.100	0.700	0.100	0.100
>TTGGCGTGTT	22-TTGGCGTGTT	11.723937	-13.601546	0	T:9.0(0.15%),B:7.9(0.02%),P:1e-5	Tpos:211.4,Tstd:139.7,Bpos:114.0,Bstd:88.0,StrandBias:0.3,Multiplicity:1.00
0.001	0.001	0.001	0.997
0.001	0.001	0.001	0.997
0.001	0.001	0.997	0.001
0.001	0.001	0.997	0.001
0.001	0.997	0.001	0.001
0.001	0.001	0.997	0.001
0.001	0.121	0.001	0.877
0.001	0.001	0.997	0.001
0.001	0.001	0.001	0.997
0.001	0.001	0.001	0.997
>TTGCAACCCC	23-TTGCAACCCC	10.296193	-11.162014	0	T:10.0(0.16%),B:12.6(0.03%),P:1e-4	Tpos:279.2,Tstd:163.1,Bpos:223.2,Bstd:139.9,StrandBias:-1.4,Multiplicity:1.10
0.100	0.100	0.100	0.700
0.100	0.100	0.100	0.700
0.100	0.100	0.700	0.100
0.100	0.700	0.100	0.100
0.700	0.100	0.100	0.100
0.700	0.100	0.100	0.100
0.100	0.700	0.100	0.100
0.100	0.700	0.100	0.100
0.100	0.700	0.100	0.100
0.100	0.700	0.100	0.100
>TGATGTTACC	24-TGATGTTACC	6.404373	-9.186285	0	T:1551.0(25.18%),B:9862.9(23.16%),P:1e-3	Tpos:295.1,Tstd:250.9,Bpos:240.3,Bstd:140.2,StrandBias:0.1,Multiplicity:1.21
0.100	0.100	0.100	0.700
0.100	0.100	0.700	0.100
0.700	0.100	0.100	0.100
0.100	0.100	0.100	0.700
0.100	0.100	0.700	0.100
0.100	0.100	0.100	0.700
0.100	0.100	0.100	0.700
0.700	0.100	0.100	0.100
0.100	0.700	0.100	0.100
0.100	0.700	0.100	0.100
>ATGAGTATAC	25-ATGAGTATAC	10.296193	-4.536444	0	T:5.0(0.08%),B:9.7(0.02%),P:1e-1	Tpos:184.9,Tstd:147.0,Bpos:312.1,Bstd:82.3,StrandBias:3.2,Multiplicity:4.00
0.700	0.100	0.100	0.100
0.100	0.100	0.100	0.700
0.100	0.100	0.700	0.100
0.700	0.100	0.100	0.100
0.100	0.100	0.700	0.100
0.100	0.100	0.100	0.700
0.700	0.100	0.100	0.100
0.100	0.100	0.100	0.700
0.700	0.100	0.100	0.100
0.100	0.700	0.100	0.100
>WRACAGGAAGTV	1-WRACAGGAAGTV	8.566903	-450.143845	0	T:1352.0(21.95%),B:3927.1(9.22%),P:1e-195	Tpos:288.6,Tstd:219.6,Bpos:237.8,Bstd:140.5,StrandBias:0.0,Multiplicity:1.18
0.366	0.187	0.208	0.239
0.367	0.194	0.283	0.155
0.664	0.001	0.334	0.001
0.113	0.629	0.209	0.049
0.944	0.054	0.001	0.001
0.001	0.001	0.997	0.001
0.010	0.004	0.983	0.003
0.997	0.001	0.001	0.001
0.748	0.001	0.001	0.250
0.323	0.076	0.600	0.001
0.081	0.267	0.010	0.642
0.246	0.235	0.343	0.176
>CCACTAGGKGGC	2-CCACTAGGKGGC	9.771029	-272.189643	0	T:429.0(6.96%),B:772.9(1.81%),P:1e-118	Tpos:280.2,Tstd:232.4,Bpos:240.8,Bstd:138.8,StrandBias:-0.0,Multiplicity:1.03
0.100	0.851	0.037	0.012
0.001	0.965	0.001	0.033
0.725	0.032	0.034	0.209
0.001	0.599	0.399	0.001
0.175	0.298	0.025	0.502
0.769	0.050	0.053	0.128
0.011	0.001	0.987	0.001
0.370	0.017	0.612	0.001
0.030	0.001	0.546	0.423
0.025	0.001	0.947	0.027
0.140	0.001	0.706	0.153
0.201	0.634	0.001	0.164
>ANTBMTGASTCA	3-ANTBMTGASTCA	7.335334	-222.450541	0	T:929.0(15.08%),B:3089.7(7.25%),P:1e-96	Tpos:273.4,Tstd:216.9,Bpos:246.9,Bstd:140.9,StrandBias:-0.0,Multiplicity:1.16
0.391	0.185	0.188	0.236
0.276	0.185	0.288	0.252
0.229	0.131	0.238	0.403
0.175	0.186	0.327	0.312
0.405	0.307	0.169	0.119
0.001	0.001	0.001	0.997
0.001	0.020	0.971	0.008
0.942	0.001	0.003	0.054
0.006	0.431	0.544	0.019
0.001	0.058	0.043	0.898
0.100	0.898	0.001	0.001
0.997	0.001	0.001	0.001
>TGGGCGGGGCYD	4-TGGGCGGGGCYD	8.970369	-129.121927	0	T:845.0(13.72%),B:3313.0(7.78%),P:1e-56	Tpos:317.6,Tstd:251.2,Bpos:239.1,Bstd:155.0,StrandBias:0.1,Multiplicity:1.40
0.237	0.110	0.242	0.412
0.330	0.001	0.668	0.001
0.001	0.001	0.997	0.001
0.001	0.001	0.997	0.001
0.001	0.729	0.001	0.269
0.001	0.001	0.981	0.017
0.001	0.001	0.738	0.260
0.279	0.054	0.666	0.001
0.189	0.244	0.566	0.001
0.133	0.865	0.001	0.001
0.149	0.429	0.001	0.421
0.245	0.187	0.213	0.355
>ACTTTCABTTTC	5-ACTTTCABTTTC	9.334765	-101.771293	0	T:326.0(5.29%),B:938.4(2.20%),P:1e-44	Tpos:301.7,Tstd:249.1,Bpos:239.1,Bstd:141.2,StrandBias:-0.1,Multiplicity:1.06
0.500	0.083	0.249	0.168
0.001	0.699	0.195	0.105
0.001	0.007	0.001	0.991
0.055	0.001	0.037	0.907
0.001	0.018	0.075	0.906
0.037	0.904	0.019	0.040
0.826	0.071	0.094	0.009
0.001	0.322	0.300	0.377
0.037	0.010	0.001	0.952
0.101	0.001	0.112	0.786
0.188	0.019	0.013	0.780
0.154	0.653	0.088	0.105
>DWATGCAAATSH	6-DWATGCAAATSH	9.486519	-90.595319	0	T:212.0(3.44%),B:509.0(1.20%),P:1e-39	Tpos:283.2,Tstd:223.7,Bpos:247.9,Bstd:144.0,StrandBias:0.3,Multiplicity:1.06
0.322	0.153	0.278	0.247
0.378	0.151	0.159	0.312
0.887	0.001	0.111	0.001
0.060	0.001	0.120	0.819
0.001	0.001	0.997	0.001
0.001	0.997	0.001	0.001
0.827	0.001	0.033	0.139
0.783	0.129	0.001	0.087
0.858	0.051	0.090	0.001
0.001	0.001	0.193	0.805
0.174	0.350	0.286	0.190
0.346	0.305	0.103	0.247
>CTTTGATGTGGT	7-CTTTGATGTGGT	9.403386	-90.085508	0	T:283.0(4.59%),B:806.5(1.89%),P:1e-39	Tpos:277.6,Tstd:215.6,Bpos:227.3,Bstd:143.5,StrandBias:0.0,Multiplicity:1.04
0.062	0.766	0.089	0.083
0.059	0.083	0.001	0.857
0.042	0.091	0.073	0.794
0.058	0.001	0.017	0.924
0.049	0.068	0.783	0.100
0.793	0.105	0.024	0.078
0.113	0.001	0.056	0.830
0.001	0.049	0.918	0.032
0.035	0.010	0.032	0.923
0.067	0.001	0.842	0.090
0.076	0.072	0.769	0.083
0.064	0.066	0.070	0.800
>GGGGGRGGGAGG	8-GGGGGRGGGAGG	8.621990	-87.431156	0	T:1386.0(22.50%),B:6872.0(16.14%),P:1e-37	Tpos:334.0,Tstd:313.7,Bpos:238.9,Bstd:142.1,StrandBias:0.0,Multiplicity:1.24
0.281	0.060	0.639	0.020
0.032	0.001	0.882	0.085
0.281	0.013	0.595	0.111
0.278	0.039	0.516	0.167
0.081	0.127	0.776	0.016
0.341	0.001	0.475	0.183
0.167	0.001	0.780	0.052
0.098	0.001	0.862	0.039
0.072	0.031	0.896	0.001
0.997	0.001	0.001	0.001
0.055	0.001	0.943	0.001
0.001	0.001	0.781	0.217
>GGGGAAATCCCC	9-GGGGAAATCCCC	8.783212	-76.132345	0	T:306.0(4.97%),B:983.4(2.31%),P:1e-33	Tpos:321.8,Tstd:263.6,Bpos:240.8,Bstd:138.6,StrandBias:-0.1,Multiplicity:1.05
0.226	0.042	0.495	0.237
0.001	0.001	0.769	0.229
0.001	0.001	0.997	0.001
0.145	0.001	0.853	0.001
0.736	0.001	0.227	0.036
0.940	0.010	0.049	0.001
0.613	0.114	0.111	0.162
0.149	0.098	0.128	0.625
0.062	0.527	0.045	0.366
0.103	0.805	0.010	0.082
0.001	0.900	0.001	0.098
0.066	0.805	0.020	0.109
>GCTTCCTGTCTG	10-GCTTCCTGTCTG	9.195781	-66.154706	0	T:429.0(6.96%),B:1661.2(3.90%),P:1e-28	Tpos:274.3,Tstd:208.2,Bpos:241.2,Bstd:135.6,StrandBias:-0.0,Multiplicity:1.05
0.001	0.248	0.750	0.001
0.001	0.844	0.001	0.154
0.001	0.055	0.001	0.943
0.022	0.001	0.001	0.976
0.001	0.997	0.001	0.001
0.130	0.868	0.001	0.001
0.001	0.001	0.228	0.770
0.001	0.114	0.710	0.175
0.001	0.088	0.098	0.813
0.054	0.913	0.032	0.001
0.373	0.001	0.001	0.625
0.001	0.036	0.857	0.106
>GGGGGGGGGGGG	11-GGGGGGGGGGGG	8.463612	-62.739693	0	T:1401.0(22.74%),B:7362.3(17.29%),P:1e-27	Tpos:346.4,Tstd:300.9,Bpos:241.1,Bstd:144.2,StrandBias:0.0,Multiplicity:1.40
0.100	0.100	0.700	0.100
0.100	0.100	0.700	0.100
0.100	0.100	0.700	0.100
0.100	0.100	0.700	0.100
0.100	0.100	0.700	0.100
0.100	0.100	0.700	0.100
0.100	0.100	0.700	0.100
0.100	0.100	0.700	0.100
0.100	0.100	0.700	0.100
0.100	0.100	0.700	0.100
0.100	0.100	0.700	0.100
0.100	0.100	0.700	0.100
>CWSACTTCAAAG	12-CWSACTTCAAAG	8.594648	-61.357936	0	T:423.0(6.87%),B:1671.7(3.93%),P:1e-26	Tpos:278.0,Tstd:210.5,Bpos:250.7,Bstd:139.8,StrandBias:0.2,Multiplicity:1.04
0.073	0.692	0.022	0.213
0.419	0.216	0.001	0.364
0.209	0.254	0.402	0.136
0.725	0.171	0.082	0.022
0.083	0.696	0.220	0.001
0.001	0.142	0.022	0.835
0.001	0.030	0.012	0.957
0.001	0.997	0.001	0.001
0.997	0.001	0.001	0.001
0.831	0.146	0.022	0.001
0.953	0.001	0.045	0.001
0.001	0.001	0.997	0.001
>TTCAAAACCACA	13-TTCAAAACCACA	9.336072	-45.490688	0	T:213.0(3.46%),B:733.5(1.72%),P:1e-19	Tpos:291.4,Tstd:250.4,Bpos:246.8,Bstd:146.6,StrandBias:-0.1,Multiplicity:1.01
0.079	0.089	0.044	0.788
0.044	0.107	0.040	0.809
0.076	0.781	0.073	0.070
0.857	0.036	0.025	0.082
0.836	0.061	0.052	0.051
0.836	0.077	0.058	0.029
0.866	0.056	0.052	0.026
0.037	0.839	0.044	0.080
0.054	0.864	0.042	0.040
0.847	0.088	0.024	0.041
0.062	0.817	0.077	0.044
0.862	0.036	0.029	0.073
>TGTGTGGGCKGA	14-TGTGTGGGCKGA	11.707083	-45.244376	0	T:77.0(1.25%),B:150.1(0.35%),P:1e-19	Tpos:258.8,Tstd:185.4,Bpos:235.0,Bstd:143.3,StrandBias:0.2,Multiplicity:1.01
0.001	0.066	0.035	0.898
0.066	0.001	0.867	0.066
0.001	0.001	0.001	0.997
0.001	0.001	0.997	0.001
0.001	0.001	0.027	0.971
0.004	0.001	0.994	0.001
0.001	0.001	0.997	0.001
0.001	0.001	0.997	0.001
0.051	0.617	0.001	0.331
0.066	0.001	0.530	0.403
0.066	0.001	0.928	0.005
0.594	0.067	0.128	0.211
>GAAAAAAAAAAC	15-GAAAAAAAAAAC	7.862737	-36.984364	0	T:1149.0(18.65%),B:6301.4(14.80%),P:1e-16	Tpos:333.9,Tstd:283.2,Bpos:238.1,Bstd:161.7,StrandBias:0.0,Multiplicity:1.24
0.141	0.086	0.744	0.029
0.854	0.027	0.118	0.001
0.837	0.054	0.068	0.041
0.887	0.005	0.063	0.045
0.814	0.065	0.068	0.053
0.731	0.120	0.010	0.139
0.834	0.091	0.049	0.026
0.918	0.018	0.056	0.008
0.832	0.127	0.035	0.006
0.798	0.121	0.052	0.029
0.836	0.063	0.063	0.038
0.136	0.817	0.011	0.036
>CGYGTAATCGTG	16-CGYGTAATCGTG	5.888536	-31.830428	0	T:825.0(13.39%),B:4396.3(10.32%),P:1e-13	Tpos:313.3,Tstd:253.9,Bpos:245.4,Bstd:145.9,StrandBias:0.0,Multiplicity:1.08
0.031	0.479	0.166	0.325
0.130	0.071	0.614	0.185
0.041	0.477	0.001	0.481
0.255	0.031	0.600	0.114
0.136	0.089	0.056	0.719
0.751	0.035	0.052	0.162
0.790	0.001	0.149	0.060
0.001	0.276	0.281	0.441
0.003	0.939	0.057	0.001
0.275	0.001	0.677	0.047
0.240	0.080	0.001	0.679
0.010	0.134	0.757	0.099
>SCCGGGGGGGSA	17-SCCGGGGGGGSA	7.986450	-27.725642	0	T:644.0(10.45%),B:3371.5(7.92%),P:1e-12	Tpos:397.0,Tstd:337.8,Bpos:237.3,Bstd:158.2,StrandBias:0.0,Multiplicity:1.15
0.042	0.403	0.484	0.071
0.064	0.496	0.320	0.120
0.056	0.878	0.065	0.001
0.007	0.001	0.991	0.001
0.136	0.029	0.721	0.114
0.150	0.053	0.718	0.079
0.132	0.076	0.569	0.223
0.149	0.005	0.845	0.001
0.029	0.019	0.763	0.189
0.148	0.098	0.616	0.138
0.063	0.400	0.524	0.013
0.997	0.001	0.001	0.001
>AMATAACGWWCG	18-AMATAACGWWCG	7.974889	-16.110459	0	T:80.0(1.30%),B:290.0(0.68%),P:1e-6	Tpos:293.8,Tstd:216.4,Bpos:229.6,Bstd:151.2,StrandBias:0.1,Multiplicity:1.00
0.545	0.055	0.328	0.072
0.472	0.399	0.092	0.037
0.489	0.054	0.311	0.146
0.072	0.036	0.054	0.838
0.945	0.018	0.036	0.001
0.799	0.146	0.054	0.001
0.072	0.838	0.054	0.036
0.254	0.054	0.691	0.001
0.489	0.020	0.036	0.454
0.437	0.036	0.072	0.455
0.126	0.636	0.038	0.200
0.145	0.018	0.746	0.091
>TGATGTTACCAT	19-TGATGTTACCAT	-8.146352	-11.487233	0	T:2620.0(42.53%),B:16976.0(39.86%),P:1e-4	Tpos:295.2,Tstd:241.0,Bpos:242.3,Bstd:139.5,StrandBias:-0.0,Multiplicity:1.44
0.001	0.001	0.001	0.997
0.001	0.001	0.997	0.001
0.997	0.001	0.001	0.001
0.001	0.001	0.001	0.997
0.001	0.018	0.980	0.001
0.001	0.001	0.001	0.997
0.001	0.001	0.001	0.997
0.997	0.001	0.001	0.001
0.001	0.997	0.001	0.001
0.001	0.997	0.001	0.001
0.980	0.001	0.018	0.001
0.001	0.001	0.001	0.997
>ACAACTCACCAC	20-ACAACTCACCAC	13.811812	-11.425808	0	T:7.0(0.11%),B:5.7(0.01%),P:1e-4	Tpos:125.2,Tstd:93.8,Bpos:121.8,Bstd:78.6,StrandBias:2.2,Multiplicity:1.83
0.997	0.001	0.001	0.001
0.001	0.927	0.071	0.001
0.997	0.001	0.001	0.001
0.997	0.001	0.001	0.001
0.001	0.997	0.001	0.001
0.001	0.001	0.001	0.997
0.001	0.997	0.001	0.001
0.927	0.071	0.001	0.001
0.001	0.997	0.001	0.001
0.001	0.927	0.071	0.001
0.997	0.001	0.001	0.001
0.001	0.997	0.001	0.001
>ATGTTACCATTT	21-ATGTTACCATTT	10.842343	-9.822441	0	T:46.0(0.75%),B:168.9(0.40%),P:1e-4	Tpos:298.7,Tstd:236.4,Bpos:245.5,Bstd:144.8,StrandBias:-0.4,Multiplicity:1.00
0.558	0.002	0.346	0.094
0.258	0.090	0.090	0.562
0.001	0.001	0.899	0.099
0.090	0.001	0.088	0.821
0.002	0.090	0.006	0.902
0.550	0.090	0.092	0.268
0.090	0.819	0.001	0.090
0.092	0.815	0.001	0.092
0.906	0.003	0.001	0.090
0.001	0.175	0.001	0.823
0.001	0.001	0.001	0.997
0.001	0.001	0.001	0.997
>GATGTTACCATT	22-GATGTTACCATT	7.830530	-8.958118	0	T:268.0(4.35%),B:1474.5(3.46%),P:1e-3	Tpos:290.2,Tstd:253.6,Bpos:233.0,Bstd:134.2,StrandBias:-0.0,Multiplicity:1.01
0.125	0.117	0.711	0.047
0.713	0.125	0.069	0.093
0.157	0.048	0.106	0.689
0.096	0.001	0.757	0.146
0.088	0.104	0.066	0.742
0.079	0.120	0.120	0.681
0.664	0.091	0.093	0.152
0.097	0.670	0.096	0.137
0.085	0.784	0.039	0.092
0.795	0.081	0.001	0.123
0.051	0.080	0.071	0.798
0.003	0.001	0.001	0.995
>TTGATGTTACCA	23-TTGATGTTACCA	6.517702	-7.084018	0	T:1558.0(25.29%),B:10039.4(23.57%),P:1e-3	Tpos:283.2,Tstd:235.5,Bpos:238.7,Bstd:140.6,StrandBias:0.3,Multiplicity:1.10
0.100	0.100	0.100	0.700
0.100	0.100	0.100	0.700
0.100	0.100	0.700	0.100
0.700	0.100	0.100	0.100
0.100	0.100	0.100	0.700
0.100	0.100	0.700	0.100
0.100	0.100	0.100	0.700
0.100	0.100	0.100	0.700
0.700	0.100	0.100	0.100
0.100	0.700	0.100	0.100
0.100	0.700	0.100	0.100
0.700	0.100	0.100	0.100
>CAAGGGTGTGTC	24-CAAGGGTGTGTC	13.957406	-5.728560	0	T:3.0(0.05%),B:2.9(0.01%),P:1e-2	Tpos:170.7,Tstd:155.7,Bpos:258.1,Bstd:109.4,StrandBias:-2.0,Multiplicity:3.33
0.001	0.997	0.001	0.001
0.997	0.001	0.001	0.001
0.997	0.001	0.001	0.001
0.001	0.001	0.997	0.001
0.001	0.001	0.997	0.001
0.001	0.001	0.997	0.001
0.001	0.001	0.001	0.997
0.071	0.001	0.927	0.001
0.001	0.001	0.001	0.997
0.001	0.001	0.997	0.001
0.001	0.001	0.001	0.997
0.001	0.997	0.001	0.001
>AATGAGTATACA	25-AATGAGTATACA	10.409522	-3.017254	0	T:13.0(0.21%),B:53.9(0.13%),P:1e-1	Tpos:236.4,Tstd:194.9,Bpos:243.4,Bstd:127.7,StrandBias:1.9,Multiplicity:2.23
0.700	0.100	0.100	0.100
0.700	0.100	0.100	0.100
0.100	0.100	0.100	0.700
0.100	0.100	0.700	0.100
0.700	0.100	0.100	0.100
0.100	0.100	0.700	0.100
0.100	0.100	0.100	0.700
0.700	0.100	0.100	0.100
0.100	0.100	0.100	0.700
0.700	0.100	0.100	0.100
0.100	0.700	0.100	0.100
0.700	0.100	0.100	0.100
>ACTTCCGG	1-ACTTCCGG	4.168056	-308.533422	0	T:1312.0(21.30%),B:4471.9(10.50%),P:1e-133	Tpos:308.1,Tstd:261.2,Bpos:240.0,Bstd:148.2,StrandBias:-0.0,Multiplicity:1.12
0.997	0.001	0.001	0.001
0.001	0.985	0.001	0.013
0.001	0.001	0.001	0.997
0.001	0.001	0.001	0.997
0.001	0.997	0.001	0.001
0.001	0.997	0.001	0.001
0.001	0.001	0.918	0.080
0.001	0.036	0.962	0.001
>CTTCCTGT	2-CTTCCTGT	7.827718	-297.374663	0	T:1355.0(22.00%),B:4758.0(11.17%),P:1e-129	Tpos:287.7,Tstd:225.3,Bpos:236.5,Bstd:141.1,StrandBias:0.0,Multiplicity:1.19
0.001	0.766	0.001	0.232
0.138	0.001	0.001	0.860
0.001	0.001	0.001	0.997
0.001	0.997	0.001	0.001
0.001	0.997	0.001	0.001
0.001	0.001	0.059	0.939
0.001	0.001	0.997	0.001
0.001	0.001	0.001	0.997
>CTGACTCA	3-CTGACTCA	4.405162	-208.629609	0	T:822.0(13.34%),B:2653.4(6.23%),P:1e-90	Tpos:277.6,Tstd:223.7,Bpos:244.7,Bstd:141.0,StrandBias:-0.1,Multiplicity:1.15
0.004	0.621	0.374	0.001
0.001	0.001	0.001	0.997
0.001	0.001	0.997	0.001
0.997	0.001	0.001	0.001
0.001	0.680	0.318	0.001
0.001	0.001	0.001	0.997
0.001	0.997	0.001	0.001
0.997	0.001	0.001	0.001
>GKGGGCGG	4-GKGGGCGG	7.778661	-142.949207	0	T:1667.0(27.06%),B:7830.2(18.39%),P:1e-62	Tpos:333.0,Tstd:275.0,Bpos:240.4,Bstd:152.1,StrandBias:-0.0,Multiplicity:1.53
0.199	0.058	0.639	0.104
0.092	0.001	0.508	0.399
0.001	0.001	0.988	0.010
0.001	0.037	0.961	0.001
0.119	0.003	0.877	0.001
0.040	0.636	0.123	0.201
0.001	0.001	0.959	0.039
0.057	0.038	0.904	0.001
>TGTGGTTT	5-TGTGGTTT	5.339810	-130.765601	0	T:643.0(10.44%),B:2262.4(5.31%),P:1e-56	Tpos:315.4,Tstd:263.2,Bpos:243.5,Bstd:150.6,StrandBias:-0.1,Multiplicity:1.09
0.001	0.065	0.001	0.933
0.001	0.001	0.997	0.001
0.001	0.060	0.001	0.938
0.001	0.001	0.997	0.001
0.001	0.001	0.997	0.001
0.001	0.001	0.001	0.997
0.001	0.001	0.001	0.997
0.170	0.001	0.001	0.828
>AACGGAAA	6-AACGGAAA	5.774942	-101.125057	0	T:2123.0(34.46%),B:11238.5(26.39%),P:1e-43	Tpos:307.1,Tstd:261.7,Bpos:242.6,Bstd:147.9,StrandBias:0.0,Multiplicity:1.37
0.891	0.051	0.032	0.026
0.826	0.054	0.075	0.045
0.121	0.771	0.001	0.107
0.050	0.035	0.851	0.064
0.013	0.024	0.962	0.001
0.976	0.022	0.001	0.001
0.981	0.017	0.001	0.001
0.877	0.014	0.071	0.038
>CTTTGATC	7-CTTTGATC	4.875067	-94.593226	0	T:685.0(11.12%),B:2760.3(6.48%),P:1e-41	Tpos:277.8,Tstd:216.4,Bpos:245.9,Bstd:146.0,StrandBias:-0.2,Multiplicity:1.09
0.001	0.997	0.001	0.001
0.001	0.001	0.001	0.997
0.001	0.001	0.001	0.997
0.001	0.001	0.001	0.997
0.001	0.001	0.997	0.001
0.997	0.001	0.001	0.001
0.037	0.001	0.001	0.961
0.001	0.943	0.055	0.001
>ATTTGCAT	8-ATTTGCAT	8.236954	-83.819481	0	T:239.0(3.88%),B:646.3(1.52%),P:1e-36	Tpos:286.2,Tstd:227.8,Bpos:248.0,Bstd:144.7,StrandBias:-0.2,Multiplicity:1.08
0.700	0.100	0.100	0.100
0.100	0.100	0.100	0.700
0.100	0.100	0.100	0.700
0.100	0.100	0.100	0.700
0.100	0.100	0.700	0.100
0.100	0.700	0.100	0.100
0.700	0.100	0.100	0.100
0.100	0.100	0.100	0.700
>VCGTYADA	9-VCGTYADA	4.724214	-72.052212	0	T:2586.0(41.98%),B:14805.3(34.76%),P:1e-31	Tpos:344.2,Tstd:301.4,Bpos:241.4,Bstd:156.4,StrandBias:-0.0,Multiplicity:1.52
0.396	0.267	0.336	0.001
0.001	0.997	0.001	0.001
0.119	0.001	0.879	0.001
0.001	0.245	0.263	0.491
0.001	0.482	0.140	0.377
0.582	0.001	0.001	0.416
0.345	0.105	0.319	0.231
0.603	0.200	0.136	0.061
>RGAGGGMG	10-RGAGGGMG	7.897468	-70.428392	0	T:1723.0(27.97%),B:9238.9(21.69%),P:1e-30	Tpos:352.1,Tstd:317.3,Bpos:240.1,Bstd:148.6,StrandBias:0.1,Multiplicity:1.43
0.514	0.001	0.484	0.001
0.001	0.096	0.818	0.085
0.687	0.001	0.311	0.001
0.001	0.001	0.788	0.210
0.119	0.001	0.879	0.001
0.001	0.001	0.997	0.001
0.542	0.456	0.001	0.001
0.001	0.001	0.997	0.001
>CTCCGCCT	11-CTCCGCCT	8.488656	-67.886492	0	T:572.0(9.29%),B:2405.5(5.65%),P:1e-29	Tpos:339.6,Tstd:270.8,Bpos:237.9,Bstd:160.5,StrandBias:0.1,Multiplicity:1.14
0.105	0.740	0.001	0.154
0.001	0.245	0.001	0.753
0.046	0.952	0.001	0.001
0.001	0.997	0.001	0.001
0.001	0.001	0.997	0.001
0.001	0.997	0.001	0.001
0.001	0.997	0.001	0.001
0.001	0.001	0.001	0.997
>CGGATGTT	12-CGGATGTT	8.038165	-65.301291	0	T:600.0(9.74%),B:2585.1(6.07%),P:1e-28	Tpos:314.1,Tstd:273.3,Bpos:239.8,Bstd:145.0,StrandBias:0.1,Multiplicity:1.05
0.302	0.696	0.001	0.001
0.001	0.001	0.997	0.001
0.001	0.001	0.997	0.001
0.776	0.222	0.001	0.001
0.001	0.001	0.089	0.909
0.001	0.001	0.997	0.001
0.001	0.259	0.001	0.739
0.001	0.001	0.375	0.623
>CACGTGAT	13-CACGTGAT	5.643377	-57.544753	0	T:1283.0(20.83%),B:6725.1(15.79%),P:1e-24	Tpos:309.1,Tstd:261.0,Bpos:243.0,Bstd:148.0,StrandBias:0.0,Multiplicity:1.17
0.018	0.900	0.042	0.040
0.965	0.001	0.015	0.019
0.028	0.935	0.001	0.036
0.001	0.029	0.969	0.001
0.001	0.042	0.001	0.956
0.016	0.021	0.938	0.025
0.880	0.001	0.073	0.046
0.020	0.347	0.067	0.566
>GACGAAAG	14-GACGAAAG	7.335920	-54.602946	0	T:470.0(7.63%),B:1986.0(4.66%),P:1e-23	Tpos:289.9,Tstd:247.1,Bpos:248.1,Bstd:152.0,StrandBias:0.1,Multiplicity:1.05
0.114	0.121	0.681	0.084
0.892	0.001	0.090	0.017
0.001	0.854	0.001	0.144
0.021	0.001	0.966	0.012
0.719	0.001	0.169	0.111
0.860	0.001	0.001	0.138
0.942	0.004	0.001	0.053
0.160	0.001	0.795	0.044
>TGCGTAWN	15-TGCGTAWN	6.047876	-47.523896	0	T:971.0(15.76%),B:4992.1(11.72%),P:1e-20	Tpos:304.0,Tstd:257.6,Bpos:242.6,Bstd:154.5,StrandBias:-0.1,Multiplicity:1.18
0.001	0.199	0.001	0.799
0.144	0.001	0.807	0.048
0.252	0.746	0.001	0.001
0.001	0.001	0.997	0.001
0.024	0.345	0.001	0.630
0.797	0.201	0.001	0.001
0.455	0.001	0.231	0.312
0.315	0.249	0.212	0.224
>AACCGRAT	16-AACCGRAT	6.044749	-45.538372	0	T:1084.0(17.60%),B:5720.8(13.43%),P:1e-19	Tpos:328.7,Tstd:304.1,Bpos:242.7,Bstd:153.9,StrandBias:-0.2,Multiplicity:1.12
0.997	0.001	0.001	0.001
0.739	0.103	0.157	0.001
0.001	0.954	0.001	0.044
0.001	0.939	0.059	0.001
0.001	0.171	0.827	0.001
0.347	0.071	0.378	0.205
0.661	0.001	0.268	0.070
0.323	0.128	0.001	0.548
>CCTCCCAC	17-CCTCCCAC	8.236954	-43.128454	0	T:411.0(6.67%),B:1786.6(4.20%),P:1e-18	Tpos:326.2,Tstd:266.3,Bpos:242.4,Bstd:138.8,StrandBias:-0.3,Multiplicity:1.03
0.100	0.700	0.100	0.100
0.100	0.700	0.100	0.100
0.100	0.100	0.100	0.700
0.100	0.700	0.100	0.100
0.100	0.700	0.100	0.100
0.100	0.700	0.100	0.100
0.700	0.100	0.100	0.100
0.100	0.700	0.100	0.100
>AAAAAAAC	18-AAAAAAAC	6.848065	-38.869243	0	T:2066.0(33.54%),B:12173.8(28.59%),P:1e-16	Tpos:328.5,Tstd:288.2,Bpos:240.0,Bstd:160.6,StrandBias:-0.0,Multiplicity:1.42
0.993	0.001	0.005	0.001
0.938	0.001	0.001	0.060
0.770	0.140	0.089	0.001
0.855	0.143	0.001	0.001
0.605	0.347	0.047	0.001
0.931	0.006	0.062	0.001
0.497	0.200	0.220	0.082
0.205	0.648	0.146	0.001
>YCTAGTGG	19-YCTAGTGG	10.281864	-36.791161	0	T:211.0(3.43%),B:787.0(1.85%),P:1e-15	Tpos:288.4,Tstd:235.9,Bpos:235.6,Bstd:139.2,StrandBias:-0.1,Multiplicity:1.04
0.001	0.455	0.001	0.543
0.001	0.997	0.001	0.001
0.001	0.001	0.001	0.997
0.997	0.001	0.001	0.001
0.001	0.001	0.997	0.001
0.001	0.001	0.001	0.997
0.001	0.001	0.997	0.001
0.001	0.001	0.997	0.001
>AACGCGAC	20-AACGCGAC	6.392632	-36.750463	0	T:535.0(8.69%),B:2570.0(6.03%),P:1e-15	Tpos:346.7,Tstd:274.3,Bpos:245.1,Bstd:164.8,StrandBias:0.1,Multiplicity:1.11
0.992	0.001	0.001	0.006
0.937	0.061	0.001	0.001
0.107	0.723	0.135	0.035
0.110	0.036	0.853	0.001
0.037	0.890	0.072	0.001
0.028	0.118	0.832	0.022
0.826	0.001	0.155	0.018
0.026	0.945	0.028	0.001
>GGCGTGGC	21-GGCGTGGC	4.161567	-33.346176	0	T:372.0(6.04%),B:1684.3(3.95%),P:1e-14	Tpos:352.8,Tstd:264.7,Bpos:247.7,Bstd:159.2,StrandBias:0.1,Multiplicity:1.15
0.001	0.001	0.997	0.001
0.001	0.001	0.997	0.001
0.001	0.997	0.001	0.001
0.001	0.001	0.997	0.001
0.001	0.001	0.001	0.997
0.001	0.001	0.997	0.001
0.212	0.001	0.786	0.001
0.001	0.997	0.001	0.001
>TGATGTCA	22-TGATGTCA	8.236954	-23.187960	0	T:202.0(3.28%),B:863.2(2.03%),P:1e-10	Tpos:287.7,Tstd:211.6,Bpos:242.2,Bstd:133.7,StrandBias:-0.2,Multiplicity:1.07
0.100	0.100	0.100	0.700
0.100	0.100	0.700	0.100
0.700	0.100	0.100	0.100
0.100	0.100	0.100	0.700
0.100	0.100	0.700	0.100
0.100	0.100	0.100	0.700
0.100	0.700	0.100	0.100
0.700	0.100	0.100	0.100
>ATGGTAAC	23-ATGGTAAC	8.315288	-22.028242	0	T:211.0(3.43%),B:925.1(2.17%),P:1e-9	Tpos:272.2,Tstd:241.4,Bpos:239.4,Bstd:146.1,StrandBias:-0.3,Multiplicity:1.17
0.788	0.001	0.210	0.001
0.001	0.092	0.001	0.906
0.125	0.001	0.873	0.001
0.001	0.001	0.997	0.001
0.001	0.001	0.001	0.997
0.997	0.001	0.001	0.001
0.997	0.001	0.001	0.001
0.001	0.997	0.001	0.001
>GTAGGTGG	24-GTAGGTGG	8.236954	-16.213015	0	T:132.0(2.14%),B:559.5(1.31%),P:1e-7	Tpos:303.6,Tstd:265.8,Bpos:240.4,Bstd:138.3,StrandBias:-0.1,Multiplicity:1.02
0.100	0.100	0.700	0.100
0.100	0.100	0.100	0.700
0.700	0.100	0.100	0.100
0.100	0.100	0.700	0.100
0.100	0.100	0.700	0.100
0.100	0.100	0.100	0.700
0.100	0.100	0.700	0.100
0.100	0.100	0.700	0.100
