Factor1: 0.9464267212209444
Factor2: 1.0566058391820796
