>ATGACGTC	1-ATGACGTC	6.829632	-57.917335	0	T:108.0(15.02%),B:2077.1(4.72%),P:1e-25	Tpos:256.3,Tstd:155.2,Bpos:206.2,Bstd:157.2,StrandBias:-0.1,Multiplicity:1.09
0.521	0.117	0.234	0.128
0.001	0.003	0.027	0.969
0.010	0.001	0.980	0.009
0.983	0.004	0.001	0.012
0.001	0.967	0.001	0.031
0.056	0.001	0.927	0.016
0.062	0.001	0.001	0.936
0.054	0.847	0.077	0.022
>GGGCGGGG	2-GGGCGGGG	9.354959	-41.080256	0	T:207.0(28.79%),B:6956.7(15.82%),P:1e-17	Tpos:284.7,Tstd:179.1,Bpos:206.4,Bstd:169.9,StrandBias:-0.2,Multiplicity:1.73
0.086	0.001	0.912	0.001
0.001	0.001	0.997	0.001
0.001	0.001	0.997	0.001
0.001	0.997	0.001	0.001
0.001	0.001	0.997	0.001
0.001	0.001	0.862	0.136
0.235	0.001	0.718	0.046
0.001	0.001	0.966	0.032
>CGGAARTA	3-CGGAARTA	5.516887	-35.275362	0	T:248.0(34.49%),B:9413.6(21.41%),P:1e-15	Tpos:226.5,Tstd:139.0,Bpos:207.1,Bstd:137.9,StrandBias:0.0,Multiplicity:1.29
0.328	0.485	0.167	0.020
0.187	0.151	0.443	0.219
0.004	0.067	0.877	0.052
0.748	0.009	0.126	0.117
0.715	0.039	0.245	0.001
0.291	0.214	0.395	0.101
0.017	0.340	0.039	0.604
0.470	0.027	0.317	0.186
>GAAACCCC	4-GAAACCCC	7.136362	-31.602336	0	T:154.0(21.42%),B:5038.2(11.46%),P:1e-13	Tpos:240.3,Tstd:166.2,Bpos:207.1,Bstd:131.4,StrandBias:0.4,Multiplicity:1.23
0.088	0.001	0.910	0.001
0.997	0.001	0.001	0.001
0.997	0.001	0.001	0.001
0.822	0.050	0.001	0.127
0.110	0.646	0.092	0.152
0.050	0.766	0.031	0.153
0.094	0.888	0.017	0.001
0.001	0.965	0.033	0.001
>MTGACTCA	5-MTGACTCA	6.857380	-31.165665	0	T:162.0(22.53%),B:5440.7(12.37%),P:1e-13	Tpos:224.3,Tstd:169.5,Bpos:208.4,Bstd:126.2,StrandBias:-0.1,Multiplicity:1.19
0.468	0.499	0.014	0.019
0.001	0.001	0.001	0.997
0.035	0.001	0.963	0.001
0.679	0.319	0.001	0.001
0.001	0.588	0.410	0.001
0.001	0.001	0.165	0.833
0.124	0.874	0.001	0.001
0.783	0.001	0.215	0.001
>TSGCGSAA	6-TSGCGSAA	5.421596	-23.284569	0	T:282.0(39.22%),B:12345.8(28.08%),P:1e-10	Tpos:246.8,Tstd:166.4,Bpos:207.1,Bstd:149.5,StrandBias:0.0,Multiplicity:1.36
0.134	0.045	0.085	0.736
0.002	0.509	0.386	0.103
0.116	0.001	0.659	0.224
0.026	0.937	0.003	0.034
0.334	0.001	0.643	0.022
0.001	0.423	0.353	0.224
0.764	0.001	0.115	0.120
0.820	0.001	0.095	0.084
>GGGGCGTG	7-GGGGCGTG	8.067715	-22.577242	0	T:90.0(12.52%),B:2688.9(6.11%),P:1e-9	Tpos:232.4,Tstd:146.6,Bpos:205.0,Bstd:161.2,StrandBias:0.5,Multiplicity:1.25
0.001	0.001	0.698	0.300
0.001	0.001	0.927	0.071
0.001	0.001	0.997	0.001
0.001	0.001	0.997	0.001
0.001	0.997	0.001	0.001
0.001	0.001	0.997	0.001
0.001	0.001	0.001	0.997
0.001	0.001	0.997	0.001
>TCGTTAGT	8-TCGTTAGT	3.976562	-21.497418	0	T:187.0(26.01%),B:7422.4(16.88%),P:1e-9	Tpos:242.5,Tstd:189.7,Bpos:207.5,Bstd:146.4,StrandBias:-0.0,Multiplicity:1.19
0.113	0.246	0.147	0.494
0.214	0.555	0.117	0.114
0.170	0.045	0.601	0.184
0.088	0.206	0.198	0.508
0.052	0.211	0.277	0.460
0.572	0.133	0.259	0.036
0.099	0.260	0.456	0.186
0.241	0.236	0.112	0.411
>TCACGTGA	9-TCACGTGA	7.542301	-18.567390	0	T:91.0(12.66%),B:2967.7(6.75%),P:1e-8	Tpos:263.5,Tstd:144.6,Bpos:201.5,Bstd:146.4,StrandBias:-0.2,Multiplicity:1.13
0.106	0.001	0.052	0.841
0.068	0.930	0.001	0.001
0.885	0.113	0.001	0.001
0.001	0.997	0.001	0.001
0.118	0.116	0.765	0.001
0.001	0.001	0.001	0.997
0.001	0.001	0.997	0.001
0.887	0.001	0.111	0.001
>GCGCRYGC	10-GCGCRYGC	8.754504	-16.441603	0	T:62.0(8.62%),B:1817.5(4.13%),P:1e-7	Tpos:289.2,Tstd:148.1,Bpos:201.5,Bstd:176.3,StrandBias:0.5,Multiplicity:1.18
0.106	0.001	0.892	0.001
0.001	0.997	0.001	0.001
0.001	0.001	0.997	0.001
0.001	0.997	0.001	0.001
0.375	0.175	0.323	0.127
0.137	0.315	0.161	0.387
0.001	0.001	0.997	0.001
0.001	0.878	0.001	0.120
>TTTTTTTT	11-TTTTTTTT	6.256132	-10.191021	0	T:138.0(19.19%),B:6068.0(13.80%),P:1e-4	Tpos:244.4,Tstd:205.0,Bpos:207.0,Bstd:140.3,StrandBias:0.7,Multiplicity:1.23
0.001	0.068	0.105	0.826
0.001	0.001	0.062	0.936
0.001	0.001	0.001	0.997
0.001	0.001	0.001	0.997
0.001	0.001	0.092	0.906
0.001	0.001	0.001	0.997
0.001	0.103	0.001	0.895
0.001	0.123	0.001	0.875
