>GGGGCGGGGCYH	1-GGGGCGGGGCYH	8.901247	-69.127321	0	T:176.0(24.48%),B:4255.0(9.68%),P:1e-30	Tpos:276.8,Tstd:159.9,Bpos:206.6,Bstd:166.9,StrandBias:-0.2,Multiplicity:1.61
0.001	0.001	0.633	0.365
0.104	0.001	0.894	0.001
0.001	0.001	0.997	0.001
0.001	0.001	0.997	0.001
0.001	0.947	0.001	0.051
0.001	0.001	0.997	0.001
0.001	0.001	0.828	0.170
0.358	0.001	0.640	0.001
0.001	0.030	0.968	0.001
0.001	0.818	0.001	0.180
0.042	0.410	0.246	0.302
0.240	0.345	0.106	0.308
>AAGCCCCGCCCT	2-AAGCCCCGCCCT	8.890834	-41.024467	0	T:113.0(15.72%),B:2803.6(6.38%),P:1e-17	Tpos:272.5,Tstd:179.5,Bpos:207.5,Bstd:148.2,StrandBias:0.6,Multiplicity:1.18
0.717	0.072	0.056	0.155
0.721	0.044	0.148	0.087
0.086	0.061	0.852	0.001
0.001	0.937	0.001	0.061
0.001	0.793	0.083	0.123
0.098	0.771	0.083	0.048
0.083	0.895	0.001	0.021
0.024	0.091	0.656	0.229
0.001	0.860	0.001	0.138
0.083	0.833	0.001	0.083
0.001	0.928	0.001	0.070
0.001	0.063	0.117	0.819
>GCACTTCCGGTT	3-GCACTTCCGGTT	7.570028	-37.967406	0	T:117.0(16.27%),B:3088.3(7.02%),P:1e-16	Tpos:223.0,Tstd:140.2,Bpos:205.4,Bstd:136.4,StrandBias:0.0,Multiplicity:1.04
0.041	0.008	0.821	0.130
0.043	0.832	0.050	0.075
0.624	0.147	0.041	0.188
0.050	0.821	0.059	0.070
0.020	0.132	0.001	0.847
0.025	0.199	0.110	0.666
0.001	0.799	0.064	0.136
0.077	0.695	0.001	0.227
0.025	0.153	0.543	0.279
0.116	0.087	0.586	0.211
0.001	0.088	0.049	0.862
0.070	0.044	0.079	0.807
>CAGTGACGTCAC	4-CAGTGACGTCAC	9.624905	-37.237198	0	T:40.0(5.56%),B:466.2(1.06%),P:1e-16	Tpos:256.9,Tstd:171.5,Bpos:199.4,Bstd:142.8,StrandBias:0.3,Multiplicity:1.05
0.133	0.709	0.069	0.089
0.806	0.066	0.091	0.037
0.002	0.083	0.806	0.109
0.130	0.001	0.001	0.868
0.001	0.049	0.914	0.036
0.924	0.056	0.019	0.001
0.128	0.722	0.066	0.084
0.022	0.072	0.847	0.059
0.001	0.036	0.131	0.832
0.036	0.948	0.013	0.003
0.900	0.001	0.036	0.063
0.127	0.730	0.057	0.086
>GGGGGAATTCCC	5-GGGGGAATTCCC	6.880692	-35.812049	0	T:150.0(20.86%),B:4611.4(10.49%),P:1e-15	Tpos:221.4,Tstd:141.4,Bpos:202.2,Bstd:135.7,StrandBias:0.0,Multiplicity:1.24
0.097	0.162	0.495	0.245
0.151	0.129	0.518	0.202
0.096	0.034	0.768	0.102
0.028	0.001	0.970	0.001
0.344	0.001	0.622	0.033
0.704	0.041	0.220	0.035
0.540	0.135	0.124	0.201
0.238	0.107	0.158	0.497
0.135	0.173	0.020	0.672
0.033	0.643	0.001	0.323
0.001	0.964	0.001	0.034
0.109	0.715	0.076	0.100
>CCACTAGGGGGC	6-CCACTAGGGGGC	9.515269	-30.485467	0	T:49.0(6.82%),B:840.1(1.91%),P:1e-13	Tpos:208.6,Tstd:122.2,Bpos:206.6,Bstd:141.4,StrandBias:-0.1,Multiplicity:1.00
0.046	0.952	0.001	0.001
0.054	0.891	0.001	0.054
0.776	0.001	0.144	0.079
0.054	0.798	0.038	0.110
0.072	0.155	0.105	0.668
0.712	0.098	0.074	0.116
0.001	0.001	0.997	0.001
0.220	0.054	0.616	0.110
0.135	0.030	0.689	0.146
0.036	0.054	0.909	0.001
0.002	0.068	0.929	0.001
0.054	0.899	0.046	0.001
>TGCCATGGCAAC	7-TGCCATGGCAAC	9.765146	-27.155918	0	T:32.0(4.45%),B:417.6(0.95%),P:1e-11	Tpos:299.4,Tstd:138.3,Bpos:199.9,Bstd:113.0,StrandBias:0.3,Multiplicity:1.00
0.083	0.037	0.001	0.879
0.117	0.001	0.838	0.044
0.099	0.851	0.001	0.049
0.049	0.825	0.001	0.125
0.778	0.137	0.001	0.084
0.038	0.001	0.223	0.738
0.075	0.001	0.875	0.049
0.001	0.001	0.900	0.098
0.033	0.731	0.099	0.137
0.832	0.042	0.052	0.074
0.813	0.152	0.033	0.002
0.049	0.949	0.001	0.001
>AGGAGGGCGGGT	8-AGGAGGGCGGGT	8.699877	-25.167063	0	T:94.0(13.07%),B:2724.2(6.20%),P:1e-10	Tpos:238.3,Tstd:173.8,Bpos:208.4,Bstd:144.3,StrandBias:-0.9,Multiplicity:1.03
0.858	0.079	0.022	0.041
0.032	0.001	0.880	0.087
0.044	0.108	0.804	0.044
0.809	0.092	0.063	0.036
0.029	0.036	0.879	0.056
0.042	0.044	0.892	0.022
0.053	0.083	0.863	0.001
0.101	0.700	0.060	0.139
0.078	0.044	0.785	0.093
0.043	0.035	0.921	0.001
0.050	0.116	0.833	0.001
0.079	0.089	0.048	0.784
>ACCCGGAAGTAA	9-ACCCGGAAGTAA	8.463612	-24.992158	0	T:46.0(6.40%),B:881.4(2.00%),P:1e-10	Tpos:248.0,Tstd:157.2,Bpos:212.6,Bstd:148.1,StrandBias:-0.1,Multiplicity:1.00
0.700	0.100	0.100	0.100
0.100	0.700	0.100	0.100
0.100	0.700	0.100	0.100
0.100	0.700	0.100	0.100
0.100	0.100	0.700	0.100
0.100	0.100	0.700	0.100
0.700	0.100	0.100	0.100
0.700	0.100	0.100	0.100
0.100	0.100	0.700	0.100
0.100	0.100	0.100	0.700
0.700	0.100	0.100	0.100
0.700	0.100	0.100	0.100
>TCCGGAAACAGC	10-TCCGGAAACAGC	10.136784	-23.217901	0	T:28.0(3.89%),B:377.5(0.86%),P:1e-10	Tpos:229.2,Tstd:129.2,Bpos:199.4,Bstd:130.9,StrandBias:-0.2,Multiplicity:1.08
0.001	0.078	0.001	0.920
0.001	0.901	0.004	0.094
0.152	0.775	0.001	0.072
0.039	0.001	0.733	0.227
0.093	0.001	0.905	0.001
0.811	0.001	0.001	0.187
0.728	0.001	0.103	0.168
0.606	0.168	0.225	0.001
0.001	0.787	0.211	0.001
0.997	0.001	0.001	0.001
0.001	0.001	0.997	0.001
0.001	0.846	0.001	0.152
>CATCCCCCATTG	11-CATCCCCCATTG	11.243905	-22.463542	0	T:16.0(2.23%),B:115.6(0.26%),P:1e-9	Tpos:166.6,Tstd:125.0,Bpos:219.9,Bstd:121.3,StrandBias:0.0,Multiplicity:1.00
0.001	0.997	0.001	0.001
0.634	0.001	0.001	0.364
0.116	0.001	0.001	0.882
0.001	0.702	0.001	0.296
0.001	0.882	0.001	0.116
0.096	0.902	0.001	0.001
0.124	0.759	0.001	0.116
0.172	0.826	0.001	0.001
0.908	0.001	0.086	0.005
0.001	0.150	0.086	0.763
0.001	0.001	0.001	0.997
0.085	0.001	0.913	0.001
>TGTGTGTTTGTG	12-TGTGTGTTTGTG	9.017355	-21.216197	0	T:66.0(9.18%),B:1752.4(3.99%),P:1e-9	Tpos:214.4,Tstd:163.6,Bpos:209.6,Bstd:129.7,StrandBias:0.4,Multiplicity:1.17
0.082	0.124	0.053	0.741
0.041	0.019	0.875	0.065
0.129	0.001	0.013	0.857
0.027	0.113	0.798	0.062
0.084	0.070	0.035	0.811
0.107	0.020	0.773	0.100
0.020	0.064	0.001	0.915
0.027	0.063	0.168	0.742
0.012	0.019	0.007	0.962
0.056	0.172	0.737	0.035
0.056	0.044	0.007	0.893
0.014	0.040	0.905	0.041
>GTGCGCATGCGC	13-GTGCGCATGCGC	9.145520	-19.976346	0	T:71.0(9.87%),B:2015.3(4.58%),P:1e-8	Tpos:255.8,Tstd:140.6,Bpos:198.4,Bstd:175.3,StrandBias:-0.1,Multiplicity:1.40
0.109	0.134	0.492	0.264
0.019	0.117	0.088	0.776
0.002	0.103	0.894	0.001
0.001	0.912	0.086	0.001
0.002	0.001	0.996	0.001
0.001	0.997	0.001	0.001
0.704	0.211	0.056	0.029
0.121	0.113	0.072	0.694
0.001	0.001	0.997	0.001
0.001	0.787	0.041	0.171
0.036	0.001	0.941	0.022
0.001	0.816	0.001	0.182
>TGGCGCGCGCGC	14-TGGCGCGCGCGC	12.417569	-19.751676	0	T:21.0(2.92%),B:252.5(0.57%),P:1e-8	Tpos:208.9,Tstd:152.4,Bpos:190.5,Bstd:180.8,StrandBias:-0.5,Multiplicity:1.05
0.001	0.096	0.090	0.813
0.001	0.001	0.997	0.001
0.001	0.206	0.792	0.001
0.001	0.648	0.350	0.001
0.001	0.001	0.997	0.001
0.001	0.997	0.001	0.001
0.001	0.001	0.997	0.001
0.001	0.997	0.001	0.001
0.001	0.001	0.997	0.001
0.206	0.792	0.001	0.001
0.001	0.001	0.997	0.001
0.207	0.617	0.175	0.001
>ATGACGTCATMT	15-ATGACGTCATMT	10.112364	-19.722884	0	T:18.0(2.50%),B:182.4(0.41%),P:1e-8	Tpos:215.2,Tstd:96.7,Bpos:216.1,Bstd:133.7,StrandBias:-0.4,Multiplicity:1.06
0.595	0.054	0.124	0.227
0.001	0.003	0.229	0.767
0.001	0.001	0.997	0.001
0.830	0.001	0.080	0.089
0.147	0.693	0.054	0.106
0.280	0.006	0.713	0.001
0.001	0.001	0.001	0.997
0.001	0.996	0.001	0.002
0.839	0.080	0.001	0.080
0.080	0.164	0.080	0.676
0.430	0.376	0.001	0.193
0.070	0.001	0.209	0.720
>GTCACGTGACCC	16-GTCACGTGACCC	10.270498	-16.790600	0	T:23.0(3.20%),B:357.5(0.81%),P:1e-7	Tpos:255.2,Tstd:107.0,Bpos:190.8,Bstd:158.7,StrandBias:-0.5,Multiplicity:1.13
0.001	0.039	0.800	0.160
0.080	0.039	0.080	0.801
0.001	0.997	0.001	0.001
0.932	0.066	0.001	0.001
0.001	0.813	0.181	0.005
0.127	0.179	0.627	0.067
0.001	0.079	0.001	0.919
0.001	0.001	0.997	0.001
0.907	0.046	0.001	0.046
0.005	0.701	0.120	0.174
0.001	0.672	0.185	0.142
0.093	0.847	0.059	0.001
>CTYCTACGWCKG	17-CTYCTACGWCKG	11.956675	-16.265354	0	T:9.0(1.25%),B:45.5(0.10%),P:1e-7	Tpos:166.2,Tstd:127.4,Bpos:191.1,Bstd:113.0,StrandBias:0.3,Multiplicity:1.00
0.001	0.997	0.001	0.001
0.001	0.001	0.001	0.997
0.001	0.432	0.271	0.296
0.001	0.997	0.001	0.001
0.001	0.001	0.001	0.997
0.851	0.147	0.001	0.001
0.001	0.997	0.001	0.001
0.001	0.259	0.739	0.001
0.467	0.001	0.001	0.531
0.306	0.692	0.001	0.001
0.001	0.001	0.455	0.543
0.001	0.001	0.851	0.147
>AGGGCKGGGCCA	18-AGGGCKGGGCCA	10.941789	-15.812873	0	T:28.0(3.89%),B:535.3(1.22%),P:1e-6	Tpos:217.9,Tstd:159.4,Bpos:212.2,Bstd:131.9,StrandBias:0.7,Multiplicity:1.00
0.593	0.001	0.001	0.405
0.001	0.001	0.997	0.001
0.001	0.001	0.997	0.001
0.145	0.001	0.853	0.001
0.155	0.843	0.001	0.001
0.001	0.001	0.542	0.456
0.001	0.001	0.904	0.094
0.001	0.095	0.823	0.081
0.215	0.001	0.783	0.001
0.145	0.764	0.090	0.001
0.001	0.997	0.001	0.001
0.928	0.001	0.070	0.001
>AATATATTTCAG	19-AATATATTTCAG	10.061639	-15.240728	0	T:6.0(0.83%),B:16.0(0.04%),P:1e-6	Tpos:195.3,Tstd:139.0,Bpos:191.8,Bstd:116.3,StrandBias:0.4,Multiplicity:1.17
0.657	0.136	0.087	0.120
0.616	0.125	0.108	0.151
0.143	0.102	0.140	0.615
0.607	0.099	0.134	0.160
0.137	0.141	0.112	0.610
0.620	0.118	0.114	0.148
0.131	0.104	0.088	0.677
0.093	0.130	0.105	0.672
0.089	0.087	0.071	0.753
0.091	0.719	0.109	0.081
0.766	0.050	0.040	0.144
0.094	0.095	0.689	0.122
>ATCCCCCTCCCT	20-ATCCCCCTCCCT	13.317182	-10.175778	0	T:8.0(1.11%),B:74.5(0.17%),P:1e-4	Tpos:185.9,Tstd:160.1,Bpos:199.0,Bstd:159.7,StrandBias:2.1,Multiplicity:2.00
0.997	0.001	0.001	0.001
0.001	0.001	0.001	0.997
0.001	0.997	0.001	0.001
0.026	0.972	0.001	0.001
0.001	0.997	0.001	0.001
0.001	0.997	0.001	0.001
0.001	0.997	0.001	0.001
0.297	0.027	0.001	0.675
0.001	0.884	0.114	0.001
0.001	0.997	0.001	0.001
0.403	0.595	0.001	0.001
0.001	0.167	0.001	0.831
>TTTTTTTTTTTT	21-TTTTTTTTTTTT	9.788619	-10.115437	0	T:56.0(7.79%),B:1941.5(4.42%),P:1e-4	Tpos:252.9,Tstd:204.2,Bpos:212.0,Bstd:141.3,StrandBias:1.2,Multiplicity:1.11
0.181	0.112	0.171	0.536
0.001	0.173	0.178	0.648
0.014	0.001	0.095	0.890
0.107	0.001	0.001	0.891
0.001	0.001	0.143	0.855
0.001	0.001	0.093	0.905
0.035	0.001	0.150	0.814
0.050	0.034	0.219	0.697
0.001	0.053	0.080	0.866
0.001	0.058	0.082	0.859
0.114	0.050	0.001	0.835
0.142	0.011	0.053	0.794
>CGGAGACTGGAA	22-CGGAGACTGGAA	10.409522	-3.559645	0	T:5.0(0.70%),B:103.0(0.23%),P:1e-1	Tpos:293.4,Tstd:134.1,Bpos:198.1,Bstd:128.3,StrandBias:2.8,Multiplicity:1.60
0.100	0.700	0.100	0.100
0.100	0.100	0.700	0.100
0.100	0.100	0.700	0.100
0.700	0.100	0.100	0.100
0.100	0.100	0.700	0.100
0.700	0.100	0.100	0.100
0.100	0.700	0.100	0.100
0.100	0.100	0.100	0.700
0.100	0.100	0.700	0.100
0.100	0.100	0.700	0.100
0.700	0.100	0.100	0.100
0.700	0.100	0.100	0.100
>GCCTGCGCGACT	23-GCCTGCGCGACT	12.355432	-3.436607	0	T:1.0(0.14%),B:2.7(0.01%),P:1e-1	Tpos:209.3,Tstd:97.0,Bpos:314.0,Bstd:0.0,StrandBias:10.0,Multiplicity:11.00
0.100	0.100	0.700	0.100
0.100	0.700	0.100	0.100
0.100	0.700	0.100	0.100
0.100	0.100	0.100	0.700
0.100	0.100	0.700	0.100
0.100	0.700	0.100	0.100
0.100	0.100	0.700	0.100
0.100	0.700	0.100	0.100
0.100	0.100	0.700	0.100
0.700	0.100	0.100	0.100
0.100	0.700	0.100	0.100
0.100	0.100	0.100	0.700
>GGACGCTGGAAG	24-GGACGCTGGAAG	12.355432	-3.436607	0	T:1.0(0.14%),B:2.3(0.01%),P:1e-1	Tpos:216.8,Tstd:127.6,Bpos:331.4,Bstd:29.1,StrandBias:10.0,Multiplicity:5.00
0.100	0.100	0.700	0.100
0.100	0.100	0.700	0.100
0.700	0.100	0.100	0.100
0.100	0.700	0.100	0.100
0.100	0.100	0.700	0.100
0.100	0.700	0.100	0.100
0.100	0.100	0.100	0.700
0.100	0.100	0.700	0.100
0.100	0.100	0.700	0.100
0.700	0.100	0.100	0.100
0.700	0.100	0.100	0.100
0.100	0.100	0.700	0.100
>CGGASGCTGGAA	25-CGGASGCTGGAA	15.539151	-3.039250	0	T:1.0(0.14%),B:3.3(0.01%),P:1e-1	Tpos:164.7,Tstd:70.4,Bpos:260.1,Bstd:74.4,StrandBias:10.0,Multiplicity:3.00
0.001	0.997	0.001	0.001
0.001	0.001	0.997	0.001
0.001	0.001	0.997	0.001
0.997	0.001	0.001	0.001
0.001	0.474	0.524	0.001
0.341	0.001	0.657	0.001
0.001	0.997	0.001	0.001
0.001	0.001	0.001	0.997
0.001	0.001	0.997	0.001
0.001	0.001	0.997	0.001
0.997	0.001	0.001	0.001
0.997	0.001	0.001	0.001
