Factor1: 1.001970740688089
Factor2: 0.9980331354918235
