>RCCGGAAGTG	1-RCCGGAAGTG	6.381633	-487.846290	0	T:1933.0(44.95%),B:10267.6(23.32%),P:1e-211	Tpos:307.9,Tstd:238.4,Bpos:245.4,Bstd:151.8,StrandBias:0.1,Multiplicity:1.42
0.378	0.119	0.352	0.151
0.204	0.547	0.210	0.039
0.309	0.483	0.122	0.086
0.099	0.001	0.893	0.007
0.001	0.012	0.951	0.036
0.921	0.013	0.040	0.026
0.772	0.001	0.020	0.207
0.312	0.124	0.531	0.033
0.053	0.326	0.130	0.491
0.196	0.152	0.516	0.136
>DGGGYGKRRH	2-DGGGYGKRRH	6.717057	-205.969074	0	T:1186.0(27.58%),B:6831.0(15.52%),P:1e-89	Tpos:345.9,Tstd:275.9,Bpos:243.3,Bstd:155.1,StrandBias:-0.0,Multiplicity:1.59
0.344	0.058	0.278	0.320
0.322	0.063	0.518	0.097
0.055	0.079	0.818	0.048
0.089	0.057	0.800	0.054
0.053	0.509	0.038	0.400
0.041	0.039	0.849	0.071
0.120	0.056	0.400	0.424
0.347	0.109	0.433	0.110
0.377	0.085	0.462	0.076
0.269	0.338	0.089	0.304
>NHAACCRCAN	3-NHAACCRCAN	5.557702	-164.767141	0	T:934.0(21.72%),B:5271.9(11.98%),P:1e-71	Tpos:307.6,Tstd:247.3,Bpos:246.2,Bstd:154.2,StrandBias:0.0,Multiplicity:1.16
0.204	0.282	0.247	0.267
0.350	0.215	0.171	0.264
0.637	0.128	0.154	0.081
0.662	0.142	0.184	0.012
0.092	0.719	0.115	0.074
0.145	0.799	0.018	0.038
0.406	0.005	0.523	0.066
0.099	0.634	0.172	0.095
0.468	0.172	0.211	0.149
0.262	0.226	0.327	0.186
>NTGTGGTTTN	4-NTGTGGTTTN	7.427098	-94.348121	0	T:867.0(20.16%),B:5636.1(12.80%),P:1e-40	Tpos:290.1,Tstd:238.5,Bpos:239.9,Bstd:146.9,StrandBias:-0.1,Multiplicity:1.10
0.238	0.204	0.225	0.333
0.046	0.011	0.035	0.908
0.041	0.044	0.872	0.043
0.099	0.001	0.093	0.807
0.027	0.039	0.893	0.041
0.023	0.036	0.872	0.069
0.018	0.086	0.091	0.805
0.037	0.053	0.054	0.856
0.001	0.004	0.004	0.991
0.166	0.306	0.263	0.265
>CCCCCTASTG	5-CCCCCTASTG	9.672647	-92.557589	0	T:242.0(5.63%),B:926.4(2.10%),P:1e-40	Tpos:288.2,Tstd:254.6,Bpos:230.0,Bstd:139.9,StrandBias:-0.3,Multiplicity:1.04
0.001	0.901	0.023	0.075
0.001	0.982	0.003	0.014
0.223	0.668	0.001	0.108
0.004	0.690	0.001	0.305
0.036	0.953	0.010	0.001
0.010	0.009	0.003	0.978
0.555	0.001	0.259	0.185
0.001	0.472	0.426	0.101
0.001	0.074	0.001	0.924
0.092	0.001	0.884	0.023
>CATCTAGTGG	6-CATCTAGTGG	8.961096	-91.444162	0	T:173.0(4.02%),B:534.2(1.21%),P:1e-39	Tpos:287.5,Tstd:242.0,Bpos:241.8,Bstd:139.7,StrandBias:-0.3,Multiplicity:1.02
0.055	0.934	0.001	0.010
0.741	0.236	0.015	0.008
0.011	0.311	0.013	0.665
0.001	0.997	0.001	0.001
0.018	0.001	0.001	0.980
0.915	0.001	0.083	0.001
0.007	0.001	0.987	0.005
0.005	0.024	0.001	0.970
0.005	0.001	0.972	0.022
0.005	0.001	0.993	0.001
>CYGATTGGYT	7-CYGATTGGYT	7.526311	-88.654583	0	T:450.0(10.47%),B:2382.2(5.41%),P:1e-38	Tpos:302.5,Tstd:218.9,Bpos:244.5,Bstd:148.2,StrandBias:0.1,Multiplicity:1.24
0.039	0.498	0.184	0.279
0.105	0.364	0.151	0.380
0.071	0.127	0.651	0.151
0.895	0.001	0.076	0.028
0.001	0.001	0.097	0.901
0.001	0.001	0.001	0.997
0.010	0.036	0.924	0.030
0.057	0.001	0.920	0.022
0.121	0.357	0.150	0.372
0.018	0.251	0.191	0.540
>VTGASTCABN	8-VTGASTCABN	6.417248	-84.925311	0	T:412.0(9.58%),B:2140.6(4.86%),P:1e-36	Tpos:282.8,Tstd:230.1,Bpos:242.1,Bstd:141.8,StrandBias:0.0,Multiplicity:1.10
0.251	0.289	0.307	0.153
0.017	0.027	0.019	0.937
0.206	0.129	0.564	0.101
0.655	0.179	0.122	0.044
0.158	0.386	0.447	0.009
0.234	0.033	0.081	0.652
0.217	0.560	0.198	0.025
0.830	0.118	0.033	0.019
0.104	0.331	0.259	0.306
0.253	0.266	0.222	0.259
>ATTTMGCGCY	9-ATTTMGCGCY	6.293601	-80.243594	0	T:684.0(15.91%),B:4326.9(9.83%),P:1e-34	Tpos:338.0,Tstd:255.5,Bpos:244.4,Bstd:163.5,StrandBias:-0.0,Multiplicity:1.19
0.406	0.164	0.194	0.236
0.120	0.189	0.173	0.518
0.001	0.205	0.259	0.535
0.001	0.001	0.001	0.997
0.456	0.324	0.219	0.001
0.262	0.129	0.550	0.059
0.001	0.997	0.001	0.001
0.147	0.001	0.851	0.001
0.204	0.794	0.001	0.001
0.137	0.443	0.054	0.367
>CGGTTTCCTC	10-CGGTTTCCTC	7.468785	-79.323333	0	T:681.0(15.84%),B:4315.3(9.80%),P:1e-34	Tpos:315.3,Tstd:294.8,Bpos:246.1,Bstd:146.9,StrandBias:-0.1,Multiplicity:1.09
0.192	0.389	0.233	0.186
0.207	0.034	0.627	0.132
0.049	0.058	0.743	0.150
0.081	0.187	0.026	0.706
0.013	0.069	0.015	0.903
0.005	0.128	0.173	0.694
0.036	0.885	0.031	0.048
0.023	0.851	0.054	0.072
0.041	0.123	0.116	0.720
0.066	0.499	0.208	0.227
>CCACATCCTC	11-CCACATCCTC	10.403681	-69.177863	0	T:136.0(3.16%),B:434.0(0.99%),P:1e-30	Tpos:276.5,Tstd:215.2,Bpos:248.3,Bstd:144.2,StrandBias:-0.8,Multiplicity:1.11
0.117	0.881	0.001	0.001
0.001	0.941	0.001	0.057
0.959	0.001	0.039	0.001
0.001	0.997	0.001	0.001
0.997	0.001	0.001	0.001
0.001	0.001	0.001	0.997
0.001	0.997	0.001	0.001
0.001	0.997	0.001	0.001
0.001	0.001	0.001	0.997
0.001	0.665	0.092	0.242
>WGKGGGWGGR	12-WGKGGGWGGR	8.838515	-61.792169	0	T:781.0(18.16%),B:5458.3(12.40%),P:1e-26	Tpos:345.5,Tstd:294.9,Bpos:244.0,Bstd:139.6,StrandBias:0.1,Multiplicity:1.16
0.466	0.001	0.001	0.532
0.370	0.001	0.628	0.001
0.001	0.001	0.451	0.547
0.001	0.001	0.997	0.001
0.001	0.022	0.976	0.001
0.001	0.001	0.997	0.001
0.466	0.001	0.001	0.532
0.001	0.001	0.997	0.001
0.001	0.001	0.843	0.155
0.483	0.001	0.515	0.001
>CGCGCGTAAA	13-CGCGCGTAAA	4.893958	-58.528208	0	T:661.0(15.37%),B:4487.7(10.19%),P:1e-25	Tpos:379.0,Tstd:292.0,Bpos:247.0,Bstd:172.1,StrandBias:-0.1,Multiplicity:1.42
0.097	0.689	0.119	0.095
0.102	0.078	0.699	0.121
0.099	0.718	0.086	0.097
0.092	0.116	0.713	0.079
0.090	0.706	0.103	0.101
0.087	0.103	0.721	0.089
0.104	0.129	0.119	0.648
0.721	0.089	0.091	0.099
0.712	0.078	0.109	0.101
0.675	0.117	0.110	0.098
>GTGAYGTCAT	14-GTGAYGTCAT	8.241864	-51.466959	0	T:229.0(5.33%),B:1146.9(2.61%),P:1e-22	Tpos:325.4,Tstd:237.8,Bpos:242.3,Bstd:146.1,StrandBias:0.2,Multiplicity:1.04
0.022	0.141	0.766	0.071
0.020	0.001	0.182	0.797
0.026	0.217	0.673	0.084
0.919	0.059	0.001	0.021
0.053	0.470	0.077	0.400
0.028	0.186	0.785	0.001
0.089	0.001	0.030	0.880
0.111	0.666	0.222	0.001
0.778	0.070	0.001	0.151
0.001	0.057	0.080	0.862
>CGACCGAGAT	15-CGACCGAGAT	7.260740	-42.837330	0	T:174.0(4.05%),B:839.4(1.91%),P:1e-18	Tpos:346.1,Tstd:263.1,Bpos:250.9,Bstd:162.3,StrandBias:0.1,Multiplicity:1.02
0.084	0.723	0.096	0.097
0.090	0.056	0.801	0.053
0.850	0.045	0.036	0.069
0.110	0.795	0.051	0.044
0.045	0.839	0.038	0.078
0.060	0.031	0.807	0.102
0.838	0.127	0.012	0.023
0.039	0.041	0.875	0.045
0.742	0.075	0.058	0.125
0.133	0.067	0.063	0.737
>TRCGCATGCG	16-TRCGCATGCG	7.925438	-33.365646	0	T:180.0(4.19%),B:976.0(2.22%),P:1e-14	Tpos:331.8,Tstd:241.8,Bpos:236.1,Bstd:178.8,StrandBias:-0.1,Multiplicity:1.16
0.174	0.213	0.137	0.476
0.354	0.129	0.492	0.025
0.279	0.621	0.033	0.067
0.045	0.024	0.763	0.168
0.050	0.817	0.070	0.063
0.499	0.304	0.007	0.191
0.153	0.016	0.265	0.566
0.207	0.061	0.667	0.065
0.034	0.820	0.022	0.124
0.036	0.003	0.697	0.264
>GTGACGTATG	17-GTGACGTATG	8.947946	-29.315811	0	T:55.0(1.28%),B:174.0(0.40%),P:1e-12	Tpos:259.8,Tstd:223.9,Bpos:254.7,Bstd:147.2,StrandBias:0.1,Multiplicity:1.00
0.045	0.077	0.877	0.001
0.001	0.001	0.045	0.953
0.001	0.056	0.942	0.001
0.865	0.057	0.077	0.001
0.001	0.835	0.012	0.152
0.001	0.023	0.975	0.001
0.024	0.001	0.072	0.903
0.867	0.024	0.090	0.019
0.001	0.001	0.020	0.978
0.077	0.001	0.845	0.077
>GTCACCTACA	18-GTCACCTACA	10.296193	-26.871986	0	T:19.0(0.44%),B:22.3(0.05%),P:1e-11	Tpos:326.8,Tstd:176.0,Bpos:216.5,Bstd:124.3,StrandBias:0.2,Multiplicity:1.06
0.100	0.100	0.700	0.100
0.100	0.100	0.100	0.700
0.100	0.700	0.100	0.100
0.700	0.100	0.100	0.100
0.100	0.700	0.100	0.100
0.100	0.700	0.100	0.100
0.100	0.100	0.100	0.700
0.700	0.100	0.100	0.100
0.100	0.700	0.100	0.100
0.700	0.100	0.100	0.100
>AACGTGGCGA	19-AACGTGGCGA	11.482024	-22.722966	0	T:10.0(0.23%),B:6.0(0.01%),P:1e-9	Tpos:357.5,Tstd:231.0,Bpos:314.1,Bstd:164.6,StrandBias:0.0,Multiplicity:1.00
0.997	0.001	0.001	0.001
0.903	0.001	0.001	0.095
0.001	0.997	0.001	0.001
0.001	0.001	0.997	0.001
0.001	0.001	0.001	0.997
0.001	0.001	0.997	0.001
0.001	0.001	0.997	0.001
0.001	0.997	0.001	0.001
0.001	0.001	0.997	0.001
0.997	0.001	0.001	0.001
>GGATCACGTT	20-GGATCACGTT	10.296193	-17.377445	0	T:7.0(0.16%),B:3.1(0.01%),P:1e-7	Tpos:288.9,Tstd:113.6,Bpos:129.4,Bstd:52.7,StrandBias:0.4,Multiplicity:1.00
0.100	0.100	0.700	0.100
0.100	0.100	0.700	0.100
0.700	0.100	0.100	0.100
0.100	0.100	0.100	0.700
0.100	0.700	0.100	0.100
0.700	0.100	0.100	0.100
0.100	0.700	0.100	0.100
0.100	0.100	0.700	0.100
0.100	0.100	0.100	0.700
0.100	0.100	0.100	0.700
>CATTTCGACT	21-CATTTCGACT	10.296193	-16.546964	0	T:6.0(0.14%),B:2.2(0.00%),P:1e-7	Tpos:246.0,Tstd:213.6,Bpos:188.4,Bstd:228.5,StrandBias:0.0,Multiplicity:1.00
0.100	0.700	0.100	0.100
0.700	0.100	0.100	0.100
0.100	0.100	0.100	0.700
0.100	0.100	0.100	0.700
0.100	0.100	0.100	0.700
0.100	0.700	0.100	0.100
0.100	0.100	0.700	0.100
0.700	0.100	0.100	0.100
0.100	0.700	0.100	0.100
0.100	0.100	0.100	0.700
>RAAAAAAAAA	22-RAAAAAAAAA	9.721926	-16.189285	0	T:364.0(8.47%),B:2826.5(6.42%),P:1e-7	Tpos:349.0,Tstd:309.3,Bpos:246.6,Bstd:162.2,StrandBias:0.0,Multiplicity:1.16
0.439	0.037	0.463	0.061
0.872	0.024	0.070	0.034
0.990	0.001	0.001	0.008
0.979	0.013	0.001	0.007
0.983	0.015	0.001	0.001
0.997	0.001	0.001	0.001
0.978	0.001	0.020	0.001
0.929	0.020	0.050	0.001
0.916	0.001	0.001	0.082
0.926	0.022	0.051	0.001
>GTGATGCGCT	23-GTGATGCGCT	8.378487	-14.911546	0	T:85.0(1.98%),B:481.7(1.09%),P:1e-6	Tpos:279.2,Tstd:234.1,Bpos:247.0,Bstd:158.2,StrandBias:-0.8,Multiplicity:1.25
0.388	0.001	0.610	0.001
0.126	0.001	0.001	0.872
0.107	0.224	0.559	0.110
0.799	0.001	0.001	0.199
0.001	0.001	0.001	0.997
0.054	0.001	0.883	0.062
0.128	0.870	0.001	0.001
0.001	0.001	0.997	0.001
0.051	0.827	0.090	0.032
0.220	0.001	0.064	0.715
>GTAGCACTGC	24-GTAGCACTGC	6.404373	-5.101845	0	T:1303.0(30.30%),B:12570.9(28.56%),P:1e-2	Tpos:310.1,Tstd:247.1,Bpos:244.8,Bstd:147.7,StrandBias:0.0,Multiplicity:1.25
0.100	0.100	0.700	0.100
0.100	0.100	0.100	0.700
0.700	0.100	0.100	0.100
0.100	0.100	0.700	0.100
0.100	0.700	0.100	0.100
0.700	0.100	0.100	0.100
0.100	0.700	0.100	0.100
0.100	0.100	0.100	0.700
0.100	0.100	0.700	0.100
0.100	0.700	0.100	0.100
>CGATGTGTTA	25-CGATGTGTTA	6.535141	-2.110942	0	T:38.0(0.88%),B:317.0(0.72%),P:1e0	Tpos:320.2,Tstd:248.3,Bpos:249.2,Bstd:145.2,StrandBias:1.6,Multiplicity:1.58
0.001	0.673	0.001	0.325
0.001	0.001	0.997	0.001
0.997	0.001	0.001	0.001
0.001	0.001	0.001	0.997
0.001	0.001	0.997	0.001
0.001	0.001	0.001	0.997
0.001	0.001	0.997	0.001
0.001	0.001	0.001	0.997
0.001	0.001	0.001	0.997
0.997	0.001	0.001	0.001
>NYCACTTCCTGT	1-NYCACTTCCTGT	8.011031	-440.875429	0	T:1373.0(31.93%),B:6237.6(14.17%),P:1e-191	Tpos:296.5,Tstd:230.5,Bpos:245.5,Bstd:143.9,StrandBias:-0.1,Multiplicity:1.29
0.262	0.274	0.256	0.208
0.151	0.417	0.159	0.273
0.159	0.490	0.151	0.200
0.576	0.096	0.264	0.064
0.001	0.761	0.021	0.217
0.238	0.003	0.001	0.758
0.004	0.001	0.001	0.994
0.001	0.987	0.010	0.002
0.001	0.990	0.001	0.008
0.008	0.018	0.070	0.904
0.042	0.240	0.608	0.110
0.127	0.294	0.042	0.537
>GCCCYCTAGTGG	2-GCCCYCTAGTGG	10.353109	-214.806134	0	T:266.0(6.19%),B:569.2(1.29%),P:1e-93	Tpos:260.2,Tstd:208.0,Bpos:238.4,Bstd:138.6,StrandBias:-0.1,Multiplicity:1.01
0.196	0.001	0.651	0.152
0.149	0.849	0.001	0.001
0.001	0.997	0.001	0.001
0.335	0.643	0.021	0.001
0.048	0.471	0.001	0.480
0.001	0.962	0.001	0.036
0.028	0.001	0.001	0.970
0.572	0.001	0.278	0.149
0.038	0.322	0.524	0.116
0.166	0.056	0.031	0.747
0.001	0.001	0.977	0.021
0.053	0.001	0.772	0.174
>TGGGCGGGGCCT	3-TGGGCGGGGCCT	7.810070	-132.066195	0	T:922.0(21.44%),B:5563.5(12.64%),P:1e-57	Tpos:363.1,Tstd:279.0,Bpos:243.3,Bstd:155.6,StrandBias:0.1,Multiplicity:1.56
0.077	0.083	0.139	0.701
0.068	0.020	0.867	0.045
0.001	0.002	0.996	0.001
0.014	0.002	0.983	0.001
0.088	0.843	0.011	0.058
0.089	0.008	0.901	0.002
0.053	0.031	0.835	0.081
0.116	0.012	0.778	0.094
0.092	0.018	0.827	0.063
0.033	0.785	0.085	0.097
0.033	0.718	0.124	0.125
0.154	0.079	0.090	0.677
>CKCTGATTGGCT	4-CKCTGATTGGCT	9.365034	-98.666171	0	T:236.0(5.49%),B:855.1(1.94%),P:1e-42	Tpos:303.7,Tstd:226.3,Bpos:240.7,Bstd:153.4,StrandBias:-0.3,Multiplicity:1.11
0.133	0.674	0.017	0.176
0.112	0.125	0.415	0.349
0.070	0.673	0.137	0.120
0.001	0.132	0.046	0.821
0.001	0.072	0.926	0.001
0.816	0.049	0.070	0.065
0.022	0.001	0.001	0.976
0.001	0.001	0.045	0.953
0.001	0.001	0.997	0.001
0.007	0.001	0.991	0.001
0.108	0.752	0.001	0.139
0.079	0.235	0.093	0.593
>VKBTGTGGTTTC	5-VKBTGTGGTTTC	8.681940	-82.964906	0	T:390.0(9.07%),B:1999.9(4.54%),P:1e-36	Tpos:302.9,Tstd:247.9,Bpos:244.1,Bstd:148.7,StrandBias:0.2,Multiplicity:1.09
0.332	0.273	0.269	0.126
0.167	0.078	0.438	0.317
0.163	0.249	0.355	0.233
0.001	0.001	0.078	0.920
0.028	0.062	0.793	0.117
0.001	0.022	0.087	0.890
0.001	0.001	0.969	0.029
0.001	0.011	0.879	0.109
0.003	0.001	0.051	0.945
0.001	0.001	0.001	0.997
0.067	0.001	0.014	0.918
0.001	0.662	0.169	0.168
>HCGCGCCAAANH	6-HCGCGCCAAANH	5.833947	-70.312502	0	T:681.0(15.84%),B:4455.4(10.12%),P:1e-30	Tpos:373.6,Tstd:299.8,Bpos:246.6,Bstd:163.7,StrandBias:-0.0,Multiplicity:1.24
0.307	0.261	0.153	0.279
0.197	0.474	0.278	0.052
0.075	0.080	0.775	0.070
0.044	0.900	0.009	0.047
0.037	0.023	0.937	0.003
0.094	0.756	0.066	0.084
0.070	0.475	0.145	0.309
0.830	0.040	0.083	0.047
0.757	0.060	0.085	0.098
0.738	0.005	0.046	0.211
0.266	0.297	0.265	0.172
0.267	0.321	0.160	0.252
>YRGTGACGTSAS	7-YRGTGACGTSAS	5.946045	-65.272420	0	T:499.0(11.60%),B:3040.1(6.91%),P:1e-28	Tpos:309.4,Tstd:238.4,Bpos:245.5,Bstd:158.9,StrandBias:0.0,Multiplicity:1.12
0.139	0.351	0.179	0.331
0.287	0.193	0.344	0.176
0.388	0.001	0.610	0.001
0.001	0.001	0.001	0.997
0.001	0.118	0.862	0.019
0.989	0.001	0.009	0.001
0.001	0.997	0.001	0.001
0.001	0.001	0.997	0.001
0.001	0.001	0.057	0.941
0.099	0.407	0.436	0.059
0.495	0.133	0.213	0.159
0.108	0.331	0.373	0.188
>CAAACCGGAAGG	8-CAAACCGGAAGG	7.752382	-61.176787	0	T:322.0(7.49%),B:1723.3(3.91%),P:1e-26	Tpos:308.8,Tstd:220.0,Bpos:244.7,Bstd:151.7,StrandBias:-0.2,Multiplicity:1.04
0.024	0.876	0.042	0.058
0.750	0.074	0.090	0.086
0.855	0.054	0.090	0.001
0.807	0.072	0.094	0.027
0.068	0.766	0.084	0.082
0.070	0.754	0.062	0.114
0.044	0.027	0.841	0.088
0.070	0.049	0.854	0.027
0.863	0.046	0.057	0.034
0.918	0.001	0.054	0.027
0.031	0.041	0.909	0.019
0.032	0.114	0.811	0.043
>GCTGAGTCACCG	9-GCTGAGTCACCG	9.199089	-55.877019	0	T:201.0(4.67%),B:914.5(2.08%),P:1e-24	Tpos:282.4,Tstd:242.1,Bpos:235.4,Bstd:147.8,StrandBias:0.2,Multiplicity:1.06
0.068	0.045	0.831	0.056
0.066	0.832	0.069	0.033
0.065	0.015	0.020	0.900
0.012	0.097	0.821	0.070
0.848	0.041	0.035	0.076
0.012	0.054	0.886	0.048
0.043	0.044	0.033	0.880
0.024	0.918	0.034	0.024
0.921	0.018	0.047	0.014
0.052	0.835	0.067	0.046
0.161	0.605	0.089	0.145
0.102	0.103	0.727	0.068
>ACGCCAAGCGCA	10-ACGCCAAGCGCA	12.462201	-48.004820	0	T:12.0(0.28%),B:1.9(0.00%),P:1e-20	Tpos:233.8,Tstd:163.6,Bpos:369.0,Bstd:0.0,StrandBias:-0.5,Multiplicity:1.00
0.905	0.001	0.001	0.093
0.001	0.997	0.001	0.001
0.001	0.001	0.997	0.001
0.001	0.997	0.001	0.001
0.001	0.997	0.001	0.001
0.997	0.001	0.001	0.001
0.997	0.001	0.001	0.001
0.001	0.001	0.997	0.001
0.001	0.997	0.001	0.001
0.001	0.001	0.997	0.001
0.001	0.905	0.001	0.093
0.810	0.001	0.188	0.001
>GGGCGCTCTTGC	11-GGGCGCTCTTGC	16.509269	-38.463740	0	T:10.0(0.23%),B:1.9(0.00%),P:1e-16	Tpos:326.2,Tstd:194.4,Bpos:107.0,Bstd:0.0,StrandBias:1.2,Multiplicity:1.00
0.001	0.001	0.997	0.001
0.001	0.001	0.997	0.001
0.001	0.001	0.997	0.001
0.001	0.997	0.001	0.001
0.001	0.001	0.997	0.001
0.001	0.997	0.001	0.001
0.001	0.001	0.001	0.997
0.001	0.997	0.001	0.001
0.001	0.001	0.001	0.997
0.001	0.001	0.001	0.997
0.001	0.001	0.911	0.087
0.001	0.997	0.001	0.001
>CTTCACGCCGCC	12-CTTCACGCCGCC	14.329455	-38.463740	0	T:10.0(0.23%),B:1.9(0.00%),P:1e-16	Tpos:346.8,Tstd:201.1,Bpos:127.0,Bstd:0.0,StrandBias:0.6,Multiplicity:1.00
0.103	0.895	0.001	0.001
0.001	0.001	0.001	0.997
0.001	0.001	0.001	0.997
0.001	0.997	0.001	0.001
0.997	0.001	0.001	0.001
0.001	0.997	0.001	0.001
0.001	0.001	0.997	0.001
0.001	0.997	0.001	0.001
0.001	0.997	0.001	0.001
0.001	0.001	0.997	0.001
0.001	0.997	0.001	0.001
0.001	0.997	0.001	0.001
>GGCGGATGGCGG	13-GGCGGATGGCGG	12.057611	-38.463740	0	T:10.0(0.23%),B:1.5(0.00%),P:1e-16	Tpos:276.8,Tstd:143.6,Bpos:466.0,Bstd:0.0,StrandBias:0.0,Multiplicity:1.00
0.028	0.196	0.718	0.058
0.082	0.027	0.890	0.001
0.028	0.698	0.218	0.056
0.028	0.083	0.834	0.055
0.028	0.110	0.507	0.355
0.913	0.028	0.002	0.057
0.084	0.084	0.135	0.697
0.001	0.138	0.834	0.027
0.223	0.057	0.665	0.055
0.084	0.805	0.083	0.028
0.084	0.223	0.583	0.110
0.001	0.057	0.860	0.082
>DGGAACACCTTN	14-DGGAACACCTTN	9.631796	-31.620768	0	T:10.0(0.23%),B:2.7(0.01%),P:1e-13	Tpos:289.4,Tstd:94.9,Bpos:50.9,Bstd:20.4,StrandBias:0.6,Multiplicity:1.00
0.339	0.167	0.249	0.245
0.135	0.090	0.621	0.154
0.151	0.130	0.596	0.123
0.639	0.132	0.116	0.113
0.647	0.114	0.125	0.114
0.135	0.626	0.130	0.109
0.655	0.125	0.090	0.130
0.120	0.620	0.129	0.131
0.136	0.649	0.086	0.129
0.107	0.137	0.090	0.666
0.117	0.127	0.121	0.635
0.217	0.311	0.221	0.251
>GTAGCACTGCCT	15-GTAGCACTGCCT	-4.114775	-20.418828	0	T:572.0(13.30%),B:4586.5(10.42%),P:1e-8	Tpos:325.3,Tstd:261.7,Bpos:239.8,Bstd:156.2,StrandBias:0.1,Multiplicity:1.15
0.001	0.001	0.997	0.001
0.001	0.001	0.001	0.997
0.997	0.001	0.001	0.001
0.001	0.001	0.997	0.001
0.001	0.997	0.001	0.001
0.954	0.001	0.044	0.001
0.001	0.997	0.001	0.001
0.001	0.044	0.001	0.954
0.001	0.001	0.997	0.001
0.001	0.997	0.001	0.001
0.001	0.997	0.001	0.001
0.001	0.001	0.001	0.997
>GGGCGGAGATGT	16-GGGCGGAGATGT	8.463612	-18.420433	0	T:249.0(5.79%),B:1760.3(4.00%),P:1e-7	Tpos:322.8,Tstd:265.4,Bpos:250.9,Bstd:147.0,StrandBias:-0.1,Multiplicity:1.07
0.100	0.100	0.700	0.100
0.100	0.100	0.700	0.100
0.100	0.100	0.700	0.100
0.100	0.700	0.100	0.100
0.100	0.100	0.700	0.100
0.100	0.100	0.700	0.100
0.700	0.100	0.100	0.100
0.100	0.100	0.700	0.100
0.700	0.100	0.100	0.100
0.100	0.100	0.100	0.700
0.100	0.100	0.700	0.100
0.100	0.100	0.100	0.700
>TGTGTTAGAGGG	17-TGTGTTAGAGGG	5.043768	-17.031861	0	T:487.0(11.33%),B:3917.1(8.90%),P:1e-7	Tpos:323.2,Tstd:259.9,Bpos:246.3,Bstd:147.2,StrandBias:-0.0,Multiplicity:1.13
0.001	0.095	0.001	0.903
0.001	0.001	0.903	0.095
0.001	0.096	0.096	0.807
0.001	0.001	0.903	0.095
0.191	0.001	0.001	0.807
0.191	0.001	0.001	0.807
0.807	0.191	0.001	0.001
0.001	0.095	0.903	0.001
0.615	0.288	0.096	0.001
0.001	0.001	0.997	0.001
0.096	0.096	0.712	0.096
0.095	0.001	0.903	0.001
>TTTTTTTTTTTY	18-TTTTTTTTTTTY	8.520188	-13.809503	0	T:229.0(5.33%),B:1693.3(3.85%),P:1e-5	Tpos:346.2,Tstd:312.2,Bpos:247.3,Bstd:163.7,StrandBias:-0.1,Multiplicity:1.07
0.208	0.180	0.083	0.529
0.183	0.126	0.119	0.572
0.056	0.148	0.159	0.637
0.140	0.152	0.115	0.593
0.120	0.158	0.143	0.579
0.082	0.217	0.048	0.653
0.066	0.196	0.108	0.630
0.124	0.167	0.108	0.601
0.152	0.182	0.043	0.623
0.148	0.148	0.162	0.542
0.156	0.187	0.124	0.533
0.164	0.396	0.117	0.323
>AAGATGTTGGAC	19-AAGATGTTGGAC	14.927395	-13.116464	0	T:5.0(0.12%),B:2.4(0.01%),P:1e-5	Tpos:138.2,Tstd:69.1,Bpos:386.1,Bstd:59.1,StrandBias:0.0,Multiplicity:1.00
0.997	0.001	0.001	0.001
0.710	0.001	0.288	0.001
0.001	0.001	0.997	0.001
0.997	0.001	0.001	0.001
0.001	0.001	0.001	0.997
0.001	0.001	0.997	0.001
0.001	0.001	0.001	0.997
0.001	0.001	0.263	0.735
0.001	0.001	0.997	0.001
0.001	0.001	0.997	0.001
0.997	0.001	0.001	0.001
0.001	0.997	0.001	0.001
>GCTCGCTACCAG	20-GCTCGCTACCAG	14.009764	-13.116464	0	T:5.0(0.12%),B:2.6(0.01%),P:1e-5	Tpos:191.9,Tstd:152.7,Bpos:201.2,Bstd:142.9,StrandBias:3.2,Multiplicity:2.00
0.001	0.001	0.997	0.001
0.001	0.997	0.001	0.001
0.001	0.001	0.001	0.997
0.001	0.710	0.001	0.288
0.001	0.001	0.997	0.001
0.001	0.997	0.001	0.001
0.001	0.001	0.001	0.997
0.997	0.001	0.001	0.001
0.259	0.739	0.001	0.001
0.001	0.997	0.001	0.001
0.997	0.001	0.001	0.001
0.001	0.001	0.997	0.001
>TCAGCAGCTGGC	21-TCAGCAGCTGGC	13.781003	-9.775100	0	T:10.0(0.23%),B:22.0(0.05%),P:1e-4	Tpos:267.7,Tstd:171.1,Bpos:257.2,Bstd:130.7,StrandBias:1.5,Multiplicity:2.30
0.001	0.001	0.001	0.997
0.001	0.997	0.001	0.001
0.997	0.001	0.001	0.001
0.001	0.001	0.997	0.001
0.001	0.997	0.001	0.001
0.997	0.001	0.001	0.001
0.001	0.001	0.958	0.040
0.001	0.929	0.001	0.069
0.001	0.001	0.001	0.997
0.001	0.001	0.997	0.001
0.001	0.001	0.997	0.001
0.001	0.895	0.103	0.001
>GTCCTCCACACA	22-GTCCTCCACACA	13.523368	-7.248617	0	T:4.0(0.09%),B:4.5(0.01%),P:1e-3	Tpos:285.5,Tstd:187.9,Bpos:222.5,Bstd:116.6,StrandBias:10.0,Multiplicity:4.75
0.001	0.001	0.997	0.001
0.001	0.001	0.001	0.997
0.001	0.997	0.001	0.001
0.001	0.997	0.001	0.001
0.046	0.001	0.001	0.952
0.001	0.997	0.001	0.001
0.001	0.997	0.001	0.001
0.997	0.001	0.001	0.001
0.001	0.997	0.001	0.001
0.997	0.001	0.001	0.001
0.001	0.997	0.001	0.001
0.997	0.001	0.001	0.001
>TCATCACAGCTA	23-TCATCACAGCTA	13.704937	-7.248617	0	T:4.0(0.09%),B:4.8(0.01%),P:1e-3	Tpos:201.7,Tstd:146.4,Bpos:230.4,Bstd:142.7,StrandBias:10.0,Multiplicity:3.75
0.001	0.001	0.001	0.997
0.001	0.997	0.001	0.001
0.997	0.001	0.001	0.001
0.001	0.001	0.001	0.997
0.001	0.997	0.001	0.001
0.997	0.001	0.001	0.001
0.001	0.997	0.001	0.001
0.929	0.001	0.069	0.001
0.001	0.201	0.797	0.001
0.001	0.997	0.001	0.001
0.001	0.001	0.001	0.997
0.997	0.001	0.001	0.001
>AGCCCTGAACAC	24-AGCCCTGAACAC	14.160635	-6.836805	0	T:3.0(0.07%),B:2.9(0.01%),P:1e-2	Tpos:167.7,Tstd:111.7,Bpos:71.0,Bstd:53.2,StrandBias:3.0,Multiplicity:3.00
0.997	0.001	0.001	0.001
0.087	0.001	0.911	0.001
0.001	0.997	0.001	0.001
0.001	0.997	0.001	0.001
0.001	0.997	0.001	0.001
0.001	0.001	0.001	0.997
0.001	0.001	0.997	0.001
0.997	0.001	0.001	0.001
0.997	0.001	0.001	0.001
0.001	0.997	0.001	0.001
0.997	0.001	0.001	0.001
0.001	0.997	0.001	0.001
>CACTGTGAGGAT	25-CACTGTGAGGAT	12.355432	-1.370336	0	T:1.0(0.02%),B:3.8(0.01%),P:1e0	Tpos:159.7,Tstd:90.6,Bpos:136.3,Bstd:142.2,StrandBias:10.0,Multiplicity:9.00
0.100	0.700	0.100	0.100
0.700	0.100	0.100	0.100
0.100	0.700	0.100	0.100
0.100	0.100	0.100	0.700
0.100	0.100	0.700	0.100
0.100	0.100	0.100	0.700
0.100	0.100	0.700	0.100
0.700	0.100	0.100	0.100
0.100	0.100	0.700	0.100
0.100	0.100	0.700	0.100
0.700	0.100	0.100	0.100
0.100	0.100	0.100	0.700
>MGGAAATV	1-MGGAAATV	5.817222	-302.370989	0	T:2051.0(47.70%),B:13169.0(29.92%),P:1e-131	Tpos:303.9,Tstd:246.2,Bpos:243.8,Bstd:151.5,StrandBias:0.1,Multiplicity:1.48
0.416	0.449	0.060	0.075
0.042	0.221	0.691	0.046
0.001	0.042	0.942	0.015
0.907	0.043	0.002	0.048
0.695	0.062	0.109	0.134
0.475	0.125	0.318	0.083
0.001	0.288	0.001	0.710
0.258	0.267	0.328	0.147
>ACCGGAAG	2-ACCGGAAG	7.858432	-181.433173	0	T:635.0(14.77%),B:2891.6(6.57%),P:1e-78	Tpos:269.6,Tstd:197.1,Bpos:244.5,Bstd:152.9,StrandBias:0.1,Multiplicity:1.08
0.868	0.001	0.070	0.061
0.044	0.805	0.124	0.027
0.271	0.579	0.001	0.149
0.001	0.083	0.915	0.001
0.210	0.001	0.739	0.050
0.953	0.001	0.001	0.045
0.834	0.048	0.001	0.117
0.102	0.258	0.639	0.001
>WAACCGCN	3-WAACCGCN	5.153581	-169.829754	0	T:1570.0(36.51%),B:10586.3(24.05%),P:1e-73	Tpos:318.3,Tstd:252.3,Bpos:246.8,Bstd:157.0,StrandBias:0.1,Multiplicity:1.20
0.402	0.191	0.025	0.382
0.703	0.041	0.071	0.185
0.693	0.061	0.017	0.229
0.166	0.790	0.001	0.043
0.026	0.765	0.148	0.061
0.242	0.104	0.653	0.001
0.156	0.758	0.081	0.005
0.283	0.220	0.306	0.191
>AAACCACA	4-AAACCACA	7.544459	-138.796598	0	T:903.0(21.00%),B:5325.3(12.10%),P:1e-60	Tpos:285.5,Tstd:235.9,Bpos:240.0,Bstd:150.1,StrandBias:0.0,Multiplicity:1.17
0.709	0.107	0.045	0.139
0.985	0.001	0.001	0.013
0.871	0.048	0.080	0.001
0.020	0.978	0.001	0.001
0.001	0.993	0.005	0.001
0.827	0.043	0.073	0.057
0.001	0.997	0.001	0.001
0.933	0.026	0.014	0.027
>CACATCCT	5-CACATCCT	8.082794	-108.832642	0	T:552.0(12.84%),B:2933.8(6.66%),P:1e-47	Tpos:285.0,Tstd:235.8,Bpos:246.4,Bstd:143.1,StrandBias:-0.1,Multiplicity:1.12
0.080	0.918	0.001	0.001
0.997	0.001	0.001	0.001
0.001	0.997	0.001	0.001
0.997	0.001	0.001	0.001
0.001	0.238	0.001	0.760
0.001	0.997	0.001	0.001
0.001	0.997	0.001	0.001
0.001	0.001	0.173	0.825
>GGCGGGGC	6-GGCGGGGC	5.891973	-90.021936	0	T:1388.0(32.28%),B:10322.9(23.45%),P:1e-39	Tpos:354.8,Tstd:277.9,Bpos:242.3,Bstd:162.2,StrandBias:-0.1,Multiplicity:2.03
0.001	0.001	0.997	0.001
0.001	0.001	0.997	0.001
0.001	0.923	0.001	0.075
0.001	0.001	0.997	0.001
0.001	0.001	0.912	0.086
0.133	0.001	0.831	0.035
0.104	0.053	0.805	0.038
0.001	0.893	0.001	0.105
>AGTTTCCG	7-AGTTTCCG	5.391576	-86.210238	0	T:1845.0(42.91%),B:14730.0(33.46%),P:1e-37	Tpos:331.4,Tstd:274.2,Bpos:242.8,Bstd:156.5,StrandBias:-0.1,Multiplicity:1.40
0.586	0.224	0.094	0.096
0.001	0.219	0.548	0.232
0.011	0.324	0.022	0.643
0.001	0.208	0.001	0.790
0.338	0.001	0.054	0.607
0.024	0.593	0.298	0.085
0.001	0.997	0.001	0.001
0.181	0.001	0.708	0.110
>GTGACTCA	8-GTGACTCA	7.070647	-77.874672	0	T:511.0(11.88%),B:2969.8(6.75%),P:1e-33	Tpos:285.8,Tstd:241.7,Bpos:242.1,Bstd:143.3,StrandBias:-0.0,Multiplicity:1.13
0.145	0.213	0.641	0.001
0.001	0.001	0.001	0.997
0.001	0.001	0.997	0.001
0.997	0.001	0.001	0.001
0.001	0.711	0.287	0.001
0.001	0.001	0.040	0.958
0.001	0.997	0.001	0.001
0.997	0.001	0.001	0.001
>CGCGBTAW	9-CGCGBTAW	5.744841	-71.610672	0	T:898.0(20.88%),B:6290.9(14.29%),P:1e-31	Tpos:366.8,Tstd:300.6,Bpos:245.9,Bstd:171.2,StrandBias:0.1,Multiplicity:1.61
0.119	0.554	0.315	0.012
0.020	0.092	0.887	0.001
0.001	0.984	0.014	0.001
0.001	0.001	0.997	0.001
0.130	0.329	0.297	0.244
0.200	0.183	0.203	0.414
0.609	0.001	0.001	0.389
0.481	0.001	0.120	0.398
>TCGATTGG	10-TCGATTGG	3.955084	-62.508019	0	T:378.0(8.79%),B:2129.1(4.84%),P:1e-27	Tpos:311.8,Tstd:250.9,Bpos:246.5,Bstd:148.9,StrandBias:-0.0,Multiplicity:1.17
0.001	0.304	0.001	0.694
0.001	0.811	0.161	0.027
0.001	0.001	0.997	0.001
0.997	0.001	0.001	0.001
0.001	0.001	0.001	0.997
0.001	0.001	0.001	0.997
0.001	0.001	0.997	0.001
0.001	0.001	0.997	0.001
>GGTGCGAA	11-GGTGCGAA	6.027508	-61.399417	0	T:826.0(19.21%),B:5858.3(13.31%),P:1e-26	Tpos:312.5,Tstd:264.9,Bpos:246.6,Bstd:153.0,StrandBias:-0.2,Multiplicity:1.12
0.041	0.344	0.614	0.001
0.044	0.070	0.852	0.034
0.070	0.206	0.001	0.723
0.066	0.026	0.642	0.266
0.001	0.618	0.001	0.380
0.097	0.001	0.901	0.001
0.942	0.001	0.001	0.056
0.744	0.132	0.001	0.123
>GCGACCAA	12-GCGACCAA	4.867441	-60.340299	0	T:1173.0(27.28%),B:9005.8(20.46%),P:1e-26	Tpos:312.4,Tstd:261.9,Bpos:243.6,Bstd:148.4,StrandBias:0.0,Multiplicity:1.20
0.001	0.001	0.997	0.001
0.001	0.997	0.001	0.001
0.054	0.159	0.786	0.001
0.997	0.001	0.001	0.001
0.001	0.997	0.001	0.001
0.151	0.847	0.001	0.001
0.713	0.001	0.001	0.285
0.844	0.001	0.154	0.001
>CCACTAGG	13-CCACTAGG	8.070657	-53.413986	0	T:275.0(6.40%),B:1459.4(3.32%),P:1e-23	Tpos:291.2,Tstd:229.5,Bpos:247.7,Bstd:141.9,StrandBias:-0.1,Multiplicity:1.02
0.001	0.997	0.001	0.001
0.001	0.997	0.001	0.001
0.997	0.001	0.001	0.001
0.152	0.846	0.001	0.001
0.001	0.001	0.001	0.997
0.997	0.001	0.001	0.001
0.001	0.001	0.997	0.001
0.327	0.001	0.671	0.001
>VTGACGTC	14-VTGACGTC	7.427283	-47.556652	0	T:293.0(6.81%),B:1660.7(3.77%),P:1e-20	Tpos:301.6,Tstd:224.2,Bpos:245.3,Bstd:157.1,StrandBias:0.0,Multiplicity:1.06
0.399	0.298	0.302	0.001
0.036	0.001	0.076	0.887
0.101	0.061	0.708	0.130
0.820	0.001	0.001	0.178
0.001	0.997	0.001	0.001
0.228	0.001	0.770	0.001
0.001	0.001	0.031	0.967
0.337	0.568	0.094	0.001
>GCGTAGRA	15-GCGTAGRA	6.161983	-39.454108	0	T:579.0(13.47%),B:4154.6(9.44%),P:1e-17	Tpos:335.9,Tstd:265.5,Bpos:244.2,Bstd:160.5,StrandBias:-0.1,Multiplicity:1.09
0.107	0.202	0.541	0.150
0.001	0.997	0.001	0.001
0.001	0.001	0.997	0.001
0.001	0.001	0.117	0.881
0.918	0.080	0.001	0.001
0.001	0.001	0.594	0.404
0.347	0.001	0.408	0.244
0.608	0.001	0.001	0.390
>TCTAGCGC	16-TCTAGCGC	6.903032	-39.261166	0	T:343.0(7.98%),B:2167.3(4.92%),P:1e-17	Tpos:376.7,Tstd:302.4,Bpos:243.0,Bstd:162.5,StrandBias:-0.1,Multiplicity:1.14
0.218	0.047	0.001	0.734
0.001	0.786	0.174	0.039
0.090	0.007	0.161	0.742
0.630	0.280	0.086	0.004
0.135	0.300	0.458	0.107
0.001	0.959	0.039	0.001
0.096	0.001	0.902	0.001
0.001	0.669	0.217	0.113
>ATGGGTGK	17-ATGGGTGK	7.510648	-34.775479	0	T:665.0(15.47%),B:5023.1(11.41%),P:1e-15	Tpos:302.0,Tstd:252.0,Bpos:244.3,Bstd:148.5,StrandBias:-0.1,Multiplicity:1.17
0.801	0.001	0.197	0.001
0.001	0.001	0.001	0.997
0.001	0.001	0.997	0.001
0.001	0.279	0.719	0.001
0.001	0.001	0.997	0.001
0.001	0.001	0.001	0.997
0.001	0.001	0.997	0.001
0.001	0.001	0.515	0.483
>TTTGCATA	18-TTTGCATA	8.236954	-22.791050	0	T:103.0(2.40%),B:527.3(1.20%),P:1e-9	Tpos:290.8,Tstd:255.2,Bpos:241.5,Bstd:140.5,StrandBias:-0.1,Multiplicity:1.06
0.100	0.100	0.100	0.700
0.100	0.100	0.100	0.700
0.100	0.100	0.100	0.700
0.100	0.100	0.700	0.100
0.100	0.700	0.100	0.100
0.700	0.100	0.100	0.100
0.100	0.100	0.100	0.700
0.700	0.100	0.100	0.100
>VGAAAAAA	19-VGAAAAAA	8.912282	-19.201128	0	T:235.0(5.47%),B:1625.6(3.69%),P:1e-8	Tpos:329.2,Tstd:259.7,Bpos:246.2,Bstd:154.6,StrandBias:-0.0,Multiplicity:1.05
0.295	0.335	0.369	0.001
0.297	0.016	0.686	0.001
0.649	0.142	0.001	0.208
0.997	0.001	0.001	0.001
0.997	0.001	0.001	0.001
0.997	0.001	0.001	0.001
0.774	0.001	0.001	0.224
0.990	0.008	0.001	0.001
>GACCACAA	20-GACCACAA	9.279561	-18.351929	0	T:148.0(3.44%),B:924.6(2.10%),P:1e-7	Tpos:306.0,Tstd:269.7,Bpos:236.2,Bstd:149.5,StrandBias:0.0,Multiplicity:1.01
0.001	0.001	0.997	0.001
0.997	0.001	0.001	0.001
0.001	0.997	0.001	0.001
0.001	0.831	0.001	0.167
0.997	0.001	0.001	0.001
0.001	0.997	0.001	0.001
0.997	0.001	0.001	0.001
0.997	0.001	0.001	0.001
>CCCGGCAT	21-CCCGGCAT	8.236954	-14.299224	0	T:57.0(1.33%),B:283.4(0.64%),P:1e-6	Tpos:377.2,Tstd:250.9,Bpos:246.0,Bstd:169.9,StrandBias:1.0,Multiplicity:1.04
0.100	0.700	0.100	0.100
0.100	0.700	0.100	0.100
0.100	0.700	0.100	0.100
0.100	0.100	0.700	0.100
0.100	0.100	0.700	0.100
0.100	0.700	0.100	0.100
0.700	0.100	0.100	0.100
0.100	0.100	0.100	0.700
>ACCGCGAT	22-ACCGCGAT	8.236954	-11.546985	0	T:24.0(0.56%),B:87.3(0.20%),P:1e-5	Tpos:362.0,Tstd:304.6,Bpos:258.3,Bstd:179.3,StrandBias:0.5,Multiplicity:1.00
0.700	0.100	0.100	0.100
0.100	0.700	0.100	0.100
0.100	0.700	0.100	0.100
0.100	0.100	0.700	0.100
0.100	0.700	0.100	0.100
0.100	0.100	0.700	0.100
0.700	0.100	0.100	0.100
0.100	0.100	0.100	0.700
