>MGGAAATV	1-MGGAAATV	5.817222	-302.370989	0	T:2051.0(47.70%),B:13169.0(29.92%),P:1e-131	Tpos:303.9,Tstd:246.2,Bpos:243.8,Bstd:151.5,StrandBias:0.1,Multiplicity:1.48
0.416	0.449	0.060	0.075
0.042	0.221	0.691	0.046
0.001	0.042	0.942	0.015
0.907	0.043	0.002	0.048
0.695	0.062	0.109	0.134
0.475	0.125	0.318	0.083
0.001	0.288	0.001	0.710
0.258	0.267	0.328	0.147
>ACCGGAAG	2-ACCGGAAG	7.858432	-181.433173	0	T:635.0(14.77%),B:2891.6(6.57%),P:1e-78	Tpos:269.6,Tstd:197.1,Bpos:244.5,Bstd:152.9,StrandBias:0.1,Multiplicity:1.08
0.868	0.001	0.070	0.061
0.044	0.805	0.124	0.027
0.271	0.579	0.001	0.149
0.001	0.083	0.915	0.001
0.210	0.001	0.739	0.050
0.953	0.001	0.001	0.045
0.834	0.048	0.001	0.117
0.102	0.258	0.639	0.001
>WAACCGCN	3-WAACCGCN	5.153581	-169.829754	0	T:1570.0(36.51%),B:10586.3(24.05%),P:1e-73	Tpos:318.3,Tstd:252.3,Bpos:246.8,Bstd:157.0,StrandBias:0.1,Multiplicity:1.20
0.402	0.191	0.025	0.382
0.703	0.041	0.071	0.185
0.693	0.061	0.017	0.229
0.166	0.790	0.001	0.043
0.026	0.765	0.148	0.061
0.242	0.104	0.653	0.001
0.156	0.758	0.081	0.005
0.283	0.220	0.306	0.191
>AAACCACA	4-AAACCACA	7.544459	-138.796598	0	T:903.0(21.00%),B:5325.3(12.10%),P:1e-60	Tpos:285.5,Tstd:235.9,Bpos:240.0,Bstd:150.1,StrandBias:0.0,Multiplicity:1.17
0.709	0.107	0.045	0.139
0.985	0.001	0.001	0.013
0.871	0.048	0.080	0.001
0.020	0.978	0.001	0.001
0.001	0.993	0.005	0.001
0.827	0.043	0.073	0.057
0.001	0.997	0.001	0.001
0.933	0.026	0.014	0.027
>CACATCCT	5-CACATCCT	8.082794	-108.832642	0	T:552.0(12.84%),B:2933.8(6.66%),P:1e-47	Tpos:285.0,Tstd:235.8,Bpos:246.4,Bstd:143.1,StrandBias:-0.1,Multiplicity:1.12
0.080	0.918	0.001	0.001
0.997	0.001	0.001	0.001
0.001	0.997	0.001	0.001
0.997	0.001	0.001	0.001
0.001	0.238	0.001	0.760
0.001	0.997	0.001	0.001
0.001	0.997	0.001	0.001
0.001	0.001	0.173	0.825
>GGCGGGGC	6-GGCGGGGC	5.891973	-90.021936	0	T:1388.0(32.28%),B:10322.9(23.45%),P:1e-39	Tpos:354.8,Tstd:277.9,Bpos:242.3,Bstd:162.2,StrandBias:-0.1,Multiplicity:2.03
0.001	0.001	0.997	0.001
0.001	0.001	0.997	0.001
0.001	0.923	0.001	0.075
0.001	0.001	0.997	0.001
0.001	0.001	0.912	0.086
0.133	0.001	0.831	0.035
0.104	0.053	0.805	0.038
0.001	0.893	0.001	0.105
>AGTTTCCG	7-AGTTTCCG	5.391576	-86.210238	0	T:1845.0(42.91%),B:14730.0(33.46%),P:1e-37	Tpos:331.4,Tstd:274.2,Bpos:242.8,Bstd:156.5,StrandBias:-0.1,Multiplicity:1.40
0.586	0.224	0.094	0.096
0.001	0.219	0.548	0.232
0.011	0.324	0.022	0.643
0.001	0.208	0.001	0.790
0.338	0.001	0.054	0.607
0.024	0.593	0.298	0.085
0.001	0.997	0.001	0.001
0.181	0.001	0.708	0.110
>GTGACTCA	8-GTGACTCA	7.070647	-77.874672	0	T:511.0(11.88%),B:2969.8(6.75%),P:1e-33	Tpos:285.8,Tstd:241.7,Bpos:242.1,Bstd:143.3,StrandBias:-0.0,Multiplicity:1.13
0.145	0.213	0.641	0.001
0.001	0.001	0.001	0.997
0.001	0.001	0.997	0.001
0.997	0.001	0.001	0.001
0.001	0.711	0.287	0.001
0.001	0.001	0.040	0.958
0.001	0.997	0.001	0.001
0.997	0.001	0.001	0.001
>CGCGBTAW	9-CGCGBTAW	5.744841	-71.610672	0	T:898.0(20.88%),B:6290.9(14.29%),P:1e-31	Tpos:366.8,Tstd:300.6,Bpos:245.9,Bstd:171.2,StrandBias:0.1,Multiplicity:1.61
0.119	0.554	0.315	0.012
0.020	0.092	0.887	0.001
0.001	0.984	0.014	0.001
0.001	0.001	0.997	0.001
0.130	0.329	0.297	0.244
0.200	0.183	0.203	0.414
0.609	0.001	0.001	0.389
0.481	0.001	0.120	0.398
>TCGATTGG	10-TCGATTGG	3.955084	-62.508019	0	T:378.0(8.79%),B:2129.1(4.84%),P:1e-27	Tpos:311.8,Tstd:250.9,Bpos:246.5,Bstd:148.9,StrandBias:-0.0,Multiplicity:1.17
0.001	0.304	0.001	0.694
0.001	0.811	0.161	0.027
0.001	0.001	0.997	0.001
0.997	0.001	0.001	0.001
0.001	0.001	0.001	0.997
0.001	0.001	0.001	0.997
0.001	0.001	0.997	0.001
0.001	0.001	0.997	0.001
>GGTGCGAA	11-GGTGCGAA	6.027508	-61.399417	0	T:826.0(19.21%),B:5858.3(13.31%),P:1e-26	Tpos:312.5,Tstd:264.9,Bpos:246.6,Bstd:153.0,StrandBias:-0.2,Multiplicity:1.12
0.041	0.344	0.614	0.001
0.044	0.070	0.852	0.034
0.070	0.206	0.001	0.723
0.066	0.026	0.642	0.266
0.001	0.618	0.001	0.380
0.097	0.001	0.901	0.001
0.942	0.001	0.001	0.056
0.744	0.132	0.001	0.123
>GCGACCAA	12-GCGACCAA	4.867441	-60.340299	0	T:1173.0(27.28%),B:9005.8(20.46%),P:1e-26	Tpos:312.4,Tstd:261.9,Bpos:243.6,Bstd:148.4,StrandBias:0.0,Multiplicity:1.20
0.001	0.001	0.997	0.001
0.001	0.997	0.001	0.001
0.054	0.159	0.786	0.001
0.997	0.001	0.001	0.001
0.001	0.997	0.001	0.001
0.151	0.847	0.001	0.001
0.713	0.001	0.001	0.285
0.844	0.001	0.154	0.001
>CCACTAGG	13-CCACTAGG	8.070657	-53.413986	0	T:275.0(6.40%),B:1459.4(3.32%),P:1e-23	Tpos:291.2,Tstd:229.5,Bpos:247.7,Bstd:141.9,StrandBias:-0.1,Multiplicity:1.02
0.001	0.997	0.001	0.001
0.001	0.997	0.001	0.001
0.997	0.001	0.001	0.001
0.152	0.846	0.001	0.001
0.001	0.001	0.001	0.997
0.997	0.001	0.001	0.001
0.001	0.001	0.997	0.001
0.327	0.001	0.671	0.001
>VTGACGTC	14-VTGACGTC	7.427283	-47.556652	0	T:293.0(6.81%),B:1660.7(3.77%),P:1e-20	Tpos:301.6,Tstd:224.2,Bpos:245.3,Bstd:157.1,StrandBias:0.0,Multiplicity:1.06
0.399	0.298	0.302	0.001
0.036	0.001	0.076	0.887
0.101	0.061	0.708	0.130
0.820	0.001	0.001	0.178
0.001	0.997	0.001	0.001
0.228	0.001	0.770	0.001
0.001	0.001	0.031	0.967
0.337	0.568	0.094	0.001
>GCGTAGRA	15-GCGTAGRA	6.161983	-39.454108	0	T:579.0(13.47%),B:4154.6(9.44%),P:1e-17	Tpos:335.9,Tstd:265.5,Bpos:244.2,Bstd:160.5,StrandBias:-0.1,Multiplicity:1.09
0.107	0.202	0.541	0.150
0.001	0.997	0.001	0.001
0.001	0.001	0.997	0.001
0.001	0.001	0.117	0.881
0.918	0.080	0.001	0.001
0.001	0.001	0.594	0.404
0.347	0.001	0.408	0.244
0.608	0.001	0.001	0.390
>TCTAGCGC	16-TCTAGCGC	6.903032	-39.261166	0	T:343.0(7.98%),B:2167.3(4.92%),P:1e-17	Tpos:376.7,Tstd:302.4,Bpos:243.0,Bstd:162.5,StrandBias:-0.1,Multiplicity:1.14
0.218	0.047	0.001	0.734
0.001	0.786	0.174	0.039
0.090	0.007	0.161	0.742
0.630	0.280	0.086	0.004
0.135	0.300	0.458	0.107
0.001	0.959	0.039	0.001
0.096	0.001	0.902	0.001
0.001	0.669	0.217	0.113
>ATGGGTGK	17-ATGGGTGK	7.510648	-34.775479	0	T:665.0(15.47%),B:5023.1(11.41%),P:1e-15	Tpos:302.0,Tstd:252.0,Bpos:244.3,Bstd:148.5,StrandBias:-0.1,Multiplicity:1.17
0.801	0.001	0.197	0.001
0.001	0.001	0.001	0.997
0.001	0.001	0.997	0.001
0.001	0.279	0.719	0.001
0.001	0.001	0.997	0.001
0.001	0.001	0.001	0.997
0.001	0.001	0.997	0.001
0.001	0.001	0.515	0.483
>TTTGCATA	18-TTTGCATA	8.236954	-22.791050	0	T:103.0(2.40%),B:527.3(1.20%),P:1e-9	Tpos:290.8,Tstd:255.2,Bpos:241.5,Bstd:140.5,StrandBias:-0.1,Multiplicity:1.06
0.100	0.100	0.100	0.700
0.100	0.100	0.100	0.700
0.100	0.100	0.100	0.700
0.100	0.100	0.700	0.100
0.100	0.700	0.100	0.100
0.700	0.100	0.100	0.100
0.100	0.100	0.100	0.700
0.700	0.100	0.100	0.100
>VGAAAAAA	19-VGAAAAAA	8.912282	-19.201128	0	T:235.0(5.47%),B:1625.6(3.69%),P:1e-8	Tpos:329.2,Tstd:259.7,Bpos:246.2,Bstd:154.6,StrandBias:-0.0,Multiplicity:1.05
0.295	0.335	0.369	0.001
0.297	0.016	0.686	0.001
0.649	0.142	0.001	0.208
0.997	0.001	0.001	0.001
0.997	0.001	0.001	0.001
0.997	0.001	0.001	0.001
0.774	0.001	0.001	0.224
0.990	0.008	0.001	0.001
>GACCACAA	20-GACCACAA	9.279561	-18.351929	0	T:148.0(3.44%),B:924.6(2.10%),P:1e-7	Tpos:306.0,Tstd:269.7,Bpos:236.2,Bstd:149.5,StrandBias:0.0,Multiplicity:1.01
0.001	0.001	0.997	0.001
0.997	0.001	0.001	0.001
0.001	0.997	0.001	0.001
0.001	0.831	0.001	0.167
0.997	0.001	0.001	0.001
0.001	0.997	0.001	0.001
0.997	0.001	0.001	0.001
0.997	0.001	0.001	0.001
>CCCGGCAT	21-CCCGGCAT	8.236954	-14.299224	0	T:57.0(1.33%),B:283.4(0.64%),P:1e-6	Tpos:377.2,Tstd:250.9,Bpos:246.0,Bstd:169.9,StrandBias:1.0,Multiplicity:1.04
0.100	0.700	0.100	0.100
0.100	0.700	0.100	0.100
0.100	0.700	0.100	0.100
0.100	0.100	0.700	0.100
0.100	0.100	0.700	0.100
0.100	0.700	0.100	0.100
0.700	0.100	0.100	0.100
0.100	0.100	0.100	0.700
>ACCGCGAT	22-ACCGCGAT	8.236954	-11.546985	0	T:24.0(0.56%),B:87.3(0.20%),P:1e-5	Tpos:362.0,Tstd:304.6,Bpos:258.3,Bstd:179.3,StrandBias:0.5,Multiplicity:1.00
0.700	0.100	0.100	0.100
0.100	0.700	0.100	0.100
0.100	0.700	0.100	0.100
0.100	0.100	0.700	0.100
0.100	0.700	0.100	0.100
0.100	0.100	0.700	0.100
0.700	0.100	0.100	0.100
0.100	0.100	0.100	0.700
