>RCCGGAAGTG	1-RCCGGAAGTG	6.381633	-487.846290	0	T:1933.0(44.95%),B:10267.6(23.32%),P:1e-211	Tpos:307.9,Tstd:238.4,Bpos:245.4,Bstd:151.8,StrandBias:0.1,Multiplicity:1.42
0.378	0.119	0.352	0.151
0.204	0.547	0.210	0.039
0.309	0.483	0.122	0.086
0.099	0.001	0.893	0.007
0.001	0.012	0.951	0.036
0.921	0.013	0.040	0.026
0.772	0.001	0.020	0.207
0.312	0.124	0.531	0.033
0.053	0.326	0.130	0.491
0.196	0.152	0.516	0.136
>DGGGYGKRRH	2-DGGGYGKRRH	6.717057	-205.969074	0	T:1186.0(27.58%),B:6831.0(15.52%),P:1e-89	Tpos:345.9,Tstd:275.9,Bpos:243.3,Bstd:155.1,StrandBias:-0.0,Multiplicity:1.59
0.344	0.058	0.278	0.320
0.322	0.063	0.518	0.097
0.055	0.079	0.818	0.048
0.089	0.057	0.800	0.054
0.053	0.509	0.038	0.400
0.041	0.039	0.849	0.071
0.120	0.056	0.400	0.424
0.347	0.109	0.433	0.110
0.377	0.085	0.462	0.076
0.269	0.338	0.089	0.304
>NHAACCRCAN	3-NHAACCRCAN	5.557702	-164.767141	0	T:934.0(21.72%),B:5271.9(11.98%),P:1e-71	Tpos:307.6,Tstd:247.3,Bpos:246.2,Bstd:154.2,StrandBias:0.0,Multiplicity:1.16
0.204	0.282	0.247	0.267
0.350	0.215	0.171	0.264
0.637	0.128	0.154	0.081
0.662	0.142	0.184	0.012
0.092	0.719	0.115	0.074
0.145	0.799	0.018	0.038
0.406	0.005	0.523	0.066
0.099	0.634	0.172	0.095
0.468	0.172	0.211	0.149
0.262	0.226	0.327	0.186
>NTGTGGTTTN	4-NTGTGGTTTN	7.427098	-94.348121	0	T:867.0(20.16%),B:5636.1(12.80%),P:1e-40	Tpos:290.1,Tstd:238.5,Bpos:239.9,Bstd:146.9,StrandBias:-0.1,Multiplicity:1.10
0.238	0.204	0.225	0.333
0.046	0.011	0.035	0.908
0.041	0.044	0.872	0.043
0.099	0.001	0.093	0.807
0.027	0.039	0.893	0.041
0.023	0.036	0.872	0.069
0.018	0.086	0.091	0.805
0.037	0.053	0.054	0.856
0.001	0.004	0.004	0.991
0.166	0.306	0.263	0.265
>CCCCCTASTG	5-CCCCCTASTG	9.672647	-92.557589	0	T:242.0(5.63%),B:926.4(2.10%),P:1e-40	Tpos:288.2,Tstd:254.6,Bpos:230.0,Bstd:139.9,StrandBias:-0.3,Multiplicity:1.04
0.001	0.901	0.023	0.075
0.001	0.982	0.003	0.014
0.223	0.668	0.001	0.108
0.004	0.690	0.001	0.305
0.036	0.953	0.010	0.001
0.010	0.009	0.003	0.978
0.555	0.001	0.259	0.185
0.001	0.472	0.426	0.101
0.001	0.074	0.001	0.924
0.092	0.001	0.884	0.023
>CATCTAGTGG	6-CATCTAGTGG	8.961096	-91.444162	0	T:173.0(4.02%),B:534.2(1.21%),P:1e-39	Tpos:287.5,Tstd:242.0,Bpos:241.8,Bstd:139.7,StrandBias:-0.3,Multiplicity:1.02
0.055	0.934	0.001	0.010
0.741	0.236	0.015	0.008
0.011	0.311	0.013	0.665
0.001	0.997	0.001	0.001
0.018	0.001	0.001	0.980
0.915	0.001	0.083	0.001
0.007	0.001	0.987	0.005
0.005	0.024	0.001	0.970
0.005	0.001	0.972	0.022
0.005	0.001	0.993	0.001
>CYGATTGGYT	7-CYGATTGGYT	7.526311	-88.654583	0	T:450.0(10.47%),B:2382.2(5.41%),P:1e-38	Tpos:302.5,Tstd:218.9,Bpos:244.5,Bstd:148.2,StrandBias:0.1,Multiplicity:1.24
0.039	0.498	0.184	0.279
0.105	0.364	0.151	0.380
0.071	0.127	0.651	0.151
0.895	0.001	0.076	0.028
0.001	0.001	0.097	0.901
0.001	0.001	0.001	0.997
0.010	0.036	0.924	0.030
0.057	0.001	0.920	0.022
0.121	0.357	0.150	0.372
0.018	0.251	0.191	0.540
>VTGASTCABN	8-VTGASTCABN	6.417248	-84.925311	0	T:412.0(9.58%),B:2140.6(4.86%),P:1e-36	Tpos:282.8,Tstd:230.1,Bpos:242.1,Bstd:141.8,StrandBias:0.0,Multiplicity:1.10
0.251	0.289	0.307	0.153
0.017	0.027	0.019	0.937
0.206	0.129	0.564	0.101
0.655	0.179	0.122	0.044
0.158	0.386	0.447	0.009
0.234	0.033	0.081	0.652
0.217	0.560	0.198	0.025
0.830	0.118	0.033	0.019
0.104	0.331	0.259	0.306
0.253	0.266	0.222	0.259
>ATTTMGCGCY	9-ATTTMGCGCY	6.293601	-80.243594	0	T:684.0(15.91%),B:4326.9(9.83%),P:1e-34	Tpos:338.0,Tstd:255.5,Bpos:244.4,Bstd:163.5,StrandBias:-0.0,Multiplicity:1.19
0.406	0.164	0.194	0.236
0.120	0.189	0.173	0.518
0.001	0.205	0.259	0.535
0.001	0.001	0.001	0.997
0.456	0.324	0.219	0.001
0.262	0.129	0.550	0.059
0.001	0.997	0.001	0.001
0.147	0.001	0.851	0.001
0.204	0.794	0.001	0.001
0.137	0.443	0.054	0.367
>CGGTTTCCTC	10-CGGTTTCCTC	7.468785	-79.323333	0	T:681.0(15.84%),B:4315.3(9.80%),P:1e-34	Tpos:315.3,Tstd:294.8,Bpos:246.1,Bstd:146.9,StrandBias:-0.1,Multiplicity:1.09
0.192	0.389	0.233	0.186
0.207	0.034	0.627	0.132
0.049	0.058	0.743	0.150
0.081	0.187	0.026	0.706
0.013	0.069	0.015	0.903
0.005	0.128	0.173	0.694
0.036	0.885	0.031	0.048
0.023	0.851	0.054	0.072
0.041	0.123	0.116	0.720
0.066	0.499	0.208	0.227
>CCACATCCTC	11-CCACATCCTC	10.403681	-69.177863	0	T:136.0(3.16%),B:434.0(0.99%),P:1e-30	Tpos:276.5,Tstd:215.2,Bpos:248.3,Bstd:144.2,StrandBias:-0.8,Multiplicity:1.11
0.117	0.881	0.001	0.001
0.001	0.941	0.001	0.057
0.959	0.001	0.039	0.001
0.001	0.997	0.001	0.001
0.997	0.001	0.001	0.001
0.001	0.001	0.001	0.997
0.001	0.997	0.001	0.001
0.001	0.997	0.001	0.001
0.001	0.001	0.001	0.997
0.001	0.665	0.092	0.242
>WGKGGGWGGR	12-WGKGGGWGGR	8.838515	-61.792169	0	T:781.0(18.16%),B:5458.3(12.40%),P:1e-26	Tpos:345.5,Tstd:294.9,Bpos:244.0,Bstd:139.6,StrandBias:0.1,Multiplicity:1.16
0.466	0.001	0.001	0.532
0.370	0.001	0.628	0.001
0.001	0.001	0.451	0.547
0.001	0.001	0.997	0.001
0.001	0.022	0.976	0.001
0.001	0.001	0.997	0.001
0.466	0.001	0.001	0.532
0.001	0.001	0.997	0.001
0.001	0.001	0.843	0.155
0.483	0.001	0.515	0.001
>CGCGCGTAAA	13-CGCGCGTAAA	4.893958	-58.528208	0	T:661.0(15.37%),B:4487.7(10.19%),P:1e-25	Tpos:379.0,Tstd:292.0,Bpos:247.0,Bstd:172.1,StrandBias:-0.1,Multiplicity:1.42
0.097	0.689	0.119	0.095
0.102	0.078	0.699	0.121
0.099	0.718	0.086	0.097
0.092	0.116	0.713	0.079
0.090	0.706	0.103	0.101
0.087	0.103	0.721	0.089
0.104	0.129	0.119	0.648
0.721	0.089	0.091	0.099
0.712	0.078	0.109	0.101
0.675	0.117	0.110	0.098
>GTGAYGTCAT	14-GTGAYGTCAT	8.241864	-51.466959	0	T:229.0(5.33%),B:1146.9(2.61%),P:1e-22	Tpos:325.4,Tstd:237.8,Bpos:242.3,Bstd:146.1,StrandBias:0.2,Multiplicity:1.04
0.022	0.141	0.766	0.071
0.020	0.001	0.182	0.797
0.026	0.217	0.673	0.084
0.919	0.059	0.001	0.021
0.053	0.470	0.077	0.400
0.028	0.186	0.785	0.001
0.089	0.001	0.030	0.880
0.111	0.666	0.222	0.001
0.778	0.070	0.001	0.151
0.001	0.057	0.080	0.862
>CGACCGAGAT	15-CGACCGAGAT	7.260740	-42.837330	0	T:174.0(4.05%),B:839.4(1.91%),P:1e-18	Tpos:346.1,Tstd:263.1,Bpos:250.9,Bstd:162.3,StrandBias:0.1,Multiplicity:1.02
0.084	0.723	0.096	0.097
0.090	0.056	0.801	0.053
0.850	0.045	0.036	0.069
0.110	0.795	0.051	0.044
0.045	0.839	0.038	0.078
0.060	0.031	0.807	0.102
0.838	0.127	0.012	0.023
0.039	0.041	0.875	0.045
0.742	0.075	0.058	0.125
0.133	0.067	0.063	0.737
>TRCGCATGCG	16-TRCGCATGCG	7.925438	-33.365646	0	T:180.0(4.19%),B:976.0(2.22%),P:1e-14	Tpos:331.8,Tstd:241.8,Bpos:236.1,Bstd:178.8,StrandBias:-0.1,Multiplicity:1.16
0.174	0.213	0.137	0.476
0.354	0.129	0.492	0.025
0.279	0.621	0.033	0.067
0.045	0.024	0.763	0.168
0.050	0.817	0.070	0.063
0.499	0.304	0.007	0.191
0.153	0.016	0.265	0.566
0.207	0.061	0.667	0.065
0.034	0.820	0.022	0.124
0.036	0.003	0.697	0.264
>GTGACGTATG	17-GTGACGTATG	8.947946	-29.315811	0	T:55.0(1.28%),B:174.0(0.40%),P:1e-12	Tpos:259.8,Tstd:223.9,Bpos:254.7,Bstd:147.2,StrandBias:0.1,Multiplicity:1.00
0.045	0.077	0.877	0.001
0.001	0.001	0.045	0.953
0.001	0.056	0.942	0.001
0.865	0.057	0.077	0.001
0.001	0.835	0.012	0.152
0.001	0.023	0.975	0.001
0.024	0.001	0.072	0.903
0.867	0.024	0.090	0.019
0.001	0.001	0.020	0.978
0.077	0.001	0.845	0.077
>GTCACCTACA	18-GTCACCTACA	10.296193	-26.871986	0	T:19.0(0.44%),B:22.3(0.05%),P:1e-11	Tpos:326.8,Tstd:176.0,Bpos:216.5,Bstd:124.3,StrandBias:0.2,Multiplicity:1.06
0.100	0.100	0.700	0.100
0.100	0.100	0.100	0.700
0.100	0.700	0.100	0.100
0.700	0.100	0.100	0.100
0.100	0.700	0.100	0.100
0.100	0.700	0.100	0.100
0.100	0.100	0.100	0.700
0.700	0.100	0.100	0.100
0.100	0.700	0.100	0.100
0.700	0.100	0.100	0.100
>AACGTGGCGA	19-AACGTGGCGA	11.482024	-22.722966	0	T:10.0(0.23%),B:6.0(0.01%),P:1e-9	Tpos:357.5,Tstd:231.0,Bpos:314.1,Bstd:164.6,StrandBias:0.0,Multiplicity:1.00
0.997	0.001	0.001	0.001
0.903	0.001	0.001	0.095
0.001	0.997	0.001	0.001
0.001	0.001	0.997	0.001
0.001	0.001	0.001	0.997
0.001	0.001	0.997	0.001
0.001	0.001	0.997	0.001
0.001	0.997	0.001	0.001
0.001	0.001	0.997	0.001
0.997	0.001	0.001	0.001
>GGATCACGTT	20-GGATCACGTT	10.296193	-17.377445	0	T:7.0(0.16%),B:3.1(0.01%),P:1e-7	Tpos:288.9,Tstd:113.6,Bpos:129.4,Bstd:52.7,StrandBias:0.4,Multiplicity:1.00
0.100	0.100	0.700	0.100
0.100	0.100	0.700	0.100
0.700	0.100	0.100	0.100
0.100	0.100	0.100	0.700
0.100	0.700	0.100	0.100
0.700	0.100	0.100	0.100
0.100	0.700	0.100	0.100
0.100	0.100	0.700	0.100
0.100	0.100	0.100	0.700
0.100	0.100	0.100	0.700
>CATTTCGACT	21-CATTTCGACT	10.296193	-16.546964	0	T:6.0(0.14%),B:2.2(0.00%),P:1e-7	Tpos:246.0,Tstd:213.6,Bpos:188.4,Bstd:228.5,StrandBias:0.0,Multiplicity:1.00
0.100	0.700	0.100	0.100
0.700	0.100	0.100	0.100
0.100	0.100	0.100	0.700
0.100	0.100	0.100	0.700
0.100	0.100	0.100	0.700
0.100	0.700	0.100	0.100
0.100	0.100	0.700	0.100
0.700	0.100	0.100	0.100
0.100	0.700	0.100	0.100
0.100	0.100	0.100	0.700
>RAAAAAAAAA	22-RAAAAAAAAA	9.721926	-16.189285	0	T:364.0(8.47%),B:2826.5(6.42%),P:1e-7	Tpos:349.0,Tstd:309.3,Bpos:246.6,Bstd:162.2,StrandBias:0.0,Multiplicity:1.16
0.439	0.037	0.463	0.061
0.872	0.024	0.070	0.034
0.990	0.001	0.001	0.008
0.979	0.013	0.001	0.007
0.983	0.015	0.001	0.001
0.997	0.001	0.001	0.001
0.978	0.001	0.020	0.001
0.929	0.020	0.050	0.001
0.916	0.001	0.001	0.082
0.926	0.022	0.051	0.001
>GTGATGCGCT	23-GTGATGCGCT	8.378487	-14.911546	0	T:85.0(1.98%),B:481.7(1.09%),P:1e-6	Tpos:279.2,Tstd:234.1,Bpos:247.0,Bstd:158.2,StrandBias:-0.8,Multiplicity:1.25
0.388	0.001	0.610	0.001
0.126	0.001	0.001	0.872
0.107	0.224	0.559	0.110
0.799	0.001	0.001	0.199
0.001	0.001	0.001	0.997
0.054	0.001	0.883	0.062
0.128	0.870	0.001	0.001
0.001	0.001	0.997	0.001
0.051	0.827	0.090	0.032
0.220	0.001	0.064	0.715
>GTAGCACTGC	24-GTAGCACTGC	6.404373	-5.101845	0	T:1303.0(30.30%),B:12570.9(28.56%),P:1e-2	Tpos:310.1,Tstd:247.1,Bpos:244.8,Bstd:147.7,StrandBias:0.0,Multiplicity:1.25
0.100	0.100	0.700	0.100
0.100	0.100	0.100	0.700
0.700	0.100	0.100	0.100
0.100	0.100	0.700	0.100
0.100	0.700	0.100	0.100
0.700	0.100	0.100	0.100
0.100	0.700	0.100	0.100
0.100	0.100	0.100	0.700
0.100	0.100	0.700	0.100
0.100	0.700	0.100	0.100
>CGATGTGTTA	25-CGATGTGTTA	6.535141	-2.110942	0	T:38.0(0.88%),B:317.0(0.72%),P:1e0	Tpos:320.2,Tstd:248.3,Bpos:249.2,Bstd:145.2,StrandBias:1.6,Multiplicity:1.58
0.001	0.673	0.001	0.325
0.001	0.001	0.997	0.001
0.997	0.001	0.001	0.001
0.001	0.001	0.001	0.997
0.001	0.001	0.997	0.001
0.001	0.001	0.001	0.997
0.001	0.001	0.997	0.001
0.001	0.001	0.001	0.997
0.001	0.001	0.001	0.997
0.997	0.001	0.001	0.001
