>NYCACTTCCTGT	1-NYCACTTCCTGT	8.011031	-440.875429	0	T:1373.0(31.93%),B:6237.6(14.17%),P:1e-191	Tpos:296.5,Tstd:230.5,Bpos:245.5,Bstd:143.9,StrandBias:-0.1,Multiplicity:1.29
0.262	0.274	0.256	0.208
0.151	0.417	0.159	0.273
0.159	0.490	0.151	0.200
0.576	0.096	0.264	0.064
0.001	0.761	0.021	0.217
0.238	0.003	0.001	0.758
0.004	0.001	0.001	0.994
0.001	0.987	0.010	0.002
0.001	0.990	0.001	0.008
0.008	0.018	0.070	0.904
0.042	0.240	0.608	0.110
0.127	0.294	0.042	0.537
>GCCCYCTAGTGG	2-GCCCYCTAGTGG	10.353109	-214.806134	0	T:266.0(6.19%),B:569.2(1.29%),P:1e-93	Tpos:260.2,Tstd:208.0,Bpos:238.4,Bstd:138.6,StrandBias:-0.1,Multiplicity:1.01
0.196	0.001	0.651	0.152
0.149	0.849	0.001	0.001
0.001	0.997	0.001	0.001
0.335	0.643	0.021	0.001
0.048	0.471	0.001	0.480
0.001	0.962	0.001	0.036
0.028	0.001	0.001	0.970
0.572	0.001	0.278	0.149
0.038	0.322	0.524	0.116
0.166	0.056	0.031	0.747
0.001	0.001	0.977	0.021
0.053	0.001	0.772	0.174
>TGGGCGGGGCCT	3-TGGGCGGGGCCT	7.810070	-132.066195	0	T:922.0(21.44%),B:5563.5(12.64%),P:1e-57	Tpos:363.1,Tstd:279.0,Bpos:243.3,Bstd:155.6,StrandBias:0.1,Multiplicity:1.56
0.077	0.083	0.139	0.701
0.068	0.020	0.867	0.045
0.001	0.002	0.996	0.001
0.014	0.002	0.983	0.001
0.088	0.843	0.011	0.058
0.089	0.008	0.901	0.002
0.053	0.031	0.835	0.081
0.116	0.012	0.778	0.094
0.092	0.018	0.827	0.063
0.033	0.785	0.085	0.097
0.033	0.718	0.124	0.125
0.154	0.079	0.090	0.677
>CKCTGATTGGCT	4-CKCTGATTGGCT	9.365034	-98.666171	0	T:236.0(5.49%),B:855.1(1.94%),P:1e-42	Tpos:303.7,Tstd:226.3,Bpos:240.7,Bstd:153.4,StrandBias:-0.3,Multiplicity:1.11
0.133	0.674	0.017	0.176
0.112	0.125	0.415	0.349
0.070	0.673	0.137	0.120
0.001	0.132	0.046	0.821
0.001	0.072	0.926	0.001
0.816	0.049	0.070	0.065
0.022	0.001	0.001	0.976
0.001	0.001	0.045	0.953
0.001	0.001	0.997	0.001
0.007	0.001	0.991	0.001
0.108	0.752	0.001	0.139
0.079	0.235	0.093	0.593
>VKBTGTGGTTTC	5-VKBTGTGGTTTC	8.681940	-82.964906	0	T:390.0(9.07%),B:1999.9(4.54%),P:1e-36	Tpos:302.9,Tstd:247.9,Bpos:244.1,Bstd:148.7,StrandBias:0.2,Multiplicity:1.09
0.332	0.273	0.269	0.126
0.167	0.078	0.438	0.317
0.163	0.249	0.355	0.233
0.001	0.001	0.078	0.920
0.028	0.062	0.793	0.117
0.001	0.022	0.087	0.890
0.001	0.001	0.969	0.029
0.001	0.011	0.879	0.109
0.003	0.001	0.051	0.945
0.001	0.001	0.001	0.997
0.067	0.001	0.014	0.918
0.001	0.662	0.169	0.168
>HCGCGCCAAANH	6-HCGCGCCAAANH	5.833947	-70.312502	0	T:681.0(15.84%),B:4455.4(10.12%),P:1e-30	Tpos:373.6,Tstd:299.8,Bpos:246.6,Bstd:163.7,StrandBias:-0.0,Multiplicity:1.24
0.307	0.261	0.153	0.279
0.197	0.474	0.278	0.052
0.075	0.080	0.775	0.070
0.044	0.900	0.009	0.047
0.037	0.023	0.937	0.003
0.094	0.756	0.066	0.084
0.070	0.475	0.145	0.309
0.830	0.040	0.083	0.047
0.757	0.060	0.085	0.098
0.738	0.005	0.046	0.211
0.266	0.297	0.265	0.172
0.267	0.321	0.160	0.252
>YRGTGACGTSAS	7-YRGTGACGTSAS	5.946045	-65.272420	0	T:499.0(11.60%),B:3040.1(6.91%),P:1e-28	Tpos:309.4,Tstd:238.4,Bpos:245.5,Bstd:158.9,StrandBias:0.0,Multiplicity:1.12
0.139	0.351	0.179	0.331
0.287	0.193	0.344	0.176
0.388	0.001	0.610	0.001
0.001	0.001	0.001	0.997
0.001	0.118	0.862	0.019
0.989	0.001	0.009	0.001
0.001	0.997	0.001	0.001
0.001	0.001	0.997	0.001
0.001	0.001	0.057	0.941
0.099	0.407	0.436	0.059
0.495	0.133	0.213	0.159
0.108	0.331	0.373	0.188
>CAAACCGGAAGG	8-CAAACCGGAAGG	7.752382	-61.176787	0	T:322.0(7.49%),B:1723.3(3.91%),P:1e-26	Tpos:308.8,Tstd:220.0,Bpos:244.7,Bstd:151.7,StrandBias:-0.2,Multiplicity:1.04
0.024	0.876	0.042	0.058
0.750	0.074	0.090	0.086
0.855	0.054	0.090	0.001
0.807	0.072	0.094	0.027
0.068	0.766	0.084	0.082
0.070	0.754	0.062	0.114
0.044	0.027	0.841	0.088
0.070	0.049	0.854	0.027
0.863	0.046	0.057	0.034
0.918	0.001	0.054	0.027
0.031	0.041	0.909	0.019
0.032	0.114	0.811	0.043
>GCTGAGTCACCG	9-GCTGAGTCACCG	9.199089	-55.877019	0	T:201.0(4.67%),B:914.5(2.08%),P:1e-24	Tpos:282.4,Tstd:242.1,Bpos:235.4,Bstd:147.8,StrandBias:0.2,Multiplicity:1.06
0.068	0.045	0.831	0.056
0.066	0.832	0.069	0.033
0.065	0.015	0.020	0.900
0.012	0.097	0.821	0.070
0.848	0.041	0.035	0.076
0.012	0.054	0.886	0.048
0.043	0.044	0.033	0.880
0.024	0.918	0.034	0.024
0.921	0.018	0.047	0.014
0.052	0.835	0.067	0.046
0.161	0.605	0.089	0.145
0.102	0.103	0.727	0.068
>ACGCCAAGCGCA	10-ACGCCAAGCGCA	12.462201	-48.004820	0	T:12.0(0.28%),B:1.9(0.00%),P:1e-20	Tpos:233.8,Tstd:163.6,Bpos:369.0,Bstd:0.0,StrandBias:-0.5,Multiplicity:1.00
0.905	0.001	0.001	0.093
0.001	0.997	0.001	0.001
0.001	0.001	0.997	0.001
0.001	0.997	0.001	0.001
0.001	0.997	0.001	0.001
0.997	0.001	0.001	0.001
0.997	0.001	0.001	0.001
0.001	0.001	0.997	0.001
0.001	0.997	0.001	0.001
0.001	0.001	0.997	0.001
0.001	0.905	0.001	0.093
0.810	0.001	0.188	0.001
>GGGCGCTCTTGC	11-GGGCGCTCTTGC	16.509269	-38.463740	0	T:10.0(0.23%),B:1.9(0.00%),P:1e-16	Tpos:326.2,Tstd:194.4,Bpos:107.0,Bstd:0.0,StrandBias:1.2,Multiplicity:1.00
0.001	0.001	0.997	0.001
0.001	0.001	0.997	0.001
0.001	0.001	0.997	0.001
0.001	0.997	0.001	0.001
0.001	0.001	0.997	0.001
0.001	0.997	0.001	0.001
0.001	0.001	0.001	0.997
0.001	0.997	0.001	0.001
0.001	0.001	0.001	0.997
0.001	0.001	0.001	0.997
0.001	0.001	0.911	0.087
0.001	0.997	0.001	0.001
>CTTCACGCCGCC	12-CTTCACGCCGCC	14.329455	-38.463740	0	T:10.0(0.23%),B:1.9(0.00%),P:1e-16	Tpos:346.8,Tstd:201.1,Bpos:127.0,Bstd:0.0,StrandBias:0.6,Multiplicity:1.00
0.103	0.895	0.001	0.001
0.001	0.001	0.001	0.997
0.001	0.001	0.001	0.997
0.001	0.997	0.001	0.001
0.997	0.001	0.001	0.001
0.001	0.997	0.001	0.001
0.001	0.001	0.997	0.001
0.001	0.997	0.001	0.001
0.001	0.997	0.001	0.001
0.001	0.001	0.997	0.001
0.001	0.997	0.001	0.001
0.001	0.997	0.001	0.001
>GGCGGATGGCGG	13-GGCGGATGGCGG	12.057611	-38.463740	0	T:10.0(0.23%),B:1.5(0.00%),P:1e-16	Tpos:276.8,Tstd:143.6,Bpos:466.0,Bstd:0.0,StrandBias:0.0,Multiplicity:1.00
0.028	0.196	0.718	0.058
0.082	0.027	0.890	0.001
0.028	0.698	0.218	0.056
0.028	0.083	0.834	0.055
0.028	0.110	0.507	0.355
0.913	0.028	0.002	0.057
0.084	0.084	0.135	0.697
0.001	0.138	0.834	0.027
0.223	0.057	0.665	0.055
0.084	0.805	0.083	0.028
0.084	0.223	0.583	0.110
0.001	0.057	0.860	0.082
>DGGAACACCTTN	14-DGGAACACCTTN	9.631796	-31.620768	0	T:10.0(0.23%),B:2.7(0.01%),P:1e-13	Tpos:289.4,Tstd:94.9,Bpos:50.9,Bstd:20.4,StrandBias:0.6,Multiplicity:1.00
0.339	0.167	0.249	0.245
0.135	0.090	0.621	0.154
0.151	0.130	0.596	0.123
0.639	0.132	0.116	0.113
0.647	0.114	0.125	0.114
0.135	0.626	0.130	0.109
0.655	0.125	0.090	0.130
0.120	0.620	0.129	0.131
0.136	0.649	0.086	0.129
0.107	0.137	0.090	0.666
0.117	0.127	0.121	0.635
0.217	0.311	0.221	0.251
>GTAGCACTGCCT	15-GTAGCACTGCCT	-4.114775	-20.418828	0	T:572.0(13.30%),B:4586.5(10.42%),P:1e-8	Tpos:325.3,Tstd:261.7,Bpos:239.8,Bstd:156.2,StrandBias:0.1,Multiplicity:1.15
0.001	0.001	0.997	0.001
0.001	0.001	0.001	0.997
0.997	0.001	0.001	0.001
0.001	0.001	0.997	0.001
0.001	0.997	0.001	0.001
0.954	0.001	0.044	0.001
0.001	0.997	0.001	0.001
0.001	0.044	0.001	0.954
0.001	0.001	0.997	0.001
0.001	0.997	0.001	0.001
0.001	0.997	0.001	0.001
0.001	0.001	0.001	0.997
>GGGCGGAGATGT	16-GGGCGGAGATGT	8.463612	-18.420433	0	T:249.0(5.79%),B:1760.3(4.00%),P:1e-7	Tpos:322.8,Tstd:265.4,Bpos:250.9,Bstd:147.0,StrandBias:-0.1,Multiplicity:1.07
0.100	0.100	0.700	0.100
0.100	0.100	0.700	0.100
0.100	0.100	0.700	0.100
0.100	0.700	0.100	0.100
0.100	0.100	0.700	0.100
0.100	0.100	0.700	0.100
0.700	0.100	0.100	0.100
0.100	0.100	0.700	0.100
0.700	0.100	0.100	0.100
0.100	0.100	0.100	0.700
0.100	0.100	0.700	0.100
0.100	0.100	0.100	0.700
>TGTGTTAGAGGG	17-TGTGTTAGAGGG	5.043768	-17.031861	0	T:487.0(11.33%),B:3917.1(8.90%),P:1e-7	Tpos:323.2,Tstd:259.9,Bpos:246.3,Bstd:147.2,StrandBias:-0.0,Multiplicity:1.13
0.001	0.095	0.001	0.903
0.001	0.001	0.903	0.095
0.001	0.096	0.096	0.807
0.001	0.001	0.903	0.095
0.191	0.001	0.001	0.807
0.191	0.001	0.001	0.807
0.807	0.191	0.001	0.001
0.001	0.095	0.903	0.001
0.615	0.288	0.096	0.001
0.001	0.001	0.997	0.001
0.096	0.096	0.712	0.096
0.095	0.001	0.903	0.001
>TTTTTTTTTTTY	18-TTTTTTTTTTTY	8.520188	-13.809503	0	T:229.0(5.33%),B:1693.3(3.85%),P:1e-5	Tpos:346.2,Tstd:312.2,Bpos:247.3,Bstd:163.7,StrandBias:-0.1,Multiplicity:1.07
0.208	0.180	0.083	0.529
0.183	0.126	0.119	0.572
0.056	0.148	0.159	0.637
0.140	0.152	0.115	0.593
0.120	0.158	0.143	0.579
0.082	0.217	0.048	0.653
0.066	0.196	0.108	0.630
0.124	0.167	0.108	0.601
0.152	0.182	0.043	0.623
0.148	0.148	0.162	0.542
0.156	0.187	0.124	0.533
0.164	0.396	0.117	0.323
>AAGATGTTGGAC	19-AAGATGTTGGAC	14.927395	-13.116464	0	T:5.0(0.12%),B:2.4(0.01%),P:1e-5	Tpos:138.2,Tstd:69.1,Bpos:386.1,Bstd:59.1,StrandBias:0.0,Multiplicity:1.00
0.997	0.001	0.001	0.001
0.710	0.001	0.288	0.001
0.001	0.001	0.997	0.001
0.997	0.001	0.001	0.001
0.001	0.001	0.001	0.997
0.001	0.001	0.997	0.001
0.001	0.001	0.001	0.997
0.001	0.001	0.263	0.735
0.001	0.001	0.997	0.001
0.001	0.001	0.997	0.001
0.997	0.001	0.001	0.001
0.001	0.997	0.001	0.001
>GCTCGCTACCAG	20-GCTCGCTACCAG	14.009764	-13.116464	0	T:5.0(0.12%),B:2.6(0.01%),P:1e-5	Tpos:191.9,Tstd:152.7,Bpos:201.2,Bstd:142.9,StrandBias:3.2,Multiplicity:2.00
0.001	0.001	0.997	0.001
0.001	0.997	0.001	0.001
0.001	0.001	0.001	0.997
0.001	0.710	0.001	0.288
0.001	0.001	0.997	0.001
0.001	0.997	0.001	0.001
0.001	0.001	0.001	0.997
0.997	0.001	0.001	0.001
0.259	0.739	0.001	0.001
0.001	0.997	0.001	0.001
0.997	0.001	0.001	0.001
0.001	0.001	0.997	0.001
>TCAGCAGCTGGC	21-TCAGCAGCTGGC	13.781003	-9.775100	0	T:10.0(0.23%),B:22.0(0.05%),P:1e-4	Tpos:267.7,Tstd:171.1,Bpos:257.2,Bstd:130.7,StrandBias:1.5,Multiplicity:2.30
0.001	0.001	0.001	0.997
0.001	0.997	0.001	0.001
0.997	0.001	0.001	0.001
0.001	0.001	0.997	0.001
0.001	0.997	0.001	0.001
0.997	0.001	0.001	0.001
0.001	0.001	0.958	0.040
0.001	0.929	0.001	0.069
0.001	0.001	0.001	0.997
0.001	0.001	0.997	0.001
0.001	0.001	0.997	0.001
0.001	0.895	0.103	0.001
>GTCCTCCACACA	22-GTCCTCCACACA	13.523368	-7.248617	0	T:4.0(0.09%),B:4.5(0.01%),P:1e-3	Tpos:285.5,Tstd:187.9,Bpos:222.5,Bstd:116.6,StrandBias:10.0,Multiplicity:4.75
0.001	0.001	0.997	0.001
0.001	0.001	0.001	0.997
0.001	0.997	0.001	0.001
0.001	0.997	0.001	0.001
0.046	0.001	0.001	0.952
0.001	0.997	0.001	0.001
0.001	0.997	0.001	0.001
0.997	0.001	0.001	0.001
0.001	0.997	0.001	0.001
0.997	0.001	0.001	0.001
0.001	0.997	0.001	0.001
0.997	0.001	0.001	0.001
>TCATCACAGCTA	23-TCATCACAGCTA	13.704937	-7.248617	0	T:4.0(0.09%),B:4.8(0.01%),P:1e-3	Tpos:201.7,Tstd:146.4,Bpos:230.4,Bstd:142.7,StrandBias:10.0,Multiplicity:3.75
0.001	0.001	0.001	0.997
0.001	0.997	0.001	0.001
0.997	0.001	0.001	0.001
0.001	0.001	0.001	0.997
0.001	0.997	0.001	0.001
0.997	0.001	0.001	0.001
0.001	0.997	0.001	0.001
0.929	0.001	0.069	0.001
0.001	0.201	0.797	0.001
0.001	0.997	0.001	0.001
0.001	0.001	0.001	0.997
0.997	0.001	0.001	0.001
>AGCCCTGAACAC	24-AGCCCTGAACAC	14.160635	-6.836805	0	T:3.0(0.07%),B:2.9(0.01%),P:1e-2	Tpos:167.7,Tstd:111.7,Bpos:71.0,Bstd:53.2,StrandBias:3.0,Multiplicity:3.00
0.997	0.001	0.001	0.001
0.087	0.001	0.911	0.001
0.001	0.997	0.001	0.001
0.001	0.997	0.001	0.001
0.001	0.997	0.001	0.001
0.001	0.001	0.001	0.997
0.001	0.001	0.997	0.001
0.997	0.001	0.001	0.001
0.997	0.001	0.001	0.001
0.001	0.997	0.001	0.001
0.997	0.001	0.001	0.001
0.001	0.997	0.001	0.001
>CACTGTGAGGAT	25-CACTGTGAGGAT	12.355432	-1.370336	0	T:1.0(0.02%),B:3.8(0.01%),P:1e0	Tpos:159.7,Tstd:90.6,Bpos:136.3,Bstd:142.2,StrandBias:10.0,Multiplicity:9.00
0.100	0.700	0.100	0.100
0.700	0.100	0.100	0.100
0.100	0.700	0.100	0.100
0.100	0.100	0.100	0.700
0.100	0.100	0.700	0.100
0.100	0.100	0.100	0.700
0.100	0.100	0.700	0.100
0.700	0.100	0.100	0.100
0.100	0.100	0.700	0.100
0.100	0.100	0.700	0.100
0.700	0.100	0.100	0.100
0.100	0.100	0.100	0.700
