>NCCACTTCCTGT	1-NCCACTTCCTGT	8.092882	-726.209713	0	T:1053.0(34.93%),B:4354.2(9.52%),P:1e-315	Tpos:264.0,Tstd:179.7,Bpos:226.3,Bstd:136.7,StrandBias:-0.0,Multiplicity:1.24
0.281	0.263	0.240	0.215
0.120	0.452	0.177	0.252
0.163	0.561	0.080	0.196
0.682	0.123	0.127	0.068
0.016	0.721	0.041	0.222
0.313	0.026	0.007	0.654
0.001	0.055	0.014	0.930
0.018	0.912	0.030	0.040
0.027	0.948	0.001	0.024
0.028	0.049	0.053	0.870
0.041	0.310	0.501	0.148
0.130	0.280	0.062	0.528
>WAACCACARNSH	2-WAACCACARNSH	8.156538	-545.705020	0	T:1138.0(37.74%),B:6256.8(13.68%),P:1e-236	Tpos:263.7,Tstd:190.5,Bpos:229.1,Bstd:145.9,StrandBias:0.1,Multiplicity:1.24
0.408	0.165	0.131	0.296
0.593	0.156	0.250	0.001
0.687	0.049	0.263	0.001
0.001	0.997	0.001	0.001
0.001	0.997	0.001	0.001
0.961	0.001	0.001	0.037
0.001	0.997	0.001	0.001
0.994	0.001	0.001	0.004
0.314	0.165	0.378	0.142
0.314	0.227	0.259	0.200
0.204	0.363	0.257	0.176
0.314	0.292	0.121	0.274
>TGTGGTTAACCW	3-TGTGGTTAACCW	6.699268	-241.292966	0	T:1141.0(37.84%),B:9387.5(20.52%),P:1e-104	Tpos:268.1,Tstd:193.4,Bpos:228.3,Bstd:144.8,StrandBias:-0.0,Multiplicity:1.19
0.217	0.014	0.025	0.744
0.005	0.125	0.832	0.038
0.150	0.001	0.011	0.838
0.001	0.001	0.870	0.128
0.002	0.001	0.934	0.063
0.017	0.134	0.170	0.679
0.107	0.084	0.249	0.560
0.652	0.082	0.131	0.135
0.525	0.211	0.237	0.027
0.239	0.483	0.246	0.031
0.234	0.518	0.087	0.161
0.453	0.197	0.026	0.325
>ACAGGAAACCWC	4-ACAGGAAACCWC	8.696619	-226.735775	0	T:485.0(16.09%),B:2492.8(5.45%),P:1e-98	Tpos:279.0,Tstd:184.4,Bpos:230.8,Bstd:140.6,StrandBias:-0.0,Multiplicity:1.08
0.589	0.074	0.158	0.179
0.080	0.624	0.251	0.045
0.919	0.010	0.015	0.056
0.071	0.007	0.908	0.014
0.040	0.057	0.854	0.049
0.934	0.035	0.028	0.003
0.878	0.036	0.026	0.060
0.576	0.093	0.329	0.002
0.051	0.625	0.063	0.261
0.309	0.486	0.001	0.205
0.381	0.201	0.165	0.253
0.252	0.434	0.185	0.130
>NAGAGGTGTGAA	5-NAGAGGTGTGAA	7.522840	-194.652348	0	T:761.0(25.24%),B:5578.7(12.19%),P:1e-84	Tpos:274.7,Tstd:193.8,Bpos:230.3,Bstd:145.8,StrandBias:-0.1,Multiplicity:1.21
0.247	0.271	0.257	0.226
0.508	0.122	0.184	0.186
0.197	0.159	0.517	0.127
0.909	0.001	0.089	0.001
0.219	0.007	0.630	0.144
0.095	0.106	0.708	0.091
0.043	0.016	0.001	0.940
0.001	0.014	0.963	0.022
0.212	0.001	0.018	0.769
0.011	0.107	0.703	0.179
0.944	0.033	0.001	0.022
0.521	0.133	0.175	0.171
>WCTTCCTGTCTC	6-WCTTCCTGTCTC	9.494192	-181.084458	0	T:426.0(14.13%),B:2314.7(5.06%),P:1e-78	Tpos:259.2,Tstd:187.8,Bpos:228.0,Bstd:141.1,StrandBias:0.1,Multiplicity:1.05
0.415	0.209	0.001	0.375
0.001	0.580	0.214	0.205
0.297	0.001	0.001	0.701
0.001	0.001	0.083	0.915
0.001	0.803	0.195	0.001
0.061	0.937	0.001	0.001
0.001	0.001	0.001	0.997
0.021	0.051	0.927	0.001
0.001	0.261	0.009	0.729
0.001	0.597	0.180	0.222
0.309	0.103	0.001	0.587
0.001	0.672	0.326	0.001
>NNAGGGTGTGGC	7-NNAGGGTGTGGC	8.349870	-166.481360	0	T:769.0(25.51%),B:6041.7(13.21%),P:1e-72	Tpos:278.0,Tstd:207.1,Bpos:233.7,Bstd:143.3,StrandBias:-0.0,Multiplicity:1.24
0.208	0.193	0.315	0.284
0.156	0.291	0.257	0.296
0.525	0.001	0.134	0.340
0.062	0.001	0.936	0.001
0.001	0.001	0.992	0.006
0.001	0.016	0.982	0.001
0.103	0.156	0.001	0.740
0.001	0.001	0.997	0.001
0.105	0.001	0.357	0.537
0.001	0.001	0.954	0.044
0.173	0.019	0.642	0.166
0.158	0.446	0.130	0.267
>GGGAAGTGGCTN	8-GGGAAGTGGCTN	10.438338	-138.666117	0	T:176.0(5.84%),B:575.2(1.26%),P:1e-60	Tpos:239.5,Tstd:172.7,Bpos:236.8,Bstd:132.4,StrandBias:-0.0,Multiplicity:1.06
0.274	0.001	0.472	0.253
0.023	0.001	0.877	0.099
0.030	0.001	0.854	0.115
0.929	0.021	0.049	0.001
0.799	0.001	0.158	0.042
0.001	0.019	0.979	0.001
0.026	0.001	0.001	0.972
0.012	0.069	0.918	0.001
0.001	0.037	0.833	0.129
0.001	0.723	0.124	0.152
0.063	0.001	0.001	0.935
0.254	0.234	0.244	0.268
>TGGGTGTGGCTC	9-TGGGTGTGGCTC	7.025501	-82.428560	0	T:812.0(26.93%),B:8086.1(17.68%),P:1e-35	Tpos:273.0,Tstd:197.3,Bpos:231.7,Bstd:145.7,StrandBias:0.1,Multiplicity:1.12
0.090	0.043	0.105	0.762
0.094	0.052	0.791	0.063
0.119	0.039	0.762	0.080
0.078	0.101	0.717	0.104
0.080	0.069	0.099	0.752
0.070	0.080	0.757	0.093
0.093	0.066	0.076	0.765
0.081	0.050	0.764	0.105
0.129	0.055	0.704	0.112
0.050	0.780	0.098	0.072
0.099	0.091	0.037	0.773
0.091	0.674	0.114	0.121
>AAACAGAAACCA	10-AAACAGAAACCA	7.555125	-82.194049	0	T:687.0(22.79%),B:6506.8(14.22%),P:1e-35	Tpos:288.8,Tstd:225.5,Bpos:231.2,Bstd:141.9,StrandBias:0.1,Multiplicity:1.25
0.806	0.057	0.086	0.051
0.687	0.150	0.106	0.057
0.754	0.156	0.008	0.082
0.045	0.717	0.179	0.059
0.655	0.118	0.001	0.226
0.229	0.087	0.555	0.129
0.809	0.046	0.084	0.061
0.922	0.071	0.001	0.006
0.843	0.100	0.056	0.001
0.014	0.704	0.182	0.100
0.082	0.703	0.002	0.213
0.764	0.033	0.090	0.113
>ATGWRGTRGCTT	11-ATGWRGTRGCTT	8.725818	-76.105603	0	T:271.0(8.99%),B:1830.4(4.00%),P:1e-33	Tpos:284.0,Tstd:211.6,Bpos:233.5,Bstd:139.5,StrandBias:0.1,Multiplicity:1.02
0.699	0.273	0.001	0.027
0.001	0.017	0.378	0.604
0.001	0.001	0.997	0.001
0.553	0.017	0.001	0.429
0.448	0.001	0.395	0.156
0.001	0.016	0.982	0.001
0.267	0.008	0.025	0.700
0.473	0.017	0.458	0.052
0.040	0.001	0.597	0.362
0.001	0.504	0.181	0.314
0.114	0.125	0.001	0.760
0.001	0.001	0.001	0.997
>ACAGGAAGGAAA	12-ACAGGAAGGAAA	10.297510	-73.532124	0	T:105.0(3.48%),B:386.0(0.84%),P:1e-31	Tpos:301.1,Tstd:203.2,Bpos:227.6,Bstd:135.2,StrandBias:0.2,Multiplicity:1.00
0.550	0.104	0.179	0.167
0.041	0.567	0.264	0.128
0.714	0.101	0.151	0.034
0.094	0.018	0.841	0.047
0.043	0.186	0.546	0.225
0.745	0.031	0.056	0.168
0.861	0.018	0.036	0.085
0.115	0.013	0.831	0.041
0.035	0.064	0.859	0.042
0.695	0.032	0.062	0.211
0.778	0.138	0.059	0.025
0.524	0.129	0.230	0.117
>CACAGGAAGCTG	13-CACAGGAAGCTG	9.926843	-60.985595	0	T:178.0(5.90%),B:1083.5(2.37%),P:1e-26	Tpos:284.3,Tstd:206.6,Bpos:232.6,Bstd:140.6,StrandBias:0.2,Multiplicity:1.02
0.104	0.641	0.115	0.140
0.806	0.037	0.015	0.142
0.036	0.786	0.177	0.001
0.891	0.071	0.001	0.037
0.062	0.001	0.849	0.088
0.087	0.011	0.848	0.054
0.913	0.052	0.020	0.015
0.815	0.001	0.099	0.085
0.051	0.060	0.870	0.019
0.056	0.854	0.089	0.001
0.001	0.001	0.001	0.997
0.111	0.054	0.675	0.160
>ACATCTCCGCCC	14-ACATCTCCGCCC	-0.182949	-24.380573	0	T:205.0(6.80%),B:1915.3(4.19%),P:1e-10	Tpos:283.7,Tstd:221.3,Bpos:236.7,Bstd:132.9,StrandBias:0.2,Multiplicity:1.09
0.947	0.001	0.051	0.001
0.001	0.997	0.001	0.001
0.997	0.001	0.001	0.001
0.001	0.001	0.051	0.947
0.001	0.997	0.001	0.001
0.001	0.001	0.001	0.997
0.001	0.997	0.001	0.001
0.001	0.997	0.001	0.001
0.001	0.001	0.997	0.001
0.001	0.997	0.001	0.001
0.001	0.997	0.001	0.001
0.001	0.997	0.001	0.001
>AAGATGATTCAG	15-AAGATGATTCAG	12.355432	-22.831600	0	T:7.0(0.23%),B:2.3(0.01%),P:1e-9	Tpos:400.6,Tstd:123.5,Bpos:154.5,Bstd:29.0,StrandBias:10.0,Multiplicity:1.00
0.700	0.100	0.100	0.100
0.700	0.100	0.100	0.100
0.100	0.100	0.700	0.100
0.700	0.100	0.100	0.100
0.100	0.100	0.100	0.700
0.100	0.100	0.700	0.100
0.700	0.100	0.100	0.100
0.100	0.100	0.100	0.700
0.100	0.100	0.100	0.700
0.100	0.700	0.100	0.100
0.700	0.100	0.100	0.100
0.100	0.100	0.700	0.100
>CATCACACCCAT	16-CATCACACCCAT	9.519202	-18.955183	0	T:95.0(3.15%),B:757.0(1.65%),P:1e-8	Tpos:257.0,Tstd:209.1,Bpos:234.0,Bstd:144.3,StrandBias:0.5,Multiplicity:1.08
0.043	0.836	0.055	0.066
0.840	0.115	0.001	0.044
0.085	0.040	0.095	0.780
0.074	0.768	0.089	0.069
0.905	0.037	0.020	0.038
0.065	0.889	0.011	0.035
0.821	0.036	0.040	0.103
0.070	0.846	0.069	0.015
0.071	0.856	0.020	0.053
0.035	0.925	0.020	0.020
0.821	0.102	0.001	0.076
0.110	0.089	0.047	0.754
>GGGTGTGGCTCA	17-GGGTGTGGCTCA	9.314427	-14.251131	0	T:116.0(3.85%),B:1087.4(2.38%),P:1e-6	Tpos:244.5,Tstd:157.0,Bpos:225.2,Bstd:143.4,StrandBias:0.3,Multiplicity:1.00
0.022	0.123	0.781	0.074
0.104	0.041	0.687	0.168
0.145	0.026	0.747	0.082
0.001	0.001	0.038	0.960
0.041	0.135	0.742	0.082
0.022	0.045	0.159	0.774
0.029	0.041	0.858	0.072
0.041	0.026	0.870	0.063
0.001	0.968	0.030	0.001
0.164	0.101	0.041	0.694
0.041	0.917	0.041	0.001
0.997	0.001	0.001	0.001
>CAGTGACACTGC	18-CAGTGACACTGC	14.554539	-13.059380	0	T:5.0(0.17%),B:3.9(0.01%),P:1e-5	Tpos:120.9,Tstd:97.5,Bpos:107.2,Bstd:111.7,StrandBias:1.3,Multiplicity:1.40
0.001	0.997	0.001	0.001
0.997	0.001	0.001	0.001
0.001	0.001	0.997	0.001
0.001	0.001	0.001	0.997
0.001	0.001	0.997	0.001
0.997	0.001	0.001	0.001
0.001	0.997	0.001	0.001
0.997	0.001	0.001	0.001
0.001	0.997	0.001	0.001
0.001	0.129	0.001	0.869
0.001	0.001	0.997	0.001
0.001	0.997	0.001	0.001
>GCCACATTGCAA	19-GCCACATTGCAA	9.121131	-11.158445	0	T:17.0(0.56%),B:74.5(0.16%),P:1e-4	Tpos:331.4,Tstd:144.2,Bpos:208.7,Bstd:142.9,StrandBias:1.8,Multiplicity:1.57
0.001	0.001	0.997	0.001
0.001	0.997	0.001	0.001
0.001	0.997	0.001	0.001
0.997	0.001	0.001	0.001
0.001	0.997	0.001	0.001
0.997	0.001	0.001	0.001
0.001	0.001	0.001	0.997
0.001	0.001	0.001	0.997
0.001	0.001	0.997	0.001
0.001	0.760	0.001	0.238
0.737	0.001	0.001	0.261
0.997	0.001	0.001	0.001
>ATGTGTTAGAGG	20-ATGTGTTAGAGG	16.461581	-10.000569	0	T:3.0(0.10%),B:0.7(0.00%),P:1e-4	Tpos:386.8,Tstd:128.5,Bpos:142.0,Bstd:0.0,StrandBias:10.0,Multiplicity:8.67
0.890	0.001	0.108	0.001
0.001	0.001	0.001	0.997
0.001	0.001	0.997	0.001
0.001	0.001	0.001	0.997
0.001	0.001	0.997	0.001
0.001	0.001	0.001	0.997
0.001	0.001	0.001	0.997
0.997	0.001	0.001	0.001
0.001	0.001	0.997	0.001
0.997	0.001	0.001	0.001
0.001	0.001	0.997	0.001
0.025	0.001	0.973	0.001
>TGCAGTACATTG	21-TGCAGTACATTG	12.355432	-6.802840	0	T:3.0(0.10%),B:3.6(0.01%),P:1e-2	Tpos:127.6,Tstd:79.8,Bpos:107.4,Bstd:91.4,StrandBias:1.3,Multiplicity:2.33
0.100	0.100	0.100	0.700
0.100	0.100	0.700	0.100
0.100	0.700	0.100	0.100
0.700	0.100	0.100	0.100
0.100	0.100	0.700	0.100
0.100	0.100	0.100	0.700
0.700	0.100	0.100	0.100
0.100	0.700	0.100	0.100
0.700	0.100	0.100	0.100
0.100	0.100	0.100	0.700
0.100	0.100	0.100	0.700
0.100	0.100	0.700	0.100
>CACTGTCAATCA	22-CACTGTCAATCA	12.355432	-4.833528	0	T:2.0(0.07%),B:2.2(0.00%),P:1e-2	Tpos:130.7,Tstd:64.4,Bpos:268.1,Bstd:125.8,StrandBias:10.0,Multiplicity:3.50
0.100	0.700	0.100	0.100
0.700	0.100	0.100	0.100
0.100	0.700	0.100	0.100
0.100	0.100	0.100	0.700
0.100	0.100	0.700	0.100
0.100	0.100	0.100	0.700
0.100	0.700	0.100	0.100
0.700	0.100	0.100	0.100
0.700	0.100	0.100	0.100
0.100	0.100	0.100	0.700
0.100	0.700	0.100	0.100
0.700	0.100	0.100	0.100
>ACCCGGCATACA	23-ACCCGGCATACA	12.355432	-2.752267	0	T:1.0(0.03%),B:0.0(0.00%),P:1e-1	Tpos:348.1,Tstd:201.9,Bpos:0.0,Bstd:0.0,StrandBias:10.0,Multiplicity:25.00
0.700	0.100	0.100	0.100
0.100	0.700	0.100	0.100
0.100	0.700	0.100	0.100
0.100	0.700	0.100	0.100
0.100	0.100	0.700	0.100
0.100	0.100	0.700	0.100
0.100	0.700	0.100	0.100
0.700	0.100	0.100	0.100
0.100	0.100	0.100	0.700
0.700	0.100	0.100	0.100
0.100	0.700	0.100	0.100
0.700	0.100	0.100	0.100
>TCSGCCTGACTG	24-TCSGCCTGACTG	15.025123	-2.752267	0	T:1.0(0.03%),B:1.7(0.00%),P:1e-1	Tpos:416.0,Tstd:92.3,Bpos:290.0,Bstd:0.0,StrandBias:10.0,Multiplicity:5.00
0.001	0.001	0.001	0.997
0.001	0.750	0.248	0.001
0.001	0.539	0.459	0.001
0.001	0.001	0.997	0.001
0.001	0.997	0.001	0.001
0.001	0.893	0.105	0.001
0.001	0.001	0.105	0.893
0.001	0.105	0.893	0.001
0.789	0.105	0.105	0.001
0.001	0.997	0.001	0.001
0.105	0.001	0.001	0.893
0.001	0.001	0.997	0.001
>TTGGGCCTGACT	25-TTGGGCCTGACT	12.355432	-1.718095	0	T:1.0(0.03%),B:3.5(0.01%),P:1e0	Tpos:310.0,Tstd:56.5,Bpos:228.2,Bstd:114.7,StrandBias:10.0,Multiplicity:7.00
0.100	0.100	0.100	0.700
0.100	0.100	0.100	0.700
0.100	0.100	0.700	0.100
0.100	0.100	0.700	0.100
0.100	0.100	0.700	0.100
0.100	0.700	0.100	0.100
0.100	0.700	0.100	0.100
0.100	0.100	0.100	0.700
0.100	0.100	0.700	0.100
0.700	0.100	0.100	0.100
0.100	0.700	0.100	0.100
0.100	0.100	0.100	0.700
