>ASMGGAAGTG	1-ASMGGAAGTG	6.561504	-741.687030	0	T:1183.0(39.24%),B:5404.2(11.81%),P:1e-322	Tpos:264.1,Tstd:176.9,Bpos:229.3,Bstd:140.2,StrandBias:0.0,Multiplicity:1.28
0.465	0.122	0.262	0.151
0.225	0.434	0.285	0.056
0.445	0.362	0.168	0.025
0.041	0.126	0.796	0.037
0.049	0.132	0.747	0.072
0.855	0.004	0.088	0.053
0.573	0.068	0.001	0.358
0.312	0.050	0.628	0.010
0.099	0.266	0.171	0.464
0.201	0.187	0.416	0.196
>SGTAACCACA	2-SGTAACCACA	6.214025	-592.444239	0	T:1706.0(56.58%),B:12286.6(26.86%),P:1e-257	Tpos:265.3,Tstd:190.5,Bpos:230.9,Bstd:148.3,StrandBias:0.1,Multiplicity:1.49
0.186	0.380	0.254	0.180
0.190	0.189	0.442	0.179
0.288	0.155	0.086	0.471
0.676	0.091	0.140	0.093
0.774	0.062	0.124	0.040
0.042	0.883	0.037	0.038
0.034	0.902	0.015	0.049
0.811	0.051	0.050	0.088
0.066	0.843	0.047	0.044
0.820	0.062	0.039	0.079
>RYTTCCTGYS	3-RYTTCCTGYS	6.728290	-480.133637	0	T:1785.0(59.20%),B:14560.9(31.83%),P:1e-208	Tpos:281.2,Tstd:213.6,Bpos:232.0,Bstd:135.2,StrandBias:-0.1,Multiplicity:1.31
0.485	0.062	0.392	0.060
0.021	0.499	0.040	0.441
0.082	0.001	0.010	0.907
0.001	0.010	0.035	0.954
0.052	0.863	0.084	0.001
0.001	0.916	0.029	0.054
0.024	0.021	0.130	0.825
0.101	0.212	0.574	0.113
0.124	0.457	0.062	0.357
0.189	0.258	0.362	0.191
>WGGGTGTGGY	4-WGGGTGTGGY	7.514080	-269.094151	0	T:1070.0(35.49%),B:8163.6(17.85%),P:1e-116	Tpos:282.1,Tstd:214.1,Bpos:233.6,Bstd:143.6,StrandBias:0.0,Multiplicity:1.31
0.450	0.067	0.167	0.316
0.114	0.001	0.884	0.001
0.001	0.016	0.982	0.001
0.142	0.016	0.831	0.011
0.127	0.122	0.007	0.744
0.006	0.003	0.969	0.022
0.093	0.012	0.339	0.556
0.143	0.055	0.792	0.010
0.294	0.009	0.543	0.154
0.011	0.450	0.114	0.425
>TTTCACACCT	5-TTTCACACCT	6.402027	-184.873026	0	T:687.0(22.79%),B:4888.7(10.69%),P:1e-80	Tpos:274.6,Tstd:202.0,Bpos:231.8,Bstd:144.7,StrandBias:0.1,Multiplicity:1.20
0.130	0.102	0.071	0.697
0.019	0.050	0.025	0.906
0.001	0.001	0.007	0.991
0.046	0.904	0.049	0.001
0.899	0.001	0.001	0.099
0.001	0.997	0.001	0.001
0.997	0.001	0.001	0.001
0.020	0.978	0.001	0.001
0.086	0.849	0.018	0.047
0.016	0.067	0.001	0.916
>AAASCCACAA	6-AAASCCACAA	6.945392	-166.102260	0	T:598.0(19.83%),B:4158.1(9.09%),P:1e-72	Tpos:264.4,Tstd:184.4,Bpos:229.6,Bstd:144.4,StrandBias:-0.0,Multiplicity:1.08
0.677	0.077	0.135	0.111
0.613	0.385	0.001	0.001
0.997	0.001	0.001	0.001
0.001	0.545	0.453	0.001
0.001	0.997	0.001	0.001
0.001	0.997	0.001	0.001
0.607	0.001	0.361	0.031
0.001	0.997	0.001	0.001
0.997	0.001	0.001	0.001
0.865	0.001	0.133	0.001
>SCSACATCCT	7-SCSACATCCT	10.706899	-165.774471	0	T:131.0(4.34%),B:243.9(0.53%),P:1e-71	Tpos:217.4,Tstd:106.3,Bpos:236.0,Bstd:143.1,StrandBias:0.7,Multiplicity:1.07
0.082	0.407	0.425	0.086
0.001	0.917	0.054	0.028
0.054	0.439	0.426	0.081
0.904	0.001	0.094	0.001
0.045	0.953	0.001	0.001
0.997	0.001	0.001	0.001
0.064	0.001	0.001	0.934
0.085	0.913	0.001	0.001
0.001	0.997	0.001	0.001
0.001	0.056	0.356	0.587
>ASMGGAAGGR	8-ASMGGAAGGR	8.492747	-130.347268	0	T:506.0(16.78%),B:3612.3(7.90%),P:1e-56	Tpos:282.3,Tstd:216.1,Bpos:231.6,Bstd:130.4,StrandBias:0.1,Multiplicity:1.06
0.491	0.171	0.264	0.074
0.001	0.498	0.500	0.001
0.459	0.512	0.028	0.001
0.001	0.001	0.997	0.001
0.001	0.001	0.877	0.121
0.985	0.013	0.001	0.001
0.966	0.001	0.001	0.032
0.096	0.208	0.695	0.001
0.209	0.012	0.602	0.177
0.412	0.199	0.342	0.047
>AAACCGAAAC	9-AAACCGAAAC	5.596156	-88.488367	0	T:925.0(30.68%),B:9411.4(20.57%),P:1e-38	Tpos:272.2,Tstd:198.4,Bpos:231.8,Bstd:143.4,StrandBias:0.2,Multiplicity:1.33
0.614	0.158	0.220	0.008
0.602	0.121	0.129	0.148
0.736	0.097	0.162	0.005
0.215	0.503	0.202	0.080
0.174	0.464	0.170	0.192
0.165	0.230	0.485	0.120
0.534	0.161	0.237	0.068
0.690	0.171	0.086	0.053
0.567	0.229	0.091	0.113
0.118	0.515	0.303	0.064
>TGDTAACCAA	10-TGDTAACCAA	8.049815	-88.173364	0	T:245.0(8.13%),B:1451.2(3.17%),P:1e-38	Tpos:239.9,Tstd:179.8,Bpos:227.8,Bstd:141.7,StrandBias:0.0,Multiplicity:1.04
0.263	0.001	0.283	0.453
0.001	0.001	0.997	0.001
0.336	0.091	0.278	0.295
0.001	0.001	0.001	0.997
0.997	0.001	0.001	0.001
0.894	0.104	0.001	0.001
0.001	0.841	0.157	0.001
0.087	0.911	0.001	0.001
0.619	0.001	0.379	0.001
0.491	0.178	0.006	0.326
>TGASTCACTC	11-TGASTCACTC	4.629150	-52.059164	0	T:364.0(12.07%),B:3215.4(7.03%),P:1e-22	Tpos:293.0,Tstd:236.8,Bpos:228.4,Bstd:136.9,StrandBias:0.0,Multiplicity:1.10
0.001	0.001	0.001	0.997
0.001	0.001	0.997	0.001
0.997	0.001	0.001	0.001
0.001	0.513	0.485	0.001
0.001	0.001	0.001	0.997
0.001	0.997	0.001	0.001
0.997	0.001	0.001	0.001
0.029	0.538	0.135	0.298
0.167	0.246	0.178	0.409
0.222	0.452	0.175	0.151
>GAAGCCACAA	12-GAAGCCACAA	6.972846	-51.916348	0	T:543.0(18.01%),B:5404.8(11.81%),P:1e-22	Tpos:282.6,Tstd:196.2,Bpos:232.3,Bstd:137.8,StrandBias:0.0,Multiplicity:1.13
0.050	0.059	0.842	0.049
0.756	0.064	0.127	0.053
0.829	0.051	0.072	0.048
0.030	0.046	0.838	0.086
0.061	0.836	0.032	0.071
0.107	0.715	0.139	0.039
0.749	0.058	0.101	0.092
0.032	0.828	0.068	0.072
0.794	0.108	0.055	0.043
0.848	0.043	0.025	0.084
>TGACGTCACG	13-TGACGTCACG	7.556902	-38.755962	0	T:153.0(5.07%),B:1086.4(2.37%),P:1e-16	Tpos:266.4,Tstd:165.0,Bpos:235.7,Bstd:141.0,StrandBias:0.3,Multiplicity:1.05
0.078	0.033	0.055	0.834
0.078	0.063	0.828	0.031
0.857	0.102	0.026	0.015
0.036	0.783	0.094	0.087
0.056	0.056	0.852	0.036
0.070	0.066	0.031	0.833
0.065	0.821	0.053	0.061
0.870	0.010	0.045	0.075
0.070	0.681	0.095	0.154
0.122	0.158	0.649	0.071
>GGTTTTACCA	14-GGTTTTACCA	8.898935	-38.018527	0	T:69.0(2.29%),B:313.3(0.68%),P:1e-16	Tpos:301.7,Tstd:229.7,Bpos:222.4,Bstd:144.3,StrandBias:0.2,Multiplicity:1.02
0.001	0.069	0.929	0.001
0.060	0.001	0.849	0.090
0.022	0.092	0.052	0.834
0.001	0.001	0.149	0.849
0.114	0.001	0.001	0.884
0.056	0.001	0.049	0.894
0.997	0.001	0.001	0.001
0.105	0.893	0.001	0.001
0.001	0.997	0.001	0.001
0.864	0.065	0.070	0.001
>CCACCGCAGA	15-CCACCGCAGA	8.911417	-35.807913	0	T:137.0(4.54%),B:960.7(2.10%),P:1e-15	Tpos:276.8,Tstd:217.3,Bpos:225.1,Bstd:134.2,StrandBias:0.1,Multiplicity:1.04
0.020	0.929	0.023	0.028
0.001	0.903	0.001	0.095
0.939	0.001	0.033	0.027
0.001	0.965	0.013	0.021
0.001	0.997	0.001	0.001
0.125	0.159	0.595	0.121
0.025	0.953	0.021	0.001
0.842	0.042	0.034	0.082
0.024	0.001	0.974	0.001
0.938	0.039	0.022	0.001
>AGGTGAKATT	16-AGGTGAKATT	9.486832	-33.961107	0	T:95.0(3.15%),B:570.3(1.25%),P:1e-14	Tpos:267.0,Tstd:195.6,Bpos:242.3,Bstd:140.7,StrandBias:0.3,Multiplicity:1.06
0.674	0.239	0.001	0.086
0.001	0.001	0.853	0.145
0.001	0.001	0.997	0.001
0.001	0.001	0.001	0.997
0.001	0.001	0.997	0.001
0.603	0.041	0.162	0.194
0.057	0.153	0.417	0.373
0.997	0.001	0.001	0.001
0.001	0.001	0.001	0.997
0.096	0.155	0.001	0.748
>CTATTTWTAG	17-CTATTTWTAG	8.507948	-30.094365	0	T:145.0(4.81%),B:1123.6(2.46%),P:1e-13	Tpos:273.8,Tstd:184.7,Bpos:238.1,Bstd:138.7,StrandBias:-0.2,Multiplicity:1.04
0.001	0.803	0.073	0.123
0.001	0.084	0.001	0.914
0.695	0.046	0.147	0.112
0.319	0.001	0.001	0.679
0.041	0.001	0.001	0.957
0.001	0.225	0.024	0.750
0.419	0.001	0.171	0.409
0.015	0.056	0.033	0.896
0.886	0.089	0.001	0.024
0.140	0.001	0.858	0.001
>TTATCATAAG	18-TTATCATAAG	8.026797	-22.154528	0	T:105.0(3.48%),B:814.1(1.78%),P:1e-9	Tpos:294.9,Tstd:199.7,Bpos:225.6,Bstd:133.5,StrandBias:-0.0,Multiplicity:1.05
0.065	0.054	0.054	0.827
0.037	0.100	0.027	0.836
0.820	0.080	0.028	0.072
0.044	0.090	0.017	0.849
0.114	0.755	0.092	0.039
0.865	0.044	0.053	0.038
0.164	0.061	0.065	0.710
0.836	0.056	0.050	0.058
0.833	0.051	0.038	0.078
0.132	0.060	0.680	0.128
>GTGTTAGAGG	19-GTGTTAGAGG	-2.838304	-20.085979	0	T:1269.0(42.09%),B:16858.7(36.85%),P:1e-8	Tpos:270.6,Tstd:203.3,Bpos:230.9,Bstd:144.6,StrandBias:0.1,Multiplicity:1.32
0.001	0.001	0.997	0.001
0.001	0.001	0.001	0.997
0.001	0.001	0.997	0.001
0.001	0.001	0.001	0.997
0.001	0.001	0.001	0.997
0.997	0.001	0.001	0.001
0.001	0.001	0.997	0.001
0.997	0.001	0.001	0.001
0.001	0.057	0.941	0.001
0.001	0.001	0.997	0.001
>AGGGAGCGTA	20-AGGGAGCGTA	13.655578	-15.032089	0	T:5.0(0.17%),B:2.1(0.00%),P:1e-6	Tpos:262.2,Tstd:134.4,Bpos:56.0,Bstd:0.0,StrandBias:1.0,Multiplicity:1.20
0.835	0.001	0.163	0.001
0.001	0.001	0.997	0.001
0.001	0.001	0.997	0.001
0.001	0.001	0.997	0.001
0.997	0.001	0.001	0.001
0.001	0.001	0.997	0.001
0.001	0.997	0.001	0.001
0.001	0.001	0.997	0.001
0.001	0.001	0.001	0.997
0.997	0.001	0.001	0.001
>CTGWGGTGTA	21-CTGWGGTGTA	10.621630	-13.712730	0	T:35.0(1.16%),B:209.4(0.46%),P:1e-5	Tpos:199.0,Tstd:153.3,Bpos:236.0,Bstd:144.7,StrandBias:0.2,Multiplicity:1.15
0.293	0.705	0.001	0.001
0.001	0.001	0.186	0.812
0.265	0.001	0.665	0.069
0.477	0.001	0.001	0.521
0.001	0.001	0.997	0.001
0.001	0.001	0.997	0.001
0.001	0.001	0.001	0.997
0.001	0.063	0.923	0.013
0.001	0.054	0.001	0.944
0.997	0.001	0.001	0.001
>ACATCTCCGC	22-ACATCTCCGC	6.404373	-11.456913	0	T:779.0(25.84%),B:10309.4(22.54%),P:1e-4	Tpos:284.4,Tstd:203.1,Bpos:230.6,Bstd:137.5,StrandBias:0.0,Multiplicity:1.18
0.700	0.100	0.100	0.100
0.100	0.700	0.100	0.100
0.700	0.100	0.100	0.100
0.100	0.100	0.100	0.700
0.100	0.700	0.100	0.100
0.100	0.100	0.100	0.700
0.100	0.700	0.100	0.100
0.100	0.700	0.100	0.100
0.100	0.100	0.700	0.100
0.100	0.700	0.100	0.100
>GGTTACCCAC	23-GGTTACCCAC	10.296193	-8.040845	0	T:7.0(0.23%),B:19.7(0.04%),P:1e-3	Tpos:193.4,Tstd:72.4,Bpos:209.9,Bstd:130.2,StrandBias:3.3,Multiplicity:1.57
0.100	0.100	0.700	0.100
0.100	0.100	0.700	0.100
0.100	0.100	0.100	0.700
0.100	0.100	0.100	0.700
0.700	0.100	0.100	0.100
0.100	0.700	0.100	0.100
0.100	0.700	0.100	0.100
0.100	0.700	0.100	0.100
0.700	0.100	0.100	0.100
0.100	0.700	0.100	0.100
>CAGGCGGAGT	24-CAGGCGGAGT	10.296193	-3.290595	0	T:3.0(0.10%),B:11.9(0.03%),P:1e-1	Tpos:330.7,Tstd:156.3,Bpos:232.7,Bstd:149.4,StrandBias:-1.3,Multiplicity:2.33
0.100	0.700	0.100	0.100
0.700	0.100	0.100	0.100
0.100	0.100	0.700	0.100
0.100	0.100	0.700	0.100
0.100	0.700	0.100	0.100
0.100	0.100	0.700	0.100
0.100	0.100	0.700	0.100
0.700	0.100	0.100	0.100
0.100	0.100	0.700	0.100
0.100	0.100	0.100	0.700
>GACCCGGCAT	25-GACCCGGCAT	10.296193	-2.091520	0	T:1.0(0.03%),B:3.0(0.01%),P:1e0	Tpos:346.1,Tstd:201.9,Bpos:196.6,Bstd:31.0,StrandBias:10.0,Multiplicity:25.00
0.100	0.100	0.700	0.100
0.700	0.100	0.100	0.100
0.100	0.700	0.100	0.100
0.100	0.700	0.100	0.100
0.100	0.700	0.100	0.100
0.100	0.100	0.700	0.100
0.100	0.100	0.700	0.100
0.100	0.700	0.100	0.100
0.700	0.100	0.100	0.100
0.100	0.100	0.100	0.700
