Factor1: 0.9561578534424392
Factor2: 1.0458524148494066
