Factor1: 1.016022149617613
Factor2: 0.9842305114867397
