Factor1: 1.2272757122011604
Factor2: 0.8148128330564501
