Factor1: 1.0318590890530968
Factor2: 0.9691245738966795
