>CAGGAAGT	1-CAGGAAGT	6.666946	-178.333801	0	T:784.0(37.78%),B:9240.8(19.97%),P:1e-77	Tpos:314.0,Tstd:241.0,Bpos:247.2,Bstd:148.0,StrandBias:0.2,Multiplicity:1.33
0.001	0.942	0.056	0.001
0.891	0.107	0.001	0.001
0.001	0.001	0.997	0.001
0.001	0.001	0.997	0.001
0.997	0.001	0.001	0.001
0.997	0.001	0.001	0.001
0.376	0.001	0.622	0.001
0.001	0.351	0.001	0.647
>ACATCCKG	2-ACATCCKG	7.348845	-114.472797	0	T:471.0(22.70%),B:5166.0(11.17%),P:1e-49	Tpos:290.8,Tstd:242.7,Bpos:243.8,Bstd:140.5,StrandBias:-0.1,Multiplicity:1.11
0.731	0.174	0.001	0.094
0.114	0.809	0.034	0.043
0.629	0.001	0.016	0.354
0.028	0.052	0.001	0.919
0.052	0.903	0.044	0.001
0.001	0.844	0.154	0.001
0.001	0.044	0.414	0.541
0.051	0.002	0.648	0.299
>GTGGTTKA	3-GTGGTTKA	6.920528	-67.683235	0	T:539.0(25.98%),B:7477.8(16.16%),P:1e-29	Tpos:296.5,Tstd:241.4,Bpos:245.0,Bstd:149.0,StrandBias:-0.1,Multiplicity:1.21
0.001	0.001	0.997	0.001
0.105	0.001	0.077	0.817
0.001	0.001	0.894	0.104
0.001	0.001	0.997	0.001
0.001	0.122	0.009	0.868
0.001	0.001	0.001	0.997
0.163	0.010	0.407	0.420
0.430	0.197	0.263	0.110
>GCGGTTTC	4-GCGGTTTC	5.748422	-61.129559	0	T:942.0(45.40%),B:15709.7(33.95%),P:1e-26	Tpos:312.9,Tstd:261.4,Bpos:244.6,Bstd:150.5,StrandBias:0.0,Multiplicity:1.31
0.241	0.110	0.439	0.209
0.142	0.501	0.091	0.266
0.337	0.001	0.574	0.088
0.092	0.034	0.846	0.028
0.001	0.087	0.001	0.911
0.001	0.029	0.001	0.969
0.155	0.001	0.001	0.843
0.185	0.688	0.100	0.027
>RGGCGGRR	5-RGGCGGRR	5.240888	-49.729234	0	T:619.0(29.83%),B:9632.5(20.82%),P:1e-21	Tpos:358.7,Tstd:276.5,Bpos:245.0,Bstd:164.5,StrandBias:0.0,Multiplicity:1.98
0.399	0.090	0.411	0.099
0.121	0.182	0.552	0.145
0.163	0.131	0.628	0.078
0.122	0.686	0.047	0.145
0.018	0.107	0.803	0.072
0.129	0.066	0.499	0.305
0.390	0.091	0.353	0.166
0.386	0.083	0.341	0.191
>ATTTCCGT	6-ATTTCCGT	7.281891	-46.017181	0	T:343.0(16.53%),B:4592.8(9.93%),P:1e-19	Tpos:275.5,Tstd:209.2,Bpos:247.7,Bstd:149.4,StrandBias:-0.0,Multiplicity:1.06
0.783	0.068	0.028	0.121
0.057	0.268	0.071	0.604
0.001	0.001	0.001	0.997
0.001	0.001	0.001	0.997
0.001	0.997	0.001	0.001
0.001	0.905	0.001	0.093
0.001	0.001	0.792	0.206
0.016	0.020	0.001	0.963
>TGTGGTCT	7-TGTGGTCT	7.345085	-43.952519	0	T:531.0(25.59%),B:8154.8(17.63%),P:1e-19	Tpos:307.1,Tstd:240.6,Bpos:243.4,Bstd:145.2,StrandBias:-0.1,Multiplicity:1.18
0.147	0.001	0.001	0.851
0.001	0.001	0.997	0.001
0.001	0.001	0.001	0.997
0.092	0.289	0.618	0.001
0.001	0.001	0.997	0.001
0.001	0.324	0.170	0.505
0.285	0.698	0.001	0.016
0.315	0.001	0.135	0.549
>ACCAATCG	8-ACCAATCG	7.179588	-41.887693	0	T:210.0(10.12%),B:2438.2(5.27%),P:1e-18	Tpos:324.0,Tstd:247.7,Bpos:252.5,Bstd:157.3,StrandBias:-0.2,Multiplicity:1.15
0.489	0.027	0.321	0.163
0.017	0.942	0.039	0.002
0.012	0.979	0.008	0.001
0.997	0.001	0.001	0.001
0.787	0.001	0.128	0.084
0.001	0.112	0.001	0.886
0.014	0.984	0.001	0.001
0.390	0.001	0.608	0.001
>ATGACGTC	9-ATGACGTC	6.078264	-41.484243	0	T:320.0(15.42%),B:4322.4(9.34%),P:1e-18	Tpos:308.3,Tstd:233.5,Bpos:252.1,Bstd:152.9,StrandBias:0.1,Multiplicity:1.10
0.711	0.085	0.203	0.001
0.029	0.001	0.041	0.929
0.001	0.026	0.941	0.032
0.943	0.001	0.001	0.055
0.001	0.940	0.058	0.001
0.053	0.001	0.920	0.026
0.030	0.001	0.057	0.912
0.080	0.807	0.093	0.020
>TGAGTCAT	10-TGAGTCAT	8.214738	-35.493616	0	T:206.0(9.93%),B:2526.8(5.46%),P:1e-15	Tpos:294.8,Tstd:244.0,Bpos:245.9,Bstd:142.3,StrandBias:0.3,Multiplicity:1.12
0.001	0.001	0.001	0.997
0.001	0.001	0.997	0.001
0.997	0.001	0.001	0.001
0.001	0.025	0.973	0.001
0.001	0.001	0.001	0.997
0.001	0.997	0.001	0.001
0.997	0.001	0.001	0.001
0.001	0.059	0.280	0.660
>TTCCACCC	11-TTCCACCC	6.826059	-35.258967	0	T:720.0(34.70%),B:12337.2(26.66%),P:1e-15	Tpos:322.8,Tstd:271.6,Bpos:244.9,Bstd:145.9,StrandBias:-0.1,Multiplicity:1.45
0.001	0.304	0.001	0.694
0.001	0.095	0.001	0.903
0.001	0.997	0.001	0.001
0.001	0.997	0.001	0.001
0.946	0.001	0.001	0.052
0.001	0.997	0.001	0.001
0.001	0.997	0.001	0.001
0.001	0.997	0.001	0.001
>TGACGYRA	12-TGACGYRA	6.866397	-34.007780	0	T:200.0(9.64%),B:2464.2(5.33%),P:1e-14	Tpos:330.0,Tstd:247.8,Bpos:245.3,Bstd:154.4,StrandBias:-0.2,Multiplicity:1.05
0.001	0.001	0.001	0.997
0.001	0.009	0.686	0.304
0.606	0.001	0.049	0.344
0.001	0.997	0.001	0.001
0.156	0.001	0.842	0.001
0.001	0.429	0.001	0.569
0.467	0.001	0.531	0.001
0.997	0.001	0.001	0.001
>CCACTAGA	13-CCACTAGA	7.855297	-32.081748	0	T:198.0(9.54%),B:2481.3(5.36%),P:1e-13	Tpos:284.5,Tstd:225.7,Bpos:251.8,Bstd:142.9,StrandBias:-0.1,Multiplicity:1.06
0.001	0.925	0.026	0.048
0.001	0.997	0.001	0.001
0.925	0.001	0.032	0.042
0.112	0.859	0.028	0.001
0.042	0.178	0.001	0.779
0.959	0.039	0.001	0.001
0.037	0.001	0.946	0.016
0.736	0.001	0.187	0.076
>GCGCGAYA	14-GCGCGAYA	6.007660	-24.237075	0	T:379.0(18.27%),B:6085.9(13.15%),P:1e-10	Tpos:374.6,Tstd:283.7,Bpos:247.2,Bstd:174.0,StrandBias:0.1,Multiplicity:1.53
0.001	0.045	0.953	0.001
0.014	0.763	0.109	0.114
0.001	0.001	0.997	0.001
0.023	0.930	0.001	0.046
0.066	0.203	0.663	0.068
0.602	0.092	0.149	0.157
0.147	0.255	0.204	0.395
0.791	0.170	0.001	0.038
>TGAGGTTT	15-TGAGGTTT	8.236954	-21.813506	0	T:82.0(3.95%),B:852.9(1.84%),P:1e-9	Tpos:329.7,Tstd:262.3,Bpos:231.4,Bstd:147.5,StrandBias:-0.5,Multiplicity:1.00
0.100	0.100	0.100	0.700
0.100	0.100	0.700	0.100
0.700	0.100	0.100	0.100
0.100	0.100	0.700	0.100
0.100	0.100	0.700	0.100
0.100	0.100	0.100	0.700
0.100	0.100	0.100	0.700
0.100	0.100	0.100	0.700
>TCACACCT	16-TCACACCT	8.122791	-20.161206	0	T:224.0(10.80%),B:3331.1(7.20%),P:1e-8	Tpos:298.2,Tstd:237.0,Bpos:249.2,Bstd:146.3,StrandBias:-0.0,Multiplicity:1.12
0.001	0.001	0.001	0.997
0.001	0.751	0.247	0.001
0.997	0.001	0.001	0.001
0.001	0.997	0.001	0.001
0.997	0.001	0.001	0.001
0.001	0.997	0.001	0.001
0.001	0.997	0.001	0.001
0.001	0.212	0.001	0.786
>AACRCGTC	17-AACRCGTC	7.306743	-16.355030	0	T:145.0(6.99%),B:2043.2(4.42%),P:1e-7	Tpos:333.6,Tstd:237.4,Bpos:251.4,Bstd:156.0,StrandBias:-0.2,Multiplicity:1.20
0.997	0.001	0.001	0.001
0.997	0.001	0.001	0.001
0.001	0.997	0.001	0.001
0.508	0.001	0.383	0.108
0.001	0.813	0.185	0.001
0.073	0.001	0.925	0.001
0.001	0.184	0.001	0.814
0.063	0.935	0.001	0.001
>ATTTGCAC	18-ATTTGCAC	7.983770	-14.669502	0	T:126.0(6.07%),B:1765.6(3.82%),P:1e-6	Tpos:275.3,Tstd:217.9,Bpos:250.2,Bstd:144.0,StrandBias:-0.1,Multiplicity:1.03
0.713	0.001	0.285	0.001
0.001	0.001	0.008	0.990
0.001	0.001	0.001	0.997
0.131	0.335	0.001	0.533
0.001	0.419	0.579	0.001
0.001	0.997	0.001	0.001
0.634	0.001	0.234	0.131
0.001	0.672	0.001	0.326
