>ACAGGAAGTG	1-ACAGGAAGTG	7.407089	-253.978553	0	T:755.0(36.39%),B:7447.9(16.10%),P:1e-110	Tpos:301.7,Tstd:235.3,Bpos:245.3,Bstd:143.2,StrandBias:0.1,Multiplicity:1.29
0.731	0.034	0.234	0.001
0.078	0.761	0.160	0.001
0.997	0.001	0.001	0.001
0.001	0.001	0.997	0.001
0.001	0.001	0.997	0.001
0.997	0.001	0.001	0.001
0.844	0.001	0.001	0.154
0.295	0.001	0.703	0.001
0.001	0.268	0.001	0.730
0.197	0.148	0.542	0.113
>CACTTCCGGT	2-CACTTCCGGT	6.937126	-116.476853	0	T:554.0(26.70%),B:6509.8(14.07%),P:1e-50	Tpos:310.2,Tstd:252.6,Bpos:246.6,Bstd:148.8,StrandBias:0.1,Multiplicity:1.16
0.010	0.511	0.218	0.261
0.751	0.116	0.069	0.064
0.048	0.729	0.222	0.001
0.001	0.001	0.001	0.997
0.111	0.001	0.018	0.870
0.064	0.873	0.001	0.062
0.177	0.814	0.001	0.008
0.020	0.094	0.641	0.245
0.039	0.093	0.594	0.274
0.102	0.139	0.033	0.726
>TGTGGTTTNT	3-TGTGGTTTNT	7.544352	-82.269319	0	T:392.0(18.89%),B:4521.5(9.77%),P:1e-35	Tpos:293.1,Tstd:234.7,Bpos:242.5,Bstd:148.5,StrandBias:-0.2,Multiplicity:1.18
0.071	0.026	0.069	0.834
0.001	0.001	0.997	0.001
0.128	0.112	0.051	0.709
0.001	0.038	0.909	0.052
0.049	0.001	0.913	0.037
0.018	0.074	0.076	0.832
0.031	0.078	0.001	0.890
0.027	0.042	0.161	0.770
0.329	0.256	0.221	0.195
0.215	0.241	0.137	0.406
>GGGCGGAGCT	4-GGGCGGAGCT	7.878794	-70.753227	0	T:527.0(25.40%),B:7165.1(15.49%),P:1e-30	Tpos:348.3,Tstd:277.7,Bpos:243.1,Bstd:161.0,StrandBias:0.0,Multiplicity:1.61
0.115	0.001	0.883	0.001
0.001	0.001	0.997	0.001
0.001	0.001	0.946	0.052
0.001	0.753	0.001	0.245
0.001	0.001	0.917	0.081
0.001	0.006	0.853	0.140
0.610	0.001	0.358	0.031
0.078	0.001	0.841	0.080
0.254	0.488	0.024	0.234
0.068	0.294	0.195	0.444
>CCACTAGATG	5-CCACTAGATG	8.830753	-55.411287	0	T:104.0(5.01%),B:707.3(1.53%),P:1e-24	Tpos:288.1,Tstd:209.5,Bpos:252.8,Bstd:142.8,StrandBias:0.0,Multiplicity:1.00
0.010	0.977	0.001	0.012
0.001	0.997	0.001	0.001
0.969	0.018	0.001	0.012
0.016	0.958	0.001	0.025
0.065	0.124	0.001	0.810
0.881	0.038	0.001	0.080
0.001	0.001	0.974	0.024
0.695	0.008	0.251	0.046
0.006	0.001	0.151	0.842
0.028	0.001	0.955	0.016
>GGTCACACCC	6-GGTCACACCC	7.273633	-44.655719	0	T:298.0(14.36%),B:3845.0(8.31%),P:1e-19	Tpos:303.2,Tstd:249.3,Bpos:247.5,Bstd:153.2,StrandBias:0.2,Multiplicity:1.14
0.112	0.048	0.700	0.140
0.088	0.043	0.849	0.020
0.106	0.052	0.037	0.805
0.143	0.750	0.061	0.046
0.809	0.072	0.073	0.046
0.072	0.850	0.037	0.041
0.771	0.052	0.115	0.062
0.043	0.784	0.081	0.092
0.074	0.810	0.071	0.045
0.031	0.881	0.036	0.052
>ATGACGTCAC	7-ATGACGTCAC	7.668591	-42.448909	0	T:164.0(7.90%),B:1704.3(3.68%),P:1e-18	Tpos:305.6,Tstd:241.8,Bpos:252.5,Bstd:148.8,StrandBias:0.0,Multiplicity:1.07
0.859	0.122	0.018	0.001
0.001	0.132	0.064	0.803
0.001	0.043	0.955	0.001
0.660	0.118	0.127	0.095
0.005	0.808	0.006	0.181
0.120	0.020	0.782	0.078
0.001	0.021	0.044	0.934
0.237	0.736	0.026	0.001
0.760	0.005	0.066	0.169
0.054	0.731	0.052	0.163
>AGCCAATCGG	8-AGCCAATCGG	7.335000	-38.282161	0	T:147.0(7.08%),B:1524.3(3.29%),P:1e-16	Tpos:313.1,Tstd:220.5,Bpos:246.9,Bstd:157.5,StrandBias:0.4,Multiplicity:1.09
0.760	0.083	0.070	0.087
0.070	0.041	0.790	0.099
0.055	0.792	0.083	0.070
0.068	0.808	0.026	0.098
0.793	0.077	0.103	0.027
0.794	0.115	0.044	0.047
0.039	0.062	0.024	0.875
0.082	0.834	0.033	0.051
0.113	0.068	0.779	0.040
0.072	0.088	0.781	0.059
>GGGDGGKGCC	9-GGGDGGKGCC	5.956431	-36.987345	0	T:653.0(31.47%),B:10880.5(23.52%),P:1e-16	Tpos:342.9,Tstd:269.6,Bpos:245.7,Bstd:151.3,StrandBias:-0.0,Multiplicity:1.31
0.221	0.240	0.528	0.011
0.009	0.244	0.547	0.200
0.007	0.006	0.977	0.010
0.259	0.162	0.222	0.357
0.199	0.166	0.414	0.221
0.180	0.014	0.662	0.144
0.247	0.022	0.428	0.303
0.017	0.020	0.774	0.189
0.257	0.442	0.135	0.167
0.157	0.402	0.252	0.189
>TTTTCCGCGC	10-TTTTCCGCGC	5.268495	-35.981345	0	T:726.0(34.99%),B:12422.8(26.85%),P:1e-15	Tpos:339.6,Tstd:263.2,Bpos:245.8,Bstd:158.9,StrandBias:-0.1,Multiplicity:1.48
0.076	0.117	0.183	0.624
0.060	0.109	0.084	0.747
0.062	0.128	0.088	0.722
0.064	0.099	0.132	0.705
0.043	0.761	0.098	0.098
0.110	0.652	0.093	0.145
0.090	0.137	0.684	0.089
0.093	0.706	0.131	0.070
0.105	0.116	0.660	0.119
0.084	0.744	0.096	0.076
>TGASTCASCC	11-TGASTCASCC	8.314708	-35.879922	0	T:213.0(10.27%),B:2633.1(5.69%),P:1e-15	Tpos:297.4,Tstd:231.3,Bpos:248.1,Bstd:143.7,StrandBias:-0.2,Multiplicity:1.16
0.065	0.001	0.001	0.933
0.001	0.195	0.793	0.011
0.990	0.001	0.008	0.001
0.001	0.469	0.529	0.001
0.035	0.001	0.001	0.963
0.001	0.996	0.002	0.001
0.997	0.001	0.001	0.001
0.001	0.480	0.411	0.108
0.134	0.476	0.262	0.128
0.069	0.612	0.273	0.046
>SAAACAGCTG	12-SAAACAGCTG	7.321270	-29.580406	0	T:109.0(5.25%),B:1113.2(2.41%),P:1e-12	Tpos:281.0,Tstd:246.1,Bpos:245.0,Bstd:143.6,StrandBias:0.0,Multiplicity:1.02
0.002	0.292	0.434	0.272
0.543	0.186	0.001	0.270
0.599	0.220	0.081	0.100
0.651	0.013	0.100	0.236
0.221	0.555	0.176	0.048
0.628	0.048	0.038	0.286
0.001	0.121	0.731	0.147
0.027	0.626	0.315	0.032
0.197	0.081	0.194	0.528
0.057	0.075	0.544	0.324
>CTTACCGCGT	13-CTTACCGCGT	7.500388	-29.259804	0	T:113.0(5.45%),B:1179.2(2.55%),P:1e-12	Tpos:328.5,Tstd:253.6,Bpos:244.9,Bstd:156.4,StrandBias:0.1,Multiplicity:1.03
0.192	0.730	0.001	0.077
0.028	0.001	0.165	0.806
0.001	0.001	0.007	0.991
0.677	0.112	0.001	0.210
0.001	0.797	0.201	0.001
0.001	0.760	0.001	0.238
0.132	0.080	0.787	0.001
0.111	0.862	0.001	0.026
0.075	0.041	0.795	0.089
0.042	0.092	0.045	0.821
>CAGRAAGGGG	14-CAGRAAGGGG	10.255344	-28.506177	0	T:192.0(9.25%),B:2478.1(5.36%),P:1e-12	Tpos:330.8,Tstd:253.3,Bpos:246.3,Bstd:143.5,StrandBias:0.4,Multiplicity:1.05
0.211	0.593	0.195	0.001
0.997	0.001	0.001	0.001
0.001	0.001	0.997	0.001
0.470	0.001	0.528	0.001
0.647	0.001	0.351	0.001
0.997	0.001	0.001	0.001
0.001	0.001	0.997	0.001
0.234	0.001	0.764	0.001
0.001	0.001	0.997	0.001
0.001	0.001	0.997	0.001
>GAAGCTCGGT	15-GAAGCTCGGT	8.060876	-26.943391	0	T:57.0(2.75%),B:430.1(0.93%),P:1e-11	Tpos:320.4,Tstd:191.3,Bpos:247.1,Bstd:154.9,StrandBias:0.2,Multiplicity:1.00
0.067	0.231	0.609	0.093
0.492	0.269	0.040	0.199
0.558	0.062	0.334	0.046
0.059	0.050	0.638	0.253
0.055	0.831	0.042	0.072
0.020	0.028	0.033	0.919
0.035	0.540	0.035	0.390
0.028	0.283	0.632	0.057
0.261	0.081	0.609	0.049
0.031	0.223	0.295	0.450
>CCAATGATAG	16-CCAATGATAG	6.217783	-21.640275	0	T:97.0(4.67%),B:1086.8(2.35%),P:1e-9	Tpos:298.1,Tstd:209.5,Bpos:251.2,Bstd:137.3,StrandBias:-0.1,Multiplicity:1.02
0.179	0.550	0.155	0.116
0.167	0.578	0.068	0.187
0.477	0.135	0.235	0.152
0.637	0.108	0.168	0.087
0.150	0.119	0.084	0.647
0.139	0.200	0.523	0.138
0.682	0.137	0.042	0.139
0.176	0.150	0.046	0.628
0.633	0.153	0.096	0.118
0.143	0.183	0.591	0.083
>TTTTGCCCTC	17-TTTTGCCCTC	10.772357	-20.446732	0	T:62.0(2.99%),B:583.7(1.26%),P:1e-8	Tpos:281.1,Tstd:208.1,Bpos:245.7,Bstd:139.8,StrandBias:0.3,Multiplicity:1.02
0.001	0.354	0.001	0.644
0.001	0.001	0.001	0.997
0.001	0.205	0.001	0.793
0.024	0.001	0.001	0.974
0.005	0.025	0.969	0.001
0.001	0.997	0.001	0.001
0.001	0.997	0.001	0.001
0.001	0.674	0.324	0.001
0.001	0.001	0.001	0.997
0.001	0.997	0.001	0.001
>CGGCAAGGAC	18-CGGCAAGGAC	9.413715	-19.721321	0	T:63.0(3.04%),B:609.0(1.32%),P:1e-8	Tpos:279.0,Tstd:205.6,Bpos:247.4,Bstd:140.6,StrandBias:-0.1,Multiplicity:1.10
0.069	0.894	0.001	0.036
0.078	0.021	0.847	0.054
0.035	0.001	0.963	0.001
0.001	0.895	0.053	0.051
0.804	0.087	0.036	0.073
0.946	0.001	0.021	0.032
0.001	0.001	0.997	0.001
0.100	0.020	0.879	0.001
0.808	0.190	0.001	0.001
0.001	0.983	0.015	0.001
>CCACGTCTYC	19-CCACGTCTYC	10.006476	-19.234854	0	T:51.0(2.46%),B:448.6(0.97%),P:1e-8	Tpos:363.3,Tstd:266.7,Bpos:250.3,Bstd:146.9,StrandBias:0.1,Multiplicity:1.06
0.001	0.997	0.001	0.001
0.001	0.997	0.001	0.001
0.997	0.001	0.001	0.001
0.001	0.997	0.001	0.001
0.001	0.001	0.997	0.001
0.162	0.155	0.223	0.460
0.001	0.906	0.001	0.092
0.190	0.001	0.001	0.808
0.055	0.514	0.001	0.430
0.124	0.827	0.001	0.048
>TCCACCCACA	20-TCCACCCACA	11.127691	-18.891488	0	T:32.0(1.54%),B:211.8(0.46%),P:1e-8	Tpos:350.6,Tstd:208.3,Bpos:236.2,Bstd:134.9,StrandBias:-1.2,Multiplicity:1.00
0.001	0.001	0.001	0.997
0.001	0.997	0.001	0.001
0.001	0.997	0.001	0.001
0.926	0.001	0.072	0.001
0.001	0.997	0.001	0.001
0.001	0.997	0.001	0.001
0.075	0.923	0.001	0.001
0.997	0.001	0.001	0.001
0.001	0.997	0.001	0.001
0.997	0.001	0.001	0.001
>CAATTCTGCG	21-CAATTCTGCG	11.833422	-16.447252	0	T:9.0(0.43%),B:16.1(0.03%),P:1e-7	Tpos:270.8,Tstd:119.5,Bpos:244.9,Bstd:102.1,StrandBias:2.8,Multiplicity:1.00
0.001	0.997	0.001	0.001
0.997	0.001	0.001	0.001
0.997	0.001	0.001	0.001
0.001	0.001	0.001	0.997
0.001	0.001	0.001	0.997
0.001	0.997	0.001	0.001
0.001	0.001	0.001	0.997
0.001	0.135	0.863	0.001
0.001	0.997	0.001	0.001
0.001	0.001	0.997	0.001
>TCCGGCATTT	22-TCCGGCATTT	12.379185	-15.237155	0	T:7.0(0.34%),B:9.6(0.02%),P:1e-6	Tpos:330.9,Tstd:223.0,Bpos:153.6,Bstd:122.9,StrandBias:-0.4,Multiplicity:1.00
0.001	0.001	0.001	0.997
0.001	0.765	0.001	0.233
0.001	0.997	0.001	0.001
0.001	0.001	0.997	0.001
0.001	0.001	0.997	0.001
0.001	0.997	0.001	0.001
0.997	0.001	0.001	0.001
0.001	0.001	0.001	0.997
0.001	0.001	0.001	0.997
0.001	0.001	0.001	0.997
>GATCTCGCGC	23-GATCTCGCGC	10.296193	-11.578948	0	T:5.0(0.24%),B:6.1(0.01%),P:1e-5	Tpos:353.7,Tstd:266.9,Bpos:296.6,Bstd:71.3,StrandBias:0.4,Multiplicity:1.40
0.100	0.100	0.700	0.100
0.700	0.100	0.100	0.100
0.100	0.100	0.100	0.700
0.100	0.700	0.100	0.100
0.100	0.100	0.100	0.700
0.100	0.700	0.100	0.100
0.100	0.100	0.700	0.100
0.100	0.700	0.100	0.100
0.100	0.100	0.700	0.100
0.100	0.700	0.100	0.100
>CKCSGVAACA	24-CKCSGVAACA	8.335459	-8.936658	0	T:23.0(1.11%),B:211.2(0.46%),P:1e-3	Tpos:231.0,Tstd:169.6,Bpos:252.5,Bstd:145.0,StrandBias:0.9,Multiplicity:1.26
0.068	0.773	0.080	0.079
0.028	0.066	0.415	0.491
0.232	0.493	0.258	0.017
0.220	0.461	0.318	0.001
0.246	0.052	0.619	0.083
0.326	0.387	0.248	0.039
0.728	0.017	0.069	0.186
0.840	0.051	0.030	0.079
0.044	0.816	0.045	0.095
0.808	0.073	0.083	0.036
>CTAACACATC	25-CTAACACATC	10.296193	-3.027482	0	T:3.0(0.14%),B:19.0(0.04%),P:1e-1	Tpos:384.8,Tstd:130.4,Bpos:290.9,Bstd:114.1,StrandBias:-4.6,Multiplicity:8.33
0.100	0.700	0.100	0.100
0.100	0.100	0.100	0.700
0.700	0.100	0.100	0.100
0.700	0.100	0.100	0.100
0.100	0.700	0.100	0.100
0.700	0.100	0.100	0.100
0.100	0.700	0.100	0.100
0.700	0.100	0.100	0.100
0.100	0.100	0.100	0.700
0.100	0.700	0.100	0.100
