>NYCACTTCCTGT	1-NYCACTTCCTGT	7.877541	-265.265219	0	T:761.0(36.67%),B:7379.2(15.95%),P:1e-115	Tpos:302.2,Tstd:242.3,Bpos:245.9,Bstd:142.8,StrandBias:-0.2,Multiplicity:1.29
0.278	0.239	0.255	0.228
0.181	0.373	0.135	0.311
0.178	0.454	0.170	0.198
0.598	0.107	0.232	0.063
0.001	0.638	0.054	0.307
0.203	0.001	0.001	0.795
0.001	0.001	0.001	0.997
0.001	0.941	0.007	0.051
0.001	0.990	0.001	0.008
0.047	0.009	0.001	0.943
0.008	0.228	0.605	0.159
0.064	0.255	0.133	0.548
>CCACTAGRGGGC	2-CCACTAGRGGGC	8.987140	-94.467122	0	T:187.0(9.01%),B:1322.0(2.86%),P:1e-41	Tpos:277.6,Tstd:229.9,Bpos:250.5,Bstd:147.2,StrandBias:0.1,Multiplicity:1.03
0.061	0.929	0.009	0.001
0.001	0.997	0.001	0.001
0.849	0.001	0.079	0.071
0.101	0.745	0.131	0.023
0.061	0.390	0.001	0.548
0.779	0.080	0.104	0.037
0.001	0.001	0.997	0.001
0.419	0.001	0.535	0.045
0.001	0.001	0.594	0.404
0.044	0.001	0.954	0.001
0.072	0.053	0.839	0.036
0.218	0.585	0.031	0.166
>VRCCCCRCCCMB	3-VRCCCCRCCCMB	8.282199	-81.159735	0	T:674.0(32.48%),B:9589.7(20.73%),P:1e-35	Tpos:333.3,Tstd:270.8,Bpos:244.6,Bstd:153.4,StrandBias:-0.1,Multiplicity:1.51
0.328	0.205	0.294	0.174
0.346	0.001	0.468	0.185
0.255	0.722	0.001	0.022
0.129	0.591	0.001	0.279
0.272	0.694	0.001	0.033
0.040	0.958	0.001	0.001
0.401	0.001	0.400	0.199
0.001	0.997	0.001	0.001
0.001	0.997	0.001	0.001
0.001	0.997	0.001	0.001
0.438	0.313	0.001	0.248
0.168	0.321	0.283	0.228
>CAAACCACAAAV	4-CAAACCACAAAV	8.166222	-67.002221	0	T:359.0(17.30%),B:4314.0(9.32%),P:1e-29	Tpos:304.1,Tstd:246.5,Bpos:242.1,Bstd:148.3,StrandBias:0.4,Multiplicity:1.13
0.165	0.599	0.140	0.096
0.842	0.148	0.001	0.009
0.848	0.126	0.015	0.011
0.751	0.001	0.247	0.001
0.122	0.841	0.036	0.001
0.066	0.932	0.001	0.001
0.792	0.129	0.001	0.078
0.096	0.862	0.041	0.001
0.858	0.130	0.001	0.011
0.587	0.090	0.271	0.052
0.572	0.078	0.260	0.090
0.338	0.304	0.357	0.001
>AGGGCGGAGTCA	5-AGGGCGGAGTCA	8.611900	-50.968419	0	T:162.0(7.81%),B:1529.2(3.31%),P:1e-22	Tpos:323.8,Tstd:243.2,Bpos:238.6,Bstd:144.5,StrandBias:-0.3,Multiplicity:1.11
0.747	0.094	0.077	0.082
0.147	0.030	0.822	0.001
0.011	0.001	0.987	0.001
0.014	0.074	0.911	0.001
0.062	0.781	0.018	0.139
0.082	0.084	0.732	0.102
0.008	0.054	0.925	0.013
0.744	0.078	0.118	0.060
0.044	0.024	0.931	0.001
0.084	0.106	0.106	0.704
0.035	0.858	0.087	0.020
0.868	0.027	0.015	0.090
>TGBTTCCTBTYH	6-TGBTTCCTBTYH	8.972841	-38.539077	0	T:319.0(15.37%),B:4397.3(9.50%),P:1e-16	Tpos:286.5,Tstd:262.0,Bpos:247.1,Bstd:142.8,StrandBias:0.1,Multiplicity:1.12
0.001	0.001	0.205	0.793
0.001	0.001	0.997	0.001
0.067	0.348	0.301	0.285
0.001	0.001	0.001	0.997
0.001	0.001	0.290	0.708
0.001	0.625	0.001	0.373
0.001	0.997	0.001	0.001
0.197	0.024	0.001	0.778
0.001	0.282	0.370	0.347
0.250	0.157	0.001	0.592
0.001	0.426	0.254	0.319
0.377	0.258	0.001	0.365
>CGGAAACAGCTG	7-CGGAAACAGCTG	9.345671	-38.158620	0	T:115.0(5.54%),B:1058.5(2.29%),P:1e-16	Tpos:285.7,Tstd:229.0,Bpos:249.1,Bstd:140.8,StrandBias:-0.4,Multiplicity:1.01
0.196	0.591	0.083	0.130
0.200	0.056	0.639	0.105
0.016	0.140	0.803	0.041
0.923	0.013	0.001	0.063
0.706	0.055	0.115	0.124
0.825	0.016	0.126	0.033
0.041	0.866	0.011	0.082
0.860	0.041	0.041	0.058
0.001	0.032	0.950	0.017
0.014	0.869	0.090	0.027
0.097	0.001	0.001	0.901
0.062	0.001	0.900	0.037
>BAGCCAATCRSN	8-BAGCCAATCRSN	6.169158	-34.755398	0	T:347.0(16.72%),B:5036.1(10.88%),P:1e-15	Tpos:321.1,Tstd:241.6,Bpos:246.2,Bstd:151.7,StrandBias:0.1,Multiplicity:1.22
0.041	0.250	0.323	0.387
0.499	0.246	0.066	0.189
0.114	0.112	0.698	0.076
0.072	0.815	0.041	0.072
0.001	0.620	0.246	0.133
0.779	0.046	0.174	0.001
0.918	0.001	0.020	0.061
0.001	0.083	0.001	0.915
0.225	0.711	0.023	0.041
0.456	0.123	0.379	0.041
0.186	0.349	0.352	0.113
0.244	0.243	0.216	0.297
>AACCACAGTCAC	9-AACCACAGTCAC	9.316152	-32.636199	0	T:111.0(5.35%),B:1089.3(2.35%),P:1e-14	Tpos:264.2,Tstd:219.8,Bpos:238.5,Bstd:148.7,StrandBias:-0.2,Multiplicity:1.01
0.899	0.017	0.074	0.010
0.824	0.108	0.055	0.013
0.070	0.790	0.083	0.057
0.064	0.934	0.001	0.001
0.920	0.001	0.001	0.078
0.076	0.843	0.001	0.080
0.857	0.021	0.001	0.121
0.022	0.106	0.784	0.088
0.043	0.087	0.088	0.782
0.122	0.762	0.022	0.094
0.865	0.022	0.022	0.091
0.058	0.750	0.090	0.102
>TTGGTGASTCAC	10-TTGGTGASTCAC	9.651255	-31.953626	0	T:37.0(1.78%),B:170.0(0.37%),P:1e-13	Tpos:290.4,Tstd:222.6,Bpos:243.6,Bstd:148.9,StrandBias:-0.3,Multiplicity:1.03
0.410	0.011	0.001	0.578
0.013	0.013	0.304	0.670
0.001	0.001	0.997	0.001
0.001	0.021	0.977	0.001
0.001	0.001	0.014	0.984
0.001	0.001	0.997	0.001
0.771	0.001	0.001	0.227
0.001	0.489	0.509	0.001
0.001	0.001	0.001	0.997
0.001	0.997	0.001	0.001
0.997	0.001	0.001	0.001
0.001	0.997	0.001	0.001
>TTAGTTTCAGTT	11-TTAGTTTCAGTT	9.547127	-30.620449	0	T:74.0(3.57%),B:604.1(1.31%),P:1e-13	Tpos:280.9,Tstd:233.0,Bpos:244.2,Bstd:149.3,StrandBias:0.3,Multiplicity:1.01
0.001	0.116	0.001	0.882
0.078	0.181	0.057	0.684
0.896	0.001	0.082	0.021
0.111	0.101	0.698	0.090
0.033	0.049	0.001	0.917
0.001	0.040	0.050	0.909
0.088	0.049	0.001	0.862
0.062	0.870	0.001	0.067
0.827	0.050	0.001	0.122
0.065	0.124	0.701	0.110
0.170	0.051	0.001	0.778
0.051	0.033	0.092	0.824
>CACTTCCTGCTT	12-CACTTCCTGCTT	9.483761	-30.458032	0	T:126.0(6.07%),B:1354.5(2.93%),P:1e-13	Tpos:259.1,Tstd:189.3,Bpos:252.7,Bstd:144.5,StrandBias:0.2,Multiplicity:1.03
0.031	0.856	0.040	0.073
0.739	0.054	0.075	0.132
0.001	0.855	0.143	0.001
0.017	0.019	0.055	0.909
0.056	0.070	0.078	0.796
0.120	0.755	0.084	0.041
0.103	0.827	0.042	0.028
0.066	0.001	0.076	0.857
0.066	0.023	0.789	0.122
0.001	0.879	0.078	0.042
0.066	0.062	0.001	0.871
0.001	0.001	0.133	0.865
>GGTCACACCCTT	13-GGTCACACCCTT	9.413516	-27.732996	0	T:77.0(3.71%),B:683.7(1.48%),P:1e-12	Tpos:265.5,Tstd:210.6,Bpos:242.5,Bstd:143.7,StrandBias:-0.0,Multiplicity:1.04
0.084	0.011	0.870	0.035
0.063	0.074	0.740	0.123
0.059	0.036	0.074	0.831
0.055	0.840	0.068	0.037
0.948	0.023	0.001	0.028
0.062	0.895	0.042	0.001
0.868	0.018	0.070	0.044
0.013	0.820	0.127	0.040
0.131	0.770	0.059	0.040
0.119	0.784	0.044	0.053
0.072	0.034	0.001	0.893
0.037	0.110	0.109	0.744
>CTTACACAGAGC	14-CTTACACAGAGC	11.518073	-27.542413	0	T:21.0(1.01%),B:59.6(0.13%),P:1e-11	Tpos:266.2,Tstd:195.9,Bpos:219.8,Bstd:153.1,StrandBias:-0.4,Multiplicity:1.00
0.053	0.945	0.001	0.001
0.001	0.102	0.001	0.896
0.001	0.029	0.001	0.969
0.836	0.001	0.103	0.060
0.001	0.997	0.001	0.001
0.997	0.001	0.001	0.001
0.001	0.930	0.068	0.001
0.836	0.103	0.001	0.060
0.001	0.001	0.997	0.001
0.896	0.001	0.102	0.001
0.001	0.001	0.997	0.001
0.103	0.793	0.103	0.001
>GGGCCTTGCCGC	15-GGGCCTTGCCGC	14.806714	-25.492859	0	T:7.0(0.34%),B:2.7(0.01%),P:1e-11	Tpos:267.0,Tstd:121.4,Bpos:152.1,Bstd:76.4,StrandBias:-1.3,Multiplicity:1.00
0.001	0.001	0.997	0.001
0.001	0.001	0.997	0.001
0.001	0.001	0.997	0.001
0.001	0.997	0.001	0.001
0.001	0.997	0.001	0.001
0.001	0.001	0.001	0.997
0.001	0.001	0.001	0.997
0.001	0.001	0.997	0.001
0.001	0.997	0.001	0.001
0.001	0.997	0.001	0.001
0.001	0.001	0.997	0.001
0.001	0.832	0.166	0.001
>VTGACGTCATCN	16-VTGACGTCATCN	5.937405	-22.941814	0	T:253.0(12.19%),B:3755.0(8.12%),P:1e-9	Tpos:310.0,Tstd:223.2,Bpos:251.2,Bstd:143.6,StrandBias:0.0,Multiplicity:1.09
0.265	0.326	0.257	0.151
0.166	0.068	0.093	0.673
0.056	0.152	0.677	0.115
0.562	0.144	0.163	0.131
0.161	0.483	0.191	0.164
0.163	0.211	0.431	0.195
0.152	0.165	0.075	0.608
0.066	0.726	0.119	0.089
0.606	0.145	0.076	0.173
0.118	0.208	0.240	0.434
0.162	0.464	0.198	0.175
0.251	0.266	0.216	0.267
>TGCTGTCAGGAA	17-TGCTGTCAGGAA	11.504672	-22.693653	0	T:7.0(0.34%),B:3.6(0.01%),P:1e-9	Tpos:270.3,Tstd:107.3,Bpos:297.4,Bstd:92.1,StrandBias:1.3,Multiplicity:1.00
0.097	0.127	0.104	0.672
0.076	0.088	0.731	0.105
0.083	0.734	0.048	0.135
0.085	0.051	0.059	0.805
0.074	0.113	0.705	0.108
0.082	0.049	0.091	0.778
0.040	0.816	0.034	0.110
0.768	0.065	0.110	0.057
0.066	0.096	0.730	0.108
0.076	0.072	0.731	0.121
0.765	0.088	0.054	0.093
0.768	0.066	0.076	0.090
>GATGTGGGTGAC	18-GATGTGGGTGAC	14.333207	-12.453492	0	T:5.0(0.24%),B:5.6(0.01%),P:1e-5	Tpos:155.9,Tstd:81.3,Bpos:212.8,Bstd:119.8,StrandBias:10.0,Multiplicity:2.25
0.001	0.001	0.997	0.001
0.997	0.001	0.001	0.001
0.001	0.001	0.001	0.997
0.001	0.001	0.997	0.001
0.001	0.001	0.001	0.997
0.001	0.001	0.997	0.001
0.001	0.001	0.997	0.001
0.117	0.001	0.881	0.001
0.001	0.001	0.001	0.997
0.001	0.001	0.881	0.117
0.997	0.001	0.001	0.001
0.001	0.997	0.001	0.001
>GGGCGGAGATGT	19-GGGCGGAGATGT	12.355432	-6.932422	0	T:2.0(0.10%),B:0.8(0.00%),P:1e-3	Tpos:378.4,Tstd:165.5,Bpos:396.0,Bstd:0.0,StrandBias:-3.6,Multiplicity:6.50
0.100	0.100	0.700	0.100
0.100	0.100	0.700	0.100
0.100	0.100	0.700	0.100
0.100	0.700	0.100	0.100
0.100	0.100	0.700	0.100
0.100	0.100	0.700	0.100
0.700	0.100	0.100	0.100
0.100	0.100	0.700	0.100
0.700	0.100	0.100	0.100
0.100	0.100	0.100	0.700
0.100	0.100	0.700	0.100
0.100	0.100	0.100	0.700
>GATGTGTTAGAG	20-GATGTGTTAGAG	12.355432	-5.575830	0	T:2.0(0.10%),B:2.6(0.01%),P:1e-2	Tpos:394.1,Tstd:128.1,Bpos:365.8,Bstd:99.0,StrandBias:10.0,Multiplicity:12.00
0.100	0.100	0.700	0.100
0.700	0.100	0.100	0.100
0.100	0.100	0.100	0.700
0.100	0.100	0.700	0.100
0.100	0.100	0.100	0.700
0.100	0.100	0.700	0.100
0.100	0.100	0.100	0.700
0.100	0.100	0.100	0.700
0.700	0.100	0.100	0.100
0.100	0.100	0.700	0.100
0.700	0.100	0.100	0.100
0.100	0.100	0.700	0.100
>TCTCAGCAACAC	21-TCTCAGCAACAC	12.355432	-5.575830	0	T:2.0(0.10%),B:2.5(0.01%),P:1e-2	Tpos:107.9,Tstd:61.8,Bpos:303.0,Bstd:123.2,StrandBias:10.0,Multiplicity:4.00
0.100	0.100	0.100	0.700
0.100	0.700	0.100	0.100
0.100	0.100	0.100	0.700
0.100	0.700	0.100	0.100
0.700	0.100	0.100	0.100
0.100	0.100	0.700	0.100
0.100	0.700	0.100	0.100
0.700	0.100	0.100	0.100
0.700	0.100	0.100	0.100
0.100	0.700	0.100	0.100
0.700	0.100	0.100	0.100
0.100	0.700	0.100	0.100
>GTCACCCGCGGG	22-GTCACCCGCGGG	10.409522	-4.799625	0	T:12.0(0.58%),B:118.7(0.26%),P:1e-2	Tpos:201.0,Tstd:189.1,Bpos:241.6,Bstd:173.4,StrandBias:0.2,Multiplicity:1.36
0.100	0.100	0.700	0.100
0.100	0.100	0.100	0.700
0.100	0.700	0.100	0.100
0.700	0.100	0.100	0.100
0.100	0.700	0.100	0.100
0.100	0.700	0.100	0.100
0.100	0.700	0.100	0.100
0.100	0.100	0.700	0.100
0.100	0.700	0.100	0.100
0.100	0.100	0.700	0.100
0.100	0.100	0.700	0.100
0.100	0.100	0.700	0.100
>ACACCTGGGAGA	23-ACACCTGGGAGA	14.482218	-4.794489	0	T:2.0(0.10%),B:4.0(0.01%),P:1e-2	Tpos:202.8,Tstd:111.5,Bpos:187.2,Bstd:99.8,StrandBias:10.0,Multiplicity:8.50
0.997	0.001	0.001	0.001
0.001	0.997	0.001	0.001
0.997	0.001	0.001	0.001
0.001	0.997	0.001	0.001
0.001	0.997	0.001	0.001
0.001	0.001	0.001	0.997
0.001	0.001	0.997	0.001
0.001	0.120	0.878	0.001
0.001	0.001	0.997	0.001
0.997	0.001	0.001	0.001
0.001	0.001	0.997	0.001
0.997	0.001	0.001	0.001
>AGCCCTGAACAC	24-AGCCCTGAACAC	10.409522	-2.597420	0	T:11.0(0.53%),B:148.9(0.32%),P:1e-1	Tpos:177.0,Tstd:140.5,Bpos:244.5,Bstd:137.5,StrandBias:1.9,Multiplicity:1.73
0.700	0.100	0.100	0.100
0.100	0.100	0.700	0.100
0.100	0.700	0.100	0.100
0.100	0.700	0.100	0.100
0.100	0.700	0.100	0.100
0.100	0.100	0.100	0.700
0.100	0.100	0.700	0.100
0.700	0.100	0.100	0.100
0.700	0.100	0.100	0.100
0.100	0.700	0.100	0.100
0.700	0.100	0.100	0.100
0.100	0.700	0.100	0.100
>TTGGGCCTGACT	25-TTGGGCCTGACT	12.355432	-1.444201	0	T:1.0(0.05%),B:6.8(0.01%),P:1e0	Tpos:308.0,Tstd:56.5,Bpos:252.8,Bstd:102.2,StrandBias:10.0,Multiplicity:7.00
0.100	0.100	0.100	0.700
0.100	0.100	0.100	0.700
0.100	0.100	0.700	0.100
0.100	0.100	0.700	0.100
0.100	0.100	0.700	0.100
0.100	0.700	0.100	0.100
0.100	0.700	0.100	0.100
0.100	0.100	0.100	0.700
0.100	0.100	0.700	0.100
0.700	0.100	0.100	0.100
0.100	0.700	0.100	0.100
0.100	0.100	0.100	0.700
