>ACAGGAAGTG	1-ACAGGAAGTG	7.407089	-253.978553	0	T:755.0(36.39%),B:7447.9(16.10%),P:1e-110	Tpos:301.7,Tstd:235.3,Bpos:245.3,Bstd:143.2,StrandBias:0.1,Multiplicity:1.29
0.731	0.034	0.234	0.001
0.078	0.761	0.160	0.001
0.997	0.001	0.001	0.001
0.001	0.001	0.997	0.001
0.001	0.001	0.997	0.001
0.997	0.001	0.001	0.001
0.844	0.001	0.001	0.154
0.295	0.001	0.703	0.001
0.001	0.268	0.001	0.730
0.197	0.148	0.542	0.113
>CACTTCCGGT	2-CACTTCCGGT	6.937126	-116.476853	0	T:554.0(26.70%),B:6509.8(14.07%),P:1e-50	Tpos:310.2,Tstd:252.6,Bpos:246.6,Bstd:148.8,StrandBias:0.1,Multiplicity:1.16
0.010	0.511	0.218	0.261
0.751	0.116	0.069	0.064
0.048	0.729	0.222	0.001
0.001	0.001	0.001	0.997
0.111	0.001	0.018	0.870
0.064	0.873	0.001	0.062
0.177	0.814	0.001	0.008
0.020	0.094	0.641	0.245
0.039	0.093	0.594	0.274
0.102	0.139	0.033	0.726
>TGTGGTTTNT	3-TGTGGTTTNT	7.544352	-82.269319	0	T:392.0(18.89%),B:4521.5(9.77%),P:1e-35	Tpos:293.1,Tstd:234.7,Bpos:242.5,Bstd:148.5,StrandBias:-0.2,Multiplicity:1.18
0.071	0.026	0.069	0.834
0.001	0.001	0.997	0.001
0.128	0.112	0.051	0.709
0.001	0.038	0.909	0.052
0.049	0.001	0.913	0.037
0.018	0.074	0.076	0.832
0.031	0.078	0.001	0.890
0.027	0.042	0.161	0.770
0.329	0.256	0.221	0.195
0.215	0.241	0.137	0.406
>GGGCGGAGCT	4-GGGCGGAGCT	7.878794	-70.753227	0	T:527.0(25.40%),B:7165.1(15.49%),P:1e-30	Tpos:348.3,Tstd:277.7,Bpos:243.1,Bstd:161.0,StrandBias:0.0,Multiplicity:1.61
0.115	0.001	0.883	0.001
0.001	0.001	0.997	0.001
0.001	0.001	0.946	0.052
0.001	0.753	0.001	0.245
0.001	0.001	0.917	0.081
0.001	0.006	0.853	0.140
0.610	0.001	0.358	0.031
0.078	0.001	0.841	0.080
0.254	0.488	0.024	0.234
0.068	0.294	0.195	0.444
>CCACTAGATG	5-CCACTAGATG	8.830753	-55.411287	0	T:104.0(5.01%),B:707.3(1.53%),P:1e-24	Tpos:288.1,Tstd:209.5,Bpos:252.8,Bstd:142.8,StrandBias:0.0,Multiplicity:1.00
0.010	0.977	0.001	0.012
0.001	0.997	0.001	0.001
0.969	0.018	0.001	0.012
0.016	0.958	0.001	0.025
0.065	0.124	0.001	0.810
0.881	0.038	0.001	0.080
0.001	0.001	0.974	0.024
0.695	0.008	0.251	0.046
0.006	0.001	0.151	0.842
0.028	0.001	0.955	0.016
>GGTCACACCC	6-GGTCACACCC	7.273633	-44.655719	0	T:298.0(14.36%),B:3845.0(8.31%),P:1e-19	Tpos:303.2,Tstd:249.3,Bpos:247.5,Bstd:153.2,StrandBias:0.2,Multiplicity:1.14
0.112	0.048	0.700	0.140
0.088	0.043	0.849	0.020
0.106	0.052	0.037	0.805
0.143	0.750	0.061	0.046
0.809	0.072	0.073	0.046
0.072	0.850	0.037	0.041
0.771	0.052	0.115	0.062
0.043	0.784	0.081	0.092
0.074	0.810	0.071	0.045
0.031	0.881	0.036	0.052
>ATGACGTCAC	7-ATGACGTCAC	7.668591	-42.448909	0	T:164.0(7.90%),B:1704.3(3.68%),P:1e-18	Tpos:305.6,Tstd:241.8,Bpos:252.5,Bstd:148.8,StrandBias:0.0,Multiplicity:1.07
0.859	0.122	0.018	0.001
0.001	0.132	0.064	0.803
0.001	0.043	0.955	0.001
0.660	0.118	0.127	0.095
0.005	0.808	0.006	0.181
0.120	0.020	0.782	0.078
0.001	0.021	0.044	0.934
0.237	0.736	0.026	0.001
0.760	0.005	0.066	0.169
0.054	0.731	0.052	0.163
>AGCCAATCGG	8-AGCCAATCGG	7.335000	-38.282161	0	T:147.0(7.08%),B:1524.3(3.29%),P:1e-16	Tpos:313.1,Tstd:220.5,Bpos:246.9,Bstd:157.5,StrandBias:0.4,Multiplicity:1.09
0.760	0.083	0.070	0.087
0.070	0.041	0.790	0.099
0.055	0.792	0.083	0.070
0.068	0.808	0.026	0.098
0.793	0.077	0.103	0.027
0.794	0.115	0.044	0.047
0.039	0.062	0.024	0.875
0.082	0.834	0.033	0.051
0.113	0.068	0.779	0.040
0.072	0.088	0.781	0.059
>GGGDGGKGCC	9-GGGDGGKGCC	5.956431	-36.987345	0	T:653.0(31.47%),B:10880.5(23.52%),P:1e-16	Tpos:342.9,Tstd:269.6,Bpos:245.7,Bstd:151.3,StrandBias:-0.0,Multiplicity:1.31
0.221	0.240	0.528	0.011
0.009	0.244	0.547	0.200
0.007	0.006	0.977	0.010
0.259	0.162	0.222	0.357
0.199	0.166	0.414	0.221
0.180	0.014	0.662	0.144
0.247	0.022	0.428	0.303
0.017	0.020	0.774	0.189
0.257	0.442	0.135	0.167
0.157	0.402	0.252	0.189
>TTTTCCGCGC	10-TTTTCCGCGC	5.268495	-35.981345	0	T:726.0(34.99%),B:12422.8(26.85%),P:1e-15	Tpos:339.6,Tstd:263.2,Bpos:245.8,Bstd:158.9,StrandBias:-0.1,Multiplicity:1.48
0.076	0.117	0.183	0.624
0.060	0.109	0.084	0.747
0.062	0.128	0.088	0.722
0.064	0.099	0.132	0.705
0.043	0.761	0.098	0.098
0.110	0.652	0.093	0.145
0.090	0.137	0.684	0.089
0.093	0.706	0.131	0.070
0.105	0.116	0.660	0.119
0.084	0.744	0.096	0.076
>TGASTCASCC	11-TGASTCASCC	8.314708	-35.879922	0	T:213.0(10.27%),B:2633.1(5.69%),P:1e-15	Tpos:297.4,Tstd:231.3,Bpos:248.1,Bstd:143.7,StrandBias:-0.2,Multiplicity:1.16
0.065	0.001	0.001	0.933
0.001	0.195	0.793	0.011
0.990	0.001	0.008	0.001
0.001	0.469	0.529	0.001
0.035	0.001	0.001	0.963
0.001	0.996	0.002	0.001
0.997	0.001	0.001	0.001
0.001	0.480	0.411	0.108
0.134	0.476	0.262	0.128
0.069	0.612	0.273	0.046
>SAAACAGCTG	12-SAAACAGCTG	7.321270	-29.580406	0	T:109.0(5.25%),B:1113.2(2.41%),P:1e-12	Tpos:281.0,Tstd:246.1,Bpos:245.0,Bstd:143.6,StrandBias:0.0,Multiplicity:1.02
0.002	0.292	0.434	0.272
0.543	0.186	0.001	0.270
0.599	0.220	0.081	0.100
0.651	0.013	0.100	0.236
0.221	0.555	0.176	0.048
0.628	0.048	0.038	0.286
0.001	0.121	0.731	0.147
0.027	0.626	0.315	0.032
0.197	0.081	0.194	0.528
0.057	0.075	0.544	0.324
>CTTACCGCGT	13-CTTACCGCGT	7.500388	-29.259804	0	T:113.0(5.45%),B:1179.2(2.55%),P:1e-12	Tpos:328.5,Tstd:253.6,Bpos:244.9,Bstd:156.4,StrandBias:0.1,Multiplicity:1.03
0.192	0.730	0.001	0.077
0.028	0.001	0.165	0.806
0.001	0.001	0.007	0.991
0.677	0.112	0.001	0.210
0.001	0.797	0.201	0.001
0.001	0.760	0.001	0.238
0.132	0.080	0.787	0.001
0.111	0.862	0.001	0.026
0.075	0.041	0.795	0.089
0.042	0.092	0.045	0.821
>CAGRAAGGGG	14-CAGRAAGGGG	10.255344	-28.506177	0	T:192.0(9.25%),B:2478.1(5.36%),P:1e-12	Tpos:330.8,Tstd:253.3,Bpos:246.3,Bstd:143.5,StrandBias:0.4,Multiplicity:1.05
0.211	0.593	0.195	0.001
0.997	0.001	0.001	0.001
0.001	0.001	0.997	0.001
0.470	0.001	0.528	0.001
0.647	0.001	0.351	0.001
0.997	0.001	0.001	0.001
0.001	0.001	0.997	0.001
0.234	0.001	0.764	0.001
0.001	0.001	0.997	0.001
0.001	0.001	0.997	0.001
>GAAGCTCGGT	15-GAAGCTCGGT	8.060876	-26.943391	0	T:57.0(2.75%),B:430.1(0.93%),P:1e-11	Tpos:320.4,Tstd:191.3,Bpos:247.1,Bstd:154.9,StrandBias:0.2,Multiplicity:1.00
0.067	0.231	0.609	0.093
0.492	0.269	0.040	0.199
0.558	0.062	0.334	0.046
0.059	0.050	0.638	0.253
0.055	0.831	0.042	0.072
0.020	0.028	0.033	0.919
0.035	0.540	0.035	0.390
0.028	0.283	0.632	0.057
0.261	0.081	0.609	0.049
0.031	0.223	0.295	0.450
>CCAATGATAG	16-CCAATGATAG	6.217783	-21.640275	0	T:97.0(4.67%),B:1086.8(2.35%),P:1e-9	Tpos:298.1,Tstd:209.5,Bpos:251.2,Bstd:137.3,StrandBias:-0.1,Multiplicity:1.02
0.179	0.550	0.155	0.116
0.167	0.578	0.068	0.187
0.477	0.135	0.235	0.152
0.637	0.108	0.168	0.087
0.150	0.119	0.084	0.647
0.139	0.200	0.523	0.138
0.682	0.137	0.042	0.139
0.176	0.150	0.046	0.628
0.633	0.153	0.096	0.118
0.143	0.183	0.591	0.083
>TTTTGCCCTC	17-TTTTGCCCTC	10.772357	-20.446732	0	T:62.0(2.99%),B:583.7(1.26%),P:1e-8	Tpos:281.1,Tstd:208.1,Bpos:245.7,Bstd:139.8,StrandBias:0.3,Multiplicity:1.02
0.001	0.354	0.001	0.644
0.001	0.001	0.001	0.997
0.001	0.205	0.001	0.793
0.024	0.001	0.001	0.974
0.005	0.025	0.969	0.001
0.001	0.997	0.001	0.001
0.001	0.997	0.001	0.001
0.001	0.674	0.324	0.001
0.001	0.001	0.001	0.997
0.001	0.997	0.001	0.001
>CGGCAAGGAC	18-CGGCAAGGAC	9.413715	-19.721321	0	T:63.0(3.04%),B:609.0(1.32%),P:1e-8	Tpos:279.0,Tstd:205.6,Bpos:247.4,Bstd:140.6,StrandBias:-0.1,Multiplicity:1.10
0.069	0.894	0.001	0.036
0.078	0.021	0.847	0.054
0.035	0.001	0.963	0.001
0.001	0.895	0.053	0.051
0.804	0.087	0.036	0.073
0.946	0.001	0.021	0.032
0.001	0.001	0.997	0.001
0.100	0.020	0.879	0.001
0.808	0.190	0.001	0.001
0.001	0.983	0.015	0.001
>CCACGTCTYC	19-CCACGTCTYC	10.006476	-19.234854	0	T:51.0(2.46%),B:448.6(0.97%),P:1e-8	Tpos:363.3,Tstd:266.7,Bpos:250.3,Bstd:146.9,StrandBias:0.1,Multiplicity:1.06
0.001	0.997	0.001	0.001
0.001	0.997	0.001	0.001
0.997	0.001	0.001	0.001
0.001	0.997	0.001	0.001
0.001	0.001	0.997	0.001
0.162	0.155	0.223	0.460
0.001	0.906	0.001	0.092
0.190	0.001	0.001	0.808
0.055	0.514	0.001	0.430
0.124	0.827	0.001	0.048
>TCCACCCACA	20-TCCACCCACA	11.127691	-18.891488	0	T:32.0(1.54%),B:211.8(0.46%),P:1e-8	Tpos:350.6,Tstd:208.3,Bpos:236.2,Bstd:134.9,StrandBias:-1.2,Multiplicity:1.00
0.001	0.001	0.001	0.997
0.001	0.997	0.001	0.001
0.001	0.997	0.001	0.001
0.926	0.001	0.072	0.001
0.001	0.997	0.001	0.001
0.001	0.997	0.001	0.001
0.075	0.923	0.001	0.001
0.997	0.001	0.001	0.001
0.001	0.997	0.001	0.001
0.997	0.001	0.001	0.001
>CAATTCTGCG	21-CAATTCTGCG	11.833422	-16.447252	0	T:9.0(0.43%),B:16.1(0.03%),P:1e-7	Tpos:270.8,Tstd:119.5,Bpos:244.9,Bstd:102.1,StrandBias:2.8,Multiplicity:1.00
0.001	0.997	0.001	0.001
0.997	0.001	0.001	0.001
0.997	0.001	0.001	0.001
0.001	0.001	0.001	0.997
0.001	0.001	0.001	0.997
0.001	0.997	0.001	0.001
0.001	0.001	0.001	0.997
0.001	0.135	0.863	0.001
0.001	0.997	0.001	0.001
0.001	0.001	0.997	0.001
>TCCGGCATTT	22-TCCGGCATTT	12.379185	-15.237155	0	T:7.0(0.34%),B:9.6(0.02%),P:1e-6	Tpos:330.9,Tstd:223.0,Bpos:153.6,Bstd:122.9,StrandBias:-0.4,Multiplicity:1.00
0.001	0.001	0.001	0.997
0.001	0.765	0.001	0.233
0.001	0.997	0.001	0.001
0.001	0.001	0.997	0.001
0.001	0.001	0.997	0.001
0.001	0.997	0.001	0.001
0.997	0.001	0.001	0.001
0.001	0.001	0.001	0.997
0.001	0.001	0.001	0.997
0.001	0.001	0.001	0.997
>GATCTCGCGC	23-GATCTCGCGC	10.296193	-11.578948	0	T:5.0(0.24%),B:6.1(0.01%),P:1e-5	Tpos:353.7,Tstd:266.9,Bpos:296.6,Bstd:71.3,StrandBias:0.4,Multiplicity:1.40
0.100	0.100	0.700	0.100
0.700	0.100	0.100	0.100
0.100	0.100	0.100	0.700
0.100	0.700	0.100	0.100
0.100	0.100	0.100	0.700
0.100	0.700	0.100	0.100
0.100	0.100	0.700	0.100
0.100	0.700	0.100	0.100
0.100	0.100	0.700	0.100
0.100	0.700	0.100	0.100
>CKCSGVAACA	24-CKCSGVAACA	8.335459	-8.936658	0	T:23.0(1.11%),B:211.2(0.46%),P:1e-3	Tpos:231.0,Tstd:169.6,Bpos:252.5,Bstd:145.0,StrandBias:0.9,Multiplicity:1.26
0.068	0.773	0.080	0.079
0.028	0.066	0.415	0.491
0.232	0.493	0.258	0.017
0.220	0.461	0.318	0.001
0.246	0.052	0.619	0.083
0.326	0.387	0.248	0.039
0.728	0.017	0.069	0.186
0.840	0.051	0.030	0.079
0.044	0.816	0.045	0.095
0.808	0.073	0.083	0.036
>CTAACACATC	25-CTAACACATC	10.296193	-3.027482	0	T:3.0(0.14%),B:19.0(0.04%),P:1e-1	Tpos:384.8,Tstd:130.4,Bpos:290.9,Bstd:114.1,StrandBias:-4.6,Multiplicity:8.33
0.100	0.700	0.100	0.100
0.100	0.100	0.100	0.700
0.700	0.100	0.100	0.100
0.700	0.100	0.100	0.100
0.100	0.700	0.100	0.100
0.700	0.100	0.100	0.100
0.100	0.700	0.100	0.100
0.700	0.100	0.100	0.100
0.100	0.100	0.100	0.700
0.100	0.700	0.100	0.100
>NYCACTTCCTGT	1-NYCACTTCCTGT	7.877541	-265.265219	0	T:761.0(36.67%),B:7379.2(15.95%),P:1e-115	Tpos:302.2,Tstd:242.3,Bpos:245.9,Bstd:142.8,StrandBias:-0.2,Multiplicity:1.29
0.278	0.239	0.255	0.228
0.181	0.373	0.135	0.311
0.178	0.454	0.170	0.198
0.598	0.107	0.232	0.063
0.001	0.638	0.054	0.307
0.203	0.001	0.001	0.795
0.001	0.001	0.001	0.997
0.001	0.941	0.007	0.051
0.001	0.990	0.001	0.008
0.047	0.009	0.001	0.943
0.008	0.228	0.605	0.159
0.064	0.255	0.133	0.548
>CCACTAGRGGGC	2-CCACTAGRGGGC	8.987140	-94.467122	0	T:187.0(9.01%),B:1322.0(2.86%),P:1e-41	Tpos:277.6,Tstd:229.9,Bpos:250.5,Bstd:147.2,StrandBias:0.1,Multiplicity:1.03
0.061	0.929	0.009	0.001
0.001	0.997	0.001	0.001
0.849	0.001	0.079	0.071
0.101	0.745	0.131	0.023
0.061	0.390	0.001	0.548
0.779	0.080	0.104	0.037
0.001	0.001	0.997	0.001
0.419	0.001	0.535	0.045
0.001	0.001	0.594	0.404
0.044	0.001	0.954	0.001
0.072	0.053	0.839	0.036
0.218	0.585	0.031	0.166
>VRCCCCRCCCMB	3-VRCCCCRCCCMB	8.282199	-81.159735	0	T:674.0(32.48%),B:9589.7(20.73%),P:1e-35	Tpos:333.3,Tstd:270.8,Bpos:244.6,Bstd:153.4,StrandBias:-0.1,Multiplicity:1.51
0.328	0.205	0.294	0.174
0.346	0.001	0.468	0.185
0.255	0.722	0.001	0.022
0.129	0.591	0.001	0.279
0.272	0.694	0.001	0.033
0.040	0.958	0.001	0.001
0.401	0.001	0.400	0.199
0.001	0.997	0.001	0.001
0.001	0.997	0.001	0.001
0.001	0.997	0.001	0.001
0.438	0.313	0.001	0.248
0.168	0.321	0.283	0.228
>CAAACCACAAAV	4-CAAACCACAAAV	8.166222	-67.002221	0	T:359.0(17.30%),B:4314.0(9.32%),P:1e-29	Tpos:304.1,Tstd:246.5,Bpos:242.1,Bstd:148.3,StrandBias:0.4,Multiplicity:1.13
0.165	0.599	0.140	0.096
0.842	0.148	0.001	0.009
0.848	0.126	0.015	0.011
0.751	0.001	0.247	0.001
0.122	0.841	0.036	0.001
0.066	0.932	0.001	0.001
0.792	0.129	0.001	0.078
0.096	0.862	0.041	0.001
0.858	0.130	0.001	0.011
0.587	0.090	0.271	0.052
0.572	0.078	0.260	0.090
0.338	0.304	0.357	0.001
>AGGGCGGAGTCA	5-AGGGCGGAGTCA	8.611900	-50.968419	0	T:162.0(7.81%),B:1529.2(3.31%),P:1e-22	Tpos:323.8,Tstd:243.2,Bpos:238.6,Bstd:144.5,StrandBias:-0.3,Multiplicity:1.11
0.747	0.094	0.077	0.082
0.147	0.030	0.822	0.001
0.011	0.001	0.987	0.001
0.014	0.074	0.911	0.001
0.062	0.781	0.018	0.139
0.082	0.084	0.732	0.102
0.008	0.054	0.925	0.013
0.744	0.078	0.118	0.060
0.044	0.024	0.931	0.001
0.084	0.106	0.106	0.704
0.035	0.858	0.087	0.020
0.868	0.027	0.015	0.090
>TGBTTCCTBTYH	6-TGBTTCCTBTYH	8.972841	-38.539077	0	T:319.0(15.37%),B:4397.3(9.50%),P:1e-16	Tpos:286.5,Tstd:262.0,Bpos:247.1,Bstd:142.8,StrandBias:0.1,Multiplicity:1.12
0.001	0.001	0.205	0.793
0.001	0.001	0.997	0.001
0.067	0.348	0.301	0.285
0.001	0.001	0.001	0.997
0.001	0.001	0.290	0.708
0.001	0.625	0.001	0.373
0.001	0.997	0.001	0.001
0.197	0.024	0.001	0.778
0.001	0.282	0.370	0.347
0.250	0.157	0.001	0.592
0.001	0.426	0.254	0.319
0.377	0.258	0.001	0.365
>CGGAAACAGCTG	7-CGGAAACAGCTG	9.345671	-38.158620	0	T:115.0(5.54%),B:1058.5(2.29%),P:1e-16	Tpos:285.7,Tstd:229.0,Bpos:249.1,Bstd:140.8,StrandBias:-0.4,Multiplicity:1.01
0.196	0.591	0.083	0.130
0.200	0.056	0.639	0.105
0.016	0.140	0.803	0.041
0.923	0.013	0.001	0.063
0.706	0.055	0.115	0.124
0.825	0.016	0.126	0.033
0.041	0.866	0.011	0.082
0.860	0.041	0.041	0.058
0.001	0.032	0.950	0.017
0.014	0.869	0.090	0.027
0.097	0.001	0.001	0.901
0.062	0.001	0.900	0.037
>BAGCCAATCRSN	8-BAGCCAATCRSN	6.169158	-34.755398	0	T:347.0(16.72%),B:5036.1(10.88%),P:1e-15	Tpos:321.1,Tstd:241.6,Bpos:246.2,Bstd:151.7,StrandBias:0.1,Multiplicity:1.22
0.041	0.250	0.323	0.387
0.499	0.246	0.066	0.189
0.114	0.112	0.698	0.076
0.072	0.815	0.041	0.072
0.001	0.620	0.246	0.133
0.779	0.046	0.174	0.001
0.918	0.001	0.020	0.061
0.001	0.083	0.001	0.915
0.225	0.711	0.023	0.041
0.456	0.123	0.379	0.041
0.186	0.349	0.352	0.113
0.244	0.243	0.216	0.297
>AACCACAGTCAC	9-AACCACAGTCAC	9.316152	-32.636199	0	T:111.0(5.35%),B:1089.3(2.35%),P:1e-14	Tpos:264.2,Tstd:219.8,Bpos:238.5,Bstd:148.7,StrandBias:-0.2,Multiplicity:1.01
0.899	0.017	0.074	0.010
0.824	0.108	0.055	0.013
0.070	0.790	0.083	0.057
0.064	0.934	0.001	0.001
0.920	0.001	0.001	0.078
0.076	0.843	0.001	0.080
0.857	0.021	0.001	0.121
0.022	0.106	0.784	0.088
0.043	0.087	0.088	0.782
0.122	0.762	0.022	0.094
0.865	0.022	0.022	0.091
0.058	0.750	0.090	0.102
>TTGGTGASTCAC	10-TTGGTGASTCAC	9.651255	-31.953626	0	T:37.0(1.78%),B:170.0(0.37%),P:1e-13	Tpos:290.4,Tstd:222.6,Bpos:243.6,Bstd:148.9,StrandBias:-0.3,Multiplicity:1.03
0.410	0.011	0.001	0.578
0.013	0.013	0.304	0.670
0.001	0.001	0.997	0.001
0.001	0.021	0.977	0.001
0.001	0.001	0.014	0.984
0.001	0.001	0.997	0.001
0.771	0.001	0.001	0.227
0.001	0.489	0.509	0.001
0.001	0.001	0.001	0.997
0.001	0.997	0.001	0.001
0.997	0.001	0.001	0.001
0.001	0.997	0.001	0.001
>TTAGTTTCAGTT	11-TTAGTTTCAGTT	9.547127	-30.620449	0	T:74.0(3.57%),B:604.1(1.31%),P:1e-13	Tpos:280.9,Tstd:233.0,Bpos:244.2,Bstd:149.3,StrandBias:0.3,Multiplicity:1.01
0.001	0.116	0.001	0.882
0.078	0.181	0.057	0.684
0.896	0.001	0.082	0.021
0.111	0.101	0.698	0.090
0.033	0.049	0.001	0.917
0.001	0.040	0.050	0.909
0.088	0.049	0.001	0.862
0.062	0.870	0.001	0.067
0.827	0.050	0.001	0.122
0.065	0.124	0.701	0.110
0.170	0.051	0.001	0.778
0.051	0.033	0.092	0.824
>CACTTCCTGCTT	12-CACTTCCTGCTT	9.483761	-30.458032	0	T:126.0(6.07%),B:1354.5(2.93%),P:1e-13	Tpos:259.1,Tstd:189.3,Bpos:252.7,Bstd:144.5,StrandBias:0.2,Multiplicity:1.03
0.031	0.856	0.040	0.073
0.739	0.054	0.075	0.132
0.001	0.855	0.143	0.001
0.017	0.019	0.055	0.909
0.056	0.070	0.078	0.796
0.120	0.755	0.084	0.041
0.103	0.827	0.042	0.028
0.066	0.001	0.076	0.857
0.066	0.023	0.789	0.122
0.001	0.879	0.078	0.042
0.066	0.062	0.001	0.871
0.001	0.001	0.133	0.865
>GGTCACACCCTT	13-GGTCACACCCTT	9.413516	-27.732996	0	T:77.0(3.71%),B:683.7(1.48%),P:1e-12	Tpos:265.5,Tstd:210.6,Bpos:242.5,Bstd:143.7,StrandBias:-0.0,Multiplicity:1.04
0.084	0.011	0.870	0.035
0.063	0.074	0.740	0.123
0.059	0.036	0.074	0.831
0.055	0.840	0.068	0.037
0.948	0.023	0.001	0.028
0.062	0.895	0.042	0.001
0.868	0.018	0.070	0.044
0.013	0.820	0.127	0.040
0.131	0.770	0.059	0.040
0.119	0.784	0.044	0.053
0.072	0.034	0.001	0.893
0.037	0.110	0.109	0.744
>CTTACACAGAGC	14-CTTACACAGAGC	11.518073	-27.542413	0	T:21.0(1.01%),B:59.6(0.13%),P:1e-11	Tpos:266.2,Tstd:195.9,Bpos:219.8,Bstd:153.1,StrandBias:-0.4,Multiplicity:1.00
0.053	0.945	0.001	0.001
0.001	0.102	0.001	0.896
0.001	0.029	0.001	0.969
0.836	0.001	0.103	0.060
0.001	0.997	0.001	0.001
0.997	0.001	0.001	0.001
0.001	0.930	0.068	0.001
0.836	0.103	0.001	0.060
0.001	0.001	0.997	0.001
0.896	0.001	0.102	0.001
0.001	0.001	0.997	0.001
0.103	0.793	0.103	0.001
>GGGCCTTGCCGC	15-GGGCCTTGCCGC	14.806714	-25.492859	0	T:7.0(0.34%),B:2.7(0.01%),P:1e-11	Tpos:267.0,Tstd:121.4,Bpos:152.1,Bstd:76.4,StrandBias:-1.3,Multiplicity:1.00
0.001	0.001	0.997	0.001
0.001	0.001	0.997	0.001
0.001	0.001	0.997	0.001
0.001	0.997	0.001	0.001
0.001	0.997	0.001	0.001
0.001	0.001	0.001	0.997
0.001	0.001	0.001	0.997
0.001	0.001	0.997	0.001
0.001	0.997	0.001	0.001
0.001	0.997	0.001	0.001
0.001	0.001	0.997	0.001
0.001	0.832	0.166	0.001
>VTGACGTCATCN	16-VTGACGTCATCN	5.937405	-22.941814	0	T:253.0(12.19%),B:3755.0(8.12%),P:1e-9	Tpos:310.0,Tstd:223.2,Bpos:251.2,Bstd:143.6,StrandBias:0.0,Multiplicity:1.09
0.265	0.326	0.257	0.151
0.166	0.068	0.093	0.673
0.056	0.152	0.677	0.115
0.562	0.144	0.163	0.131
0.161	0.483	0.191	0.164
0.163	0.211	0.431	0.195
0.152	0.165	0.075	0.608
0.066	0.726	0.119	0.089
0.606	0.145	0.076	0.173
0.118	0.208	0.240	0.434
0.162	0.464	0.198	0.175
0.251	0.266	0.216	0.267
>TGCTGTCAGGAA	17-TGCTGTCAGGAA	11.504672	-22.693653	0	T:7.0(0.34%),B:3.6(0.01%),P:1e-9	Tpos:270.3,Tstd:107.3,Bpos:297.4,Bstd:92.1,StrandBias:1.3,Multiplicity:1.00
0.097	0.127	0.104	0.672
0.076	0.088	0.731	0.105
0.083	0.734	0.048	0.135
0.085	0.051	0.059	0.805
0.074	0.113	0.705	0.108
0.082	0.049	0.091	0.778
0.040	0.816	0.034	0.110
0.768	0.065	0.110	0.057
0.066	0.096	0.730	0.108
0.076	0.072	0.731	0.121
0.765	0.088	0.054	0.093
0.768	0.066	0.076	0.090
>GATGTGGGTGAC	18-GATGTGGGTGAC	14.333207	-12.453492	0	T:5.0(0.24%),B:5.6(0.01%),P:1e-5	Tpos:155.9,Tstd:81.3,Bpos:212.8,Bstd:119.8,StrandBias:10.0,Multiplicity:2.25
0.001	0.001	0.997	0.001
0.997	0.001	0.001	0.001
0.001	0.001	0.001	0.997
0.001	0.001	0.997	0.001
0.001	0.001	0.001	0.997
0.001	0.001	0.997	0.001
0.001	0.001	0.997	0.001
0.117	0.001	0.881	0.001
0.001	0.001	0.001	0.997
0.001	0.001	0.881	0.117
0.997	0.001	0.001	0.001
0.001	0.997	0.001	0.001
>GGGCGGAGATGT	19-GGGCGGAGATGT	12.355432	-6.932422	0	T:2.0(0.10%),B:0.8(0.00%),P:1e-3	Tpos:378.4,Tstd:165.5,Bpos:396.0,Bstd:0.0,StrandBias:-3.6,Multiplicity:6.50
0.100	0.100	0.700	0.100
0.100	0.100	0.700	0.100
0.100	0.100	0.700	0.100
0.100	0.700	0.100	0.100
0.100	0.100	0.700	0.100
0.100	0.100	0.700	0.100
0.700	0.100	0.100	0.100
0.100	0.100	0.700	0.100
0.700	0.100	0.100	0.100
0.100	0.100	0.100	0.700
0.100	0.100	0.700	0.100
0.100	0.100	0.100	0.700
>GATGTGTTAGAG	20-GATGTGTTAGAG	12.355432	-5.575830	0	T:2.0(0.10%),B:2.6(0.01%),P:1e-2	Tpos:394.1,Tstd:128.1,Bpos:365.8,Bstd:99.0,StrandBias:10.0,Multiplicity:12.00
0.100	0.100	0.700	0.100
0.700	0.100	0.100	0.100
0.100	0.100	0.100	0.700
0.100	0.100	0.700	0.100
0.100	0.100	0.100	0.700
0.100	0.100	0.700	0.100
0.100	0.100	0.100	0.700
0.100	0.100	0.100	0.700
0.700	0.100	0.100	0.100
0.100	0.100	0.700	0.100
0.700	0.100	0.100	0.100
0.100	0.100	0.700	0.100
>TCTCAGCAACAC	21-TCTCAGCAACAC	12.355432	-5.575830	0	T:2.0(0.10%),B:2.5(0.01%),P:1e-2	Tpos:107.9,Tstd:61.8,Bpos:303.0,Bstd:123.2,StrandBias:10.0,Multiplicity:4.00
0.100	0.100	0.100	0.700
0.100	0.700	0.100	0.100
0.100	0.100	0.100	0.700
0.100	0.700	0.100	0.100
0.700	0.100	0.100	0.100
0.100	0.100	0.700	0.100
0.100	0.700	0.100	0.100
0.700	0.100	0.100	0.100
0.700	0.100	0.100	0.100
0.100	0.700	0.100	0.100
0.700	0.100	0.100	0.100
0.100	0.700	0.100	0.100
>GTCACCCGCGGG	22-GTCACCCGCGGG	10.409522	-4.799625	0	T:12.0(0.58%),B:118.7(0.26%),P:1e-2	Tpos:201.0,Tstd:189.1,Bpos:241.6,Bstd:173.4,StrandBias:0.2,Multiplicity:1.36
0.100	0.100	0.700	0.100
0.100	0.100	0.100	0.700
0.100	0.700	0.100	0.100
0.700	0.100	0.100	0.100
0.100	0.700	0.100	0.100
0.100	0.700	0.100	0.100
0.100	0.700	0.100	0.100
0.100	0.100	0.700	0.100
0.100	0.700	0.100	0.100
0.100	0.100	0.700	0.100
0.100	0.100	0.700	0.100
0.100	0.100	0.700	0.100
>ACACCTGGGAGA	23-ACACCTGGGAGA	14.482218	-4.794489	0	T:2.0(0.10%),B:4.0(0.01%),P:1e-2	Tpos:202.8,Tstd:111.5,Bpos:187.2,Bstd:99.8,StrandBias:10.0,Multiplicity:8.50
0.997	0.001	0.001	0.001
0.001	0.997	0.001	0.001
0.997	0.001	0.001	0.001
0.001	0.997	0.001	0.001
0.001	0.997	0.001	0.001
0.001	0.001	0.001	0.997
0.001	0.001	0.997	0.001
0.001	0.120	0.878	0.001
0.001	0.001	0.997	0.001
0.997	0.001	0.001	0.001
0.001	0.001	0.997	0.001
0.997	0.001	0.001	0.001
>AGCCCTGAACAC	24-AGCCCTGAACAC	10.409522	-2.597420	0	T:11.0(0.53%),B:148.9(0.32%),P:1e-1	Tpos:177.0,Tstd:140.5,Bpos:244.5,Bstd:137.5,StrandBias:1.9,Multiplicity:1.73
0.700	0.100	0.100	0.100
0.100	0.100	0.700	0.100
0.100	0.700	0.100	0.100
0.100	0.700	0.100	0.100
0.100	0.700	0.100	0.100
0.100	0.100	0.100	0.700
0.100	0.100	0.700	0.100
0.700	0.100	0.100	0.100
0.700	0.100	0.100	0.100
0.100	0.700	0.100	0.100
0.700	0.100	0.100	0.100
0.100	0.700	0.100	0.100
>TTGGGCCTGACT	25-TTGGGCCTGACT	12.355432	-1.444201	0	T:1.0(0.05%),B:6.8(0.01%),P:1e0	Tpos:308.0,Tstd:56.5,Bpos:252.8,Bstd:102.2,StrandBias:10.0,Multiplicity:7.00
0.100	0.100	0.100	0.700
0.100	0.100	0.100	0.700
0.100	0.100	0.700	0.100
0.100	0.100	0.700	0.100
0.100	0.100	0.700	0.100
0.100	0.700	0.100	0.100
0.100	0.700	0.100	0.100
0.100	0.100	0.100	0.700
0.100	0.100	0.700	0.100
0.700	0.100	0.100	0.100
0.100	0.700	0.100	0.100
0.100	0.100	0.100	0.700
>CAGGAAGT	1-CAGGAAGT	6.666946	-178.333801	0	T:784.0(37.78%),B:9240.8(19.97%),P:1e-77	Tpos:314.0,Tstd:241.0,Bpos:247.2,Bstd:148.0,StrandBias:0.2,Multiplicity:1.33
0.001	0.942	0.056	0.001
0.891	0.107	0.001	0.001
0.001	0.001	0.997	0.001
0.001	0.001	0.997	0.001
0.997	0.001	0.001	0.001
0.997	0.001	0.001	0.001
0.376	0.001	0.622	0.001
0.001	0.351	0.001	0.647
>ACATCCKG	2-ACATCCKG	7.348845	-114.472797	0	T:471.0(22.70%),B:5166.0(11.17%),P:1e-49	Tpos:290.8,Tstd:242.7,Bpos:243.8,Bstd:140.5,StrandBias:-0.1,Multiplicity:1.11
0.731	0.174	0.001	0.094
0.114	0.809	0.034	0.043
0.629	0.001	0.016	0.354
0.028	0.052	0.001	0.919
0.052	0.903	0.044	0.001
0.001	0.844	0.154	0.001
0.001	0.044	0.414	0.541
0.051	0.002	0.648	0.299
>GTGGTTKA	3-GTGGTTKA	6.920528	-67.683235	0	T:539.0(25.98%),B:7477.8(16.16%),P:1e-29	Tpos:296.5,Tstd:241.4,Bpos:245.0,Bstd:149.0,StrandBias:-0.1,Multiplicity:1.21
0.001	0.001	0.997	0.001
0.105	0.001	0.077	0.817
0.001	0.001	0.894	0.104
0.001	0.001	0.997	0.001
0.001	0.122	0.009	0.868
0.001	0.001	0.001	0.997
0.163	0.010	0.407	0.420
0.430	0.197	0.263	0.110
>GCGGTTTC	4-GCGGTTTC	5.748422	-61.129559	0	T:942.0(45.40%),B:15709.7(33.95%),P:1e-26	Tpos:312.9,Tstd:261.4,Bpos:244.6,Bstd:150.5,StrandBias:0.0,Multiplicity:1.31
0.241	0.110	0.439	0.209
0.142	0.501	0.091	0.266
0.337	0.001	0.574	0.088
0.092	0.034	0.846	0.028
0.001	0.087	0.001	0.911
0.001	0.029	0.001	0.969
0.155	0.001	0.001	0.843
0.185	0.688	0.100	0.027
>RGGCGGRR	5-RGGCGGRR	5.240888	-49.729234	0	T:619.0(29.83%),B:9632.5(20.82%),P:1e-21	Tpos:358.7,Tstd:276.5,Bpos:245.0,Bstd:164.5,StrandBias:0.0,Multiplicity:1.98
0.399	0.090	0.411	0.099
0.121	0.182	0.552	0.145
0.163	0.131	0.628	0.078
0.122	0.686	0.047	0.145
0.018	0.107	0.803	0.072
0.129	0.066	0.499	0.305
0.390	0.091	0.353	0.166
0.386	0.083	0.341	0.191
>ATTTCCGT	6-ATTTCCGT	7.281891	-46.017181	0	T:343.0(16.53%),B:4592.8(9.93%),P:1e-19	Tpos:275.5,Tstd:209.2,Bpos:247.7,Bstd:149.4,StrandBias:-0.0,Multiplicity:1.06
0.783	0.068	0.028	0.121
0.057	0.268	0.071	0.604
0.001	0.001	0.001	0.997
0.001	0.001	0.001	0.997
0.001	0.997	0.001	0.001
0.001	0.905	0.001	0.093
0.001	0.001	0.792	0.206
0.016	0.020	0.001	0.963
>TGTGGTCT	7-TGTGGTCT	7.345085	-43.952519	0	T:531.0(25.59%),B:8154.8(17.63%),P:1e-19	Tpos:307.1,Tstd:240.6,Bpos:243.4,Bstd:145.2,StrandBias:-0.1,Multiplicity:1.18
0.147	0.001	0.001	0.851
0.001	0.001	0.997	0.001
0.001	0.001	0.001	0.997
0.092	0.289	0.618	0.001
0.001	0.001	0.997	0.001
0.001	0.324	0.170	0.505
0.285	0.698	0.001	0.016
0.315	0.001	0.135	0.549
>ACCAATCG	8-ACCAATCG	7.179588	-41.887693	0	T:210.0(10.12%),B:2438.2(5.27%),P:1e-18	Tpos:324.0,Tstd:247.7,Bpos:252.5,Bstd:157.3,StrandBias:-0.2,Multiplicity:1.15
0.489	0.027	0.321	0.163
0.017	0.942	0.039	0.002
0.012	0.979	0.008	0.001
0.997	0.001	0.001	0.001
0.787	0.001	0.128	0.084
0.001	0.112	0.001	0.886
0.014	0.984	0.001	0.001
0.390	0.001	0.608	0.001
>ATGACGTC	9-ATGACGTC	6.078264	-41.484243	0	T:320.0(15.42%),B:4322.4(9.34%),P:1e-18	Tpos:308.3,Tstd:233.5,Bpos:252.1,Bstd:152.9,StrandBias:0.1,Multiplicity:1.10
0.711	0.085	0.203	0.001
0.029	0.001	0.041	0.929
0.001	0.026	0.941	0.032
0.943	0.001	0.001	0.055
0.001	0.940	0.058	0.001
0.053	0.001	0.920	0.026
0.030	0.001	0.057	0.912
0.080	0.807	0.093	0.020
>TGAGTCAT	10-TGAGTCAT	8.214738	-35.493616	0	T:206.0(9.93%),B:2526.8(5.46%),P:1e-15	Tpos:294.8,Tstd:244.0,Bpos:245.9,Bstd:142.3,StrandBias:0.3,Multiplicity:1.12
0.001	0.001	0.001	0.997
0.001	0.001	0.997	0.001
0.997	0.001	0.001	0.001
0.001	0.025	0.973	0.001
0.001	0.001	0.001	0.997
0.001	0.997	0.001	0.001
0.997	0.001	0.001	0.001
0.001	0.059	0.280	0.660
>TTCCACCC	11-TTCCACCC	6.826059	-35.258967	0	T:720.0(34.70%),B:12337.2(26.66%),P:1e-15	Tpos:322.8,Tstd:271.6,Bpos:244.9,Bstd:145.9,StrandBias:-0.1,Multiplicity:1.45
0.001	0.304	0.001	0.694
0.001	0.095	0.001	0.903
0.001	0.997	0.001	0.001
0.001	0.997	0.001	0.001
0.946	0.001	0.001	0.052
0.001	0.997	0.001	0.001
0.001	0.997	0.001	0.001
0.001	0.997	0.001	0.001
>TGACGYRA	12-TGACGYRA	6.866397	-34.007780	0	T:200.0(9.64%),B:2464.2(5.33%),P:1e-14	Tpos:330.0,Tstd:247.8,Bpos:245.3,Bstd:154.4,StrandBias:-0.2,Multiplicity:1.05
0.001	0.001	0.001	0.997
0.001	0.009	0.686	0.304
0.606	0.001	0.049	0.344
0.001	0.997	0.001	0.001
0.156	0.001	0.842	0.001
0.001	0.429	0.001	0.569
0.467	0.001	0.531	0.001
0.997	0.001	0.001	0.001
>CCACTAGA	13-CCACTAGA	7.855297	-32.081748	0	T:198.0(9.54%),B:2481.3(5.36%),P:1e-13	Tpos:284.5,Tstd:225.7,Bpos:251.8,Bstd:142.9,StrandBias:-0.1,Multiplicity:1.06
0.001	0.925	0.026	0.048
0.001	0.997	0.001	0.001
0.925	0.001	0.032	0.042
0.112	0.859	0.028	0.001
0.042	0.178	0.001	0.779
0.959	0.039	0.001	0.001
0.037	0.001	0.946	0.016
0.736	0.001	0.187	0.076
>GCGCGAYA	14-GCGCGAYA	6.007660	-24.237075	0	T:379.0(18.27%),B:6085.9(13.15%),P:1e-10	Tpos:374.6,Tstd:283.7,Bpos:247.2,Bstd:174.0,StrandBias:0.1,Multiplicity:1.53
0.001	0.045	0.953	0.001
0.014	0.763	0.109	0.114
0.001	0.001	0.997	0.001
0.023	0.930	0.001	0.046
0.066	0.203	0.663	0.068
0.602	0.092	0.149	0.157
0.147	0.255	0.204	0.395
0.791	0.170	0.001	0.038
>TGAGGTTT	15-TGAGGTTT	8.236954	-21.813506	0	T:82.0(3.95%),B:852.9(1.84%),P:1e-9	Tpos:329.7,Tstd:262.3,Bpos:231.4,Bstd:147.5,StrandBias:-0.5,Multiplicity:1.00
0.100	0.100	0.100	0.700
0.100	0.100	0.700	0.100
0.700	0.100	0.100	0.100
0.100	0.100	0.700	0.100
0.100	0.100	0.700	0.100
0.100	0.100	0.100	0.700
0.100	0.100	0.100	0.700
0.100	0.100	0.100	0.700
>TCACACCT	16-TCACACCT	8.122791	-20.161206	0	T:224.0(10.80%),B:3331.1(7.20%),P:1e-8	Tpos:298.2,Tstd:237.0,Bpos:249.2,Bstd:146.3,StrandBias:-0.0,Multiplicity:1.12
0.001	0.001	0.001	0.997
0.001	0.751	0.247	0.001
0.997	0.001	0.001	0.001
0.001	0.997	0.001	0.001
0.997	0.001	0.001	0.001
0.001	0.997	0.001	0.001
0.001	0.997	0.001	0.001
0.001	0.212	0.001	0.786
>AACRCGTC	17-AACRCGTC	7.306743	-16.355030	0	T:145.0(6.99%),B:2043.2(4.42%),P:1e-7	Tpos:333.6,Tstd:237.4,Bpos:251.4,Bstd:156.0,StrandBias:-0.2,Multiplicity:1.20
0.997	0.001	0.001	0.001
0.997	0.001	0.001	0.001
0.001	0.997	0.001	0.001
0.508	0.001	0.383	0.108
0.001	0.813	0.185	0.001
0.073	0.001	0.925	0.001
0.001	0.184	0.001	0.814
0.063	0.935	0.001	0.001
>ATTTGCAC	18-ATTTGCAC	7.983770	-14.669502	0	T:126.0(6.07%),B:1765.6(3.82%),P:1e-6	Tpos:275.3,Tstd:217.9,Bpos:250.2,Bstd:144.0,StrandBias:-0.1,Multiplicity:1.03
0.713	0.001	0.285	0.001
0.001	0.001	0.008	0.990
0.001	0.001	0.001	0.997
0.131	0.335	0.001	0.533
0.001	0.419	0.579	0.001
0.001	0.997	0.001	0.001
0.634	0.001	0.234	0.131
0.001	0.672	0.001	0.326
