Factor1: 1.0180333129718357
Factor2: 0.9822861268466814
