>CGTTGCCATGGCAACS	Rfx8+M6075	11.516020	-40.610321	0	T:57.0(1.45%),B:157.7(0.35%),P:1e-17
0.101	0.440	0.265	0.193
0.049	0.001	0.948	0.002
0.006	0.016	0.005	0.973
0.178	0.093	0.005	0.724
0.320	0.027	0.535	0.118
0.001	0.882	0.009	0.108
0.001	0.781	0.002	0.216
0.940	0.011	0.016	0.033
0.025	0.013	0.007	0.955
0.234	0.001	0.764	0.001
0.150	0.016	0.832	0.002
0.113	0.542	0.029	0.316
0.703	0.009	0.109	0.179
0.974	0.007	0.012	0.007
0.002	0.961	0.001	0.036
0.154	0.371	0.361	0.114
