>TTAATCACTG	1-TTAATCACTG	8.527175	-25.747523	0	T:102.0(1.99%),B:421.3(0.94%),P:1e-11	Tpos:170.9,Tstd:138.2,Bpos:135.9,Bstd:73.7,StrandBias:-0.4,Multiplicity:1.01
0.174	0.213	0.087	0.526
0.001	0.228	0.182	0.589
0.540	0.205	0.001	0.254
0.696	0.218	0.085	0.001
0.176	0.001	0.060	0.763
0.032	0.839	0.097	0.032
0.780	0.001	0.218	0.001
0.192	0.806	0.001	0.001
0.057	0.001	0.096	0.846
0.160	0.005	0.775	0.060
>CBGTTATCAA	2-CBGTTATCAA	8.436698	-21.524625	0	T:104.0(2.03%),B:468.1(1.04%),P:1e-9	Tpos:185.1,Tstd:179.1,Bpos:132.5,Bstd:73.3,StrandBias:-0.4,Multiplicity:1.00
0.074	0.559	0.008	0.359
0.149	0.314	0.254	0.282
0.289	0.021	0.689	0.001
0.285	0.172	0.001	0.542
0.001	0.001	0.001	0.997
0.551	0.062	0.001	0.386
0.001	0.001	0.308	0.690
0.001	0.665	0.001	0.333
0.997	0.001	0.001	0.001
0.661	0.016	0.001	0.322
>TATTCAATTC	3-TATTCAATTC	7.900418	-21.163433	0	T:126.0(2.46%),B:611.9(1.36%),P:1e-9	Tpos:201.5,Tstd:194.5,Bpos:137.9,Bstd:75.5,StrandBias:0.1,Multiplicity:1.02
0.124	0.035	0.127	0.714
0.850	0.013	0.015	0.122
0.101	0.015	0.137	0.747
0.017	0.196	0.072	0.715
0.094	0.563	0.019	0.324
0.605	0.144	0.114	0.137
0.583	0.193	0.091	0.133
0.045	0.123	0.184	0.648
0.212	0.016	0.152	0.620
0.151	0.596	0.160	0.093
>GTCAAGACAG	4-GTCAAGACAG	8.921116	-18.996365	0	T:95.0(1.86%),B:435.1(0.97%),P:1e-8	Tpos:147.9,Tstd:147.5,Bpos:134.2,Bstd:74.2,StrandBias:0.3,Multiplicity:1.01
0.001	0.001	0.922	0.076
0.052	0.179	0.058	0.711
0.029	0.822	0.070	0.079
0.910	0.018	0.044	0.028
0.997	0.001	0.001	0.001
0.070	0.010	0.890	0.030
0.989	0.009	0.001	0.001
0.059	0.910	0.001	0.030
0.868	0.066	0.001	0.065
0.006	0.013	0.980	0.001
>TACAGATTTC	5-TACAGATTTC	9.390240	-18.445415	0	T:103.0(2.01%),B:491.3(1.09%),P:1e-8	Tpos:186.1,Tstd:173.5,Bpos:133.2,Bstd:75.7,StrandBias:0.1,Multiplicity:1.04
0.022	0.148	0.039	0.791
0.965	0.033	0.001	0.001
0.037	0.912	0.001	0.050
0.905	0.001	0.088	0.006
0.102	0.029	0.868	0.001
0.848	0.001	0.060	0.091
0.001	0.009	0.033	0.957
0.001	0.001	0.063	0.935
0.059	0.001	0.063	0.877
0.011	0.939	0.001	0.049
>TCAAAACTAT	6-TCAAAACTAT	7.538272	-18.444420	0	T:331.0(6.46%),B:2112.1(4.71%),P:1e-8	Tpos:197.3,Tstd:178.3,Bpos:133.7,Bstd:75.7,StrandBias:0.3,Multiplicity:1.05
0.095	0.068	0.089	0.748
0.093	0.733	0.078	0.096
0.867	0.062	0.036	0.035
0.850	0.054	0.017	0.079
0.780	0.111	0.059	0.050
0.828	0.047	0.035	0.090
0.074	0.790	0.023	0.113
0.099	0.063	0.088	0.750
0.800	0.074	0.045	0.081
0.039	0.074	0.024	0.863
>CCTGCGTTCT	7-CCTGCGTTCT	7.449070	-18.387638	0	T:306.0(5.98%),B:1926.3(4.29%),P:1e-7	Tpos:195.8,Tstd:189.1,Bpos:134.8,Bstd:75.6,StrandBias:0.3,Multiplicity:1.05
0.102	0.643	0.148	0.107
0.107	0.759	0.046	0.088
0.102	0.001	0.001	0.896
0.096	0.026	0.797	0.081
0.087	0.825	0.048	0.040
0.114	0.074	0.714	0.098
0.012	0.053	0.079	0.856
0.054	0.080	0.071	0.795
0.021	0.821	0.100	0.058
0.054	0.050	0.001	0.895
>GGGATGGGAT	8-GGGATGGGAT	9.596028	-17.851448	0	T:77.0(1.50%),B:334.7(0.75%),P:1e-7	Tpos:197.0,Tstd:191.3,Bpos:124.8,Bstd:76.0,StrandBias:-0.3,Multiplicity:1.19
0.353	0.001	0.645	0.001
0.001	0.001	0.606	0.392
0.001	0.019	0.979	0.001
0.997	0.001	0.001	0.001
0.001	0.096	0.001	0.902
0.001	0.304	0.694	0.001
0.001	0.001	0.733	0.265
0.001	0.001	0.997	0.001
0.997	0.001	0.001	0.001
0.001	0.184	0.001	0.814
>TAGCTATACA	9-TAGCTATACA	6.664849	-16.833891	0	T:670.0(13.09%),B:4804.5(10.71%),P:1e-7	Tpos:198.4,Tstd:200.6,Bpos:134.7,Bstd:75.7,StrandBias:0.1,Multiplicity:1.13
0.083	0.107	0.021	0.789
0.774	0.056	0.069	0.101
0.092	0.055	0.792	0.061
0.059	0.756	0.117	0.068
0.084	0.055	0.072	0.789
0.793	0.085	0.050	0.072
0.076	0.059	0.021	0.844
0.797	0.079	0.058	0.066
0.078	0.820	0.056	0.046
0.852	0.071	0.026	0.051
>ACGGTTGCTT	10-ACGGTTGCTT	13.661549	-15.738153	0	T:5.0(0.10%),B:2.0(0.00%),P:1e-6	Tpos:106.6,Tstd:27.4,Bpos:227.7,Bstd:4.9,StrandBias:-0.6,Multiplicity:1.00
0.997	0.001	0.001	0.001
0.001	0.997	0.001	0.001
0.001	0.001	0.997	0.001
0.001	0.001	0.997	0.001
0.001	0.001	0.001	0.997
0.001	0.001	0.001	0.997
0.001	0.001	0.997	0.001
0.001	0.840	0.158	0.001
0.001	0.001	0.001	0.997
0.001	0.001	0.001	0.997
>GTGCCTGCGG	11-GTGCCTGCGG	7.217359	-14.601196	0	T:233.0(4.55%),B:1461.9(3.26%),P:1e-6	Tpos:195.7,Tstd:171.5,Bpos:131.3,Bstd:74.4,StrandBias:0.4,Multiplicity:1.15
0.031	0.082	0.863	0.024
0.044	0.029	0.039	0.888
0.055	0.052	0.808	0.085
0.067	0.763	0.093	0.077
0.086	0.821	0.035	0.058
0.075	0.045	0.044	0.836
0.042	0.097	0.800	0.061
0.074	0.756	0.073	0.097
0.037	0.134	0.727	0.102
0.099	0.046	0.745	0.110
>ATACGATAAG	12-ATACGATAAG	9.347703	-14.245032	0	T:21.0(0.41%),B:50.5(0.11%),P:1e-6	Tpos:113.3,Tstd:72.5,Bpos:133.3,Bstd:71.4,StrandBias:2.1,Multiplicity:1.00
0.997	0.001	0.001	0.001
0.001	0.001	0.001	0.997
0.997	0.001	0.001	0.001
0.001	0.948	0.050	0.001
0.001	0.001	0.994	0.004
0.997	0.001	0.001	0.001
0.001	0.001	0.001	0.997
0.997	0.001	0.001	0.001
0.765	0.001	0.001	0.233
0.293	0.001	0.705	0.001
>CAAGTCACTT	13-CAAGTCACTT	12.355903	-11.526604	0	T:15.0(0.29%),B:33.6(0.07%),P:1e-5	Tpos:192.3,Tstd:177.4,Bpos:141.7,Bstd:67.7,StrandBias:-1.0,Multiplicity:1.00
0.062	0.830	0.049	0.059
0.882	0.001	0.116	0.001
0.974	0.024	0.001	0.001
0.296	0.001	0.450	0.253
0.001	0.027	0.021	0.951
0.007	0.878	0.088	0.027
0.951	0.001	0.047	0.001
0.067	0.931	0.001	0.001
0.001	0.001	0.039	0.959
0.024	0.001	0.001	0.974
>AAGTGAGTTG	14-AAGTGAGTTG	5.088233	-4.510934	0	T:1326.0(25.90%),B:10997.1(24.50%),P:1e-1	Tpos:199.7,Tstd:192.7,Bpos:134.2,Bstd:76.0,StrandBias:0.0,Multiplicity:1.22
0.675	0.093	0.119	0.113
0.585	0.169	0.137	0.109
0.072	0.078	0.710	0.140
0.078	0.122	0.112	0.688
0.108	0.105	0.654	0.133
0.659	0.132	0.108	0.101
0.001	0.001	0.997	0.001
0.111	0.102	0.100	0.687
0.119	0.107	0.103	0.671
0.100	0.138	0.671	0.091
>GACTATCTAC	15-GACTATCTAC	10.296193	-3.897661	0	T:3.0(0.06%),B:5.1(0.01%),P:1e-1	Tpos:99.3,Tstd:67.1,Bpos:113.3,Bstd:70.7,StrandBias:3.0,Multiplicity:3.00
0.100	0.100	0.700	0.100
0.700	0.100	0.100	0.100
0.100	0.700	0.100	0.100
0.100	0.100	0.100	0.700
0.700	0.100	0.100	0.100
0.100	0.100	0.100	0.700
0.100	0.700	0.100	0.100
0.100	0.100	0.100	0.700
0.700	0.100	0.100	0.100
0.100	0.700	0.100	0.100
>GGTGTACACT	16-GGTGTACACT	11.750465	-1.408410	0	T:4.0(0.08%),B:23.0(0.05%),P:1e0	Tpos:131.5,Tstd:76.6,Bpos:123.3,Bstd:70.8,StrandBias:3.5,Multiplicity:4.00
0.001	0.001	0.997	0.001
0.001	0.001	0.997	0.001
0.001	0.001	0.001	0.997
0.183	0.001	0.815	0.001
0.001	0.001	0.001	0.997
0.997	0.001	0.001	0.001
0.001	0.997	0.001	0.001
0.846	0.001	0.152	0.001
0.001	0.997	0.001	0.001
0.001	0.001	0.001	0.997
