Factor1: 0.6964655629049998
Factor2: 1.4358211708687214
