Factor1: 1.0029084681943052
Factor2: 0.9970999664610053
