>CACTTCCT	1-CACTTCCT	7.820458	-423.990840	0	T:1168.0(36.69%),B:7049.8(15.59%),P:1e-184	Tpos:287.2,Tstd:198.9,Bpos:235.6,Bstd:141.6,StrandBias:-0.0,Multiplicity:1.32
0.061	0.800	0.068	0.071
0.997	0.001	0.001	0.001
0.001	0.902	0.001	0.096
0.214	0.001	0.001	0.784
0.001	0.001	0.001	0.997
0.001	0.997	0.001	0.001
0.001	0.997	0.001	0.001
0.001	0.001	0.068	0.930
>RTTTCCGG	2-RTTTCCGG	3.259597	-408.875823	0	T:1630.0(51.21%),B:12357.0(27.33%),P:1e-177	Tpos:293.7,Tstd:199.6,Bpos:234.1,Bstd:147.1,StrandBias:-0.0,Multiplicity:1.32
0.527	0.001	0.471	0.001
0.001	0.074	0.001	0.924
0.001	0.001	0.001	0.997
0.001	0.001	0.001	0.997
0.001	0.997	0.001	0.001
0.001	0.997	0.001	0.001
0.001	0.001	0.924	0.074
0.001	0.284	0.714	0.001
>AAACCACA	3-AAACCACA	7.695533	-242.161009	0	T:621.0(19.51%),B:3382.9(7.48%),P:1e-105	Tpos:304.7,Tstd:228.2,Bpos:235.1,Bstd:143.2,StrandBias:0.1,Multiplicity:1.19
0.649	0.100	0.001	0.250
0.997	0.001	0.001	0.001
0.997	0.001	0.001	0.001
0.001	0.997	0.001	0.001
0.001	0.997	0.001	0.001
0.942	0.001	0.056	0.001
0.001	0.997	0.001	0.001
0.937	0.061	0.001	0.001
>AAACCACA	4-AAACCACA	6.215282	-169.355568	0	T:1281.0(40.25%),B:11518.0(25.47%),P:1e-73	Tpos:283.4,Tstd:215.6,Bpos:235.7,Bstd:141.6,StrandBias:0.0,Multiplicity:1.30
0.688	0.001	0.058	0.253
0.478	0.199	0.074	0.249
0.631	0.095	0.273	0.001
0.182	0.812	0.001	0.005
0.024	0.718	0.160	0.098
0.706	0.001	0.109	0.184
0.124	0.853	0.005	0.018
0.696	0.001	0.191	0.112
>AAAVCGSA	5-AAAVCGSA	3.842221	-111.994252	0	T:1831.0(57.52%),B:20118.6(44.49%),P:1e-48	Tpos:298.3,Tstd:229.0,Bpos:234.6,Bstd:148.9,StrandBias:0.1,Multiplicity:1.45
0.438	0.152	0.164	0.246
0.622	0.149	0.143	0.086
0.498	0.129	0.153	0.219
0.271	0.370	0.226	0.133
0.153	0.656	0.178	0.013
0.223	0.187	0.556	0.034
0.100	0.351	0.384	0.165
0.492	0.253	0.137	0.118
>CYCCGCCC	6-CYCCGCCC	6.344807	-85.861002	0	T:1352.0(42.48%),B:14296.9(31.62%),P:1e-37	Tpos:302.2,Tstd:225.4,Bpos:234.4,Bstd:148.0,StrandBias:-0.1,Multiplicity:2.13
0.155	0.490	0.035	0.320
0.030	0.457	0.038	0.475
0.245	0.726	0.007	0.022
0.062	0.894	0.001	0.043
0.251	0.024	0.504	0.221
0.058	0.820	0.074	0.048
0.022	0.578	0.009	0.391
0.003	0.591	0.050	0.356
>GTGACGTM	7-GTGACGTM	6.043859	-81.658154	0	T:502.0(15.77%),B:4001.0(8.85%),P:1e-35	Tpos:310.7,Tstd:208.0,Bpos:233.8,Bstd:157.6,StrandBias:0.1,Multiplicity:1.17
0.330	0.090	0.502	0.078
0.050	0.001	0.046	0.903
0.001	0.059	0.895	0.045
0.933	0.001	0.065	0.001
0.001	0.997	0.001	0.001
0.001	0.001	0.997	0.001
0.054	0.053	0.117	0.776
0.456	0.481	0.055	0.009
>CWTCAAAG	8-CWTCAAAG	6.713010	-68.458628	0	T:949.0(29.81%),B:9579.0(21.18%),P:1e-29	Tpos:268.7,Tstd:207.0,Bpos:235.9,Bstd:142.7,StrandBias:0.1,Multiplicity:1.22
0.001	0.812	0.186	0.001
0.406	0.064	0.088	0.443
0.197	0.041	0.064	0.698
0.001	0.744	0.153	0.102
0.912	0.001	0.001	0.086
0.656	0.342	0.001	0.001
0.997	0.001	0.001	0.001
0.043	0.190	0.766	0.001
>TTACGCAC	9-TTACGCAC	5.133581	-57.465399	0	T:1058.0(33.24%),B:11296.0(24.98%),P:1e-24	Tpos:285.9,Tstd:227.9,Bpos:235.2,Bstd:150.5,StrandBias:0.1,Multiplicity:1.24
0.140	0.039	0.102	0.719
0.062	0.133	0.081	0.724
0.775	0.092	0.063	0.070
0.032	0.890	0.024	0.054
0.160	0.067	0.723	0.050
0.122	0.810	0.018	0.050
0.787	0.089	0.033	0.091
0.111	0.580	0.193	0.116
>CGRCCAAT	10-CGRCCAAT	6.879424	-56.992669	0	T:458.0(14.39%),B:3958.3(8.75%),P:1e-24	Tpos:294.0,Tstd:223.2,Bpos:236.5,Bstd:140.5,StrandBias:-0.1,Multiplicity:1.33
0.030	0.669	0.064	0.237
0.236	0.246	0.517	0.001
0.392	0.121	0.398	0.089
0.049	0.915	0.035	0.001
0.001	0.938	0.060	0.001
0.997	0.001	0.001	0.001
0.928	0.001	0.001	0.070
0.001	0.060	0.001	0.938
>CGGAACGA	11-CGGAACGA	4.020701	-50.362738	0	T:402.0(12.63%),B:3461.0(7.65%),P:1e-21	Tpos:263.8,Tstd:186.0,Bpos:231.3,Bstd:141.3,StrandBias:0.2,Multiplicity:1.09
0.132	0.866	0.001	0.001
0.001	0.001	0.997	0.001
0.001	0.001	0.997	0.001
0.997	0.001	0.001	0.001
0.997	0.001	0.001	0.001
0.001	0.713	0.285	0.001
0.001	0.001	0.997	0.001
0.997	0.001	0.001	0.001
>GCGCGTTT	12-GCGCGTTT	5.283944	-46.410418	0	T:569.0(17.88%),B:5497.7(12.16%),P:1e-20	Tpos:303.3,Tstd:211.5,Bpos:237.1,Bstd:162.6,StrandBias:-0.1,Multiplicity:1.31
0.132	0.133	0.666	0.069
0.053	0.766	0.106	0.075
0.040	0.050	0.876	0.034
0.027	0.793	0.122	0.058
0.037	0.104	0.739	0.120
0.120	0.100	0.161	0.619
0.111	0.056	0.049	0.784
0.091	0.077	0.069	0.763
>GATTGGAT	13-GATTGGAT	8.134376	-45.133028	0	T:194.0(6.09%),B:1335.9(2.95%),P:1e-19	Tpos:320.1,Tstd:225.8,Bpos:236.7,Bstd:135.5,StrandBias:0.3,Multiplicity:1.07
0.001	0.001	0.997	0.001
0.997	0.001	0.001	0.001
0.001	0.001	0.001	0.997
0.065	0.001	0.001	0.933
0.001	0.001	0.997	0.001
0.001	0.001	0.997	0.001
0.584	0.001	0.183	0.232
0.001	0.244	0.001	0.754
>TGTTATCT	14-TGTTATCT	7.203168	-39.033407	0	T:462.0(14.51%),B:4412.9(9.76%),P:1e-16	Tpos:299.9,Tstd:253.7,Bpos:236.7,Bstd:142.2,StrandBias:0.0,Multiplicity:1.16
0.014	0.144	0.065	0.777
0.001	0.098	0.814	0.087
0.001	0.041	0.097	0.861
0.001	0.033	0.029	0.937
0.950	0.001	0.001	0.048
0.001	0.001	0.020	0.978
0.032	0.858	0.048	0.062
0.097	0.001	0.001	0.901
>TCAGATCT	15-TCAGATCT	8.146802	-35.138293	0	T:375.0(11.78%),B:3487.9(7.71%),P:1e-15	Tpos:273.9,Tstd:223.7,Bpos:235.7,Bstd:136.0,StrandBias:0.1,Multiplicity:1.09
0.001	0.001	0.001	0.997
0.001	0.725	0.191	0.083
0.878	0.001	0.001	0.120
0.001	0.001	0.997	0.001
0.997	0.001	0.001	0.001
0.001	0.001	0.001	0.997
0.001	0.872	0.126	0.001
0.159	0.001	0.001	0.839
>ACCCGCCT	16-ACCCGCCT	7.676151	-33.191921	0	T:162.0(5.09%),B:1178.5(2.61%),P:1e-14	Tpos:338.9,Tstd:295.3,Bpos:239.1,Bstd:149.9,StrandBias:0.2,Multiplicity:1.05
0.997	0.001	0.001	0.001
0.001	0.740	0.001	0.258
0.160	0.728	0.001	0.111
0.001	0.997	0.001	0.001
0.001	0.001	0.997	0.001
0.062	0.936	0.001	0.001
0.001	0.997	0.001	0.001
0.001	0.001	0.001	0.997
>TCTCGCGA	17-TCTCGCGA	7.729719	-23.374634	0	T:91.0(2.86%),B:608.2(1.35%),P:1e-10	Tpos:291.8,Tstd:179.2,Bpos:238.9,Bstd:167.8,StrandBias:-0.2,Multiplicity:1.10
0.065	0.001	0.001	0.933
0.112	0.801	0.001	0.086
0.001	0.001	0.001	0.997
0.001	0.901	0.097	0.001
0.001	0.001	0.997	0.001
0.001	0.997	0.001	0.001
0.131	0.001	0.867	0.001
0.938	0.001	0.001	0.060
>CATTTCCC	18-CATTTCCC	7.784272	-21.534546	0	T:285.0(8.95%),B:2788.8(6.17%),P:1e-9	Tpos:268.4,Tstd:205.0,Bpos:238.0,Bstd:137.9,StrandBias:0.0,Multiplicity:1.07
0.001	0.997	0.001	0.001
0.944	0.001	0.054	0.001
0.001	0.244	0.001	0.754
0.001	0.001	0.001	0.997
0.001	0.001	0.001	0.997
0.001	0.997	0.001	0.001
0.001	0.914	0.084	0.001
0.001	0.997	0.001	0.001
>CAAAGTAC	19-CAAAGTAC	7.255978	-13.169439	0	T:94.0(2.95%),B:797.2(1.76%),P:1e-5	Tpos:256.1,Tstd:242.3,Bpos:233.8,Bstd:143.2,StrandBias:-0.2,Multiplicity:1.04
0.001	0.786	0.001	0.212
0.997	0.001	0.001	0.001
0.997	0.001	0.001	0.001
0.970	0.028	0.001	0.001
0.001	0.001	0.997	0.001
0.001	0.001	0.001	0.997
0.997	0.001	0.001	0.001
0.001	0.997	0.001	0.001
