>BAYTTCCKGT	1-BAYTTCCKGT	7.113983	-622.591180	0	T:1264.0(39.71%),B:6449.4(14.26%),P:1e-270	Tpos:277.0,Tstd:179.9,Bpos:236.1,Bstd:143.4,StrandBias:0.0,Multiplicity:1.34
0.158	0.338	0.290	0.214
0.497	0.078	0.309	0.116
0.001	0.529	0.048	0.422
0.324	0.001	0.023	0.652
0.031	0.001	0.001	0.967
0.009	0.967	0.001	0.023
0.001	0.955	0.043	0.001
0.001	0.113	0.478	0.408
0.027	0.256	0.542	0.175
0.219	0.249	0.085	0.447
>ACTTCCTBYY	2-ACTTCCTBYY	7.359155	-277.168505	0	T:1481.0(46.53%),B:12248.9(27.09%),P:1e-120	Tpos:283.3,Tstd:215.0,Bpos:236.2,Bstd:139.4,StrandBias:-0.1,Multiplicity:1.28
0.560	0.169	0.194	0.077
0.001	0.806	0.074	0.119
0.122	0.001	0.001	0.876
0.001	0.001	0.001	0.997
0.001	0.904	0.001	0.094
0.001	0.997	0.001	0.001
0.001	0.125	0.098	0.776
0.075	0.309	0.370	0.246
0.051	0.369	0.066	0.514
0.173	0.394	0.001	0.433
>NRAAACCACA	3-NRAAACCACA	7.453918	-274.319823	0	T:910.0(28.59%),B:5855.7(12.95%),P:1e-119	Tpos:293.0,Tstd:219.2,Bpos:234.0,Bstd:141.1,StrandBias:0.1,Multiplicity:1.25
0.298	0.287	0.152	0.264
0.235	0.206	0.376	0.183
0.626	0.130	0.074	0.170
0.814	0.006	0.150	0.030
0.757	0.111	0.131	0.001
0.001	0.997	0.001	0.001
0.053	0.923	0.013	0.011
0.789	0.024	0.130	0.057
0.036	0.920	0.009	0.035
0.846	0.118	0.001	0.035
>CGGATGTGGT	4-CGGATGTGGT	7.553086	-263.734695	0	T:445.0(13.98%),B:1788.6(3.96%),P:1e-114	Tpos:283.2,Tstd:190.8,Bpos:232.4,Bstd:143.8,StrandBias:0.1,Multiplicity:1.02
0.179	0.798	0.001	0.022
0.001	0.001	0.997	0.001
0.028	0.001	0.970	0.001
0.915	0.001	0.046	0.038
0.213	0.033	0.001	0.753
0.154	0.053	0.759	0.034
0.011	0.001	0.001	0.987
0.001	0.102	0.671	0.226
0.024	0.001	0.974	0.001
0.001	0.001	0.340	0.658
>DCYCCGCCCY	5-DCYCCGCCCY	6.718068	-94.017130	0	T:773.0(24.29%),B:6841.7(15.13%),P:1e-40	Tpos:300.4,Tstd:212.4,Bpos:237.7,Bstd:153.5,StrandBias:-0.1,Multiplicity:1.76
0.211	0.201	0.359	0.229
0.196	0.449	0.099	0.256
0.108	0.432	0.056	0.404
0.310	0.646	0.032	0.012
0.077	0.759	0.029	0.135
0.219	0.008	0.566	0.207
0.061	0.741	0.055	0.143
0.003	0.906	0.001	0.090
0.010	0.585	0.001	0.404
0.226	0.361	0.024	0.389
>TGACGNNABH	6-TGACGNNABH	5.462282	-84.623112	0	T:789.0(24.79%),B:7224.9(15.98%),P:1e-36	Tpos:288.4,Tstd:211.4,Bpos:234.7,Bstd:150.8,StrandBias:0.0,Multiplicity:1.23
0.001	0.001	0.001	0.997
0.211	0.184	0.411	0.194
0.997	0.001	0.001	0.001
0.001	0.748	0.018	0.233
0.140	0.027	0.832	0.001
0.215	0.247	0.219	0.319
0.258	0.275	0.203	0.264
0.477	0.001	0.242	0.280
0.170	0.337	0.211	0.282
0.251	0.257	0.171	0.321
>TTCCGCTTTC	7-TTCCGCTTTC	6.805191	-82.916681	0	T:565.0(17.75%),B:4672.0(10.33%),P:1e-36	Tpos:296.9,Tstd:233.3,Bpos:233.1,Bstd:145.3,StrandBias:-0.1,Multiplicity:1.12
0.116	0.055	0.030	0.799
0.068	0.018	0.048	0.866
0.019	0.835	0.059	0.087
0.050	0.825	0.086	0.039
0.046	0.039	0.820	0.095
0.059	0.795	0.078	0.068
0.104	0.077	0.074	0.745
0.051	0.094	0.121	0.734
0.065	0.055	0.044	0.836
0.087	0.754	0.096	0.063
>VAGGAAACCG	8-VAGGAAACCG	6.055726	-81.070389	0	T:303.0(9.52%),B:1960.5(4.34%),P:1e-35	Tpos:293.0,Tstd:224.5,Bpos:235.2,Bstd:146.8,StrandBias:-0.1,Multiplicity:1.04
0.277	0.233	0.340	0.149
0.500	0.272	0.136	0.093
0.132	0.151	0.561	0.156
0.132	0.185	0.577	0.106
0.544	0.166	0.130	0.160
0.759	0.041	0.107	0.093
0.668	0.128	0.096	0.108
0.203	0.512	0.182	0.103
0.137	0.563	0.170	0.130
0.135	0.177	0.469	0.219
>YRRCCAATCR	9-YRRCCAATCR	8.053814	-80.620679	0	T:254.0(7.98%),B:1507.6(3.33%),P:1e-35	Tpos:291.3,Tstd:186.7,Bpos:235.2,Bstd:147.5,StrandBias:0.0,Multiplicity:1.32
0.010	0.440	0.163	0.387
0.424	0.155	0.408	0.013
0.305	0.066	0.447	0.182
0.001	0.905	0.031	0.063
0.001	0.907	0.091	0.001
0.970	0.001	0.028	0.001
0.997	0.001	0.001	0.001
0.001	0.037	0.028	0.934
0.111	0.585	0.243	0.061
0.341	0.195	0.378	0.086
>ACATCAAAGG	10-ACATCAAAGG	7.325067	-72.351028	0	T:642.0(20.17%),B:5754.1(12.72%),P:1e-31	Tpos:266.5,Tstd:208.3,Bpos:233.5,Bstd:139.9,StrandBias:-0.1,Multiplicity:1.16
0.731	0.041	0.059	0.169
0.044	0.727	0.213	0.016
0.576	0.123	0.001	0.300
0.126	0.012	0.044	0.818
0.001	0.765	0.136	0.098
0.921	0.001	0.027	0.051
0.756	0.009	0.223	0.012
0.956	0.037	0.006	0.001
0.175	0.069	0.747	0.009
0.169	0.269	0.555	0.007
>GAATTGTAGT	11-GAATTGTAGT	10.337307	-67.518858	0	T:88.0(2.76%),B:278.2(0.62%),P:1e-29	Tpos:300.6,Tstd:224.1,Bpos:230.1,Bstd:143.2,StrandBias:-0.1,Multiplicity:1.09
0.001	0.024	0.974	0.001
0.814	0.170	0.001	0.015
0.619	0.001	0.359	0.021
0.307	0.133	0.032	0.528
0.001	0.029	0.001	0.969
0.001	0.001	0.997	0.001
0.001	0.001	0.001	0.997
0.977	0.001	0.001	0.021
0.001	0.001	0.997	0.001
0.001	0.001	0.001	0.997
>AAACMGCGCA	12-AAACMGCGCA	5.388265	-63.786148	0	T:1205.0(37.86%),B:13015.8(28.78%),P:1e-27	Tpos:295.8,Tstd:242.1,Bpos:235.5,Bstd:151.8,StrandBias:0.0,Multiplicity:1.30
0.804	0.092	0.073	0.031
0.861	0.062	0.056	0.021
0.823	0.124	0.029	0.024
0.225	0.527	0.168	0.080
0.347	0.492	0.089	0.072
0.126	0.064	0.796	0.014
0.056	0.916	0.001	0.027
0.182	0.100	0.652	0.066
0.086	0.652	0.099	0.163
0.482	0.196	0.075	0.247
>CYCCCCCCHC	13-CYCCCCCCHC	7.494599	-51.834852	0	T:947.0(29.75%),B:10045.1(22.21%),P:1e-22	Tpos:311.8,Tstd:241.4,Bpos:234.3,Bstd:136.7,StrandBias:-0.1,Multiplicity:1.34
0.053	0.821	0.050	0.076
0.152	0.496	0.003	0.349
0.066	0.867	0.002	0.065
0.113	0.809	0.035	0.043
0.049	0.587	0.080	0.284
0.065	0.781	0.051	0.103
0.029	0.894	0.008	0.069
0.099	0.661	0.028	0.212
0.328	0.336	0.086	0.250
0.013	0.902	0.031	0.054
>RCCGDAAASA	14-RCCGDAAASA	7.226213	-50.644383	0	T:273.0(8.58%),B:2057.7(4.55%),P:1e-21	Tpos:290.8,Tstd:221.1,Bpos:235.0,Bstd:157.9,StrandBias:0.1,Multiplicity:1.05
0.427	0.259	0.313	0.001
0.008	0.838	0.120	0.034
0.001	0.719	0.279	0.001
0.001	0.001	0.997	0.001
0.326	0.001	0.378	0.294
0.936	0.001	0.062	0.001
0.915	0.001	0.001	0.083
0.764	0.001	0.196	0.039
0.149	0.392	0.458	0.001
0.681	0.122	0.176	0.021
>CGCWTGCGTA	15-CGCWTGCGTA	5.648432	-39.855356	0	T:363.0(11.40%),B:3239.2(7.16%),P:1e-17	Tpos:287.4,Tstd:199.9,Bpos:234.8,Bstd:160.3,StrandBias:-0.0,Multiplicity:1.15
0.229	0.507	0.239	0.025
0.184	0.076	0.586	0.154
0.001	0.695	0.303	0.001
0.410	0.209	0.105	0.276
0.188	0.080	0.240	0.492
0.276	0.177	0.447	0.100
0.032	0.880	0.001	0.087
0.080	0.182	0.558	0.180
0.107	0.270	0.160	0.463
0.652	0.182	0.150	0.016
>AGCTCTGTTA	16-AGCTCTGTTA	7.208701	-31.252429	0	T:389.0(12.22%),B:3752.5(8.30%),P:1e-13	Tpos:291.1,Tstd:227.3,Bpos:234.9,Bstd:138.7,StrandBias:0.2,Multiplicity:1.07
0.867	0.058	0.034	0.041
0.080	0.050	0.757	0.113
0.052	0.833	0.012	0.103
0.075	0.084	0.018	0.823
0.073	0.817	0.048	0.062
0.042	0.060	0.064	0.834
0.031	0.059	0.781	0.129
0.061	0.094	0.086	0.759
0.076	0.094	0.064	0.766
0.773	0.072	0.088	0.067
>KCTGACGTCA	17-KCTGACGTCA	8.749701	-27.325599	0	T:277.0(8.70%),B:2542.4(5.62%),P:1e-11	Tpos:278.4,Tstd:199.1,Bpos:235.2,Bstd:138.2,StrandBias:-0.1,Multiplicity:1.03
0.083	0.105	0.429	0.383
0.001	0.997	0.001	0.001
0.001	0.001	0.001	0.997
0.001	0.001	0.997	0.001
0.963	0.024	0.012	0.001
0.124	0.541	0.246	0.089
0.290	0.032	0.530	0.148
0.001	0.001	0.001	0.997
0.001	0.997	0.001	0.001
0.555	0.059	0.001	0.385
>CTCGCGAGAT	18-CTCGCGAGAT	8.932414	-22.159497	0	T:38.0(1.19%),B:159.7(0.35%),P:1e-9	Tpos:247.1,Tstd:141.5,Bpos:221.4,Bstd:181.6,StrandBias:0.2,Multiplicity:1.11
0.078	0.755	0.103	0.064
0.102	0.001	0.033	0.864
0.064	0.911	0.024	0.001
0.001	0.001	0.957	0.041
0.001	0.997	0.001	0.001
0.001	0.001	0.997	0.001
0.997	0.001	0.001	0.001
0.001	0.001	0.921	0.077
0.935	0.001	0.063	0.001
0.178	0.059	0.032	0.731
>TTACACGTAG	19-TTACACGTAG	11.054984	-21.346745	0	T:13.0(0.41%),B:17.2(0.04%),P:1e-9	Tpos:183.2,Tstd:122.9,Bpos:267.5,Bstd:89.6,StrandBias:-0.2,Multiplicity:1.00
0.001	0.108	0.001	0.890
0.075	0.001	0.001	0.923
0.923	0.075	0.001	0.001
0.001	0.997	0.001	0.001
0.997	0.001	0.001	0.001
0.001	0.997	0.001	0.001
0.001	0.001	0.997	0.001
0.001	0.001	0.001	0.997
0.997	0.001	0.001	0.001
0.001	0.001	0.997	0.001
>GTACGCAACT	20-GTACGCAACT	10.310277	-17.038021	0	T:20.0(0.63%),B:62.9(0.14%),P:1e-7	Tpos:221.1,Tstd:157.6,Bpos:271.9,Bstd:134.0,StrandBias:0.0,Multiplicity:1.00
0.001	0.001	0.997	0.001
0.001	0.042	0.001	0.956
0.763	0.001	0.118	0.118
0.202	0.796	0.001	0.001
0.017	0.103	0.808	0.072
0.118	0.763	0.001	0.118
0.997	0.001	0.001	0.001
0.909	0.001	0.089	0.001
0.001	0.997	0.001	0.001
0.001	0.001	0.001	0.997
>AGTGTGTTAT	21-AGTGTGTTAT	-0.062431	-13.486251	0	T:990.0(31.10%),B:12362.7(27.34%),P:1e-5	Tpos:288.3,Tstd:229.6,Bpos:235.3,Bstd:143.2,StrandBias:0.0,Multiplicity:1.29
0.997	0.001	0.001	0.001
0.001	0.001	0.997	0.001
0.083	0.001	0.001	0.915
0.001	0.001	0.997	0.001
0.001	0.001	0.001	0.997
0.001	0.001	0.997	0.001
0.001	0.001	0.001	0.997
0.001	0.001	0.001	0.997
0.997	0.001	0.001	0.001
0.001	0.001	0.001	0.997
>TKCGGTGAGG	22-TKCGGTGAGG	9.676290	-13.483703	0	T:57.0(1.79%),B:404.7(0.89%),P:1e-5	Tpos:242.0,Tstd:233.3,Bpos:232.6,Bstd:146.9,StrandBias:-0.4,Multiplicity:1.26
0.124	0.096	0.001	0.779
0.001	0.001	0.551	0.447
0.001	0.927	0.001	0.071
0.225	0.053	0.721	0.001
0.001	0.001	0.997	0.001
0.068	0.131	0.001	0.800
0.017	0.001	0.768	0.214
0.997	0.001	0.001	0.001
0.001	0.001	0.997	0.001
0.087	0.123	0.789	0.001
>TCCGTTGGCC	23-TCCGTTGGCC	10.296193	-11.361214	0	T:5.0(0.16%),B:4.4(0.01%),P:1e-4	Tpos:139.8,Tstd:95.0,Bpos:177.4,Bstd:159.3,StrandBias:-0.6,Multiplicity:1.00
0.100	0.100	0.100	0.700
0.100	0.700	0.100	0.100
0.100	0.700	0.100	0.100
0.100	0.100	0.700	0.100
0.100	0.100	0.100	0.700
0.100	0.100	0.100	0.700
0.100	0.100	0.700	0.100
0.100	0.100	0.700	0.100
0.100	0.700	0.100	0.100
0.100	0.700	0.100	0.100
>GTATCTATAG	24-GTATCTATAG	10.296193	-3.586436	0	T:4.0(0.13%),B:16.8(0.04%),P:1e-1	Tpos:358.5,Tstd:200.5,Bpos:269.3,Bstd:166.1,StrandBias:10.0,Multiplicity:3.25
0.100	0.100	0.700	0.100
0.100	0.100	0.100	0.700
0.700	0.100	0.100	0.100
0.100	0.100	0.100	0.700
0.100	0.700	0.100	0.100
0.100	0.100	0.100	0.700
0.700	0.100	0.100	0.100
0.100	0.100	0.100	0.700
0.700	0.100	0.100	0.100
0.100	0.100	0.700	0.100
>AGTGATCATA	25-AGTGATCATA	11.562876	-2.548219	0	T:5.0(0.16%),B:32.8(0.07%),P:1e-1	Tpos:143.2,Tstd:78.5,Bpos:190.9,Bstd:131.8,StrandBias:3.6,Multiplicity:3.25
0.997	0.001	0.001	0.001
0.001	0.001	0.997	0.001
0.001	0.001	0.001	0.997
0.001	0.001	0.997	0.001
0.997	0.001	0.001	0.001
0.001	0.001	0.001	0.997
0.001	0.997	0.001	0.001
0.895	0.001	0.001	0.103
0.001	0.001	0.001	0.997
0.997	0.001	0.001	0.001
>VMCACTTCCTGT	1-VMCACTTCCTGT	8.549198	-554.885510	0	T:873.0(27.43%),B:3495.7(7.73%),P:1e-240	Tpos:277.4,Tstd:187.8,Bpos:234.1,Bstd:136.3,StrandBias:0.0,Multiplicity:1.19
0.329	0.234	0.272	0.165
0.255	0.358	0.195	0.191
0.183	0.442	0.182	0.192
0.682	0.066	0.138	0.114
0.001	0.815	0.009	0.175
0.240	0.001	0.001	0.758
0.004	0.011	0.013	0.972
0.001	0.971	0.014	0.014
0.001	0.997	0.001	0.001
0.001	0.001	0.007	0.991
0.033	0.228	0.587	0.152
0.127	0.238	0.087	0.548
>MKGATGTGGTTA	2-MKGATGTGGTTA	8.163662	-213.085591	0	T:546.0(17.15%),B:2950.0(6.52%),P:1e-92	Tpos:295.6,Tstd:229.3,Bpos:235.5,Bstd:138.3,StrandBias:-0.1,Multiplicity:1.12
0.370	0.272	0.158	0.200
0.178	0.001	0.411	0.410
0.008	0.114	0.662	0.216
0.478	0.315	0.096	0.110
0.076	0.001	0.001	0.922
0.016	0.019	0.918	0.047
0.047	0.001	0.020	0.932
0.001	0.001	0.972	0.026
0.001	0.020	0.941	0.038
0.001	0.187	0.210	0.602
0.069	0.131	0.001	0.799
0.585	0.048	0.113	0.254
>TGTGGTTTCCTG	3-TGTGGTTTCCTG	8.483931	-161.717934	0	T:437.0(13.73%),B:2411.2(5.33%),P:1e-70	Tpos:292.3,Tstd:194.6,Bpos:237.2,Bstd:138.2,StrandBias:0.0,Multiplicity:1.14
0.147	0.085	0.081	0.687
0.088	0.069	0.747	0.096
0.115	0.012	0.082	0.791
0.026	0.238	0.735	0.001
0.298	0.001	0.689	0.012
0.001	0.104	0.019	0.876
0.001	0.037	0.001	0.961
0.012	0.007	0.020	0.961
0.012	0.752	0.036	0.200
0.001	0.835	0.050	0.114
0.168	0.101	0.095	0.636
0.001	0.285	0.442	0.272
>AAACAGGAAGCA	4-AAACAGGAAGCA	10.244135	-122.967556	0	T:190.0(5.97%),B:696.1(1.54%),P:1e-53	Tpos:284.7,Tstd:189.6,Bpos:232.5,Bstd:149.7,StrandBias:0.4,Multiplicity:1.15
0.804	0.115	0.001	0.080
0.549	0.322	0.056	0.073
0.912	0.086	0.001	0.001
0.001	0.862	0.001	0.136
0.862	0.136	0.001	0.001
0.015	0.068	0.916	0.001
0.001	0.001	0.997	0.001
0.981	0.001	0.017	0.001
0.530	0.039	0.156	0.275
0.395	0.001	0.603	0.001
0.253	0.745	0.001	0.001
0.725	0.001	0.034	0.240
>ACAGGATGTGGC	5-ACAGGATGTGGC	7.434242	-107.479160	0	T:689.0(21.65%),B:5633.4(12.46%),P:1e-46	Tpos:273.7,Tstd:211.8,Bpos:233.9,Bstd:136.8,StrandBias:-0.1,Multiplicity:1.08
0.728	0.050	0.126	0.096
0.111	0.771	0.117	0.001
0.813	0.057	0.028	0.102
0.188	0.001	0.810	0.001
0.109	0.142	0.734	0.015
0.634	0.172	0.136	0.058
0.110	0.080	0.118	0.692
0.152	0.075	0.688	0.085
0.112	0.001	0.134	0.753
0.086	0.018	0.875	0.021
0.044	0.115	0.679	0.162
0.108	0.814	0.056	0.022
>RGGGCGGGGCTW	6-RGGGCGGGGCTW	6.802293	-104.640909	0	T:660.0(20.74%),B:5357.5(11.85%),P:1e-45	Tpos:301.8,Tstd:203.8,Bpos:240.8,Bstd:148.6,StrandBias:-0.0,Multiplicity:1.56
0.326	0.001	0.413	0.260
0.126	0.001	0.872	0.001
0.001	0.001	0.997	0.001
0.001	0.001	0.997	0.001
0.098	0.877	0.001	0.024
0.001	0.001	0.997	0.001
0.001	0.001	0.953	0.045
0.248	0.001	0.750	0.001
0.144	0.031	0.824	0.001
0.001	0.997	0.001	0.001
0.022	0.247	0.288	0.443
0.360	0.181	0.167	0.292
>ACTTCCGCTTTC	7-ACTTCCGCTTTC	7.516273	-100.299756	0	T:426.0(13.38%),B:2937.4(6.50%),P:1e-43	Tpos:293.1,Tstd:220.9,Bpos:234.7,Bstd:145.5,StrandBias:-0.1,Multiplicity:1.08
0.822	0.042	0.083	0.053
0.083	0.842	0.016	0.059
0.075	0.030	0.030	0.865
0.001	0.042	0.044	0.913
0.015	0.891	0.040	0.054
0.050	0.862	0.030	0.058
0.052	0.103	0.743	0.102
0.021	0.850	0.092	0.037
0.057	0.050	0.027	0.866
0.015	0.120	0.090	0.775
0.030	0.114	0.051	0.805
0.060	0.772	0.070	0.098
>GGGAAWTGTAGT	8-GGGAAWTGTAGT	11.168569	-98.283024	0	T:88.0(2.76%),B:182.2(0.40%),P:1e-42	Tpos:263.8,Tstd:167.3,Bpos:243.2,Bstd:148.6,StrandBias:-0.4,Multiplicity:1.24
0.001	0.001	0.997	0.001
0.001	0.001	0.997	0.001
0.053	0.106	0.840	0.001
0.586	0.308	0.053	0.053
0.641	0.054	0.221	0.084
0.304	0.073	0.201	0.422
0.001	0.138	0.001	0.860
0.001	0.001	0.997	0.001
0.121	0.143	0.028	0.708
0.946	0.001	0.001	0.052
0.001	0.052	0.946	0.001
0.001	0.001	0.001	0.997
>GCTTCCTTCCTG	9-GCTTCCTTCCTG	10.978258	-79.308937	0	T:164.0(5.15%),B:753.1(1.67%),P:1e-34	Tpos:274.5,Tstd:219.0,Bpos:231.4,Bstd:135.5,StrandBias:0.0,Multiplicity:1.04
0.107	0.080	0.568	0.245
0.001	0.517	0.230	0.252
0.065	0.168	0.001	0.766
0.001	0.001	0.001	0.997
0.001	0.997	0.001	0.001
0.001	0.997	0.001	0.001
0.001	0.001	0.001	0.997
0.001	0.001	0.227	0.771
0.044	0.927	0.001	0.028
0.026	0.972	0.001	0.001
0.064	0.247	0.108	0.581
0.001	0.311	0.687	0.001
>CTGTGGTTTGAC	10-CTGTGGTTTGAC	9.322902	-76.316091	0	T:159.0(5.00%),B:734.5(1.62%),P:1e-33	Tpos:277.4,Tstd:175.6,Bpos:221.5,Bstd:148.4,StrandBias:-0.2,Multiplicity:1.03
0.037	0.825	0.001	0.137
0.059	0.001	0.073	0.867
0.001	0.078	0.813	0.108
0.007	0.032	0.050	0.911
0.054	0.001	0.944	0.001
0.030	0.060	0.884	0.026
0.045	0.028	0.065	0.862
0.001	0.071	0.065	0.863
0.146	0.050	0.060	0.744
0.083	0.082	0.781	0.054
0.824	0.051	0.037	0.088
0.130	0.682	0.111	0.077
>TTCCTATTGGCT	11-TTCCTATTGGCT	11.024753	-63.243667	0	T:77.0(2.42%),B:228.8(0.51%),P:1e-27	Tpos:313.9,Tstd:285.7,Bpos:241.8,Bstd:141.4,StrandBias:-0.3,Multiplicity:1.06
0.001	0.345	0.001	0.653
0.100	0.023	0.001	0.876
0.001	0.860	0.138	0.001
0.001	0.857	0.001	0.141
0.050	0.117	0.292	0.541
0.701	0.064	0.234	0.001
0.001	0.001	0.001	0.997
0.001	0.001	0.187	0.811
0.001	0.001	0.997	0.001
0.001	0.001	0.997	0.001
0.001	0.624	0.001	0.374
0.001	0.001	0.001	0.997
>TYTGATTGGCYA	12-TYTGATTGGCYA	9.414321	-60.526080	0	T:131.0(4.12%),B:622.8(1.38%),P:1e-26	Tpos:283.1,Tstd:202.8,Bpos:242.3,Bstd:149.0,StrandBias:0.5,Multiplicity:1.12
0.001	0.227	0.233	0.539
0.044	0.446	0.152	0.358
0.001	0.001	0.001	0.997
0.082	0.145	0.670	0.103
0.904	0.001	0.052	0.043
0.053	0.001	0.106	0.840
0.001	0.001	0.064	0.934
0.001	0.001	0.954	0.044
0.001	0.001	0.997	0.001
0.116	0.538	0.038	0.308
0.001	0.411	0.193	0.395
0.782	0.141	0.001	0.076
>CCTCCCCCCACC	13-CCTCCCCCCACC	7.149880	-43.900544	0	T:896.0(28.15%),B:9655.4(21.35%),P:1e-19	Tpos:298.5,Tstd:243.1,Bpos:236.2,Bstd:136.4,StrandBias:-0.2,Multiplicity:1.37
0.079	0.746	0.082	0.093
0.088	0.777	0.059	0.076
0.096	0.095	0.090	0.719
0.061	0.774	0.080	0.085
0.104	0.766	0.047	0.083
0.087	0.755	0.057	0.101
0.103	0.738	0.067	0.092
0.080	0.746	0.070	0.104
0.084	0.787	0.059	0.070
0.680	0.121	0.085	0.114
0.077	0.773	0.079	0.071
0.105	0.739	0.069	0.087
>GTGACGTCASMG	14-GTGACGTCASMG	9.721044	-42.896037	0	T:124.0(3.90%),B:705.9(1.56%),P:1e-18	Tpos:287.6,Tstd:186.7,Bpos:235.1,Bstd:149.0,StrandBias:0.2,Multiplicity:1.03
0.209	0.252	0.538	0.001
0.001	0.055	0.037	0.907
0.027	0.001	0.971	0.001
0.997	0.001	0.001	0.001
0.001	0.997	0.001	0.001
0.271	0.028	0.563	0.138
0.001	0.001	0.001	0.997
0.027	0.945	0.027	0.001
0.878	0.001	0.027	0.094
0.001	0.399	0.402	0.199
0.274	0.420	0.114	0.192
0.244	0.214	0.435	0.107
>CTCCCCCCACCC	15-CTCCCCCCACCC	9.631598	-37.819355	0	T:291.0(9.14%),B:2472.6(5.47%),P:1e-16	Tpos:315.9,Tstd:239.1,Bpos:235.2,Bstd:143.5,StrandBias:-0.0,Multiplicity:1.02
0.046	0.858	0.063	0.033
0.040	0.004	0.087	0.869
0.085	0.731	0.107	0.077
0.136	0.753	0.001	0.110
0.101	0.795	0.032	0.072
0.085	0.772	0.085	0.058
0.092	0.809	0.020	0.079
0.003	0.891	0.051	0.055
0.835	0.008	0.115	0.042
0.057	0.880	0.062	0.001
0.084	0.810	0.013	0.093
0.001	0.997	0.001	0.001
>TCAGATGTCAGG	16-TCAGATGTCAGG	16.433942	-31.905516	0	T:8.0(0.25%),B:0.6(0.00%),P:1e-13	Tpos:268.1,Tstd:188.0,Bpos:12.0,Bstd:0.0,StrandBias:2.8,Multiplicity:1.00
0.001	0.001	0.001	0.997
0.001	0.997	0.001	0.001
0.997	0.001	0.001	0.001
0.001	0.001	0.997	0.001
0.997	0.001	0.001	0.001
0.001	0.001	0.001	0.997
0.001	0.061	0.937	0.001
0.001	0.001	0.001	0.997
0.001	0.997	0.001	0.001
0.997	0.001	0.001	0.001
0.001	0.001	0.997	0.001
0.099	0.001	0.899	0.001
>TCCAATCCACTC	17-TCCAATCCACTC	16.462070	-27.169196	0	T:7.0(0.22%),B:0.9(0.00%),P:1e-11	Tpos:319.9,Tstd:64.8,Bpos:166.0,Bstd:0.0,StrandBias:10.0,Multiplicity:1.00
0.001	0.001	0.001	0.997
0.001	0.997	0.001	0.001
0.001	0.997	0.001	0.001
0.997	0.001	0.001	0.001
0.997	0.001	0.001	0.001
0.001	0.129	0.001	0.869
0.001	0.997	0.001	0.001
0.001	0.997	0.001	0.001
0.997	0.001	0.001	0.001
0.001	0.997	0.001	0.001
0.001	0.001	0.001	0.997
0.001	0.997	0.001	0.001
>GATCTGCCAGTG	18-GATCTGCCAGTG	12.095379	-20.829038	0	T:19.0(0.60%),B:44.3(0.10%),P:1e-9	Tpos:216.2,Tstd:149.0,Bpos:247.8,Bstd:143.2,StrandBias:0.7,Multiplicity:1.26
0.124	0.001	0.874	0.001
0.874	0.001	0.124	0.001
0.005	0.125	0.033	0.837
0.125	0.749	0.001	0.125
0.001	0.001	0.001	0.997
0.124	0.001	0.874	0.001
0.001	0.738	0.001	0.260
0.001	0.997	0.001	0.001
0.997	0.001	0.001	0.001
0.124	0.001	0.874	0.001
0.001	0.001	0.077	0.921
0.001	0.290	0.708	0.001
>AGTGTGTTATGT	19-AGTGTGTTATGT	-1.824801	-16.270437	0	T:635.0(19.95%),B:7422.9(16.41%),P:1e-7	Tpos:288.6,Tstd:236.2,Bpos:233.8,Bstd:142.0,StrandBias:-0.1,Multiplicity:1.21
0.997	0.001	0.001	0.001
0.001	0.001	0.997	0.001
0.001	0.001	0.001	0.997
0.030	0.001	0.968	0.001
0.001	0.001	0.001	0.997
0.001	0.001	0.968	0.030
0.001	0.001	0.001	0.997
0.001	0.001	0.001	0.997
0.997	0.001	0.001	0.001
0.001	0.001	0.001	0.997
0.001	0.338	0.631	0.030
0.001	0.001	0.001	0.997
>AGTGTGTCACAG	20-AGTGTGTCACAG	14.158938	-14.933104	0	T:7.0(0.22%),B:6.1(0.01%),P:1e-6	Tpos:362.9,Tstd:213.3,Bpos:262.0,Bstd:138.2,StrandBias:-0.8,Multiplicity:1.57
0.997	0.001	0.001	0.001
0.001	0.001	0.997	0.001
0.001	0.001	0.001	0.997
0.001	0.001	0.902	0.096
0.001	0.001	0.001	0.997
0.001	0.001	0.997	0.001
0.001	0.001	0.001	0.997
0.001	0.997	0.001	0.001
0.997	0.001	0.001	0.001
0.096	0.902	0.001	0.001
0.997	0.001	0.001	0.001
0.001	0.001	0.997	0.001
>AGGCAGGGGGAT	21-AGGCAGGGGGAT	13.864783	-12.709245	0	T:8.0(0.25%),B:12.3(0.03%),P:1e-5	Tpos:269.0,Tstd:149.9,Bpos:243.2,Bstd:147.9,StrandBias:-0.2,Multiplicity:1.88
0.997	0.001	0.001	0.001
0.084	0.001	0.914	0.001
0.084	0.001	0.914	0.001
0.001	0.997	0.001	0.001
0.914	0.084	0.001	0.001
0.001	0.001	0.997	0.001
0.001	0.001	0.997	0.001
0.001	0.001	0.997	0.001
0.001	0.001	0.997	0.001
0.001	0.001	0.997	0.001
0.997	0.001	0.001	0.001
0.084	0.001	0.001	0.914
>ACATCCTGCCTA	22-ACATCCTGCCTA	14.310631	-11.361214	0	T:5.0(0.16%),B:4.1(0.01%),P:1e-4	Tpos:174.6,Tstd:96.9,Bpos:288.4,Bstd:130.4,StrandBias:1.2,Multiplicity:2.50
0.997	0.001	0.001	0.001
0.001	0.997	0.001	0.001
0.997	0.001	0.001	0.001
0.001	0.001	0.001	0.997
0.001	0.997	0.001	0.001
0.001	0.997	0.001	0.001
0.001	0.001	0.001	0.997
0.001	0.001	0.997	0.001
0.001	0.884	0.114	0.001
0.001	0.997	0.001	0.001
0.114	0.001	0.001	0.884
0.997	0.001	0.001	0.001
>TTCTCTATGATA	23-TTCTCTATGATA	12.355432	-9.806498	0	T:3.0(0.09%),B:1.7(0.00%),P:1e-4	Tpos:196.6,Tstd:96.1,Bpos:336.0,Bstd:0.0,StrandBias:1.6,Multiplicity:2.67
0.100	0.100	0.100	0.700
0.100	0.100	0.100	0.700
0.100	0.700	0.100	0.100
0.100	0.100	0.100	0.700
0.100	0.700	0.100	0.100
0.100	0.100	0.100	0.700
0.700	0.100	0.100	0.100
0.100	0.100	0.100	0.700
0.100	0.100	0.700	0.100
0.700	0.100	0.100	0.100
0.100	0.100	0.100	0.700
0.700	0.100	0.100	0.100
>AGTGATCATAGG	24-AGTGATCATAGG	11.502946	-7.779519	0	T:3.0(0.09%),B:2.9(0.01%),P:1e-3	Tpos:170.5,Tstd:109.0,Bpos:127.2,Bstd:49.5,StrandBias:3.3,Multiplicity:3.67
0.755	0.055	0.101	0.089
0.102	0.081	0.736	0.081
0.106	0.042	0.098	0.754
0.094	0.078	0.769	0.059
0.761	0.085	0.065	0.089
0.077	0.055	0.102	0.766
0.085	0.719	0.098	0.098
0.783	0.072	0.051	0.094
0.106	0.129	0.078	0.687
0.798	0.038	0.075	0.089
0.081	0.043	0.753	0.123
0.094	0.110	0.720	0.076
>GGGGACCTCACT	25-GGGGACCTCACT	12.355432	-6.047651	0	T:2.0(0.06%),B:0.0(0.00%),P:1e-2	Tpos:141.1,Tstd:74.2,Bpos:0.0,Bstd:0.0,StrandBias:10.0,Multiplicity:11.00
0.100	0.100	0.700	0.100
0.100	0.100	0.700	0.100
0.100	0.100	0.700	0.100
0.100	0.100	0.700	0.100
0.700	0.100	0.100	0.100
0.100	0.700	0.100	0.100
0.100	0.700	0.100	0.100
0.100	0.100	0.100	0.700
0.100	0.700	0.100	0.100
0.700	0.100	0.100	0.100
0.100	0.700	0.100	0.100
0.100	0.100	0.100	0.700
>CACTTCCT	1-CACTTCCT	7.820458	-423.990840	0	T:1168.0(36.69%),B:7049.8(15.59%),P:1e-184	Tpos:287.2,Tstd:198.9,Bpos:235.6,Bstd:141.6,StrandBias:-0.0,Multiplicity:1.32
0.061	0.800	0.068	0.071
0.997	0.001	0.001	0.001
0.001	0.902	0.001	0.096
0.214	0.001	0.001	0.784
0.001	0.001	0.001	0.997
0.001	0.997	0.001	0.001
0.001	0.997	0.001	0.001
0.001	0.001	0.068	0.930
>RTTTCCGG	2-RTTTCCGG	3.259597	-408.875823	0	T:1630.0(51.21%),B:12357.0(27.33%),P:1e-177	Tpos:293.7,Tstd:199.6,Bpos:234.1,Bstd:147.1,StrandBias:-0.0,Multiplicity:1.32
0.527	0.001	0.471	0.001
0.001	0.074	0.001	0.924
0.001	0.001	0.001	0.997
0.001	0.001	0.001	0.997
0.001	0.997	0.001	0.001
0.001	0.997	0.001	0.001
0.001	0.001	0.924	0.074
0.001	0.284	0.714	0.001
>AAACCACA	3-AAACCACA	7.695533	-242.161009	0	T:621.0(19.51%),B:3382.9(7.48%),P:1e-105	Tpos:304.7,Tstd:228.2,Bpos:235.1,Bstd:143.2,StrandBias:0.1,Multiplicity:1.19
0.649	0.100	0.001	0.250
0.997	0.001	0.001	0.001
0.997	0.001	0.001	0.001
0.001	0.997	0.001	0.001
0.001	0.997	0.001	0.001
0.942	0.001	0.056	0.001
0.001	0.997	0.001	0.001
0.937	0.061	0.001	0.001
>AAACCACA	4-AAACCACA	6.215282	-169.355568	0	T:1281.0(40.25%),B:11518.0(25.47%),P:1e-73	Tpos:283.4,Tstd:215.6,Bpos:235.7,Bstd:141.6,StrandBias:0.0,Multiplicity:1.30
0.688	0.001	0.058	0.253
0.478	0.199	0.074	0.249
0.631	0.095	0.273	0.001
0.182	0.812	0.001	0.005
0.024	0.718	0.160	0.098
0.706	0.001	0.109	0.184
0.124	0.853	0.005	0.018
0.696	0.001	0.191	0.112
>AAAVCGSA	5-AAAVCGSA	3.842221	-111.994252	0	T:1831.0(57.52%),B:20118.6(44.49%),P:1e-48	Tpos:298.3,Tstd:229.0,Bpos:234.6,Bstd:148.9,StrandBias:0.1,Multiplicity:1.45
0.438	0.152	0.164	0.246
0.622	0.149	0.143	0.086
0.498	0.129	0.153	0.219
0.271	0.370	0.226	0.133
0.153	0.656	0.178	0.013
0.223	0.187	0.556	0.034
0.100	0.351	0.384	0.165
0.492	0.253	0.137	0.118
>CYCCGCCC	6-CYCCGCCC	6.344807	-85.861002	0	T:1352.0(42.48%),B:14296.9(31.62%),P:1e-37	Tpos:302.2,Tstd:225.4,Bpos:234.4,Bstd:148.0,StrandBias:-0.1,Multiplicity:2.13
0.155	0.490	0.035	0.320
0.030	0.457	0.038	0.475
0.245	0.726	0.007	0.022
0.062	0.894	0.001	0.043
0.251	0.024	0.504	0.221
0.058	0.820	0.074	0.048
0.022	0.578	0.009	0.391
0.003	0.591	0.050	0.356
>GTGACGTM	7-GTGACGTM	6.043859	-81.658154	0	T:502.0(15.77%),B:4001.0(8.85%),P:1e-35	Tpos:310.7,Tstd:208.0,Bpos:233.8,Bstd:157.6,StrandBias:0.1,Multiplicity:1.17
0.330	0.090	0.502	0.078
0.050	0.001	0.046	0.903
0.001	0.059	0.895	0.045
0.933	0.001	0.065	0.001
0.001	0.997	0.001	0.001
0.001	0.001	0.997	0.001
0.054	0.053	0.117	0.776
0.456	0.481	0.055	0.009
>CWTCAAAG	8-CWTCAAAG	6.713010	-68.458628	0	T:949.0(29.81%),B:9579.0(21.18%),P:1e-29	Tpos:268.7,Tstd:207.0,Bpos:235.9,Bstd:142.7,StrandBias:0.1,Multiplicity:1.22
0.001	0.812	0.186	0.001
0.406	0.064	0.088	0.443
0.197	0.041	0.064	0.698
0.001	0.744	0.153	0.102
0.912	0.001	0.001	0.086
0.656	0.342	0.001	0.001
0.997	0.001	0.001	0.001
0.043	0.190	0.766	0.001
>TTACGCAC	9-TTACGCAC	5.133581	-57.465399	0	T:1058.0(33.24%),B:11296.0(24.98%),P:1e-24	Tpos:285.9,Tstd:227.9,Bpos:235.2,Bstd:150.5,StrandBias:0.1,Multiplicity:1.24
0.140	0.039	0.102	0.719
0.062	0.133	0.081	0.724
0.775	0.092	0.063	0.070
0.032	0.890	0.024	0.054
0.160	0.067	0.723	0.050
0.122	0.810	0.018	0.050
0.787	0.089	0.033	0.091
0.111	0.580	0.193	0.116
>CGRCCAAT	10-CGRCCAAT	6.879424	-56.992669	0	T:458.0(14.39%),B:3958.3(8.75%),P:1e-24	Tpos:294.0,Tstd:223.2,Bpos:236.5,Bstd:140.5,StrandBias:-0.1,Multiplicity:1.33
0.030	0.669	0.064	0.237
0.236	0.246	0.517	0.001
0.392	0.121	0.398	0.089
0.049	0.915	0.035	0.001
0.001	0.938	0.060	0.001
0.997	0.001	0.001	0.001
0.928	0.001	0.001	0.070
0.001	0.060	0.001	0.938
>CGGAACGA	11-CGGAACGA	4.020701	-50.362738	0	T:402.0(12.63%),B:3461.0(7.65%),P:1e-21	Tpos:263.8,Tstd:186.0,Bpos:231.3,Bstd:141.3,StrandBias:0.2,Multiplicity:1.09
0.132	0.866	0.001	0.001
0.001	0.001	0.997	0.001
0.001	0.001	0.997	0.001
0.997	0.001	0.001	0.001
0.997	0.001	0.001	0.001
0.001	0.713	0.285	0.001
0.001	0.001	0.997	0.001
0.997	0.001	0.001	0.001
>GCGCGTTT	12-GCGCGTTT	5.283944	-46.410418	0	T:569.0(17.88%),B:5497.7(12.16%),P:1e-20	Tpos:303.3,Tstd:211.5,Bpos:237.1,Bstd:162.6,StrandBias:-0.1,Multiplicity:1.31
0.132	0.133	0.666	0.069
0.053	0.766	0.106	0.075
0.040	0.050	0.876	0.034
0.027	0.793	0.122	0.058
0.037	0.104	0.739	0.120
0.120	0.100	0.161	0.619
0.111	0.056	0.049	0.784
0.091	0.077	0.069	0.763
>GATTGGAT	13-GATTGGAT	8.134376	-45.133028	0	T:194.0(6.09%),B:1335.9(2.95%),P:1e-19	Tpos:320.1,Tstd:225.8,Bpos:236.7,Bstd:135.5,StrandBias:0.3,Multiplicity:1.07
0.001	0.001	0.997	0.001
0.997	0.001	0.001	0.001
0.001	0.001	0.001	0.997
0.065	0.001	0.001	0.933
0.001	0.001	0.997	0.001
0.001	0.001	0.997	0.001
0.584	0.001	0.183	0.232
0.001	0.244	0.001	0.754
>TGTTATCT	14-TGTTATCT	7.203168	-39.033407	0	T:462.0(14.51%),B:4412.9(9.76%),P:1e-16	Tpos:299.9,Tstd:253.7,Bpos:236.7,Bstd:142.2,StrandBias:0.0,Multiplicity:1.16
0.014	0.144	0.065	0.777
0.001	0.098	0.814	0.087
0.001	0.041	0.097	0.861
0.001	0.033	0.029	0.937
0.950	0.001	0.001	0.048
0.001	0.001	0.020	0.978
0.032	0.858	0.048	0.062
0.097	0.001	0.001	0.901
>TCAGATCT	15-TCAGATCT	8.146802	-35.138293	0	T:375.0(11.78%),B:3487.9(7.71%),P:1e-15	Tpos:273.9,Tstd:223.7,Bpos:235.7,Bstd:136.0,StrandBias:0.1,Multiplicity:1.09
0.001	0.001	0.001	0.997
0.001	0.725	0.191	0.083
0.878	0.001	0.001	0.120
0.001	0.001	0.997	0.001
0.997	0.001	0.001	0.001
0.001	0.001	0.001	0.997
0.001	0.872	0.126	0.001
0.159	0.001	0.001	0.839
>ACCCGCCT	16-ACCCGCCT	7.676151	-33.191921	0	T:162.0(5.09%),B:1178.5(2.61%),P:1e-14	Tpos:338.9,Tstd:295.3,Bpos:239.1,Bstd:149.9,StrandBias:0.2,Multiplicity:1.05
0.997	0.001	0.001	0.001
0.001	0.740	0.001	0.258
0.160	0.728	0.001	0.111
0.001	0.997	0.001	0.001
0.001	0.001	0.997	0.001
0.062	0.936	0.001	0.001
0.001	0.997	0.001	0.001
0.001	0.001	0.001	0.997
>TCTCGCGA	17-TCTCGCGA	7.729719	-23.374634	0	T:91.0(2.86%),B:608.2(1.35%),P:1e-10	Tpos:291.8,Tstd:179.2,Bpos:238.9,Bstd:167.8,StrandBias:-0.2,Multiplicity:1.10
0.065	0.001	0.001	0.933
0.112	0.801	0.001	0.086
0.001	0.001	0.001	0.997
0.001	0.901	0.097	0.001
0.001	0.001	0.997	0.001
0.001	0.997	0.001	0.001
0.131	0.001	0.867	0.001
0.938	0.001	0.001	0.060
>CATTTCCC	18-CATTTCCC	7.784272	-21.534546	0	T:285.0(8.95%),B:2788.8(6.17%),P:1e-9	Tpos:268.4,Tstd:205.0,Bpos:238.0,Bstd:137.9,StrandBias:0.0,Multiplicity:1.07
0.001	0.997	0.001	0.001
0.944	0.001	0.054	0.001
0.001	0.244	0.001	0.754
0.001	0.001	0.001	0.997
0.001	0.001	0.001	0.997
0.001	0.997	0.001	0.001
0.001	0.914	0.084	0.001
0.001	0.997	0.001	0.001
>CAAAGTAC	19-CAAAGTAC	7.255978	-13.169439	0	T:94.0(2.95%),B:797.2(1.76%),P:1e-5	Tpos:256.1,Tstd:242.3,Bpos:233.8,Bstd:143.2,StrandBias:-0.2,Multiplicity:1.04
0.001	0.786	0.001	0.212
0.997	0.001	0.001	0.001
0.997	0.001	0.001	0.001
0.970	0.028	0.001	0.001
0.001	0.001	0.997	0.001
0.001	0.001	0.001	0.997
0.997	0.001	0.001	0.001
0.001	0.997	0.001	0.001
