>WAACCGCAAACCGCAA	RUNX3+M5791	11.395955	-8.864094	0	T:9.0(0.42%),B:41.3(0.09%),P:1e-3
0.346	0.180	0.101	0.373
0.499	0.111	0.277	0.112
0.814	0.080	0.092	0.014
0.011	0.967	0.014	0.008
0.010	0.961	0.020	0.009
0.180	0.015	0.790	0.015
0.014	0.947	0.020	0.019
0.880	0.024	0.027	0.069
0.755	0.023	0.196	0.026
0.845	0.058	0.077	0.020
0.044	0.907	0.030	0.019
0.027	0.921	0.027	0.025
0.289	0.049	0.638	0.024
0.039	0.891	0.033	0.037
0.701	0.087	0.148	0.064
0.436	0.133	0.279	0.152
