>RGAANNTTCTAGAAV	Hsf1+M2288	9.968523	-7.076949	0	T:65.0(3.06%),B:941.7(2.02%),P:1e-3
0.502	0.080	0.391	0.027
0.022	0.009	0.968	0.001
0.924	0.018	0.022	0.036
0.831	0.040	0.071	0.058
0.253	0.298	0.276	0.173
0.200	0.324	0.280	0.196
0.080	0.067	0.027	0.826
0.049	0.013	0.107	0.831
0.001	0.997	0.001	0.001
0.004	0.396	0.031	0.569
0.639	0.027	0.316	0.018
0.001	0.009	0.986	0.004
0.902	0.036	0.049	0.013
0.795	0.053	0.116	0.036
0.276	0.249	0.364	0.111
