>TGACASCTGTCA	Meis3+M6051	10.287058	-12.141893	0	T:88.0(1.02%),B:248.9(0.61%),P:1e-5
0.042	0.056	0.022	0.880
0.014	0.087	0.896	0.003
0.870	0.012	0.036	0.082
0.027	0.951	0.007	0.015
0.980	0.006	0.011	0.003
0.017	0.542	0.412	0.029
0.132	0.794	0.005	0.069
0.002	0.011	0.002	0.985
0.017	0.029	0.949	0.005
0.058	0.028	0.005	0.909
0.002	0.928	0.067	0.003
0.929	0.005	0.026	0.040
