Factor1: 0.7687374751854119
Factor2: 1.30083420189553
