Factor1: 1.0716114305641764
Factor2: 0.933174069889797
