>GTGCTTCTCACT	3-AGTGAGAAGCAC	14.444718	-28.033909	0	T:5.0(1.05%),B:1.1(0.00%),P:1e-12
0.054	0.001	0.862	0.083
0.001	0.135	0.001	0.863
0.001	0.117	0.770	0.112
0.063	0.873	0.001	0.063
0.049	0.063	0.001	0.887
0.001	0.001	0.062	0.936
0.063	0.829	0.045	0.063
0.054	0.001	0.063	0.882
0.001	0.814	0.184	0.001
0.825	0.049	0.063	0.063
0.101	0.718	0.118	0.063
0.181	0.054	0.001	0.764
