>CCACTAGGGGGC	1-CCACTAGGGGGC	9.660782	-123.405075	0	T:118.0(8.68%),B:664.8(1.40%),P:1e-53	Tpos:252.8,Tstd:153.1,Bpos:222.6,Bstd:132.8,StrandBias:-0.6,Multiplicity:1.03
0.014	0.827	0.104	0.055
0.001	0.997	0.001	0.001
0.780	0.107	0.018	0.095
0.022	0.796	0.116	0.066
0.124	0.214	0.060	0.602
0.856	0.015	0.096	0.033
0.013	0.022	0.964	0.001
0.174	0.022	0.782	0.022
0.048	0.022	0.775	0.155
0.022	0.022	0.934	0.022
0.066	0.055	0.829	0.050
0.101	0.859	0.039	0.001
>ADACAGGAAGTG	2-ADACAGGAAGTG	8.231042	-87.077762	0	T:304.0(22.35%),B:4878.6(10.26%),P:1e-37	Tpos:272.2,Tstd:196.0,Bpos:226.1,Bstd:131.8,StrandBias:-0.1,Multiplicity:1.19
0.450	0.057	0.266	0.227
0.380	0.110	0.267	0.243
0.755	0.086	0.130	0.029
0.037	0.739	0.206	0.018
0.950	0.001	0.001	0.048
0.033	0.001	0.965	0.001
0.193	0.001	0.797	0.009
0.922	0.018	0.059	0.001
0.951	0.001	0.044	0.004
0.157	0.120	0.707	0.016
0.116	0.168	0.098	0.618
0.219	0.078	0.519	0.184
>AACCACATCAAA	3-AACCACATCAAA	9.246685	-78.450598	0	T:103.0(7.57%),B:818.2(1.72%),P:1e-34	Tpos:291.4,Tstd:252.2,Bpos:231.9,Bstd:138.5,StrandBias:-0.1,Multiplicity:1.06
0.498	0.215	0.050	0.236
0.752	0.141	0.053	0.054
0.046	0.899	0.001	0.054
0.095	0.903	0.001	0.001
0.997	0.001	0.001	0.001
0.026	0.927	0.046	0.001
0.777	0.036	0.001	0.186
0.082	0.059	0.133	0.726
0.047	0.596	0.258	0.099
0.860	0.037	0.027	0.076
0.845	0.001	0.100	0.054
0.744	0.027	0.210	0.019
>GATGAGTCATTT	4-GATGAGTCATTT	8.881014	-54.638518	0	T:97.0(7.13%),B:1001.7(2.11%),P:1e-23	Tpos:259.4,Tstd:177.3,Bpos:231.6,Bstd:130.4,StrandBias:0.2,Multiplicity:1.03
0.065	0.135	0.562	0.238
0.543	0.239	0.107	0.111
0.129	0.001	0.001	0.869
0.025	0.001	0.973	0.001
0.855	0.001	0.001	0.143
0.052	0.001	0.867	0.080
0.001	0.001	0.001	0.997
0.068	0.616	0.217	0.099
0.688	0.122	0.001	0.189
0.001	0.178	0.068	0.753
0.271	0.026	0.001	0.702
0.026	0.218	0.123	0.633
>ATGTGGTTTCTG	5-ATGTGGTTTCTG	9.931113	-48.630591	0	T:79.0(5.81%),B:762.0(1.60%),P:1e-21	Tpos:269.8,Tstd:214.1,Bpos:230.1,Bstd:132.4,StrandBias:-0.3,Multiplicity:1.00
0.768	0.041	0.067	0.124
0.041	0.001	0.064	0.894
0.036	0.045	0.918	0.001
0.001	0.001	0.024	0.974
0.087	0.001	0.911	0.001
0.001	0.001	0.879	0.119
0.052	0.369	0.001	0.578
0.001	0.219	0.052	0.728
0.001	0.187	0.001	0.811
0.001	0.713	0.036	0.250
0.060	0.001	0.001	0.938
0.029	0.225	0.487	0.259
>AAACCACAAACC	6-AAACCACAAACC	7.772484	-43.303417	0	T:187.0(13.75%),B:3244.6(6.82%),P:1e-18	Tpos:313.2,Tstd:266.8,Bpos:230.2,Bstd:146.3,StrandBias:0.2,Multiplicity:1.13
0.702	0.148	0.080	0.070
0.759	0.091	0.109	0.041
0.768	0.089	0.084	0.059
0.141	0.722	0.079	0.058
0.099	0.815	0.037	0.049
0.798	0.087	0.026	0.089
0.105	0.770	0.096	0.029
0.807	0.091	0.043	0.059
0.736	0.091	0.112	0.061
0.721	0.119	0.083	0.077
0.148	0.658	0.130	0.064
0.126	0.746	0.043	0.085
>TAGTTTCACTTT	7-TAGTTTCACTTT	9.247359	-40.420408	0	T:79.0(5.81%),B:879.6(1.85%),P:1e-17	Tpos:282.5,Tstd:291.3,Bpos:230.0,Bstd:143.3,StrandBias:-0.3,Multiplicity:1.04
0.048	0.138	0.065	0.749
0.859	0.030	0.043	0.068
0.074	0.122	0.742	0.062
0.038	0.062	0.048	0.852
0.038	0.036	0.038	0.888
0.001	0.044	0.038	0.917
0.019	0.923	0.035	0.023
0.835	0.048	0.038	0.079
0.073	0.671	0.123	0.133
0.064	0.016	0.019	0.901
0.035	0.076	0.062	0.827
0.058	0.077	0.019	0.846
>AGGGGAAACCCC	8-AGGGGAAACCCC	9.150892	-40.232096	0	T:79.0(5.81%),B:882.3(1.86%),P:1e-17	Tpos:282.4,Tstd:222.5,Bpos:226.2,Bstd:131.4,StrandBias:0.2,Multiplicity:1.09
0.754	0.035	0.111	0.100
0.058	0.001	0.887	0.054
0.134	0.001	0.846	0.019
0.022	0.027	0.924	0.027
0.063	0.049	0.869	0.019
0.852	0.072	0.049	0.027
0.874	0.031	0.073	0.022
0.661	0.016	0.215	0.108
0.103	0.757	0.029	0.111
0.085	0.864	0.016	0.035
0.049	0.895	0.001	0.055
0.112	0.827	0.001	0.060
>GTCAGAGAACTA	9-GTCAGAGAACTA	11.141761	-31.476918	0	T:27.0(1.99%),B:138.9(0.29%),P:1e-13	Tpos:262.7,Tstd:160.8,Bpos:237.0,Bstd:129.3,StrandBias:-0.2,Multiplicity:1.04
0.001	0.127	0.856	0.016
0.068	0.001	0.167	0.764
0.001	0.997	0.001	0.001
0.806	0.001	0.001	0.192
0.002	0.216	0.781	0.001
0.997	0.001	0.001	0.001
0.001	0.136	0.862	0.001
0.753	0.001	0.237	0.009
0.694	0.001	0.178	0.127
0.001	0.679	0.001	0.319
0.270	0.001	0.001	0.728
0.805	0.001	0.001	0.193
>GGTTTCCTTTGT	10-GGTTTCCTTTGT	8.951231	-28.556502	0	T:107.0(7.87%),B:1741.7(3.66%),P:1e-12	Tpos:274.8,Tstd:246.4,Bpos:226.4,Bstd:138.5,StrandBias:0.3,Multiplicity:1.04
0.014	0.001	0.871	0.114
0.069	0.039	0.846	0.046
0.031	0.088	0.036	0.845
0.026	0.093	0.076	0.805
0.040	0.080	0.052	0.828
0.001	0.821	0.031	0.147
0.085	0.832	0.029	0.054
0.049	0.015	0.037	0.899
0.061	0.043	0.045	0.851
0.024	0.001	0.091	0.884
0.099	0.112	0.725	0.064
0.106	0.054	0.037	0.803
>CAACCAGCAAAT	11-CAACCAGCAAAT	9.568214	-26.933304	0	T:47.0(3.46%),B:488.3(1.03%),P:1e-11	Tpos:249.3,Tstd:221.2,Bpos:234.1,Bstd:132.1,StrandBias:0.8,Multiplicity:1.04
0.061	0.791	0.055	0.093
0.814	0.144	0.001	0.041
0.749	0.002	0.125	0.124
0.037	0.760	0.101	0.102
0.083	0.865	0.001	0.051
0.948	0.050	0.001	0.001
0.052	0.001	0.844	0.103
0.001	0.811	0.137	0.051
0.804	0.052	0.051	0.093
0.776	0.078	0.145	0.001
0.936	0.062	0.001	0.001
0.087	0.078	0.001	0.834
>AGCCTTTGAAGT	12-AGCCTTTGAAGT	8.843835	-25.448796	0	T:77.0(5.66%),B:1131.3(2.38%),P:1e-11	Tpos:262.7,Tstd:161.7,Bpos:231.5,Bstd:139.0,StrandBias:-0.5,Multiplicity:1.05
0.887	0.014	0.050	0.049
0.101	0.043	0.785	0.071
0.048	0.871	0.062	0.019
0.030	0.883	0.001	0.086
0.047	0.025	0.024	0.904
0.047	0.053	0.047	0.853
0.081	0.001	0.050	0.868
0.082	0.083	0.827	0.008
0.735	0.044	0.048	0.173
0.805	0.024	0.073	0.098
0.080	0.110	0.774	0.036
0.117	0.042	0.025	0.816
>ATGGGCGGGGCC	13-ATGGGCGGGGCC	8.081713	-25.412723	0	T:171.0(12.57%),B:3497.3(7.35%),P:1e-11	Tpos:273.5,Tstd:227.1,Bpos:227.4,Bstd:142.5,StrandBias:-0.0,Multiplicity:1.38
0.781	0.053	0.072	0.094
0.102	0.018	0.195	0.685
0.014	0.001	0.938	0.047
0.001	0.052	0.872	0.075
0.001	0.001	0.946	0.052
0.131	0.772	0.058	0.039
0.016	0.040	0.908	0.036
0.029	0.010	0.890	0.071
0.109	0.072	0.818	0.001
0.090	0.057	0.835	0.018
0.087	0.818	0.047	0.048
0.106	0.743	0.039	0.112
>CTTCCCACTTCT	14-CTTCCCACTTCT	9.766804	-25.109903	0	T:61.0(4.49%),B:793.4(1.67%),P:1e-10	Tpos:260.5,Tstd:232.8,Bpos:223.4,Bstd:128.6,StrandBias:-0.1,Multiplicity:1.02
0.170	0.775	0.001	0.054
0.041	0.104	0.048	0.807
0.075	0.108	0.070	0.747
0.001	0.844	0.085	0.070
0.102	0.850	0.001	0.047
0.011	0.948	0.030	0.011
0.865	0.030	0.057	0.048
0.059	0.793	0.042	0.106
0.044	0.064	0.009	0.883
0.043	0.060	0.071	0.826
0.031	0.824	0.132	0.013
0.057	0.065	0.030	0.848
>TCAAAGGGCGCG	15-TCAAAGGGCGCG	9.813993	-22.398165	0	T:26.0(1.91%),B:192.1(0.40%),P:1e-9	Tpos:244.2,Tstd:186.6,Bpos:225.5,Bstd:141.4,StrandBias:0.4,Multiplicity:1.00
0.001	0.165	0.016	0.818
0.037	0.961	0.001	0.001
0.909	0.029	0.061	0.001
0.724	0.038	0.237	0.001
0.909	0.029	0.001	0.061
0.061	0.061	0.877	0.001
0.001	0.122	0.816	0.061
0.122	0.099	0.778	0.001
0.093	0.845	0.001	0.061
0.093	0.050	0.746	0.111
0.131	0.769	0.001	0.099
0.142	0.001	0.856	0.001
>GAAAACGTCATT	16-GAAAACGTCATT	9.982158	-20.766319	0	T:17.0(1.25%),B:85.8(0.18%),P:1e-9	Tpos:256.7,Tstd:175.8,Bpos:214.7,Bstd:136.4,StrandBias:-0.5,Multiplicity:1.00
0.001	0.001	0.604	0.394
0.761	0.189	0.001	0.049
0.997	0.001	0.001	0.001
0.997	0.001	0.001	0.001
0.809	0.189	0.001	0.001
0.001	0.951	0.001	0.047
0.001	0.018	0.965	0.016
0.189	0.205	0.001	0.605
0.032	0.778	0.001	0.189
0.997	0.001	0.001	0.001
0.001	0.016	0.379	0.604
0.001	0.189	0.001	0.809
>CCTTTTTAAGTM	17-CCTTTTTAAGTM	10.376402	-20.716010	0	T:25.0(1.84%),B:193.4(0.41%),P:1e-8	Tpos:249.1,Tstd:188.1,Bpos:214.9,Bstd:140.7,StrandBias:0.1,Multiplicity:1.04
0.001	0.731	0.157	0.111
0.001	0.832	0.001	0.166
0.001	0.091	0.001	0.907
0.001	0.001	0.171	0.827
0.001	0.001	0.150	0.848
0.001	0.001	0.001	0.997
0.058	0.092	0.001	0.849
0.660	0.001	0.001	0.338
0.815	0.001	0.183	0.001
0.092	0.326	0.581	0.001
0.001	0.001	0.074	0.924
0.509	0.398	0.092	0.001
>ATTGTGTTCGAA	18-ATTGTGTTCGAA	14.042917	-19.696714	0	T:6.0(0.44%),B:4.4(0.01%),P:1e-8	Tpos:211.7,Tstd:156.6,Bpos:153.7,Bstd:66.0,StrandBias:0.0,Multiplicity:1.00
0.997	0.001	0.001	0.001
0.001	0.001	0.001	0.997
0.001	0.001	0.001	0.997
0.001	0.001	0.997	0.001
0.001	0.001	0.001	0.997
0.001	0.001	0.997	0.001
0.001	0.001	0.001	0.997
0.001	0.001	0.166	0.832
0.166	0.832	0.001	0.001
0.166	0.001	0.832	0.001
0.667	0.166	0.001	0.166
0.997	0.001	0.001	0.001
>GGAGGCGTGGCC	19-GGAGGCGTGGCC	13.410022	-19.660815	0	T:18.0(1.32%),B:104.4(0.22%),P:1e-8	Tpos:346.2,Tstd:248.0,Bpos:209.8,Bstd:141.0,StrandBias:-0.7,Multiplicity:1.00
0.001	0.001	0.997	0.001
0.001	0.001	0.792	0.206
0.997	0.001	0.001	0.001
0.001	0.001	0.997	0.001
0.001	0.001	0.997	0.001
0.001	0.909	0.089	0.001
0.133	0.001	0.865	0.001
0.001	0.001	0.201	0.797
0.001	0.001	0.997	0.001
0.001	0.001	0.997	0.001
0.001	0.903	0.095	0.001
0.001	0.922	0.001	0.076
>CTTTTAATTTTT	20-CTTTTAATTTTT	11.100606	-19.044362	0	T:23.0(1.69%),B:179.8(0.38%),P:1e-8	Tpos:265.1,Tstd:186.8,Bpos:220.4,Bstd:146.4,StrandBias:1.2,Multiplicity:1.00
0.012	0.728	0.097	0.163
0.013	0.015	0.001	0.971
0.039	0.054	0.001	0.906
0.028	0.020	0.015	0.937
0.050	0.218	0.017	0.715
0.786	0.171	0.020	0.023
0.692	0.098	0.001	0.209
0.178	0.194	0.001	0.627
0.074	0.126	0.099	0.701
0.038	0.001	0.255	0.706
0.118	0.175	0.039	0.668
0.056	0.213	0.001	0.730
>CTTCAAAGAGCT	21-CTTCAAAGAGCT	8.453804	-18.664877	0	T:55.0(4.04%),B:806.2(1.70%),P:1e-8	Tpos:275.3,Tstd:198.1,Bpos:234.1,Bstd:135.4,StrandBias:0.3,Multiplicity:1.04
0.145	0.624	0.072	0.159
0.207	0.007	0.005	0.781
0.079	0.110	0.196	0.615
0.109	0.678	0.168	0.045
0.757	0.118	0.001	0.124
0.527	0.163	0.239	0.071
0.673	0.009	0.202	0.116
0.147	0.183	0.588	0.082
0.654	0.054	0.135	0.157
0.153	0.148	0.596	0.103
0.222	0.604	0.115	0.059
0.119	0.212	0.056	0.613
>AATATGGCTTTG	22-AATATGGCTTTG	12.265811	-17.880687	0	T:11.0(0.81%),B:38.0(0.08%),P:1e-7	Tpos:197.7,Tstd:191.2,Bpos:250.9,Bstd:119.5,StrandBias:0.3,Multiplicity:1.00
0.997	0.001	0.001	0.001
0.758	0.108	0.133	0.001
0.001	0.001	0.001	0.997
0.891	0.001	0.107	0.001
0.001	0.001	0.001	0.997
0.001	0.001	0.997	0.001
0.118	0.001	0.880	0.001
0.001	0.997	0.001	0.001
0.001	0.001	0.001	0.997
0.188	0.001	0.001	0.810
0.001	0.001	0.001	0.997
0.001	0.153	0.845	0.001
>CAACCATGCTCA	23-CAACCATGCTCA	10.382559	-11.808088	0	T:21.0(1.54%),B:236.0(0.50%),P:1e-5	Tpos:222.0,Tstd:146.5,Bpos:218.8,Bstd:141.4,StrandBias:0.4,Multiplicity:1.15
0.195	0.803	0.001	0.001
0.832	0.166	0.001	0.001
0.860	0.001	0.138	0.001
0.001	0.997	0.001	0.001
0.001	0.901	0.001	0.097
0.803	0.001	0.195	0.001
0.236	0.001	0.001	0.762
0.001	0.001	0.997	0.001
0.001	0.901	0.097	0.001
0.195	0.001	0.001	0.803
0.001	0.654	0.098	0.247
0.706	0.001	0.292	0.001
>GAAACCCTGTAT	24-GAAACCCTGTAT	15.097404	-7.821786	0	T:2.0(0.15%),B:0.0(0.00%),P:1e-3	Tpos:172.0,Tstd:51.3,Bpos:0.0,Bstd:0.0,StrandBias:10.0,Multiplicity:2.50
0.001	0.001	0.997	0.001
0.997	0.001	0.001	0.001
0.997	0.001	0.001	0.001
0.997	0.001	0.001	0.001
0.001	0.997	0.001	0.001
0.001	0.997	0.001	0.001
0.001	0.997	0.001	0.001
0.001	0.001	0.222	0.776
0.001	0.001	0.997	0.001
0.001	0.001	0.001	0.997
0.997	0.001	0.001	0.001
0.001	0.001	0.001	0.997
>ACTAACYATAGA	25-ACTAACYATAGA	13.408568	-4.678513	0	T:2.0(0.15%),B:5.6(0.01%),P:1e-2	Tpos:196.5,Tstd:79.4,Bpos:220.6,Bstd:120.0,StrandBias:3.3,Multiplicity:5.50
0.997	0.001	0.001	0.001
0.001	0.997	0.001	0.001
0.001	0.001	0.001	0.997
0.997	0.001	0.001	0.001
0.922	0.001	0.001	0.076
0.001	0.997	0.001	0.001
0.001	0.460	0.001	0.538
0.997	0.001	0.001	0.001
0.001	0.001	0.001	0.997
0.997	0.001	0.001	0.001
0.001	0.001	0.997	0.001
0.997	0.001	0.001	0.001
