>ACAGGAAGTG	1-ACAGGAAGTG	7.739525	-81.056451	0	T:285.0(20.96%),B:4572.7(9.62%),P:1e-35	Tpos:288.8,Tstd:205.0,Bpos:226.5,Bstd:132.6,StrandBias:0.0,Multiplicity:1.17
0.785	0.028	0.144	0.043
0.046	0.816	0.098	0.040
0.750	0.059	0.074	0.117
0.037	0.020	0.935	0.008
0.087	0.010	0.833	0.070
0.875	0.017	0.035	0.073
0.887	0.057	0.031	0.025
0.118	0.065	0.790	0.027
0.097	0.155	0.063	0.685
0.133	0.076	0.652	0.139
>TGTGGTTTCG	2-TGTGGTTTCG	6.498453	-73.131320	0	T:296.0(21.76%),B:5071.0(10.66%),P:1e-31	Tpos:283.9,Tstd:244.9,Bpos:229.3,Bstd:141.5,StrandBias:0.1,Multiplicity:1.21
0.199	0.116	0.127	0.558
0.078	0.098	0.641	0.183
0.183	0.118	0.101	0.598
0.083	0.099	0.745	0.073
0.048	0.078	0.776	0.098
0.012	0.131	0.091	0.766
0.123	0.073	0.086	0.718
0.132	0.097	0.143	0.628
0.139	0.479	0.153	0.229
0.145	0.207	0.413	0.235
>VTKANTCABH	3-VTKANTCABH	6.534879	-68.941673	0	T:187.0(13.75%),B:2578.1(5.42%),P:1e-29	Tpos:273.3,Tstd:203.9,Bpos:228.2,Bstd:132.0,StrandBias:-0.2,Multiplicity:1.14
0.354	0.240	0.218	0.188
0.182	0.102	0.001	0.715
0.001	0.084	0.516	0.399
0.976	0.001	0.001	0.022
0.191	0.310	0.315	0.184
0.001	0.001	0.001	0.997
0.261	0.634	0.104	0.001
0.517	0.084	0.070	0.329
0.130	0.251	0.253	0.366
0.347	0.260	0.183	0.211
>TTTGATGTGG	4-TTTGATGTGG	8.590770	-64.594620	0	T:96.0(7.06%),B:855.2(1.80%),P:1e-28	Tpos:329.1,Tstd:280.0,Bpos:228.0,Bstd:141.4,StrandBias:0.4,Multiplicity:1.04
0.001	0.081	0.001	0.917
0.052	0.021	0.004	0.923
0.038	0.001	0.001	0.960
0.015	0.106	0.861	0.018
0.877	0.008	0.001	0.114
0.230	0.042	0.007	0.721
0.001	0.009	0.986	0.004
0.011	0.001	0.001	0.987
0.001	0.001	0.997	0.001
0.009	0.001	0.947	0.043
>CCCCCTAGTG	5-CCCCCTAGTG	8.553721	-59.751312	0	T:88.0(6.47%),B:778.8(1.64%),P:1e-25	Tpos:249.6,Tstd:172.3,Bpos:225.6,Bstd:128.7,StrandBias:0.3,Multiplicity:1.01
0.013	0.976	0.001	0.010
0.010	0.964	0.025	0.001
0.230	0.740	0.001	0.029
0.022	0.758	0.001	0.219
0.001	0.997	0.001	0.001
0.006	0.017	0.015	0.962
0.930	0.018	0.051	0.001
0.031	0.010	0.958	0.001
0.011	0.020	0.063	0.906
0.001	0.001	0.997	0.001
>GTTTCAGTTY	6-GTTTCAGTTY	6.331890	-55.883228	0	T:151.0(11.10%),B:2070.0(4.35%),P:1e-24	Tpos:272.9,Tstd:218.6,Bpos:227.1,Bstd:142.0,StrandBias:-0.3,Multiplicity:1.05
0.015	0.194	0.536	0.255
0.013	0.206	0.169	0.612
0.297	0.017	0.094	0.592
0.141	0.170	0.167	0.522
0.009	0.811	0.167	0.013
0.502	0.014	0.254	0.230
0.171	0.247	0.415	0.167
0.364	0.006	0.017	0.613
0.177	0.224	0.175	0.425
0.247	0.332	0.014	0.407
>GCTTTGTGGT	7-GCTTTGTGGT	6.835327	-39.686258	0	T:342.0(25.15%),B:7632.2(16.05%),P:1e-17	Tpos:264.9,Tstd:226.0,Bpos:225.4,Bstd:137.0,StrandBias:-0.1,Multiplicity:1.21
0.046	0.079	0.750	0.125
0.041	0.786	0.076	0.097
0.045	0.051	0.072	0.832
0.060	0.097	0.050	0.793
0.046	0.066	0.061	0.827
0.037	0.084	0.833	0.046
0.101	0.064	0.023	0.812
0.116	0.036	0.808	0.040
0.096	0.080	0.737	0.087
0.065	0.049	0.058	0.828
>ASATCARACG	8-ASATCARACG	7.160570	-39.320655	0	T:248.0(18.24%),B:4989.2(10.49%),P:1e-17	Tpos:290.7,Tstd:233.2,Bpos:231.1,Bstd:135.9,StrandBias:-0.1,Multiplicity:1.07
0.596	0.001	0.001	0.402
0.001	0.552	0.446	0.001
0.821	0.001	0.177	0.001
0.001	0.304	0.072	0.623
0.001	0.818	0.001	0.180
0.856	0.142	0.001	0.001
0.321	0.262	0.415	0.001
0.997	0.001	0.001	0.001
0.212	0.684	0.103	0.001
0.016	0.287	0.605	0.092
>AKCTTCAAAG	9-AKCTTCAAAG	8.073358	-33.944753	0	T:167.0(12.28%),B:3052.9(6.42%),P:1e-14	Tpos:279.7,Tstd:208.5,Bpos:226.8,Bstd:137.9,StrandBias:0.1,Multiplicity:1.15
0.494	0.294	0.184	0.028
0.093	0.026	0.455	0.425
0.001	0.626	0.015	0.358
0.175	0.043	0.002	0.780
0.001	0.001	0.001	0.997
0.001	0.849	0.149	0.001
0.989	0.001	0.001	0.009
0.985	0.001	0.006	0.008
0.997	0.001	0.001	0.001
0.001	0.001	0.997	0.001
>GCCMCGCCYC	10-GCCMCGCCYC	6.446093	-30.859309	0	T:304.0(22.35%),B:6993.6(14.71%),P:1e-13	Tpos:311.0,Tstd:245.7,Bpos:227.0,Bstd:147.8,StrandBias:0.3,Multiplicity:1.66
0.186	0.202	0.429	0.182
0.140	0.498	0.113	0.250
0.207	0.535	0.094	0.164
0.456	0.318	0.064	0.162
0.086	0.841	0.015	0.058
0.180	0.052	0.655	0.113
0.046	0.824	0.033	0.097
0.052	0.761	0.054	0.133
0.026	0.353	0.147	0.473
0.090	0.614	0.104	0.192
>GGGAAACCCC	11-GGGAAACCCC	7.001304	-30.513328	0	T:262.0(19.26%),B:5792.5(12.18%),P:1e-13	Tpos:277.5,Tstd:210.9,Bpos:232.6,Bstd:137.5,StrandBias:0.2,Multiplicity:1.17
0.112	0.050	0.755	0.083
0.068	0.021	0.849	0.062
0.148	0.035	0.784	0.033
0.820	0.074	0.067	0.039
0.864	0.034	0.050	0.052
0.722	0.058	0.117	0.103
0.068	0.719	0.113	0.100
0.076	0.823	0.058	0.043
0.022	0.867	0.038	0.073
0.077	0.804	0.049	0.070
>CCGCCCTTTT	12-CCGCCCTTTT	6.477299	-29.353192	0	T:315.0(23.16%),B:7407.0(15.57%),P:1e-12	Tpos:295.2,Tstd:222.0,Bpos:229.0,Bstd:142.6,StrandBias:-0.3,Multiplicity:1.17
0.036	0.796	0.102	0.066
0.092	0.763	0.054	0.091
0.053	0.050	0.863	0.034
0.065	0.808	0.099	0.028
0.058	0.848	0.051	0.043
0.066	0.767	0.081	0.086
0.073	0.062	0.040	0.825
0.065	0.124	0.063	0.748
0.070	0.041	0.075	0.814
0.024	0.055	0.146	0.775
>TTCATTTCCG	13-TTCATTTCCG	8.178812	-28.490931	0	T:90.0(6.62%),B:1348.9(2.84%),P:1e-12	Tpos:230.6,Tstd:161.5,Bpos:234.0,Bstd:136.9,StrandBias:0.1,Multiplicity:1.06
0.161	0.112	0.111	0.616
0.202	0.046	0.033	0.719
0.040	0.924	0.003	0.033
0.771	0.037	0.123	0.069
0.001	0.120	0.006	0.873
0.001	0.001	0.145	0.853
0.001	0.004	0.001	0.994
0.210	0.788	0.001	0.001
0.219	0.722	0.057	0.002
0.001	0.043	0.860	0.096
>AAGGCTCTGC	14-AAGGCTCTGC	8.077745	-20.857645	0	T:75.0(5.51%),B:1206.5(2.54%),P:1e-9	Tpos:245.9,Tstd:211.6,Bpos:230.9,Bstd:134.3,StrandBias:0.1,Multiplicity:1.04
0.632	0.202	0.043	0.123
0.706	0.025	0.018	0.251
0.042	0.080	0.865	0.013
0.138	0.218	0.431	0.213
0.192	0.660	0.064	0.084
0.066	0.265	0.188	0.481
0.011	0.653	0.311	0.025
0.031	0.055	0.337	0.577
0.065	0.031	0.848	0.056
0.035	0.626	0.315	0.024
>GAAACTAAGT	15-GAAACTAAGT	8.145967	-20.566872	0	T:65.0(4.78%),B:983.5(2.07%),P:1e-8	Tpos:228.6,Tstd:146.2,Bpos:237.4,Bstd:137.5,StrandBias:-0.3,Multiplicity:1.03
0.065	0.167	0.767	0.001
0.756	0.035	0.015	0.194
0.790	0.001	0.172	0.037
0.847	0.002	0.010	0.141
0.001	0.862	0.019	0.118
0.001	0.001	0.167	0.831
0.732	0.083	0.037	0.148
0.745	0.193	0.001	0.061
0.062	0.029	0.822	0.087
0.001	0.001	0.044	0.954
>CGCTATCTTA	16-CGCTATCTTA	10.184575	-19.701818	0	T:14.0(1.03%),B:58.4(0.12%),P:1e-8	Tpos:264.6,Tstd:156.8,Bpos:219.0,Bstd:140.6,StrandBias:0.0,Multiplicity:1.00
0.001	0.878	0.065	0.056
0.065	0.001	0.933	0.001
0.001	0.815	0.183	0.001
0.001	0.001	0.001	0.997
0.997	0.001	0.001	0.001
0.001	0.001	0.001	0.997
0.001	0.815	0.183	0.001
0.001	0.001	0.001	0.997
0.001	0.001	0.001	0.997
0.739	0.130	0.130	0.001
>CMANDGGCTG	17-CMANDGGCTG	10.323192	-10.633195	0	T:54.0(3.97%),B:1028.6(2.16%),P:1e-4	Tpos:260.4,Tstd:252.3,Bpos:225.6,Bstd:132.4,StrandBias:0.1,Multiplicity:1.10
0.001	0.997	0.001	0.001
0.572	0.426	0.001	0.001
0.932	0.066	0.001	0.001
0.243	0.333	0.191	0.234
0.314	0.082	0.372	0.231
0.031	0.001	0.967	0.001
0.001	0.001	0.997	0.001
0.001	0.997	0.001	0.001
0.001	0.001	0.001	0.997
0.048	0.001	0.950	0.001
>CTATAGTTAG	18-CTATAGTTAG	8.000059	-7.286715	0	T:14.0(1.03%),B:175.4(0.37%),P:1e-3	Tpos:249.6,Tstd:177.8,Bpos:229.4,Bstd:139.6,StrandBias:-1.5,Multiplicity:1.64
0.001	0.997	0.001	0.001
0.001	0.062	0.001	0.936
0.997	0.001	0.001	0.001
0.001	0.001	0.001	0.997
0.669	0.001	0.281	0.049
0.001	0.001	0.997	0.001
0.001	0.001	0.001	0.997
0.070	0.001	0.001	0.928
0.997	0.001	0.001	0.001
0.001	0.001	0.997	0.001
>CCACTAGGGGGC	1-CCACTAGGGGGC	9.660782	-123.405075	0	T:118.0(8.68%),B:664.8(1.40%),P:1e-53	Tpos:252.8,Tstd:153.1,Bpos:222.6,Bstd:132.8,StrandBias:-0.6,Multiplicity:1.03
0.014	0.827	0.104	0.055
0.001	0.997	0.001	0.001
0.780	0.107	0.018	0.095
0.022	0.796	0.116	0.066
0.124	0.214	0.060	0.602
0.856	0.015	0.096	0.033
0.013	0.022	0.964	0.001
0.174	0.022	0.782	0.022
0.048	0.022	0.775	0.155
0.022	0.022	0.934	0.022
0.066	0.055	0.829	0.050
0.101	0.859	0.039	0.001
>ADACAGGAAGTG	2-ADACAGGAAGTG	8.231042	-87.077762	0	T:304.0(22.35%),B:4878.6(10.26%),P:1e-37	Tpos:272.2,Tstd:196.0,Bpos:226.1,Bstd:131.8,StrandBias:-0.1,Multiplicity:1.19
0.450	0.057	0.266	0.227
0.380	0.110	0.267	0.243
0.755	0.086	0.130	0.029
0.037	0.739	0.206	0.018
0.950	0.001	0.001	0.048
0.033	0.001	0.965	0.001
0.193	0.001	0.797	0.009
0.922	0.018	0.059	0.001
0.951	0.001	0.044	0.004
0.157	0.120	0.707	0.016
0.116	0.168	0.098	0.618
0.219	0.078	0.519	0.184
>AACCACATCAAA	3-AACCACATCAAA	9.246685	-78.450598	0	T:103.0(7.57%),B:818.2(1.72%),P:1e-34	Tpos:291.4,Tstd:252.2,Bpos:231.9,Bstd:138.5,StrandBias:-0.1,Multiplicity:1.06
0.498	0.215	0.050	0.236
0.752	0.141	0.053	0.054
0.046	0.899	0.001	0.054
0.095	0.903	0.001	0.001
0.997	0.001	0.001	0.001
0.026	0.927	0.046	0.001
0.777	0.036	0.001	0.186
0.082	0.059	0.133	0.726
0.047	0.596	0.258	0.099
0.860	0.037	0.027	0.076
0.845	0.001	0.100	0.054
0.744	0.027	0.210	0.019
>GATGAGTCATTT	4-GATGAGTCATTT	8.881014	-54.638518	0	T:97.0(7.13%),B:1001.7(2.11%),P:1e-23	Tpos:259.4,Tstd:177.3,Bpos:231.6,Bstd:130.4,StrandBias:0.2,Multiplicity:1.03
0.065	0.135	0.562	0.238
0.543	0.239	0.107	0.111
0.129	0.001	0.001	0.869
0.025	0.001	0.973	0.001
0.855	0.001	0.001	0.143
0.052	0.001	0.867	0.080
0.001	0.001	0.001	0.997
0.068	0.616	0.217	0.099
0.688	0.122	0.001	0.189
0.001	0.178	0.068	0.753
0.271	0.026	0.001	0.702
0.026	0.218	0.123	0.633
>ATGTGGTTTCTG	5-ATGTGGTTTCTG	9.931113	-48.630591	0	T:79.0(5.81%),B:762.0(1.60%),P:1e-21	Tpos:269.8,Tstd:214.1,Bpos:230.1,Bstd:132.4,StrandBias:-0.3,Multiplicity:1.00
0.768	0.041	0.067	0.124
0.041	0.001	0.064	0.894
0.036	0.045	0.918	0.001
0.001	0.001	0.024	0.974
0.087	0.001	0.911	0.001
0.001	0.001	0.879	0.119
0.052	0.369	0.001	0.578
0.001	0.219	0.052	0.728
0.001	0.187	0.001	0.811
0.001	0.713	0.036	0.250
0.060	0.001	0.001	0.938
0.029	0.225	0.487	0.259
>AAACCACAAACC	6-AAACCACAAACC	7.772484	-43.303417	0	T:187.0(13.75%),B:3244.6(6.82%),P:1e-18	Tpos:313.2,Tstd:266.8,Bpos:230.2,Bstd:146.3,StrandBias:0.2,Multiplicity:1.13
0.702	0.148	0.080	0.070
0.759	0.091	0.109	0.041
0.768	0.089	0.084	0.059
0.141	0.722	0.079	0.058
0.099	0.815	0.037	0.049
0.798	0.087	0.026	0.089
0.105	0.770	0.096	0.029
0.807	0.091	0.043	0.059
0.736	0.091	0.112	0.061
0.721	0.119	0.083	0.077
0.148	0.658	0.130	0.064
0.126	0.746	0.043	0.085
>TAGTTTCACTTT	7-TAGTTTCACTTT	9.247359	-40.420408	0	T:79.0(5.81%),B:879.6(1.85%),P:1e-17	Tpos:282.5,Tstd:291.3,Bpos:230.0,Bstd:143.3,StrandBias:-0.3,Multiplicity:1.04
0.048	0.138	0.065	0.749
0.859	0.030	0.043	0.068
0.074	0.122	0.742	0.062
0.038	0.062	0.048	0.852
0.038	0.036	0.038	0.888
0.001	0.044	0.038	0.917
0.019	0.923	0.035	0.023
0.835	0.048	0.038	0.079
0.073	0.671	0.123	0.133
0.064	0.016	0.019	0.901
0.035	0.076	0.062	0.827
0.058	0.077	0.019	0.846
>AGGGGAAACCCC	8-AGGGGAAACCCC	9.150892	-40.232096	0	T:79.0(5.81%),B:882.3(1.86%),P:1e-17	Tpos:282.4,Tstd:222.5,Bpos:226.2,Bstd:131.4,StrandBias:0.2,Multiplicity:1.09
0.754	0.035	0.111	0.100
0.058	0.001	0.887	0.054
0.134	0.001	0.846	0.019
0.022	0.027	0.924	0.027
0.063	0.049	0.869	0.019
0.852	0.072	0.049	0.027
0.874	0.031	0.073	0.022
0.661	0.016	0.215	0.108
0.103	0.757	0.029	0.111
0.085	0.864	0.016	0.035
0.049	0.895	0.001	0.055
0.112	0.827	0.001	0.060
>GTCAGAGAACTA	9-GTCAGAGAACTA	11.141761	-31.476918	0	T:27.0(1.99%),B:138.9(0.29%),P:1e-13	Tpos:262.7,Tstd:160.8,Bpos:237.0,Bstd:129.3,StrandBias:-0.2,Multiplicity:1.04
0.001	0.127	0.856	0.016
0.068	0.001	0.167	0.764
0.001	0.997	0.001	0.001
0.806	0.001	0.001	0.192
0.002	0.216	0.781	0.001
0.997	0.001	0.001	0.001
0.001	0.136	0.862	0.001
0.753	0.001	0.237	0.009
0.694	0.001	0.178	0.127
0.001	0.679	0.001	0.319
0.270	0.001	0.001	0.728
0.805	0.001	0.001	0.193
>GGTTTCCTTTGT	10-GGTTTCCTTTGT	8.951231	-28.556502	0	T:107.0(7.87%),B:1741.7(3.66%),P:1e-12	Tpos:274.8,Tstd:246.4,Bpos:226.4,Bstd:138.5,StrandBias:0.3,Multiplicity:1.04
0.014	0.001	0.871	0.114
0.069	0.039	0.846	0.046
0.031	0.088	0.036	0.845
0.026	0.093	0.076	0.805
0.040	0.080	0.052	0.828
0.001	0.821	0.031	0.147
0.085	0.832	0.029	0.054
0.049	0.015	0.037	0.899
0.061	0.043	0.045	0.851
0.024	0.001	0.091	0.884
0.099	0.112	0.725	0.064
0.106	0.054	0.037	0.803
>CAACCAGCAAAT	11-CAACCAGCAAAT	9.568214	-26.933304	0	T:47.0(3.46%),B:488.3(1.03%),P:1e-11	Tpos:249.3,Tstd:221.2,Bpos:234.1,Bstd:132.1,StrandBias:0.8,Multiplicity:1.04
0.061	0.791	0.055	0.093
0.814	0.144	0.001	0.041
0.749	0.002	0.125	0.124
0.037	0.760	0.101	0.102
0.083	0.865	0.001	0.051
0.948	0.050	0.001	0.001
0.052	0.001	0.844	0.103
0.001	0.811	0.137	0.051
0.804	0.052	0.051	0.093
0.776	0.078	0.145	0.001
0.936	0.062	0.001	0.001
0.087	0.078	0.001	0.834
>AGCCTTTGAAGT	12-AGCCTTTGAAGT	8.843835	-25.448796	0	T:77.0(5.66%),B:1131.3(2.38%),P:1e-11	Tpos:262.7,Tstd:161.7,Bpos:231.5,Bstd:139.0,StrandBias:-0.5,Multiplicity:1.05
0.887	0.014	0.050	0.049
0.101	0.043	0.785	0.071
0.048	0.871	0.062	0.019
0.030	0.883	0.001	0.086
0.047	0.025	0.024	0.904
0.047	0.053	0.047	0.853
0.081	0.001	0.050	0.868
0.082	0.083	0.827	0.008
0.735	0.044	0.048	0.173
0.805	0.024	0.073	0.098
0.080	0.110	0.774	0.036
0.117	0.042	0.025	0.816
>ATGGGCGGGGCC	13-ATGGGCGGGGCC	8.081713	-25.412723	0	T:171.0(12.57%),B:3497.3(7.35%),P:1e-11	Tpos:273.5,Tstd:227.1,Bpos:227.4,Bstd:142.5,StrandBias:-0.0,Multiplicity:1.38
0.781	0.053	0.072	0.094
0.102	0.018	0.195	0.685
0.014	0.001	0.938	0.047
0.001	0.052	0.872	0.075
0.001	0.001	0.946	0.052
0.131	0.772	0.058	0.039
0.016	0.040	0.908	0.036
0.029	0.010	0.890	0.071
0.109	0.072	0.818	0.001
0.090	0.057	0.835	0.018
0.087	0.818	0.047	0.048
0.106	0.743	0.039	0.112
>CTTCCCACTTCT	14-CTTCCCACTTCT	9.766804	-25.109903	0	T:61.0(4.49%),B:793.4(1.67%),P:1e-10	Tpos:260.5,Tstd:232.8,Bpos:223.4,Bstd:128.6,StrandBias:-0.1,Multiplicity:1.02
0.170	0.775	0.001	0.054
0.041	0.104	0.048	0.807
0.075	0.108	0.070	0.747
0.001	0.844	0.085	0.070
0.102	0.850	0.001	0.047
0.011	0.948	0.030	0.011
0.865	0.030	0.057	0.048
0.059	0.793	0.042	0.106
0.044	0.064	0.009	0.883
0.043	0.060	0.071	0.826
0.031	0.824	0.132	0.013
0.057	0.065	0.030	0.848
>TCAAAGGGCGCG	15-TCAAAGGGCGCG	9.813993	-22.398165	0	T:26.0(1.91%),B:192.1(0.40%),P:1e-9	Tpos:244.2,Tstd:186.6,Bpos:225.5,Bstd:141.4,StrandBias:0.4,Multiplicity:1.00
0.001	0.165	0.016	0.818
0.037	0.961	0.001	0.001
0.909	0.029	0.061	0.001
0.724	0.038	0.237	0.001
0.909	0.029	0.001	0.061
0.061	0.061	0.877	0.001
0.001	0.122	0.816	0.061
0.122	0.099	0.778	0.001
0.093	0.845	0.001	0.061
0.093	0.050	0.746	0.111
0.131	0.769	0.001	0.099
0.142	0.001	0.856	0.001
>GAAAACGTCATT	16-GAAAACGTCATT	9.982158	-20.766319	0	T:17.0(1.25%),B:85.8(0.18%),P:1e-9	Tpos:256.7,Tstd:175.8,Bpos:214.7,Bstd:136.4,StrandBias:-0.5,Multiplicity:1.00
0.001	0.001	0.604	0.394
0.761	0.189	0.001	0.049
0.997	0.001	0.001	0.001
0.997	0.001	0.001	0.001
0.809	0.189	0.001	0.001
0.001	0.951	0.001	0.047
0.001	0.018	0.965	0.016
0.189	0.205	0.001	0.605
0.032	0.778	0.001	0.189
0.997	0.001	0.001	0.001
0.001	0.016	0.379	0.604
0.001	0.189	0.001	0.809
>CCTTTTTAAGTM	17-CCTTTTTAAGTM	10.376402	-20.716010	0	T:25.0(1.84%),B:193.4(0.41%),P:1e-8	Tpos:249.1,Tstd:188.1,Bpos:214.9,Bstd:140.7,StrandBias:0.1,Multiplicity:1.04
0.001	0.731	0.157	0.111
0.001	0.832	0.001	0.166
0.001	0.091	0.001	0.907
0.001	0.001	0.171	0.827
0.001	0.001	0.150	0.848
0.001	0.001	0.001	0.997
0.058	0.092	0.001	0.849
0.660	0.001	0.001	0.338
0.815	0.001	0.183	0.001
0.092	0.326	0.581	0.001
0.001	0.001	0.074	0.924
0.509	0.398	0.092	0.001
>ATTGTGTTCGAA	18-ATTGTGTTCGAA	14.042917	-19.696714	0	T:6.0(0.44%),B:4.4(0.01%),P:1e-8	Tpos:211.7,Tstd:156.6,Bpos:153.7,Bstd:66.0,StrandBias:0.0,Multiplicity:1.00
0.997	0.001	0.001	0.001
0.001	0.001	0.001	0.997
0.001	0.001	0.001	0.997
0.001	0.001	0.997	0.001
0.001	0.001	0.001	0.997
0.001	0.001	0.997	0.001
0.001	0.001	0.001	0.997
0.001	0.001	0.166	0.832
0.166	0.832	0.001	0.001
0.166	0.001	0.832	0.001
0.667	0.166	0.001	0.166
0.997	0.001	0.001	0.001
>GGAGGCGTGGCC	19-GGAGGCGTGGCC	13.410022	-19.660815	0	T:18.0(1.32%),B:104.4(0.22%),P:1e-8	Tpos:346.2,Tstd:248.0,Bpos:209.8,Bstd:141.0,StrandBias:-0.7,Multiplicity:1.00
0.001	0.001	0.997	0.001
0.001	0.001	0.792	0.206
0.997	0.001	0.001	0.001
0.001	0.001	0.997	0.001
0.001	0.001	0.997	0.001
0.001	0.909	0.089	0.001
0.133	0.001	0.865	0.001
0.001	0.001	0.201	0.797
0.001	0.001	0.997	0.001
0.001	0.001	0.997	0.001
0.001	0.903	0.095	0.001
0.001	0.922	0.001	0.076
>CTTTTAATTTTT	20-CTTTTAATTTTT	11.100606	-19.044362	0	T:23.0(1.69%),B:179.8(0.38%),P:1e-8	Tpos:265.1,Tstd:186.8,Bpos:220.4,Bstd:146.4,StrandBias:1.2,Multiplicity:1.00
0.012	0.728	0.097	0.163
0.013	0.015	0.001	0.971
0.039	0.054	0.001	0.906
0.028	0.020	0.015	0.937
0.050	0.218	0.017	0.715
0.786	0.171	0.020	0.023
0.692	0.098	0.001	0.209
0.178	0.194	0.001	0.627
0.074	0.126	0.099	0.701
0.038	0.001	0.255	0.706
0.118	0.175	0.039	0.668
0.056	0.213	0.001	0.730
>CTTCAAAGAGCT	21-CTTCAAAGAGCT	8.453804	-18.664877	0	T:55.0(4.04%),B:806.2(1.70%),P:1e-8	Tpos:275.3,Tstd:198.1,Bpos:234.1,Bstd:135.4,StrandBias:0.3,Multiplicity:1.04
0.145	0.624	0.072	0.159
0.207	0.007	0.005	0.781
0.079	0.110	0.196	0.615
0.109	0.678	0.168	0.045
0.757	0.118	0.001	0.124
0.527	0.163	0.239	0.071
0.673	0.009	0.202	0.116
0.147	0.183	0.588	0.082
0.654	0.054	0.135	0.157
0.153	0.148	0.596	0.103
0.222	0.604	0.115	0.059
0.119	0.212	0.056	0.613
>AATATGGCTTTG	22-AATATGGCTTTG	12.265811	-17.880687	0	T:11.0(0.81%),B:38.0(0.08%),P:1e-7	Tpos:197.7,Tstd:191.2,Bpos:250.9,Bstd:119.5,StrandBias:0.3,Multiplicity:1.00
0.997	0.001	0.001	0.001
0.758	0.108	0.133	0.001
0.001	0.001	0.001	0.997
0.891	0.001	0.107	0.001
0.001	0.001	0.001	0.997
0.001	0.001	0.997	0.001
0.118	0.001	0.880	0.001
0.001	0.997	0.001	0.001
0.001	0.001	0.001	0.997
0.188	0.001	0.001	0.810
0.001	0.001	0.001	0.997
0.001	0.153	0.845	0.001
>CAACCATGCTCA	23-CAACCATGCTCA	10.382559	-11.808088	0	T:21.0(1.54%),B:236.0(0.50%),P:1e-5	Tpos:222.0,Tstd:146.5,Bpos:218.8,Bstd:141.4,StrandBias:0.4,Multiplicity:1.15
0.195	0.803	0.001	0.001
0.832	0.166	0.001	0.001
0.860	0.001	0.138	0.001
0.001	0.997	0.001	0.001
0.001	0.901	0.001	0.097
0.803	0.001	0.195	0.001
0.236	0.001	0.001	0.762
0.001	0.001	0.997	0.001
0.001	0.901	0.097	0.001
0.195	0.001	0.001	0.803
0.001	0.654	0.098	0.247
0.706	0.001	0.292	0.001
>GAAACCCTGTAT	24-GAAACCCTGTAT	15.097404	-7.821786	0	T:2.0(0.15%),B:0.0(0.00%),P:1e-3	Tpos:172.0,Tstd:51.3,Bpos:0.0,Bstd:0.0,StrandBias:10.0,Multiplicity:2.50
0.001	0.001	0.997	0.001
0.997	0.001	0.001	0.001
0.997	0.001	0.001	0.001
0.997	0.001	0.001	0.001
0.001	0.997	0.001	0.001
0.001	0.997	0.001	0.001
0.001	0.997	0.001	0.001
0.001	0.001	0.222	0.776
0.001	0.001	0.997	0.001
0.001	0.001	0.001	0.997
0.997	0.001	0.001	0.001
0.001	0.001	0.001	0.997
>ACTAACYATAGA	25-ACTAACYATAGA	13.408568	-4.678513	0	T:2.0(0.15%),B:5.6(0.01%),P:1e-2	Tpos:196.5,Tstd:79.4,Bpos:220.6,Bstd:120.0,StrandBias:3.3,Multiplicity:5.50
0.997	0.001	0.001	0.001
0.001	0.997	0.001	0.001
0.001	0.001	0.001	0.997
0.997	0.001	0.001	0.001
0.922	0.001	0.001	0.076
0.001	0.997	0.001	0.001
0.001	0.460	0.001	0.538
0.997	0.001	0.001	0.001
0.001	0.001	0.001	0.997
0.997	0.001	0.001	0.001
0.001	0.001	0.997	0.001
0.997	0.001	0.001	0.001
>TGTGGTTT	1-TGTGGTTT	7.551086	-82.099148	0	T:325.0(23.90%),B:5543.9(11.66%),P:1e-35	Tpos:291.0,Tstd:254.3,Bpos:226.6,Bstd:137.0,StrandBias:-0.1,Multiplicity:1.20
0.026	0.031	0.032	0.911
0.001	0.001	0.966	0.032
0.107	0.001	0.033	0.859
0.001	0.030	0.968	0.001
0.001	0.001	0.997	0.001
0.001	0.085	0.053	0.861
0.008	0.032	0.001	0.959
0.070	0.021	0.126	0.783
>ACAGGAAG	2-ACAGGAAG	7.581599	-66.732056	0	T:278.0(20.44%),B:4806.9(10.11%),P:1e-28	Tpos:298.8,Tstd:205.3,Bpos:227.9,Bstd:136.3,StrandBias:0.1,Multiplicity:1.15
0.997	0.001	0.001	0.001
0.001	0.997	0.001	0.001
0.892	0.106	0.001	0.001
0.001	0.001	0.997	0.001
0.001	0.001	0.997	0.001
0.943	0.001	0.001	0.055
0.997	0.001	0.001	0.001
0.304	0.001	0.694	0.001
>TGAGTCAT	3-TGAGTCAT	7.059234	-63.779009	0	T:203.0(14.93%),B:3059.9(6.43%),P:1e-27	Tpos:296.2,Tstd:235.4,Bpos:229.3,Bstd:135.3,StrandBias:0.0,Multiplicity:1.11
0.001	0.001	0.001	0.997
0.001	0.001	0.883	0.115
0.997	0.001	0.001	0.001
0.001	0.290	0.708	0.001
0.001	0.001	0.001	0.997
0.001	0.997	0.001	0.001
0.965	0.001	0.033	0.001
0.001	0.127	0.001	0.871
>DCGAAACC	4-DCGAAACC	4.426406	-50.883031	0	T:312.0(22.94%),B:6268.8(13.18%),P:1e-22	Tpos:283.2,Tstd:247.7,Bpos:231.8,Bstd:144.5,StrandBias:-0.0,Multiplicity:1.15
0.376	0.080	0.275	0.268
0.223	0.502	0.146	0.129
0.142	0.156	0.536	0.166
0.497	0.241	0.087	0.176
0.537	0.229	0.091	0.143
0.700	0.097	0.156	0.047
0.289	0.530	0.086	0.095
0.126	0.438	0.209	0.227
>TTTGATGT	5-TTTGATGT	6.912012	-47.582652	0	T:340.0(25.00%),B:7196.0(15.13%),P:1e-20	Tpos:295.5,Tstd:233.9,Bpos:230.6,Bstd:135.8,StrandBias:-0.1,Multiplicity:1.17
0.001	0.001	0.001	0.997
0.041	0.042	0.039	0.878
0.001	0.001	0.001	0.997
0.001	0.063	0.901	0.035
0.972	0.026	0.001	0.001
0.244	0.046	0.064	0.646
0.001	0.150	0.822	0.027
0.059	0.090	0.001	0.850
>ACCGAAAC	6-ACCGAAAC	7.381573	-41.336084	0	T:226.0(16.62%),B:4317.1(9.08%),P:1e-17	Tpos:280.4,Tstd:220.5,Bpos:230.4,Bstd:144.1,StrandBias:0.0,Multiplicity:1.16
0.907	0.001	0.001	0.091
0.123	0.842	0.034	0.001
0.101	0.592	0.001	0.306
0.107	0.070	0.822	0.001
0.892	0.023	0.037	0.048
0.997	0.001	0.001	0.001
0.997	0.001	0.001	0.001
0.013	0.985	0.001	0.001
>NGGAAGTN	7-NGGAAGTN	5.045583	-39.846897	0	T:224.0(16.47%),B:4321.6(9.09%),P:1e-17	Tpos:274.7,Tstd:223.5,Bpos:228.9,Bstd:139.2,StrandBias:-0.2,Multiplicity:1.10
0.281	0.263	0.228	0.228
0.100	0.186	0.602	0.112
0.196	0.148	0.528	0.128
0.554	0.122	0.155	0.169
0.624	0.180	0.121	0.075
0.142	0.156	0.572	0.130
0.132	0.164	0.135	0.569
0.266	0.207	0.275	0.252
>TGGGCGGA	8-TGGGCGGA	5.466436	-21.798858	0	T:293.0(21.54%),B:7231.2(15.21%),P:1e-9	Tpos:296.8,Tstd:216.7,Bpos:229.1,Bstd:146.0,StrandBias:-0.0,Multiplicity:1.67
0.219	0.001	0.076	0.704
0.006	0.001	0.992	0.001
0.001	0.001	0.997	0.001
0.001	0.001	0.997	0.001
0.001	0.992	0.001	0.006
0.001	0.001	0.997	0.001
0.055	0.001	0.943	0.001
0.922	0.001	0.076	0.001
>TCTAGRGG	9-TCTAGRGG	7.193348	-21.162866	0	T:191.0(14.04%),B:4265.4(8.97%),P:1e-9	Tpos:268.1,Tstd:191.8,Bpos:228.7,Bstd:133.4,StrandBias:-0.2,Multiplicity:1.10
0.311	0.166	0.001	0.522
0.001	0.945	0.053	0.001
0.001	0.001	0.001	0.997
0.997	0.001	0.001	0.001
0.001	0.001	0.997	0.001
0.300	0.135	0.422	0.143
0.001	0.001	0.997	0.001
0.001	0.001	0.916	0.082
>TCYCCCGA	10-TCYCCCGA	7.060562	-14.265707	0	T:134.0(9.85%),B:3034.3(6.38%),P:1e-6	Tpos:285.4,Tstd:225.8,Bpos:230.9,Bstd:139.2,StrandBias:0.2,Multiplicity:1.11
0.270	0.001	0.001	0.728
0.001	0.997	0.001	0.001
0.272	0.427	0.001	0.300
0.001	0.997	0.001	0.001
0.001	0.997	0.001	0.001
0.001	0.843	0.066	0.090
0.061	0.001	0.877	0.061
0.997	0.001	0.001	0.001
