>ACAGGAAGTG	1-ACAGGAAGTG	7.739525	-81.056451	0	T:285.0(20.96%),B:4572.7(9.62%),P:1e-35	Tpos:288.8,Tstd:205.0,Bpos:226.5,Bstd:132.6,StrandBias:0.0,Multiplicity:1.17
0.785	0.028	0.144	0.043
0.046	0.816	0.098	0.040
0.750	0.059	0.074	0.117
0.037	0.020	0.935	0.008
0.087	0.010	0.833	0.070
0.875	0.017	0.035	0.073
0.887	0.057	0.031	0.025
0.118	0.065	0.790	0.027
0.097	0.155	0.063	0.685
0.133	0.076	0.652	0.139
>TGTGGTTTCG	2-TGTGGTTTCG	6.498453	-73.131320	0	T:296.0(21.76%),B:5071.0(10.66%),P:1e-31	Tpos:283.9,Tstd:244.9,Bpos:229.3,Bstd:141.5,StrandBias:0.1,Multiplicity:1.21
0.199	0.116	0.127	0.558
0.078	0.098	0.641	0.183
0.183	0.118	0.101	0.598
0.083	0.099	0.745	0.073
0.048	0.078	0.776	0.098
0.012	0.131	0.091	0.766
0.123	0.073	0.086	0.718
0.132	0.097	0.143	0.628
0.139	0.479	0.153	0.229
0.145	0.207	0.413	0.235
>VTKANTCABH	3-VTKANTCABH	6.534879	-68.941673	0	T:187.0(13.75%),B:2578.1(5.42%),P:1e-29	Tpos:273.3,Tstd:203.9,Bpos:228.2,Bstd:132.0,StrandBias:-0.2,Multiplicity:1.14
0.354	0.240	0.218	0.188
0.182	0.102	0.001	0.715
0.001	0.084	0.516	0.399
0.976	0.001	0.001	0.022
0.191	0.310	0.315	0.184
0.001	0.001	0.001	0.997
0.261	0.634	0.104	0.001
0.517	0.084	0.070	0.329
0.130	0.251	0.253	0.366
0.347	0.260	0.183	0.211
>TTTGATGTGG	4-TTTGATGTGG	8.590770	-64.594620	0	T:96.0(7.06%),B:855.2(1.80%),P:1e-28	Tpos:329.1,Tstd:280.0,Bpos:228.0,Bstd:141.4,StrandBias:0.4,Multiplicity:1.04
0.001	0.081	0.001	0.917
0.052	0.021	0.004	0.923
0.038	0.001	0.001	0.960
0.015	0.106	0.861	0.018
0.877	0.008	0.001	0.114
0.230	0.042	0.007	0.721
0.001	0.009	0.986	0.004
0.011	0.001	0.001	0.987
0.001	0.001	0.997	0.001
0.009	0.001	0.947	0.043
>CCCCCTAGTG	5-CCCCCTAGTG	8.553721	-59.751312	0	T:88.0(6.47%),B:778.8(1.64%),P:1e-25	Tpos:249.6,Tstd:172.3,Bpos:225.6,Bstd:128.7,StrandBias:0.3,Multiplicity:1.01
0.013	0.976	0.001	0.010
0.010	0.964	0.025	0.001
0.230	0.740	0.001	0.029
0.022	0.758	0.001	0.219
0.001	0.997	0.001	0.001
0.006	0.017	0.015	0.962
0.930	0.018	0.051	0.001
0.031	0.010	0.958	0.001
0.011	0.020	0.063	0.906
0.001	0.001	0.997	0.001
>GTTTCAGTTY	6-GTTTCAGTTY	6.331890	-55.883228	0	T:151.0(11.10%),B:2070.0(4.35%),P:1e-24	Tpos:272.9,Tstd:218.6,Bpos:227.1,Bstd:142.0,StrandBias:-0.3,Multiplicity:1.05
0.015	0.194	0.536	0.255
0.013	0.206	0.169	0.612
0.297	0.017	0.094	0.592
0.141	0.170	0.167	0.522
0.009	0.811	0.167	0.013
0.502	0.014	0.254	0.230
0.171	0.247	0.415	0.167
0.364	0.006	0.017	0.613
0.177	0.224	0.175	0.425
0.247	0.332	0.014	0.407
>GCTTTGTGGT	7-GCTTTGTGGT	6.835327	-39.686258	0	T:342.0(25.15%),B:7632.2(16.05%),P:1e-17	Tpos:264.9,Tstd:226.0,Bpos:225.4,Bstd:137.0,StrandBias:-0.1,Multiplicity:1.21
0.046	0.079	0.750	0.125
0.041	0.786	0.076	0.097
0.045	0.051	0.072	0.832
0.060	0.097	0.050	0.793
0.046	0.066	0.061	0.827
0.037	0.084	0.833	0.046
0.101	0.064	0.023	0.812
0.116	0.036	0.808	0.040
0.096	0.080	0.737	0.087
0.065	0.049	0.058	0.828
>ASATCARACG	8-ASATCARACG	7.160570	-39.320655	0	T:248.0(18.24%),B:4989.2(10.49%),P:1e-17	Tpos:290.7,Tstd:233.2,Bpos:231.1,Bstd:135.9,StrandBias:-0.1,Multiplicity:1.07
0.596	0.001	0.001	0.402
0.001	0.552	0.446	0.001
0.821	0.001	0.177	0.001
0.001	0.304	0.072	0.623
0.001	0.818	0.001	0.180
0.856	0.142	0.001	0.001
0.321	0.262	0.415	0.001
0.997	0.001	0.001	0.001
0.212	0.684	0.103	0.001
0.016	0.287	0.605	0.092
>AKCTTCAAAG	9-AKCTTCAAAG	8.073358	-33.944753	0	T:167.0(12.28%),B:3052.9(6.42%),P:1e-14	Tpos:279.7,Tstd:208.5,Bpos:226.8,Bstd:137.9,StrandBias:0.1,Multiplicity:1.15
0.494	0.294	0.184	0.028
0.093	0.026	0.455	0.425
0.001	0.626	0.015	0.358
0.175	0.043	0.002	0.780
0.001	0.001	0.001	0.997
0.001	0.849	0.149	0.001
0.989	0.001	0.001	0.009
0.985	0.001	0.006	0.008
0.997	0.001	0.001	0.001
0.001	0.001	0.997	0.001
>GCCMCGCCYC	10-GCCMCGCCYC	6.446093	-30.859309	0	T:304.0(22.35%),B:6993.6(14.71%),P:1e-13	Tpos:311.0,Tstd:245.7,Bpos:227.0,Bstd:147.8,StrandBias:0.3,Multiplicity:1.66
0.186	0.202	0.429	0.182
0.140	0.498	0.113	0.250
0.207	0.535	0.094	0.164
0.456	0.318	0.064	0.162
0.086	0.841	0.015	0.058
0.180	0.052	0.655	0.113
0.046	0.824	0.033	0.097
0.052	0.761	0.054	0.133
0.026	0.353	0.147	0.473
0.090	0.614	0.104	0.192
>GGGAAACCCC	11-GGGAAACCCC	7.001304	-30.513328	0	T:262.0(19.26%),B:5792.5(12.18%),P:1e-13	Tpos:277.5,Tstd:210.9,Bpos:232.6,Bstd:137.5,StrandBias:0.2,Multiplicity:1.17
0.112	0.050	0.755	0.083
0.068	0.021	0.849	0.062
0.148	0.035	0.784	0.033
0.820	0.074	0.067	0.039
0.864	0.034	0.050	0.052
0.722	0.058	0.117	0.103
0.068	0.719	0.113	0.100
0.076	0.823	0.058	0.043
0.022	0.867	0.038	0.073
0.077	0.804	0.049	0.070
>CCGCCCTTTT	12-CCGCCCTTTT	6.477299	-29.353192	0	T:315.0(23.16%),B:7407.0(15.57%),P:1e-12	Tpos:295.2,Tstd:222.0,Bpos:229.0,Bstd:142.6,StrandBias:-0.3,Multiplicity:1.17
0.036	0.796	0.102	0.066
0.092	0.763	0.054	0.091
0.053	0.050	0.863	0.034
0.065	0.808	0.099	0.028
0.058	0.848	0.051	0.043
0.066	0.767	0.081	0.086
0.073	0.062	0.040	0.825
0.065	0.124	0.063	0.748
0.070	0.041	0.075	0.814
0.024	0.055	0.146	0.775
>TTCATTTCCG	13-TTCATTTCCG	8.178812	-28.490931	0	T:90.0(6.62%),B:1348.9(2.84%),P:1e-12	Tpos:230.6,Tstd:161.5,Bpos:234.0,Bstd:136.9,StrandBias:0.1,Multiplicity:1.06
0.161	0.112	0.111	0.616
0.202	0.046	0.033	0.719
0.040	0.924	0.003	0.033
0.771	0.037	0.123	0.069
0.001	0.120	0.006	0.873
0.001	0.001	0.145	0.853
0.001	0.004	0.001	0.994
0.210	0.788	0.001	0.001
0.219	0.722	0.057	0.002
0.001	0.043	0.860	0.096
>AAGGCTCTGC	14-AAGGCTCTGC	8.077745	-20.857645	0	T:75.0(5.51%),B:1206.5(2.54%),P:1e-9	Tpos:245.9,Tstd:211.6,Bpos:230.9,Bstd:134.3,StrandBias:0.1,Multiplicity:1.04
0.632	0.202	0.043	0.123
0.706	0.025	0.018	0.251
0.042	0.080	0.865	0.013
0.138	0.218	0.431	0.213
0.192	0.660	0.064	0.084
0.066	0.265	0.188	0.481
0.011	0.653	0.311	0.025
0.031	0.055	0.337	0.577
0.065	0.031	0.848	0.056
0.035	0.626	0.315	0.024
>GAAACTAAGT	15-GAAACTAAGT	8.145967	-20.566872	0	T:65.0(4.78%),B:983.5(2.07%),P:1e-8	Tpos:228.6,Tstd:146.2,Bpos:237.4,Bstd:137.5,StrandBias:-0.3,Multiplicity:1.03
0.065	0.167	0.767	0.001
0.756	0.035	0.015	0.194
0.790	0.001	0.172	0.037
0.847	0.002	0.010	0.141
0.001	0.862	0.019	0.118
0.001	0.001	0.167	0.831
0.732	0.083	0.037	0.148
0.745	0.193	0.001	0.061
0.062	0.029	0.822	0.087
0.001	0.001	0.044	0.954
>CGCTATCTTA	16-CGCTATCTTA	10.184575	-19.701818	0	T:14.0(1.03%),B:58.4(0.12%),P:1e-8	Tpos:264.6,Tstd:156.8,Bpos:219.0,Bstd:140.6,StrandBias:0.0,Multiplicity:1.00
0.001	0.878	0.065	0.056
0.065	0.001	0.933	0.001
0.001	0.815	0.183	0.001
0.001	0.001	0.001	0.997
0.997	0.001	0.001	0.001
0.001	0.001	0.001	0.997
0.001	0.815	0.183	0.001
0.001	0.001	0.001	0.997
0.001	0.001	0.001	0.997
0.739	0.130	0.130	0.001
>CMANDGGCTG	17-CMANDGGCTG	10.323192	-10.633195	0	T:54.0(3.97%),B:1028.6(2.16%),P:1e-4	Tpos:260.4,Tstd:252.3,Bpos:225.6,Bstd:132.4,StrandBias:0.1,Multiplicity:1.10
0.001	0.997	0.001	0.001
0.572	0.426	0.001	0.001
0.932	0.066	0.001	0.001
0.243	0.333	0.191	0.234
0.314	0.082	0.372	0.231
0.031	0.001	0.967	0.001
0.001	0.001	0.997	0.001
0.001	0.997	0.001	0.001
0.001	0.001	0.001	0.997
0.048	0.001	0.950	0.001
>CTATAGTTAG	18-CTATAGTTAG	8.000059	-7.286715	0	T:14.0(1.03%),B:175.4(0.37%),P:1e-3	Tpos:249.6,Tstd:177.8,Bpos:229.4,Bstd:139.6,StrandBias:-1.5,Multiplicity:1.64
0.001	0.997	0.001	0.001
0.001	0.062	0.001	0.936
0.997	0.001	0.001	0.001
0.001	0.001	0.001	0.997
0.669	0.001	0.281	0.049
0.001	0.001	0.997	0.001
0.001	0.001	0.001	0.997
0.070	0.001	0.001	0.928
0.997	0.001	0.001	0.001
0.001	0.001	0.997	0.001
