>TGTGGTTT	1-TGTGGTTT	7.551086	-82.099148	0	T:325.0(23.90%),B:5543.9(11.66%),P:1e-35	Tpos:291.0,Tstd:254.3,Bpos:226.6,Bstd:137.0,StrandBias:-0.1,Multiplicity:1.20
0.026	0.031	0.032	0.911
0.001	0.001	0.966	0.032
0.107	0.001	0.033	0.859
0.001	0.030	0.968	0.001
0.001	0.001	0.997	0.001
0.001	0.085	0.053	0.861
0.008	0.032	0.001	0.959
0.070	0.021	0.126	0.783
>ACAGGAAG	2-ACAGGAAG	7.581599	-66.732056	0	T:278.0(20.44%),B:4806.9(10.11%),P:1e-28	Tpos:298.8,Tstd:205.3,Bpos:227.9,Bstd:136.3,StrandBias:0.1,Multiplicity:1.15
0.997	0.001	0.001	0.001
0.001	0.997	0.001	0.001
0.892	0.106	0.001	0.001
0.001	0.001	0.997	0.001
0.001	0.001	0.997	0.001
0.943	0.001	0.001	0.055
0.997	0.001	0.001	0.001
0.304	0.001	0.694	0.001
>TGAGTCAT	3-TGAGTCAT	7.059234	-63.779009	0	T:203.0(14.93%),B:3059.9(6.43%),P:1e-27	Tpos:296.2,Tstd:235.4,Bpos:229.3,Bstd:135.3,StrandBias:0.0,Multiplicity:1.11
0.001	0.001	0.001	0.997
0.001	0.001	0.883	0.115
0.997	0.001	0.001	0.001
0.001	0.290	0.708	0.001
0.001	0.001	0.001	0.997
0.001	0.997	0.001	0.001
0.965	0.001	0.033	0.001
0.001	0.127	0.001	0.871
>DCGAAACC	4-DCGAAACC	4.426406	-50.883031	0	T:312.0(22.94%),B:6268.8(13.18%),P:1e-22	Tpos:283.2,Tstd:247.7,Bpos:231.8,Bstd:144.5,StrandBias:-0.0,Multiplicity:1.15
0.376	0.080	0.275	0.268
0.223	0.502	0.146	0.129
0.142	0.156	0.536	0.166
0.497	0.241	0.087	0.176
0.537	0.229	0.091	0.143
0.700	0.097	0.156	0.047
0.289	0.530	0.086	0.095
0.126	0.438	0.209	0.227
>TTTGATGT	5-TTTGATGT	6.912012	-47.582652	0	T:340.0(25.00%),B:7196.0(15.13%),P:1e-20	Tpos:295.5,Tstd:233.9,Bpos:230.6,Bstd:135.8,StrandBias:-0.1,Multiplicity:1.17
0.001	0.001	0.001	0.997
0.041	0.042	0.039	0.878
0.001	0.001	0.001	0.997
0.001	0.063	0.901	0.035
0.972	0.026	0.001	0.001
0.244	0.046	0.064	0.646
0.001	0.150	0.822	0.027
0.059	0.090	0.001	0.850
>ACCGAAAC	6-ACCGAAAC	7.381573	-41.336084	0	T:226.0(16.62%),B:4317.1(9.08%),P:1e-17	Tpos:280.4,Tstd:220.5,Bpos:230.4,Bstd:144.1,StrandBias:0.0,Multiplicity:1.16
0.907	0.001	0.001	0.091
0.123	0.842	0.034	0.001
0.101	0.592	0.001	0.306
0.107	0.070	0.822	0.001
0.892	0.023	0.037	0.048
0.997	0.001	0.001	0.001
0.997	0.001	0.001	0.001
0.013	0.985	0.001	0.001
>NGGAAGTN	7-NGGAAGTN	5.045583	-39.846897	0	T:224.0(16.47%),B:4321.6(9.09%),P:1e-17	Tpos:274.7,Tstd:223.5,Bpos:228.9,Bstd:139.2,StrandBias:-0.2,Multiplicity:1.10
0.281	0.263	0.228	0.228
0.100	0.186	0.602	0.112
0.196	0.148	0.528	0.128
0.554	0.122	0.155	0.169
0.624	0.180	0.121	0.075
0.142	0.156	0.572	0.130
0.132	0.164	0.135	0.569
0.266	0.207	0.275	0.252
>TGGGCGGA	8-TGGGCGGA	5.466436	-21.798858	0	T:293.0(21.54%),B:7231.2(15.21%),P:1e-9	Tpos:296.8,Tstd:216.7,Bpos:229.1,Bstd:146.0,StrandBias:-0.0,Multiplicity:1.67
0.219	0.001	0.076	0.704
0.006	0.001	0.992	0.001
0.001	0.001	0.997	0.001
0.001	0.001	0.997	0.001
0.001	0.992	0.001	0.006
0.001	0.001	0.997	0.001
0.055	0.001	0.943	0.001
0.922	0.001	0.076	0.001
>TCTAGRGG	9-TCTAGRGG	7.193348	-21.162866	0	T:191.0(14.04%),B:4265.4(8.97%),P:1e-9	Tpos:268.1,Tstd:191.8,Bpos:228.7,Bstd:133.4,StrandBias:-0.2,Multiplicity:1.10
0.311	0.166	0.001	0.522
0.001	0.945	0.053	0.001
0.001	0.001	0.001	0.997
0.997	0.001	0.001	0.001
0.001	0.001	0.997	0.001
0.300	0.135	0.422	0.143
0.001	0.001	0.997	0.001
0.001	0.001	0.916	0.082
>TCYCCCGA	10-TCYCCCGA	7.060562	-14.265707	0	T:134.0(9.85%),B:3034.3(6.38%),P:1e-6	Tpos:285.4,Tstd:225.8,Bpos:230.9,Bstd:139.2,StrandBias:0.2,Multiplicity:1.11
0.270	0.001	0.001	0.728
0.001	0.997	0.001	0.001
0.272	0.427	0.001	0.300
0.001	0.997	0.001	0.001
0.001	0.997	0.001	0.001
0.001	0.843	0.066	0.090
0.061	0.001	0.877	0.061
0.997	0.001	0.001	0.001
