>CACTTCCTGT	1-CACTTCCTGT	6.365486	-84.446761	0	T:322.0(22.68%),B:5103.2(10.84%),P:1e-36	Tpos:286.9,Tstd:228.1,Bpos:228.3,Bstd:136.9,StrandBias:0.1,Multiplicity:1.17
0.177	0.452	0.183	0.188
0.534	0.142	0.234	0.090
0.041	0.564	0.207	0.188
0.099	0.101	0.112	0.688
0.121	0.149	0.096	0.634
0.115	0.631	0.077	0.177
0.072	0.673	0.130	0.125
0.164	0.132	0.083	0.621
0.122	0.193	0.550	0.135
0.116	0.209	0.077	0.598
>ASWTSAAAGR	2-ASWTSAAAGR	7.388217	-73.286504	0	T:387.0(27.25%),B:7066.2(15.01%),P:1e-31	Tpos:268.9,Tstd:212.5,Bpos:233.6,Bstd:142.0,StrandBias:0.1,Multiplicity:1.28
0.536	0.001	0.188	0.275
0.001	0.481	0.502	0.016
0.521	0.011	0.001	0.467
0.110	0.001	0.001	0.888
0.110	0.506	0.364	0.020
0.997	0.001	0.001	0.001
0.966	0.001	0.032	0.001
0.997	0.001	0.001	0.001
0.148	0.165	0.686	0.001
0.300	0.217	0.401	0.081
>CACTAGGTGG	3-CACTAGGTGG	8.909915	-72.342159	0	T:101.0(7.11%),B:805.9(1.71%),P:1e-31	Tpos:252.1,Tstd:142.9,Bpos:230.6,Bstd:133.9,StrandBias:-0.4,Multiplicity:1.03
0.094	0.839	0.032	0.035
0.858	0.039	0.049	0.054
0.036	0.855	0.071	0.038
0.051	0.206	0.018	0.725
0.703	0.032	0.048	0.217
0.025	0.023	0.902	0.050
0.228	0.033	0.702	0.037
0.023	0.038	0.234	0.705
0.050	0.044	0.872	0.034
0.068	0.026	0.847	0.059
>CGGAAACCCC	4-CGGAAACCCC	6.697453	-47.359052	0	T:351.0(24.72%),B:7111.9(15.10%),P:1e-20	Tpos:292.4,Tstd:231.9,Bpos:233.1,Bstd:142.9,StrandBias:0.1,Multiplicity:1.18
0.142	0.540	0.220	0.098
0.072	0.134	0.654	0.140
0.001	0.180	0.818	0.001
0.965	0.001	0.033	0.001
0.981	0.017	0.001	0.001
0.892	0.041	0.025	0.042
0.049	0.763	0.134	0.054
0.086	0.912	0.001	0.001
0.171	0.779	0.001	0.049
0.117	0.693	0.132	0.058
>GCGCCCTCTR	5-GCGCCCTCTR	8.635108	-46.992530	0	T:65.0(4.58%),B:517.3(1.10%),P:1e-20	Tpos:272.4,Tstd:261.9,Bpos:237.7,Bstd:156.6,StrandBias:0.6,Multiplicity:1.05
0.178	0.082	0.739	0.001
0.022	0.733	0.022	0.223
0.043	0.011	0.852	0.094
0.370	0.608	0.021	0.001
0.249	0.609	0.141	0.001
0.314	0.643	0.001	0.042
0.052	0.001	0.082	0.865
0.001	0.708	0.031	0.260
0.204	0.151	0.090	0.555
0.470	0.001	0.528	0.001
>GCTGAGTCAT	6-GCTGAGTCAT	7.712249	-44.218148	0	T:121.0(8.52%),B:1580.7(3.36%),P:1e-19	Tpos:299.8,Tstd:252.4,Bpos:238.5,Bstd:140.4,StrandBias:0.5,Multiplicity:1.06
0.001	0.044	0.954	0.001
0.137	0.776	0.020	0.067
0.001	0.001	0.038	0.960
0.020	0.050	0.929	0.001
0.979	0.001	0.001	0.019
0.001	0.016	0.938	0.045
0.001	0.023	0.001	0.975
0.064	0.912	0.001	0.023
0.966	0.001	0.032	0.001
0.001	0.240	0.017	0.742
>GTTGTGGTTT	7-GTTGTGGTTT	8.326954	-37.089888	0	T:122.0(8.59%),B:1761.0(3.74%),P:1e-16	Tpos:296.8,Tstd:245.4,Bpos:232.7,Bstd:141.7,StrandBias:-0.5,Multiplicity:1.08
0.001	0.094	0.697	0.208
0.063	0.108	0.001	0.828
0.028	0.051	0.001	0.920
0.025	0.001	0.904	0.070
0.001	0.001	0.001	0.997
0.001	0.001	0.997	0.001
0.001	0.001	0.997	0.001
0.001	0.091	0.001	0.907
0.001	0.025	0.001	0.973
0.032	0.026	0.072	0.870
>GTGGCGGTTT	8-GTGGCGGTTT	6.598301	-36.701206	0	T:236.0(16.62%),B:4517.1(9.59%),P:1e-15	Tpos:303.5,Tstd:260.4,Bpos:232.1,Bstd:145.8,StrandBias:0.1,Multiplicity:1.09
0.030	0.063	0.840	0.067
0.076	0.050	0.046	0.828
0.106	0.048	0.790	0.056
0.060	0.108	0.737	0.095
0.054	0.845	0.058	0.043
0.095	0.069	0.774	0.062
0.078	0.080	0.713	0.129
0.076	0.037	0.062	0.825
0.044	0.046	0.063	0.847
0.058	0.064	0.071	0.807
>TTCAAACGGC	9-TTCAAACGGC	6.408623	-33.953564	0	T:253.0(17.82%),B:5079.0(10.79%),P:1e-14	Tpos:270.2,Tstd:243.4,Bpos:231.7,Bstd:143.4,StrandBias:0.0,Multiplicity:1.12
0.046	0.141	0.061	0.752
0.143	0.048	0.046	0.763
0.044	0.850	0.044	0.062
0.835	0.035	0.048	0.082
0.874	0.045	0.022	0.059
0.827	0.010	0.056	0.107
0.083	0.743	0.065	0.109
0.091	0.111	0.745	0.053
0.073	0.078	0.820	0.029
0.110	0.799	0.032	0.059
>GGGGCGGRGC	10-GGGGCGGRGC	7.284858	-32.139829	0	T:407.0(28.66%),B:9479.8(20.13%),P:1e-13	Tpos:337.3,Tstd:275.2,Bpos:234.4,Bstd:149.2,StrandBias:0.1,Multiplicity:1.79
0.176	0.009	0.536	0.279
0.085	0.001	0.913	0.001
0.167	0.133	0.699	0.001
0.001	0.001	0.974	0.024
0.091	0.814	0.018	0.077
0.001	0.001	0.705	0.293
0.014	0.001	0.845	0.140
0.488	0.001	0.494	0.016
0.208	0.120	0.544	0.128
0.040	0.669	0.001	0.290
>CGGAAATGAA	11-CGGAAATGAA	6.227376	-29.419386	0	T:117.0(8.24%),B:1852.3(3.93%),P:1e-12	Tpos:275.0,Tstd:233.4,Bpos:229.6,Bstd:141.9,StrandBias:0.0,Multiplicity:1.07
0.100	0.636	0.136	0.128
0.154	0.106	0.551	0.189
0.155	0.112	0.572	0.161
0.718	0.043	0.117	0.122
0.578	0.131	0.152	0.139
0.693	0.137	0.151	0.019
0.119	0.221	0.140	0.520
0.190	0.113	0.628	0.069
0.574	0.148	0.175	0.103
0.464	0.171	0.178	0.187
>GTGACTCTTA	12-GTGACTCTTA	6.834384	-28.706719	0	T:208.0(14.65%),B:4128.3(8.77%),P:1e-12	Tpos:311.3,Tstd:262.4,Bpos:232.9,Bstd:137.7,StrandBias:-0.2,Multiplicity:1.17
0.111	0.083	0.765	0.041
0.053	0.054	0.049	0.844
0.062	0.070	0.822	0.046
0.814	0.095	0.046	0.045
0.095	0.790	0.066	0.049
0.051	0.027	0.139	0.783
0.050	0.786	0.072	0.092
0.124	0.101	0.061	0.714
0.045	0.037	0.067	0.851
0.844	0.044	0.048	0.064
>CSACGCCTAC	13-CSACGCCTAC	9.620340	-28.016069	0	T:35.0(2.46%),B:259.9(0.55%),P:1e-12	Tpos:408.2,Tstd:256.2,Bpos:226.9,Bstd:158.9,StrandBias:-0.3,Multiplicity:1.03
0.001	0.933	0.065	0.001
0.001	0.486	0.464	0.049
0.997	0.001	0.001	0.001
0.001	0.997	0.001	0.001
0.001	0.001	0.997	0.001
0.001	0.793	0.205	0.001
0.001	0.997	0.001	0.001
0.001	0.001	0.001	0.997
0.674	0.134	0.001	0.191
0.201	0.597	0.201	0.001
>ACTCACCAAT	14-ACTCACCAAT	9.571409	-27.294687	0	T:33.0(2.32%),B:237.9(0.51%),P:1e-11	Tpos:288.4,Tstd:192.7,Bpos:236.4,Bstd:128.6,StrandBias:-0.2,Multiplicity:1.00
0.968	0.030	0.001	0.001
0.001	0.997	0.001	0.001
0.024	0.001	0.121	0.854
0.041	0.776	0.070	0.113
0.791	0.001	0.149	0.059
0.019	0.979	0.001	0.001
0.147	0.818	0.001	0.034
0.997	0.001	0.001	0.001
0.968	0.012	0.001	0.019
0.001	0.001	0.156	0.842
>AAGGCTCTGC	15-AAGGCTCTGC	9.056218	-25.807326	0	T:95.0(6.69%),B:1455.2(3.09%),P:1e-11	Tpos:266.2,Tstd:235.5,Bpos:236.6,Bstd:137.7,StrandBias:0.3,Multiplicity:1.05
0.903	0.075	0.001	0.021
0.902	0.018	0.039	0.041
0.001	0.027	0.929	0.043
0.116	0.033	0.706	0.145
0.009	0.980	0.010	0.001
0.001	0.023	0.011	0.965
0.027	0.958	0.001	0.014
0.025	0.020	0.103	0.852
0.001	0.001	0.997	0.001
0.091	0.855	0.001	0.053
>CGTGTACCAA	16-CGTGTACCAA	10.115563	-24.367517	0	T:19.0(1.34%),B:84.0(0.18%),P:1e-10	Tpos:217.7,Tstd:172.7,Bpos:228.8,Bstd:127.7,StrandBias:-0.9,Multiplicity:1.05
0.001	0.924	0.074	0.001
0.001	0.001	0.966	0.032
0.001	0.143	0.001	0.855
0.001	0.001	0.997	0.001
0.001	0.001	0.049	0.949
0.951	0.047	0.001	0.001
0.064	0.934	0.001	0.001
0.153	0.845	0.001	0.001
0.997	0.001	0.001	0.001
0.883	0.001	0.047	0.069
>AGTAAAAGCG	17-AGTAAAAGCG	7.358194	-21.251692	0	T:78.0(5.49%),B:1199.7(2.55%),P:1e-9	Tpos:293.3,Tstd:266.0,Bpos:223.8,Bstd:146.7,StrandBias:0.0,Multiplicity:1.00
0.766	0.069	0.068	0.097
0.080	0.083	0.762	0.075
0.090	0.046	0.054	0.810
0.799	0.055	0.086	0.060
0.932	0.024	0.022	0.022
0.843	0.082	0.041	0.034
0.715	0.063	0.075	0.147
0.051	0.047	0.725	0.177
0.110	0.834	0.023	0.033
0.045	0.045	0.824	0.086
>GTTATCTCGC	18-GTTATCTCGC	7.420161	-18.373604	0	T:41.0(2.89%),B:488.0(1.04%),P:1e-7	Tpos:258.8,Tstd:221.4,Bpos:238.0,Bstd:142.9,StrandBias:-0.4,Multiplicity:1.02
0.097	0.073	0.758	0.072
0.080	0.013	0.090	0.817
0.053	0.101	0.014	0.832
0.787	0.053	0.059	0.101
0.058	0.035	0.066	0.841
0.001	0.860	0.068	0.071
0.019	0.080	0.127	0.774
0.087	0.778	0.079	0.056
0.054	0.024	0.878	0.044
0.091	0.688	0.141	0.080
>ACGTHACTAC	19-ACGTHACTAC	8.002880	-17.931242	0	T:44.0(3.10%),B:554.8(1.18%),P:1e-7	Tpos:270.7,Tstd:204.5,Bpos:236.9,Bstd:140.9,StrandBias:0.3,Multiplicity:1.02
0.997	0.001	0.001	0.001
0.038	0.885	0.052	0.025
0.035	0.033	0.931	0.001
0.001	0.001	0.001	0.997
0.339	0.271	0.059	0.331
0.848	0.075	0.046	0.031
0.001	0.834	0.019	0.146
0.153	0.207	0.001	0.639
0.726	0.068	0.003	0.203
0.001	0.883	0.050	0.066
>TGTGATCAGC	20-TGTGATCAGC	7.978367	-16.995581	0	T:102.0(7.18%),B:1912.9(4.06%),P:1e-7	Tpos:274.3,Tstd:237.0,Bpos:234.6,Bstd:134.3,StrandBias:-0.3,Multiplicity:1.03
0.218	0.001	0.001	0.780
0.209	0.193	0.597	0.001
0.154	0.099	0.054	0.693
0.058	0.001	0.858	0.083
0.862	0.114	0.021	0.003
0.001	0.078	0.005	0.916
0.001	0.782	0.147	0.070
0.739	0.124	0.082	0.055
0.032	0.002	0.950	0.016
0.154	0.842	0.003	0.001
