>CACTTCCTGT	1-CACTTCCTGT	6.365486	-84.446761	0	T:322.0(22.68%),B:5103.2(10.84%),P:1e-36	Tpos:286.9,Tstd:228.1,Bpos:228.3,Bstd:136.9,StrandBias:0.1,Multiplicity:1.17
0.177	0.452	0.183	0.188
0.534	0.142	0.234	0.090
0.041	0.564	0.207	0.188
0.099	0.101	0.112	0.688
0.121	0.149	0.096	0.634
0.115	0.631	0.077	0.177
0.072	0.673	0.130	0.125
0.164	0.132	0.083	0.621
0.122	0.193	0.550	0.135
0.116	0.209	0.077	0.598
>ASWTSAAAGR	2-ASWTSAAAGR	7.388217	-73.286504	0	T:387.0(27.25%),B:7066.2(15.01%),P:1e-31	Tpos:268.9,Tstd:212.5,Bpos:233.6,Bstd:142.0,StrandBias:0.1,Multiplicity:1.28
0.536	0.001	0.188	0.275
0.001	0.481	0.502	0.016
0.521	0.011	0.001	0.467
0.110	0.001	0.001	0.888
0.110	0.506	0.364	0.020
0.997	0.001	0.001	0.001
0.966	0.001	0.032	0.001
0.997	0.001	0.001	0.001
0.148	0.165	0.686	0.001
0.300	0.217	0.401	0.081
>CACTAGGTGG	3-CACTAGGTGG	8.909915	-72.342159	0	T:101.0(7.11%),B:805.9(1.71%),P:1e-31	Tpos:252.1,Tstd:142.9,Bpos:230.6,Bstd:133.9,StrandBias:-0.4,Multiplicity:1.03
0.094	0.839	0.032	0.035
0.858	0.039	0.049	0.054
0.036	0.855	0.071	0.038
0.051	0.206	0.018	0.725
0.703	0.032	0.048	0.217
0.025	0.023	0.902	0.050
0.228	0.033	0.702	0.037
0.023	0.038	0.234	0.705
0.050	0.044	0.872	0.034
0.068	0.026	0.847	0.059
>CGGAAACCCC	4-CGGAAACCCC	6.697453	-47.359052	0	T:351.0(24.72%),B:7111.9(15.10%),P:1e-20	Tpos:292.4,Tstd:231.9,Bpos:233.1,Bstd:142.9,StrandBias:0.1,Multiplicity:1.18
0.142	0.540	0.220	0.098
0.072	0.134	0.654	0.140
0.001	0.180	0.818	0.001
0.965	0.001	0.033	0.001
0.981	0.017	0.001	0.001
0.892	0.041	0.025	0.042
0.049	0.763	0.134	0.054
0.086	0.912	0.001	0.001
0.171	0.779	0.001	0.049
0.117	0.693	0.132	0.058
>GCGCCCTCTR	5-GCGCCCTCTR	8.635108	-46.992530	0	T:65.0(4.58%),B:517.3(1.10%),P:1e-20	Tpos:272.4,Tstd:261.9,Bpos:237.7,Bstd:156.6,StrandBias:0.6,Multiplicity:1.05
0.178	0.082	0.739	0.001
0.022	0.733	0.022	0.223
0.043	0.011	0.852	0.094
0.370	0.608	0.021	0.001
0.249	0.609	0.141	0.001
0.314	0.643	0.001	0.042
0.052	0.001	0.082	0.865
0.001	0.708	0.031	0.260
0.204	0.151	0.090	0.555
0.470	0.001	0.528	0.001
>GCTGAGTCAT	6-GCTGAGTCAT	7.712249	-44.218148	0	T:121.0(8.52%),B:1580.7(3.36%),P:1e-19	Tpos:299.8,Tstd:252.4,Bpos:238.5,Bstd:140.4,StrandBias:0.5,Multiplicity:1.06
0.001	0.044	0.954	0.001
0.137	0.776	0.020	0.067
0.001	0.001	0.038	0.960
0.020	0.050	0.929	0.001
0.979	0.001	0.001	0.019
0.001	0.016	0.938	0.045
0.001	0.023	0.001	0.975
0.064	0.912	0.001	0.023
0.966	0.001	0.032	0.001
0.001	0.240	0.017	0.742
>GTTGTGGTTT	7-GTTGTGGTTT	8.326954	-37.089888	0	T:122.0(8.59%),B:1761.0(3.74%),P:1e-16	Tpos:296.8,Tstd:245.4,Bpos:232.7,Bstd:141.7,StrandBias:-0.5,Multiplicity:1.08
0.001	0.094	0.697	0.208
0.063	0.108	0.001	0.828
0.028	0.051	0.001	0.920
0.025	0.001	0.904	0.070
0.001	0.001	0.001	0.997
0.001	0.001	0.997	0.001
0.001	0.001	0.997	0.001
0.001	0.091	0.001	0.907
0.001	0.025	0.001	0.973
0.032	0.026	0.072	0.870
>GTGGCGGTTT	8-GTGGCGGTTT	6.598301	-36.701206	0	T:236.0(16.62%),B:4517.1(9.59%),P:1e-15	Tpos:303.5,Tstd:260.4,Bpos:232.1,Bstd:145.8,StrandBias:0.1,Multiplicity:1.09
0.030	0.063	0.840	0.067
0.076	0.050	0.046	0.828
0.106	0.048	0.790	0.056
0.060	0.108	0.737	0.095
0.054	0.845	0.058	0.043
0.095	0.069	0.774	0.062
0.078	0.080	0.713	0.129
0.076	0.037	0.062	0.825
0.044	0.046	0.063	0.847
0.058	0.064	0.071	0.807
>TTCAAACGGC	9-TTCAAACGGC	6.408623	-33.953564	0	T:253.0(17.82%),B:5079.0(10.79%),P:1e-14	Tpos:270.2,Tstd:243.4,Bpos:231.7,Bstd:143.4,StrandBias:0.0,Multiplicity:1.12
0.046	0.141	0.061	0.752
0.143	0.048	0.046	0.763
0.044	0.850	0.044	0.062
0.835	0.035	0.048	0.082
0.874	0.045	0.022	0.059
0.827	0.010	0.056	0.107
0.083	0.743	0.065	0.109
0.091	0.111	0.745	0.053
0.073	0.078	0.820	0.029
0.110	0.799	0.032	0.059
>GGGGCGGRGC	10-GGGGCGGRGC	7.284858	-32.139829	0	T:407.0(28.66%),B:9479.8(20.13%),P:1e-13	Tpos:337.3,Tstd:275.2,Bpos:234.4,Bstd:149.2,StrandBias:0.1,Multiplicity:1.79
0.176	0.009	0.536	0.279
0.085	0.001	0.913	0.001
0.167	0.133	0.699	0.001
0.001	0.001	0.974	0.024
0.091	0.814	0.018	0.077
0.001	0.001	0.705	0.293
0.014	0.001	0.845	0.140
0.488	0.001	0.494	0.016
0.208	0.120	0.544	0.128
0.040	0.669	0.001	0.290
>CGGAAATGAA	11-CGGAAATGAA	6.227376	-29.419386	0	T:117.0(8.24%),B:1852.3(3.93%),P:1e-12	Tpos:275.0,Tstd:233.4,Bpos:229.6,Bstd:141.9,StrandBias:0.0,Multiplicity:1.07
0.100	0.636	0.136	0.128
0.154	0.106	0.551	0.189
0.155	0.112	0.572	0.161
0.718	0.043	0.117	0.122
0.578	0.131	0.152	0.139
0.693	0.137	0.151	0.019
0.119	0.221	0.140	0.520
0.190	0.113	0.628	0.069
0.574	0.148	0.175	0.103
0.464	0.171	0.178	0.187
>GTGACTCTTA	12-GTGACTCTTA	6.834384	-28.706719	0	T:208.0(14.65%),B:4128.3(8.77%),P:1e-12	Tpos:311.3,Tstd:262.4,Bpos:232.9,Bstd:137.7,StrandBias:-0.2,Multiplicity:1.17
0.111	0.083	0.765	0.041
0.053	0.054	0.049	0.844
0.062	0.070	0.822	0.046
0.814	0.095	0.046	0.045
0.095	0.790	0.066	0.049
0.051	0.027	0.139	0.783
0.050	0.786	0.072	0.092
0.124	0.101	0.061	0.714
0.045	0.037	0.067	0.851
0.844	0.044	0.048	0.064
>CSACGCCTAC	13-CSACGCCTAC	9.620340	-28.016069	0	T:35.0(2.46%),B:259.9(0.55%),P:1e-12	Tpos:408.2,Tstd:256.2,Bpos:226.9,Bstd:158.9,StrandBias:-0.3,Multiplicity:1.03
0.001	0.933	0.065	0.001
0.001	0.486	0.464	0.049
0.997	0.001	0.001	0.001
0.001	0.997	0.001	0.001
0.001	0.001	0.997	0.001
0.001	0.793	0.205	0.001
0.001	0.997	0.001	0.001
0.001	0.001	0.001	0.997
0.674	0.134	0.001	0.191
0.201	0.597	0.201	0.001
>ACTCACCAAT	14-ACTCACCAAT	9.571409	-27.294687	0	T:33.0(2.32%),B:237.9(0.51%),P:1e-11	Tpos:288.4,Tstd:192.7,Bpos:236.4,Bstd:128.6,StrandBias:-0.2,Multiplicity:1.00
0.968	0.030	0.001	0.001
0.001	0.997	0.001	0.001
0.024	0.001	0.121	0.854
0.041	0.776	0.070	0.113
0.791	0.001	0.149	0.059
0.019	0.979	0.001	0.001
0.147	0.818	0.001	0.034
0.997	0.001	0.001	0.001
0.968	0.012	0.001	0.019
0.001	0.001	0.156	0.842
>AAGGCTCTGC	15-AAGGCTCTGC	9.056218	-25.807326	0	T:95.0(6.69%),B:1455.2(3.09%),P:1e-11	Tpos:266.2,Tstd:235.5,Bpos:236.6,Bstd:137.7,StrandBias:0.3,Multiplicity:1.05
0.903	0.075	0.001	0.021
0.902	0.018	0.039	0.041
0.001	0.027	0.929	0.043
0.116	0.033	0.706	0.145
0.009	0.980	0.010	0.001
0.001	0.023	0.011	0.965
0.027	0.958	0.001	0.014
0.025	0.020	0.103	0.852
0.001	0.001	0.997	0.001
0.091	0.855	0.001	0.053
>CGTGTACCAA	16-CGTGTACCAA	10.115563	-24.367517	0	T:19.0(1.34%),B:84.0(0.18%),P:1e-10	Tpos:217.7,Tstd:172.7,Bpos:228.8,Bstd:127.7,StrandBias:-0.9,Multiplicity:1.05
0.001	0.924	0.074	0.001
0.001	0.001	0.966	0.032
0.001	0.143	0.001	0.855
0.001	0.001	0.997	0.001
0.001	0.001	0.049	0.949
0.951	0.047	0.001	0.001
0.064	0.934	0.001	0.001
0.153	0.845	0.001	0.001
0.997	0.001	0.001	0.001
0.883	0.001	0.047	0.069
>AGTAAAAGCG	17-AGTAAAAGCG	7.358194	-21.251692	0	T:78.0(5.49%),B:1199.7(2.55%),P:1e-9	Tpos:293.3,Tstd:266.0,Bpos:223.8,Bstd:146.7,StrandBias:0.0,Multiplicity:1.00
0.766	0.069	0.068	0.097
0.080	0.083	0.762	0.075
0.090	0.046	0.054	0.810
0.799	0.055	0.086	0.060
0.932	0.024	0.022	0.022
0.843	0.082	0.041	0.034
0.715	0.063	0.075	0.147
0.051	0.047	0.725	0.177
0.110	0.834	0.023	0.033
0.045	0.045	0.824	0.086
>GTTATCTCGC	18-GTTATCTCGC	7.420161	-18.373604	0	T:41.0(2.89%),B:488.0(1.04%),P:1e-7	Tpos:258.8,Tstd:221.4,Bpos:238.0,Bstd:142.9,StrandBias:-0.4,Multiplicity:1.02
0.097	0.073	0.758	0.072
0.080	0.013	0.090	0.817
0.053	0.101	0.014	0.832
0.787	0.053	0.059	0.101
0.058	0.035	0.066	0.841
0.001	0.860	0.068	0.071
0.019	0.080	0.127	0.774
0.087	0.778	0.079	0.056
0.054	0.024	0.878	0.044
0.091	0.688	0.141	0.080
>ACGTHACTAC	19-ACGTHACTAC	8.002880	-17.931242	0	T:44.0(3.10%),B:554.8(1.18%),P:1e-7	Tpos:270.7,Tstd:204.5,Bpos:236.9,Bstd:140.9,StrandBias:0.3,Multiplicity:1.02
0.997	0.001	0.001	0.001
0.038	0.885	0.052	0.025
0.035	0.033	0.931	0.001
0.001	0.001	0.001	0.997
0.339	0.271	0.059	0.331
0.848	0.075	0.046	0.031
0.001	0.834	0.019	0.146
0.153	0.207	0.001	0.639
0.726	0.068	0.003	0.203
0.001	0.883	0.050	0.066
>TGTGATCAGC	20-TGTGATCAGC	7.978367	-16.995581	0	T:102.0(7.18%),B:1912.9(4.06%),P:1e-7	Tpos:274.3,Tstd:237.0,Bpos:234.6,Bstd:134.3,StrandBias:-0.3,Multiplicity:1.03
0.218	0.001	0.001	0.780
0.209	0.193	0.597	0.001
0.154	0.099	0.054	0.693
0.058	0.001	0.858	0.083
0.862	0.114	0.021	0.003
0.001	0.078	0.005	0.916
0.001	0.782	0.147	0.070
0.739	0.124	0.082	0.055
0.032	0.002	0.950	0.016
0.154	0.842	0.003	0.001
>GCCCCCTAGTGG	1-GCCCCCTAGTGG	10.347984	-147.282916	0	T:121.0(8.52%),B:529.0(1.12%),P:1e-63	Tpos:257.0,Tstd:194.9,Bpos:233.1,Bstd:142.9,StrandBias:0.3,Multiplicity:1.02
0.066	0.001	0.843	0.090
0.097	0.726	0.176	0.001
0.001	0.997	0.001	0.001
0.393	0.605	0.001	0.001
0.001	0.677	0.001	0.321
0.001	0.997	0.001	0.001
0.001	0.058	0.001	0.940
0.654	0.046	0.169	0.131
0.001	0.247	0.716	0.036
0.164	0.001	0.036	0.799
0.001	0.001	0.997	0.001
0.001	0.145	0.776	0.078
>RACAGGAAGTGW	2-RACAGGAAGTGW	8.514728	-87.633649	0	T:278.0(19.58%),B:4004.8(8.51%),P:1e-38	Tpos:275.7,Tstd:216.1,Bpos:229.8,Bstd:137.5,StrandBias:0.0,Multiplicity:1.16
0.403	0.153	0.348	0.096
0.707	0.072	0.200	0.021
0.094	0.672	0.233	0.001
0.986	0.001	0.001	0.012
0.001	0.001	0.997	0.001
0.022	0.001	0.976	0.001
0.977	0.021	0.001	0.001
0.961	0.001	0.037	0.001
0.289	0.027	0.683	0.001
0.132	0.001	0.056	0.811
0.130	0.060	0.494	0.316
0.369	0.165	0.171	0.295
>TCTTTGATGTGG	3-TCTTTGATGTGG	9.209008	-51.726187	0	T:92.0(6.48%),B:901.9(1.92%),P:1e-22	Tpos:267.2,Tstd:204.1,Bpos:233.7,Bstd:135.3,StrandBias:-0.0,Multiplicity:1.02
0.074	0.060	0.071	0.795
0.045	0.728	0.154	0.073
0.032	0.057	0.001	0.910
0.020	0.040	0.045	0.895
0.089	0.020	0.072	0.819
0.068	0.088	0.783	0.061
0.857	0.028	0.048	0.067
0.100	0.020	0.135	0.745
0.001	0.073	0.898	0.028
0.055	0.008	0.056	0.881
0.080	0.010	0.854	0.056
0.013	0.051	0.842	0.094
>DDVTGASTCABC	4-DDVTGASTCABC	9.261890	-44.660423	0	T:105.0(7.39%),B:1251.6(2.66%),P:1e-19	Tpos:241.2,Tstd:170.1,Bpos:233.9,Bstd:138.3,StrandBias:-0.0,Multiplicity:1.07
0.237	0.162	0.318	0.283
0.253	0.139	0.377	0.232
0.314	0.325	0.322	0.038
0.001	0.001	0.001	0.997
0.001	0.001	0.997	0.001
0.997	0.001	0.001	0.001
0.061	0.453	0.485	0.001
0.012	0.009	0.001	0.978
0.001	0.997	0.001	0.001
0.997	0.001	0.001	0.001
0.001	0.287	0.374	0.338
0.227	0.430	0.122	0.221
>GCTTCCTGTTTA	5-GCTTCCTGTTTA	7.613302	-33.963569	0	T:259.0(18.24%),B:5238.6(11.13%),P:1e-14	Tpos:293.9,Tstd:261.7,Bpos:231.5,Bstd:141.0,StrandBias:-0.3,Multiplicity:1.13
0.034	0.071	0.832	0.063
0.033	0.752	0.087	0.128
0.084	0.094	0.001	0.821
0.013	0.024	0.103	0.860
0.107	0.704	0.052	0.137
0.062	0.758	0.053	0.127
0.048	0.024	0.001	0.927
0.072	0.043	0.715	0.170
0.032	0.119	0.138	0.711
0.058	0.115	0.118	0.709
0.159	0.122	0.115	0.604
0.609	0.107	0.136	0.148
>GGGGAAACCCCC	6-GGGGAAACCCCC	8.860532	-30.597701	0	T:75.0(5.28%),B:923.1(1.96%),P:1e-13	Tpos:266.9,Tstd:192.0,Bpos:232.6,Bstd:140.8,StrandBias:0.5,Multiplicity:1.04
0.047	0.001	0.797	0.155
0.111	0.001	0.828	0.060
0.074	0.001	0.924	0.001
0.019	0.030	0.950	0.001
0.906	0.017	0.076	0.001
0.945	0.024	0.001	0.030
0.758	0.060	0.104	0.078
0.082	0.738	0.087	0.093
0.106	0.757	0.074	0.063
0.167	0.742	0.040	0.051
0.049	0.900	0.030	0.021
0.081	0.762	0.060	0.097
>GTTTCAGTTTCD	7-GTTTCAGTTTCD	8.234541	-30.541263	0	T:55.0(3.87%),B:551.5(1.17%),P:1e-13	Tpos:281.8,Tstd:280.8,Bpos:228.5,Bstd:145.9,StrandBias:0.2,Multiplicity:1.04
0.154	0.174	0.487	0.184
0.016	0.215	0.008	0.761
0.090	0.163	0.016	0.731
0.161	0.012	0.159	0.668
0.028	0.611	0.020	0.341
0.642	0.106	0.042	0.210
0.135	0.162	0.568	0.135
0.013	0.086	0.041	0.860
0.162	0.205	0.096	0.537
0.169	0.253	0.016	0.562
0.191	0.464	0.203	0.142
0.293	0.104	0.326	0.277
>TGTTTGTGGTTT	8-TGTTTGTGGTTT	9.158392	-26.927496	0	T:112.0(7.89%),B:1810.3(3.84%),P:1e-11	Tpos:290.1,Tstd:203.0,Bpos:236.9,Bstd:145.5,StrandBias:-0.2,Multiplicity:1.13
0.105	0.075	0.052	0.768
0.117	0.109	0.675	0.099
0.001	0.084	0.066	0.849
0.100	0.034	0.090	0.776
0.001	0.001	0.001	0.997
0.050	0.069	0.750	0.131
0.001	0.001	0.084	0.914
0.001	0.001	0.916	0.082
0.073	0.051	0.845	0.031
0.095	0.053	0.088	0.764
0.062	0.026	0.091	0.821
0.001	0.059	0.073	0.867
>CAAGCTCCGCCC	9-CAAGCTCCGCCC	8.938853	-25.521737	0	T:116.0(8.17%),B:1947.7(4.14%),P:1e-11	Tpos:341.6,Tstd:273.5,Bpos:239.0,Bstd:149.2,StrandBias:-0.3,Multiplicity:1.11
0.058	0.831	0.048	0.063
0.690	0.126	0.096	0.088
0.802	0.030	0.134	0.034
0.001	0.066	0.932	0.001
0.077	0.880	0.016	0.027
0.058	0.104	0.070	0.768
0.027	0.906	0.040	0.027
0.106	0.778	0.012	0.104
0.107	0.064	0.771	0.058
0.027	0.947	0.012	0.014
0.073	0.862	0.029	0.036
0.047	0.841	0.027	0.085
>GTAAGACTCTGC	10-GTAAGACTCTGC	9.747256	-24.078162	0	T:46.0(3.24%),B:486.4(1.03%),P:1e-10	Tpos:206.9,Tstd:176.5,Bpos:226.0,Bstd:137.8,StrandBias:0.5,Multiplicity:1.00
0.035	0.099	0.663	0.203
0.036	0.092	0.174	0.698
0.873	0.039	0.087	0.001
0.942	0.056	0.001	0.001
0.096	0.001	0.847	0.056
0.597	0.135	0.173	0.095
0.056	0.942	0.001	0.001
0.056	0.056	0.056	0.832
0.001	0.827	0.059	0.113
0.096	0.001	0.001	0.902
0.001	0.056	0.848	0.095
0.112	0.886	0.001	0.001
>GCCAATCATAGC	11-GCCAATCATAGC	10.688468	-22.624534	0	T:30.0(2.11%),B:238.7(0.51%),P:1e-9	Tpos:301.9,Tstd:198.0,Bpos:241.5,Bstd:142.8,StrandBias:-0.5,Multiplicity:1.07
0.001	0.082	0.916	0.001
0.001	0.859	0.001	0.139
0.004	0.994	0.001	0.001
0.825	0.173	0.001	0.001
0.813	0.140	0.046	0.001
0.086	0.001	0.160	0.753
0.001	0.916	0.082	0.001
0.997	0.001	0.001	0.001
0.248	0.091	0.138	0.523
0.804	0.001	0.113	0.082
0.082	0.001	0.830	0.087
0.001	0.932	0.001	0.066
>CGCTGCAATCAA	12-CGCTGCAATCAA	9.456134	-22.477499	0	T:36.0(2.54%),B:335.4(0.71%),P:1e-9	Tpos:268.7,Tstd:195.3,Bpos:222.9,Bstd:130.8,StrandBias:0.3,Multiplicity:1.06
0.046	0.741	0.049	0.164
0.164	0.049	0.655	0.132
0.001	0.854	0.048	0.097
0.145	0.001	0.001	0.853
0.001	0.048	0.950	0.001
0.048	0.903	0.048	0.001
0.916	0.028	0.007	0.049
0.971	0.001	0.027	0.001
0.185	0.049	0.146	0.620
0.001	0.903	0.048	0.048
0.805	0.097	0.001	0.097
0.838	0.088	0.073	0.001
>GCAGGAAGTGGG	13-GCAGGAAGTGGG	13.198369	-21.632839	0	T:19.0(1.34%),B:98.3(0.21%),P:1e-9	Tpos:287.2,Tstd:144.3,Bpos:234.5,Bstd:120.2,StrandBias:0.2,Multiplicity:1.00
0.001	0.001	0.997	0.001
0.001	0.997	0.001	0.001
0.562	0.001	0.232	0.205
0.001	0.001	0.997	0.001
0.001	0.001	0.997	0.001
0.834	0.164	0.001	0.001
0.834	0.001	0.164	0.001
0.001	0.231	0.767	0.001
0.001	0.001	0.001	0.997
0.001	0.001	0.997	0.001
0.001	0.001	0.997	0.001
0.001	0.001	0.997	0.001
>CTTCYGGCTAAG	14-CTTCYGGCTAAG	11.914560	-21.604024	0	T:9.0(0.63%),B:13.3(0.03%),P:1e-9	Tpos:216.2,Tstd:155.8,Bpos:295.5,Bstd:158.5,StrandBias:10.0,Multiplicity:1.00
0.025	0.904	0.001	0.070
0.034	0.062	0.076	0.828
0.067	0.153	0.057	0.723
0.050	0.838	0.071	0.041
0.101	0.380	0.218	0.302
0.187	0.025	0.718	0.070
0.156	0.021	0.822	0.001
0.050	0.565	0.025	0.360
0.026	0.070	0.036	0.868
0.752	0.071	0.086	0.091
0.597	0.051	0.282	0.070
0.077	0.065	0.842	0.016
>CGCACCCTCACC	15-CGCACCCTCACC	8.930854	-21.421003	0	T:116.0(8.17%),B:2088.5(4.44%),P:1e-9	Tpos:286.8,Tstd:251.6,Bpos:231.1,Bstd:138.4,StrandBias:0.0,Multiplicity:1.14
0.044	0.756	0.014	0.186
0.166	0.091	0.664	0.079
0.034	0.918	0.047	0.001
0.887	0.083	0.020	0.010
0.001	0.827	0.070	0.102
0.073	0.784	0.033	0.110
0.034	0.897	0.001	0.068
0.042	0.072	0.047	0.839
0.034	0.840	0.068	0.058
0.777	0.096	0.088	0.039
0.028	0.911	0.047	0.014
0.001	0.910	0.019	0.070
>TCAAAGGCTCTG	16-TCAAAGGCTCTG	9.886036	-21.369465	0	T:49.0(3.45%),B:587.2(1.25%),P:1e-9	Tpos:277.8,Tstd:165.6,Bpos:234.2,Bstd:130.9,StrandBias:-0.1,Multiplicity:1.07
0.098	0.060	0.034	0.808
0.023	0.800	0.096	0.081
0.842	0.123	0.001	0.034
0.782	0.030	0.112	0.076
0.875	0.033	0.044	0.048
0.001	0.066	0.932	0.001
0.166	0.066	0.714	0.054
0.048	0.878	0.040	0.034
0.068	0.075	0.033	0.824
0.023	0.817	0.042	0.118
0.054	0.021	0.067	0.858
0.033	0.052	0.880	0.035
>CTGAGCTTTCAA	17-CTGAGCTTTCAA	8.463612	-19.792921	0	T:121.0(8.52%),B:2275.0(4.83%),P:1e-8	Tpos:290.2,Tstd:265.5,Bpos:234.0,Bstd:138.7,StrandBias:-0.1,Multiplicity:1.04
0.100	0.700	0.100	0.100
0.100	0.100	0.100	0.700
0.100	0.100	0.700	0.100
0.700	0.100	0.100	0.100
0.100	0.100	0.700	0.100
0.100	0.700	0.100	0.100
0.100	0.100	0.100	0.700
0.100	0.100	0.100	0.700
0.100	0.100	0.100	0.700
0.100	0.700	0.100	0.100
0.700	0.100	0.100	0.100
0.700	0.100	0.100	0.100
>GGGGCCTTAGGG	18-GGGGCCTTAGGG	12.355432	-18.885135	0	T:5.0(0.35%),B:2.3(0.00%),P:1e-8	Tpos:182.6,Tstd:138.6,Bpos:303.7,Bstd:52.9,StrandBias:-0.6,Multiplicity:1.00
0.100	0.100	0.700	0.100
0.100	0.100	0.700	0.100
0.100	0.100	0.700	0.100
0.100	0.100	0.700	0.100
0.100	0.700	0.100	0.100
0.100	0.700	0.100	0.100
0.100	0.100	0.100	0.700
0.100	0.100	0.100	0.700
0.700	0.100	0.100	0.100
0.100	0.100	0.700	0.100
0.100	0.100	0.700	0.100
0.100	0.100	0.700	0.100
>CCTTCAAAGGGC	19-CCTTCAAAGGGC	8.463612	-18.847803	0	T:99.0(6.97%),B:1767.3(3.75%),P:1e-8	Tpos:279.6,Tstd:282.3,Bpos:227.2,Bstd:135.8,StrandBias:0.4,Multiplicity:1.07
0.100	0.700	0.100	0.100
0.100	0.700	0.100	0.100
0.100	0.100	0.100	0.700
0.100	0.100	0.100	0.700
0.100	0.700	0.100	0.100
0.700	0.100	0.100	0.100
0.700	0.100	0.100	0.100
0.700	0.100	0.100	0.100
0.100	0.100	0.700	0.100
0.100	0.100	0.700	0.100
0.100	0.100	0.700	0.100
0.100	0.700	0.100	0.100
>AAGCATGCTTTT	20-AAGCATGCTTTT	12.665196	-15.283751	0	T:12.0(0.85%),B:56.9(0.12%),P:1e-6	Tpos:148.2,Tstd:109.4,Bpos:180.5,Bstd:121.6,StrandBias:0.4,Multiplicity:1.00
0.886	0.112	0.001	0.001
0.808	0.001	0.112	0.079
0.063	0.001	0.935	0.001
0.001	0.864	0.044	0.091
0.997	0.001	0.001	0.001
0.001	0.001	0.090	0.908
0.112	0.001	0.886	0.001
0.001	0.945	0.001	0.053
0.053	0.001	0.001	0.945
0.001	0.001	0.001	0.997
0.001	0.001	0.001	0.997
0.001	0.112	0.070	0.817
>CTGCTGTTTGTT	21-CTGCTGTTTGTT	14.396978	-12.864926	0	T:4.0(0.28%),B:3.9(0.01%),P:1e-5	Tpos:132.0,Tstd:81.6,Bpos:219.4,Bstd:55.3,StrandBias:1.6,Multiplicity:1.00
0.058	0.940	0.001	0.001
0.132	0.001	0.001	0.866
0.001	0.001	0.926	0.072
0.001	0.853	0.073	0.073
0.058	0.001	0.001	0.940
0.219	0.001	0.779	0.001
0.146	0.001	0.118	0.735
0.219	0.001	0.073	0.707
0.073	0.001	0.059	0.867
0.146	0.143	0.710	0.001
0.001	0.143	0.146	0.710
0.001	0.001	0.001	0.997
>CTCAAAAGTGCC	22-CTCAAAAGTGCC	15.097404	-10.263274	0	T:3.0(0.21%),B:2.5(0.01%),P:1e-4	Tpos:189.2,Tstd:76.4,Bpos:273.7,Bstd:156.3,StrandBias:10.0,Multiplicity:1.67
0.001	0.997	0.001	0.001
0.222	0.001	0.001	0.776
0.001	0.997	0.001	0.001
0.997	0.001	0.001	0.001
0.997	0.001	0.001	0.001
0.997	0.001	0.001	0.001
0.997	0.001	0.001	0.001
0.001	0.001	0.997	0.001
0.001	0.001	0.001	0.997
0.001	0.001	0.997	0.001
0.001	0.997	0.001	0.001
0.001	0.997	0.001	0.001
>TCTCAGCAACAC	23-TCTCAGCAACAC	10.409522	-6.318912	0	T:13.0(0.92%),B:164.6(0.35%),P:1e-2	Tpos:256.4,Tstd:221.2,Bpos:228.6,Bstd:128.6,StrandBias:1.1,Multiplicity:1.46
0.100	0.100	0.100	0.700
0.100	0.700	0.100	0.100
0.100	0.100	0.100	0.700
0.100	0.700	0.100	0.100
0.700	0.100	0.100	0.100
0.100	0.100	0.700	0.100
0.100	0.700	0.100	0.100
0.700	0.100	0.100	0.100
0.700	0.100	0.100	0.100
0.100	0.700	0.100	0.100
0.700	0.100	0.100	0.100
0.100	0.700	0.100	0.100
>CAGATGTGGGTG	24-CAGATGTGGGTG	16.396687	-4.577246	0	T:2.0(0.14%),B:5.5(0.01%),P:1e-1	Tpos:115.8,Tstd:58.4,Bpos:269.5,Bstd:120.6,StrandBias:2.3,Multiplicity:3.00
0.001	0.997	0.001	0.001
0.997	0.001	0.001	0.001
0.001	0.001	0.997	0.001
0.997	0.001	0.001	0.001
0.001	0.001	0.001	0.997
0.184	0.001	0.814	0.001
0.001	0.001	0.001	0.997
0.001	0.001	0.997	0.001
0.001	0.001	0.997	0.001
0.001	0.001	0.997	0.001
0.001	0.001	0.001	0.997
0.001	0.001	0.997	0.001
>GAAACCCTGTAT	25-GAAACCCTGTAT	12.355432	-2.838095	0	T:1.0(0.07%),B:2.5(0.01%),P:1e-1	Tpos:148.0,Tstd:20.1,Bpos:298.6,Bstd:86.0,StrandBias:10.0,Multiplicity:4.00
0.100	0.100	0.700	0.100
0.700	0.100	0.100	0.100
0.700	0.100	0.100	0.100
0.700	0.100	0.100	0.100
0.100	0.700	0.100	0.100
0.100	0.700	0.100	0.100
0.100	0.700	0.100	0.100
0.100	0.100	0.100	0.700
0.100	0.100	0.700	0.100
0.100	0.100	0.100	0.700
0.700	0.100	0.100	0.100
0.100	0.100	0.100	0.700
>CTTTGAWC	1-CTTTGAWC	7.723786	-65.341391	0	T:268.0(18.87%),B:4346.9(9.23%),P:1e-28	Tpos:261.9,Tstd:205.5,Bpos:235.0,Bstd:139.6,StrandBias:-0.2,Multiplicity:1.15
0.001	0.860	0.109	0.030
0.001	0.001	0.058	0.940
0.001	0.001	0.041	0.957
0.001	0.053	0.024	0.922
0.001	0.281	0.682	0.036
0.843	0.001	0.001	0.155
0.503	0.130	0.001	0.366
0.004	0.558	0.326	0.112
>CAGGAAAC	2-CAGGAAAC	5.881625	-58.601966	0	T:473.0(33.31%),B:9988.0(21.21%),P:1e-25	Tpos:297.9,Tstd:245.0,Bpos:233.0,Bstd:138.3,StrandBias:-0.0,Multiplicity:1.32
0.001	0.638	0.360	0.001
0.997	0.001	0.001	0.001
0.001	0.001	0.997	0.001
0.001	0.001	0.997	0.001
0.997	0.001	0.001	0.001
0.988	0.001	0.001	0.010
0.959	0.001	0.039	0.001
0.001	0.599	0.001	0.399
>TGAGTCAT	3-TGAGTCAT	6.898058	-51.976379	0	T:221.0(15.56%),B:3617.5(7.68%),P:1e-22	Tpos:267.5,Tstd:209.5,Bpos:236.3,Bstd:135.3,StrandBias:0.1,Multiplicity:1.15
0.018	0.001	0.001	0.980
0.015	0.019	0.891	0.075
0.997	0.001	0.001	0.001
0.012	0.215	0.759	0.014
0.001	0.001	0.001	0.997
0.044	0.954	0.001	0.001
0.939	0.025	0.035	0.001
0.016	0.164	0.133	0.687
>TGTGGTTT	4-TGTGGTTT	7.627239	-40.181899	0	T:166.0(11.69%),B:2671.4(5.67%),P:1e-17	Tpos:308.4,Tstd:245.2,Bpos:235.9,Bstd:139.4,StrandBias:-0.3,Multiplicity:1.12
0.001	0.001	0.001	0.997
0.001	0.001	0.997	0.001
0.194	0.001	0.001	0.804
0.001	0.046	0.952	0.001
0.001	0.001	0.997	0.001
0.001	0.001	0.001	0.997
0.001	0.001	0.001	0.997
0.138	0.001	0.001	0.860
>GTTTCCGC	5-GTTTCCGC	6.159282	-36.943698	0	T:266.0(18.73%),B:5291.1(11.24%),P:1e-16	Tpos:310.9,Tstd:265.7,Bpos:232.6,Bstd:154.9,StrandBias:-0.1,Multiplicity:1.22
0.191	0.001	0.661	0.147
0.001	0.001	0.001	0.997
0.003	0.058	0.001	0.938
0.001	0.061	0.001	0.937
0.008	0.768	0.058	0.166
0.010	0.781	0.206	0.003
0.002	0.079	0.916	0.003
0.206	0.572	0.102	0.120
>AGTSACGT	6-AGTSACGT	6.627107	-34.396037	0	T:404.0(28.45%),B:9256.8(19.66%),P:1e-14	Tpos:299.2,Tstd:234.0,Bpos:233.6,Bstd:142.3,StrandBias:-0.1,Multiplicity:1.18
0.838	0.005	0.156	0.001
0.132	0.001	0.866	0.001
0.001	0.001	0.145	0.853
0.001	0.436	0.560	0.003
0.997	0.001	0.001	0.001
0.156	0.440	0.261	0.143
0.001	0.001	0.843	0.155
0.103	0.268	0.001	0.628
>CGCCCACA	7-CGCCCACA	6.705369	-31.289416	0	T:428.0(30.14%),B:10148.5(21.55%),P:1e-13	Tpos:308.4,Tstd:268.0,Bpos:231.4,Bstd:141.6,StrandBias:-0.0,Multiplicity:1.29
0.059	0.833	0.055	0.053
0.104	0.043	0.769	0.084
0.038	0.940	0.001	0.021
0.001	0.997	0.001	0.001
0.035	0.909	0.014	0.042
0.893	0.060	0.001	0.046
0.033	0.947	0.001	0.019
0.775	0.095	0.001	0.129
>ACTAGAGG	8-ACTAGAGG	5.534288	-30.472671	0	T:185.0(13.03%),B:3462.2(7.35%),P:1e-13	Tpos:263.1,Tstd:200.9,Bpos:230.5,Bstd:137.2,StrandBias:-0.4,Multiplicity:1.04
0.742	0.001	0.001	0.256
0.001	0.997	0.001	0.001
0.001	0.001	0.001	0.997
0.997	0.001	0.001	0.001
0.001	0.001	0.997	0.001
0.672	0.001	0.326	0.001
0.001	0.001	0.951	0.047
0.001	0.001	0.997	0.001
>TTTGCRTR	9-TTTGCRTR	6.106047	-27.369135	0	T:176.0(12.39%),B:3358.8(7.13%),P:1e-11	Tpos:287.3,Tstd:235.3,Bpos:232.6,Bstd:139.4,StrandBias:-0.2,Multiplicity:1.13
0.001	0.001	0.001	0.997
0.001	0.040	0.001	0.958
0.356	0.051	0.001	0.592
0.001	0.001	0.997	0.001
0.001	0.997	0.001	0.001
0.553	0.001	0.445	0.001
0.001	0.001	0.001	0.997
0.529	0.001	0.469	0.001
>GTTTAWGT	10-GTTTAWGT	6.557209	-23.186488	0	T:263.0(18.52%),B:5907.3(12.55%),P:1e-10	Tpos:263.7,Tstd:211.9,Bpos:231.2,Bstd:140.9,StrandBias:0.1,Multiplicity:1.08
0.001	0.052	0.946	0.001
0.001	0.001	0.197	0.801
0.001	0.001	0.001	0.997
0.064	0.024	0.045	0.867
0.590	0.408	0.001	0.001
0.379	0.184	0.001	0.435
0.001	0.001	0.997	0.001
0.001	0.001	0.001	0.997
>CGCCAATC	11-CGCCAATC	6.815530	-22.115291	0	T:134.0(9.44%),B:2508.1(5.33%),P:1e-9	Tpos:331.3,Tstd:255.2,Bpos:236.1,Bstd:151.4,StrandBias:0.1,Multiplicity:1.24
0.195	0.803	0.001	0.001
0.001	0.001	0.997	0.001
0.001	0.862	0.102	0.035
0.040	0.958	0.001	0.001
0.808	0.121	0.034	0.037
0.869	0.088	0.042	0.001
0.101	0.001	0.001	0.897
0.050	0.823	0.065	0.062
>CGACCTTA	12-CGACCTTA	8.236954	-12.211021	0	T:10.0(0.70%),B:51.3(0.11%),P:1e-5	Tpos:249.0,Tstd:156.2,Bpos:190.1,Bstd:164.9,StrandBias:1.2,Multiplicity:1.00
0.100	0.700	0.100	0.100
0.100	0.100	0.700	0.100
0.700	0.100	0.100	0.100
0.100	0.700	0.100	0.100
0.100	0.700	0.100	0.100
0.100	0.100	0.100	0.700
0.100	0.100	0.100	0.700
0.700	0.100	0.100	0.100
