>GCCCCCTAGTGG	1-GCCCCCTAGTGG	10.347984	-147.282916	0	T:121.0(8.52%),B:529.0(1.12%),P:1e-63	Tpos:257.0,Tstd:194.9,Bpos:233.1,Bstd:142.9,StrandBias:0.3,Multiplicity:1.02
0.066	0.001	0.843	0.090
0.097	0.726	0.176	0.001
0.001	0.997	0.001	0.001
0.393	0.605	0.001	0.001
0.001	0.677	0.001	0.321
0.001	0.997	0.001	0.001
0.001	0.058	0.001	0.940
0.654	0.046	0.169	0.131
0.001	0.247	0.716	0.036
0.164	0.001	0.036	0.799
0.001	0.001	0.997	0.001
0.001	0.145	0.776	0.078
>RACAGGAAGTGW	2-RACAGGAAGTGW	8.514728	-87.633649	0	T:278.0(19.58%),B:4004.8(8.51%),P:1e-38	Tpos:275.7,Tstd:216.1,Bpos:229.8,Bstd:137.5,StrandBias:0.0,Multiplicity:1.16
0.403	0.153	0.348	0.096
0.707	0.072	0.200	0.021
0.094	0.672	0.233	0.001
0.986	0.001	0.001	0.012
0.001	0.001	0.997	0.001
0.022	0.001	0.976	0.001
0.977	0.021	0.001	0.001
0.961	0.001	0.037	0.001
0.289	0.027	0.683	0.001
0.132	0.001	0.056	0.811
0.130	0.060	0.494	0.316
0.369	0.165	0.171	0.295
>TCTTTGATGTGG	3-TCTTTGATGTGG	9.209008	-51.726187	0	T:92.0(6.48%),B:901.9(1.92%),P:1e-22	Tpos:267.2,Tstd:204.1,Bpos:233.7,Bstd:135.3,StrandBias:-0.0,Multiplicity:1.02
0.074	0.060	0.071	0.795
0.045	0.728	0.154	0.073
0.032	0.057	0.001	0.910
0.020	0.040	0.045	0.895
0.089	0.020	0.072	0.819
0.068	0.088	0.783	0.061
0.857	0.028	0.048	0.067
0.100	0.020	0.135	0.745
0.001	0.073	0.898	0.028
0.055	0.008	0.056	0.881
0.080	0.010	0.854	0.056
0.013	0.051	0.842	0.094
>DDVTGASTCABC	4-DDVTGASTCABC	9.261890	-44.660423	0	T:105.0(7.39%),B:1251.6(2.66%),P:1e-19	Tpos:241.2,Tstd:170.1,Bpos:233.9,Bstd:138.3,StrandBias:-0.0,Multiplicity:1.07
0.237	0.162	0.318	0.283
0.253	0.139	0.377	0.232
0.314	0.325	0.322	0.038
0.001	0.001	0.001	0.997
0.001	0.001	0.997	0.001
0.997	0.001	0.001	0.001
0.061	0.453	0.485	0.001
0.012	0.009	0.001	0.978
0.001	0.997	0.001	0.001
0.997	0.001	0.001	0.001
0.001	0.287	0.374	0.338
0.227	0.430	0.122	0.221
>GCTTCCTGTTTA	5-GCTTCCTGTTTA	7.613302	-33.963569	0	T:259.0(18.24%),B:5238.6(11.13%),P:1e-14	Tpos:293.9,Tstd:261.7,Bpos:231.5,Bstd:141.0,StrandBias:-0.3,Multiplicity:1.13
0.034	0.071	0.832	0.063
0.033	0.752	0.087	0.128
0.084	0.094	0.001	0.821
0.013	0.024	0.103	0.860
0.107	0.704	0.052	0.137
0.062	0.758	0.053	0.127
0.048	0.024	0.001	0.927
0.072	0.043	0.715	0.170
0.032	0.119	0.138	0.711
0.058	0.115	0.118	0.709
0.159	0.122	0.115	0.604
0.609	0.107	0.136	0.148
>GGGGAAACCCCC	6-GGGGAAACCCCC	8.860532	-30.597701	0	T:75.0(5.28%),B:923.1(1.96%),P:1e-13	Tpos:266.9,Tstd:192.0,Bpos:232.6,Bstd:140.8,StrandBias:0.5,Multiplicity:1.04
0.047	0.001	0.797	0.155
0.111	0.001	0.828	0.060
0.074	0.001	0.924	0.001
0.019	0.030	0.950	0.001
0.906	0.017	0.076	0.001
0.945	0.024	0.001	0.030
0.758	0.060	0.104	0.078
0.082	0.738	0.087	0.093
0.106	0.757	0.074	0.063
0.167	0.742	0.040	0.051
0.049	0.900	0.030	0.021
0.081	0.762	0.060	0.097
>GTTTCAGTTTCD	7-GTTTCAGTTTCD	8.234541	-30.541263	0	T:55.0(3.87%),B:551.5(1.17%),P:1e-13	Tpos:281.8,Tstd:280.8,Bpos:228.5,Bstd:145.9,StrandBias:0.2,Multiplicity:1.04
0.154	0.174	0.487	0.184
0.016	0.215	0.008	0.761
0.090	0.163	0.016	0.731
0.161	0.012	0.159	0.668
0.028	0.611	0.020	0.341
0.642	0.106	0.042	0.210
0.135	0.162	0.568	0.135
0.013	0.086	0.041	0.860
0.162	0.205	0.096	0.537
0.169	0.253	0.016	0.562
0.191	0.464	0.203	0.142
0.293	0.104	0.326	0.277
>TGTTTGTGGTTT	8-TGTTTGTGGTTT	9.158392	-26.927496	0	T:112.0(7.89%),B:1810.3(3.84%),P:1e-11	Tpos:290.1,Tstd:203.0,Bpos:236.9,Bstd:145.5,StrandBias:-0.2,Multiplicity:1.13
0.105	0.075	0.052	0.768
0.117	0.109	0.675	0.099
0.001	0.084	0.066	0.849
0.100	0.034	0.090	0.776
0.001	0.001	0.001	0.997
0.050	0.069	0.750	0.131
0.001	0.001	0.084	0.914
0.001	0.001	0.916	0.082
0.073	0.051	0.845	0.031
0.095	0.053	0.088	0.764
0.062	0.026	0.091	0.821
0.001	0.059	0.073	0.867
>CAAGCTCCGCCC	9-CAAGCTCCGCCC	8.938853	-25.521737	0	T:116.0(8.17%),B:1947.7(4.14%),P:1e-11	Tpos:341.6,Tstd:273.5,Bpos:239.0,Bstd:149.2,StrandBias:-0.3,Multiplicity:1.11
0.058	0.831	0.048	0.063
0.690	0.126	0.096	0.088
0.802	0.030	0.134	0.034
0.001	0.066	0.932	0.001
0.077	0.880	0.016	0.027
0.058	0.104	0.070	0.768
0.027	0.906	0.040	0.027
0.106	0.778	0.012	0.104
0.107	0.064	0.771	0.058
0.027	0.947	0.012	0.014
0.073	0.862	0.029	0.036
0.047	0.841	0.027	0.085
>GTAAGACTCTGC	10-GTAAGACTCTGC	9.747256	-24.078162	0	T:46.0(3.24%),B:486.4(1.03%),P:1e-10	Tpos:206.9,Tstd:176.5,Bpos:226.0,Bstd:137.8,StrandBias:0.5,Multiplicity:1.00
0.035	0.099	0.663	0.203
0.036	0.092	0.174	0.698
0.873	0.039	0.087	0.001
0.942	0.056	0.001	0.001
0.096	0.001	0.847	0.056
0.597	0.135	0.173	0.095
0.056	0.942	0.001	0.001
0.056	0.056	0.056	0.832
0.001	0.827	0.059	0.113
0.096	0.001	0.001	0.902
0.001	0.056	0.848	0.095
0.112	0.886	0.001	0.001
>GCCAATCATAGC	11-GCCAATCATAGC	10.688468	-22.624534	0	T:30.0(2.11%),B:238.7(0.51%),P:1e-9	Tpos:301.9,Tstd:198.0,Bpos:241.5,Bstd:142.8,StrandBias:-0.5,Multiplicity:1.07
0.001	0.082	0.916	0.001
0.001	0.859	0.001	0.139
0.004	0.994	0.001	0.001
0.825	0.173	0.001	0.001
0.813	0.140	0.046	0.001
0.086	0.001	0.160	0.753
0.001	0.916	0.082	0.001
0.997	0.001	0.001	0.001
0.248	0.091	0.138	0.523
0.804	0.001	0.113	0.082
0.082	0.001	0.830	0.087
0.001	0.932	0.001	0.066
>CGCTGCAATCAA	12-CGCTGCAATCAA	9.456134	-22.477499	0	T:36.0(2.54%),B:335.4(0.71%),P:1e-9	Tpos:268.7,Tstd:195.3,Bpos:222.9,Bstd:130.8,StrandBias:0.3,Multiplicity:1.06
0.046	0.741	0.049	0.164
0.164	0.049	0.655	0.132
0.001	0.854	0.048	0.097
0.145	0.001	0.001	0.853
0.001	0.048	0.950	0.001
0.048	0.903	0.048	0.001
0.916	0.028	0.007	0.049
0.971	0.001	0.027	0.001
0.185	0.049	0.146	0.620
0.001	0.903	0.048	0.048
0.805	0.097	0.001	0.097
0.838	0.088	0.073	0.001
>GCAGGAAGTGGG	13-GCAGGAAGTGGG	13.198369	-21.632839	0	T:19.0(1.34%),B:98.3(0.21%),P:1e-9	Tpos:287.2,Tstd:144.3,Bpos:234.5,Bstd:120.2,StrandBias:0.2,Multiplicity:1.00
0.001	0.001	0.997	0.001
0.001	0.997	0.001	0.001
0.562	0.001	0.232	0.205
0.001	0.001	0.997	0.001
0.001	0.001	0.997	0.001
0.834	0.164	0.001	0.001
0.834	0.001	0.164	0.001
0.001	0.231	0.767	0.001
0.001	0.001	0.001	0.997
0.001	0.001	0.997	0.001
0.001	0.001	0.997	0.001
0.001	0.001	0.997	0.001
>CTTCYGGCTAAG	14-CTTCYGGCTAAG	11.914560	-21.604024	0	T:9.0(0.63%),B:13.3(0.03%),P:1e-9	Tpos:216.2,Tstd:155.8,Bpos:295.5,Bstd:158.5,StrandBias:10.0,Multiplicity:1.00
0.025	0.904	0.001	0.070
0.034	0.062	0.076	0.828
0.067	0.153	0.057	0.723
0.050	0.838	0.071	0.041
0.101	0.380	0.218	0.302
0.187	0.025	0.718	0.070
0.156	0.021	0.822	0.001
0.050	0.565	0.025	0.360
0.026	0.070	0.036	0.868
0.752	0.071	0.086	0.091
0.597	0.051	0.282	0.070
0.077	0.065	0.842	0.016
>CGCACCCTCACC	15-CGCACCCTCACC	8.930854	-21.421003	0	T:116.0(8.17%),B:2088.5(4.44%),P:1e-9	Tpos:286.8,Tstd:251.6,Bpos:231.1,Bstd:138.4,StrandBias:0.0,Multiplicity:1.14
0.044	0.756	0.014	0.186
0.166	0.091	0.664	0.079
0.034	0.918	0.047	0.001
0.887	0.083	0.020	0.010
0.001	0.827	0.070	0.102
0.073	0.784	0.033	0.110
0.034	0.897	0.001	0.068
0.042	0.072	0.047	0.839
0.034	0.840	0.068	0.058
0.777	0.096	0.088	0.039
0.028	0.911	0.047	0.014
0.001	0.910	0.019	0.070
>TCAAAGGCTCTG	16-TCAAAGGCTCTG	9.886036	-21.369465	0	T:49.0(3.45%),B:587.2(1.25%),P:1e-9	Tpos:277.8,Tstd:165.6,Bpos:234.2,Bstd:130.9,StrandBias:-0.1,Multiplicity:1.07
0.098	0.060	0.034	0.808
0.023	0.800	0.096	0.081
0.842	0.123	0.001	0.034
0.782	0.030	0.112	0.076
0.875	0.033	0.044	0.048
0.001	0.066	0.932	0.001
0.166	0.066	0.714	0.054
0.048	0.878	0.040	0.034
0.068	0.075	0.033	0.824
0.023	0.817	0.042	0.118
0.054	0.021	0.067	0.858
0.033	0.052	0.880	0.035
>CTGAGCTTTCAA	17-CTGAGCTTTCAA	8.463612	-19.792921	0	T:121.0(8.52%),B:2275.0(4.83%),P:1e-8	Tpos:290.2,Tstd:265.5,Bpos:234.0,Bstd:138.7,StrandBias:-0.1,Multiplicity:1.04
0.100	0.700	0.100	0.100
0.100	0.100	0.100	0.700
0.100	0.100	0.700	0.100
0.700	0.100	0.100	0.100
0.100	0.100	0.700	0.100
0.100	0.700	0.100	0.100
0.100	0.100	0.100	0.700
0.100	0.100	0.100	0.700
0.100	0.100	0.100	0.700
0.100	0.700	0.100	0.100
0.700	0.100	0.100	0.100
0.700	0.100	0.100	0.100
>GGGGCCTTAGGG	18-GGGGCCTTAGGG	12.355432	-18.885135	0	T:5.0(0.35%),B:2.3(0.00%),P:1e-8	Tpos:182.6,Tstd:138.6,Bpos:303.7,Bstd:52.9,StrandBias:-0.6,Multiplicity:1.00
0.100	0.100	0.700	0.100
0.100	0.100	0.700	0.100
0.100	0.100	0.700	0.100
0.100	0.100	0.700	0.100
0.100	0.700	0.100	0.100
0.100	0.700	0.100	0.100
0.100	0.100	0.100	0.700
0.100	0.100	0.100	0.700
0.700	0.100	0.100	0.100
0.100	0.100	0.700	0.100
0.100	0.100	0.700	0.100
0.100	0.100	0.700	0.100
>CCTTCAAAGGGC	19-CCTTCAAAGGGC	8.463612	-18.847803	0	T:99.0(6.97%),B:1767.3(3.75%),P:1e-8	Tpos:279.6,Tstd:282.3,Bpos:227.2,Bstd:135.8,StrandBias:0.4,Multiplicity:1.07
0.100	0.700	0.100	0.100
0.100	0.700	0.100	0.100
0.100	0.100	0.100	0.700
0.100	0.100	0.100	0.700
0.100	0.700	0.100	0.100
0.700	0.100	0.100	0.100
0.700	0.100	0.100	0.100
0.700	0.100	0.100	0.100
0.100	0.100	0.700	0.100
0.100	0.100	0.700	0.100
0.100	0.100	0.700	0.100
0.100	0.700	0.100	0.100
>AAGCATGCTTTT	20-AAGCATGCTTTT	12.665196	-15.283751	0	T:12.0(0.85%),B:56.9(0.12%),P:1e-6	Tpos:148.2,Tstd:109.4,Bpos:180.5,Bstd:121.6,StrandBias:0.4,Multiplicity:1.00
0.886	0.112	0.001	0.001
0.808	0.001	0.112	0.079
0.063	0.001	0.935	0.001
0.001	0.864	0.044	0.091
0.997	0.001	0.001	0.001
0.001	0.001	0.090	0.908
0.112	0.001	0.886	0.001
0.001	0.945	0.001	0.053
0.053	0.001	0.001	0.945
0.001	0.001	0.001	0.997
0.001	0.001	0.001	0.997
0.001	0.112	0.070	0.817
>CTGCTGTTTGTT	21-CTGCTGTTTGTT	14.396978	-12.864926	0	T:4.0(0.28%),B:3.9(0.01%),P:1e-5	Tpos:132.0,Tstd:81.6,Bpos:219.4,Bstd:55.3,StrandBias:1.6,Multiplicity:1.00
0.058	0.940	0.001	0.001
0.132	0.001	0.001	0.866
0.001	0.001	0.926	0.072
0.001	0.853	0.073	0.073
0.058	0.001	0.001	0.940
0.219	0.001	0.779	0.001
0.146	0.001	0.118	0.735
0.219	0.001	0.073	0.707
0.073	0.001	0.059	0.867
0.146	0.143	0.710	0.001
0.001	0.143	0.146	0.710
0.001	0.001	0.001	0.997
>CTCAAAAGTGCC	22-CTCAAAAGTGCC	15.097404	-10.263274	0	T:3.0(0.21%),B:2.5(0.01%),P:1e-4	Tpos:189.2,Tstd:76.4,Bpos:273.7,Bstd:156.3,StrandBias:10.0,Multiplicity:1.67
0.001	0.997	0.001	0.001
0.222	0.001	0.001	0.776
0.001	0.997	0.001	0.001
0.997	0.001	0.001	0.001
0.997	0.001	0.001	0.001
0.997	0.001	0.001	0.001
0.997	0.001	0.001	0.001
0.001	0.001	0.997	0.001
0.001	0.001	0.001	0.997
0.001	0.001	0.997	0.001
0.001	0.997	0.001	0.001
0.001	0.997	0.001	0.001
>TCTCAGCAACAC	23-TCTCAGCAACAC	10.409522	-6.318912	0	T:13.0(0.92%),B:164.6(0.35%),P:1e-2	Tpos:256.4,Tstd:221.2,Bpos:228.6,Bstd:128.6,StrandBias:1.1,Multiplicity:1.46
0.100	0.100	0.100	0.700
0.100	0.700	0.100	0.100
0.100	0.100	0.100	0.700
0.100	0.700	0.100	0.100
0.700	0.100	0.100	0.100
0.100	0.100	0.700	0.100
0.100	0.700	0.100	0.100
0.700	0.100	0.100	0.100
0.700	0.100	0.100	0.100
0.100	0.700	0.100	0.100
0.700	0.100	0.100	0.100
0.100	0.700	0.100	0.100
>CAGATGTGGGTG	24-CAGATGTGGGTG	16.396687	-4.577246	0	T:2.0(0.14%),B:5.5(0.01%),P:1e-1	Tpos:115.8,Tstd:58.4,Bpos:269.5,Bstd:120.6,StrandBias:2.3,Multiplicity:3.00
0.001	0.997	0.001	0.001
0.997	0.001	0.001	0.001
0.001	0.001	0.997	0.001
0.997	0.001	0.001	0.001
0.001	0.001	0.001	0.997
0.184	0.001	0.814	0.001
0.001	0.001	0.001	0.997
0.001	0.001	0.997	0.001
0.001	0.001	0.997	0.001
0.001	0.001	0.997	0.001
0.001	0.001	0.001	0.997
0.001	0.001	0.997	0.001
>GAAACCCTGTAT	25-GAAACCCTGTAT	12.355432	-2.838095	0	T:1.0(0.07%),B:2.5(0.01%),P:1e-1	Tpos:148.0,Tstd:20.1,Bpos:298.6,Bstd:86.0,StrandBias:10.0,Multiplicity:4.00
0.100	0.100	0.700	0.100
0.700	0.100	0.100	0.100
0.700	0.100	0.100	0.100
0.700	0.100	0.100	0.100
0.100	0.700	0.100	0.100
0.100	0.700	0.100	0.100
0.100	0.700	0.100	0.100
0.100	0.100	0.100	0.700
0.100	0.100	0.700	0.100
0.100	0.100	0.100	0.700
0.700	0.100	0.100	0.100
0.100	0.100	0.100	0.700
