>CTTTGAWC	1-CTTTGAWC	7.723786	-65.341391	0	T:268.0(18.87%),B:4346.9(9.23%),P:1e-28	Tpos:261.9,Tstd:205.5,Bpos:235.0,Bstd:139.6,StrandBias:-0.2,Multiplicity:1.15
0.001	0.860	0.109	0.030
0.001	0.001	0.058	0.940
0.001	0.001	0.041	0.957
0.001	0.053	0.024	0.922
0.001	0.281	0.682	0.036
0.843	0.001	0.001	0.155
0.503	0.130	0.001	0.366
0.004	0.558	0.326	0.112
>CAGGAAAC	2-CAGGAAAC	5.881625	-58.601966	0	T:473.0(33.31%),B:9988.0(21.21%),P:1e-25	Tpos:297.9,Tstd:245.0,Bpos:233.0,Bstd:138.3,StrandBias:-0.0,Multiplicity:1.32
0.001	0.638	0.360	0.001
0.997	0.001	0.001	0.001
0.001	0.001	0.997	0.001
0.001	0.001	0.997	0.001
0.997	0.001	0.001	0.001
0.988	0.001	0.001	0.010
0.959	0.001	0.039	0.001
0.001	0.599	0.001	0.399
>TGAGTCAT	3-TGAGTCAT	6.898058	-51.976379	0	T:221.0(15.56%),B:3617.5(7.68%),P:1e-22	Tpos:267.5,Tstd:209.5,Bpos:236.3,Bstd:135.3,StrandBias:0.1,Multiplicity:1.15
0.018	0.001	0.001	0.980
0.015	0.019	0.891	0.075
0.997	0.001	0.001	0.001
0.012	0.215	0.759	0.014
0.001	0.001	0.001	0.997
0.044	0.954	0.001	0.001
0.939	0.025	0.035	0.001
0.016	0.164	0.133	0.687
>TGTGGTTT	4-TGTGGTTT	7.627239	-40.181899	0	T:166.0(11.69%),B:2671.4(5.67%),P:1e-17	Tpos:308.4,Tstd:245.2,Bpos:235.9,Bstd:139.4,StrandBias:-0.3,Multiplicity:1.12
0.001	0.001	0.001	0.997
0.001	0.001	0.997	0.001
0.194	0.001	0.001	0.804
0.001	0.046	0.952	0.001
0.001	0.001	0.997	0.001
0.001	0.001	0.001	0.997
0.001	0.001	0.001	0.997
0.138	0.001	0.001	0.860
>GTTTCCGC	5-GTTTCCGC	6.159282	-36.943698	0	T:266.0(18.73%),B:5291.1(11.24%),P:1e-16	Tpos:310.9,Tstd:265.7,Bpos:232.6,Bstd:154.9,StrandBias:-0.1,Multiplicity:1.22
0.191	0.001	0.661	0.147
0.001	0.001	0.001	0.997
0.003	0.058	0.001	0.938
0.001	0.061	0.001	0.937
0.008	0.768	0.058	0.166
0.010	0.781	0.206	0.003
0.002	0.079	0.916	0.003
0.206	0.572	0.102	0.120
>AGTSACGT	6-AGTSACGT	6.627107	-34.396037	0	T:404.0(28.45%),B:9256.8(19.66%),P:1e-14	Tpos:299.2,Tstd:234.0,Bpos:233.6,Bstd:142.3,StrandBias:-0.1,Multiplicity:1.18
0.838	0.005	0.156	0.001
0.132	0.001	0.866	0.001
0.001	0.001	0.145	0.853
0.001	0.436	0.560	0.003
0.997	0.001	0.001	0.001
0.156	0.440	0.261	0.143
0.001	0.001	0.843	0.155
0.103	0.268	0.001	0.628
>CGCCCACA	7-CGCCCACA	6.705369	-31.289416	0	T:428.0(30.14%),B:10148.5(21.55%),P:1e-13	Tpos:308.4,Tstd:268.0,Bpos:231.4,Bstd:141.6,StrandBias:-0.0,Multiplicity:1.29
0.059	0.833	0.055	0.053
0.104	0.043	0.769	0.084
0.038	0.940	0.001	0.021
0.001	0.997	0.001	0.001
0.035	0.909	0.014	0.042
0.893	0.060	0.001	0.046
0.033	0.947	0.001	0.019
0.775	0.095	0.001	0.129
>ACTAGAGG	8-ACTAGAGG	5.534288	-30.472671	0	T:185.0(13.03%),B:3462.2(7.35%),P:1e-13	Tpos:263.1,Tstd:200.9,Bpos:230.5,Bstd:137.2,StrandBias:-0.4,Multiplicity:1.04
0.742	0.001	0.001	0.256
0.001	0.997	0.001	0.001
0.001	0.001	0.001	0.997
0.997	0.001	0.001	0.001
0.001	0.001	0.997	0.001
0.672	0.001	0.326	0.001
0.001	0.001	0.951	0.047
0.001	0.001	0.997	0.001
>TTTGCRTR	9-TTTGCRTR	6.106047	-27.369135	0	T:176.0(12.39%),B:3358.8(7.13%),P:1e-11	Tpos:287.3,Tstd:235.3,Bpos:232.6,Bstd:139.4,StrandBias:-0.2,Multiplicity:1.13
0.001	0.001	0.001	0.997
0.001	0.040	0.001	0.958
0.356	0.051	0.001	0.592
0.001	0.001	0.997	0.001
0.001	0.997	0.001	0.001
0.553	0.001	0.445	0.001
0.001	0.001	0.001	0.997
0.529	0.001	0.469	0.001
>GTTTAWGT	10-GTTTAWGT	6.557209	-23.186488	0	T:263.0(18.52%),B:5907.3(12.55%),P:1e-10	Tpos:263.7,Tstd:211.9,Bpos:231.2,Bstd:140.9,StrandBias:0.1,Multiplicity:1.08
0.001	0.052	0.946	0.001
0.001	0.001	0.197	0.801
0.001	0.001	0.001	0.997
0.064	0.024	0.045	0.867
0.590	0.408	0.001	0.001
0.379	0.184	0.001	0.435
0.001	0.001	0.997	0.001
0.001	0.001	0.001	0.997
>CGCCAATC	11-CGCCAATC	6.815530	-22.115291	0	T:134.0(9.44%),B:2508.1(5.33%),P:1e-9	Tpos:331.3,Tstd:255.2,Bpos:236.1,Bstd:151.4,StrandBias:0.1,Multiplicity:1.24
0.195	0.803	0.001	0.001
0.001	0.001	0.997	0.001
0.001	0.862	0.102	0.035
0.040	0.958	0.001	0.001
0.808	0.121	0.034	0.037
0.869	0.088	0.042	0.001
0.101	0.001	0.001	0.897
0.050	0.823	0.065	0.062
>CGACCTTA	12-CGACCTTA	8.236954	-12.211021	0	T:10.0(0.70%),B:51.3(0.11%),P:1e-5	Tpos:249.0,Tstd:156.2,Bpos:190.1,Bstd:164.9,StrandBias:1.2,Multiplicity:1.00
0.100	0.700	0.100	0.100
0.100	0.100	0.700	0.100
0.700	0.100	0.100	0.100
0.100	0.700	0.100	0.100
0.100	0.700	0.100	0.100
0.100	0.100	0.100	0.700
0.100	0.100	0.100	0.700
0.700	0.100	0.100	0.100
