Factor1: 1.6310173085608475
Factor2: 0.6131142782797105
