>CCTCACCGCAAC	1-CCTCACCGCAAC	11.987869	-28.719721	0	T:9.0(8.57%),B:84.7(0.17%),P:1e-12	Tpos:71.1,Tstd:47.0,Bpos:170.6,Bstd:89.5,StrandBias:1.8,Multiplicity:1.00
0.001	0.997	0.001	0.001
0.001	0.997	0.001	0.001
0.001	0.001	0.001	0.997
0.001	0.997	0.001	0.001
0.674	0.324	0.001	0.001
0.367	0.631	0.001	0.001
0.306	0.692	0.001	0.001
0.143	0.001	0.672	0.184
0.001	0.815	0.183	0.001
0.815	0.183	0.001	0.001
0.724	0.274	0.001	0.001
0.001	0.997	0.001	0.001
>ATGAACCTCAGG	2-ATGAACCTCAGG	14.840447	-13.674410	0	T:3.0(2.86%),B:9.2(0.02%),P:1e-5	Tpos:136.5,Tstd:59.5,Bpos:137.0,Bstd:99.6,StrandBias:0.0,Multiplicity:1.33
0.997	0.001	0.001	0.001
0.001	0.001	0.001	0.997
0.001	0.001	0.997	0.001
0.997	0.001	0.001	0.001
0.728	0.001	0.270	0.001
0.001	0.634	0.364	0.001
0.001	0.997	0.001	0.001
0.001	0.001	0.001	0.997
0.001	0.997	0.001	0.001
0.997	0.001	0.001	0.001
0.001	0.001	0.997	0.001
0.001	0.001	0.997	0.001
>ACCACAGGAAAC	3-ACCACAGGAAAC	7.678330	-12.516681	0	T:26.0(24.76%),B:4609.9(9.42%),P:1e-5	Tpos:164.5,Tstd:94.6,Bpos:166.6,Bstd:98.9,StrandBias:0.5,Multiplicity:1.31
0.564	0.197	0.157	0.082
0.158	0.724	0.079	0.039
0.080	0.776	0.048	0.096
0.925	0.073	0.001	0.001
0.079	0.844	0.076	0.001
0.867	0.042	0.001	0.090
0.153	0.001	0.804	0.042
0.082	0.001	0.875	0.042
0.597	0.070	0.208	0.125
0.712	0.121	0.166	0.001
0.733	0.036	0.183	0.048
0.166	0.585	0.077	0.172
>CCASSSGSGGGC	4-CCASSSGSGGGC	9.618464	-8.464638	0	T:6.0(5.71%),B:390.3(0.80%),P:1e-3	Tpos:199.4,Tstd:78.3,Bpos:156.1,Bstd:110.9,StrandBias:1.0,Multiplicity:1.17
0.001	0.880	0.118	0.001
0.107	0.891	0.001	0.001
0.573	0.318	0.108	0.001
0.001	0.503	0.495	0.001
0.001	0.508	0.395	0.096
0.001	0.459	0.535	0.005
0.001	0.236	0.762	0.001
0.001	0.566	0.432	0.001
0.001	0.001	0.596	0.402
0.108	0.001	0.579	0.312
0.001	0.001	0.766	0.232
0.001	0.669	0.325	0.005
>GGTTTTTTTTTA	5-GGTTTTTTTTTA	9.272162	-5.955621	0	T:16.0(15.24%),B:3419.2(6.99%),P:1e-2	Tpos:198.9,Tstd:283.3,Bpos:169.1,Bstd:114.1,StrandBias:0.6,Multiplicity:1.06
0.002	0.140	0.636	0.222
0.001	0.258	0.463	0.279
0.001	0.260	0.003	0.736
0.001	0.003	0.002	0.994
0.191	0.001	0.118	0.690
0.001	0.001	0.001	0.997
0.003	0.001	0.142	0.854
0.003	0.004	0.005	0.988
0.005	0.001	0.001	0.993
0.001	0.001	0.344	0.654
0.264	0.001	0.114	0.621
0.456	0.001	0.258	0.285
