>GTTTCCTGTA	1-GTTTCCTGTA	6.980057	-23.394650	0	T:46.0(43.81%),B:8169.3(16.70%),P:1e-10	Tpos:190.4,Tstd:121.6,Bpos:168.2,Bstd:100.3,StrandBias:-0.3,Multiplicity:1.28
0.130	0.086	0.714	0.070
0.046	0.151	0.038	0.765
0.001	0.066	0.071	0.862
0.001	0.110	0.001	0.888
0.084	0.826	0.001	0.089
0.040	0.891	0.001	0.068
0.001	0.001	0.039	0.959
0.001	0.064	0.765	0.170
0.101	0.108	0.057	0.734
0.614	0.062	0.214	0.110
>GTGCTTATCT	2-GTGCTTATCT	10.665444	-18.346771	0	T:8.0(7.62%),B:191.2(0.39%),P:1e-7	Tpos:132.3,Tstd:104.5,Bpos:176.5,Bstd:100.1,StrandBias:1.8,Multiplicity:1.12
0.113	0.001	0.885	0.001
0.147	0.001	0.136	0.716
0.001	0.001	0.997	0.001
0.138	0.763	0.001	0.098
0.001	0.140	0.001	0.858
0.001	0.001	0.001	0.997
0.997	0.001	0.001	0.001
0.001	0.001	0.100	0.898
0.001	0.997	0.001	0.001
0.001	0.001	0.001	0.997
>TGAGGCTCAG	3-TGAGGCTCAG	10.410310	-16.267675	0	T:13.0(12.38%),B:906.5(1.85%),P:1e-7	Tpos:194.2,Tstd:118.6,Bpos:164.1,Bstd:101.7,StrandBias:0.7,Multiplicity:1.08
0.093	0.001	0.001	0.905
0.001	0.086	0.912	0.001
0.911	0.001	0.087	0.001
0.118	0.001	0.880	0.001
0.115	0.090	0.794	0.001
0.001	0.997	0.001	0.001
0.001	0.001	0.001	0.997
0.147	0.851	0.001	0.001
0.907	0.001	0.001	0.091
0.001	0.001	0.833	0.165
>CTTTCAAATG	4-CTTTCAAATG	9.981226	-13.157034	0	T:8.0(7.62%),B:381.2(0.78%),P:1e-5	Tpos:213.7,Tstd:95.6,Bpos:167.9,Bstd:102.7,StrandBias:0.3,Multiplicity:1.12
0.135	0.863	0.001	0.001
0.001	0.001	0.001	0.997
0.001	0.001	0.170	0.828
0.001	0.001	0.166	0.832
0.119	0.879	0.001	0.001
0.997	0.001	0.001	0.001
0.997	0.001	0.001	0.001
0.997	0.001	0.001	0.001
0.001	0.256	0.001	0.742
0.001	0.001	0.997	0.001
>TTTTTTTTTA	5-TTTTTTTTTA	10.486774	-4.407619	0	T:12.0(11.43%),B:2670.2(5.46%),P:1e-1	Tpos:247.3,Tstd:346.5,Bpos:168.3,Bstd:113.9,StrandBias:0.6,Multiplicity:1.17
0.001	0.239	0.001	0.759
0.001	0.001	0.001	0.997
0.001	0.001	0.001	0.997
0.001	0.001	0.130	0.868
0.001	0.001	0.158	0.840
0.001	0.001	0.001	0.997
0.001	0.001	0.001	0.997
0.001	0.001	0.001	0.997
0.251	0.101	0.001	0.647
0.647	0.001	0.245	0.107
