>GTTTCCTGTA	1-GTTTCCTGTA	6.980057	-23.394650	0	T:46.0(43.81%),B:8169.3(16.70%),P:1e-10	Tpos:190.4,Tstd:121.6,Bpos:168.2,Bstd:100.3,StrandBias:-0.3,Multiplicity:1.28
0.130	0.086	0.714	0.070
0.046	0.151	0.038	0.765
0.001	0.066	0.071	0.862
0.001	0.110	0.001	0.888
0.084	0.826	0.001	0.089
0.040	0.891	0.001	0.068
0.001	0.001	0.039	0.959
0.001	0.064	0.765	0.170
0.101	0.108	0.057	0.734
0.614	0.062	0.214	0.110
>GTGCTTATCT	2-GTGCTTATCT	10.665444	-18.346771	0	T:8.0(7.62%),B:191.2(0.39%),P:1e-7	Tpos:132.3,Tstd:104.5,Bpos:176.5,Bstd:100.1,StrandBias:1.8,Multiplicity:1.12
0.113	0.001	0.885	0.001
0.147	0.001	0.136	0.716
0.001	0.001	0.997	0.001
0.138	0.763	0.001	0.098
0.001	0.140	0.001	0.858
0.001	0.001	0.001	0.997
0.997	0.001	0.001	0.001
0.001	0.001	0.100	0.898
0.001	0.997	0.001	0.001
0.001	0.001	0.001	0.997
>TGAGGCTCAG	3-TGAGGCTCAG	10.410310	-16.267675	0	T:13.0(12.38%),B:906.5(1.85%),P:1e-7	Tpos:194.2,Tstd:118.6,Bpos:164.1,Bstd:101.7,StrandBias:0.7,Multiplicity:1.08
0.093	0.001	0.001	0.905
0.001	0.086	0.912	0.001
0.911	0.001	0.087	0.001
0.118	0.001	0.880	0.001
0.115	0.090	0.794	0.001
0.001	0.997	0.001	0.001
0.001	0.001	0.001	0.997
0.147	0.851	0.001	0.001
0.907	0.001	0.001	0.091
0.001	0.001	0.833	0.165
>CTTTCAAATG	4-CTTTCAAATG	9.981226	-13.157034	0	T:8.0(7.62%),B:381.2(0.78%),P:1e-5	Tpos:213.7,Tstd:95.6,Bpos:167.9,Bstd:102.7,StrandBias:0.3,Multiplicity:1.12
0.135	0.863	0.001	0.001
0.001	0.001	0.001	0.997
0.001	0.001	0.170	0.828
0.001	0.001	0.166	0.832
0.119	0.879	0.001	0.001
0.997	0.001	0.001	0.001
0.997	0.001	0.001	0.001
0.997	0.001	0.001	0.001
0.001	0.256	0.001	0.742
0.001	0.001	0.997	0.001
>TTTTTTTTTA	5-TTTTTTTTTA	10.486774	-4.407619	0	T:12.0(11.43%),B:2670.2(5.46%),P:1e-1	Tpos:247.3,Tstd:346.5,Bpos:168.3,Bstd:113.9,StrandBias:0.6,Multiplicity:1.17
0.001	0.239	0.001	0.759
0.001	0.001	0.001	0.997
0.001	0.001	0.001	0.997
0.001	0.001	0.130	0.868
0.001	0.001	0.158	0.840
0.001	0.001	0.001	0.997
0.001	0.001	0.001	0.997
0.001	0.001	0.001	0.997
0.251	0.101	0.001	0.647
0.647	0.001	0.245	0.107
>CCTCACCGCAAC	1-CCTCACCGCAAC	11.987869	-28.719721	0	T:9.0(8.57%),B:84.7(0.17%),P:1e-12	Tpos:71.1,Tstd:47.0,Bpos:170.6,Bstd:89.5,StrandBias:1.8,Multiplicity:1.00
0.001	0.997	0.001	0.001
0.001	0.997	0.001	0.001
0.001	0.001	0.001	0.997
0.001	0.997	0.001	0.001
0.674	0.324	0.001	0.001
0.367	0.631	0.001	0.001
0.306	0.692	0.001	0.001
0.143	0.001	0.672	0.184
0.001	0.815	0.183	0.001
0.815	0.183	0.001	0.001
0.724	0.274	0.001	0.001
0.001	0.997	0.001	0.001
>ATGAACCTCAGG	2-ATGAACCTCAGG	14.840447	-13.674410	0	T:3.0(2.86%),B:9.2(0.02%),P:1e-5	Tpos:136.5,Tstd:59.5,Bpos:137.0,Bstd:99.6,StrandBias:0.0,Multiplicity:1.33
0.997	0.001	0.001	0.001
0.001	0.001	0.001	0.997
0.001	0.001	0.997	0.001
0.997	0.001	0.001	0.001
0.728	0.001	0.270	0.001
0.001	0.634	0.364	0.001
0.001	0.997	0.001	0.001
0.001	0.001	0.001	0.997
0.001	0.997	0.001	0.001
0.997	0.001	0.001	0.001
0.001	0.001	0.997	0.001
0.001	0.001	0.997	0.001
>ACCACAGGAAAC	3-ACCACAGGAAAC	7.678330	-12.516681	0	T:26.0(24.76%),B:4609.9(9.42%),P:1e-5	Tpos:164.5,Tstd:94.6,Bpos:166.6,Bstd:98.9,StrandBias:0.5,Multiplicity:1.31
0.564	0.197	0.157	0.082
0.158	0.724	0.079	0.039
0.080	0.776	0.048	0.096
0.925	0.073	0.001	0.001
0.079	0.844	0.076	0.001
0.867	0.042	0.001	0.090
0.153	0.001	0.804	0.042
0.082	0.001	0.875	0.042
0.597	0.070	0.208	0.125
0.712	0.121	0.166	0.001
0.733	0.036	0.183	0.048
0.166	0.585	0.077	0.172
>CCASSSGSGGGC	4-CCASSSGSGGGC	9.618464	-8.464638	0	T:6.0(5.71%),B:390.3(0.80%),P:1e-3	Tpos:199.4,Tstd:78.3,Bpos:156.1,Bstd:110.9,StrandBias:1.0,Multiplicity:1.17
0.001	0.880	0.118	0.001
0.107	0.891	0.001	0.001
0.573	0.318	0.108	0.001
0.001	0.503	0.495	0.001
0.001	0.508	0.395	0.096
0.001	0.459	0.535	0.005
0.001	0.236	0.762	0.001
0.001	0.566	0.432	0.001
0.001	0.001	0.596	0.402
0.108	0.001	0.579	0.312
0.001	0.001	0.766	0.232
0.001	0.669	0.325	0.005
>GGTTTTTTTTTA	5-GGTTTTTTTTTA	9.272162	-5.955621	0	T:16.0(15.24%),B:3419.2(6.99%),P:1e-2	Tpos:198.9,Tstd:283.3,Bpos:169.1,Bstd:114.1,StrandBias:0.6,Multiplicity:1.06
0.002	0.140	0.636	0.222
0.001	0.258	0.463	0.279
0.001	0.260	0.003	0.736
0.001	0.003	0.002	0.994
0.191	0.001	0.118	0.690
0.001	0.001	0.001	0.997
0.003	0.001	0.142	0.854
0.003	0.004	0.005	0.988
0.005	0.001	0.001	0.993
0.001	0.001	0.344	0.654
0.264	0.001	0.114	0.621
0.456	0.001	0.258	0.285
>ACCACAAG	1-ACCACAAG	6.539573	-23.010225	0	T:41.0(39.05%),B:6687.1(13.67%),P:1e-9	Tpos:185.1,Tstd:153.1,Bpos:165.9,Bstd:101.7,StrandBias:0.5,Multiplicity:1.22
0.883	0.001	0.057	0.059
0.189	0.809	0.001	0.001
0.001	0.968	0.001	0.030
0.908	0.011	0.080	0.001
0.001	0.988	0.010	0.001
0.869	0.078	0.052	0.001
0.792	0.001	0.206	0.001
0.082	0.028	0.798	0.092
>TTGACTCA	2-TTGACTCA	6.550516	-14.604316	0	T:34.0(32.38%),B:6540.7(13.37%),P:1e-6	Tpos:245.3,Tstd:201.5,Bpos:169.3,Bstd:100.5,StrandBias:-0.2,Multiplicity:1.24
0.040	0.122	0.023	0.815
0.001	0.001	0.034	0.964
0.145	0.088	0.766	0.001
0.880	0.030	0.001	0.089
0.066	0.813	0.120	0.001
0.001	0.058	0.001	0.940
0.001	0.942	0.001	0.056
0.922	0.049	0.001	0.028
>ABATAAGC	3-ABATAAGC	7.353962	-10.496826	0	T:13.0(12.38%),B:1539.0(3.15%),P:1e-4	Tpos:212.8,Tstd:120.2,Bpos:167.2,Bstd:101.0,StrandBias:-1.0,Multiplicity:1.15
0.997	0.001	0.001	0.001
0.001	0.363	0.321	0.315
0.682	0.003	0.237	0.078
0.001	0.001	0.001	0.997
0.701	0.155	0.001	0.143
0.632	0.254	0.008	0.106
0.001	0.108	0.753	0.138
0.001	0.945	0.053	0.001
>TTTCMTCT	4-TTTCMTCT	6.727575	-10.380984	0	T:43.0(40.95%),B:11240.0(22.98%),P:1e-4	Tpos:210.3,Tstd:191.6,Bpos:167.3,Bstd:99.4,StrandBias:-0.3,Multiplicity:1.43
0.015	0.146	0.001	0.838
0.041	0.001	0.044	0.914
0.039	0.001	0.201	0.759
0.088	0.810	0.001	0.101
0.527	0.471	0.001	0.001
0.001	0.003	0.411	0.585
0.024	0.777	0.197	0.002
0.027	0.051	0.016	0.906
>AAAAAAAG	5-AAAAAAAG	9.558013	-3.083663	0	T:11.0(10.48%),B:2885.5(5.90%),P:1e-1	Tpos:166.2,Tstd:122.3,Bpos:167.8,Bstd:109.8,StrandBias:0.0,Multiplicity:1.09
0.997	0.001	0.001	0.001
0.589	0.409	0.001	0.001
0.997	0.001	0.001	0.001
0.997	0.001	0.001	0.001
0.997	0.001	0.001	0.001
0.792	0.001	0.206	0.001
0.997	0.001	0.001	0.001
0.321	0.001	0.677	0.001
