Factor1: 0.960321421841569
Factor2: 1.0413180183800763
