Factor1: 0.9531686510212362
Factor2: 1.0491322799261076
