Factor1: 1.0066311217682926
Factor2: 0.9934125603461949
