Factor1: 1.255907095122464
Factor2: 0.7962372407032932
