Factor1: 0.8091712779654788
Factor2: 1.2358322980943266
