>CCCGCWTMSWACGAA	Cenpb+M5320	9.615803898123724
0.098	0.797	0.000	0.105
0.017	0.957	0.001	0.025
0.000	0.997	0.000	0.003
0.028	0.030	0.907	0.034
0.001	0.583	0.149	0.267
0.396	0.113	0.206	0.286
0.047	0.069	0.000	0.884
0.306	0.294	0.207	0.193
0.232	0.317	0.265	0.187
0.389	0.147	0.136	0.328
0.537	0.101	0.276	0.087
0.048	0.934	0.002	0.017
0.133	0.013	0.854	0.000
0.687	0.072	0.008	0.234
0.911	0.047	0.010	0.033
