>NNMATGTATWAWN	Dmrtc2+M0635	5.574747308983349
0.341	0.220	0.220	0.220
0.475	0.175	0.175	0.175
0.264	0.386	0.175	0.175
0.680	0.107	0.107	0.107
0.023	0.023	0.023	0.932
0.188	0.000	0.812	0.000
0.000	0.000	0.000	1.000
0.878	0.000	0.000	0.122
0.119	0.031	0.031	0.819
0.401	0.261	0.075	0.263
0.538	0.312	0.075	0.075
0.383	0.144	0.144	0.330
0.317	0.228	0.228	0.228
