>GCWGTGATTTAWGTGATTTRKYYKKN	GFI1+M6263	17.422158521519247
0.291	0.070	0.588	0.051
0.078	0.685	0.139	0.098
0.405	0.100	0.076	0.419
0.052	0.286	0.563	0.099
0.239	0.017	0.080	0.664
0.000	0.000	1.000	0.000
1.000	0.000	0.000	0.000
0.000	0.000	0.000	1.000
0.000	0.000	0.000	1.000
0.104	0.118	0.191	0.588
333.000	0.083
0.375	0.188	0.000	0.438
0.082	0.265	0.531	0.122
0.255	0.020	0.039	0.686
0.000	0.000	1.000	0.000
1.000	0.000	0.000	0.000
0.000	0.000	0.000	1.000
0.000	0.000	0.000	1.000
0.045	0.091	0.136	0.727
0.400	0.100	0.350	0.150
0.212	0.212	0.273	0.303
0.161	0.290	0.194	0.355
0.107	0.286	0.214	0.393
0.160	0.160	0.280	0.400
0.158	0.211	0.316	0.316
0.200	0.200	0.200	0.400
