>AACCGGTYWAACCGGTT	Grhl1+M5497	11.450712554798775
0.575	0.039	0.260	0.127
0.818	0.036	0.058	0.087
0.000	0.935	0.062	0.003
0.056	0.647	0.084	0.213
0.119	0.086	0.598	0.198
0.007	0.006	0.987	0.000
0.222	0.080	0.030	0.668
0.203	0.264	0.054	0.479
0.202	0.161	0.145	0.492
0.550	0.062	0.147	0.241
0.636	0.024	0.071	0.269
0.001	0.998	0.000	0.001
0.174	0.611	0.093	0.122
0.143	0.029	0.750	0.078
0.000	0.023	0.976	0.001
0.100	0.033	0.014	0.853
0.052	0.151	0.044	0.752
