>TTCGAAMMRTTCGAA	Hsfy2+M5568	9.753014455679397
0.232	0.091	0.073	0.605
0.168	0.020	0.043	0.769
0.125	0.792	0.077	0.006
0.003	0.073	0.778	0.146
0.902	0.061	0.007	0.031
0.706	0.045	0.029	0.220
0.346	0.301	0.132	0.222
0.264	0.400	0.234	0.102
0.400	0.121	0.423	0.057
0.277	0.071	0.058	0.594
0.059	0.046	0.017	0.878
0.133	0.821	0.043	0.003
0.000	0.149	0.696	0.154
0.839	0.079	0.025	0.057
0.635	0.086	0.069	0.210
