>YTAATTARSRYTAATTAR	Lhx8+M6042	9.965075485793854
0.138	0.423	0.177	0.262
0.064	0.291	0.022	0.623
0.648	0.058	0.277	0.016
0.963	0.017	0.017	0.003
0.018	0.021	0.015	0.945
0.021	0.317	0.089	0.573
0.716	0.022	0.213	0.048
0.325	0.219	0.363	0.093
0.159	0.422	0.214	0.206
0.277	0.266	0.325	0.132
0.124	0.475	0.171	0.230
0.059	0.271	0.026	0.645
0.623	0.058	0.292	0.027
0.983	0.002	0.013	0.002
0.012	0.027	0.018	0.943
0.019	0.339	0.076	0.566
0.694	0.019	0.245	0.043
0.329	0.251	0.320	0.100
