>RGGGGMTTTCCMRR	Nfkb1+M4444	9.089596431576863
0.440	0.074	0.265	0.220
0.000	0.000	0.957	0.043
0.000	0.002	0.998	0.000
0.000	0.000	0.942	0.058
0.404	0.011	0.544	0.040
0.461	0.312	0.101	0.126
0.135	0.013	0.002	0.849
0.000	0.036	0.004	0.960
0.004	0.198	0.009	0.789
0.002	0.966	0.000	0.031
0.016	0.939	0.000	0.045
0.407	0.418	0.063	0.112
0.355	0.243	0.301	0.101
0.299	0.184	0.339	0.178
