>MTGAACTTKYTTGACCYYW	Nr1i2+M6385	10.630305261179709
0.287	0.355	0.227	0.130
0.000	0.068	0.032	0.900
0.104	0.136	0.761	0.000
0.804	0.036	0.064	0.096
0.625	0.304	0.071	0.000
0.000	1.000	0.000	0.000
0.000	0.071	0.000	0.929
0.000	0.336	0.068	0.596
0.200	0.232	0.236	0.332
0.200	0.293	0.207	0.300
0.139	0.164	0.096	0.600
0.000	0.000	0.293	0.707
0.329	0.064	0.607	0.000
0.904	0.064	0.032	0.000
0.168	0.561	0.204	0.068
0.071	0.664	0.000	0.264
0.036	0.396	0.136	0.432
0.236	0.400	0.064	0.300
0.361	0.193	0.125	0.321
