>WSYRCTTCCGGGTCR	Nr2c2+M4549	9.868290106308978
0.483	0.016	0.066	0.435
0.066	0.366	0.287	0.281
0.082	0.489	0.057	0.372
0.407	0.073	0.394	0.126
0.016	0.798	0.079	0.107
0.032	0.016	0.022	0.931
0.003	0.003	0.006	0.987
0.000	1.000	0.000	0.000
0.000	1.000	0.000	0.000
0.022	0.000	0.931	0.047
0.009	0.016	0.965	0.009
0.073	0.050	0.782	0.095
0.057	0.044	0.353	0.546
0.032	0.609	0.145	0.215
0.423	0.192	0.278	0.107
