>TGACTTWTTGACTT	Nr2e1+M6057	10.790505711008572
0.008	0.094	0.010	0.888
0.086	0.025	0.886	0.002
0.849	0.029	0.123	0.000
0.001	0.992	0.000	0.007
0.027	0.058	0.030	0.885
0.049	0.029	0.010	0.912
0.376	0.251	0.062	0.311
0.156	0.113	0.090	0.640
0.018	0.085	0.005	0.893
0.085	0.014	0.902	0.000
0.872	0.059	0.060	0.009
0.007	0.917	0.004	0.072
0.094	0.193	0.093	0.620
0.021	0.271	0.075	0.633
