>KWTAATCCGATTARM	Otx1+M6060	10.086784881895733
0.212	0.222	0.290	0.276
0.264	0.245	0.133	0.359
0.063	0.025	0.000	0.912
0.940	0.000	0.032	0.028
0.998	0.000	0.002	0.000
0.014	0.007	0.164	0.815
0.009	0.912	0.079	0.000
0.033	0.945	0.000	0.023
0.006	0.017	0.873	0.104
0.706	0.238	0.015	0.041
0.010	0.010	0.002	0.978
0.049	0.013	0.000	0.939
0.880	0.011	0.032	0.077
0.334	0.155	0.257	0.253
0.245	0.331	0.236	0.188
