>NCCMRMSGASNN	Prkrir+M1668	2.5648055296633827
0.228	0.228	0.228	0.317
0.073	0.580	0.073	0.274
0.047	0.771	0.134	0.047
0.395	0.270	0.223	0.112
0.369	0.217	0.226	0.188
0.384	0.226	0.217	0.173
0.173	0.494	0.332	0.000
0.000	0.000	0.529	0.471
0.518	0.125	0.335	0.023
0.177	0.278	0.280	0.265
0.391	0.203	0.203	0.203
0.225	0.225	0.225	0.326
