>KGGKKGGGGGTGGTTTGGGG	Rreb1+M1901	13.084598274907846
0.091	0.182	0.364	0.364
0.000	0.273	0.636	0.091
0.091	0.000	0.545	0.364
0.091	0.091	0.455	0.364
0.182	0.000	0.455	0.364
0.000	0.000	0.818	0.182
0.000	0.091	0.545	0.364
0.000	0.000	0.727	0.273
0.000	0.000	0.909	0.091
0.000	0.000	0.636	0.364
0.000	0.000	0.000	1.000
0.000	0.000	1.000	0.000
0.091	0.000	0.545	0.364
0.000	0.000	0.273	0.727
0.000	0.000	0.182	0.818
0.000	0.000	0.364	0.636
0.000	0.000	1.000	0.000
0.000	0.000	0.727	0.273
0.000	0.000	0.909	0.091
0.000	0.000	0.727	0.273
