>TKKWRTSKYBKYRMCATCTGG	Tcf15+M4850	9.588743711784888
0.059	0.000	0.118	0.824
0.095	0.095	0.429	0.381
0.130	0.174	0.217	0.478
0.304	0.087	0.174	0.435
0.304	0.130	0.391	0.174
0.174	0.000	0.174	0.652
0.174	0.261	0.348	0.217
0.087	0.000	0.435	0.478
0.087	0.348	0.261	0.304
0.130	0.348	0.261	0.261
0.261	0.000	0.435	0.304
0.000	0.348	0.174	0.478
0.261	0.130	0.391	0.217
0.348	0.478	0.130	0.043
0.130	0.783	0.000	0.087
0.913	0.043	0.043	0.000
0.000	0.000	0.261	0.739
0.174	0.522	0.304	0.000
0.000	0.130	0.043	0.826
0.000	0.000	1.000	0.000
0.000	0.130	0.565	0.304
