>ACATGTCMMYRGACWTGT	Trp53+M6103	11.312542119034289
0.871	0.010	0.077	0.042
0.001	0.975	0.021	0.003
0.509	0.134	0.001	0.356
0.012	0.004	0.002	0.982
0.009	0.001	0.989	0.001
0.070	0.232	0.003	0.695
0.072	0.524	0.014	0.390
0.283	0.332	0.126	0.259
0.362	0.308	0.059	0.271
0.192	0.346	0.078	0.384
0.296	0.120	0.346	0.237
0.107	0.207	0.583	0.103
0.801	0.008	0.156	0.036
0.007	0.990	0.000	0.003
0.465	0.166	0.001	0.368
0.002	0.003	0.000	0.994
0.001	0.000	0.999	0.000
0.055	0.132	0.005	0.808
