>CAATAGCGRTKGYGR	Zbtb4+M6540	9.598453527811785
0.026	0.794	0.180	0.000
0.588	0.155	0.180	0.077
0.871	0.077	0.052	0.000
0.077	0.026	0.259	0.638
0.638	0.000	0.362	0.000
0.190	0.000	0.810	0.000
0.000	0.671	0.000	0.329
0.000	0.000	1.000	0.000
0.381	0.000	0.388	0.232
0.000	0.026	0.224	0.751
0.188	0.109	0.395	0.307
0.026	0.000	0.828	0.146
0.000	0.329	0.180	0.491
0.087	0.026	0.888	0.000
0.272	0.142	0.445	0.142
