Factor1: 1.1083695102861153
Factor2: 0.9022261896593117
