>GAGCTCATACRA	1-TYGTATGAGCTC	10.002829	-25.872805	0	T:15.0(6.52%),B:275.9(0.55%),P:1e-11
0.082	0.072	0.774	0.072
0.917	0.081	0.001	0.001
0.065	0.001	0.933	0.001
0.001	0.747	0.007	0.245
0.001	0.081	0.001	0.917
0.153	0.611	0.001	0.235
0.927	0.071	0.001	0.001
0.001	0.163	0.049	0.787
0.878	0.056	0.065	0.001
0.275	0.495	0.164	0.066
0.487	0.163	0.348	0.001
0.675	0.001	0.323	0.001
