>VACAGGAARTNV	1-VACAGGAARTNV	8.798076	-280.975135	0	T:903.0(22.02%),B:4293.5(9.60%),P:1e-122	Tpos:287.7,Tstd:232.2,Bpos:235.3,Bstd:137.6,StrandBias:0.0,Multiplicity:1.17
0.321	0.234	0.298	0.147
0.704	0.028	0.259	0.009
0.086	0.653	0.235	0.026
0.997	0.001	0.001	0.001
0.001	0.001	0.997	0.001
0.003	0.001	0.995	0.001
0.997	0.001	0.001	0.001
0.997	0.001	0.001	0.001
0.375	0.103	0.521	0.001
0.103	0.255	0.142	0.500
0.267	0.177	0.292	0.263
0.351	0.220	0.240	0.189
>CCACYAGRKGGC	2-CCACYAGRKGGC	9.557733	-195.297764	0	T:192.0(4.68%),B:339.1(0.76%),P:1e-84	Tpos:263.1,Tstd:161.7,Bpos:241.8,Bstd:142.8,StrandBias:-0.2,Multiplicity:1.02
0.211	0.505	0.188	0.096
0.023	0.935	0.025	0.017
0.728	0.022	0.088	0.162
0.025	0.672	0.272	0.031
0.242	0.272	0.072	0.414
0.613	0.019	0.134	0.234
0.062	0.003	0.900	0.035
0.450	0.027	0.503	0.020
0.107	0.047	0.436	0.409
0.147	0.029	0.785	0.039
0.155	0.015	0.584	0.246
0.131	0.676	0.162	0.031
>NDRTGASTCABH	3-NDRTGASTCABH	8.226249	-159.836550	0	T:487.0(11.88%),B:2188.1(4.89%),P:1e-69	Tpos:297.2,Tstd:256.7,Bpos:233.1,Bstd:138.2,StrandBias:-0.0,Multiplicity:1.12
0.274	0.285	0.209	0.231
0.281	0.112	0.307	0.300
0.352	0.193	0.306	0.148
0.009	0.001	0.001	0.989
0.001	0.030	0.968	0.001
0.924	0.021	0.034	0.021
0.021	0.429	0.506	0.044
0.001	0.001	0.001	0.997
0.021	0.959	0.010	0.010
0.994	0.001	0.001	0.004
0.107	0.262	0.254	0.377
0.292	0.360	0.126	0.222
>DGKGGGMGGGGC	4-DGKGGGMGGGGC	8.677716	-109.850158	0	T:1060.0(25.85%),B:7518.2(16.81%),P:1e-47	Tpos:328.3,Tstd:278.9,Bpos:235.6,Bstd:143.1,StrandBias:0.1,Multiplicity:1.52
0.249	0.125	0.350	0.275
0.137	0.184	0.603	0.076
0.170	0.001	0.469	0.360
0.029	0.001	0.969	0.001
0.001	0.001	0.997	0.001
0.001	0.001	0.997	0.001
0.345	0.471	0.001	0.183
0.083	0.001	0.797	0.119
0.001	0.001	0.993	0.005
0.269	0.001	0.729	0.001
0.106	0.062	0.723	0.109
0.261	0.452	0.116	0.170
>AAAACCACAAAC	5-AAAACCACAAAC	10.182975	-103.301467	0	T:160.0(3.90%),B:449.8(1.01%),P:1e-44	Tpos:278.6,Tstd:203.4,Bpos:238.6,Bstd:142.4,StrandBias:0.2,Multiplicity:1.05
0.721	0.147	0.131	0.001
0.832	0.059	0.108	0.001
0.997	0.001	0.001	0.001
0.933	0.001	0.065	0.001
0.037	0.961	0.001	0.001
0.001	0.930	0.001	0.068
0.997	0.001	0.001	0.001
0.001	0.997	0.001	0.001
0.794	0.001	0.046	0.159
0.616	0.186	0.113	0.085
0.497	0.287	0.097	0.118
0.076	0.552	0.150	0.222
>CTTTGATGTGGT	6-CTTTGATGTGGT	8.999417	-95.621156	0	T:338.0(8.24%),B:1626.4(3.64%),P:1e-41	Tpos:282.2,Tstd:209.5,Bpos:232.6,Bstd:142.4,StrandBias:-0.2,Multiplicity:1.07
0.007	0.645	0.166	0.182
0.016	0.077	0.001	0.906
0.025	0.131	0.203	0.641
0.001	0.001	0.001	0.997
0.005	0.218	0.636	0.141
0.700	0.005	0.070	0.225
0.170	0.001	0.001	0.828
0.001	0.001	0.997	0.001
0.001	0.001	0.001	0.997
0.001	0.001	0.660	0.338
0.153	0.133	0.661	0.053
0.055	0.256	0.199	0.490
>GGGGAAATCCCC	7-GGGGAAATCCCC	10.095872	-81.375994	0	T:135.0(3.29%),B:402.1(0.90%),P:1e-35	Tpos:288.7,Tstd:242.5,Bpos:230.3,Bstd:132.8,StrandBias:-0.1,Multiplicity:1.03
0.130	0.001	0.679	0.190
0.005	0.001	0.975	0.019
0.001	0.001	0.997	0.001
0.294	0.027	0.678	0.001
0.859	0.001	0.139	0.001
0.997	0.001	0.001	0.001
0.730	0.001	0.122	0.147
0.095	0.231	0.160	0.514
0.090	0.652	0.035	0.223
0.056	0.942	0.001	0.001
0.035	0.945	0.001	0.019
0.291	0.464	0.048	0.198
>WAAACTTCAAAG	8-WAAACTTCAAAG	7.463801	-75.333459	0	T:441.0(10.76%),B:2624.0(5.87%),P:1e-32	Tpos:301.9,Tstd:245.4,Bpos:235.4,Bstd:141.0,StrandBias:0.1,Multiplicity:1.08
0.284	0.136	0.171	0.409
0.442	0.203	0.199	0.156
0.508	0.001	0.230	0.261
0.430	0.228	0.195	0.147
0.161	0.720	0.004	0.115
0.338	0.090	0.001	0.571
0.116	0.026	0.062	0.796
0.136	0.509	0.254	0.101
0.765	0.102	0.001	0.132
0.651	0.116	0.229	0.004
0.868	0.001	0.129	0.002
0.280	0.084	0.554	0.082
>NHATGCAAATNA	9-NHATGCAAATNA	10.755203	-74.814334	0	T:140.0(3.41%),B:458.6(1.03%),P:1e-32	Tpos:279.0,Tstd:209.8,Bpos:231.2,Bstd:136.4,StrandBias:0.3,Multiplicity:1.05
0.218	0.216	0.277	0.289
0.219	0.360	0.106	0.314
0.997	0.001	0.001	0.001
0.001	0.001	0.001	0.997
0.001	0.001	0.997	0.001
0.001	0.997	0.001	0.001
0.997	0.001	0.001	0.001
0.997	0.001	0.001	0.001
0.997	0.001	0.001	0.001
0.001	0.001	0.001	0.997
0.291	0.242	0.265	0.203
0.421	0.227	0.207	0.145
>STCTTTGATCTG	10-STCTTTGATCTG	7.923608	-72.821401	0	T:673.0(16.41%),B:4641.6(10.38%),P:1e-31	Tpos:286.0,Tstd:245.6,Bpos:229.3,Bstd:138.7,StrandBias:-0.1,Multiplicity:1.13
0.147	0.387	0.257	0.209
0.228	0.126	0.068	0.578
0.090	0.596	0.063	0.251
0.001	0.060	0.001	0.938
0.011	0.047	0.089	0.853
0.062	0.001	0.030	0.907
0.084	0.265	0.575	0.076
0.671	0.130	0.008	0.191
0.081	0.013	0.033	0.873
0.001	0.938	0.050	0.011
0.046	0.001	0.001	0.952
0.033	0.240	0.579	0.148
>TCTGACTTCAAA	11-TCTGACTTCAAA	9.729352	-50.407977	0	T:152.0(3.71%),B:675.9(1.51%),P:1e-21	Tpos:286.2,Tstd:257.3,Bpos:234.5,Bstd:140.9,StrandBias:0.1,Multiplicity:1.03
0.190	0.121	0.018	0.671
0.113	0.800	0.018	0.069
0.080	0.001	0.001	0.918
0.093	0.099	0.776	0.032
0.736	0.097	0.092	0.075
0.075	0.841	0.071	0.013
0.013	0.050	0.001	0.936
0.032	0.047	0.099	0.822
0.071	0.817	0.048	0.064
0.924	0.032	0.032	0.012
0.805	0.117	0.030	0.048
0.964	0.001	0.034	0.001
>CCCTCCCTTCCC	12-CCCTCCCTTCCC	11.809291	-48.155948	0	T:134.0(3.27%),B:570.7(1.28%),P:1e-20	Tpos:293.6,Tstd:251.4,Bpos:239.3,Bstd:138.4,StrandBias:-0.6,Multiplicity:1.03
0.054	0.864	0.044	0.038
0.067	0.931	0.001	0.001
0.001	0.997	0.001	0.001
0.091	0.001	0.059	0.849
0.068	0.777	0.154	0.001
0.001	0.997	0.001	0.001
0.001	0.997	0.001	0.001
0.001	0.001	0.028	0.970
0.029	0.202	0.065	0.704
0.001	0.913	0.001	0.085
0.001	0.836	0.001	0.162
0.036	0.665	0.001	0.298
>GACAGGATGTGA	13-GACAGGATGTGA	9.282470	-47.171281	0	T:190.0(4.63%),B:972.3(2.17%),P:1e-20	Tpos:259.2,Tstd:220.2,Bpos:233.1,Bstd:133.3,StrandBias:-0.2,Multiplicity:1.05
0.075	0.092	0.732	0.101
0.834	0.055	0.038	0.073
0.077	0.786	0.082	0.055
0.907	0.045	0.001	0.047
0.001	0.014	0.984	0.001
0.060	0.059	0.759	0.122
0.843	0.068	0.042	0.047
0.030	0.001	0.048	0.921
0.057	0.016	0.824	0.103
0.080	0.001	0.089	0.830
0.016	0.066	0.847	0.071
0.733	0.094	0.066	0.107
>TCTGTGGTTAAC	14-TCTGTGGTTAAC	7.998666	-47.022116	0	T:320.0(7.80%),B:1999.3(4.47%),P:1e-20	Tpos:292.3,Tstd:241.2,Bpos:235.6,Bstd:137.1,StrandBias:-0.1,Multiplicity:1.07
0.101	0.096	0.125	0.678
0.009	0.827	0.055	0.109
0.049	0.018	0.001	0.932
0.003	0.096	0.832	0.069
0.067	0.001	0.071	0.861
0.059	0.002	0.837	0.102
0.074	0.079	0.717	0.130
0.090	0.097	0.092	0.721
0.106	0.048	0.110	0.736
0.625	0.113	0.112	0.150
0.625	0.138	0.139	0.098
0.135	0.614	0.130	0.121
>TCCGCTAGAGGG	15-TCCGCTAGAGGG	9.387328	-44.492936	0	T:100.0(2.44%),B:375.2(0.84%),P:1e-19	Tpos:304.4,Tstd:233.0,Bpos:234.9,Bstd:138.7,StrandBias:-0.0,Multiplicity:1.01
0.126	0.001	0.139	0.734
0.001	0.913	0.023	0.063
0.095	0.671	0.063	0.171
0.109	0.097	0.612	0.182
0.052	0.822	0.063	0.063
0.001	0.124	0.054	0.821
0.921	0.001	0.015	0.063
0.062	0.001	0.875	0.062
0.883	0.031	0.023	0.063
0.001	0.001	0.937	0.061
0.063	0.031	0.749	0.157
0.031	0.062	0.906	0.001
>TGCCMTGGCAAC	16-TGCCMTGGCAAC	11.039418	-43.062189	0	T:58.0(1.41%),B:147.3(0.33%),P:1e-18	Tpos:244.6,Tstd:165.3,Bpos:256.7,Bstd:136.0,StrandBias:-0.1,Multiplicity:1.04
0.001	0.001	0.001	0.997
0.104	0.001	0.805	0.090
0.001	0.997	0.001	0.001
0.001	0.997	0.001	0.001
0.426	0.380	0.097	0.097
0.044	0.096	0.001	0.859
0.153	0.001	0.845	0.001
0.196	0.001	0.707	0.096
0.001	0.997	0.001	0.001
0.902	0.001	0.096	0.001
0.997	0.001	0.001	0.001
0.001	0.902	0.096	0.001
>CRCTTTCGCTTT	17-CRCTTTCGCTTT	10.381854	-42.866904	0	T:46.0(1.12%),B:93.3(0.21%),P:1e-18	Tpos:319.5,Tstd:234.8,Bpos:210.3,Bstd:140.0,StrandBias:-0.9,Multiplicity:1.04
0.122	0.462	0.230	0.186
0.269	0.109	0.394	0.227
0.096	0.846	0.001	0.057
0.097	0.169	0.008	0.726
0.001	0.045	0.051	0.903
0.001	0.061	0.143	0.795
0.134	0.567	0.001	0.298
0.325	0.119	0.488	0.068
0.001	0.782	0.138	0.079
0.038	0.174	0.078	0.710
0.034	0.037	0.052	0.877
0.001	0.066	0.051	0.882
>CGGTTTGTTTTC	18-CGGTTTGTTTTC	7.066066	-37.283718	0	T:884.0(21.56%),B:7411.8(16.57%),P:1e-16	Tpos:296.8,Tstd:245.0,Bpos:238.9,Bstd:146.6,StrandBias:0.1,Multiplicity:1.18
0.141	0.587	0.116	0.156
0.130	0.082	0.642	0.146
0.061	0.071	0.762	0.106
0.055	0.116	0.090	0.739
0.052	0.068	0.073	0.807
0.052	0.051	0.085	0.812
0.074	0.082	0.760	0.084
0.069	0.080	0.057	0.794
0.057	0.083	0.083	0.777
0.042	0.068	0.082	0.808
0.051	0.106	0.077	0.766
0.072	0.750	0.079	0.099
>AATTGAAACTGA	19-AATTGAAACTGA	9.197470	-32.427224	0	T:153.0(3.73%),B:841.9(1.88%),P:1e-14	Tpos:272.7,Tstd:228.4,Bpos:236.6,Bstd:141.3,StrandBias:0.1,Multiplicity:1.03
0.863	0.062	0.001	0.074
0.862	0.038	0.005	0.095
0.091	0.088	0.102	0.719
0.104	0.001	0.080	0.815
0.063	0.041	0.831	0.065
0.796	0.053	0.081	0.070
0.917	0.001	0.071	0.011
0.886	0.031	0.052	0.031
0.010	0.927	0.052	0.011
0.047	0.043	0.047	0.863
0.094	0.093	0.746	0.067
0.774	0.074	0.035	0.117
>GTGGGCGGGGCC	20-GTGGGCGGGGCC	9.222078	-31.126268	0	T:281.0(6.85%),B:1912.6(4.28%),P:1e-13	Tpos:311.7,Tstd:227.6,Bpos:233.2,Bstd:148.0,StrandBias:0.2,Multiplicity:1.08
0.022	0.010	0.942	0.026
0.045	0.062	0.060	0.833
0.091	0.026	0.855	0.028
0.108	0.026	0.804	0.062
0.045	0.026	0.880	0.049
0.100	0.794	0.066	0.040
0.061	0.068	0.808	0.063
0.078	0.057	0.770	0.095
0.038	0.110	0.790	0.062
0.048	0.061	0.856	0.035
0.049	0.777	0.102	0.072
0.043	0.918	0.020	0.019
>ACTTCCTBTCTT	21-ACTTCCTBTCTT	10.274006	-30.739538	0	T:125.0(3.05%),B:647.7(1.45%),P:1e-13	Tpos:313.5,Tstd:210.1,Bpos:238.0,Bstd:143.4,StrandBias:-0.4,Multiplicity:1.01
0.959	0.001	0.001	0.039
0.027	0.627	0.345	0.001
0.001	0.050	0.001	0.948
0.001	0.078	0.148	0.773
0.001	0.932	0.001	0.066
0.001	0.997	0.001	0.001
0.001	0.001	0.001	0.997
0.093	0.340	0.264	0.303
0.086	0.001	0.294	0.619
0.001	0.625	0.271	0.103
0.001	0.001	0.001	0.997
0.001	0.108	0.001	0.890
>CTCTCGCGCCTG	22-CTCTCGCGCCTG	13.355083	-30.236032	0	T:14.0(0.34%),B:8.1(0.02%),P:1e-13	Tpos:267.3,Tstd:173.0,Bpos:278.6,Bstd:147.3,StrandBias:0.8,Multiplicity:1.00
0.001	0.997	0.001	0.001
0.001	0.068	0.001	0.930
0.001	0.906	0.001	0.092
0.001	0.029	0.001	0.969
0.001	0.813	0.093	0.093
0.093	0.030	0.822	0.055
0.092	0.906	0.001	0.001
0.001	0.093	0.837	0.069
0.001	0.997	0.001	0.001
0.001	0.997	0.001	0.001
0.001	0.001	0.001	0.997
0.001	0.092	0.906	0.001
>AAAACAGCCAAG	23-AAAACAGCCAAG	11.750604	-30.141371	0	T:36.0(0.88%),B:83.6(0.19%),P:1e-13	Tpos:300.5,Tstd:241.4,Bpos:206.9,Bstd:129.6,StrandBias:0.6,Multiplicity:1.00
0.976	0.022	0.001	0.001
0.927	0.071	0.001	0.001
0.909	0.018	0.072	0.001
0.956	0.042	0.001	0.001
0.103	0.808	0.088	0.001
0.997	0.001	0.001	0.001
0.001	0.076	0.922	0.001
0.001	0.855	0.072	0.072
0.022	0.976	0.001	0.001
0.927	0.001	0.071	0.001
0.956	0.001	0.001	0.042
0.072	0.043	0.884	0.001
>CTGCGCCTCTTA	24-CTGCGCCTCTTA	13.882124	-25.833593	0	T:13.0(0.32%),B:9.7(0.02%),P:1e-11	Tpos:195.8,Tstd:132.8,Bpos:342.2,Bstd:81.2,StrandBias:1.7,Multiplicity:1.00
0.001	0.997	0.001	0.001
0.001	0.001	0.001	0.997
0.001	0.001	0.997	0.001
0.094	0.714	0.191	0.001
0.001	0.001	0.808	0.190
0.001	0.997	0.001	0.001
0.001	0.997	0.001	0.001
0.001	0.001	0.001	0.997
0.001	0.997	0.001	0.001
0.001	0.001	0.001	0.997
0.001	0.001	0.190	0.808
0.858	0.001	0.140	0.001
>TCCTCACGAAAT	25-TCCTCACGAAAT	12.349982	-24.398214	0	T:12.0(0.29%),B:8.6(0.02%),P:1e-10	Tpos:199.7,Tstd:130.6,Bpos:209.5,Bstd:157.9,StrandBias:0.0,Multiplicity:1.00
0.001	0.001	0.001	0.997
0.001	0.911	0.001	0.087
0.001	0.997	0.001	0.001
0.001	0.001	0.001	0.997
0.043	0.955	0.001	0.001
0.997	0.001	0.001	0.001
0.048	0.882	0.069	0.001
0.001	0.001	0.705	0.293
0.705	0.001	0.001	0.293
0.997	0.001	0.001	0.001
0.955	0.001	0.043	0.001
0.001	0.293	0.001	0.705
