>ACAGGAAG	1-ACAGGAAG	4.409486	-209.664173	0	T:976.0(23.80%),B:5492.1(12.28%),P:1e-91	Tpos:292.8,Tstd:235.4,Bpos:232.9,Bstd:137.7,StrandBias:-0.1,Multiplicity:1.18
0.997	0.001	0.001	0.001
0.001	0.997	0.001	0.001
0.962	0.036	0.001	0.001
0.001	0.001	0.997	0.001
0.001	0.001	0.997	0.001
0.997	0.001	0.001	0.001
0.853	0.001	0.001	0.145
0.244	0.001	0.754	0.001
>AYTTCCTC	2-AYTTCCTC	7.048489	-177.753896	0	T:1251.0(30.51%),B:8240.8(18.43%),P:1e-77	Tpos:295.1,Tstd:250.1,Bpos:233.9,Bstd:139.1,StrandBias:-0.0,Multiplicity:1.22
0.758	0.160	0.081	0.001
0.001	0.481	0.081	0.437
0.001	0.001	0.027	0.971
0.041	0.160	0.001	0.798
0.001	0.902	0.001	0.096
0.001	0.936	0.062	0.001
0.097	0.136	0.193	0.574
0.001	0.596	0.194	0.209
>ATGAGTCA	3-ATGAGTCA	6.549093	-154.505881	0	T:696.0(16.98%),B:3797.6(8.49%),P:1e-67	Tpos:294.0,Tstd:256.3,Bpos:233.4,Bstd:138.8,StrandBias:-0.1,Multiplicity:1.17
0.738	0.116	0.145	0.001
0.001	0.001	0.001	0.997
0.001	0.001	0.953	0.045
0.997	0.001	0.001	0.001
0.001	0.260	0.738	0.001
0.001	0.001	0.001	0.997
0.059	0.939	0.001	0.001
0.997	0.001	0.001	0.001
>TGTGGTTT	4-TGTGGTTT	6.874595	-147.931087	0	T:478.0(11.66%),B:2213.6(4.95%),P:1e-64	Tpos:292.5,Tstd:255.7,Bpos:233.9,Bstd:145.6,StrandBias:-0.2,Multiplicity:1.10
0.001	0.087	0.001	0.911
0.001	0.001	0.997	0.001
0.001	0.072	0.001	0.926
0.001	0.001	0.997	0.001
0.001	0.001	0.997	0.001
0.001	0.001	0.001	0.997
0.001	0.001	0.001	0.997
0.186	0.001	0.001	0.812
>MCGCCYMC	5-MCGCCYMC	6.989228	-91.100861	0	T:1538.0(37.51%),B:12500.2(27.95%),P:1e-39	Tpos:318.6,Tstd:268.1,Bpos:234.8,Bstd:143.8,StrandBias:0.0,Multiplicity:1.41
0.432	0.566	0.001	0.001
0.130	0.868	0.001	0.001
0.152	0.001	0.655	0.192
0.001	0.997	0.001	0.001
0.001	0.876	0.122	0.001
0.001	0.567	0.001	0.431
0.549	0.449	0.001	0.001
0.001	0.997	0.001	0.001
>ACATCAAA	6-ACATCAAA	7.648143	-79.744676	0	T:439.0(10.71%),B:2555.9(5.71%),P:1e-34	Tpos:280.9,Tstd:233.2,Bpos:233.4,Bstd:141.1,StrandBias:0.1,Multiplicity:1.09
0.935	0.016	0.048	0.001
0.001	0.821	0.165	0.013
0.762	0.034	0.001	0.203
0.037	0.001	0.033	0.929
0.047	0.926	0.026	0.001
0.983	0.001	0.015	0.001
0.911	0.028	0.060	0.001
0.907	0.001	0.071	0.021
>GCTTTGAT	7-GCTTTGAT	6.059551	-73.475336	0	T:1408.0(34.34%),B:11618.0(25.98%),P:1e-31	Tpos:286.0,Tstd:239.6,Bpos:234.4,Bstd:141.9,StrandBias:0.0,Multiplicity:1.28
0.095	0.196	0.654	0.055
0.022	0.735	0.060	0.183
0.042	0.019	0.085	0.854
0.041	0.064	0.107	0.788
0.045	0.061	0.022	0.872
0.055	0.183	0.682	0.080
0.691	0.102	0.052	0.155
0.164	0.065	0.040	0.731
>GGGGGGGG	8-GGGGGGGG	7.783615	-71.057022	0	T:1146.0(27.95%),B:9092.5(20.33%),P:1e-30	Tpos:331.7,Tstd:281.4,Bpos:238.6,Bstd:146.2,StrandBias:0.1,Multiplicity:1.72
0.001	0.001	0.997	0.001
0.001	0.001	0.997	0.001
0.001	0.001	0.997	0.001
0.109	0.236	0.587	0.068
0.059	0.189	0.674	0.078
0.094	0.102	0.739	0.065
0.001	0.001	0.997	0.001
0.001	0.001	0.997	0.001
>ATTTGCAT	9-ATTTGCAT	8.236954	-62.352668	0	T:173.0(4.22%),B:732.4(1.64%),P:1e-27	Tpos:284.9,Tstd:217.9,Bpos:229.6,Bstd:136.3,StrandBias:-0.2,Multiplicity:1.08
0.700	0.100	0.100	0.100
0.100	0.100	0.100	0.700
0.100	0.100	0.100	0.700
0.100	0.100	0.100	0.700
0.100	0.100	0.700	0.100
0.100	0.700	0.100	0.100
0.700	0.100	0.100	0.100
0.100	0.100	0.100	0.700
>TTTCCRYY	10-TTTCCRYY	7.048799	-60.809282	0	T:657.0(16.02%),B:4709.5(10.53%),P:1e-26	Tpos:295.9,Tstd:273.8,Bpos:231.7,Bstd:141.8,StrandBias:-0.0,Multiplicity:1.12
0.031	0.113	0.001	0.855
0.001	0.068	0.001	0.930
0.001	0.001	0.001	0.997
0.185	0.727	0.001	0.087
0.006	0.990	0.003	0.001
0.436	0.056	0.507	0.001
0.001	0.488	0.001	0.510
0.002	0.468	0.001	0.529
>CGTTTCGT	11-CGTTTCGT	4.945205	-49.483336	0	T:1352.0(32.98%),B:11715.6(26.19%),P:1e-21	Tpos:304.6,Tstd:267.7,Bpos:235.2,Bstd:149.4,StrandBias:0.0,Multiplicity:1.30
0.108	0.690	0.095	0.107
0.047	0.084	0.814	0.055
0.077	0.026	0.072	0.825
0.049	0.139	0.054	0.758
0.020	0.049	0.089	0.842
0.091	0.674	0.093	0.142
0.157	0.089	0.689	0.065
0.121	0.071	0.090	0.718
>AGAGGGCG	12-AGAGGGCG	6.940353	-49.058272	0	T:355.0(8.66%),B:2262.2(5.06%),P:1e-21	Tpos:307.8,Tstd:261.4,Bpos:233.0,Bstd:151.3,StrandBias:-0.2,Multiplicity:1.10
0.997	0.001	0.001	0.001
0.001	0.112	0.886	0.001
0.997	0.001	0.001	0.001
0.001	0.001	0.882	0.116
0.162	0.001	0.836	0.001
0.001	0.001	0.997	0.001
0.001	0.997	0.001	0.001
0.001	0.001	0.997	0.001
>GCTGTTTT	13-GCTGTTTT	7.052276	-44.691744	0	T:916.0(22.34%),B:7513.8(16.80%),P:1e-19	Tpos:295.5,Tstd:242.0,Bpos:234.3,Bstd:144.4,StrandBias:-0.1,Multiplicity:1.16
0.001	0.001	0.961	0.037
0.001	0.902	0.044	0.053
0.031	0.001	0.083	0.885
0.028	0.037	0.934	0.001
0.001	0.001	0.094	0.904
0.020	0.051	0.107	0.822
0.065	0.001	0.039	0.895
0.037	0.001	0.115	0.847
>TGCGACCT	14-TGCGACCT	6.831282	-41.075086	0	T:518.0(12.63%),B:3835.0(8.57%),P:1e-17	Tpos:304.6,Tstd:254.3,Bpos:233.9,Bstd:145.5,StrandBias:0.0,Multiplicity:1.11
0.001	0.416	0.001	0.582
0.118	0.096	0.755	0.031
0.001	0.897	0.035	0.067
0.086	0.360	0.552	0.002
0.533	0.172	0.166	0.129
0.281	0.576	0.142	0.001
0.121	0.877	0.001	0.001
0.001	0.001	0.001	0.997
