>VACAGGAAGT	1-VACAGGAAGT	8.551693	-281.559157	0	T:779.0(19.00%),B:3390.8(7.58%),P:1e-122	Tpos:288.4,Tstd:233.2,Bpos:233.3,Bstd:136.4,StrandBias:-0.1,Multiplicity:1.14
0.305	0.295	0.322	0.079
0.622	0.061	0.281	0.036
0.019	0.632	0.336	0.013
0.889	0.021	0.089	0.001
0.001	0.001	0.997	0.001
0.088	0.001	0.890	0.021
0.997	0.001	0.001	0.001
0.785	0.001	0.001	0.213
0.356	0.043	0.600	0.001
0.013	0.198	0.022	0.767
>NGVTGAGTCA	2-NGVTGAGTCA	8.260716	-152.320176	0	T:518.0(12.63%),B:2466.1(5.51%),P:1e-66	Tpos:296.9,Tstd:268.8,Bpos:232.2,Bstd:139.0,StrandBias:-0.1,Multiplicity:1.13
0.216	0.319	0.254	0.212
0.206	0.132	0.416	0.245
0.343	0.209	0.325	0.124
0.009	0.001	0.001	0.989
0.023	0.012	0.865	0.100
0.906	0.027	0.003	0.064
0.019	0.407	0.566	0.008
0.029	0.001	0.020	0.950
0.077	0.875	0.040	0.008
0.973	0.002	0.022	0.003
>DGAAACCACA	3-DGAAACCACA	8.236520	-139.740437	0	T:478.0(11.66%),B:2277.9(5.09%),P:1e-60	Tpos:289.6,Tstd:254.8,Bpos:236.2,Bstd:144.9,StrandBias:0.1,Multiplicity:1.09
0.349	0.156	0.229	0.267
0.240	0.241	0.408	0.110
0.661	0.082	0.001	0.256
0.984	0.001	0.014	0.001
0.951	0.001	0.047	0.001
0.001	0.997	0.001	0.001
0.061	0.937	0.001	0.001
0.962	0.025	0.012	0.001
0.001	0.997	0.001	0.001
0.701	0.035	0.222	0.042
>ACATCAAAGG	4-ACATCAAAGG	7.601006	-136.385794	0	T:769.0(18.76%),B:4585.7(10.25%),P:1e-59	Tpos:273.7,Tstd:214.2,Bpos:231.1,Bstd:140.7,StrandBias:0.0,Multiplicity:1.16
0.959	0.001	0.001	0.039
0.001	0.658	0.340	0.001
0.804	0.020	0.001	0.175
0.067	0.001	0.001	0.931
0.144	0.547	0.260	0.049
0.997	0.001	0.001	0.001
0.892	0.042	0.065	0.001
0.948	0.018	0.033	0.001
0.154	0.264	0.581	0.001
0.219	0.271	0.433	0.077
>CCACTAGGTG	5-CCACTAGGTG	7.972371	-122.223924	0	T:298.0(7.27%),B:1167.2(2.61%),P:1e-53	Tpos:266.4,Tstd:182.5,Bpos:237.3,Bstd:136.1,StrandBias:0.0,Multiplicity:1.03
0.013	0.961	0.025	0.001
0.008	0.990	0.001	0.001
0.950	0.030	0.004	0.016
0.001	0.948	0.043	0.008
0.078	0.150	0.008	0.764
0.980	0.018	0.001	0.001
0.001	0.012	0.986	0.001
0.233	0.001	0.760	0.006
0.020	0.007	0.059	0.914
0.001	0.004	0.955	0.040
>ACAGGAAGVV	6-ACAGGAAGVV	7.570683	-108.794875	0	T:436.0(10.63%),B:2232.0(4.99%),P:1e-47	Tpos:278.4,Tstd:208.5,Bpos:233.0,Bstd:136.0,StrandBias:-0.1,Multiplicity:1.04
0.585	0.118	0.262	0.035
0.265	0.622	0.063	0.050
0.536	0.293	0.138	0.033
0.032	0.028	0.723	0.217
0.244	0.057	0.652	0.047
0.763	0.163	0.027	0.047
0.868	0.036	0.049	0.047
0.303	0.039	0.624	0.034
0.330	0.297	0.282	0.091
0.378	0.300	0.280	0.042
>CCGCCTACAG	7-CCGCCTACAG	6.690240	-82.418773	0	T:465.0(11.34%),B:2733.8(6.11%),P:1e-35	Tpos:296.8,Tstd:230.5,Bpos:237.6,Bstd:148.2,StrandBias:-0.4,Multiplicity:1.09
0.179	0.652	0.050	0.119
0.011	0.928	0.023	0.038
0.058	0.072	0.836	0.034
0.031	0.937	0.001	0.031
0.166	0.605	0.121	0.108
0.041	0.153	0.001	0.805
0.872	0.022	0.028	0.078
0.129	0.495	0.274	0.103
0.538	0.020	0.076	0.366
0.075	0.139	0.532	0.254
>AATTTGCATG	8-AATTTGCATG	10.214149	-70.948787	0	T:130.0(3.17%),B:419.5(0.94%),P:1e-30	Tpos:285.8,Tstd:208.6,Bpos:233.2,Bstd:137.9,StrandBias:-0.4,Multiplicity:1.06
0.452	0.263	0.175	0.110
0.978	0.020	0.001	0.001
0.001	0.001	0.001	0.997
0.001	0.044	0.001	0.954
0.001	0.001	0.001	0.997
0.130	0.001	0.868	0.001
0.001	0.997	0.001	0.001
0.901	0.001	0.009	0.089
0.047	0.001	0.001	0.951
0.344	0.130	0.525	0.001
>AAAGCGAAAC	9-AAAGCGAAAC	7.618168	-67.186191	0	T:592.0(14.44%),B:4019.2(8.99%),P:1e-29	Tpos:317.8,Tstd:261.0,Bpos:235.6,Bstd:151.7,StrandBias:-0.1,Multiplicity:1.17
0.827	0.037	0.099	0.037
0.840	0.053	0.082	0.025
0.895	0.008	0.055	0.042
0.107	0.192	0.552	0.149
0.115	0.613	0.100	0.172
0.170	0.051	0.764	0.015
0.872	0.045	0.057	0.026
0.844	0.013	0.056	0.087
0.804	0.052	0.130	0.014
0.089	0.651	0.217	0.043
>GGAATTYCCC	10-GGAATTYCCC	8.636174	-66.834997	0	T:263.0(6.41%),B:1329.2(2.97%),P:1e-29	Tpos:297.1,Tstd:251.9,Bpos:232.9,Bstd:138.8,StrandBias:-0.1,Multiplicity:1.07
0.001	0.001	0.976	0.022
0.215	0.001	0.783	0.001
0.674	0.059	0.203	0.064
0.680	0.094	0.001	0.225
0.283	0.020	0.063	0.634
0.001	0.045	0.183	0.771
0.001	0.431	0.001	0.567
0.001	0.975	0.001	0.023
0.067	0.931	0.001	0.001
0.082	0.916	0.001	0.001
>TACAGGATGT	11-TACAGGATGT	8.808486	-46.838901	0	T:240.0(5.85%),B:1356.0(3.03%),P:1e-20	Tpos:291.1,Tstd:255.4,Bpos:234.1,Bstd:137.3,StrandBias:-0.4,Multiplicity:1.05
0.271	0.067	0.080	0.582
0.930	0.001	0.001	0.068
0.001	0.871	0.127	0.001
0.917	0.081	0.001	0.001
0.001	0.001	0.975	0.023
0.209	0.086	0.644	0.061
0.814	0.182	0.001	0.003
0.001	0.001	0.131	0.867
0.004	0.088	0.907	0.001
0.001	0.319	0.149	0.531
>AGCGCTGTTT	12-AGCGCTGTTT	4.744811	-46.401916	0	T:1911.0(46.61%),B:17639.3(39.44%),P:1e-20	Tpos:305.8,Tstd:258.1,Bpos:234.7,Bstd:144.4,StrandBias:0.0,Multiplicity:1.48
0.696	0.093	0.113	0.098
0.097	0.104	0.709	0.090
0.120	0.680	0.097	0.103
0.081	0.085	0.716	0.118
0.083	0.698	0.122	0.097
0.089	0.086	0.114	0.711
0.097	0.100	0.692	0.111
0.102	0.105	0.090	0.703
0.099	0.109	0.110	0.682
0.095	0.100	0.091	0.714
>TCAAAGCAAG	13-TCAAAGCAAG	8.467795	-42.521691	0	T:286.0(6.98%),B:1780.7(3.98%),P:1e-18	Tpos:292.4,Tstd:278.5,Bpos:236.8,Bstd:142.7,StrandBias:-0.2,Multiplicity:1.03
0.090	0.040	0.076	0.794
0.001	0.871	0.028	0.100
0.973	0.025	0.001	0.001
0.919	0.025	0.001	0.055
0.987	0.001	0.001	0.011
0.084	0.028	0.881	0.007
0.001	0.846	0.134	0.019
0.963	0.001	0.035	0.001
0.856	0.013	0.093	0.038
0.055	0.014	0.930	0.001
>ATAGAGGGCG	14-ATAGAGGGCG	10.032021	-41.106721	0	T:80.0(1.95%),B:273.8(0.61%),P:1e-17	Tpos:273.3,Tstd:214.7,Bpos:211.4,Bstd:147.4,StrandBias:-0.3,Multiplicity:1.01
0.722	0.208	0.069	0.001
0.001	0.166	0.060	0.773
0.975	0.001	0.023	0.001
0.001	0.001	0.997	0.001
0.997	0.001	0.001	0.001
0.027	0.001	0.828	0.144
0.022	0.001	0.976	0.001
0.001	0.026	0.972	0.001
0.001	0.923	0.001	0.075
0.001	0.001	0.894	0.104
>GGGGGGGGGG	15-GGGGGGGGGG	6.404373	-36.883803	0	T:1841.0(44.90%),B:17257.0(38.58%),P:1e-16	Tpos:336.7,Tstd:290.6,Bpos:236.9,Bstd:143.6,StrandBias:0.1,Multiplicity:2.12
0.100	0.100	0.700	0.100
0.100	0.100	0.700	0.100
0.100	0.100	0.700	0.100
0.100	0.100	0.700	0.100
0.100	0.100	0.700	0.100
0.100	0.100	0.700	0.100
0.100	0.100	0.700	0.100
0.100	0.100	0.700	0.100
0.100	0.100	0.700	0.100
0.100	0.100	0.700	0.100
>GTTGCTATGG	16-GTTGCTATGG	9.823260	-33.767608	0	T:86.0(2.10%),B:351.6(0.79%),P:1e-14	Tpos:279.2,Tstd:204.9,Bpos:247.4,Bstd:135.1,StrandBias:0.1,Multiplicity:1.02
0.001	0.001	0.997	0.001
0.001	0.001	0.051	0.947
0.018	0.001	0.001	0.980
0.006	0.001	0.992	0.001
0.001	0.993	0.001	0.005
0.040	0.265	0.046	0.649
0.924	0.016	0.011	0.049
0.035	0.030	0.001	0.934
0.001	0.046	0.911	0.042
0.015	0.148	0.821	0.016
>CTTTTGAACG	17-CTTTTGAACG	7.402802	-31.687553	0	T:190.0(4.63%),B:1141.5(2.55%),P:1e-13	Tpos:299.0,Tstd:239.4,Bpos:234.7,Bstd:142.9,StrandBias:0.2,Multiplicity:1.02
0.044	0.813	0.108	0.035
0.060	0.067	0.060	0.813
0.085	0.037	0.046	0.832
0.087	0.067	0.046	0.800
0.092	0.052	0.064	0.792
0.062	0.061	0.780	0.097
0.768	0.120	0.082	0.030
0.841	0.044	0.041	0.074
0.037	0.792	0.063	0.108
0.092	0.089	0.779	0.040
>AGGGCGATAT	18-AGGGCGATAT	9.488928	-30.364227	0	T:43.0(1.05%),B:117.0(0.26%),P:1e-13	Tpos:350.9,Tstd:295.0,Bpos:219.4,Bstd:141.8,StrandBias:0.5,Multiplicity:1.00
0.838	0.001	0.053	0.108
0.001	0.001	0.997	0.001
0.001	0.001	0.997	0.001
0.079	0.001	0.919	0.001
0.085	0.913	0.001	0.001
0.017	0.011	0.971	0.001
0.953	0.045	0.001	0.001
0.064	0.040	0.054	0.842
0.812	0.027	0.115	0.046
0.001	0.108	0.034	0.857
>TGAATAACAC	19-TGAATAACAC	9.459065	-26.514219	0	T:77.0(1.88%),B:341.1(0.76%),P:1e-11	Tpos:303.0,Tstd:275.6,Bpos:237.2,Bstd:140.8,StrandBias:0.1,Multiplicity:1.00
0.023	0.001	0.001	0.975
0.001	0.058	0.940	0.001
0.874	0.045	0.001	0.080
0.632	0.310	0.028	0.030
0.149	0.001	0.001	0.849
0.938	0.001	0.044	0.017
0.997	0.001	0.001	0.001
0.001	0.964	0.034	0.001
0.950	0.048	0.001	0.001
0.056	0.942	0.001	0.001
>TGTKTAGGCG	20-TGTKTAGGCG	10.151490	-25.761203	0	T:36.0(0.88%),B:97.4(0.22%),P:1e-11	Tpos:246.2,Tstd:186.4,Bpos:269.1,Bstd:135.1,StrandBias:-0.6,Multiplicity:1.00
0.001	0.001	0.001	0.997
0.001	0.001	0.980	0.018
0.001	0.070	0.001	0.928
0.001	0.001	0.471	0.527
0.001	0.001	0.001	0.997
0.791	0.001	0.175	0.033
0.001	0.001	0.997	0.001
0.331	0.001	0.667	0.001
0.001	0.997	0.001	0.001
0.001	0.001	0.997	0.001
>CCGACACGTG	21-CCGACACGTG	10.296193	-25.337131	0	T:7.0(0.17%),B:1.9(0.00%),P:1e-11	Tpos:304.6,Tstd:248.0,Bpos:202.4,Bstd:17.0,StrandBias:1.3,Multiplicity:1.00
0.100	0.700	0.100	0.100
0.100	0.700	0.100	0.100
0.100	0.100	0.700	0.100
0.700	0.100	0.100	0.100
0.100	0.700	0.100	0.100
0.700	0.100	0.100	0.100
0.100	0.700	0.100	0.100
0.100	0.100	0.700	0.100
0.100	0.100	0.100	0.700
0.100	0.100	0.700	0.100
>TACCGGAAGT	22-TACCGGAAGT	9.750675	-24.560426	0	T:51.0(1.24%),B:186.8(0.42%),P:1e-10	Tpos:307.1,Tstd:219.6,Bpos:226.7,Bstd:148.5,StrandBias:0.2,Multiplicity:1.00
0.058	0.001	0.073	0.868
0.899	0.001	0.095	0.005
0.001	0.898	0.100	0.001
0.001	0.976	0.001	0.022
0.001	0.043	0.869	0.087
0.001	0.001	0.997	0.001
0.670	0.292	0.037	0.001
0.997	0.001	0.001	0.001
0.100	0.001	0.898	0.001
0.001	0.049	0.001	0.949
>GACRGTCAAA	23-GACRGTCAAA	9.922210	-23.853552	0	T:52.0(1.27%),B:196.9(0.44%),P:1e-10	Tpos:251.0,Tstd:223.7,Bpos:215.0,Bstd:148.5,StrandBias:0.2,Multiplicity:1.02
0.001	0.062	0.936	0.001
0.905	0.047	0.001	0.047
0.065	0.807	0.127	0.001
0.392	0.001	0.516	0.091
0.001	0.065	0.933	0.001
0.001	0.001	0.001	0.997
0.001	0.997	0.001	0.001
0.997	0.001	0.001	0.001
0.939	0.041	0.019	0.001
0.958	0.001	0.040	0.001
>AAGGAAATAC	24-AAGGAAATAC	10.573892	-23.107255	0	T:57.0(1.39%),B:232.8(0.52%),P:1e-10	Tpos:255.8,Tstd:172.4,Bpos:227.2,Bstd:141.6,StrandBias:-0.3,Multiplicity:1.07
0.997	0.001	0.001	0.001
0.940	0.001	0.001	0.058
0.001	0.001	0.997	0.001
0.001	0.001	0.901	0.097
0.997	0.001	0.001	0.001
0.984	0.001	0.001	0.014
0.853	0.001	0.145	0.001
0.001	0.001	0.001	0.997
0.863	0.001	0.135	0.001
0.001	0.997	0.001	0.001
>AACGCCACGC	25-AACGCCACGC	9.912631	-21.910782	0	T:45.0(1.10%),B:164.5(0.37%),P:1e-9	Tpos:238.5,Tstd:171.1,Bpos:255.9,Bstd:147.0,StrandBias:0.6,Multiplicity:1.05
0.869	0.040	0.090	0.001
0.997	0.001	0.001	0.001
0.083	0.858	0.058	0.001
0.026	0.017	0.956	0.001
0.105	0.893	0.001	0.001
0.001	0.997	0.001	0.001
0.931	0.001	0.067	0.001
0.001	0.814	0.184	0.001
0.017	0.190	0.772	0.021
0.052	0.902	0.045	0.001
>VACAGGAARTNV	1-VACAGGAARTNV	8.798076	-280.975135	0	T:903.0(22.02%),B:4293.5(9.60%),P:1e-122	Tpos:287.7,Tstd:232.2,Bpos:235.3,Bstd:137.6,StrandBias:0.0,Multiplicity:1.17
0.321	0.234	0.298	0.147
0.704	0.028	0.259	0.009
0.086	0.653	0.235	0.026
0.997	0.001	0.001	0.001
0.001	0.001	0.997	0.001
0.003	0.001	0.995	0.001
0.997	0.001	0.001	0.001
0.997	0.001	0.001	0.001
0.375	0.103	0.521	0.001
0.103	0.255	0.142	0.500
0.267	0.177	0.292	0.263
0.351	0.220	0.240	0.189
>CCACYAGRKGGC	2-CCACYAGRKGGC	9.557733	-195.297764	0	T:192.0(4.68%),B:339.1(0.76%),P:1e-84	Tpos:263.1,Tstd:161.7,Bpos:241.8,Bstd:142.8,StrandBias:-0.2,Multiplicity:1.02
0.211	0.505	0.188	0.096
0.023	0.935	0.025	0.017
0.728	0.022	0.088	0.162
0.025	0.672	0.272	0.031
0.242	0.272	0.072	0.414
0.613	0.019	0.134	0.234
0.062	0.003	0.900	0.035
0.450	0.027	0.503	0.020
0.107	0.047	0.436	0.409
0.147	0.029	0.785	0.039
0.155	0.015	0.584	0.246
0.131	0.676	0.162	0.031
>NDRTGASTCABH	3-NDRTGASTCABH	8.226249	-159.836550	0	T:487.0(11.88%),B:2188.1(4.89%),P:1e-69	Tpos:297.2,Tstd:256.7,Bpos:233.1,Bstd:138.2,StrandBias:-0.0,Multiplicity:1.12
0.274	0.285	0.209	0.231
0.281	0.112	0.307	0.300
0.352	0.193	0.306	0.148
0.009	0.001	0.001	0.989
0.001	0.030	0.968	0.001
0.924	0.021	0.034	0.021
0.021	0.429	0.506	0.044
0.001	0.001	0.001	0.997
0.021	0.959	0.010	0.010
0.994	0.001	0.001	0.004
0.107	0.262	0.254	0.377
0.292	0.360	0.126	0.222
>DGKGGGMGGGGC	4-DGKGGGMGGGGC	8.677716	-109.850158	0	T:1060.0(25.85%),B:7518.2(16.81%),P:1e-47	Tpos:328.3,Tstd:278.9,Bpos:235.6,Bstd:143.1,StrandBias:0.1,Multiplicity:1.52
0.249	0.125	0.350	0.275
0.137	0.184	0.603	0.076
0.170	0.001	0.469	0.360
0.029	0.001	0.969	0.001
0.001	0.001	0.997	0.001
0.001	0.001	0.997	0.001
0.345	0.471	0.001	0.183
0.083	0.001	0.797	0.119
0.001	0.001	0.993	0.005
0.269	0.001	0.729	0.001
0.106	0.062	0.723	0.109
0.261	0.452	0.116	0.170
>AAAACCACAAAC	5-AAAACCACAAAC	10.182975	-103.301467	0	T:160.0(3.90%),B:449.8(1.01%),P:1e-44	Tpos:278.6,Tstd:203.4,Bpos:238.6,Bstd:142.4,StrandBias:0.2,Multiplicity:1.05
0.721	0.147	0.131	0.001
0.832	0.059	0.108	0.001
0.997	0.001	0.001	0.001
0.933	0.001	0.065	0.001
0.037	0.961	0.001	0.001
0.001	0.930	0.001	0.068
0.997	0.001	0.001	0.001
0.001	0.997	0.001	0.001
0.794	0.001	0.046	0.159
0.616	0.186	0.113	0.085
0.497	0.287	0.097	0.118
0.076	0.552	0.150	0.222
>CTTTGATGTGGT	6-CTTTGATGTGGT	8.999417	-95.621156	0	T:338.0(8.24%),B:1626.4(3.64%),P:1e-41	Tpos:282.2,Tstd:209.5,Bpos:232.6,Bstd:142.4,StrandBias:-0.2,Multiplicity:1.07
0.007	0.645	0.166	0.182
0.016	0.077	0.001	0.906
0.025	0.131	0.203	0.641
0.001	0.001	0.001	0.997
0.005	0.218	0.636	0.141
0.700	0.005	0.070	0.225
0.170	0.001	0.001	0.828
0.001	0.001	0.997	0.001
0.001	0.001	0.001	0.997
0.001	0.001	0.660	0.338
0.153	0.133	0.661	0.053
0.055	0.256	0.199	0.490
>GGGGAAATCCCC	7-GGGGAAATCCCC	10.095872	-81.375994	0	T:135.0(3.29%),B:402.1(0.90%),P:1e-35	Tpos:288.7,Tstd:242.5,Bpos:230.3,Bstd:132.8,StrandBias:-0.1,Multiplicity:1.03
0.130	0.001	0.679	0.190
0.005	0.001	0.975	0.019
0.001	0.001	0.997	0.001
0.294	0.027	0.678	0.001
0.859	0.001	0.139	0.001
0.997	0.001	0.001	0.001
0.730	0.001	0.122	0.147
0.095	0.231	0.160	0.514
0.090	0.652	0.035	0.223
0.056	0.942	0.001	0.001
0.035	0.945	0.001	0.019
0.291	0.464	0.048	0.198
>WAAACTTCAAAG	8-WAAACTTCAAAG	7.463801	-75.333459	0	T:441.0(10.76%),B:2624.0(5.87%),P:1e-32	Tpos:301.9,Tstd:245.4,Bpos:235.4,Bstd:141.0,StrandBias:0.1,Multiplicity:1.08
0.284	0.136	0.171	0.409
0.442	0.203	0.199	0.156
0.508	0.001	0.230	0.261
0.430	0.228	0.195	0.147
0.161	0.720	0.004	0.115
0.338	0.090	0.001	0.571
0.116	0.026	0.062	0.796
0.136	0.509	0.254	0.101
0.765	0.102	0.001	0.132
0.651	0.116	0.229	0.004
0.868	0.001	0.129	0.002
0.280	0.084	0.554	0.082
>NHATGCAAATNA	9-NHATGCAAATNA	10.755203	-74.814334	0	T:140.0(3.41%),B:458.6(1.03%),P:1e-32	Tpos:279.0,Tstd:209.8,Bpos:231.2,Bstd:136.4,StrandBias:0.3,Multiplicity:1.05
0.218	0.216	0.277	0.289
0.219	0.360	0.106	0.314
0.997	0.001	0.001	0.001
0.001	0.001	0.001	0.997
0.001	0.001	0.997	0.001
0.001	0.997	0.001	0.001
0.997	0.001	0.001	0.001
0.997	0.001	0.001	0.001
0.997	0.001	0.001	0.001
0.001	0.001	0.001	0.997
0.291	0.242	0.265	0.203
0.421	0.227	0.207	0.145
>STCTTTGATCTG	10-STCTTTGATCTG	7.923608	-72.821401	0	T:673.0(16.41%),B:4641.6(10.38%),P:1e-31	Tpos:286.0,Tstd:245.6,Bpos:229.3,Bstd:138.7,StrandBias:-0.1,Multiplicity:1.13
0.147	0.387	0.257	0.209
0.228	0.126	0.068	0.578
0.090	0.596	0.063	0.251
0.001	0.060	0.001	0.938
0.011	0.047	0.089	0.853
0.062	0.001	0.030	0.907
0.084	0.265	0.575	0.076
0.671	0.130	0.008	0.191
0.081	0.013	0.033	0.873
0.001	0.938	0.050	0.011
0.046	0.001	0.001	0.952
0.033	0.240	0.579	0.148
>TCTGACTTCAAA	11-TCTGACTTCAAA	9.729352	-50.407977	0	T:152.0(3.71%),B:675.9(1.51%),P:1e-21	Tpos:286.2,Tstd:257.3,Bpos:234.5,Bstd:140.9,StrandBias:0.1,Multiplicity:1.03
0.190	0.121	0.018	0.671
0.113	0.800	0.018	0.069
0.080	0.001	0.001	0.918
0.093	0.099	0.776	0.032
0.736	0.097	0.092	0.075
0.075	0.841	0.071	0.013
0.013	0.050	0.001	0.936
0.032	0.047	0.099	0.822
0.071	0.817	0.048	0.064
0.924	0.032	0.032	0.012
0.805	0.117	0.030	0.048
0.964	0.001	0.034	0.001
>CCCTCCCTTCCC	12-CCCTCCCTTCCC	11.809291	-48.155948	0	T:134.0(3.27%),B:570.7(1.28%),P:1e-20	Tpos:293.6,Tstd:251.4,Bpos:239.3,Bstd:138.4,StrandBias:-0.6,Multiplicity:1.03
0.054	0.864	0.044	0.038
0.067	0.931	0.001	0.001
0.001	0.997	0.001	0.001
0.091	0.001	0.059	0.849
0.068	0.777	0.154	0.001
0.001	0.997	0.001	0.001
0.001	0.997	0.001	0.001
0.001	0.001	0.028	0.970
0.029	0.202	0.065	0.704
0.001	0.913	0.001	0.085
0.001	0.836	0.001	0.162
0.036	0.665	0.001	0.298
>GACAGGATGTGA	13-GACAGGATGTGA	9.282470	-47.171281	0	T:190.0(4.63%),B:972.3(2.17%),P:1e-20	Tpos:259.2,Tstd:220.2,Bpos:233.1,Bstd:133.3,StrandBias:-0.2,Multiplicity:1.05
0.075	0.092	0.732	0.101
0.834	0.055	0.038	0.073
0.077	0.786	0.082	0.055
0.907	0.045	0.001	0.047
0.001	0.014	0.984	0.001
0.060	0.059	0.759	0.122
0.843	0.068	0.042	0.047
0.030	0.001	0.048	0.921
0.057	0.016	0.824	0.103
0.080	0.001	0.089	0.830
0.016	0.066	0.847	0.071
0.733	0.094	0.066	0.107
>TCTGTGGTTAAC	14-TCTGTGGTTAAC	7.998666	-47.022116	0	T:320.0(7.80%),B:1999.3(4.47%),P:1e-20	Tpos:292.3,Tstd:241.2,Bpos:235.6,Bstd:137.1,StrandBias:-0.1,Multiplicity:1.07
0.101	0.096	0.125	0.678
0.009	0.827	0.055	0.109
0.049	0.018	0.001	0.932
0.003	0.096	0.832	0.069
0.067	0.001	0.071	0.861
0.059	0.002	0.837	0.102
0.074	0.079	0.717	0.130
0.090	0.097	0.092	0.721
0.106	0.048	0.110	0.736
0.625	0.113	0.112	0.150
0.625	0.138	0.139	0.098
0.135	0.614	0.130	0.121
>TCCGCTAGAGGG	15-TCCGCTAGAGGG	9.387328	-44.492936	0	T:100.0(2.44%),B:375.2(0.84%),P:1e-19	Tpos:304.4,Tstd:233.0,Bpos:234.9,Bstd:138.7,StrandBias:-0.0,Multiplicity:1.01
0.126	0.001	0.139	0.734
0.001	0.913	0.023	0.063
0.095	0.671	0.063	0.171
0.109	0.097	0.612	0.182
0.052	0.822	0.063	0.063
0.001	0.124	0.054	0.821
0.921	0.001	0.015	0.063
0.062	0.001	0.875	0.062
0.883	0.031	0.023	0.063
0.001	0.001	0.937	0.061
0.063	0.031	0.749	0.157
0.031	0.062	0.906	0.001
>TGCCMTGGCAAC	16-TGCCMTGGCAAC	11.039418	-43.062189	0	T:58.0(1.41%),B:147.3(0.33%),P:1e-18	Tpos:244.6,Tstd:165.3,Bpos:256.7,Bstd:136.0,StrandBias:-0.1,Multiplicity:1.04
0.001	0.001	0.001	0.997
0.104	0.001	0.805	0.090
0.001	0.997	0.001	0.001
0.001	0.997	0.001	0.001
0.426	0.380	0.097	0.097
0.044	0.096	0.001	0.859
0.153	0.001	0.845	0.001
0.196	0.001	0.707	0.096
0.001	0.997	0.001	0.001
0.902	0.001	0.096	0.001
0.997	0.001	0.001	0.001
0.001	0.902	0.096	0.001
>CRCTTTCGCTTT	17-CRCTTTCGCTTT	10.381854	-42.866904	0	T:46.0(1.12%),B:93.3(0.21%),P:1e-18	Tpos:319.5,Tstd:234.8,Bpos:210.3,Bstd:140.0,StrandBias:-0.9,Multiplicity:1.04
0.122	0.462	0.230	0.186
0.269	0.109	0.394	0.227
0.096	0.846	0.001	0.057
0.097	0.169	0.008	0.726
0.001	0.045	0.051	0.903
0.001	0.061	0.143	0.795
0.134	0.567	0.001	0.298
0.325	0.119	0.488	0.068
0.001	0.782	0.138	0.079
0.038	0.174	0.078	0.710
0.034	0.037	0.052	0.877
0.001	0.066	0.051	0.882
>CGGTTTGTTTTC	18-CGGTTTGTTTTC	7.066066	-37.283718	0	T:884.0(21.56%),B:7411.8(16.57%),P:1e-16	Tpos:296.8,Tstd:245.0,Bpos:238.9,Bstd:146.6,StrandBias:0.1,Multiplicity:1.18
0.141	0.587	0.116	0.156
0.130	0.082	0.642	0.146
0.061	0.071	0.762	0.106
0.055	0.116	0.090	0.739
0.052	0.068	0.073	0.807
0.052	0.051	0.085	0.812
0.074	0.082	0.760	0.084
0.069	0.080	0.057	0.794
0.057	0.083	0.083	0.777
0.042	0.068	0.082	0.808
0.051	0.106	0.077	0.766
0.072	0.750	0.079	0.099
>AATTGAAACTGA	19-AATTGAAACTGA	9.197470	-32.427224	0	T:153.0(3.73%),B:841.9(1.88%),P:1e-14	Tpos:272.7,Tstd:228.4,Bpos:236.6,Bstd:141.3,StrandBias:0.1,Multiplicity:1.03
0.863	0.062	0.001	0.074
0.862	0.038	0.005	0.095
0.091	0.088	0.102	0.719
0.104	0.001	0.080	0.815
0.063	0.041	0.831	0.065
0.796	0.053	0.081	0.070
0.917	0.001	0.071	0.011
0.886	0.031	0.052	0.031
0.010	0.927	0.052	0.011
0.047	0.043	0.047	0.863
0.094	0.093	0.746	0.067
0.774	0.074	0.035	0.117
>GTGGGCGGGGCC	20-GTGGGCGGGGCC	9.222078	-31.126268	0	T:281.0(6.85%),B:1912.6(4.28%),P:1e-13	Tpos:311.7,Tstd:227.6,Bpos:233.2,Bstd:148.0,StrandBias:0.2,Multiplicity:1.08
0.022	0.010	0.942	0.026
0.045	0.062	0.060	0.833
0.091	0.026	0.855	0.028
0.108	0.026	0.804	0.062
0.045	0.026	0.880	0.049
0.100	0.794	0.066	0.040
0.061	0.068	0.808	0.063
0.078	0.057	0.770	0.095
0.038	0.110	0.790	0.062
0.048	0.061	0.856	0.035
0.049	0.777	0.102	0.072
0.043	0.918	0.020	0.019
>ACTTCCTBTCTT	21-ACTTCCTBTCTT	10.274006	-30.739538	0	T:125.0(3.05%),B:647.7(1.45%),P:1e-13	Tpos:313.5,Tstd:210.1,Bpos:238.0,Bstd:143.4,StrandBias:-0.4,Multiplicity:1.01
0.959	0.001	0.001	0.039
0.027	0.627	0.345	0.001
0.001	0.050	0.001	0.948
0.001	0.078	0.148	0.773
0.001	0.932	0.001	0.066
0.001	0.997	0.001	0.001
0.001	0.001	0.001	0.997
0.093	0.340	0.264	0.303
0.086	0.001	0.294	0.619
0.001	0.625	0.271	0.103
0.001	0.001	0.001	0.997
0.001	0.108	0.001	0.890
>CTCTCGCGCCTG	22-CTCTCGCGCCTG	13.355083	-30.236032	0	T:14.0(0.34%),B:8.1(0.02%),P:1e-13	Tpos:267.3,Tstd:173.0,Bpos:278.6,Bstd:147.3,StrandBias:0.8,Multiplicity:1.00
0.001	0.997	0.001	0.001
0.001	0.068	0.001	0.930
0.001	0.906	0.001	0.092
0.001	0.029	0.001	0.969
0.001	0.813	0.093	0.093
0.093	0.030	0.822	0.055
0.092	0.906	0.001	0.001
0.001	0.093	0.837	0.069
0.001	0.997	0.001	0.001
0.001	0.997	0.001	0.001
0.001	0.001	0.001	0.997
0.001	0.092	0.906	0.001
>AAAACAGCCAAG	23-AAAACAGCCAAG	11.750604	-30.141371	0	T:36.0(0.88%),B:83.6(0.19%),P:1e-13	Tpos:300.5,Tstd:241.4,Bpos:206.9,Bstd:129.6,StrandBias:0.6,Multiplicity:1.00
0.976	0.022	0.001	0.001
0.927	0.071	0.001	0.001
0.909	0.018	0.072	0.001
0.956	0.042	0.001	0.001
0.103	0.808	0.088	0.001
0.997	0.001	0.001	0.001
0.001	0.076	0.922	0.001
0.001	0.855	0.072	0.072
0.022	0.976	0.001	0.001
0.927	0.001	0.071	0.001
0.956	0.001	0.001	0.042
0.072	0.043	0.884	0.001
>CTGCGCCTCTTA	24-CTGCGCCTCTTA	13.882124	-25.833593	0	T:13.0(0.32%),B:9.7(0.02%),P:1e-11	Tpos:195.8,Tstd:132.8,Bpos:342.2,Bstd:81.2,StrandBias:1.7,Multiplicity:1.00
0.001	0.997	0.001	0.001
0.001	0.001	0.001	0.997
0.001	0.001	0.997	0.001
0.094	0.714	0.191	0.001
0.001	0.001	0.808	0.190
0.001	0.997	0.001	0.001
0.001	0.997	0.001	0.001
0.001	0.001	0.001	0.997
0.001	0.997	0.001	0.001
0.001	0.001	0.001	0.997
0.001	0.001	0.190	0.808
0.858	0.001	0.140	0.001
>TCCTCACGAAAT	25-TCCTCACGAAAT	12.349982	-24.398214	0	T:12.0(0.29%),B:8.6(0.02%),P:1e-10	Tpos:199.7,Tstd:130.6,Bpos:209.5,Bstd:157.9,StrandBias:0.0,Multiplicity:1.00
0.001	0.001	0.001	0.997
0.001	0.911	0.001	0.087
0.001	0.997	0.001	0.001
0.001	0.001	0.001	0.997
0.043	0.955	0.001	0.001
0.997	0.001	0.001	0.001
0.048	0.882	0.069	0.001
0.001	0.001	0.705	0.293
0.705	0.001	0.001	0.293
0.997	0.001	0.001	0.001
0.955	0.001	0.043	0.001
0.001	0.293	0.001	0.705
>ACAGGAAG	1-ACAGGAAG	4.409486	-209.664173	0	T:976.0(23.80%),B:5492.1(12.28%),P:1e-91	Tpos:292.8,Tstd:235.4,Bpos:232.9,Bstd:137.7,StrandBias:-0.1,Multiplicity:1.18
0.997	0.001	0.001	0.001
0.001	0.997	0.001	0.001
0.962	0.036	0.001	0.001
0.001	0.001	0.997	0.001
0.001	0.001	0.997	0.001
0.997	0.001	0.001	0.001
0.853	0.001	0.001	0.145
0.244	0.001	0.754	0.001
>AYTTCCTC	2-AYTTCCTC	7.048489	-177.753896	0	T:1251.0(30.51%),B:8240.8(18.43%),P:1e-77	Tpos:295.1,Tstd:250.1,Bpos:233.9,Bstd:139.1,StrandBias:-0.0,Multiplicity:1.22
0.758	0.160	0.081	0.001
0.001	0.481	0.081	0.437
0.001	0.001	0.027	0.971
0.041	0.160	0.001	0.798
0.001	0.902	0.001	0.096
0.001	0.936	0.062	0.001
0.097	0.136	0.193	0.574
0.001	0.596	0.194	0.209
>ATGAGTCA	3-ATGAGTCA	6.549093	-154.505881	0	T:696.0(16.98%),B:3797.6(8.49%),P:1e-67	Tpos:294.0,Tstd:256.3,Bpos:233.4,Bstd:138.8,StrandBias:-0.1,Multiplicity:1.17
0.738	0.116	0.145	0.001
0.001	0.001	0.001	0.997
0.001	0.001	0.953	0.045
0.997	0.001	0.001	0.001
0.001	0.260	0.738	0.001
0.001	0.001	0.001	0.997
0.059	0.939	0.001	0.001
0.997	0.001	0.001	0.001
>TGTGGTTT	4-TGTGGTTT	6.874595	-147.931087	0	T:478.0(11.66%),B:2213.6(4.95%),P:1e-64	Tpos:292.5,Tstd:255.7,Bpos:233.9,Bstd:145.6,StrandBias:-0.2,Multiplicity:1.10
0.001	0.087	0.001	0.911
0.001	0.001	0.997	0.001
0.001	0.072	0.001	0.926
0.001	0.001	0.997	0.001
0.001	0.001	0.997	0.001
0.001	0.001	0.001	0.997
0.001	0.001	0.001	0.997
0.186	0.001	0.001	0.812
>MCGCCYMC	5-MCGCCYMC	6.989228	-91.100861	0	T:1538.0(37.51%),B:12500.2(27.95%),P:1e-39	Tpos:318.6,Tstd:268.1,Bpos:234.8,Bstd:143.8,StrandBias:0.0,Multiplicity:1.41
0.432	0.566	0.001	0.001
0.130	0.868	0.001	0.001
0.152	0.001	0.655	0.192
0.001	0.997	0.001	0.001
0.001	0.876	0.122	0.001
0.001	0.567	0.001	0.431
0.549	0.449	0.001	0.001
0.001	0.997	0.001	0.001
>ACATCAAA	6-ACATCAAA	7.648143	-79.744676	0	T:439.0(10.71%),B:2555.9(5.71%),P:1e-34	Tpos:280.9,Tstd:233.2,Bpos:233.4,Bstd:141.1,StrandBias:0.1,Multiplicity:1.09
0.935	0.016	0.048	0.001
0.001	0.821	0.165	0.013
0.762	0.034	0.001	0.203
0.037	0.001	0.033	0.929
0.047	0.926	0.026	0.001
0.983	0.001	0.015	0.001
0.911	0.028	0.060	0.001
0.907	0.001	0.071	0.021
>GCTTTGAT	7-GCTTTGAT	6.059551	-73.475336	0	T:1408.0(34.34%),B:11618.0(25.98%),P:1e-31	Tpos:286.0,Tstd:239.6,Bpos:234.4,Bstd:141.9,StrandBias:0.0,Multiplicity:1.28
0.095	0.196	0.654	0.055
0.022	0.735	0.060	0.183
0.042	0.019	0.085	0.854
0.041	0.064	0.107	0.788
0.045	0.061	0.022	0.872
0.055	0.183	0.682	0.080
0.691	0.102	0.052	0.155
0.164	0.065	0.040	0.731
>GGGGGGGG	8-GGGGGGGG	7.783615	-71.057022	0	T:1146.0(27.95%),B:9092.5(20.33%),P:1e-30	Tpos:331.7,Tstd:281.4,Bpos:238.6,Bstd:146.2,StrandBias:0.1,Multiplicity:1.72
0.001	0.001	0.997	0.001
0.001	0.001	0.997	0.001
0.001	0.001	0.997	0.001
0.109	0.236	0.587	0.068
0.059	0.189	0.674	0.078
0.094	0.102	0.739	0.065
0.001	0.001	0.997	0.001
0.001	0.001	0.997	0.001
>ATTTGCAT	9-ATTTGCAT	8.236954	-62.352668	0	T:173.0(4.22%),B:732.4(1.64%),P:1e-27	Tpos:284.9,Tstd:217.9,Bpos:229.6,Bstd:136.3,StrandBias:-0.2,Multiplicity:1.08
0.700	0.100	0.100	0.100
0.100	0.100	0.100	0.700
0.100	0.100	0.100	0.700
0.100	0.100	0.100	0.700
0.100	0.100	0.700	0.100
0.100	0.700	0.100	0.100
0.700	0.100	0.100	0.100
0.100	0.100	0.100	0.700
>TTTCCRYY	10-TTTCCRYY	7.048799	-60.809282	0	T:657.0(16.02%),B:4709.5(10.53%),P:1e-26	Tpos:295.9,Tstd:273.8,Bpos:231.7,Bstd:141.8,StrandBias:-0.0,Multiplicity:1.12
0.031	0.113	0.001	0.855
0.001	0.068	0.001	0.930
0.001	0.001	0.001	0.997
0.185	0.727	0.001	0.087
0.006	0.990	0.003	0.001
0.436	0.056	0.507	0.001
0.001	0.488	0.001	0.510
0.002	0.468	0.001	0.529
>CGTTTCGT	11-CGTTTCGT	4.945205	-49.483336	0	T:1352.0(32.98%),B:11715.6(26.19%),P:1e-21	Tpos:304.6,Tstd:267.7,Bpos:235.2,Bstd:149.4,StrandBias:0.0,Multiplicity:1.30
0.108	0.690	0.095	0.107
0.047	0.084	0.814	0.055
0.077	0.026	0.072	0.825
0.049	0.139	0.054	0.758
0.020	0.049	0.089	0.842
0.091	0.674	0.093	0.142
0.157	0.089	0.689	0.065
0.121	0.071	0.090	0.718
>AGAGGGCG	12-AGAGGGCG	6.940353	-49.058272	0	T:355.0(8.66%),B:2262.2(5.06%),P:1e-21	Tpos:307.8,Tstd:261.4,Bpos:233.0,Bstd:151.3,StrandBias:-0.2,Multiplicity:1.10
0.997	0.001	0.001	0.001
0.001	0.112	0.886	0.001
0.997	0.001	0.001	0.001
0.001	0.001	0.882	0.116
0.162	0.001	0.836	0.001
0.001	0.001	0.997	0.001
0.001	0.997	0.001	0.001
0.001	0.001	0.997	0.001
>GCTGTTTT	13-GCTGTTTT	7.052276	-44.691744	0	T:916.0(22.34%),B:7513.8(16.80%),P:1e-19	Tpos:295.5,Tstd:242.0,Bpos:234.3,Bstd:144.4,StrandBias:-0.1,Multiplicity:1.16
0.001	0.001	0.961	0.037
0.001	0.902	0.044	0.053
0.031	0.001	0.083	0.885
0.028	0.037	0.934	0.001
0.001	0.001	0.094	0.904
0.020	0.051	0.107	0.822
0.065	0.001	0.039	0.895
0.037	0.001	0.115	0.847
>TGCGACCT	14-TGCGACCT	6.831282	-41.075086	0	T:518.0(12.63%),B:3835.0(8.57%),P:1e-17	Tpos:304.6,Tstd:254.3,Bpos:233.9,Bstd:145.5,StrandBias:0.0,Multiplicity:1.11
0.001	0.416	0.001	0.582
0.118	0.096	0.755	0.031
0.001	0.897	0.035	0.067
0.086	0.360	0.552	0.002
0.533	0.172	0.166	0.129
0.281	0.576	0.142	0.001
0.121	0.877	0.001	0.001
0.001	0.001	0.001	0.997
