Factor1: 0.8538612065173495
Factor2: 1.1711505246604514
