Factor1: 0.9847436963874983
Factor2: 1.015492664404424
