>TGTGGTTA	1-TGTGGTTA	7.491500	-569.973251	0	T:1275.0(42.29%),B:7477.6(16.35%),P:1e-247	Tpos:266.4,Tstd:193.9,Bpos:230.9,Bstd:149.4,StrandBias:-0.1,Multiplicity:1.32
0.048	0.010	0.010	0.932
0.001	0.001	0.997	0.001
0.019	0.004	0.001	0.976
0.001	0.001	0.997	0.001
0.001	0.001	0.997	0.001
0.001	0.032	0.001	0.966
0.078	0.111	0.072	0.739
0.525	0.054	0.138	0.283
>MGGAARTR	2-MGGAARTR	7.741365	-554.434092	0	T:1193.0(39.57%),B:6746.1(14.75%),P:1e-240	Tpos:269.7,Tstd:188.1,Bpos:228.5,Bstd:139.1,StrandBias:0.0,Multiplicity:1.29
0.445	0.553	0.001	0.001
0.001	0.001	0.997	0.001
0.001	0.001	0.997	0.001
0.997	0.001	0.001	0.001
0.746	0.001	0.001	0.252
0.437	0.001	0.561	0.001
0.001	0.001	0.001	0.997
0.433	0.001	0.565	0.001
>TGTGGTTR	3-TGTGGTTR	6.273716	-493.582011	0	T:1962.0(65.07%),B:16886.3(36.91%),P:1e-214	Tpos:267.8,Tstd:193.3,Bpos:231.3,Bstd:149.3,StrandBias:-0.0,Multiplicity:1.39
0.181	0.038	0.002	0.779
0.001	0.001	0.909	0.089
0.091	0.158	0.001	0.750
0.001	0.062	0.936	0.001
0.001	0.001	0.997	0.001
0.001	0.207	0.179	0.613
0.133	0.001	0.154	0.712
0.378	0.076	0.373	0.173
>DGYGGTTT	4-DGYGGTTT	5.399991	-422.202024	0	T:1742.0(57.78%),B:14693.7(32.12%),P:1e-183	Tpos:270.5,Tstd:195.9,Bpos:233.0,Bstd:144.0,StrandBias:-0.1,Multiplicity:1.24
0.244	0.151	0.231	0.373
0.143	0.094	0.596	0.167
0.113	0.395	0.001	0.491
0.017	0.101	0.848	0.034
0.002	0.025	0.944	0.029
0.013	0.151	0.151	0.685
0.083	0.168	0.027	0.722
0.279	0.020	0.243	0.457
>ACAGGAAG	5-ACAGGAAG	7.177085	-419.449206	0	T:1330.0(44.11%),B:9481.5(20.73%),P:1e-182	Tpos:264.0,Tstd:186.2,Bpos:230.4,Bstd:137.6,StrandBias:0.0,Multiplicity:1.30
0.997	0.001	0.001	0.001
0.001	0.863	0.135	0.001
0.958	0.040	0.001	0.001
0.001	0.001	0.997	0.001
0.001	0.001	0.997	0.001
0.997	0.001	0.001	0.001
0.899	0.001	0.001	0.099
0.247	0.001	0.751	0.001
>AGGTGTGA	6-AGGTGTGA	7.254540	-192.894176	0	T:800.0(26.53%),B:6036.6(13.20%),P:1e-83	Tpos:270.4,Tstd:198.3,Bpos:232.0,Bstd:151.3,StrandBias:-0.0,Multiplicity:1.22
0.733	0.001	0.265	0.001
0.085	0.001	0.913	0.001
0.001	0.001	0.997	0.001
0.001	0.001	0.001	0.997
0.001	0.001	0.997	0.001
0.086	0.001	0.001	0.912
0.001	0.099	0.830	0.070
0.997	0.001	0.001	0.001
>GTGATAAC	7-GTGATAAC	6.046278	-135.079624	0	T:1269.0(42.09%),B:12927.0(28.26%),P:1e-58	Tpos:280.9,Tstd:217.5,Bpos:230.0,Bstd:144.9,StrandBias:-0.1,Multiplicity:1.30
0.056	0.057	0.886	0.001
0.001	0.001	0.001	0.997
0.001	0.001	0.997	0.001
0.664	0.145	0.039	0.152
0.110	0.056	0.316	0.518
0.931	0.001	0.001	0.067
0.952	0.001	0.001	0.046
0.326	0.497	0.176	0.001
>GCCGGAAG	8-GCCGGAAG	8.001394	-127.526252	0	T:743.0(24.64%),B:6334.1(13.85%),P:1e-55	Tpos:276.1,Tstd:206.8,Bpos:232.3,Bstd:133.6,StrandBias:0.1,Multiplicity:1.15
0.001	0.241	0.757	0.001
0.001	0.997	0.001	0.001
0.352	0.646	0.001	0.001
0.001	0.001	0.997	0.001
0.001	0.001	0.997	0.001
0.997	0.001	0.001	0.001
0.997	0.001	0.001	0.001
0.297	0.001	0.701	0.001
>GGGTGGRG	9-GGGTGGRG	7.348975	-112.590848	0	T:1106.0(36.68%),B:11237.1(24.56%),P:1e-48	Tpos:289.9,Tstd:216.6,Bpos:232.6,Bstd:137.5,StrandBias:0.0,Multiplicity:1.54
0.001	0.047	0.951	0.001
0.031	0.017	0.923	0.029
0.100	0.001	0.865	0.034
0.126	0.227	0.100	0.547
0.001	0.031	0.777	0.191
0.017	0.001	0.752	0.230
0.399	0.048	0.534	0.019
0.180	0.001	0.801	0.018
>ATGACTCA	10-ATGACTCA	7.351523	-63.896685	0	T:441.0(14.63%),B:3892.9(8.51%),P:1e-27	Tpos:294.2,Tstd:235.5,Bpos:228.5,Bstd:139.3,StrandBias:-0.0,Multiplicity:1.13
0.614	0.133	0.178	0.075
0.051	0.067	0.091	0.791
0.078	0.001	0.767	0.154
0.806	0.056	0.038	0.100
0.001	0.580	0.385	0.034
0.191	0.001	0.007	0.801
0.094	0.856	0.049	0.001
0.992	0.001	0.006	0.001
>AACTGAAA	11-AACTGAAA	6.708376	-50.103503	0	T:811.0(26.90%),B:8963.3(19.59%),P:1e-21	Tpos:285.1,Tstd:213.0,Bpos:232.6,Bstd:140.7,StrandBias:0.0,Multiplicity:1.24
0.997	0.001	0.001	0.001
0.997	0.001	0.001	0.001
0.109	0.736	0.154	0.001
0.135	0.014	0.043	0.808
0.001	0.001	0.997	0.001
0.817	0.071	0.001	0.111
0.997	0.001	0.001	0.001
0.916	0.082	0.001	0.001
>TGACGTCA	12-TGACGTCA	6.869832	-45.447822	0	T:438.0(14.53%),B:4252.5(9.30%),P:1e-19	Tpos:275.2,Tstd:181.3,Bpos:233.2,Bstd:140.3,StrandBias:-0.1,Multiplicity:1.09
0.001	0.007	0.013	0.979
0.033	0.092	0.874	0.001
0.966	0.032	0.001	0.001
0.001	0.997	0.001	0.001
0.111	0.198	0.690	0.001
0.066	0.001	0.001	0.932
0.043	0.955	0.001	0.001
0.961	0.001	0.001	0.037
>CTMCGGAA	13-CTMCGGAA	7.577229	-40.882554	0	T:168.0(5.57%),B:1213.4(2.65%),P:1e-17	Tpos:280.9,Tstd:173.8,Bpos:235.0,Bstd:141.7,StrandBias:0.1,Multiplicity:1.04
0.001	0.713	0.285	0.001
0.389	0.001	0.043	0.567
0.414	0.492	0.094	0.001
0.001	0.997	0.001	0.001
0.001	0.001	0.997	0.001
0.001	0.199	0.799	0.001
0.938	0.001	0.001	0.060
0.598	0.001	0.001	0.400
>GCGGAAGC	14-GCGGAAGC	7.995090	-26.432739	0	T:99.0(3.28%),B:692.9(1.51%),P:1e-11	Tpos:257.6,Tstd:185.0,Bpos:235.8,Bstd:139.8,StrandBias:0.4,Multiplicity:1.07
0.001	0.010	0.988	0.001
0.001	0.997	0.001	0.001
0.001	0.204	0.794	0.001
0.176	0.001	0.822	0.001
0.605	0.205	0.001	0.189
0.997	0.001	0.001	0.001
0.253	0.001	0.449	0.297
0.009	0.567	0.393	0.031
>CCCTATCG	15-CCCTATCG	7.552697	-23.845572	0	T:99.0(3.28%),B:726.0(1.59%),P:1e-10	Tpos:239.3,Tstd:183.3,Bpos:228.8,Bstd:140.6,StrandBias:-0.4,Multiplicity:1.05
0.108	0.881	0.010	0.001
0.157	0.841	0.001	0.001
0.051	0.919	0.029	0.001
0.001	0.001	0.001	0.997
0.965	0.033	0.001	0.001
0.001	0.001	0.075	0.923
0.112	0.678	0.001	0.209
0.060	0.001	0.873	0.066
>CTGGGCGT	16-CTGGGCGT	6.620736	-23.686561	0	T:75.0(2.49%),B:486.4(1.06%),P:1e-10	Tpos:231.0,Tstd:174.2,Bpos:233.9,Bstd:137.3,StrandBias:-0.4,Multiplicity:1.07
0.001	0.892	0.001	0.106
0.001	0.001	0.001	0.997
0.110	0.001	0.888	0.001
0.001	0.001	0.997	0.001
0.001	0.001	0.997	0.001
0.001	0.997	0.001	0.001
0.001	0.001	0.997	0.001
0.001	0.001	0.001	0.997
>AGCCGCAG	17-AGCCGCAG	8.236954	-21.127306	0	T:63.0(2.09%),B:398.7(0.87%),P:1e-9	Tpos:259.8,Tstd:194.8,Bpos:243.1,Bstd:143.0,StrandBias:-0.3,Multiplicity:1.07
0.700	0.100	0.100	0.100
0.100	0.100	0.700	0.100
0.100	0.700	0.100	0.100
0.100	0.700	0.100	0.100
0.100	0.100	0.700	0.100
0.100	0.700	0.100	0.100
0.700	0.100	0.100	0.100
0.100	0.100	0.700	0.100
>HTTTATAG	18-HTTTATAG	8.248304	-18.960136	0	T:216.0(7.16%),B:2187.7(4.78%),P:1e-8	Tpos:270.6,Tstd:197.6,Bpos:232.3,Bstd:136.2,StrandBias:0.0,Multiplicity:1.05
0.278	0.347	0.095	0.280
0.001	0.001	0.001	0.997
0.001	0.001	0.001	0.997
0.183	0.001	0.001	0.815
0.700	0.148	0.001	0.151
0.001	0.389	0.001	0.609
0.764	0.203	0.001	0.032
0.001	0.001	0.997	0.001
>GCCAATCA	19-GCCAATCA	8.236954	-13.394928	0	T:64.0(2.12%),B:508.8(1.11%),P:1e-5	Tpos:249.7,Tstd:191.2,Bpos:231.7,Bstd:137.0,StrandBias:-0.0,Multiplicity:1.03
0.100	0.100	0.700	0.100
0.100	0.700	0.100	0.100
0.100	0.700	0.100	0.100
0.700	0.100	0.100	0.100
0.700	0.100	0.100	0.100
0.100	0.100	0.100	0.700
0.100	0.700	0.100	0.100
0.700	0.100	0.100	0.100
>TGTTAGAG	20-TGTTAGAG	8.236954	-6.439572	0	T:59.0(1.96%),B:592.5(1.30%),P:1e-2	Tpos:297.0,Tstd:172.6,Bpos:230.3,Bstd:140.7,StrandBias:1.6,Multiplicity:1.67
0.100	0.100	0.100	0.700
0.100	0.100	0.700	0.100
0.100	0.100	0.100	0.700
0.100	0.100	0.100	0.700
0.700	0.100	0.100	0.100
0.100	0.100	0.700	0.100
0.700	0.100	0.100	0.100
0.100	0.100	0.700	0.100
>GTATGCCG	21-GTATGCCG	8.236954	-1.051583	0	T:5.0(0.17%),B:59.3(0.13%),P:1e0	Tpos:322.1,Tstd:202.2,Bpos:227.8,Bstd:151.9,StrandBias:-3.8,Multiplicity:5.80
0.100	0.100	0.700	0.100
0.100	0.100	0.100	0.700
0.700	0.100	0.100	0.100
0.100	0.100	0.100	0.700
0.100	0.100	0.700	0.100
0.100	0.700	0.100	0.100
0.100	0.700	0.100	0.100
0.100	0.100	0.700	0.100
