Factor1: 0.8666052668888751
Factor2: 1.1539279049041704
