>TGACTCATAA	1-TGACTCATAA	10.876044	-26.713500	0	T:11.0(10.58%),B:221.9(0.45%),P:1e-11	Tpos:192.7,Tstd:93.0,Bpos:170.8,Bstd:111.6,StrandBias:1.0,Multiplicity:1.09
0.001	0.001	0.001	0.997
0.001	0.001	0.997	0.001
0.997	0.001	0.001	0.001
0.001	0.997	0.001	0.001
0.001	0.001	0.001	0.997
0.169	0.829	0.001	0.001
0.997	0.001	0.001	0.001
0.001	0.116	0.310	0.573
0.873	0.001	0.001	0.125
0.865	0.001	0.133	0.001
>TCTGTTGTGG	2-TCTGTTGTGG	6.693726	-18.006240	0	T:41.0(39.42%),B:7957.3(16.31%),P:1e-7	Tpos:189.1,Tstd:153.7,Bpos:172.3,Bstd:106.8,StrandBias:-0.1,Multiplicity:1.20
0.081	0.026	0.104	0.789
0.169	0.727	0.103	0.001
0.023	0.062	0.001	0.914
0.102	0.060	0.809	0.029
0.107	0.151	0.150	0.592
0.001	0.001	0.077	0.921
0.108	0.056	0.804	0.032
0.086	0.107	0.052	0.755
0.002	0.053	0.913	0.032
0.088	0.047	0.789	0.076
>GAGGTAGATA	3-GAGGTAGATA	6.206258	-16.712832	0	T:10.0(9.62%),B:452.2(0.93%),P:1e-7	Tpos:155.4,Tstd:94.5,Bpos:176.9,Bstd:93.2,StrandBias:-0.6,Multiplicity:1.00
0.001	0.001	0.997	0.001
0.997	0.001	0.001	0.001
0.001	0.053	0.760	0.186
0.001	0.221	0.777	0.001
0.001	0.186	0.001	0.812
0.997	0.001	0.001	0.001
0.001	0.001	0.997	0.001
0.777	0.001	0.001	0.221
0.001	0.001	0.001	0.997
0.997	0.001	0.001	0.001
>GTTTTCCATT	4-GTTTTCCATT	9.298440	-14.934467	0	T:12.0(11.54%),B:855.6(1.75%),P:1e-6	Tpos:242.9,Tstd:155.4,Bpos:165.1,Bstd:102.0,StrandBias:-0.7,Multiplicity:1.08
0.206	0.001	0.694	0.099
0.001	0.147	0.116	0.736
0.001	0.001	0.206	0.792
0.001	0.164	0.001	0.834
0.001	0.369	0.001	0.629
0.001	0.962	0.001	0.036
0.001	0.857	0.001	0.141
0.686	0.100	0.102	0.112
0.001	0.138	0.001	0.860
0.172	0.001	0.001	0.826
>TGCACCTMCC	5-TGCACCTMCC	8.247264	-13.560582	0	T:17.0(16.35%),B:2013.1(4.13%),P:1e-5	Tpos:170.9,Tstd:121.3,Bpos:169.4,Bstd:104.0,StrandBias:-1.3,Multiplicity:1.00
0.046	0.079	0.001	0.874
0.001	0.001	0.605	0.393
0.001	0.997	0.001	0.001
0.986	0.001	0.001	0.012
0.001	0.835	0.163	0.001
0.198	0.648	0.001	0.153
0.001	0.045	0.001	0.953
0.481	0.416	0.001	0.101
0.285	0.713	0.001	0.001
0.001	0.870	0.128	0.001
