>TCAAAAAACTGT	1-TCAAAAAACTGT	14.640156	-23.449368	0	T:4.0(3.85%),B:4.0(0.01%),P:1e-10	Tpos:268.2,Tstd:98.8,Bpos:164.3,Bstd:62.0,StrandBias:1.6,Multiplicity:1.00
0.249	0.001	0.001	0.749
0.001	0.997	0.001	0.001
0.997	0.001	0.001	0.001
0.997	0.001	0.001	0.001
0.749	0.249	0.001	0.001
0.997	0.001	0.001	0.001
0.997	0.001	0.001	0.001
0.749	0.001	0.249	0.001
0.001	0.997	0.001	0.001
0.001	0.001	0.001	0.997
0.001	0.001	0.997	0.001
0.001	0.001	0.001	0.997
>GTTATGAGTCAT	2-GTTATGAGTCAT	8.089579	-21.656867	0	T:19.0(18.27%),B:1487.9(3.05%),P:1e-9	Tpos:166.1,Tstd:94.1,Bpos:166.2,Bstd:105.4,StrandBias:-1.5,Multiplicity:1.21
0.031	0.113	0.689	0.167
0.073	0.041	0.081	0.805
0.120	0.120	0.113	0.647
0.477	0.213	0.113	0.197
0.080	0.001	0.040	0.879
0.160	0.031	0.728	0.081
0.840	0.080	0.040	0.040
0.069	0.073	0.829	0.029
0.001	0.075	0.001	0.923
0.001	0.879	0.080	0.040
0.752	0.102	0.001	0.145
0.041	0.212	0.191	0.556
>GGGGGASAYCYG	3-GGGGGASAYCYG	7.162138	-20.435896	0	T:35.0(33.65%),B:5500.3(11.28%),P:1e-8	Tpos:196.2,Tstd:184.2,Bpos:171.7,Bstd:100.6,StrandBias:0.4,Multiplicity:1.06
0.001	0.001	0.883	0.115
0.106	0.001	0.769	0.124
0.001	0.001	0.997	0.001
0.001	0.001	0.897	0.101
0.001	0.346	0.652	0.001
0.902	0.001	0.096	0.001
0.209	0.326	0.464	0.001
0.638	0.138	0.108	0.116
0.001	0.347	0.195	0.457
0.001	0.775	0.223	0.001
0.001	0.485	0.001	0.513
0.238	0.123	0.638	0.001
>TGGAYMSAGTTA	4-TGGAYMSAGTTA	9.463725	-17.920605	0	T:5.0(4.81%),B:35.2(0.07%),P:1e-7	Tpos:63.6,Tstd:53.6,Bpos:155.8,Bstd:86.3,StrandBias:2.0,Multiplicity:1.00
0.001	0.001	0.001	0.997
0.037	0.001	0.925	0.037
0.001	0.001	0.997	0.001
0.997	0.001	0.001	0.001
0.001	0.536	0.001	0.462
0.462	0.536	0.001	0.001
0.001	0.463	0.463	0.074
0.997	0.001	0.001	0.001
0.001	0.001	0.997	0.001
0.001	0.001	0.001	0.997
0.001	0.001	0.001	0.997
0.997	0.001	0.001	0.001
>TGGTGGAGTTGG	5-TGGTGGAGTTGG	14.150742	-15.695231	0	T:4.0(3.85%),B:21.6(0.04%),P:1e-6	Tpos:172.2,Tstd:126.6,Bpos:151.4,Bstd:90.4,StrandBias:0.6,Multiplicity:1.25
0.001	0.001	0.001	0.997
0.001	0.001	0.997	0.001
0.001	0.001	0.789	0.209
0.001	0.001	0.001	0.997
0.001	0.001	0.997	0.001
0.001	0.001	0.997	0.001
0.997	0.001	0.001	0.001
0.001	0.001	0.997	0.001
0.183	0.001	0.001	0.815
0.001	0.235	0.001	0.763
0.001	0.001	0.824	0.174
0.001	0.001	0.997	0.001
