>TGACTCATAA	1-TGACTCATAA	10.876044	-26.713500	0	T:11.0(10.58%),B:221.9(0.45%),P:1e-11	Tpos:192.7,Tstd:93.0,Bpos:170.8,Bstd:111.6,StrandBias:1.0,Multiplicity:1.09
0.001	0.001	0.001	0.997
0.001	0.001	0.997	0.001
0.997	0.001	0.001	0.001
0.001	0.997	0.001	0.001
0.001	0.001	0.001	0.997
0.169	0.829	0.001	0.001
0.997	0.001	0.001	0.001
0.001	0.116	0.310	0.573
0.873	0.001	0.001	0.125
0.865	0.001	0.133	0.001
>TCTGTTGTGG	2-TCTGTTGTGG	6.693726	-18.006240	0	T:41.0(39.42%),B:7957.3(16.31%),P:1e-7	Tpos:189.1,Tstd:153.7,Bpos:172.3,Bstd:106.8,StrandBias:-0.1,Multiplicity:1.20
0.081	0.026	0.104	0.789
0.169	0.727	0.103	0.001
0.023	0.062	0.001	0.914
0.102	0.060	0.809	0.029
0.107	0.151	0.150	0.592
0.001	0.001	0.077	0.921
0.108	0.056	0.804	0.032
0.086	0.107	0.052	0.755
0.002	0.053	0.913	0.032
0.088	0.047	0.789	0.076
>GAGGTAGATA	3-GAGGTAGATA	6.206258	-16.712832	0	T:10.0(9.62%),B:452.2(0.93%),P:1e-7	Tpos:155.4,Tstd:94.5,Bpos:176.9,Bstd:93.2,StrandBias:-0.6,Multiplicity:1.00
0.001	0.001	0.997	0.001
0.997	0.001	0.001	0.001
0.001	0.053	0.760	0.186
0.001	0.221	0.777	0.001
0.001	0.186	0.001	0.812
0.997	0.001	0.001	0.001
0.001	0.001	0.997	0.001
0.777	0.001	0.001	0.221
0.001	0.001	0.001	0.997
0.997	0.001	0.001	0.001
>GTTTTCCATT	4-GTTTTCCATT	9.298440	-14.934467	0	T:12.0(11.54%),B:855.6(1.75%),P:1e-6	Tpos:242.9,Tstd:155.4,Bpos:165.1,Bstd:102.0,StrandBias:-0.7,Multiplicity:1.08
0.206	0.001	0.694	0.099
0.001	0.147	0.116	0.736
0.001	0.001	0.206	0.792
0.001	0.164	0.001	0.834
0.001	0.369	0.001	0.629
0.001	0.962	0.001	0.036
0.001	0.857	0.001	0.141
0.686	0.100	0.102	0.112
0.001	0.138	0.001	0.860
0.172	0.001	0.001	0.826
>TGCACCTMCC	5-TGCACCTMCC	8.247264	-13.560582	0	T:17.0(16.35%),B:2013.1(4.13%),P:1e-5	Tpos:170.9,Tstd:121.3,Bpos:169.4,Bstd:104.0,StrandBias:-1.3,Multiplicity:1.00
0.046	0.079	0.001	0.874
0.001	0.001	0.605	0.393
0.001	0.997	0.001	0.001
0.986	0.001	0.001	0.012
0.001	0.835	0.163	0.001
0.198	0.648	0.001	0.153
0.001	0.045	0.001	0.953
0.481	0.416	0.001	0.101
0.285	0.713	0.001	0.001
0.001	0.870	0.128	0.001
>TCAAAAAACTGT	1-TCAAAAAACTGT	14.640156	-23.449368	0	T:4.0(3.85%),B:4.0(0.01%),P:1e-10	Tpos:268.2,Tstd:98.8,Bpos:164.3,Bstd:62.0,StrandBias:1.6,Multiplicity:1.00
0.249	0.001	0.001	0.749
0.001	0.997	0.001	0.001
0.997	0.001	0.001	0.001
0.997	0.001	0.001	0.001
0.749	0.249	0.001	0.001
0.997	0.001	0.001	0.001
0.997	0.001	0.001	0.001
0.749	0.001	0.249	0.001
0.001	0.997	0.001	0.001
0.001	0.001	0.001	0.997
0.001	0.001	0.997	0.001
0.001	0.001	0.001	0.997
>GTTATGAGTCAT	2-GTTATGAGTCAT	8.089579	-21.656867	0	T:19.0(18.27%),B:1487.9(3.05%),P:1e-9	Tpos:166.1,Tstd:94.1,Bpos:166.2,Bstd:105.4,StrandBias:-1.5,Multiplicity:1.21
0.031	0.113	0.689	0.167
0.073	0.041	0.081	0.805
0.120	0.120	0.113	0.647
0.477	0.213	0.113	0.197
0.080	0.001	0.040	0.879
0.160	0.031	0.728	0.081
0.840	0.080	0.040	0.040
0.069	0.073	0.829	0.029
0.001	0.075	0.001	0.923
0.001	0.879	0.080	0.040
0.752	0.102	0.001	0.145
0.041	0.212	0.191	0.556
>GGGGGASAYCYG	3-GGGGGASAYCYG	7.162138	-20.435896	0	T:35.0(33.65%),B:5500.3(11.28%),P:1e-8	Tpos:196.2,Tstd:184.2,Bpos:171.7,Bstd:100.6,StrandBias:0.4,Multiplicity:1.06
0.001	0.001	0.883	0.115
0.106	0.001	0.769	0.124
0.001	0.001	0.997	0.001
0.001	0.001	0.897	0.101
0.001	0.346	0.652	0.001
0.902	0.001	0.096	0.001
0.209	0.326	0.464	0.001
0.638	0.138	0.108	0.116
0.001	0.347	0.195	0.457
0.001	0.775	0.223	0.001
0.001	0.485	0.001	0.513
0.238	0.123	0.638	0.001
>TGGAYMSAGTTA	4-TGGAYMSAGTTA	9.463725	-17.920605	0	T:5.0(4.81%),B:35.2(0.07%),P:1e-7	Tpos:63.6,Tstd:53.6,Bpos:155.8,Bstd:86.3,StrandBias:2.0,Multiplicity:1.00
0.001	0.001	0.001	0.997
0.037	0.001	0.925	0.037
0.001	0.001	0.997	0.001
0.997	0.001	0.001	0.001
0.001	0.536	0.001	0.462
0.462	0.536	0.001	0.001
0.001	0.463	0.463	0.074
0.997	0.001	0.001	0.001
0.001	0.001	0.997	0.001
0.001	0.001	0.001	0.997
0.001	0.001	0.001	0.997
0.997	0.001	0.001	0.001
>TGGTGGAGTTGG	5-TGGTGGAGTTGG	14.150742	-15.695231	0	T:4.0(3.85%),B:21.6(0.04%),P:1e-6	Tpos:172.2,Tstd:126.6,Bpos:151.4,Bstd:90.4,StrandBias:0.6,Multiplicity:1.25
0.001	0.001	0.001	0.997
0.001	0.001	0.997	0.001
0.001	0.001	0.789	0.209
0.001	0.001	0.001	0.997
0.001	0.001	0.997	0.001
0.001	0.001	0.997	0.001
0.997	0.001	0.001	0.001
0.001	0.001	0.997	0.001
0.183	0.001	0.001	0.815
0.001	0.235	0.001	0.763
0.001	0.001	0.824	0.174
0.001	0.001	0.997	0.001
>TGAGTCAT	1-TGAGTCAT	7.664205	-27.755909	0	T:25.0(24.04%),B:2028.8(4.16%),P:1e-12	Tpos:197.9,Tstd:98.7,Bpos:168.4,Bstd:104.9,StrandBias:0.0,Multiplicity:1.08
0.001	0.001	0.001	0.997
0.051	0.001	0.848	0.100
0.997	0.001	0.001	0.001
0.051	0.239	0.709	0.001
0.001	0.001	0.001	0.997
0.061	0.937	0.001	0.001
0.997	0.001	0.001	0.001
0.114	0.039	0.035	0.812
>CATCGTAA	2-CATCGTAA	6.998126	-18.845852	0	T:17.0(16.35%),B:1384.7(2.84%),P:1e-8	Tpos:227.6,Tstd:164.2,Bpos:171.4,Bstd:106.5,StrandBias:0.2,Multiplicity:1.00
0.001	0.997	0.001	0.001
0.997	0.001	0.001	0.001
0.187	0.001	0.001	0.811
0.001	0.856	0.142	0.001
0.185	0.001	0.813	0.001
0.143	0.084	0.146	0.627
0.887	0.001	0.111	0.001
0.997	0.001	0.001	0.001
>CACCACAA	3-CACCACAA	7.435400	-16.824332	0	T:32.0(30.77%),B:5404.8(11.08%),P:1e-7	Tpos:248.8,Tstd:190.7,Bpos:171.9,Bstd:108.0,StrandBias:0.0,Multiplicity:1.25
0.063	0.817	0.080	0.040
0.980	0.018	0.001	0.001
0.001	0.961	0.014	0.024
0.001	0.997	0.001	0.001
0.764	0.210	0.001	0.025
0.066	0.790	0.143	0.001
0.891	0.038	0.070	0.001
0.813	0.026	0.160	0.001
>GTGCTTTG	4-GTGCTTTG	8.093806	-12.098995	0	T:14.0(13.46%),B:1545.0(3.17%),P:1e-5	Tpos:186.8,Tstd:80.7,Bpos:175.2,Bstd:103.0,StrandBias:0.4,Multiplicity:1.14
0.001	0.001	0.997	0.001
0.001	0.001	0.001	0.997
0.054	0.001	0.944	0.001
0.001	0.997	0.001	0.001
0.056	0.001	0.001	0.942
0.001	0.001	0.001	0.997
0.001	0.001	0.001	0.997
0.001	0.001	0.997	0.001
>GCGGAAGT	5-GCGGAAGT	6.508182	-8.125097	0	T:25.0(24.04%),B:5664.1(11.61%),P:1e-3	Tpos:204.2,Tstd:118.6,Bpos:171.2,Bstd:105.8,StrandBias:0.4,Multiplicity:1.32
0.081	0.116	0.708	0.095
0.092	0.668	0.164	0.076
0.076	0.001	0.918	0.005
0.001	0.297	0.701	0.001
0.960	0.001	0.038	0.001
0.997	0.001	0.001	0.001
0.001	0.235	0.763	0.001
0.048	0.125	0.038	0.789
