>GGTTCCMA	1-GGTTCCMA	7.434813	-17.251107	0	T:72.0(31.30%),B:8273.4(16.64%),P:1e-7	Tpos:350.4,Tstd:354.7,Bpos:216.1,Bstd:125.2,StrandBias:0.1,Multiplicity:1.28
0.339	0.001	0.659	0.001
0.054	0.326	0.619	0.001
0.001	0.001	0.001	0.997
0.001	0.042	0.001	0.956
0.001	0.953	0.001	0.045
0.001	0.997	0.001	0.001
0.489	0.367	0.001	0.142
0.612	0.020	0.006	0.362
>AAGAATTC	2-AAGAATTC	7.962720	-14.690887	0	T:42.0(18.26%),B:3972.1(7.99%),P:1e-6	Tpos:365.6,Tstd:243.8,Bpos:216.6,Bstd:124.9,StrandBias:0.7,Multiplicity:1.14
0.997	0.001	0.001	0.001
0.961	0.001	0.001	0.037
0.159	0.193	0.647	0.001
0.906	0.092	0.001	0.001
0.875	0.087	0.037	0.001
0.001	0.001	0.001	0.997
0.001	0.104	0.001	0.894
0.099	0.860	0.040	0.001
>CACCTCAW	3-CACCTCAW	6.337533	-14.485606	0	T:89.0(38.70%),B:11929.6(23.99%),P:1e-6	Tpos:323.7,Tstd:292.9,Bpos:217.3,Bstd:125.8,StrandBias:0.0,Multiplicity:1.41
0.001	0.988	0.010	0.001
0.624	0.184	0.001	0.191
0.001	0.880	0.118	0.001
0.015	0.817	0.001	0.167
0.001	0.001	0.321	0.677
0.001	0.706	0.292	0.001
0.984	0.001	0.001	0.014
0.296	0.104	0.196	0.403
>CATTAGCA	4-CATTAGCA	8.715645	-12.712899	0	T:25.0(10.87%),B:1892.4(3.81%),P:1e-5	Tpos:272.5,Tstd:223.1,Bpos:214.6,Bstd:123.4,StrandBias:0.3,Multiplicity:1.08
0.167	0.831	0.001	0.001
0.997	0.001	0.001	0.001
0.001	0.114	0.001	0.884
0.001	0.001	0.001	0.997
0.997	0.001	0.001	0.001
0.001	0.001	0.997	0.001
0.001	0.997	0.001	0.001
0.997	0.001	0.001	0.001
>CCCACAAC	5-CCCACAAC	8.236954	-9.082136	0	T:10.0(4.35%),B:490.0(0.99%),P:1e-3	Tpos:319.9,Tstd:253.2,Bpos:222.7,Bstd:125.9,StrandBias:0.6,Multiplicity:1.00
0.100	0.700	0.100	0.100
0.100	0.700	0.100	0.100
0.100	0.700	0.100	0.100
0.700	0.100	0.100	0.100
0.100	0.700	0.100	0.100
0.700	0.100	0.100	0.100
0.700	0.100	0.100	0.100
0.100	0.700	0.100	0.100
