>TYGTATGAGCTC	1-TYGTATGAGCTC	9.926850	-27.713407	0	T:15.0(6.52%),B:241.4(0.49%),P:1e-12	Tpos:313.8,Tstd:191.7,Bpos:208.7,Bstd:126.4,StrandBias:1.5,Multiplicity:1.00
0.001	0.333	0.001	0.665
0.001	0.366	0.168	0.464
0.063	0.148	0.493	0.296
0.001	0.063	0.059	0.877
0.795	0.052	0.152	0.001
0.001	0.001	0.073	0.925
0.253	0.001	0.588	0.158
0.915	0.001	0.083	0.001
0.232	0.007	0.760	0.001
0.001	0.936	0.001	0.062
0.001	0.001	0.083	0.915
0.074	0.774	0.084	0.068
>ACTGGTCAGTCC	2-ACTGGTCAGTCC	10.539455	-24.681008	0	T:12.0(5.22%),B:158.1(0.32%),P:1e-10	Tpos:181.5,Tstd:105.9,Bpos:192.6,Bstd:121.2,StrandBias:1.5,Multiplicity:1.17
0.880	0.001	0.001	0.118
0.001	0.997	0.001	0.001
0.001	0.001	0.001	0.997
0.001	0.001	0.890	0.108
0.001	0.082	0.662	0.255
0.118	0.001	0.001	0.880
0.001	0.499	0.255	0.245
0.863	0.001	0.001	0.135
0.001	0.001	0.863	0.135
0.136	0.218	0.001	0.645
0.001	0.863	0.135	0.001
0.024	0.974	0.001	0.001
>AAATGTAATGAA	3-AAATGTAATGAA	13.406133	-24.112248	0	T:10.0(4.35%),B:93.4(0.19%),P:1e-10	Tpos:358.3,Tstd:211.1,Bpos:233.8,Bstd:121.7,StrandBias:0.0,Multiplicity:1.00
0.997	0.001	0.001	0.001
0.997	0.001	0.001	0.001
0.829	0.001	0.001	0.169
0.001	0.001	0.218	0.780
0.107	0.001	0.891	0.001
0.089	0.001	0.001	0.909
0.876	0.001	0.001	0.122
0.997	0.001	0.001	0.001
0.001	0.001	0.001	0.997
0.001	0.146	0.852	0.001
0.856	0.001	0.001	0.142
0.997	0.001	0.001	0.001
>CCTGNATGCTKM	4-CCTGNATGCTKM	11.270936	-23.561820	0	T:13.0(5.65%),B:220.5(0.44%),P:1e-10	Tpos:232.2,Tstd:121.7,Bpos:218.0,Bstd:116.8,StrandBias:0.7,Multiplicity:1.00
0.001	0.997	0.001	0.001
0.218	0.780	0.001	0.001
0.217	0.001	0.001	0.781
0.001	0.001	0.997	0.001
0.258	0.250	0.200	0.292
0.815	0.182	0.001	0.002
0.001	0.001	0.001	0.997
0.017	0.001	0.981	0.001
0.001	0.997	0.001	0.001
0.217	0.001	0.001	0.781
0.001	0.017	0.508	0.474
0.439	0.291	0.001	0.269
>TATACTACACTA	5-TATACTACACTA	13.909042	-21.345023	0	T:5.0(2.17%),B:8.9(0.02%),P:1e-9	Tpos:169.4,Tstd:89.9,Bpos:266.3,Bstd:101.9,StrandBias:2.0,Multiplicity:1.00
0.001	0.001	0.001	0.997
0.997	0.001	0.001	0.001
0.001	0.001	0.001	0.997
0.655	0.001	0.001	0.343
0.001	0.693	0.001	0.305
0.001	0.001	0.001	0.997
0.718	0.280	0.001	0.001
0.001	0.718	0.001	0.280
0.649	0.001	0.349	0.001
0.001	0.997	0.001	0.001
0.001	0.001	0.001	0.997
0.997	0.001	0.001	0.001
>GTTAVTGGGCTA	6-GTTAVTGGGCTA	15.502869	-20.325386	0	T:4.0(1.74%),B:3.6(0.01%),P:1e-8	Tpos:155.5,Tstd:54.8,Bpos:133.0,Bstd:67.9,StrandBias:1.6,Multiplicity:1.00
0.001	0.001	0.997	0.001
0.001	0.001	0.001	0.997
0.001	0.001	0.001	0.997
0.997	0.001	0.001	0.001
0.333	0.333	0.333	0.001
0.001	0.001	0.001	0.997
0.001	0.001	0.997	0.001
0.001	0.001	0.997	0.001
0.001	0.001	0.997	0.001
0.001	0.997	0.001	0.001
0.001	0.001	0.001	0.997
0.997	0.001	0.001	0.001
>GACAKAGCAAAG	7-GACAKAGCAAAG	14.349154	-19.332767	0	T:5.0(2.17%),B:12.9(0.03%),P:1e-8	Tpos:127.0,Tstd:66.9,Bpos:178.0,Bstd:135.4,StrandBias:2.0,Multiplicity:1.00
0.001	0.001	0.997	0.001
0.997	0.001	0.001	0.001
0.001	0.997	0.001	0.001
0.997	0.001	0.001	0.001
0.001	0.001	0.463	0.535
0.997	0.001	0.001	0.001
0.001	0.001	0.997	0.001
0.001	0.997	0.001	0.001
0.997	0.001	0.001	0.001
0.731	0.001	0.267	0.001
0.997	0.001	0.001	0.001
0.001	0.001	0.731	0.267
>TCCCMTACWCTC	8-TCCCMTACWCTC	14.986223	-18.289351	0	T:4.0(1.74%),B:6.0(0.01%),P:1e-7	Tpos:106.8,Tstd:86.0,Bpos:266.4,Bstd:167.5,StrandBias:0.0,Multiplicity:1.00
0.001	0.001	0.052	0.946
0.001	0.997	0.001	0.001
0.001	0.997	0.001	0.001
0.001	0.997	0.001	0.001
0.458	0.512	0.001	0.029
0.001	0.053	0.001	0.945
0.980	0.001	0.001	0.018
0.001	0.979	0.001	0.019
0.458	0.001	0.001	0.540
0.001	0.970	0.001	0.028
0.001	0.001	0.001	0.997
0.001	0.997	0.001	0.001
>TGATATTTGTTT	9-TGATATTTGTTT	10.012222	-14.000238	0	T:10.0(4.35%),B:275.4(0.55%),P:1e-6	Tpos:223.6,Tstd:210.7,Bpos:216.0,Bstd:127.4,StrandBias:1.6,Multiplicity:1.20
0.153	0.010	0.057	0.780
0.186	0.116	0.456	0.242
0.595	0.101	0.161	0.143
0.153	0.096	0.128	0.623
0.590	0.056	0.142	0.212
0.119	0.071	0.067	0.743
0.133	0.158	0.112	0.597
0.053	0.009	0.023	0.915
0.161	0.119	0.473	0.248
0.142	0.125	0.035	0.698
0.109	0.118	0.043	0.730
0.107	0.061	0.048	0.784
>CCHTRTCTGATA	10-CCHTRTCTGATA	12.961714	-10.196112	0	T:4.0(1.74%),B:39.5(0.08%),P:1e-4	Tpos:143.7,Tstd:68.8,Bpos:198.2,Bstd:114.6,StrandBias:1.0,Multiplicity:1.50
0.001	0.997	0.001	0.001
0.001	0.997	0.001	0.001
0.373	0.380	0.001	0.246
0.001	0.001	0.001	0.997
0.304	0.001	0.448	0.246
0.001	0.001	0.001	0.997
0.001	0.997	0.001	0.001
0.379	0.001	0.001	0.619
0.001	0.001	0.997	0.001
0.997	0.001	0.001	0.001
0.001	0.304	0.001	0.694
0.997	0.001	0.001	0.001
>AAAGAACTAGGT	11-AAAGAACTAGGT	12.355432	-4.687618	0	T:1.0(0.43%),B:2.2(0.00%),P:1e-2	Tpos:107.0,Tstd:25.3,Bpos:209.2,Bstd:188.3,StrandBias:10.0,Multiplicity:3.00
0.700	0.100	0.100	0.100
0.700	0.100	0.100	0.100
0.700	0.100	0.100	0.100
0.100	0.100	0.700	0.100
0.700	0.100	0.100	0.100
0.700	0.100	0.100	0.100
0.100	0.700	0.100	0.100
0.100	0.100	0.100	0.700
0.700	0.100	0.100	0.100
0.100	0.100	0.700	0.100
0.100	0.100	0.700	0.100
0.100	0.100	0.100	0.700
