Factor1: 1.0299459085320133
Factor2: 0.9709247754819511
