Factor1: 0.7943527616639221
Factor2: 1.2588865404147545
