Factor1: 1.041057430548519
Factor2: 0.9605618005849234
