Factor1: 0.9279909225325647
Factor2: 1.0775967476825266
