>AAGAATTC	1-AAGAATTC	7.798894	-16.020935	0	T:47.0(20.43%),B:4508.3(9.07%),P:1e-6	Tpos:330.7,Tstd:247.4,Bpos:217.0,Bstd:123.6,StrandBias:0.6,Multiplicity:1.19
0.960	0.011	0.010	0.019
0.952	0.001	0.001	0.046
0.135	0.152	0.712	0.001
0.880	0.102	0.015	0.003
0.886	0.061	0.041	0.012
0.012	0.054	0.001	0.933
0.007	0.089	0.001	0.903
0.085	0.883	0.031	0.001
>CTGGTGAG	2-CTGGTGAG	7.184338	-14.588024	0	T:61.0(26.52%),B:6970.1(14.02%),P:1e-6	Tpos:332.6,Tstd:268.6,Bpos:218.1,Bstd:126.1,StrandBias:0.1,Multiplicity:1.26
0.001	0.706	0.011	0.282
0.180	0.001	0.001	0.818
0.001	0.001	0.997	0.001
0.001	0.001	0.659	0.339
0.001	0.001	0.104	0.894
0.001	0.116	0.882	0.001
0.997	0.001	0.001	0.001
0.001	0.001	0.997	0.001
>CATTAGCA	3-CATTAGCA	8.622633	-12.871119	0	T:25.0(10.87%),B:1875.4(3.77%),P:1e-5	Tpos:272.5,Tstd:223.1,Bpos:215.3,Bstd:122.0,StrandBias:0.3,Multiplicity:1.08
0.168	0.830	0.001	0.001
0.997	0.001	0.001	0.001
0.001	0.104	0.001	0.894
0.001	0.001	0.001	0.997
0.997	0.001	0.001	0.001
0.001	0.001	0.997	0.001
0.001	0.997	0.001	0.001
0.997	0.001	0.001	0.001
>GGTTCCAA	4-GGTTCCAA	6.355171	-12.739708	0	T:72.0(31.30%),B:9284.3(18.67%),P:1e-5	Tpos:329.7,Tstd:304.6,Bpos:217.7,Bstd:126.1,StrandBias:0.2,Multiplicity:1.29
0.188	0.001	0.773	0.038
0.171	0.208	0.559	0.062
0.004	0.049	0.023	0.924
0.141	0.096	0.035	0.728
0.045	0.820	0.073	0.062
0.006	0.904	0.001	0.089
0.664	0.257	0.003	0.076
0.652	0.061	0.111	0.176
>CCCACAAC	5-CCCACAAC	8.236954	-8.731133	0	T:10.0(4.35%),B:512.7(1.03%),P:1e-3	Tpos:319.9,Tstd:253.2,Bpos:215.8,Bstd:126.9,StrandBias:0.6,Multiplicity:1.00
0.100	0.700	0.100	0.100
0.100	0.700	0.100	0.100
0.100	0.700	0.100	0.100
0.700	0.100	0.100	0.100
0.100	0.700	0.100	0.100
0.700	0.100	0.100	0.100
0.700	0.100	0.100	0.100
0.100	0.700	0.100	0.100
