Factor1: 0.9698492139274437
Factor2: 1.031088117245009
