Factor1: 1.0180085315956857
Factor2: 0.9823100386325286
