Factor1: 1.0706469401896035
Factor2: 0.9340147180758821
