>NNWAACCACA	1-NNWAACCACA	6.525790	-664.434302	0	T:1729.0(68.83%),B:15355.7(33.28%),P:1e-288	Tpos:262.4,Tstd:177.2,Bpos:228.5,Bstd:146.5,StrandBias:-0.1,Multiplicity:1.71
0.261	0.235	0.254	0.251
0.243	0.272	0.224	0.261
0.437	0.092	0.094	0.376
0.609	0.101	0.093	0.197
0.748	0.129	0.122	0.001
0.001	0.997	0.001	0.001
0.001	0.997	0.001	0.001
0.781	0.001	0.001	0.217
0.001	0.997	0.001	0.001
0.709	0.130	0.054	0.107
>YCGGCCRCAG	2-YCGGCCRCAG	5.938410	-398.268198	0	T:1523.0(60.63%),B:15316.9(33.19%),P:1e-172	Tpos:255.2,Tstd:179.9,Bpos:227.9,Bstd:143.4,StrandBias:0.1,Multiplicity:1.27
0.194	0.327	0.134	0.345
0.184	0.479	0.144	0.193
0.320	0.001	0.505	0.174
0.306	0.058	0.635	0.001
0.001	0.997	0.001	0.001
0.001	0.997	0.001	0.001
0.554	0.001	0.444	0.001
0.001	0.997	0.001	0.001
0.997	0.001	0.001	0.001
0.368	0.035	0.596	0.001
>ACAGGAAGTG	3-ACAGGAAGTG	7.639840	-338.009129	0	T:867.0(34.51%),B:6457.8(14.00%),P:1e-146	Tpos:267.7,Tstd:192.0,Bpos:228.9,Bstd:138.7,StrandBias:0.0,Multiplicity:1.23
0.623	0.055	0.258	0.064
0.097	0.655	0.228	0.020
0.866	0.043	0.081	0.010
0.009	0.013	0.959	0.019
0.015	0.023	0.929	0.033
0.957	0.017	0.014	0.012
0.861	0.029	0.021	0.089
0.203	0.021	0.756	0.020
0.060	0.144	0.080	0.716
0.127	0.119	0.683	0.071
>TKTCACACCT	4-TKTCACACCT	6.842755	-204.883403	0	T:846.0(33.68%),B:7896.9(17.11%),P:1e-88	Tpos:263.9,Tstd:196.1,Bpos:228.6,Bstd:147.9,StrandBias:0.1,Multiplicity:1.27
0.200	0.184	0.214	0.403
0.164	0.160	0.279	0.398
0.016	0.114	0.035	0.835
0.141	0.596	0.202	0.061
0.701	0.014	0.117	0.168
0.023	0.948	0.003	0.026
0.860	0.028	0.101	0.011
0.019	0.908	0.072	0.001
0.060	0.700	0.056	0.184
0.059	0.184	0.052	0.705
>AGGATGTGGG	5-AGGATGTGGG	10.893390	-185.439919	0	T:147.0(5.85%),B:333.3(0.72%),P:1e-80	Tpos:237.5,Tstd:146.6,Bpos:220.3,Bstd:140.3,StrandBias:-0.5,Multiplicity:1.05
0.926	0.072	0.001	0.001
0.001	0.001	0.997	0.001
0.001	0.001	0.997	0.001
0.997	0.001	0.001	0.001
0.001	0.001	0.001	0.997
0.001	0.001	0.997	0.001
0.001	0.001	0.001	0.997
0.001	0.001	0.913	0.085
0.001	0.001	0.997	0.001
0.001	0.132	0.805	0.062
>NGTGGTTAVS	6-NGTGGTTAVS	6.136923	-183.760745	0	T:589.0(23.45%),B:4746.3(10.29%),P:1e-79	Tpos:259.4,Tstd:194.3,Bpos:223.3,Bstd:143.5,StrandBias:-0.1,Multiplicity:1.07
0.320	0.266	0.243	0.171
0.178	0.129	0.522	0.171
0.028	0.062	0.332	0.578
0.022	0.062	0.854	0.062
0.028	0.049	0.872	0.051
0.022	0.063	0.080	0.835
0.164	0.046	0.169	0.621
0.486	0.095	0.250	0.169
0.244	0.316	0.386	0.054
0.194	0.369	0.231	0.206
>TTGCGGTTTC	7-TTGCGGTTTC	6.508394	-143.174272	0	T:681.0(27.11%),B:6588.9(14.28%),P:1e-62	Tpos:264.8,Tstd:196.4,Bpos:230.1,Bstd:139.7,StrandBias:-0.0,Multiplicity:1.15
0.048	0.068	0.060	0.824
0.037	0.065	0.114	0.784
0.066	0.111	0.703	0.120
0.054	0.813	0.073	0.060
0.065	0.079	0.736	0.120
0.066	0.066	0.824	0.044
0.027	0.083	0.025	0.865
0.032	0.026	0.040	0.902
0.103	0.080	0.065	0.752
0.037	0.804	0.084	0.075
>RCCMCACCCN	8-RCCMCACCCN	6.244016	-122.420608	0	T:892.0(35.51%),B:10149.1(22.00%),P:1e-53	Tpos:256.3,Tstd:187.3,Bpos:227.3,Bstd:141.6,StrandBias:0.0,Multiplicity:1.31
0.363	0.087	0.385	0.165
0.219	0.624	0.035	0.122
0.159	0.535	0.139	0.167
0.357	0.408	0.092	0.143
0.202	0.652	0.001	0.145
0.558	0.029	0.240	0.173
0.002	0.746	0.242	0.010
0.218	0.716	0.004	0.062
0.026	0.755	0.037	0.182
0.262	0.221	0.230	0.287
>CGGTTTCCTG	9-CGGTTTCCTG	8.012839	-116.620403	0	T:545.0(21.70%),B:5162.8(11.19%),P:1e-50	Tpos:262.5,Tstd:177.0,Bpos:225.8,Bstd:138.2,StrandBias:-0.1,Multiplicity:1.10
0.075	0.560	0.049	0.316
0.074	0.118	0.500	0.308
0.067	0.100	0.810	0.023
0.001	0.414	0.001	0.584
0.001	0.001	0.001	0.997
0.118	0.013	0.001	0.868
0.029	0.969	0.001	0.001
0.024	0.928	0.024	0.024
0.001	0.001	0.171	0.827
0.060	0.269	0.663	0.008
>GTTTCAGTTT	10-GTTTCAGTTT	8.743010	-100.099782	0	T:228.0(9.08%),B:1455.3(3.15%),P:1e-43	Tpos:247.1,Tstd:156.8,Bpos:224.6,Bstd:144.8,StrandBias:-0.1,Multiplicity:1.06
0.001	0.068	0.898	0.033
0.001	0.042	0.018	0.939
0.001	0.001	0.039	0.959
0.001	0.001	0.001	0.997
0.001	0.997	0.001	0.001
0.896	0.001	0.001	0.102
0.001	0.132	0.792	0.075
0.001	0.018	0.034	0.947
0.001	0.013	0.001	0.985
0.055	0.032	0.023	0.890
>TATGACTCAT	11-TATGACTCAT	7.387703	-80.518744	0	T:370.0(14.73%),B:3427.9(7.43%),P:1e-34	Tpos:279.1,Tstd:222.6,Bpos:227.8,Bstd:139.8,StrandBias:0.1,Multiplicity:1.10
0.268	0.026	0.230	0.475
0.610	0.137	0.116	0.137
0.022	0.018	0.001	0.959
0.009	0.001	0.975	0.015
0.941	0.001	0.016	0.042
0.034	0.600	0.262	0.104
0.062	0.001	0.028	0.909
0.019	0.931	0.049	0.001
0.918	0.004	0.005	0.073
0.017	0.130	0.165	0.688
>CACCWCAGGA	12-CACCWCAGGA	8.559866	-68.364270	0	T:214.0(8.52%),B:1645.0(3.56%),P:1e-29	Tpos:269.8,Tstd:196.0,Bpos:229.3,Bstd:145.8,StrandBias:-0.2,Multiplicity:1.05
0.001	0.997	0.001	0.001
0.997	0.001	0.001	0.001
0.001	0.983	0.015	0.001
0.001	0.958	0.033	0.008
0.423	0.001	0.192	0.384
0.001	0.997	0.001	0.001
0.946	0.001	0.052	0.001
0.225	0.001	0.649	0.125
0.200	0.018	0.652	0.130
0.820	0.151	0.028	0.001
>NCGGHTAMMA	13-NCGGHTAMMA	6.757497	-66.427881	0	T:117.0(4.66%),B:621.2(1.35%),P:1e-28	Tpos:269.1,Tstd:188.4,Bpos:240.7,Bstd:146.8,StrandBias:-0.2,Multiplicity:1.02
0.267	0.221	0.330	0.182
0.017	0.651	0.044	0.288
0.055	0.298	0.603	0.044
0.237	0.085	0.651	0.027
0.267	0.288	0.030	0.415
0.203	0.026	0.037	0.734
0.896	0.035	0.026	0.043
0.428	0.288	0.114	0.170
0.457	0.469	0.048	0.027
0.603	0.057	0.025	0.315
>VGTGGTTTCR	14-VGTGGTTTCR	7.357392	-48.596301	0	T:118.0(4.70%),B:785.1(1.70%),P:1e-21	Tpos:245.6,Tstd:179.7,Bpos:224.8,Bstd:143.5,StrandBias:0.4,Multiplicity:1.00
0.381	0.243	0.335	0.041
0.149	0.192	0.467	0.193
0.067	0.281	0.084	0.568
0.131	0.045	0.616	0.208
0.150	0.237	0.575	0.038
0.043	0.063	0.066	0.828
0.261	0.001	0.045	0.693
0.052	0.058	0.016	0.874
0.049	0.751	0.021	0.179
0.306	0.114	0.432	0.149
>TTACTTTCAA	15-TTACTTTCAA	8.777718	-40.362109	0	T:117.0(4.66%),B:865.4(1.88%),P:1e-17	Tpos:246.6,Tstd:174.1,Bpos:226.8,Bstd:137.8,StrandBias:-0.1,Multiplicity:1.02
0.001	0.045	0.010	0.944
0.053	0.030	0.026	0.891
0.852	0.001	0.071	0.076
0.044	0.926	0.029	0.001
0.004	0.029	0.001	0.966
0.016	0.004	0.001	0.979
0.056	0.001	0.022	0.921
0.129	0.869	0.001	0.001
0.856	0.010	0.037	0.097
0.802	0.005	0.066	0.127
>SCGTTTCCTT	16-SCGTTTCCTT	7.884721	-39.688662	0	T:271.0(10.79%),B:2882.2(6.25%),P:1e-17	Tpos:267.7,Tstd:157.1,Bpos:231.0,Bstd:139.4,StrandBias:-0.3,Multiplicity:1.05
0.012	0.362	0.416	0.210
0.066	0.640	0.031	0.263
0.213	0.032	0.705	0.050
0.032	0.018	0.032	0.918
0.001	0.028	0.002	0.969
0.032	0.001	0.045	0.922
0.005	0.867	0.113	0.015
0.027	0.911	0.027	0.035
0.086	0.053	0.254	0.607
0.055	0.312	0.014	0.619
>ATACTTATCA	17-ATACTTATCA	7.475667	-37.931252	0	T:203.0(8.08%),B:1982.5(4.30%),P:1e-16	Tpos:271.2,Tstd:197.8,Bpos:229.1,Bstd:135.3,StrandBias:-0.0,Multiplicity:1.07
0.461	0.290	0.001	0.248
0.229	0.180	0.164	0.427
0.484	0.207	0.006	0.303
0.066	0.828	0.001	0.105
0.025	0.023	0.189	0.763
0.001	0.001	0.001	0.997
0.904	0.002	0.081	0.013
0.001	0.234	0.204	0.561
0.005	0.719	0.271	0.005
0.533	0.071	0.166	0.230
>GGGTTTCCCC	18-GGGTTTCCCC	9.253312	-30.992902	0	T:87.0(3.46%),B:636.1(1.38%),P:1e-13	Tpos:252.3,Tstd:167.0,Bpos:221.2,Bstd:144.4,StrandBias:-0.5,Multiplicity:1.08
0.001	0.001	0.997	0.001
0.028	0.001	0.892	0.079
0.059	0.042	0.892	0.007
0.001	0.169	0.211	0.619
0.029	0.001	0.155	0.815
0.027	0.006	0.001	0.966
0.039	0.959	0.001	0.001
0.095	0.903	0.001	0.001
0.010	0.988	0.001	0.001
0.001	0.997	0.001	0.001
>CTTCCCTTAT	19-CTTCCCTTAT	10.038789	-27.614703	0	T:35.0(1.39%),B:145.6(0.32%),P:1e-11	Tpos:262.0,Tstd:203.1,Bpos:234.2,Bstd:129.4,StrandBias:0.6,Multiplicity:1.00
0.001	0.997	0.001	0.001
0.177	0.005	0.001	0.817
0.098	0.001	0.001	0.900
0.001	0.873	0.125	0.001
0.001	0.997	0.001	0.001
0.001	0.731	0.267	0.001
0.001	0.001	0.401	0.597
0.001	0.001	0.001	0.997
0.997	0.001	0.001	0.001
0.001	0.001	0.001	0.997
>GTGGTATACC	20-GTGGTATACC	7.247693	-25.055627	0	T:76.0(3.03%),B:583.2(1.26%),P:1e-10	Tpos:265.3,Tstd:167.8,Bpos:236.6,Bstd:142.2,StrandBias:0.2,Multiplicity:1.04
0.107	0.083	0.703	0.107
0.199	0.158	0.118	0.525
0.188	0.014	0.740	0.058
0.120	0.088	0.576	0.216
0.133	0.105	0.176	0.586
0.635	0.135	0.132	0.098
0.116	0.097	0.112	0.675
0.814	0.087	0.098	0.001
0.077	0.732	0.123	0.068
0.083	0.730	0.062	0.125
>TTAGCACCTA	21-TTAGCACCTA	8.735252	-23.894198	0	T:62.0(2.47%),B:438.5(0.95%),P:1e-10	Tpos:270.5,Tstd:212.7,Bpos:235.4,Bstd:143.4,StrandBias:-1.0,Multiplicity:1.04
0.067	0.008	0.019	0.906
0.016	0.104	0.001	0.879
0.750	0.059	0.152	0.039
0.028	0.327	0.580	0.065
0.025	0.927	0.023	0.025
0.717	0.146	0.029	0.108
0.217	0.608	0.001	0.174
0.125	0.709	0.038	0.128
0.077	0.212	0.149	0.562
0.603	0.132	0.114	0.151
>ATTGCCGCTC	22-ATTGCCGCTC	10.296193	-15.969398	0	T:5.0(0.20%),B:2.9(0.01%),P:1e-6	Tpos:336.8,Tstd:190.9,Bpos:308.3,Bstd:104.8,StrandBias:2.0,Multiplicity:1.00
0.700	0.100	0.100	0.100
0.100	0.100	0.100	0.700
0.100	0.100	0.100	0.700
0.100	0.100	0.700	0.100
0.100	0.700	0.100	0.100
0.100	0.700	0.100	0.100
0.100	0.100	0.700	0.100
0.100	0.700	0.100	0.100
0.100	0.100	0.100	0.700
0.100	0.700	0.100	0.100
>AGCGCTAAGC	23-AGCGCTAAGC	8.445615	-13.625432	0	T:10.0(0.40%),B:24.6(0.05%),P:1e-5	Tpos:265.8,Tstd:146.4,Bpos:200.1,Bstd:101.4,StrandBias:-0.5,Multiplicity:1.20
0.997	0.001	0.001	0.001
0.001	0.019	0.979	0.001
0.001	0.997	0.001	0.001
0.001	0.001	0.997	0.001
0.001	0.601	0.001	0.397
0.001	0.001	0.001	0.997
0.997	0.001	0.001	0.001
0.997	0.001	0.001	0.001
0.397	0.001	0.566	0.036
0.001	0.997	0.001	0.001
>MTCTKTCCKA	24-MTCTKTCCKA	7.098384	-12.380890	0	T:54.0(2.15%),B:504.2(1.09%),P:1e-5	Tpos:225.4,Tstd:192.0,Bpos:235.1,Bstd:137.0,StrandBias:0.1,Multiplicity:1.00
0.546	0.430	0.021	0.003
0.018	0.023	0.003	0.956
0.321	0.494	0.019	0.166
0.228	0.114	0.064	0.594
0.076	0.107	0.426	0.390
0.152	0.156	0.124	0.568
0.005	0.523	0.193	0.279
0.229	0.380	0.170	0.221
0.002	0.076	0.508	0.414
0.559	0.205	0.122	0.114
>ATGACATTCG	25-ATGACATTCG	13.705793	-10.565614	0	T:3.0(0.12%),B:1.2(0.00%),P:1e-4	Tpos:344.0,Tstd:20.7,Bpos:174.1,Bstd:97.9,StrandBias:1.6,Multiplicity:1.33
0.997	0.001	0.001	0.001
0.001	0.001	0.001	0.997
0.001	0.120	0.878	0.001
0.997	0.001	0.001	0.001
0.001	0.997	0.001	0.001
0.997	0.001	0.001	0.001
0.001	0.001	0.001	0.997
0.001	0.001	0.001	0.997
0.001	0.997	0.001	0.001
0.001	0.001	0.997	0.001
