>TAACCACA	1-TAACCACA	5.962660	-607.103978	0	T:1646.0(65.53%),B:14625.7(31.70%),P:1e-263	Tpos:261.8,Tstd:179.5,Bpos:229.0,Bstd:147.6,StrandBias:-0.0,Multiplicity:1.67
0.259	0.124	0.064	0.553
0.770	0.074	0.087	0.069
0.947	0.016	0.036	0.001
0.001	0.997	0.001	0.001
0.001	0.997	0.001	0.001
0.962	0.001	0.004	0.033
0.001	0.993	0.001	0.005
0.964	0.014	0.007	0.015
>TGYGGTBC	2-TGYGGTBC	2.693045	-434.791156	0	T:1831.0(72.89%),B:20288.1(43.97%),P:1e-188	Tpos:255.4,Tstd:188.5,Bpos:227.9,Bstd:145.6,StrandBias:-0.0,Multiplicity:1.34
0.001	0.001	0.001	0.997
0.001	0.001	0.997	0.001
0.001	0.487	0.001	0.511
0.001	0.001	0.997	0.001
0.001	0.001	0.997	0.001
0.001	0.209	0.001	0.789
0.001	0.354	0.258	0.387
0.149	0.566	0.104	0.181
>AAACCACT	3-AAACCACT	6.640560	-337.165339	0	T:1131.0(45.02%),B:10063.0(21.81%),P:1e-146	Tpos:266.3,Tstd:181.3,Bpos:228.1,Bstd:143.2,StrandBias:-0.1,Multiplicity:1.22
0.623	0.046	0.001	0.330
0.956	0.001	0.001	0.042
0.581	0.218	0.200	0.001
0.045	0.953	0.001	0.001
0.001	0.920	0.001	0.078
0.656	0.090	0.253	0.001
0.182	0.711	0.105	0.002
0.220	0.244	0.108	0.428
>CACTTCCT	4-CACTTCCT	8.488643	-285.707378	0	T:724.0(28.82%),B:5239.9(11.36%),P:1e-124	Tpos:267.2,Tstd:176.8,Bpos:227.7,Bstd:137.7,StrandBias:-0.1,Multiplicity:1.18
0.001	0.883	0.115	0.001
0.976	0.001	0.022	0.001
0.001	0.795	0.001	0.203
0.157	0.001	0.001	0.841
0.001	0.001	0.001	0.997
0.001	0.997	0.001	0.001
0.001	0.997	0.001	0.001
0.001	0.001	0.001	0.997
>TGTGGTCC	5-TGTGGTCC	5.943675	-248.055622	0	T:1402.0(55.81%),B:15785.5(34.21%),P:1e-107	Tpos:258.8,Tstd:192.4,Bpos:230.1,Bstd:140.8,StrandBias:0.0,Multiplicity:1.19
0.051	0.045	0.077	0.827
0.035	0.027	0.877	0.061
0.227	0.032	0.063	0.678
0.100	0.073	0.785	0.042
0.049	0.034	0.875	0.042
0.008	0.032	0.179	0.781
0.101	0.613	0.134	0.152
0.161	0.580	0.102	0.157
>CTTCCTGT	6-CTTCCTGT	8.448896	-203.019016	0	T:837.0(33.32%),B:7798.8(16.90%),P:1e-88	Tpos:275.0,Tstd:206.2,Bpos:227.3,Bstd:136.2,StrandBias:-0.0,Multiplicity:1.21
0.001	0.703	0.001	0.295
0.001	0.001	0.001	0.997
0.001	0.001	0.001	0.997
0.001	0.997	0.001	0.001
0.001	0.997	0.001	0.001
0.001	0.001	0.001	0.997
0.001	0.126	0.872	0.001
0.001	0.118	0.001	0.880
>TCACACCT	7-TCACACCT	6.895479	-184.502258	0	T:782.0(31.13%),B:7317.7(15.86%),P:1e-80	Tpos:267.1,Tstd:195.0,Bpos:228.4,Bstd:148.0,StrandBias:0.0,Multiplicity:1.26
0.071	0.141	0.006	0.782
0.175	0.610	0.204	0.011
0.770	0.040	0.053	0.137
0.080	0.890	0.006	0.024
0.762	0.114	0.089	0.035
0.041	0.842	0.034	0.083
0.060	0.762	0.048	0.130
0.081	0.282	0.048	0.589
>TTAGTTTC	8-TTAGTTTC	6.391279	-119.927262	0	T:996.0(39.65%),B:11860.9(25.71%),P:1e-52	Tpos:270.2,Tstd:183.2,Bpos:228.4,Bstd:140.8,StrandBias:-0.3,Multiplicity:1.24
0.071	0.075	0.162	0.692
0.001	0.243	0.129	0.627
0.688	0.036	0.275	0.001
0.001	0.171	0.827	0.001
0.001	0.001	0.015	0.983
0.034	0.001	0.001	0.964
0.090	0.001	0.008	0.901
0.001	0.997	0.001	0.001
>TGAGGTGA	9-TGAGGTGA	6.752660	-100.572654	0	T:822.0(32.72%),B:9584.1(20.77%),P:1e-43	Tpos:259.4,Tstd:186.5,Bpos:227.4,Bstd:145.0,StrandBias:0.1,Multiplicity:1.15
0.372	0.094	0.001	0.533
0.077	0.001	0.854	0.068
0.863	0.001	0.001	0.135
0.001	0.098	0.900	0.001
0.001	0.001	0.997	0.001
0.001	0.134	0.001	0.864
0.361	0.001	0.549	0.089
0.722	0.001	0.001	0.276
>TGASTCAT	10-TGASTCAT	6.485714	-82.689859	0	T:451.0(17.95%),B:4488.9(9.73%),P:1e-35	Tpos:281.0,Tstd:216.3,Bpos:227.3,Bstd:139.8,StrandBias:-0.1,Multiplicity:1.14
0.090	0.057	0.001	0.852
0.037	0.022	0.833	0.108
0.870	0.044	0.028	0.058
0.071	0.398	0.472	0.060
0.034	0.019	0.067	0.880
0.113	0.760	0.061	0.066
0.906	0.001	0.032	0.061
0.091	0.284	0.188	0.437
>CTTATCAC	11-CTTATCAC	6.678613	-68.386570	0	T:563.0(22.41%),B:6435.3(13.95%),P:1e-29	Tpos:286.1,Tstd:216.2,Bpos:228.8,Bstd:137.8,StrandBias:0.3,Multiplicity:1.11
0.001	0.787	0.158	0.054
0.001	0.047	0.001	0.951
0.001	0.001	0.001	0.997
0.830	0.092	0.050	0.028
0.001	0.001	0.001	0.997
0.001	0.997	0.001	0.001
0.774	0.001	0.006	0.219
0.046	0.744	0.090	0.120
>GTTTCAGT	12-GTTTCAGT	7.355418	-56.834026	0	T:258.0(10.27%),B:2362.8(5.12%),P:1e-24	Tpos:253.7,Tstd:176.5,Bpos:224.7,Bstd:142.7,StrandBias:-0.2,Multiplicity:1.07
0.001	0.001	0.997	0.001
0.001	0.001	0.001	0.997
0.001	0.001	0.001	0.997
0.001	0.001	0.001	0.997
0.001	0.997	0.001	0.001
0.880	0.082	0.037	0.001
0.001	0.219	0.657	0.123
0.001	0.001	0.001	0.997
>GGGTGGGG	13-GGGTGGGG	6.599902	-46.672476	0	T:590.0(23.49%),B:7496.4(16.25%),P:1e-20	Tpos:260.6,Tstd:197.2,Bpos:229.4,Bstd:137.6,StrandBias:0.0,Multiplicity:1.33
0.001	0.034	0.964	0.001
0.001	0.001	0.997	0.001
0.001	0.001	0.997	0.001
0.001	0.069	0.001	0.929
0.001	0.001	0.933	0.065
0.001	0.001	0.997	0.001
0.195	0.024	0.780	0.001
0.001	0.001	0.997	0.001
>AGGAAATA	14-AGGAAATA	7.543107	-34.146366	0	T:348.0(13.85%),B:4158.0(9.01%),P:1e-14	Tpos:253.5,Tstd:182.7,Bpos:228.1,Bstd:137.6,StrandBias:-0.1,Multiplicity:1.08
0.699	0.299	0.001	0.001
0.001	0.001	0.997	0.001
0.001	0.001	0.997	0.001
0.997	0.001	0.001	0.001
0.997	0.001	0.001	0.001
0.870	0.001	0.128	0.001
0.001	0.234	0.001	0.764
0.997	0.001	0.001	0.001
>CCCACAGA	15-CCCACAGA	9.606963	-33.244916	0	T:247.0(9.83%),B:2697.8(5.85%),P:1e-14	Tpos:250.3,Tstd:171.7,Bpos:228.6,Bstd:145.7,StrandBias:-0.1,Multiplicity:1.07
0.001	0.997	0.001	0.001
0.001	0.997	0.001	0.001
0.001	0.997	0.001	0.001
0.939	0.001	0.059	0.001
0.001	0.997	0.001	0.001
0.997	0.001	0.001	0.001
0.246	0.001	0.752	0.001
0.997	0.001	0.001	0.001
>CTTTCGCT	16-CTTTCGCT	6.458108	-33.025330	0	T:231.0(9.20%),B:2475.3(5.36%),P:1e-14	Tpos:245.3,Tstd:182.0,Bpos:232.7,Bstd:139.7,StrandBias:-0.2,Multiplicity:1.10
0.001	0.778	0.103	0.118
0.001	0.001	0.051	0.947
0.255	0.001	0.001	0.743
0.053	0.268	0.001	0.678
0.001	0.997	0.001	0.001
0.049	0.001	0.949	0.001
0.001	0.917	0.081	0.001
0.001	0.001	0.001	0.997
>ACGCCCTA	17-ACGCCCTA	6.658250	-29.363900	0	T:141.0(5.61%),B:1324.3(2.87%),P:1e-12	Tpos:266.0,Tstd:185.2,Bpos:222.9,Bstd:136.8,StrandBias:0.4,Multiplicity:1.04
0.746	0.140	0.001	0.113
0.001	0.997	0.001	0.001
0.001	0.001	0.997	0.001
0.001	0.997	0.001	0.001
0.001	0.997	0.001	0.001
0.001	0.617	0.345	0.037
0.320	0.001	0.001	0.678
0.643	0.001	0.001	0.355
>ACACAAYC	18-ACACAAYC	7.035559	-27.536790	0	T:273.0(10.87%),B:3235.6(7.01%),P:1e-11	Tpos:253.4,Tstd:180.7,Bpos:225.1,Bstd:148.1,StrandBias:-0.2,Multiplicity:1.07
0.997	0.001	0.001	0.001
0.029	0.969	0.001	0.001
0.851	0.001	0.147	0.001
0.001	0.997	0.001	0.001
0.715	0.276	0.008	0.001
0.955	0.043	0.001	0.001
0.001	0.466	0.001	0.532
0.001	0.997	0.001	0.001
>ATGACACA	19-ATGACACA	4.009087	-23.790896	0	T:238.0(9.47%),B:2828.5(6.13%),P:1e-10	Tpos:252.6,Tstd:193.9,Bpos:231.2,Bstd:145.3,StrandBias:-0.2,Multiplicity:1.06
0.997	0.001	0.001	0.001
0.001	0.001	0.001	0.997
0.001	0.001	0.856	0.142
0.997	0.001	0.001	0.001
0.001	0.997	0.001	0.001
0.997	0.001	0.001	0.001
0.001	0.997	0.001	0.001
0.809	0.001	0.189	0.001
>CCGCGGTA	20-CCGCGGTA	8.079221	-14.930630	0	T:45.0(1.79%),B:353.7(0.77%),P:1e-6	Tpos:240.9,Tstd:181.7,Bpos:240.0,Bstd:144.2,StrandBias:-0.5,Multiplicity:1.02
0.001	0.997	0.001	0.001
0.001	0.842	0.001	0.156
0.001	0.001	0.997	0.001
0.001	0.997	0.001	0.001
0.001	0.001	0.997	0.001
0.001	0.001	0.997	0.001
0.283	0.156	0.001	0.560
0.596	0.001	0.297	0.106
