>DRACAGGAAGTG	1-DRACAGGAAGTG	8.482863	-368.279123	0	T:1214.0(20.77%),B:3936.6(9.11%),P:1e-159	Tpos:299.6,Tstd:236.1,Bpos:237.8,Bstd:139.3,StrandBias:0.0,Multiplicity:1.14
0.370	0.158	0.229	0.243
0.455	0.203	0.337	0.006
0.623	0.028	0.292	0.057
0.044	0.752	0.203	0.001
0.997	0.001	0.001	0.001
0.001	0.001	0.997	0.001
0.042	0.001	0.956	0.001
0.997	0.001	0.001	0.001
0.827	0.001	0.001	0.171
0.336	0.011	0.652	0.001
0.047	0.255	0.009	0.689
0.144	0.122	0.503	0.231
>KGTYTGTGGTTT	2-KGTYTGTGGTTT	8.214539	-274.167482	0	T:955.0(16.34%),B:3138.1(7.27%),P:1e-119	Tpos:297.5,Tstd:256.1,Bpos:234.9,Bstd:145.2,StrandBias:-0.1,Multiplicity:1.14
0.127	0.157	0.379	0.337
0.108	0.216	0.444	0.232
0.080	0.157	0.232	0.531
0.111	0.386	0.081	0.422
0.021	0.001	0.001	0.977
0.007	0.013	0.871	0.109
0.027	0.001	0.001	0.971
0.032	0.001	0.966	0.001
0.035	0.025	0.912	0.028
0.003	0.107	0.102	0.788
0.095	0.162	0.039	0.704
0.296	0.056	0.079	0.569
>CCACHAGRGGGC	3-CCACHAGRGGGC	10.707124	-265.379641	0	T:297.0(5.08%),B:410.1(0.95%),P:1e-115	Tpos:253.3,Tstd:174.7,Bpos:231.1,Bstd:144.4,StrandBias:0.0,Multiplicity:1.02
0.152	0.846	0.001	0.001
0.001	0.997	0.001	0.001
0.997	0.001	0.001	0.001
0.001	0.855	0.143	0.001
0.318	0.337	0.001	0.344
0.997	0.001	0.001	0.001
0.001	0.001	0.997	0.001
0.423	0.001	0.518	0.058
0.001	0.099	0.543	0.357
0.001	0.001	0.997	0.001
0.001	0.001	0.641	0.357
0.175	0.646	0.001	0.178
>GAAAGTGAAAGT	4-GAAAGTGAAAGT	8.906506	-218.584179	0	T:632.0(10.81%),B:1859.8(4.31%),P:1e-94	Tpos:323.1,Tstd:261.5,Bpos:240.7,Bstd:143.9,StrandBias:0.1,Multiplicity:1.12
0.226	0.096	0.540	0.138
0.837	0.001	0.139	0.023
0.830	0.048	0.059	0.063
0.987	0.001	0.011	0.001
0.141	0.336	0.516	0.007
0.170	0.053	0.120	0.657
0.025	0.024	0.910	0.041
0.933	0.001	0.001	0.065
0.942	0.001	0.045	0.012
0.915	0.001	0.040	0.044
0.068	0.290	0.638	0.004
0.106	0.191	0.097	0.606
>NBKVTGACTCAT	5-NBKVTGACTCAT	4.224580	-211.627682	0	T:804.0(13.76%),B:2733.0(6.33%),P:1e-91	Tpos:267.2,Tstd:213.9,Bpos:237.2,Bstd:136.7,StrandBias:-0.0,Multiplicity:1.13
0.306	0.275	0.250	0.169
0.124	0.227	0.350	0.298
0.162	0.105	0.369	0.364
0.347	0.344	0.309	0.001
0.001	0.001	0.001	0.997
0.001	0.001	0.997	0.001
0.997	0.001	0.001	0.001
0.001	0.588	0.410	0.001
0.001	0.001	0.001	0.997
0.001	0.997	0.001	0.001
0.997	0.001	0.001	0.001
0.056	0.204	0.244	0.495
>CTTTGATGTGGT	6-CTTTGATGTGGT	9.127719	-154.858564	0	T:345.0(5.90%),B:858.9(1.99%),P:1e-67	Tpos:291.1,Tstd:215.8,Bpos:241.6,Bstd:146.2,StrandBias:0.2,Multiplicity:1.06
0.058	0.741	0.098	0.103
0.062	0.079	0.008	0.851
0.049	0.108	0.074	0.769
0.054	0.031	0.052	0.863
0.035	0.069	0.808	0.088
0.789	0.040	0.063	0.108
0.074	0.006	0.028	0.892
0.010	0.057	0.888	0.045
0.035	0.011	0.032	0.922
0.044	0.014	0.878	0.064
0.077	0.062	0.820	0.041
0.048	0.077	0.092	0.783
>KGGGAAATYCCC	7-KGGGAAATYCCC	8.971203	-144.065742	0	T:337.0(5.77%),B:865.8(2.00%),P:1e-62	Tpos:310.2,Tstd:242.3,Bpos:234.6,Bstd:141.9,StrandBias:-0.1,Multiplicity:1.07
0.164	0.115	0.384	0.337
0.079	0.032	0.634	0.255
0.041	0.001	0.957	0.001
0.153	0.001	0.822	0.024
0.770	0.001	0.228	0.001
0.991	0.001	0.001	0.007
0.626	0.166	0.101	0.107
0.164	0.162	0.189	0.485
0.036	0.413	0.080	0.471
0.042	0.917	0.001	0.040
0.001	0.969	0.001	0.029
0.080	0.834	0.054	0.032
>BCTTTGATCTTN	8-BCTTTGATCTTN	7.594077	-116.264121	0	T:1013.0(17.33%),B:4652.1(10.77%),P:1e-50	Tpos:293.8,Tstd:243.4,Bpos:237.0,Bstd:139.2,StrandBias:0.1,Multiplicity:1.15
0.156	0.330	0.216	0.298
0.087	0.516	0.180	0.217
0.063	0.001	0.001	0.935
0.007	0.283	0.001	0.709
0.161	0.001	0.037	0.801
0.001	0.355	0.643	0.001
0.929	0.001	0.015	0.055
0.254	0.001	0.017	0.728
0.017	0.750	0.232	0.001
0.333	0.001	0.001	0.665
0.214	0.151	0.239	0.396
0.267	0.288	0.159	0.287
>TAACCACTTCCT	9-TAACCACTTCCT	8.633616	-103.848140	0	T:377.0(6.45%),B:1236.8(2.86%),P:1e-45	Tpos:284.4,Tstd:237.4,Bpos:236.0,Bstd:135.4,StrandBias:-0.0,Multiplicity:1.04
0.089	0.097	0.060	0.754
0.793	0.086	0.052	0.069
0.758	0.128	0.093	0.021
0.048	0.844	0.051	0.057
0.033	0.898	0.027	0.042
0.884	0.022	0.009	0.085
0.066	0.817	0.062	0.055
0.095	0.047	0.035	0.823
0.035	0.044	0.030	0.891
0.035	0.821	0.061	0.083
0.037	0.925	0.018	0.020
0.030	0.148	0.024	0.798
>CACTTCAAAGAC	10-CACTTCAAAGAC	9.126862	-80.735469	0	T:300.0(5.13%),B:994.5(2.30%),P:1e-35	Tpos:285.5,Tstd:251.9,Bpos:239.7,Bstd:144.0,StrandBias:0.0,Multiplicity:1.02
0.087	0.754	0.112	0.047
0.854	0.064	0.008	0.074
0.019	0.781	0.110	0.090
0.052	0.037	0.008	0.903
0.039	0.052	0.047	0.862
0.049	0.854	0.040	0.057
0.853	0.048	0.018	0.081
0.836	0.078	0.069	0.017
0.909	0.001	0.053	0.037
0.038	0.060	0.819	0.083
0.731	0.068	0.073	0.128
0.047	0.847	0.061	0.045
>TAGTTTCGTTTC	11-TAGTTTCGTTTC	9.150864	-62.689485	0	T:212.0(3.63%),B:672.5(1.56%),P:1e-27	Tpos:298.4,Tstd:267.4,Bpos:234.1,Bstd:152.6,StrandBias:-0.3,Multiplicity:1.02
0.046	0.064	0.080	0.810
0.796	0.045	0.089	0.070
0.032	0.090	0.852	0.026
0.015	0.036	0.064	0.885
0.015	0.015	0.021	0.949
0.044	0.055	0.001	0.900
0.104	0.617	0.093	0.186
0.112	0.108	0.703	0.077
0.001	0.066	0.044	0.889
0.089	0.052	0.023	0.836
0.030	0.039	0.015	0.916
0.055	0.853	0.025	0.067
>ACTTCCTGTCTC	12-ACTTCCTGTCTC	9.923877	-59.223727	0	T:172.0(2.94%),B:504.7(1.17%),P:1e-25	Tpos:266.3,Tstd:212.1,Bpos:234.8,Bstd:132.8,StrandBias:0.3,Multiplicity:1.01
0.841	0.091	0.050	0.018
0.074	0.924	0.001	0.001
0.130	0.005	0.101	0.764
0.001	0.068	0.065	0.866
0.083	0.773	0.143	0.001
0.001	0.825	0.033	0.141
0.069	0.099	0.100	0.732
0.163	0.069	0.718	0.050
0.001	0.072	0.077	0.850
0.084	0.882	0.001	0.033
0.001	0.001	0.001	0.997
0.110	0.813	0.076	0.001
>CCCCCCCCCCCC	13-CCCCCCCCCCCC	9.010541	-50.837651	0	T:1033.0(17.67%),B:5684.7(13.16%),P:1e-22	Tpos:333.7,Tstd:284.9,Bpos:238.2,Bstd:139.0,StrandBias:-0.0,Multiplicity:1.31
0.044	0.862	0.050	0.044
0.046	0.882	0.022	0.050
0.078	0.820	0.030	0.072
0.060	0.845	0.045	0.050
0.092	0.739	0.091	0.078
0.080	0.807	0.032	0.081
0.045	0.840	0.049	0.066
0.058	0.822	0.059	0.061
0.063	0.833	0.053	0.051
0.038	0.858	0.055	0.049
0.066	0.828	0.047	0.059
0.061	0.866	0.026	0.047
>GTTKCCATGGCA	14-GTTKCCATGGCA	10.742600	-44.692870	0	T:92.0(1.57%),B:220.2(0.51%),P:1e-19	Tpos:267.3,Tstd:164.4,Bpos:227.5,Bstd:128.6,StrandBias:-0.2,Multiplicity:1.02
0.064	0.032	0.840	0.064
0.001	0.001	0.001	0.997
0.001	0.001	0.035	0.963
0.193	0.055	0.385	0.367
0.001	0.997	0.001	0.001
0.001	0.977	0.001	0.021
0.664	0.033	0.056	0.247
0.196	0.063	0.001	0.740
0.001	0.001	0.997	0.001
0.206	0.080	0.713	0.001
0.096	0.739	0.033	0.132
0.903	0.095	0.001	0.001
>ACTACATTTCCG	15-ACTACATTTCCG	9.521946	-38.711575	0	T:105.0(1.80%),B:299.2(0.69%),P:1e-16	Tpos:303.5,Tstd:265.0,Bpos:242.6,Bstd:139.2,StrandBias:0.3,Multiplicity:1.05
0.878	0.062	0.030	0.030
0.129	0.848	0.022	0.001
0.001	0.031	0.061	0.907
0.710	0.029	0.201	0.060
0.001	0.939	0.059	0.001
0.829	0.111	0.030	0.030
0.031	0.077	0.103	0.789
0.021	0.092	0.001	0.886
0.030	0.016	0.120	0.834
0.061	0.812	0.111	0.016
0.042	0.814	0.001	0.143
0.120	0.190	0.626	0.064
>GMCTRSCYCCTC	16-GMCTRSCYCCTC	6.929569	-32.458705	0	T:212.0(3.63%),B:884.0(2.05%),P:1e-14	Tpos:291.4,Tstd:239.2,Bpos:241.5,Bstd:132.9,StrandBias:0.2,Multiplicity:1.03
0.001	0.232	0.766	0.001
0.416	0.523	0.060	0.001
0.001	0.997	0.001	0.001
0.001	0.001	0.001	0.997
0.505	0.001	0.357	0.137
0.001	0.563	0.435	0.001
0.001	0.997	0.001	0.001
0.001	0.538	0.001	0.460
0.001	0.997	0.001	0.001
0.001	0.997	0.001	0.001
0.001	0.001	0.001	0.997
0.001	0.997	0.001	0.001
>TAAAACGCGTCA	17-TAAAACGCGTCA	4.710824	-30.790756	0	T:1229.0(21.03%),B:7443.8(17.24%),P:1e-13	Tpos:304.4,Tstd:252.4,Bpos:238.9,Bstd:148.5,StrandBias:0.0,Multiplicity:1.15
0.111	0.129	0.004	0.756
0.755	0.111	0.060	0.074
0.854	0.001	0.037	0.108
0.756	0.115	0.020	0.109
0.796	0.073	0.094	0.037
0.039	0.745	0.072	0.144
0.279	0.002	0.718	0.001
0.004	0.958	0.001	0.037
0.002	0.186	0.810	0.002
0.057	0.081	0.181	0.681
0.005	0.685	0.269	0.041
0.753	0.135	0.111	0.001
>AGTCCTTCTGCC	18-AGTCCTTCTGCC	14.289846	-14.654133	0	T:6.0(0.10%),B:2.8(0.01%),P:1e-6	Tpos:222.3,Tstd:155.9,Bpos:256.7,Bstd:122.6,StrandBias:1.0,Multiplicity:1.50
0.997	0.001	0.001	0.001
0.001	0.001	0.997	0.001
0.001	0.001	0.001	0.997
0.001	0.997	0.001	0.001
0.001	0.997	0.001	0.001
0.001	0.001	0.001	0.997
0.001	0.001	0.001	0.997
0.001	0.997	0.001	0.001
0.001	0.001	0.099	0.899
0.001	0.001	0.997	0.001
0.001	0.997	0.001	0.001
0.001	0.997	0.001	0.001
>ATAGAAATGCAT	19-ATAGAAATGCAT	9.643345	-14.653288	0	T:91.0(1.56%),B:382.5(0.89%),P:1e-6	Tpos:298.8,Tstd:261.8,Bpos:251.4,Bstd:139.1,StrandBias:0.3,Multiplicity:1.08
0.713	0.105	0.082	0.100
0.065	0.041	0.100	0.794
0.859	0.035	0.070	0.036
0.017	0.087	0.809	0.087
0.913	0.035	0.035	0.017
0.826	0.052	0.052	0.070
0.859	0.070	0.001	0.070
0.088	0.052	0.035	0.825
0.052	0.017	0.844	0.087
0.052	0.837	0.035	0.076
0.808	0.070	0.052	0.070
0.052	0.001	0.017	0.930
>AAGGACACACCC	20-AAGGACACACCC	2.726840	-12.399516	0	T:372.0(6.36%),B:2174.0(5.03%),P:1e-5	Tpos:279.8,Tstd:231.9,Bpos:229.5,Bstd:140.4,StrandBias:0.2,Multiplicity:1.07
0.997	0.001	0.001	0.001
0.997	0.001	0.001	0.001
0.001	0.001	0.997	0.001
0.001	0.001	0.997	0.001
0.997	0.001	0.001	0.001
0.001	0.997	0.001	0.001
0.997	0.001	0.001	0.001
0.001	0.997	0.001	0.001
0.997	0.001	0.001	0.001
0.001	0.997	0.001	0.001
0.001	0.936	0.062	0.001
0.001	0.997	0.001	0.001
>CTGAGGTGCATT	21-CTGAGGTGCATT	14.106856	-9.501003	0	T:6.0(0.10%),B:5.8(0.01%),P:1e-4	Tpos:245.2,Tstd:207.3,Bpos:333.6,Bstd:47.9,StrandBias:2.3,Multiplicity:2.00
0.024	0.951	0.001	0.024
0.073	0.001	0.001	0.925
0.001	0.001	0.997	0.001
0.997	0.001	0.001	0.001
0.001	0.001	0.997	0.001
0.001	0.001	0.997	0.001
0.001	0.001	0.001	0.997
0.001	0.001	0.997	0.001
0.293	0.705	0.001	0.001
0.997	0.001	0.001	0.001
0.001	0.001	0.001	0.997
0.317	0.001	0.001	0.681
>DGCTCAGWGHTH	22-DGCTCAGWGHTH	8.157041	-7.113841	0	T:54.0(0.92%),B:250.0(0.58%),P:1e-3	Tpos:319.9,Tstd:216.8,Bpos:225.3,Bstd:113.2,StrandBias:0.0,Multiplicity:1.00
0.337	0.005	0.389	0.268
0.115	0.117	0.564	0.204
0.052	0.702	0.074	0.172
0.254	0.068	0.008	0.670
0.025	0.602	0.235	0.138
0.686	0.018	0.003	0.293
0.041	0.100	0.774	0.085
0.331	0.030	0.161	0.478
0.088	0.179	0.537	0.196
0.381	0.235	0.151	0.233
0.205	0.161	0.158	0.476
0.327	0.355	0.001	0.317
>CTCAGTGATGGG	23-CTCAGTGATGGG	8.160671	-4.301024	0	T:292.0(5.00%),B:1894.1(4.39%),P:1e-1	Tpos:298.7,Tstd:281.4,Bpos:254.7,Bstd:148.5,StrandBias:-0.2,Multiplicity:1.00
0.092	0.666	0.099	0.143
0.110	0.091	0.054	0.745
0.095	0.670	0.087	0.148
0.760	0.066	0.041	0.133
0.109	0.121	0.644	0.126
0.075	0.068	0.079	0.778
0.061	0.076	0.747	0.116
0.682	0.080	0.098	0.140
0.083	0.079	0.068	0.770
0.066	0.040	0.797	0.097
0.109	0.082	0.749	0.060
0.001	0.001	0.997	0.001
>GACAGTGAGCCC	24-GACAGTGAGCCC	12.355432	-3.485353	0	T:2.0(0.03%),B:3.0(0.01%),P:1e-1	Tpos:218.1,Tstd:67.3,Bpos:135.0,Bstd:140.0,StrandBias:10.0,Multiplicity:3.50
0.100	0.100	0.700	0.100
0.700	0.100	0.100	0.100
0.100	0.700	0.100	0.100
0.700	0.100	0.100	0.100
0.100	0.100	0.700	0.100
0.100	0.100	0.100	0.700
0.100	0.100	0.700	0.100
0.700	0.100	0.100	0.100
0.100	0.100	0.700	0.100
0.100	0.700	0.100	0.100
0.100	0.700	0.100	0.100
0.100	0.700	0.100	0.100
>GCTCAGTGATGG	25-GCTCAGTGATGG	6.517702	-2.779797	0	T:2139.0(36.60%),B:15385.9(35.62%),P:1e-1	Tpos:306.5,Tstd:262.3,Bpos:236.4,Bstd:139.3,StrandBias:0.0,Multiplicity:1.32
0.100	0.100	0.700	0.100
0.100	0.700	0.100	0.100
0.100	0.100	0.100	0.700
0.100	0.700	0.100	0.100
0.700	0.100	0.100	0.100
0.100	0.100	0.700	0.100
0.100	0.100	0.100	0.700
0.100	0.100	0.700	0.100
0.700	0.100	0.100	0.100
0.100	0.100	0.100	0.700
0.100	0.100	0.700	0.100
0.100	0.100	0.700	0.100
