>ASAGGAARYG	1-ASAGGAARYG	6.960782	-393.415842	0	T:1514.0(25.90%),B:5360.2(12.41%),P:1e-170	Tpos:299.9,Tstd:239.0,Bpos:240.1,Bstd:139.5,StrandBias:0.0,Multiplicity:1.21
0.526	0.036	0.361	0.077
0.182	0.382	0.289	0.147
0.592	0.223	0.121	0.064
0.036	0.068	0.849	0.047
0.183	0.032	0.715	0.070
0.868	0.033	0.037	0.062
0.574	0.037	0.025	0.364
0.399	0.118	0.472	0.011
0.045	0.419	0.021	0.515
0.221	0.203	0.388	0.189
>NVWAACCACA	2-NVWAACCACA	6.630861	-300.650327	0	T:1313.0(22.46%),B:4852.4(11.24%),P:1e-130	Tpos:300.3,Tstd:256.4,Bpos:239.5,Bstd:143.5,StrandBias:-0.1,Multiplicity:1.19
0.249	0.230	0.280	0.242
0.206	0.352	0.258	0.183
0.487	0.165	0.001	0.347
0.555	0.158	0.089	0.198
0.658	0.138	0.192	0.012
0.065	0.910	0.001	0.024
0.023	0.854	0.001	0.122
0.604	0.099	0.255	0.042
0.140	0.858	0.001	0.001
0.539	0.197	0.066	0.198
>DRTGASTCAT	3-DRTGASTCAT	7.040233	-221.632611	0	T:922.0(15.77%),B:3278.0(7.59%),P:1e-96	Tpos:269.5,Tstd:210.0,Bpos:237.7,Bstd:137.4,StrandBias:-0.0,Multiplicity:1.14
0.301	0.109	0.285	0.306
0.296	0.166	0.361	0.176
0.001	0.052	0.001	0.946
0.009	0.001	0.858	0.132
0.968	0.001	0.001	0.030
0.049	0.507	0.371	0.073
0.028	0.001	0.069	0.902
0.114	0.866	0.001	0.019
0.932	0.012	0.033	0.023
0.137	0.211	0.216	0.436
>CACATCAAAG	4-CACATCAAAG	6.732796	-178.653301	0	T:1698.0(29.05%),B:8167.8(18.91%),P:1e-77	Tpos:290.6,Tstd:234.1,Bpos:237.0,Bstd:142.4,StrandBias:0.1,Multiplicity:1.26
0.272	0.462	0.212	0.053
0.706	0.065	0.087	0.142
0.102	0.614	0.253	0.031
0.607	0.065	0.061	0.267
0.124	0.029	0.043	0.804
0.098	0.731	0.122	0.049
0.840	0.001	0.033	0.126
0.860	0.070	0.069	0.001
0.939	0.001	0.059	0.001
0.144	0.097	0.748	0.011
>CMYCTKGTGG	5-CMYCTKGTGG	5.691962	-176.908262	0	T:303.0(5.18%),B:622.7(1.44%),P:1e-76	Tpos:268.4,Tstd:206.3,Bpos:235.7,Bstd:140.6,StrandBias:0.1,Multiplicity:1.03
0.001	0.997	0.001	0.001
0.448	0.550	0.001	0.001
0.001	0.525	0.001	0.473
0.001	0.997	0.001	0.001
0.001	0.001	0.001	0.997
0.023	0.001	0.467	0.509
0.001	0.001	0.997	0.001
0.001	0.001	0.001	0.997
0.001	0.001	0.997	0.001
0.001	0.001	0.997	0.001
>GAAAGTGAAA	6-GAAAGTGAAA	9.128708	-130.010413	0	T:462.0(7.90%),B:1502.8(3.48%),P:1e-56	Tpos:306.4,Tstd:251.8,Bpos:240.9,Bstd:144.6,StrandBias:0.0,Multiplicity:1.11
0.062	0.018	0.907	0.013
0.997	0.001	0.001	0.001
0.968	0.012	0.019	0.001
0.997	0.001	0.001	0.001
0.038	0.257	0.704	0.001
0.059	0.013	0.001	0.927
0.018	0.001	0.980	0.001
0.943	0.010	0.029	0.018
0.956	0.019	0.024	0.001
0.951	0.001	0.047	0.001
>GAAATGAAAC	7-GAAATGAAAC	7.753988	-113.078466	0	T:869.0(14.87%),B:3835.5(8.88%),P:1e-49	Tpos:289.0,Tstd:251.6,Bpos:240.4,Bstd:142.1,StrandBias:-0.0,Multiplicity:1.10
0.127	0.048	0.737	0.088
0.848	0.001	0.035	0.116
0.831	0.001	0.079	0.089
0.776	0.165	0.001	0.058
0.110	0.049	0.283	0.558
0.001	0.001	0.997	0.001
0.886	0.102	0.001	0.011
0.899	0.099	0.001	0.001
0.691	0.046	0.075	0.188
0.012	0.791	0.189	0.008
>GGGGCGGRGC	8-GGGGCGGRGC	7.170111	-112.270136	0	T:1151.0(19.69%),B:5534.5(12.81%),P:1e-48	Tpos:316.3,Tstd:242.7,Bpos:235.3,Bstd:149.6,StrandBias:0.1,Multiplicity:1.44
0.121	0.001	0.579	0.299
0.233	0.001	0.765	0.001
0.001	0.001	0.997	0.001
0.001	0.001	0.997	0.001
0.001	0.907	0.001	0.091
0.001	0.001	0.997	0.001
0.001	0.001	0.673	0.325
0.447	0.025	0.370	0.159
0.001	0.001	0.758	0.240
0.001	0.686	0.001	0.312
>GGGAAATCCC	9-GGGAAATCCC	8.628547	-110.793763	0	T:448.0(7.66%),B:1546.1(3.58%),P:1e-48	Tpos:314.7,Tstd:269.5,Bpos:236.1,Bstd:140.8,StrandBias:-0.2,Multiplicity:1.08
0.010	0.001	0.944	0.045
0.055	0.020	0.924	0.001
0.260	0.014	0.725	0.001
0.618	0.042	0.339	0.001
0.961	0.001	0.024	0.014
0.541	0.177	0.164	0.118
0.210	0.134	0.156	0.500
0.050	0.530	0.104	0.316
0.034	0.964	0.001	0.001
0.015	0.954	0.030	0.001
>YAHTACCACA	10-YAHTACCACA	8.091586	-94.155230	0	T:948.0(16.22%),B:4511.0(10.44%),P:1e-40	Tpos:275.9,Tstd:226.5,Bpos:236.7,Bstd:141.6,StrandBias:-0.1,Multiplicity:1.13
0.200	0.459	0.007	0.334
0.382	0.214	0.201	0.204
0.311	0.403	0.013	0.272
0.001	0.271	0.250	0.478
0.997	0.001	0.001	0.001
0.001	0.997	0.001	0.001
0.001	0.997	0.001	0.001
0.997	0.001	0.001	0.001
0.001	0.997	0.001	0.001
0.997	0.001	0.001	0.001
>TTCGGTTTCG	11-TTCGGTTTCG	5.946388	-80.403103	0	T:747.0(12.78%),B:3465.0(8.02%),P:1e-34	Tpos:308.2,Tstd:261.1,Bpos:236.4,Bstd:154.2,StrandBias:-0.1,Multiplicity:1.12
0.076	0.174	0.027	0.723
0.103	0.168	0.077	0.652
0.154	0.549	0.119	0.178
0.145	0.163	0.488	0.204
0.048	0.158	0.587	0.207
0.086	0.174	0.121	0.619
0.119	0.066	0.177	0.638
0.135	0.145	0.074	0.646
0.142	0.498	0.128	0.232
0.128	0.212	0.532	0.128
>GGGGGGGGGG	12-GGGGGGGGGG	8.318163	-70.209694	0	T:1354.0(23.17%),B:7435.9(17.22%),P:1e-30	Tpos:346.1,Tstd:301.2,Bpos:236.3,Bstd:141.8,StrandBias:-0.0,Multiplicity:1.49
0.216	0.001	0.782	0.001
0.158	0.001	0.840	0.001
0.205	0.001	0.793	0.001
0.163	0.001	0.835	0.001
0.167	0.034	0.798	0.001
0.143	0.150	0.706	0.001
0.186	0.092	0.721	0.001
0.173	0.092	0.651	0.084
0.125	0.001	0.873	0.001
0.001	0.001	0.997	0.001
>GAAAACACCC	13-GAAAACACCC	7.842794	-44.788628	0	T:640.0(10.95%),B:3278.4(7.59%),P:1e-19	Tpos:307.6,Tstd:259.3,Bpos:233.3,Bstd:150.1,StrandBias:0.1,Multiplicity:1.06
0.312	0.054	0.608	0.026
0.801	0.105	0.011	0.083
0.941	0.054	0.004	0.001
0.945	0.033	0.021	0.001
0.979	0.012	0.008	0.001
0.278	0.643	0.038	0.041
0.908	0.001	0.043	0.048
0.281	0.444	0.208	0.067
0.043	0.919	0.037	0.001
0.044	0.827	0.087	0.042
>GCGBTGCARA	14-GCGBTGCARA	8.363280	-42.810911	0	T:252.0(4.31%),B:1011.8(2.34%),P:1e-18	Tpos:306.4,Tstd:249.5,Bpos:236.6,Bstd:157.2,StrandBias:-0.2,Multiplicity:1.04
0.001	0.298	0.700	0.001
0.001	0.997	0.001	0.001
0.001	0.001	0.997	0.001
0.001	0.390	0.290	0.319
0.001	0.001	0.001	0.997
0.001	0.001	0.648	0.350
0.236	0.511	0.001	0.252
0.777	0.001	0.001	0.221
0.500	0.067	0.412	0.021
0.674	0.324	0.001	0.001
>CCAGGAAATG	15-CCAGGAAATG	9.683616	-38.363101	0	T:140.0(2.40%),B:464.1(1.07%),P:1e-16	Tpos:312.6,Tstd:270.1,Bpos:233.9,Bstd:136.4,StrandBias:0.3,Multiplicity:1.01
0.001	0.997	0.001	0.001
0.097	0.901	0.001	0.001
0.885	0.035	0.079	0.001
0.001	0.001	0.997	0.001
0.001	0.001	0.997	0.001
0.997	0.001	0.001	0.001
0.997	0.001	0.001	0.001
0.817	0.001	0.181	0.001
0.001	0.001	0.001	0.997
0.001	0.001	0.890	0.108
>CGTTTCCGCT	16-CGTTTCCGCT	8.825791	-38.349622	0	T:35.0(0.60%),B:40.8(0.09%),P:1e-16	Tpos:244.4,Tstd:181.6,Bpos:249.0,Bstd:168.9,StrandBias:-0.5,Multiplicity:1.00
0.217	0.557	0.201	0.025
0.054	0.110	0.634	0.202
0.082	0.068	0.219	0.631
0.032	0.017	0.057	0.894
0.077	0.268	0.024	0.631
0.120	0.620	0.018	0.242
0.013	0.647	0.319	0.021
0.043	0.124	0.832	0.001
0.099	0.785	0.064	0.052
0.032	0.105	0.295	0.568
>KGCGTGGGCG	17-KGCGTGGGCG	10.037687	-37.085425	0	T:83.0(1.42%),B:211.5(0.49%),P:1e-16	Tpos:369.1,Tstd:290.8,Bpos:211.8,Bstd:150.7,StrandBias:-0.3,Multiplicity:1.07
0.001	0.001	0.487	0.511
0.053	0.001	0.945	0.001
0.001	0.883	0.001	0.115
0.001	0.035	0.962	0.002
0.001	0.001	0.001	0.997
0.001	0.001	0.997	0.001
0.308	0.001	0.690	0.001
0.078	0.001	0.920	0.001
0.001	0.997	0.001	0.001
0.001	0.001	0.997	0.001
>CGCCACCTAC	18-CGCCACCTAC	9.796527	-33.777841	0	T:72.0(1.23%),B:178.7(0.41%),P:1e-14	Tpos:319.1,Tstd:208.2,Bpos:226.7,Bstd:157.2,StrandBias:-0.1,Multiplicity:1.00
0.001	0.812	0.001	0.186
0.035	0.022	0.908	0.035
0.019	0.892	0.001	0.088
0.001	0.997	0.001	0.001
0.977	0.016	0.006	0.001
0.001	0.830	0.001	0.168
0.001	0.968	0.030	0.001
0.040	0.043	0.019	0.898
0.830	0.018	0.137	0.015
0.024	0.933	0.012	0.031
>TGCGCATGCG	19-TGCGCATGCG	9.540076	-27.615456	0	T:129.0(2.21%),B:479.8(1.11%),P:1e-11	Tpos:326.7,Tstd:232.4,Bpos:241.8,Bstd:159.9,StrandBias:-0.0,Multiplicity:1.13
0.001	0.127	0.001	0.871
0.001	0.019	0.979	0.001
0.001	0.879	0.119	0.001
0.001	0.093	0.905	0.001
0.001	0.920	0.012	0.067
0.864	0.078	0.001	0.057
0.095	0.001	0.176	0.728
0.001	0.001	0.997	0.001
0.001	0.988	0.010	0.001
0.025	0.001	0.973	0.001
>ACTGATTGCG	20-ACTGATTGCG	9.232750	-27.383287	0	T:56.0(0.96%),B:136.4(0.32%),P:1e-11	Tpos:242.8,Tstd:185.1,Bpos:245.0,Bstd:140.4,StrandBias:0.2,Multiplicity:1.00
0.997	0.001	0.001	0.001
0.001	0.997	0.001	0.001
0.055	0.001	0.001	0.943
0.001	0.055	0.943	0.001
0.903	0.017	0.001	0.079
0.034	0.100	0.083	0.783
0.001	0.055	0.001	0.943
0.056	0.056	0.845	0.043
0.024	0.819	0.136	0.021
0.124	0.019	0.816	0.041
>AAGGTACTTT	21-AAGGTACTTT	11.101700	-26.431498	0	T:28.0(0.48%),B:39.6(0.09%),P:1e-11	Tpos:335.0,Tstd:365.9,Bpos:287.0,Bstd:127.8,StrandBias:1.1,Multiplicity:1.00
0.997	0.001	0.001	0.001
0.925	0.073	0.001	0.001
0.001	0.001	0.997	0.001
0.001	0.001	0.997	0.001
0.001	0.001	0.001	0.997
0.997	0.001	0.001	0.001
0.001	0.997	0.001	0.001
0.001	0.001	0.001	0.997
0.001	0.111	0.001	0.887
0.001	0.001	0.001	0.997
>AACACGTCAC	22-AACACGTCAC	10.296193	-17.912828	0	T:7.0(0.12%),B:2.5(0.01%),P:1e-7	Tpos:284.3,Tstd:172.7,Bpos:200.5,Bstd:121.5,StrandBias:1.3,Multiplicity:1.00
0.700	0.100	0.100	0.100
0.700	0.100	0.100	0.100
0.100	0.700	0.100	0.100
0.700	0.100	0.100	0.100
0.100	0.700	0.100	0.100
0.100	0.100	0.700	0.100
0.100	0.100	0.100	0.700
0.100	0.700	0.100	0.100
0.700	0.100	0.100	0.100
0.100	0.700	0.100	0.100
>AACCTAGTAC	23-AACCTAGTAC	10.296193	-16.452204	0	T:11.0(0.19%),B:9.3(0.02%),P:1e-7	Tpos:249.6,Tstd:201.6,Bpos:153.8,Bstd:106.7,StrandBias:0.8,Multiplicity:1.00
0.700	0.100	0.100	0.100
0.700	0.100	0.100	0.100
0.100	0.700	0.100	0.100
0.100	0.700	0.100	0.100
0.100	0.100	0.100	0.700
0.700	0.100	0.100	0.100
0.100	0.100	0.700	0.100
0.100	0.100	0.100	0.700
0.700	0.100	0.100	0.100
0.100	0.700	0.100	0.100
>CGACACGCAC	24-CGACACGCAC	10.296193	-15.192285	0	T:7.0(0.12%),B:3.3(0.01%),P:1e-6	Tpos:347.8,Tstd:189.5,Bpos:129.4,Bstd:102.9,StrandBias:1.6,Multiplicity:1.14
0.100	0.700	0.100	0.100
0.100	0.100	0.700	0.100
0.700	0.100	0.100	0.100
0.100	0.700	0.100	0.100
0.700	0.100	0.100	0.100
0.100	0.700	0.100	0.100
0.100	0.100	0.700	0.100
0.100	0.700	0.100	0.100
0.700	0.100	0.100	0.100
0.100	0.700	0.100	0.100
>TATTCACCTC	25-TATTCACCTC	9.170187	-14.265514	0	T:32.0(0.55%),B:86.9(0.20%),P:1e-6	Tpos:274.0,Tstd:213.2,Bpos:237.9,Bstd:140.9,StrandBias:-0.4,Multiplicity:1.19
0.001	0.001	0.109	0.889
0.997	0.001	0.001	0.001
0.001	0.001	0.001	0.997
0.001	0.001	0.092	0.906
0.001	0.997	0.001	0.001
0.997	0.001	0.001	0.001
0.001	0.997	0.001	0.001
0.001	0.997	0.001	0.001
0.001	0.001	0.001	0.997
0.065	0.933	0.001	0.001
>DRACAGGAAGTG	1-DRACAGGAAGTG	8.482863	-368.279123	0	T:1214.0(20.77%),B:3936.6(9.11%),P:1e-159	Tpos:299.6,Tstd:236.1,Bpos:237.8,Bstd:139.3,StrandBias:0.0,Multiplicity:1.14
0.370	0.158	0.229	0.243
0.455	0.203	0.337	0.006
0.623	0.028	0.292	0.057
0.044	0.752	0.203	0.001
0.997	0.001	0.001	0.001
0.001	0.001	0.997	0.001
0.042	0.001	0.956	0.001
0.997	0.001	0.001	0.001
0.827	0.001	0.001	0.171
0.336	0.011	0.652	0.001
0.047	0.255	0.009	0.689
0.144	0.122	0.503	0.231
>KGTYTGTGGTTT	2-KGTYTGTGGTTT	8.214539	-274.167482	0	T:955.0(16.34%),B:3138.1(7.27%),P:1e-119	Tpos:297.5,Tstd:256.1,Bpos:234.9,Bstd:145.2,StrandBias:-0.1,Multiplicity:1.14
0.127	0.157	0.379	0.337
0.108	0.216	0.444	0.232
0.080	0.157	0.232	0.531
0.111	0.386	0.081	0.422
0.021	0.001	0.001	0.977
0.007	0.013	0.871	0.109
0.027	0.001	0.001	0.971
0.032	0.001	0.966	0.001
0.035	0.025	0.912	0.028
0.003	0.107	0.102	0.788
0.095	0.162	0.039	0.704
0.296	0.056	0.079	0.569
>CCACHAGRGGGC	3-CCACHAGRGGGC	10.707124	-265.379641	0	T:297.0(5.08%),B:410.1(0.95%),P:1e-115	Tpos:253.3,Tstd:174.7,Bpos:231.1,Bstd:144.4,StrandBias:0.0,Multiplicity:1.02
0.152	0.846	0.001	0.001
0.001	0.997	0.001	0.001
0.997	0.001	0.001	0.001
0.001	0.855	0.143	0.001
0.318	0.337	0.001	0.344
0.997	0.001	0.001	0.001
0.001	0.001	0.997	0.001
0.423	0.001	0.518	0.058
0.001	0.099	0.543	0.357
0.001	0.001	0.997	0.001
0.001	0.001	0.641	0.357
0.175	0.646	0.001	0.178
>GAAAGTGAAAGT	4-GAAAGTGAAAGT	8.906506	-218.584179	0	T:632.0(10.81%),B:1859.8(4.31%),P:1e-94	Tpos:323.1,Tstd:261.5,Bpos:240.7,Bstd:143.9,StrandBias:0.1,Multiplicity:1.12
0.226	0.096	0.540	0.138
0.837	0.001	0.139	0.023
0.830	0.048	0.059	0.063
0.987	0.001	0.011	0.001
0.141	0.336	0.516	0.007
0.170	0.053	0.120	0.657
0.025	0.024	0.910	0.041
0.933	0.001	0.001	0.065
0.942	0.001	0.045	0.012
0.915	0.001	0.040	0.044
0.068	0.290	0.638	0.004
0.106	0.191	0.097	0.606
>NBKVTGACTCAT	5-NBKVTGACTCAT	4.224580	-211.627682	0	T:804.0(13.76%),B:2733.0(6.33%),P:1e-91	Tpos:267.2,Tstd:213.9,Bpos:237.2,Bstd:136.7,StrandBias:-0.0,Multiplicity:1.13
0.306	0.275	0.250	0.169
0.124	0.227	0.350	0.298
0.162	0.105	0.369	0.364
0.347	0.344	0.309	0.001
0.001	0.001	0.001	0.997
0.001	0.001	0.997	0.001
0.997	0.001	0.001	0.001
0.001	0.588	0.410	0.001
0.001	0.001	0.001	0.997
0.001	0.997	0.001	0.001
0.997	0.001	0.001	0.001
0.056	0.204	0.244	0.495
>CTTTGATGTGGT	6-CTTTGATGTGGT	9.127719	-154.858564	0	T:345.0(5.90%),B:858.9(1.99%),P:1e-67	Tpos:291.1,Tstd:215.8,Bpos:241.6,Bstd:146.2,StrandBias:0.2,Multiplicity:1.06
0.058	0.741	0.098	0.103
0.062	0.079	0.008	0.851
0.049	0.108	0.074	0.769
0.054	0.031	0.052	0.863
0.035	0.069	0.808	0.088
0.789	0.040	0.063	0.108
0.074	0.006	0.028	0.892
0.010	0.057	0.888	0.045
0.035	0.011	0.032	0.922
0.044	0.014	0.878	0.064
0.077	0.062	0.820	0.041
0.048	0.077	0.092	0.783
>KGGGAAATYCCC	7-KGGGAAATYCCC	8.971203	-144.065742	0	T:337.0(5.77%),B:865.8(2.00%),P:1e-62	Tpos:310.2,Tstd:242.3,Bpos:234.6,Bstd:141.9,StrandBias:-0.1,Multiplicity:1.07
0.164	0.115	0.384	0.337
0.079	0.032	0.634	0.255
0.041	0.001	0.957	0.001
0.153	0.001	0.822	0.024
0.770	0.001	0.228	0.001
0.991	0.001	0.001	0.007
0.626	0.166	0.101	0.107
0.164	0.162	0.189	0.485
0.036	0.413	0.080	0.471
0.042	0.917	0.001	0.040
0.001	0.969	0.001	0.029
0.080	0.834	0.054	0.032
>BCTTTGATCTTN	8-BCTTTGATCTTN	7.594077	-116.264121	0	T:1013.0(17.33%),B:4652.1(10.77%),P:1e-50	Tpos:293.8,Tstd:243.4,Bpos:237.0,Bstd:139.2,StrandBias:0.1,Multiplicity:1.15
0.156	0.330	0.216	0.298
0.087	0.516	0.180	0.217
0.063	0.001	0.001	0.935
0.007	0.283	0.001	0.709
0.161	0.001	0.037	0.801
0.001	0.355	0.643	0.001
0.929	0.001	0.015	0.055
0.254	0.001	0.017	0.728
0.017	0.750	0.232	0.001
0.333	0.001	0.001	0.665
0.214	0.151	0.239	0.396
0.267	0.288	0.159	0.287
>TAACCACTTCCT	9-TAACCACTTCCT	8.633616	-103.848140	0	T:377.0(6.45%),B:1236.8(2.86%),P:1e-45	Tpos:284.4,Tstd:237.4,Bpos:236.0,Bstd:135.4,StrandBias:-0.0,Multiplicity:1.04
0.089	0.097	0.060	0.754
0.793	0.086	0.052	0.069
0.758	0.128	0.093	0.021
0.048	0.844	0.051	0.057
0.033	0.898	0.027	0.042
0.884	0.022	0.009	0.085
0.066	0.817	0.062	0.055
0.095	0.047	0.035	0.823
0.035	0.044	0.030	0.891
0.035	0.821	0.061	0.083
0.037	0.925	0.018	0.020
0.030	0.148	0.024	0.798
>CACTTCAAAGAC	10-CACTTCAAAGAC	9.126862	-80.735469	0	T:300.0(5.13%),B:994.5(2.30%),P:1e-35	Tpos:285.5,Tstd:251.9,Bpos:239.7,Bstd:144.0,StrandBias:0.0,Multiplicity:1.02
0.087	0.754	0.112	0.047
0.854	0.064	0.008	0.074
0.019	0.781	0.110	0.090
0.052	0.037	0.008	0.903
0.039	0.052	0.047	0.862
0.049	0.854	0.040	0.057
0.853	0.048	0.018	0.081
0.836	0.078	0.069	0.017
0.909	0.001	0.053	0.037
0.038	0.060	0.819	0.083
0.731	0.068	0.073	0.128
0.047	0.847	0.061	0.045
>TAGTTTCGTTTC	11-TAGTTTCGTTTC	9.150864	-62.689485	0	T:212.0(3.63%),B:672.5(1.56%),P:1e-27	Tpos:298.4,Tstd:267.4,Bpos:234.1,Bstd:152.6,StrandBias:-0.3,Multiplicity:1.02
0.046	0.064	0.080	0.810
0.796	0.045	0.089	0.070
0.032	0.090	0.852	0.026
0.015	0.036	0.064	0.885
0.015	0.015	0.021	0.949
0.044	0.055	0.001	0.900
0.104	0.617	0.093	0.186
0.112	0.108	0.703	0.077
0.001	0.066	0.044	0.889
0.089	0.052	0.023	0.836
0.030	0.039	0.015	0.916
0.055	0.853	0.025	0.067
>ACTTCCTGTCTC	12-ACTTCCTGTCTC	9.923877	-59.223727	0	T:172.0(2.94%),B:504.7(1.17%),P:1e-25	Tpos:266.3,Tstd:212.1,Bpos:234.8,Bstd:132.8,StrandBias:0.3,Multiplicity:1.01
0.841	0.091	0.050	0.018
0.074	0.924	0.001	0.001
0.130	0.005	0.101	0.764
0.001	0.068	0.065	0.866
0.083	0.773	0.143	0.001
0.001	0.825	0.033	0.141
0.069	0.099	0.100	0.732
0.163	0.069	0.718	0.050
0.001	0.072	0.077	0.850
0.084	0.882	0.001	0.033
0.001	0.001	0.001	0.997
0.110	0.813	0.076	0.001
>CCCCCCCCCCCC	13-CCCCCCCCCCCC	9.010541	-50.837651	0	T:1033.0(17.67%),B:5684.7(13.16%),P:1e-22	Tpos:333.7,Tstd:284.9,Bpos:238.2,Bstd:139.0,StrandBias:-0.0,Multiplicity:1.31
0.044	0.862	0.050	0.044
0.046	0.882	0.022	0.050
0.078	0.820	0.030	0.072
0.060	0.845	0.045	0.050
0.092	0.739	0.091	0.078
0.080	0.807	0.032	0.081
0.045	0.840	0.049	0.066
0.058	0.822	0.059	0.061
0.063	0.833	0.053	0.051
0.038	0.858	0.055	0.049
0.066	0.828	0.047	0.059
0.061	0.866	0.026	0.047
>GTTKCCATGGCA	14-GTTKCCATGGCA	10.742600	-44.692870	0	T:92.0(1.57%),B:220.2(0.51%),P:1e-19	Tpos:267.3,Tstd:164.4,Bpos:227.5,Bstd:128.6,StrandBias:-0.2,Multiplicity:1.02
0.064	0.032	0.840	0.064
0.001	0.001	0.001	0.997
0.001	0.001	0.035	0.963
0.193	0.055	0.385	0.367
0.001	0.997	0.001	0.001
0.001	0.977	0.001	0.021
0.664	0.033	0.056	0.247
0.196	0.063	0.001	0.740
0.001	0.001	0.997	0.001
0.206	0.080	0.713	0.001
0.096	0.739	0.033	0.132
0.903	0.095	0.001	0.001
>ACTACATTTCCG	15-ACTACATTTCCG	9.521946	-38.711575	0	T:105.0(1.80%),B:299.2(0.69%),P:1e-16	Tpos:303.5,Tstd:265.0,Bpos:242.6,Bstd:139.2,StrandBias:0.3,Multiplicity:1.05
0.878	0.062	0.030	0.030
0.129	0.848	0.022	0.001
0.001	0.031	0.061	0.907
0.710	0.029	0.201	0.060
0.001	0.939	0.059	0.001
0.829	0.111	0.030	0.030
0.031	0.077	0.103	0.789
0.021	0.092	0.001	0.886
0.030	0.016	0.120	0.834
0.061	0.812	0.111	0.016
0.042	0.814	0.001	0.143
0.120	0.190	0.626	0.064
>GMCTRSCYCCTC	16-GMCTRSCYCCTC	6.929569	-32.458705	0	T:212.0(3.63%),B:884.0(2.05%),P:1e-14	Tpos:291.4,Tstd:239.2,Bpos:241.5,Bstd:132.9,StrandBias:0.2,Multiplicity:1.03
0.001	0.232	0.766	0.001
0.416	0.523	0.060	0.001
0.001	0.997	0.001	0.001
0.001	0.001	0.001	0.997
0.505	0.001	0.357	0.137
0.001	0.563	0.435	0.001
0.001	0.997	0.001	0.001
0.001	0.538	0.001	0.460
0.001	0.997	0.001	0.001
0.001	0.997	0.001	0.001
0.001	0.001	0.001	0.997
0.001	0.997	0.001	0.001
>TAAAACGCGTCA	17-TAAAACGCGTCA	4.710824	-30.790756	0	T:1229.0(21.03%),B:7443.8(17.24%),P:1e-13	Tpos:304.4,Tstd:252.4,Bpos:238.9,Bstd:148.5,StrandBias:0.0,Multiplicity:1.15
0.111	0.129	0.004	0.756
0.755	0.111	0.060	0.074
0.854	0.001	0.037	0.108
0.756	0.115	0.020	0.109
0.796	0.073	0.094	0.037
0.039	0.745	0.072	0.144
0.279	0.002	0.718	0.001
0.004	0.958	0.001	0.037
0.002	0.186	0.810	0.002
0.057	0.081	0.181	0.681
0.005	0.685	0.269	0.041
0.753	0.135	0.111	0.001
>AGTCCTTCTGCC	18-AGTCCTTCTGCC	14.289846	-14.654133	0	T:6.0(0.10%),B:2.8(0.01%),P:1e-6	Tpos:222.3,Tstd:155.9,Bpos:256.7,Bstd:122.6,StrandBias:1.0,Multiplicity:1.50
0.997	0.001	0.001	0.001
0.001	0.001	0.997	0.001
0.001	0.001	0.001	0.997
0.001	0.997	0.001	0.001
0.001	0.997	0.001	0.001
0.001	0.001	0.001	0.997
0.001	0.001	0.001	0.997
0.001	0.997	0.001	0.001
0.001	0.001	0.099	0.899
0.001	0.001	0.997	0.001
0.001	0.997	0.001	0.001
0.001	0.997	0.001	0.001
>ATAGAAATGCAT	19-ATAGAAATGCAT	9.643345	-14.653288	0	T:91.0(1.56%),B:382.5(0.89%),P:1e-6	Tpos:298.8,Tstd:261.8,Bpos:251.4,Bstd:139.1,StrandBias:0.3,Multiplicity:1.08
0.713	0.105	0.082	0.100
0.065	0.041	0.100	0.794
0.859	0.035	0.070	0.036
0.017	0.087	0.809	0.087
0.913	0.035	0.035	0.017
0.826	0.052	0.052	0.070
0.859	0.070	0.001	0.070
0.088	0.052	0.035	0.825
0.052	0.017	0.844	0.087
0.052	0.837	0.035	0.076
0.808	0.070	0.052	0.070
0.052	0.001	0.017	0.930
>AAGGACACACCC	20-AAGGACACACCC	2.726840	-12.399516	0	T:372.0(6.36%),B:2174.0(5.03%),P:1e-5	Tpos:279.8,Tstd:231.9,Bpos:229.5,Bstd:140.4,StrandBias:0.2,Multiplicity:1.07
0.997	0.001	0.001	0.001
0.997	0.001	0.001	0.001
0.001	0.001	0.997	0.001
0.001	0.001	0.997	0.001
0.997	0.001	0.001	0.001
0.001	0.997	0.001	0.001
0.997	0.001	0.001	0.001
0.001	0.997	0.001	0.001
0.997	0.001	0.001	0.001
0.001	0.997	0.001	0.001
0.001	0.936	0.062	0.001
0.001	0.997	0.001	0.001
>CTGAGGTGCATT	21-CTGAGGTGCATT	14.106856	-9.501003	0	T:6.0(0.10%),B:5.8(0.01%),P:1e-4	Tpos:245.2,Tstd:207.3,Bpos:333.6,Bstd:47.9,StrandBias:2.3,Multiplicity:2.00
0.024	0.951	0.001	0.024
0.073	0.001	0.001	0.925
0.001	0.001	0.997	0.001
0.997	0.001	0.001	0.001
0.001	0.001	0.997	0.001
0.001	0.001	0.997	0.001
0.001	0.001	0.001	0.997
0.001	0.001	0.997	0.001
0.293	0.705	0.001	0.001
0.997	0.001	0.001	0.001
0.001	0.001	0.001	0.997
0.317	0.001	0.001	0.681
>DGCTCAGWGHTH	22-DGCTCAGWGHTH	8.157041	-7.113841	0	T:54.0(0.92%),B:250.0(0.58%),P:1e-3	Tpos:319.9,Tstd:216.8,Bpos:225.3,Bstd:113.2,StrandBias:0.0,Multiplicity:1.00
0.337	0.005	0.389	0.268
0.115	0.117	0.564	0.204
0.052	0.702	0.074	0.172
0.254	0.068	0.008	0.670
0.025	0.602	0.235	0.138
0.686	0.018	0.003	0.293
0.041	0.100	0.774	0.085
0.331	0.030	0.161	0.478
0.088	0.179	0.537	0.196
0.381	0.235	0.151	0.233
0.205	0.161	0.158	0.476
0.327	0.355	0.001	0.317
>CTCAGTGATGGG	23-CTCAGTGATGGG	8.160671	-4.301024	0	T:292.0(5.00%),B:1894.1(4.39%),P:1e-1	Tpos:298.7,Tstd:281.4,Bpos:254.7,Bstd:148.5,StrandBias:-0.2,Multiplicity:1.00
0.092	0.666	0.099	0.143
0.110	0.091	0.054	0.745
0.095	0.670	0.087	0.148
0.760	0.066	0.041	0.133
0.109	0.121	0.644	0.126
0.075	0.068	0.079	0.778
0.061	0.076	0.747	0.116
0.682	0.080	0.098	0.140
0.083	0.079	0.068	0.770
0.066	0.040	0.797	0.097
0.109	0.082	0.749	0.060
0.001	0.001	0.997	0.001
>GACAGTGAGCCC	24-GACAGTGAGCCC	12.355432	-3.485353	0	T:2.0(0.03%),B:3.0(0.01%),P:1e-1	Tpos:218.1,Tstd:67.3,Bpos:135.0,Bstd:140.0,StrandBias:10.0,Multiplicity:3.50
0.100	0.100	0.700	0.100
0.700	0.100	0.100	0.100
0.100	0.700	0.100	0.100
0.700	0.100	0.100	0.100
0.100	0.100	0.700	0.100
0.100	0.100	0.100	0.700
0.100	0.100	0.700	0.100
0.700	0.100	0.100	0.100
0.100	0.100	0.700	0.100
0.100	0.700	0.100	0.100
0.100	0.700	0.100	0.100
0.100	0.700	0.100	0.100
>GCTCAGTGATGG	25-GCTCAGTGATGG	6.517702	-2.779797	0	T:2139.0(36.60%),B:15385.9(35.62%),P:1e-1	Tpos:306.5,Tstd:262.3,Bpos:236.4,Bstd:139.3,StrandBias:0.0,Multiplicity:1.32
0.100	0.100	0.700	0.100
0.100	0.700	0.100	0.100
0.100	0.100	0.100	0.700
0.100	0.700	0.100	0.100
0.700	0.100	0.100	0.100
0.100	0.100	0.700	0.100
0.100	0.100	0.100	0.700
0.100	0.100	0.700	0.100
0.700	0.100	0.100	0.100
0.100	0.100	0.100	0.700
0.100	0.100	0.700	0.100
0.100	0.100	0.700	0.100
>CAGGAAGT	1-CAGGAAGT	6.850559	-307.328378	0	T:2009.0(34.37%),B:8847.2(20.48%),P:1e-133	Tpos:311.3,Tstd:259.9,Bpos:237.8,Bstd:138.9,StrandBias:-0.1,Multiplicity:1.31
0.060	0.788	0.151	0.001
0.997	0.001	0.001	0.001
0.001	0.001	0.997	0.001
0.001	0.001	0.997	0.001
0.997	0.001	0.001	0.001
0.895	0.001	0.001	0.103
0.188	0.001	0.810	0.001
0.001	0.110	0.001	0.888
>TGTGGTTT	2-TGTGGTTT	6.976208	-303.302112	0	T:1832.0(31.34%),B:7806.4(18.07%),P:1e-131	Tpos:296.3,Tstd:252.6,Bpos:239.1,Bstd:144.5,StrandBias:0.0,Multiplicity:1.27
0.034	0.021	0.045	0.900
0.001	0.001	0.972	0.026
0.001	0.047	0.031	0.921
0.013	0.001	0.985	0.001
0.001	0.001	0.997	0.001
0.001	0.058	0.017	0.924
0.030	0.036	0.001	0.933
0.179	0.024	0.052	0.745
>TGCGGTTA	3-TGCGGTTA	5.732327	-272.226096	0	T:1969.0(33.69%),B:8914.6(20.64%),P:1e-118	Tpos:291.0,Tstd:226.2,Bpos:237.9,Bstd:146.3,StrandBias:0.0,Multiplicity:1.16
0.121	0.112	0.065	0.702
0.088	0.089	0.759	0.064
0.079	0.638	0.013	0.270
0.060	0.059	0.870	0.011
0.084	0.043	0.843	0.030
0.054	0.064	0.055	0.827
0.137	0.100	0.110	0.653
0.713	0.101	0.087	0.099
>ATGACTCA	4-ATGACTCA	7.918115	-205.788577	0	T:782.0(13.38%),B:2655.7(6.15%),P:1e-89	Tpos:269.7,Tstd:220.1,Bpos:236.0,Bstd:137.9,StrandBias:-0.0,Multiplicity:1.13
0.687	0.127	0.134	0.052
0.001	0.001	0.001	0.997
0.001	0.001	0.997	0.001
0.997	0.001	0.001	0.001
0.001	0.662	0.336	0.001
0.001	0.001	0.001	0.997
0.001	0.997	0.001	0.001
0.997	0.001	0.001	0.001
>ATKASTCA	5-ATKASTCA	7.214568	-174.792672	0	T:1058.0(18.10%),B:4361.7(10.10%),P:1e-75	Tpos:295.3,Tstd:241.3,Bpos:238.0,Bstd:141.8,StrandBias:-0.1,Multiplicity:1.09
0.705	0.168	0.126	0.001
0.001	0.001	0.001	0.997
0.001	0.001	0.445	0.553
0.997	0.001	0.001	0.001
0.001	0.464	0.534	0.001
0.001	0.001	0.001	0.997
0.295	0.703	0.001	0.001
0.800	0.001	0.198	0.001
>CTTTGAAG	6-CTTTGAAG	7.853501	-138.241599	0	T:721.0(12.34%),B:2784.1(6.45%),P:1e-60	Tpos:287.1,Tstd:221.0,Bpos:235.3,Bstd:141.4,StrandBias:-0.1,Multiplicity:1.10
0.001	0.997	0.001	0.001
0.001	0.001	0.001	0.997
0.001	0.001	0.001	0.997
0.001	0.001	0.001	0.997
0.001	0.001	0.997	0.001
0.997	0.001	0.001	0.001
0.659	0.001	0.001	0.339
0.001	0.118	0.880	0.001
>TTTCRGTT	7-TTTCRGTT	7.211944	-110.361691	0	T:901.0(15.41%),B:4050.3(9.38%),P:1e-47	Tpos:320.7,Tstd:273.7,Bpos:237.5,Bstd:147.4,StrandBias:-0.0,Multiplicity:1.16
0.001	0.001	0.001	0.997
0.001	0.001	0.001	0.997
0.001	0.071	0.001	0.927
0.001	0.997	0.001	0.001
0.487	0.003	0.509	0.001
0.001	0.053	0.581	0.365
0.001	0.001	0.001	0.997
0.001	0.001	0.001	0.997
>TTTCCGTT	8-TTTCCGTT	5.308007	-96.180228	0	T:1787.0(30.57%),B:9860.8(22.83%),P:1e-41	Tpos:305.9,Tstd:261.7,Bpos:238.6,Bstd:148.8,StrandBias:-0.2,Multiplicity:1.24
0.090	0.082	0.048	0.780
0.098	0.047	0.028	0.827
0.088	0.086	0.054	0.772
0.048	0.792	0.078	0.082
0.077	0.734	0.136	0.053
0.020	0.095	0.811	0.074
0.095	0.136	0.105	0.664
0.084	0.165	0.125	0.626
>CACACCYC	9-CACACCYC	6.889488	-67.421517	0	T:1686.0(28.85%),B:9705.3(22.47%),P:1e-29	Tpos:328.4,Tstd:279.0,Bpos:236.7,Bstd:146.7,StrandBias:-0.1,Multiplicity:1.29
0.120	0.814	0.039	0.027
0.997	0.001	0.001	0.001
0.001	0.997	0.001	0.001
0.607	0.001	0.391	0.001
0.001	0.997	0.001	0.001
0.202	0.719	0.068	0.011
0.063	0.468	0.104	0.365
0.256	0.455	0.109	0.181
>GGGGGGGG	10-GGGGGGGG	7.891807	-64.714706	0	T:1522.0(26.04%),B:8653.3(20.04%),P:1e-28	Tpos:336.3,Tstd:284.3,Bpos:236.3,Bstd:145.8,StrandBias:0.0,Multiplicity:1.70
0.001	0.001	0.997	0.001
0.001	0.001	0.997	0.001
0.037	0.028	0.934	0.001
0.101	0.230	0.595	0.074
0.081	0.167	0.751	0.001
0.104	0.127	0.768	0.001
0.029	0.021	0.949	0.001
0.001	0.001	0.997	0.001
>TTKATGCG	11-TTKATGCG	8.617256	-61.191874	0	T:218.0(3.73%),B:709.4(1.64%),P:1e-26	Tpos:257.3,Tstd:200.8,Bpos:235.4,Bstd:142.0,StrandBias:0.0,Multiplicity:1.01
0.001	0.001	0.001	0.997
0.001	0.001	0.001	0.997
0.199	0.001	0.471	0.329
0.997	0.001	0.001	0.001
0.001	0.001	0.001	0.997
0.001	0.001	0.780	0.218
0.001	0.765	0.001	0.233
0.001	0.001	0.997	0.001
>MTCCGCCC	12-MTCCGCCC	6.479372	-59.349910	0	T:1213.0(20.75%),B:6704.9(15.52%),P:1e-25	Tpos:336.4,Tstd:290.0,Bpos:235.7,Bstd:144.4,StrandBias:0.1,Multiplicity:1.29
0.454	0.544	0.001	0.001
0.001	0.001	0.001	0.997
0.381	0.617	0.001	0.001
0.001	0.997	0.001	0.001
0.051	0.001	0.916	0.032
0.001	0.997	0.001	0.001
0.001	0.997	0.001	0.001
0.001	0.945	0.001	0.053
>CCACYAGA	13-CCACYAGA	7.118423	-58.681942	0	T:768.0(13.14%),B:3868.3(8.96%),P:1e-25	Tpos:303.5,Tstd:260.3,Bpos:237.0,Bstd:140.3,StrandBias:-0.1,Multiplicity:1.09
0.001	0.854	0.144	0.001
0.111	0.666	0.111	0.112
0.696	0.119	0.170	0.015
0.047	0.903	0.049	0.001
0.141	0.444	0.015	0.400
0.859	0.001	0.001	0.139
0.001	0.331	0.644	0.024
0.975	0.001	0.001	0.023
>ACTTTCAC	14-ACTTTCAC	4.027606	-52.667695	0	T:693.0(11.86%),B:3490.1(8.08%),P:1e-22	Tpos:300.6,Tstd:259.6,Bpos:241.3,Bstd:143.4,StrandBias:0.0,Multiplicity:1.10
0.997	0.001	0.001	0.001
0.001	0.997	0.001	0.001
0.001	0.001	0.001	0.997
0.001	0.001	0.001	0.997
0.001	0.001	0.126	0.872
0.001	0.997	0.001	0.001
0.713	0.001	0.001	0.285
0.001	0.997	0.001	0.001
>AGGTGGCG	15-AGGTGGCG	8.020714	-44.516288	0	T:486.0(8.31%),B:2339.6(5.42%),P:1e-19	Tpos:303.4,Tstd:230.7,Bpos:236.0,Bstd:145.4,StrandBias:0.1,Multiplicity:1.07
0.997	0.001	0.001	0.001
0.001	0.077	0.844	0.078
0.118	0.001	0.880	0.001
0.001	0.001	0.001	0.997
0.080	0.001	0.918	0.001
0.001	0.001	0.997	0.001
0.001	0.997	0.001	0.001
0.207	0.001	0.791	0.001
>TGTTTTGA	16-TGTTTTGA	8.782696	-34.493515	0	T:581.0(9.94%),B:3074.2(7.12%),P:1e-14	Tpos:284.9,Tstd:230.8,Bpos:236.4,Bstd:147.6,StrandBias:-0.2,Multiplicity:1.11
0.001	0.001	0.001	0.997
0.001	0.158	0.840	0.001
0.001	0.001	0.001	0.997
0.001	0.001	0.001	0.997
0.001	0.001	0.001	0.997
0.001	0.158	0.001	0.840
0.001	0.237	0.761	0.001
0.997	0.001	0.001	0.001
>ATTTGCAT	17-ATTTGCAT	8.236954	-31.401630	0	T:178.0(3.05%),B:708.5(1.64%),P:1e-13	Tpos:279.0,Tstd:223.4,Bpos:235.6,Bstd:142.5,StrandBias:0.0,Multiplicity:1.07
0.700	0.100	0.100	0.100
0.100	0.100	0.100	0.700
0.100	0.100	0.100	0.700
0.100	0.100	0.100	0.700
0.100	0.100	0.700	0.100
0.100	0.700	0.100	0.100
0.700	0.100	0.100	0.100
0.100	0.100	0.100	0.700
>GATGAAAG	18-GATGAAAG	9.193440	-30.052854	0	T:353.0(6.04%),B:1731.4(4.01%),P:1e-13	Tpos:274.3,Tstd:222.1,Bpos:236.9,Bstd:140.3,StrandBias:0.1,Multiplicity:1.07
0.001	0.001	0.808	0.190
0.997	0.001	0.001	0.001
0.001	0.001	0.001	0.997
0.194	0.001	0.804	0.001
0.997	0.001	0.001	0.001
0.997	0.001	0.001	0.001
0.997	0.001	0.001	0.001
0.001	0.001	0.997	0.001
>AGAGCGGT	19-AGAGCGGT	6.874952	-27.593358	0	T:267.0(4.57%),B:1250.2(2.89%),P:1e-11	Tpos:316.7,Tstd:291.6,Bpos:238.4,Bstd:155.8,StrandBias:-0.1,Multiplicity:1.08
0.997	0.001	0.001	0.001
0.001	0.001	0.843	0.155
0.997	0.001	0.001	0.001
0.001	0.001	0.997	0.001
0.001	0.997	0.001	0.001
0.001	0.001	0.997	0.001
0.001	0.001	0.997	0.001
0.317	0.097	0.001	0.585
>TGTGTCAC	20-TGTGTCAC	9.217116	-24.542183	0	T:333.0(5.70%),B:1689.6(3.91%),P:1e-10	Tpos:282.7,Tstd:244.2,Bpos:240.3,Bstd:145.9,StrandBias:0.0,Multiplicity:1.06
0.001	0.001	0.001	0.997
0.001	0.001	0.997	0.001
0.001	0.198	0.001	0.800
0.001	0.001	0.997	0.001
0.001	0.001	0.001	0.997
0.001	0.997	0.001	0.001
0.997	0.001	0.001	0.001
0.001	0.790	0.001	0.208
>CGTACACA	21-CGTACACA	7.665795	-20.753464	0	T:110.0(1.88%),B:432.5(1.00%),P:1e-9	Tpos:328.3,Tstd:239.1,Bpos:226.1,Bstd:154.2,StrandBias:-0.2,Multiplicity:1.03
0.001	0.997	0.001	0.001
0.001	0.001	0.997	0.001
0.001	0.001	0.001	0.997
0.997	0.001	0.001	0.001
0.001	0.997	0.001	0.001
0.997	0.001	0.001	0.001
0.001	0.890	0.108	0.001
0.691	0.307	0.001	0.001
