>CAGGAAGT	1-CAGGAAGT	6.850559	-307.328378	0	T:2009.0(34.37%),B:8847.2(20.48%),P:1e-133	Tpos:311.3,Tstd:259.9,Bpos:237.8,Bstd:138.9,StrandBias:-0.1,Multiplicity:1.31
0.060	0.788	0.151	0.001
0.997	0.001	0.001	0.001
0.001	0.001	0.997	0.001
0.001	0.001	0.997	0.001
0.997	0.001	0.001	0.001
0.895	0.001	0.001	0.103
0.188	0.001	0.810	0.001
0.001	0.110	0.001	0.888
>TGTGGTTT	2-TGTGGTTT	6.976208	-303.302112	0	T:1832.0(31.34%),B:7806.4(18.07%),P:1e-131	Tpos:296.3,Tstd:252.6,Bpos:239.1,Bstd:144.5,StrandBias:0.0,Multiplicity:1.27
0.034	0.021	0.045	0.900
0.001	0.001	0.972	0.026
0.001	0.047	0.031	0.921
0.013	0.001	0.985	0.001
0.001	0.001	0.997	0.001
0.001	0.058	0.017	0.924
0.030	0.036	0.001	0.933
0.179	0.024	0.052	0.745
>TGCGGTTA	3-TGCGGTTA	5.732327	-272.226096	0	T:1969.0(33.69%),B:8914.6(20.64%),P:1e-118	Tpos:291.0,Tstd:226.2,Bpos:237.9,Bstd:146.3,StrandBias:0.0,Multiplicity:1.16
0.121	0.112	0.065	0.702
0.088	0.089	0.759	0.064
0.079	0.638	0.013	0.270
0.060	0.059	0.870	0.011
0.084	0.043	0.843	0.030
0.054	0.064	0.055	0.827
0.137	0.100	0.110	0.653
0.713	0.101	0.087	0.099
>ATGACTCA	4-ATGACTCA	7.918115	-205.788577	0	T:782.0(13.38%),B:2655.7(6.15%),P:1e-89	Tpos:269.7,Tstd:220.1,Bpos:236.0,Bstd:137.9,StrandBias:-0.0,Multiplicity:1.13
0.687	0.127	0.134	0.052
0.001	0.001	0.001	0.997
0.001	0.001	0.997	0.001
0.997	0.001	0.001	0.001
0.001	0.662	0.336	0.001
0.001	0.001	0.001	0.997
0.001	0.997	0.001	0.001
0.997	0.001	0.001	0.001
>ATKASTCA	5-ATKASTCA	7.214568	-174.792672	0	T:1058.0(18.10%),B:4361.7(10.10%),P:1e-75	Tpos:295.3,Tstd:241.3,Bpos:238.0,Bstd:141.8,StrandBias:-0.1,Multiplicity:1.09
0.705	0.168	0.126	0.001
0.001	0.001	0.001	0.997
0.001	0.001	0.445	0.553
0.997	0.001	0.001	0.001
0.001	0.464	0.534	0.001
0.001	0.001	0.001	0.997
0.295	0.703	0.001	0.001
0.800	0.001	0.198	0.001
>CTTTGAAG	6-CTTTGAAG	7.853501	-138.241599	0	T:721.0(12.34%),B:2784.1(6.45%),P:1e-60	Tpos:287.1,Tstd:221.0,Bpos:235.3,Bstd:141.4,StrandBias:-0.1,Multiplicity:1.10
0.001	0.997	0.001	0.001
0.001	0.001	0.001	0.997
0.001	0.001	0.001	0.997
0.001	0.001	0.001	0.997
0.001	0.001	0.997	0.001
0.997	0.001	0.001	0.001
0.659	0.001	0.001	0.339
0.001	0.118	0.880	0.001
>TTTCRGTT	7-TTTCRGTT	7.211944	-110.361691	0	T:901.0(15.41%),B:4050.3(9.38%),P:1e-47	Tpos:320.7,Tstd:273.7,Bpos:237.5,Bstd:147.4,StrandBias:-0.0,Multiplicity:1.16
0.001	0.001	0.001	0.997
0.001	0.001	0.001	0.997
0.001	0.071	0.001	0.927
0.001	0.997	0.001	0.001
0.487	0.003	0.509	0.001
0.001	0.053	0.581	0.365
0.001	0.001	0.001	0.997
0.001	0.001	0.001	0.997
>TTTCCGTT	8-TTTCCGTT	5.308007	-96.180228	0	T:1787.0(30.57%),B:9860.8(22.83%),P:1e-41	Tpos:305.9,Tstd:261.7,Bpos:238.6,Bstd:148.8,StrandBias:-0.2,Multiplicity:1.24
0.090	0.082	0.048	0.780
0.098	0.047	0.028	0.827
0.088	0.086	0.054	0.772
0.048	0.792	0.078	0.082
0.077	0.734	0.136	0.053
0.020	0.095	0.811	0.074
0.095	0.136	0.105	0.664
0.084	0.165	0.125	0.626
>CACACCYC	9-CACACCYC	6.889488	-67.421517	0	T:1686.0(28.85%),B:9705.3(22.47%),P:1e-29	Tpos:328.4,Tstd:279.0,Bpos:236.7,Bstd:146.7,StrandBias:-0.1,Multiplicity:1.29
0.120	0.814	0.039	0.027
0.997	0.001	0.001	0.001
0.001	0.997	0.001	0.001
0.607	0.001	0.391	0.001
0.001	0.997	0.001	0.001
0.202	0.719	0.068	0.011
0.063	0.468	0.104	0.365
0.256	0.455	0.109	0.181
>GGGGGGGG	10-GGGGGGGG	7.891807	-64.714706	0	T:1522.0(26.04%),B:8653.3(20.04%),P:1e-28	Tpos:336.3,Tstd:284.3,Bpos:236.3,Bstd:145.8,StrandBias:0.0,Multiplicity:1.70
0.001	0.001	0.997	0.001
0.001	0.001	0.997	0.001
0.037	0.028	0.934	0.001
0.101	0.230	0.595	0.074
0.081	0.167	0.751	0.001
0.104	0.127	0.768	0.001
0.029	0.021	0.949	0.001
0.001	0.001	0.997	0.001
>TTKATGCG	11-TTKATGCG	8.617256	-61.191874	0	T:218.0(3.73%),B:709.4(1.64%),P:1e-26	Tpos:257.3,Tstd:200.8,Bpos:235.4,Bstd:142.0,StrandBias:0.0,Multiplicity:1.01
0.001	0.001	0.001	0.997
0.001	0.001	0.001	0.997
0.199	0.001	0.471	0.329
0.997	0.001	0.001	0.001
0.001	0.001	0.001	0.997
0.001	0.001	0.780	0.218
0.001	0.765	0.001	0.233
0.001	0.001	0.997	0.001
>MTCCGCCC	12-MTCCGCCC	6.479372	-59.349910	0	T:1213.0(20.75%),B:6704.9(15.52%),P:1e-25	Tpos:336.4,Tstd:290.0,Bpos:235.7,Bstd:144.4,StrandBias:0.1,Multiplicity:1.29
0.454	0.544	0.001	0.001
0.001	0.001	0.001	0.997
0.381	0.617	0.001	0.001
0.001	0.997	0.001	0.001
0.051	0.001	0.916	0.032
0.001	0.997	0.001	0.001
0.001	0.997	0.001	0.001
0.001	0.945	0.001	0.053
>CCACYAGA	13-CCACYAGA	7.118423	-58.681942	0	T:768.0(13.14%),B:3868.3(8.96%),P:1e-25	Tpos:303.5,Tstd:260.3,Bpos:237.0,Bstd:140.3,StrandBias:-0.1,Multiplicity:1.09
0.001	0.854	0.144	0.001
0.111	0.666	0.111	0.112
0.696	0.119	0.170	0.015
0.047	0.903	0.049	0.001
0.141	0.444	0.015	0.400
0.859	0.001	0.001	0.139
0.001	0.331	0.644	0.024
0.975	0.001	0.001	0.023
>ACTTTCAC	14-ACTTTCAC	4.027606	-52.667695	0	T:693.0(11.86%),B:3490.1(8.08%),P:1e-22	Tpos:300.6,Tstd:259.6,Bpos:241.3,Bstd:143.4,StrandBias:0.0,Multiplicity:1.10
0.997	0.001	0.001	0.001
0.001	0.997	0.001	0.001
0.001	0.001	0.001	0.997
0.001	0.001	0.001	0.997
0.001	0.001	0.126	0.872
0.001	0.997	0.001	0.001
0.713	0.001	0.001	0.285
0.001	0.997	0.001	0.001
>AGGTGGCG	15-AGGTGGCG	8.020714	-44.516288	0	T:486.0(8.31%),B:2339.6(5.42%),P:1e-19	Tpos:303.4,Tstd:230.7,Bpos:236.0,Bstd:145.4,StrandBias:0.1,Multiplicity:1.07
0.997	0.001	0.001	0.001
0.001	0.077	0.844	0.078
0.118	0.001	0.880	0.001
0.001	0.001	0.001	0.997
0.080	0.001	0.918	0.001
0.001	0.001	0.997	0.001
0.001	0.997	0.001	0.001
0.207	0.001	0.791	0.001
>TGTTTTGA	16-TGTTTTGA	8.782696	-34.493515	0	T:581.0(9.94%),B:3074.2(7.12%),P:1e-14	Tpos:284.9,Tstd:230.8,Bpos:236.4,Bstd:147.6,StrandBias:-0.2,Multiplicity:1.11
0.001	0.001	0.001	0.997
0.001	0.158	0.840	0.001
0.001	0.001	0.001	0.997
0.001	0.001	0.001	0.997
0.001	0.001	0.001	0.997
0.001	0.158	0.001	0.840
0.001	0.237	0.761	0.001
0.997	0.001	0.001	0.001
>ATTTGCAT	17-ATTTGCAT	8.236954	-31.401630	0	T:178.0(3.05%),B:708.5(1.64%),P:1e-13	Tpos:279.0,Tstd:223.4,Bpos:235.6,Bstd:142.5,StrandBias:0.0,Multiplicity:1.07
0.700	0.100	0.100	0.100
0.100	0.100	0.100	0.700
0.100	0.100	0.100	0.700
0.100	0.100	0.100	0.700
0.100	0.100	0.700	0.100
0.100	0.700	0.100	0.100
0.700	0.100	0.100	0.100
0.100	0.100	0.100	0.700
>GATGAAAG	18-GATGAAAG	9.193440	-30.052854	0	T:353.0(6.04%),B:1731.4(4.01%),P:1e-13	Tpos:274.3,Tstd:222.1,Bpos:236.9,Bstd:140.3,StrandBias:0.1,Multiplicity:1.07
0.001	0.001	0.808	0.190
0.997	0.001	0.001	0.001
0.001	0.001	0.001	0.997
0.194	0.001	0.804	0.001
0.997	0.001	0.001	0.001
0.997	0.001	0.001	0.001
0.997	0.001	0.001	0.001
0.001	0.001	0.997	0.001
>AGAGCGGT	19-AGAGCGGT	6.874952	-27.593358	0	T:267.0(4.57%),B:1250.2(2.89%),P:1e-11	Tpos:316.7,Tstd:291.6,Bpos:238.4,Bstd:155.8,StrandBias:-0.1,Multiplicity:1.08
0.997	0.001	0.001	0.001
0.001	0.001	0.843	0.155
0.997	0.001	0.001	0.001
0.001	0.001	0.997	0.001
0.001	0.997	0.001	0.001
0.001	0.001	0.997	0.001
0.001	0.001	0.997	0.001
0.317	0.097	0.001	0.585
>TGTGTCAC	20-TGTGTCAC	9.217116	-24.542183	0	T:333.0(5.70%),B:1689.6(3.91%),P:1e-10	Tpos:282.7,Tstd:244.2,Bpos:240.3,Bstd:145.9,StrandBias:0.0,Multiplicity:1.06
0.001	0.001	0.001	0.997
0.001	0.001	0.997	0.001
0.001	0.198	0.001	0.800
0.001	0.001	0.997	0.001
0.001	0.001	0.001	0.997
0.001	0.997	0.001	0.001
0.997	0.001	0.001	0.001
0.001	0.790	0.001	0.208
>CGTACACA	21-CGTACACA	7.665795	-20.753464	0	T:110.0(1.88%),B:432.5(1.00%),P:1e-9	Tpos:328.3,Tstd:239.1,Bpos:226.1,Bstd:154.2,StrandBias:-0.2,Multiplicity:1.03
0.001	0.997	0.001	0.001
0.001	0.001	0.997	0.001
0.001	0.001	0.001	0.997
0.997	0.001	0.001	0.001
0.001	0.997	0.001	0.001
0.997	0.001	0.001	0.001
0.001	0.890	0.108	0.001
0.691	0.307	0.001	0.001
