>ASAGGAARYG	1-ASAGGAARYG	6.960782	-393.415842	0	T:1514.0(25.90%),B:5360.2(12.41%),P:1e-170	Tpos:299.9,Tstd:239.0,Bpos:240.1,Bstd:139.5,StrandBias:0.0,Multiplicity:1.21
0.526	0.036	0.361	0.077
0.182	0.382	0.289	0.147
0.592	0.223	0.121	0.064
0.036	0.068	0.849	0.047
0.183	0.032	0.715	0.070
0.868	0.033	0.037	0.062
0.574	0.037	0.025	0.364
0.399	0.118	0.472	0.011
0.045	0.419	0.021	0.515
0.221	0.203	0.388	0.189
>NVWAACCACA	2-NVWAACCACA	6.630861	-300.650327	0	T:1313.0(22.46%),B:4852.4(11.24%),P:1e-130	Tpos:300.3,Tstd:256.4,Bpos:239.5,Bstd:143.5,StrandBias:-0.1,Multiplicity:1.19
0.249	0.230	0.280	0.242
0.206	0.352	0.258	0.183
0.487	0.165	0.001	0.347
0.555	0.158	0.089	0.198
0.658	0.138	0.192	0.012
0.065	0.910	0.001	0.024
0.023	0.854	0.001	0.122
0.604	0.099	0.255	0.042
0.140	0.858	0.001	0.001
0.539	0.197	0.066	0.198
>DRTGASTCAT	3-DRTGASTCAT	7.040233	-221.632611	0	T:922.0(15.77%),B:3278.0(7.59%),P:1e-96	Tpos:269.5,Tstd:210.0,Bpos:237.7,Bstd:137.4,StrandBias:-0.0,Multiplicity:1.14
0.301	0.109	0.285	0.306
0.296	0.166	0.361	0.176
0.001	0.052	0.001	0.946
0.009	0.001	0.858	0.132
0.968	0.001	0.001	0.030
0.049	0.507	0.371	0.073
0.028	0.001	0.069	0.902
0.114	0.866	0.001	0.019
0.932	0.012	0.033	0.023
0.137	0.211	0.216	0.436
>CACATCAAAG	4-CACATCAAAG	6.732796	-178.653301	0	T:1698.0(29.05%),B:8167.8(18.91%),P:1e-77	Tpos:290.6,Tstd:234.1,Bpos:237.0,Bstd:142.4,StrandBias:0.1,Multiplicity:1.26
0.272	0.462	0.212	0.053
0.706	0.065	0.087	0.142
0.102	0.614	0.253	0.031
0.607	0.065	0.061	0.267
0.124	0.029	0.043	0.804
0.098	0.731	0.122	0.049
0.840	0.001	0.033	0.126
0.860	0.070	0.069	0.001
0.939	0.001	0.059	0.001
0.144	0.097	0.748	0.011
>CMYCTKGTGG	5-CMYCTKGTGG	5.691962	-176.908262	0	T:303.0(5.18%),B:622.7(1.44%),P:1e-76	Tpos:268.4,Tstd:206.3,Bpos:235.7,Bstd:140.6,StrandBias:0.1,Multiplicity:1.03
0.001	0.997	0.001	0.001
0.448	0.550	0.001	0.001
0.001	0.525	0.001	0.473
0.001	0.997	0.001	0.001
0.001	0.001	0.001	0.997
0.023	0.001	0.467	0.509
0.001	0.001	0.997	0.001
0.001	0.001	0.001	0.997
0.001	0.001	0.997	0.001
0.001	0.001	0.997	0.001
>GAAAGTGAAA	6-GAAAGTGAAA	9.128708	-130.010413	0	T:462.0(7.90%),B:1502.8(3.48%),P:1e-56	Tpos:306.4,Tstd:251.8,Bpos:240.9,Bstd:144.6,StrandBias:0.0,Multiplicity:1.11
0.062	0.018	0.907	0.013
0.997	0.001	0.001	0.001
0.968	0.012	0.019	0.001
0.997	0.001	0.001	0.001
0.038	0.257	0.704	0.001
0.059	0.013	0.001	0.927
0.018	0.001	0.980	0.001
0.943	0.010	0.029	0.018
0.956	0.019	0.024	0.001
0.951	0.001	0.047	0.001
>GAAATGAAAC	7-GAAATGAAAC	7.753988	-113.078466	0	T:869.0(14.87%),B:3835.5(8.88%),P:1e-49	Tpos:289.0,Tstd:251.6,Bpos:240.4,Bstd:142.1,StrandBias:-0.0,Multiplicity:1.10
0.127	0.048	0.737	0.088
0.848	0.001	0.035	0.116
0.831	0.001	0.079	0.089
0.776	0.165	0.001	0.058
0.110	0.049	0.283	0.558
0.001	0.001	0.997	0.001
0.886	0.102	0.001	0.011
0.899	0.099	0.001	0.001
0.691	0.046	0.075	0.188
0.012	0.791	0.189	0.008
>GGGGCGGRGC	8-GGGGCGGRGC	7.170111	-112.270136	0	T:1151.0(19.69%),B:5534.5(12.81%),P:1e-48	Tpos:316.3,Tstd:242.7,Bpos:235.3,Bstd:149.6,StrandBias:0.1,Multiplicity:1.44
0.121	0.001	0.579	0.299
0.233	0.001	0.765	0.001
0.001	0.001	0.997	0.001
0.001	0.001	0.997	0.001
0.001	0.907	0.001	0.091
0.001	0.001	0.997	0.001
0.001	0.001	0.673	0.325
0.447	0.025	0.370	0.159
0.001	0.001	0.758	0.240
0.001	0.686	0.001	0.312
>GGGAAATCCC	9-GGGAAATCCC	8.628547	-110.793763	0	T:448.0(7.66%),B:1546.1(3.58%),P:1e-48	Tpos:314.7,Tstd:269.5,Bpos:236.1,Bstd:140.8,StrandBias:-0.2,Multiplicity:1.08
0.010	0.001	0.944	0.045
0.055	0.020	0.924	0.001
0.260	0.014	0.725	0.001
0.618	0.042	0.339	0.001
0.961	0.001	0.024	0.014
0.541	0.177	0.164	0.118
0.210	0.134	0.156	0.500
0.050	0.530	0.104	0.316
0.034	0.964	0.001	0.001
0.015	0.954	0.030	0.001
>YAHTACCACA	10-YAHTACCACA	8.091586	-94.155230	0	T:948.0(16.22%),B:4511.0(10.44%),P:1e-40	Tpos:275.9,Tstd:226.5,Bpos:236.7,Bstd:141.6,StrandBias:-0.1,Multiplicity:1.13
0.200	0.459	0.007	0.334
0.382	0.214	0.201	0.204
0.311	0.403	0.013	0.272
0.001	0.271	0.250	0.478
0.997	0.001	0.001	0.001
0.001	0.997	0.001	0.001
0.001	0.997	0.001	0.001
0.997	0.001	0.001	0.001
0.001	0.997	0.001	0.001
0.997	0.001	0.001	0.001
>TTCGGTTTCG	11-TTCGGTTTCG	5.946388	-80.403103	0	T:747.0(12.78%),B:3465.0(8.02%),P:1e-34	Tpos:308.2,Tstd:261.1,Bpos:236.4,Bstd:154.2,StrandBias:-0.1,Multiplicity:1.12
0.076	0.174	0.027	0.723
0.103	0.168	0.077	0.652
0.154	0.549	0.119	0.178
0.145	0.163	0.488	0.204
0.048	0.158	0.587	0.207
0.086	0.174	0.121	0.619
0.119	0.066	0.177	0.638
0.135	0.145	0.074	0.646
0.142	0.498	0.128	0.232
0.128	0.212	0.532	0.128
>GGGGGGGGGG	12-GGGGGGGGGG	8.318163	-70.209694	0	T:1354.0(23.17%),B:7435.9(17.22%),P:1e-30	Tpos:346.1,Tstd:301.2,Bpos:236.3,Bstd:141.8,StrandBias:-0.0,Multiplicity:1.49
0.216	0.001	0.782	0.001
0.158	0.001	0.840	0.001
0.205	0.001	0.793	0.001
0.163	0.001	0.835	0.001
0.167	0.034	0.798	0.001
0.143	0.150	0.706	0.001
0.186	0.092	0.721	0.001
0.173	0.092	0.651	0.084
0.125	0.001	0.873	0.001
0.001	0.001	0.997	0.001
>GAAAACACCC	13-GAAAACACCC	7.842794	-44.788628	0	T:640.0(10.95%),B:3278.4(7.59%),P:1e-19	Tpos:307.6,Tstd:259.3,Bpos:233.3,Bstd:150.1,StrandBias:0.1,Multiplicity:1.06
0.312	0.054	0.608	0.026
0.801	0.105	0.011	0.083
0.941	0.054	0.004	0.001
0.945	0.033	0.021	0.001
0.979	0.012	0.008	0.001
0.278	0.643	0.038	0.041
0.908	0.001	0.043	0.048
0.281	0.444	0.208	0.067
0.043	0.919	0.037	0.001
0.044	0.827	0.087	0.042
>GCGBTGCARA	14-GCGBTGCARA	8.363280	-42.810911	0	T:252.0(4.31%),B:1011.8(2.34%),P:1e-18	Tpos:306.4,Tstd:249.5,Bpos:236.6,Bstd:157.2,StrandBias:-0.2,Multiplicity:1.04
0.001	0.298	0.700	0.001
0.001	0.997	0.001	0.001
0.001	0.001	0.997	0.001
0.001	0.390	0.290	0.319
0.001	0.001	0.001	0.997
0.001	0.001	0.648	0.350
0.236	0.511	0.001	0.252
0.777	0.001	0.001	0.221
0.500	0.067	0.412	0.021
0.674	0.324	0.001	0.001
>CCAGGAAATG	15-CCAGGAAATG	9.683616	-38.363101	0	T:140.0(2.40%),B:464.1(1.07%),P:1e-16	Tpos:312.6,Tstd:270.1,Bpos:233.9,Bstd:136.4,StrandBias:0.3,Multiplicity:1.01
0.001	0.997	0.001	0.001
0.097	0.901	0.001	0.001
0.885	0.035	0.079	0.001
0.001	0.001	0.997	0.001
0.001	0.001	0.997	0.001
0.997	0.001	0.001	0.001
0.997	0.001	0.001	0.001
0.817	0.001	0.181	0.001
0.001	0.001	0.001	0.997
0.001	0.001	0.890	0.108
>CGTTTCCGCT	16-CGTTTCCGCT	8.825791	-38.349622	0	T:35.0(0.60%),B:40.8(0.09%),P:1e-16	Tpos:244.4,Tstd:181.6,Bpos:249.0,Bstd:168.9,StrandBias:-0.5,Multiplicity:1.00
0.217	0.557	0.201	0.025
0.054	0.110	0.634	0.202
0.082	0.068	0.219	0.631
0.032	0.017	0.057	0.894
0.077	0.268	0.024	0.631
0.120	0.620	0.018	0.242
0.013	0.647	0.319	0.021
0.043	0.124	0.832	0.001
0.099	0.785	0.064	0.052
0.032	0.105	0.295	0.568
>KGCGTGGGCG	17-KGCGTGGGCG	10.037687	-37.085425	0	T:83.0(1.42%),B:211.5(0.49%),P:1e-16	Tpos:369.1,Tstd:290.8,Bpos:211.8,Bstd:150.7,StrandBias:-0.3,Multiplicity:1.07
0.001	0.001	0.487	0.511
0.053	0.001	0.945	0.001
0.001	0.883	0.001	0.115
0.001	0.035	0.962	0.002
0.001	0.001	0.001	0.997
0.001	0.001	0.997	0.001
0.308	0.001	0.690	0.001
0.078	0.001	0.920	0.001
0.001	0.997	0.001	0.001
0.001	0.001	0.997	0.001
>CGCCACCTAC	18-CGCCACCTAC	9.796527	-33.777841	0	T:72.0(1.23%),B:178.7(0.41%),P:1e-14	Tpos:319.1,Tstd:208.2,Bpos:226.7,Bstd:157.2,StrandBias:-0.1,Multiplicity:1.00
0.001	0.812	0.001	0.186
0.035	0.022	0.908	0.035
0.019	0.892	0.001	0.088
0.001	0.997	0.001	0.001
0.977	0.016	0.006	0.001
0.001	0.830	0.001	0.168
0.001	0.968	0.030	0.001
0.040	0.043	0.019	0.898
0.830	0.018	0.137	0.015
0.024	0.933	0.012	0.031
>TGCGCATGCG	19-TGCGCATGCG	9.540076	-27.615456	0	T:129.0(2.21%),B:479.8(1.11%),P:1e-11	Tpos:326.7,Tstd:232.4,Bpos:241.8,Bstd:159.9,StrandBias:-0.0,Multiplicity:1.13
0.001	0.127	0.001	0.871
0.001	0.019	0.979	0.001
0.001	0.879	0.119	0.001
0.001	0.093	0.905	0.001
0.001	0.920	0.012	0.067
0.864	0.078	0.001	0.057
0.095	0.001	0.176	0.728
0.001	0.001	0.997	0.001
0.001	0.988	0.010	0.001
0.025	0.001	0.973	0.001
>ACTGATTGCG	20-ACTGATTGCG	9.232750	-27.383287	0	T:56.0(0.96%),B:136.4(0.32%),P:1e-11	Tpos:242.8,Tstd:185.1,Bpos:245.0,Bstd:140.4,StrandBias:0.2,Multiplicity:1.00
0.997	0.001	0.001	0.001
0.001	0.997	0.001	0.001
0.055	0.001	0.001	0.943
0.001	0.055	0.943	0.001
0.903	0.017	0.001	0.079
0.034	0.100	0.083	0.783
0.001	0.055	0.001	0.943
0.056	0.056	0.845	0.043
0.024	0.819	0.136	0.021
0.124	0.019	0.816	0.041
>AAGGTACTTT	21-AAGGTACTTT	11.101700	-26.431498	0	T:28.0(0.48%),B:39.6(0.09%),P:1e-11	Tpos:335.0,Tstd:365.9,Bpos:287.0,Bstd:127.8,StrandBias:1.1,Multiplicity:1.00
0.997	0.001	0.001	0.001
0.925	0.073	0.001	0.001
0.001	0.001	0.997	0.001
0.001	0.001	0.997	0.001
0.001	0.001	0.001	0.997
0.997	0.001	0.001	0.001
0.001	0.997	0.001	0.001
0.001	0.001	0.001	0.997
0.001	0.111	0.001	0.887
0.001	0.001	0.001	0.997
>AACACGTCAC	22-AACACGTCAC	10.296193	-17.912828	0	T:7.0(0.12%),B:2.5(0.01%),P:1e-7	Tpos:284.3,Tstd:172.7,Bpos:200.5,Bstd:121.5,StrandBias:1.3,Multiplicity:1.00
0.700	0.100	0.100	0.100
0.700	0.100	0.100	0.100
0.100	0.700	0.100	0.100
0.700	0.100	0.100	0.100
0.100	0.700	0.100	0.100
0.100	0.100	0.700	0.100
0.100	0.100	0.100	0.700
0.100	0.700	0.100	0.100
0.700	0.100	0.100	0.100
0.100	0.700	0.100	0.100
>AACCTAGTAC	23-AACCTAGTAC	10.296193	-16.452204	0	T:11.0(0.19%),B:9.3(0.02%),P:1e-7	Tpos:249.6,Tstd:201.6,Bpos:153.8,Bstd:106.7,StrandBias:0.8,Multiplicity:1.00
0.700	0.100	0.100	0.100
0.700	0.100	0.100	0.100
0.100	0.700	0.100	0.100
0.100	0.700	0.100	0.100
0.100	0.100	0.100	0.700
0.700	0.100	0.100	0.100
0.100	0.100	0.700	0.100
0.100	0.100	0.100	0.700
0.700	0.100	0.100	0.100
0.100	0.700	0.100	0.100
>CGACACGCAC	24-CGACACGCAC	10.296193	-15.192285	0	T:7.0(0.12%),B:3.3(0.01%),P:1e-6	Tpos:347.8,Tstd:189.5,Bpos:129.4,Bstd:102.9,StrandBias:1.6,Multiplicity:1.14
0.100	0.700	0.100	0.100
0.100	0.100	0.700	0.100
0.700	0.100	0.100	0.100
0.100	0.700	0.100	0.100
0.700	0.100	0.100	0.100
0.100	0.700	0.100	0.100
0.100	0.100	0.700	0.100
0.100	0.700	0.100	0.100
0.700	0.100	0.100	0.100
0.100	0.700	0.100	0.100
>TATTCACCTC	25-TATTCACCTC	9.170187	-14.265514	0	T:32.0(0.55%),B:86.9(0.20%),P:1e-6	Tpos:274.0,Tstd:213.2,Bpos:237.9,Bstd:140.9,StrandBias:-0.4,Multiplicity:1.19
0.001	0.001	0.109	0.889
0.997	0.001	0.001	0.001
0.001	0.001	0.001	0.997
0.001	0.001	0.092	0.906
0.001	0.997	0.001	0.001
0.997	0.001	0.001	0.001
0.001	0.997	0.001	0.001
0.001	0.997	0.001	0.001
0.001	0.001	0.001	0.997
0.065	0.933	0.001	0.001
