>RYWTCCTBYN	1-RYWTCCTBYN	6.672273	-134.432324	0	T:372.0(27.11%),B:5174.4(11.21%),P:1e-58	Tpos:284.4,Tstd:198.6,Bpos:237.2,Bstd:137.1,StrandBias:0.0,Multiplicity:1.22
0.398	0.157	0.272	0.173
0.010	0.467	0.144	0.379
0.359	0.098	0.060	0.484
0.021	0.005	0.029	0.945
0.025	0.916	0.019	0.040
0.149	0.736	0.025	0.090
0.042	0.127	0.166	0.665
0.103	0.302	0.370	0.224
0.048	0.307	0.225	0.420
0.245	0.250	0.254	0.251
>RCCGGAAGTG	2-RCCGGAAGTG	8.165208	-75.832223	0	T:200.0(14.58%),B:2613.8(5.66%),P:1e-32	Tpos:278.8,Tstd:188.2,Bpos:234.6,Bstd:150.0,StrandBias:0.3,Multiplicity:1.13
0.398	0.077	0.413	0.113
0.017	0.981	0.001	0.001
0.201	0.797	0.001	0.001
0.001	0.001	0.997	0.001
0.001	0.001	0.856	0.142
0.997	0.001	0.001	0.001
0.827	0.040	0.001	0.132
0.001	0.001	0.819	0.179
0.148	0.001	0.220	0.631
0.085	0.283	0.530	0.102
>TGACTCATCG	3-TGACTCATCG	8.787754	-51.983688	0	T:99.0(7.22%),B:1036.4(2.25%),P:1e-22	Tpos:307.9,Tstd:240.3,Bpos:230.1,Bstd:140.8,StrandBias:0.1,Multiplicity:1.06
0.001	0.001	0.001	0.997
0.001	0.001	0.997	0.001
0.997	0.001	0.001	0.001
0.073	0.701	0.225	0.001
0.097	0.001	0.111	0.791
0.247	0.751	0.001	0.001
0.997	0.001	0.001	0.001
0.001	0.176	0.188	0.635
0.310	0.505	0.035	0.150
0.204	0.052	0.741	0.003
>TTCCGCTTAC	4-TTCCGCTTAC	5.538019	-43.927745	0	T:426.0(31.05%),B:9520.4(20.63%),P:1e-19	Tpos:308.0,Tstd:264.5,Bpos:237.3,Bstd:147.7,StrandBias:-0.1,Multiplicity:1.23
0.030	0.146	0.100	0.724
0.018	0.152	0.003	0.827
0.028	0.824	0.036	0.112
0.098	0.675	0.120	0.107
0.127	0.113	0.631	0.129
0.101	0.644	0.137	0.118
0.026	0.126	0.095	0.753
0.129	0.158	0.105	0.608
0.655	0.099	0.127	0.119
0.102	0.637	0.145	0.116
>YCACTAGATG	5-YCACTAGATG	6.684447	-37.660764	0	T:79.0(5.76%),B:889.5(1.93%),P:1e-16	Tpos:237.6,Tstd:167.6,Bpos:234.7,Bstd:141.5,StrandBias:-0.3,Multiplicity:1.04
0.182	0.448	0.067	0.302
0.050	0.804	0.001	0.145
0.667	0.105	0.131	0.097
0.140	0.580	0.103	0.177
0.155	0.197	0.178	0.469
0.686	0.118	0.052	0.144
0.170	0.157	0.533	0.140
0.540	0.034	0.342	0.084
0.067	0.307	0.169	0.457
0.148	0.123	0.631	0.098
>GGGGCGGGGC	6-GGGGCGGGGC	7.590573	-32.931166	0	T:431.0(31.41%),B:10299.1(22.32%),P:1e-14	Tpos:358.4,Tstd:303.6,Bpos:237.9,Bstd:162.2,StrandBias:-0.2,Multiplicity:1.95
0.228	0.134	0.453	0.185
0.221	0.001	0.777	0.001
0.001	0.001	0.997	0.001
0.001	0.109	0.889	0.001
0.179	0.720	0.001	0.100
0.001	0.335	0.663	0.001
0.135	0.001	0.597	0.267
0.253	0.001	0.745	0.001
0.378	0.001	0.620	0.001
0.001	0.742	0.109	0.148
>CGCTTACGAA	7-CGCTTACGAA	6.093562	-32.260241	0	T:211.0(15.38%),B:4117.9(8.92%),P:1e-14	Tpos:289.6,Tstd:240.6,Bpos:234.6,Bstd:152.2,StrandBias:-0.1,Multiplicity:1.11
0.203	0.495	0.097	0.205
0.022	0.118	0.783	0.077
0.107	0.475	0.261	0.156
0.064	0.007	0.082	0.847
0.018	0.128	0.191	0.663
0.563	0.128	0.119	0.190
0.035	0.837	0.002	0.126
0.068	0.016	0.713	0.203
0.937	0.029	0.033	0.001
0.735	0.013	0.198	0.054
>GGCTGTGGTT	8-GGCTGTGGTT	8.417605	-32.236375	0	T:88.0(6.41%),B:1169.1(2.53%),P:1e-13	Tpos:312.1,Tstd:240.7,Bpos:232.3,Bstd:141.8,StrandBias:0.3,Multiplicity:1.08
0.172	0.150	0.629	0.049
0.162	0.141	0.533	0.164
0.154	0.630	0.215	0.001
0.131	0.018	0.001	0.850
0.020	0.144	0.812	0.024
0.084	0.135	0.042	0.739
0.001	0.181	0.723	0.095
0.043	0.033	0.916	0.008
0.101	0.048	0.001	0.850
0.121	0.098	0.182	0.599
>CGDCCAATVV	9-CGDCCAATVV	5.628526	-30.020819	0	T:132.0(9.62%),B:2215.6(4.80%),P:1e-13	Tpos:326.5,Tstd:262.9,Bpos:232.3,Bstd:152.0,StrandBias:-0.2,Multiplicity:1.21
0.071	0.514	0.202	0.213
0.264	0.079	0.420	0.237
0.369	0.002	0.376	0.253
0.268	0.599	0.131	0.002
0.001	0.707	0.291	0.001
0.724	0.135	0.001	0.140
0.462	0.144	0.150	0.244
0.001	0.243	0.234	0.522
0.238	0.366	0.300	0.095
0.277	0.289	0.375	0.058
>TGCCGGTACC	10-TGCCGGTACC	8.588183	-27.744846	0	T:59.0(4.30%),B:676.5(1.47%),P:1e-12	Tpos:307.3,Tstd:344.3,Bpos:238.2,Bstd:163.8,StrandBias:0.1,Multiplicity:1.00
0.001	0.045	0.001	0.953
0.118	0.154	0.727	0.001
0.006	0.957	0.036	0.001
0.001	0.944	0.054	0.001
0.097	0.001	0.901	0.001
0.001	0.074	0.924	0.001
0.001	0.371	0.001	0.627
0.915	0.083	0.001	0.001
0.280	0.718	0.001	0.001
0.184	0.634	0.123	0.059
>GACGTCATCG	11-GACGTCATCG	4.925929	-24.720115	0	T:311.0(22.67%),B:7285.2(15.79%),P:1e-10	Tpos:343.6,Tstd:319.9,Bpos:235.4,Bstd:151.7,StrandBias:-0.1,Multiplicity:1.38
0.084	0.115	0.690	0.111
0.732	0.101	0.082	0.085
0.080	0.731	0.091	0.098
0.117	0.088	0.701	0.094
0.099	0.107	0.092	0.702
0.087	0.708	0.090	0.115
0.724	0.089	0.084	0.103
0.093	0.091	0.104	0.712
0.135	0.630	0.111	0.124
0.111	0.096	0.673	0.120
>CAGTATGTCA	12-CAGTATGTCA	9.014251	-24.034109	0	T:51.0(3.72%),B:587.1(1.27%),P:1e-10	Tpos:296.4,Tstd:265.4,Bpos:240.2,Bstd:133.9,StrandBias:0.2,Multiplicity:1.07
0.052	0.903	0.044	0.001
0.965	0.001	0.001	0.033
0.001	0.001	0.997	0.001
0.017	0.001	0.042	0.940
0.967	0.001	0.031	0.001
0.001	0.001	0.215	0.783
0.001	0.080	0.918	0.001
0.001	0.001	0.038	0.960
0.001	0.878	0.041	0.080
0.679	0.132	0.001	0.188
>TAAACACGCC	13-TAAACACGCC	4.946998	-23.254429	0	T:406.0(29.59%),B:10215.3(22.14%),P:1e-10	Tpos:293.5,Tstd:231.7,Bpos:236.9,Bstd:148.5,StrandBias:-0.2,Multiplicity:1.28
0.128	0.084	0.105	0.683
0.712	0.093	0.079	0.116
0.743	0.079	0.092	0.086
0.713	0.097	0.100	0.090
0.102	0.715	0.087	0.096
0.733	0.084	0.106	0.077
0.109	0.694	0.111	0.086
0.126	0.114	0.662	0.098
0.126	0.652	0.103	0.119
0.106	0.693	0.098	0.103
>TTCCTCYTCC	14-TTCCTCYTCC	7.189457	-21.860721	0	T:292.0(21.28%),B:6919.9(15.00%),P:1e-9	Tpos:330.7,Tstd:257.5,Bpos:240.0,Bstd:141.8,StrandBias:0.1,Multiplicity:1.20
0.004	0.200	0.001	0.795
0.064	0.162	0.002	0.772
0.134	0.497	0.220	0.149
0.176	0.529	0.147	0.148
0.172	0.285	0.001	0.542
0.035	0.539	0.157	0.269
0.255	0.319	0.003	0.422
0.008	0.003	0.017	0.972
0.003	0.691	0.300	0.006
0.238	0.503	0.010	0.249
>CTCTAGAAGT	15-CTCTAGAAGT	9.580252	-19.731692	0	T:21.0(1.53%),B:138.5(0.30%),P:1e-8	Tpos:398.1,Tstd:297.9,Bpos:252.6,Bstd:143.8,StrandBias:1.3,Multiplicity:1.48
0.001	0.997	0.001	0.001
0.001	0.001	0.001	0.997
0.001	0.997	0.001	0.001
0.001	0.001	0.079	0.919
0.904	0.073	0.001	0.022
0.001	0.001	0.997	0.001
0.839	0.001	0.001	0.159
0.919	0.079	0.001	0.001
0.001	0.099	0.899	0.001
0.001	0.001	0.001	0.997
>TATGCAAATT	16-TATGCAAATT	10.287269	-17.452640	0	T:26.0(1.90%),B:236.5(0.51%),P:1e-7	Tpos:609.4,Tstd:626.8,Bpos:241.3,Bstd:152.5,StrandBias:1.2,Multiplicity:2.00
0.001	0.001	0.001	0.997
0.871	0.061	0.067	0.001
0.001	0.001	0.001	0.997
0.001	0.001	0.997	0.001
0.001	0.960	0.001	0.038
0.971	0.001	0.001	0.027
0.997	0.001	0.001	0.001
0.940	0.058	0.001	0.001
0.068	0.001	0.001	0.930
0.001	0.054	0.298	0.647
>GCGATTCGCG	17-GCGATTCGCG	8.331090	-17.265684	0	T:19.0(1.38%),B:131.3(0.28%),P:1e-7	Tpos:404.3,Tstd:306.3,Bpos:258.1,Bstd:163.8,StrandBias:-0.9,Multiplicity:1.00
0.091	0.119	0.686	0.104
0.091	0.742	0.075	0.092
0.098	0.110	0.707	0.085
0.680	0.090	0.098	0.132
0.078	0.116	0.104	0.702
0.089	0.094	0.101	0.716
0.092	0.707	0.118	0.083
0.086	0.097	0.718	0.099
0.145	0.643	0.120	0.092
0.078	0.097	0.699	0.126
>GACCTTCTTG	18-GACCTTCTTG	10.296193	-16.712687	0	T:11.0(0.80%),B:40.3(0.09%),P:1e-7	Tpos:216.5,Tstd:254.1,Bpos:264.1,Bstd:142.5,StrandBias:-0.3,Multiplicity:1.00
0.100	0.100	0.700	0.100
0.700	0.100	0.100	0.100
0.100	0.700	0.100	0.100
0.100	0.700	0.100	0.100
0.100	0.100	0.100	0.700
0.100	0.100	0.100	0.700
0.100	0.700	0.100	0.100
0.100	0.100	0.100	0.700
0.100	0.100	0.100	0.700
0.100	0.100	0.700	0.100
>TCGGAYATAT	19-TCGGAYATAT	8.675674	-15.473659	0	T:13.0(0.95%),B:67.2(0.15%),P:1e-6	Tpos:281.2,Tstd:209.4,Bpos:223.7,Bstd:133.9,StrandBias:0.2,Multiplicity:1.00
0.130	0.001	0.001	0.868
0.001	0.997	0.001	0.001
0.001	0.001	0.997	0.001
0.001	0.001	0.997	0.001
0.997	0.001	0.001	0.001
0.001	0.474	0.001	0.524
0.997	0.001	0.001	0.001
0.001	0.138	0.001	0.860
0.997	0.001	0.001	0.001
0.001	0.001	0.329	0.669
>CTAACGATST	20-CTAACGATST	9.307204	-14.436237	0	T:20.0(1.46%),B:174.6(0.38%),P:1e-6	Tpos:212.5,Tstd:127.4,Bpos:233.1,Bstd:136.0,StrandBias:-0.7,Multiplicity:1.20
0.001	0.810	0.145	0.044
0.001	0.001	0.001	0.997
0.862	0.066	0.071	0.001
0.852	0.001	0.001	0.146
0.001	0.997	0.001	0.001
0.242	0.001	0.756	0.001
0.710	0.001	0.071	0.218
0.001	0.119	0.077	0.803
0.001	0.496	0.502	0.001
0.001	0.001	0.001	0.997
>GTTAGAGGAT	21-GTTAGAGGAT	9.490207	-6.710726	0	T:14.0(1.02%),B:179.2(0.39%),P:1e-2	Tpos:270.8,Tstd:274.9,Bpos:237.0,Bstd:150.3,StrandBias:1.5,Multiplicity:1.64
0.127	0.181	0.691	0.001
0.095	0.005	0.082	0.818
0.157	0.001	0.001	0.841
0.596	0.402	0.001	0.001
0.001	0.001	0.997	0.001
0.564	0.308	0.001	0.127
0.001	0.180	0.818	0.001
0.001	0.001	0.917	0.081
0.841	0.001	0.157	0.001
0.001	0.001	0.001	0.997
