>RYWTCCTBYN	1-RYWTCCTBYN	6.672273	-134.432324	0	T:372.0(27.11%),B:5174.4(11.21%),P:1e-58	Tpos:284.4,Tstd:198.6,Bpos:237.2,Bstd:137.1,StrandBias:0.0,Multiplicity:1.22
0.398	0.157	0.272	0.173
0.010	0.467	0.144	0.379
0.359	0.098	0.060	0.484
0.021	0.005	0.029	0.945
0.025	0.916	0.019	0.040
0.149	0.736	0.025	0.090
0.042	0.127	0.166	0.665
0.103	0.302	0.370	0.224
0.048	0.307	0.225	0.420
0.245	0.250	0.254	0.251
>RCCGGAAGTG	2-RCCGGAAGTG	8.165208	-75.832223	0	T:200.0(14.58%),B:2613.8(5.66%),P:1e-32	Tpos:278.8,Tstd:188.2,Bpos:234.6,Bstd:150.0,StrandBias:0.3,Multiplicity:1.13
0.398	0.077	0.413	0.113
0.017	0.981	0.001	0.001
0.201	0.797	0.001	0.001
0.001	0.001	0.997	0.001
0.001	0.001	0.856	0.142
0.997	0.001	0.001	0.001
0.827	0.040	0.001	0.132
0.001	0.001	0.819	0.179
0.148	0.001	0.220	0.631
0.085	0.283	0.530	0.102
>TGACTCATCG	3-TGACTCATCG	8.787754	-51.983688	0	T:99.0(7.22%),B:1036.4(2.25%),P:1e-22	Tpos:307.9,Tstd:240.3,Bpos:230.1,Bstd:140.8,StrandBias:0.1,Multiplicity:1.06
0.001	0.001	0.001	0.997
0.001	0.001	0.997	0.001
0.997	0.001	0.001	0.001
0.073	0.701	0.225	0.001
0.097	0.001	0.111	0.791
0.247	0.751	0.001	0.001
0.997	0.001	0.001	0.001
0.001	0.176	0.188	0.635
0.310	0.505	0.035	0.150
0.204	0.052	0.741	0.003
>TTCCGCTTAC	4-TTCCGCTTAC	5.538019	-43.927745	0	T:426.0(31.05%),B:9520.4(20.63%),P:1e-19	Tpos:308.0,Tstd:264.5,Bpos:237.3,Bstd:147.7,StrandBias:-0.1,Multiplicity:1.23
0.030	0.146	0.100	0.724
0.018	0.152	0.003	0.827
0.028	0.824	0.036	0.112
0.098	0.675	0.120	0.107
0.127	0.113	0.631	0.129
0.101	0.644	0.137	0.118
0.026	0.126	0.095	0.753
0.129	0.158	0.105	0.608
0.655	0.099	0.127	0.119
0.102	0.637	0.145	0.116
>YCACTAGATG	5-YCACTAGATG	6.684447	-37.660764	0	T:79.0(5.76%),B:889.5(1.93%),P:1e-16	Tpos:237.6,Tstd:167.6,Bpos:234.7,Bstd:141.5,StrandBias:-0.3,Multiplicity:1.04
0.182	0.448	0.067	0.302
0.050	0.804	0.001	0.145
0.667	0.105	0.131	0.097
0.140	0.580	0.103	0.177
0.155	0.197	0.178	0.469
0.686	0.118	0.052	0.144
0.170	0.157	0.533	0.140
0.540	0.034	0.342	0.084
0.067	0.307	0.169	0.457
0.148	0.123	0.631	0.098
>GGGGCGGGGC	6-GGGGCGGGGC	7.590573	-32.931166	0	T:431.0(31.41%),B:10299.1(22.32%),P:1e-14	Tpos:358.4,Tstd:303.6,Bpos:237.9,Bstd:162.2,StrandBias:-0.2,Multiplicity:1.95
0.228	0.134	0.453	0.185
0.221	0.001	0.777	0.001
0.001	0.001	0.997	0.001
0.001	0.109	0.889	0.001
0.179	0.720	0.001	0.100
0.001	0.335	0.663	0.001
0.135	0.001	0.597	0.267
0.253	0.001	0.745	0.001
0.378	0.001	0.620	0.001
0.001	0.742	0.109	0.148
>CGCTTACGAA	7-CGCTTACGAA	6.093562	-32.260241	0	T:211.0(15.38%),B:4117.9(8.92%),P:1e-14	Tpos:289.6,Tstd:240.6,Bpos:234.6,Bstd:152.2,StrandBias:-0.1,Multiplicity:1.11
0.203	0.495	0.097	0.205
0.022	0.118	0.783	0.077
0.107	0.475	0.261	0.156
0.064	0.007	0.082	0.847
0.018	0.128	0.191	0.663
0.563	0.128	0.119	0.190
0.035	0.837	0.002	0.126
0.068	0.016	0.713	0.203
0.937	0.029	0.033	0.001
0.735	0.013	0.198	0.054
>GGCTGTGGTT	8-GGCTGTGGTT	8.417605	-32.236375	0	T:88.0(6.41%),B:1169.1(2.53%),P:1e-13	Tpos:312.1,Tstd:240.7,Bpos:232.3,Bstd:141.8,StrandBias:0.3,Multiplicity:1.08
0.172	0.150	0.629	0.049
0.162	0.141	0.533	0.164
0.154	0.630	0.215	0.001
0.131	0.018	0.001	0.850
0.020	0.144	0.812	0.024
0.084	0.135	0.042	0.739
0.001	0.181	0.723	0.095
0.043	0.033	0.916	0.008
0.101	0.048	0.001	0.850
0.121	0.098	0.182	0.599
>CGDCCAATVV	9-CGDCCAATVV	5.628526	-30.020819	0	T:132.0(9.62%),B:2215.6(4.80%),P:1e-13	Tpos:326.5,Tstd:262.9,Bpos:232.3,Bstd:152.0,StrandBias:-0.2,Multiplicity:1.21
0.071	0.514	0.202	0.213
0.264	0.079	0.420	0.237
0.369	0.002	0.376	0.253
0.268	0.599	0.131	0.002
0.001	0.707	0.291	0.001
0.724	0.135	0.001	0.140
0.462	0.144	0.150	0.244
0.001	0.243	0.234	0.522
0.238	0.366	0.300	0.095
0.277	0.289	0.375	0.058
>TGCCGGTACC	10-TGCCGGTACC	8.588183	-27.744846	0	T:59.0(4.30%),B:676.5(1.47%),P:1e-12	Tpos:307.3,Tstd:344.3,Bpos:238.2,Bstd:163.8,StrandBias:0.1,Multiplicity:1.00
0.001	0.045	0.001	0.953
0.118	0.154	0.727	0.001
0.006	0.957	0.036	0.001
0.001	0.944	0.054	0.001
0.097	0.001	0.901	0.001
0.001	0.074	0.924	0.001
0.001	0.371	0.001	0.627
0.915	0.083	0.001	0.001
0.280	0.718	0.001	0.001
0.184	0.634	0.123	0.059
>GACGTCATCG	11-GACGTCATCG	4.925929	-24.720115	0	T:311.0(22.67%),B:7285.2(15.79%),P:1e-10	Tpos:343.6,Tstd:319.9,Bpos:235.4,Bstd:151.7,StrandBias:-0.1,Multiplicity:1.38
0.084	0.115	0.690	0.111
0.732	0.101	0.082	0.085
0.080	0.731	0.091	0.098
0.117	0.088	0.701	0.094
0.099	0.107	0.092	0.702
0.087	0.708	0.090	0.115
0.724	0.089	0.084	0.103
0.093	0.091	0.104	0.712
0.135	0.630	0.111	0.124
0.111	0.096	0.673	0.120
>CAGTATGTCA	12-CAGTATGTCA	9.014251	-24.034109	0	T:51.0(3.72%),B:587.1(1.27%),P:1e-10	Tpos:296.4,Tstd:265.4,Bpos:240.2,Bstd:133.9,StrandBias:0.2,Multiplicity:1.07
0.052	0.903	0.044	0.001
0.965	0.001	0.001	0.033
0.001	0.001	0.997	0.001
0.017	0.001	0.042	0.940
0.967	0.001	0.031	0.001
0.001	0.001	0.215	0.783
0.001	0.080	0.918	0.001
0.001	0.001	0.038	0.960
0.001	0.878	0.041	0.080
0.679	0.132	0.001	0.188
>TAAACACGCC	13-TAAACACGCC	4.946998	-23.254429	0	T:406.0(29.59%),B:10215.3(22.14%),P:1e-10	Tpos:293.5,Tstd:231.7,Bpos:236.9,Bstd:148.5,StrandBias:-0.2,Multiplicity:1.28
0.128	0.084	0.105	0.683
0.712	0.093	0.079	0.116
0.743	0.079	0.092	0.086
0.713	0.097	0.100	0.090
0.102	0.715	0.087	0.096
0.733	0.084	0.106	0.077
0.109	0.694	0.111	0.086
0.126	0.114	0.662	0.098
0.126	0.652	0.103	0.119
0.106	0.693	0.098	0.103
>TTCCTCYTCC	14-TTCCTCYTCC	7.189457	-21.860721	0	T:292.0(21.28%),B:6919.9(15.00%),P:1e-9	Tpos:330.7,Tstd:257.5,Bpos:240.0,Bstd:141.8,StrandBias:0.1,Multiplicity:1.20
0.004	0.200	0.001	0.795
0.064	0.162	0.002	0.772
0.134	0.497	0.220	0.149
0.176	0.529	0.147	0.148
0.172	0.285	0.001	0.542
0.035	0.539	0.157	0.269
0.255	0.319	0.003	0.422
0.008	0.003	0.017	0.972
0.003	0.691	0.300	0.006
0.238	0.503	0.010	0.249
>CTCTAGAAGT	15-CTCTAGAAGT	9.580252	-19.731692	0	T:21.0(1.53%),B:138.5(0.30%),P:1e-8	Tpos:398.1,Tstd:297.9,Bpos:252.6,Bstd:143.8,StrandBias:1.3,Multiplicity:1.48
0.001	0.997	0.001	0.001
0.001	0.001	0.001	0.997
0.001	0.997	0.001	0.001
0.001	0.001	0.079	0.919
0.904	0.073	0.001	0.022
0.001	0.001	0.997	0.001
0.839	0.001	0.001	0.159
0.919	0.079	0.001	0.001
0.001	0.099	0.899	0.001
0.001	0.001	0.001	0.997
>TATGCAAATT	16-TATGCAAATT	10.287269	-17.452640	0	T:26.0(1.90%),B:236.5(0.51%),P:1e-7	Tpos:609.4,Tstd:626.8,Bpos:241.3,Bstd:152.5,StrandBias:1.2,Multiplicity:2.00
0.001	0.001	0.001	0.997
0.871	0.061	0.067	0.001
0.001	0.001	0.001	0.997
0.001	0.001	0.997	0.001
0.001	0.960	0.001	0.038
0.971	0.001	0.001	0.027
0.997	0.001	0.001	0.001
0.940	0.058	0.001	0.001
0.068	0.001	0.001	0.930
0.001	0.054	0.298	0.647
>GCGATTCGCG	17-GCGATTCGCG	8.331090	-17.265684	0	T:19.0(1.38%),B:131.3(0.28%),P:1e-7	Tpos:404.3,Tstd:306.3,Bpos:258.1,Bstd:163.8,StrandBias:-0.9,Multiplicity:1.00
0.091	0.119	0.686	0.104
0.091	0.742	0.075	0.092
0.098	0.110	0.707	0.085
0.680	0.090	0.098	0.132
0.078	0.116	0.104	0.702
0.089	0.094	0.101	0.716
0.092	0.707	0.118	0.083
0.086	0.097	0.718	0.099
0.145	0.643	0.120	0.092
0.078	0.097	0.699	0.126
>GACCTTCTTG	18-GACCTTCTTG	10.296193	-16.712687	0	T:11.0(0.80%),B:40.3(0.09%),P:1e-7	Tpos:216.5,Tstd:254.1,Bpos:264.1,Bstd:142.5,StrandBias:-0.3,Multiplicity:1.00
0.100	0.100	0.700	0.100
0.700	0.100	0.100	0.100
0.100	0.700	0.100	0.100
0.100	0.700	0.100	0.100
0.100	0.100	0.100	0.700
0.100	0.100	0.100	0.700
0.100	0.700	0.100	0.100
0.100	0.100	0.100	0.700
0.100	0.100	0.100	0.700
0.100	0.100	0.700	0.100
>TCGGAYATAT	19-TCGGAYATAT	8.675674	-15.473659	0	T:13.0(0.95%),B:67.2(0.15%),P:1e-6	Tpos:281.2,Tstd:209.4,Bpos:223.7,Bstd:133.9,StrandBias:0.2,Multiplicity:1.00
0.130	0.001	0.001	0.868
0.001	0.997	0.001	0.001
0.001	0.001	0.997	0.001
0.001	0.001	0.997	0.001
0.997	0.001	0.001	0.001
0.001	0.474	0.001	0.524
0.997	0.001	0.001	0.001
0.001	0.138	0.001	0.860
0.997	0.001	0.001	0.001
0.001	0.001	0.329	0.669
>CTAACGATST	20-CTAACGATST	9.307204	-14.436237	0	T:20.0(1.46%),B:174.6(0.38%),P:1e-6	Tpos:212.5,Tstd:127.4,Bpos:233.1,Bstd:136.0,StrandBias:-0.7,Multiplicity:1.20
0.001	0.810	0.145	0.044
0.001	0.001	0.001	0.997
0.862	0.066	0.071	0.001
0.852	0.001	0.001	0.146
0.001	0.997	0.001	0.001
0.242	0.001	0.756	0.001
0.710	0.001	0.071	0.218
0.001	0.119	0.077	0.803
0.001	0.496	0.502	0.001
0.001	0.001	0.001	0.997
>GTTAGAGGAT	21-GTTAGAGGAT	9.490207	-6.710726	0	T:14.0(1.02%),B:179.2(0.39%),P:1e-2	Tpos:270.8,Tstd:274.9,Bpos:237.0,Bstd:150.3,StrandBias:1.5,Multiplicity:1.64
0.127	0.181	0.691	0.001
0.095	0.005	0.082	0.818
0.157	0.001	0.001	0.841
0.596	0.402	0.001	0.001
0.001	0.001	0.997	0.001
0.564	0.308	0.001	0.127
0.001	0.180	0.818	0.001
0.001	0.001	0.917	0.081
0.841	0.001	0.157	0.001
0.001	0.001	0.001	0.997
>NCCACTTCCTST	1-NCCACTTCCTST	8.726857	-121.142015	0	T:328.0(23.91%),B:4461.9(9.67%),P:1e-52	Tpos:281.0,Tstd:206.9,Bpos:236.1,Bstd:134.7,StrandBias:-0.0,Multiplicity:1.21
0.304	0.190	0.244	0.262
0.001	0.495	0.294	0.210
0.265	0.541	0.001	0.193
0.782	0.216	0.001	0.001
0.001	0.801	0.001	0.197
0.265	0.001	0.001	0.733
0.001	0.001	0.001	0.997
0.001	0.997	0.001	0.001
0.001	0.997	0.001	0.001
0.001	0.001	0.001	0.997
0.001	0.327	0.464	0.208
0.142	0.275	0.135	0.448
>TGCCCCCTAGTG	2-TGCCCCCTAGTG	9.500966	-62.872622	0	T:83.0(6.05%),B:638.2(1.38%),P:1e-27	Tpos:301.5,Tstd:305.5,Bpos:235.4,Bstd:139.4,StrandBias:0.2,Multiplicity:1.06
0.063	0.108	0.035	0.794
0.049	0.054	0.870	0.027
0.046	0.813	0.027	0.114
0.001	0.917	0.001	0.081
0.196	0.684	0.023	0.097
0.048	0.704	0.001	0.247
0.001	0.950	0.001	0.048
0.011	0.041	0.076	0.872
0.703	0.011	0.186	0.100
0.027	0.113	0.806	0.054
0.021	0.001	0.021	0.957
0.001	0.038	0.934	0.027
>CCGCTTCCTGTT	3-CCGCTTCCTGTT	6.716948	-56.601877	0	T:410.0(29.88%),B:8461.5(18.34%),P:1e-24	Tpos:312.8,Tstd:249.0,Bpos:235.6,Bstd:141.3,StrandBias:0.2,Multiplicity:1.19
0.129	0.628	0.124	0.119
0.213	0.449	0.084	0.254
0.137	0.229	0.466	0.168
0.039	0.653	0.081	0.227
0.113	0.165	0.073	0.649
0.057	0.092	0.203	0.648
0.060	0.656	0.168	0.116
0.078	0.730	0.059	0.133
0.146	0.043	0.144	0.667
0.117	0.194	0.526	0.163
0.113	0.206	0.080	0.601
0.108	0.158	0.132	0.602
>AGCCCCGCCCCC	4-AGCCCCGCCCCC	9.320516	-37.591045	0	T:241.0(17.57%),B:4683.9(10.15%),P:1e-16	Tpos:346.1,Tstd:257.9,Bpos:238.6,Bstd:162.9,StrandBias:0.2,Multiplicity:1.38
0.713	0.101	0.105	0.081
0.060	0.075	0.844	0.021
0.070	0.778	0.079	0.073
0.028	0.919	0.020	0.033
0.025	0.907	0.051	0.017
0.074	0.860	0.051	0.015
0.053	0.052	0.841	0.054
0.012	0.842	0.063	0.083
0.007	0.885	0.046	0.062
0.028	0.837	0.028	0.107
0.079	0.729	0.104	0.088
0.037	0.851	0.047	0.065
>CGCCATGTTCGG	5-CGCCATGTTCGG	9.472513	-34.114583	0	T:46.0(3.35%),B:367.9(0.80%),P:1e-14	Tpos:270.4,Tstd:158.9,Bpos:245.3,Bstd:162.6,StrandBias:0.3,Multiplicity:1.02
0.029	0.969	0.001	0.001
0.087	0.107	0.753	0.053
0.052	0.946	0.001	0.001
0.001	0.997	0.001	0.001
0.828	0.053	0.107	0.012
0.001	0.001	0.001	0.997
0.107	0.149	0.743	0.001
0.053	0.061	0.107	0.779
0.001	0.053	0.053	0.893
0.053	0.615	0.225	0.107
0.165	0.053	0.632	0.150
0.026	0.059	0.862	0.053
>AGACCTTCTTGG	6-AGACCTTCTTGG	14.221918	-28.500956	0	T:9.0(0.66%),B:6.4(0.01%),P:1e-12	Tpos:150.8,Tstd:108.6,Bpos:235.5,Bstd:201.3,StrandBias:-1.8,Multiplicity:1.00
0.997	0.001	0.001	0.001
0.001	0.001	0.997	0.001
0.997	0.001	0.001	0.001
0.001	0.997	0.001	0.001
0.001	0.997	0.001	0.001
0.001	0.001	0.001	0.997
0.119	0.001	0.001	0.879
0.001	0.997	0.001	0.001
0.001	0.001	0.001	0.997
0.119	0.001	0.001	0.879
0.001	0.001	0.997	0.001
0.001	0.119	0.879	0.001
>TTCTGACTCATC	7-TTCTGACTCATC	9.490634	-24.529975	0	T:58.0(4.23%),B:714.2(1.55%),P:1e-10	Tpos:233.7,Tstd:178.5,Bpos:227.3,Bstd:128.0,StrandBias:0.9,Multiplicity:1.04
0.048	0.084	0.081	0.787
0.001	0.004	0.001	0.994
0.049	0.870	0.080	0.001
0.047	0.001	0.001	0.951
0.049	0.115	0.787	0.049
0.746	0.132	0.052	0.070
0.128	0.681	0.086	0.105
0.128	0.001	0.047	0.824
0.048	0.904	0.001	0.047
0.899	0.054	0.001	0.046
0.001	0.063	0.075	0.861
0.112	0.677	0.078	0.133
>TGCATCACAGGC	8-TGCATCACAGGC	10.451860	-24.315970	0	T:28.0(2.04%),B:196.7(0.43%),P:1e-10	Tpos:256.2,Tstd:152.9,Bpos:237.2,Bstd:136.7,StrandBias:0.3,Multiplicity:1.21
0.001	0.001	0.065	0.933
0.001	0.001	0.945	0.053
0.241	0.638	0.001	0.120
0.885	0.048	0.066	0.001
0.001	0.001	0.001	0.997
0.001	0.866	0.001	0.132
0.896	0.001	0.066	0.037
0.001	0.997	0.001	0.001
0.757	0.111	0.066	0.066
0.253	0.001	0.677	0.069
0.001	0.069	0.797	0.133
0.356	0.642	0.001	0.001
>TCTCGSGAGAGY	9-TCTCGSGAGAGY	10.715425	-23.318067	0	T:23.0(1.68%),B:137.7(0.30%),P:1e-10	Tpos:340.2,Tstd:249.4,Bpos:221.8,Bstd:148.6,StrandBias:0.2,Multiplicity:1.09
0.001	0.001	0.287	0.711
0.001	0.856	0.001	0.142
0.209	0.253	0.001	0.537
0.001	0.589	0.194	0.216
0.001	0.071	0.927	0.001
0.001	0.474	0.524	0.001
0.001	0.011	0.987	0.001
0.608	0.001	0.390	0.001
0.138	0.138	0.723	0.001
0.927	0.071	0.001	0.001
0.235	0.006	0.621	0.138
0.001	0.543	0.012	0.444
>GGTGACAGCATA	10-GGTGACAGCATA	14.347884	-22.396846	0	T:5.0(0.36%),B:1.7(0.00%),P:1e-9	Tpos:247.3,Tstd:117.2,Bpos:220.2,Bstd:143.5,StrandBias:2.0,Multiplicity:2.00
0.001	0.001	0.997	0.001
0.001	0.001	0.997	0.001
0.001	0.001	0.001	0.997
0.001	0.001	0.997	0.001
0.997	0.001	0.001	0.001
0.001	0.997	0.001	0.001
0.997	0.001	0.001	0.001
0.001	0.001	0.879	0.119
0.119	0.879	0.001	0.001
0.997	0.001	0.001	0.001
0.001	0.001	0.001	0.997
0.997	0.001	0.001	0.001
>GGAAAAGAGCGG	11-GGAAAAGAGCGG	12.355432	-22.396846	0	T:5.0(0.36%),B:1.3(0.00%),P:1e-9	Tpos:125.2,Tstd:48.3,Bpos:456.0,Bstd:0.0,StrandBias:10.0,Multiplicity:1.00
0.100	0.100	0.700	0.100
0.100	0.100	0.700	0.100
0.700	0.100	0.100	0.100
0.700	0.100	0.100	0.100
0.700	0.100	0.100	0.100
0.700	0.100	0.100	0.100
0.100	0.100	0.700	0.100
0.700	0.100	0.100	0.100
0.100	0.100	0.700	0.100
0.100	0.700	0.100	0.100
0.100	0.100	0.700	0.100
0.100	0.100	0.700	0.100
>AGGAAGTGCACT	12-AGGAAGTGCACT	10.206954	-19.534385	0	T:37.0(2.70%),B:399.4(0.87%),P:1e-8	Tpos:286.5,Tstd:203.2,Bpos:232.6,Bstd:136.9,StrandBias:0.0,Multiplicity:1.04
0.820	0.071	0.024	0.085
0.049	0.001	0.949	0.001
0.001	0.027	0.971	0.001
0.908	0.056	0.035	0.001
0.971	0.001	0.027	0.001
0.001	0.099	0.851	0.049
0.078	0.115	0.143	0.664
0.157	0.071	0.771	0.001
0.078	0.848	0.001	0.073
0.697	0.127	0.001	0.175
0.049	0.767	0.183	0.001
0.001	0.031	0.134	0.834
>CCTTGGCTGCCA	13-CCTTGGCTGCCA	13.912861	-19.153883	0	T:10.0(0.73%),B:24.8(0.05%),P:1e-8	Tpos:187.1,Tstd:128.5,Bpos:244.9,Bstd:97.9,StrandBias:10.0,Multiplicity:1.00
0.001	0.997	0.001	0.001
0.001	0.997	0.001	0.001
0.001	0.001	0.001	0.997
0.001	0.001	0.001	0.997
0.001	0.141	0.857	0.001
0.001	0.001	0.997	0.001
0.001	0.997	0.001	0.001
0.079	0.001	0.001	0.919
0.001	0.001	0.997	0.001
0.001	0.997	0.001	0.001
0.001	0.997	0.001	0.001
0.997	0.001	0.001	0.001
>GTGACGTCACGG	14-GTGACGTCACGG	10.399276	-15.371340	0	T:28.0(2.04%),B:299.5(0.65%),P:1e-6	Tpos:238.8,Tstd:203.9,Bpos:231.5,Bstd:163.1,StrandBias:-0.2,Multiplicity:1.07
0.025	0.068	0.806	0.101
0.050	0.001	0.001	0.948
0.001	0.040	0.958	0.001
0.848	0.101	0.001	0.050
0.184	0.607	0.082	0.127
0.024	0.108	0.817	0.051
0.001	0.001	0.044	0.954
0.001	0.967	0.031	0.001
0.997	0.001	0.001	0.001
0.051	0.721	0.189	0.039
0.064	0.145	0.666	0.125
0.052	0.001	0.716	0.231
>CCAGCAGACTTG	15-CCAGCAGACTTG	12.355432	-14.519134	0	T:4.0(0.29%),B:2.9(0.01%),P:1e-6	Tpos:187.2,Tstd:83.2,Bpos:175.6,Bstd:129.1,StrandBias:1.6,Multiplicity:1.00
0.100	0.700	0.100	0.100
0.100	0.700	0.100	0.100
0.700	0.100	0.100	0.100
0.100	0.100	0.700	0.100
0.100	0.700	0.100	0.100
0.700	0.100	0.100	0.100
0.100	0.100	0.700	0.100
0.700	0.100	0.100	0.100
0.100	0.700	0.100	0.100
0.100	0.100	0.100	0.700
0.100	0.100	0.100	0.700
0.100	0.100	0.700	0.100
>TARKGCCTGGCC	16-TARKGCCTGGCC	11.709664	-12.323724	0	T:8.0(0.58%),B:31.0(0.07%),P:1e-5	Tpos:278.2,Tstd:355.2,Bpos:229.1,Bstd:108.7,StrandBias:1.7,Multiplicity:1.62
0.001	0.001	0.001	0.997
0.966	0.032	0.001	0.001
0.507	0.001	0.366	0.126
0.001	0.001	0.526	0.472
0.001	0.001	0.997	0.001
0.001	0.997	0.001	0.001
0.001	0.871	0.127	0.001
0.001	0.001	0.001	0.997
0.001	0.001	0.997	0.001
0.001	0.001	0.997	0.001
0.001	0.997	0.001	0.001
0.001	0.997	0.001	0.001
>GCCCTTTGCTTC	17-GCCCTTTGCTTC	14.614707	-8.269998	0	T:4.0(0.29%),B:10.1(0.02%),P:1e-3	Tpos:193.0,Tstd:70.5,Bpos:230.0,Bstd:96.8,StrandBias:3.0,Multiplicity:2.25
0.001	0.001	0.997	0.001
0.001	0.997	0.001	0.001
0.001	0.997	0.001	0.001
0.137	0.693	0.169	0.001
0.001	0.001	0.001	0.997
0.001	0.001	0.001	0.997
0.001	0.001	0.001	0.997
0.001	0.001	0.997	0.001
0.001	0.997	0.001	0.001
0.001	0.001	0.001	0.997
0.001	0.001	0.001	0.997
0.001	0.997	0.001	0.001
>CCACAGTGTGTT	18-CCACAGTGTGTT	11.017620	-5.854235	0	T:11.0(0.80%),B:135.9(0.29%),P:1e-2	Tpos:202.0,Tstd:99.4,Bpos:274.9,Bstd:122.9,StrandBias:1.0,Multiplicity:1.00
0.092	0.648	0.092	0.168
0.001	0.907	0.001	0.091
0.722	0.001	0.092	0.185
0.091	0.907	0.001	0.001
0.907	0.001	0.091	0.001
0.092	0.001	0.832	0.075
0.185	0.001	0.185	0.629
0.001	0.092	0.722	0.185
0.092	0.001	0.092	0.815
0.001	0.091	0.907	0.001
0.001	0.001	0.001	0.997
0.001	0.001	0.001	0.997
>ACCCACAGTGTG	19-ACCCACAGTGTG	-4.323936	-4.283020	0	T:485.0(35.35%),B:15002.1(32.51%),P:1e-1	Tpos:288.2,Tstd:248.8,Bpos:235.7,Bstd:141.6,StrandBias:-0.1,Multiplicity:1.34
0.997	0.001	0.001	0.001
0.001	0.997	0.001	0.001
0.001	0.997	0.001	0.001
0.001	0.997	0.001	0.001
0.898	0.001	0.100	0.001
0.001	0.997	0.001	0.001
0.997	0.001	0.001	0.001
0.100	0.001	0.898	0.001
0.001	0.001	0.001	0.997
0.001	0.001	0.997	0.001
0.001	0.001	0.001	0.997
0.001	0.001	0.997	0.001
>TGTAATGAGCTC	20-TGTAATGAGCTC	12.355432	-3.530295	0	T:1.0(0.07%),B:0.0(0.00%),P:1e-1	Tpos:626.1,Tstd:62.2,Bpos:0.0,Bstd:0.0,StrandBias:10.0,Multiplicity:7.00
0.100	0.100	0.100	0.700
0.100	0.100	0.700	0.100
0.100	0.100	0.100	0.700
0.700	0.100	0.100	0.100
0.700	0.100	0.100	0.100
0.100	0.100	0.100	0.700
0.100	0.100	0.700	0.100
0.700	0.100	0.100	0.100
0.100	0.100	0.700	0.100
0.100	0.700	0.100	0.100
0.100	0.100	0.100	0.700
0.100	0.700	0.100	0.100
>ACTCTAGAAGTC	21-ACTCTAGAAGTC	10.409522	-3.011870	0	T:5.0(0.36%),B:66.0(0.14%),P:1e-1	Tpos:567.0,Tstd:206.1,Bpos:255.8,Bstd:139.6,StrandBias:2.5,Multiplicity:2.60
0.700	0.100	0.100	0.100
0.100	0.700	0.100	0.100
0.100	0.100	0.100	0.700
0.100	0.700	0.100	0.100
0.100	0.100	0.100	0.700
0.700	0.100	0.100	0.100
0.100	0.100	0.700	0.100
0.700	0.100	0.100	0.100
0.700	0.100	0.100	0.100
0.100	0.100	0.700	0.100
0.100	0.100	0.100	0.700
0.100	0.700	0.100	0.100
>ACAACTCACCAC	22-ACAACTCACCAC	12.355432	-2.851894	0	T:1.0(0.07%),B:2.1(0.00%),P:1e-1	Tpos:76.0,Tstd:47.8,Bpos:262.0,Bstd:121.4,StrandBias:10.0,Multiplicity:6.00
0.700	0.100	0.100	0.100
0.100	0.700	0.100	0.100
0.700	0.100	0.100	0.100
0.700	0.100	0.100	0.100
0.100	0.700	0.100	0.100
0.100	0.100	0.100	0.700
0.100	0.700	0.100	0.100
0.700	0.100	0.100	0.100
0.100	0.700	0.100	0.100
0.100	0.700	0.100	0.100
0.700	0.100	0.100	0.100
0.100	0.700	0.100	0.100
>GTGACACTGCTG	23-GTGACACTGCTG	12.355432	-2.851894	0	T:1.0(0.07%),B:2.2(0.00%),P:1e-1	Tpos:121.0,Tstd:79.2,Bpos:295.0,Bstd:0.0,StrandBias:10.0,Multiplicity:5.00
0.100	0.100	0.700	0.100
0.100	0.100	0.100	0.700
0.100	0.100	0.700	0.100
0.700	0.100	0.100	0.100
0.100	0.700	0.100	0.100
0.700	0.100	0.100	0.100
0.100	0.700	0.100	0.100
0.100	0.100	0.100	0.700
0.100	0.100	0.700	0.100
0.100	0.700	0.100	0.100
0.100	0.100	0.100	0.700
0.100	0.100	0.700	0.100
>ACTGCTGCAGTA	24-ACTGCTGCAGTA	12.355432	-2.851894	0	T:1.0(0.07%),B:2.3(0.00%),P:1e-1	Tpos:133.0,Tstd:79.2,Bpos:352.1,Bstd:58.6,StrandBias:10.0,Multiplicity:5.00
0.700	0.100	0.100	0.100
0.100	0.700	0.100	0.100
0.100	0.100	0.100	0.700
0.100	0.100	0.700	0.100
0.100	0.700	0.100	0.100
0.100	0.100	0.100	0.700
0.100	0.100	0.700	0.100
0.100	0.700	0.100	0.100
0.700	0.100	0.100	0.100
0.100	0.100	0.700	0.100
0.100	0.100	0.100	0.700
0.700	0.100	0.100	0.100
>ATTGTTAGTGTG	25-ATTGTTAGTGTG	16.348879	-2.851894	0	T:1.0(0.07%),B:2.1(0.00%),P:1e-1	Tpos:160.0,Tstd:82.8,Bpos:380.4,Bstd:77.9,StrandBias:10.0,Multiplicity:4.00
0.997	0.001	0.001	0.001
0.001	0.001	0.001	0.997
0.001	0.001	0.001	0.997
0.001	0.001	0.997	0.001
0.001	0.001	0.001	0.997
0.001	0.001	0.001	0.997
0.997	0.001	0.001	0.001
0.001	0.001	0.997	0.001
0.001	0.001	0.001	0.997
0.222	0.001	0.776	0.001
0.001	0.001	0.001	0.997
0.001	0.001	0.997	0.001
>ACAGGAAG	1-ACAGGAAG	7.513535	-101.988898	0	T:484.0(35.28%),B:8816.4(19.11%),P:1e-44	Tpos:279.6,Tstd:208.0,Bpos:236.5,Bstd:138.0,StrandBias:0.0,Multiplicity:1.27
0.910	0.001	0.088	0.001
0.001	0.892	0.106	0.001
0.943	0.055	0.001	0.001
0.001	0.001	0.997	0.001
0.001	0.001	0.997	0.001
0.997	0.001	0.001	0.001
0.873	0.001	0.001	0.125
0.274	0.001	0.724	0.001
>CACTTCCG	2-CACTTCCG	7.598311	-92.596646	0	T:279.0(20.34%),B:3979.7(8.62%),P:1e-40	Tpos:273.2,Tstd:197.7,Bpos:232.9,Bstd:153.9,StrandBias:0.1,Multiplicity:1.21
0.163	0.717	0.001	0.119
0.584	0.148	0.001	0.267
0.155	0.838	0.001	0.006
0.259	0.001	0.022	0.718
0.079	0.001	0.001	0.919
0.001	0.938	0.001	0.060
0.001	0.997	0.001	0.001
0.001	0.001	0.847	0.151
>CGTTTYCG	3-CGTTTYCG	2.169824	-39.546770	0	T:449.0(32.73%),B:10436.6(22.62%),P:1e-17	Tpos:333.9,Tstd:270.8,Bpos:234.7,Bstd:163.4,StrandBias:0.0,Multiplicity:1.41
0.001	0.629	0.001	0.369
0.307	0.001	0.691	0.001
0.001	0.001	0.001	0.997
0.104	0.001	0.001	0.894
0.001	0.001	0.217	0.781
0.001	0.543	0.001	0.455
0.001	0.997	0.001	0.001
0.001	0.001	0.997	0.001
>TAACCACA	4-TAACCACA	7.985018	-37.236797	0	T:213.0(15.52%),B:3971.9(8.61%),P:1e-16	Tpos:290.1,Tstd:252.2,Bpos:236.2,Bstd:142.1,StrandBias:0.2,Multiplicity:1.12
0.276	0.209	0.001	0.514
0.838	0.117	0.001	0.044
0.997	0.001	0.001	0.001
0.170	0.828	0.001	0.001
0.001	0.997	0.001	0.001
0.966	0.032	0.001	0.001
0.001	0.940	0.001	0.058
0.997	0.001	0.001	0.001
>MTGASTCA	5-MTGASTCA	7.000939	-36.062868	0	T:205.0(14.94%),B:3811.4(8.26%),P:1e-15	Tpos:312.5,Tstd:253.6,Bpos:234.5,Bstd:139.9,StrandBias:-0.2,Multiplicity:1.15
0.416	0.380	0.178	0.025
0.055	0.078	0.001	0.866
0.001	0.031	0.846	0.122
0.746	0.172	0.012	0.070
0.001	0.432	0.566	0.001
0.001	0.034	0.030	0.935
0.166	0.731	0.034	0.069
0.918	0.001	0.080	0.001
>GVCGTCAY	6-GVCGTCAY	4.658902	-33.481192	0	T:290.0(21.14%),B:6194.1(13.42%),P:1e-14	Tpos:344.8,Tstd:297.4,Bpos:237.5,Bstd:155.0,StrandBias:-0.2,Multiplicity:1.28
0.183	0.184	0.504	0.129
0.386	0.260	0.263	0.091
0.001	0.642	0.145	0.212
0.149	0.059	0.735	0.057
0.185	0.171	0.072	0.572
0.120	0.447	0.296	0.137
0.613	0.098	0.199	0.090
0.060	0.346	0.128	0.466
>CGGCYAAT	7-CGGCYAAT	6.934872	-29.643708	0	T:202.0(14.72%),B:3992.6(8.65%),P:1e-12	Tpos:329.7,Tstd:257.0,Bpos:236.9,Bstd:151.6,StrandBias:-0.1,Multiplicity:1.15
0.001	0.997	0.001	0.001
0.230	0.089	0.680	0.001
0.260	0.001	0.738	0.001
0.001	0.997	0.001	0.001
0.001	0.474	0.112	0.413
0.898	0.001	0.100	0.001
0.679	0.001	0.001	0.319
0.001	0.369	0.001	0.629
>GGGCGGGG	8-GGGCGGGG	8.637429	-26.700514	0	T:296.0(21.57%),B:6731.2(14.59%),P:1e-11	Tpos:361.2,Tstd:288.2,Bpos:236.5,Bstd:168.0,StrandBias:-0.2,Multiplicity:1.79
0.001	0.001	0.997	0.001
0.001	0.001	0.997	0.001
0.089	0.127	0.781	0.003
0.001	0.997	0.001	0.001
0.001	0.001	0.997	0.001
0.001	0.001	0.997	0.001
0.232	0.001	0.766	0.001
0.303	0.005	0.546	0.146
>CACTAGAG	9-CACTAGAG	7.347115	-22.475371	0	T:79.0(5.76%),B:1207.0(2.62%),P:1e-9	Tpos:229.0,Tstd:146.7,Bpos:237.0,Bstd:144.6,StrandBias:0.0,Multiplicity:1.03
0.001	0.997	0.001	0.001
0.997	0.001	0.001	0.001
0.001	0.997	0.001	0.001
0.001	0.001	0.001	0.997
0.914	0.084	0.001	0.001
0.001	0.001	0.997	0.001
0.997	0.001	0.001	0.001
0.001	0.001	0.711	0.287
>TTTGCATA	10-TTTGCATA	10.768828	-7.590856	0	T:32.0(2.33%),B:561.9(1.22%),P:1e-3	Tpos:590.3,Tstd:599.5,Bpos:231.5,Bstd:146.5,StrandBias:-1.2,Multiplicity:2.00
0.001	0.001	0.001	0.997
0.001	0.001	0.001	0.997
0.101	0.001	0.001	0.897
0.001	0.001	0.997	0.001
0.175	0.823	0.001	0.001
0.997	0.001	0.001	0.001
0.001	0.001	0.001	0.997
0.997	0.001	0.001	0.001
