>NCCACTTCCTST	1-NCCACTTCCTST	8.726857	-121.142015	0	T:328.0(23.91%),B:4461.9(9.67%),P:1e-52	Tpos:281.0,Tstd:206.9,Bpos:236.1,Bstd:134.7,StrandBias:-0.0,Multiplicity:1.21
0.304	0.190	0.244	0.262
0.001	0.495	0.294	0.210
0.265	0.541	0.001	0.193
0.782	0.216	0.001	0.001
0.001	0.801	0.001	0.197
0.265	0.001	0.001	0.733
0.001	0.001	0.001	0.997
0.001	0.997	0.001	0.001
0.001	0.997	0.001	0.001
0.001	0.001	0.001	0.997
0.001	0.327	0.464	0.208
0.142	0.275	0.135	0.448
>TGCCCCCTAGTG	2-TGCCCCCTAGTG	9.500966	-62.872622	0	T:83.0(6.05%),B:638.2(1.38%),P:1e-27	Tpos:301.5,Tstd:305.5,Bpos:235.4,Bstd:139.4,StrandBias:0.2,Multiplicity:1.06
0.063	0.108	0.035	0.794
0.049	0.054	0.870	0.027
0.046	0.813	0.027	0.114
0.001	0.917	0.001	0.081
0.196	0.684	0.023	0.097
0.048	0.704	0.001	0.247
0.001	0.950	0.001	0.048
0.011	0.041	0.076	0.872
0.703	0.011	0.186	0.100
0.027	0.113	0.806	0.054
0.021	0.001	0.021	0.957
0.001	0.038	0.934	0.027
>CCGCTTCCTGTT	3-CCGCTTCCTGTT	6.716948	-56.601877	0	T:410.0(29.88%),B:8461.5(18.34%),P:1e-24	Tpos:312.8,Tstd:249.0,Bpos:235.6,Bstd:141.3,StrandBias:0.2,Multiplicity:1.19
0.129	0.628	0.124	0.119
0.213	0.449	0.084	0.254
0.137	0.229	0.466	0.168
0.039	0.653	0.081	0.227
0.113	0.165	0.073	0.649
0.057	0.092	0.203	0.648
0.060	0.656	0.168	0.116
0.078	0.730	0.059	0.133
0.146	0.043	0.144	0.667
0.117	0.194	0.526	0.163
0.113	0.206	0.080	0.601
0.108	0.158	0.132	0.602
>AGCCCCGCCCCC	4-AGCCCCGCCCCC	9.320516	-37.591045	0	T:241.0(17.57%),B:4683.9(10.15%),P:1e-16	Tpos:346.1,Tstd:257.9,Bpos:238.6,Bstd:162.9,StrandBias:0.2,Multiplicity:1.38
0.713	0.101	0.105	0.081
0.060	0.075	0.844	0.021
0.070	0.778	0.079	0.073
0.028	0.919	0.020	0.033
0.025	0.907	0.051	0.017
0.074	0.860	0.051	0.015
0.053	0.052	0.841	0.054
0.012	0.842	0.063	0.083
0.007	0.885	0.046	0.062
0.028	0.837	0.028	0.107
0.079	0.729	0.104	0.088
0.037	0.851	0.047	0.065
>CGCCATGTTCGG	5-CGCCATGTTCGG	9.472513	-34.114583	0	T:46.0(3.35%),B:367.9(0.80%),P:1e-14	Tpos:270.4,Tstd:158.9,Bpos:245.3,Bstd:162.6,StrandBias:0.3,Multiplicity:1.02
0.029	0.969	0.001	0.001
0.087	0.107	0.753	0.053
0.052	0.946	0.001	0.001
0.001	0.997	0.001	0.001
0.828	0.053	0.107	0.012
0.001	0.001	0.001	0.997
0.107	0.149	0.743	0.001
0.053	0.061	0.107	0.779
0.001	0.053	0.053	0.893
0.053	0.615	0.225	0.107
0.165	0.053	0.632	0.150
0.026	0.059	0.862	0.053
>AGACCTTCTTGG	6-AGACCTTCTTGG	14.221918	-28.500956	0	T:9.0(0.66%),B:6.4(0.01%),P:1e-12	Tpos:150.8,Tstd:108.6,Bpos:235.5,Bstd:201.3,StrandBias:-1.8,Multiplicity:1.00
0.997	0.001	0.001	0.001
0.001	0.001	0.997	0.001
0.997	0.001	0.001	0.001
0.001	0.997	0.001	0.001
0.001	0.997	0.001	0.001
0.001	0.001	0.001	0.997
0.119	0.001	0.001	0.879
0.001	0.997	0.001	0.001
0.001	0.001	0.001	0.997
0.119	0.001	0.001	0.879
0.001	0.001	0.997	0.001
0.001	0.119	0.879	0.001
>TTCTGACTCATC	7-TTCTGACTCATC	9.490634	-24.529975	0	T:58.0(4.23%),B:714.2(1.55%),P:1e-10	Tpos:233.7,Tstd:178.5,Bpos:227.3,Bstd:128.0,StrandBias:0.9,Multiplicity:1.04
0.048	0.084	0.081	0.787
0.001	0.004	0.001	0.994
0.049	0.870	0.080	0.001
0.047	0.001	0.001	0.951
0.049	0.115	0.787	0.049
0.746	0.132	0.052	0.070
0.128	0.681	0.086	0.105
0.128	0.001	0.047	0.824
0.048	0.904	0.001	0.047
0.899	0.054	0.001	0.046
0.001	0.063	0.075	0.861
0.112	0.677	0.078	0.133
>TGCATCACAGGC	8-TGCATCACAGGC	10.451860	-24.315970	0	T:28.0(2.04%),B:196.7(0.43%),P:1e-10	Tpos:256.2,Tstd:152.9,Bpos:237.2,Bstd:136.7,StrandBias:0.3,Multiplicity:1.21
0.001	0.001	0.065	0.933
0.001	0.001	0.945	0.053
0.241	0.638	0.001	0.120
0.885	0.048	0.066	0.001
0.001	0.001	0.001	0.997
0.001	0.866	0.001	0.132
0.896	0.001	0.066	0.037
0.001	0.997	0.001	0.001
0.757	0.111	0.066	0.066
0.253	0.001	0.677	0.069
0.001	0.069	0.797	0.133
0.356	0.642	0.001	0.001
>TCTCGSGAGAGY	9-TCTCGSGAGAGY	10.715425	-23.318067	0	T:23.0(1.68%),B:137.7(0.30%),P:1e-10	Tpos:340.2,Tstd:249.4,Bpos:221.8,Bstd:148.6,StrandBias:0.2,Multiplicity:1.09
0.001	0.001	0.287	0.711
0.001	0.856	0.001	0.142
0.209	0.253	0.001	0.537
0.001	0.589	0.194	0.216
0.001	0.071	0.927	0.001
0.001	0.474	0.524	0.001
0.001	0.011	0.987	0.001
0.608	0.001	0.390	0.001
0.138	0.138	0.723	0.001
0.927	0.071	0.001	0.001
0.235	0.006	0.621	0.138
0.001	0.543	0.012	0.444
>GGTGACAGCATA	10-GGTGACAGCATA	14.347884	-22.396846	0	T:5.0(0.36%),B:1.7(0.00%),P:1e-9	Tpos:247.3,Tstd:117.2,Bpos:220.2,Bstd:143.5,StrandBias:2.0,Multiplicity:2.00
0.001	0.001	0.997	0.001
0.001	0.001	0.997	0.001
0.001	0.001	0.001	0.997
0.001	0.001	0.997	0.001
0.997	0.001	0.001	0.001
0.001	0.997	0.001	0.001
0.997	0.001	0.001	0.001
0.001	0.001	0.879	0.119
0.119	0.879	0.001	0.001
0.997	0.001	0.001	0.001
0.001	0.001	0.001	0.997
0.997	0.001	0.001	0.001
>GGAAAAGAGCGG	11-GGAAAAGAGCGG	12.355432	-22.396846	0	T:5.0(0.36%),B:1.3(0.00%),P:1e-9	Tpos:125.2,Tstd:48.3,Bpos:456.0,Bstd:0.0,StrandBias:10.0,Multiplicity:1.00
0.100	0.100	0.700	0.100
0.100	0.100	0.700	0.100
0.700	0.100	0.100	0.100
0.700	0.100	0.100	0.100
0.700	0.100	0.100	0.100
0.700	0.100	0.100	0.100
0.100	0.100	0.700	0.100
0.700	0.100	0.100	0.100
0.100	0.100	0.700	0.100
0.100	0.700	0.100	0.100
0.100	0.100	0.700	0.100
0.100	0.100	0.700	0.100
>AGGAAGTGCACT	12-AGGAAGTGCACT	10.206954	-19.534385	0	T:37.0(2.70%),B:399.4(0.87%),P:1e-8	Tpos:286.5,Tstd:203.2,Bpos:232.6,Bstd:136.9,StrandBias:0.0,Multiplicity:1.04
0.820	0.071	0.024	0.085
0.049	0.001	0.949	0.001
0.001	0.027	0.971	0.001
0.908	0.056	0.035	0.001
0.971	0.001	0.027	0.001
0.001	0.099	0.851	0.049
0.078	0.115	0.143	0.664
0.157	0.071	0.771	0.001
0.078	0.848	0.001	0.073
0.697	0.127	0.001	0.175
0.049	0.767	0.183	0.001
0.001	0.031	0.134	0.834
>CCTTGGCTGCCA	13-CCTTGGCTGCCA	13.912861	-19.153883	0	T:10.0(0.73%),B:24.8(0.05%),P:1e-8	Tpos:187.1,Tstd:128.5,Bpos:244.9,Bstd:97.9,StrandBias:10.0,Multiplicity:1.00
0.001	0.997	0.001	0.001
0.001	0.997	0.001	0.001
0.001	0.001	0.001	0.997
0.001	0.001	0.001	0.997
0.001	0.141	0.857	0.001
0.001	0.001	0.997	0.001
0.001	0.997	0.001	0.001
0.079	0.001	0.001	0.919
0.001	0.001	0.997	0.001
0.001	0.997	0.001	0.001
0.001	0.997	0.001	0.001
0.997	0.001	0.001	0.001
>GTGACGTCACGG	14-GTGACGTCACGG	10.399276	-15.371340	0	T:28.0(2.04%),B:299.5(0.65%),P:1e-6	Tpos:238.8,Tstd:203.9,Bpos:231.5,Bstd:163.1,StrandBias:-0.2,Multiplicity:1.07
0.025	0.068	0.806	0.101
0.050	0.001	0.001	0.948
0.001	0.040	0.958	0.001
0.848	0.101	0.001	0.050
0.184	0.607	0.082	0.127
0.024	0.108	0.817	0.051
0.001	0.001	0.044	0.954
0.001	0.967	0.031	0.001
0.997	0.001	0.001	0.001
0.051	0.721	0.189	0.039
0.064	0.145	0.666	0.125
0.052	0.001	0.716	0.231
>CCAGCAGACTTG	15-CCAGCAGACTTG	12.355432	-14.519134	0	T:4.0(0.29%),B:2.9(0.01%),P:1e-6	Tpos:187.2,Tstd:83.2,Bpos:175.6,Bstd:129.1,StrandBias:1.6,Multiplicity:1.00
0.100	0.700	0.100	0.100
0.100	0.700	0.100	0.100
0.700	0.100	0.100	0.100
0.100	0.100	0.700	0.100
0.100	0.700	0.100	0.100
0.700	0.100	0.100	0.100
0.100	0.100	0.700	0.100
0.700	0.100	0.100	0.100
0.100	0.700	0.100	0.100
0.100	0.100	0.100	0.700
0.100	0.100	0.100	0.700
0.100	0.100	0.700	0.100
>TARKGCCTGGCC	16-TARKGCCTGGCC	11.709664	-12.323724	0	T:8.0(0.58%),B:31.0(0.07%),P:1e-5	Tpos:278.2,Tstd:355.2,Bpos:229.1,Bstd:108.7,StrandBias:1.7,Multiplicity:1.62
0.001	0.001	0.001	0.997
0.966	0.032	0.001	0.001
0.507	0.001	0.366	0.126
0.001	0.001	0.526	0.472
0.001	0.001	0.997	0.001
0.001	0.997	0.001	0.001
0.001	0.871	0.127	0.001
0.001	0.001	0.001	0.997
0.001	0.001	0.997	0.001
0.001	0.001	0.997	0.001
0.001	0.997	0.001	0.001
0.001	0.997	0.001	0.001
>GCCCTTTGCTTC	17-GCCCTTTGCTTC	14.614707	-8.269998	0	T:4.0(0.29%),B:10.1(0.02%),P:1e-3	Tpos:193.0,Tstd:70.5,Bpos:230.0,Bstd:96.8,StrandBias:3.0,Multiplicity:2.25
0.001	0.001	0.997	0.001
0.001	0.997	0.001	0.001
0.001	0.997	0.001	0.001
0.137	0.693	0.169	0.001
0.001	0.001	0.001	0.997
0.001	0.001	0.001	0.997
0.001	0.001	0.001	0.997
0.001	0.001	0.997	0.001
0.001	0.997	0.001	0.001
0.001	0.001	0.001	0.997
0.001	0.001	0.001	0.997
0.001	0.997	0.001	0.001
>CCACAGTGTGTT	18-CCACAGTGTGTT	11.017620	-5.854235	0	T:11.0(0.80%),B:135.9(0.29%),P:1e-2	Tpos:202.0,Tstd:99.4,Bpos:274.9,Bstd:122.9,StrandBias:1.0,Multiplicity:1.00
0.092	0.648	0.092	0.168
0.001	0.907	0.001	0.091
0.722	0.001	0.092	0.185
0.091	0.907	0.001	0.001
0.907	0.001	0.091	0.001
0.092	0.001	0.832	0.075
0.185	0.001	0.185	0.629
0.001	0.092	0.722	0.185
0.092	0.001	0.092	0.815
0.001	0.091	0.907	0.001
0.001	0.001	0.001	0.997
0.001	0.001	0.001	0.997
>ACCCACAGTGTG	19-ACCCACAGTGTG	-4.323936	-4.283020	0	T:485.0(35.35%),B:15002.1(32.51%),P:1e-1	Tpos:288.2,Tstd:248.8,Bpos:235.7,Bstd:141.6,StrandBias:-0.1,Multiplicity:1.34
0.997	0.001	0.001	0.001
0.001	0.997	0.001	0.001
0.001	0.997	0.001	0.001
0.001	0.997	0.001	0.001
0.898	0.001	0.100	0.001
0.001	0.997	0.001	0.001
0.997	0.001	0.001	0.001
0.100	0.001	0.898	0.001
0.001	0.001	0.001	0.997
0.001	0.001	0.997	0.001
0.001	0.001	0.001	0.997
0.001	0.001	0.997	0.001
>TGTAATGAGCTC	20-TGTAATGAGCTC	12.355432	-3.530295	0	T:1.0(0.07%),B:0.0(0.00%),P:1e-1	Tpos:626.1,Tstd:62.2,Bpos:0.0,Bstd:0.0,StrandBias:10.0,Multiplicity:7.00
0.100	0.100	0.100	0.700
0.100	0.100	0.700	0.100
0.100	0.100	0.100	0.700
0.700	0.100	0.100	0.100
0.700	0.100	0.100	0.100
0.100	0.100	0.100	0.700
0.100	0.100	0.700	0.100
0.700	0.100	0.100	0.100
0.100	0.100	0.700	0.100
0.100	0.700	0.100	0.100
0.100	0.100	0.100	0.700
0.100	0.700	0.100	0.100
>ACTCTAGAAGTC	21-ACTCTAGAAGTC	10.409522	-3.011870	0	T:5.0(0.36%),B:66.0(0.14%),P:1e-1	Tpos:567.0,Tstd:206.1,Bpos:255.8,Bstd:139.6,StrandBias:2.5,Multiplicity:2.60
0.700	0.100	0.100	0.100
0.100	0.700	0.100	0.100
0.100	0.100	0.100	0.700
0.100	0.700	0.100	0.100
0.100	0.100	0.100	0.700
0.700	0.100	0.100	0.100
0.100	0.100	0.700	0.100
0.700	0.100	0.100	0.100
0.700	0.100	0.100	0.100
0.100	0.100	0.700	0.100
0.100	0.100	0.100	0.700
0.100	0.700	0.100	0.100
>ACAACTCACCAC	22-ACAACTCACCAC	12.355432	-2.851894	0	T:1.0(0.07%),B:2.1(0.00%),P:1e-1	Tpos:76.0,Tstd:47.8,Bpos:262.0,Bstd:121.4,StrandBias:10.0,Multiplicity:6.00
0.700	0.100	0.100	0.100
0.100	0.700	0.100	0.100
0.700	0.100	0.100	0.100
0.700	0.100	0.100	0.100
0.100	0.700	0.100	0.100
0.100	0.100	0.100	0.700
0.100	0.700	0.100	0.100
0.700	0.100	0.100	0.100
0.100	0.700	0.100	0.100
0.100	0.700	0.100	0.100
0.700	0.100	0.100	0.100
0.100	0.700	0.100	0.100
>GTGACACTGCTG	23-GTGACACTGCTG	12.355432	-2.851894	0	T:1.0(0.07%),B:2.2(0.00%),P:1e-1	Tpos:121.0,Tstd:79.2,Bpos:295.0,Bstd:0.0,StrandBias:10.0,Multiplicity:5.00
0.100	0.100	0.700	0.100
0.100	0.100	0.100	0.700
0.100	0.100	0.700	0.100
0.700	0.100	0.100	0.100
0.100	0.700	0.100	0.100
0.700	0.100	0.100	0.100
0.100	0.700	0.100	0.100
0.100	0.100	0.100	0.700
0.100	0.100	0.700	0.100
0.100	0.700	0.100	0.100
0.100	0.100	0.100	0.700
0.100	0.100	0.700	0.100
>ACTGCTGCAGTA	24-ACTGCTGCAGTA	12.355432	-2.851894	0	T:1.0(0.07%),B:2.3(0.00%),P:1e-1	Tpos:133.0,Tstd:79.2,Bpos:352.1,Bstd:58.6,StrandBias:10.0,Multiplicity:5.00
0.700	0.100	0.100	0.100
0.100	0.700	0.100	0.100
0.100	0.100	0.100	0.700
0.100	0.100	0.700	0.100
0.100	0.700	0.100	0.100
0.100	0.100	0.100	0.700
0.100	0.100	0.700	0.100
0.100	0.700	0.100	0.100
0.700	0.100	0.100	0.100
0.100	0.100	0.700	0.100
0.100	0.100	0.100	0.700
0.700	0.100	0.100	0.100
>ATTGTTAGTGTG	25-ATTGTTAGTGTG	16.348879	-2.851894	0	T:1.0(0.07%),B:2.1(0.00%),P:1e-1	Tpos:160.0,Tstd:82.8,Bpos:380.4,Bstd:77.9,StrandBias:10.0,Multiplicity:4.00
0.997	0.001	0.001	0.001
0.001	0.001	0.001	0.997
0.001	0.001	0.001	0.997
0.001	0.001	0.997	0.001
0.001	0.001	0.001	0.997
0.001	0.001	0.001	0.997
0.997	0.001	0.001	0.001
0.001	0.001	0.997	0.001
0.001	0.001	0.001	0.997
0.222	0.001	0.776	0.001
0.001	0.001	0.001	0.997
0.001	0.001	0.997	0.001
