>ACAGGAAG	1-ACAGGAAG	7.513535	-101.988898	0	T:484.0(35.28%),B:8816.4(19.11%),P:1e-44	Tpos:279.6,Tstd:208.0,Bpos:236.5,Bstd:138.0,StrandBias:0.0,Multiplicity:1.27
0.910	0.001	0.088	0.001
0.001	0.892	0.106	0.001
0.943	0.055	0.001	0.001
0.001	0.001	0.997	0.001
0.001	0.001	0.997	0.001
0.997	0.001	0.001	0.001
0.873	0.001	0.001	0.125
0.274	0.001	0.724	0.001
>CACTTCCG	2-CACTTCCG	7.598311	-92.596646	0	T:279.0(20.34%),B:3979.7(8.62%),P:1e-40	Tpos:273.2,Tstd:197.7,Bpos:232.9,Bstd:153.9,StrandBias:0.1,Multiplicity:1.21
0.163	0.717	0.001	0.119
0.584	0.148	0.001	0.267
0.155	0.838	0.001	0.006
0.259	0.001	0.022	0.718
0.079	0.001	0.001	0.919
0.001	0.938	0.001	0.060
0.001	0.997	0.001	0.001
0.001	0.001	0.847	0.151
>CGTTTYCG	3-CGTTTYCG	2.169824	-39.546770	0	T:449.0(32.73%),B:10436.6(22.62%),P:1e-17	Tpos:333.9,Tstd:270.8,Bpos:234.7,Bstd:163.4,StrandBias:0.0,Multiplicity:1.41
0.001	0.629	0.001	0.369
0.307	0.001	0.691	0.001
0.001	0.001	0.001	0.997
0.104	0.001	0.001	0.894
0.001	0.001	0.217	0.781
0.001	0.543	0.001	0.455
0.001	0.997	0.001	0.001
0.001	0.001	0.997	0.001
>TAACCACA	4-TAACCACA	7.985018	-37.236797	0	T:213.0(15.52%),B:3971.9(8.61%),P:1e-16	Tpos:290.1,Tstd:252.2,Bpos:236.2,Bstd:142.1,StrandBias:0.2,Multiplicity:1.12
0.276	0.209	0.001	0.514
0.838	0.117	0.001	0.044
0.997	0.001	0.001	0.001
0.170	0.828	0.001	0.001
0.001	0.997	0.001	0.001
0.966	0.032	0.001	0.001
0.001	0.940	0.001	0.058
0.997	0.001	0.001	0.001
>MTGASTCA	5-MTGASTCA	7.000939	-36.062868	0	T:205.0(14.94%),B:3811.4(8.26%),P:1e-15	Tpos:312.5,Tstd:253.6,Bpos:234.5,Bstd:139.9,StrandBias:-0.2,Multiplicity:1.15
0.416	0.380	0.178	0.025
0.055	0.078	0.001	0.866
0.001	0.031	0.846	0.122
0.746	0.172	0.012	0.070
0.001	0.432	0.566	0.001
0.001	0.034	0.030	0.935
0.166	0.731	0.034	0.069
0.918	0.001	0.080	0.001
>GVCGTCAY	6-GVCGTCAY	4.658902	-33.481192	0	T:290.0(21.14%),B:6194.1(13.42%),P:1e-14	Tpos:344.8,Tstd:297.4,Bpos:237.5,Bstd:155.0,StrandBias:-0.2,Multiplicity:1.28
0.183	0.184	0.504	0.129
0.386	0.260	0.263	0.091
0.001	0.642	0.145	0.212
0.149	0.059	0.735	0.057
0.185	0.171	0.072	0.572
0.120	0.447	0.296	0.137
0.613	0.098	0.199	0.090
0.060	0.346	0.128	0.466
>CGGCYAAT	7-CGGCYAAT	6.934872	-29.643708	0	T:202.0(14.72%),B:3992.6(8.65%),P:1e-12	Tpos:329.7,Tstd:257.0,Bpos:236.9,Bstd:151.6,StrandBias:-0.1,Multiplicity:1.15
0.001	0.997	0.001	0.001
0.230	0.089	0.680	0.001
0.260	0.001	0.738	0.001
0.001	0.997	0.001	0.001
0.001	0.474	0.112	0.413
0.898	0.001	0.100	0.001
0.679	0.001	0.001	0.319
0.001	0.369	0.001	0.629
>GGGCGGGG	8-GGGCGGGG	8.637429	-26.700514	0	T:296.0(21.57%),B:6731.2(14.59%),P:1e-11	Tpos:361.2,Tstd:288.2,Bpos:236.5,Bstd:168.0,StrandBias:-0.2,Multiplicity:1.79
0.001	0.001	0.997	0.001
0.001	0.001	0.997	0.001
0.089	0.127	0.781	0.003
0.001	0.997	0.001	0.001
0.001	0.001	0.997	0.001
0.001	0.001	0.997	0.001
0.232	0.001	0.766	0.001
0.303	0.005	0.546	0.146
>CACTAGAG	9-CACTAGAG	7.347115	-22.475371	0	T:79.0(5.76%),B:1207.0(2.62%),P:1e-9	Tpos:229.0,Tstd:146.7,Bpos:237.0,Bstd:144.6,StrandBias:0.0,Multiplicity:1.03
0.001	0.997	0.001	0.001
0.997	0.001	0.001	0.001
0.001	0.997	0.001	0.001
0.001	0.001	0.001	0.997
0.914	0.084	0.001	0.001
0.001	0.001	0.997	0.001
0.997	0.001	0.001	0.001
0.001	0.001	0.711	0.287
>TTTGCATA	10-TTTGCATA	10.768828	-7.590856	0	T:32.0(2.33%),B:561.9(1.22%),P:1e-3	Tpos:590.3,Tstd:599.5,Bpos:231.5,Bstd:146.5,StrandBias:-1.2,Multiplicity:2.00
0.001	0.001	0.001	0.997
0.001	0.001	0.001	0.997
0.101	0.001	0.001	0.897
0.001	0.001	0.997	0.001
0.175	0.823	0.001	0.001
0.997	0.001	0.001	0.001
0.001	0.001	0.001	0.997
0.997	0.001	0.001	0.001
