>WAACCACADV	1-WAACCACADV	6.033550	-198.212482	0	T:412.0(33.88%),B:5714.2(12.12%),P:1e-86	Tpos:279.4,Tstd:177.1,Bpos:251.2,Bstd:148.1,StrandBias:-0.1,Multiplicity:1.27
0.429	0.151	0.010	0.411
0.564	0.161	0.202	0.073
0.594	0.117	0.267	0.022
0.128	0.664	0.012	0.196
0.055	0.702	0.181	0.062
0.548	0.122	0.258	0.072
0.030	0.700	0.080	0.190
0.646	0.208	0.054	0.092
0.241	0.156	0.330	0.273
0.325	0.321	0.191	0.163
>YRCTTCCTGT	2-YRCTTCCTGT	8.347856	-123.822706	0	T:317.0(26.07%),B:4856.7(10.30%),P:1e-53	Tpos:291.0,Tstd:183.9,Bpos:249.4,Bstd:146.6,StrandBias:0.0,Multiplicity:1.21
0.104	0.424	0.133	0.339
0.434	0.121	0.396	0.048
0.001	0.623	0.020	0.356
0.149	0.032	0.010	0.809
0.010	0.001	0.001	0.988
0.001	0.979	0.019	0.001
0.001	0.926	0.001	0.072
0.001	0.001	0.026	0.972
0.017	0.328	0.573	0.082
0.118	0.202	0.148	0.532
>AKRTGASTCA	3-AKRTGASTCA	8.469782	-96.712120	0	T:184.0(15.13%),B:2248.2(4.77%),P:1e-42	Tpos:277.9,Tstd:150.8,Bpos:244.8,Bstd:148.5,StrandBias:0.1,Multiplicity:1.12
0.406	0.243	0.244	0.107
0.219	0.112	0.286	0.383
0.477	0.106	0.372	0.045
0.001	0.001	0.001	0.997
0.031	0.066	0.848	0.055
0.997	0.001	0.001	0.001
0.016	0.424	0.421	0.139
0.001	0.001	0.001	0.997
0.001	0.982	0.016	0.001
0.997	0.001	0.001	0.001
>ASATCAAAGS	4-ASATCAAAGS	7.938662	-72.238497	0	T:225.0(18.50%),B:3754.3(7.96%),P:1e-31	Tpos:298.2,Tstd:192.0,Bpos:258.1,Bstd:147.3,StrandBias:0.2,Multiplicity:1.13
0.769	0.001	0.108	0.122
0.045	0.445	0.509	0.001
0.900	0.001	0.001	0.098
0.058	0.001	0.001	0.940
0.043	0.689	0.119	0.149
0.932	0.001	0.001	0.066
0.906	0.092	0.001	0.001
0.997	0.001	0.001	0.001
0.282	0.125	0.592	0.001
0.247	0.423	0.318	0.012
>TTRACACCTY	5-TTRACACCTY	8.106413	-67.674958	0	T:174.0(14.31%),B:2588.0(5.49%),P:1e-29	Tpos:278.1,Tstd:165.1,Bpos:250.8,Bstd:149.7,StrandBias:0.1,Multiplicity:1.11
0.001	0.186	0.240	0.573
0.097	0.001	0.001	0.901
0.395	0.229	0.374	0.001
0.751	0.001	0.111	0.137
0.001	0.997	0.001	0.001
0.997	0.001	0.001	0.001
0.001	0.988	0.010	0.001
0.109	0.679	0.078	0.134
0.048	0.193	0.001	0.758
0.103	0.497	0.001	0.399
>DGGGCGGRGC	6-DGGGCGGRGC	7.626204	-56.283071	0	T:463.0(38.08%),B:11636.8(24.68%),P:1e-24	Tpos:301.4,Tstd:204.5,Bpos:245.7,Bstd:152.5,StrandBias:-0.1,Multiplicity:1.71
0.293	0.118	0.329	0.260
0.401	0.001	0.597	0.001
0.001	0.001	0.997	0.001
0.001	0.001	0.997	0.001
0.247	0.554	0.001	0.198
0.218	0.001	0.780	0.001
0.139	0.001	0.667	0.193
0.378	0.001	0.491	0.130
0.001	0.001	0.997	0.001
0.067	0.554	0.001	0.378
>KGGGYGTKGY	7-KGGGYGTKGY	8.441301	-46.090489	0	T:226.0(18.59%),B:4620.1(9.80%),P:1e-20	Tpos:273.6,Tstd:225.2,Bpos:250.4,Bstd:153.4,StrandBias:0.1,Multiplicity:1.11
0.232	0.001	0.423	0.344
0.358	0.001	0.640	0.001
0.001	0.001	0.997	0.001
0.001	0.001	0.997	0.001
0.001	0.563	0.001	0.435
0.001	0.001	0.997	0.001
0.001	0.001	0.001	0.997
0.001	0.001	0.488	0.510
0.001	0.001	0.694	0.304
0.001	0.438	0.193	0.368
>GGTTTTCACC	8-GGTTTTCACC	7.478376	-41.875766	0	T:90.0(7.40%),B:1188.8(2.52%),P:1e-18	Tpos:299.4,Tstd:187.8,Bpos:254.2,Bstd:150.4,StrandBias:0.5,Multiplicity:1.07
0.057	0.058	0.851	0.034
0.082	0.039	0.713	0.166
0.186	0.218	0.028	0.568
0.023	0.047	0.020	0.910
0.256	0.116	0.052	0.576
0.219	0.148	0.129	0.504
0.146	0.566	0.035	0.253
0.474	0.247	0.249	0.030
0.023	0.685	0.229	0.063
0.275	0.591	0.027	0.107
>GCAAGDCAAC	9-GCAAGDCAAC	6.743981	-37.418931	0	T:76.0(6.25%),B:967.8(2.05%),P:1e-16	Tpos:269.7,Tstd:208.6,Bpos:247.8,Bstd:147.9,StrandBias:-0.7,Multiplicity:1.11
0.141	0.127	0.731	0.001
0.148	0.770	0.080	0.002
0.453	0.205	0.183	0.159
0.604	0.002	0.229	0.165
0.097	0.246	0.458	0.199
0.272	0.143	0.365	0.219
0.310	0.509	0.179	0.002
0.437	0.236	0.070	0.257
0.631	0.015	0.001	0.353
0.079	0.681	0.002	0.238
>TCAGACGTCA	10-TCAGACGTCA	6.113055	-35.011234	0	T:121.0(9.95%),B:2103.2(4.46%),P:1e-15	Tpos:288.0,Tstd:180.9,Bpos:248.4,Bstd:152.2,StrandBias:0.1,Multiplicity:1.06
0.190	0.131	0.153	0.526
0.155	0.510	0.172	0.163
0.563	0.160	0.118	0.159
0.133	0.205	0.548	0.114
0.578	0.122	0.142	0.158
0.122	0.733	0.001	0.144
0.171	0.145	0.568	0.116
0.107	0.054	0.180	0.659
0.051	0.666	0.138	0.145
0.576	0.175	0.064	0.185
>GTCATATCCG	11-GTCATATCCG	7.654373	-32.997308	0	T:70.0(5.76%),B:920.7(1.95%),P:1e-14	Tpos:265.2,Tstd:151.9,Bpos:252.2,Bstd:143.2,StrandBias:0.4,Multiplicity:1.04
0.170	0.080	0.647	0.103
0.084	0.024	0.062	0.830
0.054	0.822	0.123	0.001
0.958	0.012	0.019	0.011
0.068	0.066	0.028	0.838
0.719	0.038	0.067	0.176
0.021	0.040	0.103	0.836
0.084	0.819	0.049	0.048
0.081	0.708	0.082	0.129
0.021	0.027	0.830	0.122
>CACAGTGTAA	12-CACAGTGTAA	7.914717	-30.424833	0	T:131.0(10.77%),B:2520.6(5.35%),P:1e-13	Tpos:267.9,Tstd:200.4,Bpos:251.6,Bstd:154.9,StrandBias:-0.1,Multiplicity:1.08
0.033	0.862	0.054	0.051
0.890	0.031	0.021	0.058
0.041	0.780	0.123	0.056
0.853	0.063	0.022	0.062
0.048	0.053	0.871	0.028
0.053	0.099	0.080	0.768
0.110	0.087	0.780	0.023
0.085	0.116	0.059	0.740
0.680	0.149	0.054	0.117
0.788	0.017	0.140	0.055
>GGTGACTAAA	13-GGTGACTAAA	6.764074	-30.268807	0	T:108.0(8.88%),B:1908.9(4.05%),P:1e-13	Tpos:268.6,Tstd:151.8,Bpos:246.2,Bstd:146.8,StrandBias:-0.3,Multiplicity:1.07
0.122	0.221	0.551	0.106
0.231	0.068	0.532	0.169
0.141	0.001	0.045	0.813
0.197	0.051	0.647	0.105
0.676	0.196	0.063	0.065
0.051	0.708	0.134	0.107
0.088	0.001	0.102	0.809
0.580	0.138	0.123	0.159
0.505	0.019	0.257	0.219
0.513	0.139	0.151	0.197
>GTAACCAATC	14-GTAACCAATC	6.490185	-29.888265	0	T:212.0(17.43%),B:4917.8(10.43%),P:1e-12	Tpos:275.0,Tstd:191.7,Bpos:250.4,Bstd:146.8,StrandBias:0.2,Multiplicity:1.17
0.057	0.084	0.784	0.075
0.086	0.144	0.056	0.714
0.790	0.061	0.064	0.085
0.761	0.053	0.105	0.081
0.062	0.779	0.074	0.085
0.042	0.907	0.001	0.050
0.841	0.051	0.066	0.042
0.774	0.085	0.103	0.038
0.063	0.040	0.037	0.860
0.043	0.798	0.082	0.077
>CACAATAATA	15-CACAATAATA	10.491720	-28.230403	0	T:31.0(2.55%),B:236.4(0.50%),P:1e-12	Tpos:282.3,Tstd:178.4,Bpos:235.8,Bstd:136.8,StrandBias:1.6,Multiplicity:1.10
0.001	0.997	0.001	0.001
0.997	0.001	0.001	0.001
0.155	0.843	0.001	0.001
0.997	0.001	0.001	0.001
0.900	0.001	0.098	0.001
0.001	0.001	0.151	0.847
0.694	0.001	0.304	0.001
0.718	0.179	0.001	0.102
0.001	0.001	0.001	0.997
0.997	0.001	0.001	0.001
>GCTGTTTTTA	16-GCTGTTTTTA	7.429846	-27.504904	0	T:180.0(14.80%),B:4060.1(8.61%),P:1e-11	Tpos:271.4,Tstd:229.9,Bpos:249.9,Bstd:151.3,StrandBias:-0.0,Multiplicity:1.11
0.033	0.133	0.704	0.130
0.066	0.750	0.079	0.105
0.095	0.001	0.012	0.892
0.051	0.078	0.818	0.053
0.020	0.071	0.060	0.849
0.044	0.045	0.062	0.849
0.077	0.109	0.055	0.759
0.073	0.088	0.064	0.775
0.044	0.077	0.054	0.825
0.787	0.045	0.056	0.112
>GATTGGCCGG	17-GATTGGCCGG	7.451080	-24.484375	0	T:66.0(5.43%),B:1014.0(2.15%),P:1e-10	Tpos:315.8,Tstd:212.9,Bpos:247.2,Bstd:158.6,StrandBias:0.1,Multiplicity:1.12
0.060	0.100	0.760	0.080
0.840	0.069	0.078	0.013
0.058	0.046	0.050	0.846
0.088	0.026	0.017	0.869
0.058	0.047	0.779	0.116
0.083	0.056	0.835	0.026
0.120	0.665	0.058	0.157
0.038	0.829	0.071	0.062
0.068	0.115	0.788	0.029
0.101	0.044	0.800	0.055
>AAGTAGGTCA	18-AAGTAGGTCA	8.666703	-24.023561	0	T:27.0(2.22%),B:213.7(0.45%),P:1e-10	Tpos:262.8,Tstd:133.7,Bpos:230.4,Bstd:145.7,StrandBias:-0.2,Multiplicity:1.00
0.997	0.001	0.001	0.001
0.969	0.001	0.001	0.029
0.001	0.001	0.954	0.044
0.001	0.001	0.001	0.997
0.997	0.001	0.001	0.001
0.001	0.092	0.850	0.057
0.001	0.001	0.997	0.001
0.107	0.001	0.001	0.891
0.001	0.997	0.001	0.001
0.997	0.001	0.001	0.001
>CCAATCCACT	19-CCAATCCACT	10.296193	-22.551529	0	T:11.0(0.90%),B:26.8(0.06%),P:1e-9	Tpos:311.6,Tstd:172.6,Bpos:292.1,Bstd:129.0,StrandBias:3.3,Multiplicity:1.00
0.100	0.700	0.100	0.100
0.100	0.700	0.100	0.100
0.700	0.100	0.100	0.100
0.700	0.100	0.100	0.100
0.100	0.100	0.100	0.700
0.100	0.700	0.100	0.100
0.100	0.700	0.100	0.100
0.700	0.100	0.100	0.100
0.100	0.700	0.100	0.100
0.100	0.100	0.100	0.700
>ACACTAACTA	20-ACACTAACTA	8.932469	-22.192861	0	T:40.0(3.29%),B:477.1(1.01%),P:1e-9	Tpos:271.7,Tstd:177.0,Bpos:243.1,Bstd:147.9,StrandBias:0.3,Multiplicity:1.10
0.966	0.032	0.001	0.001
0.029	0.680	0.290	0.001
0.915	0.046	0.001	0.038
0.077	0.869	0.021	0.033
0.001	0.038	0.001	0.960
0.985	0.013	0.001	0.001
0.921	0.040	0.001	0.038
0.001	0.966	0.001	0.032
0.178	0.001	0.001	0.820
0.935	0.017	0.047	0.001
>TGATACACGC	21-TGATACACGC	11.315760	-20.963548	0	T:18.0(1.48%),B:106.7(0.23%),P:1e-9	Tpos:259.8,Tstd:147.6,Bpos:263.4,Bstd:160.8,StrandBias:2.3,Multiplicity:1.00
0.001	0.001	0.001	0.997
0.001	0.138	0.860	0.001
0.997	0.001	0.001	0.001
0.001	0.394	0.001	0.604
0.997	0.001	0.001	0.001
0.001	0.997	0.001	0.001
0.997	0.001	0.001	0.001
0.001	0.997	0.001	0.001
0.001	0.001	0.762	0.236
0.001	0.997	0.001	0.001
>AGTCCGGCCC	22-AGTCCGGCCC	10.163272	-14.661640	0	T:25.0(2.06%),B:295.8(0.63%),P:1e-6	Tpos:273.5,Tstd:150.4,Bpos:239.1,Bstd:148.8,StrandBias:-0.3,Multiplicity:1.24
0.997	0.001	0.001	0.001
0.001	0.001	0.991	0.007
0.075	0.001	0.254	0.670
0.002	0.730	0.100	0.168
0.090	0.902	0.007	0.001
0.049	0.007	0.907	0.037
0.151	0.167	0.666	0.016
0.001	0.997	0.001	0.001
0.001	0.948	0.050	0.001
0.002	0.996	0.001	0.001
>CACTGTAGGC	23-CACTGTAGGC	11.073142	-7.477546	0	T:12.0(0.99%),B:147.2(0.31%),P:1e-3	Tpos:244.8,Tstd:184.8,Bpos:257.3,Bstd:145.8,StrandBias:-0.6,Multiplicity:1.67
0.001	0.997	0.001	0.001
0.997	0.001	0.001	0.001
0.001	0.997	0.001	0.001
0.137	0.001	0.069	0.793
0.001	0.086	0.912	0.001
0.001	0.001	0.001	0.997
0.997	0.001	0.001	0.001
0.001	0.001	0.997	0.001
0.001	0.001	0.997	0.001
0.001	0.997	0.001	0.001
>ATGTCCTATG	24-ATGTCCTATG	10.296193	-5.897834	0	T:4.0(0.33%),B:22.3(0.05%),P:1e-2	Tpos:196.7,Tstd:145.7,Bpos:219.7,Bstd:151.0,StrandBias:-2.3,Multiplicity:3.00
0.700	0.100	0.100	0.100
0.100	0.100	0.100	0.700
0.100	0.100	0.700	0.100
0.100	0.100	0.100	0.700
0.100	0.700	0.100	0.100
0.100	0.700	0.100	0.100
0.100	0.100	0.100	0.700
0.700	0.100	0.100	0.100
0.100	0.100	0.100	0.700
0.100	0.100	0.700	0.100
>GCGGAGATGT	25-GCGGAGATGT	10.296193	-5.321288	0	T:3.0(0.25%),B:13.2(0.03%),P:1e-2	Tpos:317.7,Tstd:103.9,Bpos:217.7,Bstd:166.5,StrandBias:-2.6,Multiplicity:4.67
0.100	0.100	0.700	0.100
0.100	0.700	0.100	0.100
0.100	0.100	0.700	0.100
0.100	0.100	0.700	0.100
0.700	0.100	0.100	0.100
0.100	0.100	0.700	0.100
0.700	0.100	0.100	0.100
0.100	0.100	0.100	0.700
0.100	0.100	0.700	0.100
0.100	0.100	0.100	0.700
