>BBYTGTGGTTWS	1-BBYTGTGGTTWS	8.269041	-127.195402	0	T:204.0(16.78%),B:2194.9(4.66%),P:1e-55	Tpos:280.3,Tstd:178.8,Bpos:249.2,Bstd:147.3,StrandBias:-0.0,Multiplicity:1.11
0.151	0.269	0.313	0.267
0.141	0.330	0.240	0.289
0.001	0.515	0.041	0.443
0.113	0.179	0.082	0.626
0.162	0.156	0.681	0.001
0.016	0.154	0.071	0.759
0.001	0.032	0.848	0.119
0.001	0.001	0.997	0.001
0.001	0.250	0.001	0.748
0.001	0.108	0.001	0.890
0.416	0.001	0.023	0.560
0.182	0.405	0.275	0.138
>NHCACTTCCTGT	2-NHCACTTCCTGT	8.808337	-113.568010	0	T:294.0(24.18%),B:4505.8(9.56%),P:1e-49	Tpos:274.1,Tstd:178.7,Bpos:246.6,Bstd:146.9,StrandBias:-0.1,Multiplicity:1.19
0.206	0.292	0.306	0.196
0.276	0.326	0.154	0.243
0.001	0.609	0.253	0.137
0.782	0.001	0.001	0.216
0.001	0.728	0.001	0.270
0.260	0.001	0.001	0.738
0.001	0.001	0.001	0.997
0.001	0.997	0.001	0.001
0.001	0.997	0.001	0.001
0.001	0.001	0.001	0.997
0.001	0.351	0.647	0.001
0.201	0.224	0.075	0.500
>NKATGASTCAKH	3-NKATGASTCAKH	9.723867	-87.132745	0	T:110.0(9.05%),B:936.0(1.99%),P:1e-37	Tpos:282.7,Tstd:166.4,Bpos:246.5,Bstd:150.8,StrandBias:0.4,Multiplicity:1.03
0.230	0.231	0.283	0.255
0.022	0.075	0.515	0.388
0.490	0.276	0.233	0.001
0.001	0.001	0.001	0.997
0.001	0.001	0.997	0.001
0.997	0.001	0.001	0.001
0.001	0.495	0.503	0.001
0.001	0.001	0.001	0.997
0.001	0.997	0.001	0.001
0.997	0.001	0.001	0.001
0.129	0.165	0.287	0.419
0.312	0.235	0.144	0.309
>AACCACATCAAA	4-AACCACATCAAA	7.324900	-83.389569	0	T:253.0(20.81%),B:4188.8(8.88%),P:1e-36	Tpos:285.4,Tstd:194.6,Bpos:249.6,Bstd:152.2,StrandBias:0.1,Multiplicity:1.16
0.752	0.115	0.064	0.069
0.706	0.116	0.117	0.061
0.122	0.719	0.104	0.055
0.081	0.826	0.034	0.059
0.813	0.074	0.056	0.057
0.083	0.805	0.064	0.048
0.779	0.082	0.029	0.110
0.105	0.083	0.120	0.692
0.068	0.756	0.103	0.073
0.776	0.091	0.041	0.092
0.678	0.114	0.130	0.078
0.700	0.062	0.128	0.110
>TCAGGATGTGGT	5-TCAGGATGTGGT	16.501556	-76.498276	0	T:14.0(1.15%),B:1.4(0.00%),P:1e-33	Tpos:230.1,Tstd:102.5,Bpos:202.0,Bstd:0.0,StrandBias:1.9,Multiplicity:1.00
0.094	0.001	0.001	0.904
0.001	0.997	0.001	0.001
0.997	0.001	0.001	0.001
0.001	0.001	0.997	0.001
0.001	0.001	0.997	0.001
0.997	0.001	0.001	0.001
0.001	0.001	0.001	0.997
0.001	0.001	0.997	0.001
0.001	0.001	0.001	0.997
0.001	0.001	0.997	0.001
0.001	0.001	0.997	0.001
0.001	0.001	0.001	0.997
>GTAATAGACKGC	6-GTAATAGACKGC	13.649032	-51.742016	0	T:10.0(0.82%),B:1.4(0.00%),P:1e-22	Tpos:193.5,Tstd:85.3,Bpos:33.0,Bstd:0.0,StrandBias:3.2,Multiplicity:1.00
0.001	0.001	0.997	0.001
0.001	0.001	0.001	0.997
0.997	0.001	0.001	0.001
0.997	0.001	0.001	0.001
0.001	0.001	0.001	0.997
0.997	0.001	0.001	0.001
0.001	0.001	0.997	0.001
0.997	0.001	0.001	0.001
0.001	0.837	0.001	0.161
0.162	0.162	0.323	0.353
0.001	0.001	0.997	0.001
0.001	0.997	0.001	0.001
>GAGGCGGAGCTT	7-GAGGCGGAGCTT	8.632224	-46.944654	0	T:228.0(18.75%),B:4645.1(9.85%),P:1e-20	Tpos:287.3,Tstd:195.3,Bpos:244.0,Bstd:150.3,StrandBias:-0.0,Multiplicity:1.23
0.001	0.088	0.807	0.104
0.721	0.001	0.277	0.001
0.132	0.001	0.833	0.034
0.023	0.113	0.863	0.001
0.316	0.628	0.001	0.055
0.206	0.001	0.746	0.047
0.001	0.001	0.997	0.001
0.671	0.001	0.312	0.016
0.032	0.001	0.966	0.001
0.001	0.873	0.001	0.125
0.062	0.350	0.016	0.572
0.148	0.052	0.239	0.561
>GGTTAACACCTC	8-GGTTAACACCTC	9.774323	-40.869870	0	T:37.0(3.04%),B:221.9(0.47%),P:1e-17	Tpos:298.7,Tstd:152.9,Bpos:222.4,Bstd:147.9,StrandBias:-0.1,Multiplicity:1.00
0.097	0.001	0.870	0.032
0.032	0.085	0.818	0.065
0.001	0.065	0.055	0.879
0.162	0.032	0.084	0.722
0.690	0.125	0.120	0.065
0.773	0.001	0.129	0.097
0.064	0.934	0.001	0.001
0.967	0.031	0.001	0.001
0.034	0.933	0.001	0.032
0.085	0.817	0.001	0.097
0.099	0.032	0.065	0.804
0.032	0.803	0.035	0.130
>WCTMACCACAGA	9-WCTMACCACAGA	7.038509	-40.505220	0	T:402.0(33.06%),B:10471.2(22.21%),P:1e-17	Tpos:273.1,Tstd:198.9,Bpos:250.3,Bstd:148.5,StrandBias:0.1,Multiplicity:1.25
0.386	0.183	0.159	0.272
0.028	0.815	0.093	0.064
0.241	0.073	0.007	0.679
0.385	0.347	0.151	0.118
0.868	0.076	0.038	0.018
0.238	0.577	0.152	0.033
0.022	0.964	0.001	0.013
0.789	0.110	0.007	0.094
0.125	0.486	0.236	0.152
0.959	0.001	0.007	0.033
0.064	0.071	0.798	0.067
0.515	0.232	0.097	0.156
>GTGACTCACACC	10-GTGACTCACACC	8.992230	-40.122317	0	T:81.0(6.66%),B:1025.8(2.18%),P:1e-17	Tpos:253.1,Tstd:132.0,Bpos:252.4,Bstd:158.4,StrandBias:-0.1,Multiplicity:1.09
0.064	0.123	0.741	0.072
0.012	0.040	0.001	0.947
0.020	0.018	0.927	0.035
0.825	0.041	0.070	0.064
0.040	0.790	0.133	0.037
0.101	0.011	0.020	0.868
0.061	0.821	0.108	0.010
0.927	0.033	0.020	0.020
0.020	0.830	0.062	0.088
0.811	0.046	0.104	0.039
0.062	0.749	0.097	0.092
0.123	0.770	0.040	0.067
>ACAGGAAGCAGC	11-ACAGGAAGCAGC	8.796291	-35.494354	0	T:142.0(11.68%),B:2645.6(5.61%),P:1e-15	Tpos:298.7,Tstd:209.6,Bpos:252.1,Bstd:148.7,StrandBias:0.3,Multiplicity:1.07
0.682	0.032	0.225	0.061
0.066	0.873	0.046	0.015
0.841	0.124	0.001	0.034
0.049	0.017	0.933	0.001
0.151	0.148	0.700	0.001
0.887	0.070	0.042	0.001
0.890	0.031	0.029	0.050
0.249	0.035	0.668	0.048
0.068	0.848	0.083	0.001
0.676	0.183	0.018	0.123
0.053	0.277	0.442	0.228
0.025	0.744	0.185	0.046
>TGTGTCTTGCAC	12-TGTGTCTTGCAC	14.455665	-32.422338	0	T:10.0(0.82%),B:7.8(0.02%),P:1e-14	Tpos:224.6,Tstd:85.5,Bpos:179.0,Bstd:121.2,StrandBias:10.0,Multiplicity:1.00
0.001	0.001	0.001	0.997
0.001	0.001	0.863	0.135
0.001	0.001	0.001	0.997
0.001	0.001	0.997	0.001
0.001	0.001	0.001	0.997
0.001	0.997	0.001	0.001
0.001	0.001	0.001	0.997
0.135	0.001	0.001	0.863
0.001	0.001	0.997	0.001
0.001	0.997	0.001	0.001
0.997	0.001	0.001	0.001
0.001	0.997	0.001	0.001
>TCAGATATCATS	13-TCAGATATCATS	12.074497	-29.464312	0	T:16.0(1.32%),B:45.5(0.10%),P:1e-12	Tpos:258.8,Tstd:101.1,Bpos:232.9,Bstd:124.3,StrandBias:3.9,Multiplicity:1.00
0.001	0.001	0.001	0.997
0.001	0.997	0.001	0.001
0.877	0.001	0.001	0.121
0.100	0.001	0.777	0.122
0.974	0.001	0.001	0.024
0.001	0.077	0.001	0.921
0.547	0.001	0.375	0.077
0.122	0.122	0.122	0.634
0.001	0.997	0.001	0.001
0.997	0.001	0.001	0.001
0.001	0.100	0.286	0.613
0.123	0.423	0.453	0.001
>GCGACCAATCAG	14-GCGACCAATCAG	7.806901	-29.377158	0	T:103.0(8.47%),B:1805.4(3.83%),P:1e-12	Tpos:299.3,Tstd:179.4,Bpos:253.3,Bstd:150.2,StrandBias:0.4,Multiplicity:1.09
0.060	0.153	0.708	0.079
0.129	0.533	0.174	0.164
0.183	0.144	0.566	0.107
0.642	0.127	0.125	0.106
0.072	0.769	0.091	0.068
0.059	0.854	0.035	0.052
0.807	0.072	0.033	0.088
0.765	0.074	0.053	0.108
0.065	0.061	0.083	0.791
0.015	0.899	0.068	0.018
0.848	0.021	0.042	0.089
0.065	0.075	0.819	0.041
>TCCAATCCACTC	15-TCCAATCCACTC	14.611158	-28.398994	0	T:9.0(0.74%),B:7.4(0.02%),P:1e-12	Tpos:291.8,Tstd:104.6,Bpos:322.1,Bstd:114.6,StrandBias:2.8,Multiplicity:1.00
0.001	0.163	0.001	0.835
0.001	0.997	0.001	0.001
0.001	0.997	0.001	0.001
0.997	0.001	0.001	0.001
0.997	0.001	0.001	0.001
0.001	0.001	0.001	0.997
0.001	0.997	0.001	0.001
0.001	0.835	0.001	0.163
0.997	0.001	0.001	0.001
0.001	0.997	0.001	0.001
0.001	0.001	0.001	0.997
0.001	0.997	0.001	0.001
>AATGTGGCCTTG	16-AATGTGGCCTTG	12.355432	-26.523527	0	T:7.0(0.58%),B:3.4(0.01%),P:1e-11	Tpos:257.4,Tstd:45.4,Bpos:199.1,Bstd:118.3,StrandBias:10.0,Multiplicity:1.00
0.700	0.100	0.100	0.100
0.700	0.100	0.100	0.100
0.100	0.100	0.100	0.700
0.100	0.100	0.700	0.100
0.100	0.100	0.100	0.700
0.100	0.100	0.700	0.100
0.100	0.100	0.700	0.100
0.100	0.700	0.100	0.100
0.100	0.700	0.100	0.100
0.100	0.100	0.100	0.700
0.100	0.100	0.100	0.700
0.100	0.100	0.700	0.100
>ATGTAGGCTGTG	17-ATGTAGGCTGTG	12.355432	-26.523527	0	T:7.0(0.58%),B:3.1(0.01%),P:1e-11	Tpos:280.4,Tstd:93.9,Bpos:147.8,Bstd:93.6,StrandBias:10.0,Multiplicity:1.00
0.700	0.100	0.100	0.100
0.100	0.100	0.100	0.700
0.100	0.100	0.700	0.100
0.100	0.100	0.100	0.700
0.700	0.100	0.100	0.100
0.100	0.100	0.700	0.100
0.100	0.100	0.700	0.100
0.100	0.700	0.100	0.100
0.100	0.100	0.100	0.700
0.100	0.100	0.700	0.100
0.100	0.100	0.100	0.700
0.100	0.100	0.700	0.100
>AGGAGDHDGTGG	18-AGGAGDHDGTGG	9.094058	-17.811545	0	T:64.0(5.26%),B:1149.3(2.44%),P:1e-7	Tpos:225.7,Tstd:149.6,Bpos:253.7,Bstd:147.0,StrandBias:-0.3,Multiplicity:1.02
0.843	0.040	0.069	0.048
0.048	0.026	0.879	0.047
0.149	0.026	0.786	0.039
0.619	0.031	0.308	0.042
0.190	0.275	0.527	0.008
0.295	0.038	0.389	0.277
0.378	0.315	0.030	0.278
0.351	0.001	0.294	0.354
0.005	0.076	0.627	0.292
0.046	0.049	0.070	0.835
0.027	0.015	0.679	0.279
0.055	0.245	0.665	0.035
>ACATCCTGCCTA	19-ACATCCTGCCTA	6.517702	-17.756858	0	T:487.0(40.05%),B:15324.3(32.50%),P:1e-7	Tpos:298.4,Tstd:211.9,Bpos:249.6,Bstd:145.7,StrandBias:0.3,Multiplicity:1.29
0.700	0.100	0.100	0.100
0.100	0.700	0.100	0.100
0.700	0.100	0.100	0.100
0.100	0.100	0.100	0.700
0.100	0.700	0.100	0.100
0.100	0.700	0.100	0.100
0.100	0.100	0.100	0.700
0.100	0.100	0.700	0.100
0.100	0.700	0.100	0.100
0.100	0.700	0.100	0.100
0.100	0.100	0.100	0.700
0.700	0.100	0.100	0.100
>ACTAACYATAGA	20-ACTAACYATAGA	-4.114775	-7.222686	0	T:102.0(8.39%),B:2859.2(6.06%),P:1e-3	Tpos:269.6,Tstd:236.5,Bpos:257.5,Bstd:145.6,StrandBias:0.1,Multiplicity:1.17
0.997	0.001	0.001	0.001
0.001	0.997	0.001	0.001
0.001	0.001	0.001	0.997
0.997	0.001	0.001	0.001
0.997	0.001	0.001	0.001
0.001	0.997	0.001	0.001
0.001	0.499	0.001	0.499
0.997	0.001	0.001	0.001
0.001	0.001	0.001	0.997
0.997	0.001	0.001	0.001
0.001	0.001	0.997	0.001
0.997	0.001	0.001	0.001
>CATCTCCGCCCT	21-CATCTCCGCCCT	6.517702	-6.831047	0	T:531.0(43.67%),B:18533.8(39.31%),P:1e-2	Tpos:289.9,Tstd:212.9,Bpos:248.7,Bstd:149.9,StrandBias:0.1,Multiplicity:1.52
0.100	0.700	0.100	0.100
0.700	0.100	0.100	0.100
0.100	0.100	0.100	0.700
0.100	0.700	0.100	0.100
0.100	0.100	0.100	0.700
0.100	0.700	0.100	0.100
0.100	0.700	0.100	0.100
0.100	0.100	0.700	0.100
0.100	0.700	0.100	0.100
0.100	0.700	0.100	0.100
0.100	0.700	0.100	0.100
0.100	0.100	0.100	0.700
>SSGCCTGACTGA	22-SSGCCTGACTGA	11.922672	-6.790723	0	T:6.0(0.49%),B:44.9(0.10%),P:1e-2	Tpos:320.0,Tstd:121.3,Bpos:205.1,Bstd:131.8,StrandBias:4.0,Multiplicity:2.83
0.082	0.400	0.517	0.001
0.001	0.565	0.432	0.002
0.082	0.001	0.916	0.001
0.001	0.997	0.001	0.001
0.001	0.749	0.085	0.165
0.001	0.082	0.001	0.916
0.001	0.001	0.997	0.001
0.751	0.083	0.083	0.083
0.001	0.916	0.001	0.082
0.001	0.001	0.082	0.916
0.001	0.001	0.997	0.001
0.916	0.082	0.001	0.001
>AGTGATCATAGG	23-AGTGATCATAGG	6.517702	-4.662208	0	T:333.0(27.38%),B:11514.4(24.42%),P:1e-2	Tpos:271.2,Tstd:200.9,Bpos:248.6,Bstd:146.2,StrandBias:0.2,Multiplicity:1.24
0.700	0.100	0.100	0.100
0.100	0.100	0.700	0.100
0.100	0.100	0.100	0.700
0.100	0.100	0.700	0.100
0.700	0.100	0.100	0.100
0.100	0.100	0.100	0.700
0.100	0.700	0.100	0.100
0.700	0.100	0.100	0.100
0.100	0.100	0.100	0.700
0.700	0.100	0.100	0.100
0.100	0.100	0.700	0.100
0.100	0.100	0.700	0.100
>NNNNNNNNNNNN	24-NNNNNNNNNNNN	-nan	0.000000	0	T:0.0(0.00%),B:0.0(0.00%),P:1e0	Tpos:0.0,Tstd:0.0,Bpos:0.0,Bstd:0.0,StrandBias:0.0,Multiplicity:1.00
-nan	-nan	-nan	-nan
-nan	-nan	-nan	-nan
-nan	-nan	-nan	-nan
-nan	-nan	-nan	-nan
-nan	-nan	-nan	-nan
-nan	-nan	-nan	-nan
-nan	-nan	-nan	-nan
-nan	-nan	-nan	-nan
-nan	-nan	-nan	-nan
-nan	-nan	-nan	-nan
-nan	-nan	-nan	-nan
-nan	-nan	-nan	-nan
>NNNNNNNNNNNN	25-NNNNNNNNNNNN	-nan	0.000000	0	T:0.0(0.00%),B:0.0(0.00%),P:1e0	Tpos:0.0,Tstd:0.0,Bpos:0.0,Bstd:0.0,StrandBias:0.0,Multiplicity:1.00
-nan	-nan	-nan	-nan
-nan	-nan	-nan	-nan
-nan	-nan	-nan	-nan
-nan	-nan	-nan	-nan
-nan	-nan	-nan	-nan
-nan	-nan	-nan	-nan
-nan	-nan	-nan	-nan
-nan	-nan	-nan	-nan
-nan	-nan	-nan	-nan
-nan	-nan	-nan	-nan
-nan	-nan	-nan	-nan
-nan	-nan	-nan	-nan
