>WAACCACA	1-WAACCACA	8.599509	-156.543407	0	T:203.0(16.69%),B:1807.5(3.83%),P:1e-67	Tpos:278.5,Tstd:188.2,Bpos:257.2,Bstd:150.3,StrandBias:-0.1,Multiplicity:1.12
0.520	0.067	0.011	0.402
0.750	0.112	0.109	0.029
0.791	0.016	0.192	0.001
0.006	0.857	0.085	0.052
0.070	0.862	0.023	0.045
0.744	0.033	0.157	0.066
0.041	0.899	0.022	0.038
0.703	0.062	0.060	0.175
>AACCACAN	2-AACCACAN	6.136529	-108.767989	0	T:675.0(55.51%),B:16530.4(35.06%),P:1e-47	Tpos:281.6,Tstd:186.2,Bpos:249.9,Bstd:151.2,StrandBias:0.0,Multiplicity:1.49
0.527	0.187	0.163	0.123
0.933	0.001	0.065	0.001
0.001	0.997	0.001	0.001
0.001	0.976	0.001	0.022
0.871	0.001	0.127	0.001
0.001	0.895	0.001	0.103
0.671	0.106	0.109	0.114
0.245	0.171	0.267	0.316
>CACTTCCT	3-CACTTCCT	9.203794	-102.557256	0	T:278.0(22.86%),B:4355.2(9.24%),P:1e-44	Tpos:288.7,Tstd:163.1,Bpos:250.1,Bstd:149.1,StrandBias:-0.4,Multiplicity:1.14
0.001	0.997	0.001	0.001
0.997	0.001	0.001	0.001
0.001	0.773	0.001	0.225
0.312	0.001	0.001	0.686
0.001	0.001	0.001	0.997
0.001	0.997	0.001	0.001
0.001	0.997	0.001	0.001
0.001	0.001	0.001	0.997
>ACAGGAAG	4-ACAGGAAG	7.012268	-89.887199	0	T:270.0(22.20%),B:4463.5(9.47%),P:1e-39	Tpos:274.2,Tstd:188.4,Bpos:248.6,Bstd:147.3,StrandBias:0.1,Multiplicity:1.19
0.997	0.001	0.001	0.001
0.001	0.997	0.001	0.001
0.942	0.056	0.001	0.001
0.001	0.001	0.997	0.001
0.001	0.001	0.997	0.001
0.997	0.001	0.001	0.001
0.997	0.001	0.001	0.001
0.308	0.001	0.690	0.001
>TGAGTCAT	5-TGAGTCAT	9.058579	-83.088239	0	T:160.0(13.16%),B:1963.4(4.16%),P:1e-36	Tpos:280.1,Tstd:156.5,Bpos:243.6,Bstd:147.0,StrandBias:0.1,Multiplicity:1.12
0.001	0.001	0.001	0.997
0.001	0.001	0.983	0.015
0.968	0.013	0.001	0.018
0.024	0.259	0.681	0.036
0.001	0.001	0.001	0.997
0.017	0.981	0.001	0.001
0.988	0.001	0.010	0.001
0.026	0.210	0.118	0.646
>MAGCMACA	6-MAGCMACA	7.277457	-50.207929	0	T:387.0(31.83%),B:9425.4(19.99%),P:1e-21	Tpos:271.7,Tstd:181.1,Bpos:246.9,Bstd:150.6,StrandBias:0.1,Multiplicity:1.19
0.419	0.339	0.001	0.240
0.917	0.001	0.081	0.001
0.117	0.001	0.801	0.081
0.001	0.997	0.001	0.001
0.464	0.418	0.016	0.102
0.902	0.005	0.001	0.092
0.203	0.795	0.001	0.001
0.984	0.014	0.001	0.001
>AAGTGTCA	7-AAGTGTCA	4.474993	-46.869727	0	T:216.0(17.76%),B:4303.1(9.13%),P:1e-20	Tpos:274.6,Tstd:175.1,Bpos:246.6,Bstd:152.9,StrandBias:0.1,Multiplicity:1.17
0.997	0.001	0.001	0.001
0.874	0.001	0.124	0.001
0.001	0.001	0.997	0.001
0.001	0.001	0.001	0.997
0.001	0.001	0.997	0.001
0.001	0.001	0.001	0.997
0.001	0.872	0.011	0.116
0.997	0.001	0.001	0.001
>RGGCGTGG	8-RGGCGTGG	7.356750	-41.200453	0	T:351.0(28.87%),B:8731.4(18.52%),P:1e-17	Tpos:302.7,Tstd:216.5,Bpos:246.8,Bstd:163.3,StrandBias:0.0,Multiplicity:1.59
0.432	0.001	0.566	0.001
0.001	0.001	0.997	0.001
0.008	0.001	0.990	0.001
0.001	0.997	0.001	0.001
0.001	0.001	0.997	0.001
0.005	0.001	0.379	0.615
0.092	0.001	0.537	0.370
0.209	0.001	0.483	0.307
>GATCAAAG	9-GATCAAAG	8.311513	-39.232476	0	T:142.0(11.68%),B:2525.2(5.36%),P:1e-17	Tpos:292.4,Tstd:188.9,Bpos:256.3,Bstd:147.5,StrandBias:0.2,Multiplicity:1.15
0.042	0.113	0.826	0.019
0.971	0.001	0.001	0.027
0.050	0.001	0.033	0.916
0.022	0.852	0.125	0.001
0.949	0.001	0.022	0.028
0.930	0.038	0.001	0.031
0.968	0.003	0.028	0.001
0.149	0.001	0.849	0.001
>GGTGGRGC	10-GGTGGRGC	7.364863	-31.235633	0	T:308.0(25.33%),B:7906.2(16.77%),P:1e-13	Tpos:293.8,Tstd:190.8,Bpos:248.6,Bstd:151.1,StrandBias:0.1,Multiplicity:1.20
0.001	0.001	0.997	0.001
0.001	0.001	0.997	0.001
0.081	0.001	0.001	0.917
0.001	0.001	0.802	0.196
0.269	0.001	0.729	0.001
0.551	0.001	0.447	0.001
0.001	0.001	0.997	0.001
0.001	0.932	0.001	0.066
>GATTGGTT	11-GATTGGTT	6.503675	-29.110028	0	T:178.0(14.64%),B:3924.7(8.32%),P:1e-12	Tpos:265.1,Tstd:174.4,Bpos:248.8,Bstd:150.4,StrandBias:-0.1,Multiplicity:1.19
0.122	0.122	0.613	0.143
0.670	0.061	0.268	0.001
0.001	0.146	0.303	0.550
0.033	0.050	0.207	0.710
0.172	0.013	0.772	0.043
0.013	0.001	0.714	0.272
0.104	0.193	0.004	0.699
0.090	0.287	0.002	0.621
>AACKGAAA	12-AACKGAAA	4.969718	-25.797704	0	T:448.0(36.84%),B:13131.1(27.85%),P:1e-11	Tpos:286.4,Tstd:207.4,Bpos:245.5,Bstd:148.4,StrandBias:0.1,Multiplicity:1.38
0.720	0.062	0.169	0.049
0.432	0.165	0.171	0.232
0.217	0.425	0.215	0.143
0.192	0.073	0.424	0.310
0.103	0.099	0.681	0.117
0.630	0.204	0.100	0.066
0.554	0.140	0.125	0.181
0.557	0.082	0.323	0.038
>TTTCAAAG	13-TTTCAAAG	7.206559	-25.204104	0	T:276.0(22.70%),B:7241.0(15.36%),P:1e-10	Tpos:288.7,Tstd:207.1,Bpos:251.3,Bstd:151.0,StrandBias:0.1,Multiplicity:1.21
0.046	0.133	0.044	0.777
0.036	0.001	0.001	0.962
0.186	0.001	0.072	0.741
0.001	0.870	0.128	0.001
0.924	0.001	0.001	0.074
0.997	0.001	0.001	0.001
0.942	0.056	0.001	0.001
0.085	0.083	0.831	0.001
>GACTGACA	14-GACTGACA	6.885288	-23.933493	0	T:186.0(15.30%),B:4428.3(9.39%),P:1e-10	Tpos:256.8,Tstd:173.7,Bpos:250.7,Bstd:151.5,StrandBias:0.1,Multiplicity:1.18
0.138	0.001	0.860	0.001
0.870	0.128	0.001	0.001
0.001	0.997	0.001	0.001
0.001	0.001	0.001	0.997
0.001	0.141	0.857	0.001
0.997	0.001	0.001	0.001
0.001	0.892	0.001	0.106
0.997	0.001	0.001	0.001
>AGTTATCA	15-AGTTATCA	5.185191	-21.723216	0	T:529.0(43.50%),B:16461.8(34.91%),P:1e-9	Tpos:287.2,Tstd:217.7,Bpos:248.1,Bstd:148.7,StrandBias:0.0,Multiplicity:1.42
0.767	0.094	0.079	0.060
0.025	0.129	0.783	0.063
0.065	0.110	0.043	0.782
0.236	0.102	0.059	0.603
0.753	0.107	0.002	0.138
0.101	0.051	0.126	0.722
0.105	0.778	0.021	0.096
0.823	0.042	0.031	0.104
>NGGCGGAN	16-NGGCGGAN	5.130730	-21.375482	0	T:146.0(12.01%),B:3338.7(7.08%),P:1e-9	Tpos:335.4,Tstd:213.6,Bpos:246.1,Bstd:165.5,StrandBias:-0.3,Multiplicity:1.40
0.287	0.201	0.295	0.218
0.202	0.121	0.581	0.096
0.147	0.135	0.557	0.161
0.078	0.600	0.174	0.148
0.159	0.157	0.511	0.173
0.154	0.143	0.574	0.129
0.612	0.133	0.145	0.110
0.258	0.207	0.270	0.265
>TCACAAGG	17-TCACAAGG	8.351222	-14.362369	0	T:56.0(4.61%),B:1052.2(2.23%),P:1e-6	Tpos:260.5,Tstd:166.3,Bpos:250.1,Bstd:149.0,StrandBias:-0.3,Multiplicity:1.02
0.001	0.001	0.001	0.997
0.001	0.997	0.001	0.001
0.997	0.001	0.001	0.001
0.001	0.997	0.001	0.001
0.932	0.001	0.066	0.001
0.997	0.001	0.001	0.001
0.001	0.001	0.997	0.001
0.001	0.001	0.997	0.001
