Factor1: 1.5257619835481337
Factor2: 0.6554102217663837
