>NWGGTGTACAND	23-NWGGTGTACAND,BestGuess:Bcl6+MA0463-1(0.405)	7.246575	-6.667895	0	T:159.0(2.84%),B:984.6(2.22%),P:1e-2
0.265	0.276	0.194	0.265
0.422	0.120	0.088	0.370
0.187	0.043	0.496	0.274
0.113	0.212	0.628	0.047
0.040	0.048	0.140	0.772
0.037	0.080	0.659	0.224
0.172	0.117	0.171	0.540
0.492	0.153	0.202	0.153
0.066	0.838	0.047	0.049
0.937	0.036	0.010	0.017
0.197	0.251	0.331	0.221
0.370	0.151	0.240	0.238
