>CTCAAAAACGCC	10-GGCGTTTTTGAG	11.668868	-19.117249	0	T:6.0(0.11%),B:1.0(0.00%),P:1e-8
0.095	0.728	0.078	0.099
0.058	0.058	0.032	0.852
0.124	0.714	0.091	0.071
0.881	0.078	0.007	0.034
0.742	0.069	0.092	0.097
0.769	0.058	0.115	0.058
0.823	0.052	0.058	0.067
0.784	0.091	0.026	0.099
0.147	0.576	0.084	0.193
0.123	0.172	0.568	0.137
0.115	0.755	0.078	0.052
0.063	0.814	0.052	0.071
