>GGCGTTTTTGAG	10-GGCGTTTTTGAG,BestGuess:Bcl6+PB0006-1(0.417)	11.668868	-19.117249	0	T:6.0(0.11%),B:1.0(0.00%),P:1e-8
0.071	0.052	0.814	0.063
0.052	0.078	0.755	0.115
0.137	0.568	0.172	0.123
0.193	0.084	0.576	0.147
0.099	0.026	0.091	0.784
0.067	0.058	0.052	0.823
0.058	0.115	0.058	0.769
0.097	0.092	0.069	0.742
0.034	0.007	0.078	0.881
0.071	0.091	0.714	0.124
0.852	0.032	0.058	0.058
0.099	0.078	0.728	0.095
