Factor1: 0.9592889439536081
Factor2: 1.0424387837501845
