>TTTCAGGAGGCA	8-TGCCTCCTGAAA	9.772943	-23.386421	0	T:42.0(0.75%),B:102.0(0.23%),P:1e-10
0.155	0.067	0.032	0.746
0.099	0.099	0.194	0.608
0.039	0.251	0.127	0.583
0.093	0.782	0.078	0.047
0.770	0.011	0.029	0.190
0.106	0.015	0.795	0.084
0.166	0.134	0.562	0.138
0.729	0.001	0.148	0.122
0.128	0.065	0.553	0.254
0.208	0.142	0.516	0.134
0.093	0.756	0.080	0.071
0.784	0.002	0.023	0.191
