>AAGCTGAGCTAC	9-AAGCTGAGCTAC	9.217617	-22.863718	0	T:96.0(1.72%),B:370.0(0.83%),P:1e-9
0.813	0.096	0.053	0.038
0.778	0.044	0.089	0.089
0.055	0.055	0.810	0.080
0.055	0.827	0.074	0.044
0.078	0.029	0.001	0.892
0.060	0.059	0.851	0.030
0.889	0.001	0.044	0.066
0.114	0.036	0.842	0.008
0.040	0.872	0.044	0.044
0.074	0.045	0.041	0.840
0.791	0.106	0.065	0.038
0.060	0.805	0.015	0.120
