Factor1: 1.4903838872771684
Factor2: 0.670968069727951
