>ACMGGAARTN	1-ACMGGAARTN	6.174151	-804.126581	0	T:1864.0(49.26%),B:8936.4(20.09%),P:1e-349	Tpos:278.0,Tstd:202.3,Bpos:235.7,Bstd:144.0,StrandBias:0.0,Multiplicity:1.40
0.471	0.078	0.265	0.186
0.177	0.482	0.262	0.080
0.469	0.365	0.165	0.001
0.047	0.154	0.656	0.143
0.006	0.063	0.909	0.022
0.791	0.092	0.015	0.102
0.624	0.084	0.011	0.281
0.385	0.069	0.519	0.027
0.097	0.319	0.078	0.506
0.279	0.187	0.336	0.198
>ACATCAAAGV	2-ACATCAAAGV	8.017437	-237.516270	0	T:776.0(20.51%),B:3992.6(8.97%),P:1e-103	Tpos:261.8,Tstd:193.5,Bpos:240.0,Bstd:145.1,StrandBias:0.2,Multiplicity:1.17
0.772	0.001	0.093	0.134
0.015	0.571	0.409	0.005
0.661	0.005	0.001	0.333
0.104	0.001	0.012	0.883
0.097	0.765	0.134	0.004
0.992	0.001	0.001	0.006
0.930	0.001	0.068	0.001
0.997	0.001	0.001	0.001
0.112	0.109	0.778	0.001
0.310	0.291	0.301	0.097
>TTCAAAGCGG	3-TTCAAAGCGG	6.340505	-139.690025	0	T:1076.0(28.44%),B:7802.9(17.54%),P:1e-60	Tpos:278.9,Tstd:200.8,Bpos:237.0,Bstd:147.0,StrandBias:0.0,Multiplicity:1.15
0.237	0.105	0.064	0.594
0.149	0.035	0.062	0.754
0.069	0.809	0.090	0.032
0.910	0.011	0.034	0.045
0.750	0.031	0.207	0.012
0.856	0.091	0.020	0.033
0.110	0.018	0.783	0.089
0.049	0.788	0.150	0.013
0.112	0.164	0.601	0.123
0.210	0.157	0.428	0.205
>NVGDAACCAC	4-NVGDAACCAC	7.103799	-134.553859	0	T:967.0(25.55%),B:6828.4(15.35%),P:1e-58	Tpos:280.7,Tstd:211.3,Bpos:237.6,Bstd:145.5,StrandBias:0.1,Multiplicity:1.18
0.303	0.227	0.236	0.234
0.384	0.317	0.298	0.001
0.178	0.192	0.415	0.216
0.350	0.094	0.296	0.260
0.997	0.001	0.001	0.001
0.809	0.001	0.189	0.001
0.283	0.676	0.040	0.001
0.001	0.997	0.001	0.001
0.654	0.065	0.280	0.001
0.001	0.997	0.001	0.001
>TCTTTGATGT	5-TCTTTGATGT	6.875413	-105.335954	0	T:1093.0(28.88%),B:8558.9(19.24%),P:1e-45	Tpos:277.1,Tstd:211.8,Bpos:235.5,Bstd:144.6,StrandBias:-0.1,Multiplicity:1.16
0.108	0.076	0.056	0.760
0.059	0.771	0.120	0.050
0.048	0.058	0.030	0.864
0.031	0.106	0.098	0.765
0.052	0.019	0.032	0.897
0.049	0.080	0.828	0.043
0.751	0.061	0.104	0.084
0.071	0.009	0.049	0.871
0.030	0.051	0.821	0.098
0.063	0.101	0.076	0.760
>NSTGACGTVA	6-NSTGACGTVA	5.928970	-100.927151	0	T:615.0(16.25%),B:4040.1(9.08%),P:1e-43	Tpos:298.5,Tstd:211.1,Bpos:238.4,Bstd:152.5,StrandBias:0.0,Multiplicity:1.14
0.194	0.191	0.323	0.293
0.177	0.338	0.375	0.110
0.228	0.060	0.001	0.711
0.010	0.316	0.519	0.155
0.928	0.004	0.067	0.001
0.036	0.912	0.001	0.051
0.059	0.001	0.908	0.032
0.056	0.116	0.141	0.687
0.248	0.383	0.257	0.112
0.514	0.079	0.165	0.242
>CCCCCCCCCC	7-CCCCCCCCCC	7.595919	-98.859144	0	T:1007.0(26.61%),B:7815.8(17.57%),P:1e-42	Tpos:309.6,Tstd:239.6,Bpos:235.7,Bstd:141.0,StrandBias:-0.2,Multiplicity:1.47
0.131	0.574	0.094	0.201
0.009	0.796	0.043	0.152
0.037	0.937	0.001	0.025
0.095	0.741	0.001	0.163
0.100	0.680	0.112	0.108
0.081	0.786	0.037	0.096
0.086	0.844	0.001	0.069
0.083	0.900	0.004	0.013
0.120	0.806	0.016	0.058
0.111	0.594	0.074	0.221
>CCACTAGAGG	8-CCACTAGAGG	8.896789	-75.443924	0	T:185.0(4.89%),B:784.2(1.76%),P:1e-32	Tpos:265.6,Tstd:187.5,Bpos:240.4,Bstd:133.0,StrandBias:0.0,Multiplicity:1.01
0.001	0.957	0.041	0.001
0.022	0.946	0.023	0.009
0.955	0.020	0.001	0.024
0.001	0.954	0.044	0.001
0.048	0.066	0.014	0.872
0.997	0.001	0.001	0.001
0.001	0.026	0.956	0.017
0.663	0.022	0.314	0.001
0.001	0.001	0.854	0.144
0.036	0.044	0.885	0.035
>VACAGGAAGG	9-VACAGGAAGG	9.001912	-73.957958	0	T:481.0(12.71%),B:3209.8(7.21%),P:1e-32	Tpos:267.5,Tstd:200.5,Bpos:239.1,Bstd:142.5,StrandBias:-0.0,Multiplicity:1.09
0.316	0.323	0.276	0.085
0.782	0.001	0.216	0.001
0.001	0.928	0.070	0.001
0.997	0.001	0.001	0.001
0.001	0.001	0.997	0.001
0.178	0.001	0.820	0.001
0.926	0.072	0.001	0.001
0.862	0.001	0.001	0.136
0.279	0.001	0.719	0.001
0.186	0.001	0.812	0.001
>TAGTTCCGCC	10-TAGTTCCGCC	4.852589	-68.114592	0	T:1432.0(37.84%),B:12995.6(29.21%),P:1e-29	Tpos:302.3,Tstd:225.4,Bpos:239.3,Bstd:152.9,StrandBias:-0.1,Multiplicity:1.44
0.099	0.094	0.140	0.667
0.680	0.074	0.128	0.118
0.110	0.108	0.677	0.105
0.119	0.150	0.096	0.635
0.093	0.095	0.099	0.713
0.093	0.742	0.086	0.079
0.072	0.759	0.076	0.093
0.084	0.101	0.709	0.106
0.084	0.712	0.096	0.108
0.095	0.708	0.092	0.105
>TGACTTAAGC	11-TGACTTAAGC	6.287640	-54.343420	0	T:874.0(23.10%),B:7421.1(16.68%),P:1e-23	Tpos:278.9,Tstd:219.6,Bpos:236.7,Bstd:143.5,StrandBias:-0.1,Multiplicity:1.11
0.081	0.081	0.092	0.746
0.069	0.058	0.827	0.046
0.767	0.062	0.099	0.072
0.070	0.725	0.130	0.075
0.122	0.018	0.074	0.786
0.051	0.058	0.068	0.823
0.779	0.109	0.015	0.097
0.825	0.061	0.056	0.058
0.059	0.040	0.865	0.036
0.041	0.863	0.059	0.037
>GCGTGCGTTT	12-GCGTGCGTTT	5.224847	-52.511420	0	T:682.0(18.02%),B:5512.7(12.39%),P:1e-22	Tpos:305.4,Tstd:248.5,Bpos:241.6,Bstd:158.1,StrandBias:-0.1,Multiplicity:1.17
0.244	0.110	0.528	0.118
0.170	0.548	0.122	0.160
0.142	0.201	0.577	0.080
0.070	0.195	0.142	0.593
0.143	0.065	0.589	0.203
0.092	0.535	0.158	0.215
0.144	0.133	0.517	0.206
0.117	0.154	0.141	0.588
0.071	0.068	0.240	0.621
0.106	0.261	0.193	0.439
>AGTGCGAMAT	13-AGTGCGAMAT	8.342906	-46.822091	0	T:90.0(2.38%),B:327.4(0.74%),P:1e-20	Tpos:252.8,Tstd:186.4,Bpos:242.8,Bstd:162.7,StrandBias:0.3,Multiplicity:1.01
0.651	0.068	0.001	0.280
0.291	0.001	0.707	0.001
0.132	0.068	0.011	0.789
0.001	0.001	0.997	0.001
0.001	0.997	0.001	0.001
0.001	0.001	0.997	0.001
0.461	0.138	0.239	0.161
0.428	0.535	0.036	0.001
0.965	0.001	0.001	0.033
0.095	0.068	0.142	0.695
>CCGATTGGCT	14-CCGATTGGCT	7.678286	-42.333890	0	T:256.0(6.77%),B:1659.6(3.73%),P:1e-18	Tpos:291.4,Tstd:267.9,Bpos:232.9,Bstd:141.9,StrandBias:0.0,Multiplicity:1.19
0.049	0.665	0.174	0.112
0.001	0.497	0.214	0.288
0.039	0.145	0.775	0.041
0.916	0.001	0.025	0.058
0.031	0.001	0.013	0.955
0.001	0.012	0.005	0.982
0.073	0.001	0.921	0.005
0.011	0.001	0.888	0.100
0.162	0.673	0.006	0.159
0.041	0.084	0.128	0.747
>TBTDWCWGYT	15-TBTDWCWGYT	6.582595	-35.192198	0	T:1868.0(49.37%),B:19072.5(42.87%),P:1e-15	Tpos:290.5,Tstd:236.6,Bpos:236.3,Bstd:146.9,StrandBias:0.0,Multiplicity:1.47
0.001	0.196	0.314	0.490
0.054	0.360	0.270	0.316
0.001	0.047	0.001	0.951
0.220	0.087	0.332	0.361
0.289	0.001	0.277	0.433
0.001	0.997	0.001	0.001
0.381	0.001	0.161	0.457
0.001	0.001	0.579	0.419
0.001	0.455	0.001	0.543
0.001	0.001	0.403	0.595
>AGATCTGTTA	16-AGATCTGTTA	8.320301	-30.473758	0	T:200.0(5.29%),B:1337.0(3.01%),P:1e-13	Tpos:302.2,Tstd:251.4,Bpos:237.4,Bstd:141.2,StrandBias:-0.3,Multiplicity:1.05
0.979	0.001	0.001	0.019
0.001	0.034	0.964	0.001
0.708	0.123	0.168	0.001
0.034	0.001	0.001	0.964
0.001	0.726	0.272	0.001
0.116	0.001	0.001	0.882
0.001	0.045	0.907	0.047
0.001	0.001	0.018	0.980
0.099	0.014	0.037	0.850
0.763	0.002	0.183	0.052
>CTACAGTACC	17-CTACAGTACC	9.325250	-29.612656	0	T:89.0(2.35%),B:431.4(0.97%),P:1e-12	Tpos:237.9,Tstd:181.7,Bpos:233.0,Bstd:150.3,StrandBias:0.1,Multiplicity:1.01
0.074	0.834	0.001	0.091
0.033	0.001	0.001	0.965
0.908	0.001	0.001	0.090
0.024	0.974	0.001	0.001
0.773	0.121	0.052	0.054
0.001	0.001	0.857	0.141
0.001	0.001	0.001	0.997
0.638	0.001	0.001	0.360
0.001	0.673	0.264	0.062
0.053	0.945	0.001	0.001
>GTTACCATAG	18-GTTACCATAG	8.141789	-28.077404	0	T:184.0(4.86%),B:1231.0(2.77%),P:1e-12	Tpos:282.3,Tstd:235.9,Bpos:234.0,Bstd:136.6,StrandBias:0.1,Multiplicity:1.11
0.025	0.051	0.901	0.023
0.080	0.038	0.035	0.847
0.245	0.087	0.001	0.667
0.719	0.066	0.163	0.052
0.107	0.822	0.048	0.023
0.073	0.849	0.050	0.028
0.976	0.021	0.001	0.002
0.009	0.033	0.101	0.857
0.611	0.022	0.275	0.092
0.057	0.017	0.771	0.155
>ACGCGTGCAA	19-ACGCGTGCAA	7.265580	-27.646338	0	T:115.0(3.04%),B:650.9(1.46%),P:1e-12	Tpos:290.9,Tstd:211.6,Bpos:243.7,Bstd:164.2,StrandBias:0.3,Multiplicity:1.06
0.816	0.092	0.036	0.056
0.020	0.911	0.017	0.052
0.057	0.040	0.838	0.065
0.101	0.694	0.149	0.056
0.056	0.060	0.805	0.079
0.007	0.077	0.015	0.901
0.191	0.086	0.663	0.060
0.120	0.779	0.041	0.060
0.773	0.090	0.057	0.080
0.830	0.066	0.063	0.041
>CCGACTTCTA	20-CCGACTTCTA	10.296193	-25.856334	0	T:7.0(0.18%),B:1.9(0.00%),P:1e-11	Tpos:249.0,Tstd:182.2,Bpos:24.0,Bstd:0.0,StrandBias:1.3,Multiplicity:1.00
0.100	0.700	0.100	0.100
0.100	0.700	0.100	0.100
0.100	0.100	0.700	0.100
0.700	0.100	0.100	0.100
0.100	0.700	0.100	0.100
0.100	0.100	0.100	0.700
0.100	0.100	0.100	0.700
0.100	0.700	0.100	0.100
0.100	0.100	0.100	0.700
0.700	0.100	0.100	0.100
>CTBAAAGCTT	21-CTBAAAGCTT	8.514707	-25.260223	0	T:221.0(5.84%),B:1612.9(3.63%),P:1e-10	Tpos:250.8,Tstd:196.0,Bpos:236.4,Bstd:144.5,StrandBias:-0.0,Multiplicity:1.05
0.214	0.784	0.001	0.001
0.188	0.001	0.044	0.767
0.123	0.335	0.310	0.232
0.825	0.001	0.001	0.173
0.997	0.001	0.001	0.001
0.729	0.067	0.203	0.001
0.001	0.152	0.778	0.069
0.001	0.940	0.058	0.001
0.001	0.060	0.001	0.938
0.001	0.140	0.001	0.858
>CTATCTGTAC	22-CTATCTGTAC	8.385799	-15.232875	0	T:89.0(2.35%),B:583.1(1.31%),P:1e-6	Tpos:306.8,Tstd:270.5,Bpos:234.1,Bstd:137.4,StrandBias:0.9,Multiplicity:1.29
0.022	0.783	0.114	0.081
0.146	0.264	0.078	0.512
0.503	0.185	0.258	0.054
0.088	0.226	0.104	0.582
0.044	0.555	0.326	0.075
0.167	0.011	0.051	0.771
0.022	0.132	0.659	0.187
0.047	0.060	0.025	0.868
0.982	0.016	0.001	0.001
0.176	0.740	0.053	0.031
>CGGTTAAGGG	23-CGGTTAAGGG	10.296193	-13.788095	0	T:5.0(0.13%),B:3.0(0.01%),P:1e-5	Tpos:181.4,Tstd:105.1,Bpos:252.5,Bstd:77.1,StrandBias:10.0,Multiplicity:1.00
0.100	0.700	0.100	0.100
0.100	0.100	0.700	0.100
0.100	0.100	0.700	0.100
0.100	0.100	0.100	0.700
0.100	0.100	0.100	0.700
0.700	0.100	0.100	0.100
0.700	0.100	0.100	0.100
0.100	0.100	0.700	0.100
0.100	0.100	0.700	0.100
0.100	0.100	0.700	0.100
>ATTTTCAGCG	24-ATTTTCAGCG	12.087202	-12.657986	0	T:8.0(0.21%),B:10.1(0.02%),P:1e-5	Tpos:235.2,Tstd:135.4,Bpos:269.9,Bstd:135.3,StrandBias:-0.7,Multiplicity:1.00
0.997	0.001	0.001	0.001
0.001	0.001	0.001	0.997
0.001	0.001	0.001	0.997
0.001	0.001	0.001	0.997
0.001	0.001	0.001	0.997
0.001	0.997	0.001	0.001
0.824	0.174	0.001	0.001
0.001	0.001	0.997	0.001
0.001	0.997	0.001	0.001
0.001	0.001	0.997	0.001
>AGCGGTTCTG	25-AGCGGTTCTG	9.700132	-12.579433	0	T:26.0(0.69%),B:107.8(0.24%),P:1e-5	Tpos:333.8,Tstd:211.7,Bpos:255.5,Bstd:146.5,StrandBias:0.1,Multiplicity:1.00
0.878	0.073	0.001	0.048
0.059	0.060	0.873	0.008
0.017	0.637	0.092	0.254
0.038	0.054	0.846	0.062
0.247	0.241	0.406	0.105
0.059	0.299	0.029	0.613
0.024	0.253	0.259	0.464
0.097	0.814	0.059	0.030
0.001	0.081	0.016	0.902
0.052	0.024	0.815	0.109
