>ACAGGAAGGG	1-ACAGGAAGGG	8.720614	-22.743176	0	T:26.0(19.26%),B:2098.5(4.29%),P:1e-9	Tpos:170.0,Tstd:112.4,Bpos:137.7,Bstd:78.9,StrandBias:0.5,Multiplicity:1.04
0.813	0.059	0.090	0.038
0.190	0.590	0.088	0.132
0.877	0.001	0.001	0.121
0.055	0.004	0.940	0.001
0.157	0.051	0.791	0.001
0.664	0.192	0.091	0.053
0.931	0.034	0.034	0.001
0.128	0.001	0.807	0.064
0.103	0.001	0.710	0.186
0.057	0.042	0.900	0.001
>GAAATCCTGA	2-GAAATCCTGA	11.211117	-15.378098	0	T:8.0(5.93%),B:218.6(0.45%),P:1e-6	Tpos:86.8,Tstd:61.5,Bpos:144.2,Bstd:79.7,StrandBias:0.7,Multiplicity:1.00
0.001	0.001	0.819	0.179
0.775	0.001	0.001	0.223
0.997	0.001	0.001	0.001
0.997	0.001	0.001	0.001
0.001	0.144	0.139	0.716
0.001	0.997	0.001	0.001
0.001	0.997	0.001	0.001
0.158	0.001	0.001	0.840
0.001	0.001	0.997	0.001
0.997	0.001	0.001	0.001
>GGTGGTTGTT	3-GGTGGTTGTT	10.048375	-15.289647	0	T:10.0(7.41%),B:404.1(0.83%),P:1e-6	Tpos:105.2,Tstd:56.1,Bpos:140.8,Bstd:83.2,StrandBias:3.3,Multiplicity:1.00
0.001	0.001	0.997	0.001
0.001	0.237	0.487	0.275
0.001	0.001	0.216	0.782
0.001	0.001	0.872	0.126
0.001	0.001	0.633	0.365
0.001	0.001	0.001	0.997
0.001	0.001	0.165	0.833
0.001	0.001	0.817	0.181
0.001	0.001	0.001	0.997
0.001	0.001	0.001	0.997
>TGATACTTAG	4-TGATACTTAG	8.187135	-12.471995	0	T:13.0(9.63%),B:981.0(2.01%),P:1e-5	Tpos:175.4,Tstd:114.1,Bpos:140.8,Bstd:82.2,StrandBias:0.7,Multiplicity:1.00
0.001	0.001	0.169	0.829
0.001	0.131	0.715	0.153
0.997	0.001	0.001	0.001
0.001	0.153	0.131	0.715
0.914	0.001	0.084	0.001
0.001	0.997	0.001	0.001
0.271	0.170	0.001	0.558
0.001	0.085	0.118	0.796
0.700	0.146	0.153	0.001
0.001	0.001	0.853	0.145
>GAGAGAGAGA	5-GAGAGAGAGA	11.602745	-6.462985	0	T:5.0(3.70%),B:301.0(0.62%),P:1e-2	Tpos:171.8,Tstd:110.2,Bpos:141.8,Bstd:87.4,StrandBias:3.6,Multiplicity:1.00
0.052	0.001	0.867	0.080
0.997	0.001	0.001	0.001
0.001	0.001	0.997	0.001
0.997	0.001	0.001	0.001
0.001	0.001	0.997	0.001
0.997	0.001	0.001	0.001
0.001	0.001	0.997	0.001
0.866	0.132	0.001	0.001
0.001	0.067	0.931	0.001
0.997	0.001	0.001	0.001
