>GGTGTTTGTTTT	1-GGTGTTTGTTTT	12.769247	-23.696727	0	T:7.0(5.19%),B:43.9(0.09%),P:1e-10	Tpos:107.9,Tstd:38.1,Bpos:134.5,Bstd:100.6,StrandBias:10.0,Multiplicity:1.00
0.001	0.001	0.997	0.001
0.001	0.001	0.932	0.066
0.001	0.001	0.001	0.997
0.001	0.001	0.997	0.001
0.001	0.001	0.001	0.997
0.001	0.001	0.001	0.997
0.001	0.001	0.001	0.997
0.001	0.001	0.726	0.272
0.001	0.001	0.001	0.997
0.001	0.001	0.001	0.997
0.329	0.001	0.001	0.669
0.001	0.329	0.001	0.669
>GSTGGGGATGGG	2-GSTGGGGATGGG	11.777562	-22.202954	0	T:9.0(6.67%),B:136.1(0.28%),P:1e-9	Tpos:100.3,Tstd:77.5,Bpos:130.3,Bstd:76.0,StrandBias:0.3,Multiplicity:1.00
0.001	0.001	0.787	0.211
0.001	0.483	0.515	0.001
0.001	0.202	0.001	0.796
0.230	0.001	0.768	0.001
0.192	0.001	0.806	0.001
0.001	0.001	0.997	0.001
0.001	0.001	0.997	0.001
0.988	0.001	0.001	0.010
0.001	0.274	0.001	0.724
0.001	0.001	0.997	0.001
0.001	0.274	0.724	0.001
0.001	0.001	0.997	0.001
>CATGMTACTTAG	3-CATGMTACTTAG	7.815913	-14.655222	0	T:11.0(8.15%),B:547.8(1.12%),P:1e-6	Tpos:165.8,Tstd:100.1,Bpos:138.5,Bstd:80.0,StrandBias:0.0,Multiplicity:1.09
0.002	0.750	0.242	0.006
0.961	0.022	0.008	0.009
0.001	0.001	0.001	0.997
0.240	0.004	0.752	0.004
0.507	0.485	0.006	0.002
0.003	0.008	0.008	0.981
0.979	0.004	0.007	0.010
0.242	0.512	0.244	0.002
0.004	0.011	0.001	0.984
0.242	0.008	0.245	0.505
0.513	0.240	0.005	0.242
0.240	0.001	0.517	0.242
>AGAGAGAGAGAC	4-AGAGAGAGAGAC	10.787620	-11.789512	0	T:10.0(7.41%),B:600.2(1.23%),P:1e-5	Tpos:159.0,Tstd:100.0,Bpos:137.3,Bstd:81.1,StrandBias:2.1,Multiplicity:1.00
0.997	0.001	0.001	0.001
0.126	0.074	0.663	0.137
0.997	0.001	0.001	0.001
0.137	0.211	0.651	0.001
0.851	0.001	0.147	0.001
0.001	0.001	0.862	0.136
0.878	0.001	0.120	0.001
0.001	0.136	0.862	0.001
0.862	0.136	0.001	0.001
0.001	0.171	0.827	0.001
0.775	0.001	0.001	0.223
0.139	0.784	0.076	0.001
>GCAGGTGGCTGC	5-GCAGGTGGCTGC	10.156218	-8.203378	0	T:6.0(4.44%),B:317.2(0.65%),P:1e-3	Tpos:141.3,Tstd:100.2,Bpos:144.1,Bstd:78.9,StrandBias:2.3,Multiplicity:1.00
0.059	0.001	0.869	0.071
0.087	0.669	0.200	0.044
0.855	0.074	0.001	0.070
0.061	0.116	0.792	0.031
0.044	0.109	0.803	0.044
0.167	0.027	0.105	0.701
0.069	0.087	0.662	0.182
0.001	0.147	0.809	0.043
0.039	0.873	0.044	0.044
0.137	0.106	0.044	0.713
0.077	0.171	0.687	0.065
0.174	0.569	0.126	0.131
