Factor1: 1.0134605468669216
Factor2: 0.9867182329805189
