>YCTTTGATGT	1-YCTTTGATGT	7.482854	-575.324923	0	T:1207.0(40.83%),B:6927.9(15.06%),P:1e-249	Tpos:280.6,Tstd:185.2,Bpos:238.8,Bstd:151.1,StrandBias:-0.1,Multiplicity:1.27
0.121	0.416	0.161	0.303
0.028	0.719	0.068	0.185
0.001	0.001	0.001	0.997
0.001	0.025	0.001	0.973
0.001	0.001	0.001	0.997
0.016	0.174	0.749	0.061
0.983	0.001	0.001	0.015
0.411	0.001	0.001	0.587
0.001	0.357	0.562	0.080
0.189	0.183	0.066	0.562
>CCACATCAAA	2-CCACATCAAA	7.144416	-518.275737	0	T:692.0(23.41%),B:2585.7(5.62%),P:1e-225	Tpos:273.7,Tstd:174.5,Bpos:241.8,Bstd:151.2,StrandBias:0.0,Multiplicity:1.10
0.011	0.963	0.007	0.019
0.017	0.972	0.004	0.007
0.981	0.002	0.001	0.016
0.001	0.988	0.001	0.010
0.929	0.001	0.001	0.069
0.076	0.019	0.013	0.892
0.019	0.847	0.106	0.028
0.985	0.001	0.001	0.013
0.811	0.083	0.095	0.011
0.904	0.009	0.052	0.035
>NNAAACCACA	3-NNAAACCACA	6.976717	-484.303054	0	T:1141.0(38.60%),B:6964.8(15.14%),P:1e-210	Tpos:274.0,Tstd:189.0,Bpos:239.8,Bstd:151.0,StrandBias:-0.1,Multiplicity:1.25
0.230	0.277	0.253	0.240
0.198	0.329	0.200	0.273
0.422	0.190	0.136	0.253
0.524	0.129	0.151	0.196
0.759	0.149	0.091	0.001
0.001	0.972	0.026	0.001
0.001	0.997	0.001	0.001
0.600	0.074	0.153	0.173
0.001	0.932	0.066	0.001
0.770	0.069	0.001	0.160
>DMTGASTCAT	4-DMTGASTCAT	7.029665	-385.146457	0	T:783.0(26.49%),B:4140.1(9.00%),P:1e-167	Tpos:260.7,Tstd:171.3,Bpos:241.0,Bstd:150.9,StrandBias:-0.0,Multiplicity:1.19
0.250	0.129	0.362	0.259
0.361	0.260	0.168	0.211
0.017	0.073	0.062	0.848
0.007	0.001	0.773	0.219
0.866	0.111	0.001	0.022
0.020	0.508	0.444	0.028
0.033	0.001	0.064	0.902
0.220	0.735	0.028	0.017
0.856	0.001	0.112	0.031
0.171	0.212	0.207	0.409
>ACAGGAAGTG	5-ACAGGAAGTG	7.983387	-222.429142	0	T:1002.0(33.90%),B:8197.3(17.82%),P:1e-96	Tpos:272.6,Tstd:195.7,Bpos:240.9,Bstd:145.2,StrandBias:0.0,Multiplicity:1.23
0.648	0.001	0.350	0.001
0.218	0.580	0.201	0.001
0.997	0.001	0.001	0.001
0.001	0.001	0.997	0.001
0.001	0.001	0.997	0.001
0.997	0.001	0.001	0.001
0.761	0.001	0.045	0.193
0.353	0.059	0.587	0.001
0.001	0.371	0.001	0.627
0.201	0.208	0.383	0.208
>CTTTCACTTT	6-CTTTCACTTT	8.187975	-179.336822	0	T:685.0(23.17%),B:5066.2(11.02%),P:1e-77	Tpos:279.1,Tstd:200.1,Bpos:239.5,Bstd:153.5,StrandBias:-0.1,Multiplicity:1.19
0.001	0.630	0.336	0.033
0.016	0.001	0.001	0.982
0.014	0.070	0.025	0.891
0.018	0.001	0.011	0.970
0.001	0.865	0.059	0.075
0.700	0.041	0.085	0.174
0.001	0.557	0.237	0.205
0.117	0.046	0.012	0.825
0.060	0.001	0.080	0.859
0.093	0.145	0.108	0.654
>WTGTGGCTTW	7-WTGTGGCTTW	7.532776	-173.675554	0	T:749.0(25.34%),B:5869.1(12.76%),P:1e-75	Tpos:286.3,Tstd:205.9,Bpos:238.1,Bstd:145.5,StrandBias:0.2,Multiplicity:1.14
0.405	0.114	0.069	0.413
0.001	0.112	0.177	0.710
0.038	0.001	0.960	0.001
0.125	0.024	0.001	0.850
0.001	0.055	0.943	0.001
0.001	0.001	0.978	0.020
0.001	0.751	0.247	0.001
0.152	0.001	0.197	0.650
0.156	0.079	0.293	0.472
0.280	0.138	0.197	0.386
>GTTGTGGTCA	8-GTTGTGGTCA	7.090138	-124.754790	0	T:451.0(15.26%),B:3184.8(6.92%),P:1e-54	Tpos:260.5,Tstd:177.2,Bpos:240.7,Bstd:147.3,StrandBias:-0.0,Multiplicity:1.04
0.106	0.062	0.739	0.093
0.129	0.059	0.084	0.728
0.066	0.042	0.062	0.830
0.037	0.064	0.852	0.047
0.085	0.124	0.037	0.754
0.053	0.083	0.814	0.050
0.067	0.038	0.835	0.060
0.016	0.058	0.069	0.857
0.094	0.747	0.099	0.060
0.851	0.045	0.075	0.029
>NACCGCAAAN	9-NACCGCAAAN	5.314195	-122.208561	0	T:605.0(20.47%),B:4940.6(10.74%),P:1e-53	Tpos:283.7,Tstd:206.3,Bpos:239.5,Bstd:150.7,StrandBias:-0.1,Multiplicity:1.10
0.259	0.260	0.243	0.239
0.808	0.120	0.001	0.071
0.029	0.724	0.239	0.008
0.112	0.505	0.264	0.119
0.159	0.002	0.514	0.325
0.176	0.513	0.225	0.086
0.544	0.233	0.001	0.222
0.530	0.137	0.332	0.001
0.431	0.253	0.162	0.154
0.208	0.251	0.311	0.231
>GGGAAAYCCC	10-GGGAAAYCCC	7.568842	-120.020610	0	T:425.0(14.38%),B:2965.8(6.45%),P:1e-52	Tpos:263.1,Tstd:184.3,Bpos:239.7,Bstd:143.4,StrandBias:-0.0,Multiplicity:1.10
0.005	0.005	0.902	0.088
0.008	0.078	0.882	0.032
0.191	0.001	0.773	0.035
0.769	0.021	0.199	0.011
0.997	0.001	0.001	0.001
0.590	0.078	0.088	0.244
0.155	0.378	0.179	0.288
0.143	0.789	0.001	0.067
0.116	0.868	0.015	0.001
0.028	0.970	0.001	0.001
>CASTTTCACT	11-CASTTTCACT	7.845312	-78.492343	0	T:289.0(9.78%),B:2036.2(4.43%),P:1e-34	Tpos:270.5,Tstd:202.0,Bpos:235.1,Bstd:153.7,StrandBias:0.4,Multiplicity:1.05
0.053	0.913	0.033	0.001
0.583	0.179	0.237	0.001
0.001	0.433	0.565	0.001
0.017	0.001	0.198	0.784
0.001	0.027	0.001	0.971
0.001	0.001	0.047	0.951
0.001	0.788	0.169	0.042
0.922	0.001	0.049	0.028
0.008	0.798	0.118	0.076
0.060	0.053	0.293	0.594
>VGTGGTTTTW	12-VGTGGTTTTW	7.461894	-73.713127	0	T:491.0(16.61%),B:4409.3(9.59%),P:1e-32	Tpos:286.3,Tstd:209.5,Bpos:238.8,Bstd:153.6,StrandBias:0.0,Multiplicity:1.09
0.344	0.358	0.291	0.007
0.112	0.034	0.774	0.080
0.028	0.037	0.034	0.901
0.016	0.001	0.969	0.014
0.060	0.050	0.859	0.031
0.013	0.037	0.013	0.937
0.013	0.037	0.001	0.949
0.055	0.049	0.020	0.876
0.108	0.108	0.050	0.734
0.240	0.164	0.207	0.389
>CTTTGATATG	13-CTTTGATATG	8.001579	-66.853908	0	T:379.0(12.82%),B:3203.9(6.97%),P:1e-29	Tpos:273.7,Tstd:201.6,Bpos:233.4,Bstd:144.0,StrandBias:0.1,Multiplicity:1.07
0.105	0.641	0.253	0.001
0.001	0.001	0.001	0.997
0.202	0.001	0.001	0.796
0.001	0.001	0.001	0.997
0.001	0.377	0.621	0.001
0.753	0.001	0.112	0.134
0.374	0.046	0.021	0.559
0.824	0.001	0.001	0.174
0.253	0.197	0.024	0.526
0.122	0.256	0.621	0.001
>TTCGTTATGA	14-TTCGTTATGA	7.420940	-49.481844	0	T:165.0(5.58%),B:1106.9(2.41%),P:1e-21	Tpos:262.4,Tstd:194.7,Bpos:248.3,Bstd:145.6,StrandBias:-0.0,Multiplicity:1.03
0.039	0.071	0.084	0.806
0.051	0.044	0.061	0.844
0.068	0.851	0.023	0.058
0.127	0.049	0.786	0.038
0.079	0.075	0.133	0.713
0.100	0.020	0.096	0.784
0.817	0.103	0.007	0.073
0.056	0.018	0.066	0.860
0.058	0.130	0.702	0.110
0.852	0.113	0.015	0.020
>TTTGMTGTTT	15-TTTGMTGTTT	6.968424	-49.263750	0	T:336.0(11.37%),B:3018.4(6.56%),P:1e-21	Tpos:292.3,Tstd:214.6,Bpos:243.8,Bstd:151.5,StrandBias:-0.2,Multiplicity:1.07
0.176	0.166	0.233	0.424
0.003	0.295	0.245	0.457
0.016	0.348	0.008	0.628
0.005	0.120	0.780	0.095
0.375	0.286	0.154	0.185
0.316	0.006	0.005	0.673
0.017	0.186	0.795	0.002
0.111	0.217	0.116	0.556
0.013	0.092	0.318	0.577
0.114	0.318	0.005	0.563
>CTTAGTCAAC	16-CTTAGTCAAC	7.237600	-43.872715	0	T:278.0(9.40%),B:2434.5(5.29%),P:1e-19	Tpos:262.8,Tstd:198.0,Bpos:233.0,Bstd:151.1,StrandBias:-0.4,Multiplicity:1.05
0.046	0.669	0.085	0.200
0.029	0.070	0.088	0.813
0.096	0.087	0.030	0.787
0.856	0.095	0.006	0.043
0.051	0.048	0.831	0.070
0.077	0.029	0.019	0.875
0.083	0.778	0.061	0.078
0.844	0.026	0.056	0.074
0.671	0.126	0.121	0.082
0.068	0.887	0.032	0.013
>TCDAATCAVR	17-TCDAATCAVR	6.655690	-42.854791	0	T:64.0(2.17%),B:254.5(0.55%),P:1e-18	Tpos:267.7,Tstd:150.8,Bpos:235.7,Bstd:142.1,StrandBias:-0.1,Multiplicity:1.02
0.024	0.151	0.305	0.520
0.022	0.480	0.219	0.278
0.355	0.024	0.368	0.253
0.680	0.022	0.026	0.272
0.723	0.029	0.202	0.046
0.248	0.187	0.150	0.415
0.023	0.665	0.043	0.269
0.674	0.027	0.040	0.259
0.343	0.201	0.287	0.169
0.439	0.082	0.330	0.148
>CCCCCCCCCC	18-CCCCCCCCCC	7.578858	-41.773177	0	T:738.0(24.97%),B:8474.0(18.42%),P:1e-18	Tpos:282.9,Tstd:198.8,Bpos:240.6,Bstd:136.1,StrandBias:-0.1,Multiplicity:1.37
0.001	0.831	0.001	0.167
0.001	0.582	0.012	0.405
0.118	0.757	0.001	0.124
0.102	0.717	0.001	0.180
0.187	0.625	0.001	0.187
0.081	0.761	0.001	0.157
0.001	0.822	0.001	0.176
0.047	0.794	0.050	0.109
0.113	0.741	0.001	0.145
0.001	0.881	0.001	0.117
>GGTGTTAACC	19-GGTGTTAACC	9.885210	-36.063311	0	T:53.0(1.79%),B:210.0(0.46%),P:1e-15	Tpos:300.6,Tstd:202.5,Bpos:239.0,Bstd:154.4,StrandBias:0.3,Multiplicity:1.02
0.001	0.001	0.997	0.001
0.001	0.001	0.997	0.001
0.001	0.123	0.001	0.875
0.001	0.001	0.997	0.001
0.163	0.154	0.001	0.682
0.001	0.001	0.213	0.785
0.997	0.001	0.001	0.001
0.941	0.057	0.001	0.001
0.001	0.997	0.001	0.001
0.150	0.712	0.001	0.137
>AGTCATACCC	20-AGTCATACCC	6.404373	-35.175042	0	T:864.0(29.23%),B:10504.0(22.84%),P:1e-15	Tpos:276.5,Tstd:204.0,Bpos:239.0,Bstd:143.5,StrandBias:-0.1,Multiplicity:1.21
0.700	0.100	0.100	0.100
0.100	0.100	0.700	0.100
0.100	0.100	0.100	0.700
0.100	0.700	0.100	0.100
0.700	0.100	0.100	0.100
0.100	0.100	0.100	0.700
0.700	0.100	0.100	0.100
0.100	0.700	0.100	0.100
0.100	0.700	0.100	0.100
0.100	0.700	0.100	0.100
>GGTACTTTCC	21-GGTACTTTCC	8.848223	-33.738882	0	T:97.0(3.28%),B:606.1(1.32%),P:1e-14	Tpos:242.0,Tstd:160.1,Bpos:234.1,Bstd:140.4,StrandBias:-0.4,Multiplicity:1.00
0.053	0.082	0.783	0.082
0.005	0.001	0.993	0.001
0.012	0.029	0.001	0.958
0.944	0.018	0.015	0.023
0.013	0.947	0.039	0.001
0.014	0.001	0.001	0.984
0.024	0.010	0.001	0.965
0.018	0.056	0.001	0.925
0.012	0.925	0.001	0.062
0.001	0.946	0.001	0.052
>CTTCTGAGAG	22-CTTCTGAGAG	8.693459	-33.618505	0	T:224.0(7.58%),B:1995.1(4.34%),P:1e-14	Tpos:279.4,Tstd:211.3,Bpos:240.6,Bstd:147.7,StrandBias:0.0,Multiplicity:1.08
0.001	0.928	0.039	0.032
0.106	0.001	0.056	0.837
0.034	0.028	0.001	0.937
0.025	0.900	0.029	0.046
0.112	0.001	0.001	0.886
0.084	0.048	0.800	0.068
0.968	0.001	0.001	0.030
0.057	0.062	0.880	0.001
0.997	0.001	0.001	0.001
0.001	0.066	0.901	0.032
>CGGTTGCTAG	23-CGGTTGCTAG	7.473026	-28.013072	0	T:136.0(4.60%),B:1085.6(2.36%),P:1e-12	Tpos:260.3,Tstd:188.9,Bpos:237.7,Bstd:145.6,StrandBias:-0.0,Multiplicity:1.01
0.172	0.561	0.196	0.071
0.301	0.053	0.510	0.136
0.001	0.001	0.712	0.286
0.017	0.203	0.194	0.586
0.172	0.288	0.006	0.534
0.222	0.128	0.527	0.123
0.001	0.692	0.279	0.028
0.016	0.031	0.011	0.942
0.833	0.001	0.157	0.009
0.256	0.001	0.727	0.016
>GGGTGACGTC	24-GGGTGACGTC	7.565264	-23.072829	0	T:58.0(1.96%),B:341.6(0.74%),P:1e-10	Tpos:252.4,Tstd:155.3,Bpos:236.9,Bstd:157.6,StrandBias:1.1,Multiplicity:1.00
0.056	0.052	0.701	0.191
0.290	0.079	0.532	0.099
0.245	0.116	0.596	0.043
0.050	0.045	0.035	0.870
0.030	0.155	0.529	0.286
0.601	0.022	0.175	0.202
0.154	0.687	0.124	0.035
0.054	0.022	0.828	0.096
0.163	0.125	0.138	0.574
0.035	0.508	0.272	0.185
>GCGTGCTCAC	25-GCGTGCTCAC	10.296193	-16.389944	0	T:8.0(0.27%),B:8.6(0.02%),P:1e-7	Tpos:234.1,Tstd:184.0,Bpos:238.8,Bstd:156.3,StrandBias:1.6,Multiplicity:1.00
0.100	0.100	0.700	0.100
0.100	0.700	0.100	0.100
0.100	0.100	0.700	0.100
0.100	0.100	0.100	0.700
0.100	0.100	0.700	0.100
0.100	0.700	0.100	0.100
0.100	0.100	0.100	0.700
0.100	0.700	0.100	0.100
0.700	0.100	0.100	0.100
0.100	0.700	0.100	0.100
