>AAACCACA	1-AAACCACA	6.904406	-495.216630	0	T:1096.0(37.08%),B:6398.1(13.91%),P:1e-215	Tpos:279.1,Tstd:183.2,Bpos:240.1,Bstd:151.4,StrandBias:-0.1,Multiplicity:1.26
0.779	0.079	0.001	0.141
0.997	0.001	0.001	0.001
0.814	0.078	0.107	0.001
0.001	0.997	0.001	0.001
0.001	0.997	0.001	0.001
0.971	0.001	0.027	0.001
0.001	0.997	0.001	0.001
0.899	0.001	0.001	0.099
>CATCAAAG	2-CATCAAAG	7.427079	-452.242011	0	T:869.0(29.40%),B:4472.3(9.72%),P:1e-196	Tpos:278.6,Tstd:186.3,Bpos:240.6,Bstd:151.3,StrandBias:-0.1,Multiplicity:1.19
0.031	0.709	0.238	0.022
0.700	0.001	0.007	0.292
0.001	0.001	0.001	0.997
0.016	0.927	0.056	0.001
0.997	0.001	0.001	0.001
0.997	0.001	0.001	0.001
0.997	0.001	0.001	0.001
0.036	0.029	0.934	0.001
>TGTGGTKV	3-TGTGGTKV	2.810056	-374.505790	0	T:1954.0(66.10%),B:18965.9(41.24%),P:1e-162	Tpos:274.2,Tstd:200.6,Bpos:239.7,Bstd:149.6,StrandBias:0.0,Multiplicity:1.49
0.001	0.001	0.001	0.997
0.001	0.001	0.997	0.001
0.001	0.001	0.001	0.997
0.001	0.001	0.997	0.001
0.001	0.001	0.997	0.001
0.001	0.295	0.001	0.703
0.005	0.003	0.447	0.545
0.302	0.248	0.328	0.122
>ATGAGTCA	4-ATGAGTCA	5.837476	-360.385975	0	T:811.0(27.44%),B:4599.5(10.00%),P:1e-156	Tpos:260.8,Tstd:172.3,Bpos:240.6,Bstd:151.2,StrandBias:0.0,Multiplicity:1.20
0.661	0.109	0.127	0.103
0.001	0.001	0.001	0.997
0.001	0.001	0.985	0.013
0.996	0.002	0.001	0.001
0.001	0.326	0.672	0.001
0.001	0.001	0.001	0.997
0.025	0.973	0.001	0.001
0.996	0.001	0.002	0.001
>AGATCAAA	5-AGATCAAA	6.281494	-224.297689	0	T:1506.0(50.95%),B:14827.3(32.24%),P:1e-97	Tpos:273.1,Tstd:190.0,Bpos:241.2,Bstd:147.3,StrandBias:0.1,Multiplicity:1.39
0.997	0.001	0.001	0.001
0.044	0.182	0.750	0.024
0.976	0.022	0.001	0.001
0.050	0.045	0.001	0.904
0.075	0.654	0.247	0.024
0.976	0.001	0.001	0.022
0.905	0.001	0.057	0.037
0.966	0.001	0.032	0.001
>GCGGTTTC	6-GCGGTTTC	5.062303	-206.179308	0	T:1681.0(56.87%),B:17722.1(38.53%),P:1e-89	Tpos:275.1,Tstd:194.5,Bpos:240.6,Bstd:151.4,StrandBias:0.0,Multiplicity:1.39
0.033	0.040	0.794	0.133
0.083	0.573	0.191	0.153
0.089	0.096	0.768	0.047
0.069	0.115	0.785	0.031
0.070	0.020	0.073	0.837
0.025	0.059	0.052	0.864
0.098	0.064	0.092	0.746
0.061	0.639	0.105	0.195
>GATGCGGT	7-GATGCGGT	6.875425	-199.801814	0	T:464.0(15.70%),B:2576.6(5.60%),P:1e-86	Tpos:295.8,Tstd:199.3,Bpos:242.7,Bstd:144.8,StrandBias:0.0,Multiplicity:1.04
0.154	0.001	0.844	0.001
0.997	0.001	0.001	0.001
0.001	0.001	0.001	0.997
0.001	0.001	0.997	0.001
0.001	0.855	0.001	0.143
0.001	0.001	0.997	0.001
0.001	0.001	0.997	0.001
0.001	0.001	0.317	0.681
>CTGASTAA	8-CTGASTAA	7.423156	-147.111125	0	T:751.0(25.41%),B:6281.6(13.66%),P:1e-63	Tpos:257.2,Tstd:186.4,Bpos:238.5,Bstd:150.3,StrandBias:-0.0,Multiplicity:1.09
0.001	0.585	0.253	0.161
0.001	0.001	0.001	0.997
0.001	0.001	0.615	0.383
0.997	0.001	0.001	0.001
0.001	0.509	0.489	0.001
0.001	0.001	0.001	0.997
0.762	0.236	0.001	0.001
0.997	0.001	0.001	0.001
>CTTCCTGT	9-CTTCCTGT	7.821586	-121.209778	0	T:978.0(33.09%),B:9624.0(20.93%),P:1e-52	Tpos:276.4,Tstd:204.9,Bpos:237.7,Bstd:145.4,StrandBias:0.1,Multiplicity:1.24
0.001	0.787	0.077	0.135
0.064	0.001	0.001	0.934
0.001	0.001	0.001	0.997
0.001	0.997	0.001	0.001
0.001	0.997	0.001	0.001
0.001	0.001	0.001	0.997
0.001	0.134	0.864	0.001
0.001	0.113	0.001	0.885
>TTTCACTT	10-TTTCACTT	7.194224	-98.955686	0	T:1067.0(36.10%),B:11339.8(24.66%),P:1e-42	Tpos:294.7,Tstd:218.0,Bpos:239.0,Bstd:149.0,StrandBias:-0.1,Multiplicity:1.25
0.001	0.001	0.001	0.997
0.001	0.395	0.001	0.603
0.001	0.001	0.001	0.997
0.253	0.745	0.001	0.001
0.423	0.217	0.208	0.152
0.047	0.585	0.217	0.151
0.001	0.399	0.048	0.552
0.001	0.001	0.017	0.981
>ACTTTCAC	11-ACTTTCAC	6.481279	-90.732941	0	T:364.0(12.31%),B:2678.1(5.82%),P:1e-39	Tpos:261.9,Tstd:193.8,Bpos:236.0,Bstd:156.9,StrandBias:0.2,Multiplicity:1.09
0.887	0.001	0.111	0.001
0.001	0.713	0.285	0.001
0.001	0.001	0.001	0.997
0.001	0.001	0.001	0.997
0.001	0.001	0.001	0.997
0.001	0.997	0.001	0.001
0.958	0.001	0.040	0.001
0.001	0.997	0.001	0.001
>AGGAAGTG	12-AGGAAGTG	9.123324	-85.682380	0	T:544.0(18.40%),B:4826.5(10.49%),P:1e-37	Tpos:285.5,Tstd:223.3,Bpos:238.6,Bstd:143.3,StrandBias:-0.1,Multiplicity:1.06
0.997	0.001	0.001	0.001
0.001	0.001	0.997	0.001
0.184	0.001	0.814	0.001
0.997	0.001	0.001	0.001
0.997	0.001	0.001	0.001
0.224	0.001	0.774	0.001
0.001	0.001	0.001	0.997
0.001	0.001	0.997	0.001
>CTTTCAAA	13-CTTTCAAA	8.588857	-48.324573	0	T:486.0(16.44%),B:4903.1(10.66%),P:1e-20	Tpos:281.8,Tstd:206.4,Bpos:238.5,Bstd:148.5,StrandBias:-0.0,Multiplicity:1.11
0.339	0.659	0.001	0.001
0.001	0.001	0.001	0.997
0.001	0.001	0.001	0.997
0.001	0.001	0.001	0.997
0.001	0.636	0.362	0.001
0.997	0.001	0.001	0.001
0.997	0.001	0.001	0.001
0.678	0.001	0.320	0.001
>TGAGGTTA	14-TGAGGTTA	3.875760	-47.433145	0	T:646.0(21.85%),B:7032.3(15.29%),P:1e-20	Tpos:288.0,Tstd:216.3,Bpos:236.4,Bstd:153.0,StrandBias:-0.0,Multiplicity:1.14
0.001	0.178	0.001	0.820
0.001	0.001	0.997	0.001
0.997	0.001	0.001	0.001
0.001	0.034	0.962	0.003
0.001	0.001	0.997	0.001
0.001	0.001	0.001	0.997
0.001	0.038	0.213	0.748
0.944	0.001	0.054	0.001
>ATGACTMC	15-ATGACTMC	3.545867	-46.628572	0	T:483.0(16.34%),B:4908.8(10.67%),P:1e-20	Tpos:266.3,Tstd:197.2,Bpos:239.0,Bstd:146.9,StrandBias:0.1,Multiplicity:1.14
0.997	0.001	0.001	0.001
0.001	0.001	0.001	0.997
0.001	0.001	0.997	0.001
0.997	0.001	0.001	0.001
0.001	0.997	0.001	0.001
0.001	0.001	0.375	0.623
0.428	0.429	0.143	0.001
0.001	0.862	0.001	0.136
>TAACACCT	16-TAACACCT	8.270759	-43.245104	0	T:330.0(11.16%),B:3069.5(6.67%),P:1e-18	Tpos:272.7,Tstd:198.6,Bpos:241.1,Bstd:152.5,StrandBias:-0.1,Multiplicity:1.08
0.001	0.001	0.001	0.997
0.619	0.189	0.191	0.001
0.887	0.001	0.111	0.001
0.001	0.997	0.001	0.001
0.997	0.001	0.001	0.001
0.001	0.997	0.001	0.001
0.001	0.997	0.001	0.001
0.001	0.117	0.001	0.881
>CCCCCCCC	17-CCCCCCCC	5.240228	-35.112473	0	T:1398.0(47.29%),B:18396.1(40.00%),P:1e-15	Tpos:288.2,Tstd:209.3,Bpos:240.6,Bstd:139.6,StrandBias:-0.1,Multiplicity:1.76
0.001	0.997	0.001	0.001
0.041	0.900	0.017	0.042
0.071	0.786	0.037	0.106
0.055	0.820	0.001	0.124
0.154	0.696	0.035	0.115
0.049	0.949	0.001	0.001
0.001	0.997	0.001	0.001
0.001	0.948	0.050	0.001
>TTCAAAAG	18-TTCAAAAG	8.080588	-33.415066	0	T:445.0(15.05%),B:4785.4(10.40%),P:1e-14	Tpos:282.8,Tstd:192.4,Bpos:238.9,Bstd:151.6,StrandBias:0.1,Multiplicity:1.13
0.001	0.001	0.001	0.997
0.001	0.001	0.001	0.997
0.001	0.997	0.001	0.001
0.859	0.001	0.001	0.139
0.858	0.001	0.140	0.001
0.997	0.001	0.001	0.001
0.920	0.078	0.001	0.001
0.130	0.001	0.868	0.001
