>YCTTTGATGT	1-YCTTTGATGT	7.482854	-575.324923	0	T:1207.0(40.83%),B:6927.9(15.06%),P:1e-249	Tpos:280.6,Tstd:185.2,Bpos:238.8,Bstd:151.1,StrandBias:-0.1,Multiplicity:1.27
0.121	0.416	0.161	0.303
0.028	0.719	0.068	0.185
0.001	0.001	0.001	0.997
0.001	0.025	0.001	0.973
0.001	0.001	0.001	0.997
0.016	0.174	0.749	0.061
0.983	0.001	0.001	0.015
0.411	0.001	0.001	0.587
0.001	0.357	0.562	0.080
0.189	0.183	0.066	0.562
>CCACATCAAA	2-CCACATCAAA	7.144416	-518.275737	0	T:692.0(23.41%),B:2585.7(5.62%),P:1e-225	Tpos:273.7,Tstd:174.5,Bpos:241.8,Bstd:151.2,StrandBias:0.0,Multiplicity:1.10
0.011	0.963	0.007	0.019
0.017	0.972	0.004	0.007
0.981	0.002	0.001	0.016
0.001	0.988	0.001	0.010
0.929	0.001	0.001	0.069
0.076	0.019	0.013	0.892
0.019	0.847	0.106	0.028
0.985	0.001	0.001	0.013
0.811	0.083	0.095	0.011
0.904	0.009	0.052	0.035
>NNAAACCACA	3-NNAAACCACA	6.976717	-484.303054	0	T:1141.0(38.60%),B:6964.8(15.14%),P:1e-210	Tpos:274.0,Tstd:189.0,Bpos:239.8,Bstd:151.0,StrandBias:-0.1,Multiplicity:1.25
0.230	0.277	0.253	0.240
0.198	0.329	0.200	0.273
0.422	0.190	0.136	0.253
0.524	0.129	0.151	0.196
0.759	0.149	0.091	0.001
0.001	0.972	0.026	0.001
0.001	0.997	0.001	0.001
0.600	0.074	0.153	0.173
0.001	0.932	0.066	0.001
0.770	0.069	0.001	0.160
>DMTGASTCAT	4-DMTGASTCAT	7.029665	-385.146457	0	T:783.0(26.49%),B:4140.1(9.00%),P:1e-167	Tpos:260.7,Tstd:171.3,Bpos:241.0,Bstd:150.9,StrandBias:-0.0,Multiplicity:1.19
0.250	0.129	0.362	0.259
0.361	0.260	0.168	0.211
0.017	0.073	0.062	0.848
0.007	0.001	0.773	0.219
0.866	0.111	0.001	0.022
0.020	0.508	0.444	0.028
0.033	0.001	0.064	0.902
0.220	0.735	0.028	0.017
0.856	0.001	0.112	0.031
0.171	0.212	0.207	0.409
>ACAGGAAGTG	5-ACAGGAAGTG	7.983387	-222.429142	0	T:1002.0(33.90%),B:8197.3(17.82%),P:1e-96	Tpos:272.6,Tstd:195.7,Bpos:240.9,Bstd:145.2,StrandBias:0.0,Multiplicity:1.23
0.648	0.001	0.350	0.001
0.218	0.580	0.201	0.001
0.997	0.001	0.001	0.001
0.001	0.001	0.997	0.001
0.001	0.001	0.997	0.001
0.997	0.001	0.001	0.001
0.761	0.001	0.045	0.193
0.353	0.059	0.587	0.001
0.001	0.371	0.001	0.627
0.201	0.208	0.383	0.208
>CTTTCACTTT	6-CTTTCACTTT	8.187975	-179.336822	0	T:685.0(23.17%),B:5066.2(11.02%),P:1e-77	Tpos:279.1,Tstd:200.1,Bpos:239.5,Bstd:153.5,StrandBias:-0.1,Multiplicity:1.19
0.001	0.630	0.336	0.033
0.016	0.001	0.001	0.982
0.014	0.070	0.025	0.891
0.018	0.001	0.011	0.970
0.001	0.865	0.059	0.075
0.700	0.041	0.085	0.174
0.001	0.557	0.237	0.205
0.117	0.046	0.012	0.825
0.060	0.001	0.080	0.859
0.093	0.145	0.108	0.654
>WTGTGGCTTW	7-WTGTGGCTTW	7.532776	-173.675554	0	T:749.0(25.34%),B:5869.1(12.76%),P:1e-75	Tpos:286.3,Tstd:205.9,Bpos:238.1,Bstd:145.5,StrandBias:0.2,Multiplicity:1.14
0.405	0.114	0.069	0.413
0.001	0.112	0.177	0.710
0.038	0.001	0.960	0.001
0.125	0.024	0.001	0.850
0.001	0.055	0.943	0.001
0.001	0.001	0.978	0.020
0.001	0.751	0.247	0.001
0.152	0.001	0.197	0.650
0.156	0.079	0.293	0.472
0.280	0.138	0.197	0.386
>GTTGTGGTCA	8-GTTGTGGTCA	7.090138	-124.754790	0	T:451.0(15.26%),B:3184.8(6.92%),P:1e-54	Tpos:260.5,Tstd:177.2,Bpos:240.7,Bstd:147.3,StrandBias:-0.0,Multiplicity:1.04
0.106	0.062	0.739	0.093
0.129	0.059	0.084	0.728
0.066	0.042	0.062	0.830
0.037	0.064	0.852	0.047
0.085	0.124	0.037	0.754
0.053	0.083	0.814	0.050
0.067	0.038	0.835	0.060
0.016	0.058	0.069	0.857
0.094	0.747	0.099	0.060
0.851	0.045	0.075	0.029
>NACCGCAAAN	9-NACCGCAAAN	5.314195	-122.208561	0	T:605.0(20.47%),B:4940.6(10.74%),P:1e-53	Tpos:283.7,Tstd:206.3,Bpos:239.5,Bstd:150.7,StrandBias:-0.1,Multiplicity:1.10
0.259	0.260	0.243	0.239
0.808	0.120	0.001	0.071
0.029	0.724	0.239	0.008
0.112	0.505	0.264	0.119
0.159	0.002	0.514	0.325
0.176	0.513	0.225	0.086
0.544	0.233	0.001	0.222
0.530	0.137	0.332	0.001
0.431	0.253	0.162	0.154
0.208	0.251	0.311	0.231
>GGGAAAYCCC	10-GGGAAAYCCC	7.568842	-120.020610	0	T:425.0(14.38%),B:2965.8(6.45%),P:1e-52	Tpos:263.1,Tstd:184.3,Bpos:239.7,Bstd:143.4,StrandBias:-0.0,Multiplicity:1.10
0.005	0.005	0.902	0.088
0.008	0.078	0.882	0.032
0.191	0.001	0.773	0.035
0.769	0.021	0.199	0.011
0.997	0.001	0.001	0.001
0.590	0.078	0.088	0.244
0.155	0.378	0.179	0.288
0.143	0.789	0.001	0.067
0.116	0.868	0.015	0.001
0.028	0.970	0.001	0.001
>CASTTTCACT	11-CASTTTCACT	7.845312	-78.492343	0	T:289.0(9.78%),B:2036.2(4.43%),P:1e-34	Tpos:270.5,Tstd:202.0,Bpos:235.1,Bstd:153.7,StrandBias:0.4,Multiplicity:1.05
0.053	0.913	0.033	0.001
0.583	0.179	0.237	0.001
0.001	0.433	0.565	0.001
0.017	0.001	0.198	0.784
0.001	0.027	0.001	0.971
0.001	0.001	0.047	0.951
0.001	0.788	0.169	0.042
0.922	0.001	0.049	0.028
0.008	0.798	0.118	0.076
0.060	0.053	0.293	0.594
>VGTGGTTTTW	12-VGTGGTTTTW	7.461894	-73.713127	0	T:491.0(16.61%),B:4409.3(9.59%),P:1e-32	Tpos:286.3,Tstd:209.5,Bpos:238.8,Bstd:153.6,StrandBias:0.0,Multiplicity:1.09
0.344	0.358	0.291	0.007
0.112	0.034	0.774	0.080
0.028	0.037	0.034	0.901
0.016	0.001	0.969	0.014
0.060	0.050	0.859	0.031
0.013	0.037	0.013	0.937
0.013	0.037	0.001	0.949
0.055	0.049	0.020	0.876
0.108	0.108	0.050	0.734
0.240	0.164	0.207	0.389
>CTTTGATATG	13-CTTTGATATG	8.001579	-66.853908	0	T:379.0(12.82%),B:3203.9(6.97%),P:1e-29	Tpos:273.7,Tstd:201.6,Bpos:233.4,Bstd:144.0,StrandBias:0.1,Multiplicity:1.07
0.105	0.641	0.253	0.001
0.001	0.001	0.001	0.997
0.202	0.001	0.001	0.796
0.001	0.001	0.001	0.997
0.001	0.377	0.621	0.001
0.753	0.001	0.112	0.134
0.374	0.046	0.021	0.559
0.824	0.001	0.001	0.174
0.253	0.197	0.024	0.526
0.122	0.256	0.621	0.001
>TTCGTTATGA	14-TTCGTTATGA	7.420940	-49.481844	0	T:165.0(5.58%),B:1106.9(2.41%),P:1e-21	Tpos:262.4,Tstd:194.7,Bpos:248.3,Bstd:145.6,StrandBias:-0.0,Multiplicity:1.03
0.039	0.071	0.084	0.806
0.051	0.044	0.061	0.844
0.068	0.851	0.023	0.058
0.127	0.049	0.786	0.038
0.079	0.075	0.133	0.713
0.100	0.020	0.096	0.784
0.817	0.103	0.007	0.073
0.056	0.018	0.066	0.860
0.058	0.130	0.702	0.110
0.852	0.113	0.015	0.020
>TTTGMTGTTT	15-TTTGMTGTTT	6.968424	-49.263750	0	T:336.0(11.37%),B:3018.4(6.56%),P:1e-21	Tpos:292.3,Tstd:214.6,Bpos:243.8,Bstd:151.5,StrandBias:-0.2,Multiplicity:1.07
0.176	0.166	0.233	0.424
0.003	0.295	0.245	0.457
0.016	0.348	0.008	0.628
0.005	0.120	0.780	0.095
0.375	0.286	0.154	0.185
0.316	0.006	0.005	0.673
0.017	0.186	0.795	0.002
0.111	0.217	0.116	0.556
0.013	0.092	0.318	0.577
0.114	0.318	0.005	0.563
>CTTAGTCAAC	16-CTTAGTCAAC	7.237600	-43.872715	0	T:278.0(9.40%),B:2434.5(5.29%),P:1e-19	Tpos:262.8,Tstd:198.0,Bpos:233.0,Bstd:151.1,StrandBias:-0.4,Multiplicity:1.05
0.046	0.669	0.085	0.200
0.029	0.070	0.088	0.813
0.096	0.087	0.030	0.787
0.856	0.095	0.006	0.043
0.051	0.048	0.831	0.070
0.077	0.029	0.019	0.875
0.083	0.778	0.061	0.078
0.844	0.026	0.056	0.074
0.671	0.126	0.121	0.082
0.068	0.887	0.032	0.013
>TCDAATCAVR	17-TCDAATCAVR	6.655690	-42.854791	0	T:64.0(2.17%),B:254.5(0.55%),P:1e-18	Tpos:267.7,Tstd:150.8,Bpos:235.7,Bstd:142.1,StrandBias:-0.1,Multiplicity:1.02
0.024	0.151	0.305	0.520
0.022	0.480	0.219	0.278
0.355	0.024	0.368	0.253
0.680	0.022	0.026	0.272
0.723	0.029	0.202	0.046
0.248	0.187	0.150	0.415
0.023	0.665	0.043	0.269
0.674	0.027	0.040	0.259
0.343	0.201	0.287	0.169
0.439	0.082	0.330	0.148
>CCCCCCCCCC	18-CCCCCCCCCC	7.578858	-41.773177	0	T:738.0(24.97%),B:8474.0(18.42%),P:1e-18	Tpos:282.9,Tstd:198.8,Bpos:240.6,Bstd:136.1,StrandBias:-0.1,Multiplicity:1.37
0.001	0.831	0.001	0.167
0.001	0.582	0.012	0.405
0.118	0.757	0.001	0.124
0.102	0.717	0.001	0.180
0.187	0.625	0.001	0.187
0.081	0.761	0.001	0.157
0.001	0.822	0.001	0.176
0.047	0.794	0.050	0.109
0.113	0.741	0.001	0.145
0.001	0.881	0.001	0.117
>GGTGTTAACC	19-GGTGTTAACC	9.885210	-36.063311	0	T:53.0(1.79%),B:210.0(0.46%),P:1e-15	Tpos:300.6,Tstd:202.5,Bpos:239.0,Bstd:154.4,StrandBias:0.3,Multiplicity:1.02
0.001	0.001	0.997	0.001
0.001	0.001	0.997	0.001
0.001	0.123	0.001	0.875
0.001	0.001	0.997	0.001
0.163	0.154	0.001	0.682
0.001	0.001	0.213	0.785
0.997	0.001	0.001	0.001
0.941	0.057	0.001	0.001
0.001	0.997	0.001	0.001
0.150	0.712	0.001	0.137
>AGTCATACCC	20-AGTCATACCC	6.404373	-35.175042	0	T:864.0(29.23%),B:10504.0(22.84%),P:1e-15	Tpos:276.5,Tstd:204.0,Bpos:239.0,Bstd:143.5,StrandBias:-0.1,Multiplicity:1.21
0.700	0.100	0.100	0.100
0.100	0.100	0.700	0.100
0.100	0.100	0.100	0.700
0.100	0.700	0.100	0.100
0.700	0.100	0.100	0.100
0.100	0.100	0.100	0.700
0.700	0.100	0.100	0.100
0.100	0.700	0.100	0.100
0.100	0.700	0.100	0.100
0.100	0.700	0.100	0.100
>GGTACTTTCC	21-GGTACTTTCC	8.848223	-33.738882	0	T:97.0(3.28%),B:606.1(1.32%),P:1e-14	Tpos:242.0,Tstd:160.1,Bpos:234.1,Bstd:140.4,StrandBias:-0.4,Multiplicity:1.00
0.053	0.082	0.783	0.082
0.005	0.001	0.993	0.001
0.012	0.029	0.001	0.958
0.944	0.018	0.015	0.023
0.013	0.947	0.039	0.001
0.014	0.001	0.001	0.984
0.024	0.010	0.001	0.965
0.018	0.056	0.001	0.925
0.012	0.925	0.001	0.062
0.001	0.946	0.001	0.052
>CTTCTGAGAG	22-CTTCTGAGAG	8.693459	-33.618505	0	T:224.0(7.58%),B:1995.1(4.34%),P:1e-14	Tpos:279.4,Tstd:211.3,Bpos:240.6,Bstd:147.7,StrandBias:0.0,Multiplicity:1.08
0.001	0.928	0.039	0.032
0.106	0.001	0.056	0.837
0.034	0.028	0.001	0.937
0.025	0.900	0.029	0.046
0.112	0.001	0.001	0.886
0.084	0.048	0.800	0.068
0.968	0.001	0.001	0.030
0.057	0.062	0.880	0.001
0.997	0.001	0.001	0.001
0.001	0.066	0.901	0.032
>CGGTTGCTAG	23-CGGTTGCTAG	7.473026	-28.013072	0	T:136.0(4.60%),B:1085.6(2.36%),P:1e-12	Tpos:260.3,Tstd:188.9,Bpos:237.7,Bstd:145.6,StrandBias:-0.0,Multiplicity:1.01
0.172	0.561	0.196	0.071
0.301	0.053	0.510	0.136
0.001	0.001	0.712	0.286
0.017	0.203	0.194	0.586
0.172	0.288	0.006	0.534
0.222	0.128	0.527	0.123
0.001	0.692	0.279	0.028
0.016	0.031	0.011	0.942
0.833	0.001	0.157	0.009
0.256	0.001	0.727	0.016
>GGGTGACGTC	24-GGGTGACGTC	7.565264	-23.072829	0	T:58.0(1.96%),B:341.6(0.74%),P:1e-10	Tpos:252.4,Tstd:155.3,Bpos:236.9,Bstd:157.6,StrandBias:1.1,Multiplicity:1.00
0.056	0.052	0.701	0.191
0.290	0.079	0.532	0.099
0.245	0.116	0.596	0.043
0.050	0.045	0.035	0.870
0.030	0.155	0.529	0.286
0.601	0.022	0.175	0.202
0.154	0.687	0.124	0.035
0.054	0.022	0.828	0.096
0.163	0.125	0.138	0.574
0.035	0.508	0.272	0.185
>GCGTGCTCAC	25-GCGTGCTCAC	10.296193	-16.389944	0	T:8.0(0.27%),B:8.6(0.02%),P:1e-7	Tpos:234.1,Tstd:184.0,Bpos:238.8,Bstd:156.3,StrandBias:1.6,Multiplicity:1.00
0.100	0.100	0.700	0.100
0.100	0.700	0.100	0.100
0.100	0.100	0.700	0.100
0.100	0.100	0.100	0.700
0.100	0.100	0.700	0.100
0.100	0.700	0.100	0.100
0.100	0.100	0.100	0.700
0.100	0.700	0.100	0.100
0.700	0.100	0.100	0.100
0.100	0.700	0.100	0.100
>CTTTGATGTGGT	1-CTTTGATGTGGT	9.066466	-644.823540	0	T:518.0(17.52%),B:1053.0(2.29%),P:1e-280	Tpos:272.5,Tstd:168.3,Bpos:239.2,Bstd:146.2,StrandBias:-0.0,Multiplicity:1.06
0.049	0.505	0.152	0.294
0.075	0.124	0.001	0.800
0.071	0.150	0.058	0.721
0.063	0.001	0.001	0.935
0.068	0.130	0.678	0.124
0.788	0.020	0.051	0.141
0.078	0.001	0.008	0.913
0.058	0.071	0.870	0.001
0.035	0.001	0.001	0.963
0.004	0.001	0.924	0.071
0.068	0.011	0.909	0.012
0.095	0.167	0.131	0.607
>HBYCTTTGATST	2-HBYCTTTGATST	7.661308	-601.546706	0	T:1113.0(37.65%),B:5783.8(12.58%),P:1e-261	Tpos:274.1,Tstd:181.7,Bpos:238.2,Bstd:149.9,StrandBias:0.0,Multiplicity:1.23
0.251	0.210	0.187	0.352
0.169	0.252	0.230	0.349
0.094	0.399	0.203	0.304
0.004	0.808	0.001	0.187
0.001	0.015	0.001	0.983
0.001	0.055	0.029	0.915
0.001	0.001	0.001	0.997
0.066	0.184	0.644	0.106
0.870	0.028	0.045	0.057
0.368	0.001	0.034	0.597
0.043	0.471	0.479	0.006
0.179	0.151	0.070	0.600
>RAAACCACARVN	3-RAAACCACARVN	8.070911	-469.218184	0	T:916.0(30.99%),B:4798.9(10.43%),P:1e-203	Tpos:283.2,Tstd:183.0,Bpos:242.1,Bstd:149.4,StrandBias:0.0,Multiplicity:1.15
0.314	0.176	0.338	0.172
0.742	0.187	0.070	0.001
0.894	0.044	0.061	0.001
0.653	0.131	0.215	0.001
0.012	0.986	0.001	0.001
0.001	0.997	0.001	0.001
0.900	0.001	0.001	0.098
0.051	0.939	0.004	0.006
0.741	0.097	0.001	0.161
0.393	0.109	0.318	0.180
0.331	0.266	0.266	0.136
0.284	0.290	0.217	0.209
>RDKATGACTCAK	4-RDKATGACTCAK	7.451232	-394.977611	0	T:750.0(25.37%),B:3765.2(8.19%),P:1e-171	Tpos:258.9,Tstd:169.3,Bpos:240.7,Bstd:151.1,StrandBias:-0.0,Multiplicity:1.19
0.247	0.198	0.372	0.183
0.256	0.141	0.265	0.338
0.201	0.099	0.302	0.398
0.455	0.179	0.257	0.109
0.001	0.001	0.001	0.997
0.001	0.001	0.877	0.121
0.995	0.003	0.001	0.001
0.020	0.588	0.369	0.023
0.025	0.001	0.022	0.952
0.168	0.796	0.035	0.001
0.864	0.070	0.001	0.065
0.145	0.209	0.259	0.386
>AAAGTGAAAGTG	5-AAAGTGAAAGTG	7.817688	-194.146954	0	T:794.0(26.86%),B:6114.7(13.30%),P:1e-84	Tpos:284.2,Tstd:191.0,Bpos:236.9,Bstd:150.1,StrandBias:-0.1,Multiplicity:1.25
0.719	0.079	0.150	0.052
0.799	0.035	0.031	0.135
0.807	0.031	0.135	0.027
0.225	0.129	0.645	0.001
0.135	0.010	0.036	0.819
0.039	0.087	0.847	0.027
0.937	0.024	0.007	0.032
0.862	0.001	0.120	0.017
0.980	0.001	0.001	0.018
0.120	0.270	0.607	0.003
0.199	0.167	0.067	0.567
0.273	0.071	0.551	0.105
>TGGGGATTCCCC	6-TGGGGATTCCCC	7.528815	-117.390504	0	T:324.0(10.96%),B:1970.5(4.28%),P:1e-50	Tpos:272.6,Tstd:198.5,Bpos:237.1,Bstd:139.5,StrandBias:-0.2,Multiplicity:1.07
0.183	0.044	0.034	0.739
0.019	0.025	0.903	0.053
0.041	0.025	0.918	0.016
0.031	0.012	0.924	0.033
0.128	0.024	0.819	0.029
0.703	0.105	0.096	0.096
0.107	0.064	0.055	0.774
0.017	0.055	0.123	0.805
0.012	0.789	0.038	0.161
0.030	0.872	0.025	0.073
0.054	0.890	0.025	0.031
0.057	0.869	0.012	0.062
>ACCACAGGAAGT	7-ACCACAGGAAGT	8.221772	-116.854359	0	T:366.0(12.38%),B:2391.6(5.20%),P:1e-50	Tpos:280.7,Tstd:213.0,Bpos:234.6,Bstd:149.9,StrandBias:-0.2,Multiplicity:1.02
0.563	0.080	0.201	0.156
0.170	0.473	0.208	0.149
0.165	0.685	0.014	0.136
0.819	0.136	0.012	0.033
0.212	0.612	0.143	0.033
0.897	0.001	0.101	0.001
0.176	0.001	0.693	0.130
0.163	0.046	0.672	0.119
0.711	0.183	0.082	0.024
0.673	0.001	0.143	0.183
0.082	0.184	0.733	0.001
0.097	0.216	0.148	0.539
>TTGTGGTTAGTG	8-TTGTGGTTAGTG	8.672577	-110.044600	0	T:288.0(9.74%),B:1694.2(3.68%),P:1e-47	Tpos:252.4,Tstd:194.5,Bpos:240.2,Bstd:149.8,StrandBias:-0.2,Multiplicity:1.12
0.017	0.175	0.100	0.708
0.043	0.019	0.064	0.874
0.023	0.024	0.913	0.040
0.077	0.009	0.023	0.891
0.032	0.019	0.846	0.103
0.034	0.119	0.820	0.027
0.017	0.005	0.020	0.958
0.037	0.203	0.183	0.577
0.770	0.009	0.059	0.162
0.144	0.049	0.699	0.108
0.087	0.020	0.178	0.715
0.173	0.065	0.659	0.103
>AGGATGTGGTTA	9-AGGATGTGGTTA	7.618370	-94.356763	0	T:242.0(8.19%),B:1403.8(3.05%),P:1e-40	Tpos:276.6,Tstd:194.2,Bpos:232.5,Bstd:143.4,StrandBias:0.0,Multiplicity:1.05
0.547	0.029	0.188	0.236
0.312	0.011	0.632	0.045
0.221	0.074	0.573	0.132
0.490	0.215	0.151	0.144
0.234	0.018	0.129	0.619
0.135	0.046	0.731	0.088
0.192	0.005	0.063	0.740
0.131	0.001	0.729	0.139
0.062	0.175	0.590	0.173
0.038	0.178	0.204	0.580
0.233	0.165	0.157	0.445
0.504	0.153	0.219	0.124
>TCAGATGTGGTT	10-TCAGATGTGGTT	9.331791	-74.470214	0	T:158.0(5.35%),B:810.7(1.76%),P:1e-32	Tpos:258.1,Tstd:172.4,Bpos:248.8,Bstd:140.4,StrandBias:0.4,Multiplicity:1.06
0.094	0.047	0.076	0.783
0.001	0.901	0.063	0.035
0.920	0.014	0.057	0.009
0.072	0.080	0.781	0.067
0.836	0.065	0.040	0.059
0.065	0.022	0.067	0.846
0.067	0.057	0.838	0.038
0.066	0.039	0.030	0.865
0.022	0.030	0.875	0.073
0.060	0.056	0.812	0.072
0.026	0.156	0.040	0.778
0.099	0.068	0.065	0.768
>TGTGGTTTCCTG	11-TGTGGTTTCCTG	8.399174	-70.396598	0	T:196.0(6.63%),B:1191.4(2.59%),P:1e-30	Tpos:263.3,Tstd:188.9,Bpos:239.9,Bstd:144.3,StrandBias:-0.2,Multiplicity:1.02
0.042	0.202	0.174	0.582
0.043	0.200	0.539	0.218
0.223	0.017	0.156	0.604
0.040	0.086	0.704	0.170
0.131	0.020	0.627	0.222
0.075	0.187	0.156	0.582
0.180	0.153	0.077	0.590
0.048	0.051	0.202	0.699
0.002	0.841	0.102	0.055
0.119	0.564	0.084	0.233
0.186	0.101	0.119	0.594
0.004	0.229	0.579	0.188
>NCTTTCACTTTV	12-NCTTTCACTTTV	6.857707	-70.143951	0	T:215.0(7.27%),B:1378.3(3.00%),P:1e-30	Tpos:263.0,Tstd:202.7,Bpos:233.3,Bstd:146.8,StrandBias:-0.4,Multiplicity:1.02
0.231	0.286	0.215	0.268
0.278	0.519	0.037	0.166
0.289	0.256	0.001	0.454
0.180	0.036	0.276	0.508
0.208	0.189	0.154	0.449
0.260	0.482	0.220	0.038
0.515	0.179	0.017	0.289
0.223	0.524	0.213	0.040
0.005	0.017	0.013	0.965
0.002	0.260	0.267	0.470
0.296	0.009	0.040	0.655
0.248	0.270	0.318	0.165
>CCTTTCATCTCT	13-CCTTTCATCTCT	9.546394	-56.842700	0	T:217.0(7.34%),B:1552.4(3.38%),P:1e-24	Tpos:286.8,Tstd:206.1,Bpos:241.1,Bstd:145.9,StrandBias:-0.0,Multiplicity:1.02
0.078	0.727	0.079	0.116
0.082	0.845	0.013	0.060
0.078	0.098	0.001	0.823
0.033	0.106	0.070	0.791
0.057	0.001	0.075	0.867
0.073	0.821	0.065	0.041
0.868	0.024	0.042	0.066
0.062	0.089	0.058	0.791
0.083	0.799	0.026	0.092
0.001	0.072	0.001	0.926
0.001	0.888	0.081	0.030
0.109	0.036	0.001	0.854
>GCAGGAAACCGC	14-GCAGGAAACCGC	9.727742	-54.724275	0	T:120.0(4.06%),B:631.8(1.37%),P:1e-23	Tpos:253.6,Tstd:176.5,Bpos:233.3,Bstd:141.5,StrandBias:-0.3,Multiplicity:1.03
0.139	0.017	0.843	0.001
0.090	0.671	0.206	0.033
0.997	0.001	0.001	0.001
0.020	0.001	0.946	0.033
0.102	0.001	0.864	0.033
0.799	0.058	0.110	0.033
0.866	0.078	0.055	0.001
0.828	0.001	0.170	0.001
0.053	0.840	0.001	0.106
0.307	0.548	0.087	0.058
0.223	0.041	0.670	0.066
0.116	0.728	0.008	0.148
>GGTTTTGTGGTA	15-GGTTTTGTGGTA	9.915444	-48.242485	0	T:62.0(2.10%),B:214.7(0.47%),P:1e-20	Tpos:254.5,Tstd:174.9,Bpos:231.6,Bstd:148.2,StrandBias:0.6,Multiplicity:1.00
0.013	0.050	0.883	0.054
0.017	0.106	0.815	0.062
0.080	0.126	0.043	0.751
0.001	0.044	0.064	0.891
0.083	0.092	0.038	0.787
0.071	0.073	0.055	0.801
0.026	0.066	0.825	0.083
0.097	0.017	0.033	0.853
0.050	0.017	0.841	0.092
0.030	0.029	0.924	0.017
0.100	0.036	0.067	0.797
0.834	0.059	0.024	0.083
>CTTTGATCTCTT	16-CTTTGATCTCTT	8.281137	-46.903144	0	T:102.0(3.45%),B:535.5(1.16%),P:1e-20	Tpos:315.6,Tstd:211.4,Bpos:248.6,Bstd:148.9,StrandBias:-0.6,Multiplicity:1.02
0.137	0.561	0.177	0.125
0.140	0.074	0.032	0.754
0.096	0.165	0.221	0.518
0.208	0.039	0.117	0.636
0.128	0.053	0.634	0.185
0.450	0.197	0.156	0.197
0.140	0.111	0.208	0.541
0.150	0.436	0.171	0.243
0.166	0.165	0.004	0.665
0.103	0.524	0.146	0.227
0.109	0.008	0.004	0.879
0.112	0.150	0.184	0.554
>TTTGAAATGAGT	17-TTTGAAATGAGT	8.879552	-45.554676	0	T:220.0(7.44%),B:1742.4(3.79%),P:1e-19	Tpos:295.7,Tstd:219.9,Bpos:237.3,Bstd:146.1,StrandBias:0.1,Multiplicity:1.11
0.067	0.061	0.046	0.826
0.018	0.083	0.046	0.853
0.071	0.035	0.077	0.817
0.058	0.037	0.804	0.101
0.910	0.060	0.001	0.029
0.814	0.038	0.050	0.098
0.836	0.056	0.054	0.054
0.101	0.001	0.048	0.850
0.073	0.056	0.806	0.065
0.865	0.037	0.059	0.039
0.058	0.065	0.817	0.060
0.051	0.089	0.054	0.806
>GGAAGATCAAAC	18-GGAAGATCAAAC	14.310631	-42.623959	0	T:10.0(0.34%),B:1.8(0.00%),P:1e-18	Tpos:272.7,Tstd:130.0,Bpos:348.0,Bstd:0.0,StrandBias:0.6,Multiplicity:1.00
0.114	0.001	0.884	0.001
0.001	0.001	0.997	0.001
0.997	0.001	0.001	0.001
0.884	0.114	0.001	0.001
0.001	0.001	0.997	0.001
0.997	0.001	0.001	0.001
0.001	0.001	0.001	0.997
0.001	0.997	0.001	0.001
0.997	0.001	0.001	0.001
0.997	0.001	0.001	0.001
0.997	0.001	0.001	0.001
0.001	0.997	0.001	0.001
>CTAAGAGGAAGT	19-CTAAGAGGAAGT	9.214505	-40.851229	0	T:158.0(5.35%),B:1139.8(2.48%),P:1e-17	Tpos:274.8,Tstd:205.2,Bpos:242.2,Bstd:146.3,StrandBias:0.1,Multiplicity:1.05
0.027	0.791	0.064	0.118
0.065	0.056	0.064	0.815
0.744	0.105	0.083	0.068
0.877	0.001	0.032	0.090
0.100	0.071	0.828	0.001
0.916	0.015	0.040	0.029
0.053	0.015	0.905	0.027
0.027	0.107	0.782	0.084
0.832	0.062	0.053	0.053
0.878	0.015	0.037	0.070
0.086	0.078	0.824	0.012
0.093	0.051	0.041	0.815
>YTTTNACTTTCT	20-YTTTNACTTTCT	8.443601	-40.260385	0	T:413.0(13.97%),B:4176.3(9.08%),P:1e-17	Tpos:300.0,Tstd:228.8,Bpos:242.3,Bstd:146.2,StrandBias:0.2,Multiplicity:1.08
0.238	0.429	0.001	0.332
0.210	0.008	0.078	0.704
0.001	0.001	0.344	0.654
0.001	0.006	0.331	0.662
0.209	0.347	0.227	0.216
0.732	0.207	0.033	0.028
0.032	0.966	0.001	0.001
0.005	0.118	0.034	0.843
0.001	0.048	0.064	0.887
0.047	0.308	0.063	0.582
0.001	0.986	0.012	0.001
0.001	0.207	0.001	0.791
>CCCCCCCCCCCC	21-CCCCCCCCCCCC	7.193320	-39.850098	0	T:786.0(26.59%),B:9213.6(20.03%),P:1e-17	Tpos:281.4,Tstd:197.4,Bpos:240.3,Bstd:135.8,StrandBias:-0.2,Multiplicity:1.30
0.040	0.546	0.159	0.255
0.074	0.693	0.047	0.186
0.089	0.736	0.007	0.168
0.235	0.712	0.001	0.052
0.040	0.770	0.064	0.126
0.180	0.495	0.002	0.322
0.074	0.780	0.001	0.145
0.083	0.881	0.011	0.025
0.119	0.815	0.020	0.046
0.189	0.644	0.049	0.118
0.061	0.847	0.019	0.073
0.169	0.535	0.116	0.180
>AGGTACTTTCCC	22-AGGTACTTTCCC	10.799957	-38.363829	0	T:38.0(1.29%),B:101.9(0.22%),P:1e-16	Tpos:196.5,Tstd:129.4,Bpos:231.1,Bstd:133.0,StrandBias:0.7,Multiplicity:1.00
0.815	0.001	0.123	0.061
0.001	0.001	0.997	0.001
0.161	0.001	0.837	0.001
0.001	0.047	0.029	0.923
0.877	0.001	0.061	0.061
0.064	0.573	0.301	0.062
0.062	0.062	0.123	0.753
0.188	0.001	0.001	0.810
0.001	0.249	0.001	0.749
0.126	0.872	0.001	0.001
0.001	0.937	0.001	0.061
0.127	0.743	0.001	0.129
>GGGGGGGGGGCG	23-GGGGGGGGGGCG	7.011684	-23.854000	0	T:576.0(19.49%),B:6921.8(15.05%),P:1e-10	Tpos:297.2,Tstd:224.6,Bpos:246.0,Bstd:147.3,StrandBias:-0.0,Multiplicity:1.22
0.095	0.025	0.795	0.085
0.077	0.044	0.763	0.116
0.147	0.104	0.654	0.095
0.109	0.074	0.736	0.081
0.119	0.105	0.688	0.088
0.107	0.125	0.661	0.107
0.124	0.058	0.738	0.080
0.120	0.033	0.782	0.065
0.048	0.086	0.797	0.069
0.069	0.047	0.835	0.049
0.014	0.849	0.034	0.103
0.099	0.089	0.703	0.109
>CTCCCCCCCCCC	24-CTCCCCCCCCCC	9.074060	-19.816673	0	T:161.0(5.45%),B:1533.5(3.33%),P:1e-8	Tpos:276.3,Tstd:202.2,Bpos:249.2,Bstd:147.3,StrandBias:0.5,Multiplicity:1.00
0.001	0.872	0.001	0.126
0.011	0.007	0.112	0.870
0.022	0.732	0.232	0.014
0.246	0.437	0.082	0.235
0.168	0.547	0.282	0.003
0.006	0.642	0.248	0.104
0.154	0.458	0.170	0.218
0.209	0.419	0.127	0.245
0.021	0.524	0.339	0.116
0.008	0.723	0.147	0.122
0.001	0.843	0.006	0.150
0.328	0.650	0.006	0.016
>TGCTGGGTATGA	25-TGCTGGGTATGA	12.355432	-4.881589	0	T:2.0(0.07%),B:2.9(0.01%),P:1e-2	Tpos:104.8,Tstd:55.1,Bpos:270.8,Bstd:99.8,StrandBias:10.0,Multiplicity:8.50
0.100	0.100	0.100	0.700
0.100	0.100	0.700	0.100
0.100	0.700	0.100	0.100
0.100	0.100	0.100	0.700
0.100	0.100	0.700	0.100
0.100	0.100	0.700	0.100
0.100	0.100	0.700	0.100
0.100	0.100	0.100	0.700
0.700	0.100	0.100	0.100
0.100	0.100	0.100	0.700
0.100	0.100	0.700	0.100
0.700	0.100	0.100	0.100
>AAACCACA	1-AAACCACA	6.904406	-495.216630	0	T:1096.0(37.08%),B:6398.1(13.91%),P:1e-215	Tpos:279.1,Tstd:183.2,Bpos:240.1,Bstd:151.4,StrandBias:-0.1,Multiplicity:1.26
0.779	0.079	0.001	0.141
0.997	0.001	0.001	0.001
0.814	0.078	0.107	0.001
0.001	0.997	0.001	0.001
0.001	0.997	0.001	0.001
0.971	0.001	0.027	0.001
0.001	0.997	0.001	0.001
0.899	0.001	0.001	0.099
>CATCAAAG	2-CATCAAAG	7.427079	-452.242011	0	T:869.0(29.40%),B:4472.3(9.72%),P:1e-196	Tpos:278.6,Tstd:186.3,Bpos:240.6,Bstd:151.3,StrandBias:-0.1,Multiplicity:1.19
0.031	0.709	0.238	0.022
0.700	0.001	0.007	0.292
0.001	0.001	0.001	0.997
0.016	0.927	0.056	0.001
0.997	0.001	0.001	0.001
0.997	0.001	0.001	0.001
0.997	0.001	0.001	0.001
0.036	0.029	0.934	0.001
>TGTGGTKV	3-TGTGGTKV	2.810056	-374.505790	0	T:1954.0(66.10%),B:18965.9(41.24%),P:1e-162	Tpos:274.2,Tstd:200.6,Bpos:239.7,Bstd:149.6,StrandBias:0.0,Multiplicity:1.49
0.001	0.001	0.001	0.997
0.001	0.001	0.997	0.001
0.001	0.001	0.001	0.997
0.001	0.001	0.997	0.001
0.001	0.001	0.997	0.001
0.001	0.295	0.001	0.703
0.005	0.003	0.447	0.545
0.302	0.248	0.328	0.122
>ATGAGTCA	4-ATGAGTCA	5.837476	-360.385975	0	T:811.0(27.44%),B:4599.5(10.00%),P:1e-156	Tpos:260.8,Tstd:172.3,Bpos:240.6,Bstd:151.2,StrandBias:0.0,Multiplicity:1.20
0.661	0.109	0.127	0.103
0.001	0.001	0.001	0.997
0.001	0.001	0.985	0.013
0.996	0.002	0.001	0.001
0.001	0.326	0.672	0.001
0.001	0.001	0.001	0.997
0.025	0.973	0.001	0.001
0.996	0.001	0.002	0.001
>AGATCAAA	5-AGATCAAA	6.281494	-224.297689	0	T:1506.0(50.95%),B:14827.3(32.24%),P:1e-97	Tpos:273.1,Tstd:190.0,Bpos:241.2,Bstd:147.3,StrandBias:0.1,Multiplicity:1.39
0.997	0.001	0.001	0.001
0.044	0.182	0.750	0.024
0.976	0.022	0.001	0.001
0.050	0.045	0.001	0.904
0.075	0.654	0.247	0.024
0.976	0.001	0.001	0.022
0.905	0.001	0.057	0.037
0.966	0.001	0.032	0.001
>GCGGTTTC	6-GCGGTTTC	5.062303	-206.179308	0	T:1681.0(56.87%),B:17722.1(38.53%),P:1e-89	Tpos:275.1,Tstd:194.5,Bpos:240.6,Bstd:151.4,StrandBias:0.0,Multiplicity:1.39
0.033	0.040	0.794	0.133
0.083	0.573	0.191	0.153
0.089	0.096	0.768	0.047
0.069	0.115	0.785	0.031
0.070	0.020	0.073	0.837
0.025	0.059	0.052	0.864
0.098	0.064	0.092	0.746
0.061	0.639	0.105	0.195
>GATGCGGT	7-GATGCGGT	6.875425	-199.801814	0	T:464.0(15.70%),B:2576.6(5.60%),P:1e-86	Tpos:295.8,Tstd:199.3,Bpos:242.7,Bstd:144.8,StrandBias:0.0,Multiplicity:1.04
0.154	0.001	0.844	0.001
0.997	0.001	0.001	0.001
0.001	0.001	0.001	0.997
0.001	0.001	0.997	0.001
0.001	0.855	0.001	0.143
0.001	0.001	0.997	0.001
0.001	0.001	0.997	0.001
0.001	0.001	0.317	0.681
>CTGASTAA	8-CTGASTAA	7.423156	-147.111125	0	T:751.0(25.41%),B:6281.6(13.66%),P:1e-63	Tpos:257.2,Tstd:186.4,Bpos:238.5,Bstd:150.3,StrandBias:-0.0,Multiplicity:1.09
0.001	0.585	0.253	0.161
0.001	0.001	0.001	0.997
0.001	0.001	0.615	0.383
0.997	0.001	0.001	0.001
0.001	0.509	0.489	0.001
0.001	0.001	0.001	0.997
0.762	0.236	0.001	0.001
0.997	0.001	0.001	0.001
>CTTCCTGT	9-CTTCCTGT	7.821586	-121.209778	0	T:978.0(33.09%),B:9624.0(20.93%),P:1e-52	Tpos:276.4,Tstd:204.9,Bpos:237.7,Bstd:145.4,StrandBias:0.1,Multiplicity:1.24
0.001	0.787	0.077	0.135
0.064	0.001	0.001	0.934
0.001	0.001	0.001	0.997
0.001	0.997	0.001	0.001
0.001	0.997	0.001	0.001
0.001	0.001	0.001	0.997
0.001	0.134	0.864	0.001
0.001	0.113	0.001	0.885
>TTTCACTT	10-TTTCACTT	7.194224	-98.955686	0	T:1067.0(36.10%),B:11339.8(24.66%),P:1e-42	Tpos:294.7,Tstd:218.0,Bpos:239.0,Bstd:149.0,StrandBias:-0.1,Multiplicity:1.25
0.001	0.001	0.001	0.997
0.001	0.395	0.001	0.603
0.001	0.001	0.001	0.997
0.253	0.745	0.001	0.001
0.423	0.217	0.208	0.152
0.047	0.585	0.217	0.151
0.001	0.399	0.048	0.552
0.001	0.001	0.017	0.981
>ACTTTCAC	11-ACTTTCAC	6.481279	-90.732941	0	T:364.0(12.31%),B:2678.1(5.82%),P:1e-39	Tpos:261.9,Tstd:193.8,Bpos:236.0,Bstd:156.9,StrandBias:0.2,Multiplicity:1.09
0.887	0.001	0.111	0.001
0.001	0.713	0.285	0.001
0.001	0.001	0.001	0.997
0.001	0.001	0.001	0.997
0.001	0.001	0.001	0.997
0.001	0.997	0.001	0.001
0.958	0.001	0.040	0.001
0.001	0.997	0.001	0.001
>AGGAAGTG	12-AGGAAGTG	9.123324	-85.682380	0	T:544.0(18.40%),B:4826.5(10.49%),P:1e-37	Tpos:285.5,Tstd:223.3,Bpos:238.6,Bstd:143.3,StrandBias:-0.1,Multiplicity:1.06
0.997	0.001	0.001	0.001
0.001	0.001	0.997	0.001
0.184	0.001	0.814	0.001
0.997	0.001	0.001	0.001
0.997	0.001	0.001	0.001
0.224	0.001	0.774	0.001
0.001	0.001	0.001	0.997
0.001	0.001	0.997	0.001
>CTTTCAAA	13-CTTTCAAA	8.588857	-48.324573	0	T:486.0(16.44%),B:4903.1(10.66%),P:1e-20	Tpos:281.8,Tstd:206.4,Bpos:238.5,Bstd:148.5,StrandBias:-0.0,Multiplicity:1.11
0.339	0.659	0.001	0.001
0.001	0.001	0.001	0.997
0.001	0.001	0.001	0.997
0.001	0.001	0.001	0.997
0.001	0.636	0.362	0.001
0.997	0.001	0.001	0.001
0.997	0.001	0.001	0.001
0.678	0.001	0.320	0.001
>TGAGGTTA	14-TGAGGTTA	3.875760	-47.433145	0	T:646.0(21.85%),B:7032.3(15.29%),P:1e-20	Tpos:288.0,Tstd:216.3,Bpos:236.4,Bstd:153.0,StrandBias:-0.0,Multiplicity:1.14
0.001	0.178	0.001	0.820
0.001	0.001	0.997	0.001
0.997	0.001	0.001	0.001
0.001	0.034	0.962	0.003
0.001	0.001	0.997	0.001
0.001	0.001	0.001	0.997
0.001	0.038	0.213	0.748
0.944	0.001	0.054	0.001
>ATGACTMC	15-ATGACTMC	3.545867	-46.628572	0	T:483.0(16.34%),B:4908.8(10.67%),P:1e-20	Tpos:266.3,Tstd:197.2,Bpos:239.0,Bstd:146.9,StrandBias:0.1,Multiplicity:1.14
0.997	0.001	0.001	0.001
0.001	0.001	0.001	0.997
0.001	0.001	0.997	0.001
0.997	0.001	0.001	0.001
0.001	0.997	0.001	0.001
0.001	0.001	0.375	0.623
0.428	0.429	0.143	0.001
0.001	0.862	0.001	0.136
>TAACACCT	16-TAACACCT	8.270759	-43.245104	0	T:330.0(11.16%),B:3069.5(6.67%),P:1e-18	Tpos:272.7,Tstd:198.6,Bpos:241.1,Bstd:152.5,StrandBias:-0.1,Multiplicity:1.08
0.001	0.001	0.001	0.997
0.619	0.189	0.191	0.001
0.887	0.001	0.111	0.001
0.001	0.997	0.001	0.001
0.997	0.001	0.001	0.001
0.001	0.997	0.001	0.001
0.001	0.997	0.001	0.001
0.001	0.117	0.001	0.881
>CCCCCCCC	17-CCCCCCCC	5.240228	-35.112473	0	T:1398.0(47.29%),B:18396.1(40.00%),P:1e-15	Tpos:288.2,Tstd:209.3,Bpos:240.6,Bstd:139.6,StrandBias:-0.1,Multiplicity:1.76
0.001	0.997	0.001	0.001
0.041	0.900	0.017	0.042
0.071	0.786	0.037	0.106
0.055	0.820	0.001	0.124
0.154	0.696	0.035	0.115
0.049	0.949	0.001	0.001
0.001	0.997	0.001	0.001
0.001	0.948	0.050	0.001
>TTCAAAAG	18-TTCAAAAG	8.080588	-33.415066	0	T:445.0(15.05%),B:4785.4(10.40%),P:1e-14	Tpos:282.8,Tstd:192.4,Bpos:238.9,Bstd:151.6,StrandBias:0.1,Multiplicity:1.13
0.001	0.001	0.001	0.997
0.001	0.001	0.001	0.997
0.001	0.997	0.001	0.001
0.859	0.001	0.001	0.139
0.858	0.001	0.140	0.001
0.997	0.001	0.001	0.001
0.920	0.078	0.001	0.001
0.130	0.001	0.868	0.001
