>TATGAATATKCAWA	Pou2f2+M6063	10.263025	-7.231212	0	T:56.0(0.79%),B:210.0(0.50%),P:1e-3
0.181	0.265	0.075	0.480
0.536	0.084	0.087	0.293
0.095	0.048	0.049	0.808
0.062	0.007	0.915	0.016
0.742	0.251	0.003	0.004
0.973	0.004	0.005	0.018
0.028	0.003	0.001	0.968
0.965	0.003	0.002	0.030
0.020	0.003	0.002	0.975
0.003	0.003	0.431	0.563
0.011	0.942	0.006	0.041
0.882	0.038	0.025	0.055
0.459	0.090	0.070	0.381
0.637	0.062	0.202	0.099
