Factor1: 0.6797423757048512
Factor2: 1.4711455924210448
