Factor1: 0.9716526838003845
Factor2: 1.029174330161617
