>ACAGGAAG	1-ACAGGAAG	4.616850	-204.132961	0	T:804.0(26.11%),B:5814.8(12.69%),P:1e-88	Tpos:287.8,Tstd:218.8,Bpos:239.4,Bstd:140.0,StrandBias:-0.1,Multiplicity:1.24
0.997	0.001	0.001	0.001
0.001	0.997	0.001	0.001
0.952	0.046	0.001	0.001
0.001	0.001	0.997	0.001
0.001	0.001	0.997	0.001
0.997	0.001	0.001	0.001
0.841	0.001	0.001	0.157
0.217	0.001	0.781	0.001
>CACTTCCT	2-CACTTCCT	6.966673	-192.794750	0	T:1011.0(32.84%),B:8336.2(18.19%),P:1e-83	Tpos:290.1,Tstd:226.4,Bpos:239.6,Bstd:141.7,StrandBias:0.0,Multiplicity:1.20
0.055	0.683	0.091	0.171
0.959	0.001	0.039	0.001
0.001	0.878	0.001	0.120
0.117	0.001	0.001	0.881
0.001	0.001	0.001	0.997
0.001	0.997	0.001	0.001
0.001	0.997	0.001	0.001
0.001	0.001	0.056	0.942
>GCGGAAAC	3-GCGGAAAC	6.188325	-89.796687	0	T:761.0(24.72%),B:7122.5(15.54%),P:1e-38	Tpos:299.1,Tstd:249.9,Bpos:239.8,Bstd:147.4,StrandBias:-0.1,Multiplicity:1.18
0.301	0.001	0.607	0.091
0.004	0.560	0.041	0.395
0.103	0.056	0.776	0.065
0.001	0.206	0.720	0.073
0.728	0.002	0.022	0.248
0.935	0.019	0.022	0.024
0.768	0.065	0.109	0.058
0.214	0.701	0.001	0.084
>TGACTCAT	4-TGACTCAT	4.610141	-73.579411	0	T:564.0(18.32%),B:5070.9(11.06%),P:1e-31	Tpos:302.1,Tstd:265.3,Bpos:238.7,Bstd:139.2,StrandBias:0.0,Multiplicity:1.17
0.001	0.001	0.001	0.997
0.001	0.001	0.997	0.001
0.997	0.001	0.001	0.001
0.001	0.821	0.177	0.001
0.001	0.001	0.012	0.986
0.049	0.949	0.001	0.001
0.997	0.001	0.001	0.001
0.070	0.171	0.166	0.593
>CCCCGCCT	5-CCCCGCCT	6.198246	-66.248991	0	T:1092.0(35.47%),B:12038.4(26.27%),P:1e-28	Tpos:337.5,Tstd:284.5,Bpos:239.5,Bstd:150.6,StrandBias:-0.0,Multiplicity:2.02
0.046	0.842	0.001	0.111
0.001	0.903	0.001	0.095
0.059	0.939	0.001	0.001
0.001	0.997	0.001	0.001
0.001	0.001	0.930	0.068
0.001	0.997	0.001	0.001
0.001	0.997	0.001	0.001
0.001	0.156	0.001	0.842
>AAACCRCA	6-AAACCRCA	6.391793	-64.704524	0	T:907.0(29.46%),B:9608.7(20.97%),P:1e-28	Tpos:310.1,Tstd:296.6,Bpos:240.0,Bstd:146.5,StrandBias:0.1,Multiplicity:1.29
0.616	0.151	0.039	0.194
0.918	0.001	0.001	0.080
0.975	0.023	0.001	0.001
0.042	0.888	0.069	0.001
0.142	0.856	0.001	0.001
0.476	0.001	0.462	0.061
0.094	0.766	0.139	0.001
0.644	0.195	0.134	0.027
>TAYGCGAA	7-TAYGCGAA	7.177836	-53.612340	0	T:190.0(6.17%),B:1255.0(2.74%),P:1e-23	Tpos:319.1,Tstd:263.6,Bpos:242.2,Bstd:151.1,StrandBias:0.3,Multiplicity:1.06
0.348	0.001	0.001	0.650
0.489	0.322	0.001	0.187
0.001	0.549	0.001	0.449
0.001	0.001	0.997	0.001
0.001	0.997	0.001	0.001
0.296	0.001	0.485	0.218
0.705	0.293	0.001	0.001
0.811	0.151	0.001	0.037
>CCACRCCC	8-CCACRCCC	6.699205	-49.402285	0	T:1078.0(35.01%),B:12415.1(27.09%),P:1e-21	Tpos:323.0,Tstd:256.7,Bpos:238.2,Bstd:144.4,StrandBias:0.1,Multiplicity:1.42
0.307	0.654	0.001	0.038
0.001	0.997	0.001	0.001
0.593	0.405	0.001	0.001
0.001	0.997	0.001	0.001
0.558	0.001	0.440	0.001
0.001	0.997	0.001	0.001
0.001	0.997	0.001	0.001
0.001	0.997	0.001	0.001
>ACTAGCGG	9-ACTAGCGG	5.208665	-36.981360	0	T:866.0(28.13%),B:9986.2(21.79%),P:1e-16	Tpos:314.2,Tstd:289.2,Bpos:238.7,Bstd:145.2,StrandBias:-0.0,Multiplicity:1.21
0.654	0.107	0.130	0.109
0.052	0.821	0.045	0.082
0.113	0.063	0.030	0.794
0.823	0.073	0.058	0.046
0.041	0.059	0.834	0.066
0.093	0.655	0.139	0.113
0.101	0.101	0.686	0.112
0.101	0.040	0.738	0.121
>CACGTGAC	10-CACGTGAC	7.834497	-36.923108	0	T:194.0(6.30%),B:1519.3(3.32%),P:1e-16	Tpos:323.5,Tstd:263.9,Bpos:245.9,Bstd:154.9,StrandBias:0.1,Multiplicity:1.06
0.001	0.926	0.001	0.072
0.897	0.101	0.001	0.001
0.001	0.997	0.001	0.001
0.001	0.001	0.997	0.001
0.001	0.001	0.001	0.997
0.031	0.001	0.967	0.001
0.836	0.001	0.001	0.162
0.001	0.745	0.001	0.253
>TGACGTCA	11-TGACGTCA	7.273200	-33.900643	0	T:252.0(8.18%),B:2221.0(4.85%),P:1e-14	Tpos:308.4,Tstd:262.9,Bpos:243.5,Bstd:143.9,StrandBias:-0.1,Multiplicity:1.04
0.001	0.001	0.001	0.997
0.001	0.057	0.941	0.001
0.891	0.001	0.040	0.068
0.001	0.675	0.001	0.323
0.001	0.001	0.997	0.001
0.001	0.001	0.001	0.997
0.244	0.754	0.001	0.001
0.946	0.001	0.052	0.001
>GGAGGGAG	12-GGAGGGAG	8.236954	-26.408200	0	T:302.0(9.81%),B:2993.5(6.53%),P:1e-11	Tpos:329.7,Tstd:328.7,Bpos:236.4,Bstd:138.3,StrandBias:0.1,Multiplicity:1.13
0.100	0.100	0.700	0.100
0.100	0.100	0.700	0.100
0.700	0.100	0.100	0.100
0.100	0.100	0.700	0.100
0.100	0.100	0.700	0.100
0.100	0.100	0.700	0.100
0.700	0.100	0.100	0.100
0.100	0.100	0.700	0.100
>GCCAATCA	13-GCCAATCA	6.865003	-24.234673	0	T:288.0(9.35%),B:2881.6(6.29%),P:1e-10	Tpos:289.8,Tstd:251.2,Bpos:243.0,Bstd:141.9,StrandBias:-0.4,Multiplicity:1.15
0.117	0.001	0.881	0.001
0.001	0.997	0.001	0.001
0.001	0.997	0.001	0.001
0.831	0.001	0.074	0.094
0.997	0.001	0.001	0.001
0.001	0.001	0.001	0.997
0.001	0.855	0.143	0.001
0.820	0.001	0.178	0.001
>GWGTWTAC	14-GWGTWTAC	6.430633	-21.349894	0	T:500.0(16.24%),B:5707.5(12.45%),P:1e-9	Tpos:297.8,Tstd:262.4,Bpos:236.0,Bstd:145.7,StrandBias:0.0,Multiplicity:1.14
0.001	0.262	0.736	0.001
0.267	0.180	0.166	0.387
0.001	0.085	0.913	0.001
0.001	0.001	0.053	0.945
0.562	0.001	0.001	0.436
0.001	0.001	0.001	0.997
0.880	0.001	0.001	0.118
0.032	0.761	0.146	0.061
