>BACTTCCTGT	1-BACTTCCTGT	6.785505	-274.260167	0	T:1052.0(34.17%),B:7719.7(16.84%),P:1e-119	Tpos:284.4,Tstd:216.1,Bpos:241.1,Bstd:142.6,StrandBias:0.1,Multiplicity:1.33
0.132	0.297	0.222	0.349
0.581	0.083	0.265	0.071
0.026	0.617	0.043	0.314
0.210	0.030	0.076	0.684
0.012	0.053	0.028	0.907
0.037	0.842	0.077	0.044
0.048	0.824	0.117	0.011
0.070	0.070	0.304	0.556
0.075	0.152	0.572	0.201
0.039	0.281	0.076	0.604
>CCACTAGGGG	2-CCACTAGGGG	8.376166	-113.046641	0	T:214.0(6.95%),B:967.2(2.11%),P:1e-49	Tpos:276.1,Tstd:212.5,Bpos:241.2,Bstd:140.5,StrandBias:0.0,Multiplicity:1.04
0.021	0.971	0.001	0.007
0.001	0.997	0.001	0.001
0.928	0.001	0.033	0.038
0.001	0.972	0.026	0.001
0.100	0.189	0.001	0.710
0.975	0.023	0.001	0.001
0.007	0.017	0.975	0.001
0.127	0.011	0.861	0.001
0.001	0.001	0.692	0.306
0.001	0.001	0.997	0.001
>GCCCCGCCCC	3-GCCCCGCCCC	8.571561	-96.466653	0	T:650.0(21.11%),B:5651.1(12.33%),P:1e-41	Tpos:317.8,Tstd:253.3,Bpos:238.6,Bstd:151.7,StrandBias:0.0,Multiplicity:1.58
0.257	0.001	0.615	0.127
0.022	0.835	0.001	0.142
0.070	0.612	0.001	0.317
0.155	0.734	0.001	0.110
0.001	0.997	0.001	0.001
0.070	0.001	0.666	0.263
0.001	0.997	0.001	0.001
0.001	0.984	0.014	0.001
0.001	0.649	0.001	0.349
0.250	0.417	0.075	0.257
>GCGGAAACWA	4-GCGGAAACWA	6.636218	-77.655401	0	T:1008.0(32.74%),B:10579.6(23.09%),P:1e-33	Tpos:296.9,Tstd:247.6,Bpos:238.8,Bstd:143.6,StrandBias:-0.1,Multiplicity:1.28
0.227	0.105	0.652	0.016
0.120	0.506	0.045	0.329
0.221	0.001	0.777	0.001
0.001	0.067	0.815	0.117
0.997	0.001	0.001	0.001
0.997	0.001	0.001	0.001
0.799	0.001	0.194	0.006
0.261	0.537	0.041	0.161
0.410	0.184	0.107	0.300
0.565	0.142	0.255	0.038
>VVTGAGTCAY	5-VVTGAGTCAY	8.536228	-66.447269	0	T:227.0(7.37%),B:1471.9(3.21%),P:1e-28	Tpos:323.7,Tstd:303.4,Bpos:240.9,Bstd:136.3,StrandBias:0.0,Multiplicity:1.07
0.236	0.256	0.362	0.146
0.348	0.308	0.297	0.047
0.025	0.082	0.032	0.861
0.001	0.001	0.971	0.027
0.801	0.091	0.036	0.072
0.082	0.286	0.531	0.101
0.033	0.001	0.026	0.940
0.125	0.805	0.050	0.020
0.951	0.001	0.047	0.001
0.004	0.438	0.230	0.328
>TATGCAAATG	6-TATGCAAATG	9.109856	-57.853275	0	T:104.0(3.38%),B:454.1(0.99%),P:1e-25	Tpos:282.2,Tstd:198.9,Bpos:232.9,Bstd:140.1,StrandBias:0.6,Multiplicity:1.06
0.030	0.049	0.011	0.910
0.961	0.021	0.001	0.017
0.019	0.035	0.020	0.926
0.001	0.001	0.973	0.025
0.001	0.954	0.001	0.044
0.997	0.001	0.001	0.001
0.997	0.001	0.001	0.001
0.986	0.001	0.001	0.012
0.001	0.016	0.001	0.982
0.100	0.152	0.464	0.283
>GGGGAGGAAG	7-GGGGAGGAAG	7.883990	-52.983671	0	T:752.0(24.42%),B:7922.2(17.29%),P:1e-23	Tpos:325.7,Tstd:304.1,Bpos:238.5,Bstd:140.0,StrandBias:-0.0,Multiplicity:1.31
0.136	0.071	0.738	0.055
0.096	0.053	0.807	0.044
0.064	0.038	0.842	0.056
0.053	0.032	0.866	0.049
0.676	0.134	0.087	0.103
0.030	0.027	0.925	0.018
0.037	0.030	0.893	0.040
0.700	0.038	0.185	0.077
0.773	0.030	0.143	0.054
0.073	0.070	0.786	0.071
>ACTAACCACA	8-ACTAACCACA	9.203446	-51.132948	0	T:239.0(7.76%),B:1785.2(3.90%),P:1e-22	Tpos:311.1,Tstd:293.1,Bpos:240.9,Bstd:141.4,StrandBias:0.0,Multiplicity:1.07
0.550	0.187	0.126	0.137
0.001	0.726	0.184	0.089
0.292	0.190	0.001	0.517
0.586	0.235	0.117	0.062
0.997	0.001	0.001	0.001
0.001	0.944	0.001	0.054
0.001	0.997	0.001	0.001
0.997	0.001	0.001	0.001
0.001	0.997	0.001	0.001
0.997	0.001	0.001	0.001
>GCGGTTTDAA	9-GCGGTTTDAA	6.672338	-44.477744	0	T:608.0(19.75%),B:6316.7(13.78%),P:1e-19	Tpos:302.7,Tstd:273.2,Bpos:239.9,Bstd:146.0,StrandBias:-0.0,Multiplicity:1.18
0.051	0.077	0.837	0.035
0.109	0.886	0.001	0.004
0.001	0.001	0.599	0.399
0.138	0.091	0.770	0.001
0.001	0.016	0.001	0.982
0.001	0.001	0.296	0.702
0.010	0.001	0.165	0.824
0.267	0.031	0.305	0.397
0.577	0.076	0.167	0.180
0.585	0.103	0.119	0.193
>CCCACCCACT	10-CCCACCCACT	7.798475	-42.572553	0	T:232.0(7.53%),B:1840.7(4.02%),P:1e-18	Tpos:360.2,Tstd:310.3,Bpos:241.7,Bstd:144.0,StrandBias:0.2,Multiplicity:1.05
0.001	0.997	0.001	0.001
0.345	0.653	0.001	0.001
0.001	0.997	0.001	0.001
0.775	0.223	0.001	0.001
0.001	0.997	0.001	0.001
0.001	0.997	0.001	0.001
0.001	0.997	0.001	0.001
0.968	0.030	0.001	0.001
0.001	0.997	0.001	0.001
0.001	0.001	0.295	0.703
>CGTCACGTGA	11-CGTCACGTGA	4.897518	-39.775363	0	T:638.0(20.72%),B:6848.8(14.94%),P:1e-17	Tpos:302.8,Tstd:251.6,Bpos:239.8,Bstd:147.7,StrandBias:0.0,Multiplicity:1.17
0.125	0.658	0.113	0.104
0.123	0.106	0.691	0.080
0.086	0.100	0.107	0.707
0.083	0.697	0.109	0.111
0.762	0.075	0.073	0.090
0.083	0.725	0.090	0.102
0.103	0.112	0.686	0.099
0.116	0.116	0.078	0.690
0.094	0.114	0.671	0.121
0.715	0.093	0.102	0.090
>CCAATSASMG	12-CCAATSASMG	7.454479	-33.403929	0	T:106.0(3.44%),B:667.9(1.46%),P:1e-14	Tpos:348.9,Tstd:316.5,Bpos:240.4,Bstd:146.3,StrandBias:0.0,Multiplicity:1.06
0.330	0.655	0.003	0.012
0.274	0.581	0.027	0.118
0.893	0.026	0.017	0.064
0.668	0.123	0.177	0.032
0.018	0.074	0.112	0.796
0.095	0.388	0.288	0.229
0.549	0.116	0.302	0.033
0.101	0.335	0.442	0.123
0.375	0.485	0.105	0.035
0.269	0.186	0.483	0.062
>CTCTCACTAC	13-CTCTCACTAC	7.462924	-29.647555	0	T:350.0(11.37%),B:3495.9(7.63%),P:1e-12	Tpos:279.6,Tstd:231.0,Bpos:235.3,Bstd:140.0,StrandBias:-0.1,Multiplicity:1.08
0.039	0.901	0.001	0.059
0.057	0.041	0.025	0.877
0.043	0.860	0.064	0.033
0.008	0.052	0.014	0.926
0.092	0.682	0.098	0.128
0.711	0.089	0.118	0.082
0.059	0.689	0.152	0.100
0.110	0.030	0.060	0.800
0.812	0.042	0.101	0.045
0.077	0.757	0.120	0.046
>TGTGGTTAAC	14-TGTGGTTAAC	8.850386	-27.061573	0	T:88.0(2.86%),B:564.1(1.23%),P:1e-11	Tpos:324.1,Tstd:287.7,Bpos:239.1,Bstd:147.3,StrandBias:0.4,Multiplicity:1.01
0.045	0.069	0.027	0.859
0.001	0.023	0.947	0.029
0.060	0.001	0.001	0.938
0.021	0.001	0.977	0.001
0.096	0.017	0.886	0.001
0.027	0.041	0.023	0.909
0.017	0.111	0.001	0.871
0.821	0.037	0.141	0.001
0.960	0.001	0.001	0.038
0.055	0.850	0.094	0.001
>TTRATTCATT	15-TTRATTCATT	10.111138	-23.611238	0	T:62.0(2.01%),B:357.8(0.78%),P:1e-10	Tpos:278.0,Tstd:187.4,Bpos:261.5,Bstd:137.7,StrandBias:-0.0,Multiplicity:1.04
0.001	0.001	0.001	0.997
0.001	0.001	0.001	0.997
0.503	0.001	0.495	0.001
0.997	0.001	0.001	0.001
0.001	0.315	0.001	0.683
0.001	0.001	0.001	0.997
0.001	0.997	0.001	0.001
0.653	0.154	0.110	0.083
0.001	0.168	0.158	0.673
0.001	0.001	0.061	0.937
>GTGGTTTTGT	16-GTGGTTTTGT	9.609991	-23.540971	0	T:90.0(2.92%),B:625.7(1.37%),P:1e-10	Tpos:289.6,Tstd:212.6,Bpos:220.9,Bstd:139.1,StrandBias:0.2,Multiplicity:1.06
0.001	0.001	0.997	0.001
0.167	0.001	0.076	0.756
0.007	0.001	0.991	0.001
0.001	0.038	0.960	0.001
0.001	0.058	0.065	0.876
0.001	0.006	0.054	0.939
0.001	0.001	0.020	0.978
0.008	0.053	0.001	0.938
0.108	0.021	0.765	0.106
0.001	0.001	0.130	0.868
>CTTACCGAAT	17-CTTACCGAAT	9.510048	-23.394233	0	T:28.0(0.91%),B:90.8(0.20%),P:1e-10	Tpos:263.9,Tstd:237.7,Bpos:245.3,Bstd:138.2,StrandBias:-0.2,Multiplicity:1.00
0.122	0.876	0.001	0.001
0.182	0.001	0.123	0.694
0.001	0.058	0.058	0.883
0.916	0.082	0.001	0.001
0.001	0.997	0.001	0.001
0.001	0.963	0.001	0.035
0.080	0.001	0.918	0.001
0.876	0.122	0.001	0.001
0.997	0.001	0.001	0.001
0.041	0.058	0.034	0.867
>ACGTTCATAA	18-ACGTTCATAA	9.834887	-22.643460	0	T:32.0(1.04%),B:120.1(0.26%),P:1e-9	Tpos:250.8,Tstd:136.2,Bpos:239.5,Bstd:130.2,StrandBias:-0.9,Multiplicity:1.00
0.997	0.001	0.001	0.001
0.047	0.925	0.016	0.012
0.222	0.001	0.755	0.022
0.001	0.001	0.001	0.997
0.001	0.052	0.059	0.888
0.109	0.889	0.001	0.001
0.958	0.001	0.001	0.040
0.001	0.030	0.094	0.875
0.869	0.046	0.001	0.084
0.878	0.001	0.052	0.069
>TTSBKTKBRW	19-TTSBKTKBRW	6.003615	-21.184081	0	T:126.0(4.09%),B:1041.9(2.27%),P:1e-9	Tpos:257.8,Tstd:219.3,Bpos:247.6,Bstd:144.7,StrandBias:0.0,Multiplicity:1.02
0.024	0.181	0.317	0.477
0.006	0.012	0.402	0.580
0.205	0.357	0.409	0.029
0.152	0.340	0.240	0.267
0.073	0.067	0.378	0.481
0.219	0.009	0.017	0.755
0.007	0.016	0.434	0.543
0.182	0.334	0.214	0.270
0.427	0.017	0.284	0.271
0.557	0.018	0.009	0.416
>CTCAGCGATT	20-CTCAGCGATT	9.984604	-19.156110	0	T:32.0(1.04%),B:139.2(0.30%),P:1e-8	Tpos:315.4,Tstd:216.3,Bpos:253.2,Bstd:126.8,StrandBias:0.7,Multiplicity:1.03
0.001	0.934	0.064	0.001
0.038	0.051	0.001	0.910
0.001	0.997	0.001	0.001
0.863	0.105	0.001	0.031
0.001	0.001	0.997	0.001
0.189	0.759	0.016	0.036
0.197	0.001	0.801	0.001
0.986	0.012	0.001	0.001
0.001	0.058	0.013	0.928
0.065	0.118	0.001	0.816
>TGCTAGGCTA	21-TGCTAGGCTA	8.996665	-19.039243	0	T:105.0(3.41%),B:848.4(1.85%),P:1e-8	Tpos:259.5,Tstd:200.6,Bpos:237.8,Bstd:136.2,StrandBias:0.2,Multiplicity:1.00
0.001	0.001	0.107	0.891
0.001	0.001	0.897	0.101
0.197	0.801	0.001	0.001
0.098	0.003	0.001	0.898
0.769	0.001	0.001	0.229
0.071	0.001	0.805	0.123
0.269	0.001	0.729	0.001
0.001	0.997	0.001	0.001
0.198	0.092	0.161	0.549
0.497	0.161	0.001	0.341
>CTTCTGCTAA	22-CTTCTGCTAA	9.139478	-19.030090	0	T:96.0(3.12%),B:751.8(1.64%),P:1e-8	Tpos:292.6,Tstd:247.0,Bpos:224.7,Bstd:133.4,StrandBias:0.1,Multiplicity:1.10
0.001	0.918	0.024	0.057
0.001	0.064	0.025	0.910
0.001	0.206	0.001	0.792
0.001	0.972	0.001	0.026
0.001	0.001	0.042	0.956
0.001	0.064	0.926	0.009
0.036	0.947	0.001	0.016
0.019	0.014	0.088	0.879
0.795	0.069	0.135	0.001
0.902	0.077	0.020	0.001
>GTAACACCTC	23-GTAACACCTC	10.656821	-15.815311	0	T:17.0(0.55%),B:51.1(0.11%),P:1e-6	Tpos:257.4,Tstd:177.8,Bpos:228.0,Bstd:164.3,StrandBias:1.1,Multiplicity:1.38
0.001	0.001	0.997	0.001
0.001	0.001	0.001	0.997
0.997	0.001	0.001	0.001
0.997	0.001	0.001	0.001
0.001	0.997	0.001	0.001
0.997	0.001	0.001	0.001
0.001	0.997	0.001	0.001
0.001	0.945	0.053	0.001
0.215	0.001	0.001	0.783
0.001	0.997	0.001	0.001
>TCACGTGHCA	24-TCACGTGHCA	7.710758	-8.016279	0	T:72.0(2.34%),B:696.6(1.52%),P:1e-3	Tpos:328.1,Tstd:298.2,Bpos:239.7,Bstd:138.1,StrandBias:-0.7,Multiplicity:1.02
0.079	0.252	0.241	0.428
0.133	0.626	0.144	0.097
0.543	0.031	0.283	0.143
0.095	0.592	0.167	0.146
0.042	0.282	0.508	0.168
0.110	0.201	0.031	0.658
0.137	0.070	0.622	0.171
0.418	0.270	0.040	0.271
0.012	0.986	0.001	0.001
0.997	0.001	0.001	0.001
>ATGAGTATAC	25-ATGAGTATAC	10.296193	-4.404031	0	T:3.0(0.10%),B:7.3(0.02%),P:1e-1	Tpos:167.1,Tstd:117.8,Bpos:178.0,Bstd:65.9,StrandBias:4.1,Multiplicity:6.00
0.700	0.100	0.100	0.100
0.100	0.100	0.100	0.700
0.100	0.100	0.700	0.100
0.700	0.100	0.100	0.100
0.100	0.100	0.700	0.100
0.100	0.100	0.100	0.700
0.700	0.100	0.100	0.100
0.100	0.100	0.100	0.700
0.700	0.100	0.100	0.100
0.100	0.700	0.100	0.100
>ACTTCCTGTBYN	1-ACTTCCTGTBYN	8.006633	-242.474229	0	T:936.0(30.40%),B:6801.7(14.84%),P:1e-105	Tpos:283.8,Tstd:228.6,Bpos:241.6,Bstd:139.7,StrandBias:0.0,Multiplicity:1.29
0.517	0.140	0.269	0.074
0.008	0.588	0.119	0.285
0.162	0.003	0.001	0.834
0.001	0.001	0.001	0.997
0.023	0.939	0.005	0.033
0.001	0.997	0.001	0.001
0.001	0.028	0.057	0.914
0.039	0.227	0.598	0.136
0.032	0.256	0.048	0.664
0.162	0.320	0.199	0.319
0.213	0.232	0.180	0.375
0.251	0.198	0.239	0.311
>CCACTAGGGGGC	2-CCACTAGGGGGC	8.768396	-160.839124	0	T:162.0(5.26%),B:404.0(0.88%),P:1e-69	Tpos:283.3,Tstd:207.8,Bpos:245.9,Bstd:133.3,StrandBias:0.0,Multiplicity:1.06
0.031	0.935	0.001	0.033
0.001	0.997	0.001	0.001
0.997	0.001	0.001	0.001
0.001	0.950	0.048	0.001
0.140	0.299	0.001	0.560
0.978	0.001	0.001	0.020
0.001	0.001	0.997	0.001
0.084	0.001	0.914	0.001
0.025	0.001	0.779	0.195
0.001	0.001	0.997	0.001
0.001	0.001	0.997	0.001
0.032	0.966	0.001	0.001
>TRGCCCCGCCCA	3-TRGCCCCGCCCA	8.953253	-90.215215	0	T:463.0(15.04%),B:3621.5(7.90%),P:1e-39	Tpos:316.4,Tstd:240.7,Bpos:237.0,Bstd:148.5,StrandBias:0.1,Multiplicity:1.37
0.251	0.211	0.135	0.403
0.447	0.114	0.359	0.080
0.072	0.034	0.875	0.019
0.001	0.775	0.141	0.083
0.135	0.755	0.001	0.109
0.171	0.742	0.001	0.086
0.102	0.804	0.001	0.093
0.075	0.027	0.687	0.211
0.049	0.949	0.001	0.001
0.007	0.987	0.001	0.005
0.001	0.896	0.001	0.102
0.550	0.231	0.001	0.218
>RGGGCGGGGCNN	4-RGGGCGGGGCNN	8.294581	-83.089395	0	T:742.0(24.10%),B:7032.0(15.34%),P:1e-36	Tpos:316.8,Tstd:265.3,Bpos:239.6,Bstd:145.9,StrandBias:-0.1,Multiplicity:1.32
0.438	0.029	0.532	0.001
0.321	0.001	0.677	0.001
0.001	0.001	0.997	0.001
0.089	0.001	0.909	0.001
0.408	0.590	0.001	0.001
0.140	0.001	0.858	0.001
0.001	0.001	0.682	0.316
0.377	0.001	0.621	0.001
0.001	0.218	0.556	0.225
0.174	0.504	0.032	0.290
0.179	0.287	0.261	0.273
0.203	0.209	0.321	0.268
>GGAAASDATGAC	5-GGAAASDATGAC	8.910832	-64.446935	0	T:183.0(5.94%),B:1075.8(2.35%),P:1e-27	Tpos:240.8,Tstd:184.8,Bpos:235.0,Bstd:135.7,StrandBias:-0.2,Multiplicity:1.04
0.004	0.001	0.943	0.052
0.024	0.001	0.931	0.044
0.990	0.001	0.001	0.008
0.909	0.059	0.031	0.001
0.797	0.046	0.139	0.018
0.138	0.317	0.419	0.126
0.278	0.066	0.332	0.323
0.497	0.205	0.154	0.144
0.001	0.001	0.052	0.946
0.018	0.138	0.743	0.101
0.842	0.046	0.056	0.056
0.001	0.589	0.265	0.145
>AHTGMTGAGTCA	6-AHTGMTGAGTCA	8.134734	-59.704617	0	T:329.0(10.69%),B:2624.6(5.73%),P:1e-25	Tpos:290.9,Tstd:236.4,Bpos:241.4,Bstd:137.1,StrandBias:-0.0,Multiplicity:1.11
0.527	0.149	0.101	0.223
0.328	0.295	0.177	0.200
0.089	0.001	0.201	0.709
0.007	0.236	0.678	0.079
0.325	0.427	0.168	0.080
0.001	0.001	0.016	0.982
0.001	0.169	0.716	0.114
0.704	0.001	0.103	0.192
0.001	0.284	0.714	0.001
0.001	0.001	0.171	0.827
0.210	0.788	0.001	0.001
0.985	0.013	0.001	0.001
>AGGAAGTGTGTG	7-AGGAAGTGTGTG	9.225265	-51.642623	0	T:223.0(7.24%),B:1611.3(3.52%),P:1e-22	Tpos:315.4,Tstd:275.1,Bpos:242.6,Bstd:145.1,StrandBias:0.1,Multiplicity:1.05
0.823	0.037	0.072	0.068
0.072	0.005	0.859	0.064
0.055	0.059	0.814	0.072
0.836	0.032	0.055	0.077
0.859	0.023	0.066	0.052
0.067	0.039	0.869	0.025
0.040	0.020	0.033	0.907
0.030	0.035	0.859	0.076
0.087	0.041	0.121	0.751
0.032	0.072	0.789	0.107
0.061	0.062	0.042	0.835
0.079	0.047	0.804	0.070
>GCTTCCTCCCCC	8-GCTTCCTCCCCC	8.138958	-50.472416	0	T:493.0(16.01%),B:4719.0(10.30%),P:1e-21	Tpos:316.7,Tstd:295.8,Bpos:240.7,Bstd:142.8,StrandBias:0.1,Multiplicity:1.16
0.068	0.081	0.804	0.047
0.054	0.856	0.058	0.032
0.037	0.062	0.034	0.867
0.057	0.021	0.050	0.872
0.052	0.838	0.042	0.068
0.038	0.888	0.023	0.051
0.075	0.099	0.080	0.746
0.025	0.861	0.027	0.087
0.048	0.823	0.035	0.094
0.058	0.801	0.070	0.071
0.066	0.803	0.071	0.060
0.058	0.846	0.059	0.037
>TAATTTGCATAT	9-TAATTTGCATAT	10.139809	-43.884033	0	T:72.0(2.34%),B:295.9(0.65%),P:1e-19	Tpos:285.5,Tstd:217.4,Bpos:230.0,Bstd:145.5,StrandBias:-0.1,Multiplicity:1.03
0.149	0.195	0.001	0.655
0.508	0.355	0.060	0.077
0.997	0.001	0.001	0.001
0.001	0.067	0.001	0.931
0.001	0.001	0.001	0.997
0.103	0.001	0.067	0.829
0.186	0.051	0.762	0.001
0.067	0.931	0.001	0.001
0.931	0.001	0.067	0.001
0.067	0.001	0.067	0.865
0.779	0.054	0.124	0.043
0.113	0.135	0.080	0.672
>GGGCGGAAAAAA	10-GGGCGGAAAAAA	8.948594	-36.910954	0	T:158.0(5.13%),B:1140.1(2.49%),P:1e-16	Tpos:313.1,Tstd:297.2,Bpos:236.7,Bstd:143.7,StrandBias:-0.1,Multiplicity:1.03
0.020	0.044	0.902	0.034
0.089	0.044	0.855	0.012
0.047	0.101	0.816	0.036
0.074	0.592	0.170	0.164
0.132	0.022	0.797	0.049
0.004	0.001	0.957	0.038
0.910	0.022	0.024	0.044
0.872	0.039	0.044	0.045
0.908	0.001	0.056	0.035
0.737	0.113	0.111	0.039
0.826	0.069	0.083	0.022
0.832	0.022	0.107	0.039
>AGGGGAATTTCC	11-AGGGGAATTTCC	9.418843	-36.309219	0	T:91.0(2.96%),B:502.4(1.10%),P:1e-15	Tpos:303.1,Tstd:295.7,Bpos:245.5,Bstd:137.3,StrandBias:0.9,Multiplicity:1.01
0.812	0.028	0.069	0.091
0.059	0.016	0.866	0.059
0.026	0.001	0.886	0.087
0.044	0.032	0.798	0.126
0.048	0.063	0.863	0.026
0.791	0.072	0.034	0.103
0.787	0.063	0.059	0.091
0.062	0.095	0.112	0.731
0.032	0.042	0.031	0.895
0.016	0.128	0.032	0.824
0.016	0.878	0.032	0.074
0.041	0.874	0.001	0.084
>AGGGGGTGTGGT	12-AGGGGGTGTGGT	8.807759	-33.974951	0	T:276.0(8.96%),B:2498.4(5.45%),P:1e-14	Tpos:296.0,Tstd:235.5,Bpos:244.3,Bstd:140.8,StrandBias:-0.4,Multiplicity:1.06
0.820	0.039	0.044	0.097
0.083	0.034	0.821	0.062
0.029	0.016	0.841	0.114
0.102	0.025	0.816	0.057
0.087	0.041	0.790	0.082
0.060	0.100	0.797	0.043
0.053	0.086	0.039	0.822
0.049	0.034	0.894	0.023
0.071	0.061	0.088	0.780
0.016	0.001	0.938	0.045
0.040	0.062	0.862	0.036
0.041	0.055	0.081	0.823
>ACCGTGGAAACA	13-ACCGTGGAAACA	9.546443	-33.747244	0	T:87.0(2.83%),B:490.0(1.07%),P:1e-14	Tpos:286.3,Tstd:235.6,Bpos:240.9,Bstd:145.6,StrandBias:-0.1,Multiplicity:1.02
0.783	0.080	0.045	0.092
0.053	0.909	0.001	0.037
0.207	0.655	0.037	0.101
0.178	0.035	0.757	0.030
0.020	0.073	0.115	0.792
0.072	0.001	0.926	0.001
0.013	0.050	0.936	0.001
0.824	0.151	0.001	0.024
0.930	0.015	0.054	0.001
0.788	0.001	0.159	0.052
0.074	0.731	0.138	0.057
0.815	0.074	0.074	0.037
>CGGCCAATCAGA	14-CGGCCAATCAGA	9.560717	-32.048503	0	T:80.0(2.60%),B:442.9(0.97%),P:1e-13	Tpos:275.4,Tstd:279.9,Bpos:241.8,Bstd:147.4,StrandBias:-0.6,Multiplicity:1.06
0.062	0.802	0.076	0.060
0.196	0.065	0.538	0.201
0.076	0.001	0.819	0.104
0.001	0.958	0.001	0.040
0.066	0.879	0.054	0.001
0.891	0.054	0.054	0.001
0.827	0.009	0.080	0.084
0.027	0.042	0.016	0.915
0.075	0.838	0.060	0.027
0.881	0.001	0.091	0.027
0.035	0.093	0.845	0.027
0.814	0.104	0.001	0.081
>TGGTTTGGTTTT	15-TGGTTTGGTTTT	9.107771	-29.574798	0	T:242.0(7.86%),B:2196.3(4.79%),P:1e-12	Tpos:297.4,Tstd:245.2,Bpos:242.3,Bstd:151.4,StrandBias:0.3,Multiplicity:1.10
0.049	0.061	0.103	0.787
0.095	0.001	0.798	0.106
0.033	0.055	0.833	0.079
0.046	0.029	0.089	0.836
0.001	0.033	0.095	0.871
0.023	0.055	0.075	0.847
0.008	0.030	0.893	0.069
0.098	0.091	0.746	0.065
0.074	0.071	0.077	0.778
0.058	0.051	0.001	0.890
0.001	0.026	0.042	0.931
0.027	0.098	0.077	0.798
>GCCCTCTGTAGG	16-GCCCTCTGTAGG	12.667645	-28.566362	0	T:20.0(0.65%),B:33.3(0.07%),P:1e-12	Tpos:223.2,Tstd:215.4,Bpos:273.5,Bstd:121.9,StrandBias:0.0,Multiplicity:1.05
0.001	0.001	0.997	0.001
0.039	0.959	0.001	0.001
0.001	0.997	0.001	0.001
0.001	0.997	0.001	0.001
0.097	0.097	0.001	0.805
0.074	0.828	0.097	0.001
0.001	0.001	0.001	0.997
0.096	0.001	0.902	0.001
0.001	0.017	0.147	0.835
0.997	0.001	0.001	0.001
0.001	0.001	0.997	0.001
0.001	0.040	0.885	0.074
>TCTGTGGTTAAC	17-TCTGTGGTTAAC	9.762709	-28.097683	0	T:71.0(2.31%),B:397.5(0.87%),P:1e-12	Tpos:260.7,Tstd:190.7,Bpos:230.4,Bstd:138.9,StrandBias:0.3,Multiplicity:1.06
0.164	0.044	0.083	0.709
0.044	0.792	0.077	0.087
0.001	0.043	0.001	0.955
0.001	0.001	0.997	0.001
0.061	0.044	0.131	0.764
0.033	0.001	0.879	0.087
0.043	0.001	0.936	0.020
0.077	0.021	0.001	0.901
0.120	0.046	0.138	0.696
0.850	0.090	0.044	0.016
0.835	0.013	0.103	0.049
0.116	0.692	0.115	0.077
>TGACGTCATCAC	18-TGACGTCATCAC	9.850428	-28.000427	0	T:62.0(2.01%),B:320.5(0.70%),P:1e-12	Tpos:253.4,Tstd:168.6,Bpos:231.4,Bstd:143.0,StrandBias:-0.6,Multiplicity:1.07
0.020	0.040	0.020	0.920
0.001	0.074	0.871	0.054
0.878	0.001	0.027	0.094
0.068	0.633	0.159	0.140
0.150	0.070	0.725	0.055
0.068	0.055	0.047	0.830
0.019	0.945	0.035	0.001
0.928	0.052	0.019	0.001
0.012	0.139	0.064	0.785
0.055	0.826	0.064	0.055
0.774	0.102	0.026	0.098
0.011	0.891	0.044	0.054
>GCCCCRCCCTCC	19-GCCCCRCCCTCC	10.760905	-27.508567	0	T:114.0(3.70%),B:816.8(1.78%),P:1e-11	Tpos:317.7,Tstd:239.7,Bpos:231.3,Bstd:146.9,StrandBias:-0.6,Multiplicity:1.03
0.116	0.137	0.746	0.001
0.072	0.721	0.201	0.006
0.001	0.780	0.001	0.218
0.009	0.937	0.001	0.053
0.001	0.474	0.220	0.305
0.417	0.067	0.509	0.007
0.001	0.800	0.005	0.194
0.041	0.957	0.001	0.001
0.085	0.503	0.223	0.189
0.165	0.237	0.137	0.462
0.028	0.970	0.001	0.001
0.001	0.957	0.001	0.041
>ACCGCTGAGCCT	20-ACCGCTGAGCCT	8.061366	-27.015572	0	T:212.0(6.89%),B:1902.4(4.15%),P:1e-11	Tpos:289.0,Tstd:249.2,Bpos:238.8,Bstd:146.5,StrandBias:-0.1,Multiplicity:1.06
0.748	0.066	0.122	0.064
0.058	0.776	0.091	0.075
0.066	0.839	0.022	0.073
0.071	0.074	0.792	0.063
0.054	0.904	0.031	0.011
0.090	0.045	0.095	0.770
0.036	0.059	0.840	0.065
0.846	0.036	0.060	0.058
0.054	0.007	0.921	0.018
0.032	0.891	0.046	0.031
0.067	0.852	0.018	0.063
0.088	0.072	0.014	0.826
>TACGTCACTCCC	21-TACGTCACTCCC	13.942780	-26.247316	0	T:11.0(0.36%),B:7.3(0.02%),P:1e-11	Tpos:141.5,Tstd:99.6,Bpos:278.4,Bstd:158.8,StrandBias:0.8,Multiplicity:1.00
0.153	0.001	0.153	0.693
0.846	0.152	0.001	0.001
0.001	0.846	0.152	0.001
0.001	0.001	0.997	0.001
0.001	0.001	0.001	0.997
0.001	0.846	0.152	0.001
0.997	0.001	0.001	0.001
0.001	0.997	0.001	0.001
0.001	0.001	0.001	0.997
0.001	0.917	0.001	0.081
0.001	0.997	0.001	0.001
0.001	0.997	0.001	0.001
>GTTGCCTAGGCA	22-GTTGCCTAGGCA	12.742009	-21.173145	0	T:18.0(0.58%),B:40.3(0.09%),P:1e-9	Tpos:291.4,Tstd:151.3,Bpos:241.5,Bstd:153.1,StrandBias:-0.1,Multiplicity:1.00
0.001	0.001	0.997	0.001
0.001	0.001	0.001	0.997
0.001	0.001	0.001	0.997
0.131	0.001	0.867	0.001
0.001	0.997	0.001	0.001
0.001	0.997	0.001	0.001
0.136	0.071	0.001	0.792
0.603	0.132	0.033	0.232
0.001	0.001	0.997	0.001
0.001	0.001	0.997	0.001
0.083	0.785	0.001	0.131
0.997	0.001	0.001	0.001
>TCCTGCTAACAC	23-TCCTGCTAACAC	-4.227181	-9.886444	0	T:1042.0(33.84%),B:14010.8(30.57%),P:1e-4	Tpos:307.9,Tstd:272.1,Bpos:238.2,Bstd:140.1,StrandBias:-0.1,Multiplicity:1.27
0.001	0.001	0.001	0.997
0.001	0.997	0.001	0.001
0.001	0.997	0.001	0.001
0.001	0.001	0.001	0.997
0.001	0.001	0.997	0.001
0.001	0.997	0.001	0.001
0.001	0.001	0.001	0.997
0.997	0.001	0.001	0.001
0.891	0.001	0.107	0.001
0.001	0.997	0.001	0.001
0.997	0.001	0.001	0.001
0.001	0.997	0.001	0.001
>TGGGTGAGGTGT	24-TGGGTGAGGTGT	16.491550	-5.934719	0	T:3.0(0.10%),B:4.5(0.01%),P:1e-2	Tpos:218.2,Tstd:126.2,Bpos:219.4,Bstd:133.5,StrandBias:-3.0,Multiplicity:3.00
0.001	0.001	0.001	0.997
0.001	0.001	0.997	0.001
0.001	0.001	0.997	0.001
0.001	0.001	0.997	0.001
0.001	0.103	0.001	0.895
0.001	0.001	0.997	0.001
0.997	0.001	0.001	0.001
0.001	0.001	0.997	0.001
0.001	0.001	0.997	0.001
0.001	0.001	0.001	0.997
0.001	0.001	0.997	0.001
0.001	0.001	0.001	0.997
>AATGAGTATACA	25-AATGAGTATACA	10.013265	-3.422095	0	T:5.0(0.16%),B:26.4(0.06%),P:1e-1	Tpos:144.6,Tstd:96.6,Bpos:295.0,Bstd:144.4,StrandBias:2.2,Multiplicity:3.40
0.701	0.112	0.086	0.101
0.641	0.127	0.123	0.109
0.133	0.065	0.121	0.681
0.124	0.129	0.642	0.105
0.716	0.062	0.084	0.138
0.117	0.123	0.651	0.109
0.110	0.108	0.101	0.681
0.635	0.122	0.111	0.132
0.129	0.113	0.109	0.649
0.660	0.099	0.121	0.120
0.120	0.632	0.111	0.137
0.710	0.103	0.067	0.120
>ACAGGAAG	1-ACAGGAAG	4.616850	-204.132961	0	T:804.0(26.11%),B:5814.8(12.69%),P:1e-88	Tpos:287.8,Tstd:218.8,Bpos:239.4,Bstd:140.0,StrandBias:-0.1,Multiplicity:1.24
0.997	0.001	0.001	0.001
0.001	0.997	0.001	0.001
0.952	0.046	0.001	0.001
0.001	0.001	0.997	0.001
0.001	0.001	0.997	0.001
0.997	0.001	0.001	0.001
0.841	0.001	0.001	0.157
0.217	0.001	0.781	0.001
>CACTTCCT	2-CACTTCCT	6.966673	-192.794750	0	T:1011.0(32.84%),B:8336.2(18.19%),P:1e-83	Tpos:290.1,Tstd:226.4,Bpos:239.6,Bstd:141.7,StrandBias:0.0,Multiplicity:1.20
0.055	0.683	0.091	0.171
0.959	0.001	0.039	0.001
0.001	0.878	0.001	0.120
0.117	0.001	0.001	0.881
0.001	0.001	0.001	0.997
0.001	0.997	0.001	0.001
0.001	0.997	0.001	0.001
0.001	0.001	0.056	0.942
>GCGGAAAC	3-GCGGAAAC	6.188325	-89.796687	0	T:761.0(24.72%),B:7122.5(15.54%),P:1e-38	Tpos:299.1,Tstd:249.9,Bpos:239.8,Bstd:147.4,StrandBias:-0.1,Multiplicity:1.18
0.301	0.001	0.607	0.091
0.004	0.560	0.041	0.395
0.103	0.056	0.776	0.065
0.001	0.206	0.720	0.073
0.728	0.002	0.022	0.248
0.935	0.019	0.022	0.024
0.768	0.065	0.109	0.058
0.214	0.701	0.001	0.084
>TGACTCAT	4-TGACTCAT	4.610141	-73.579411	0	T:564.0(18.32%),B:5070.9(11.06%),P:1e-31	Tpos:302.1,Tstd:265.3,Bpos:238.7,Bstd:139.2,StrandBias:0.0,Multiplicity:1.17
0.001	0.001	0.001	0.997
0.001	0.001	0.997	0.001
0.997	0.001	0.001	0.001
0.001	0.821	0.177	0.001
0.001	0.001	0.012	0.986
0.049	0.949	0.001	0.001
0.997	0.001	0.001	0.001
0.070	0.171	0.166	0.593
>CCCCGCCT	5-CCCCGCCT	6.198246	-66.248991	0	T:1092.0(35.47%),B:12038.4(26.27%),P:1e-28	Tpos:337.5,Tstd:284.5,Bpos:239.5,Bstd:150.6,StrandBias:-0.0,Multiplicity:2.02
0.046	0.842	0.001	0.111
0.001	0.903	0.001	0.095
0.059	0.939	0.001	0.001
0.001	0.997	0.001	0.001
0.001	0.001	0.930	0.068
0.001	0.997	0.001	0.001
0.001	0.997	0.001	0.001
0.001	0.156	0.001	0.842
>AAACCRCA	6-AAACCRCA	6.391793	-64.704524	0	T:907.0(29.46%),B:9608.7(20.97%),P:1e-28	Tpos:310.1,Tstd:296.6,Bpos:240.0,Bstd:146.5,StrandBias:0.1,Multiplicity:1.29
0.616	0.151	0.039	0.194
0.918	0.001	0.001	0.080
0.975	0.023	0.001	0.001
0.042	0.888	0.069	0.001
0.142	0.856	0.001	0.001
0.476	0.001	0.462	0.061
0.094	0.766	0.139	0.001
0.644	0.195	0.134	0.027
>TAYGCGAA	7-TAYGCGAA	7.177836	-53.612340	0	T:190.0(6.17%),B:1255.0(2.74%),P:1e-23	Tpos:319.1,Tstd:263.6,Bpos:242.2,Bstd:151.1,StrandBias:0.3,Multiplicity:1.06
0.348	0.001	0.001	0.650
0.489	0.322	0.001	0.187
0.001	0.549	0.001	0.449
0.001	0.001	0.997	0.001
0.001	0.997	0.001	0.001
0.296	0.001	0.485	0.218
0.705	0.293	0.001	0.001
0.811	0.151	0.001	0.037
>CCACRCCC	8-CCACRCCC	6.699205	-49.402285	0	T:1078.0(35.01%),B:12415.1(27.09%),P:1e-21	Tpos:323.0,Tstd:256.7,Bpos:238.2,Bstd:144.4,StrandBias:0.1,Multiplicity:1.42
0.307	0.654	0.001	0.038
0.001	0.997	0.001	0.001
0.593	0.405	0.001	0.001
0.001	0.997	0.001	0.001
0.558	0.001	0.440	0.001
0.001	0.997	0.001	0.001
0.001	0.997	0.001	0.001
0.001	0.997	0.001	0.001
>ACTAGCGG	9-ACTAGCGG	5.208665	-36.981360	0	T:866.0(28.13%),B:9986.2(21.79%),P:1e-16	Tpos:314.2,Tstd:289.2,Bpos:238.7,Bstd:145.2,StrandBias:-0.0,Multiplicity:1.21
0.654	0.107	0.130	0.109
0.052	0.821	0.045	0.082
0.113	0.063	0.030	0.794
0.823	0.073	0.058	0.046
0.041	0.059	0.834	0.066
0.093	0.655	0.139	0.113
0.101	0.101	0.686	0.112
0.101	0.040	0.738	0.121
>CACGTGAC	10-CACGTGAC	7.834497	-36.923108	0	T:194.0(6.30%),B:1519.3(3.32%),P:1e-16	Tpos:323.5,Tstd:263.9,Bpos:245.9,Bstd:154.9,StrandBias:0.1,Multiplicity:1.06
0.001	0.926	0.001	0.072
0.897	0.101	0.001	0.001
0.001	0.997	0.001	0.001
0.001	0.001	0.997	0.001
0.001	0.001	0.001	0.997
0.031	0.001	0.967	0.001
0.836	0.001	0.001	0.162
0.001	0.745	0.001	0.253
>TGACGTCA	11-TGACGTCA	7.273200	-33.900643	0	T:252.0(8.18%),B:2221.0(4.85%),P:1e-14	Tpos:308.4,Tstd:262.9,Bpos:243.5,Bstd:143.9,StrandBias:-0.1,Multiplicity:1.04
0.001	0.001	0.001	0.997
0.001	0.057	0.941	0.001
0.891	0.001	0.040	0.068
0.001	0.675	0.001	0.323
0.001	0.001	0.997	0.001
0.001	0.001	0.001	0.997
0.244	0.754	0.001	0.001
0.946	0.001	0.052	0.001
>GGAGGGAG	12-GGAGGGAG	8.236954	-26.408200	0	T:302.0(9.81%),B:2993.5(6.53%),P:1e-11	Tpos:329.7,Tstd:328.7,Bpos:236.4,Bstd:138.3,StrandBias:0.1,Multiplicity:1.13
0.100	0.100	0.700	0.100
0.100	0.100	0.700	0.100
0.700	0.100	0.100	0.100
0.100	0.100	0.700	0.100
0.100	0.100	0.700	0.100
0.100	0.100	0.700	0.100
0.700	0.100	0.100	0.100
0.100	0.100	0.700	0.100
>GCCAATCA	13-GCCAATCA	6.865003	-24.234673	0	T:288.0(9.35%),B:2881.6(6.29%),P:1e-10	Tpos:289.8,Tstd:251.2,Bpos:243.0,Bstd:141.9,StrandBias:-0.4,Multiplicity:1.15
0.117	0.001	0.881	0.001
0.001	0.997	0.001	0.001
0.001	0.997	0.001	0.001
0.831	0.001	0.074	0.094
0.997	0.001	0.001	0.001
0.001	0.001	0.001	0.997
0.001	0.855	0.143	0.001
0.820	0.001	0.178	0.001
>GWGTWTAC	14-GWGTWTAC	6.430633	-21.349894	0	T:500.0(16.24%),B:5707.5(12.45%),P:1e-9	Tpos:297.8,Tstd:262.4,Bpos:236.0,Bstd:145.7,StrandBias:0.0,Multiplicity:1.14
0.001	0.262	0.736	0.001
0.267	0.180	0.166	0.387
0.001	0.085	0.913	0.001
0.001	0.001	0.053	0.945
0.562	0.001	0.001	0.436
0.001	0.001	0.001	0.997
0.880	0.001	0.001	0.118
0.032	0.761	0.146	0.061
