>BACTTCCTGT	1-BACTTCCTGT	6.785505	-274.260167	0	T:1052.0(34.17%),B:7719.7(16.84%),P:1e-119	Tpos:284.4,Tstd:216.1,Bpos:241.1,Bstd:142.6,StrandBias:0.1,Multiplicity:1.33
0.132	0.297	0.222	0.349
0.581	0.083	0.265	0.071
0.026	0.617	0.043	0.314
0.210	0.030	0.076	0.684
0.012	0.053	0.028	0.907
0.037	0.842	0.077	0.044
0.048	0.824	0.117	0.011
0.070	0.070	0.304	0.556
0.075	0.152	0.572	0.201
0.039	0.281	0.076	0.604
>CCACTAGGGG	2-CCACTAGGGG	8.376166	-113.046641	0	T:214.0(6.95%),B:967.2(2.11%),P:1e-49	Tpos:276.1,Tstd:212.5,Bpos:241.2,Bstd:140.5,StrandBias:0.0,Multiplicity:1.04
0.021	0.971	0.001	0.007
0.001	0.997	0.001	0.001
0.928	0.001	0.033	0.038
0.001	0.972	0.026	0.001
0.100	0.189	0.001	0.710
0.975	0.023	0.001	0.001
0.007	0.017	0.975	0.001
0.127	0.011	0.861	0.001
0.001	0.001	0.692	0.306
0.001	0.001	0.997	0.001
>GCCCCGCCCC	3-GCCCCGCCCC	8.571561	-96.466653	0	T:650.0(21.11%),B:5651.1(12.33%),P:1e-41	Tpos:317.8,Tstd:253.3,Bpos:238.6,Bstd:151.7,StrandBias:0.0,Multiplicity:1.58
0.257	0.001	0.615	0.127
0.022	0.835	0.001	0.142
0.070	0.612	0.001	0.317
0.155	0.734	0.001	0.110
0.001	0.997	0.001	0.001
0.070	0.001	0.666	0.263
0.001	0.997	0.001	0.001
0.001	0.984	0.014	0.001
0.001	0.649	0.001	0.349
0.250	0.417	0.075	0.257
>GCGGAAACWA	4-GCGGAAACWA	6.636218	-77.655401	0	T:1008.0(32.74%),B:10579.6(23.09%),P:1e-33	Tpos:296.9,Tstd:247.6,Bpos:238.8,Bstd:143.6,StrandBias:-0.1,Multiplicity:1.28
0.227	0.105	0.652	0.016
0.120	0.506	0.045	0.329
0.221	0.001	0.777	0.001
0.001	0.067	0.815	0.117
0.997	0.001	0.001	0.001
0.997	0.001	0.001	0.001
0.799	0.001	0.194	0.006
0.261	0.537	0.041	0.161
0.410	0.184	0.107	0.300
0.565	0.142	0.255	0.038
>VVTGAGTCAY	5-VVTGAGTCAY	8.536228	-66.447269	0	T:227.0(7.37%),B:1471.9(3.21%),P:1e-28	Tpos:323.7,Tstd:303.4,Bpos:240.9,Bstd:136.3,StrandBias:0.0,Multiplicity:1.07
0.236	0.256	0.362	0.146
0.348	0.308	0.297	0.047
0.025	0.082	0.032	0.861
0.001	0.001	0.971	0.027
0.801	0.091	0.036	0.072
0.082	0.286	0.531	0.101
0.033	0.001	0.026	0.940
0.125	0.805	0.050	0.020
0.951	0.001	0.047	0.001
0.004	0.438	0.230	0.328
>TATGCAAATG	6-TATGCAAATG	9.109856	-57.853275	0	T:104.0(3.38%),B:454.1(0.99%),P:1e-25	Tpos:282.2,Tstd:198.9,Bpos:232.9,Bstd:140.1,StrandBias:0.6,Multiplicity:1.06
0.030	0.049	0.011	0.910
0.961	0.021	0.001	0.017
0.019	0.035	0.020	0.926
0.001	0.001	0.973	0.025
0.001	0.954	0.001	0.044
0.997	0.001	0.001	0.001
0.997	0.001	0.001	0.001
0.986	0.001	0.001	0.012
0.001	0.016	0.001	0.982
0.100	0.152	0.464	0.283
>GGGGAGGAAG	7-GGGGAGGAAG	7.883990	-52.983671	0	T:752.0(24.42%),B:7922.2(17.29%),P:1e-23	Tpos:325.7,Tstd:304.1,Bpos:238.5,Bstd:140.0,StrandBias:-0.0,Multiplicity:1.31
0.136	0.071	0.738	0.055
0.096	0.053	0.807	0.044
0.064	0.038	0.842	0.056
0.053	0.032	0.866	0.049
0.676	0.134	0.087	0.103
0.030	0.027	0.925	0.018
0.037	0.030	0.893	0.040
0.700	0.038	0.185	0.077
0.773	0.030	0.143	0.054
0.073	0.070	0.786	0.071
>ACTAACCACA	8-ACTAACCACA	9.203446	-51.132948	0	T:239.0(7.76%),B:1785.2(3.90%),P:1e-22	Tpos:311.1,Tstd:293.1,Bpos:240.9,Bstd:141.4,StrandBias:0.0,Multiplicity:1.07
0.550	0.187	0.126	0.137
0.001	0.726	0.184	0.089
0.292	0.190	0.001	0.517
0.586	0.235	0.117	0.062
0.997	0.001	0.001	0.001
0.001	0.944	0.001	0.054
0.001	0.997	0.001	0.001
0.997	0.001	0.001	0.001
0.001	0.997	0.001	0.001
0.997	0.001	0.001	0.001
>GCGGTTTDAA	9-GCGGTTTDAA	6.672338	-44.477744	0	T:608.0(19.75%),B:6316.7(13.78%),P:1e-19	Tpos:302.7,Tstd:273.2,Bpos:239.9,Bstd:146.0,StrandBias:-0.0,Multiplicity:1.18
0.051	0.077	0.837	0.035
0.109	0.886	0.001	0.004
0.001	0.001	0.599	0.399
0.138	0.091	0.770	0.001
0.001	0.016	0.001	0.982
0.001	0.001	0.296	0.702
0.010	0.001	0.165	0.824
0.267	0.031	0.305	0.397
0.577	0.076	0.167	0.180
0.585	0.103	0.119	0.193
>CCCACCCACT	10-CCCACCCACT	7.798475	-42.572553	0	T:232.0(7.53%),B:1840.7(4.02%),P:1e-18	Tpos:360.2,Tstd:310.3,Bpos:241.7,Bstd:144.0,StrandBias:0.2,Multiplicity:1.05
0.001	0.997	0.001	0.001
0.345	0.653	0.001	0.001
0.001	0.997	0.001	0.001
0.775	0.223	0.001	0.001
0.001	0.997	0.001	0.001
0.001	0.997	0.001	0.001
0.001	0.997	0.001	0.001
0.968	0.030	0.001	0.001
0.001	0.997	0.001	0.001
0.001	0.001	0.295	0.703
>CGTCACGTGA	11-CGTCACGTGA	4.897518	-39.775363	0	T:638.0(20.72%),B:6848.8(14.94%),P:1e-17	Tpos:302.8,Tstd:251.6,Bpos:239.8,Bstd:147.7,StrandBias:0.0,Multiplicity:1.17
0.125	0.658	0.113	0.104
0.123	0.106	0.691	0.080
0.086	0.100	0.107	0.707
0.083	0.697	0.109	0.111
0.762	0.075	0.073	0.090
0.083	0.725	0.090	0.102
0.103	0.112	0.686	0.099
0.116	0.116	0.078	0.690
0.094	0.114	0.671	0.121
0.715	0.093	0.102	0.090
>CCAATSASMG	12-CCAATSASMG	7.454479	-33.403929	0	T:106.0(3.44%),B:667.9(1.46%),P:1e-14	Tpos:348.9,Tstd:316.5,Bpos:240.4,Bstd:146.3,StrandBias:0.0,Multiplicity:1.06
0.330	0.655	0.003	0.012
0.274	0.581	0.027	0.118
0.893	0.026	0.017	0.064
0.668	0.123	0.177	0.032
0.018	0.074	0.112	0.796
0.095	0.388	0.288	0.229
0.549	0.116	0.302	0.033
0.101	0.335	0.442	0.123
0.375	0.485	0.105	0.035
0.269	0.186	0.483	0.062
>CTCTCACTAC	13-CTCTCACTAC	7.462924	-29.647555	0	T:350.0(11.37%),B:3495.9(7.63%),P:1e-12	Tpos:279.6,Tstd:231.0,Bpos:235.3,Bstd:140.0,StrandBias:-0.1,Multiplicity:1.08
0.039	0.901	0.001	0.059
0.057	0.041	0.025	0.877
0.043	0.860	0.064	0.033
0.008	0.052	0.014	0.926
0.092	0.682	0.098	0.128
0.711	0.089	0.118	0.082
0.059	0.689	0.152	0.100
0.110	0.030	0.060	0.800
0.812	0.042	0.101	0.045
0.077	0.757	0.120	0.046
>TGTGGTTAAC	14-TGTGGTTAAC	8.850386	-27.061573	0	T:88.0(2.86%),B:564.1(1.23%),P:1e-11	Tpos:324.1,Tstd:287.7,Bpos:239.1,Bstd:147.3,StrandBias:0.4,Multiplicity:1.01
0.045	0.069	0.027	0.859
0.001	0.023	0.947	0.029
0.060	0.001	0.001	0.938
0.021	0.001	0.977	0.001
0.096	0.017	0.886	0.001
0.027	0.041	0.023	0.909
0.017	0.111	0.001	0.871
0.821	0.037	0.141	0.001
0.960	0.001	0.001	0.038
0.055	0.850	0.094	0.001
>TTRATTCATT	15-TTRATTCATT	10.111138	-23.611238	0	T:62.0(2.01%),B:357.8(0.78%),P:1e-10	Tpos:278.0,Tstd:187.4,Bpos:261.5,Bstd:137.7,StrandBias:-0.0,Multiplicity:1.04
0.001	0.001	0.001	0.997
0.001	0.001	0.001	0.997
0.503	0.001	0.495	0.001
0.997	0.001	0.001	0.001
0.001	0.315	0.001	0.683
0.001	0.001	0.001	0.997
0.001	0.997	0.001	0.001
0.653	0.154	0.110	0.083
0.001	0.168	0.158	0.673
0.001	0.001	0.061	0.937
>GTGGTTTTGT	16-GTGGTTTTGT	9.609991	-23.540971	0	T:90.0(2.92%),B:625.7(1.37%),P:1e-10	Tpos:289.6,Tstd:212.6,Bpos:220.9,Bstd:139.1,StrandBias:0.2,Multiplicity:1.06
0.001	0.001	0.997	0.001
0.167	0.001	0.076	0.756
0.007	0.001	0.991	0.001
0.001	0.038	0.960	0.001
0.001	0.058	0.065	0.876
0.001	0.006	0.054	0.939
0.001	0.001	0.020	0.978
0.008	0.053	0.001	0.938
0.108	0.021	0.765	0.106
0.001	0.001	0.130	0.868
>CTTACCGAAT	17-CTTACCGAAT	9.510048	-23.394233	0	T:28.0(0.91%),B:90.8(0.20%),P:1e-10	Tpos:263.9,Tstd:237.7,Bpos:245.3,Bstd:138.2,StrandBias:-0.2,Multiplicity:1.00
0.122	0.876	0.001	0.001
0.182	0.001	0.123	0.694
0.001	0.058	0.058	0.883
0.916	0.082	0.001	0.001
0.001	0.997	0.001	0.001
0.001	0.963	0.001	0.035
0.080	0.001	0.918	0.001
0.876	0.122	0.001	0.001
0.997	0.001	0.001	0.001
0.041	0.058	0.034	0.867
>ACGTTCATAA	18-ACGTTCATAA	9.834887	-22.643460	0	T:32.0(1.04%),B:120.1(0.26%),P:1e-9	Tpos:250.8,Tstd:136.2,Bpos:239.5,Bstd:130.2,StrandBias:-0.9,Multiplicity:1.00
0.997	0.001	0.001	0.001
0.047	0.925	0.016	0.012
0.222	0.001	0.755	0.022
0.001	0.001	0.001	0.997
0.001	0.052	0.059	0.888
0.109	0.889	0.001	0.001
0.958	0.001	0.001	0.040
0.001	0.030	0.094	0.875
0.869	0.046	0.001	0.084
0.878	0.001	0.052	0.069
>TTSBKTKBRW	19-TTSBKTKBRW	6.003615	-21.184081	0	T:126.0(4.09%),B:1041.9(2.27%),P:1e-9	Tpos:257.8,Tstd:219.3,Bpos:247.6,Bstd:144.7,StrandBias:0.0,Multiplicity:1.02
0.024	0.181	0.317	0.477
0.006	0.012	0.402	0.580
0.205	0.357	0.409	0.029
0.152	0.340	0.240	0.267
0.073	0.067	0.378	0.481
0.219	0.009	0.017	0.755
0.007	0.016	0.434	0.543
0.182	0.334	0.214	0.270
0.427	0.017	0.284	0.271
0.557	0.018	0.009	0.416
>CTCAGCGATT	20-CTCAGCGATT	9.984604	-19.156110	0	T:32.0(1.04%),B:139.2(0.30%),P:1e-8	Tpos:315.4,Tstd:216.3,Bpos:253.2,Bstd:126.8,StrandBias:0.7,Multiplicity:1.03
0.001	0.934	0.064	0.001
0.038	0.051	0.001	0.910
0.001	0.997	0.001	0.001
0.863	0.105	0.001	0.031
0.001	0.001	0.997	0.001
0.189	0.759	0.016	0.036
0.197	0.001	0.801	0.001
0.986	0.012	0.001	0.001
0.001	0.058	0.013	0.928
0.065	0.118	0.001	0.816
>TGCTAGGCTA	21-TGCTAGGCTA	8.996665	-19.039243	0	T:105.0(3.41%),B:848.4(1.85%),P:1e-8	Tpos:259.5,Tstd:200.6,Bpos:237.8,Bstd:136.2,StrandBias:0.2,Multiplicity:1.00
0.001	0.001	0.107	0.891
0.001	0.001	0.897	0.101
0.197	0.801	0.001	0.001
0.098	0.003	0.001	0.898
0.769	0.001	0.001	0.229
0.071	0.001	0.805	0.123
0.269	0.001	0.729	0.001
0.001	0.997	0.001	0.001
0.198	0.092	0.161	0.549
0.497	0.161	0.001	0.341
>CTTCTGCTAA	22-CTTCTGCTAA	9.139478	-19.030090	0	T:96.0(3.12%),B:751.8(1.64%),P:1e-8	Tpos:292.6,Tstd:247.0,Bpos:224.7,Bstd:133.4,StrandBias:0.1,Multiplicity:1.10
0.001	0.918	0.024	0.057
0.001	0.064	0.025	0.910
0.001	0.206	0.001	0.792
0.001	0.972	0.001	0.026
0.001	0.001	0.042	0.956
0.001	0.064	0.926	0.009
0.036	0.947	0.001	0.016
0.019	0.014	0.088	0.879
0.795	0.069	0.135	0.001
0.902	0.077	0.020	0.001
>GTAACACCTC	23-GTAACACCTC	10.656821	-15.815311	0	T:17.0(0.55%),B:51.1(0.11%),P:1e-6	Tpos:257.4,Tstd:177.8,Bpos:228.0,Bstd:164.3,StrandBias:1.1,Multiplicity:1.38
0.001	0.001	0.997	0.001
0.001	0.001	0.001	0.997
0.997	0.001	0.001	0.001
0.997	0.001	0.001	0.001
0.001	0.997	0.001	0.001
0.997	0.001	0.001	0.001
0.001	0.997	0.001	0.001
0.001	0.945	0.053	0.001
0.215	0.001	0.001	0.783
0.001	0.997	0.001	0.001
>TCACGTGHCA	24-TCACGTGHCA	7.710758	-8.016279	0	T:72.0(2.34%),B:696.6(1.52%),P:1e-3	Tpos:328.1,Tstd:298.2,Bpos:239.7,Bstd:138.1,StrandBias:-0.7,Multiplicity:1.02
0.079	0.252	0.241	0.428
0.133	0.626	0.144	0.097
0.543	0.031	0.283	0.143
0.095	0.592	0.167	0.146
0.042	0.282	0.508	0.168
0.110	0.201	0.031	0.658
0.137	0.070	0.622	0.171
0.418	0.270	0.040	0.271
0.012	0.986	0.001	0.001
0.997	0.001	0.001	0.001
>ATGAGTATAC	25-ATGAGTATAC	10.296193	-4.404031	0	T:3.0(0.10%),B:7.3(0.02%),P:1e-1	Tpos:167.1,Tstd:117.8,Bpos:178.0,Bstd:65.9,StrandBias:4.1,Multiplicity:6.00
0.700	0.100	0.100	0.100
0.100	0.100	0.100	0.700
0.100	0.100	0.700	0.100
0.700	0.100	0.100	0.100
0.100	0.100	0.700	0.100
0.100	0.100	0.100	0.700
0.700	0.100	0.100	0.100
0.100	0.100	0.100	0.700
0.700	0.100	0.100	0.100
0.100	0.700	0.100	0.100
