>ACTTCCTGTBYN	1-ACTTCCTGTBYN	8.006633	-242.474229	0	T:936.0(30.40%),B:6801.7(14.84%),P:1e-105	Tpos:283.8,Tstd:228.6,Bpos:241.6,Bstd:139.7,StrandBias:0.0,Multiplicity:1.29
0.517	0.140	0.269	0.074
0.008	0.588	0.119	0.285
0.162	0.003	0.001	0.834
0.001	0.001	0.001	0.997
0.023	0.939	0.005	0.033
0.001	0.997	0.001	0.001
0.001	0.028	0.057	0.914
0.039	0.227	0.598	0.136
0.032	0.256	0.048	0.664
0.162	0.320	0.199	0.319
0.213	0.232	0.180	0.375
0.251	0.198	0.239	0.311
>CCACTAGGGGGC	2-CCACTAGGGGGC	8.768396	-160.839124	0	T:162.0(5.26%),B:404.0(0.88%),P:1e-69	Tpos:283.3,Tstd:207.8,Bpos:245.9,Bstd:133.3,StrandBias:0.0,Multiplicity:1.06
0.031	0.935	0.001	0.033
0.001	0.997	0.001	0.001
0.997	0.001	0.001	0.001
0.001	0.950	0.048	0.001
0.140	0.299	0.001	0.560
0.978	0.001	0.001	0.020
0.001	0.001	0.997	0.001
0.084	0.001	0.914	0.001
0.025	0.001	0.779	0.195
0.001	0.001	0.997	0.001
0.001	0.001	0.997	0.001
0.032	0.966	0.001	0.001
>TRGCCCCGCCCA	3-TRGCCCCGCCCA	8.953253	-90.215215	0	T:463.0(15.04%),B:3621.5(7.90%),P:1e-39	Tpos:316.4,Tstd:240.7,Bpos:237.0,Bstd:148.5,StrandBias:0.1,Multiplicity:1.37
0.251	0.211	0.135	0.403
0.447	0.114	0.359	0.080
0.072	0.034	0.875	0.019
0.001	0.775	0.141	0.083
0.135	0.755	0.001	0.109
0.171	0.742	0.001	0.086
0.102	0.804	0.001	0.093
0.075	0.027	0.687	0.211
0.049	0.949	0.001	0.001
0.007	0.987	0.001	0.005
0.001	0.896	0.001	0.102
0.550	0.231	0.001	0.218
>RGGGCGGGGCNN	4-RGGGCGGGGCNN	8.294581	-83.089395	0	T:742.0(24.10%),B:7032.0(15.34%),P:1e-36	Tpos:316.8,Tstd:265.3,Bpos:239.6,Bstd:145.9,StrandBias:-0.1,Multiplicity:1.32
0.438	0.029	0.532	0.001
0.321	0.001	0.677	0.001
0.001	0.001	0.997	0.001
0.089	0.001	0.909	0.001
0.408	0.590	0.001	0.001
0.140	0.001	0.858	0.001
0.001	0.001	0.682	0.316
0.377	0.001	0.621	0.001
0.001	0.218	0.556	0.225
0.174	0.504	0.032	0.290
0.179	0.287	0.261	0.273
0.203	0.209	0.321	0.268
>GGAAASDATGAC	5-GGAAASDATGAC	8.910832	-64.446935	0	T:183.0(5.94%),B:1075.8(2.35%),P:1e-27	Tpos:240.8,Tstd:184.8,Bpos:235.0,Bstd:135.7,StrandBias:-0.2,Multiplicity:1.04
0.004	0.001	0.943	0.052
0.024	0.001	0.931	0.044
0.990	0.001	0.001	0.008
0.909	0.059	0.031	0.001
0.797	0.046	0.139	0.018
0.138	0.317	0.419	0.126
0.278	0.066	0.332	0.323
0.497	0.205	0.154	0.144
0.001	0.001	0.052	0.946
0.018	0.138	0.743	0.101
0.842	0.046	0.056	0.056
0.001	0.589	0.265	0.145
>AHTGMTGAGTCA	6-AHTGMTGAGTCA	8.134734	-59.704617	0	T:329.0(10.69%),B:2624.6(5.73%),P:1e-25	Tpos:290.9,Tstd:236.4,Bpos:241.4,Bstd:137.1,StrandBias:-0.0,Multiplicity:1.11
0.527	0.149	0.101	0.223
0.328	0.295	0.177	0.200
0.089	0.001	0.201	0.709
0.007	0.236	0.678	0.079
0.325	0.427	0.168	0.080
0.001	0.001	0.016	0.982
0.001	0.169	0.716	0.114
0.704	0.001	0.103	0.192
0.001	0.284	0.714	0.001
0.001	0.001	0.171	0.827
0.210	0.788	0.001	0.001
0.985	0.013	0.001	0.001
>AGGAAGTGTGTG	7-AGGAAGTGTGTG	9.225265	-51.642623	0	T:223.0(7.24%),B:1611.3(3.52%),P:1e-22	Tpos:315.4,Tstd:275.1,Bpos:242.6,Bstd:145.1,StrandBias:0.1,Multiplicity:1.05
0.823	0.037	0.072	0.068
0.072	0.005	0.859	0.064
0.055	0.059	0.814	0.072
0.836	0.032	0.055	0.077
0.859	0.023	0.066	0.052
0.067	0.039	0.869	0.025
0.040	0.020	0.033	0.907
0.030	0.035	0.859	0.076
0.087	0.041	0.121	0.751
0.032	0.072	0.789	0.107
0.061	0.062	0.042	0.835
0.079	0.047	0.804	0.070
>GCTTCCTCCCCC	8-GCTTCCTCCCCC	8.138958	-50.472416	0	T:493.0(16.01%),B:4719.0(10.30%),P:1e-21	Tpos:316.7,Tstd:295.8,Bpos:240.7,Bstd:142.8,StrandBias:0.1,Multiplicity:1.16
0.068	0.081	0.804	0.047
0.054	0.856	0.058	0.032
0.037	0.062	0.034	0.867
0.057	0.021	0.050	0.872
0.052	0.838	0.042	0.068
0.038	0.888	0.023	0.051
0.075	0.099	0.080	0.746
0.025	0.861	0.027	0.087
0.048	0.823	0.035	0.094
0.058	0.801	0.070	0.071
0.066	0.803	0.071	0.060
0.058	0.846	0.059	0.037
>TAATTTGCATAT	9-TAATTTGCATAT	10.139809	-43.884033	0	T:72.0(2.34%),B:295.9(0.65%),P:1e-19	Tpos:285.5,Tstd:217.4,Bpos:230.0,Bstd:145.5,StrandBias:-0.1,Multiplicity:1.03
0.149	0.195	0.001	0.655
0.508	0.355	0.060	0.077
0.997	0.001	0.001	0.001
0.001	0.067	0.001	0.931
0.001	0.001	0.001	0.997
0.103	0.001	0.067	0.829
0.186	0.051	0.762	0.001
0.067	0.931	0.001	0.001
0.931	0.001	0.067	0.001
0.067	0.001	0.067	0.865
0.779	0.054	0.124	0.043
0.113	0.135	0.080	0.672
>GGGCGGAAAAAA	10-GGGCGGAAAAAA	8.948594	-36.910954	0	T:158.0(5.13%),B:1140.1(2.49%),P:1e-16	Tpos:313.1,Tstd:297.2,Bpos:236.7,Bstd:143.7,StrandBias:-0.1,Multiplicity:1.03
0.020	0.044	0.902	0.034
0.089	0.044	0.855	0.012
0.047	0.101	0.816	0.036
0.074	0.592	0.170	0.164
0.132	0.022	0.797	0.049
0.004	0.001	0.957	0.038
0.910	0.022	0.024	0.044
0.872	0.039	0.044	0.045
0.908	0.001	0.056	0.035
0.737	0.113	0.111	0.039
0.826	0.069	0.083	0.022
0.832	0.022	0.107	0.039
>AGGGGAATTTCC	11-AGGGGAATTTCC	9.418843	-36.309219	0	T:91.0(2.96%),B:502.4(1.10%),P:1e-15	Tpos:303.1,Tstd:295.7,Bpos:245.5,Bstd:137.3,StrandBias:0.9,Multiplicity:1.01
0.812	0.028	0.069	0.091
0.059	0.016	0.866	0.059
0.026	0.001	0.886	0.087
0.044	0.032	0.798	0.126
0.048	0.063	0.863	0.026
0.791	0.072	0.034	0.103
0.787	0.063	0.059	0.091
0.062	0.095	0.112	0.731
0.032	0.042	0.031	0.895
0.016	0.128	0.032	0.824
0.016	0.878	0.032	0.074
0.041	0.874	0.001	0.084
>AGGGGGTGTGGT	12-AGGGGGTGTGGT	8.807759	-33.974951	0	T:276.0(8.96%),B:2498.4(5.45%),P:1e-14	Tpos:296.0,Tstd:235.5,Bpos:244.3,Bstd:140.8,StrandBias:-0.4,Multiplicity:1.06
0.820	0.039	0.044	0.097
0.083	0.034	0.821	0.062
0.029	0.016	0.841	0.114
0.102	0.025	0.816	0.057
0.087	0.041	0.790	0.082
0.060	0.100	0.797	0.043
0.053	0.086	0.039	0.822
0.049	0.034	0.894	0.023
0.071	0.061	0.088	0.780
0.016	0.001	0.938	0.045
0.040	0.062	0.862	0.036
0.041	0.055	0.081	0.823
>ACCGTGGAAACA	13-ACCGTGGAAACA	9.546443	-33.747244	0	T:87.0(2.83%),B:490.0(1.07%),P:1e-14	Tpos:286.3,Tstd:235.6,Bpos:240.9,Bstd:145.6,StrandBias:-0.1,Multiplicity:1.02
0.783	0.080	0.045	0.092
0.053	0.909	0.001	0.037
0.207	0.655	0.037	0.101
0.178	0.035	0.757	0.030
0.020	0.073	0.115	0.792
0.072	0.001	0.926	0.001
0.013	0.050	0.936	0.001
0.824	0.151	0.001	0.024
0.930	0.015	0.054	0.001
0.788	0.001	0.159	0.052
0.074	0.731	0.138	0.057
0.815	0.074	0.074	0.037
>CGGCCAATCAGA	14-CGGCCAATCAGA	9.560717	-32.048503	0	T:80.0(2.60%),B:442.9(0.97%),P:1e-13	Tpos:275.4,Tstd:279.9,Bpos:241.8,Bstd:147.4,StrandBias:-0.6,Multiplicity:1.06
0.062	0.802	0.076	0.060
0.196	0.065	0.538	0.201
0.076	0.001	0.819	0.104
0.001	0.958	0.001	0.040
0.066	0.879	0.054	0.001
0.891	0.054	0.054	0.001
0.827	0.009	0.080	0.084
0.027	0.042	0.016	0.915
0.075	0.838	0.060	0.027
0.881	0.001	0.091	0.027
0.035	0.093	0.845	0.027
0.814	0.104	0.001	0.081
>TGGTTTGGTTTT	15-TGGTTTGGTTTT	9.107771	-29.574798	0	T:242.0(7.86%),B:2196.3(4.79%),P:1e-12	Tpos:297.4,Tstd:245.2,Bpos:242.3,Bstd:151.4,StrandBias:0.3,Multiplicity:1.10
0.049	0.061	0.103	0.787
0.095	0.001	0.798	0.106
0.033	0.055	0.833	0.079
0.046	0.029	0.089	0.836
0.001	0.033	0.095	0.871
0.023	0.055	0.075	0.847
0.008	0.030	0.893	0.069
0.098	0.091	0.746	0.065
0.074	0.071	0.077	0.778
0.058	0.051	0.001	0.890
0.001	0.026	0.042	0.931
0.027	0.098	0.077	0.798
>GCCCTCTGTAGG	16-GCCCTCTGTAGG	12.667645	-28.566362	0	T:20.0(0.65%),B:33.3(0.07%),P:1e-12	Tpos:223.2,Tstd:215.4,Bpos:273.5,Bstd:121.9,StrandBias:0.0,Multiplicity:1.05
0.001	0.001	0.997	0.001
0.039	0.959	0.001	0.001
0.001	0.997	0.001	0.001
0.001	0.997	0.001	0.001
0.097	0.097	0.001	0.805
0.074	0.828	0.097	0.001
0.001	0.001	0.001	0.997
0.096	0.001	0.902	0.001
0.001	0.017	0.147	0.835
0.997	0.001	0.001	0.001
0.001	0.001	0.997	0.001
0.001	0.040	0.885	0.074
>TCTGTGGTTAAC	17-TCTGTGGTTAAC	9.762709	-28.097683	0	T:71.0(2.31%),B:397.5(0.87%),P:1e-12	Tpos:260.7,Tstd:190.7,Bpos:230.4,Bstd:138.9,StrandBias:0.3,Multiplicity:1.06
0.164	0.044	0.083	0.709
0.044	0.792	0.077	0.087
0.001	0.043	0.001	0.955
0.001	0.001	0.997	0.001
0.061	0.044	0.131	0.764
0.033	0.001	0.879	0.087
0.043	0.001	0.936	0.020
0.077	0.021	0.001	0.901
0.120	0.046	0.138	0.696
0.850	0.090	0.044	0.016
0.835	0.013	0.103	0.049
0.116	0.692	0.115	0.077
>TGACGTCATCAC	18-TGACGTCATCAC	9.850428	-28.000427	0	T:62.0(2.01%),B:320.5(0.70%),P:1e-12	Tpos:253.4,Tstd:168.6,Bpos:231.4,Bstd:143.0,StrandBias:-0.6,Multiplicity:1.07
0.020	0.040	0.020	0.920
0.001	0.074	0.871	0.054
0.878	0.001	0.027	0.094
0.068	0.633	0.159	0.140
0.150	0.070	0.725	0.055
0.068	0.055	0.047	0.830
0.019	0.945	0.035	0.001
0.928	0.052	0.019	0.001
0.012	0.139	0.064	0.785
0.055	0.826	0.064	0.055
0.774	0.102	0.026	0.098
0.011	0.891	0.044	0.054
>GCCCCRCCCTCC	19-GCCCCRCCCTCC	10.760905	-27.508567	0	T:114.0(3.70%),B:816.8(1.78%),P:1e-11	Tpos:317.7,Tstd:239.7,Bpos:231.3,Bstd:146.9,StrandBias:-0.6,Multiplicity:1.03
0.116	0.137	0.746	0.001
0.072	0.721	0.201	0.006
0.001	0.780	0.001	0.218
0.009	0.937	0.001	0.053
0.001	0.474	0.220	0.305
0.417	0.067	0.509	0.007
0.001	0.800	0.005	0.194
0.041	0.957	0.001	0.001
0.085	0.503	0.223	0.189
0.165	0.237	0.137	0.462
0.028	0.970	0.001	0.001
0.001	0.957	0.001	0.041
>ACCGCTGAGCCT	20-ACCGCTGAGCCT	8.061366	-27.015572	0	T:212.0(6.89%),B:1902.4(4.15%),P:1e-11	Tpos:289.0,Tstd:249.2,Bpos:238.8,Bstd:146.5,StrandBias:-0.1,Multiplicity:1.06
0.748	0.066	0.122	0.064
0.058	0.776	0.091	0.075
0.066	0.839	0.022	0.073
0.071	0.074	0.792	0.063
0.054	0.904	0.031	0.011
0.090	0.045	0.095	0.770
0.036	0.059	0.840	0.065
0.846	0.036	0.060	0.058
0.054	0.007	0.921	0.018
0.032	0.891	0.046	0.031
0.067	0.852	0.018	0.063
0.088	0.072	0.014	0.826
>TACGTCACTCCC	21-TACGTCACTCCC	13.942780	-26.247316	0	T:11.0(0.36%),B:7.3(0.02%),P:1e-11	Tpos:141.5,Tstd:99.6,Bpos:278.4,Bstd:158.8,StrandBias:0.8,Multiplicity:1.00
0.153	0.001	0.153	0.693
0.846	0.152	0.001	0.001
0.001	0.846	0.152	0.001
0.001	0.001	0.997	0.001
0.001	0.001	0.001	0.997
0.001	0.846	0.152	0.001
0.997	0.001	0.001	0.001
0.001	0.997	0.001	0.001
0.001	0.001	0.001	0.997
0.001	0.917	0.001	0.081
0.001	0.997	0.001	0.001
0.001	0.997	0.001	0.001
>GTTGCCTAGGCA	22-GTTGCCTAGGCA	12.742009	-21.173145	0	T:18.0(0.58%),B:40.3(0.09%),P:1e-9	Tpos:291.4,Tstd:151.3,Bpos:241.5,Bstd:153.1,StrandBias:-0.1,Multiplicity:1.00
0.001	0.001	0.997	0.001
0.001	0.001	0.001	0.997
0.001	0.001	0.001	0.997
0.131	0.001	0.867	0.001
0.001	0.997	0.001	0.001
0.001	0.997	0.001	0.001
0.136	0.071	0.001	0.792
0.603	0.132	0.033	0.232
0.001	0.001	0.997	0.001
0.001	0.001	0.997	0.001
0.083	0.785	0.001	0.131
0.997	0.001	0.001	0.001
>TCCTGCTAACAC	23-TCCTGCTAACAC	-4.227181	-9.886444	0	T:1042.0(33.84%),B:14010.8(30.57%),P:1e-4	Tpos:307.9,Tstd:272.1,Bpos:238.2,Bstd:140.1,StrandBias:-0.1,Multiplicity:1.27
0.001	0.001	0.001	0.997
0.001	0.997	0.001	0.001
0.001	0.997	0.001	0.001
0.001	0.001	0.001	0.997
0.001	0.001	0.997	0.001
0.001	0.997	0.001	0.001
0.001	0.001	0.001	0.997
0.997	0.001	0.001	0.001
0.891	0.001	0.107	0.001
0.001	0.997	0.001	0.001
0.997	0.001	0.001	0.001
0.001	0.997	0.001	0.001
>TGGGTGAGGTGT	24-TGGGTGAGGTGT	16.491550	-5.934719	0	T:3.0(0.10%),B:4.5(0.01%),P:1e-2	Tpos:218.2,Tstd:126.2,Bpos:219.4,Bstd:133.5,StrandBias:-3.0,Multiplicity:3.00
0.001	0.001	0.001	0.997
0.001	0.001	0.997	0.001
0.001	0.001	0.997	0.001
0.001	0.001	0.997	0.001
0.001	0.103	0.001	0.895
0.001	0.001	0.997	0.001
0.997	0.001	0.001	0.001
0.001	0.001	0.997	0.001
0.001	0.001	0.997	0.001
0.001	0.001	0.001	0.997
0.001	0.001	0.997	0.001
0.001	0.001	0.001	0.997
>AATGAGTATACA	25-AATGAGTATACA	10.013265	-3.422095	0	T:5.0(0.16%),B:26.4(0.06%),P:1e-1	Tpos:144.6,Tstd:96.6,Bpos:295.0,Bstd:144.4,StrandBias:2.2,Multiplicity:3.40
0.701	0.112	0.086	0.101
0.641	0.127	0.123	0.109
0.133	0.065	0.121	0.681
0.124	0.129	0.642	0.105
0.716	0.062	0.084	0.138
0.117	0.123	0.651	0.109
0.110	0.108	0.101	0.681
0.635	0.122	0.111	0.132
0.129	0.113	0.109	0.649
0.660	0.099	0.121	0.120
0.120	0.632	0.111	0.137
0.710	0.103	0.067	0.120
