Factor1: 1.0961079803384863
Factor2: 0.9123188754553127
