Factor1: 0.9615962632693281
Factor2: 1.0399374854058845
