>ACAGGAAG	1-ACAGGAAG	7.631687	-344.249736	0	T:1377.0(30.76%),B:6697.2(15.24%),P:1e-149	Tpos:291.8,Tstd:224.8,Bpos:242.8,Bstd:143.0,StrandBias:-0.1,Multiplicity:1.26
0.889	0.001	0.109	0.001
0.001	0.997	0.001	0.001
0.947	0.051	0.001	0.001
0.001	0.001	0.997	0.001
0.001	0.001	0.997	0.001
0.997	0.001	0.001	0.001
0.903	0.001	0.001	0.095
0.220	0.001	0.778	0.001
>CACTTCCG	2-CACTTCCG	6.757032	-286.179036	0	T:1812.0(40.48%),B:10699.2(24.34%),P:1e-124	Tpos:307.8,Tstd:242.3,Bpos:242.0,Bstd:150.5,StrandBias:0.0,Multiplicity:1.30
0.168	0.505	0.326	0.001
0.611	0.001	0.387	0.001
0.001	0.595	0.003	0.401
0.113	0.001	0.001	0.885
0.001	0.001	0.001	0.997
0.001	0.997	0.001	0.001
0.001	0.997	0.001	0.001
0.001	0.001	0.753	0.245
>WGCTTCCT	3-WGCTTCCT	6.316664	-138.187818	0	T:1019.0(22.77%),B:6010.5(13.68%),P:1e-60	Tpos:302.2,Tstd:266.0,Bpos:241.7,Bstd:143.7,StrandBias:0.0,Multiplicity:1.08
0.536	0.001	0.001	0.462
0.047	0.001	0.951	0.001
0.001	0.997	0.001	0.001
0.001	0.001	0.001	0.997
0.001	0.001	0.001	0.997
0.001	0.997	0.001	0.001
0.001	0.997	0.001	0.001
0.001	0.001	0.395	0.603
>AAACCACA	4-AAACCACA	7.806042	-117.083174	0	T:614.0(13.72%),B:3173.1(7.22%),P:1e-50	Tpos:319.4,Tstd:272.9,Bpos:243.6,Bstd:148.0,StrandBias:0.1,Multiplicity:1.12
0.643	0.135	0.001	0.221
0.997	0.001	0.001	0.001
0.997	0.001	0.001	0.001
0.001	0.997	0.001	0.001
0.001	0.997	0.001	0.001
0.910	0.001	0.088	0.001
0.001	0.997	0.001	0.001
0.933	0.065	0.001	0.001
>AACGGAAA	5-AACGGAAA	5.570886	-80.612153	0	T:1468.0(32.80%),B:10782.2(24.53%),P:1e-35	Tpos:317.7,Tstd:274.3,Bpos:241.5,Bstd:150.4,StrandBias:0.0,Multiplicity:1.30
0.708	0.068	0.136	0.088
0.736	0.069	0.154	0.041
0.060	0.688	0.094	0.158
0.001	0.178	0.718	0.103
0.123	0.052	0.745	0.080
0.816	0.033	0.073	0.078
0.833	0.057	0.040	0.070
0.765	0.087	0.097	0.051
>GGGCGGGG	6-GGGCGGGG	7.510297	-75.680721	0	T:1121.0(25.04%),B:7839.6(17.84%),P:1e-32	Tpos:360.0,Tstd:278.7,Bpos:239.4,Bstd:164.7,StrandBias:0.0,Multiplicity:1.89
0.135	0.001	0.863	0.001
0.001	0.001	0.997	0.001
0.001	0.001	0.997	0.001
0.001	0.995	0.003	0.001
0.001	0.001	0.997	0.001
0.017	0.001	0.736	0.246
0.369	0.015	0.615	0.001
0.158	0.001	0.771	0.070
>TGAGTCAC	7-TGAGTCAC	8.815681	-72.885022	0	T:438.0(9.79%),B:2362.8(5.38%),P:1e-31	Tpos:300.8,Tstd:255.7,Bpos:241.6,Bstd:142.3,StrandBias:-0.0,Multiplicity:1.11
0.090	0.075	0.001	0.834
0.001	0.001	0.908	0.090
0.941	0.057	0.001	0.001
0.001	0.263	0.735	0.001
0.001	0.001	0.135	0.863
0.027	0.971	0.001	0.001
0.997	0.001	0.001	0.001
0.001	0.518	0.246	0.235
>CCCCTCCC	8-CCCCTCCC	8.621154	-60.543357	0	T:1073.0(23.97%),B:7741.4(17.61%),P:1e-26	Tpos:348.2,Tstd:291.0,Bpos:244.6,Bstd:144.9,StrandBias:0.1,Multiplicity:1.39
0.047	0.706	0.066	0.181
0.001	0.903	0.001	0.095
0.001	0.997	0.001	0.001
0.001	0.997	0.001	0.001
0.108	0.001	0.001	0.890
0.001	0.997	0.001	0.001
0.001	0.997	0.001	0.001
0.001	0.847	0.001	0.151
>TGACGTCA	9-TGACGTCA	5.336070	-47.028024	0	T:1136.0(25.38%),B:8625.8(19.63%),P:1e-20	Tpos:307.5,Tstd:261.9,Bpos:239.1,Bstd:146.5,StrandBias:-0.1,Multiplicity:1.20
0.114	0.091	0.035	0.760
0.103	0.095	0.643	0.159
0.676	0.079	0.066	0.179
0.110	0.730	0.101	0.059
0.065	0.037	0.856	0.042
0.027	0.044	0.080	0.849
0.053	0.753	0.087	0.107
0.747	0.055	0.029	0.169
>CTWCGCHT	10-CTWCGCHT	5.010590	-44.359550	0	T:1497.0(33.45%),B:11982.8(27.26%),P:1e-19	Tpos:336.5,Tstd:266.9,Bpos:241.2,Bstd:159.5,StrandBias:0.0,Multiplicity:1.42
0.213	0.537	0.084	0.166
0.056	0.197	0.286	0.461
0.405	0.003	0.179	0.414
0.134	0.862	0.003	0.001
0.001	0.001	0.997	0.001
0.218	0.434	0.065	0.282
0.383	0.312	0.001	0.305
0.100	0.001	0.005	0.894
>TCGCGATA	11-TCGCGATA	4.820439	-41.186706	0	T:713.0(15.93%),B:5074.1(11.55%),P:1e-17	Tpos:355.6,Tstd:288.7,Bpos:238.9,Bstd:166.3,StrandBias:0.1,Multiplicity:1.27
0.231	0.273	0.069	0.428
0.162	0.774	0.058	0.006
0.214	0.006	0.779	0.001
0.133	0.724	0.001	0.142
0.139	0.100	0.708	0.053
0.531	0.124	0.042	0.303
0.208	0.123	0.238	0.431
0.607	0.098	0.001	0.294
>ACTAGTSG	12-ACTAGTSG	6.775521	-39.695347	0	T:404.0(9.03%),B:2549.3(5.80%),P:1e-17	Tpos:306.9,Tstd:266.4,Bpos:238.8,Bstd:143.5,StrandBias:-0.0,Multiplicity:1.05
0.602	0.367	0.001	0.030
0.001	0.997	0.001	0.001
0.001	0.001	0.001	0.997
0.997	0.001	0.001	0.001
0.001	0.001	0.997	0.001
0.177	0.001	0.001	0.821
0.001	0.447	0.551	0.001
0.001	0.001	0.997	0.001
>ATACGTGA	13-ATACGTGA	6.095404	-33.722098	0	T:326.0(7.28%),B:2030.8(4.62%),P:1e-14	Tpos:359.2,Tstd:310.2,Bpos:243.2,Bstd:156.7,StrandBias:0.2,Multiplicity:1.07
0.737	0.040	0.001	0.222
0.001	0.217	0.001	0.781
0.997	0.001	0.001	0.001
0.001	0.997	0.001	0.001
0.001	0.001	0.997	0.001
0.001	0.001	0.206	0.792
0.001	0.001	0.997	0.001
0.997	0.001	0.001	0.001
>TATGTAAA	14-TATGTAAA	7.089184	-33.256229	0	T:296.0(6.61%),B:1803.4(4.10%),P:1e-14	Tpos:296.4,Tstd:249.0,Bpos:244.4,Bstd:144.8,StrandBias:-0.1,Multiplicity:1.09
0.001	0.001	0.001	0.997
0.997	0.001	0.001	0.001
0.001	0.111	0.001	0.887
0.001	0.001	0.997	0.001
0.001	0.201	0.021	0.777
0.997	0.001	0.001	0.001
0.997	0.001	0.001	0.001
0.997	0.001	0.001	0.001
>CGRYGTAA	15-CGRYGTAA	7.905459	-24.018885	0	T:117.0(2.61%),B:590.7(1.34%),P:1e-10	Tpos:367.5,Tstd:324.9,Bpos:241.5,Bstd:147.8,StrandBias:0.1,Multiplicity:1.06
0.001	0.997	0.001	0.001
0.001	0.245	0.753	0.001
0.450	0.178	0.372	0.001
0.001	0.496	0.001	0.502
0.306	0.063	0.630	0.001
0.001	0.001	0.001	0.997
0.997	0.001	0.001	0.001
0.997	0.001	0.001	0.001
>CTGTGGTA	16-CTGTGGTA	8.906621	-23.710350	0	T:254.0(5.67%),B:1628.3(3.70%),P:1e-10	Tpos:282.8,Tstd:237.0,Bpos:238.6,Bstd:141.6,StrandBias:0.0,Multiplicity:1.08
0.001	0.861	0.001	0.137
0.001	0.001	0.001	0.997
0.001	0.001	0.997	0.001
0.001	0.001	0.001	0.997
0.001	0.001	0.997	0.001
0.161	0.001	0.837	0.001
0.001	0.001	0.001	0.997
0.997	0.001	0.001	0.001
>ACCGCCCA	17-ACCGCCCA	8.236954	-16.465743	0	T:74.0(1.65%),B:367.0(0.84%),P:1e-7	Tpos:305.0,Tstd:249.1,Bpos:220.3,Bstd:163.3,StrandBias:0.1,Multiplicity:1.04
0.700	0.100	0.100	0.100
0.100	0.700	0.100	0.100
0.100	0.700	0.100	0.100
0.100	0.100	0.700	0.100
0.100	0.700	0.100	0.100
0.100	0.700	0.100	0.100
0.100	0.700	0.100	0.100
0.700	0.100	0.100	0.100
>ATGTTACC	18-ATGTTACC	8.236954	-2.861915	0	T:38.0(0.85%),B:283.7(0.65%),P:1e-1	Tpos:291.5,Tstd:223.9,Bpos:242.0,Bstd:137.4,StrandBias:1.6,Multiplicity:1.79
0.700	0.100	0.100	0.100
0.100	0.100	0.100	0.700
0.100	0.100	0.700	0.100
0.100	0.100	0.100	0.700
0.100	0.100	0.100	0.700
0.700	0.100	0.100	0.100
0.100	0.700	0.100	0.100
0.100	0.700	0.100	0.100
