>DNACAGGAAGTD	1-DNACAGGAAGTD	8.162656	-511.485971	0	T:1308.0(29.22%),B:5080.0(11.56%),P:1e-222	Tpos:295.5,Tstd:228.4,Bpos:241.3,Bstd:142.7,StrandBias:-0.0,Multiplicity:1.25
0.322	0.168	0.278	0.232
0.312	0.208	0.282	0.198
0.546	0.097	0.273	0.084
0.156	0.560	0.232	0.052
0.981	0.009	0.009	0.001
0.001	0.001	0.997	0.001
0.046	0.001	0.932	0.021
0.997	0.001	0.001	0.001
0.758	0.001	0.021	0.220
0.261	0.043	0.695	0.001
0.091	0.221	0.090	0.598
0.256	0.191	0.342	0.211
>GCCATCTAGTGG	2-GCCATCTAGTGG	10.619536	-180.550713	0	T:220.0(4.92%),B:443.4(1.01%),P:1e-78	Tpos:263.9,Tstd:199.6,Bpos:244.3,Bstd:143.9,StrandBias:-0.1,Multiplicity:1.03
0.101	0.001	0.897	0.001
0.161	0.622	0.001	0.216
0.001	0.960	0.001	0.038
0.578	0.420	0.001	0.001
0.001	0.312	0.075	0.612
0.079	0.919	0.001	0.001
0.001	0.013	0.001	0.985
0.535	0.001	0.304	0.160
0.001	0.388	0.572	0.039
0.018	0.001	0.001	0.980
0.001	0.001	0.997	0.001
0.001	0.078	0.633	0.288
>VGGGGGCGGGGC	3-VGGGGGCGGGGC	8.765470	-137.318874	0	T:1008.0(22.52%),B:5935.0(13.50%),P:1e-59	Tpos:347.6,Tstd:270.1,Bpos:240.6,Bstd:158.4,StrandBias:-0.0,Multiplicity:1.49
0.294	0.222	0.318	0.166
0.249	0.129	0.509	0.113
0.220	0.031	0.560	0.189
0.232	0.020	0.747	0.001
0.001	0.012	0.986	0.001
0.035	0.001	0.963	0.001
0.294	0.636	0.001	0.069
0.001	0.050	0.948	0.001
0.005	0.028	0.715	0.252
0.093	0.001	0.905	0.001
0.050	0.128	0.767	0.055
0.148	0.663	0.022	0.167
>AACCACATCCTC	4-AACCACATCCTC	9.490907	-83.612559	0	T:240.0(5.36%),B:929.3(2.11%),P:1e-36	Tpos:256.0,Tstd:242.0,Bpos:241.5,Bstd:141.9,StrandBias:-0.1,Multiplicity:1.02
0.744	0.077	0.110	0.069
0.820	0.073	0.070	0.037
0.047	0.827	0.086	0.040
0.082	0.916	0.001	0.001
0.838	0.079	0.001	0.082
0.022	0.950	0.013	0.015
0.811	0.052	0.001	0.136
0.030	0.001	0.092	0.877
0.001	0.833	0.073	0.093
0.060	0.859	0.001	0.080
0.057	0.062	0.075	0.806
0.060	0.722	0.126	0.092
>AAACCACAAACC	5-AAACCACAAACC	7.098746	-66.482040	0	T:790.0(17.65%),B:5218.8(11.87%),P:1e-28	Tpos:313.1,Tstd:280.9,Bpos:245.2,Bstd:149.7,StrandBias:0.1,Multiplicity:1.22
0.740	0.093	0.071	0.096
0.764	0.082	0.096	0.058
0.735	0.089	0.099	0.077
0.098	0.744	0.091	0.067
0.101	0.790	0.037	0.072
0.789	0.091	0.040	0.080
0.092	0.781	0.080	0.047
0.802	0.081	0.039	0.078
0.693	0.106	0.121	0.080
0.730	0.099	0.093	0.078
0.100	0.718	0.103	0.079
0.105	0.716	0.057	0.122
>AGGGTGACTCAT	6-AGGGTGACTCAT	7.089121	-62.623768	0	T:631.0(14.10%),B:3988.2(9.07%),P:1e-27	Tpos:289.6,Tstd:255.6,Bpos:245.0,Bstd:139.5,StrandBias:-0.3,Multiplicity:1.10
0.666	0.117	0.068	0.149
0.139	0.066	0.669	0.126
0.233	0.169	0.551	0.047
0.113	0.188	0.540	0.159
0.129	0.025	0.021	0.825
0.015	0.021	0.946	0.018
0.946	0.026	0.010	0.018
0.062	0.714	0.142	0.082
0.081	0.021	0.031	0.867
0.018	0.895	0.079	0.008
0.908	0.013	0.018	0.061
0.031	0.101	0.190	0.678
>GAAAGCGAAACC	7-GAAAGCGAAACC	9.424683	-50.409697	0	T:163.0(3.64%),B:675.2(1.54%),P:1e-21	Tpos:321.3,Tstd:263.0,Bpos:240.6,Bstd:144.9,StrandBias:0.2,Multiplicity:1.04
0.072	0.067	0.824	0.037
0.880	0.035	0.084	0.001
0.900	0.055	0.015	0.030
0.894	0.061	0.015	0.030
0.035	0.069	0.866	0.030
0.113	0.646	0.132	0.109
0.059	0.142	0.731	0.068
0.935	0.022	0.042	0.001
0.908	0.076	0.001	0.015
0.849	0.070	0.080	0.001
0.072	0.744	0.154	0.030
0.076	0.831	0.015	0.078
>RCTTCCRBTCTB	8-RCTTCCRBTCTB	8.940298	-46.839213	0	T:166.0(3.71%),B:720.9(1.64%),P:1e-20	Tpos:261.0,Tstd:164.0,Bpos:236.8,Bstd:136.7,StrandBias:0.4,Multiplicity:1.02
0.438	0.229	0.310	0.023
0.009	0.684	0.029	0.278
0.017	0.030	0.005	0.948
0.023	0.023	0.242	0.712
0.012	0.971	0.001	0.016
0.038	0.690	0.011	0.261
0.245	0.209	0.381	0.165
0.015	0.246	0.359	0.380
0.159	0.228	0.156	0.457
0.023	0.592	0.039	0.346
0.026	0.025	0.023	0.926
0.023	0.318	0.303	0.356
>AGTAACCACAGC	9-AGTAACCACAGC	9.535597	-43.027912	0	T:154.0(3.44%),B:672.2(1.53%),P:1e-18	Tpos:245.2,Tstd:207.0,Bpos:245.7,Bstd:146.2,StrandBias:-0.1,Multiplicity:1.02
0.783	0.033	0.097	0.087
0.039	0.074	0.835	0.052
0.106	0.026	0.052	0.816
0.755	0.098	0.069	0.078
0.782	0.102	0.027	0.089
0.101	0.800	0.077	0.022
0.083	0.878	0.001	0.038
0.932	0.036	0.001	0.031
0.074	0.843	0.048	0.035
0.887	0.039	0.013	0.061
0.077	0.049	0.815	0.059
0.022	0.878	0.061	0.039
>CTGCGCATGCGC	10-CTGCGCATGCGC	10.107188	-30.093780	0	T:131.0(2.93%),B:628.1(1.43%),P:1e-13	Tpos:309.5,Tstd:223.6,Bpos:235.0,Bstd:167.0,StrandBias:0.2,Multiplicity:1.15
0.071	0.666	0.141	0.122
0.257	0.056	0.001	0.686
0.107	0.001	0.891	0.001
0.278	0.630	0.091	0.001
0.105	0.191	0.703	0.001
0.001	0.997	0.001	0.001
0.766	0.001	0.077	0.156
0.161	0.163	0.001	0.675
0.001	0.001	0.997	0.001
0.001	0.891	0.001	0.107
0.096	0.105	0.671	0.128
0.001	0.997	0.001	0.001
>TKTTCACACCTC	11-TKTTCACACCTC	10.042131	-29.507873	0	T:78.0(1.74%),B:294.5(0.67%),P:1e-12	Tpos:255.8,Tstd:185.5,Bpos:239.9,Bstd:139.4,StrandBias:-0.0,Multiplicity:1.04
0.016	0.173	0.254	0.557
0.001	0.048	0.518	0.433
0.027	0.037	0.323	0.613
0.134	0.019	0.016	0.831
0.161	0.602	0.074	0.163
0.955	0.043	0.001	0.001
0.191	0.807	0.001	0.001
0.997	0.001	0.001	0.001
0.001	0.919	0.001	0.079
0.026	0.857	0.001	0.116
0.001	0.001	0.001	0.997
0.001	0.893	0.064	0.042
>GCTCTCGCGAGA	12-GCTCTCGCGAGA	13.303256	-22.116753	0	T:15.0(0.34%),B:16.1(0.04%),P:1e-9	Tpos:300.2,Tstd:201.8,Bpos:178.7,Bstd:166.0,StrandBias:-0.2,Multiplicity:1.07
0.083	0.021	0.895	0.001
0.021	0.603	0.037	0.339
0.001	0.001	0.001	0.997
0.090	0.908	0.001	0.001
0.001	0.001	0.001	0.997
0.001	0.908	0.090	0.001
0.001	0.001	0.997	0.001
0.001	0.997	0.001	0.001
0.001	0.090	0.908	0.001
0.997	0.001	0.001	0.001
0.001	0.001	0.908	0.090
0.997	0.001	0.001	0.001
>TGTTACCWTTTG	13-TGTTACCWTTTG	9.677506	-20.123554	0	T:100.0(2.23%),B:511.4(1.16%),P:1e-8	Tpos:304.4,Tstd:253.2,Bpos:241.6,Bstd:143.4,StrandBias:-0.1,Multiplicity:1.01
0.191	0.071	0.182	0.556
0.001	0.034	0.964	0.001
0.001	0.001	0.001	0.997
0.106	0.073	0.001	0.820
0.642	0.047	0.147	0.164
0.001	0.938	0.060	0.001
0.001	0.790	0.001	0.208
0.417	0.193	0.001	0.389
0.173	0.106	0.071	0.650
0.001	0.035	0.106	0.858
0.001	0.001	0.001	0.997
0.001	0.001	0.997	0.001
>ATGTTTCCATTT	14-ATGTTTCCATTT	10.101817	-17.706864	0	T:127.0(2.84%),B:736.6(1.68%),P:1e-7	Tpos:312.6,Tstd:287.7,Bpos:244.8,Bstd:142.6,StrandBias:-0.5,Multiplicity:1.04
0.447	0.297	0.001	0.254
0.139	0.079	0.054	0.728
0.001	0.181	0.514	0.304
0.058	0.001	0.001	0.940
0.068	0.039	0.233	0.660
0.175	0.199	0.213	0.413
0.053	0.711	0.001	0.235
0.001	0.970	0.001	0.028
0.997	0.001	0.001	0.001
0.001	0.248	0.001	0.750
0.001	0.001	0.001	0.997
0.001	0.001	0.001	0.997
>ACTGATGCAGTA	15-ACTGATGCAGTA	13.396893	-16.460484	0	T:8.0(0.18%),B:5.8(0.01%),P:1e-7	Tpos:170.8,Tstd:111.3,Bpos:152.5,Bstd:144.0,StrandBias:0.8,Multiplicity:1.57
0.814	0.001	0.184	0.001
0.184	0.814	0.001	0.001
0.001	0.001	0.001	0.997
0.065	0.185	0.749	0.001
0.739	0.197	0.063	0.001
0.001	0.001	0.001	0.997
0.001	0.001	0.997	0.001
0.001	0.814	0.001	0.184
0.629	0.001	0.185	0.185
0.031	0.001	0.967	0.001
0.001	0.001	0.001	0.997
0.967	0.001	0.001	0.031
>AGACCTTCTTGG	16-AGACCTTCTTGG	12.355432	-16.303695	0	T:6.0(0.13%),B:3.0(0.01%),P:1e-7	Tpos:130.8,Tstd:119.4,Bpos:207.4,Bstd:79.7,StrandBias:-2.3,Multiplicity:1.00
0.700	0.100	0.100	0.100
0.100	0.100	0.700	0.100
0.700	0.100	0.100	0.100
0.100	0.700	0.100	0.100
0.100	0.700	0.100	0.100
0.100	0.100	0.100	0.700
0.100	0.100	0.100	0.700
0.100	0.700	0.100	0.100
0.100	0.100	0.100	0.700
0.100	0.100	0.100	0.700
0.100	0.100	0.700	0.100
0.100	0.100	0.700	0.100
>CTCTCTAAGGTC	17-CTCTCTAAGGTC	13.969439	-16.296013	0	T:5.0(0.11%),B:1.4(0.00%),P:1e-7	Tpos:181.5,Tstd:134.6,Bpos:167.2,Bstd:56.1,StrandBias:1.6,Multiplicity:2.00
0.001	0.997	0.001	0.001
0.001	0.001	0.001	0.997
0.001	0.997	0.001	0.001
0.090	0.066	0.001	0.843
0.001	0.933	0.001	0.065
0.001	0.065	0.001	0.933
0.997	0.001	0.001	0.001
0.997	0.001	0.001	0.001
0.001	0.001	0.997	0.001
0.089	0.001	0.909	0.001
0.001	0.001	0.001	0.997
0.001	0.997	0.001	0.001
>TCCTGCTAACAM	18-TCCTGCTAACAM	11.507394	-15.413788	0	T:29.0(0.65%),B:92.8(0.21%),P:1e-6	Tpos:256.8,Tstd:230.2,Bpos:221.8,Bstd:133.1,StrandBias:0.5,Multiplicity:1.04
0.001	0.001	0.121	0.877
0.001	0.997	0.001	0.001
0.001	0.997	0.001	0.001
0.001	0.001	0.001	0.997
0.001	0.047	0.868	0.084
0.001	0.644	0.001	0.354
0.067	0.011	0.115	0.807
0.800	0.067	0.125	0.008
0.997	0.001	0.001	0.001
0.228	0.770	0.001	0.001
0.997	0.001	0.001	0.001
0.542	0.456	0.001	0.001
>TGTTWCCATCCT	19-TGTTWCCATCCT	8.146237	-12.777443	0	T:81.0(1.81%),B:458.3(1.04%),P:1e-5	Tpos:335.1,Tstd:301.5,Bpos:232.2,Bstd:137.5,StrandBias:-0.3,Multiplicity:1.00
0.165	0.006	0.059	0.770
0.007	0.112	0.732	0.149
0.102	0.114	0.167	0.617
0.149	0.239	0.156	0.456
0.390	0.147	0.206	0.258
0.208	0.459	0.185	0.147
0.163	0.609	0.105	0.123
0.478	0.187	0.123	0.212
0.186	0.185	0.160	0.469
0.009	0.767	0.209	0.015
0.106	0.694	0.060	0.140
0.124	0.084	0.067	0.725
>CCAGTGACACAC	20-CCAGTGACACAC	14.287351	-11.065786	0	T:6.0(0.13%),B:5.3(0.01%),P:1e-4	Tpos:188.2,Tstd:133.7,Bpos:246.1,Bstd:106.7,StrandBias:1.4,Multiplicity:1.83
0.001	0.997	0.001	0.001
0.001	0.997	0.001	0.001
0.997	0.001	0.001	0.001
0.001	0.001	0.997	0.001
0.001	0.001	0.001	0.997
0.001	0.001	0.997	0.001
0.997	0.001	0.001	0.001
0.001	0.997	0.001	0.001
0.997	0.001	0.001	0.001
0.001	0.997	0.001	0.001
0.887	0.001	0.111	0.001
0.001	0.887	0.001	0.111
>AATGAGTATACA	21-AATGAGTATACA	13.062530	-6.282408	0	T:4.0(0.09%),B:5.2(0.01%),P:1e-2	Tpos:153.4,Tstd:87.6,Bpos:282.2,Bstd:142.9,StrandBias:3.2,Multiplicity:5.00
0.997	0.001	0.001	0.001
0.997	0.001	0.001	0.001
0.001	0.001	0.001	0.997
0.001	0.001	0.966	0.032
0.997	0.001	0.001	0.001
0.001	0.001	0.997	0.001
0.001	0.032	0.001	0.966
0.997	0.001	0.001	0.001
0.001	0.001	0.001	0.997
0.997	0.001	0.001	0.001
0.001	0.933	0.033	0.033
0.997	0.001	0.001	0.001
>AGCCTCCTGCTA	22-AGCCTCCTGCTA	12.355432	-4.788672	0	T:3.0(0.07%),B:4.6(0.01%),P:1e-2	Tpos:175.2,Tstd:89.4,Bpos:311.0,Bstd:143.2,StrandBias:2.8,Multiplicity:2.67
0.700	0.100	0.100	0.100
0.100	0.100	0.700	0.100
0.100	0.700	0.100	0.100
0.100	0.700	0.100	0.100
0.100	0.100	0.100	0.700
0.100	0.700	0.100	0.100
0.100	0.700	0.100	0.100
0.100	0.100	0.100	0.700
0.100	0.100	0.700	0.100
0.100	0.700	0.100	0.100
0.100	0.100	0.100	0.700
0.700	0.100	0.100	0.100
>TGATGTTACCAT	23-TGATGTTACCAT	6.517702	-2.645863	0	T:1053.0(23.53%),B:9930.5(22.59%),P:1e-1	Tpos:300.2,Tstd:252.5,Bpos:242.4,Bstd:137.8,StrandBias:-0.0,Multiplicity:1.23
0.100	0.100	0.100	0.700
0.100	0.100	0.700	0.100
0.700	0.100	0.100	0.100
0.100	0.100	0.100	0.700
0.100	0.100	0.700	0.100
0.100	0.100	0.100	0.700
0.100	0.100	0.100	0.700
0.700	0.100	0.100	0.100
0.100	0.700	0.100	0.100
0.100	0.700	0.100	0.100
0.700	0.100	0.100	0.100
0.100	0.100	0.100	0.700
>GTGTTAGAGGAT	24-GTGTTAGAGGAT	12.355432	-2.334801	0	T:1.0(0.02%),B:2.0(0.00%),P:1e-1	Tpos:173.0,Tstd:90.1,Bpos:109.4,Bstd:57.1,StrandBias:10.0,Multiplicity:10.00
0.100	0.100	0.700	0.100
0.100	0.100	0.100	0.700
0.100	0.100	0.700	0.100
0.100	0.100	0.100	0.700
0.100	0.100	0.100	0.700
0.700	0.100	0.100	0.100
0.100	0.100	0.700	0.100
0.700	0.100	0.100	0.100
0.100	0.100	0.700	0.100
0.100	0.100	0.700	0.100
0.700	0.100	0.100	0.100
0.100	0.100	0.100	0.700
>NNNNNNNNNNNN	25-NNNNNNNNNNNN	-nan	0.000000	0	T:0.0(0.00%),B:0.0(0.00%),P:1e0	Tpos:0.0,Tstd:0.0,Bpos:0.0,Bstd:0.0,StrandBias:0.0,Multiplicity:1.00
-nan	-nan	-nan	-nan
-nan	-nan	-nan	-nan
-nan	-nan	-nan	-nan
-nan	-nan	-nan	-nan
-nan	-nan	-nan	-nan
-nan	-nan	-nan	-nan
-nan	-nan	-nan	-nan
-nan	-nan	-nan	-nan
-nan	-nan	-nan	-nan
-nan	-nan	-nan	-nan
-nan	-nan	-nan	-nan
-nan	-nan	-nan	-nan
