>ACAGGAAGTD	1-ACAGGAAGTD	6.136264	-510.452604	0	T:1472.0(32.89%),B:6189.1(14.08%),P:1e-221	Tpos:300.1,Tstd:228.6,Bpos:243.0,Bstd:145.8,StrandBias:-0.0,Multiplicity:1.29
0.480	0.115	0.285	0.120
0.184	0.528	0.189	0.099
0.488	0.268	0.124	0.120
0.032	0.131	0.750	0.087
0.096	0.159	0.594	0.151
0.829	0.066	0.069	0.036
0.606	0.153	0.018	0.223
0.367	0.075	0.517	0.041
0.115	0.282	0.167	0.437
0.285	0.160	0.345	0.210
>GGGCGGAAGT	2-GGGCGGAAGT	7.214566	-141.977396	0	T:1218.0(27.21%),B:7565.7(17.21%),P:1e-61	Tpos:329.5,Tstd:274.7,Bpos:242.8,Bstd:153.8,StrandBias:-0.0,Multiplicity:1.23
0.101	0.088	0.698	0.113
0.056	0.062	0.711	0.171
0.219	0.066	0.714	0.001
0.323	0.653	0.001	0.023
0.001	0.001	0.997	0.001
0.001	0.001	0.997	0.001
0.903	0.001	0.095	0.001
0.800	0.018	0.135	0.047
0.152	0.022	0.825	0.001
0.075	0.301	0.113	0.511
>CCACCTAGTG	3-CCACCTAGTG	8.943271	-135.807193	0	T:219.0(4.89%),B:571.3(1.30%),P:1e-58	Tpos:292.9,Tstd:259.2,Bpos:238.0,Bstd:150.7,StrandBias:0.2,Multiplicity:1.01
0.054	0.861	0.031	0.054
0.045	0.850	0.050	0.055
0.563	0.333	0.062	0.042
0.046	0.704	0.056	0.194
0.011	0.931	0.045	0.013
0.067	0.020	0.041	0.872
0.597	0.016	0.272	0.115
0.001	0.112	0.861	0.026
0.065	0.031	0.029	0.875
0.022	0.014	0.896	0.068
>GCCCCGCCCH	4-GCCCCGCCCH	8.613553	-131.443255	0	T:1034.0(23.10%),B:6217.4(14.15%),P:1e-57	Tpos:339.7,Tstd:266.3,Bpos:241.3,Bstd:158.3,StrandBias:-0.0,Multiplicity:1.52
0.214	0.045	0.642	0.099
0.126	0.677	0.141	0.056
0.001	0.771	0.001	0.227
0.230	0.768	0.001	0.001
0.001	0.974	0.024	0.001
0.116	0.001	0.529	0.354
0.001	0.997	0.001	0.001
0.001	0.997	0.001	0.001
0.001	0.790	0.018	0.191
0.333	0.327	0.090	0.250
>TGTGGTTTBN	5-TGTGGTTTBN	7.300067	-117.166599	0	T:1026.0(22.92%),B:6349.5(14.45%),P:1e-50	Tpos:314.2,Tstd:285.7,Bpos:243.3,Bstd:147.9,StrandBias:0.0,Multiplicity:1.25
0.057	0.001	0.113	0.829
0.001	0.011	0.851	0.137
0.046	0.060	0.087	0.807
0.001	0.001	0.997	0.001
0.001	0.001	0.997	0.001
0.001	0.045	0.055	0.899
0.046	0.048	0.098	0.808
0.200	0.001	0.102	0.697
0.191	0.241	0.344	0.224
0.308	0.204	0.213	0.275
>GRTGAGTCAY	6-GRTGAGTCAY	7.301229	-83.670910	0	T:528.0(11.80%),B:2903.9(6.61%),P:1e-36	Tpos:290.8,Tstd:229.9,Bpos:242.1,Bstd:141.5,StrandBias:-0.0,Multiplicity:1.12
0.162	0.258	0.418	0.161
0.364	0.144	0.368	0.123
0.001	0.001	0.016	0.982
0.001	0.012	0.862	0.125
0.723	0.084	0.095	0.098
0.059	0.282	0.586	0.073
0.001	0.001	0.021	0.977
0.077	0.896	0.001	0.026
0.950	0.001	0.048	0.001
0.071	0.383	0.199	0.348
>GTTWTTWCCG	7-GTTWTTWCCG	6.331100	-81.336148	0	T:454.0(10.14%),B:2386.6(5.43%),P:1e-35	Tpos:337.7,Tstd:281.7,Bpos:241.0,Bstd:155.3,StrandBias:0.1,Multiplicity:1.08
0.221	0.080	0.547	0.152
0.001	0.029	0.001	0.969
0.168	0.231	0.043	0.558
0.381	0.062	0.067	0.489
0.090	0.060	0.275	0.575
0.056	0.001	0.044	0.899
0.552	0.001	0.001	0.446
0.025	0.718	0.022	0.235
0.004	0.841	0.154	0.001
0.001	0.045	0.922	0.032
>GTTTCCGTTT	8-GTTTCCGTTT	5.657063	-77.276349	0	T:1176.0(26.27%),B:8282.6(18.85%),P:1e-33	Tpos:307.6,Tstd:261.4,Bpos:241.8,Bstd:150.1,StrandBias:0.0,Multiplicity:1.26
0.153	0.185	0.486	0.175
0.087	0.189	0.147	0.577
0.058	0.115	0.089	0.738
0.067	0.114	0.117	0.702
0.105	0.576	0.194	0.125
0.187	0.492	0.159	0.162
0.124	0.182	0.575	0.119
0.130	0.182	0.077	0.611
0.102	0.183	0.087	0.628
0.119	0.148	0.163	0.570
>VTAAACAVSY	9-VTAAACAVSY	5.360012	-58.244578	0	T:844.0(18.86%),B:5824.2(13.25%),P:1e-25	Tpos:308.4,Tstd:269.0,Bpos:242.0,Bstd:150.9,StrandBias:-0.0,Multiplicity:1.13
0.225	0.239	0.356	0.180
0.261	0.259	0.016	0.464
0.941	0.007	0.011	0.041
0.581	0.010	0.168	0.241
0.463	0.124	0.238	0.176
0.272	0.702	0.009	0.017
0.520	0.080	0.311	0.089
0.280	0.419	0.297	0.005
0.086	0.273	0.401	0.240
0.183	0.371	0.188	0.257
>CTTTCGCTTT	10-CTTTCGCTTT	8.019580	-58.078779	0	T:323.0(7.22%),B:1691.0(3.85%),P:1e-25	Tpos:291.0,Tstd:247.4,Bpos:236.3,Bstd:146.8,StrandBias:-0.0,Multiplicity:1.05
0.028	0.918	0.053	0.001
0.001	0.265	0.001	0.733
0.001	0.008	0.045	0.946
0.133	0.257	0.049	0.561
0.001	0.955	0.005	0.039
0.036	0.063	0.846	0.055
0.001	0.837	0.116	0.046
0.160	0.084	0.118	0.638
0.002	0.029	0.167	0.802
0.154	0.032	0.001	0.813
>CCACAAGAGG	11-CCACAAGAGG	10.695352	-53.639822	0	T:114.0(2.55%),B:369.5(0.84%),P:1e-23	Tpos:336.8,Tstd:282.4,Bpos:238.9,Bstd:132.8,StrandBias:0.1,Multiplicity:1.02
0.001	0.997	0.001	0.001
0.001	0.997	0.001	0.001
0.860	0.001	0.001	0.138
0.001	0.997	0.001	0.001
0.676	0.167	0.085	0.072
0.997	0.001	0.001	0.001
0.001	0.001	0.997	0.001
0.832	0.001	0.166	0.001
0.001	0.001	0.927	0.071
0.001	0.001	0.895	0.103
>TCACGTGACN	12-TCACGTGACN	6.506906	-46.089651	0	T:570.0(12.73%),B:3777.1(8.59%),P:1e-20	Tpos:331.6,Tstd:279.2,Bpos:242.4,Bstd:153.2,StrandBias:0.1,Multiplicity:1.10
0.252	0.080	0.001	0.667
0.001	0.908	0.056	0.035
0.727	0.092	0.023	0.158
0.041	0.904	0.001	0.054
0.001	0.025	0.958	0.016
0.001	0.017	0.123	0.859
0.204	0.044	0.751	0.001
0.595	0.102	0.183	0.120
0.001	0.743	0.135	0.121
0.252	0.285	0.257	0.206
>GGGGCGGTAC	13-GGGGCGGTAC	8.649871	-43.758756	0	T:218.0(4.87%),B:1096.5(2.49%),P:1e-19	Tpos:317.0,Tstd:252.3,Bpos:242.9,Bstd:160.0,StrandBias:-0.1,Multiplicity:1.04
0.028	0.001	0.970	0.001
0.021	0.001	0.977	0.001
0.009	0.008	0.958	0.025
0.033	0.039	0.927	0.001
0.030	0.851	0.032	0.087
0.015	0.028	0.956	0.001
0.082	0.001	0.857	0.060
0.056	0.001	0.163	0.780
0.892	0.089	0.001	0.018
0.060	0.850	0.071	0.019
>AGGCGGAGTC	14-AGGCGGAGTC	7.284420	-39.741849	0	T:408.0(9.12%),B:2580.6(5.87%),P:1e-17	Tpos:333.1,Tstd:252.7,Bpos:240.9,Bstd:156.1,StrandBias:0.3,Multiplicity:1.10
0.793	0.031	0.062	0.114
0.024	0.052	0.842	0.082
0.051	0.065	0.830	0.054
0.066	0.861	0.049	0.024
0.059	0.064	0.817	0.060
0.154	0.070	0.702	0.074
0.847	0.025	0.066	0.062
0.118	0.028	0.800	0.054
0.044	0.109	0.091	0.756
0.031	0.757	0.077	0.135
>TATTTGCATA	15-TATTTGCATA	9.639623	-39.147628	0	T:93.0(2.08%),B:326.6(0.74%),P:1e-17	Tpos:272.1,Tstd:210.2,Bpos:255.4,Bstd:137.0,StrandBias:0.3,Multiplicity:1.08
0.145	0.120	0.213	0.522
0.892	0.092	0.001	0.015
0.001	0.001	0.001	0.997
0.001	0.001	0.001	0.997
0.001	0.001	0.001	0.997
0.027	0.019	0.953	0.001
0.054	0.922	0.001	0.023
0.936	0.044	0.001	0.019
0.001	0.001	0.001	0.997
0.920	0.011	0.035	0.034
>GTGTTGTTTT	16-GTGTTGTTTT	8.371281	-37.445846	0	T:419.0(9.36%),B:2708.0(6.16%),P:1e-16	Tpos:335.3,Tstd:264.9,Bpos:247.0,Bstd:152.9,StrandBias:0.1,Multiplicity:1.19
0.015	0.140	0.783	0.062
0.029	0.045	0.045	0.881
0.001	0.001	0.812	0.186
0.019	0.001	0.030	0.950
0.104	0.013	0.001	0.882
0.001	0.044	0.932	0.023
0.014	0.030	0.055	0.901
0.001	0.001	0.001	0.997
0.001	0.050	0.023	0.926
0.001	0.030	0.001	0.968
>TCCGCGATCG	17-TCCGCGATCG	7.828499	-31.455230	0	T:95.0(2.12%),B:384.9(0.88%),P:1e-13	Tpos:327.8,Tstd:296.4,Bpos:248.0,Bstd:166.2,StrandBias:-0.2,Multiplicity:1.07
0.057	0.096	0.021	0.826
0.063	0.744	0.098	0.095
0.092	0.839	0.040	0.029
0.001	0.108	0.860	0.031
0.001	0.762	0.021	0.216
0.001	0.023	0.825	0.151
0.940	0.041	0.017	0.002
0.134	0.040	0.055	0.771
0.249	0.611	0.096	0.044
0.001	0.106	0.892	0.001
>AAGGCGTGGC	18-AAGGCGTGGC	10.685895	-28.376246	0	T:55.0(1.23%),B:171.9(0.39%),P:1e-12	Tpos:260.1,Tstd:163.1,Bpos:248.0,Bstd:160.6,StrandBias:0.2,Multiplicity:1.04
0.845	0.043	0.111	0.001
0.997	0.001	0.001	0.001
0.043	0.001	0.779	0.177
0.001	0.189	0.809	0.001
0.001	0.997	0.001	0.001
0.001	0.001	0.997	0.001
0.001	0.001	0.001	0.997
0.001	0.047	0.951	0.001
0.001	0.001	0.913	0.085
0.001	0.695	0.001	0.303
>TGCGCATGCG	19-TGCGCATGCG	8.070838	-24.747295	0	T:141.0(3.15%),B:752.2(1.71%),P:1e-10	Tpos:339.2,Tstd:279.8,Bpos:233.4,Bstd:170.5,StrandBias:-0.1,Multiplicity:1.23
0.235	0.221	0.021	0.523
0.240	0.029	0.695	0.036
0.170	0.679	0.024	0.127
0.140	0.045	0.787	0.028
0.259	0.676	0.035	0.030
0.440	0.168	0.205	0.186
0.257	0.048	0.053	0.642
0.051	0.089	0.819	0.041
0.014	0.543	0.204	0.239
0.185	0.026	0.553	0.236
>TTAAACAGCT	20-TTAAACAGCT	9.435708	-22.178320	0	T:106.0(2.37%),B:532.1(1.21%),P:1e-9	Tpos:285.9,Tstd:249.8,Bpos:240.6,Bstd:146.3,StrandBias:-0.1,Multiplicity:1.03
0.001	0.001	0.001	0.997
0.125	0.001	0.001	0.873
0.997	0.001	0.001	0.001
0.831	0.071	0.097	0.001
0.997	0.001	0.001	0.001
0.194	0.632	0.062	0.112
0.997	0.001	0.001	0.001
0.057	0.001	0.941	0.001
0.064	0.853	0.001	0.082
0.081	0.001	0.001	0.917
>TTGTCGCCAT	21-TTGTCGCCAT	10.296193	-16.296013	0	T:5.0(0.11%),B:1.9(0.00%),P:1e-7	Tpos:233.0,Tstd:87.9,Bpos:249.2,Bstd:47.9,StrandBias:0.6,Multiplicity:1.00
0.100	0.100	0.100	0.700
0.100	0.100	0.100	0.700
0.100	0.100	0.700	0.100
0.100	0.100	0.100	0.700
0.100	0.700	0.100	0.100
0.100	0.100	0.700	0.100
0.100	0.700	0.100	0.100
0.100	0.700	0.100	0.100
0.700	0.100	0.100	0.100
0.100	0.100	0.100	0.700
>ACCAATTCCG	22-ACCAATTCCG	10.296193	-13.697327	0	T:7.0(0.16%),B:5.7(0.01%),P:1e-5	Tpos:242.0,Tstd:179.3,Bpos:238.2,Bstd:118.4,StrandBias:2.6,Multiplicity:1.00
0.700	0.100	0.100	0.100
0.100	0.700	0.100	0.100
0.100	0.700	0.100	0.100
0.700	0.100	0.100	0.100
0.700	0.100	0.100	0.100
0.100	0.100	0.100	0.700
0.100	0.100	0.100	0.700
0.100	0.700	0.100	0.100
0.100	0.700	0.100	0.100
0.100	0.100	0.700	0.100
>CTATCACACT	23-CTATCACACT	10.896441	-12.467714	0	T:34.0(0.76%),B:137.1(0.31%),P:1e-5	Tpos:329.6,Tstd:254.4,Bpos:237.1,Bstd:131.9,StrandBias:0.2,Multiplicity:1.55
0.001	0.701	0.297	0.001
0.001	0.001	0.001	0.997
0.997	0.001	0.001	0.001
0.149	0.001	0.001	0.849
0.001	0.997	0.001	0.001
0.997	0.001	0.001	0.001
0.001	0.732	0.001	0.266
0.997	0.001	0.001	0.001
0.001	0.714	0.284	0.001
0.001	0.001	0.001	0.997
>TGATGTTACC	24-TGATGTTACC	6.404373	-6.037311	0	T:1092.0(24.40%),B:9936.5(22.61%),P:1e-2	Tpos:307.0,Tstd:262.2,Bpos:240.2,Bstd:141.8,StrandBias:0.2,Multiplicity:1.24
0.100	0.100	0.100	0.700
0.100	0.100	0.700	0.100
0.700	0.100	0.100	0.100
0.100	0.100	0.100	0.700
0.100	0.100	0.700	0.100
0.100	0.100	0.100	0.700
0.100	0.100	0.100	0.700
0.700	0.100	0.100	0.100
0.100	0.700	0.100	0.100
0.100	0.700	0.100	0.100
>ATGAGTATAC	25-ATGAGTATAC	10.296193	-2.724224	0	T:3.0(0.07%),B:9.9(0.02%),P:1e-1	Tpos:190.6,Tstd:148.3,Bpos:172.2,Bstd:124.6,StrandBias:4.1,Multiplicity:6.00
0.700	0.100	0.100	0.100
0.100	0.100	0.100	0.700
0.100	0.100	0.700	0.100
0.700	0.100	0.100	0.100
0.100	0.100	0.700	0.100
0.100	0.100	0.100	0.700
0.700	0.100	0.100	0.100
0.100	0.100	0.100	0.700
0.700	0.100	0.100	0.100
0.100	0.700	0.100	0.100
