Factor1: 1.0027594854929949
Factor2: 0.9972481083121941
