Factor1: 1.0412113770189364
Factor2: 0.9604197784152844
