Factor1: 1.0014193352041383
Factor2: 0.9985826764530694
