Factor1: 0.7909341289314199
Factor2: 1.2643277909262005
