>AAACCACA	1-AAACCACA	9.661270	-162.263306	0	T:207.0(17.81%),B:1914.5(4.05%),P:1e-70	Tpos:271.6,Tstd:165.2,Bpos:229.0,Bstd:142.2,StrandBias:-0.2,Multiplicity:1.11
0.628	0.083	0.001	0.288
0.997	0.001	0.001	0.001
0.997	0.001	0.001	0.001
0.001	0.997	0.001	0.001
0.001	0.997	0.001	0.001
0.966	0.001	0.032	0.001
0.001	0.997	0.001	0.001
0.874	0.059	0.001	0.066
>AGGAAGTG	2-AGGAAGTG	6.154605	-131.428281	0	T:342.0(29.43%),B:5622.3(11.88%),P:1e-57	Tpos:277.0,Tstd:163.3,Bpos:238.2,Bstd:141.6,StrandBias:0.2,Multiplicity:1.17
0.927	0.071	0.001	0.001
0.001	0.025	0.973	0.001
0.001	0.001	0.997	0.001
0.997	0.001	0.001	0.001
0.774	0.001	0.001	0.224
0.136	0.001	0.862	0.001
0.001	0.001	0.001	0.997
0.001	0.001	0.997	0.001
>AACCACAK	3-AACCACAK	6.222893	-114.107817	0	T:632.0(54.39%),B:15664.0(33.10%),P:1e-49	Tpos:280.9,Tstd:183.2,Bpos:236.1,Bstd:140.6,StrandBias:0.1,Multiplicity:1.46
0.466	0.162	0.139	0.233
0.632	0.088	0.279	0.001
0.001	0.997	0.001	0.001
0.001	0.997	0.001	0.001
0.645	0.001	0.254	0.100
0.106	0.892	0.001	0.001
0.802	0.095	0.002	0.101
0.247	0.015	0.322	0.416
>CTTCCGGT	4-CTTCCGGT	5.350342	-101.204814	0	T:310.0(26.68%),B:5513.4(11.65%),P:1e-43	Tpos:278.4,Tstd:178.8,Bpos:238.1,Bstd:140.5,StrandBias:0.1,Multiplicity:1.22
0.001	0.941	0.001	0.057
0.017	0.001	0.001	0.981
0.001	0.001	0.001	0.997
0.001	0.997	0.001	0.001
0.001	0.997	0.001	0.001
0.001	0.001	0.794	0.204
0.001	0.001	0.997	0.001
0.001	0.001	0.001	0.997
>TGACTCAT	5-TGACTCAT	5.814558	-48.304896	0	T:180.0(15.49%),B:3427.9(7.24%),P:1e-20	Tpos:266.4,Tstd:165.4,Bpos:231.8,Bstd:140.6,StrandBias:-0.3,Multiplicity:1.16
0.001	0.001	0.001	0.997
0.001	0.001	0.933	0.065
0.997	0.001	0.001	0.001
0.001	0.986	0.012	0.001
0.001	0.001	0.001	0.997
0.001	0.997	0.001	0.001
0.997	0.001	0.001	0.001
0.001	0.081	0.018	0.900
>CATCAAAG	6-CATCAAAG	7.307609	-42.469172	0	T:237.0(20.40%),B:5361.0(11.33%),P:1e-18	Tpos:279.2,Tstd:180.0,Bpos:236.8,Bstd:140.2,StrandBias:0.1,Multiplicity:1.18
0.096	0.660	0.243	0.001
0.874	0.074	0.001	0.051
0.037	0.001	0.049	0.913
0.022	0.858	0.070	0.050
0.980	0.001	0.001	0.018
0.962	0.001	0.036	0.001
0.958	0.001	0.001	0.040
0.027	0.015	0.957	0.001
>GAGGTGTT	7-GAGGTGTT	6.768315	-37.265969	0	T:331.0(28.49%),B:8744.9(18.48%),P:1e-16	Tpos:277.2,Tstd:201.9,Bpos:233.8,Bstd:142.7,StrandBias:-0.1,Multiplicity:1.16
0.025	0.001	0.973	0.001
0.946	0.001	0.034	0.019
0.027	0.008	0.964	0.001
0.001	0.106	0.832	0.061
0.089	0.034	0.050	0.827
0.001	0.001	0.904	0.094
0.032	0.114	0.032	0.822
0.031	0.038	0.117	0.814
>CGCTTTAG	8-CGCTTTAG	5.320989	-24.977994	0	T:244.0(21.00%),B:6534.0(13.81%),P:1e-10	Tpos:284.3,Tstd:185.7,Bpos:234.6,Bstd:148.6,StrandBias:-0.1,Multiplicity:1.14
0.081	0.753	0.076	0.090
0.091	0.073	0.792	0.044
0.065	0.761	0.094	0.080
0.059	0.059	0.075	0.807
0.097	0.052	0.072	0.779
0.100	0.163	0.044	0.693
0.648	0.125	0.086	0.141
0.077	0.090	0.776	0.057
>AACCAATC	9-AACCAATC	7.482102	-22.434046	0	T:179.0(15.40%),B:4517.9(9.55%),P:1e-9	Tpos:269.8,Tstd:189.5,Bpos:235.8,Bstd:144.5,StrandBias:0.1,Multiplicity:1.28
0.766	0.001	0.232	0.001
0.834	0.066	0.080	0.020
0.085	0.913	0.001	0.001
0.020	0.978	0.001	0.001
0.969	0.029	0.001	0.001
0.902	0.096	0.001	0.001
0.100	0.080	0.087	0.733
0.031	0.937	0.031	0.001
>CCGCCCTC	10-CCGCCCTC	4.857518	-21.390995	0	T:299.0(25.73%),B:8727.1(18.44%),P:1e-9	Tpos:295.1,Tstd:201.2,Bpos:233.8,Bstd:157.1,StrandBias:-0.1,Multiplicity:2.18
0.001	0.997	0.001	0.001
0.003	0.994	0.001	0.002
0.001	0.001	0.997	0.001
0.001	0.997	0.001	0.001
0.001	0.997	0.001	0.001
0.001	0.742	0.001	0.256
0.255	0.073	0.001	0.671
0.079	0.750	0.064	0.107
>TATGATCA	11-TATGATCA	8.716327	-10.287413	0	T:48.0(4.13%),B:1036.0(2.19%),P:1e-4	Tpos:227.9,Tstd:148.8,Bpos:237.7,Bstd:137.1,StrandBias:-0.8,Multiplicity:1.21
0.001	0.001	0.001	0.997
0.997	0.001	0.001	0.001
0.129	0.001	0.001	0.869
0.001	0.245	0.753	0.001
0.997	0.001	0.001	0.001
0.001	0.001	0.001	0.997
0.001	0.997	0.001	0.001
0.973	0.001	0.025	0.001
