>AAAGCTCAWCAA	1-AAAGCTCAWCAA	10.725661	-36.918048	0	T:18.0(0.35%),B:9.9(0.02%),P:1e-16	Tpos:172.8,Tstd:133.3,Bpos:86.2,Bstd:79.6,StrandBias:-0.3,Multiplicity:1.00
0.565	0.200	0.170	0.065
0.667	0.213	0.077	0.043
0.871	0.036	0.057	0.036
0.338	0.040	0.577	0.045
0.062	0.772	0.102	0.064
0.065	0.040	0.014	0.881
0.079	0.839	0.056	0.026
0.574	0.306	0.001	0.119
0.355	0.170	0.043	0.431
0.092	0.764	0.086	0.058
0.777	0.036	0.101	0.086
0.568	0.123	0.251	0.058
>TTTATASAATCT	2-TTTATASAATCT	10.638820	-32.435958	0	T:27.0(0.53%),B:33.4(0.07%),P:1e-14	Tpos:211.5,Tstd:191.0,Bpos:142.9,Bstd:75.0,StrandBias:0.4,Multiplicity:1.04
0.079	0.019	0.034	0.868
0.050	0.014	0.290	0.646
0.257	0.053	0.049	0.641
0.629	0.013	0.034	0.324
0.016	0.280	0.206	0.499
0.826	0.013	0.113	0.048
0.169	0.365	0.265	0.201
0.660	0.013	0.009	0.318
0.839	0.063	0.080	0.018
0.073	0.012	0.081	0.834
0.050	0.641	0.292	0.017
0.053	0.247	0.003	0.697
>CTTGTTAGTGAT	3-CTTGTTAGTGAT	13.635478	-27.261144	0	T:12.0(0.23%),B:6.0(0.01%),P:1e-11	Tpos:86.8,Tstd:48.7,Bpos:101.8,Bstd:75.5,StrandBias:1.0,Multiplicity:1.00
0.001	0.843	0.155	0.001
0.001	0.001	0.001	0.997
0.001	0.001	0.001	0.997
0.001	0.155	0.843	0.001
0.001	0.156	0.156	0.687
0.001	0.001	0.001	0.997
0.843	0.155	0.001	0.001
0.001	0.170	0.828	0.001
0.001	0.001	0.001	0.997
0.189	0.001	0.809	0.001
0.997	0.001	0.001	0.001
0.001	0.001	0.001	0.997
>GTGTTTTGCAAC	4-GTGTTTTGCAAC	12.904647	-23.824583	0	T:7.0(0.14%),B:0.9(0.00%),P:1e-10	Tpos:107.8,Tstd:73.6,Bpos:239.0,Bstd:0.0,StrandBias:-1.0,Multiplicity:1.00
0.001	0.001	0.997	0.001
0.001	0.001	0.001	0.997
0.155	0.001	0.843	0.001
0.001	0.155	0.001	0.843
0.001	0.001	0.001	0.997
0.156	0.326	0.010	0.508
0.001	0.001	0.363	0.635
0.001	0.001	0.997	0.001
0.001	0.843	0.155	0.001
0.997	0.001	0.001	0.001
0.677	0.321	0.001	0.001
0.010	0.638	0.166	0.186
>TGCCTCCTGAAA	5-TGCCTCCTGAAA	12.269014	-22.980445	0	T:25.0(0.49%),B:43.6(0.10%),P:1e-9	Tpos:158.7,Tstd:119.8,Bpos:144.6,Bstd:79.8,StrandBias:-0.8,Multiplicity:1.00
0.080	0.001	0.001	0.918
0.001	0.046	0.952	0.001
0.001	0.940	0.001	0.058
0.081	0.837	0.001	0.081
0.001	0.001	0.001	0.997
0.081	0.810	0.081	0.028
0.001	0.940	0.001	0.058
0.001	0.001	0.001	0.997
0.001	0.046	0.952	0.001
0.997	0.001	0.001	0.001
0.940	0.001	0.058	0.001
0.791	0.081	0.047	0.081
>AAACACTGGTTT	6-AAACACTGGTTT	9.362794	-22.859903	0	T:158.0(3.09%),B:802.3(1.79%),P:1e-9	Tpos:185.9,Tstd:169.4,Bpos:135.8,Bstd:74.5,StrandBias:0.0,Multiplicity:1.05
0.902	0.001	0.051	0.046
0.771	0.086	0.068	0.075
0.949	0.001	0.001	0.049
0.034	0.767	0.106	0.093
0.868	0.065	0.001	0.066
0.074	0.796	0.058	0.072
0.100	0.013	0.001	0.886
0.055	0.033	0.857	0.055
0.074	0.073	0.765	0.088
0.087	0.068	0.019	0.826
0.087	0.064	0.080	0.769
0.075	0.005	0.079	0.841
>CCGAGACTCTGC	7-CCGAGACTCTGC	13.497656	-22.307421	0	T:11.0(0.21%),B:6.0(0.01%),P:1e-9	Tpos:133.5,Tstd:79.6,Bpos:98.4,Bstd:40.1,StrandBias:0.3,Multiplicity:1.00
0.001	0.997	0.001	0.001
0.001	0.754	0.001	0.244
0.107	0.107	0.785	0.001
0.891	0.001	0.107	0.001
0.001	0.001	0.997	0.001
0.891	0.001	0.107	0.001
0.001	0.997	0.001	0.001
0.107	0.107	0.001	0.785
0.001	0.997	0.001	0.001
0.001	0.001	0.001	0.997
0.001	0.001	0.997	0.001
0.001	0.997	0.001	0.001
>TTTAACAACCCC	8-TTTAACAACCCC	13.010064	-22.307421	0	T:11.0(0.21%),B:6.9(0.02%),P:1e-9	Tpos:85.4,Tstd:54.2,Bpos:138.6,Bstd:57.2,StrandBias:0.8,Multiplicity:1.00
0.001	0.118	0.001	0.880
0.001	0.001	0.001	0.997
0.001	0.001	0.001	0.997
0.761	0.237	0.001	0.001
0.880	0.118	0.001	0.001
0.012	0.726	0.250	0.012
0.761	0.237	0.001	0.001
0.997	0.001	0.001	0.001
0.001	0.997	0.001	0.001
0.118	0.880	0.001	0.001
0.001	0.880	0.001	0.118
0.001	0.997	0.001	0.001
>GCCCGATTTAGA	9-GCCCGATTTAGA	10.251583	-20.171338	0	T:23.0(0.45%),B:42.5(0.09%),P:1e-8	Tpos:135.5,Tstd:83.9,Bpos:137.7,Bstd:76.3,StrandBias:0.2,Multiplicity:1.04
0.001	0.001	0.918	0.080
0.001	0.997	0.001	0.001
0.080	0.918	0.001	0.001
0.080	0.918	0.001	0.001
0.164	0.188	0.483	0.164
0.758	0.001	0.080	0.161
0.001	0.080	0.001	0.918
0.001	0.241	0.001	0.757
0.001	0.001	0.160	0.838
0.997	0.001	0.001	0.001
0.161	0.001	0.758	0.080
0.734	0.161	0.001	0.104
>TCTCCACCTCAC	10-TCTCCACCTCAC	9.693289	-19.351934	0	T:76.0(1.48%),B:316.7(0.71%),P:1e-8	Tpos:162.9,Tstd:161.9,Bpos:132.5,Bstd:72.1,StrandBias:-0.2,Multiplicity:1.01
0.070	0.038	0.084	0.808
0.038	0.782	0.105	0.075
0.032	0.037	0.001	0.930
0.033	0.846	0.070	0.051
0.056	0.850	0.019	0.075
0.850	0.059	0.019	0.072
0.077	0.750	0.122	0.051
0.001	0.950	0.001	0.048
0.070	0.114	0.019	0.797
0.020	0.869	0.044	0.067
0.767	0.079	0.048	0.106
0.075	0.807	0.080	0.038
>AGTGAGATCADT	11-AGTGAGATCADT	11.925923	-16.833408	0	T:9.0(0.18%),B:6.9(0.02%),P:1e-7	Tpos:237.3,Tstd:180.8,Bpos:133.3,Bstd:41.0,StrandBias:4.3,Multiplicity:2.33
0.764	0.050	0.074	0.112
0.140	0.074	0.528	0.258
0.093	0.050	0.062	0.795
0.075	0.025	0.850	0.050
0.887	0.037	0.050	0.026
0.117	0.062	0.747	0.074
0.846	0.066	0.038	0.050
0.264	0.075	0.059	0.602
0.073	0.822	0.071	0.034
0.941	0.012	0.025	0.022
0.285	0.050	0.387	0.278
0.093	0.124	0.037	0.746
>GTGTACACTGGT	12-GTGTACACTGGT	9.706500	-16.187248	0	T:50.0(0.98%),B:188.6(0.42%),P:1e-7	Tpos:190.7,Tstd:165.7,Bpos:126.3,Bstd:75.1,StrandBias:-0.4,Multiplicity:1.08
0.077	0.056	0.802	0.065
0.043	0.001	0.064	0.892
0.044	0.086	0.833	0.037
0.120	0.034	0.056	0.790
0.810	0.086	0.103	0.001
0.086	0.785	0.043	0.086
0.720	0.107	0.001	0.172
0.080	0.800	0.077	0.043
0.043	0.001	0.021	0.935
0.043	0.001	0.934	0.022
0.043	0.001	0.913	0.043
0.056	0.086	0.065	0.793
>GGGACAGTAGCC	13-GGGACAGTAGCC	14.081095	-15.643138	0	T:6.0(0.12%),B:2.0(0.00%),P:1e-6	Tpos:151.0,Tstd:110.0,Bpos:111.0,Bstd:62.1,StrandBias:3.2,Multiplicity:1.67
0.001	0.001	0.997	0.001
0.110	0.001	0.888	0.001
0.001	0.001	0.997	0.001
0.997	0.001	0.001	0.001
0.001	0.997	0.001	0.001
0.997	0.001	0.001	0.001
0.001	0.001	0.997	0.001
0.080	0.001	0.001	0.918
0.888	0.001	0.001	0.110
0.001	0.001	0.888	0.110
0.001	0.997	0.001	0.001
0.001	0.997	0.001	0.001
>TTTAAAAAAAAA	14-TTTAAAAAAAAA	9.567782	-14.387018	0	T:291.0(5.68%),B:1902.1(4.24%),P:1e-6	Tpos:175.9,Tstd:153.4,Bpos:133.6,Bstd:74.4,StrandBias:0.0,Multiplicity:1.05
0.039	0.052	0.063	0.846
0.069	0.030	0.040	0.861
0.076	0.073	0.040	0.811
0.775	0.064	0.076	0.085
0.817	0.063	0.059	0.061
0.824	0.078	0.050	0.048
0.786	0.083	0.053	0.078
0.864	0.065	0.045	0.026
0.895	0.038	0.049	0.018
0.843	0.056	0.053	0.048
0.864	0.051	0.045	0.040
0.819	0.055	0.080	0.046
>GTATCACCCAAG	15-GTATCACCCAAG	13.979537	-12.367224	0	T:5.0(0.10%),B:2.9(0.01%),P:1e-5	Tpos:124.4,Tstd:63.9,Bpos:165.2,Bstd:52.6,StrandBias:1.6,Multiplicity:1.60
0.293	0.001	0.705	0.001
0.001	0.001	0.001	0.997
0.997	0.001	0.001	0.001
0.001	0.001	0.001	0.997
0.001	0.997	0.001	0.001
0.997	0.001	0.001	0.001
0.001	0.997	0.001	0.001
0.001	0.997	0.001	0.001
0.001	0.997	0.001	0.001
0.997	0.001	0.001	0.001
0.997	0.001	0.001	0.001
0.247	0.001	0.751	0.001
>TCCATCACATCC	16-TCCATCACATCC	13.280569	-10.434220	0	T:5.0(0.10%),B:4.0(0.01%),P:1e-4	Tpos:177.5,Tstd:99.3,Bpos:149.1,Bstd:28.2,StrandBias:2.5,Multiplicity:4.00
0.001	0.001	0.001	0.997
0.001	0.997	0.001	0.001
0.001	0.997	0.001	0.001
0.997	0.001	0.001	0.001
0.001	0.039	0.001	0.959
0.001	0.997	0.001	0.001
0.997	0.001	0.001	0.001
0.039	0.959	0.001	0.001
0.997	0.001	0.001	0.001
0.001	0.001	0.001	0.997
0.001	0.959	0.001	0.039
0.001	0.997	0.001	0.001
>ACCATGGTGTAC	17-ACCATGGTGTAC	11.295938	-9.271593	0	T:4.0(0.08%),B:2.9(0.01%),P:1e-4	Tpos:132.8,Tstd:72.9,Bpos:116.7,Bstd:55.5,StrandBias:2.5,Multiplicity:3.25
0.997	0.001	0.001	0.001
0.001	0.997	0.001	0.001
0.001	0.997	0.001	0.001
0.997	0.001	0.001	0.001
0.001	0.001	0.001	0.997
0.001	0.001	0.997	0.001
0.001	0.073	0.925	0.001
0.001	0.001	0.001	0.997
0.073	0.001	0.925	0.001
0.001	0.001	0.001	0.997
0.925	0.001	0.001	0.073
0.001	0.997	0.001	0.001
>TCAGCCTCTGAC	18-TCAGCCTCTGAC	14.523040	-9.271593	0	T:4.0(0.08%),B:2.1(0.00%),P:1e-4	Tpos:60.7,Tstd:38.6,Bpos:151.0,Bstd:61.0,StrandBias:1.3,Multiplicity:1.75
0.001	0.001	0.001	0.997
0.001	0.997	0.001	0.001
0.873	0.001	0.001	0.125
0.001	0.001	0.997	0.001
0.001	0.997	0.001	0.001
0.001	0.997	0.001	0.001
0.001	0.001	0.001	0.997
0.001	0.997	0.001	0.001
0.001	0.001	0.001	0.997
0.001	0.001	0.997	0.001
0.997	0.001	0.001	0.001
0.001	0.997	0.001	0.001
>CATACTGTGATC	19-CATACTGTGATC	14.757321	-9.271593	0	T:4.0(0.08%),B:2.0(0.00%),P:1e-4	Tpos:83.3,Tstd:28.0,Bpos:109.7,Bstd:30.7,StrandBias:10.0,Multiplicity:1.50
0.001	0.997	0.001	0.001
0.997	0.001	0.001	0.001
0.001	0.001	0.001	0.997
0.997	0.001	0.001	0.001
0.001	0.997	0.001	0.001
0.001	0.001	0.001	0.997
0.001	0.001	0.997	0.001
0.001	0.001	0.001	0.997
0.001	0.001	0.997	0.001
0.840	0.158	0.001	0.001
0.001	0.001	0.001	0.997
0.001	0.997	0.001	0.001
>ACACCTGTGCTC	20-ACACCTGTGCTC	14.757321	-9.271593	0	T:4.0(0.08%),B:2.0(0.00%),P:1e-4	Tpos:138.8,Tstd:64.9,Bpos:114.5,Bstd:58.6,StrandBias:10.0,Multiplicity:1.50
0.997	0.001	0.001	0.001
0.001	0.997	0.001	0.001
0.840	0.001	0.158	0.001
0.001	0.997	0.001	0.001
0.001	0.997	0.001	0.001
0.001	0.001	0.001	0.997
0.001	0.001	0.997	0.001
0.001	0.001	0.001	0.997
0.001	0.001	0.997	0.001
0.001	0.997	0.001	0.001
0.001	0.001	0.001	0.997
0.001	0.997	0.001	0.001
>TGTGGATGGAGA	21-TGTGGATGGAGA	14.461886	-8.610284	0	T:6.0(0.12%),B:8.0(0.02%),P:1e-3	Tpos:248.2,Tstd:165.7,Bpos:94.7,Bstd:71.9,StrandBias:10.0,Multiplicity:2.67
0.001	0.001	0.001	0.997
0.001	0.001	0.997	0.001
0.001	0.001	0.136	0.862
0.001	0.001	0.997	0.001
0.001	0.001	0.862	0.136
0.997	0.001	0.001	0.001
0.001	0.001	0.001	0.997
0.001	0.001	0.997	0.001
0.001	0.001	0.997	0.001
0.997	0.001	0.001	0.001
0.001	0.001	0.997	0.001
0.997	0.001	0.001	0.001
>GTACTCACAGTC	22-GTACTCACAGTC	16.339070	-5.110638	0	T:2.0(0.04%),B:0.0(0.00%),P:1e-2	Tpos:84.2,Tstd:42.1,Bpos:0.0,Bstd:0.0,StrandBias:10.0,Multiplicity:2.50
0.142	0.001	0.856	0.001
0.001	0.001	0.103	0.895
0.997	0.001	0.001	0.001
0.001	0.997	0.001	0.001
0.001	0.001	0.001	0.997
0.001	0.997	0.001	0.001
0.997	0.001	0.001	0.001
0.001	0.997	0.001	0.001
0.997	0.001	0.001	0.001
0.001	0.001	0.997	0.001
0.001	0.001	0.001	0.997
0.001	0.997	0.001	0.001
>GGAGGTGACACA	23-GGAGGTGACACA	2.789976	-4.006336	0	T:43.0(0.84%),B:267.1(0.60%),P:1e-1	Tpos:221.4,Tstd:191.1,Bpos:134.3,Bstd:75.3,StrandBias:0.6,Multiplicity:1.21
0.001	0.001	0.997	0.001
0.001	0.001	0.997	0.001
0.997	0.001	0.001	0.001
0.001	0.001	0.997	0.001
0.001	0.001	0.997	0.001
0.001	0.001	0.001	0.997
0.001	0.001	0.997	0.001
0.997	0.001	0.001	0.001
0.001	0.873	0.001	0.125
0.997	0.001	0.001	0.001
0.001	0.997	0.001	0.001
0.997	0.001	0.001	0.001
>GTGCCTGCAGCC	24-GTGCCTGCAGCC	12.355432	-2.227305	0	T:1.0(0.02%),B:2.0(0.00%),P:1e0	Tpos:222.8,Tstd:121.1,Bpos:132.2,Bstd:82.4,StrandBias:10.0,Multiplicity:16.00
0.100	0.100	0.700	0.100
0.100	0.100	0.100	0.700
0.100	0.100	0.700	0.100
0.100	0.700	0.100	0.100
0.100	0.700	0.100	0.100
0.100	0.100	0.100	0.700
0.100	0.100	0.700	0.100
0.100	0.700	0.100	0.100
0.700	0.100	0.100	0.100
0.100	0.100	0.700	0.100
0.100	0.700	0.100	0.100
0.100	0.700	0.100	0.100
>GTCTGACTATCT	25-GTCTGACTATCT	16.230684	-2.227305	0	T:1.0(0.02%),B:1.1(0.00%),P:1e0	Tpos:100.5,Tstd:46.1,Bpos:102.0,Bstd:0.0,StrandBias:10.0,Multiplicity:6.00
0.001	0.001	0.997	0.001
0.001	0.001	0.001	0.997
0.001	0.997	0.001	0.001
0.001	0.223	0.001	0.775
0.111	0.001	0.887	0.001
0.997	0.001	0.001	0.001
0.001	0.997	0.001	0.001
0.001	0.001	0.001	0.997
0.997	0.001	0.001	0.001
0.001	0.001	0.001	0.997
0.001	0.997	0.001	0.001
0.001	0.001	0.001	0.997
