>CGCGTTGC	1-CGCGTTGC	7.418951	-16.220906	0	T:33.0(0.64%),B:99.0(0.22%),P:1e-7	Tpos:156.0,Tstd:104.5,Bpos:131.3,Bstd:71.6,StrandBias:-0.1,Multiplicity:1.00
0.001	0.969	0.029	0.001
0.001	0.001	0.997	0.001
0.073	0.635	0.028	0.264
0.081	0.001	0.795	0.123
0.248	0.060	0.238	0.454
0.290	0.004	0.139	0.567
0.001	0.193	0.805	0.001
0.093	0.901	0.005	0.001
>AAGTGATT	2-AAGTGATT	6.808260	-15.528102	0	T:701.0(13.69%),B:5100.5(11.36%),P:1e-6	Tpos:195.1,Tstd:176.7,Bpos:133.9,Bstd:74.8,StrandBias:-0.1,Multiplicity:1.11
0.704	0.176	0.024	0.096
0.967	0.001	0.001	0.031
0.032	0.001	0.904	0.063
0.072	0.084	0.024	0.820
0.001	0.001	0.997	0.001
0.892	0.043	0.038	0.027
0.095	0.043	0.052	0.810
0.038	0.001	0.001	0.960
>TCGGTGAT	3-TCGGTGAT	7.600487	-15.388375	0	T:113.0(2.21%),B:592.0(1.32%),P:1e-6	Tpos:214.1,Tstd:215.7,Bpos:132.5,Bstd:76.0,StrandBias:-0.3,Multiplicity:1.06
0.001	0.001	0.001	0.997
0.001	0.889	0.109	0.001
0.001	0.079	0.919	0.001
0.001	0.001	0.997	0.001
0.244	0.032	0.150	0.574
0.001	0.001	0.807	0.191
0.953	0.001	0.001	0.045
0.001	0.304	0.001	0.694
>AAACATGT	4-AAACATGT	9.092216	-13.960867	0	T:289.0(5.64%),B:1897.6(4.23%),P:1e-6	Tpos:202.1,Tstd:207.1,Bpos:134.9,Bstd:75.8,StrandBias:0.3,Multiplicity:1.04
0.997	0.001	0.001	0.001
0.997	0.001	0.001	0.001
0.997	0.001	0.001	0.001
0.001	0.997	0.001	0.001
0.798	0.200	0.001	0.001
0.173	0.001	0.001	0.825
0.001	0.001	0.997	0.001
0.001	0.001	0.001	0.997
>CACACACG	5-CACACACG	5.763693	-5.655645	0	T:794.0(15.51%),B:6359.4(14.17%),P:1e-2	Tpos:198.3,Tstd:182.2,Bpos:135.2,Bstd:75.8,StrandBias:0.0,Multiplicity:1.23
0.112	0.685	0.073	0.130
0.804	0.059	0.087	0.050
0.050	0.827	0.064	0.059
0.750	0.062	0.101	0.087
0.089	0.752	0.064	0.095
0.824	0.064	0.071	0.041
0.062	0.759	0.122	0.057
0.166	0.142	0.608	0.084
