Factor1: 0.9909266026240827
Factor2: 1.0091564777369888
