>KWYCGGTGTA	1-KWYCGGTGTA	9.175901	-29.651405	0	T:9.0(3.66%),B:32.7(0.07%),P:1e-12	Tpos:304.3,Tstd:152.7,Bpos:211.2,Bstd:116.3,StrandBias:10.0,Multiplicity:1.00
0.138	0.001	0.376	0.485
0.368	0.181	0.151	0.300
0.001	0.477	0.009	0.513
0.001	0.835	0.151	0.013
0.001	0.150	0.848	0.001
0.151	0.001	0.710	0.138
0.137	0.001	0.001	0.861
0.001	0.001	0.997	0.001
0.173	0.138	0.001	0.688
0.826	0.172	0.001	0.001
>GTGCSAAACG	2-GTGCSAAACG	10.163920	-24.431155	0	T:4.0(1.63%),B:1.0(0.00%),P:1e-10	Tpos:17.0,Tstd:0.0,Bpos:24.0,Bstd:0.0,StrandBias:10.0,Multiplicity:1.00
0.149	0.001	0.767	0.083
0.091	0.110	0.180	0.619
0.038	0.378	0.583	0.001
0.073	0.833	0.001	0.093
0.052	0.394	0.509	0.045
0.716	0.093	0.190	0.001
0.537	0.238	0.001	0.224
0.739	0.187	0.073	0.001
0.080	0.868	0.001	0.051
0.001	0.103	0.855	0.041
>CTACACCACG	3-CTACACCACG	10.296193	-24.431155	0	T:4.0(1.63%),B:0.9(0.00%),P:1e-10	Tpos:41.0,Tstd:0.0,Bpos:352.0,Bstd:0.0,StrandBias:10.0,Multiplicity:1.00
0.100	0.700	0.100	0.100
0.100	0.100	0.100	0.700
0.700	0.100	0.100	0.100
0.100	0.700	0.100	0.100
0.700	0.100	0.100	0.100
0.100	0.700	0.100	0.100
0.100	0.700	0.100	0.100
0.700	0.100	0.100	0.100
0.100	0.700	0.100	0.100
0.100	0.100	0.700	0.100
>GTGCCMTRAY	4-GTGCCMTRAY	8.107325	-23.497341	0	T:17.0(6.91%),B:418.1(0.84%),P:1e-10	Tpos:250.2,Tstd:223.4,Bpos:223.9,Bstd:122.4,StrandBias:0.9,Multiplicity:1.00
0.110	0.034	0.798	0.058
0.079	0.001	0.013	0.907
0.296	0.086	0.569	0.049
0.069	0.452	0.237	0.242
0.042	0.782	0.111	0.065
0.429	0.400	0.001	0.170
0.384	0.020	0.062	0.534
0.463	0.079	0.434	0.024
0.936	0.034	0.029	0.001
0.219	0.421	0.035	0.325
>TACAGATGCT	5-TACAGATGCT	10.493903	-22.800223	0	T:15.0(6.10%),B:320.5(0.65%),P:1e-9	Tpos:388.5,Tstd:405.0,Bpos:230.0,Bstd:119.2,StrandBias:0.6,Multiplicity:1.00
0.001	0.286	0.001	0.712
0.580	0.371	0.048	0.001
0.001	0.931	0.067	0.001
0.997	0.001	0.001	0.001
0.001	0.001	0.997	0.001
0.901	0.001	0.097	0.001
0.001	0.001	0.001	0.997
0.001	0.001	0.937	0.061
0.001	0.997	0.001	0.001
0.001	0.001	0.001	0.997
>GGWTTTCGCA	6-GGWTTTCGCA	10.220602	-22.291616	0	T:6.0(2.44%),B:15.5(0.03%),P:1e-9	Tpos:214.3,Tstd:146.1,Bpos:215.0,Bstd:119.9,StrandBias:1.0,Multiplicity:1.00
0.001	0.001	0.997	0.001
0.001	0.001	0.997	0.001
0.504	0.001	0.001	0.494
0.001	0.001	0.403	0.595
0.001	0.001	0.001	0.997
0.001	0.001	0.001	0.997
0.001	0.997	0.001	0.001
0.001	0.001	0.997	0.001
0.001	0.997	0.001	0.001
0.907	0.001	0.091	0.001
>CGGCCCVGCA	7-CGGCCCVGCA	9.081428	-21.719873	0	T:9.0(3.66%),B:79.6(0.16%),P:1e-9	Tpos:305.1,Tstd:90.1,Bpos:205.7,Bstd:131.8,StrandBias:10.0,Multiplicity:1.00
0.130	0.739	0.130	0.001
0.001	0.118	0.880	0.001
0.001	0.239	0.748	0.012
0.099	0.760	0.140	0.001
0.022	0.960	0.001	0.017
0.014	0.673	0.312	0.001
0.378	0.308	0.314	0.001
0.128	0.308	0.563	0.001
0.001	0.997	0.001	0.001
0.898	0.001	0.001	0.100
>GTCCCATACG	8-GTCCCATACG	10.296193	-21.662469	0	T:4.0(1.63%),B:2.1(0.00%),P:1e-9	Tpos:59.0,Tstd:0.0,Bpos:88.8,Bstd:29.9,StrandBias:10.0,Multiplicity:1.00
0.100	0.100	0.700	0.100
0.100	0.100	0.100	0.700
0.100	0.700	0.100	0.100
0.100	0.700	0.100	0.100
0.100	0.700	0.100	0.100
0.700	0.100	0.100	0.100
0.100	0.100	0.100	0.700
0.700	0.100	0.100	0.100
0.100	0.700	0.100	0.100
0.100	0.100	0.700	0.100
>CCGCCTCACT	9-CCGCCTCACT	10.296193	-19.886810	0	T:5.0(2.03%),B:10.3(0.02%),P:1e-8	Tpos:282.8,Tstd:223.6,Bpos:292.1,Bstd:92.8,StrandBias:-2.0,Multiplicity:1.00
0.100	0.700	0.100	0.100
0.100	0.700	0.100	0.100
0.100	0.100	0.700	0.100
0.100	0.700	0.100	0.100
0.100	0.700	0.100	0.100
0.100	0.100	0.100	0.700
0.100	0.700	0.100	0.100
0.700	0.100	0.100	0.100
0.100	0.700	0.100	0.100
0.100	0.100	0.100	0.700
>GATCSSTCCG	10-GATCSSTCCG	11.349163	-19.886810	0	T:5.0(2.03%),B:10.3(0.02%),P:1e-8	Tpos:331.4,Tstd:89.2,Bpos:243.8,Bstd:143.0,StrandBias:2.0,Multiplicity:1.00
0.001	0.001	0.997	0.001
0.997	0.001	0.001	0.001
0.001	0.001	0.001	0.997
0.001	0.997	0.001	0.001
0.173	0.354	0.473	0.001
0.001	0.526	0.472	0.001
0.001	0.001	0.001	0.997
0.267	0.731	0.001	0.001
0.001	0.826	0.001	0.172
0.001	0.267	0.731	0.001
>GACAAAGTCG	11-GACAAAGTCG	10.296193	-18.897686	0	T:4.0(1.63%),B:4.6(0.01%),P:1e-8	Tpos:149.0,Tstd:0.0,Bpos:201.9,Bstd:79.3,StrandBias:10.0,Multiplicity:1.00
0.100	0.100	0.700	0.100
0.700	0.100	0.100	0.100
0.100	0.700	0.100	0.100
0.700	0.100	0.100	0.100
0.700	0.100	0.100	0.100
0.700	0.100	0.100	0.100
0.100	0.100	0.700	0.100
0.100	0.100	0.100	0.700
0.100	0.700	0.100	0.100
0.100	0.100	0.700	0.100
>TCGGGGTCCA	12-TCGGGGTCCA	10.296193	-18.897686	0	T:4.0(1.63%),B:4.8(0.01%),P:1e-8	Tpos:240.0,Tstd:0.0,Bpos:300.6,Bstd:77.5,StrandBias:10.0,Multiplicity:1.00
0.100	0.100	0.100	0.700
0.100	0.700	0.100	0.100
0.100	0.100	0.700	0.100
0.100	0.100	0.700	0.100
0.100	0.100	0.700	0.100
0.100	0.100	0.700	0.100
0.100	0.100	0.100	0.700
0.100	0.700	0.100	0.100
0.100	0.700	0.100	0.100
0.700	0.100	0.100	0.100
>AMTTACACCM	13-AMTTACACCM	10.860601	-18.348365	0	T:9.0(3.66%),B:117.2(0.24%),P:1e-7	Tpos:138.3,Tstd:96.0,Bpos:225.3,Bstd:123.2,StrandBias:1.8,Multiplicity:1.00
0.997	0.001	0.001	0.001
0.469	0.529	0.001	0.001
0.144	0.001	0.258	0.597
0.001	0.186	0.001	0.812
0.997	0.001	0.001	0.001
0.001	0.997	0.001	0.001
0.997	0.001	0.001	0.001
0.006	0.992	0.001	0.001
0.001	0.609	0.389	0.001
0.573	0.425	0.001	0.001
>CTTGATTCAC	14-CTTGATTCAC	13.650777	-17.815910	0	T:6.0(2.44%),B:32.5(0.07%),P:1e-7	Tpos:385.3,Tstd:9.4,Bpos:226.2,Bstd:130.2,StrandBias:-1.0,Multiplicity:1.00
0.001	0.997	0.001	0.001
0.001	0.001	0.001	0.997
0.001	0.001	0.001	0.997
0.001	0.001	0.997	0.001
0.997	0.001	0.001	0.001
0.167	0.001	0.001	0.831
0.001	0.001	0.001	0.997
0.001	0.997	0.001	0.001
0.997	0.001	0.001	0.001
0.001	0.997	0.001	0.001
>CTCCACGCAA	15-CTCCACGCAA	10.296193	-17.726189	0	T:3.0(1.22%),B:1.3(0.00%),P:1e-7	Tpos:133.0,Tstd:0.0,Bpos:167.0,Bstd:0.0,StrandBias:10.0,Multiplicity:1.00
0.100	0.700	0.100	0.100
0.100	0.100	0.100	0.700
0.100	0.700	0.100	0.100
0.100	0.700	0.100	0.100
0.700	0.100	0.100	0.100
0.100	0.700	0.100	0.100
0.100	0.100	0.700	0.100
0.100	0.700	0.100	0.100
0.700	0.100	0.100	0.100
0.700	0.100	0.100	0.100
>GTGCGGCCCA	16-GTGCGGCCCA	10.151414	-17.635419	0	T:6.0(2.44%),B:33.9(0.07%),P:1e-7	Tpos:237.8,Tstd:144.0,Bpos:207.3,Bstd:134.9,StrandBias:1.0,Multiplicity:1.00
0.200	0.001	0.798	0.001
0.001	0.001	0.001	0.997
0.250	0.001	0.748	0.001
0.001	0.997	0.001	0.001
0.001	0.001	0.997	0.001
0.001	0.001	0.984	0.014
0.251	0.497	0.001	0.251
0.001	0.748	0.250	0.001
0.251	0.452	0.001	0.296
0.997	0.001	0.001	0.001
>AGTGAACAGT	17-AGTGAACAGT	9.620873	-16.004437	0	T:17.0(6.91%),B:698.4(1.41%),P:1e-6	Tpos:164.9,Tstd:214.9,Bpos:213.1,Bstd:127.0,StrandBias:2.2,Multiplicity:1.00
0.790	0.111	0.022	0.077
0.001	0.308	0.496	0.195
0.001	0.001	0.001	0.997
0.001	0.092	0.906	0.001
0.726	0.097	0.079	0.098
0.997	0.001	0.001	0.001
0.001	0.761	0.001	0.237
0.793	0.001	0.001	0.205
0.001	0.001	0.997	0.001
0.041	0.001	0.001	0.957
>TGGGTCCGTG	18-TGGGTCCGTG	7.011208	-15.954836	0	T:6.0(2.44%),B:44.8(0.09%),P:1e-6	Tpos:235.8,Tstd:134.4,Bpos:228.0,Bstd:112.7,StrandBias:2.3,Multiplicity:1.00
0.001	0.006	0.001	0.992
0.001	0.001	0.997	0.001
0.230	0.001	0.768	0.001
0.001	0.001	0.997	0.001
0.001	0.001	0.001	0.997
0.001	0.812	0.001	0.186
0.001	0.997	0.001	0.001
0.001	0.001	0.997	0.001
0.001	0.001	0.001	0.997
0.037	0.001	0.961	0.001
>CMCTCATATC	19-CMCTCATATC	9.754595	-15.921134	0	T:14.0(5.69%),B:464.7(0.94%),P:1e-6	Tpos:217.5,Tstd:202.7,Bpos:222.0,Bstd:119.7,StrandBias:1.5,Multiplicity:1.07
0.001	0.997	0.001	0.001
0.517	0.481	0.001	0.001
0.295	0.586	0.001	0.118
0.238	0.001	0.001	0.760
0.001	0.842	0.156	0.001
0.841	0.001	0.001	0.157
0.001	0.001	0.001	0.997
0.997	0.001	0.001	0.001
0.001	0.001	0.156	0.842
0.346	0.652	0.001	0.001
>GCGCTGCTCT	20-GCGCTGCTCT	10.296193	-15.255924	0	T:4.0(1.63%),B:10.8(0.02%),P:1e-6	Tpos:190.8,Tstd:29.9,Bpos:228.0,Bstd:150.1,StrandBias:1.6,Multiplicity:1.00
0.100	0.100	0.700	0.100
0.100	0.700	0.100	0.100
0.100	0.100	0.700	0.100
0.100	0.700	0.100	0.100
0.100	0.100	0.100	0.700
0.100	0.100	0.700	0.100
0.100	0.700	0.100	0.100
0.100	0.100	0.100	0.700
0.100	0.700	0.100	0.100
0.100	0.100	0.100	0.700
>HCAGVTTGCG	21-HCAGVTTGCG	11.216596	-14.437699	0	T:3.0(1.22%),B:3.7(0.01%),P:1e-6	Tpos:293.0,Tstd:0.0,Bpos:289.3,Bstd:135.9,StrandBias:10.0,Multiplicity:1.00
0.285	0.415	0.001	0.299
0.337	0.661	0.001	0.001
0.997	0.001	0.001	0.001
0.001	0.001	0.997	0.001
0.376	0.285	0.338	0.001
0.001	0.001	0.001	0.997
0.298	0.001	0.001	0.700
0.001	0.001	0.997	0.001
0.001	0.997	0.001	0.001
0.001	0.001	0.997	0.001
>TAGCTTACAW	22-TAGCTTACAW	9.431067	-14.413320	0	T:14.0(5.69%),B:527.2(1.06%),P:1e-6	Tpos:197.1,Tstd:175.1,Bpos:219.4,Bstd:120.6,StrandBias:0.8,Multiplicity:1.00
0.001	0.001	0.001	0.997
0.997	0.001	0.001	0.001
0.001	0.001	0.997	0.001
0.001	0.997	0.001	0.001
0.001	0.001	0.001	0.997
0.001	0.001	0.001	0.997
0.801	0.155	0.001	0.043
0.001	0.614	0.001	0.384
0.997	0.001	0.001	0.001
0.460	0.001	0.128	0.410
>GGACCAAGCC	23-GGACCAAGCC	10.296193	-12.723571	0	T:4.0(1.63%),B:19.3(0.04%),P:1e-5	Tpos:308.0,Tstd:0.0,Bpos:238.9,Bstd:111.2,StrandBias:10.0,Multiplicity:1.00
0.100	0.100	0.700	0.100
0.100	0.100	0.700	0.100
0.700	0.100	0.100	0.100
0.100	0.700	0.100	0.100
0.100	0.700	0.100	0.100
0.700	0.100	0.100	0.100
0.700	0.100	0.100	0.100
0.100	0.100	0.700	0.100
0.100	0.700	0.100	0.100
0.100	0.700	0.100	0.100
>WCATATKCTC	24-WCATATKCTC	10.017823	-11.774875	0	T:14.0(5.69%),B:664.9(1.34%),P:1e-5	Tpos:227.5,Tstd:135.6,Bpos:212.2,Bstd:123.2,StrandBias:0.0,Multiplicity:1.00
0.424	0.001	0.004	0.571
0.001	0.920	0.001	0.078
0.997	0.001	0.001	0.001
0.001	0.001	0.052	0.946
0.648	0.001	0.350	0.001
0.168	0.001	0.059	0.772
0.001	0.081	0.394	0.524
0.001	0.997	0.001	0.001
0.056	0.081	0.001	0.862
0.258	0.740	0.001	0.001
>AAAAAAAAAA	25-AAAAAAAAAA	10.512133	-11.721747	0	T:49.0(19.92%),B:5187.9(10.46%),P:1e-5	Tpos:339.6,Tstd:268.0,Bpos:215.7,Bstd:128.1,StrandBias:0.7,Multiplicity:1.16
0.917	0.013	0.001	0.069
0.821	0.014	0.125	0.040
0.927	0.025	0.029	0.019
0.860	0.084	0.055	0.001
0.962	0.001	0.001	0.036
0.997	0.001	0.001	0.001
0.981	0.001	0.001	0.017
0.895	0.001	0.011	0.093
0.885	0.034	0.001	0.080
0.867	0.001	0.043	0.089
>AGAGCAGAACAC	1-AGAGCAGAACAC	15.658306	-38.076862	0	T:7.0(2.85%),B:3.5(0.01%),P:1e-16	Tpos:284.1,Tstd:42.6,Bpos:169.2,Bstd:78.5,StrandBias:10.0,Multiplicity:1.00
0.997	0.001	0.001	0.001
0.001	0.001	0.997	0.001
0.997	0.001	0.001	0.001
0.001	0.001	0.997	0.001
0.001	0.997	0.001	0.001
0.997	0.001	0.001	0.001
0.001	0.001	0.997	0.001
0.997	0.001	0.001	0.001
0.609	0.389	0.001	0.001
0.001	0.997	0.001	0.001
0.997	0.001	0.001	0.001
0.001	0.997	0.001	0.001
>GTGAATCAAGTG	2-GTGAATCAAGTG	12.664428	-35.820948	0	T:9.0(3.66%),B:16.6(0.03%),P:1e-15	Tpos:343.7,Tstd:81.6,Bpos:211.2,Bstd:112.9,StrandBias:0.3,Multiplicity:1.00
0.001	0.001	0.997	0.001
0.001	0.001	0.001	0.997
0.001	0.001	0.997	0.001
0.997	0.001	0.001	0.001
0.664	0.001	0.001	0.334
0.001	0.001	0.001	0.997
0.001	0.730	0.268	0.001
0.997	0.001	0.001	0.001
0.997	0.001	0.001	0.001
0.001	0.001	0.997	0.001
0.334	0.001	0.001	0.664
0.001	0.060	0.938	0.001
>ACAGATGCCAGA	3-ACAGATGCCAGA	11.857737	-29.932845	0	T:9.0(3.66%),B:31.6(0.06%),P:1e-12	Tpos:186.1,Tstd:118.8,Bpos:198.3,Bstd:110.0,StrandBias:1.8,Multiplicity:1.00
0.997	0.001	0.001	0.001
0.001	0.997	0.001	0.001
0.997	0.001	0.001	0.001
0.001	0.001	0.997	0.001
0.792	0.001	0.206	0.001
0.001	0.002	0.001	0.996
0.001	0.209	0.787	0.003
0.001	0.997	0.001	0.001
0.001	0.997	0.001	0.001
0.997	0.001	0.001	0.001
0.003	0.001	0.795	0.201
0.997	0.001	0.001	0.001
>GGAAAGCGAGGC	4-GGAAAGCGAGGC	13.842643	-28.841833	0	T:6.0(2.44%),B:6.0(0.01%),P:1e-12	Tpos:153.5,Tstd:53.5,Bpos:236.7,Bstd:83.4,StrandBias:2.3,Multiplicity:1.00
0.313	0.001	0.685	0.001
0.011	0.001	0.987	0.001
0.997	0.001	0.001	0.001
0.685	0.001	0.313	0.001
0.997	0.001	0.001	0.001
0.001	0.001	0.997	0.001
0.001	0.628	0.001	0.370
0.001	0.001	0.997	0.001
0.685	0.313	0.001	0.001
0.313	0.001	0.685	0.001
0.001	0.001	0.997	0.001
0.001	0.997	0.001	0.001
>TTTAGCTTCCAA	5-TTTAGCTTCCAA	12.355432	-27.901619	0	T:5.0(2.03%),B:2.6(0.01%),P:1e-12	Tpos:182.6,Tstd:36.8,Bpos:192.4,Bstd:139.6,StrandBias:10.0,Multiplicity:1.00
0.100	0.100	0.100	0.700
0.100	0.100	0.100	0.700
0.100	0.100	0.100	0.700
0.700	0.100	0.100	0.100
0.100	0.100	0.700	0.100
0.100	0.700	0.100	0.100
0.100	0.100	0.100	0.700
0.100	0.100	0.100	0.700
0.100	0.700	0.100	0.100
0.100	0.700	0.100	0.100
0.700	0.100	0.100	0.100
0.700	0.100	0.100	0.100
>GTGTAACAGATC	6-GTGTAACAGATC	12.180886	-27.901056	0	T:9.0(3.66%),B:39.5(0.08%),P:1e-12	Tpos:252.8,Tstd:127.2,Bpos:219.1,Bstd:118.0,StrandBias:1.8,Multiplicity:1.00
0.001	0.001	0.997	0.001
0.001	0.001	0.001	0.997
0.001	0.001	0.672	0.326
0.001	0.001	0.001	0.997
0.713	0.001	0.285	0.001
0.997	0.001	0.001	0.001
0.001	0.672	0.001	0.326
0.672	0.001	0.001	0.326
0.326	0.001	0.672	0.001
0.713	0.285	0.001	0.001
0.001	0.001	0.001	0.997
0.001	0.997	0.001	0.001
>GTGCVAAACGGA	7-GTGCVAAACGGA	11.292214	-27.340117	0	T:7.0(2.85%),B:14.6(0.03%),P:1e-11	Tpos:148.3,Tstd:150.4,Bpos:269.3,Bstd:109.5,StrandBias:0.4,Multiplicity:1.00
0.001	0.001	0.997	0.001
0.001	0.287	0.001	0.711
0.001	0.100	0.898	0.001
0.001	0.679	0.101	0.219
0.231	0.288	0.346	0.135
0.997	0.001	0.001	0.001
0.610	0.388	0.001	0.001
0.864	0.001	0.001	0.134
0.101	0.550	0.118	0.231
0.101	0.001	0.763	0.135
0.096	0.001	0.785	0.118
0.864	0.001	0.001	0.134
>GTCCACTGCCCA	8-GTCCACTGCCCA	12.355432	-24.443980	0	T:5.0(2.03%),B:4.1(0.01%),P:1e-10	Tpos:257.6,Tstd:23.2,Bpos:290.2,Bstd:139.7,StrandBias:2.0,Multiplicity:1.00
0.100	0.100	0.700	0.100
0.100	0.100	0.100	0.700
0.100	0.700	0.100	0.100
0.100	0.700	0.100	0.100
0.700	0.100	0.100	0.100
0.100	0.700	0.100	0.100
0.100	0.100	0.100	0.700
0.100	0.100	0.700	0.100
0.100	0.700	0.100	0.100
0.100	0.700	0.100	0.100
0.100	0.700	0.100	0.100
0.700	0.100	0.100	0.100
>TGCCATGACCCT	9-TGCCATGACCCT	12.355432	-24.431155	0	T:4.0(1.63%),B:0.8(0.00%),P:1e-10	Tpos:32.0,Tstd:0.0,Bpos:79.0,Bstd:0.0,StrandBias:10.0,Multiplicity:1.00
0.100	0.100	0.100	0.700
0.100	0.100	0.700	0.100
0.100	0.700	0.100	0.100
0.100	0.700	0.100	0.100
0.700	0.100	0.100	0.100
0.100	0.100	0.100	0.700
0.100	0.100	0.700	0.100
0.700	0.100	0.100	0.100
0.100	0.700	0.100	0.100
0.100	0.700	0.100	0.100
0.100	0.700	0.100	0.100
0.100	0.100	0.100	0.700
>ACACCACGGCAT	10-ACACCACGGCAT	12.355432	-24.431155	0	T:4.0(1.63%),B:0.0(0.00%),P:1e-10	Tpos:44.0,Tstd:0.0,Bpos:0.0,Bstd:0.0,StrandBias:10.0,Multiplicity:1.00
0.700	0.100	0.100	0.100
0.100	0.700	0.100	0.100
0.700	0.100	0.100	0.100
0.100	0.700	0.100	0.100
0.100	0.700	0.100	0.100
0.700	0.100	0.100	0.100
0.100	0.700	0.100	0.100
0.100	0.100	0.700	0.100
0.100	0.100	0.700	0.100
0.100	0.700	0.100	0.100
0.700	0.100	0.100	0.100
0.100	0.100	0.100	0.700
>CGTGAAGTGAAC	11-CGTGAAGTGAAC	12.355432	-24.431155	0	T:4.0(1.63%),B:0.0(0.00%),P:1e-10	Tpos:68.0,Tstd:0.0,Bpos:0.0,Bstd:0.0,StrandBias:10.0,Multiplicity:1.00
0.100	0.700	0.100	0.100
0.100	0.100	0.700	0.100
0.100	0.100	0.100	0.700
0.100	0.100	0.700	0.100
0.700	0.100	0.100	0.100
0.700	0.100	0.100	0.100
0.100	0.100	0.700	0.100
0.100	0.100	0.100	0.700
0.100	0.100	0.700	0.100
0.700	0.100	0.100	0.100
0.700	0.100	0.100	0.100
0.100	0.700	0.100	0.100
>CACTCACACCAA	12-CACTCACACCAA	12.355432	-24.431155	0	T:4.0(1.63%),B:0.9(0.00%),P:1e-10	Tpos:122.0,Tstd:0.0,Bpos:217.0,Bstd:0.0,StrandBias:10.0,Multiplicity:1.00
0.100	0.700	0.100	0.100
0.700	0.100	0.100	0.100
0.100	0.700	0.100	0.100
0.100	0.100	0.100	0.700
0.100	0.700	0.100	0.100
0.700	0.100	0.100	0.100
0.100	0.700	0.100	0.100
0.700	0.100	0.100	0.100
0.100	0.700	0.100	0.100
0.100	0.700	0.100	0.100
0.700	0.100	0.100	0.100
0.700	0.100	0.100	0.100
>GAGAGAGGGTCA	13-GAGAGAGGGTCA	12.355432	-24.431155	0	T:4.0(1.63%),B:1.9(0.00%),P:1e-10	Tpos:220.0,Tstd:0.0,Bpos:99.7,Bstd:66.6,StrandBias:10.0,Multiplicity:1.00
0.100	0.100	0.700	0.100
0.700	0.100	0.100	0.100
0.100	0.100	0.700	0.100
0.700	0.100	0.100	0.100
0.100	0.100	0.700	0.100
0.700	0.100	0.100	0.100
0.100	0.100	0.700	0.100
0.100	0.100	0.700	0.100
0.100	0.100	0.700	0.100
0.100	0.100	0.100	0.700
0.100	0.700	0.100	0.100
0.700	0.100	0.100	0.100
>GGAAGGCTCTCG	14-GGAAGGCTCTCG	12.355432	-24.431155	0	T:4.0(1.63%),B:1.1(0.00%),P:1e-10	Tpos:232.0,Tstd:0.0,Bpos:218.0,Bstd:0.0,StrandBias:10.0,Multiplicity:1.00
0.100	0.100	0.700	0.100
0.100	0.100	0.700	0.100
0.700	0.100	0.100	0.100
0.700	0.100	0.100	0.100
0.100	0.100	0.700	0.100
0.100	0.100	0.700	0.100
0.100	0.700	0.100	0.100
0.100	0.100	0.100	0.700
0.100	0.700	0.100	0.100
0.100	0.100	0.100	0.700
0.100	0.700	0.100	0.100
0.100	0.100	0.700	0.100
>CCTCCGGAGCTC	15-CCTCCGGAGCTC	12.355432	-24.431155	0	T:4.0(1.63%),B:0.0(0.00%),P:1e-10	Tpos:381.0,Tstd:0.0,Bpos:0.0,Bstd:0.0,StrandBias:10.0,Multiplicity:1.00
0.100	0.700	0.100	0.100
0.100	0.700	0.100	0.100
0.100	0.100	0.100	0.700
0.100	0.700	0.100	0.100
0.100	0.700	0.100	0.100
0.100	0.100	0.700	0.100
0.100	0.100	0.700	0.100
0.700	0.100	0.100	0.100
0.100	0.100	0.700	0.100
0.100	0.700	0.100	0.100
0.100	0.100	0.100	0.700
0.100	0.700	0.100	0.100
>CCCAAACTCCCG	16-CCCAAACTCCCG	10.869130	-24.135966	0	T:6.0(2.44%),B:11.6(0.02%),P:1e-10	Tpos:280.3,Tstd:112.2,Bpos:280.8,Bstd:95.5,StrandBias:2.3,Multiplicity:1.00
0.001	0.997	0.001	0.001
0.001	0.853	0.001	0.145
0.001	0.997	0.001	0.001
0.997	0.001	0.001	0.001
0.853	0.145	0.001	0.001
0.997	0.001	0.001	0.001
0.001	0.997	0.001	0.001
0.001	0.001	0.001	0.997
0.001	0.845	0.001	0.153
0.001	0.997	0.001	0.001
0.001	0.997	0.001	0.001
0.001	0.001	0.997	0.001
>TGAGAWCATGTC	17-TGAGAWCATGTC	13.607546	-23.618043	0	T:6.0(2.44%),B:12.6(0.03%),P:1e-10	Tpos:174.5,Tstd:20.4,Bpos:191.3,Bstd:125.2,StrandBias:2.3,Multiplicity:1.00
0.001	0.345	0.001	0.653
0.001	0.001	0.997	0.001
0.997	0.001	0.001	0.001
0.001	0.001	0.997	0.001
0.997	0.001	0.001	0.001
0.408	0.245	0.001	0.346
0.001	0.997	0.001	0.001
0.653	0.001	0.001	0.345
0.001	0.001	0.001	0.997
0.001	0.254	0.744	0.001
0.389	0.001	0.001	0.609
0.010	0.979	0.010	0.001
>GGCTCCCTAATG	18-GGCTCCCTAATG	12.850852	-23.332311	0	T:5.0(2.03%),B:5.3(0.01%),P:1e-10	Tpos:270.2,Tstd:4.4,Bpos:231.4,Bstd:88.2,StrandBias:10.0,Multiplicity:1.00
0.001	0.001	0.997	0.001
0.001	0.001	0.997	0.001
0.001	0.997	0.001	0.001
0.001	0.001	0.001	0.997
0.001	0.997	0.001	0.001
0.001	0.997	0.001	0.001
0.001	0.997	0.001	0.001
0.001	0.001	0.001	0.997
0.845	0.153	0.001	0.001
0.997	0.001	0.001	0.001
0.001	0.001	0.001	0.997
0.153	0.001	0.845	0.001
>CGTGAACAGTAA	19-CGTGAACAGTAA	12.355432	-21.662469	0	T:4.0(1.63%),B:2.4(0.00%),P:1e-9	Tpos:6.0,Tstd:0.0,Bpos:418.8,Bstd:2.7,StrandBias:10.0,Multiplicity:1.00
0.100	0.700	0.100	0.100
0.100	0.100	0.700	0.100
0.100	0.100	0.100	0.700
0.100	0.100	0.700	0.100
0.700	0.100	0.100	0.100
0.700	0.100	0.100	0.100
0.100	0.700	0.100	0.100
0.700	0.100	0.100	0.100
0.100	0.100	0.700	0.100
0.100	0.100	0.100	0.700
0.700	0.100	0.100	0.100
0.700	0.100	0.100	0.100
>AATTACACCAGC	20-AATTACACCAGC	12.355432	-21.662469	0	T:4.0(1.63%),B:2.1(0.00%),P:1e-9	Tpos:134.0,Tstd:0.0,Bpos:245.1,Bstd:109.2,StrandBias:10.0,Multiplicity:1.00
0.700	0.100	0.100	0.100
0.700	0.100	0.100	0.100
0.100	0.100	0.100	0.700
0.100	0.100	0.100	0.700
0.700	0.100	0.100	0.100
0.100	0.700	0.100	0.100
0.700	0.100	0.100	0.100
0.100	0.700	0.100	0.100
0.100	0.700	0.100	0.100
0.700	0.100	0.100	0.100
0.100	0.100	0.700	0.100
0.100	0.700	0.100	0.100
>AGTGACAAAGTC	21-AGTGACAAAGTC	12.355432	-21.662469	0	T:4.0(1.63%),B:2.3(0.00%),P:1e-9	Tpos:147.0,Tstd:0.0,Bpos:113.4,Bstd:20.1,StrandBias:10.0,Multiplicity:1.00
0.700	0.100	0.100	0.100
0.100	0.100	0.700	0.100
0.100	0.100	0.100	0.700
0.100	0.100	0.700	0.100
0.700	0.100	0.100	0.100
0.100	0.700	0.100	0.100
0.700	0.100	0.100	0.100
0.700	0.100	0.100	0.100
0.700	0.100	0.100	0.100
0.100	0.100	0.700	0.100
0.100	0.100	0.100	0.700
0.100	0.700	0.100	0.100
>CCTGGGACCAAG	22-CCTGGGACCAAG	12.355432	-21.662469	0	T:4.0(1.63%),B:2.0(0.00%),P:1e-9	Tpos:305.0,Tstd:0.0,Bpos:172.0,Bstd:137.0,StrandBias:10.0,Multiplicity:1.00
0.100	0.700	0.100	0.100
0.100	0.700	0.100	0.100
0.100	0.100	0.100	0.700
0.100	0.100	0.700	0.100
0.100	0.100	0.700	0.100
0.100	0.100	0.700	0.100
0.700	0.100	0.100	0.100
0.100	0.700	0.100	0.100
0.100	0.700	0.100	0.100
0.700	0.100	0.100	0.100
0.700	0.100	0.100	0.100
0.100	0.100	0.700	0.100
>TCCCACGGGCCA	23-TCCCACGGGCCA	12.355432	-21.662469	0	T:4.0(1.63%),B:2.4(0.00%),P:1e-9	Tpos:333.0,Tstd:0.0,Bpos:191.7,Bstd:145.8,StrandBias:10.0,Multiplicity:1.00
0.100	0.100	0.100	0.700
0.100	0.700	0.100	0.100
0.100	0.700	0.100	0.100
0.100	0.700	0.100	0.100
0.700	0.100	0.100	0.100
0.100	0.700	0.100	0.100
0.100	0.100	0.700	0.100
0.100	0.100	0.700	0.100
0.100	0.100	0.700	0.100
0.100	0.700	0.100	0.100
0.100	0.700	0.100	0.100
0.700	0.100	0.100	0.100
>GCAAGCTGTTCT	24-GCAAGCTGTTCT	12.927587	-19.297423	0	T:7.0(2.85%),B:45.9(0.09%),P:1e-8	Tpos:253.6,Tstd:108.3,Bpos:205.2,Bstd:119.1,StrandBias:2.6,Multiplicity:1.00
0.196	0.001	0.802	0.001
0.225	0.615	0.159	0.001
0.802	0.001	0.001	0.196
0.577	0.001	0.421	0.001
0.001	0.001	0.997	0.001
0.001	0.997	0.001	0.001
0.001	0.001	0.001	0.997
0.001	0.001	0.997	0.001
0.001	0.339	0.001	0.659
0.001	0.001	0.001	0.997
0.001	0.997	0.001	0.001
0.376	0.001	0.001	0.622
>CACAGCCCTTTC	25-CACAGCCCTTTC	12.355432	-18.897686	0	T:4.0(1.63%),B:4.3(0.01%),P:1e-8	Tpos:284.0,Tstd:0.0,Bpos:237.0,Bstd:103.3,StrandBias:10.0,Multiplicity:1.00
0.100	0.700	0.100	0.100
0.700	0.100	0.100	0.100
0.100	0.700	0.100	0.100
0.700	0.100	0.100	0.100
0.100	0.100	0.700	0.100
0.100	0.700	0.100	0.100
0.100	0.700	0.100	0.100
0.100	0.700	0.100	0.100
0.100	0.100	0.100	0.700
0.100	0.100	0.100	0.700
0.100	0.100	0.100	0.700
0.100	0.700	0.100	0.100
>CATATGCT	1-CATATGCT	7.961080	-20.794562	0	T:51.0(20.73%),B:4097.7(8.26%),P:1e-9	Tpos:395.9,Tstd:391.5,Bpos:217.6,Bstd:118.3,StrandBias:0.7,Multiplicity:1.22
0.001	0.638	0.001	0.360
0.913	0.085	0.001	0.001
0.001	0.001	0.207	0.791
0.893	0.001	0.001	0.105
0.066	0.001	0.001	0.932
0.001	0.221	0.777	0.001
0.001	0.997	0.001	0.001
0.261	0.099	0.001	0.639
>CGAAACGG	2-CGAAACGG	9.499105	-17.879710	0	T:5.0(2.03%),B:15.3(0.03%),P:1e-7	Tpos:55.6,Tstd:73.2,Bpos:239.3,Bstd:105.1,StrandBias:2.0,Multiplicity:1.00
0.001	0.997	0.001	0.001
0.001	0.001	0.997	0.001
0.997	0.001	0.001	0.001
0.997	0.001	0.001	0.001
0.790	0.001	0.001	0.208
0.001	0.997	0.001	0.001
0.001	0.001	0.997	0.001
0.001	0.001	0.997	0.001
>YSGGTGTA	3-YSGGTGTA	8.688648	-17.005063	0	T:16.0(6.50%),B:571.6(1.15%),P:1e-7	Tpos:309.5,Tstd:199.1,Bpos:215.4,Bstd:118.7,StrandBias:1.2,Multiplicity:1.00
0.001	0.413	0.031	0.555
0.001	0.444	0.554	0.001
0.001	0.001	0.997	0.001
0.001	0.001	0.707	0.291
0.291	0.001	0.001	0.707
0.001	0.001	0.997	0.001
0.001	0.001	0.001	0.997
0.997	0.001	0.001	0.001
>TCACTTGA	4-TCACTTGA	9.413601	-16.281441	0	T:27.0(10.98%),B:1658.9(3.35%),P:1e-7	Tpos:229.7,Tstd:212.8,Bpos:217.7,Bstd:127.5,StrandBias:-0.7,Multiplicity:1.07
0.001	0.001	0.052	0.946
0.001	0.938	0.001	0.060
0.997	0.001	0.001	0.001
0.025	0.973	0.001	0.001
0.001	0.001	0.001	0.997
0.001	0.001	0.001	0.997
0.001	0.258	0.740	0.001
0.847	0.090	0.062	0.001
>CGGSGTAC	5-CGGSGTAC	6.695132	-13.565082	0	T:10.0(4.07%),B:269.5(0.54%),P:1e-5	Tpos:299.4,Tstd:335.9,Bpos:222.3,Bstd:120.0,StrandBias:2.0,Multiplicity:1.00
0.049	0.894	0.056	0.001
0.049	0.102	0.848	0.001
0.083	0.282	0.604	0.031
0.049	0.416	0.359	0.176
0.201	0.001	0.543	0.255
0.029	0.198	0.031	0.742
0.586	0.164	0.029	0.221
0.157	0.741	0.053	0.049
>TGCGAACA	6-TGCGAACA	6.020636	-12.816695	0	T:55.0(22.36%),B:5887.3(11.87%),P:1e-5	Tpos:272.8,Tstd:220.9,Bpos:211.1,Bstd:127.1,StrandBias:0.3,Multiplicity:1.18
0.133	0.199	0.076	0.592
0.051	0.066	0.785	0.098
0.154	0.665	0.095	0.086
0.037	0.064	0.814	0.085
0.824	0.052	0.041	0.083
0.757	0.086	0.052	0.105
0.140	0.728	0.075	0.057
0.851	0.053	0.032	0.064
>CGTGCSGC	7-CGTGCSGC	5.225397	-12.070320	0	T:45.0(18.29%),B:4527.2(9.13%),P:1e-5	Tpos:317.6,Tstd:288.0,Bpos:213.8,Bstd:124.9,StrandBias:0.4,Multiplicity:1.20
0.001	0.740	0.001	0.258
0.133	0.001	0.865	0.001
0.008	0.001	0.001	0.990
0.001	0.001	0.997	0.001
0.001	0.857	0.001	0.141
0.001	0.514	0.484	0.001
0.025	0.037	0.872	0.066
0.001	0.997	0.001	0.001
