>TGTGGTTA	1-TGTGGTTA	6.312418	-705.431376	0	T:1967.0(53.85%),B:11218.5(24.81%),P:1e-306	Tpos:277.3,Tstd:191.2,Bpos:244.5,Bstd:156.4,StrandBias:0.0,Multiplicity:1.53
0.031	0.009	0.001	0.959
0.001	0.001	0.997	0.001
0.015	0.007	0.001	0.977
0.001	0.001	0.997	0.001
0.001	0.001	0.997	0.001
0.001	0.036	0.001	0.962
0.056	0.095	0.060	0.789
0.507	0.051	0.123	0.319
>MAACCACA	2-MAACCACA	6.245781	-582.546497	0	T:2395.0(65.56%),B:17056.1(37.72%),P:1e-252	Tpos:281.0,Tstd:200.6,Bpos:242.6,Bstd:153.7,StrandBias:0.1,Multiplicity:1.32
0.383	0.441	0.001	0.175
0.688	0.073	0.149	0.090
0.599	0.224	0.176	0.001
0.001	0.997	0.001	0.001
0.001	0.984	0.014	0.001
0.721	0.001	0.140	0.138
0.012	0.940	0.001	0.047
0.733	0.075	0.027	0.165
>CTTCCTGT	3-CTTCCTGT	7.134427	-518.994113	0	T:1605.0(43.94%),B:9211.5(20.37%),P:1e-225	Tpos:274.3,Tstd:185.8,Bpos:244.9,Bstd:144.8,StrandBias:0.0,Multiplicity:1.36
0.001	0.821	0.001	0.177
0.070	0.001	0.001	0.928
0.001	0.001	0.001	0.997
0.001	0.997	0.001	0.001
0.001	0.997	0.001	0.001
0.001	0.001	0.033	0.965
0.001	0.129	0.869	0.001
0.001	0.114	0.001	0.884
>GGAAGTGG	4-GGAAGTGG	10.192252	-504.350178	0	T:754.0(20.64%),B:2447.4(5.41%),P:1e-219	Tpos:274.2,Tstd:175.5,Bpos:245.8,Bstd:145.8,StrandBias:-0.1,Multiplicity:1.09
0.001	0.001	0.997	0.001
0.001	0.001	0.997	0.001
0.997	0.001	0.001	0.001
0.582	0.001	0.001	0.416
0.001	0.001	0.997	0.001
0.001	0.001	0.001	0.997
0.001	0.001	0.997	0.001
0.001	0.001	0.997	0.001
>TGCGGTTA	5-TGCGGTTA	4.888718	-465.449003	0	T:2050.0(56.12%),B:14335.9(31.70%),P:1e-202	Tpos:281.4,Tstd:204.1,Bpos:242.0,Bstd:153.6,StrandBias:-0.1,Multiplicity:1.24
0.065	0.123	0.120	0.692
0.072	0.089	0.738	0.101
0.085	0.708	0.080	0.127
0.021	0.059	0.840	0.080
0.053	0.073	0.860	0.014
0.038	0.086	0.023	0.853
0.105	0.094	0.065	0.736
0.579	0.043	0.074	0.304
>YACTTCCG	6-YACTTCCG	7.477848	-443.849944	0	T:1211.0(33.15%),B:6244.8(13.81%),P:1e-192	Tpos:296.8,Tstd:202.5,Bpos:248.1,Bstd:148.7,StrandBias:-0.2,Multiplicity:1.16
0.167	0.460	0.014	0.359
0.997	0.001	0.001	0.001
0.001	0.520	0.160	0.319
0.215	0.001	0.001	0.783
0.023	0.001	0.060	0.916
0.001	0.997	0.001	0.001
0.001	0.997	0.001	0.001
0.001	0.001	0.578	0.420
>AGGTGTGA	7-AGGTGTGA	7.144035	-193.569457	0	T:963.0(26.36%),B:6355.3(14.05%),P:1e-84	Tpos:279.8,Tstd:197.6,Bpos:243.6,Bstd:154.7,StrandBias:-0.0,Multiplicity:1.21
0.792	0.001	0.206	0.001
0.133	0.001	0.792	0.074
0.001	0.001	0.997	0.001
0.001	0.038	0.001	0.960
0.001	0.001	0.997	0.001
0.095	0.001	0.001	0.903
0.001	0.001	0.906	0.092
0.997	0.001	0.001	0.001
>CAGGATGT	8-CAGGATGT	6.645478	-192.795940	0	T:564.0(15.44%),B:2843.2(6.29%),P:1e-83	Tpos:271.9,Tstd:184.9,Bpos:246.7,Bstd:144.6,StrandBias:-0.1,Multiplicity:1.10
0.001	0.825	0.173	0.001
0.914	0.084	0.001	0.001
0.001	0.001	0.997	0.001
0.001	0.001	0.997	0.001
0.997	0.001	0.001	0.001
0.001	0.001	0.001	0.997
0.178	0.001	0.820	0.001
0.001	0.001	0.001	0.997
>ATGAGTCA	9-ATGAGTCA	6.672853	-141.329829	0	T:701.0(19.19%),B:4535.5(10.03%),P:1e-61	Tpos:302.6,Tstd:215.6,Bpos:243.6,Bstd:148.7,StrandBias:0.0,Multiplicity:1.16
0.648	0.143	0.164	0.045
0.001	0.009	0.001	0.989
0.001	0.021	0.944	0.034
0.966	0.005	0.001	0.028
0.017	0.216	0.723	0.044
0.001	0.001	0.001	0.997
0.007	0.991	0.001	0.001
0.997	0.001	0.001	0.001
>WCACACCC	10-WCACACCC	6.778496	-139.258950	0	T:1154.0(31.59%),B:9054.2(20.02%),P:1e-60	Tpos:290.1,Tstd:209.5,Bpos:243.6,Bstd:154.9,StrandBias:-0.1,Multiplicity:1.18
0.448	0.071	0.001	0.481
0.132	0.565	0.214	0.089
0.772	0.104	0.047	0.077
0.180	0.751	0.044	0.025
0.839	0.001	0.159	0.001
0.111	0.847	0.001	0.041
0.001	0.981	0.017	0.001
0.001	0.827	0.171	0.001
>GGCGGGGC	11-GGCGGGGC	6.027910	-93.705951	0	T:1446.0(39.58%),B:13193.0(29.18%),P:1e-40	Tpos:290.2,Tstd:206.3,Bpos:244.1,Bstd:150.2,StrandBias:0.0,Multiplicity:1.72
0.001	0.001	0.997	0.001
0.001	0.001	0.997	0.001
0.070	0.685	0.001	0.244
0.105	0.001	0.893	0.001
0.039	0.001	0.921	0.039
0.055	0.001	0.910	0.034
0.053	0.032	0.914	0.001
0.055	0.901	0.001	0.043
>AGAAACTA	12-AGAAACTA	3.670275	-87.581375	0	T:593.0(16.23%),B:4246.2(9.39%),P:1e-38	Tpos:286.5,Tstd:217.7,Bpos:244.9,Bstd:149.7,StrandBias:-0.1,Multiplicity:1.09
0.585	0.258	0.001	0.156
0.001	0.001	0.997	0.001
0.997	0.001	0.001	0.001
0.997	0.001	0.001	0.001
0.997	0.001	0.001	0.001
0.001	0.997	0.001	0.001
0.001	0.388	0.001	0.610
0.997	0.001	0.001	0.001
>TGTGGCCT	13-TGTGGCCT	7.623731	-70.373367	0	T:718.0(19.66%),B:5797.9(12.82%),P:1e-30	Tpos:287.7,Tstd:206.7,Bpos:246.4,Bstd:148.8,StrandBias:0.2,Multiplicity:1.12
0.001	0.001	0.001	0.997
0.001	0.001	0.997	0.001
0.001	0.001	0.001	0.997
0.001	0.001	0.997	0.001
0.001	0.001	0.997	0.001
0.001	0.715	0.283	0.001
0.001	0.918	0.080	0.001
0.122	0.001	0.082	0.795
>GCGGAAGG	14-GCGGAAGG	5.909626	-67.510193	0	T:374.0(10.24%),B:2478.2(5.48%),P:1e-29	Tpos:287.5,Tstd:216.7,Bpos:249.2,Bstd:151.9,StrandBias:0.1,Multiplicity:1.19
0.001	0.401	0.597	0.001
0.001	0.997	0.001	0.001
0.001	0.001	0.997	0.001
0.001	0.001	0.997	0.001
0.997	0.001	0.001	0.001
0.997	0.001	0.001	0.001
0.379	0.001	0.619	0.001
0.023	0.396	0.580	0.001
>AGGTGTTA	15-AGGTGTTA	7.451376	-63.050018	0	T:714.0(19.55%),B:5908.3(13.07%),P:1e-27	Tpos:298.9,Tstd:205.7,Bpos:245.1,Bstd:154.3,StrandBias:0.1,Multiplicity:1.15
0.850	0.001	0.028	0.121
0.189	0.001	0.679	0.131
0.001	0.004	0.994	0.001
0.001	0.001	0.001	0.997
0.001	0.001	0.997	0.001
0.001	0.052	0.001	0.946
0.001	0.423	0.001	0.575
0.809	0.001	0.189	0.001
>GGTGMTAA	16-GGTGMTAA	6.725059	-62.544535	0	T:734.0(20.09%),B:6128.8(13.55%),P:1e-27	Tpos:282.8,Tstd:211.4,Bpos:245.5,Bstd:147.1,StrandBias:0.2,Multiplicity:1.13
0.003	0.221	0.685	0.091
0.136	0.031	0.723	0.110
0.001	0.198	0.033	0.768
0.012	0.001	0.986	0.001
0.398	0.447	0.093	0.061
0.061	0.165	0.142	0.632
0.964	0.001	0.034	0.001
0.818	0.001	0.150	0.031
>TTTCDGTT	17-TTTCDGTT	7.358962	-54.215203	0	T:473.0(12.95%),B:3632.7(8.03%),P:1e-23	Tpos:279.1,Tstd:200.8,Bpos:244.0,Bstd:151.1,StrandBias:0.0,Multiplicity:1.09
0.001	0.001	0.001	0.997
0.012	0.001	0.001	0.986
0.009	0.001	0.001	0.989
0.001	0.997	0.001	0.001
0.246	0.108	0.357	0.289
0.091	0.076	0.756	0.077
0.001	0.026	0.025	0.948
0.009	0.012	0.018	0.961
>CTCCGCCC	18-CTCCGCCC	4.093076	-53.490160	0	T:959.0(26.25%),B:8782.0(19.42%),P:1e-23	Tpos:296.0,Tstd:212.7,Bpos:243.6,Bstd:145.1,StrandBias:0.1,Multiplicity:1.32
0.001	0.997	0.001	0.001
0.001	0.001	0.001	0.997
0.001	0.997	0.001	0.001
0.001	0.997	0.001	0.001
0.001	0.001	0.949	0.049
0.001	0.997	0.001	0.001
0.001	0.997	0.001	0.001
0.001	0.931	0.041	0.027
>GCCRATCG	19-GCCRATCG	6.260613	-35.918539	0	T:220.0(6.02%),B:1510.9(3.34%),P:1e-15	Tpos:286.6,Tstd:221.8,Bpos:245.3,Bstd:146.8,StrandBias:0.1,Multiplicity:1.17
0.124	0.001	0.851	0.024
0.001	0.997	0.001	0.001
0.001	0.997	0.001	0.001
0.468	0.001	0.530	0.001
0.997	0.001	0.001	0.001
0.001	0.001	0.001	0.997
0.001	0.997	0.001	0.001
0.276	0.001	0.722	0.001
>CACCTCAG	20-CACCTCAG	10.758094	-35.006013	0	T:207.0(5.67%),B:1404.9(3.11%),P:1e-15	Tpos:288.5,Tstd:207.2,Bpos:238.6,Bstd:153.3,StrandBias:-0.4,Multiplicity:1.06
0.001	0.997	0.001	0.001
0.997	0.001	0.001	0.001
0.001	0.997	0.001	0.001
0.169	0.829	0.001	0.001
0.001	0.001	0.001	0.997
0.001	0.997	0.001	0.001
0.997	0.001	0.001	0.001
0.117	0.001	0.881	0.001
>ATGACGTC	21-ATGACGTC	8.347107	-29.671674	0	T:155.0(4.24%),B:1009.0(2.23%),P:1e-12	Tpos:293.4,Tstd:178.2,Bpos:249.8,Bstd:145.5,StrandBias:0.0,Multiplicity:1.03
0.692	0.001	0.306	0.001
0.001	0.001	0.001	0.997
0.001	0.001	0.883	0.115
0.997	0.001	0.001	0.001
0.001	0.821	0.001	0.177
0.001	0.001	0.997	0.001
0.001	0.001	0.001	0.997
0.001	0.997	0.001	0.001
>TCTCGCGA	22-TCTCGCGA	8.371004	-22.130633	0	T:52.0(1.42%),B:234.9(0.52%),P:1e-9	Tpos:282.0,Tstd:178.7,Bpos:252.7,Bstd:155.1,StrandBias:-0.1,Multiplicity:1.04
0.001	0.001	0.001	0.997
0.047	0.951	0.001	0.001
0.001	0.001	0.001	0.997
0.001	0.997	0.001	0.001
0.001	0.001	0.997	0.001
0.100	0.898	0.001	0.001
0.208	0.001	0.790	0.001
0.888	0.001	0.001	0.110
