>VCCACTTCCTGT	1-VCCACTTCCTGT	8.058326	-775.327103	0	T:1244.0(34.05%),B:4540.4(10.04%),P:1e-336	Tpos:269.8,Tstd:171.4,Bpos:246.1,Bstd:144.7,StrandBias:-0.1,Multiplicity:1.24
0.358	0.219	0.258	0.164
0.158	0.461	0.171	0.210
0.151	0.553	0.102	0.194
0.653	0.143	0.095	0.109
0.004	0.838	0.007	0.151
0.373	0.001	0.007	0.619
0.022	0.113	0.001	0.864
0.002	0.954	0.039	0.005
0.002	0.987	0.001	0.010
0.072	0.038	0.075	0.815
0.055	0.237	0.540	0.168
0.168	0.261	0.097	0.474
>WAACCACAVNNN	2-WAACCACAVNNN	6.642161	-666.157701	0	T:1954.0(53.49%),B:11405.1(25.22%),P:1e-289	Tpos:274.1,Tstd:185.5,Bpos:244.0,Bstd:155.6,StrandBias:-0.0,Multiplicity:1.50
0.462	0.081	0.052	0.405
0.696	0.077	0.109	0.118
0.759	0.077	0.130	0.034
0.041	0.921	0.013	0.025
0.034	0.906	0.023	0.037
0.730	0.059	0.091	0.120
0.058	0.832	0.062	0.048
0.804	0.075	0.042	0.079
0.312	0.252	0.392	0.044
0.308	0.248	0.239	0.205
0.257	0.293	0.273	0.177
0.309	0.257	0.232	0.202
>GKAGGGTGTGGY	3-GKAGGGTGTGGY	7.748676	-324.514864	0	T:1222.0(33.45%),B:7374.0(16.31%),P:1e-140	Tpos:285.8,Tstd:209.7,Bpos:243.4,Bstd:149.1,StrandBias:-0.1,Multiplicity:1.24
0.191	0.135	0.488	0.186
0.171	0.214	0.374	0.240
0.527	0.019	0.196	0.258
0.138	0.001	0.860	0.001
0.066	0.001	0.917	0.016
0.192	0.107	0.691	0.010
0.061	0.167	0.049	0.723
0.020	0.001	0.838	0.141
0.083	0.001	0.330	0.586
0.034	0.001	0.961	0.004
0.123	0.002	0.725	0.150
0.117	0.487	0.047	0.348
>KGYTTCCTGTTT	4-KGYTTCCTGTTT	8.689197	-265.663959	0	T:792.0(21.68%),B:4110.2(9.09%),P:1e-115	Tpos:269.9,Tstd:182.1,Bpos:242.1,Bstd:147.0,StrandBias:0.0,Multiplicity:1.14
0.271	0.001	0.293	0.435
0.188	0.114	0.564	0.134
0.027	0.506	0.082	0.385
0.022	0.001	0.001	0.976
0.001	0.001	0.001	0.997
0.065	0.798	0.036	0.101
0.006	0.969	0.001	0.024
0.001	0.001	0.090	0.908
0.058	0.203	0.667	0.072
0.003	0.101	0.152	0.744
0.026	0.150	0.333	0.490
0.129	0.234	0.137	0.500
>GAGGTGTGAAAH	5-GAGGTGTGAAAH	7.933257	-246.040836	0	T:746.0(20.42%),B:3890.9(8.60%),P:1e-106	Tpos:280.0,Tstd:194.5,Bpos:248.3,Bstd:151.8,StrandBias:0.0,Multiplicity:1.15
0.187	0.105	0.499	0.208
0.714	0.001	0.131	0.154
0.223	0.014	0.665	0.098
0.021	0.102	0.876	0.001
0.001	0.033	0.001	0.965
0.001	0.001	0.997	0.001
0.285	0.007	0.065	0.643
0.001	0.001	0.887	0.111
0.877	0.001	0.005	0.117
0.592	0.192	0.084	0.132
0.406	0.192	0.181	0.221
0.254	0.331	0.147	0.269
>AGRGGAARTGRC	6-AGRGGAARTGRC	9.610924	-164.068808	0	T:306.0(8.38%),B:1137.0(2.51%),P:1e-71	Tpos:262.9,Tstd:192.4,Bpos:243.6,Bstd:142.1,StrandBias:-0.1,Multiplicity:1.05
0.836	0.001	0.091	0.072
0.308	0.001	0.611	0.080
0.430	0.191	0.377	0.001
0.001	0.001	0.997	0.001
0.057	0.001	0.935	0.007
0.997	0.001	0.001	0.001
0.790	0.001	0.001	0.208
0.414	0.254	0.331	0.001
0.001	0.001	0.001	0.997
0.001	0.001	0.997	0.001
0.409	0.079	0.511	0.001
0.273	0.444	0.001	0.282
>DDVTGASTCABH	7-DDVTGASTCABH	4.354607	-138.904379	0	T:453.0(12.40%),B:2398.8(5.30%),P:1e-60	Tpos:310.9,Tstd:227.8,Bpos:243.1,Bstd:150.8,StrandBias:0.0,Multiplicity:1.11
0.267	0.121	0.356	0.257
0.262	0.096	0.263	0.380
0.374	0.335	0.290	0.001
0.001	0.001	0.001	0.997
0.001	0.001	0.997	0.001
0.997	0.001	0.001	0.001
0.001	0.432	0.566	0.001
0.001	0.001	0.001	0.997
0.001	0.997	0.001	0.001
0.997	0.001	0.001	0.001
0.001	0.341	0.307	0.351
0.321	0.359	0.001	0.319
>ACAGGATGTGGG	8-ACAGGATGTGGG	9.521304	-124.254484	0	T:214.0(5.86%),B:745.0(1.65%),P:1e-53	Tpos:257.9,Tstd:149.5,Bpos:253.3,Bstd:144.4,StrandBias:-0.2,Multiplicity:1.05
0.789	0.076	0.119	0.016
0.030	0.800	0.055	0.115
0.784	0.069	0.051	0.096
0.077	0.001	0.880	0.042
0.012	0.086	0.816	0.086
0.785	0.089	0.032	0.094
0.007	0.078	0.039	0.876
0.069	0.019	0.862	0.050
0.042	0.028	0.039	0.891
0.043	0.057	0.885	0.015
0.088	0.035	0.774	0.103
0.048	0.032	0.890	0.030
>GGTTTCAGTTTC	9-GGTTTCAGTTTC	8.604641	-102.350202	0	T:346.0(9.47%),B:1855.0(4.10%),P:1e-44	Tpos:265.5,Tstd:178.6,Bpos:246.1,Bstd:151.2,StrandBias:-0.2,Multiplicity:1.09
0.154	0.026	0.674	0.146
0.012	0.131	0.732	0.125
0.058	0.019	0.010	0.913
0.019	0.004	0.125	0.852
0.146	0.011	0.043	0.800
0.047	0.817	0.097	0.039
0.814	0.011	0.067	0.108
0.024	0.191	0.733	0.052
0.001	0.051	0.001	0.947
0.022	0.019	0.060	0.899
0.030	0.144	0.059	0.767
0.008	0.762	0.094	0.136
>AGAAGCGTTGCA	10-AGAAGCGTTGCA	13.681427	-83.869840	0	T:21.0(0.57%),B:2.8(0.01%),P:1e-36	Tpos:373.5,Tstd:100.2,Bpos:70.6,Bstd:102.3,StrandBias:2.6,Multiplicity:1.00
0.997	0.001	0.001	0.001
0.001	0.001	0.997	0.001
0.997	0.001	0.001	0.001
0.997	0.001	0.001	0.001
0.001	0.001	0.992	0.006
0.418	0.580	0.001	0.001
0.001	0.160	0.838	0.001
0.001	0.001	0.001	0.997
0.001	0.001	0.001	0.997
0.001	0.001	0.997	0.001
0.001	0.997	0.001	0.001
0.580	0.001	0.418	0.001
>CATGTAGGCTGT	11-CATGTAGGCTGT	16.556438	-65.742666	0	T:15.0(0.41%),B:1.6(0.00%),P:1e-28	Tpos:231.3,Tstd:79.3,Bpos:252.5,Bstd:18.6,StrandBias:10.0,Multiplicity:1.00
0.001	0.997	0.001	0.001
0.997	0.001	0.001	0.001
0.001	0.001	0.001	0.997
0.001	0.001	0.997	0.001
0.001	0.001	0.001	0.997
0.997	0.001	0.001	0.001
0.001	0.001	0.955	0.043
0.001	0.001	0.997	0.001
0.001	0.997	0.001	0.001
0.001	0.001	0.001	0.997
0.001	0.001	0.997	0.001
0.001	0.001	0.001	0.997
>GTGTCTTGCACA	12-GTGTCTTGCACA	13.450401	-62.177818	0	T:18.0(0.49%),B:3.9(0.01%),P:1e-27	Tpos:226.8,Tstd:191.8,Bpos:317.3,Bstd:42.9,StrandBias:10.0,Multiplicity:1.00
0.001	0.001	0.997	0.001
0.001	0.001	0.001	0.997
0.001	0.001	0.997	0.001
0.001	0.047	0.001	0.951
0.047	0.951	0.001	0.001
0.001	0.001	0.001	0.997
0.001	0.001	0.001	0.997
0.001	0.001	0.997	0.001
0.001	0.997	0.001	0.001
0.997	0.001	0.001	0.001
0.001	0.951	0.001	0.047
0.997	0.001	0.001	0.001
>GGTTTCTGACAC	13-GGTTTCTGACAC	13.111875	-57.514029	0	T:26.0(0.71%),B:15.4(0.03%),P:1e-24	Tpos:176.1,Tstd:113.1,Bpos:276.2,Bstd:103.7,StrandBias:2.7,Multiplicity:1.00
0.001	0.001	0.997	0.001
0.001	0.001	0.956	0.042
0.001	0.161	0.001	0.837
0.001	0.001	0.001	0.997
0.001	0.001	0.001	0.997
0.071	0.927	0.001	0.001
0.001	0.001	0.001	0.997
0.001	0.001	0.997	0.001
0.997	0.001	0.001	0.001
0.001	0.997	0.001	0.001
0.997	0.001	0.001	0.001
0.001	0.927	0.001	0.071
>GTCCTCAGATGT	14-GTCCTCAGATGT	14.836390	-57.075646	0	T:18.0(0.49%),B:4.5(0.01%),P:1e-24	Tpos:235.9,Tstd:145.7,Bpos:275.5,Bstd:78.9,StrandBias:4.1,Multiplicity:1.00
0.001	0.001	0.997	0.001
0.001	0.001	0.001	0.997
0.001	0.997	0.001	0.001
0.001	0.997	0.001	0.001
0.001	0.001	0.001	0.997
0.001	0.997	0.001	0.001
0.997	0.001	0.001	0.001
0.001	0.001	0.997	0.001
0.997	0.001	0.001	0.001
0.001	0.001	0.171	0.827
0.001	0.001	0.997	0.001
0.001	0.001	0.001	0.997
>TCCAATCCACTC	15-TCCAATCCACTC	12.355432	-53.609124	0	T:16.0(0.44%),B:3.2(0.01%),P:1e-23	Tpos:318.7,Tstd:62.7,Bpos:235.9,Bstd:128.0,StrandBias:10.0,Multiplicity:1.00
0.100	0.100	0.100	0.700
0.100	0.700	0.100	0.100
0.100	0.700	0.100	0.100
0.700	0.100	0.100	0.100
0.700	0.100	0.100	0.100
0.100	0.100	0.100	0.700
0.100	0.700	0.100	0.100
0.100	0.700	0.100	0.100
0.700	0.100	0.100	0.100
0.100	0.700	0.100	0.100
0.100	0.100	0.100	0.700
0.100	0.700	0.100	0.100
>CCTTGCCCTTGA	16-CCTTGCCCTTGA	12.355432	-50.885529	0	T:14.0(0.38%),B:2.5(0.01%),P:1e-22	Tpos:255.6,Tstd:74.1,Bpos:329.9,Bstd:115.0,StrandBias:10.0,Multiplicity:1.00
0.100	0.700	0.100	0.100
0.100	0.700	0.100	0.100
0.100	0.100	0.100	0.700
0.100	0.100	0.100	0.700
0.100	0.100	0.700	0.100
0.100	0.700	0.100	0.100
0.100	0.700	0.100	0.100
0.100	0.700	0.100	0.100
0.100	0.100	0.100	0.700
0.100	0.100	0.100	0.700
0.100	0.100	0.700	0.100
0.700	0.100	0.100	0.100
>AGACTGCTGCAG	17-AGACTGCTGCAG	12.355432	-42.027484	0	T:12.0(0.33%),B:2.8(0.01%),P:1e-18	Tpos:415.0,Tstd:101.1,Bpos:236.3,Bstd:158.5,StrandBias:2.3,Multiplicity:1.00
0.700	0.100	0.100	0.100
0.100	0.100	0.700	0.100
0.700	0.100	0.100	0.100
0.100	0.700	0.100	0.100
0.100	0.100	0.100	0.700
0.100	0.100	0.700	0.100
0.100	0.700	0.100	0.100
0.100	0.100	0.100	0.700
0.100	0.100	0.700	0.100
0.100	0.700	0.100	0.100
0.700	0.100	0.100	0.100
0.100	0.100	0.700	0.100
>CAGTCAATGTGG	18-CAGTCAATGTGG	12.355432	-42.027484	0	T:12.0(0.33%),B:2.8(0.01%),P:1e-18	Tpos:241.3,Tstd:54.8,Bpos:210.9,Bstd:49.4,StrandBias:10.0,Multiplicity:1.00
0.100	0.700	0.100	0.100
0.700	0.100	0.100	0.100
0.100	0.100	0.700	0.100
0.100	0.100	0.100	0.700
0.100	0.700	0.100	0.100
0.700	0.100	0.100	0.100
0.700	0.100	0.100	0.100
0.100	0.100	0.100	0.700
0.100	0.100	0.700	0.100
0.100	0.100	0.100	0.700
0.100	0.100	0.700	0.100
0.100	0.100	0.700	0.100
>AATAGACCGCAG	19-AATAGACCGCAG	9.957072	-39.513424	0	T:22.0(0.60%),B:20.3(0.04%),P:1e-17	Tpos:182.4,Tstd:100.6,Bpos:231.1,Bstd:148.5,StrandBias:2.6,Multiplicity:1.00
0.673	0.111	0.115	0.101
0.660	0.124	0.119	0.097
0.127	0.141	0.127	0.605
0.715	0.071	0.099	0.115
0.124	0.109	0.672	0.095
0.699	0.103	0.104	0.094
0.112	0.663	0.117	0.108
0.170	0.579	0.108	0.143
0.141	0.119	0.597	0.143
0.115	0.698	0.098	0.089
0.742	0.061	0.078	0.119
0.112	0.091	0.695	0.102
>GCTTCACCCAGT	20-GCTTCACCCAGT	12.355432	-37.715760	0	T:11.0(0.30%),B:2.4(0.01%),P:1e-16	Tpos:344.1,Tstd:59.5,Bpos:376.3,Bstd:5.0,StrandBias:10.0,Multiplicity:1.00
0.100	0.100	0.700	0.100
0.100	0.700	0.100	0.100
0.100	0.100	0.100	0.700
0.100	0.100	0.100	0.700
0.100	0.700	0.100	0.100
0.700	0.100	0.100	0.100
0.100	0.700	0.100	0.100
0.100	0.700	0.100	0.100
0.100	0.700	0.100	0.100
0.700	0.100	0.100	0.100
0.100	0.100	0.700	0.100
0.100	0.100	0.100	0.700
>ACATCTCCGCCC	21-ACATCTCCGCCC	-0.243574	-25.173655	0	T:280.0(7.66%),B:2287.3(5.06%),P:1e-10	Tpos:294.6,Tstd:218.9,Bpos:242.2,Bstd:149.0,StrandBias:-0.1,Multiplicity:1.11
0.903	0.048	0.048	0.001
0.001	0.997	0.001	0.001
0.951	0.001	0.001	0.047
0.001	0.001	0.001	0.997
0.001	0.997	0.001	0.001
0.001	0.001	0.001	0.997
0.001	0.997	0.001	0.001
0.001	0.997	0.001	0.001
0.001	0.001	0.997	0.001
0.001	0.997	0.001	0.001
0.001	0.997	0.001	0.001
0.001	0.997	0.001	0.001
>TGCAGTACATTG	22-TGCAGTACATTG	12.355432	-13.307955	0	T:4.0(0.11%),B:1.3(0.00%),P:1e-5	Tpos:121.9,Tstd:76.2,Bpos:234.2,Bstd:164.3,StrandBias:1.6,Multiplicity:2.00
0.100	0.100	0.100	0.700
0.100	0.100	0.700	0.100
0.100	0.700	0.100	0.100
0.700	0.100	0.100	0.100
0.100	0.100	0.700	0.100
0.100	0.100	0.100	0.700
0.700	0.100	0.100	0.100
0.100	0.700	0.100	0.100
0.700	0.100	0.100	0.100
0.100	0.100	0.100	0.700
0.100	0.100	0.100	0.700
0.100	0.100	0.700	0.100
>AGSCGATATWTW	23-AGSCGATATWTW	10.149929	-13.161756	0	T:16.0(0.44%),B:46.1(0.10%),P:1e-5	Tpos:237.4,Tstd:199.5,Bpos:283.9,Bstd:145.8,StrandBias:0.4,Multiplicity:1.00
0.593	0.001	0.405	0.001
0.001	0.169	0.829	0.001
0.001	0.460	0.349	0.190
0.001	0.810	0.188	0.001
0.001	0.001	0.997	0.001
0.997	0.001	0.001	0.001
0.001	0.358	0.001	0.640
0.581	0.001	0.417	0.001
0.001	0.001	0.001	0.997
0.509	0.001	0.001	0.489
0.001	0.173	0.232	0.594
0.467	0.001	0.001	0.531
>ATGTGTTAGAGG	24-ATGTGTTAGAGG	12.355432	-9.400838	0	T:3.0(0.08%),B:1.7(0.00%),P:1e-4	Tpos:397.1,Tstd:128.1,Bpos:234.2,Bstd:182.2,StrandBias:10.0,Multiplicity:12.00
0.700	0.100	0.100	0.100
0.100	0.100	0.100	0.700
0.100	0.100	0.700	0.100
0.100	0.100	0.100	0.700
0.100	0.100	0.700	0.100
0.100	0.100	0.100	0.700
0.100	0.100	0.100	0.700
0.700	0.100	0.100	0.100
0.100	0.100	0.700	0.100
0.700	0.100	0.100	0.100
0.100	0.100	0.700	0.100
0.100	0.100	0.700	0.100
>AGTGATCATAGG	25-AGTGATCATAGG	11.286966	-8.107786	0	T:5.0(0.14%),B:7.9(0.02%),P:1e-3	Tpos:129.7,Tstd:75.2,Bpos:238.8,Bstd:159.5,StrandBias:3.6,Multiplicity:2.60
0.997	0.001	0.001	0.001
0.001	0.001	0.997	0.001
0.001	0.001	0.001	0.997
0.001	0.001	0.997	0.001
0.997	0.001	0.001	0.001
0.001	0.070	0.001	0.928
0.001	0.997	0.001	0.001
0.997	0.001	0.001	0.001
0.001	0.001	0.001	0.997
0.928	0.001	0.070	0.001
0.001	0.001	0.997	0.001
0.001	0.001	0.997	0.001
