Factor1: 1.0398117031284047
Factor2: 0.9617125841066926
