Factor1: 1.0169295946141228
Factor2: 0.9833522451271114
