Factor1: 0.998979593948219
Factor2: 1.0010214483438526
