>ACAGGAAGTG	1-ACAGGAAGTG	7.729098	-241.989437	0	T:322.0(42.65%),B:5414.9(11.31%),P:1e-105	Tpos:241.7,Tstd:143.0,Bpos:212.2,Bstd:128.8,StrandBias:-0.1,Multiplicity:1.31
0.750	0.063	0.172	0.015
0.114	0.730	0.125	0.031
0.828	0.121	0.033	0.018
0.027	0.017	0.943	0.013
0.023	0.032	0.930	0.015
0.985	0.007	0.001	0.007
0.793	0.018	0.015	0.174
0.203	0.014	0.761	0.022
0.059	0.184	0.063	0.694
0.181	0.085	0.590	0.144
>CAGGATGTGG	2-CAGGATGTGG	8.917531	-77.554740	0	T:93.0(12.32%),B:1252.1(2.62%),P:1e-33	Tpos:236.5,Tstd:160.7,Bpos:212.9,Bstd:126.5,StrandBias:-0.6,Multiplicity:1.09
0.142	0.532	0.201	0.125
0.907	0.056	0.036	0.001
0.070	0.056	0.873	0.001
0.001	0.001	0.997	0.001
0.832	0.001	0.166	0.001
0.001	0.001	0.001	0.997
0.034	0.001	0.964	0.001
0.001	0.042	0.001	0.956
0.023	0.001	0.953	0.023
0.001	0.001	0.997	0.001
>BAGYTTCCTC	3-BAGYTTCCTC	7.753237	-69.744984	0	T:232.0(30.73%),B:6818.3(14.24%),P:1e-30	Tpos:228.3,Tstd:136.8,Bpos:214.7,Bstd:123.5,StrandBias:0.2,Multiplicity:1.13
0.001	0.393	0.262	0.345
0.494	0.049	0.253	0.204
0.279	0.001	0.719	0.001
0.035	0.325	0.206	0.435
0.102	0.163	0.001	0.734
0.001	0.001	0.001	0.997
0.001	0.891	0.107	0.001
0.031	0.877	0.001	0.091
0.026	0.001	0.001	0.972
0.107	0.634	0.258	0.001
>TGTGGTTAVM	4-TGTGGTTAVM	7.309340	-58.187423	0	T:189.0(25.03%),B:5403.6(11.29%),P:1e-25	Tpos:239.8,Tstd:155.9,Bpos:211.9,Bstd:132.7,StrandBias:-0.1,Multiplicity:1.22
0.148	0.066	0.001	0.785
0.001	0.161	0.794	0.044
0.035	0.001	0.001	0.963
0.036	0.001	0.962	0.001
0.087	0.001	0.894	0.018
0.001	0.082	0.209	0.708
0.117	0.071	0.135	0.677
0.573	0.005	0.146	0.276
0.306	0.282	0.329	0.083
0.399	0.309	0.061	0.231
>CTATTTCCGC	5-CTATTTCCGC	7.534753	-56.096705	0	T:110.0(14.57%),B:2270.6(4.74%),P:1e-24	Tpos:251.7,Tstd:164.8,Bpos:213.9,Bstd:126.0,StrandBias:-0.3,Multiplicity:1.10
0.172	0.686	0.002	0.140
0.108	0.114	0.001	0.777
0.564	0.128	0.107	0.201
0.001	0.057	0.070	0.872
0.154	0.001	0.001	0.844
0.001	0.001	0.001	0.997
0.035	0.934	0.001	0.030
0.048	0.950	0.001	0.001
0.184	0.027	0.642	0.147
0.001	0.704	0.136	0.159
>GAAGTGACAC	6-GAAGTGACAC	6.206236	-36.792141	0	T:285.0(37.75%),B:11597.1(24.22%),P:1e-15	Tpos:252.3,Tstd:164.8,Bpos:209.9,Bstd:131.1,StrandBias:-0.2,Multiplicity:1.22
0.084	0.070	0.795	0.051
0.846	0.110	0.011	0.033
0.818	0.001	0.088	0.093
0.111	0.118	0.740	0.031
0.096	0.034	0.058	0.812
0.039	0.082	0.846	0.033
0.737	0.085	0.020	0.158
0.012	0.829	0.093	0.066
0.775	0.076	0.063	0.086
0.079	0.816	0.050	0.055
>GAACGGAAGT	7-GAACGGAAGT	9.386412	-35.839882	0	T:22.0(2.91%),B:124.2(0.26%),P:1e-15	Tpos:228.3,Tstd:118.1,Bpos:207.8,Bstd:139.5,StrandBias:-0.3,Multiplicity:1.00
0.095	0.001	0.766	0.138
0.802	0.091	0.001	0.106
0.997	0.001	0.001	0.001
0.001	0.997	0.001	0.001
0.001	0.001	0.997	0.001
0.001	0.111	0.887	0.001
0.997	0.001	0.001	0.001
0.753	0.119	0.001	0.127
0.001	0.001	0.997	0.001
0.072	0.001	0.001	0.926
>GRTGACGTCA	8-GRTGACGTCA	7.065377	-35.180724	0	T:127.0(16.82%),B:3758.5(7.85%),P:1e-15	Tpos:249.3,Tstd:152.5,Bpos:210.5,Bstd:130.4,StrandBias:-0.2,Multiplicity:1.08
0.113	0.164	0.628	0.095
0.453	0.079	0.443	0.025
0.055	0.001	0.046	0.898
0.013	0.024	0.847	0.116
0.898	0.001	0.100	0.001
0.104	0.704	0.095	0.097
0.181	0.095	0.641	0.083
0.045	0.042	0.033	0.880
0.150	0.739	0.075	0.036
0.832	0.031	0.001	0.136
>AATGGAAACT	9-AATGGAAACT	9.490609	-29.279678	0	T:40.0(5.30%),B:619.5(1.29%),P:1e-12	Tpos:235.1,Tstd:154.3,Bpos:216.4,Bstd:121.9,StrandBias:-0.4,Multiplicity:1.00
0.806	0.192	0.001	0.001
0.859	0.139	0.001	0.001
0.001	0.190	0.001	0.808
0.001	0.001	0.997	0.001
0.001	0.001	0.997	0.001
0.948	0.050	0.001	0.001
0.997	0.001	0.001	0.001
0.997	0.001	0.001	0.001
0.177	0.732	0.090	0.001
0.059	0.001	0.099	0.841
>GCCCCRCCCW	10-GCCCCRCCCW	8.746741	-27.416852	0	T:88.0(11.66%),B:2449.1(5.12%),P:1e-11	Tpos:201.1,Tstd:150.1,Bpos:213.3,Bstd:123.3,StrandBias:0.3,Multiplicity:1.16
0.043	0.052	0.804	0.101
0.070	0.889	0.001	0.040
0.067	0.541	0.001	0.391
0.001	0.928	0.070	0.001
0.218	0.755	0.001	0.026
0.312	0.157	0.407	0.125
0.072	0.926	0.001	0.001
0.120	0.878	0.001	0.001
0.026	0.972	0.001	0.001
0.548	0.007	0.033	0.412
>BCTGASTCAG	11-BCTGASTCAG	4.557263	-24.015071	0	T:74.0(9.80%),B:2019.1(4.22%),P:1e-10	Tpos:236.5,Tstd:167.9,Bpos:215.2,Bstd:131.1,StrandBias:0.2,Multiplicity:1.06
0.001	0.379	0.345	0.275
0.421	0.577	0.001	0.001
0.001	0.001	0.001	0.997
0.001	0.001	0.997	0.001
0.997	0.001	0.001	0.001
0.001	0.542	0.456	0.001
0.001	0.001	0.001	0.997
0.001	0.997	0.001	0.001
0.997	0.001	0.001	0.001
0.001	0.001	0.621	0.377
>AACATAAGTG	12-AACATAAGTG	8.585632	-23.048525	0	T:37.0(4.90%),B:664.7(1.39%),P:1e-10	Tpos:223.8,Tstd:183.0,Bpos:215.2,Bstd:129.8,StrandBias:0.9,Multiplicity:1.03
0.914	0.056	0.015	0.015
0.904	0.001	0.094	0.001
0.001	0.881	0.117	0.001
0.909	0.001	0.001	0.089
0.049	0.036	0.001	0.914
0.819	0.044	0.052	0.085
0.997	0.001	0.001	0.001
0.001	0.084	0.914	0.001
0.001	0.001	0.121	0.877
0.092	0.001	0.786	0.121
>TAGCACAGCA	13-TAGCACAGCA	9.145304	-17.671577	0	T:23.0(3.05%),B:352.7(0.74%),P:1e-7	Tpos:243.1,Tstd:126.4,Bpos:218.3,Bstd:131.9,StrandBias:0.1,Multiplicity:1.00
0.001	0.001	0.158	0.840
0.997	0.001	0.001	0.001
0.001	0.001	0.997	0.001
0.001	0.997	0.001	0.001
0.856	0.001	0.142	0.001
0.001	0.997	0.001	0.001
0.997	0.001	0.001	0.001
0.075	0.001	0.923	0.001
0.001	0.997	0.001	0.001
0.897	0.001	0.101	0.001
>TGTTAAAGGK	14-TGTTAAAGGK	8.144902	-17.423798	0	T:57.0(7.55%),B:1616.0(3.38%),P:1e-7	Tpos:277.8,Tstd:155.3,Bpos:212.5,Bstd:130.7,StrandBias:0.4,Multiplicity:1.02
0.001	0.006	0.048	0.945
0.048	0.036	0.890	0.026
0.004	0.135	0.101	0.760
0.360	0.019	0.020	0.601
0.958	0.005	0.034	0.003
0.792	0.031	0.135	0.042
0.712	0.001	0.008	0.279
0.126	0.139	0.733	0.002
0.058	0.003	0.847	0.092
0.158	0.001	0.449	0.392
>CCCCCCCCCC	15-CCCCCCCCCC	7.417229	-14.922756	0	T:213.0(28.21%),B:9838.5(20.55%),P:1e-6	Tpos:250.0,Tstd:178.9,Bpos:212.0,Bstd:127.5,StrandBias:0.1,Multiplicity:1.36
0.001	0.989	0.005	0.005
0.163	0.762	0.008	0.067
0.122	0.677	0.001	0.200
0.180	0.707	0.005	0.108
0.187	0.725	0.001	0.087
0.156	0.742	0.096	0.006
0.074	0.911	0.014	0.001
0.088	0.861	0.001	0.050
0.184	0.784	0.001	0.031
0.100	0.852	0.001	0.047
>TGGCGTAATG	16-TGGCGTAATG	10.296193	-14.256282	0	T:3.0(0.40%),B:0.6(0.00%),P:1e-6	Tpos:224.0,Tstd:44.6,Bpos:64.0,Bstd:0.0,StrandBias:1.0,Multiplicity:1.00
0.100	0.100	0.100	0.700
0.100	0.100	0.700	0.100
0.100	0.100	0.700	0.100
0.100	0.700	0.100	0.100
0.100	0.100	0.700	0.100
0.100	0.100	0.100	0.700
0.700	0.100	0.100	0.100
0.700	0.100	0.100	0.100
0.100	0.100	0.100	0.700
0.100	0.100	0.700	0.100
>GGTGTGATCA	17-GGTGTGATCA	11.436170	-13.289320	0	T:9.0(1.19%),B:67.2(0.14%),P:1e-5	Tpos:158.7,Tstd:86.0,Bpos:216.7,Bstd:131.0,StrandBias:1.0,Multiplicity:1.00
0.001	0.001	0.997	0.001
0.001	0.001	0.997	0.001
0.001	0.001	0.001	0.997
0.001	0.001	0.997	0.001
0.001	0.001	0.001	0.997
0.168	0.001	0.830	0.001
0.997	0.001	0.001	0.001
0.001	0.001	0.001	0.997
0.001	0.889	0.001	0.109
0.997	0.001	0.001	0.001
>ACCCTCGACT	18-ACCCTCGACT	12.396207	-12.893286	0	T:5.0(0.66%),B:13.2(0.03%),P:1e-5	Tpos:142.0,Tstd:118.7,Bpos:191.0,Bstd:117.9,StrandBias:2.0,Multiplicity:1.00
0.997	0.001	0.001	0.001
0.001	0.997	0.001	0.001
0.001	0.997	0.001	0.001
0.001	0.997	0.001	0.001
0.001	0.001	0.001	0.997
0.001	0.997	0.001	0.001
0.001	0.001	0.997	0.001
0.997	0.001	0.001	0.001
0.001	0.761	0.001	0.237
0.001	0.001	0.001	0.997
>GTCTCAGWAT	19-GTCTCAGWAT	8.692356	-10.780184	0	T:32.0(4.24%),B:889.0(1.86%),P:1e-4	Tpos:176.3,Tstd:103.5,Bpos:207.3,Bstd:132.4,StrandBias:1.1,Multiplicity:1.23
0.017	0.001	0.942	0.040
0.049	0.094	0.001	0.856
0.253	0.581	0.105	0.061
0.001	0.001	0.220	0.778
0.001	0.840	0.038	0.121
0.997	0.001	0.001	0.001
0.001	0.059	0.819	0.121
0.446	0.001	0.001	0.552
0.857	0.001	0.141	0.001
0.011	0.001	0.048	0.940
>GTGTTAGAGG	20-GTGTTAGAGG	6.404373	-4.722057	0	T:252.0(33.38%),B:14048.3(29.34%),P:1e-2	Tpos:251.9,Tstd:180.0,Bpos:213.6,Bstd:130.0,StrandBias:0.4,Multiplicity:1.37
0.100	0.100	0.700	0.100
0.100	0.100	0.100	0.700
0.100	0.100	0.700	0.100
0.100	0.100	0.100	0.700
0.100	0.100	0.100	0.700
0.700	0.100	0.100	0.100
0.100	0.100	0.700	0.100
0.700	0.100	0.100	0.100
0.100	0.100	0.700	0.100
0.100	0.100	0.700	0.100
>NCCACTTCCTGT	1-NCCACTTCCTGT	8.327964	-224.365722	0	T:278.0(36.82%),B:4245.1(8.87%),P:1e-97	Tpos:238.0,Tstd:139.3,Bpos:212.9,Bstd:128.6,StrandBias:0.1,Multiplicity:1.32
0.325	0.176	0.312	0.187
0.135	0.521	0.147	0.197
0.114	0.605	0.001	0.280
0.742	0.087	0.099	0.072
0.001	0.767	0.001	0.231
0.273	0.001	0.001	0.725
0.001	0.006	0.001	0.992
0.001	0.997	0.001	0.001
0.001	0.990	0.001	0.008
0.001	0.001	0.101	0.897
0.043	0.170	0.638	0.149
0.001	0.318	0.023	0.658
>GYTTCCTGTKWB	2-GYTTCCTGTKWB	8.367716	-95.719094	0	T:175.0(23.18%),B:3511.0(7.33%),P:1e-41	Tpos:242.2,Tstd:149.1,Bpos:215.2,Bstd:127.3,StrandBias:-0.3,Multiplicity:1.14
0.089	0.059	0.833	0.019
0.001	0.461	0.001	0.537
0.071	0.001	0.016	0.912
0.001	0.001	0.047	0.951
0.064	0.805	0.106	0.025
0.001	0.924	0.026	0.049
0.107	0.001	0.001	0.891
0.049	0.275	0.675	0.001
0.048	0.088	0.001	0.863
0.032	0.075	0.375	0.518
0.424	0.072	0.056	0.447
0.086	0.234	0.312	0.368
>NRGCCCCACCCW	3-NRGCCCCACCCW	8.695997	-52.930748	0	T:149.0(19.74%),B:3902.3(8.15%),P:1e-22	Tpos:205.1,Tstd:131.8,Bpos:213.6,Bstd:125.4,StrandBias:0.5,Multiplicity:1.20
0.229	0.236	0.297	0.237
0.379	0.055	0.417	0.149
0.398	0.047	0.554	0.001
0.076	0.882	0.027	0.015
0.157	0.537	0.001	0.305
0.275	0.723	0.001	0.001
0.001	0.997	0.001	0.001
0.580	0.012	0.104	0.304
0.001	0.728	0.054	0.217
0.001	0.997	0.001	0.001
0.001	0.986	0.001	0.012
0.387	0.118	0.027	0.468
>GTGTGACATCAT	4-GTGTGACATCAT	9.257977	-37.981002	0	T:52.0(6.89%),B:799.7(1.67%),P:1e-16	Tpos:237.0,Tstd:185.1,Bpos:200.8,Bstd:137.1,StrandBias:-0.2,Multiplicity:1.04
0.035	0.050	0.858	0.057
0.034	0.001	0.146	0.819
0.001	0.035	0.917	0.047
0.039	0.001	0.046	0.914
0.039	0.140	0.728	0.093
0.867	0.001	0.001	0.131
0.078	0.794	0.127	0.001
0.836	0.036	0.031	0.097
0.035	0.027	0.069	0.869
0.141	0.812	0.046	0.001
0.891	0.106	0.002	0.001
0.001	0.131	0.166	0.702
>GGAAAATATKAM	5-GGAAAATATKAM	9.227689	-32.670599	0	T:37.0(4.90%),B:475.4(0.99%),P:1e-14	Tpos:271.5,Tstd:179.8,Bpos:221.1,Bstd:120.2,StrandBias:-0.1,Multiplicity:1.09
0.252	0.061	0.686	0.001
0.052	0.034	0.859	0.055
0.865	0.018	0.044	0.073
0.981	0.001	0.017	0.001
0.906	0.001	0.092	0.001
0.497	0.104	0.181	0.218
0.080	0.166	0.073	0.681
0.527	0.179	0.245	0.049
0.228	0.068	0.046	0.658
0.139	0.100	0.433	0.327
0.788	0.031	0.062	0.119
0.224	0.373	0.185	0.218
>CATCCTGCCACT	6-CATCCTGCCACT	10.825930	-32.237364	0	T:35.0(4.64%),B:430.6(0.90%),P:1e-14	Tpos:233.0,Tstd:176.1,Bpos:227.9,Bstd:116.4,StrandBias:-1.1,Multiplicity:1.03
0.001	0.946	0.001	0.052
0.501	0.149	0.001	0.349
0.001	0.142	0.045	0.812
0.001	0.766	0.190	0.043
0.001	0.997	0.001	0.001
0.144	0.001	0.096	0.759
0.149	0.001	0.849	0.001
0.134	0.693	0.001	0.172
0.001	0.997	0.001	0.001
0.815	0.116	0.001	0.068
0.096	0.847	0.056	0.001
0.001	0.001	0.001	0.997
>TGCTGTGGTAAC	7-TGCTGTGGTAAC	9.545237	-31.400084	0	T:46.0(6.09%),B:755.6(1.58%),P:1e-13	Tpos:213.2,Tstd:137.2,Bpos:210.3,Bstd:137.5,StrandBias:0.3,Multiplicity:1.11
0.076	0.040	0.001	0.883
0.073	0.001	0.872	0.054
0.001	0.897	0.073	0.029
0.040	0.040	0.001	0.919
0.040	0.040	0.826	0.094
0.039	0.001	0.001	0.959
0.027	0.080	0.853	0.040
0.040	0.153	0.673	0.134
0.039	0.040	0.100	0.821
0.584	0.150	0.168	0.098
0.898	0.038	0.001	0.063
0.050	0.820	0.072	0.058
>GTGCTGAGTCAG	8-GTGCTGAGTCAG	10.291305	-28.986147	0	T:37.0(4.90%),B:538.9(1.13%),P:1e-12	Tpos:238.9,Tstd:139.5,Bpos:205.8,Bstd:129.4,StrandBias:0.1,Multiplicity:1.00
0.174	0.290	0.473	0.063
0.001	0.001	0.001	0.997
0.039	0.001	0.932	0.028
0.089	0.769	0.053	0.089
0.266	0.001	0.001	0.732
0.001	0.001	0.936	0.062
0.866	0.001	0.001	0.132
0.001	0.113	0.885	0.001
0.001	0.001	0.022	0.976
0.001	0.936	0.001	0.062
0.772	0.115	0.001	0.112
0.063	0.076	0.727	0.134
>CATTTCCTGTGT	9-CATTTCCTGTGT	10.030558	-25.666461	0	T:34.0(4.50%),B:515.7(1.08%),P:1e-11	Tpos:268.9,Tstd:160.2,Bpos:213.5,Bstd:122.8,StrandBias:1.7,Multiplicity:1.13
0.027	0.767	0.163	0.043
0.924	0.024	0.001	0.051
0.154	0.022	0.140	0.684
0.001	0.062	0.079	0.858
0.001	0.001	0.051	0.947
0.051	0.889	0.038	0.022
0.116	0.752	0.051	0.081
0.051	0.051	0.001	0.897
0.038	0.072	0.889	0.001
0.062	0.051	0.176	0.711
0.043	0.090	0.816	0.051
0.038	0.051	0.043	0.868
>AGATGACGTCAT	10-AGATGACGTCAT	7.554876	-24.082166	0	T:95.0(12.58%),B:2922.7(6.11%),P:1e-10	Tpos:224.8,Tstd:143.2,Bpos:212.2,Bstd:126.6,StrandBias:-0.2,Multiplicity:1.01
0.713	0.081	0.064	0.142
0.087	0.170	0.670	0.073
0.722	0.111	0.122	0.045
0.069	0.049	0.038	0.844
0.039	0.001	0.933	0.027
0.848	0.047	0.065	0.040
0.082	0.582	0.196	0.140
0.162	0.177	0.536	0.125
0.129	0.058	0.025	0.788
0.044	0.886	0.054	0.016
0.853	0.075	0.014	0.058
0.084	0.123	0.198	0.595
>CACTTCCTCTCA	11-CACTTCCTCTCA	9.959051	-24.049796	0	T:39.0(5.17%),B:704.1(1.47%),P:1e-10	Tpos:282.3,Tstd:185.6,Bpos:211.0,Bstd:130.1,StrandBias:0.5,Multiplicity:1.07
0.134	0.677	0.188	0.001
0.717	0.041	0.111	0.131
0.001	0.782	0.189	0.028
0.001	0.022	0.001	0.976
0.001	0.037	0.093	0.869
0.001	0.904	0.061	0.034
0.041	0.862	0.001	0.096
0.029	0.143	0.055	0.773
0.001	0.909	0.062	0.028
0.071	0.055	0.055	0.819
0.055	0.919	0.025	0.001
0.923	0.075	0.001	0.001
>ATCTGCATATAT	12-ATCTGCATATAT	9.433936	-22.360218	0	T:34.0(4.50%),B:585.9(1.22%),P:1e-9	Tpos:246.6,Tstd:172.1,Bpos:213.8,Bstd:119.0,StrandBias:0.0,Multiplicity:1.18
0.845	0.001	0.045	0.109
0.045	0.090	0.001	0.864
0.082	0.780	0.001	0.137
0.001	0.001	0.001	0.997
0.217	0.090	0.692	0.001
0.194	0.804	0.001	0.001
0.954	0.001	0.001	0.044
0.175	0.045	0.192	0.588
0.961	0.001	0.037	0.001
0.001	0.120	0.274	0.605
0.629	0.153	0.001	0.217
0.001	0.110	0.001	0.888
>GTGGTTACAGCT	13-GTGGTTACAGCT	9.123146	-21.287911	0	T:42.0(5.56%),B:881.6(1.84%),P:1e-9	Tpos:234.8,Tstd:150.1,Bpos:210.2,Bstd:130.0,StrandBias:-0.1,Multiplicity:1.07
0.001	0.167	0.778	0.054
0.099	0.001	0.040	0.860
0.001	0.001	0.959	0.039
0.001	0.108	0.801	0.090
0.001	0.101	0.054	0.844
0.054	0.032	0.167	0.747
0.849	0.001	0.076	0.074
0.045	0.870	0.040	0.045
0.866	0.054	0.001	0.079
0.004	0.088	0.854	0.054
0.127	0.621	0.153	0.099
0.036	0.001	0.001	0.962
>AACTAGGTCATG	14-AACTAGGTCATG	12.002244	-19.876373	0	T:10.0(1.32%),B:42.6(0.09%),P:1e-8	Tpos:210.1,Tstd:96.7,Bpos:203.2,Bstd:119.4,StrandBias:1.2,Multiplicity:1.30
0.997	0.001	0.001	0.001
0.861	0.137	0.001	0.001
0.276	0.552	0.171	0.001
0.001	0.137	0.001	0.861
0.861	0.001	0.137	0.001
0.275	0.001	0.723	0.001
0.001	0.001	0.997	0.001
0.001	0.137	0.001	0.861
0.001	0.861	0.001	0.137
0.997	0.001	0.001	0.001
0.001	0.001	0.001	0.997
0.137	0.001	0.861	0.001
>CCTACATGTGAT	15-CCTACATGTGAT	14.702650	-19.796917	0	T:4.0(0.53%),B:1.6(0.00%),P:1e-8	Tpos:230.5,Tstd:146.9,Bpos:271.9,Bstd:124.8,StrandBias:2.3,Multiplicity:1.50
0.001	0.997	0.001	0.001
0.001	0.997	0.001	0.001
0.001	0.001	0.001	0.997
0.997	0.001	0.001	0.001
0.001	0.997	0.001	0.001
0.997	0.001	0.001	0.001
0.001	0.001	0.001	0.997
0.001	0.001	0.815	0.183
0.001	0.001	0.001	0.997
0.001	0.001	0.997	0.001
0.997	0.001	0.001	0.001
0.001	0.183	0.001	0.815
>CTTCCTGTACTG	16-CTTCCTGTACTG	13.443694	-19.278776	0	T:12.0(1.59%),B:74.3(0.16%),P:1e-8	Tpos:170.0,Tstd:91.9,Bpos:241.2,Bstd:137.2,StrandBias:0.0,Multiplicity:1.20
0.001	0.703	0.164	0.132
0.001	0.001	0.001	0.997
0.001	0.001	0.001	0.997
0.001	0.997	0.001	0.001
0.001	0.997	0.001	0.001
0.001	0.001	0.001	0.997
0.001	0.001	0.997	0.001
0.001	0.001	0.001	0.997
0.638	0.001	0.360	0.001
0.001	0.853	0.145	0.001
0.001	0.001	0.001	0.997
0.001	0.195	0.803	0.001
>AAGAGGCCRGCC	17-AAGAGGCCRGCC	10.142102	-17.758529	0	T:29.0(3.84%),B:536.1(1.12%),P:1e-7	Tpos:204.8,Tstd:138.8,Bpos:209.6,Bstd:124.6,StrandBias:-0.4,Multiplicity:1.07
0.525	0.316	0.158	0.001
0.997	0.001	0.001	0.001
0.001	0.001	0.997	0.001
0.470	0.316	0.001	0.213
0.357	0.001	0.641	0.001
0.001	0.249	0.749	0.001
0.264	0.734	0.001	0.001
0.246	0.752	0.001	0.001
0.432	0.001	0.565	0.002
0.001	0.422	0.576	0.001
0.001	0.717	0.281	0.001
0.134	0.653	0.212	0.001
>GAGTGTGACTAC	18-GAGTGTGACTAC	14.898441	-17.566738	0	T:5.0(0.66%),B:5.7(0.01%),P:1e-7	Tpos:234.2,Tstd:132.7,Bpos:222.0,Bstd:77.9,StrandBias:-0.6,Multiplicity:1.00
0.001	0.001	0.997	0.001
0.997	0.001	0.001	0.001
0.001	0.001	0.997	0.001
0.001	0.001	0.239	0.759
0.001	0.001	0.997	0.001
0.001	0.001	0.001	0.997
0.001	0.001	0.997	0.001
0.759	0.001	0.239	0.001
0.001	0.997	0.001	0.001
0.001	0.001	0.001	0.997
0.997	0.001	0.001	0.001
0.001	0.997	0.001	0.001
>AATATCTGTAAC	19-AATATCTGTAAC	14.640156	-14.289341	0	T:4.0(0.53%),B:4.4(0.01%),P:1e-6	Tpos:246.8,Tstd:134.1,Bpos:207.8,Bstd:61.1,StrandBias:1.6,Multiplicity:1.00
0.997	0.001	0.001	0.001
0.997	0.001	0.001	0.001
0.001	0.001	0.249	0.749
0.997	0.001	0.001	0.001
0.001	0.001	0.001	0.997
0.001	0.997	0.001	0.001
0.001	0.001	0.001	0.997
0.001	0.249	0.749	0.001
0.001	0.001	0.001	0.997
0.997	0.001	0.001	0.001
0.749	0.001	0.001	0.249
0.001	0.997	0.001	0.001
>GGGGGGGGGGGG	20-GGGGGGGGGGGG	7.752933	-12.447974	0	T:172.0(22.78%),B:7864.6(16.43%),P:1e-5	Tpos:243.6,Tstd:179.9,Bpos:211.9,Bstd:126.2,StrandBias:-0.1,Multiplicity:1.22
0.093	0.001	0.794	0.112
0.001	0.001	0.923	0.075
0.001	0.001	0.947	0.051
0.073	0.055	0.747	0.125
0.012	0.051	0.787	0.150
0.033	0.066	0.723	0.178
0.056	0.001	0.888	0.055
0.159	0.001	0.747	0.093
0.071	0.014	0.894	0.021
0.066	0.001	0.871	0.062
0.046	0.010	0.855	0.089
0.030	0.067	0.823	0.080
>GAGGATAGKGTA	21-GAGGATAGKGTA	12.263469	-10.324902	0	T:6.0(0.79%),B:37.7(0.08%),P:1e-4	Tpos:153.5,Tstd:104.7,Bpos:207.2,Bstd:135.7,StrandBias:1.0,Multiplicity:2.00
0.245	0.001	0.753	0.001
0.509	0.001	0.245	0.245
0.001	0.001	0.997	0.001
0.001	0.001	0.997	0.001
0.793	0.205	0.001	0.001
0.001	0.001	0.001	0.997
0.747	0.001	0.251	0.001
0.001	0.001	0.997	0.001
0.001	0.001	0.544	0.454
0.001	0.001	0.997	0.001
0.001	0.001	0.001	0.997
0.952	0.001	0.046	0.001
>CACAGTGTGTTA	22-CACAGTGTGTTA	0.480345	-8.960215	0	T:64.0(8.48%),B:2500.6(5.22%),P:1e-3	Tpos:238.2,Tstd:147.9,Bpos:214.8,Bstd:135.4,StrandBias:0.5,Multiplicity:1.17
0.001	0.997	0.001	0.001
0.899	0.001	0.099	0.001
0.001	0.997	0.001	0.001
0.997	0.001	0.001	0.001
0.001	0.001	0.997	0.001
0.001	0.001	0.001	0.997
0.001	0.001	0.997	0.001
0.001	0.001	0.001	0.997
0.001	0.001	0.997	0.001
0.001	0.001	0.001	0.997
0.001	0.001	0.001	0.997
0.997	0.001	0.001	0.001
>CATCCTACATAG	23-CATCCTACATAG	14.363588	-8.489019	0	T:3.0(0.40%),B:7.1(0.01%),P:1e-3	Tpos:141.7,Tstd:63.0,Bpos:202.8,Bstd:112.0,StrandBias:2.3,Multiplicity:2.00
0.001	0.825	0.001	0.173
0.825	0.001	0.001	0.173
0.001	0.001	0.001	0.997
0.001	0.997	0.001	0.001
0.001	0.825	0.001	0.173
0.001	0.001	0.001	0.997
0.997	0.001	0.001	0.001
0.001	0.997	0.001	0.001
0.997	0.001	0.001	0.001
0.001	0.001	0.101	0.897
0.997	0.001	0.001	0.001
0.001	0.001	0.997	0.001
>ATGTGTTAGAGG	24-ATGTGTTAGAGG	16.359135	-6.827823	0	T:2.0(0.26%),B:3.4(0.01%),P:1e-2	Tpos:381.3,Tstd:128.0,Bpos:291.4,Bstd:76.8,StrandBias:10.0,Multiplicity:12.50
0.784	0.001	0.214	0.001
0.001	0.001	0.001	0.997
0.001	0.001	0.997	0.001
0.001	0.001	0.001	0.997
0.001	0.001	0.997	0.001
0.001	0.001	0.001	0.997
0.001	0.001	0.001	0.997
0.997	0.001	0.001	0.001
0.001	0.001	0.997	0.001
0.997	0.001	0.001	0.001
0.001	0.001	0.997	0.001
0.001	0.001	0.997	0.001
>AGGTCTCAGTGT	25-AGGTCTCAGTGT	16.430506	-5.174899	0	T:2.0(0.26%),B:7.1(0.01%),P:1e-2	Tpos:115.0,Tstd:56.6,Bpos:119.4,Bstd:63.1,StrandBias:10.0,Multiplicity:3.00
0.997	0.001	0.001	0.001
0.156	0.001	0.842	0.001
0.001	0.001	0.997	0.001
0.001	0.001	0.001	0.997
0.001	0.997	0.001	0.001
0.001	0.001	0.001	0.997
0.001	0.997	0.001	0.001
0.997	0.001	0.001	0.001
0.001	0.001	0.997	0.001
0.001	0.001	0.001	0.997
0.001	0.001	0.997	0.001
0.001	0.001	0.001	0.997
>ACAGGAAG	1-ACAGGAAG	7.135183	-158.528894	0	T:400.0(52.98%),B:11138.0(23.27%),P:1e-68	Tpos:238.5,Tstd:148.5,Bpos:213.2,Bstd:125.5,StrandBias:-0.0,Multiplicity:1.52
0.898	0.001	0.100	0.001
0.001	0.834	0.164	0.001
0.997	0.001	0.001	0.001
0.001	0.001	0.997	0.001
0.001	0.001	0.997	0.001
0.997	0.001	0.001	0.001
0.901	0.001	0.001	0.097
0.258	0.001	0.740	0.001
>GCGGAAGT	2-GCGGAAGT	7.449466	-84.171247	0	T:149.0(19.74%),B:2886.4(6.03%),P:1e-36	Tpos:259.7,Tstd:152.5,Bpos:212.5,Bstd:123.1,StrandBias:0.2,Multiplicity:1.01
0.184	0.028	0.770	0.018
0.214	0.784	0.001	0.001
0.001	0.005	0.993	0.001
0.012	0.006	0.981	0.001
0.952	0.012	0.003	0.033
0.997	0.001	0.001	0.001
0.233	0.007	0.744	0.016
0.001	0.001	0.154	0.844
>TGTGGTTA	3-TGTGGTTA	5.862363	-63.850078	0	T:375.0(49.67%),B:14556.8(30.41%),P:1e-27	Tpos:239.2,Tstd:160.8,Bpos:212.8,Bstd:133.5,StrandBias:0.1,Multiplicity:1.40
0.118	0.016	0.001	0.865
0.001	0.042	0.937	0.020
0.021	0.001	0.001	0.977
0.001	0.001	0.997	0.001
0.013	0.001	0.985	0.001
0.001	0.063	0.040	0.896
0.082	0.115	0.092	0.711
0.749	0.044	0.053	0.154
>GGGWGKAG	4-GGGWGKAG	6.376201	-60.313416	0	T:457.0(60.53%),B:19694.8(41.14%),P:1e-26	Tpos:225.1,Tstd:164.6,Bpos:213.3,Bstd:126.1,StrandBias:-0.2,Multiplicity:1.70
0.001	0.001	0.997	0.001
0.001	0.001	0.997	0.001
0.408	0.001	0.590	0.001
0.406	0.085	0.001	0.508
0.001	0.001	0.997	0.001
0.001	0.001	0.495	0.503
0.878	0.001	0.120	0.001
0.093	0.001	0.905	0.001
>CGGAAACT	5-CGGAAACT	3.913406	-43.225848	0	T:160.0(21.19%),B:4825.3(10.08%),P:1e-18	Tpos:257.6,Tstd:166.8,Bpos:213.4,Bstd:125.0,StrandBias:0.2,Multiplicity:1.10
0.001	0.843	0.001	0.155
0.001	0.001	0.997	0.001
0.001	0.001	0.997	0.001
0.997	0.001	0.001	0.001
0.997	0.001	0.001	0.001
0.997	0.001	0.001	0.001
0.078	0.920	0.001	0.001
0.311	0.001	0.001	0.687
>ACGTGTGA	6-ACGTGTGA	4.301816	-39.348533	0	T:253.0(33.51%),B:9663.5(20.19%),P:1e-17	Tpos:235.8,Tstd:158.6,Bpos:212.1,Bstd:135.9,StrandBias:-0.4,Multiplicity:1.18
0.812	0.001	0.186	0.001
0.206	0.685	0.108	0.001
0.001	0.001	0.997	0.001
0.001	0.293	0.001	0.705
0.001	0.001	0.997	0.001
0.001	0.232	0.001	0.766
0.001	0.001	0.652	0.346
0.997	0.001	0.001	0.001
>GTGACTAA	7-GTGACTAA	5.731403	-35.548961	0	T:252.0(33.38%),B:9908.3(20.70%),P:1e-15	Tpos:234.1,Tstd:156.0,Bpos:213.9,Bstd:133.8,StrandBias:0.1,Multiplicity:1.28
0.047	0.054	0.898	0.001
0.006	0.001	0.001	0.992
0.001	0.030	0.968	0.001
0.988	0.010	0.001	0.001
0.001	0.986	0.001	0.012
0.075	0.001	0.038	0.886
0.692	0.210	0.097	0.001
0.702	0.029	0.262	0.007
>TGACGTCA	8-TGACGTCA	6.134502	-31.855074	0	T:140.0(18.54%),B:4531.5(9.47%),P:1e-13	Tpos:239.2,Tstd:160.2,Bpos:204.8,Bstd:132.0,StrandBias:0.0,Multiplicity:1.14
0.092	0.061	0.109	0.738
0.001	0.086	0.856	0.057
0.735	0.047	0.172	0.046
0.069	0.765	0.005	0.161
0.127	0.083	0.702	0.088
0.144	0.030	0.021	0.805
0.130	0.618	0.186	0.066
0.806	0.109	0.049	0.036
>TGTTAGAG	9-TGTTAGAG	4.345134	-2.395866	0	T:712.0(94.30%),B:44530.2(93.02%),P:1e-1	Tpos:250.3,Tstd:177.6,Bpos:213.1,Bstd:129.4,StrandBias:0.1,Multiplicity:3.47
0.100	0.100	0.100	0.700
0.100	0.100	0.700	0.100
0.100	0.100	0.100	0.700
0.100	0.100	0.100	0.700
0.700	0.100	0.100	0.100
0.100	0.100	0.700	0.100
0.700	0.100	0.100	0.100
0.100	0.100	0.700	0.100
