>GTTATCRA	1-GTTATCRA	8.107305	-20.709115	0	T:270.0(4.82%),B:1462.6(3.29%),P:1e-8	Tpos:218.7,Tstd:234.4,Bpos:139.4,Bstd:80.8,StrandBias:-0.1,Multiplicity:1.06
0.001	0.001	0.997	0.001
0.123	0.001	0.001	0.875
0.001	0.001	0.001	0.997
0.997	0.001	0.001	0.001
0.001	0.001	0.001	0.997
0.152	0.846	0.001	0.001
0.494	0.001	0.504	0.001
0.997	0.001	0.001	0.001
>TGCGTGAT	2-TGCGTGAT	8.314781	-16.842372	0	T:112.0(2.00%),B:513.7(1.16%),P:1e-7	Tpos:214.6,Tstd:197.5,Bpos:138.1,Bstd:79.7,StrandBias:-0.2,Multiplicity:1.05
0.001	0.001	0.001	0.997
0.001	0.001	0.997	0.001
0.001	0.833	0.165	0.001
0.001	0.001	0.997	0.001
0.001	0.238	0.001	0.760
0.001	0.001	0.997	0.001
0.688	0.310	0.001	0.001
0.001	0.001	0.267	0.731
>YWGSAATA	3-YWGSAATA	6.411620	-14.611019	0	T:705.0(12.60%),B:4672.0(10.52%),P:1e-6	Tpos:207.1,Tstd:205.0,Bpos:138.6,Bstd:78.9,StrandBias:-0.0,Multiplicity:1.11
0.080	0.383	0.036	0.501
0.422	0.009	0.014	0.555
0.001	0.070	0.823	0.106
0.039	0.499	0.417	0.045
0.542	0.092	0.054	0.312
0.837	0.053	0.025	0.085
0.085	0.113	0.074	0.728
0.551	0.324	0.016	0.109
>ACATTATG	4-ACATTATG	7.013339	-14.601943	0	T:731.0(13.06%),B:4863.3(10.95%),P:1e-6	Tpos:206.1,Tstd:199.3,Bpos:141.8,Bstd:79.0,StrandBias:0.1,Multiplicity:1.10
0.849	0.001	0.073	0.077
0.056	0.886	0.057	0.001
0.943	0.001	0.020	0.036
0.001	0.036	0.044	0.919
0.143	0.030	0.073	0.754
0.916	0.039	0.001	0.044
0.101	0.002	0.001	0.896
0.001	0.001	0.878	0.120
>TTTTTTTT	5-TTTTTTTT	7.687144	-5.108971	0	T:852.0(15.23%),B:6234.3(14.04%),P:1e-2	Tpos:222.7,Tstd:225.8,Bpos:141.4,Bstd:79.9,StrandBias:-0.0,Multiplicity:1.14
0.044	0.136	0.001	0.819
0.001	0.061	0.067	0.871
0.001	0.001	0.001	0.997
0.001	0.001	0.040	0.958
0.001	0.076	0.001	0.922
0.001	0.061	0.001	0.937
0.053	0.071	0.047	0.829
0.066	0.001	0.137	0.796
