>TGCCTCCTGAAA	1-TGCCTCCTGAAA	12.568450	-31.155721	0	T:24.0(0.43%),B:24.4(0.06%),P:1e-13	Tpos:161.5,Tstd:133.2,Bpos:128.8,Bstd:77.5,StrandBias:-1.0,Multiplicity:1.00
0.064	0.001	0.001	0.934
0.001	0.064	0.934	0.001
0.001	0.997	0.001	0.001
0.046	0.937	0.001	0.016
0.046	0.001	0.001	0.952
0.065	0.851	0.037	0.047
0.001	0.757	0.001	0.241
0.001	0.001	0.001	0.997
0.001	0.064	0.934	0.001
0.997	0.001	0.001	0.001
0.934	0.001	0.064	0.001
0.805	0.065	0.065	0.065
>CTTGTTAGTGAT	2-CTTGTTAGTGAT	11.757095	-29.416560	0	T:33.0(0.59%),B:52.4(0.12%),P:1e-12	Tpos:166.3,Tstd:239.6,Bpos:137.1,Bstd:69.5,StrandBias:0.1,Multiplicity:1.00
0.001	0.552	0.188	0.259
0.001	0.001	0.001	0.997
0.001	0.001	0.075	0.923
0.001	0.162	0.836	0.001
0.001	0.146	0.147	0.706
0.001	0.001	0.001	0.997
0.836	0.001	0.001	0.162
0.001	0.092	0.856	0.051
0.001	0.001	0.001	0.997
0.001	0.001	0.997	0.001
0.928	0.001	0.001	0.070
0.199	0.071	0.001	0.729
>AGAGGGGGGCAG	3-AGAGGGGGGCAG	12.314814	-28.736204	0	T:15.0(0.27%),B:8.9(0.02%),P:1e-12	Tpos:218.1,Tstd:240.5,Bpos:154.1,Bstd:59.3,StrandBias:-0.6,Multiplicity:1.00
0.997	0.001	0.001	0.001
0.001	0.001	0.997	0.001
0.588	0.001	0.001	0.410
0.001	0.001	0.997	0.001
0.001	0.001	0.997	0.001
0.001	0.132	0.822	0.045
0.001	0.123	0.875	0.001
0.001	0.001	0.997	0.001
0.001	0.001	0.997	0.001
0.001	0.997	0.001	0.001
0.997	0.001	0.001	0.001
0.410	0.001	0.588	0.001
>CTTCACTTACTC	4-CTTCACTTACTC	13.681515	-25.181495	0	T:10.0(0.18%),B:4.0(0.01%),P:1e-10	Tpos:116.1,Tstd:85.3,Bpos:135.8,Bstd:89.2,StrandBias:-0.6,Multiplicity:1.00
0.001	0.599	0.001	0.399
0.175	0.175	0.001	0.649
0.001	0.001	0.001	0.997
0.001	0.824	0.174	0.001
0.997	0.001	0.001	0.001
0.001	0.997	0.001	0.001
0.250	0.001	0.001	0.748
0.174	0.001	0.001	0.824
0.997	0.001	0.001	0.001
0.001	0.997	0.001	0.001
0.001	0.001	0.001	0.997
0.001	0.997	0.001	0.001
>MAATCACCCAAT	5-MAATCACCCAAT	10.829287	-24.918788	0	T:35.0(0.63%),B:69.1(0.16%),P:1e-10	Tpos:166.5,Tstd:133.1,Bpos:130.6,Bstd:78.0,StrandBias:0.6,Multiplicity:1.12
0.361	0.448	0.190	0.001
0.661	0.007	0.001	0.331
0.995	0.001	0.001	0.003
0.003	0.045	0.001	0.951
0.001	0.908	0.090	0.001
0.951	0.045	0.001	0.003
0.001	0.908	0.090	0.001
0.124	0.797	0.001	0.078
0.091	0.726	0.046	0.137
0.908	0.090	0.001	0.001
0.863	0.045	0.091	0.001
0.138	0.001	0.289	0.572
>ATTACAGGTTAA	6-ATTACAGGTTAA	11.890359	-24.497415	0	T:14.0(0.25%),B:10.0(0.02%),P:1e-10	Tpos:146.1,Tstd:165.9,Bpos:167.1,Bstd:70.5,StrandBias:-0.4,Multiplicity:1.00
0.941	0.029	0.001	0.029
0.410	0.001	0.001	0.588
0.001	0.001	0.001	0.997
0.997	0.001	0.001	0.001
0.001	0.997	0.001	0.001
0.997	0.001	0.001	0.001
0.001	0.001	0.997	0.001
0.001	0.001	0.997	0.001
0.029	0.001	0.029	0.941
0.029	0.001	0.029	0.941
0.588	0.001	0.001	0.410
0.997	0.001	0.001	0.001
>AGTGGTCCCTAT	7-AGTGGTCCCTAT	13.679644	-23.391475	0	T:13.0(0.23%),B:8.9(0.02%),P:1e-10	Tpos:117.2,Tstd:81.3,Bpos:155.5,Bstd:61.2,StrandBias:0.2,Multiplicity:1.00
0.874	0.001	0.001	0.124
0.125	0.001	0.749	0.125
0.001	0.001	0.001	0.997
0.001	0.001	0.997	0.001
0.001	0.001	0.997	0.001
0.001	0.001	0.001	0.997
0.001	0.874	0.001	0.124
0.001	0.997	0.001	0.001
0.001	0.997	0.001	0.001
0.001	0.001	0.001	0.997
0.749	0.001	0.125	0.125
0.001	0.001	0.124	0.874
>GTGGCAGCGTCT	8-GTGGCAGCGTCT	13.439375	-23.391475	0	T:13.0(0.23%),B:8.8(0.02%),P:1e-10	Tpos:221.1,Tstd:117.9,Bpos:167.4,Bstd:82.0,StrandBias:1.2,Multiplicity:1.00
0.001	0.001	0.997	0.001
0.001	0.001	0.001	0.997
0.138	0.001	0.860	0.001
0.001	0.001	0.997	0.001
0.001	0.997	0.001	0.001
0.860	0.001	0.001	0.138
0.001	0.001	0.860	0.138
0.100	0.760	0.001	0.139
0.139	0.139	0.657	0.065
0.001	0.001	0.001	0.997
0.001	0.997	0.001	0.001
0.001	0.001	0.001	0.997
>TGTTGTGTTTGT	9-TGTTGTGTTTGT	14.331246	-23.391475	0	T:13.0(0.23%),B:8.1(0.02%),P:1e-10	Tpos:132.6,Tstd:156.9,Bpos:167.7,Bstd:86.1,StrandBias:-1.2,Multiplicity:1.00
0.001	0.001	0.001	0.997
0.001	0.001	0.997	0.001
0.001	0.001	0.001	0.997
0.001	0.001	0.001	0.997
0.001	0.001	0.997	0.001
0.175	0.001	0.001	0.823
0.001	0.001	0.997	0.001
0.001	0.001	0.001	0.997
0.001	0.001	0.001	0.997
0.001	0.001	0.125	0.873
0.001	0.001	0.997	0.001
0.001	0.001	0.001	0.997
>GGCGTTTTTGAG	10-GGCGTTTTTGAG	11.668868	-19.117249	0	T:6.0(0.11%),B:1.0(0.00%),P:1e-8	Tpos:230.3,Tstd:99.2,Bpos:263.0,Bstd:0.0,StrandBias:1.0,Multiplicity:1.00
0.071	0.052	0.814	0.063
0.052	0.078	0.755	0.115
0.137	0.568	0.172	0.123
0.193	0.084	0.576	0.147
0.099	0.026	0.091	0.784
0.067	0.058	0.052	0.823
0.058	0.115	0.058	0.769
0.097	0.092	0.069	0.742
0.034	0.007	0.078	0.881
0.071	0.091	0.714	0.124
0.852	0.032	0.058	0.058
0.099	0.078	0.728	0.095
>GCTCGGGCCGGT	11-GCTCGGGCCGGT	10.409522	-19.117249	0	T:6.0(0.11%),B:2.0(0.00%),P:1e-8	Tpos:122.0,Tstd:81.6,Bpos:146.4,Bstd:53.9,StrandBias:1.0,Multiplicity:1.00
0.100	0.100	0.700	0.100
0.100	0.700	0.100	0.100
0.100	0.100	0.100	0.700
0.100	0.700	0.100	0.100
0.100	0.100	0.700	0.100
0.100	0.100	0.700	0.100
0.100	0.100	0.700	0.100
0.100	0.700	0.100	0.100
0.100	0.700	0.100	0.100
0.100	0.100	0.700	0.100
0.100	0.100	0.700	0.100
0.100	0.100	0.100	0.700
>CACACCTGTGCT	12-CACACCTGTGCT	13.523545	-17.529192	0	T:9.0(0.16%),B:6.0(0.01%),P:1e-7	Tpos:133.7,Tstd:83.6,Bpos:130.3,Bstd:57.1,StrandBias:0.8,Multiplicity:1.22
0.214	0.784	0.001	0.001
0.822	0.001	0.001	0.176
0.001	0.997	0.001	0.001
0.862	0.001	0.136	0.001
0.422	0.576	0.001	0.001
0.001	0.997	0.001	0.001
0.298	0.001	0.001	0.700
0.136	0.001	0.862	0.001
0.001	0.001	0.001	0.997
0.001	0.273	0.725	0.001
0.001	0.756	0.001	0.242
0.001	0.001	0.001	0.997
>CCTCTCCATACA	13-CCTCTCCATACA	12.403094	-16.527979	0	T:18.0(0.32%),B:29.1(0.07%),P:1e-7	Tpos:183.8,Tstd:140.0,Bpos:139.3,Bstd:78.1,StrandBias:-0.8,Multiplicity:1.50
0.001	0.997	0.001	0.001
0.096	0.807	0.096	0.001
0.001	0.001	0.001	0.997
0.096	0.712	0.096	0.096
0.001	0.406	0.001	0.592
0.001	0.903	0.001	0.095
0.095	0.903	0.001	0.001
0.997	0.001	0.001	0.001
0.001	0.001	0.001	0.997
0.673	0.230	0.001	0.096
0.096	0.807	0.001	0.096
0.997	0.001	0.001	0.001
>TTCTTGTGTTTC	14-TTCTTGTGTTTC	14.409745	-15.941952	0	T:10.0(0.18%),B:8.9(0.02%),P:1e-6	Tpos:103.5,Tstd:70.5,Bpos:128.5,Bstd:86.3,StrandBias:0.6,Multiplicity:1.00
0.001	0.001	0.001	0.997
0.001	0.001	0.001	0.997
0.001	0.997	0.001	0.001
0.001	0.001	0.001	0.997
0.001	0.001	0.001	0.997
0.001	0.001	0.997	0.001
0.001	0.001	0.001	0.997
0.001	0.001	0.997	0.001
0.001	0.001	0.132	0.866
0.001	0.155	0.001	0.843
0.001	0.001	0.001	0.997
0.001	0.997	0.001	0.001
>AATTCATTTAAT	15-AATTCATTTAAT	12.355432	-11.889042	0	T:5.0(0.09%),B:3.0(0.01%),P:1e-5	Tpos:148.2,Tstd:133.8,Bpos:141.5,Bstd:87.4,StrandBias:-2.0,Multiplicity:1.00
0.700	0.100	0.100	0.100
0.700	0.100	0.100	0.100
0.100	0.100	0.100	0.700
0.100	0.100	0.100	0.700
0.100	0.700	0.100	0.100
0.700	0.100	0.100	0.100
0.100	0.100	0.100	0.700
0.100	0.100	0.100	0.700
0.100	0.100	0.100	0.700
0.700	0.100	0.100	0.100
0.700	0.100	0.100	0.100
0.100	0.100	0.100	0.700
>AAGCATCCATCA	16-AAGCATCCATCA	12.355432	-11.889042	0	T:5.0(0.09%),B:2.1(0.00%),P:1e-5	Tpos:78.6,Tstd:83.4,Bpos:139.2,Bstd:44.9,StrandBias:-2.0,Multiplicity:1.00
0.700	0.100	0.100	0.100
0.700	0.100	0.100	0.100
0.100	0.100	0.700	0.100
0.100	0.700	0.100	0.100
0.700	0.100	0.100	0.100
0.100	0.100	0.100	0.700
0.100	0.700	0.100	0.100
0.100	0.700	0.100	0.100
0.700	0.100	0.100	0.100
0.100	0.100	0.100	0.700
0.100	0.700	0.100	0.100
0.700	0.100	0.100	0.100
>CATACTGTGATC	17-CATACTGTGATC	14.461886	-11.564684	0	T:4.0(0.07%),B:1.0(0.00%),P:1e-5	Tpos:86.4,Tstd:27.0,Bpos:57.0,Bstd:0.0,StrandBias:10.0,Multiplicity:1.75
0.001	0.997	0.001	0.001
0.997	0.001	0.001	0.001
0.001	0.001	0.001	0.997
0.997	0.001	0.001	0.001
0.001	0.862	0.001	0.136
0.001	0.001	0.001	0.997
0.001	0.001	0.997	0.001
0.001	0.001	0.001	0.997
0.001	0.001	0.997	0.001
0.862	0.136	0.001	0.001
0.001	0.001	0.001	0.997
0.001	0.997	0.001	0.001
>CCCTGGGCTACT	18-CCCTGGGCTACT	14.221918	-11.121351	0	T:6.0(0.11%),B:4.0(0.01%),P:1e-4	Tpos:147.2,Tstd:189.9,Bpos:118.5,Bstd:64.1,StrandBias:-2.0,Multiplicity:1.67
0.001	0.997	0.001	0.001
0.001	0.879	0.119	0.001
0.001	0.997	0.001	0.001
0.001	0.001	0.001	0.997
0.001	0.001	0.997	0.001
0.001	0.001	0.997	0.001
0.001	0.001	0.879	0.119
0.001	0.879	0.119	0.001
0.001	0.001	0.001	0.997
0.997	0.001	0.001	0.001
0.001	0.997	0.001	0.001
0.001	0.001	0.001	0.997
>ACCATGGTGTAC	19-ACCATGGTGTAC	-2.513564	-9.615245	0	T:492.0(8.79%),B:3292.0(7.41%),P:1e-4	Tpos:220.9,Tstd:201.3,Bpos:140.6,Bstd:78.4,StrandBias:-0.1,Multiplicity:1.11
0.997	0.001	0.001	0.001
0.001	0.997	0.001	0.001
0.001	0.997	0.001	0.001
0.997	0.001	0.001	0.001
0.001	0.001	0.001	0.997
0.001	0.001	0.997	0.001
0.001	0.073	0.925	0.001
0.001	0.001	0.001	0.997
0.073	0.001	0.925	0.001
0.001	0.001	0.001	0.997
0.925	0.001	0.001	0.073
0.001	0.997	0.001	0.001
>TCCATCACATCC	20-TCCATCACATCC	13.343703	-8.892203	0	T:4.0(0.07%),B:3.0(0.01%),P:1e-3	Tpos:179.9,Tstd:101.3,Bpos:209.2,Bstd:28.4,StrandBias:3.1,Multiplicity:4.75
0.001	0.001	0.001	0.997
0.001	0.997	0.001	0.001
0.001	0.997	0.001	0.001
0.997	0.001	0.001	0.001
0.001	0.001	0.001	0.997
0.001	0.997	0.001	0.001
0.997	0.001	0.001	0.001
0.040	0.958	0.001	0.001
0.997	0.001	0.001	0.001
0.001	0.001	0.001	0.997
0.001	0.958	0.001	0.040
0.001	0.997	0.001	0.001
>RGCCTCGKACTC	21-RGCCTCGKACTC	13.298824	-8.892203	0	T:4.0(0.07%),B:2.0(0.00%),P:1e-3	Tpos:74.3,Tstd:33.3,Bpos:172.2,Bstd:70.7,StrandBias:2.6,Multiplicity:1.75
0.570	0.001	0.420	0.009
0.001	0.001	0.972	0.026
0.027	0.954	0.018	0.001
0.008	0.990	0.001	0.001
0.001	0.008	0.001	0.990
0.018	0.963	0.001	0.018
0.027	0.001	0.821	0.151
0.045	0.009	0.535	0.411
0.953	0.020	0.018	0.009
0.009	0.962	0.018	0.011
0.009	0.018	0.001	0.972
0.001	0.990	0.008	0.001
>GTACTCACAGTC	22-GTACTCACAGTC	14.461886	-8.100232	0	T:3.0(0.05%),B:1.9(0.00%),P:1e-3	Tpos:93.9,Tstd:46.2,Bpos:132.0,Bstd:43.4,StrandBias:10.0,Multiplicity:2.33
0.136	0.001	0.862	0.001
0.001	0.001	0.136	0.862
0.997	0.001	0.001	0.001
0.001	0.997	0.001	0.001
0.001	0.001	0.001	0.997
0.001	0.997	0.001	0.001
0.997	0.001	0.001	0.001
0.001	0.997	0.001	0.001
0.997	0.001	0.001	0.001
0.001	0.001	0.997	0.001
0.001	0.001	0.001	0.997
0.001	0.997	0.001	0.001
>NWGGTGTACAND	23-NWGGTGTACAND	7.246575	-6.667895	0	T:159.0(2.84%),B:984.6(2.22%),P:1e-2	Tpos:226.5,Tstd:226.3,Bpos:141.8,Bstd:77.4,StrandBias:0.3,Multiplicity:1.02
0.265	0.276	0.194	0.265
0.422	0.120	0.088	0.370
0.187	0.043	0.496	0.274
0.113	0.212	0.628	0.047
0.040	0.048	0.140	0.772
0.037	0.080	0.659	0.224
0.172	0.117	0.171	0.540
0.492	0.153	0.202	0.153
0.066	0.838	0.047	0.049
0.937	0.036	0.010	0.017
0.197	0.251	0.331	0.221
0.370	0.151	0.240	0.238
>TGCAGCCTGGTC	24-TGCAGCCTGGTC	13.985186	-3.615738	0	T:2.0(0.04%),B:2.9(0.01%),P:1e-1	Tpos:209.8,Tstd:125.6,Bpos:118.7,Bstd:75.7,StrandBias:10.0,Multiplicity:9.50
0.001	0.073	0.001	0.925
0.001	0.001	0.997	0.001
0.001	0.997	0.001	0.001
0.997	0.001	0.001	0.001
0.001	0.001	0.997	0.001
0.001	0.997	0.001	0.001
0.001	0.997	0.001	0.001
0.001	0.001	0.001	0.997
0.001	0.001	0.997	0.001
0.001	0.001	0.997	0.001
0.001	0.001	0.001	0.997
0.001	0.997	0.001	0.001
>GGAGGTGACACA	25-GGAGGTGACACA	12.355432	-3.615738	0	T:2.0(0.04%),B:2.0(0.00%),P:1e-1	Tpos:194.6,Tstd:95.7,Bpos:66.0,Bstd:35.1,StrandBias:3.0,Multiplicity:4.50
0.100	0.100	0.700	0.100
0.100	0.100	0.700	0.100
0.700	0.100	0.100	0.100
0.100	0.100	0.700	0.100
0.100	0.100	0.700	0.100
0.100	0.100	0.100	0.700
0.100	0.100	0.700	0.100
0.700	0.100	0.100	0.100
0.100	0.700	0.100	0.100
0.700	0.100	0.100	0.100
0.100	0.700	0.100	0.100
0.700	0.100	0.100	0.100
