>GACAGGAAGT	1-GACAGGAAGT	7.632500	-345.735389	0	T:1405.0(35.62%),B:8114.4(18.06%),P:1e-150	Tpos:283.5,Tstd:221.3,Bpos:237.4,Bstd:139.2,StrandBias:0.0,Multiplicity:1.30
0.200	0.197	0.416	0.187
0.562	0.046	0.350	0.042
0.168	0.620	0.183	0.029
0.877	0.097	0.025	0.001
0.001	0.001	0.997	0.001
0.001	0.001	0.986	0.012
0.995	0.001	0.001	0.003
0.747	0.001	0.001	0.251
0.248	0.030	0.721	0.001
0.066	0.186	0.082	0.666
>CCACTAGRGG	2-CCACTAGRGG	8.934712	-158.016859	0	T:378.0(9.58%),B:1535.4(3.42%),P:1e-68	Tpos:291.6,Tstd:221.6,Bpos:237.5,Bstd:137.0,StrandBias:-0.1,Multiplicity:1.04
0.026	0.944	0.029	0.001
0.060	0.938	0.001	0.001
0.731	0.001	0.174	0.094
0.026	0.733	0.240	0.001
0.111	0.304	0.001	0.584
0.929	0.069	0.001	0.001
0.001	0.027	0.971	0.001
0.454	0.001	0.544	0.001
0.001	0.027	0.622	0.350
0.001	0.001	0.959	0.039
>NWVTGASTCA	3-NWVTGASTCA	7.224928	-135.563957	0	T:588.0(14.91%),B:3283.6(7.31%),P:1e-58	Tpos:289.6,Tstd:260.7,Bpos:241.0,Bstd:136.5,StrandBias:-0.1,Multiplicity:1.15
0.216	0.259	0.262	0.262
0.263	0.097	0.233	0.406
0.334	0.338	0.249	0.079
0.001	0.001	0.019	0.979
0.020	0.128	0.653	0.199
0.891	0.092	0.010	0.007
0.060	0.420	0.505	0.015
0.135	0.001	0.001	0.863
0.191	0.778	0.004	0.027
0.943	0.019	0.001	0.037
>ACATCAAASG	4-ACATCAAASG	7.582109	-115.246850	0	T:474.0(12.02%),B:2571.5(5.72%),P:1e-50	Tpos:268.2,Tstd:214.0,Bpos:241.0,Bstd:140.7,StrandBias:0.2,Multiplicity:1.08
0.859	0.043	0.060	0.038
0.050	0.647	0.247	0.056
0.643	0.068	0.069	0.220
0.083	0.013	0.031	0.873
0.085	0.727	0.156	0.032
0.967	0.012	0.001	0.020
0.747	0.071	0.157	0.025
0.890	0.033	0.061	0.016
0.015	0.434	0.520	0.031
0.159	0.094	0.672	0.075
>BAAACCACAN	5-BAAACCACAN	7.239307	-97.415249	0	T:837.0(21.22%),B:5964.3(13.28%),P:1e-42	Tpos:306.5,Tstd:282.8,Bpos:239.3,Bstd:141.2,StrandBias:-0.0,Multiplicity:1.20
0.178	0.353	0.243	0.226
0.803	0.048	0.043	0.106
0.922	0.054	0.020	0.004
0.808	0.077	0.071	0.044
0.013	0.958	0.001	0.028
0.026	0.917	0.016	0.041
0.825	0.047	0.066	0.062
0.043	0.907	0.039	0.011
0.859	0.028	0.048	0.065
0.274	0.176	0.325	0.224
>SATTTGCATA	6-SATTTGCATA	9.547384	-76.579365	0	T:87.0(2.21%),B:191.1(0.43%),P:1e-33	Tpos:299.8,Tstd:206.8,Bpos:236.5,Bstd:142.8,StrandBias:-0.3,Multiplicity:1.06
0.223	0.317	0.380	0.079
0.946	0.023	0.001	0.030
0.001	0.006	0.001	0.992
0.001	0.026	0.001	0.972
0.004	0.001	0.001	0.994
0.008	0.001	0.990	0.001
0.007	0.991	0.001	0.001
0.910	0.040	0.031	0.019
0.001	0.001	0.001	0.997
0.991	0.001	0.007	0.001
>GAATGGAAAC	7-GAATGGAAAC	7.178716	-73.871013	0	T:680.0(17.24%),B:4900.5(10.91%),P:1e-32	Tpos:309.0,Tstd:258.3,Bpos:238.2,Bstd:141.1,StrandBias:0.2,Multiplicity:1.11
0.082	0.113	0.718	0.087
0.832	0.014	0.106	0.048
0.828	0.068	0.063	0.041
0.107	0.156	0.078	0.659
0.042	0.088	0.767	0.103
0.101	0.047	0.801	0.051
0.875	0.018	0.040	0.067
0.906	0.033	0.040	0.021
0.875	0.028	0.047	0.050
0.101	0.747	0.050	0.102
>CCGCCTACAG	8-CCGCCTACAG	6.882790	-63.279350	0	T:593.0(15.04%),B:4280.0(9.53%),P:1e-27	Tpos:327.3,Tstd:265.1,Bpos:230.9,Bstd:150.2,StrandBias:-0.3,Multiplicity:1.12
0.076	0.825	0.063	0.036
0.054	0.836	0.053	0.057
0.075	0.051	0.860	0.014
0.074	0.833	0.053	0.040
0.061	0.789	0.067	0.083
0.045	0.108	0.041	0.806
0.784	0.076	0.055	0.085
0.052	0.726	0.121	0.101
0.844	0.039	0.030	0.087
0.083	0.099	0.704	0.114
>AGATCAAAGG	9-AGATCAAAGG	8.481112	-54.446819	0	T:372.0(9.43%),B:2433.8(5.42%),P:1e-23	Tpos:299.0,Tstd:234.4,Bpos:242.6,Bstd:141.4,StrandBias:0.3,Multiplicity:1.03
0.715	0.193	0.001	0.091
0.219	0.001	0.779	0.001
0.935	0.001	0.001	0.063
0.064	0.117	0.166	0.653
0.182	0.616	0.188	0.014
0.960	0.001	0.038	0.001
0.959	0.023	0.007	0.011
0.951	0.047	0.001	0.001
0.157	0.001	0.728	0.114
0.115	0.126	0.697	0.062
>AAACACCCGC	10-AAACACCCGC	6.813229	-53.980933	0	T:585.0(14.83%),B:4377.6(9.74%),P:1e-23	Tpos:315.6,Tstd:267.5,Bpos:235.1,Bstd:148.5,StrandBias:0.1,Multiplicity:1.12
0.895	0.015	0.035	0.055
0.809	0.089	0.037	0.065
0.837	0.043	0.049	0.071
0.074	0.801	0.079	0.046
0.818	0.074	0.044	0.064
0.064	0.733	0.137	0.066
0.088	0.737	0.105	0.070
0.062	0.744	0.059	0.135
0.054	0.073	0.809	0.064
0.046	0.825	0.050	0.079
>BCATGGCAAC	11-BCATGGCAAC	6.763101	-52.445467	0	T:373.0(9.46%),B:2471.9(5.50%),P:1e-22	Tpos:290.6,Tstd:234.0,Bpos:239.3,Bstd:141.2,StrandBias:0.0,Multiplicity:1.12
0.012	0.362	0.310	0.315
0.083	0.583	0.138	0.196
0.396	0.208	0.178	0.218
0.313	0.124	0.061	0.502
0.359	0.006	0.511	0.124
0.249	0.001	0.592	0.158
0.169	0.642	0.002	0.187
0.636	0.001	0.223	0.140
0.873	0.032	0.093	0.002
0.147	0.851	0.001	0.001
>NNHMACGTGA	12-NNHMACGTGA	5.254991	-47.593338	0	T:423.0(10.73%),B:2995.8(6.67%),P:1e-20	Tpos:279.1,Tstd:240.1,Bpos:234.9,Bstd:150.5,StrandBias:-0.1,Multiplicity:1.06
0.202	0.245	0.251	0.303
0.229	0.207	0.236	0.328
0.284	0.351	0.100	0.265
0.278	0.393	0.101	0.228
0.631	0.134	0.001	0.234
0.005	0.766	0.061	0.168
0.188	0.064	0.650	0.098
0.170	0.110	0.137	0.583
0.094	0.179	0.524	0.203
0.698	0.165	0.131	0.006
>CGCTTTAAAG	13-CGCTTTAAAG	5.520577	-45.515448	0	T:786.0(19.93%),B:6522.7(14.52%),P:1e-19	Tpos:299.4,Tstd:250.7,Bpos:237.1,Bstd:146.3,StrandBias:-0.1,Multiplicity:1.14
0.152	0.533	0.148	0.167
0.147	0.109	0.599	0.145
0.146	0.575	0.131	0.148
0.154	0.099	0.125	0.622
0.127	0.158	0.130	0.585
0.150	0.147	0.127	0.576
0.584	0.122	0.152	0.142
0.649	0.163	0.160	0.028
0.713	0.047	0.099	0.141
0.161	0.146	0.564	0.129
>GGGGGGGGGG	14-GGGGGGGGGG	6.404373	-40.467476	0	T:1874.0(47.52%),B:18282.9(40.69%),P:1e-17	Tpos:350.6,Tstd:308.9,Bpos:238.0,Bstd:143.7,StrandBias:0.2,Multiplicity:2.23
0.100	0.100	0.700	0.100
0.100	0.100	0.700	0.100
0.100	0.100	0.700	0.100
0.100	0.100	0.700	0.100
0.100	0.100	0.700	0.100
0.100	0.100	0.700	0.100
0.100	0.100	0.700	0.100
0.100	0.100	0.700	0.100
0.100	0.100	0.700	0.100
0.100	0.100	0.700	0.100
>CGCTGATTGG	15-CGCTGATTGG	8.342637	-39.193668	0	T:196.0(4.97%),B:1148.1(2.56%),P:1e-17	Tpos:347.2,Tstd:327.1,Bpos:235.3,Bstd:142.7,StrandBias:-0.2,Multiplicity:1.06
0.089	0.749	0.001	0.161
0.056	0.204	0.566	0.174
0.036	0.953	0.010	0.001
0.001	0.413	0.001	0.585
0.001	0.111	0.822	0.066
0.524	0.001	0.171	0.304
0.046	0.001	0.001	0.952
0.001	0.143	0.001	0.855
0.001	0.001	0.912	0.086
0.025	0.001	0.684	0.290
>SCKTTKMRAA	16-SCKTTKMRAA	6.054667	-36.589998	0	T:679.0(17.22%),B:5691.3(12.67%),P:1e-15	Tpos:315.1,Tstd:273.5,Bpos:237.3,Bstd:145.3,StrandBias:0.1,Multiplicity:1.13
0.123	0.432	0.436	0.008
0.129	0.479	0.217	0.174
0.019	0.103	0.423	0.454
0.012	0.202	0.137	0.649
0.007	0.282	0.004	0.707
0.007	0.220	0.450	0.323
0.505	0.421	0.001	0.073
0.436	0.067	0.494	0.003
0.514	0.122	0.220	0.144
0.657	0.098	0.220	0.025
>ACCGTCRTCT	17-ACCGTCRTCT	9.260227	-35.179360	0	T:98.0(2.48%),B:439.4(0.98%),P:1e-15	Tpos:287.9,Tstd:230.1,Bpos:251.6,Bstd:149.5,StrandBias:0.3,Multiplicity:1.00
0.593	0.059	0.001	0.347
0.001	0.997	0.001	0.001
0.095	0.615	0.289	0.001
0.047	0.087	0.865	0.001
0.001	0.273	0.001	0.725
0.001	0.997	0.001	0.001
0.574	0.001	0.424	0.001
0.001	0.143	0.001	0.855
0.001	0.997	0.001	0.001
0.001	0.001	0.001	0.997
>TTTCGCTTTC	18-TTTCGCTTTC	8.430066	-30.700420	0	T:224.0(5.68%),B:1498.4(3.34%),P:1e-13	Tpos:310.1,Tstd:257.1,Bpos:243.2,Bstd:148.2,StrandBias:-0.1,Multiplicity:1.07
0.084	0.001	0.018	0.897
0.164	0.071	0.001	0.764
0.030	0.001	0.001	0.968
0.122	0.876	0.001	0.001
0.251	0.001	0.705	0.043
0.001	0.684	0.276	0.039
0.052	0.214	0.001	0.733
0.001	0.104	0.001	0.894
0.001	0.001	0.001	0.997
0.001	0.716	0.282	0.001
>CGCATGCGCA	19-CGCATGCGCA	7.167001	-26.895855	0	T:303.0(7.68%),B:2282.0(5.08%),P:1e-11	Tpos:320.9,Tstd:269.1,Bpos:238.7,Bstd:165.7,StrandBias:-0.2,Multiplicity:1.22
0.092	0.807	0.036	0.065
0.074	0.050	0.808	0.068
0.051	0.842	0.069	0.038
0.813	0.062	0.058	0.067
0.085	0.096	0.122	0.697
0.039	0.089	0.828	0.044
0.055	0.848	0.053	0.044
0.068	0.073	0.796	0.063
0.079	0.795	0.068	0.058
0.773	0.111	0.087	0.029
>CGTTATTACA	20-CGTTATTACA	9.481012	-26.067274	0	T:35.0(0.89%),B:95.8(0.21%),P:1e-11	Tpos:298.5,Tstd:203.6,Bpos:236.7,Bstd:134.5,StrandBias:-0.6,Multiplicity:1.00
0.001	0.920	0.001	0.078
0.158	0.001	0.826	0.015
0.001	0.001	0.001	0.997
0.059	0.001	0.040	0.900
0.876	0.001	0.122	0.001
0.080	0.080	0.080	0.760
0.001	0.001	0.079	0.919
0.919	0.079	0.001	0.001
0.034	0.964	0.001	0.001
0.959	0.001	0.001	0.039
>AATCCGATCS	21-AATCCGATCS	10.990471	-19.850561	0	T:15.0(0.38%),B:22.4(0.05%),P:1e-8	Tpos:360.1,Tstd:339.4,Bpos:240.1,Bstd:137.0,StrandBias:1.1,Multiplicity:1.07
0.997	0.001	0.001	0.001
0.903	0.095	0.001	0.001
0.001	0.001	0.001	0.997
0.001	0.787	0.001	0.211
0.001	0.997	0.001	0.001
0.178	0.001	0.820	0.001
0.997	0.001	0.001	0.001
0.001	0.001	0.101	0.897
0.001	0.997	0.001	0.001
0.001	0.506	0.492	0.001
>GGCGGAWAAA	22-GGCGGAWAAA	10.716321	-16.065918	0	T:18.0(0.46%),B:43.6(0.10%),P:1e-6	Tpos:282.1,Tstd:139.6,Bpos:222.1,Bstd:140.1,StrandBias:0.2,Multiplicity:1.06
0.001	0.140	0.858	0.001
0.001	0.001	0.997	0.001
0.001	0.997	0.001	0.001
0.331	0.001	0.667	0.001
0.246	0.225	0.528	0.001
0.997	0.001	0.001	0.001
0.422	0.001	0.141	0.437
0.858	0.001	0.001	0.140
0.997	0.001	0.001	0.001
0.774	0.084	0.001	0.141
>TTGCTTGCAA	23-TTGCTTGCAA	10.296193	-15.794680	0	T:13.0(0.33%),B:22.8(0.05%),P:1e-6	Tpos:224.6,Tstd:161.9,Bpos:252.9,Bstd:119.4,StrandBias:-0.7,Multiplicity:1.00
0.100	0.100	0.100	0.700
0.100	0.100	0.100	0.700
0.100	0.100	0.700	0.100
0.100	0.700	0.100	0.100
0.100	0.100	0.100	0.700
0.100	0.100	0.100	0.700
0.100	0.100	0.700	0.100
0.100	0.700	0.100	0.100
0.700	0.100	0.100	0.100
0.700	0.100	0.100	0.100
>ATCGCATCCT	24-ATCGCATCCT	10.296193	-14.676687	0	T:7.0(0.18%),B:5.9(0.01%),P:1e-6	Tpos:314.0,Tstd:162.7,Bpos:192.1,Bstd:148.0,StrandBias:-1.3,Multiplicity:1.00
0.700	0.100	0.100	0.100
0.100	0.100	0.100	0.700
0.100	0.700	0.100	0.100
0.100	0.100	0.700	0.100
0.100	0.700	0.100	0.100
0.700	0.100	0.100	0.100
0.100	0.100	0.100	0.700
0.100	0.700	0.100	0.100
0.100	0.700	0.100	0.100
0.100	0.100	0.100	0.700
>TAGGACCGAG	25-TAGGACCGAG	10.296193	-13.162057	0	T:6.0(0.15%),B:4.0(0.01%),P:1e-5	Tpos:341.3,Tstd:178.2,Bpos:291.6,Bstd:101.7,StrandBias:2.3,Multiplicity:1.00
0.100	0.100	0.100	0.700
0.700	0.100	0.100	0.100
0.100	0.100	0.700	0.100
0.100	0.100	0.700	0.100
0.700	0.100	0.100	0.100
0.100	0.700	0.100	0.100
0.100	0.700	0.100	0.100
0.100	0.100	0.700	0.100
0.700	0.100	0.100	0.100
0.100	0.100	0.700	0.100
