>GACAGGAAGT	1-GACAGGAAGT	7.632500	-345.735389	0	T:1405.0(35.62%),B:8114.4(18.06%),P:1e-150	Tpos:283.5,Tstd:221.3,Bpos:237.4,Bstd:139.2,StrandBias:0.0,Multiplicity:1.30
0.200	0.197	0.416	0.187
0.562	0.046	0.350	0.042
0.168	0.620	0.183	0.029
0.877	0.097	0.025	0.001
0.001	0.001	0.997	0.001
0.001	0.001	0.986	0.012
0.995	0.001	0.001	0.003
0.747	0.001	0.001	0.251
0.248	0.030	0.721	0.001
0.066	0.186	0.082	0.666
>CCACTAGRGG	2-CCACTAGRGG	8.934712	-158.016859	0	T:378.0(9.58%),B:1535.4(3.42%),P:1e-68	Tpos:291.6,Tstd:221.6,Bpos:237.5,Bstd:137.0,StrandBias:-0.1,Multiplicity:1.04
0.026	0.944	0.029	0.001
0.060	0.938	0.001	0.001
0.731	0.001	0.174	0.094
0.026	0.733	0.240	0.001
0.111	0.304	0.001	0.584
0.929	0.069	0.001	0.001
0.001	0.027	0.971	0.001
0.454	0.001	0.544	0.001
0.001	0.027	0.622	0.350
0.001	0.001	0.959	0.039
>NWVTGASTCA	3-NWVTGASTCA	7.224928	-135.563957	0	T:588.0(14.91%),B:3283.6(7.31%),P:1e-58	Tpos:289.6,Tstd:260.7,Bpos:241.0,Bstd:136.5,StrandBias:-0.1,Multiplicity:1.15
0.216	0.259	0.262	0.262
0.263	0.097	0.233	0.406
0.334	0.338	0.249	0.079
0.001	0.001	0.019	0.979
0.020	0.128	0.653	0.199
0.891	0.092	0.010	0.007
0.060	0.420	0.505	0.015
0.135	0.001	0.001	0.863
0.191	0.778	0.004	0.027
0.943	0.019	0.001	0.037
>ACATCAAASG	4-ACATCAAASG	7.582109	-115.246850	0	T:474.0(12.02%),B:2571.5(5.72%),P:1e-50	Tpos:268.2,Tstd:214.0,Bpos:241.0,Bstd:140.7,StrandBias:0.2,Multiplicity:1.08
0.859	0.043	0.060	0.038
0.050	0.647	0.247	0.056
0.643	0.068	0.069	0.220
0.083	0.013	0.031	0.873
0.085	0.727	0.156	0.032
0.967	0.012	0.001	0.020
0.747	0.071	0.157	0.025
0.890	0.033	0.061	0.016
0.015	0.434	0.520	0.031
0.159	0.094	0.672	0.075
>BAAACCACAN	5-BAAACCACAN	7.239307	-97.415249	0	T:837.0(21.22%),B:5964.3(13.28%),P:1e-42	Tpos:306.5,Tstd:282.8,Bpos:239.3,Bstd:141.2,StrandBias:-0.0,Multiplicity:1.20
0.178	0.353	0.243	0.226
0.803	0.048	0.043	0.106
0.922	0.054	0.020	0.004
0.808	0.077	0.071	0.044
0.013	0.958	0.001	0.028
0.026	0.917	0.016	0.041
0.825	0.047	0.066	0.062
0.043	0.907	0.039	0.011
0.859	0.028	0.048	0.065
0.274	0.176	0.325	0.224
>SATTTGCATA	6-SATTTGCATA	9.547384	-76.579365	0	T:87.0(2.21%),B:191.1(0.43%),P:1e-33	Tpos:299.8,Tstd:206.8,Bpos:236.5,Bstd:142.8,StrandBias:-0.3,Multiplicity:1.06
0.223	0.317	0.380	0.079
0.946	0.023	0.001	0.030
0.001	0.006	0.001	0.992
0.001	0.026	0.001	0.972
0.004	0.001	0.001	0.994
0.008	0.001	0.990	0.001
0.007	0.991	0.001	0.001
0.910	0.040	0.031	0.019
0.001	0.001	0.001	0.997
0.991	0.001	0.007	0.001
>GAATGGAAAC	7-GAATGGAAAC	7.178716	-73.871013	0	T:680.0(17.24%),B:4900.5(10.91%),P:1e-32	Tpos:309.0,Tstd:258.3,Bpos:238.2,Bstd:141.1,StrandBias:0.2,Multiplicity:1.11
0.082	0.113	0.718	0.087
0.832	0.014	0.106	0.048
0.828	0.068	0.063	0.041
0.107	0.156	0.078	0.659
0.042	0.088	0.767	0.103
0.101	0.047	0.801	0.051
0.875	0.018	0.040	0.067
0.906	0.033	0.040	0.021
0.875	0.028	0.047	0.050
0.101	0.747	0.050	0.102
>CCGCCTACAG	8-CCGCCTACAG	6.882790	-63.279350	0	T:593.0(15.04%),B:4280.0(9.53%),P:1e-27	Tpos:327.3,Tstd:265.1,Bpos:230.9,Bstd:150.2,StrandBias:-0.3,Multiplicity:1.12
0.076	0.825	0.063	0.036
0.054	0.836	0.053	0.057
0.075	0.051	0.860	0.014
0.074	0.833	0.053	0.040
0.061	0.789	0.067	0.083
0.045	0.108	0.041	0.806
0.784	0.076	0.055	0.085
0.052	0.726	0.121	0.101
0.844	0.039	0.030	0.087
0.083	0.099	0.704	0.114
>AGATCAAAGG	9-AGATCAAAGG	8.481112	-54.446819	0	T:372.0(9.43%),B:2433.8(5.42%),P:1e-23	Tpos:299.0,Tstd:234.4,Bpos:242.6,Bstd:141.4,StrandBias:0.3,Multiplicity:1.03
0.715	0.193	0.001	0.091
0.219	0.001	0.779	0.001
0.935	0.001	0.001	0.063
0.064	0.117	0.166	0.653
0.182	0.616	0.188	0.014
0.960	0.001	0.038	0.001
0.959	0.023	0.007	0.011
0.951	0.047	0.001	0.001
0.157	0.001	0.728	0.114
0.115	0.126	0.697	0.062
>AAACACCCGC	10-AAACACCCGC	6.813229	-53.980933	0	T:585.0(14.83%),B:4377.6(9.74%),P:1e-23	Tpos:315.6,Tstd:267.5,Bpos:235.1,Bstd:148.5,StrandBias:0.1,Multiplicity:1.12
0.895	0.015	0.035	0.055
0.809	0.089	0.037	0.065
0.837	0.043	0.049	0.071
0.074	0.801	0.079	0.046
0.818	0.074	0.044	0.064
0.064	0.733	0.137	0.066
0.088	0.737	0.105	0.070
0.062	0.744	0.059	0.135
0.054	0.073	0.809	0.064
0.046	0.825	0.050	0.079
>BCATGGCAAC	11-BCATGGCAAC	6.763101	-52.445467	0	T:373.0(9.46%),B:2471.9(5.50%),P:1e-22	Tpos:290.6,Tstd:234.0,Bpos:239.3,Bstd:141.2,StrandBias:0.0,Multiplicity:1.12
0.012	0.362	0.310	0.315
0.083	0.583	0.138	0.196
0.396	0.208	0.178	0.218
0.313	0.124	0.061	0.502
0.359	0.006	0.511	0.124
0.249	0.001	0.592	0.158
0.169	0.642	0.002	0.187
0.636	0.001	0.223	0.140
0.873	0.032	0.093	0.002
0.147	0.851	0.001	0.001
>NNHMACGTGA	12-NNHMACGTGA	5.254991	-47.593338	0	T:423.0(10.73%),B:2995.8(6.67%),P:1e-20	Tpos:279.1,Tstd:240.1,Bpos:234.9,Bstd:150.5,StrandBias:-0.1,Multiplicity:1.06
0.202	0.245	0.251	0.303
0.229	0.207	0.236	0.328
0.284	0.351	0.100	0.265
0.278	0.393	0.101	0.228
0.631	0.134	0.001	0.234
0.005	0.766	0.061	0.168
0.188	0.064	0.650	0.098
0.170	0.110	0.137	0.583
0.094	0.179	0.524	0.203
0.698	0.165	0.131	0.006
>CGCTTTAAAG	13-CGCTTTAAAG	5.520577	-45.515448	0	T:786.0(19.93%),B:6522.7(14.52%),P:1e-19	Tpos:299.4,Tstd:250.7,Bpos:237.1,Bstd:146.3,StrandBias:-0.1,Multiplicity:1.14
0.152	0.533	0.148	0.167
0.147	0.109	0.599	0.145
0.146	0.575	0.131	0.148
0.154	0.099	0.125	0.622
0.127	0.158	0.130	0.585
0.150	0.147	0.127	0.576
0.584	0.122	0.152	0.142
0.649	0.163	0.160	0.028
0.713	0.047	0.099	0.141
0.161	0.146	0.564	0.129
>GGGGGGGGGG	14-GGGGGGGGGG	6.404373	-40.467476	0	T:1874.0(47.52%),B:18282.9(40.69%),P:1e-17	Tpos:350.6,Tstd:308.9,Bpos:238.0,Bstd:143.7,StrandBias:0.2,Multiplicity:2.23
0.100	0.100	0.700	0.100
0.100	0.100	0.700	0.100
0.100	0.100	0.700	0.100
0.100	0.100	0.700	0.100
0.100	0.100	0.700	0.100
0.100	0.100	0.700	0.100
0.100	0.100	0.700	0.100
0.100	0.100	0.700	0.100
0.100	0.100	0.700	0.100
0.100	0.100	0.700	0.100
>CGCTGATTGG	15-CGCTGATTGG	8.342637	-39.193668	0	T:196.0(4.97%),B:1148.1(2.56%),P:1e-17	Tpos:347.2,Tstd:327.1,Bpos:235.3,Bstd:142.7,StrandBias:-0.2,Multiplicity:1.06
0.089	0.749	0.001	0.161
0.056	0.204	0.566	0.174
0.036	0.953	0.010	0.001
0.001	0.413	0.001	0.585
0.001	0.111	0.822	0.066
0.524	0.001	0.171	0.304
0.046	0.001	0.001	0.952
0.001	0.143	0.001	0.855
0.001	0.001	0.912	0.086
0.025	0.001	0.684	0.290
>SCKTTKMRAA	16-SCKTTKMRAA	6.054667	-36.589998	0	T:679.0(17.22%),B:5691.3(12.67%),P:1e-15	Tpos:315.1,Tstd:273.5,Bpos:237.3,Bstd:145.3,StrandBias:0.1,Multiplicity:1.13
0.123	0.432	0.436	0.008
0.129	0.479	0.217	0.174
0.019	0.103	0.423	0.454
0.012	0.202	0.137	0.649
0.007	0.282	0.004	0.707
0.007	0.220	0.450	0.323
0.505	0.421	0.001	0.073
0.436	0.067	0.494	0.003
0.514	0.122	0.220	0.144
0.657	0.098	0.220	0.025
>ACCGTCRTCT	17-ACCGTCRTCT	9.260227	-35.179360	0	T:98.0(2.48%),B:439.4(0.98%),P:1e-15	Tpos:287.9,Tstd:230.1,Bpos:251.6,Bstd:149.5,StrandBias:0.3,Multiplicity:1.00
0.593	0.059	0.001	0.347
0.001	0.997	0.001	0.001
0.095	0.615	0.289	0.001
0.047	0.087	0.865	0.001
0.001	0.273	0.001	0.725
0.001	0.997	0.001	0.001
0.574	0.001	0.424	0.001
0.001	0.143	0.001	0.855
0.001	0.997	0.001	0.001
0.001	0.001	0.001	0.997
>TTTCGCTTTC	18-TTTCGCTTTC	8.430066	-30.700420	0	T:224.0(5.68%),B:1498.4(3.34%),P:1e-13	Tpos:310.1,Tstd:257.1,Bpos:243.2,Bstd:148.2,StrandBias:-0.1,Multiplicity:1.07
0.084	0.001	0.018	0.897
0.164	0.071	0.001	0.764
0.030	0.001	0.001	0.968
0.122	0.876	0.001	0.001
0.251	0.001	0.705	0.043
0.001	0.684	0.276	0.039
0.052	0.214	0.001	0.733
0.001	0.104	0.001	0.894
0.001	0.001	0.001	0.997
0.001	0.716	0.282	0.001
>CGCATGCGCA	19-CGCATGCGCA	7.167001	-26.895855	0	T:303.0(7.68%),B:2282.0(5.08%),P:1e-11	Tpos:320.9,Tstd:269.1,Bpos:238.7,Bstd:165.7,StrandBias:-0.2,Multiplicity:1.22
0.092	0.807	0.036	0.065
0.074	0.050	0.808	0.068
0.051	0.842	0.069	0.038
0.813	0.062	0.058	0.067
0.085	0.096	0.122	0.697
0.039	0.089	0.828	0.044
0.055	0.848	0.053	0.044
0.068	0.073	0.796	0.063
0.079	0.795	0.068	0.058
0.773	0.111	0.087	0.029
>CGTTATTACA	20-CGTTATTACA	9.481012	-26.067274	0	T:35.0(0.89%),B:95.8(0.21%),P:1e-11	Tpos:298.5,Tstd:203.6,Bpos:236.7,Bstd:134.5,StrandBias:-0.6,Multiplicity:1.00
0.001	0.920	0.001	0.078
0.158	0.001	0.826	0.015
0.001	0.001	0.001	0.997
0.059	0.001	0.040	0.900
0.876	0.001	0.122	0.001
0.080	0.080	0.080	0.760
0.001	0.001	0.079	0.919
0.919	0.079	0.001	0.001
0.034	0.964	0.001	0.001
0.959	0.001	0.001	0.039
>AATCCGATCS	21-AATCCGATCS	10.990471	-19.850561	0	T:15.0(0.38%),B:22.4(0.05%),P:1e-8	Tpos:360.1,Tstd:339.4,Bpos:240.1,Bstd:137.0,StrandBias:1.1,Multiplicity:1.07
0.997	0.001	0.001	0.001
0.903	0.095	0.001	0.001
0.001	0.001	0.001	0.997
0.001	0.787	0.001	0.211
0.001	0.997	0.001	0.001
0.178	0.001	0.820	0.001
0.997	0.001	0.001	0.001
0.001	0.001	0.101	0.897
0.001	0.997	0.001	0.001
0.001	0.506	0.492	0.001
>GGCGGAWAAA	22-GGCGGAWAAA	10.716321	-16.065918	0	T:18.0(0.46%),B:43.6(0.10%),P:1e-6	Tpos:282.1,Tstd:139.6,Bpos:222.1,Bstd:140.1,StrandBias:0.2,Multiplicity:1.06
0.001	0.140	0.858	0.001
0.001	0.001	0.997	0.001
0.001	0.997	0.001	0.001
0.331	0.001	0.667	0.001
0.246	0.225	0.528	0.001
0.997	0.001	0.001	0.001
0.422	0.001	0.141	0.437
0.858	0.001	0.001	0.140
0.997	0.001	0.001	0.001
0.774	0.084	0.001	0.141
>TTGCTTGCAA	23-TTGCTTGCAA	10.296193	-15.794680	0	T:13.0(0.33%),B:22.8(0.05%),P:1e-6	Tpos:224.6,Tstd:161.9,Bpos:252.9,Bstd:119.4,StrandBias:-0.7,Multiplicity:1.00
0.100	0.100	0.100	0.700
0.100	0.100	0.100	0.700
0.100	0.100	0.700	0.100
0.100	0.700	0.100	0.100
0.100	0.100	0.100	0.700
0.100	0.100	0.100	0.700
0.100	0.100	0.700	0.100
0.100	0.700	0.100	0.100
0.700	0.100	0.100	0.100
0.700	0.100	0.100	0.100
>ATCGCATCCT	24-ATCGCATCCT	10.296193	-14.676687	0	T:7.0(0.18%),B:5.9(0.01%),P:1e-6	Tpos:314.0,Tstd:162.7,Bpos:192.1,Bstd:148.0,StrandBias:-1.3,Multiplicity:1.00
0.700	0.100	0.100	0.100
0.100	0.100	0.100	0.700
0.100	0.700	0.100	0.100
0.100	0.100	0.700	0.100
0.100	0.700	0.100	0.100
0.700	0.100	0.100	0.100
0.100	0.100	0.100	0.700
0.100	0.700	0.100	0.100
0.100	0.700	0.100	0.100
0.100	0.100	0.100	0.700
>TAGGACCGAG	25-TAGGACCGAG	10.296193	-13.162057	0	T:6.0(0.15%),B:4.0(0.01%),P:1e-5	Tpos:341.3,Tstd:178.2,Bpos:291.6,Bstd:101.7,StrandBias:2.3,Multiplicity:1.00
0.100	0.100	0.100	0.700
0.700	0.100	0.100	0.100
0.100	0.100	0.700	0.100
0.100	0.100	0.700	0.100
0.700	0.100	0.100	0.100
0.100	0.700	0.100	0.100
0.100	0.700	0.100	0.100
0.100	0.100	0.700	0.100
0.700	0.100	0.100	0.100
0.100	0.100	0.700	0.100
>RRACAGGAAGTG	1-RRACAGGAAGTG	8.238626	-359.319076	0	T:908.0(23.02%),B:3973.3(8.84%),P:1e-156	Tpos:286.3,Tstd:223.3,Bpos:235.6,Bstd:139.3,StrandBias:-0.0,Multiplicity:1.17
0.382	0.202	0.243	0.173
0.321	0.186	0.378	0.114
0.764	0.001	0.234	0.001
0.006	0.920	0.073	0.001
0.993	0.005	0.001	0.001
0.001	0.001	0.997	0.001
0.001	0.004	0.994	0.001
0.997	0.001	0.001	0.001
0.746	0.001	0.001	0.252
0.270	0.008	0.721	0.001
0.046	0.226	0.006	0.722
0.220	0.165	0.469	0.146
>CCACYAGGGGGC	2-CCACYAGGGGGC	10.374724	-220.221354	0	T:251.0(6.36%),B:549.9(1.22%),P:1e-95	Tpos:267.0,Tstd:195.2,Bpos:232.2,Bstd:142.7,StrandBias:-0.1,Multiplicity:1.03
0.072	0.926	0.001	0.001
0.001	0.997	0.001	0.001
0.874	0.001	0.044	0.081
0.001	0.685	0.313	0.001
0.208	0.328	0.033	0.430
0.876	0.001	0.011	0.112
0.001	0.001	0.989	0.009
0.402	0.001	0.596	0.001
0.001	0.019	0.576	0.404
0.001	0.001	0.997	0.001
0.053	0.014	0.774	0.159
0.185	0.758	0.019	0.038
>BNCTTCCTGTDS	3-BNCTTCCTGTDS	8.893665	-144.404340	0	T:453.0(11.49%),B:2157.7(4.80%),P:1e-62	Tpos:276.8,Tstd:206.8,Bpos:232.8,Bstd:134.5,StrandBias:0.0,Multiplicity:1.04
0.078	0.295	0.285	0.342
0.298	0.179	0.267	0.256
0.001	0.911	0.001	0.087
0.001	0.023	0.058	0.918
0.021	0.001	0.150	0.828
0.042	0.956	0.001	0.001
0.010	0.943	0.046	0.001
0.001	0.125	0.302	0.572
0.111	0.001	0.887	0.001
0.005	0.002	0.001	0.992
0.271	0.166	0.227	0.336
0.193	0.258	0.391	0.158
>NNDDMTGASTCA	4-NNDDMTGASTCA	8.512179	-125.934720	0	T:469.0(11.89%),B:2432.7(5.41%),P:1e-54	Tpos:289.9,Tstd:263.4,Bpos:240.3,Bstd:134.9,StrandBias:-0.1,Multiplicity:1.12
0.320	0.257	0.220	0.203
0.329	0.185	0.264	0.222
0.268	0.122	0.310	0.300
0.227	0.152	0.355	0.266
0.396	0.303	0.227	0.075
0.001	0.001	0.001	0.997
0.001	0.001	0.994	0.004
0.994	0.001	0.001	0.004
0.001	0.477	0.521	0.001
0.001	0.001	0.009	0.989
0.001	0.997	0.001	0.001
0.997	0.001	0.001	0.001
>DGKGGGYGGGGC	5-DGKGGGYGGGGC	7.950061	-124.712071	0	T:1229.0(31.16%),B:9253.0(20.60%),P:1e-54	Tpos:330.5,Tstd:286.1,Bpos:238.6,Bstd:143.9,StrandBias:0.0,Multiplicity:1.65
0.234	0.137	0.325	0.305
0.183	0.158	0.581	0.078
0.209	0.044	0.418	0.329
0.216	0.001	0.782	0.001
0.002	0.001	0.996	0.001
0.032	0.002	0.955	0.011
0.263	0.440	0.002	0.296
0.017	0.001	0.777	0.205
0.010	0.001	0.804	0.185
0.280	0.004	0.525	0.191
0.168	0.086	0.600	0.146
0.209	0.455	0.131	0.206
>GCTTCCTGTCTG	6-GCTTCCTGTCTG	7.438965	-86.955149	0	T:1297.0(32.89%),B:10685.7(23.78%),P:1e-37	Tpos:296.9,Tstd:264.3,Bpos:239.4,Bstd:140.1,StrandBias:0.2,Multiplicity:1.22
0.078	0.198	0.677	0.047
0.021	0.516	0.187	0.276
0.067	0.140	0.001	0.792
0.001	0.036	0.066	0.897
0.043	0.637	0.260	0.060
0.119	0.806	0.001	0.074
0.050	0.001	0.001	0.948
0.025	0.262	0.508	0.205
0.029	0.140	0.147	0.684
0.001	0.657	0.187	0.155
0.105	0.001	0.001	0.893
0.040	0.190	0.593	0.177
>GTGATTTGCATA	7-GTGATTTGCATA	10.287698	-61.014584	0	T:60.0(1.52%),B:113.3(0.25%),P:1e-26	Tpos:281.4,Tstd:208.5,Bpos:239.7,Bstd:149.8,StrandBias:0.1,Multiplicity:1.02
0.105	0.105	0.727	0.063
0.104	0.001	0.001	0.894
0.105	0.045	0.745	0.105
0.997	0.001	0.001	0.001
0.001	0.001	0.001	0.997
0.001	0.001	0.001	0.997
0.001	0.001	0.001	0.997
0.001	0.001	0.997	0.001
0.104	0.894	0.001	0.001
0.789	0.105	0.105	0.001
0.001	0.001	0.001	0.997
0.997	0.001	0.001	0.001
>AAYAGGAAATGA	8-AAYAGGAAATGA	8.991639	-51.703801	0	T:335.0(8.49%),B:2152.6(4.79%),P:1e-22	Tpos:275.8,Tstd:237.5,Bpos:238.1,Bstd:139.6,StrandBias:-0.1,Multiplicity:1.03
0.842	0.133	0.001	0.024
0.852	0.001	0.122	0.025
0.193	0.373	0.207	0.226
0.768	0.001	0.001	0.230
0.001	0.001	0.805	0.193
0.098	0.167	0.574	0.161
0.997	0.001	0.001	0.001
0.907	0.001	0.091	0.001
0.867	0.131	0.001	0.001
0.059	0.001	0.190	0.750
0.161	0.125	0.613	0.101
0.935	0.063	0.001	0.001
>ACATCAAAGGCA	9-ACATCAAAGGCA	7.129575	-51.199670	0	T:448.0(11.36%),B:3161.0(7.04%),P:1e-22	Tpos:280.3,Tstd:218.1,Bpos:238.5,Bstd:138.9,StrandBias:0.2,Multiplicity:1.10
0.550	0.119	0.128	0.203
0.177	0.552	0.170	0.101
0.585	0.110	0.050	0.255
0.202	0.125	0.124	0.549
0.143	0.612	0.159	0.086
0.845	0.064	0.006	0.085
0.542	0.082	0.334	0.042
0.753	0.050	0.138	0.059
0.153	0.092	0.628	0.127
0.211	0.124	0.468	0.196
0.211	0.539	0.131	0.119
0.565	0.178	0.066	0.191
>GTTGCCATGGCA	10-GTTGCCATGGCA	9.097618	-49.617512	0	T:167.0(4.23%),B:821.0(1.83%),P:1e-21	Tpos:266.7,Tstd:227.3,Bpos:248.1,Bstd:138.7,StrandBias:0.1,Multiplicity:1.02
0.025	0.013	0.961	0.001
0.021	0.049	0.016	0.914
0.113	0.113	0.038	0.736
0.243	0.057	0.495	0.205
0.078	0.840	0.024	0.058
0.028	0.818	0.013	0.141
0.735	0.141	0.013	0.111
0.149	0.013	0.174	0.664
0.057	0.001	0.935	0.007
0.130	0.068	0.711	0.091
0.279	0.551	0.006	0.164
0.801	0.023	0.163	0.013
>GTGGGHAGGGCC	11-GTGGGHAGGGCC	7.159232	-49.144033	0	T:1139.0(28.88%),B:10025.3(22.31%),P:1e-21	Tpos:323.8,Tstd:281.1,Bpos:240.3,Bstd:142.8,StrandBias:0.1,Multiplicity:1.21
0.011	0.111	0.841	0.037
0.097	0.164	0.289	0.451
0.066	0.027	0.858	0.049
0.051	0.042	0.862	0.045
0.036	0.030	0.877	0.057
0.300	0.245	0.129	0.326
0.444	0.032	0.270	0.255
0.038	0.060	0.679	0.223
0.326	0.024	0.610	0.040
0.055	0.044	0.850	0.051
0.031	0.877	0.042	0.050
0.220	0.602	0.016	0.162
>GGTTGTGGTTTT	12-GGTTGTGGTTTT	9.511741	-48.467903	0	T:165.0(4.18%),B:815.6(1.82%),P:1e-21	Tpos:281.9,Tstd:219.9,Bpos:234.4,Bstd:148.4,StrandBias:0.1,Multiplicity:1.07
0.089	0.059	0.796	0.056
0.115	0.051	0.746	0.088
0.086	0.032	0.057	0.825
0.104	0.050	0.077	0.769
0.001	0.079	0.863	0.057
0.005	0.001	0.009	0.985
0.047	0.029	0.819	0.105
0.045	0.036	0.806	0.113
0.001	0.039	0.036	0.924
0.054	0.036	0.044	0.866
0.044	0.081	0.069	0.806
0.013	0.104	0.084	0.799
>GGGGAAATCCCC	13-GGGGAAATCCCC	9.494530	-47.518045	0	T:118.0(2.99%),B:491.7(1.09%),P:1e-20	Tpos:305.9,Tstd:273.8,Bpos:235.5,Bstd:131.2,StrandBias:-0.2,Multiplicity:1.06
0.043	0.001	0.824	0.132
0.045	0.001	0.845	0.109
0.034	0.024	0.912	0.030
0.118	0.035	0.816	0.031
0.917	0.030	0.038	0.015
0.881	0.024	0.080	0.015
0.810	0.033	0.112	0.045
0.060	0.079	0.103	0.758
0.067	0.776	0.069	0.088
0.064	0.891	0.015	0.030
0.065	0.830	0.030	0.075
0.090	0.747	0.083	0.080
>CTATAGAGGGCG	14-CTATAGAGGGCG	9.608514	-46.441013	0	T:83.0(2.10%),B:277.0(0.62%),P:1e-20	Tpos:296.1,Tstd:292.0,Bpos:247.6,Bstd:142.8,StrandBias:0.7,Multiplicity:1.03
0.001	0.963	0.013	0.023
0.091	0.082	0.059	0.768
0.602	0.159	0.157	0.082
0.105	0.085	0.054	0.756
0.835	0.023	0.073	0.069
0.001	0.068	0.886	0.045
0.959	0.023	0.017	0.001
0.068	0.001	0.863	0.068
0.068	0.001	0.914	0.017
0.022	0.001	0.976	0.001
0.050	0.695	0.096	0.159
0.071	0.052	0.788	0.089
>GGAAACCGAAAC	15-GGAAACCGAAAC	9.416877	-37.528615	0	T:152.0(3.85%),B:817.7(1.82%),P:1e-16	Tpos:320.1,Tstd:260.5,Bpos:251.4,Bstd:144.5,StrandBias:0.5,Multiplicity:1.07
0.048	0.001	0.914	0.037
0.037	0.050	0.888	0.025
0.892	0.033	0.001	0.074
0.925	0.001	0.025	0.049
0.839	0.018	0.118	0.025
0.138	0.650	0.122	0.090
0.212	0.583	0.093	0.112
0.155	0.199	0.645	0.001
0.901	0.025	0.049	0.025
0.832	0.050	0.075	0.043
0.896	0.001	0.079	0.024
0.043	0.860	0.096	0.001
>TCTGACTTCAAA	16-TCTGACTTCAAA	8.813731	-36.988073	0	T:254.0(6.44%),B:1664.4(3.70%),P:1e-16	Tpos:281.7,Tstd:219.5,Bpos:233.4,Bstd:141.6,StrandBias:-0.1,Multiplicity:1.06
0.085	0.086	0.072	0.757
0.077	0.812	0.050	0.061
0.112	0.019	0.011	0.858
0.072	0.084	0.791	0.053
0.846	0.075	0.034	0.045
0.072	0.807	0.048	0.073
0.066	0.042	0.011	0.881
0.041	0.030	0.061	0.868
0.080	0.804	0.073	0.043
0.865	0.058	0.011	0.066
0.853	0.055	0.055	0.037
0.866	0.039	0.060	0.035
>GGCGGAAAAAAA	17-GGCGGAAAAAAA	8.532080	-34.774739	0	T:259.0(6.57%),B:1741.9(3.88%),P:1e-15	Tpos:322.8,Tstd:246.3,Bpos:238.4,Bstd:152.1,StrandBias:-0.3,Multiplicity:1.04
0.115	0.051	0.746	0.088
0.074	0.085	0.789	0.052
0.138	0.590	0.131	0.141
0.183	0.037	0.622	0.158
0.112	0.054	0.775	0.059
0.797	0.047	0.108	0.048
0.789	0.056	0.080	0.075
0.824	0.056	0.081	0.039
0.765	0.084	0.090	0.061
0.739	0.095	0.099	0.067
0.760	0.082	0.086	0.072
0.806	0.062	0.080	0.052
>TTGCTTGCAAGC	18-TTGCTTGCAAGC	10.624101	-28.861655	0	T:34.0(0.86%),B:82.0(0.18%),P:1e-12	Tpos:352.0,Tstd:320.4,Bpos:258.2,Bstd:152.9,StrandBias:0.6,Multiplicity:1.03
0.032	0.086	0.109	0.773
0.020	0.060	0.080	0.840
0.015	0.131	0.825	0.029
0.119	0.816	0.001	0.064
0.030	0.036	0.040	0.894
0.030	0.020	0.134	0.816
0.045	0.015	0.817	0.123
0.027	0.889	0.064	0.020
0.905	0.055	0.020	0.020
0.830	0.070	0.065	0.035
0.105	0.020	0.796	0.079
0.020	0.806	0.093	0.081
>GCAGACACCCCC	19-GCAGACACCCCC	12.154662	-28.618024	0	T:33.0(0.84%),B:78.0(0.17%),P:1e-12	Tpos:286.6,Tstd:276.8,Bpos:246.7,Bstd:140.4,StrandBias:1.0,Multiplicity:1.00
0.029	0.025	0.945	0.001
0.058	0.907	0.034	0.001
0.898	0.058	0.001	0.043
0.058	0.034	0.907	0.001
0.883	0.001	0.058	0.058
0.001	0.941	0.001	0.057
0.941	0.001	0.057	0.001
0.058	0.907	0.034	0.001
0.024	0.974	0.001	0.001
0.029	0.840	0.043	0.088
0.001	0.964	0.001	0.034
0.001	0.912	0.029	0.058
>CTTGTGTGGGCG	20-CTTGTGTGGGCG	12.706889	-27.954741	0	T:18.0(0.46%),B:20.5(0.05%),P:1e-12	Tpos:240.8,Tstd:224.5,Bpos:187.6,Bstd:100.9,StrandBias:0.5,Multiplicity:1.00
0.001	0.880	0.118	0.001
0.001	0.118	0.001	0.880
0.001	0.001	0.001	0.997
0.001	0.001	0.997	0.001
0.118	0.001	0.001	0.880
0.001	0.001	0.997	0.001
0.001	0.001	0.001	0.997
0.001	0.001	0.997	0.001
0.001	0.001	0.948	0.050
0.118	0.001	0.880	0.001
0.001	0.731	0.001	0.267
0.001	0.001	0.911	0.087
>TGCAGAGCACGA	21-TGCAGAGCACGA	11.545469	-25.198004	0	T:24.0(0.61%),B:46.4(0.10%),P:1e-10	Tpos:315.8,Tstd:284.1,Bpos:225.2,Bstd:138.8,StrandBias:1.6,Multiplicity:1.00
0.065	0.026	0.026	0.883
0.035	0.051	0.869	0.045
0.051	0.871	0.052	0.026
0.933	0.001	0.025	0.041
0.051	0.051	0.847	0.051
0.814	0.077	0.019	0.090
0.066	0.045	0.812	0.077
0.072	0.852	0.050	0.026
0.804	0.055	0.056	0.085
0.070	0.823	0.064	0.043
0.096	0.085	0.765	0.054
0.738	0.093	0.078	0.091
>TAGGTTGCTTTG	22-TAGGTTGCTTTG	12.056476	-23.882623	0	T:26.0(0.66%),B:58.1(0.13%),P:1e-10	Tpos:367.3,Tstd:321.9,Bpos:236.7,Bstd:117.1,StrandBias:-0.1,Multiplicity:1.00
0.090	0.001	0.359	0.550
0.730	0.001	0.090	0.179
0.001	0.001	0.997	0.001
0.001	0.089	0.909	0.001
0.001	0.001	0.001	0.997
0.090	0.001	0.090	0.819
0.001	0.279	0.641	0.079
0.001	0.651	0.156	0.192
0.001	0.001	0.001	0.997
0.001	0.001	0.001	0.997
0.001	0.001	0.001	0.997
0.001	0.001	0.997	0.001
>CTGCGCATGCGC	23-CTGCGCATGCGC	9.002812	-22.824432	0	T:176.0(4.46%),B:1202.1(2.68%),P:1e-9	Tpos:313.1,Tstd:245.2,Bpos:236.9,Bstd:164.1,StrandBias:0.0,Multiplicity:1.16
0.091	0.780	0.067	0.062
0.080	0.024	0.075	0.821
0.072	0.013	0.914	0.001
0.087	0.724	0.064	0.125
0.009	0.032	0.958	0.001
0.001	0.888	0.076	0.035
0.805	0.061	0.092	0.042
0.103	0.075	0.044	0.778
0.068	0.107	0.824	0.001
0.116	0.800	0.001	0.083
0.071	0.069	0.776	0.084
0.001	0.931	0.044	0.024
>AGTTGAAGAACA	24-AGTTGAAGAACA	14.621980	-20.861685	0	T:7.0(0.18%),B:2.9(0.01%),P:1e-9	Tpos:174.1,Tstd:154.0,Bpos:255.6,Bstd:96.3,StrandBias:1.3,Multiplicity:1.00
0.997	0.001	0.001	0.001
0.001	0.001	0.997	0.001
0.001	0.001	0.001	0.997
0.001	0.001	0.001	0.997
0.001	0.001	0.997	0.001
0.997	0.001	0.001	0.001
0.997	0.001	0.001	0.001
0.001	0.001	0.997	0.001
0.997	0.001	0.001	0.001
0.997	0.001	0.001	0.001
0.001	0.997	0.001	0.001
0.723	0.138	0.138	0.001
>TGCCTAGGGGTG	25-TGCCTAGGGGTG	15.686191	-12.473585	0	T:7.0(0.18%),B:7.2(0.02%),P:1e-5	Tpos:276.1,Tstd:467.5,Bpos:211.9,Bstd:146.5,StrandBias:-2.3,Multiplicity:2.00
0.001	0.001	0.001	0.997
0.001	0.001	0.997	0.001
0.001	0.598	0.400	0.001
0.001	0.997	0.001	0.001
0.001	0.001	0.001	0.997
0.997	0.001	0.001	0.001
0.001	0.001	0.997	0.001
0.001	0.001	0.997	0.001
0.001	0.001	0.997	0.001
0.001	0.001	0.997	0.001
0.001	0.001	0.001	0.997
0.001	0.001	0.997	0.001
>ACAGGAAG	1-ACAGGAAG	7.133820	-252.441063	0	T:1313.0(33.29%),B:8263.9(18.39%),P:1e-109	Tpos:290.8,Tstd:231.2,Bpos:236.2,Bstd:140.6,StrandBias:-0.1,Multiplicity:1.27
0.894	0.001	0.104	0.001
0.001	0.997	0.001	0.001
0.963	0.035	0.001	0.001
0.001	0.001	0.997	0.001
0.001	0.001	0.997	0.001
0.997	0.001	0.001	0.001
0.863	0.001	0.001	0.135
0.224	0.001	0.774	0.001
>ACTTCCKY	2-ACTTCCKY	6.771493	-215.693338	0	T:1459.0(36.99%),B:10094.9(22.47%),P:1e-93	Tpos:301.8,Tstd:268.4,Bpos:239.2,Bstd:141.8,StrandBias:-0.0,Multiplicity:1.20
0.816	0.001	0.022	0.161
0.001	0.583	0.001	0.415
0.294	0.057	0.001	0.648
0.001	0.001	0.001	0.997
0.001	0.997	0.001	0.001
0.001	0.997	0.001	0.001
0.002	0.001	0.531	0.466
0.051	0.344	0.188	0.416
>ATGAGTCA	3-ATGAGTCA	5.901442	-128.314175	0	T:666.0(16.89%),B:4009.4(8.92%),P:1e-55	Tpos:291.2,Tstd:258.6,Bpos:240.3,Bstd:138.0,StrandBias:-0.1,Multiplicity:1.17
0.684	0.151	0.164	0.001
0.001	0.001	0.001	0.997
0.001	0.001	0.948	0.050
0.997	0.001	0.001	0.001
0.001	0.248	0.750	0.001
0.001	0.001	0.001	0.997
0.001	0.997	0.001	0.001
0.997	0.001	0.001	0.001
>TGTGGTTT	4-TGTGGTTT	6.605105	-101.758008	0	T:411.0(10.42%),B:2205.8(4.91%),P:1e-44	Tpos:305.9,Tstd:269.7,Bpos:237.7,Bstd:145.4,StrandBias:-0.2,Multiplicity:1.10
0.001	0.079	0.001	0.919
0.001	0.001	0.997	0.001
0.001	0.120	0.001	0.878
0.001	0.001	0.997	0.001
0.001	0.001	0.997	0.001
0.001	0.001	0.001	0.997
0.001	0.001	0.001	0.997
0.165	0.001	0.001	0.833
>GGGCGGAA	5-GGGCGGAA	7.347322	-83.281007	0	T:1203.0(30.50%),B:9810.1(21.84%),P:1e-36	Tpos:339.5,Tstd:302.2,Bpos:236.3,Bstd:148.4,StrandBias:0.0,Multiplicity:1.71
0.004	0.001	0.905	0.090
0.001	0.001	0.997	0.001
0.021	0.001	0.977	0.001
0.332	0.546	0.004	0.118
0.001	0.001	0.940	0.058
0.116	0.001	0.733	0.150
0.699	0.001	0.193	0.107
0.521	0.001	0.370	0.108
>GGGGGTGG	6-GGGGGTGG	6.583360	-80.784753	0	T:1380.0(34.99%),B:11686.4(26.01%),P:1e-35	Tpos:344.3,Tstd:318.7,Bpos:237.9,Bstd:142.9,StrandBias:0.1,Multiplicity:1.50
0.001	0.001	0.997	0.001
0.001	0.108	0.706	0.185
0.001	0.001	0.997	0.001
0.001	0.001	0.997	0.001
0.001	0.001	0.997	0.001
0.130	0.001	0.001	0.868
0.044	0.001	0.856	0.099
0.001	0.001	0.929	0.069
>DTTTCCAT	7-DTTTCCAT	7.819828	-77.909666	0	T:618.0(15.67%),B:4264.8(9.49%),P:1e-33	Tpos:285.2,Tstd:222.4,Bpos:239.7,Bstd:138.5,StrandBias:-0.2,Multiplicity:1.13
0.412	0.001	0.297	0.290
0.001	0.001	0.001	0.997
0.172	0.001	0.001	0.826
0.001	0.025	0.079	0.895
0.001	0.700	0.298	0.001
0.001	0.997	0.001	0.001
0.781	0.001	0.217	0.001
0.172	0.001	0.001	0.826
>ACATCAAA	8-ACATCAAA	6.925754	-61.610390	0	T:859.0(21.78%),B:6859.7(15.27%),P:1e-26	Tpos:282.9,Tstd:223.8,Bpos:238.1,Bstd:142.5,StrandBias:-0.0,Multiplicity:1.21
0.934	0.015	0.050	0.001
0.001	0.840	0.158	0.001
0.756	0.001	0.011	0.232
0.083	0.001	0.001	0.915
0.056	0.893	0.021	0.030
0.997	0.001	0.001	0.001
0.869	0.054	0.076	0.001
0.920	0.001	0.042	0.037
>GGCGGTTT	9-GGCGGTTT	7.086767	-53.310805	0	T:460.0(11.66%),B:3233.5(7.20%),P:1e-23	Tpos:311.3,Tstd:284.8,Bpos:239.1,Bstd:150.6,StrandBias:0.0,Multiplicity:1.09
0.099	0.001	0.899	0.001
0.050	0.017	0.932	0.001
0.001	0.915	0.001	0.083
0.001	0.001	0.912	0.086
0.001	0.001	0.951	0.047
0.001	0.001	0.106	0.892
0.034	0.039	0.200	0.727
0.015	0.051	0.029	0.905
>AGAKGAAA	10-AGAKGAAA	8.283492	-49.412519	0	T:549.0(13.92%),B:4128.7(9.19%),P:1e-21	Tpos:312.9,Tstd:276.9,Bpos:238.0,Bstd:141.1,StrandBias:0.1,Multiplicity:1.12
0.783	0.065	0.080	0.072
0.009	0.046	0.931	0.014
0.495	0.215	0.051	0.239
0.001	0.108	0.474	0.416
0.031	0.070	0.832	0.067
0.997	0.001	0.001	0.001
0.983	0.001	0.001	0.015
0.997	0.001	0.001	0.001
>RCTTTDAA	11-RCTTTDAA	7.001101	-43.684635	0	T:961.0(24.37%),B:8346.4(18.58%),P:1e-18	Tpos:292.4,Tstd:250.2,Bpos:236.2,Bstd:147.7,StrandBias:-0.0,Multiplicity:1.21
0.330	0.131	0.431	0.109
0.001	0.873	0.002	0.124
0.001	0.001	0.001	0.997
0.001	0.001	0.001	0.997
0.131	0.106	0.001	0.762
0.374	0.068	0.267	0.291
0.867	0.066	0.066	0.001
0.997	0.001	0.001	0.001
>CACGTGAC	12-CACGTGAC	7.178236	-40.196076	0	T:274.0(6.95%),B:1790.7(3.99%),P:1e-17	Tpos:292.1,Tstd:267.8,Bpos:239.3,Bstd:155.0,StrandBias:0.1,Multiplicity:1.05
0.118	0.832	0.001	0.049
0.997	0.001	0.001	0.001
0.001	0.997	0.001	0.001
0.001	0.001	0.997	0.001
0.001	0.001	0.001	0.997
0.001	0.001	0.997	0.001
0.798	0.001	0.001	0.200
0.001	0.772	0.105	0.122
>GCTAGCAG	13-GCTAGCAG	6.873536	-38.963598	0	T:720.0(18.26%),B:6036.7(13.44%),P:1e-16	Tpos:303.6,Tstd:262.8,Bpos:239.1,Bstd:147.1,StrandBias:0.1,Multiplicity:1.16
0.157	0.027	0.815	0.001
0.001	0.945	0.053	0.001
0.001	0.001	0.055	0.943
0.860	0.078	0.001	0.061
0.001	0.001	0.997	0.001
0.036	0.805	0.096	0.063
0.795	0.025	0.038	0.142
0.001	0.037	0.895	0.067
>TCTAGTGG	14-TCTAGTGG	7.609714	-36.796263	0	T:388.0(9.84%),B:2872.4(6.39%),P:1e-15	Tpos:303.1,Tstd:274.7,Bpos:241.7,Bstd:141.1,StrandBias:-0.1,Multiplicity:1.07
0.001	0.220	0.001	0.778
0.001	0.997	0.001	0.001
0.001	0.001	0.001	0.997
0.816	0.001	0.001	0.182
0.001	0.001	0.997	0.001
0.001	0.066	0.001	0.932
0.001	0.001	0.835	0.163
0.001	0.001	0.997	0.001
>DGCGTWGN	15-DGCGTWGN	6.076699	-34.992312	0	T:1241.0(31.47%),B:11575.8(25.77%),P:1e-15	Tpos:339.4,Tstd:281.7,Bpos:237.3,Bstd:154.8,StrandBias:0.0,Multiplicity:1.59
0.283	0.001	0.303	0.413
0.001	0.001	0.997	0.001
0.001	0.731	0.267	0.001
0.001	0.001	0.997	0.001
0.001	0.343	0.001	0.655
0.371	0.083	0.216	0.331
0.001	0.001	0.989	0.009
0.275	0.234	0.231	0.260
>ATCATCCG	16-ATCATCCG	8.200000	-31.500778	0	T:178.0(4.51%),B:1094.4(2.44%),P:1e-13	Tpos:311.9,Tstd:284.6,Bpos:239.2,Bstd:148.5,StrandBias:-0.2,Multiplicity:1.02
0.750	0.001	0.001	0.248
0.001	0.001	0.343	0.655
0.001	0.997	0.001	0.001
0.997	0.001	0.001	0.001
0.335	0.001	0.001	0.663
0.001	0.997	0.001	0.001
0.001	0.997	0.001	0.001
0.001	0.001	0.997	0.001
