>RRACAGGAAGTG	1-RRACAGGAAGTG	8.238626	-359.319076	0	T:908.0(23.02%),B:3973.3(8.84%),P:1e-156	Tpos:286.3,Tstd:223.3,Bpos:235.6,Bstd:139.3,StrandBias:-0.0,Multiplicity:1.17
0.382	0.202	0.243	0.173
0.321	0.186	0.378	0.114
0.764	0.001	0.234	0.001
0.006	0.920	0.073	0.001
0.993	0.005	0.001	0.001
0.001	0.001	0.997	0.001
0.001	0.004	0.994	0.001
0.997	0.001	0.001	0.001
0.746	0.001	0.001	0.252
0.270	0.008	0.721	0.001
0.046	0.226	0.006	0.722
0.220	0.165	0.469	0.146
>CCACYAGGGGGC	2-CCACYAGGGGGC	10.374724	-220.221354	0	T:251.0(6.36%),B:549.9(1.22%),P:1e-95	Tpos:267.0,Tstd:195.2,Bpos:232.2,Bstd:142.7,StrandBias:-0.1,Multiplicity:1.03
0.072	0.926	0.001	0.001
0.001	0.997	0.001	0.001
0.874	0.001	0.044	0.081
0.001	0.685	0.313	0.001
0.208	0.328	0.033	0.430
0.876	0.001	0.011	0.112
0.001	0.001	0.989	0.009
0.402	0.001	0.596	0.001
0.001	0.019	0.576	0.404
0.001	0.001	0.997	0.001
0.053	0.014	0.774	0.159
0.185	0.758	0.019	0.038
>BNCTTCCTGTDS	3-BNCTTCCTGTDS	8.893665	-144.404340	0	T:453.0(11.49%),B:2157.7(4.80%),P:1e-62	Tpos:276.8,Tstd:206.8,Bpos:232.8,Bstd:134.5,StrandBias:0.0,Multiplicity:1.04
0.078	0.295	0.285	0.342
0.298	0.179	0.267	0.256
0.001	0.911	0.001	0.087
0.001	0.023	0.058	0.918
0.021	0.001	0.150	0.828
0.042	0.956	0.001	0.001
0.010	0.943	0.046	0.001
0.001	0.125	0.302	0.572
0.111	0.001	0.887	0.001
0.005	0.002	0.001	0.992
0.271	0.166	0.227	0.336
0.193	0.258	0.391	0.158
>NNDDMTGASTCA	4-NNDDMTGASTCA	8.512179	-125.934720	0	T:469.0(11.89%),B:2432.7(5.41%),P:1e-54	Tpos:289.9,Tstd:263.4,Bpos:240.3,Bstd:134.9,StrandBias:-0.1,Multiplicity:1.12
0.320	0.257	0.220	0.203
0.329	0.185	0.264	0.222
0.268	0.122	0.310	0.300
0.227	0.152	0.355	0.266
0.396	0.303	0.227	0.075
0.001	0.001	0.001	0.997
0.001	0.001	0.994	0.004
0.994	0.001	0.001	0.004
0.001	0.477	0.521	0.001
0.001	0.001	0.009	0.989
0.001	0.997	0.001	0.001
0.997	0.001	0.001	0.001
>DGKGGGYGGGGC	5-DGKGGGYGGGGC	7.950061	-124.712071	0	T:1229.0(31.16%),B:9253.0(20.60%),P:1e-54	Tpos:330.5,Tstd:286.1,Bpos:238.6,Bstd:143.9,StrandBias:0.0,Multiplicity:1.65
0.234	0.137	0.325	0.305
0.183	0.158	0.581	0.078
0.209	0.044	0.418	0.329
0.216	0.001	0.782	0.001
0.002	0.001	0.996	0.001
0.032	0.002	0.955	0.011
0.263	0.440	0.002	0.296
0.017	0.001	0.777	0.205
0.010	0.001	0.804	0.185
0.280	0.004	0.525	0.191
0.168	0.086	0.600	0.146
0.209	0.455	0.131	0.206
>GCTTCCTGTCTG	6-GCTTCCTGTCTG	7.438965	-86.955149	0	T:1297.0(32.89%),B:10685.7(23.78%),P:1e-37	Tpos:296.9,Tstd:264.3,Bpos:239.4,Bstd:140.1,StrandBias:0.2,Multiplicity:1.22
0.078	0.198	0.677	0.047
0.021	0.516	0.187	0.276
0.067	0.140	0.001	0.792
0.001	0.036	0.066	0.897
0.043	0.637	0.260	0.060
0.119	0.806	0.001	0.074
0.050	0.001	0.001	0.948
0.025	0.262	0.508	0.205
0.029	0.140	0.147	0.684
0.001	0.657	0.187	0.155
0.105	0.001	0.001	0.893
0.040	0.190	0.593	0.177
>GTGATTTGCATA	7-GTGATTTGCATA	10.287698	-61.014584	0	T:60.0(1.52%),B:113.3(0.25%),P:1e-26	Tpos:281.4,Tstd:208.5,Bpos:239.7,Bstd:149.8,StrandBias:0.1,Multiplicity:1.02
0.105	0.105	0.727	0.063
0.104	0.001	0.001	0.894
0.105	0.045	0.745	0.105
0.997	0.001	0.001	0.001
0.001	0.001	0.001	0.997
0.001	0.001	0.001	0.997
0.001	0.001	0.001	0.997
0.001	0.001	0.997	0.001
0.104	0.894	0.001	0.001
0.789	0.105	0.105	0.001
0.001	0.001	0.001	0.997
0.997	0.001	0.001	0.001
>AAYAGGAAATGA	8-AAYAGGAAATGA	8.991639	-51.703801	0	T:335.0(8.49%),B:2152.6(4.79%),P:1e-22	Tpos:275.8,Tstd:237.5,Bpos:238.1,Bstd:139.6,StrandBias:-0.1,Multiplicity:1.03
0.842	0.133	0.001	0.024
0.852	0.001	0.122	0.025
0.193	0.373	0.207	0.226
0.768	0.001	0.001	0.230
0.001	0.001	0.805	0.193
0.098	0.167	0.574	0.161
0.997	0.001	0.001	0.001
0.907	0.001	0.091	0.001
0.867	0.131	0.001	0.001
0.059	0.001	0.190	0.750
0.161	0.125	0.613	0.101
0.935	0.063	0.001	0.001
>ACATCAAAGGCA	9-ACATCAAAGGCA	7.129575	-51.199670	0	T:448.0(11.36%),B:3161.0(7.04%),P:1e-22	Tpos:280.3,Tstd:218.1,Bpos:238.5,Bstd:138.9,StrandBias:0.2,Multiplicity:1.10
0.550	0.119	0.128	0.203
0.177	0.552	0.170	0.101
0.585	0.110	0.050	0.255
0.202	0.125	0.124	0.549
0.143	0.612	0.159	0.086
0.845	0.064	0.006	0.085
0.542	0.082	0.334	0.042
0.753	0.050	0.138	0.059
0.153	0.092	0.628	0.127
0.211	0.124	0.468	0.196
0.211	0.539	0.131	0.119
0.565	0.178	0.066	0.191
>GTTGCCATGGCA	10-GTTGCCATGGCA	9.097618	-49.617512	0	T:167.0(4.23%),B:821.0(1.83%),P:1e-21	Tpos:266.7,Tstd:227.3,Bpos:248.1,Bstd:138.7,StrandBias:0.1,Multiplicity:1.02
0.025	0.013	0.961	0.001
0.021	0.049	0.016	0.914
0.113	0.113	0.038	0.736
0.243	0.057	0.495	0.205
0.078	0.840	0.024	0.058
0.028	0.818	0.013	0.141
0.735	0.141	0.013	0.111
0.149	0.013	0.174	0.664
0.057	0.001	0.935	0.007
0.130	0.068	0.711	0.091
0.279	0.551	0.006	0.164
0.801	0.023	0.163	0.013
>GTGGGHAGGGCC	11-GTGGGHAGGGCC	7.159232	-49.144033	0	T:1139.0(28.88%),B:10025.3(22.31%),P:1e-21	Tpos:323.8,Tstd:281.1,Bpos:240.3,Bstd:142.8,StrandBias:0.1,Multiplicity:1.21
0.011	0.111	0.841	0.037
0.097	0.164	0.289	0.451
0.066	0.027	0.858	0.049
0.051	0.042	0.862	0.045
0.036	0.030	0.877	0.057
0.300	0.245	0.129	0.326
0.444	0.032	0.270	0.255
0.038	0.060	0.679	0.223
0.326	0.024	0.610	0.040
0.055	0.044	0.850	0.051
0.031	0.877	0.042	0.050
0.220	0.602	0.016	0.162
>GGTTGTGGTTTT	12-GGTTGTGGTTTT	9.511741	-48.467903	0	T:165.0(4.18%),B:815.6(1.82%),P:1e-21	Tpos:281.9,Tstd:219.9,Bpos:234.4,Bstd:148.4,StrandBias:0.1,Multiplicity:1.07
0.089	0.059	0.796	0.056
0.115	0.051	0.746	0.088
0.086	0.032	0.057	0.825
0.104	0.050	0.077	0.769
0.001	0.079	0.863	0.057
0.005	0.001	0.009	0.985
0.047	0.029	0.819	0.105
0.045	0.036	0.806	0.113
0.001	0.039	0.036	0.924
0.054	0.036	0.044	0.866
0.044	0.081	0.069	0.806
0.013	0.104	0.084	0.799
>GGGGAAATCCCC	13-GGGGAAATCCCC	9.494530	-47.518045	0	T:118.0(2.99%),B:491.7(1.09%),P:1e-20	Tpos:305.9,Tstd:273.8,Bpos:235.5,Bstd:131.2,StrandBias:-0.2,Multiplicity:1.06
0.043	0.001	0.824	0.132
0.045	0.001	0.845	0.109
0.034	0.024	0.912	0.030
0.118	0.035	0.816	0.031
0.917	0.030	0.038	0.015
0.881	0.024	0.080	0.015
0.810	0.033	0.112	0.045
0.060	0.079	0.103	0.758
0.067	0.776	0.069	0.088
0.064	0.891	0.015	0.030
0.065	0.830	0.030	0.075
0.090	0.747	0.083	0.080
>CTATAGAGGGCG	14-CTATAGAGGGCG	9.608514	-46.441013	0	T:83.0(2.10%),B:277.0(0.62%),P:1e-20	Tpos:296.1,Tstd:292.0,Bpos:247.6,Bstd:142.8,StrandBias:0.7,Multiplicity:1.03
0.001	0.963	0.013	0.023
0.091	0.082	0.059	0.768
0.602	0.159	0.157	0.082
0.105	0.085	0.054	0.756
0.835	0.023	0.073	0.069
0.001	0.068	0.886	0.045
0.959	0.023	0.017	0.001
0.068	0.001	0.863	0.068
0.068	0.001	0.914	0.017
0.022	0.001	0.976	0.001
0.050	0.695	0.096	0.159
0.071	0.052	0.788	0.089
>GGAAACCGAAAC	15-GGAAACCGAAAC	9.416877	-37.528615	0	T:152.0(3.85%),B:817.7(1.82%),P:1e-16	Tpos:320.1,Tstd:260.5,Bpos:251.4,Bstd:144.5,StrandBias:0.5,Multiplicity:1.07
0.048	0.001	0.914	0.037
0.037	0.050	0.888	0.025
0.892	0.033	0.001	0.074
0.925	0.001	0.025	0.049
0.839	0.018	0.118	0.025
0.138	0.650	0.122	0.090
0.212	0.583	0.093	0.112
0.155	0.199	0.645	0.001
0.901	0.025	0.049	0.025
0.832	0.050	0.075	0.043
0.896	0.001	0.079	0.024
0.043	0.860	0.096	0.001
>TCTGACTTCAAA	16-TCTGACTTCAAA	8.813731	-36.988073	0	T:254.0(6.44%),B:1664.4(3.70%),P:1e-16	Tpos:281.7,Tstd:219.5,Bpos:233.4,Bstd:141.6,StrandBias:-0.1,Multiplicity:1.06
0.085	0.086	0.072	0.757
0.077	0.812	0.050	0.061
0.112	0.019	0.011	0.858
0.072	0.084	0.791	0.053
0.846	0.075	0.034	0.045
0.072	0.807	0.048	0.073
0.066	0.042	0.011	0.881
0.041	0.030	0.061	0.868
0.080	0.804	0.073	0.043
0.865	0.058	0.011	0.066
0.853	0.055	0.055	0.037
0.866	0.039	0.060	0.035
>GGCGGAAAAAAA	17-GGCGGAAAAAAA	8.532080	-34.774739	0	T:259.0(6.57%),B:1741.9(3.88%),P:1e-15	Tpos:322.8,Tstd:246.3,Bpos:238.4,Bstd:152.1,StrandBias:-0.3,Multiplicity:1.04
0.115	0.051	0.746	0.088
0.074	0.085	0.789	0.052
0.138	0.590	0.131	0.141
0.183	0.037	0.622	0.158
0.112	0.054	0.775	0.059
0.797	0.047	0.108	0.048
0.789	0.056	0.080	0.075
0.824	0.056	0.081	0.039
0.765	0.084	0.090	0.061
0.739	0.095	0.099	0.067
0.760	0.082	0.086	0.072
0.806	0.062	0.080	0.052
>TTGCTTGCAAGC	18-TTGCTTGCAAGC	10.624101	-28.861655	0	T:34.0(0.86%),B:82.0(0.18%),P:1e-12	Tpos:352.0,Tstd:320.4,Bpos:258.2,Bstd:152.9,StrandBias:0.6,Multiplicity:1.03
0.032	0.086	0.109	0.773
0.020	0.060	0.080	0.840
0.015	0.131	0.825	0.029
0.119	0.816	0.001	0.064
0.030	0.036	0.040	0.894
0.030	0.020	0.134	0.816
0.045	0.015	0.817	0.123
0.027	0.889	0.064	0.020
0.905	0.055	0.020	0.020
0.830	0.070	0.065	0.035
0.105	0.020	0.796	0.079
0.020	0.806	0.093	0.081
>GCAGACACCCCC	19-GCAGACACCCCC	12.154662	-28.618024	0	T:33.0(0.84%),B:78.0(0.17%),P:1e-12	Tpos:286.6,Tstd:276.8,Bpos:246.7,Bstd:140.4,StrandBias:1.0,Multiplicity:1.00
0.029	0.025	0.945	0.001
0.058	0.907	0.034	0.001
0.898	0.058	0.001	0.043
0.058	0.034	0.907	0.001
0.883	0.001	0.058	0.058
0.001	0.941	0.001	0.057
0.941	0.001	0.057	0.001
0.058	0.907	0.034	0.001
0.024	0.974	0.001	0.001
0.029	0.840	0.043	0.088
0.001	0.964	0.001	0.034
0.001	0.912	0.029	0.058
>CTTGTGTGGGCG	20-CTTGTGTGGGCG	12.706889	-27.954741	0	T:18.0(0.46%),B:20.5(0.05%),P:1e-12	Tpos:240.8,Tstd:224.5,Bpos:187.6,Bstd:100.9,StrandBias:0.5,Multiplicity:1.00
0.001	0.880	0.118	0.001
0.001	0.118	0.001	0.880
0.001	0.001	0.001	0.997
0.001	0.001	0.997	0.001
0.118	0.001	0.001	0.880
0.001	0.001	0.997	0.001
0.001	0.001	0.001	0.997
0.001	0.001	0.997	0.001
0.001	0.001	0.948	0.050
0.118	0.001	0.880	0.001
0.001	0.731	0.001	0.267
0.001	0.001	0.911	0.087
>TGCAGAGCACGA	21-TGCAGAGCACGA	11.545469	-25.198004	0	T:24.0(0.61%),B:46.4(0.10%),P:1e-10	Tpos:315.8,Tstd:284.1,Bpos:225.2,Bstd:138.8,StrandBias:1.6,Multiplicity:1.00
0.065	0.026	0.026	0.883
0.035	0.051	0.869	0.045
0.051	0.871	0.052	0.026
0.933	0.001	0.025	0.041
0.051	0.051	0.847	0.051
0.814	0.077	0.019	0.090
0.066	0.045	0.812	0.077
0.072	0.852	0.050	0.026
0.804	0.055	0.056	0.085
0.070	0.823	0.064	0.043
0.096	0.085	0.765	0.054
0.738	0.093	0.078	0.091
>TAGGTTGCTTTG	22-TAGGTTGCTTTG	12.056476	-23.882623	0	T:26.0(0.66%),B:58.1(0.13%),P:1e-10	Tpos:367.3,Tstd:321.9,Bpos:236.7,Bstd:117.1,StrandBias:-0.1,Multiplicity:1.00
0.090	0.001	0.359	0.550
0.730	0.001	0.090	0.179
0.001	0.001	0.997	0.001
0.001	0.089	0.909	0.001
0.001	0.001	0.001	0.997
0.090	0.001	0.090	0.819
0.001	0.279	0.641	0.079
0.001	0.651	0.156	0.192
0.001	0.001	0.001	0.997
0.001	0.001	0.001	0.997
0.001	0.001	0.001	0.997
0.001	0.001	0.997	0.001
>CTGCGCATGCGC	23-CTGCGCATGCGC	9.002812	-22.824432	0	T:176.0(4.46%),B:1202.1(2.68%),P:1e-9	Tpos:313.1,Tstd:245.2,Bpos:236.9,Bstd:164.1,StrandBias:0.0,Multiplicity:1.16
0.091	0.780	0.067	0.062
0.080	0.024	0.075	0.821
0.072	0.013	0.914	0.001
0.087	0.724	0.064	0.125
0.009	0.032	0.958	0.001
0.001	0.888	0.076	0.035
0.805	0.061	0.092	0.042
0.103	0.075	0.044	0.778
0.068	0.107	0.824	0.001
0.116	0.800	0.001	0.083
0.071	0.069	0.776	0.084
0.001	0.931	0.044	0.024
>AGTTGAAGAACA	24-AGTTGAAGAACA	14.621980	-20.861685	0	T:7.0(0.18%),B:2.9(0.01%),P:1e-9	Tpos:174.1,Tstd:154.0,Bpos:255.6,Bstd:96.3,StrandBias:1.3,Multiplicity:1.00
0.997	0.001	0.001	0.001
0.001	0.001	0.997	0.001
0.001	0.001	0.001	0.997
0.001	0.001	0.001	0.997
0.001	0.001	0.997	0.001
0.997	0.001	0.001	0.001
0.997	0.001	0.001	0.001
0.001	0.001	0.997	0.001
0.997	0.001	0.001	0.001
0.997	0.001	0.001	0.001
0.001	0.997	0.001	0.001
0.723	0.138	0.138	0.001
>TGCCTAGGGGTG	25-TGCCTAGGGGTG	15.686191	-12.473585	0	T:7.0(0.18%),B:7.2(0.02%),P:1e-5	Tpos:276.1,Tstd:467.5,Bpos:211.9,Bstd:146.5,StrandBias:-2.3,Multiplicity:2.00
0.001	0.001	0.001	0.997
0.001	0.001	0.997	0.001
0.001	0.598	0.400	0.001
0.001	0.997	0.001	0.001
0.001	0.001	0.001	0.997
0.997	0.001	0.001	0.001
0.001	0.001	0.997	0.001
0.001	0.001	0.997	0.001
0.001	0.001	0.997	0.001
0.001	0.001	0.997	0.001
0.001	0.001	0.001	0.997
0.001	0.001	0.997	0.001
