>ACAGGAAG	1-ACAGGAAG	7.133820	-252.441063	0	T:1313.0(33.29%),B:8263.9(18.39%),P:1e-109	Tpos:290.8,Tstd:231.2,Bpos:236.2,Bstd:140.6,StrandBias:-0.1,Multiplicity:1.27
0.894	0.001	0.104	0.001
0.001	0.997	0.001	0.001
0.963	0.035	0.001	0.001
0.001	0.001	0.997	0.001
0.001	0.001	0.997	0.001
0.997	0.001	0.001	0.001
0.863	0.001	0.001	0.135
0.224	0.001	0.774	0.001
>ACTTCCKY	2-ACTTCCKY	6.771493	-215.693338	0	T:1459.0(36.99%),B:10094.9(22.47%),P:1e-93	Tpos:301.8,Tstd:268.4,Bpos:239.2,Bstd:141.8,StrandBias:-0.0,Multiplicity:1.20
0.816	0.001	0.022	0.161
0.001	0.583	0.001	0.415
0.294	0.057	0.001	0.648
0.001	0.001	0.001	0.997
0.001	0.997	0.001	0.001
0.001	0.997	0.001	0.001
0.002	0.001	0.531	0.466
0.051	0.344	0.188	0.416
>ATGAGTCA	3-ATGAGTCA	5.901442	-128.314175	0	T:666.0(16.89%),B:4009.4(8.92%),P:1e-55	Tpos:291.2,Tstd:258.6,Bpos:240.3,Bstd:138.0,StrandBias:-0.1,Multiplicity:1.17
0.684	0.151	0.164	0.001
0.001	0.001	0.001	0.997
0.001	0.001	0.948	0.050
0.997	0.001	0.001	0.001
0.001	0.248	0.750	0.001
0.001	0.001	0.001	0.997
0.001	0.997	0.001	0.001
0.997	0.001	0.001	0.001
>TGTGGTTT	4-TGTGGTTT	6.605105	-101.758008	0	T:411.0(10.42%),B:2205.8(4.91%),P:1e-44	Tpos:305.9,Tstd:269.7,Bpos:237.7,Bstd:145.4,StrandBias:-0.2,Multiplicity:1.10
0.001	0.079	0.001	0.919
0.001	0.001	0.997	0.001
0.001	0.120	0.001	0.878
0.001	0.001	0.997	0.001
0.001	0.001	0.997	0.001
0.001	0.001	0.001	0.997
0.001	0.001	0.001	0.997
0.165	0.001	0.001	0.833
>GGGCGGAA	5-GGGCGGAA	7.347322	-83.281007	0	T:1203.0(30.50%),B:9810.1(21.84%),P:1e-36	Tpos:339.5,Tstd:302.2,Bpos:236.3,Bstd:148.4,StrandBias:0.0,Multiplicity:1.71
0.004	0.001	0.905	0.090
0.001	0.001	0.997	0.001
0.021	0.001	0.977	0.001
0.332	0.546	0.004	0.118
0.001	0.001	0.940	0.058
0.116	0.001	0.733	0.150
0.699	0.001	0.193	0.107
0.521	0.001	0.370	0.108
>GGGGGTGG	6-GGGGGTGG	6.583360	-80.784753	0	T:1380.0(34.99%),B:11686.4(26.01%),P:1e-35	Tpos:344.3,Tstd:318.7,Bpos:237.9,Bstd:142.9,StrandBias:0.1,Multiplicity:1.50
0.001	0.001	0.997	0.001
0.001	0.108	0.706	0.185
0.001	0.001	0.997	0.001
0.001	0.001	0.997	0.001
0.001	0.001	0.997	0.001
0.130	0.001	0.001	0.868
0.044	0.001	0.856	0.099
0.001	0.001	0.929	0.069
>DTTTCCAT	7-DTTTCCAT	7.819828	-77.909666	0	T:618.0(15.67%),B:4264.8(9.49%),P:1e-33	Tpos:285.2,Tstd:222.4,Bpos:239.7,Bstd:138.5,StrandBias:-0.2,Multiplicity:1.13
0.412	0.001	0.297	0.290
0.001	0.001	0.001	0.997
0.172	0.001	0.001	0.826
0.001	0.025	0.079	0.895
0.001	0.700	0.298	0.001
0.001	0.997	0.001	0.001
0.781	0.001	0.217	0.001
0.172	0.001	0.001	0.826
>ACATCAAA	8-ACATCAAA	6.925754	-61.610390	0	T:859.0(21.78%),B:6859.7(15.27%),P:1e-26	Tpos:282.9,Tstd:223.8,Bpos:238.1,Bstd:142.5,StrandBias:-0.0,Multiplicity:1.21
0.934	0.015	0.050	0.001
0.001	0.840	0.158	0.001
0.756	0.001	0.011	0.232
0.083	0.001	0.001	0.915
0.056	0.893	0.021	0.030
0.997	0.001	0.001	0.001
0.869	0.054	0.076	0.001
0.920	0.001	0.042	0.037
>GGCGGTTT	9-GGCGGTTT	7.086767	-53.310805	0	T:460.0(11.66%),B:3233.5(7.20%),P:1e-23	Tpos:311.3,Tstd:284.8,Bpos:239.1,Bstd:150.6,StrandBias:0.0,Multiplicity:1.09
0.099	0.001	0.899	0.001
0.050	0.017	0.932	0.001
0.001	0.915	0.001	0.083
0.001	0.001	0.912	0.086
0.001	0.001	0.951	0.047
0.001	0.001	0.106	0.892
0.034	0.039	0.200	0.727
0.015	0.051	0.029	0.905
>AGAKGAAA	10-AGAKGAAA	8.283492	-49.412519	0	T:549.0(13.92%),B:4128.7(9.19%),P:1e-21	Tpos:312.9,Tstd:276.9,Bpos:238.0,Bstd:141.1,StrandBias:0.1,Multiplicity:1.12
0.783	0.065	0.080	0.072
0.009	0.046	0.931	0.014
0.495	0.215	0.051	0.239
0.001	0.108	0.474	0.416
0.031	0.070	0.832	0.067
0.997	0.001	0.001	0.001
0.983	0.001	0.001	0.015
0.997	0.001	0.001	0.001
>RCTTTDAA	11-RCTTTDAA	7.001101	-43.684635	0	T:961.0(24.37%),B:8346.4(18.58%),P:1e-18	Tpos:292.4,Tstd:250.2,Bpos:236.2,Bstd:147.7,StrandBias:-0.0,Multiplicity:1.21
0.330	0.131	0.431	0.109
0.001	0.873	0.002	0.124
0.001	0.001	0.001	0.997
0.001	0.001	0.001	0.997
0.131	0.106	0.001	0.762
0.374	0.068	0.267	0.291
0.867	0.066	0.066	0.001
0.997	0.001	0.001	0.001
>CACGTGAC	12-CACGTGAC	7.178236	-40.196076	0	T:274.0(6.95%),B:1790.7(3.99%),P:1e-17	Tpos:292.1,Tstd:267.8,Bpos:239.3,Bstd:155.0,StrandBias:0.1,Multiplicity:1.05
0.118	0.832	0.001	0.049
0.997	0.001	0.001	0.001
0.001	0.997	0.001	0.001
0.001	0.001	0.997	0.001
0.001	0.001	0.001	0.997
0.001	0.001	0.997	0.001
0.798	0.001	0.001	0.200
0.001	0.772	0.105	0.122
>GCTAGCAG	13-GCTAGCAG	6.873536	-38.963598	0	T:720.0(18.26%),B:6036.7(13.44%),P:1e-16	Tpos:303.6,Tstd:262.8,Bpos:239.1,Bstd:147.1,StrandBias:0.1,Multiplicity:1.16
0.157	0.027	0.815	0.001
0.001	0.945	0.053	0.001
0.001	0.001	0.055	0.943
0.860	0.078	0.001	0.061
0.001	0.001	0.997	0.001
0.036	0.805	0.096	0.063
0.795	0.025	0.038	0.142
0.001	0.037	0.895	0.067
>TCTAGTGG	14-TCTAGTGG	7.609714	-36.796263	0	T:388.0(9.84%),B:2872.4(6.39%),P:1e-15	Tpos:303.1,Tstd:274.7,Bpos:241.7,Bstd:141.1,StrandBias:-0.1,Multiplicity:1.07
0.001	0.220	0.001	0.778
0.001	0.997	0.001	0.001
0.001	0.001	0.001	0.997
0.816	0.001	0.001	0.182
0.001	0.001	0.997	0.001
0.001	0.066	0.001	0.932
0.001	0.001	0.835	0.163
0.001	0.001	0.997	0.001
>DGCGTWGN	15-DGCGTWGN	6.076699	-34.992312	0	T:1241.0(31.47%),B:11575.8(25.77%),P:1e-15	Tpos:339.4,Tstd:281.7,Bpos:237.3,Bstd:154.8,StrandBias:0.0,Multiplicity:1.59
0.283	0.001	0.303	0.413
0.001	0.001	0.997	0.001
0.001	0.731	0.267	0.001
0.001	0.001	0.997	0.001
0.001	0.343	0.001	0.655
0.371	0.083	0.216	0.331
0.001	0.001	0.989	0.009
0.275	0.234	0.231	0.260
>ATCATCCG	16-ATCATCCG	8.200000	-31.500778	0	T:178.0(4.51%),B:1094.4(2.44%),P:1e-13	Tpos:311.9,Tstd:284.6,Bpos:239.2,Bstd:148.5,StrandBias:-0.2,Multiplicity:1.02
0.750	0.001	0.001	0.248
0.001	0.001	0.343	0.655
0.001	0.997	0.001	0.001
0.997	0.001	0.001	0.001
0.335	0.001	0.001	0.663
0.001	0.997	0.001	0.001
0.001	0.997	0.001	0.001
0.001	0.001	0.997	0.001
