>ACAGGAAGTG	1-ACAGGAAGTG	7.727402	-812.321024	0	T:1515.0(41.47%),B:6408.4(14.17%),P:1e-352	Tpos:273.9,Tstd:176.1,Bpos:244.7,Bstd:144.4,StrandBias:0.1,Multiplicity:1.33
0.606	0.051	0.244	0.099
0.123	0.683	0.179	0.015
0.909	0.066	0.024	0.001
0.007	0.008	0.971	0.014
0.008	0.014	0.970	0.008
0.986	0.001	0.009	0.004
0.689	0.011	0.001	0.299
0.162	0.008	0.829	0.001
0.017	0.170	0.094	0.719
0.143	0.132	0.638	0.087
>TGTGGTTTNN	2-TGTGGTTTNN	7.032958	-753.799537	0	T:1665.0(45.58%),B:8022.9(17.74%),P:1e-327	Tpos:277.4,Tstd:184.7,Bpos:243.3,Bstd:154.0,StrandBias:-0.0,Multiplicity:1.34
0.038	0.017	0.024	0.921
0.034	0.020	0.932	0.014
0.078	0.016	0.021	0.885
0.001	0.001	0.996	0.002
0.001	0.001	0.997	0.001
0.001	0.112	0.060	0.827
0.001	0.099	0.037	0.863
0.206	0.061	0.155	0.578
0.317	0.206	0.225	0.252
0.204	0.274	0.268	0.253
>TTGTGGTTWB	3-TTGTGGTTWB	6.143869	-549.695196	0	T:2207.0(60.42%),B:15205.3(33.63%),P:1e-238	Tpos:277.0,Tstd:194.6,Bpos:244.8,Bstd:155.6,StrandBias:0.0,Multiplicity:1.31
0.163	0.276	0.131	0.430
0.136	0.056	0.070	0.738
0.038	0.068	0.797	0.097
0.014	0.084	0.003	0.899
0.018	0.041	0.767	0.174
0.031	0.032	0.885	0.052
0.020	0.167	0.091	0.722
0.100	0.169	0.138	0.593
0.339	0.027	0.220	0.414
0.186	0.352	0.242	0.220
>ACAGGAARYN	4-ACAGGAARYN	7.376714	-526.384901	0	T:2120.0(58.03%),B:14466.8(31.99%),P:1e-228	Tpos:285.8,Tstd:209.3,Bpos:244.7,Bstd:144.7,StrandBias:0.1,Multiplicity:1.27
0.423	0.184	0.238	0.155
0.181	0.544	0.274	0.001
0.936	0.056	0.001	0.007
0.001	0.001	0.997	0.001
0.001	0.046	0.952	0.001
0.997	0.001	0.001	0.001
0.820	0.001	0.001	0.178
0.501	0.001	0.497	0.001
0.135	0.384	0.106	0.375
0.310	0.210	0.288	0.192
>KMBACTTCCG	5-KMBACTTCCG	6.240683	-423.297688	0	T:1344.0(36.79%),B:7593.1(16.79%),P:1e-183	Tpos:284.7,Tstd:205.1,Bpos:248.1,Bstd:151.6,StrandBias:-0.1,Multiplicity:1.24
0.120	0.214	0.403	0.262
0.329	0.420	0.003	0.247
0.091	0.365	0.283	0.261
0.548	0.118	0.163	0.171
0.001	0.884	0.014	0.101
0.368	0.001	0.088	0.543
0.008	0.149	0.001	0.842
0.067	0.931	0.001	0.001
0.001	0.997	0.001	0.001
0.001	0.031	0.816	0.152
>RAGGTGTGAA	6-RAGGTGTGAA	6.830470	-279.755007	0	T:1208.0(33.07%),B:7705.8(17.04%),P:1e-121	Tpos:278.8,Tstd:199.4,Bpos:246.9,Bstd:151.9,StrandBias:-0.1,Multiplicity:1.25
0.331	0.042	0.405	0.222
0.700	0.009	0.162	0.129
0.178	0.086	0.665	0.071
0.001	0.079	0.912	0.008
0.001	0.067	0.001	0.931
0.018	0.016	0.909	0.057
0.261	0.090	0.020	0.629
0.022	0.062	0.772	0.144
0.918	0.001	0.039	0.042
0.519	0.345	0.064	0.072
>WGGGYGKGGC	7-WGGGYGKGGC	6.818162	-242.659354	0	T:1384.0(37.89%),B:9902.2(21.90%),P:1e-105	Tpos:291.0,Tstd:210.4,Bpos:243.0,Bstd:149.2,StrandBias:-0.0,Multiplicity:1.50
0.407	0.069	0.208	0.315
0.224	0.001	0.730	0.045
0.011	0.001	0.941	0.047
0.040	0.037	0.882	0.041
0.142	0.398	0.001	0.459
0.118	0.001	0.815	0.066
0.151	0.003	0.433	0.413
0.343	0.081	0.527	0.049
0.180	0.054	0.592	0.174
0.181	0.464	0.127	0.228
>DVTGASTCAB	8-DVTGASTCAB	7.007950	-145.582616	0	T:782.0(21.41%),B:5238.0(11.58%),P:1e-63	Tpos:300.7,Tstd:217.2,Bpos:243.1,Bstd:146.7,StrandBias:0.0,Multiplicity:1.17
0.248	0.142	0.304	0.305
0.362	0.242	0.241	0.156
0.020	0.022	0.028	0.930
0.001	0.018	0.930	0.051
0.879	0.001	0.006	0.114
0.018	0.482	0.448	0.052
0.012	0.008	0.001	0.979
0.226	0.764	0.001	0.009
0.980	0.001	0.018	0.001
0.063	0.275	0.301	0.361
>WAACCGCAGW	9-WAACCGCAGW	7.085393	-129.656250	0	T:503.0(13.77%),B:2903.0(6.42%),P:1e-56	Tpos:280.1,Tstd:195.7,Bpos:245.5,Bstd:152.0,StrandBias:0.0,Multiplicity:1.06
0.422	0.136	0.015	0.426
0.629	0.026	0.262	0.083
0.863	0.019	0.109	0.009
0.014	0.938	0.015	0.033
0.043	0.922	0.003	0.032
0.001	0.052	0.857	0.090
0.024	0.879	0.013	0.084
0.820	0.052	0.048	0.080
0.017	0.052	0.845	0.086
0.351	0.179	0.173	0.297
>GAAACCGAAA	10-GAAACCGAAA	6.489762	-89.933326	0	T:363.0(9.94%),B:2116.7(4.68%),P:1e-39	Tpos:275.3,Tstd:201.8,Bpos:237.8,Bstd:150.4,StrandBias:-0.0,Multiplicity:1.11
0.234	0.218	0.444	0.104
0.543	0.040	0.223	0.194
0.685	0.051	0.104	0.160
0.557	0.102	0.267	0.074
0.170	0.575	0.209	0.046
0.131	0.428	0.187	0.254
0.164	0.035	0.722	0.079
0.478	0.092	0.255	0.175
0.727	0.131	0.062	0.080
0.677	0.097	0.187	0.039
>GAAACCACYY	11-GAAACCACYY	8.233359	-83.991704	0	T:393.0(10.76%),B:2442.9(5.40%),P:1e-36	Tpos:283.8,Tstd:202.0,Bpos:244.2,Bstd:150.4,StrandBias:0.2,Multiplicity:1.04
0.161	0.266	0.481	0.092
0.997	0.001	0.001	0.001
0.975	0.023	0.001	0.001
0.997	0.001	0.001	0.001
0.001	0.997	0.001	0.001
0.001	0.997	0.001	0.001
0.726	0.001	0.272	0.001
0.177	0.713	0.109	0.001
0.001	0.516	0.001	0.482
0.140	0.314	0.197	0.349
>GATGTGGTAG	12-GATGTGGTAG	10.014351	-61.215904	0	T:110.0(3.01%),B:398.4(0.88%),P:1e-26	Tpos:363.2,Tstd:253.8,Bpos:233.1,Bstd:149.5,StrandBias:0.8,Multiplicity:1.35
0.001	0.001	0.997	0.001
0.997	0.001	0.001	0.001
0.001	0.001	0.001	0.997
0.001	0.001	0.966	0.032
0.001	0.038	0.001	0.960
0.001	0.001	0.997	0.001
0.067	0.001	0.779	0.153
0.001	0.001	0.001	0.997
0.544	0.071	0.384	0.001
0.166	0.001	0.640	0.193
>ATTCTGACAC	13-ATTCTGACAC	9.394668	-45.263600	0	T:111.0(3.04%),B:499.9(1.11%),P:1e-19	Tpos:297.3,Tstd:210.6,Bpos:248.9,Bstd:149.5,StrandBias:0.1,Multiplicity:1.00
0.943	0.001	0.001	0.055
0.066	0.001	0.138	0.795
0.001	0.001	0.001	0.997
0.173	0.825	0.001	0.001
0.001	0.001	0.001	0.997
0.118	0.004	0.753	0.125
0.886	0.001	0.001	0.112
0.001	0.861	0.137	0.001
0.940	0.001	0.058	0.001
0.001	0.949	0.049	0.001
>TGTGATTGGC	14-TGTGATTGGC	9.107288	-41.229962	0	T:124.0(3.39%),B:627.1(1.39%),P:1e-17	Tpos:279.4,Tstd:166.2,Bpos:240.1,Bstd:145.7,StrandBias:-0.1,Multiplicity:1.09
0.123	0.307	0.058	0.512
0.001	0.204	0.548	0.247
0.001	0.078	0.001	0.920
0.001	0.001	0.997	0.001
0.997	0.001	0.001	0.001
0.001	0.001	0.001	0.997
0.001	0.001	0.001	0.997
0.001	0.001	0.997	0.001
0.001	0.001	0.997	0.001
0.001	0.888	0.001	0.110
>GCCRCAWTGA	15-GCCRCAWTGA	11.047168	-33.302719	0	T:34.0(0.93%),B:75.2(0.17%),P:1e-14	Tpos:296.8,Tstd:161.0,Bpos:256.1,Bstd:149.5,StrandBias:-0.8,Multiplicity:1.00
0.001	0.001	0.997	0.001
0.001	0.997	0.001	0.001
0.001	0.791	0.207	0.001
0.348	0.225	0.426	0.001
0.001	0.997	0.001	0.001
0.997	0.001	0.001	0.001
0.451	0.001	0.001	0.547
0.018	0.001	0.001	0.980
0.001	0.001	0.997	0.001
0.590	0.001	0.408	0.001
>GCTATTTTTA	16-GCTATTTTTA	9.748721	-32.839171	0	T:93.0(2.55%),B:458.3(1.01%),P:1e-14	Tpos:336.5,Tstd:218.3,Bpos:255.4,Bstd:138.6,StrandBias:0.1,Multiplicity:1.03
0.054	0.001	0.944	0.001
0.097	0.814	0.088	0.001
0.001	0.022	0.001	0.976
0.932	0.050	0.001	0.017
0.077	0.001	0.043	0.879
0.001	0.001	0.008	0.990
0.001	0.065	0.011	0.923
0.022	0.001	0.001	0.976
0.110	0.012	0.001	0.877
0.870	0.034	0.095	0.001
>CGTGACGTCA	17-CGTGACGTCA	8.027437	-32.175205	0	T:119.0(3.26%),B:670.1(1.48%),P:1e-13	Tpos:286.5,Tstd:177.7,Bpos:239.6,Bstd:151.6,StrandBias:0.0,Multiplicity:1.04
0.152	0.648	0.104	0.096
0.168	0.019	0.776	0.037
0.132	0.080	0.017	0.771
0.074	0.021	0.829	0.076
0.903	0.029	0.022	0.046
0.032	0.865	0.062	0.041
0.132	0.072	0.753	0.043
0.063	0.049	0.096	0.792
0.046	0.823	0.098	0.033
0.849	0.038	0.035	0.078
>CCAATCCRCK	18-CCAATCCRCK	11.276038	-26.022369	0	T:24.0(0.66%),B:48.0(0.11%),P:1e-11	Tpos:316.0,Tstd:108.9,Bpos:257.5,Bstd:158.7,StrandBias:1.6,Multiplicity:1.00
0.001	0.997	0.001	0.001
0.001	0.997	0.001	0.001
0.603	0.001	0.001	0.395
0.617	0.001	0.001	0.381
0.001	0.001	0.009	0.989
0.001	0.997	0.001	0.001
0.001	0.997	0.001	0.001
0.429	0.001	0.569	0.001
0.001	0.997	0.001	0.001
0.001	0.001	0.441	0.557
>AAGCCTTGCA	19-AAGCCTTGCA	10.296193	-23.789003	0	T:23.0(0.63%),B:49.4(0.11%),P:1e-10	Tpos:353.8,Tstd:107.2,Bpos:247.8,Bstd:151.3,StrandBias:2.2,Multiplicity:1.00
0.700	0.100	0.100	0.100
0.700	0.100	0.100	0.100
0.100	0.100	0.700	0.100
0.100	0.700	0.100	0.100
0.100	0.700	0.100	0.100
0.100	0.100	0.100	0.700
0.100	0.100	0.100	0.700
0.100	0.100	0.700	0.100
0.100	0.700	0.100	0.100
0.700	0.100	0.100	0.100
>ATCTGAGGAC	20-ATCTGAGGAC	11.036482	-22.876642	0	T:41.0(1.12%),B:154.3(0.34%),P:1e-9	Tpos:272.1,Tstd:157.6,Bpos:228.9,Bstd:139.8,StrandBias:-1.3,Multiplicity:1.00
0.997	0.001	0.001	0.001
0.001	0.001	0.001	0.997
0.001	0.997	0.001	0.001
0.076	0.001	0.001	0.922
0.001	0.001	0.997	0.001
0.920	0.078	0.001	0.001
0.133	0.001	0.865	0.001
0.001	0.001	0.997	0.001
0.997	0.001	0.001	0.001
0.001	0.997	0.001	0.001
>TCCGTGAAGA	21-TCCGTGAAGA	11.307084	-21.859103	0	T:38.0(1.04%),B:140.7(0.31%),P:1e-9	Tpos:313.1,Tstd:177.8,Bpos:254.5,Bstd:150.6,StrandBias:-0.4,Multiplicity:1.00
0.001	0.001	0.205	0.793
0.001	0.736	0.262	0.001
0.258	0.740	0.001	0.001
0.001	0.001	0.997	0.001
0.001	0.001	0.001	0.997
0.001	0.001	0.997	0.001
0.997	0.001	0.001	0.001
0.997	0.001	0.001	0.001
0.001	0.001	0.997	0.001
0.733	0.001	0.183	0.083
>GTGTCTTGCA	22-GTGTCTTGCA	11.117801	-21.385492	0	T:21.0(0.57%),B:46.6(0.10%),P:1e-9	Tpos:219.0,Tstd:126.4,Bpos:230.7,Bstd:151.9,StrandBias:3.2,Multiplicity:1.00
0.001	0.001	0.997	0.001
0.001	0.001	0.001	0.997
0.001	0.001	0.997	0.001
0.001	0.001	0.001	0.997
0.001	0.997	0.001	0.001
0.001	0.001	0.001	0.997
0.001	0.066	0.001	0.932
0.001	0.001	0.997	0.001
0.001	0.997	0.001	0.001
0.997	0.001	0.001	0.001
>GTAGGCTGTG	23-GTAGGCTGTG	13.745977	-20.951227	0	T:24.0(0.66%),B:63.0(0.14%),P:1e-9	Tpos:263.3,Tstd:105.5,Bpos:258.7,Bstd:135.1,StrandBias:2.3,Multiplicity:1.00
0.001	0.001	0.997	0.001
0.001	0.001	0.001	0.997
0.997	0.001	0.001	0.001
0.001	0.001	0.997	0.001
0.001	0.001	0.997	0.001
0.001	0.914	0.001	0.084
0.001	0.001	0.001	0.997
0.001	0.001	0.997	0.001
0.001	0.001	0.001	0.997
0.001	0.001	0.997	0.001
>TTCAAGGGCA	24-TTCAAGGGCA	10.296193	-20.281150	0	T:23.0(0.63%),B:59.9(0.13%),P:1e-8	Tpos:276.0,Tstd:193.3,Bpos:226.3,Bstd:131.5,StrandBias:-2.2,Multiplicity:1.00
0.100	0.100	0.100	0.700
0.100	0.100	0.100	0.700
0.100	0.700	0.100	0.100
0.700	0.100	0.100	0.100
0.700	0.100	0.100	0.100
0.100	0.100	0.700	0.100
0.100	0.100	0.700	0.100
0.100	0.100	0.700	0.100
0.100	0.700	0.100	0.100
0.700	0.100	0.100	0.100
>TGACCTACTT	25-TGACCTACTT	11.479243	-19.873707	0	T:25.0(0.68%),B:71.3(0.16%),P:1e-8	Tpos:271.7,Tstd:115.2,Bpos:275.6,Bstd:152.3,StrandBias:-0.2,Multiplicity:1.13
0.001	0.001	0.001	0.997
0.001	0.001	0.997	0.001
0.997	0.001	0.001	0.001
0.001	0.997	0.001	0.001
0.001	0.926	0.001	0.072
0.001	0.001	0.001	0.997
0.997	0.001	0.001	0.001
0.102	0.853	0.044	0.001
0.001	0.001	0.001	0.997
0.001	0.001	0.001	0.997
>VCCACTTCCTGT	1-VCCACTTCCTGT	8.058326	-775.327103	0	T:1244.0(34.05%),B:4540.4(10.04%),P:1e-336	Tpos:269.8,Tstd:171.4,Bpos:246.1,Bstd:144.7,StrandBias:-0.1,Multiplicity:1.24
0.358	0.219	0.258	0.164
0.158	0.461	0.171	0.210
0.151	0.553	0.102	0.194
0.653	0.143	0.095	0.109
0.004	0.838	0.007	0.151
0.373	0.001	0.007	0.619
0.022	0.113	0.001	0.864
0.002	0.954	0.039	0.005
0.002	0.987	0.001	0.010
0.072	0.038	0.075	0.815
0.055	0.237	0.540	0.168
0.168	0.261	0.097	0.474
>WAACCACAVNNN	2-WAACCACAVNNN	6.642161	-666.157701	0	T:1954.0(53.49%),B:11405.1(25.22%),P:1e-289	Tpos:274.1,Tstd:185.5,Bpos:244.0,Bstd:155.6,StrandBias:-0.0,Multiplicity:1.50
0.462	0.081	0.052	0.405
0.696	0.077	0.109	0.118
0.759	0.077	0.130	0.034
0.041	0.921	0.013	0.025
0.034	0.906	0.023	0.037
0.730	0.059	0.091	0.120
0.058	0.832	0.062	0.048
0.804	0.075	0.042	0.079
0.312	0.252	0.392	0.044
0.308	0.248	0.239	0.205
0.257	0.293	0.273	0.177
0.309	0.257	0.232	0.202
>GKAGGGTGTGGY	3-GKAGGGTGTGGY	7.748676	-324.514864	0	T:1222.0(33.45%),B:7374.0(16.31%),P:1e-140	Tpos:285.8,Tstd:209.7,Bpos:243.4,Bstd:149.1,StrandBias:-0.1,Multiplicity:1.24
0.191	0.135	0.488	0.186
0.171	0.214	0.374	0.240
0.527	0.019	0.196	0.258
0.138	0.001	0.860	0.001
0.066	0.001	0.917	0.016
0.192	0.107	0.691	0.010
0.061	0.167	0.049	0.723
0.020	0.001	0.838	0.141
0.083	0.001	0.330	0.586
0.034	0.001	0.961	0.004
0.123	0.002	0.725	0.150
0.117	0.487	0.047	0.348
>KGYTTCCTGTTT	4-KGYTTCCTGTTT	8.689197	-265.663959	0	T:792.0(21.68%),B:4110.2(9.09%),P:1e-115	Tpos:269.9,Tstd:182.1,Bpos:242.1,Bstd:147.0,StrandBias:0.0,Multiplicity:1.14
0.271	0.001	0.293	0.435
0.188	0.114	0.564	0.134
0.027	0.506	0.082	0.385
0.022	0.001	0.001	0.976
0.001	0.001	0.001	0.997
0.065	0.798	0.036	0.101
0.006	0.969	0.001	0.024
0.001	0.001	0.090	0.908
0.058	0.203	0.667	0.072
0.003	0.101	0.152	0.744
0.026	0.150	0.333	0.490
0.129	0.234	0.137	0.500
>GAGGTGTGAAAH	5-GAGGTGTGAAAH	7.933257	-246.040836	0	T:746.0(20.42%),B:3890.9(8.60%),P:1e-106	Tpos:280.0,Tstd:194.5,Bpos:248.3,Bstd:151.8,StrandBias:0.0,Multiplicity:1.15
0.187	0.105	0.499	0.208
0.714	0.001	0.131	0.154
0.223	0.014	0.665	0.098
0.021	0.102	0.876	0.001
0.001	0.033	0.001	0.965
0.001	0.001	0.997	0.001
0.285	0.007	0.065	0.643
0.001	0.001	0.887	0.111
0.877	0.001	0.005	0.117
0.592	0.192	0.084	0.132
0.406	0.192	0.181	0.221
0.254	0.331	0.147	0.269
>AGRGGAARTGRC	6-AGRGGAARTGRC	9.610924	-164.068808	0	T:306.0(8.38%),B:1137.0(2.51%),P:1e-71	Tpos:262.9,Tstd:192.4,Bpos:243.6,Bstd:142.1,StrandBias:-0.1,Multiplicity:1.05
0.836	0.001	0.091	0.072
0.308	0.001	0.611	0.080
0.430	0.191	0.377	0.001
0.001	0.001	0.997	0.001
0.057	0.001	0.935	0.007
0.997	0.001	0.001	0.001
0.790	0.001	0.001	0.208
0.414	0.254	0.331	0.001
0.001	0.001	0.001	0.997
0.001	0.001	0.997	0.001
0.409	0.079	0.511	0.001
0.273	0.444	0.001	0.282
>DDVTGASTCABH	7-DDVTGASTCABH	4.354607	-138.904379	0	T:453.0(12.40%),B:2398.8(5.30%),P:1e-60	Tpos:310.9,Tstd:227.8,Bpos:243.1,Bstd:150.8,StrandBias:0.0,Multiplicity:1.11
0.267	0.121	0.356	0.257
0.262	0.096	0.263	0.380
0.374	0.335	0.290	0.001
0.001	0.001	0.001	0.997
0.001	0.001	0.997	0.001
0.997	0.001	0.001	0.001
0.001	0.432	0.566	0.001
0.001	0.001	0.001	0.997
0.001	0.997	0.001	0.001
0.997	0.001	0.001	0.001
0.001	0.341	0.307	0.351
0.321	0.359	0.001	0.319
>ACAGGATGTGGG	8-ACAGGATGTGGG	9.521304	-124.254484	0	T:214.0(5.86%),B:745.0(1.65%),P:1e-53	Tpos:257.9,Tstd:149.5,Bpos:253.3,Bstd:144.4,StrandBias:-0.2,Multiplicity:1.05
0.789	0.076	0.119	0.016
0.030	0.800	0.055	0.115
0.784	0.069	0.051	0.096
0.077	0.001	0.880	0.042
0.012	0.086	0.816	0.086
0.785	0.089	0.032	0.094
0.007	0.078	0.039	0.876
0.069	0.019	0.862	0.050
0.042	0.028	0.039	0.891
0.043	0.057	0.885	0.015
0.088	0.035	0.774	0.103
0.048	0.032	0.890	0.030
>GGTTTCAGTTTC	9-GGTTTCAGTTTC	8.604641	-102.350202	0	T:346.0(9.47%),B:1855.0(4.10%),P:1e-44	Tpos:265.5,Tstd:178.6,Bpos:246.1,Bstd:151.2,StrandBias:-0.2,Multiplicity:1.09
0.154	0.026	0.674	0.146
0.012	0.131	0.732	0.125
0.058	0.019	0.010	0.913
0.019	0.004	0.125	0.852
0.146	0.011	0.043	0.800
0.047	0.817	0.097	0.039
0.814	0.011	0.067	0.108
0.024	0.191	0.733	0.052
0.001	0.051	0.001	0.947
0.022	0.019	0.060	0.899
0.030	0.144	0.059	0.767
0.008	0.762	0.094	0.136
>AGAAGCGTTGCA	10-AGAAGCGTTGCA	13.681427	-83.869840	0	T:21.0(0.57%),B:2.8(0.01%),P:1e-36	Tpos:373.5,Tstd:100.2,Bpos:70.6,Bstd:102.3,StrandBias:2.6,Multiplicity:1.00
0.997	0.001	0.001	0.001
0.001	0.001	0.997	0.001
0.997	0.001	0.001	0.001
0.997	0.001	0.001	0.001
0.001	0.001	0.992	0.006
0.418	0.580	0.001	0.001
0.001	0.160	0.838	0.001
0.001	0.001	0.001	0.997
0.001	0.001	0.001	0.997
0.001	0.001	0.997	0.001
0.001	0.997	0.001	0.001
0.580	0.001	0.418	0.001
>CATGTAGGCTGT	11-CATGTAGGCTGT	16.556438	-65.742666	0	T:15.0(0.41%),B:1.6(0.00%),P:1e-28	Tpos:231.3,Tstd:79.3,Bpos:252.5,Bstd:18.6,StrandBias:10.0,Multiplicity:1.00
0.001	0.997	0.001	0.001
0.997	0.001	0.001	0.001
0.001	0.001	0.001	0.997
0.001	0.001	0.997	0.001
0.001	0.001	0.001	0.997
0.997	0.001	0.001	0.001
0.001	0.001	0.955	0.043
0.001	0.001	0.997	0.001
0.001	0.997	0.001	0.001
0.001	0.001	0.001	0.997
0.001	0.001	0.997	0.001
0.001	0.001	0.001	0.997
>GTGTCTTGCACA	12-GTGTCTTGCACA	13.450401	-62.177818	0	T:18.0(0.49%),B:3.9(0.01%),P:1e-27	Tpos:226.8,Tstd:191.8,Bpos:317.3,Bstd:42.9,StrandBias:10.0,Multiplicity:1.00
0.001	0.001	0.997	0.001
0.001	0.001	0.001	0.997
0.001	0.001	0.997	0.001
0.001	0.047	0.001	0.951
0.047	0.951	0.001	0.001
0.001	0.001	0.001	0.997
0.001	0.001	0.001	0.997
0.001	0.001	0.997	0.001
0.001	0.997	0.001	0.001
0.997	0.001	0.001	0.001
0.001	0.951	0.001	0.047
0.997	0.001	0.001	0.001
>GGTTTCTGACAC	13-GGTTTCTGACAC	13.111875	-57.514029	0	T:26.0(0.71%),B:15.4(0.03%),P:1e-24	Tpos:176.1,Tstd:113.1,Bpos:276.2,Bstd:103.7,StrandBias:2.7,Multiplicity:1.00
0.001	0.001	0.997	0.001
0.001	0.001	0.956	0.042
0.001	0.161	0.001	0.837
0.001	0.001	0.001	0.997
0.001	0.001	0.001	0.997
0.071	0.927	0.001	0.001
0.001	0.001	0.001	0.997
0.001	0.001	0.997	0.001
0.997	0.001	0.001	0.001
0.001	0.997	0.001	0.001
0.997	0.001	0.001	0.001
0.001	0.927	0.001	0.071
>GTCCTCAGATGT	14-GTCCTCAGATGT	14.836390	-57.075646	0	T:18.0(0.49%),B:4.5(0.01%),P:1e-24	Tpos:235.9,Tstd:145.7,Bpos:275.5,Bstd:78.9,StrandBias:4.1,Multiplicity:1.00
0.001	0.001	0.997	0.001
0.001	0.001	0.001	0.997
0.001	0.997	0.001	0.001
0.001	0.997	0.001	0.001
0.001	0.001	0.001	0.997
0.001	0.997	0.001	0.001
0.997	0.001	0.001	0.001
0.001	0.001	0.997	0.001
0.997	0.001	0.001	0.001
0.001	0.001	0.171	0.827
0.001	0.001	0.997	0.001
0.001	0.001	0.001	0.997
>TCCAATCCACTC	15-TCCAATCCACTC	12.355432	-53.609124	0	T:16.0(0.44%),B:3.2(0.01%),P:1e-23	Tpos:318.7,Tstd:62.7,Bpos:235.9,Bstd:128.0,StrandBias:10.0,Multiplicity:1.00
0.100	0.100	0.100	0.700
0.100	0.700	0.100	0.100
0.100	0.700	0.100	0.100
0.700	0.100	0.100	0.100
0.700	0.100	0.100	0.100
0.100	0.100	0.100	0.700
0.100	0.700	0.100	0.100
0.100	0.700	0.100	0.100
0.700	0.100	0.100	0.100
0.100	0.700	0.100	0.100
0.100	0.100	0.100	0.700
0.100	0.700	0.100	0.100
>CCTTGCCCTTGA	16-CCTTGCCCTTGA	12.355432	-50.885529	0	T:14.0(0.38%),B:2.5(0.01%),P:1e-22	Tpos:255.6,Tstd:74.1,Bpos:329.9,Bstd:115.0,StrandBias:10.0,Multiplicity:1.00
0.100	0.700	0.100	0.100
0.100	0.700	0.100	0.100
0.100	0.100	0.100	0.700
0.100	0.100	0.100	0.700
0.100	0.100	0.700	0.100
0.100	0.700	0.100	0.100
0.100	0.700	0.100	0.100
0.100	0.700	0.100	0.100
0.100	0.100	0.100	0.700
0.100	0.100	0.100	0.700
0.100	0.100	0.700	0.100
0.700	0.100	0.100	0.100
>AGACTGCTGCAG	17-AGACTGCTGCAG	12.355432	-42.027484	0	T:12.0(0.33%),B:2.8(0.01%),P:1e-18	Tpos:415.0,Tstd:101.1,Bpos:236.3,Bstd:158.5,StrandBias:2.3,Multiplicity:1.00
0.700	0.100	0.100	0.100
0.100	0.100	0.700	0.100
0.700	0.100	0.100	0.100
0.100	0.700	0.100	0.100
0.100	0.100	0.100	0.700
0.100	0.100	0.700	0.100
0.100	0.700	0.100	0.100
0.100	0.100	0.100	0.700
0.100	0.100	0.700	0.100
0.100	0.700	0.100	0.100
0.700	0.100	0.100	0.100
0.100	0.100	0.700	0.100
>CAGTCAATGTGG	18-CAGTCAATGTGG	12.355432	-42.027484	0	T:12.0(0.33%),B:2.8(0.01%),P:1e-18	Tpos:241.3,Tstd:54.8,Bpos:210.9,Bstd:49.4,StrandBias:10.0,Multiplicity:1.00
0.100	0.700	0.100	0.100
0.700	0.100	0.100	0.100
0.100	0.100	0.700	0.100
0.100	0.100	0.100	0.700
0.100	0.700	0.100	0.100
0.700	0.100	0.100	0.100
0.700	0.100	0.100	0.100
0.100	0.100	0.100	0.700
0.100	0.100	0.700	0.100
0.100	0.100	0.100	0.700
0.100	0.100	0.700	0.100
0.100	0.100	0.700	0.100
>AATAGACCGCAG	19-AATAGACCGCAG	9.957072	-39.513424	0	T:22.0(0.60%),B:20.3(0.04%),P:1e-17	Tpos:182.4,Tstd:100.6,Bpos:231.1,Bstd:148.5,StrandBias:2.6,Multiplicity:1.00
0.673	0.111	0.115	0.101
0.660	0.124	0.119	0.097
0.127	0.141	0.127	0.605
0.715	0.071	0.099	0.115
0.124	0.109	0.672	0.095
0.699	0.103	0.104	0.094
0.112	0.663	0.117	0.108
0.170	0.579	0.108	0.143
0.141	0.119	0.597	0.143
0.115	0.698	0.098	0.089
0.742	0.061	0.078	0.119
0.112	0.091	0.695	0.102
>GCTTCACCCAGT	20-GCTTCACCCAGT	12.355432	-37.715760	0	T:11.0(0.30%),B:2.4(0.01%),P:1e-16	Tpos:344.1,Tstd:59.5,Bpos:376.3,Bstd:5.0,StrandBias:10.0,Multiplicity:1.00
0.100	0.100	0.700	0.100
0.100	0.700	0.100	0.100
0.100	0.100	0.100	0.700
0.100	0.100	0.100	0.700
0.100	0.700	0.100	0.100
0.700	0.100	0.100	0.100
0.100	0.700	0.100	0.100
0.100	0.700	0.100	0.100
0.100	0.700	0.100	0.100
0.700	0.100	0.100	0.100
0.100	0.100	0.700	0.100
0.100	0.100	0.100	0.700
>ACATCTCCGCCC	21-ACATCTCCGCCC	-0.243574	-25.173655	0	T:280.0(7.66%),B:2287.3(5.06%),P:1e-10	Tpos:294.6,Tstd:218.9,Bpos:242.2,Bstd:149.0,StrandBias:-0.1,Multiplicity:1.11
0.903	0.048	0.048	0.001
0.001	0.997	0.001	0.001
0.951	0.001	0.001	0.047
0.001	0.001	0.001	0.997
0.001	0.997	0.001	0.001
0.001	0.001	0.001	0.997
0.001	0.997	0.001	0.001
0.001	0.997	0.001	0.001
0.001	0.001	0.997	0.001
0.001	0.997	0.001	0.001
0.001	0.997	0.001	0.001
0.001	0.997	0.001	0.001
>TGCAGTACATTG	22-TGCAGTACATTG	12.355432	-13.307955	0	T:4.0(0.11%),B:1.3(0.00%),P:1e-5	Tpos:121.9,Tstd:76.2,Bpos:234.2,Bstd:164.3,StrandBias:1.6,Multiplicity:2.00
0.100	0.100	0.100	0.700
0.100	0.100	0.700	0.100
0.100	0.700	0.100	0.100
0.700	0.100	0.100	0.100
0.100	0.100	0.700	0.100
0.100	0.100	0.100	0.700
0.700	0.100	0.100	0.100
0.100	0.700	0.100	0.100
0.700	0.100	0.100	0.100
0.100	0.100	0.100	0.700
0.100	0.100	0.100	0.700
0.100	0.100	0.700	0.100
>AGSCGATATWTW	23-AGSCGATATWTW	10.149929	-13.161756	0	T:16.0(0.44%),B:46.1(0.10%),P:1e-5	Tpos:237.4,Tstd:199.5,Bpos:283.9,Bstd:145.8,StrandBias:0.4,Multiplicity:1.00
0.593	0.001	0.405	0.001
0.001	0.169	0.829	0.001
0.001	0.460	0.349	0.190
0.001	0.810	0.188	0.001
0.001	0.001	0.997	0.001
0.997	0.001	0.001	0.001
0.001	0.358	0.001	0.640
0.581	0.001	0.417	0.001
0.001	0.001	0.001	0.997
0.509	0.001	0.001	0.489
0.001	0.173	0.232	0.594
0.467	0.001	0.001	0.531
>ATGTGTTAGAGG	24-ATGTGTTAGAGG	12.355432	-9.400838	0	T:3.0(0.08%),B:1.7(0.00%),P:1e-4	Tpos:397.1,Tstd:128.1,Bpos:234.2,Bstd:182.2,StrandBias:10.0,Multiplicity:12.00
0.700	0.100	0.100	0.100
0.100	0.100	0.100	0.700
0.100	0.100	0.700	0.100
0.100	0.100	0.100	0.700
0.100	0.100	0.700	0.100
0.100	0.100	0.100	0.700
0.100	0.100	0.100	0.700
0.700	0.100	0.100	0.100
0.100	0.100	0.700	0.100
0.700	0.100	0.100	0.100
0.100	0.100	0.700	0.100
0.100	0.100	0.700	0.100
>AGTGATCATAGG	25-AGTGATCATAGG	11.286966	-8.107786	0	T:5.0(0.14%),B:7.9(0.02%),P:1e-3	Tpos:129.7,Tstd:75.2,Bpos:238.8,Bstd:159.5,StrandBias:3.6,Multiplicity:2.60
0.997	0.001	0.001	0.001
0.001	0.001	0.997	0.001
0.001	0.001	0.001	0.997
0.001	0.001	0.997	0.001
0.997	0.001	0.001	0.001
0.001	0.070	0.001	0.928
0.001	0.997	0.001	0.001
0.997	0.001	0.001	0.001
0.001	0.001	0.001	0.997
0.928	0.001	0.070	0.001
0.001	0.001	0.997	0.001
0.001	0.001	0.997	0.001
>TGTGGTTA	1-TGTGGTTA	6.312418	-705.431376	0	T:1967.0(53.85%),B:11218.5(24.81%),P:1e-306	Tpos:277.3,Tstd:191.2,Bpos:244.5,Bstd:156.4,StrandBias:0.0,Multiplicity:1.53
0.031	0.009	0.001	0.959
0.001	0.001	0.997	0.001
0.015	0.007	0.001	0.977
0.001	0.001	0.997	0.001
0.001	0.001	0.997	0.001
0.001	0.036	0.001	0.962
0.056	0.095	0.060	0.789
0.507	0.051	0.123	0.319
>MAACCACA	2-MAACCACA	6.245781	-582.546497	0	T:2395.0(65.56%),B:17056.1(37.72%),P:1e-252	Tpos:281.0,Tstd:200.6,Bpos:242.6,Bstd:153.7,StrandBias:0.1,Multiplicity:1.32
0.383	0.441	0.001	0.175
0.688	0.073	0.149	0.090
0.599	0.224	0.176	0.001
0.001	0.997	0.001	0.001
0.001	0.984	0.014	0.001
0.721	0.001	0.140	0.138
0.012	0.940	0.001	0.047
0.733	0.075	0.027	0.165
>CTTCCTGT	3-CTTCCTGT	7.134427	-518.994113	0	T:1605.0(43.94%),B:9211.5(20.37%),P:1e-225	Tpos:274.3,Tstd:185.8,Bpos:244.9,Bstd:144.8,StrandBias:0.0,Multiplicity:1.36
0.001	0.821	0.001	0.177
0.070	0.001	0.001	0.928
0.001	0.001	0.001	0.997
0.001	0.997	0.001	0.001
0.001	0.997	0.001	0.001
0.001	0.001	0.033	0.965
0.001	0.129	0.869	0.001
0.001	0.114	0.001	0.884
>GGAAGTGG	4-GGAAGTGG	10.192252	-504.350178	0	T:754.0(20.64%),B:2447.4(5.41%),P:1e-219	Tpos:274.2,Tstd:175.5,Bpos:245.8,Bstd:145.8,StrandBias:-0.1,Multiplicity:1.09
0.001	0.001	0.997	0.001
0.001	0.001	0.997	0.001
0.997	0.001	0.001	0.001
0.582	0.001	0.001	0.416
0.001	0.001	0.997	0.001
0.001	0.001	0.001	0.997
0.001	0.001	0.997	0.001
0.001	0.001	0.997	0.001
>TGCGGTTA	5-TGCGGTTA	4.888718	-465.449003	0	T:2050.0(56.12%),B:14335.9(31.70%),P:1e-202	Tpos:281.4,Tstd:204.1,Bpos:242.0,Bstd:153.6,StrandBias:-0.1,Multiplicity:1.24
0.065	0.123	0.120	0.692
0.072	0.089	0.738	0.101
0.085	0.708	0.080	0.127
0.021	0.059	0.840	0.080
0.053	0.073	0.860	0.014
0.038	0.086	0.023	0.853
0.105	0.094	0.065	0.736
0.579	0.043	0.074	0.304
>YACTTCCG	6-YACTTCCG	7.477848	-443.849944	0	T:1211.0(33.15%),B:6244.8(13.81%),P:1e-192	Tpos:296.8,Tstd:202.5,Bpos:248.1,Bstd:148.7,StrandBias:-0.2,Multiplicity:1.16
0.167	0.460	0.014	0.359
0.997	0.001	0.001	0.001
0.001	0.520	0.160	0.319
0.215	0.001	0.001	0.783
0.023	0.001	0.060	0.916
0.001	0.997	0.001	0.001
0.001	0.997	0.001	0.001
0.001	0.001	0.578	0.420
>AGGTGTGA	7-AGGTGTGA	7.144035	-193.569457	0	T:963.0(26.36%),B:6355.3(14.05%),P:1e-84	Tpos:279.8,Tstd:197.6,Bpos:243.6,Bstd:154.7,StrandBias:-0.0,Multiplicity:1.21
0.792	0.001	0.206	0.001
0.133	0.001	0.792	0.074
0.001	0.001	0.997	0.001
0.001	0.038	0.001	0.960
0.001	0.001	0.997	0.001
0.095	0.001	0.001	0.903
0.001	0.001	0.906	0.092
0.997	0.001	0.001	0.001
>CAGGATGT	8-CAGGATGT	6.645478	-192.795940	0	T:564.0(15.44%),B:2843.2(6.29%),P:1e-83	Tpos:271.9,Tstd:184.9,Bpos:246.7,Bstd:144.6,StrandBias:-0.1,Multiplicity:1.10
0.001	0.825	0.173	0.001
0.914	0.084	0.001	0.001
0.001	0.001	0.997	0.001
0.001	0.001	0.997	0.001
0.997	0.001	0.001	0.001
0.001	0.001	0.001	0.997
0.178	0.001	0.820	0.001
0.001	0.001	0.001	0.997
>ATGAGTCA	9-ATGAGTCA	6.672853	-141.329829	0	T:701.0(19.19%),B:4535.5(10.03%),P:1e-61	Tpos:302.6,Tstd:215.6,Bpos:243.6,Bstd:148.7,StrandBias:0.0,Multiplicity:1.16
0.648	0.143	0.164	0.045
0.001	0.009	0.001	0.989
0.001	0.021	0.944	0.034
0.966	0.005	0.001	0.028
0.017	0.216	0.723	0.044
0.001	0.001	0.001	0.997
0.007	0.991	0.001	0.001
0.997	0.001	0.001	0.001
>WCACACCC	10-WCACACCC	6.778496	-139.258950	0	T:1154.0(31.59%),B:9054.2(20.02%),P:1e-60	Tpos:290.1,Tstd:209.5,Bpos:243.6,Bstd:154.9,StrandBias:-0.1,Multiplicity:1.18
0.448	0.071	0.001	0.481
0.132	0.565	0.214	0.089
0.772	0.104	0.047	0.077
0.180	0.751	0.044	0.025
0.839	0.001	0.159	0.001
0.111	0.847	0.001	0.041
0.001	0.981	0.017	0.001
0.001	0.827	0.171	0.001
>GGCGGGGC	11-GGCGGGGC	6.027910	-93.705951	0	T:1446.0(39.58%),B:13193.0(29.18%),P:1e-40	Tpos:290.2,Tstd:206.3,Bpos:244.1,Bstd:150.2,StrandBias:0.0,Multiplicity:1.72
0.001	0.001	0.997	0.001
0.001	0.001	0.997	0.001
0.070	0.685	0.001	0.244
0.105	0.001	0.893	0.001
0.039	0.001	0.921	0.039
0.055	0.001	0.910	0.034
0.053	0.032	0.914	0.001
0.055	0.901	0.001	0.043
>AGAAACTA	12-AGAAACTA	3.670275	-87.581375	0	T:593.0(16.23%),B:4246.2(9.39%),P:1e-38	Tpos:286.5,Tstd:217.7,Bpos:244.9,Bstd:149.7,StrandBias:-0.1,Multiplicity:1.09
0.585	0.258	0.001	0.156
0.001	0.001	0.997	0.001
0.997	0.001	0.001	0.001
0.997	0.001	0.001	0.001
0.997	0.001	0.001	0.001
0.001	0.997	0.001	0.001
0.001	0.388	0.001	0.610
0.997	0.001	0.001	0.001
>TGTGGCCT	13-TGTGGCCT	7.623731	-70.373367	0	T:718.0(19.66%),B:5797.9(12.82%),P:1e-30	Tpos:287.7,Tstd:206.7,Bpos:246.4,Bstd:148.8,StrandBias:0.2,Multiplicity:1.12
0.001	0.001	0.001	0.997
0.001	0.001	0.997	0.001
0.001	0.001	0.001	0.997
0.001	0.001	0.997	0.001
0.001	0.001	0.997	0.001
0.001	0.715	0.283	0.001
0.001	0.918	0.080	0.001
0.122	0.001	0.082	0.795
>GCGGAAGG	14-GCGGAAGG	5.909626	-67.510193	0	T:374.0(10.24%),B:2478.2(5.48%),P:1e-29	Tpos:287.5,Tstd:216.7,Bpos:249.2,Bstd:151.9,StrandBias:0.1,Multiplicity:1.19
0.001	0.401	0.597	0.001
0.001	0.997	0.001	0.001
0.001	0.001	0.997	0.001
0.001	0.001	0.997	0.001
0.997	0.001	0.001	0.001
0.997	0.001	0.001	0.001
0.379	0.001	0.619	0.001
0.023	0.396	0.580	0.001
>AGGTGTTA	15-AGGTGTTA	7.451376	-63.050018	0	T:714.0(19.55%),B:5908.3(13.07%),P:1e-27	Tpos:298.9,Tstd:205.7,Bpos:245.1,Bstd:154.3,StrandBias:0.1,Multiplicity:1.15
0.850	0.001	0.028	0.121
0.189	0.001	0.679	0.131
0.001	0.004	0.994	0.001
0.001	0.001	0.001	0.997
0.001	0.001	0.997	0.001
0.001	0.052	0.001	0.946
0.001	0.423	0.001	0.575
0.809	0.001	0.189	0.001
>GGTGMTAA	16-GGTGMTAA	6.725059	-62.544535	0	T:734.0(20.09%),B:6128.8(13.55%),P:1e-27	Tpos:282.8,Tstd:211.4,Bpos:245.5,Bstd:147.1,StrandBias:0.2,Multiplicity:1.13
0.003	0.221	0.685	0.091
0.136	0.031	0.723	0.110
0.001	0.198	0.033	0.768
0.012	0.001	0.986	0.001
0.398	0.447	0.093	0.061
0.061	0.165	0.142	0.632
0.964	0.001	0.034	0.001
0.818	0.001	0.150	0.031
>TTTCDGTT	17-TTTCDGTT	7.358962	-54.215203	0	T:473.0(12.95%),B:3632.7(8.03%),P:1e-23	Tpos:279.1,Tstd:200.8,Bpos:244.0,Bstd:151.1,StrandBias:0.0,Multiplicity:1.09
0.001	0.001	0.001	0.997
0.012	0.001	0.001	0.986
0.009	0.001	0.001	0.989
0.001	0.997	0.001	0.001
0.246	0.108	0.357	0.289
0.091	0.076	0.756	0.077
0.001	0.026	0.025	0.948
0.009	0.012	0.018	0.961
>CTCCGCCC	18-CTCCGCCC	4.093076	-53.490160	0	T:959.0(26.25%),B:8782.0(19.42%),P:1e-23	Tpos:296.0,Tstd:212.7,Bpos:243.6,Bstd:145.1,StrandBias:0.1,Multiplicity:1.32
0.001	0.997	0.001	0.001
0.001	0.001	0.001	0.997
0.001	0.997	0.001	0.001
0.001	0.997	0.001	0.001
0.001	0.001	0.949	0.049
0.001	0.997	0.001	0.001
0.001	0.997	0.001	0.001
0.001	0.931	0.041	0.027
>GCCRATCG	19-GCCRATCG	6.260613	-35.918539	0	T:220.0(6.02%),B:1510.9(3.34%),P:1e-15	Tpos:286.6,Tstd:221.8,Bpos:245.3,Bstd:146.8,StrandBias:0.1,Multiplicity:1.17
0.124	0.001	0.851	0.024
0.001	0.997	0.001	0.001
0.001	0.997	0.001	0.001
0.468	0.001	0.530	0.001
0.997	0.001	0.001	0.001
0.001	0.001	0.001	0.997
0.001	0.997	0.001	0.001
0.276	0.001	0.722	0.001
>CACCTCAG	20-CACCTCAG	10.758094	-35.006013	0	T:207.0(5.67%),B:1404.9(3.11%),P:1e-15	Tpos:288.5,Tstd:207.2,Bpos:238.6,Bstd:153.3,StrandBias:-0.4,Multiplicity:1.06
0.001	0.997	0.001	0.001
0.997	0.001	0.001	0.001
0.001	0.997	0.001	0.001
0.169	0.829	0.001	0.001
0.001	0.001	0.001	0.997
0.001	0.997	0.001	0.001
0.997	0.001	0.001	0.001
0.117	0.001	0.881	0.001
>ATGACGTC	21-ATGACGTC	8.347107	-29.671674	0	T:155.0(4.24%),B:1009.0(2.23%),P:1e-12	Tpos:293.4,Tstd:178.2,Bpos:249.8,Bstd:145.5,StrandBias:0.0,Multiplicity:1.03
0.692	0.001	0.306	0.001
0.001	0.001	0.001	0.997
0.001	0.001	0.883	0.115
0.997	0.001	0.001	0.001
0.001	0.821	0.001	0.177
0.001	0.001	0.997	0.001
0.001	0.001	0.001	0.997
0.001	0.997	0.001	0.001
>TCTCGCGA	22-TCTCGCGA	8.371004	-22.130633	0	T:52.0(1.42%),B:234.9(0.52%),P:1e-9	Tpos:282.0,Tstd:178.7,Bpos:252.7,Bstd:155.1,StrandBias:-0.1,Multiplicity:1.04
0.001	0.001	0.001	0.997
0.047	0.951	0.001	0.001
0.001	0.001	0.001	0.997
0.001	0.997	0.001	0.001
0.001	0.001	0.997	0.001
0.100	0.898	0.001	0.001
0.208	0.001	0.790	0.001
0.888	0.001	0.001	0.110
