>ACAGGAAGTG	1-ACAGGAAGTG	7.727402	-812.321024	0	T:1515.0(41.47%),B:6408.4(14.17%),P:1e-352	Tpos:273.9,Tstd:176.1,Bpos:244.7,Bstd:144.4,StrandBias:0.1,Multiplicity:1.33
0.606	0.051	0.244	0.099
0.123	0.683	0.179	0.015
0.909	0.066	0.024	0.001
0.007	0.008	0.971	0.014
0.008	0.014	0.970	0.008
0.986	0.001	0.009	0.004
0.689	0.011	0.001	0.299
0.162	0.008	0.829	0.001
0.017	0.170	0.094	0.719
0.143	0.132	0.638	0.087
>TGTGGTTTNN	2-TGTGGTTTNN	7.032958	-753.799537	0	T:1665.0(45.58%),B:8022.9(17.74%),P:1e-327	Tpos:277.4,Tstd:184.7,Bpos:243.3,Bstd:154.0,StrandBias:-0.0,Multiplicity:1.34
0.038	0.017	0.024	0.921
0.034	0.020	0.932	0.014
0.078	0.016	0.021	0.885
0.001	0.001	0.996	0.002
0.001	0.001	0.997	0.001
0.001	0.112	0.060	0.827
0.001	0.099	0.037	0.863
0.206	0.061	0.155	0.578
0.317	0.206	0.225	0.252
0.204	0.274	0.268	0.253
>TTGTGGTTWB	3-TTGTGGTTWB	6.143869	-549.695196	0	T:2207.0(60.42%),B:15205.3(33.63%),P:1e-238	Tpos:277.0,Tstd:194.6,Bpos:244.8,Bstd:155.6,StrandBias:0.0,Multiplicity:1.31
0.163	0.276	0.131	0.430
0.136	0.056	0.070	0.738
0.038	0.068	0.797	0.097
0.014	0.084	0.003	0.899
0.018	0.041	0.767	0.174
0.031	0.032	0.885	0.052
0.020	0.167	0.091	0.722
0.100	0.169	0.138	0.593
0.339	0.027	0.220	0.414
0.186	0.352	0.242	0.220
>ACAGGAARYN	4-ACAGGAARYN	7.376714	-526.384901	0	T:2120.0(58.03%),B:14466.8(31.99%),P:1e-228	Tpos:285.8,Tstd:209.3,Bpos:244.7,Bstd:144.7,StrandBias:0.1,Multiplicity:1.27
0.423	0.184	0.238	0.155
0.181	0.544	0.274	0.001
0.936	0.056	0.001	0.007
0.001	0.001	0.997	0.001
0.001	0.046	0.952	0.001
0.997	0.001	0.001	0.001
0.820	0.001	0.001	0.178
0.501	0.001	0.497	0.001
0.135	0.384	0.106	0.375
0.310	0.210	0.288	0.192
>KMBACTTCCG	5-KMBACTTCCG	6.240683	-423.297688	0	T:1344.0(36.79%),B:7593.1(16.79%),P:1e-183	Tpos:284.7,Tstd:205.1,Bpos:248.1,Bstd:151.6,StrandBias:-0.1,Multiplicity:1.24
0.120	0.214	0.403	0.262
0.329	0.420	0.003	0.247
0.091	0.365	0.283	0.261
0.548	0.118	0.163	0.171
0.001	0.884	0.014	0.101
0.368	0.001	0.088	0.543
0.008	0.149	0.001	0.842
0.067	0.931	0.001	0.001
0.001	0.997	0.001	0.001
0.001	0.031	0.816	0.152
>RAGGTGTGAA	6-RAGGTGTGAA	6.830470	-279.755007	0	T:1208.0(33.07%),B:7705.8(17.04%),P:1e-121	Tpos:278.8,Tstd:199.4,Bpos:246.9,Bstd:151.9,StrandBias:-0.1,Multiplicity:1.25
0.331	0.042	0.405	0.222
0.700	0.009	0.162	0.129
0.178	0.086	0.665	0.071
0.001	0.079	0.912	0.008
0.001	0.067	0.001	0.931
0.018	0.016	0.909	0.057
0.261	0.090	0.020	0.629
0.022	0.062	0.772	0.144
0.918	0.001	0.039	0.042
0.519	0.345	0.064	0.072
>WGGGYGKGGC	7-WGGGYGKGGC	6.818162	-242.659354	0	T:1384.0(37.89%),B:9902.2(21.90%),P:1e-105	Tpos:291.0,Tstd:210.4,Bpos:243.0,Bstd:149.2,StrandBias:-0.0,Multiplicity:1.50
0.407	0.069	0.208	0.315
0.224	0.001	0.730	0.045
0.011	0.001	0.941	0.047
0.040	0.037	0.882	0.041
0.142	0.398	0.001	0.459
0.118	0.001	0.815	0.066
0.151	0.003	0.433	0.413
0.343	0.081	0.527	0.049
0.180	0.054	0.592	0.174
0.181	0.464	0.127	0.228
>DVTGASTCAB	8-DVTGASTCAB	7.007950	-145.582616	0	T:782.0(21.41%),B:5238.0(11.58%),P:1e-63	Tpos:300.7,Tstd:217.2,Bpos:243.1,Bstd:146.7,StrandBias:0.0,Multiplicity:1.17
0.248	0.142	0.304	0.305
0.362	0.242	0.241	0.156
0.020	0.022	0.028	0.930
0.001	0.018	0.930	0.051
0.879	0.001	0.006	0.114
0.018	0.482	0.448	0.052
0.012	0.008	0.001	0.979
0.226	0.764	0.001	0.009
0.980	0.001	0.018	0.001
0.063	0.275	0.301	0.361
>WAACCGCAGW	9-WAACCGCAGW	7.085393	-129.656250	0	T:503.0(13.77%),B:2903.0(6.42%),P:1e-56	Tpos:280.1,Tstd:195.7,Bpos:245.5,Bstd:152.0,StrandBias:0.0,Multiplicity:1.06
0.422	0.136	0.015	0.426
0.629	0.026	0.262	0.083
0.863	0.019	0.109	0.009
0.014	0.938	0.015	0.033
0.043	0.922	0.003	0.032
0.001	0.052	0.857	0.090
0.024	0.879	0.013	0.084
0.820	0.052	0.048	0.080
0.017	0.052	0.845	0.086
0.351	0.179	0.173	0.297
>GAAACCGAAA	10-GAAACCGAAA	6.489762	-89.933326	0	T:363.0(9.94%),B:2116.7(4.68%),P:1e-39	Tpos:275.3,Tstd:201.8,Bpos:237.8,Bstd:150.4,StrandBias:-0.0,Multiplicity:1.11
0.234	0.218	0.444	0.104
0.543	0.040	0.223	0.194
0.685	0.051	0.104	0.160
0.557	0.102	0.267	0.074
0.170	0.575	0.209	0.046
0.131	0.428	0.187	0.254
0.164	0.035	0.722	0.079
0.478	0.092	0.255	0.175
0.727	0.131	0.062	0.080
0.677	0.097	0.187	0.039
>GAAACCACYY	11-GAAACCACYY	8.233359	-83.991704	0	T:393.0(10.76%),B:2442.9(5.40%),P:1e-36	Tpos:283.8,Tstd:202.0,Bpos:244.2,Bstd:150.4,StrandBias:0.2,Multiplicity:1.04
0.161	0.266	0.481	0.092
0.997	0.001	0.001	0.001
0.975	0.023	0.001	0.001
0.997	0.001	0.001	0.001
0.001	0.997	0.001	0.001
0.001	0.997	0.001	0.001
0.726	0.001	0.272	0.001
0.177	0.713	0.109	0.001
0.001	0.516	0.001	0.482
0.140	0.314	0.197	0.349
>GATGTGGTAG	12-GATGTGGTAG	10.014351	-61.215904	0	T:110.0(3.01%),B:398.4(0.88%),P:1e-26	Tpos:363.2,Tstd:253.8,Bpos:233.1,Bstd:149.5,StrandBias:0.8,Multiplicity:1.35
0.001	0.001	0.997	0.001
0.997	0.001	0.001	0.001
0.001	0.001	0.001	0.997
0.001	0.001	0.966	0.032
0.001	0.038	0.001	0.960
0.001	0.001	0.997	0.001
0.067	0.001	0.779	0.153
0.001	0.001	0.001	0.997
0.544	0.071	0.384	0.001
0.166	0.001	0.640	0.193
>ATTCTGACAC	13-ATTCTGACAC	9.394668	-45.263600	0	T:111.0(3.04%),B:499.9(1.11%),P:1e-19	Tpos:297.3,Tstd:210.6,Bpos:248.9,Bstd:149.5,StrandBias:0.1,Multiplicity:1.00
0.943	0.001	0.001	0.055
0.066	0.001	0.138	0.795
0.001	0.001	0.001	0.997
0.173	0.825	0.001	0.001
0.001	0.001	0.001	0.997
0.118	0.004	0.753	0.125
0.886	0.001	0.001	0.112
0.001	0.861	0.137	0.001
0.940	0.001	0.058	0.001
0.001	0.949	0.049	0.001
>TGTGATTGGC	14-TGTGATTGGC	9.107288	-41.229962	0	T:124.0(3.39%),B:627.1(1.39%),P:1e-17	Tpos:279.4,Tstd:166.2,Bpos:240.1,Bstd:145.7,StrandBias:-0.1,Multiplicity:1.09
0.123	0.307	0.058	0.512
0.001	0.204	0.548	0.247
0.001	0.078	0.001	0.920
0.001	0.001	0.997	0.001
0.997	0.001	0.001	0.001
0.001	0.001	0.001	0.997
0.001	0.001	0.001	0.997
0.001	0.001	0.997	0.001
0.001	0.001	0.997	0.001
0.001	0.888	0.001	0.110
>GCCRCAWTGA	15-GCCRCAWTGA	11.047168	-33.302719	0	T:34.0(0.93%),B:75.2(0.17%),P:1e-14	Tpos:296.8,Tstd:161.0,Bpos:256.1,Bstd:149.5,StrandBias:-0.8,Multiplicity:1.00
0.001	0.001	0.997	0.001
0.001	0.997	0.001	0.001
0.001	0.791	0.207	0.001
0.348	0.225	0.426	0.001
0.001	0.997	0.001	0.001
0.997	0.001	0.001	0.001
0.451	0.001	0.001	0.547
0.018	0.001	0.001	0.980
0.001	0.001	0.997	0.001
0.590	0.001	0.408	0.001
>GCTATTTTTA	16-GCTATTTTTA	9.748721	-32.839171	0	T:93.0(2.55%),B:458.3(1.01%),P:1e-14	Tpos:336.5,Tstd:218.3,Bpos:255.4,Bstd:138.6,StrandBias:0.1,Multiplicity:1.03
0.054	0.001	0.944	0.001
0.097	0.814	0.088	0.001
0.001	0.022	0.001	0.976
0.932	0.050	0.001	0.017
0.077	0.001	0.043	0.879
0.001	0.001	0.008	0.990
0.001	0.065	0.011	0.923
0.022	0.001	0.001	0.976
0.110	0.012	0.001	0.877
0.870	0.034	0.095	0.001
>CGTGACGTCA	17-CGTGACGTCA	8.027437	-32.175205	0	T:119.0(3.26%),B:670.1(1.48%),P:1e-13	Tpos:286.5,Tstd:177.7,Bpos:239.6,Bstd:151.6,StrandBias:0.0,Multiplicity:1.04
0.152	0.648	0.104	0.096
0.168	0.019	0.776	0.037
0.132	0.080	0.017	0.771
0.074	0.021	0.829	0.076
0.903	0.029	0.022	0.046
0.032	0.865	0.062	0.041
0.132	0.072	0.753	0.043
0.063	0.049	0.096	0.792
0.046	0.823	0.098	0.033
0.849	0.038	0.035	0.078
>CCAATCCRCK	18-CCAATCCRCK	11.276038	-26.022369	0	T:24.0(0.66%),B:48.0(0.11%),P:1e-11	Tpos:316.0,Tstd:108.9,Bpos:257.5,Bstd:158.7,StrandBias:1.6,Multiplicity:1.00
0.001	0.997	0.001	0.001
0.001	0.997	0.001	0.001
0.603	0.001	0.001	0.395
0.617	0.001	0.001	0.381
0.001	0.001	0.009	0.989
0.001	0.997	0.001	0.001
0.001	0.997	0.001	0.001
0.429	0.001	0.569	0.001
0.001	0.997	0.001	0.001
0.001	0.001	0.441	0.557
>AAGCCTTGCA	19-AAGCCTTGCA	10.296193	-23.789003	0	T:23.0(0.63%),B:49.4(0.11%),P:1e-10	Tpos:353.8,Tstd:107.2,Bpos:247.8,Bstd:151.3,StrandBias:2.2,Multiplicity:1.00
0.700	0.100	0.100	0.100
0.700	0.100	0.100	0.100
0.100	0.100	0.700	0.100
0.100	0.700	0.100	0.100
0.100	0.700	0.100	0.100
0.100	0.100	0.100	0.700
0.100	0.100	0.100	0.700
0.100	0.100	0.700	0.100
0.100	0.700	0.100	0.100
0.700	0.100	0.100	0.100
>ATCTGAGGAC	20-ATCTGAGGAC	11.036482	-22.876642	0	T:41.0(1.12%),B:154.3(0.34%),P:1e-9	Tpos:272.1,Tstd:157.6,Bpos:228.9,Bstd:139.8,StrandBias:-1.3,Multiplicity:1.00
0.997	0.001	0.001	0.001
0.001	0.001	0.001	0.997
0.001	0.997	0.001	0.001
0.076	0.001	0.001	0.922
0.001	0.001	0.997	0.001
0.920	0.078	0.001	0.001
0.133	0.001	0.865	0.001
0.001	0.001	0.997	0.001
0.997	0.001	0.001	0.001
0.001	0.997	0.001	0.001
>TCCGTGAAGA	21-TCCGTGAAGA	11.307084	-21.859103	0	T:38.0(1.04%),B:140.7(0.31%),P:1e-9	Tpos:313.1,Tstd:177.8,Bpos:254.5,Bstd:150.6,StrandBias:-0.4,Multiplicity:1.00
0.001	0.001	0.205	0.793
0.001	0.736	0.262	0.001
0.258	0.740	0.001	0.001
0.001	0.001	0.997	0.001
0.001	0.001	0.001	0.997
0.001	0.001	0.997	0.001
0.997	0.001	0.001	0.001
0.997	0.001	0.001	0.001
0.001	0.001	0.997	0.001
0.733	0.001	0.183	0.083
>GTGTCTTGCA	22-GTGTCTTGCA	11.117801	-21.385492	0	T:21.0(0.57%),B:46.6(0.10%),P:1e-9	Tpos:219.0,Tstd:126.4,Bpos:230.7,Bstd:151.9,StrandBias:3.2,Multiplicity:1.00
0.001	0.001	0.997	0.001
0.001	0.001	0.001	0.997
0.001	0.001	0.997	0.001
0.001	0.001	0.001	0.997
0.001	0.997	0.001	0.001
0.001	0.001	0.001	0.997
0.001	0.066	0.001	0.932
0.001	0.001	0.997	0.001
0.001	0.997	0.001	0.001
0.997	0.001	0.001	0.001
>GTAGGCTGTG	23-GTAGGCTGTG	13.745977	-20.951227	0	T:24.0(0.66%),B:63.0(0.14%),P:1e-9	Tpos:263.3,Tstd:105.5,Bpos:258.7,Bstd:135.1,StrandBias:2.3,Multiplicity:1.00
0.001	0.001	0.997	0.001
0.001	0.001	0.001	0.997
0.997	0.001	0.001	0.001
0.001	0.001	0.997	0.001
0.001	0.001	0.997	0.001
0.001	0.914	0.001	0.084
0.001	0.001	0.001	0.997
0.001	0.001	0.997	0.001
0.001	0.001	0.001	0.997
0.001	0.001	0.997	0.001
>TTCAAGGGCA	24-TTCAAGGGCA	10.296193	-20.281150	0	T:23.0(0.63%),B:59.9(0.13%),P:1e-8	Tpos:276.0,Tstd:193.3,Bpos:226.3,Bstd:131.5,StrandBias:-2.2,Multiplicity:1.00
0.100	0.100	0.100	0.700
0.100	0.100	0.100	0.700
0.100	0.700	0.100	0.100
0.700	0.100	0.100	0.100
0.700	0.100	0.100	0.100
0.100	0.100	0.700	0.100
0.100	0.100	0.700	0.100
0.100	0.100	0.700	0.100
0.100	0.700	0.100	0.100
0.700	0.100	0.100	0.100
>TGACCTACTT	25-TGACCTACTT	11.479243	-19.873707	0	T:25.0(0.68%),B:71.3(0.16%),P:1e-8	Tpos:271.7,Tstd:115.2,Bpos:275.6,Bstd:152.3,StrandBias:-0.2,Multiplicity:1.13
0.001	0.001	0.001	0.997
0.001	0.001	0.997	0.001
0.997	0.001	0.001	0.001
0.001	0.997	0.001	0.001
0.001	0.926	0.001	0.072
0.001	0.001	0.001	0.997
0.997	0.001	0.001	0.001
0.102	0.853	0.044	0.001
0.001	0.001	0.001	0.997
0.001	0.001	0.001	0.997
