>TATGACTCAT	1-TATGACTCAT	7.621381	-1568.710016	0	T:2288.0(24.39%),B:2528.5(6.34%),P:1e-681	Tpos:288.1,Tstd:208.1,Bpos:249.3,Bstd:146.5,StrandBias:-0.0,Multiplicity:1.19
0.219	0.105	0.261	0.415
0.560	0.174	0.198	0.068
0.003	0.008	0.004	0.985
0.001	0.010	0.954	0.035
0.987	0.004	0.005	0.004
0.027	0.604	0.341	0.028
0.014	0.002	0.006	0.978
0.046	0.940	0.011	0.003
0.978	0.004	0.007	0.011
0.066	0.163	0.169	0.602
>NHTGTGGTTW	2-NHTGTGGTTW	6.216903	-1122.370237	0	T:5498.0(58.61%),B:13811.9(34.64%),P:1e-487	Tpos:292.4,Tstd:222.4,Bpos:249.1,Bstd:152.8,StrandBias:-0.0,Multiplicity:1.36
0.196	0.210	0.251	0.344
0.207	0.335	0.112	0.347
0.139	0.152	0.084	0.625
0.001	0.001	0.987	0.011
0.094	0.202	0.001	0.703
0.001	0.001	0.997	0.001
0.001	0.001	0.997	0.001
0.001	0.164	0.109	0.726
0.166	0.162	0.125	0.547
0.318	0.071	0.178	0.433
>NVTAACCACA	3-NVTAACCACA	7.276747	-1099.248000	0	T:2866.0(30.55%),B:4886.1(12.25%),P:1e-477	Tpos:288.4,Tstd:220.2,Bpos:252.3,Bstd:154.0,StrandBias:-0.0,Multiplicity:1.22
0.198	0.303	0.266	0.234
0.214	0.242	0.352	0.192
0.240	0.250	0.050	0.460
0.686	0.077	0.189	0.048
0.728	0.062	0.209	0.001
0.011	0.987	0.001	0.001
0.001	0.995	0.001	0.003
0.788	0.064	0.069	0.079
0.076	0.917	0.002	0.005
0.686	0.106	0.055	0.153
>CAYTTCCTGT	4-CAYTTCCTGT	8.316166	-712.826465	0	T:2512.0(26.78%),B:4925.2(12.35%),P:1e-309	Tpos:289.8,Tstd:220.4,Bpos:247.2,Bstd:146.3,StrandBias:-0.0,Multiplicity:1.20
0.153	0.472	0.186	0.189
0.661	0.067	0.271	0.001
0.001	0.516	0.046	0.437
0.275	0.001	0.001	0.723
0.001	0.001	0.001	0.997
0.001	0.997	0.001	0.001
0.001	0.997	0.001	0.001
0.001	0.001	0.001	0.997
0.001	0.222	0.620	0.157
0.001	0.216	0.001	0.782
>STTTCRBTTT	5-STTTCRBTTT	7.498950	-493.865446	0	T:2219.0(23.66%),B:4780.9(11.99%),P:1e-214	Tpos:296.7,Tstd:221.9,Bpos:247.9,Bstd:149.9,StrandBias:-0.1,Multiplicity:1.24
0.055	0.402	0.519	0.024
0.001	0.013	0.012	0.974
0.013	0.007	0.018	0.962
0.001	0.032	0.091	0.876
0.001	0.916	0.006	0.077
0.338	0.169	0.402	0.091
0.182	0.272	0.341	0.205
0.035	0.051	0.039	0.875
0.134	0.090	0.008	0.768
0.044	0.265	0.079	0.612
>WGGGCGGGGC	6-WGGGCGGGGC	7.766781	-359.323682	0	T:2280.0(24.31%),B:5563.4(13.95%),P:1e-156	Tpos:307.2,Tstd:230.0,Bpos:251.6,Bstd:150.4,StrandBias:-0.0,Multiplicity:1.38
0.328	0.013	0.230	0.429
0.124	0.001	0.874	0.001
0.001	0.001	0.997	0.001
0.001	0.001	0.997	0.001
0.121	0.512	0.031	0.336
0.053	0.001	0.945	0.001
0.001	0.001	0.605	0.393
0.244	0.001	0.687	0.068
0.085	0.001	0.727	0.187
0.114	0.668	0.001	0.217
>NKTCACACCT	7-NKTCACACCT	6.707241	-342.195917	0	T:3111.0(33.17%),B:8583.6(21.53%),P:1e-148	Tpos:290.3,Tstd:220.6,Bpos:250.9,Bstd:153.5,StrandBias:-0.0,Multiplicity:1.26
0.233	0.198	0.236	0.333
0.218	0.093	0.315	0.374
0.002	0.219	0.004	0.775
0.214	0.498	0.277	0.011
0.673	0.052	0.074	0.201
0.018	0.948	0.020	0.014
0.968	0.001	0.029	0.002
0.010	0.880	0.104	0.006
0.126	0.621	0.118	0.135
0.070	0.346	0.014	0.570
>NTNTTAGTCA	8-NTNTTAGTCA	7.005804	-275.593654	0	T:1188.0(12.67%),B:2441.4(6.12%),P:1e-119	Tpos:288.6,Tstd:212.7,Bpos:252.8,Bstd:154.0,StrandBias:-0.1,Multiplicity:1.08
0.269	0.171	0.245	0.315
0.071	0.001	0.282	0.646
0.231	0.287	0.261	0.221
0.001	0.001	0.001	0.997
0.001	0.001	0.001	0.997
0.997	0.001	0.001	0.001
0.001	0.338	0.660	0.001
0.001	0.001	0.001	0.997
0.001	0.997	0.001	0.001
0.997	0.001	0.001	0.001
>GGGGTTTCCC	9-GGGGTTTCCC	8.067498	-260.690352	0	T:686.0(7.31%),B:1087.4(2.73%),P:1e-113	Tpos:293.4,Tstd:216.2,Bpos:254.4,Bstd:146.1,StrandBias:-0.2,Multiplicity:1.07
0.001	0.026	0.972	0.001
0.001	0.001	0.933	0.065
0.001	0.001	0.988	0.010
0.140	0.021	0.773	0.066
0.065	0.047	0.050	0.838
0.001	0.001	0.001	0.997
0.001	0.065	0.018	0.916
0.001	0.849	0.011	0.139
0.013	0.982	0.004	0.001
0.038	0.956	0.005	0.001
>TCCDCCCACA	10-TCCDCCCACA	6.979905	-231.573427	0	T:1916.0(20.43%),B:5010.9(12.57%),P:1e-100	Tpos:302.4,Tstd:240.5,Bpos:249.5,Bstd:149.0,StrandBias:-0.0,Multiplicity:1.12
0.187	0.202	0.191	0.420
0.207	0.628	0.001	0.164
0.139	0.746	0.001	0.114
0.284	0.001	0.404	0.311
0.178	0.746	0.003	0.073
0.008	0.969	0.002	0.021
0.003	0.719	0.063	0.215
0.611	0.205	0.001	0.183
0.015	0.789	0.111	0.085
0.414	0.139	0.221	0.227
>CCACATCAAA	11-CCACATCAAA	8.186807	-217.112529	0	T:620.0(6.61%),B:1028.5(2.58%),P:1e-94	Tpos:280.5,Tstd:181.7,Bpos:248.6,Bstd:151.9,StrandBias:-0.1,Multiplicity:1.04
0.021	0.919	0.001	0.059
0.001	0.992	0.001	0.006
0.960	0.014	0.001	0.025
0.001	0.982	0.001	0.016
0.953	0.001	0.005	0.041
0.095	0.013	0.001	0.891
0.001	0.923	0.060	0.016
0.968	0.001	0.007	0.024
0.811	0.076	0.076	0.037
0.935	0.045	0.014	0.006
>AAGCGGAAAC	12-AAGCGGAAAC	7.689436	-187.282675	0	T:1489.0(15.87%),B:3814.3(9.57%),P:1e-81	Tpos:306.0,Tstd:229.9,Bpos:250.9,Bstd:147.9,StrandBias:-0.0,Multiplicity:1.08
0.539	0.169	0.097	0.195
0.973	0.001	0.025	0.001
0.041	0.295	0.631	0.033
0.153	0.505	0.116	0.226
0.047	0.003	0.831	0.119
0.092	0.004	0.903	0.001
0.997	0.001	0.001	0.001
0.997	0.001	0.001	0.001
0.836	0.001	0.162	0.001
0.218	0.626	0.061	0.095
>NYATGCAAAT	13-NYATGCAAAT	9.007514	-145.157156	0	T:442.0(4.71%),B:757.6(1.90%),P:1e-63	Tpos:292.5,Tstd:215.3,Bpos:250.6,Bstd:143.6,StrandBias:0.1,Multiplicity:1.07
0.273	0.219	0.199	0.310
0.197	0.342	0.001	0.460
0.933	0.001	0.017	0.049
0.052	0.009	0.120	0.819
0.023	0.056	0.894	0.027
0.032	0.733	0.117	0.118
0.956	0.001	0.003	0.040
0.988	0.001	0.001	0.010
0.927	0.020	0.001	0.052
0.194	0.030	0.073	0.703
>AAATGACTGT	14-AAATGACTGT	10.102311	-96.507235	0	T:276.0(2.94%),B:457.1(1.15%),P:1e-41	Tpos:281.9,Tstd:225.7,Bpos:240.8,Bstd:144.2,StrandBias:-0.1,Multiplicity:1.02
0.629	0.144	0.073	0.154
0.463	0.001	0.281	0.255
0.997	0.001	0.001	0.001
0.001	0.001	0.001	0.997
0.001	0.001	0.997	0.001
0.997	0.001	0.001	0.001
0.001	0.826	0.172	0.001
0.001	0.001	0.001	0.997
0.145	0.001	0.853	0.001
0.001	0.013	0.073	0.913
>MTGTGGTGAG	15-MTGTGGTGAG	7.778141	-92.095599	0	T:1128.0(12.03%),B:3205.0(8.04%),P:1e-39	Tpos:283.3,Tstd:222.2,Bpos:247.4,Bstd:150.4,StrandBias:-0.4,Multiplicity:1.09
0.403	0.363	0.035	0.199
0.277	0.001	0.001	0.721
0.091	0.001	0.715	0.193
0.001	0.199	0.001	0.799
0.001	0.001	0.997	0.001
0.106	0.001	0.892	0.001
0.001	0.089	0.062	0.848
0.001	0.001	0.997	0.001
0.963	0.001	0.035	0.001
0.001	0.415	0.583	0.001
>GGAAAGTCCC	16-GGAAAGTCCC	9.996469	-82.501576	0	T:162.0(1.73%),B:213.0(0.53%),P:1e-35	Tpos:307.8,Tstd:235.2,Bpos:254.9,Bstd:146.7,StrandBias:0.0,Multiplicity:1.01
0.001	0.035	0.894	0.070
0.001	0.001	0.997	0.001
0.997	0.001	0.001	0.001
0.997	0.001	0.001	0.001
0.997	0.001	0.001	0.001
0.001	0.145	0.853	0.001
0.001	0.001	0.121	0.877
0.184	0.814	0.001	0.001
0.001	0.997	0.001	0.001
0.001	0.997	0.001	0.001
>TTGYGAAACC	17-TTGYGAAACC	8.810596	-75.188472	0	T:331.0(3.53%),B:677.4(1.70%),P:1e-32	Tpos:293.0,Tstd:225.8,Bpos:251.4,Bstd:162.7,StrandBias:-0.1,Multiplicity:1.03
0.226	0.097	0.001	0.676
0.001	0.001	0.146	0.852
0.038	0.100	0.712	0.150
0.001	0.446	0.001	0.552
0.017	0.001	0.981	0.001
0.805	0.021	0.001	0.173
0.868	0.001	0.130	0.001
0.997	0.001	0.001	0.001
0.001	0.715	0.194	0.090
0.100	0.630	0.001	0.269
>GTGAATCASC	18-GTGAATCASC	6.832435	-66.574916	0	T:119.0(1.27%),B:146.2(0.37%),P:1e-28	Tpos:318.1,Tstd:232.7,Bpos:259.0,Bstd:152.4,StrandBias:0.4,Multiplicity:1.00
0.092	0.001	0.906	0.001
0.001	0.001	0.001	0.997
0.001	0.001	0.997	0.001
0.997	0.001	0.001	0.001
0.997	0.001	0.001	0.001
0.001	0.001	0.001	0.997
0.001	0.997	0.001	0.001
0.997	0.001	0.001	0.001
0.011	0.470	0.518	0.001
0.001	0.997	0.001	0.001
>TGACGTCATC	19-TGACGTCATC	8.174951	-64.465798	0	T:448.0(4.78%),B:1085.8(2.72%),P:1e-27	Tpos:311.0,Tstd:242.5,Bpos:247.5,Bstd:154.5,StrandBias:-0.0,Multiplicity:1.05
0.001	0.001	0.001	0.997
0.001	0.107	0.722	0.170
0.997	0.001	0.001	0.001
0.001	0.818	0.001	0.180
0.090	0.082	0.827	0.001
0.001	0.001	0.001	0.997
0.007	0.625	0.253	0.115
0.875	0.001	0.001	0.123
0.025	0.150	0.186	0.639
0.159	0.632	0.041	0.168
>ACGTGTCATA	20-ACGTGTCATA	7.382045	-55.533976	0	T:416.0(4.43%),B:1032.2(2.59%),P:1e-24	Tpos:287.8,Tstd:216.0,Bpos:248.1,Bstd:152.0,StrandBias:-0.1,Multiplicity:1.03
0.833	0.073	0.017	0.077
0.032	0.860	0.018	0.090
0.064	0.050	0.798	0.088
0.061	0.060	0.109	0.770
0.135	0.064	0.747	0.054
0.141	0.023	0.061	0.775
0.028	0.862	0.058	0.052
0.870	0.011	0.021	0.098
0.036	0.015	0.139	0.810
0.683	0.153	0.087	0.077
>GTCATACCCA	21-GTCATACCCA	6.404373	-51.581054	0	T:2942.0(31.36%),B:10681.8(26.79%),P:1e-22	Tpos:297.5,Tstd:236.7,Bpos:249.8,Bstd:150.1,StrandBias:-0.1,Multiplicity:1.20
0.100	0.100	0.700	0.100
0.100	0.100	0.100	0.700
0.100	0.700	0.100	0.100
0.700	0.100	0.100	0.100
0.100	0.100	0.100	0.700
0.700	0.100	0.100	0.100
0.100	0.700	0.100	0.100
0.100	0.700	0.100	0.100
0.100	0.700	0.100	0.100
0.700	0.100	0.100	0.100
>TATGTAAACG	22-TATGTAAACG	9.083347	-29.793851	0	T:10.0(0.11%),B:1.8(0.00%),P:1e-12	Tpos:234.1,Tstd:139.8,Bpos:303.8,Bstd:108.6,StrandBias:0.6,Multiplicity:1.00
0.098	0.123	0.157	0.622
0.756	0.102	0.079	0.063
0.078	0.188	0.172	0.562
0.126	0.096	0.673	0.105
0.123	0.118	0.136	0.623
0.749	0.085	0.048	0.118
0.628	0.099	0.131	0.142
0.606	0.172	0.116	0.106
0.010	0.918	0.036	0.036
0.005	0.021	0.866	0.108
>TCTCCGCCCW	23-TCTCCGCCCW	10.589865	-26.871226	0	T:84.0(0.90%),B:150.8(0.38%),P:1e-11	Tpos:322.3,Tstd:227.9,Bpos:259.1,Bstd:149.0,StrandBias:0.9,Multiplicity:1.19
0.004	0.036	0.074	0.886
0.212	0.561	0.036	0.191
0.001	0.001	0.001	0.997
0.111	0.787	0.063	0.039
0.135	0.863	0.001	0.001
0.322	0.001	0.676	0.001
0.038	0.960	0.001	0.001
0.102	0.858	0.001	0.039
0.001	0.978	0.003	0.018
0.434	0.094	0.039	0.433
>AGCGTGACTG	24-AGCGTGACTG	10.296193	-19.036156	0	T:11.0(0.12%),B:4.7(0.01%),P:1e-8	Tpos:312.4,Tstd:288.9,Bpos:304.4,Bstd:100.9,StrandBias:-0.3,Multiplicity:1.00
0.700	0.100	0.100	0.100
0.100	0.100	0.700	0.100
0.100	0.700	0.100	0.100
0.100	0.100	0.700	0.100
0.100	0.100	0.100	0.700
0.100	0.100	0.700	0.100
0.700	0.100	0.100	0.100
0.100	0.700	0.100	0.100
0.100	0.100	0.100	0.700
0.100	0.100	0.700	0.100
>AAAAAAAAAA	25-AAAAAAAAAA	10.588428	-16.847983	0	T:635.0(6.77%),B:2181.6(5.47%),P:1e-7	Tpos:293.5,Tstd:220.1,Bpos:252.3,Bstd:162.1,StrandBias:0.0,Multiplicity:1.07
0.811	0.001	0.001	0.187
0.963	0.001	0.001	0.035
0.940	0.001	0.001	0.058
0.997	0.001	0.001	0.001
0.997	0.001	0.001	0.001
0.997	0.001	0.001	0.001
0.997	0.001	0.001	0.001
0.957	0.041	0.001	0.001
0.997	0.001	0.001	0.001
0.886	0.001	0.112	0.001
>RNDVTGASTCAB	1-RNDVTGASTCAB	7.294518	-1569.451910	0	T:2382.0(25.39%),B:2735.1(6.86%),P:1e-681	Tpos:287.2,Tstd:208.7,Bpos:250.3,Bstd:147.0,StrandBias:-0.0,Multiplicity:1.19
0.273	0.178	0.352	0.198
0.294	0.190	0.241	0.275
0.304	0.124	0.305	0.266
0.345	0.218	0.334	0.103
0.037	0.003	0.016	0.944
0.018	0.031	0.851	0.100
0.926	0.008	0.014	0.052
0.043	0.478	0.412	0.067
0.101	0.021	0.001	0.877
0.129	0.753	0.082	0.036
0.851	0.041	0.002	0.106
0.111	0.290	0.251	0.348
>AAACCACADMCH	2-AAACCACADMCH	7.675500	-1199.210343	0	T:3212.0(34.24%),B:5640.5(14.15%),P:1e-520	Tpos:290.7,Tstd:217.3,Bpos:251.4,Bstd:152.9,StrandBias:-0.0,Multiplicity:1.26
0.491	0.222	0.054	0.233
0.692	0.065	0.200	0.043
0.644	0.164	0.191	0.001
0.003	0.994	0.002	0.001
0.003	0.995	0.001	0.001
0.909	0.018	0.001	0.072
0.051	0.917	0.031	0.001
0.880	0.066	0.001	0.053
0.341	0.187	0.280	0.192
0.379	0.301	0.200	0.120
0.229	0.380	0.207	0.185
0.309	0.271	0.146	0.275
>ACAGGAAGTGGN	3-ACAGGAAGTGGN	7.941059	-738.392369	0	T:3184.0(33.94%),B:6970.3(17.48%),P:1e-320	Tpos:292.0,Tstd:223.2,Bpos:248.7,Bstd:144.5,StrandBias:0.0,Multiplicity:1.27
0.533	0.103	0.254	0.110
0.135	0.561	0.268	0.036
0.997	0.001	0.001	0.001
0.001	0.001	0.997	0.001
0.001	0.001	0.997	0.001
0.997	0.001	0.001	0.001
0.721	0.001	0.001	0.277
0.315	0.001	0.683	0.001
0.051	0.193	0.125	0.631
0.254	0.104	0.484	0.158
0.223	0.175	0.425	0.177
0.209	0.291	0.262	0.238
>AGTTTCABTTTC	4-AGTTTCABTTTC	8.735014	-586.278584	0	T:1389.0(14.81%),B:2112.3(5.30%),P:1e-254	Tpos:294.6,Tstd:217.3,Bpos:248.6,Bstd:153.0,StrandBias:-0.1,Multiplicity:1.14
0.496	0.057	0.248	0.199
0.036	0.353	0.568	0.043
0.049	0.001	0.001	0.949
0.002	0.013	0.047	0.938
0.001	0.001	0.001	0.997
0.004	0.876	0.029	0.091
0.624	0.014	0.214	0.148
0.103	0.384	0.262	0.251
0.023	0.001	0.001	0.975
0.123	0.116	0.005	0.756
0.038	0.219	0.060	0.683
0.082	0.423	0.271	0.225
>AGWGGGYGGGGC	5-AGWGGGYGGGGC	6.766103	-292.587424	0	T:2278.0(24.29%),B:5908.3(14.82%),P:1e-127	Tpos:306.7,Tstd:234.4,Bpos:253.9,Bstd:147.3,StrandBias:0.0,Multiplicity:1.33
0.476	0.001	0.224	0.299
0.148	0.144	0.707	0.001
0.308	0.001	0.266	0.424
0.092	0.001	0.906	0.001
0.001	0.001	0.997	0.001
0.001	0.001	0.997	0.001
0.156	0.397	0.001	0.446
0.001	0.001	0.997	0.001
0.001	0.001	0.697	0.301
0.111	0.001	0.887	0.001
0.001	0.001	0.997	0.001
0.060	0.696	0.001	0.243
>GGGGGTTTCCCC	6-GGGGGTTTCCCC	8.166574	-273.460425	0	T:955.0(10.18%),B:1773.8(4.45%),P:1e-118	Tpos:295.1,Tstd:217.1,Bpos:256.4,Bstd:144.8,StrandBias:-0.1,Multiplicity:1.10
0.174	0.058	0.593	0.175
0.030	0.017	0.917	0.036
0.046	0.008	0.869	0.077
0.157	0.020	0.741	0.082
0.211	0.135	0.443	0.211
0.084	0.123	0.052	0.741
0.005	0.014	0.065	0.916
0.005	0.216	0.032	0.747
0.005	0.797	0.011	0.187
0.017	0.963	0.001	0.019
0.104	0.835	0.005	0.056
0.195	0.572	0.032	0.201
>NTTCACACCTHH	7-NTTCACACCTHH	8.155915	-264.641523	0	T:1130.0(12.05%),B:2310.0(5.79%),P:1e-114	Tpos:290.4,Tstd:216.0,Bpos:247.6,Bstd:155.1,StrandBias:0.2,Multiplicity:1.09
0.194	0.239	0.235	0.332
0.154	0.284	0.065	0.497
0.001	0.053	0.001	0.945
0.231	0.432	0.275	0.063
0.617	0.001	0.001	0.381
0.001	0.997	0.001	0.001
0.995	0.001	0.003	0.001
0.067	0.841	0.001	0.091
0.190	0.533	0.001	0.276
0.180	0.227	0.001	0.592
0.263	0.316	0.123	0.298
0.201	0.336	0.163	0.299
>CTTTGATGTGGB	8-CTTTGATGTGGB	8.538282	-236.949077	0	T:924.0(9.85%),B:1805.5(4.53%),P:1e-102	Tpos:278.5,Tstd:202.6,Bpos:255.0,Bstd:150.5,StrandBias:0.0,Multiplicity:1.06
0.012	0.522	0.225	0.241
0.004	0.128	0.006	0.862
0.029	0.205	0.222	0.544
0.059	0.001	0.001	0.939
0.076	0.264	0.650	0.010
0.753	0.001	0.075	0.171
0.178	0.010	0.029	0.783
0.001	0.129	0.864	0.006
0.056	0.001	0.040	0.903
0.030	0.001	0.902	0.067
0.099	0.004	0.736	0.161
0.027	0.356	0.258	0.359
>WGGTTAACCACW	9-WGGTTAACCACW	7.575830	-184.400528	0	T:911.0(9.71%),B:1965.4(4.93%),P:1e-80	Tpos:294.7,Tstd:216.9,Bpos:253.0,Bstd:154.7,StrandBias:-0.1,Multiplicity:1.05
0.313	0.058	0.198	0.431
0.082	0.008	0.775	0.135
0.081	0.097	0.730	0.092
0.042	0.079	0.081	0.798
0.057	0.046	0.083	0.814
0.769	0.084	0.054	0.093
0.822	0.063	0.071	0.044
0.089	0.771	0.078	0.062
0.068	0.881	0.001	0.050
0.866	0.045	0.005	0.084
0.072	0.775	0.090	0.063
0.424	0.219	0.047	0.310
>GGTTTCCTGTCT	10-GGTTTCCTGTCT	9.654212	-172.915764	0	T:524.0(5.59%),B:896.0(2.25%),P:1e-75	Tpos:293.4,Tstd:216.6,Bpos:243.4,Bstd:151.7,StrandBias:0.4,Multiplicity:1.02
0.113	0.001	0.805	0.081
0.039	0.013	0.920	0.028
0.010	0.163	0.006	0.821
0.001	0.009	0.144	0.846
0.026	0.004	0.028	0.942
0.029	0.828	0.062	0.081
0.025	0.793	0.019	0.163
0.014	0.001	0.034	0.951
0.048	0.320	0.586	0.046
0.098	0.211	0.055	0.636
0.068	0.552	0.212	0.168
0.162	0.294	0.025	0.519
>ATTTGCATANHN	11-ATTTGCATANHN	8.947199	-153.906961	0	T:402.0(4.29%),B:631.5(1.58%),P:1e-66	Tpos:291.2,Tstd:214.3,Bpos:249.4,Bstd:139.4,StrandBias:-0.2,Multiplicity:1.07
0.622	0.127	0.090	0.161
0.029	0.001	0.001	0.969
0.067	0.049	0.027	0.857
0.043	0.001	0.001	0.955
0.128	0.001	0.776	0.095
0.129	0.869	0.001	0.001
0.921	0.001	0.001	0.077
0.024	0.131	0.048	0.797
0.455	0.042	0.246	0.258
0.261	0.218	0.206	0.315
0.316	0.266	0.156	0.261
0.213	0.280	0.227	0.281
>TTATGACTAAGC	12-TTATGACTAAGC	9.325326	-127.426957	0	T:264.0(2.81%),B:357.8(0.90%),P:1e-55	Tpos:299.0,Tstd:232.2,Bpos:254.6,Bstd:137.6,StrandBias:0.2,Multiplicity:1.02
0.042	0.085	0.082	0.791
0.047	0.063	0.106	0.784
0.748	0.059	0.092	0.101
0.072	0.007	0.001	0.920
0.035	0.052	0.861	0.052
0.936	0.007	0.030	0.027
0.075	0.811	0.092	0.022
0.065	0.062	0.022	0.851
0.826	0.058	0.079	0.037
0.893	0.015	0.030	0.062
0.094	0.007	0.807	0.092
0.105	0.778	0.057	0.060
>TTTCGAAATGAC	13-TTTCGAAATGAC	9.487084	-101.412083	0	T:268.0(2.86%),B:424.5(1.06%),P:1e-44	Tpos:309.1,Tstd:215.1,Bpos:237.8,Bstd:152.1,StrandBias:0.1,Multiplicity:1.02
0.031	0.015	0.023	0.931
0.041	0.129	0.078	0.752
0.033	0.020	0.046	0.901
0.087	0.694	0.136	0.083
0.207	0.108	0.554	0.131
0.830	0.008	0.116	0.046
0.811	0.057	0.063	0.069
0.915	0.015	0.039	0.031
0.050	0.015	0.025	0.910
0.026	0.015	0.916	0.043
0.940	0.014	0.009	0.037
0.046	0.853	0.049	0.052
>GWCTCAGTGGTG	14-GWCTCAGTGGTG	6.546667	-76.198286	0	T:2148.0(22.90%),B:7160.5(17.96%),P:1e-33	Tpos:300.9,Tstd:234.7,Bpos:253.1,Bstd:154.2,StrandBias:-0.0,Multiplicity:1.16
0.079	0.030	0.890	0.001
0.448	0.056	0.055	0.442
0.051	0.678	0.100	0.171
0.377	0.032	0.020	0.571
0.101	0.806	0.001	0.092
0.543	0.102	0.112	0.243
0.001	0.030	0.929	0.040
0.051	0.010	0.063	0.876
0.097	0.051	0.822	0.030
0.112	0.038	0.809	0.041
0.001	0.050	0.010	0.939
0.117	0.051	0.792	0.040
>GGTTTTGGTTTC	15-GGTTTTGGTTTC	10.773229	-73.770855	0	T:256.0(2.73%),B:470.1(1.18%),P:1e-32	Tpos:275.0,Tstd:197.1,Bpos:237.3,Bstd:165.0,StrandBias:0.0,Multiplicity:1.06
0.396	0.001	0.578	0.025
0.001	0.241	0.757	0.001
0.001	0.001	0.001	0.997
0.001	0.094	0.031	0.874
0.001	0.001	0.001	0.997
0.050	0.001	0.019	0.930
0.001	0.019	0.973	0.007
0.020	0.001	0.655	0.324
0.001	0.001	0.001	0.997
0.001	0.013	0.001	0.985
0.001	0.286	0.001	0.712
0.001	0.679	0.206	0.114
>TGTGGCTAACAC	16-TGTGGCTAACAC	10.947893	-69.778370	0	T:72.0(0.77%),B:53.4(0.13%),P:1e-30	Tpos:217.7,Tstd:191.5,Bpos:247.4,Bstd:121.9,StrandBias:0.4,Multiplicity:1.08
0.029	0.001	0.033	0.937
0.055	0.162	0.616	0.167
0.011	0.011	0.033	0.945
0.011	0.018	0.960	0.011
0.066	0.203	0.580	0.151
0.001	0.584	0.177	0.238
0.029	0.022	0.011	0.938
0.678	0.024	0.280	0.018
0.553	0.146	0.132	0.169
0.148	0.592	0.249	0.011
0.874	0.053	0.055	0.018
0.247	0.713	0.029	0.011
>ACATCTCCGCCC	17-ACATCTCCGCCC	-2.771953	-59.730406	0	T:1744.0(18.59%),B:5814.8(14.58%),P:1e-25	Tpos:306.6,Tstd:248.8,Bpos:247.5,Bstd:151.7,StrandBias:0.0,Multiplicity:1.15
0.997	0.001	0.001	0.001
0.001	0.997	0.001	0.001
0.617	0.001	0.001	0.381
0.010	0.010	0.010	0.970
0.381	0.617	0.001	0.001
0.001	0.001	0.001	0.997
0.001	0.997	0.001	0.001
0.001	0.997	0.001	0.001
0.001	0.001	0.997	0.001
0.001	0.997	0.001	0.001
0.001	0.997	0.001	0.001
0.001	0.997	0.001	0.001
>TGTCTAGGCCTC	18-TGTCTAGGCCTC	13.011394	-49.329840	0	T:27.0(0.29%),B:8.3(0.02%),P:1e-21	Tpos:285.9,Tstd:152.2,Bpos:247.4,Bstd:169.1,StrandBias:1.8,Multiplicity:1.00
0.001	0.001	0.001	0.997
0.001	0.001	0.997	0.001
0.001	0.340	0.142	0.517
0.142	0.856	0.001	0.001
0.001	0.084	0.001	0.914
0.997	0.001	0.001	0.001
0.001	0.001	0.997	0.001
0.001	0.001	0.997	0.001
0.001	0.856	0.142	0.001
0.001	0.856	0.142	0.001
0.001	0.001	0.001	0.997
0.001	0.997	0.001	0.001
>GACCGCAGAGAC	19-GACCGCAGAGAC	13.488730	-46.648314	0	T:19.0(0.20%),B:3.7(0.01%),P:1e-20	Tpos:251.9,Tstd:249.6,Bpos:391.9,Bstd:61.4,StrandBias:1.5,Multiplicity:1.00
0.001	0.001	0.997	0.001
0.997	0.001	0.001	0.001
0.001	0.997	0.001	0.001
0.001	0.997	0.001	0.001
0.001	0.001	0.997	0.001
0.001	0.567	0.216	0.216
0.782	0.001	0.001	0.216
0.001	0.001	0.997	0.001
0.782	0.216	0.001	0.001
0.001	0.001	0.997	0.001
0.871	0.001	0.001	0.127
0.001	0.997	0.001	0.001
>TGCAAGGCTTCT	20-TGCAAGGCTTCT	11.285635	-41.408320	0	T:27.0(0.29%),B:11.6(0.03%),P:1e-17	Tpos:408.0,Tstd:198.0,Bpos:249.1,Bstd:118.7,StrandBias:-2.1,Multiplicity:1.00
0.093	0.061	0.092	0.754
0.089	0.059	0.755	0.097
0.059	0.768	0.078	0.095
0.794	0.041	0.077	0.088
0.751	0.064	0.113	0.072
0.099	0.059	0.773	0.069
0.123	0.082	0.710	0.085
0.064	0.773	0.052	0.111
0.113	0.101	0.078	0.708
0.090	0.091	0.078	0.741
0.064	0.739	0.121	0.076
0.091	0.101	0.072	0.736
>GCTGGGTATGAC	21-GCTGGGTATGAC	-4.151280	-30.420759	0	T:1895.0(20.20%),B:6876.5(17.25%),P:1e-13	Tpos:304.2,Tstd:244.7,Bpos:249.2,Bstd:146.8,StrandBias:0.1,Multiplicity:1.18
0.011	0.001	0.987	0.001
0.001	0.977	0.011	0.011
0.001	0.001	0.001	0.997
0.001	0.001	0.997	0.001
0.001	0.001	0.997	0.001
0.001	0.001	0.997	0.001
0.001	0.001	0.001	0.997
0.997	0.001	0.001	0.001
0.001	0.001	0.001	0.997
0.001	0.001	0.997	0.001
0.997	0.001	0.001	0.001
0.001	0.971	0.001	0.027
>CAGCAGCCTGAC	22-CAGCAGCCTGAC	12.355432	-29.190588	0	T:16.0(0.17%),B:5.5(0.01%),P:1e-12	Tpos:211.4,Tstd:112.6,Bpos:244.8,Bstd:115.7,StrandBias:-2.0,Multiplicity:1.00
0.100	0.700	0.100	0.100
0.700	0.100	0.100	0.100
0.100	0.100	0.700	0.100
0.100	0.700	0.100	0.100
0.700	0.100	0.100	0.100
0.100	0.100	0.700	0.100
0.100	0.700	0.100	0.100
0.100	0.700	0.100	0.100
0.100	0.100	0.100	0.700
0.100	0.100	0.700	0.100
0.700	0.100	0.100	0.100
0.100	0.700	0.100	0.100
>AATGAGTATACA	23-AATGAGTATACA	9.209817	-9.514163	0	T:10.0(0.11%),B:9.6(0.02%),P:1e-4	Tpos:184.7,Tstd:129.5,Bpos:334.6,Bstd:149.8,StrandBias:2.1,Multiplicity:2.60
0.997	0.001	0.001	0.001
0.997	0.001	0.001	0.001
0.001	0.001	0.001	0.997
0.001	0.001	0.617	0.381
0.997	0.001	0.001	0.001
0.001	0.001	0.997	0.001
0.001	0.001	0.001	0.997
0.617	0.001	0.381	0.001
0.001	0.001	0.001	0.997
0.997	0.001	0.001	0.001
0.001	0.992	0.001	0.006
0.997	0.001	0.001	0.001
>TGTGGAGGACCT	24-TGTGGAGGACCT	13.033536	-4.942046	0	T:5.0(0.05%),B:5.1(0.01%),P:1e-2	Tpos:243.7,Tstd:148.6,Bpos:321.7,Bstd:102.4,StrandBias:-3.0,Multiplicity:6.00
0.001	0.001	0.001	0.997
0.001	0.001	0.997	0.001
0.001	0.001	0.001	0.997
0.001	0.001	0.997	0.001
0.001	0.001	0.997	0.001
0.969	0.001	0.001	0.029
0.001	0.001	0.969	0.029
0.001	0.001	0.997	0.001
0.997	0.001	0.001	0.001
0.001	0.997	0.001	0.001
0.001	0.997	0.001	0.001
0.001	0.001	0.001	0.997
>NNNNNNNNNNNN	25-NNNNNNNNNNNN	-nan	0.000000	0	T:0.0(0.00%),B:0.0(0.00%),P:1e0	Tpos:0.0,Tstd:0.0,Bpos:0.0,Bstd:0.0,StrandBias:0.0,Multiplicity:1.00
-nan	-nan	-nan	-nan
-nan	-nan	-nan	-nan
-nan	-nan	-nan	-nan
-nan	-nan	-nan	-nan
-nan	-nan	-nan	-nan
-nan	-nan	-nan	-nan
-nan	-nan	-nan	-nan
-nan	-nan	-nan	-nan
-nan	-nan	-nan	-nan
-nan	-nan	-nan	-nan
-nan	-nan	-nan	-nan
-nan	-nan	-nan	-nan
>TGAGTCAT	1-TGAGTCAT	6.966911	-1512.050843	0	T:2623.0(27.96%),B:3389.1(8.50%),P:1e-656	Tpos:287.6,Tstd:208.1,Bpos:249.0,Bstd:149.1,StrandBias:-0.0,Multiplicity:1.22
0.001	0.001	0.001	0.997
0.001	0.001	0.960	0.038
0.984	0.004	0.001	0.011
0.011	0.305	0.663	0.021
0.001	0.001	0.001	0.997
0.016	0.982	0.001	0.001
0.997	0.001	0.001	0.001
0.030	0.182	0.117	0.671
>WAACCACA	2-WAACCACA	5.716610	-1125.212862	0	T:4875.0(51.97%),B:11421.9(28.65%),P:1e-488	Tpos:290.0,Tstd:216.7,Bpos:250.2,Bstd:154.7,StrandBias:-0.0,Multiplicity:1.53
0.411	0.105	0.037	0.447
0.828	0.044	0.076	0.052
0.973	0.001	0.025	0.001
0.001	0.997	0.001	0.001
0.001	0.997	0.001	0.001
0.972	0.001	0.015	0.012
0.001	0.997	0.001	0.001
0.942	0.010	0.021	0.027
>MTTACTCA	3-MTTACTCA	6.482920	-1081.937798	0	T:3897.0(41.55%),B:8138.8(20.41%),P:1e-469	Tpos:290.1,Tstd:214.1,Bpos:248.7,Bstd:153.9,StrandBias:-0.0,Multiplicity:1.14
0.481	0.349	0.169	0.001
0.001	0.001	0.001	0.997
0.001	0.001	0.403	0.595
0.997	0.001	0.001	0.001
0.002	0.684	0.313	0.001
0.135	0.001	0.001	0.863
0.265	0.733	0.001	0.001
0.997	0.001	0.001	0.001
>TGTGGTTD	4-TGTGGTTD	5.942737	-1010.861183	0	T:5446.0(58.06%),B:14066.9(35.28%),P:1e-439	Tpos:299.0,Tstd:227.8,Bpos:250.2,Bstd:155.7,StrandBias:-0.0,Multiplicity:1.21
0.186	0.138	0.074	0.602
0.071	0.001	0.927	0.001
0.001	0.421	0.001	0.577
0.105	0.001	0.744	0.150
0.056	0.001	0.942	0.001
0.001	0.284	0.254	0.461
0.044	0.296	0.174	0.486
0.286	0.001	0.402	0.311
>KGNGGTTT	5-KGNGGTTT	5.981409	-655.517392	0	T:2494.0(26.59%),B:5058.9(12.69%),P:1e-284	Tpos:292.9,Tstd:218.5,Bpos:251.2,Bstd:153.2,StrandBias:0.0,Multiplicity:1.11
0.001	0.181	0.345	0.474
0.045	0.155	0.568	0.232
0.187	0.259	0.258	0.297
0.001	0.329	0.524	0.146
0.001	0.085	0.913	0.001
0.001	0.087	0.373	0.539
0.015	0.221	0.001	0.763
0.204	0.033	0.153	0.610
>CACTTCCT	6-CACTTCCT	6.074730	-491.566895	0	T:2439.0(26.00%),B:5495.3(13.78%),P:1e-213	Tpos:291.9,Tstd:217.5,Bpos:249.8,Bstd:149.8,StrandBias:-0.0,Multiplicity:1.14
0.001	0.997	0.001	0.001
0.953	0.001	0.045	0.001
0.001	0.850	0.001	0.148
0.298	0.001	0.001	0.700
0.001	0.001	0.001	0.997
0.001	0.997	0.001	0.001
0.001	0.997	0.001	0.001
0.001	0.001	0.068	0.930
>GAAACCAA	7-GAAACCAA	7.680405	-423.634180	0	T:2360.0(25.16%),B:5528.9(13.87%),P:1e-183	Tpos:304.3,Tstd:223.8,Bpos:253.0,Bstd:152.0,StrandBias:0.0,Multiplicity:1.12
0.295	0.001	0.591	0.113
0.997	0.001	0.001	0.001
0.997	0.001	0.001	0.001
0.997	0.001	0.001	0.001
0.001	0.997	0.001	0.001
0.001	0.707	0.001	0.291
0.702	0.176	0.121	0.001
0.434	0.277	0.180	0.110
>CTTCCTGT	8-CTTCCTGT	8.202180	-401.886510	0	T:2587.0(27.58%),B:6395.7(16.04%),P:1e-174	Tpos:295.2,Tstd:221.6,Bpos:250.6,Bstd:148.7,StrandBias:-0.0,Multiplicity:1.22
0.001	0.767	0.001	0.231
0.086	0.001	0.001	0.912
0.001	0.001	0.001	0.997
0.001	0.997	0.001	0.001
0.001	0.997	0.001	0.001
0.001	0.001	0.025	0.973
0.001	0.120	0.878	0.001
0.001	0.001	0.001	0.997
>AAATGACT	9-AAATGACT	8.382284	-293.100160	0	T:1290.0(13.75%),B:2682.0(6.73%),P:1e-127	Tpos:285.0,Tstd:229.3,Bpos:246.1,Bstd:149.4,StrandBias:0.1,Multiplicity:1.07
0.997	0.001	0.001	0.001
0.697	0.001	0.221	0.081
0.997	0.001	0.001	0.001
0.001	0.001	0.001	0.997
0.001	0.001	0.997	0.001
0.997	0.001	0.001	0.001
0.001	0.838	0.160	0.001
0.001	0.001	0.001	0.997
>AASGGAAA	10-AASGGAAA	6.373898	-272.715424	0	T:3661.0(39.03%),B:11134.4(27.92%),P:1e-118	Tpos:300.9,Tstd:231.4,Bpos:249.5,Bstd:149.9,StrandBias:0.0,Multiplicity:1.41
0.851	0.061	0.064	0.024
0.699	0.065	0.205	0.031
0.146	0.399	0.290	0.165
0.028	0.190	0.506	0.276
0.120	0.026	0.837	0.017
0.940	0.010	0.029	0.021
0.935	0.001	0.030	0.034
0.835	0.062	0.078	0.025
>CCCCGCCC	11-CCCCGCCC	6.681209	-264.432698	0	T:3323.0(35.43%),B:9901.3(24.83%),P:1e-114	Tpos:319.0,Tstd:245.3,Bpos:253.5,Bstd:150.0,StrandBias:-0.0,Multiplicity:1.73
0.029	0.918	0.001	0.052
0.052	0.779	0.001	0.168
0.134	0.855	0.001	0.010
0.001	0.997	0.001	0.001
0.236	0.001	0.679	0.084
0.001	0.997	0.001	0.001
0.001	0.997	0.001	0.001
0.001	0.936	0.001	0.062
>GGTGTGAC	12-GGTGTGAC	6.132624	-238.047248	0	T:3143.0(33.51%),B:9419.4(23.62%),P:1e-103	Tpos:291.5,Tstd:228.4,Bpos:250.6,Bstd:157.5,StrandBias:0.1,Multiplicity:1.27
0.044	0.014	0.941	0.001
0.022	0.001	0.976	0.001
0.001	0.010	0.001	0.988
0.078	0.001	0.909	0.012
0.017	0.001	0.001	0.981
0.001	0.001	0.958	0.040
0.759	0.026	0.177	0.038
0.324	0.530	0.051	0.095
>CACTTTCA	13-CACTTTCA	7.068784	-204.068029	0	T:1512.0(16.12%),B:3797.0(9.52%),P:1e-88	Tpos:306.4,Tstd:242.1,Bpos:245.9,Bstd:154.9,StrandBias:0.2,Multiplicity:1.07
0.001	0.844	0.001	0.154
0.804	0.001	0.059	0.136
0.001	0.833	0.165	0.001
0.001	0.001	0.001	0.997
0.001	0.001	0.001	0.997
0.001	0.001	0.001	0.997
0.001	0.997	0.001	0.001
0.888	0.001	0.110	0.001
>WGTTTCCG	14-WGTTTCCG	6.531720	-163.411683	0	T:1741.0(18.56%),B:4838.6(12.13%),P:1e-70	Tpos:295.0,Tstd:236.9,Bpos:254.0,Bstd:150.4,StrandBias:-0.1,Multiplicity:1.13
0.437	0.069	0.175	0.318
0.029	0.053	0.562	0.356
0.001	0.319	0.001	0.679
0.001	0.001	0.001	0.997
0.347	0.001	0.001	0.651
0.172	0.826	0.001	0.001
0.174	0.592	0.233	0.001
0.407	0.001	0.579	0.013
>TGCGGTTA	15-TGCGGTTA	6.495619	-147.703605	0	T:1994.0(21.26%),B:5866.1(14.71%),P:1e-64	Tpos:301.6,Tstd:233.6,Bpos:254.7,Bstd:154.6,StrandBias:0.0,Multiplicity:1.11
0.178	0.214	0.096	0.512
0.001	0.001	0.997	0.001
0.288	0.615	0.066	0.031
0.001	0.014	0.984	0.001
0.001	0.001	0.796	0.202
0.001	0.001	0.001	0.997
0.149	0.001	0.242	0.608
0.698	0.080	0.027	0.195
>AGGTGTCA	16-AGGTGTCA	7.900804	-146.804745	0	T:1592.0(16.97%),B:4430.7(11.11%),P:1e-63	Tpos:301.3,Tstd:236.8,Bpos:249.8,Bstd:155.7,StrandBias:0.0,Multiplicity:1.11
0.917	0.001	0.081	0.001
0.094	0.097	0.753	0.056
0.001	0.001	0.997	0.001
0.001	0.001	0.001	0.997
0.001	0.001	0.879	0.119
0.123	0.001	0.001	0.875
0.001	0.886	0.001	0.112
0.997	0.001	0.001	0.001
>ATGCAAAT	17-ATGCAAAT	8.236954	-131.722479	0	T:397.0(4.23%),B:676.4(1.70%),P:1e-57	Tpos:300.5,Tstd:216.7,Bpos:245.5,Bstd:144.8,StrandBias:0.2,Multiplicity:1.07
0.700	0.100	0.100	0.100
0.100	0.100	0.100	0.700
0.100	0.100	0.700	0.100
0.100	0.700	0.100	0.100
0.700	0.100	0.100	0.100
0.700	0.100	0.100	0.100
0.700	0.100	0.100	0.100
0.100	0.100	0.100	0.700
>ATGATTCA	18-ATGATTCA	6.233584	-93.732665	0	T:560.0(5.97%),B:1289.3(3.23%),P:1e-40	Tpos:311.4,Tstd:235.0,Bpos:256.7,Bstd:143.3,StrandBias:0.1,Multiplicity:1.05
0.621	0.001	0.377	0.001
0.001	0.001	0.001	0.997
0.001	0.001	0.997	0.001
0.997	0.001	0.001	0.001
0.021	0.001	0.001	0.977
0.001	0.001	0.001	0.997
0.001	0.997	0.001	0.001
0.997	0.001	0.001	0.001
>SATCAAAG	19-SATCAAAG	9.075688	-92.952932	0	T:876.0(9.34%),B:2326.8(5.84%),P:1e-40	Tpos:305.0,Tstd:219.0,Bpos:246.7,Bstd:152.5,StrandBias:-0.2,Multiplicity:1.07
0.001	0.541	0.457	0.001
0.747	0.001	0.001	0.251
0.001	0.001	0.001	0.997
0.001	0.997	0.001	0.001
0.997	0.001	0.001	0.001
0.997	0.001	0.001	0.001
0.997	0.001	0.001	0.001
0.001	0.001	0.997	0.001
>CGAAATAG	20-CGAAATAG	5.878908	-66.721818	0	T:1556.0(16.59%),B:5012.8(12.57%),P:1e-28	Tpos:295.6,Tstd:225.6,Bpos:249.8,Bstd:149.7,StrandBias:0.1,Multiplicity:1.08
0.001	0.940	0.058	0.001
0.001	0.001	0.829	0.169
0.809	0.001	0.130	0.060
0.920	0.001	0.001	0.078
0.841	0.001	0.001	0.157
0.070	0.268	0.001	0.661
0.997	0.001	0.001	0.001
0.001	0.001	0.997	0.001
>TTACGTCA	21-TTACGTCA	7.012395	-59.928721	0	T:424.0(4.52%),B:1033.6(2.59%),P:1e-26	Tpos:286.6,Tstd:227.1,Bpos:245.9,Bstd:163.1,StrandBias:0.1,Multiplicity:1.02
0.162	0.142	0.036	0.660
0.062	0.214	0.105	0.619
0.665	0.001	0.316	0.018
0.001	0.922	0.070	0.007
0.001	0.001	0.997	0.001
0.084	0.054	0.001	0.861
0.028	0.784	0.044	0.144
0.983	0.001	0.015	0.001
>CTCCTCCC	22-CTCCTCCC	7.535653	-51.207455	0	T:1819.0(19.39%),B:6222.1(15.60%),P:1e-22	Tpos:306.2,Tstd:242.8,Bpos:251.4,Bstd:143.9,StrandBias:0.0,Multiplicity:1.20
0.001	0.997	0.001	0.001
0.142	0.001	0.001	0.856
0.001	0.997	0.001	0.001
0.001	0.997	0.001	0.001
0.001	0.001	0.001	0.997
0.001	0.997	0.001	0.001
0.001	0.997	0.001	0.001
0.001	0.793	0.001	0.205
>GGGCGTGT	23-GGGCGTGT	8.785182	-50.498922	0	T:333.0(3.55%),B:794.6(1.99%),P:1e-21	Tpos:340.6,Tstd:251.5,Bpos:245.5,Bstd:156.2,StrandBias:0.2,Multiplicity:1.05
0.001	0.001	0.997	0.001
0.001	0.001	0.997	0.001
0.001	0.001	0.997	0.001
0.001	0.997	0.001	0.001
0.001	0.001	0.997	0.001
0.001	0.001	0.001	0.997
0.001	0.001	0.816	0.182
0.254	0.187	0.001	0.558
>ACTTCCCC	24-ACTTCCCC	9.191080	-43.051175	0	T:839.0(8.94%),B:2608.3(6.54%),P:1e-18	Tpos:309.1,Tstd:247.2,Bpos:252.1,Bstd:145.9,StrandBias:-0.2,Multiplicity:1.06
0.762	0.001	0.236	0.001
0.001	0.997	0.001	0.001
0.001	0.001	0.001	0.997
0.001	0.001	0.001	0.997
0.001	0.997	0.001	0.001
0.001	0.997	0.001	0.001
0.001	0.997	0.001	0.001
0.001	0.798	0.001	0.200
>AAAAAAAA	25-AAAAAAAA	10.711455	-12.765828	0	T:934.0(9.96%),B:3433.8(8.61%),P:1e-5	Tpos:302.6,Tstd:230.9,Bpos:250.0,Bstd:160.8,StrandBias:-0.1,Multiplicity:1.09
0.867	0.001	0.001	0.131
0.997	0.001	0.001	0.001
0.997	0.001	0.001	0.001
0.997	0.001	0.001	0.001
0.997	0.001	0.001	0.001
0.997	0.001	0.001	0.001
0.997	0.001	0.001	0.001
0.804	0.103	0.092	0.001
