>TGAGTCAT	1-TGAGTCAT	6.966911	-1512.050843	0	T:2623.0(27.96%),B:3389.1(8.50%),P:1e-656	Tpos:287.6,Tstd:208.1,Bpos:249.0,Bstd:149.1,StrandBias:-0.0,Multiplicity:1.22
0.001	0.001	0.001	0.997
0.001	0.001	0.960	0.038
0.984	0.004	0.001	0.011
0.011	0.305	0.663	0.021
0.001	0.001	0.001	0.997
0.016	0.982	0.001	0.001
0.997	0.001	0.001	0.001
0.030	0.182	0.117	0.671
>WAACCACA	2-WAACCACA	5.716610	-1125.212862	0	T:4875.0(51.97%),B:11421.9(28.65%),P:1e-488	Tpos:290.0,Tstd:216.7,Bpos:250.2,Bstd:154.7,StrandBias:-0.0,Multiplicity:1.53
0.411	0.105	0.037	0.447
0.828	0.044	0.076	0.052
0.973	0.001	0.025	0.001
0.001	0.997	0.001	0.001
0.001	0.997	0.001	0.001
0.972	0.001	0.015	0.012
0.001	0.997	0.001	0.001
0.942	0.010	0.021	0.027
>MTTACTCA	3-MTTACTCA	6.482920	-1081.937798	0	T:3897.0(41.55%),B:8138.8(20.41%),P:1e-469	Tpos:290.1,Tstd:214.1,Bpos:248.7,Bstd:153.9,StrandBias:-0.0,Multiplicity:1.14
0.481	0.349	0.169	0.001
0.001	0.001	0.001	0.997
0.001	0.001	0.403	0.595
0.997	0.001	0.001	0.001
0.002	0.684	0.313	0.001
0.135	0.001	0.001	0.863
0.265	0.733	0.001	0.001
0.997	0.001	0.001	0.001
>TGTGGTTD	4-TGTGGTTD	5.942737	-1010.861183	0	T:5446.0(58.06%),B:14066.9(35.28%),P:1e-439	Tpos:299.0,Tstd:227.8,Bpos:250.2,Bstd:155.7,StrandBias:-0.0,Multiplicity:1.21
0.186	0.138	0.074	0.602
0.071	0.001	0.927	0.001
0.001	0.421	0.001	0.577
0.105	0.001	0.744	0.150
0.056	0.001	0.942	0.001
0.001	0.284	0.254	0.461
0.044	0.296	0.174	0.486
0.286	0.001	0.402	0.311
>KGNGGTTT	5-KGNGGTTT	5.981409	-655.517392	0	T:2494.0(26.59%),B:5058.9(12.69%),P:1e-284	Tpos:292.9,Tstd:218.5,Bpos:251.2,Bstd:153.2,StrandBias:0.0,Multiplicity:1.11
0.001	0.181	0.345	0.474
0.045	0.155	0.568	0.232
0.187	0.259	0.258	0.297
0.001	0.329	0.524	0.146
0.001	0.085	0.913	0.001
0.001	0.087	0.373	0.539
0.015	0.221	0.001	0.763
0.204	0.033	0.153	0.610
>CACTTCCT	6-CACTTCCT	6.074730	-491.566895	0	T:2439.0(26.00%),B:5495.3(13.78%),P:1e-213	Tpos:291.9,Tstd:217.5,Bpos:249.8,Bstd:149.8,StrandBias:-0.0,Multiplicity:1.14
0.001	0.997	0.001	0.001
0.953	0.001	0.045	0.001
0.001	0.850	0.001	0.148
0.298	0.001	0.001	0.700
0.001	0.001	0.001	0.997
0.001	0.997	0.001	0.001
0.001	0.997	0.001	0.001
0.001	0.001	0.068	0.930
>GAAACCAA	7-GAAACCAA	7.680405	-423.634180	0	T:2360.0(25.16%),B:5528.9(13.87%),P:1e-183	Tpos:304.3,Tstd:223.8,Bpos:253.0,Bstd:152.0,StrandBias:0.0,Multiplicity:1.12
0.295	0.001	0.591	0.113
0.997	0.001	0.001	0.001
0.997	0.001	0.001	0.001
0.997	0.001	0.001	0.001
0.001	0.997	0.001	0.001
0.001	0.707	0.001	0.291
0.702	0.176	0.121	0.001
0.434	0.277	0.180	0.110
>CTTCCTGT	8-CTTCCTGT	8.202180	-401.886510	0	T:2587.0(27.58%),B:6395.7(16.04%),P:1e-174	Tpos:295.2,Tstd:221.6,Bpos:250.6,Bstd:148.7,StrandBias:-0.0,Multiplicity:1.22
0.001	0.767	0.001	0.231
0.086	0.001	0.001	0.912
0.001	0.001	0.001	0.997
0.001	0.997	0.001	0.001
0.001	0.997	0.001	0.001
0.001	0.001	0.025	0.973
0.001	0.120	0.878	0.001
0.001	0.001	0.001	0.997
>AAATGACT	9-AAATGACT	8.382284	-293.100160	0	T:1290.0(13.75%),B:2682.0(6.73%),P:1e-127	Tpos:285.0,Tstd:229.3,Bpos:246.1,Bstd:149.4,StrandBias:0.1,Multiplicity:1.07
0.997	0.001	0.001	0.001
0.697	0.001	0.221	0.081
0.997	0.001	0.001	0.001
0.001	0.001	0.001	0.997
0.001	0.001	0.997	0.001
0.997	0.001	0.001	0.001
0.001	0.838	0.160	0.001
0.001	0.001	0.001	0.997
>AASGGAAA	10-AASGGAAA	6.373898	-272.715424	0	T:3661.0(39.03%),B:11134.4(27.92%),P:1e-118	Tpos:300.9,Tstd:231.4,Bpos:249.5,Bstd:149.9,StrandBias:0.0,Multiplicity:1.41
0.851	0.061	0.064	0.024
0.699	0.065	0.205	0.031
0.146	0.399	0.290	0.165
0.028	0.190	0.506	0.276
0.120	0.026	0.837	0.017
0.940	0.010	0.029	0.021
0.935	0.001	0.030	0.034
0.835	0.062	0.078	0.025
>CCCCGCCC	11-CCCCGCCC	6.681209	-264.432698	0	T:3323.0(35.43%),B:9901.3(24.83%),P:1e-114	Tpos:319.0,Tstd:245.3,Bpos:253.5,Bstd:150.0,StrandBias:-0.0,Multiplicity:1.73
0.029	0.918	0.001	0.052
0.052	0.779	0.001	0.168
0.134	0.855	0.001	0.010
0.001	0.997	0.001	0.001
0.236	0.001	0.679	0.084
0.001	0.997	0.001	0.001
0.001	0.997	0.001	0.001
0.001	0.936	0.001	0.062
>GGTGTGAC	12-GGTGTGAC	6.132624	-238.047248	0	T:3143.0(33.51%),B:9419.4(23.62%),P:1e-103	Tpos:291.5,Tstd:228.4,Bpos:250.6,Bstd:157.5,StrandBias:0.1,Multiplicity:1.27
0.044	0.014	0.941	0.001
0.022	0.001	0.976	0.001
0.001	0.010	0.001	0.988
0.078	0.001	0.909	0.012
0.017	0.001	0.001	0.981
0.001	0.001	0.958	0.040
0.759	0.026	0.177	0.038
0.324	0.530	0.051	0.095
>CACTTTCA	13-CACTTTCA	7.068784	-204.068029	0	T:1512.0(16.12%),B:3797.0(9.52%),P:1e-88	Tpos:306.4,Tstd:242.1,Bpos:245.9,Bstd:154.9,StrandBias:0.2,Multiplicity:1.07
0.001	0.844	0.001	0.154
0.804	0.001	0.059	0.136
0.001	0.833	0.165	0.001
0.001	0.001	0.001	0.997
0.001	0.001	0.001	0.997
0.001	0.001	0.001	0.997
0.001	0.997	0.001	0.001
0.888	0.001	0.110	0.001
>WGTTTCCG	14-WGTTTCCG	6.531720	-163.411683	0	T:1741.0(18.56%),B:4838.6(12.13%),P:1e-70	Tpos:295.0,Tstd:236.9,Bpos:254.0,Bstd:150.4,StrandBias:-0.1,Multiplicity:1.13
0.437	0.069	0.175	0.318
0.029	0.053	0.562	0.356
0.001	0.319	0.001	0.679
0.001	0.001	0.001	0.997
0.347	0.001	0.001	0.651
0.172	0.826	0.001	0.001
0.174	0.592	0.233	0.001
0.407	0.001	0.579	0.013
>TGCGGTTA	15-TGCGGTTA	6.495619	-147.703605	0	T:1994.0(21.26%),B:5866.1(14.71%),P:1e-64	Tpos:301.6,Tstd:233.6,Bpos:254.7,Bstd:154.6,StrandBias:0.0,Multiplicity:1.11
0.178	0.214	0.096	0.512
0.001	0.001	0.997	0.001
0.288	0.615	0.066	0.031
0.001	0.014	0.984	0.001
0.001	0.001	0.796	0.202
0.001	0.001	0.001	0.997
0.149	0.001	0.242	0.608
0.698	0.080	0.027	0.195
>AGGTGTCA	16-AGGTGTCA	7.900804	-146.804745	0	T:1592.0(16.97%),B:4430.7(11.11%),P:1e-63	Tpos:301.3,Tstd:236.8,Bpos:249.8,Bstd:155.7,StrandBias:0.0,Multiplicity:1.11
0.917	0.001	0.081	0.001
0.094	0.097	0.753	0.056
0.001	0.001	0.997	0.001
0.001	0.001	0.001	0.997
0.001	0.001	0.879	0.119
0.123	0.001	0.001	0.875
0.001	0.886	0.001	0.112
0.997	0.001	0.001	0.001
>ATGCAAAT	17-ATGCAAAT	8.236954	-131.722479	0	T:397.0(4.23%),B:676.4(1.70%),P:1e-57	Tpos:300.5,Tstd:216.7,Bpos:245.5,Bstd:144.8,StrandBias:0.2,Multiplicity:1.07
0.700	0.100	0.100	0.100
0.100	0.100	0.100	0.700
0.100	0.100	0.700	0.100
0.100	0.700	0.100	0.100
0.700	0.100	0.100	0.100
0.700	0.100	0.100	0.100
0.700	0.100	0.100	0.100
0.100	0.100	0.100	0.700
>ATGATTCA	18-ATGATTCA	6.233584	-93.732665	0	T:560.0(5.97%),B:1289.3(3.23%),P:1e-40	Tpos:311.4,Tstd:235.0,Bpos:256.7,Bstd:143.3,StrandBias:0.1,Multiplicity:1.05
0.621	0.001	0.377	0.001
0.001	0.001	0.001	0.997
0.001	0.001	0.997	0.001
0.997	0.001	0.001	0.001
0.021	0.001	0.001	0.977
0.001	0.001	0.001	0.997
0.001	0.997	0.001	0.001
0.997	0.001	0.001	0.001
>SATCAAAG	19-SATCAAAG	9.075688	-92.952932	0	T:876.0(9.34%),B:2326.8(5.84%),P:1e-40	Tpos:305.0,Tstd:219.0,Bpos:246.7,Bstd:152.5,StrandBias:-0.2,Multiplicity:1.07
0.001	0.541	0.457	0.001
0.747	0.001	0.001	0.251
0.001	0.001	0.001	0.997
0.001	0.997	0.001	0.001
0.997	0.001	0.001	0.001
0.997	0.001	0.001	0.001
0.997	0.001	0.001	0.001
0.001	0.001	0.997	0.001
>CGAAATAG	20-CGAAATAG	5.878908	-66.721818	0	T:1556.0(16.59%),B:5012.8(12.57%),P:1e-28	Tpos:295.6,Tstd:225.6,Bpos:249.8,Bstd:149.7,StrandBias:0.1,Multiplicity:1.08
0.001	0.940	0.058	0.001
0.001	0.001	0.829	0.169
0.809	0.001	0.130	0.060
0.920	0.001	0.001	0.078
0.841	0.001	0.001	0.157
0.070	0.268	0.001	0.661
0.997	0.001	0.001	0.001
0.001	0.001	0.997	0.001
>TTACGTCA	21-TTACGTCA	7.012395	-59.928721	0	T:424.0(4.52%),B:1033.6(2.59%),P:1e-26	Tpos:286.6,Tstd:227.1,Bpos:245.9,Bstd:163.1,StrandBias:0.1,Multiplicity:1.02
0.162	0.142	0.036	0.660
0.062	0.214	0.105	0.619
0.665	0.001	0.316	0.018
0.001	0.922	0.070	0.007
0.001	0.001	0.997	0.001
0.084	0.054	0.001	0.861
0.028	0.784	0.044	0.144
0.983	0.001	0.015	0.001
>CTCCTCCC	22-CTCCTCCC	7.535653	-51.207455	0	T:1819.0(19.39%),B:6222.1(15.60%),P:1e-22	Tpos:306.2,Tstd:242.8,Bpos:251.4,Bstd:143.9,StrandBias:0.0,Multiplicity:1.20
0.001	0.997	0.001	0.001
0.142	0.001	0.001	0.856
0.001	0.997	0.001	0.001
0.001	0.997	0.001	0.001
0.001	0.001	0.001	0.997
0.001	0.997	0.001	0.001
0.001	0.997	0.001	0.001
0.001	0.793	0.001	0.205
>GGGCGTGT	23-GGGCGTGT	8.785182	-50.498922	0	T:333.0(3.55%),B:794.6(1.99%),P:1e-21	Tpos:340.6,Tstd:251.5,Bpos:245.5,Bstd:156.2,StrandBias:0.2,Multiplicity:1.05
0.001	0.001	0.997	0.001
0.001	0.001	0.997	0.001
0.001	0.001	0.997	0.001
0.001	0.997	0.001	0.001
0.001	0.001	0.997	0.001
0.001	0.001	0.001	0.997
0.001	0.001	0.816	0.182
0.254	0.187	0.001	0.558
>ACTTCCCC	24-ACTTCCCC	9.191080	-43.051175	0	T:839.0(8.94%),B:2608.3(6.54%),P:1e-18	Tpos:309.1,Tstd:247.2,Bpos:252.1,Bstd:145.9,StrandBias:-0.2,Multiplicity:1.06
0.762	0.001	0.236	0.001
0.001	0.997	0.001	0.001
0.001	0.001	0.001	0.997
0.001	0.001	0.001	0.997
0.001	0.997	0.001	0.001
0.001	0.997	0.001	0.001
0.001	0.997	0.001	0.001
0.001	0.798	0.001	0.200
>AAAAAAAA	25-AAAAAAAA	10.711455	-12.765828	0	T:934.0(9.96%),B:3433.8(8.61%),P:1e-5	Tpos:302.6,Tstd:230.9,Bpos:250.0,Bstd:160.8,StrandBias:-0.1,Multiplicity:1.09
0.867	0.001	0.001	0.131
0.997	0.001	0.001	0.001
0.997	0.001	0.001	0.001
0.997	0.001	0.001	0.001
0.997	0.001	0.001	0.001
0.997	0.001	0.001	0.001
0.997	0.001	0.001	0.001
0.804	0.103	0.092	0.001
