Factor1: 1.6120208212464247
Factor2: 0.6203393819856462
