>DATGASTCATHN	1-DATGASTCATHN	7.724287	-1808.106998	0	T:2407.0(30.69%),B:3125.6(7.58%),P:1e-785	Tpos:280.2,Tstd:196.3,Bpos:250.3,Bstd:151.0,StrandBias:0.0,Multiplicity:1.22
0.293	0.115	0.288	0.304
0.437	0.191	0.281	0.091
0.001	0.001	0.001	0.997
0.001	0.011	0.745	0.243
0.995	0.001	0.001	0.003
0.049	0.492	0.387	0.072
0.011	0.001	0.001	0.987
0.278	0.690	0.014	0.018
0.990	0.002	0.001	0.007
0.166	0.161	0.228	0.446
0.305	0.290	0.140	0.265
0.256	0.267	0.203	0.274
>ACAGGAAGTRRN	2-ACAGGAAGTRRN	8.285643	-550.477146	0	T:2116.0(26.98%),B:5345.5(12.96%),P:1e-239	Tpos:289.6,Tstd:216.5,Bpos:250.2,Bstd:150.4,StrandBias:0.1,Multiplicity:1.19
0.584	0.043	0.270	0.103
0.154	0.635	0.203	0.008
0.997	0.001	0.001	0.001
0.001	0.001	0.997	0.001
0.001	0.001	0.997	0.001
0.997	0.001	0.001	0.001
0.772	0.001	0.001	0.226
0.322	0.011	0.666	0.001
0.049	0.267	0.109	0.575
0.238	0.206	0.380	0.177
0.292	0.155	0.386	0.167
0.271	0.288	0.207	0.235
>DSKBTGTGGTTT	3-DSKBTGTGGTTT	8.269405	-549.455286	0	T:2034.0(25.94%),B:5036.9(12.21%),P:1e-238	Tpos:291.9,Tstd:219.2,Bpos:251.5,Bstd:151.5,StrandBias:0.0,Multiplicity:1.19
0.310	0.157	0.274	0.259
0.191	0.239	0.376	0.194
0.136	0.176	0.288	0.401
0.134	0.342	0.240	0.283
0.001	0.001	0.001	0.997
0.001	0.001	0.997	0.001
0.001	0.001	0.001	0.997
0.001	0.001	0.997	0.001
0.001	0.001	0.997	0.001
0.001	0.133	0.267	0.599
0.001	0.116	0.001	0.882
0.277	0.001	0.252	0.470
>TCATABTTTCCA	4-TCATABTTTCCA	9.615259	-352.057480	0	T:591.0(7.54%),B:852.3(2.07%),P:1e-152	Tpos:272.5,Tstd:195.6,Bpos:243.5,Bstd:152.4,StrandBias:-0.1,Multiplicity:1.05
0.243	0.001	0.077	0.679
0.230	0.624	0.077	0.069
0.960	0.001	0.001	0.038
0.129	0.289	0.141	0.441
0.722	0.078	0.007	0.193
0.080	0.264	0.300	0.356
0.001	0.079	0.050	0.870
0.001	0.026	0.001	0.972
0.012	0.001	0.001	0.986
0.001	0.997	0.001	0.001
0.026	0.972	0.001	0.001
0.825	0.001	0.053	0.121
>NTNATTTGCATA	5-NTNATTTGCATA	9.265869	-351.091027	0	T:674.0(8.59%),B:1081.0(2.62%),P:1e-152	Tpos:265.8,Tstd:182.8,Bpos:249.7,Bstd:145.2,StrandBias:-0.1,Multiplicity:1.08
0.241	0.301	0.257	0.201
0.281	0.127	0.125	0.467
0.266	0.289	0.194	0.251
0.688	0.101	0.001	0.210
0.001	0.001	0.001	0.997
0.001	0.001	0.001	0.997
0.023	0.001	0.001	0.975
0.180	0.152	0.644	0.024
0.070	0.899	0.001	0.030
0.997	0.001	0.001	0.001
0.002	0.001	0.001	0.996
0.503	0.106	0.277	0.114
>MNNSAATGGAAA	6-MNNSAATGGAAA	8.081266	-304.912246	0	T:1749.0(22.30%),B:5086.0(12.33%),P:1e-132	Tpos:292.8,Tstd:221.0,Bpos:248.6,Bstd:147.1,StrandBias:-0.1,Multiplicity:1.12
0.238	0.371	0.209	0.182
0.146	0.283	0.281	0.291
0.266	0.200	0.205	0.329
0.136	0.263	0.398	0.203
0.696	0.001	0.199	0.104
0.494	0.164	0.340	0.001
0.132	0.004	0.011	0.853
0.001	0.001	0.997	0.001
0.001	0.001	0.997	0.001
0.969	0.001	0.029	0.001
0.990	0.001	0.008	0.001
0.997	0.001	0.001	0.001
>CTTTGATGTGGT	7-CTTTGATGTGGT	8.756288	-274.382927	0	T:745.0(9.50%),B:1498.8(3.63%),P:1e-119	Tpos:288.6,Tstd:198.5,Bpos:244.0,Bstd:149.4,StrandBias:-0.2,Multiplicity:1.04
0.067	0.480	0.220	0.233
0.072	0.132	0.001	0.795
0.030	0.369	0.016	0.585
0.219	0.001	0.027	0.753
0.101	0.286	0.571	0.042
0.628	0.046	0.016	0.310
0.186	0.001	0.015	0.798
0.001	0.022	0.976	0.001
0.001	0.001	0.001	0.997
0.007	0.001	0.969	0.023
0.093	0.036	0.761	0.110
0.036	0.266	0.225	0.473
>AAAGTGAAACYD	8-AAAGTGAAACYD	8.223784	-266.630524	0	T:1403.0(17.89%),B:3913.9(9.49%),P:1e-115	Tpos:297.8,Tstd:217.1,Bpos:252.8,Bstd:152.2,StrandBias:0.1,Multiplicity:1.18
0.767	0.032	0.165	0.036
0.712	0.042	0.149	0.097
0.838	0.013	0.067	0.082
0.240	0.257	0.441	0.062
0.205	0.017	0.155	0.623
0.100	0.038	0.859	0.003
0.910	0.003	0.045	0.042
0.962	0.018	0.010	0.010
0.992	0.001	0.001	0.006
0.083	0.561	0.302	0.054
0.146	0.423	0.075	0.356
0.324	0.109	0.352	0.216
>TGTGTGGGHGGV	9-TGTGTGGGHGGV	8.940239	-219.515245	0	T:820.0(10.46%),B:1949.0(4.72%),P:1e-95	Tpos:280.1,Tstd:204.7,Bpos:255.1,Bstd:151.4,StrandBias:-0.1,Multiplicity:1.03
0.098	0.001	0.108	0.793
0.009	0.018	0.972	0.001
0.219	0.259	0.052	0.470
0.001	0.049	0.949	0.001
0.054	0.001	0.120	0.825
0.020	0.001	0.978	0.001
0.060	0.001	0.930	0.009
0.001	0.001	0.997	0.001
0.296	0.388	0.001	0.316
0.122	0.001	0.748	0.129
0.039	0.042	0.796	0.123
0.326	0.288	0.234	0.151
>DGDGGGYGGGGC	10-DGDGGGYGGGGC	8.653820	-216.816439	0	T:1593.0(20.31%),B:4987.5(12.09%),P:1e-94	Tpos:301.6,Tstd:220.8,Bpos:251.4,Bstd:149.1,StrandBias:0.0,Multiplicity:1.34
0.371	0.122	0.262	0.246
0.250	0.156	0.579	0.015
0.287	0.025	0.325	0.364
0.091	0.001	0.907	0.001
0.004	0.001	0.994	0.001
0.001	0.001	0.997	0.001
0.193	0.402	0.001	0.404
0.080	0.012	0.882	0.026
0.070	0.018	0.756	0.156
0.214	0.001	0.742	0.043
0.002	0.001	0.987	0.010
0.103	0.679	0.059	0.159
>GGGGGTTTCCCC	11-GGGGGTTTCCCC	8.143489	-197.055702	0	T:613.0(7.82%),B:1323.1(3.21%),P:1e-85	Tpos:288.4,Tstd:206.5,Bpos:247.8,Bstd:140.6,StrandBias:-0.0,Multiplicity:1.06
0.200	0.001	0.615	0.184
0.006	0.006	0.975	0.013
0.001	0.001	0.958	0.040
0.076	0.001	0.905	0.018
0.254	0.115	0.477	0.155
0.079	0.126	0.119	0.676
0.001	0.001	0.005	0.993
0.001	0.185	0.001	0.813
0.001	0.913	0.001	0.085
0.001	0.993	0.001	0.005
0.001	0.961	0.001	0.037
0.181	0.726	0.001	0.092
>TGAGTCACTTCC	12-TGAGTCACTTCC	9.462944	-174.305381	0	T:400.0(5.10%),B:719.2(1.74%),P:1e-75	Tpos:267.1,Tstd:193.0,Bpos:264.4,Bstd:141.1,StrandBias:0.0,Multiplicity:1.03
0.032	0.065	0.046	0.857
0.065	0.077	0.783	0.075
0.751	0.001	0.070	0.178
0.112	0.103	0.688	0.097
0.001	0.001	0.026	0.972
0.141	0.812	0.046	0.001
0.815	0.033	0.017	0.135
0.065	0.888	0.001	0.046
0.075	0.001	0.001	0.923
0.001	0.001	0.061	0.937
0.050	0.782	0.073	0.095
0.116	0.795	0.001	0.088
>AAAGATCAAAGG	13-AAAGATCAAAGG	7.459557	-126.718768	0	T:1093.0(13.94%),B:3536.6(8.57%),P:1e-55	Tpos:290.7,Tstd:217.5,Bpos:253.8,Bstd:147.4,StrandBias:0.1,Multiplicity:1.08
0.747	0.049	0.145	0.059
0.799	0.068	0.088	0.045
0.858	0.020	0.064	0.058
0.032	0.102	0.808	0.058
0.828	0.039	0.055	0.078
0.042	0.030	0.046	0.882
0.065	0.786	0.098	0.051
0.919	0.032	0.013	0.036
0.853	0.052	0.076	0.019
0.870	0.016	0.048	0.066
0.077	0.017	0.871	0.035
0.091	0.067	0.781	0.061
>AGGTGTGAAACC	14-AGGTGTGAAACC	7.129802	-93.429608	0	T:1052.0(13.41%),B:3639.4(8.82%),P:1e-40	Tpos:299.3,Tstd:216.2,Bpos:249.2,Bstd:154.9,StrandBias:0.1,Multiplicity:1.10
0.781	0.045	0.092	0.082
0.096	0.059	0.743	0.102
0.094	0.088	0.728	0.090
0.076	0.038	0.074	0.812
0.065	0.087	0.761	0.087
0.115	0.029	0.073	0.783
0.083	0.104	0.745	0.068
0.792	0.059	0.082	0.067
0.727	0.114	0.103	0.056
0.725	0.102	0.098	0.075
0.109	0.694	0.100	0.097
0.119	0.712	0.065	0.104
>TRCCATRGHAAC	15-TRCCATRGHAAC	9.478449	-86.095488	0	T:124.0(1.58%),B:157.9(0.38%),P:1e-37	Tpos:264.9,Tstd:212.4,Bpos:253.4,Bstd:145.3,StrandBias:-0.3,Multiplicity:1.01
0.033	0.386	0.026	0.555
0.400	0.183	0.390	0.027
0.035	0.555	0.190	0.220
0.023	0.594	0.022	0.361
0.878	0.051	0.026	0.045
0.040	0.052	0.259	0.649
0.435	0.003	0.548	0.014
0.031	0.057	0.765	0.147
0.396	0.313	0.018	0.273
0.565	0.037	0.258	0.140
0.628	0.044	0.280	0.048
0.037	0.832	0.058	0.073
>GCCACCTAGTGG	16-GCCACCTAGTGG	10.318197	-77.004109	0	T:111.0(1.42%),B:141.2(0.34%),P:1e-33	Tpos:287.2,Tstd:242.6,Bpos:264.3,Bstd:139.2,StrandBias:-0.3,Multiplicity:1.01
0.031	0.001	0.967	0.001
0.124	0.844	0.001	0.031
0.001	0.967	0.001	0.031
0.863	0.105	0.001	0.031
0.031	0.937	0.001	0.031
0.001	0.967	0.031	0.001
0.001	0.020	0.001	0.978
0.889	0.032	0.049	0.030
0.001	0.073	0.925	0.001
0.001	0.031	0.001	0.967
0.001	0.001	0.997	0.001
0.001	0.001	0.967	0.031
>GKTTTTTTTTTT	17-GKTTTTTTTTTT	7.844570	-58.479654	0	T:1725.0(22.00%),B:7160.3(17.35%),P:1e-25	Tpos:310.8,Tstd:233.4,Bpos:252.3,Bstd:161.4,StrandBias:0.0,Multiplicity:1.23
0.131	0.069	0.583	0.217
0.046	0.108	0.487	0.359
0.005	0.010	0.363	0.622
0.008	0.001	0.384	0.607
0.005	0.016	0.225	0.754
0.001	0.001	0.152	0.846
0.001	0.001	0.336	0.662
0.001	0.001	0.147	0.851
0.019	0.015	0.038	0.928
0.017	0.070	0.089	0.824
0.107	0.214	0.044	0.635
0.092	0.304	0.063	0.541
>CDGAAGCGTCAT	18-CDGAAGCGTCAT	8.144896	-44.323738	0	T:13.0(0.17%),B:1.4(0.00%),P:1e-19	Tpos:263.8,Tstd:158.8,Bpos:164.2,Bstd:85.7,StrandBias:2.5,Multiplicity:1.00
0.219	0.499	0.258	0.023
0.245	0.142	0.380	0.232
0.205	0.028	0.548	0.219
0.631	0.315	0.034	0.020
0.707	0.013	0.034	0.246
0.255	0.185	0.541	0.019
0.263	0.482	0.021	0.234
0.204	0.185	0.407	0.203
0.192	0.178	0.188	0.443
0.027	0.706	0.028	0.239
0.908	0.032	0.023	0.037
0.174	0.228	0.208	0.391
>GCAGAGTCCTCA	19-GCAGAGTCCTCA	12.355432	-28.496897	0	T:11.0(0.14%),B:2.1(0.01%),P:1e-12	Tpos:232.7,Tstd:132.4,Bpos:278.9,Bstd:120.5,StrandBias:10.0,Multiplicity:1.00
0.100	0.100	0.700	0.100
0.100	0.700	0.100	0.100
0.700	0.100	0.100	0.100
0.100	0.100	0.700	0.100
0.700	0.100	0.100	0.100
0.100	0.100	0.700	0.100
0.100	0.100	0.100	0.700
0.100	0.700	0.100	0.100
0.100	0.700	0.100	0.100
0.100	0.100	0.100	0.700
0.100	0.700	0.100	0.100
0.700	0.100	0.100	0.100
>TGTGTCTTGCAC	20-TGTGTCTTGCAC	13.552125	-23.700415	0	T:16.0(0.20%),B:9.2(0.02%),P:1e-10	Tpos:162.3,Tstd:91.5,Bpos:319.4,Bstd:93.9,StrandBias:1.6,Multiplicity:1.00
0.001	0.001	0.001	0.997
0.001	0.001	0.997	0.001
0.001	0.001	0.001	0.997
0.001	0.001	0.997	0.001
0.001	0.001	0.059	0.939
0.001	0.997	0.001	0.001
0.001	0.001	0.001	0.997
0.140	0.059	0.001	0.800
0.001	0.001	0.997	0.001
0.001	0.997	0.001	0.001
0.997	0.001	0.001	0.001
0.001	0.997	0.001	0.001
>AAAAMRWCGBTT	21-AAAAMRWCGBTT	8.559077	-19.978455	0	T:144.0(1.84%),B:445.5(1.08%),P:1e-8	Tpos:293.1,Tstd:235.1,Bpos:246.5,Bstd:161.1,StrandBias:0.2,Multiplicity:1.01
0.748	0.001	0.001	0.250
0.735	0.001	0.001	0.263
0.779	0.219	0.001	0.001
0.779	0.219	0.001	0.001
0.413	0.356	0.231	0.001
0.413	0.001	0.337	0.249
0.467	0.001	0.001	0.531
0.001	0.997	0.001	0.001
0.001	0.001	0.997	0.001
0.001	0.351	0.326	0.322
0.001	0.240	0.264	0.496
0.001	0.001	0.317	0.681
>TCACCACTYAGA	22-TCACCACTYAGA	13.591639	-17.467942	0	T:17.0(0.22%),B:16.0(0.04%),P:1e-7	Tpos:233.9,Tstd:135.6,Bpos:262.9,Bstd:149.5,StrandBias:1.0,Multiplicity:1.50
0.001	0.404	0.001	0.594
0.001	0.997	0.001	0.001
0.997	0.001	0.001	0.001
0.001	0.997	0.001	0.001
0.001	0.997	0.001	0.001
0.997	0.001	0.001	0.001
0.391	0.594	0.001	0.014
0.001	0.001	0.001	0.997
0.001	0.391	0.204	0.405
0.997	0.001	0.001	0.001
0.001	0.001	0.997	0.001
0.997	0.001	0.001	0.001
>ATGCACTGGGTA	23-ATGCACTGGGTA	14.534180	-15.630196	0	T:7.0(0.09%),B:2.9(0.01%),P:1e-6	Tpos:185.1,Tstd:145.3,Bpos:187.9,Bstd:87.0,StrandBias:4.2,Multiplicity:5.71
0.997	0.001	0.001	0.001
0.001	0.001	0.001	0.997
0.001	0.001	0.997	0.001
0.001	0.641	0.001	0.357
0.645	0.001	0.353	0.001
0.001	0.997	0.001	0.001
0.001	0.001	0.001	0.997
0.001	0.001	0.997	0.001
0.001	0.001	0.997	0.001
0.001	0.001	0.997	0.001
0.001	0.001	0.001	0.997
0.997	0.001	0.001	0.001
>TCACCACTGTGT	24-TCACCACTGTGT	12.355432	-7.349903	0	T:4.0(0.05%),B:2.0(0.00%),P:1e-3	Tpos:196.1,Tstd:126.0,Bpos:226.2,Bstd:8.8,StrandBias:3.9,Multiplicity:4.00
0.100	0.100	0.100	0.700
0.100	0.700	0.100	0.100
0.700	0.100	0.100	0.100
0.100	0.700	0.100	0.100
0.100	0.700	0.100	0.100
0.700	0.100	0.100	0.100
0.100	0.700	0.100	0.100
0.100	0.100	0.100	0.700
0.100	0.100	0.700	0.100
0.100	0.100	0.100	0.700
0.100	0.100	0.700	0.100
0.100	0.100	0.100	0.700
>AATGAGTATACA	25-AATGAGTATACA	13.128714	-4.976192	0	T:3.0(0.04%),B:2.6(0.01%),P:1e-2	Tpos:160.6,Tstd:111.8,Bpos:351.4,Bstd:165.0,StrandBias:10.0,Multiplicity:6.00
0.967	0.001	0.001	0.031
0.997	0.001	0.001	0.001
0.001	0.001	0.001	0.997
0.001	0.001	0.997	0.001
0.997	0.001	0.001	0.001
0.001	0.001	0.997	0.001
0.001	0.001	0.001	0.997
0.997	0.001	0.001	0.001
0.001	0.001	0.001	0.997
0.997	0.001	0.001	0.001
0.001	0.997	0.001	0.001
0.997	0.001	0.001	0.001
