Factor1: 0.9957053059754114
Factor2: 1.0043132179760554
