>VACATCAAAG	1-VACATCAAAG	7.526140	-960.709149	0	T:1699.0(34.82%),B:4897.9(11.09%),P:1e-417	Tpos:279.1,Tstd:188.5,Bpos:248.5,Bstd:152.6,StrandBias:0.1,Multiplicity:1.26
0.304	0.314	0.228	0.155
0.782	0.027	0.075	0.116
0.021	0.702	0.254	0.023
0.674	0.016	0.022	0.288
0.040	0.001	0.001	0.958
0.025	0.880	0.094	0.001
0.970	0.005	0.006	0.019
0.963	0.011	0.020	0.006
0.914	0.015	0.052	0.019
0.081	0.069	0.840	0.010
>TGASTCATMG	2-TGASTCATMG	6.579380	-711.835148	0	T:1388.0(28.45%),B:4172.6(9.45%),P:1e-309	Tpos:266.4,Tstd:174.4,Bpos:245.9,Bstd:151.9,StrandBias:0.0,Multiplicity:1.24
0.037	0.037	0.026	0.900
0.036	0.035	0.842	0.087
0.873	0.042	0.040	0.045
0.050	0.514	0.374	0.062
0.045	0.032	0.046	0.877
0.091	0.826	0.046	0.037
0.883	0.038	0.036	0.043
0.092	0.205	0.214	0.489
0.273	0.415	0.085	0.226
0.185	0.225	0.380	0.209
>CCTTTGAWST	3-CCTTTGAWST	6.402707	-637.992956	0	T:2820.0(57.80%),B:14529.9(32.91%),P:1e-277	Tpos:283.2,Tstd:206.4,Bpos:246.5,Bstd:151.5,StrandBias:-0.0,Multiplicity:1.34
0.010	0.435	0.281	0.273
0.010	0.588	0.195	0.207
0.052	0.080	0.001	0.867
0.001	0.122	0.001	0.876
0.001	0.001	0.001	0.997
0.087	0.123	0.703	0.087
0.841	0.076	0.001	0.082
0.468	0.001	0.001	0.530
0.125	0.373	0.410	0.092
0.288	0.131	0.133	0.448
>VACAGGAAGT	4-VACAGGAAGT	8.168327	-420.390502	0	T:1416.0(29.02%),B:5843.4(13.23%),P:1e-182	Tpos:285.7,Tstd:202.1,Bpos:247.9,Bstd:148.7,StrandBias:0.0,Multiplicity:1.17
0.300	0.261	0.327	0.113
0.802	0.001	0.196	0.001
0.071	0.759	0.107	0.063
0.997	0.001	0.001	0.001
0.001	0.001	0.997	0.001
0.001	0.001	0.991	0.007
0.997	0.001	0.001	0.001
0.889	0.001	0.009	0.101
0.298	0.001	0.700	0.001
0.065	0.333	0.056	0.546
>CCACATCAAA	5-CCACATCAAA	8.355526	-396.357856	0	T:602.0(12.34%),B:1400.9(3.17%),P:1e-172	Tpos:283.7,Tstd:186.1,Bpos:246.1,Bstd:139.3,StrandBias:-0.1,Multiplicity:1.04
0.001	0.997	0.001	0.001
0.001	0.997	0.001	0.001
0.983	0.001	0.009	0.007
0.001	0.985	0.001	0.013
0.960	0.001	0.038	0.001
0.098	0.017	0.001	0.884
0.038	0.822	0.049	0.091
0.920	0.001	0.001	0.078
0.651	0.157	0.161	0.031
0.822	0.019	0.033	0.126
>HSAAACCACA	6-HSAAACCACA	7.793502	-341.018505	0	T:987.0(20.23%),B:3663.2(8.30%),P:1e-148	Tpos:292.5,Tstd:195.1,Bpos:247.5,Bstd:154.6,StrandBias:-0.1,Multiplicity:1.10
0.313	0.288	0.162	0.237
0.209	0.246	0.363	0.182
0.582	0.085	0.073	0.260
0.943	0.038	0.001	0.018
0.892	0.038	0.069	0.001
0.001	0.979	0.019	0.001
0.001	0.997	0.001	0.001
0.818	0.001	0.180	0.001
0.027	0.971	0.001	0.001
0.559	0.001	0.159	0.281
>GGGRATTYCC	7-GGGRATTYCC	9.708678	-254.863524	0	T:350.0(7.17%),B:732.3(1.66%),P:1e-110	Tpos:279.5,Tstd:182.0,Bpos:247.0,Bstd:139.7,StrandBias:-0.2,Multiplicity:1.06
0.013	0.007	0.846	0.134
0.009	0.001	0.989	0.001
0.001	0.026	0.850	0.123
0.452	0.019	0.504	0.025
0.388	0.200	0.230	0.182
0.353	0.001	0.001	0.645
0.014	0.051	0.013	0.922
0.005	0.512	0.017	0.466
0.005	0.975	0.001	0.019
0.005	0.993	0.001	0.001
>GTGTGGGTGG	8-GTGTGGGTGG	8.328885	-179.036494	0	T:773.0(15.84%),B:3424.5(7.76%),P:1e-77	Tpos:280.0,Tstd:194.6,Bpos:249.8,Bstd:148.4,StrandBias:-0.2,Multiplicity:1.05
0.315	0.036	0.648	0.001
0.184	0.206	0.105	0.505
0.001	0.001	0.997	0.001
0.001	0.001	0.001	0.997
0.191	0.001	0.807	0.001
0.001	0.083	0.845	0.071
0.001	0.001	0.997	0.001
0.171	0.213	0.001	0.615
0.022	0.021	0.763	0.194
0.043	0.001	0.720	0.236
>KATTTGCATA	9-KATTTGCATA	10.488189	-166.712819	0	T:182.0(3.73%),B:300.8(0.68%),P:1e-72	Tpos:269.4,Tstd:185.9,Bpos:247.2,Bstd:141.5,StrandBias:0.0,Multiplicity:1.04
0.194	0.176	0.383	0.248
0.869	0.027	0.004	0.100
0.004	0.005	0.001	0.990
0.001	0.007	0.001	0.991
0.001	0.001	0.001	0.997
0.006	0.001	0.992	0.001
0.006	0.992	0.001	0.001
0.997	0.001	0.001	0.001
0.001	0.001	0.001	0.997
0.934	0.001	0.053	0.012
>CTTTCACTTT	10-CTTTCACTTT	7.449937	-120.334786	0	T:1100.0(22.55%),B:6336.1(14.35%),P:1e-52	Tpos:298.4,Tstd:213.3,Bpos:245.3,Bstd:154.2,StrandBias:0.1,Multiplicity:1.21
0.029	0.715	0.211	0.045
0.092	0.026	0.030	0.852
0.029	0.043	0.055	0.873
0.030	0.045	0.026	0.899
0.052	0.841	0.082	0.025
0.729	0.047	0.085	0.139
0.063	0.685	0.117	0.135
0.073	0.039	0.042	0.846
0.061	0.054	0.080	0.805
0.062	0.139	0.038	0.761
>TGGAAACTAT	11-TGGAAACTAT	8.023458	-113.604221	0	T:705.0(14.45%),B:3566.1(8.08%),P:1e-49	Tpos:281.7,Tstd:209.8,Bpos:244.7,Bstd:147.9,StrandBias:-0.1,Multiplicity:1.08
0.078	0.104	0.001	0.817
0.001	0.098	0.870	0.031
0.001	0.034	0.942	0.023
0.872	0.082	0.001	0.045
0.963	0.001	0.035	0.001
0.997	0.001	0.001	0.001
0.213	0.504	0.116	0.167
0.246	0.064	0.092	0.598
0.501	0.213	0.119	0.167
0.256	0.001	0.001	0.742
>GCTGTTTMCA	12-GCTGTTTMCA	6.996451	-72.498416	0	T:1716.0(35.17%),B:12124.1(27.46%),P:1e-31	Tpos:293.2,Tstd:215.1,Bpos:249.2,Bstd:153.2,StrandBias:-0.0,Multiplicity:1.29
0.106	0.060	0.645	0.189
0.047	0.859	0.093	0.001
0.285	0.005	0.046	0.664
0.010	0.044	0.918	0.028
0.025	0.322	0.001	0.652
0.020	0.001	0.001	0.978
0.004	0.001	0.383	0.612
0.374	0.304	0.190	0.131
0.001	0.639	0.001	0.359
0.712	0.001	0.003	0.284
>GGGGGGGGGG	13-GGGGGGGGGG	6.404373	-71.253604	0	T:1792.0(36.73%),B:12795.9(28.98%),P:1e-30	Tpos:314.8,Tstd:245.4,Bpos:245.5,Bstd:145.3,StrandBias:0.1,Multiplicity:1.69
0.100	0.100	0.700	0.100
0.100	0.100	0.700	0.100
0.100	0.100	0.700	0.100
0.100	0.100	0.700	0.100
0.100	0.100	0.700	0.100
0.100	0.100	0.700	0.100
0.100	0.100	0.700	0.100
0.100	0.100	0.700	0.100
0.100	0.100	0.700	0.100
0.100	0.100	0.700	0.100
>ATTTGCATGT	14-ATTTGCATGT	8.754841	-62.408123	0	T:239.0(4.90%),B:987.2(2.24%),P:1e-27	Tpos:257.5,Tstd:174.4,Bpos:242.8,Bstd:149.1,StrandBias:-0.0,Multiplicity:1.02
0.820	0.161	0.001	0.018
0.001	0.001	0.001	0.997
0.001	0.001	0.001	0.997
0.001	0.001	0.001	0.997
0.001	0.001	0.997	0.001
0.001	0.997	0.001	0.001
0.997	0.001	0.001	0.001
0.001	0.001	0.001	0.997
0.001	0.209	0.486	0.304
0.263	0.030	0.001	0.706
>GGAAAGTACC	15-GGAAAGTACC	9.119161	-58.412920	0	T:158.0(3.24%),B:546.6(1.24%),P:1e-25	Tpos:259.8,Tstd:179.8,Bpos:243.7,Bstd:145.2,StrandBias:0.3,Multiplicity:1.00
0.032	0.001	0.966	0.001
0.093	0.001	0.885	0.021
0.974	0.001	0.024	0.001
0.997	0.001	0.001	0.001
0.988	0.001	0.001	0.010
0.001	0.102	0.806	0.091
0.001	0.148	0.041	0.810
0.926	0.001	0.072	0.001
0.111	0.887	0.001	0.001
0.077	0.856	0.001	0.066
>GTTTGCGTCA	16-GTTTGCGTCA	7.403185	-50.110079	0	T:199.0(4.08%),B:837.7(1.90%),P:1e-21	Tpos:300.3,Tstd:208.3,Bpos:252.8,Bstd:150.8,StrandBias:0.0,Multiplicity:1.03
0.084	0.056	0.792	0.068
0.139	0.088	0.071	0.702
0.098	0.112	0.038	0.752
0.043	0.095	0.058	0.804
0.050	0.095	0.832	0.023
0.025	0.883	0.035	0.057
0.103	0.067	0.802	0.028
0.089	0.035	0.034	0.842
0.101	0.790	0.049	0.060
0.808	0.039	0.060	0.093
>TTTGTTTTGA	17-TTTGTTTTGA	10.231525	-48.307818	0	T:152.0(3.12%),B:572.8(1.30%),P:1e-20	Tpos:272.0,Tstd:250.1,Bpos:250.7,Bstd:155.5,StrandBias:0.1,Multiplicity:1.00
0.001	0.092	0.038	0.869
0.001	0.001	0.001	0.997
0.001	0.001	0.001	0.997
0.001	0.001	0.997	0.001
0.064	0.001	0.001	0.934
0.001	0.001	0.001	0.997
0.071	0.096	0.001	0.832
0.001	0.085	0.001	0.913
0.001	0.001	0.997	0.001
0.997	0.001	0.001	0.001
>ACCTCAAAGG	18-ACCTCAAAGG	8.256777	-40.882157	0	T:246.0(5.04%),B:1221.0(2.77%),P:1e-17	Tpos:297.3,Tstd:244.4,Bpos:248.4,Bstd:155.1,StrandBias:-0.2,Multiplicity:1.04
0.900	0.001	0.038	0.061
0.054	0.894	0.030	0.022
0.001	0.985	0.013	0.001
0.091	0.001	0.097	0.811
0.026	0.947	0.026	0.001
0.814	0.056	0.129	0.001
0.962	0.001	0.036	0.001
0.981	0.017	0.001	0.001
0.032	0.001	0.966	0.001
0.120	0.029	0.850	0.001
>CACTTCCTCC	19-CACTTCCTCC	9.376060	-38.767511	0	T:148.0(3.03%),B:614.9(1.39%),P:1e-16	Tpos:268.5,Tstd:177.8,Bpos:241.5,Bstd:149.4,StrandBias:0.1,Multiplicity:1.00
0.125	0.873	0.001	0.001
0.997	0.001	0.001	0.001
0.001	0.760	0.001	0.238
0.173	0.001	0.019	0.807
0.001	0.001	0.001	0.997
0.028	0.970	0.001	0.001
0.001	0.997	0.001	0.001
0.001	0.001	0.022	0.976
0.001	0.997	0.001	0.001
0.001	0.997	0.001	0.001
>TTAGCAGACG	20-TTAGCAGACG	9.954903	-25.856213	0	T:28.0(0.57%),B:49.2(0.11%),P:1e-11	Tpos:256.7,Tstd:131.9,Bpos:261.3,Bstd:163.2,StrandBias:0.3,Multiplicity:1.00
0.093	0.339	0.001	0.567
0.001	0.001	0.226	0.772
0.797	0.201	0.001	0.001
0.091	0.001	0.746	0.162
0.001	0.875	0.123	0.001
0.837	0.161	0.001	0.001
0.293	0.001	0.705	0.001
0.997	0.001	0.001	0.001
0.001	0.997	0.001	0.001
0.001	0.001	0.997	0.001
>GTCATACCCA	21-GTCATACCCA	-3.549150	-21.552927	0	T:1764.0(36.15%),B:14133.3(32.01%),P:1e-9	Tpos:286.4,Tstd:222.4,Bpos:247.2,Bstd:148.6,StrandBias:-0.1,Multiplicity:1.28
0.001	0.001	0.997	0.001
0.001	0.001	0.001	0.997
0.001	0.997	0.001	0.001
0.997	0.001	0.001	0.001
0.001	0.001	0.001	0.997
0.997	0.001	0.001	0.001
0.001	0.997	0.001	0.001
0.001	0.970	0.028	0.001
0.001	0.997	0.001	0.001
0.997	0.001	0.001	0.001
>GTGATGTTAC	22-GTGATGTTAC	6.404373	-17.990200	0	T:1363.0(27.94%),B:10804.3(24.47%),P:1e-7	Tpos:281.2,Tstd:213.8,Bpos:248.7,Bstd:150.7,StrandBias:0.0,Multiplicity:1.22
0.100	0.100	0.700	0.100
0.100	0.100	0.100	0.700
0.100	0.100	0.700	0.100
0.700	0.100	0.100	0.100
0.100	0.100	0.100	0.700
0.100	0.100	0.700	0.100
0.100	0.100	0.100	0.700
0.100	0.100	0.100	0.700
0.700	0.100	0.100	0.100
0.100	0.700	0.100	0.100
>TCACATGGCG	23-TCACATGGCG	13.440163	-13.490189	0	T:6.0(0.12%),B:3.4(0.01%),P:1e-5	Tpos:252.8,Tstd:127.9,Bpos:0.0,Bstd:0.0,StrandBias:2.3,Multiplicity:1.00
0.001	0.001	0.001	0.997
0.001	0.914	0.084	0.001
0.997	0.001	0.001	0.001
0.001	0.997	0.001	0.001
0.997	0.001	0.001	0.001
0.117	0.001	0.001	0.881
0.001	0.001	0.997	0.001
0.084	0.001	0.831	0.084
0.001	0.997	0.001	0.001
0.001	0.001	0.997	0.001
>CGGATAGAAG	24-CGGATAGAAG	10.296193	-12.521123	0	T:5.0(0.10%),B:2.2(0.01%),P:1e-5	Tpos:302.8,Tstd:191.8,Bpos:302.4,Bstd:139.6,StrandBias:0.6,Multiplicity:1.00
0.100	0.700	0.100	0.100
0.100	0.100	0.700	0.100
0.100	0.100	0.700	0.100
0.700	0.100	0.100	0.100
0.100	0.100	0.100	0.700
0.700	0.100	0.100	0.100
0.100	0.100	0.700	0.100
0.700	0.100	0.100	0.100
0.700	0.100	0.100	0.100
0.100	0.100	0.700	0.100
>CGCTACTGTC	25-CGCTACTGTC	10.296193	-10.612895	0	T:6.0(0.12%),B:5.4(0.01%),P:1e-4	Tpos:262.2,Tstd:191.7,Bpos:210.4,Bstd:83.7,StrandBias:0.0,Multiplicity:1.00
0.100	0.700	0.100	0.100
0.100	0.100	0.700	0.100
0.100	0.700	0.100	0.100
0.100	0.100	0.100	0.700
0.700	0.100	0.100	0.100
0.100	0.700	0.100	0.100
0.100	0.100	0.100	0.700
0.100	0.100	0.700	0.100
0.100	0.100	0.100	0.700
0.100	0.700	0.100	0.100
