Factor1: 1.0712927710929958
Factor2: 0.9334516455102586
