>TGAGAKYAGTGC	19-TGAGAKYAGTGC,BestGuess:Bcl6+MA0463-1(0.264)	12.518481	-11.564684	0	T:4.0(0.07%),B:1.1(0.00%),P:1e-5
0.102	0.001	0.035	0.862
0.068	0.102	0.761	0.069
0.892	0.001	0.072	0.035
0.034	0.002	0.828	0.136
0.727	0.170	0.001	0.102
0.103	0.103	0.374	0.420
0.036	0.454	0.068	0.442
0.826	0.034	0.068	0.072
0.306	0.035	0.523	0.136
0.034	0.001	0.001	0.964
0.001	0.034	0.863	0.102
0.104	0.758	0.104	0.034
