>TCACTCCAAAAT	2-TCACTCCAAAAT,BestGuess:Bcl6+PB0006-1(0.467)	9.611295	-32.739480	0	T:134.0(2.39%),B:504.5(1.14%),P:1e-14
0.039	0.001	0.058	0.902
0.012	0.815	0.094	0.079
0.816	0.084	0.001	0.099
0.072	0.817	0.032	0.079
0.107	0.063	0.001	0.829
0.095	0.787	0.001	0.117
0.096	0.837	0.001	0.066
0.892	0.016	0.001	0.091
0.865	0.047	0.072	0.016
0.775	0.111	0.065	0.049
0.886	0.059	0.001	0.054
0.093	0.066	0.063	0.778
