>ATTTTGGAGTGA	2-TCACTCCAAAAT	9.611295	-32.739480	0	T:134.0(2.39%),B:504.5(1.14%),P:1e-14
0.778	0.063	0.066	0.093
0.054	0.001	0.059	0.886
0.049	0.065	0.111	0.775
0.016	0.072	0.047	0.865
0.091	0.001	0.016	0.892
0.066	0.001	0.837	0.096
0.117	0.001	0.787	0.095
0.829	0.001	0.063	0.107
0.079	0.032	0.817	0.072
0.099	0.001	0.084	0.816
0.079	0.094	0.815	0.012
0.902	0.058	0.001	0.039
