>AGACCCCTCCCA	10-AGACCCCTCCCA,BestGuess:Bcl6+PB0110-1(0.541)	10.697619	-22.079930	0	T:34.0(0.61%),B:73.6(0.17%),P:1e-9
0.821	0.038	0.088	0.053
0.100	0.098	0.744	0.058
0.823	0.082	0.049	0.046
0.163	0.738	0.049	0.050
0.057	0.894	0.001	0.048
0.110	0.769	0.019	0.102
0.096	0.874	0.019	0.011
0.114	0.019	0.001	0.866
0.039	0.873	0.030	0.058
0.001	0.980	0.001	0.018
0.057	0.865	0.001	0.077
0.761	0.102	0.038	0.099
