Factor1: 0.7076649613235885
Factor2: 1.4130980826430035
