>GAGYCAAGAC	1-GAGYCAAGAC	6.599478	-29.680058	0	T:762.0(13.62%),B:4659.6(10.49%),P:1e-12	Tpos:200.2,Tstd:201.5,Bpos:141.9,Bstd:78.0,StrandBias:0.1,Multiplicity:1.12
0.247	0.185	0.567	0.001
0.674	0.107	0.156	0.063
0.019	0.010	0.893	0.078
0.029	0.289	0.257	0.425
0.014	0.674	0.046	0.266
0.917	0.020	0.053	0.010
0.898	0.001	0.047	0.054
0.073	0.076	0.718	0.133
0.832	0.028	0.073	0.067
0.342	0.649	0.001	0.008
>GCTCTAGCCC	2-GCTCTAGCCC	9.257677	-28.894940	0	T:58.0(1.04%),B:149.3(0.34%),P:1e-12	Tpos:216.9,Tstd:179.3,Bpos:141.8,Bstd:80.6,StrandBias:0.7,Multiplicity:1.00
0.001	0.001	0.997	0.001
0.001	0.973	0.025	0.001
0.026	0.031	0.078	0.865
0.026	0.904	0.010	0.060
0.198	0.178	0.001	0.623
0.939	0.001	0.047	0.013
0.017	0.043	0.883	0.057
0.001	0.989	0.009	0.001
0.048	0.861	0.078	0.013
0.001	0.997	0.001	0.001
>GTAGCTCAGC	3-GTAGCTCAGC	8.965731	-25.716223	0	T:82.0(1.47%),B:277.4(0.62%),P:1e-11	Tpos:169.7,Tstd:188.3,Bpos:141.6,Bstd:81.3,StrandBias:-0.2,Multiplicity:1.01
0.037	0.001	0.957	0.005
0.023	0.001	0.094	0.882
0.876	0.058	0.001	0.065
0.055	0.001	0.943	0.001
0.015	0.930	0.015	0.040
0.020	0.052	0.001	0.927
0.017	0.967	0.001	0.015
0.746	0.081	0.001	0.172
0.001	0.019	0.979	0.001
0.162	0.798	0.027	0.013
>CTGCGTTCTG	4-CTGCGTTCTG	7.511644	-23.371514	0	T:225.0(4.02%),B:1133.6(2.55%),P:1e-10	Tpos:200.6,Tstd:180.9,Bpos:142.8,Bstd:76.9,StrandBias:0.0,Multiplicity:1.03
0.090	0.766	0.087	0.057
0.099	0.021	0.021	0.859
0.060	0.064	0.825	0.051
0.102	0.747	0.072	0.079
0.110	0.101	0.724	0.065
0.061	0.112	0.035	0.792
0.048	0.074	0.065	0.813
0.040	0.828	0.051	0.081
0.047	0.039	0.050	0.864
0.072	0.054	0.787	0.087
>CKGTTATCAA	5-CKGTTATCAA	9.365032	-22.409383	0	T:81.0(1.45%),B:292.5(0.66%),P:1e-9	Tpos:177.1,Tstd:178.5,Bpos:142.1,Bstd:78.3,StrandBias:0.0,Multiplicity:1.01
0.181	0.751	0.001	0.067
0.001	0.193	0.388	0.418
0.193	0.103	0.703	0.001
0.071	0.001	0.001	0.927
0.001	0.001	0.001	0.997
0.997	0.001	0.001	0.001
0.001	0.001	0.001	0.997
0.001	0.997	0.001	0.001
0.997	0.001	0.001	0.001
0.777	0.001	0.001	0.221
>MCCATGGTAT	6-MCCATGGTAT	8.516194	-21.957261	0	T:64.0(1.14%),B:208.3(0.47%),P:1e-9	Tpos:231.2,Tstd:242.3,Bpos:139.7,Bstd:77.3,StrandBias:0.1,Multiplicity:1.03
0.355	0.473	0.042	0.130
0.198	0.580	0.051	0.171
0.121	0.709	0.014	0.156
0.761	0.166	0.030	0.043
0.007	0.059	0.217	0.717
0.147	0.008	0.816	0.029
0.178	0.007	0.670	0.145
0.152	0.125	0.004	0.719
0.592	0.227	0.173	0.008
0.050	0.019	0.205	0.726
>ACCCTGCAAA	7-ACCCTGCAAA	9.284094	-21.877107	0	T:122.0(2.18%),B:523.1(1.18%),P:1e-9	Tpos:181.2,Tstd:168.8,Bpos:145.8,Bstd:78.4,StrandBias:0.2,Multiplicity:1.03
0.856	0.104	0.001	0.039
0.017	0.951	0.031	0.001
0.056	0.896	0.001	0.047
0.058	0.768	0.049	0.125
0.063	0.001	0.001	0.935
0.001	0.001	0.963	0.035
0.020	0.855	0.124	0.001
0.964	0.001	0.001	0.034
0.882	0.071	0.029	0.018
0.925	0.028	0.046	0.001
>TTAATCACTG	8-TTAATCACTG	8.020086	-21.557187	0	T:163.0(2.91%),B:770.1(1.73%),P:1e-9	Tpos:165.5,Tstd:128.6,Bpos:139.5,Bstd:79.6,StrandBias:-0.2,Multiplicity:1.02
0.017	0.065	0.070	0.848
0.016	0.074	0.038	0.872
0.975	0.001	0.001	0.023
0.901	0.070	0.028	0.001
0.055	0.001	0.001	0.943
0.001	0.911	0.026	0.062
0.842	0.007	0.087	0.064
0.107	0.874	0.018	0.001
0.001	0.001	0.062	0.936
0.058	0.001	0.940	0.001
>WATCMCCCAM	9-WATCMCCCAM	8.489821	-20.833267	0	T:51.0(0.91%),B:151.2(0.34%),P:1e-9	Tpos:200.5,Tstd:168.2,Bpos:135.1,Bstd:79.0,StrandBias:0.7,Multiplicity:1.08
0.449	0.046	0.151	0.354
0.844	0.045	0.059	0.052
0.050	0.019	0.055	0.876
0.032	0.581	0.351	0.036
0.530	0.397	0.056	0.017
0.004	0.562	0.378	0.056
0.070	0.596	0.018	0.316
0.077	0.758	0.129	0.036
0.593	0.362	0.014	0.031
0.499	0.387	0.062	0.053
>ACACGATTTA	10-ACACGATTTA	9.771574	-20.484141	0	T:43.0(0.77%),B:116.9(0.26%),P:1e-8	Tpos:232.7,Tstd:220.9,Bpos:143.4,Bstd:84.2,StrandBias:0.1,Multiplicity:1.00
0.997	0.001	0.001	0.001
0.001	0.957	0.001	0.041
0.853	0.145	0.001	0.001
0.001	0.853	0.001	0.145
0.001	0.006	0.710	0.283
0.768	0.083	0.001	0.148
0.105	0.001	0.001	0.893
0.001	0.342	0.001	0.656
0.068	0.001	0.001	0.930
0.750	0.093	0.053	0.104
>CAACCGAGTC	11-CAACCGAGTC	10.296193	-19.117249	0	T:6.0(0.11%),B:1.9(0.00%),P:1e-8	Tpos:326.2,Tstd:149.4,Bpos:54.6,Bstd:25.6,StrandBias:1.0,Multiplicity:1.00
0.100	0.700	0.100	0.100
0.700	0.100	0.100	0.100
0.700	0.100	0.100	0.100
0.100	0.700	0.100	0.100
0.100	0.700	0.100	0.100
0.100	0.100	0.700	0.100
0.700	0.100	0.100	0.100
0.100	0.100	0.700	0.100
0.100	0.100	0.100	0.700
0.100	0.700	0.100	0.100
>ACMCCCTAGG	12-ACMCCCTAGG	9.352472	-18.960585	0	T:16.0(0.29%),B:19.2(0.04%),P:1e-8	Tpos:124.4,Tstd:142.9,Bpos:117.1,Bstd:82.8,StrandBias:-0.7,Multiplicity:1.00
0.629	0.031	0.014	0.326
0.023	0.634	0.326	0.017
0.331	0.411	0.232	0.026
0.039	0.878	0.047	0.036
0.068	0.869	0.038	0.025
0.090	0.804	0.066	0.040
0.001	0.235	0.078	0.686
0.752	0.062	0.072	0.114
0.053	0.314	0.607	0.026
0.226	0.061	0.675	0.038
>TGATCTCATT	13-TGATCTCATT	10.395414	-18.374648	0	T:52.0(0.93%),B:168.7(0.38%),P:1e-7	Tpos:249.9,Tstd:252.2,Bpos:145.2,Bstd:78.7,StrandBias:-0.6,Multiplicity:1.23
0.001	0.239	0.001	0.759
0.001	0.001	0.997	0.001
0.754	0.001	0.244	0.001
0.001	0.001	0.001	0.997
0.247	0.751	0.001	0.001
0.001	0.001	0.185	0.813
0.001	0.997	0.001	0.001
0.997	0.001	0.001	0.001
0.001	0.184	0.001	0.814
0.001	0.111	0.001	0.887
>ACCCTCCCTA	14-ACCCTCCCTA	10.296193	-17.163752	0	T:10.0(0.18%),B:8.0(0.02%),P:1e-7	Tpos:114.1,Tstd:47.7,Bpos:120.0,Bstd:66.8,StrandBias:2.0,Multiplicity:1.00
0.700	0.100	0.100	0.100
0.100	0.700	0.100	0.100
0.100	0.700	0.100	0.100
0.100	0.700	0.100	0.100
0.100	0.100	0.100	0.700
0.100	0.700	0.100	0.100
0.100	0.700	0.100	0.100
0.100	0.700	0.100	0.100
0.100	0.100	0.100	0.700
0.700	0.100	0.100	0.100
>GTGCGTCCTG	15-GTGCGTCCTG	10.642224	-16.943333	0	T:25.0(0.45%),B:53.2(0.12%),P:1e-7	Tpos:176.5,Tstd:291.5,Bpos:137.2,Bstd:76.7,StrandBias:-0.1,Multiplicity:1.00
0.001	0.001	0.997	0.001
0.196	0.001	0.001	0.802
0.001	0.001	0.997	0.001
0.052	0.889	0.001	0.058
0.001	0.033	0.724	0.242
0.001	0.001	0.001	0.997
0.001	0.997	0.001	0.001
0.001	0.997	0.001	0.001
0.085	0.001	0.001	0.913
0.086	0.001	0.865	0.048
>GCTCTTGAAA	16-GCTCTTGAAA	9.168293	-16.213284	0	T:127.0(2.27%),B:611.4(1.38%),P:1e-7	Tpos:217.3,Tstd:215.1,Bpos:140.8,Bstd:79.3,StrandBias:0.0,Multiplicity:1.03
0.052	0.038	0.776	0.134
0.030	0.890	0.001	0.079
0.001	0.135	0.001	0.863
0.001	0.852	0.028	0.119
0.001	0.001	0.001	0.997
0.040	0.001	0.001	0.958
0.001	0.033	0.873	0.093
0.929	0.016	0.054	0.001
0.903	0.001	0.041	0.055
0.953	0.016	0.030	0.001
>TGCGTGCAGV	17-TGCGTGCAGV	8.659664	-15.146542	0	T:28.0(0.50%),B:71.4(0.16%),P:1e-6	Tpos:229.0,Tstd:165.1,Bpos:149.1,Bstd:80.3,StrandBias:0.5,Multiplicity:1.00
0.036	0.001	0.001	0.962
0.038	0.193	0.488	0.280
0.090	0.671	0.238	0.001
0.001	0.256	0.691	0.052
0.001	0.001	0.094	0.904
0.325	0.001	0.673	0.001
0.001	0.803	0.195	0.001
0.586	0.234	0.001	0.179
0.001	0.001	0.578	0.420
0.327	0.386	0.286	0.001
>TACACCACGG	18-TACACCACGG	10.169560	-14.274556	0	T:16.0(0.29%),B:27.3(0.06%),P:1e-6	Tpos:190.7,Tstd:226.0,Bpos:147.4,Bstd:73.9,StrandBias:-0.1,Multiplicity:1.44
0.001	0.001	0.001	0.997
0.997	0.001	0.001	0.001
0.001	0.815	0.183	0.001
0.815	0.183	0.001	0.001
0.001	0.774	0.041	0.184
0.001	0.997	0.001	0.001
0.815	0.001	0.001	0.183
0.001	0.922	0.001	0.076
0.001	0.001	0.997	0.001
0.001	0.207	0.791	0.001
>TRCAGCCTGD	19-TRCAGCCTGD	7.427893	-13.855573	0	T:109.0(1.95%),B:528.1(1.19%),P:1e-6	Tpos:214.2,Tstd:211.9,Bpos:139.8,Bstd:77.9,StrandBias:1.2,Multiplicity:1.21
0.027	0.217	0.030	0.726
0.467	0.170	0.351	0.012
0.017	0.796	0.174	0.013
0.632	0.163	0.029	0.176
0.022	0.111	0.634	0.233
0.106	0.512	0.244	0.138
0.288	0.632	0.005	0.075
0.225	0.065	0.187	0.523
0.240	0.021	0.715	0.024
0.357	0.082	0.276	0.285
>RTGTGACGGA	20-RTGTGACGGA	4.187263	-7.324599	0	T:231.0(4.13%),B:1476.3(3.32%),P:1e-3	Tpos:214.0,Tstd:192.6,Bpos:139.9,Bstd:75.6,StrandBias:-0.3,Multiplicity:1.12
0.533	0.001	0.465	0.001
0.001	0.001	0.001	0.997
0.001	0.001	0.997	0.001
0.204	0.001	0.147	0.648
0.001	0.001	0.997	0.001
0.997	0.001	0.001	0.001
0.001	0.816	0.001	0.182
0.001	0.241	0.757	0.001
0.001	0.001	0.997	0.001
0.997	0.001	0.001	0.001
>TTTTTTTTTT	21-TTTTTTTTTT	9.877872	-6.302377	0	T:581.0(10.38%),B:4099.0(9.23%),P:1e-2	Tpos:229.6,Tstd:224.8,Bpos:140.9,Bstd:78.4,StrandBias:-0.1,Multiplicity:1.12
0.066	0.042	0.001	0.891
0.001	0.037	0.026	0.936
0.001	0.001	0.048	0.950
0.026	0.039	0.027	0.908
0.001	0.001	0.001	0.997
0.001	0.057	0.001	0.941
0.054	0.069	0.070	0.807
0.001	0.037	0.057	0.905
0.045	0.044	0.051	0.860
0.056	0.001	0.075	0.868
>AAAAAACAAC	22-AAAAAACAAC	10.296193	-6.300195	0	T:20.0(0.36%),B:75.9(0.17%),P:1e-2	Tpos:152.6,Tstd:130.9,Bpos:145.9,Bstd:79.2,StrandBias:0.0,Multiplicity:1.00
0.700	0.100	0.100	0.100
0.700	0.100	0.100	0.100
0.700	0.100	0.100	0.100
0.700	0.100	0.100	0.100
0.700	0.100	0.100	0.100
0.700	0.100	0.100	0.100
0.100	0.700	0.100	0.100
0.700	0.100	0.100	0.100
0.700	0.100	0.100	0.100
0.100	0.700	0.100	0.100
