>GAGYCAAGAC	1-GAGYCAAGAC	6.599478	-29.680058	0	T:762.0(13.62%),B:4659.6(10.49%),P:1e-12	Tpos:200.2,Tstd:201.5,Bpos:141.9,Bstd:78.0,StrandBias:0.1,Multiplicity:1.12
0.247	0.185	0.567	0.001
0.674	0.107	0.156	0.063
0.019	0.010	0.893	0.078
0.029	0.289	0.257	0.425
0.014	0.674	0.046	0.266
0.917	0.020	0.053	0.010
0.898	0.001	0.047	0.054
0.073	0.076	0.718	0.133
0.832	0.028	0.073	0.067
0.342	0.649	0.001	0.008
>GCTCTAGCCC	2-GCTCTAGCCC	9.257677	-28.894940	0	T:58.0(1.04%),B:149.3(0.34%),P:1e-12	Tpos:216.9,Tstd:179.3,Bpos:141.8,Bstd:80.6,StrandBias:0.7,Multiplicity:1.00
0.001	0.001	0.997	0.001
0.001	0.973	0.025	0.001
0.026	0.031	0.078	0.865
0.026	0.904	0.010	0.060
0.198	0.178	0.001	0.623
0.939	0.001	0.047	0.013
0.017	0.043	0.883	0.057
0.001	0.989	0.009	0.001
0.048	0.861	0.078	0.013
0.001	0.997	0.001	0.001
>GTAGCTCAGC	3-GTAGCTCAGC	8.965731	-25.716223	0	T:82.0(1.47%),B:277.4(0.62%),P:1e-11	Tpos:169.7,Tstd:188.3,Bpos:141.6,Bstd:81.3,StrandBias:-0.2,Multiplicity:1.01
0.037	0.001	0.957	0.005
0.023	0.001	0.094	0.882
0.876	0.058	0.001	0.065
0.055	0.001	0.943	0.001
0.015	0.930	0.015	0.040
0.020	0.052	0.001	0.927
0.017	0.967	0.001	0.015
0.746	0.081	0.001	0.172
0.001	0.019	0.979	0.001
0.162	0.798	0.027	0.013
>CTGCGTTCTG	4-CTGCGTTCTG	7.511644	-23.371514	0	T:225.0(4.02%),B:1133.6(2.55%),P:1e-10	Tpos:200.6,Tstd:180.9,Bpos:142.8,Bstd:76.9,StrandBias:0.0,Multiplicity:1.03
0.090	0.766	0.087	0.057
0.099	0.021	0.021	0.859
0.060	0.064	0.825	0.051
0.102	0.747	0.072	0.079
0.110	0.101	0.724	0.065
0.061	0.112	0.035	0.792
0.048	0.074	0.065	0.813
0.040	0.828	0.051	0.081
0.047	0.039	0.050	0.864
0.072	0.054	0.787	0.087
>CKGTTATCAA	5-CKGTTATCAA	9.365032	-22.409383	0	T:81.0(1.45%),B:292.5(0.66%),P:1e-9	Tpos:177.1,Tstd:178.5,Bpos:142.1,Bstd:78.3,StrandBias:0.0,Multiplicity:1.01
0.181	0.751	0.001	0.067
0.001	0.193	0.388	0.418
0.193	0.103	0.703	0.001
0.071	0.001	0.001	0.927
0.001	0.001	0.001	0.997
0.997	0.001	0.001	0.001
0.001	0.001	0.001	0.997
0.001	0.997	0.001	0.001
0.997	0.001	0.001	0.001
0.777	0.001	0.001	0.221
>MCCATGGTAT	6-MCCATGGTAT	8.516194	-21.957261	0	T:64.0(1.14%),B:208.3(0.47%),P:1e-9	Tpos:231.2,Tstd:242.3,Bpos:139.7,Bstd:77.3,StrandBias:0.1,Multiplicity:1.03
0.355	0.473	0.042	0.130
0.198	0.580	0.051	0.171
0.121	0.709	0.014	0.156
0.761	0.166	0.030	0.043
0.007	0.059	0.217	0.717
0.147	0.008	0.816	0.029
0.178	0.007	0.670	0.145
0.152	0.125	0.004	0.719
0.592	0.227	0.173	0.008
0.050	0.019	0.205	0.726
>ACCCTGCAAA	7-ACCCTGCAAA	9.284094	-21.877107	0	T:122.0(2.18%),B:523.1(1.18%),P:1e-9	Tpos:181.2,Tstd:168.8,Bpos:145.8,Bstd:78.4,StrandBias:0.2,Multiplicity:1.03
0.856	0.104	0.001	0.039
0.017	0.951	0.031	0.001
0.056	0.896	0.001	0.047
0.058	0.768	0.049	0.125
0.063	0.001	0.001	0.935
0.001	0.001	0.963	0.035
0.020	0.855	0.124	0.001
0.964	0.001	0.001	0.034
0.882	0.071	0.029	0.018
0.925	0.028	0.046	0.001
>TTAATCACTG	8-TTAATCACTG	8.020086	-21.557187	0	T:163.0(2.91%),B:770.1(1.73%),P:1e-9	Tpos:165.5,Tstd:128.6,Bpos:139.5,Bstd:79.6,StrandBias:-0.2,Multiplicity:1.02
0.017	0.065	0.070	0.848
0.016	0.074	0.038	0.872
0.975	0.001	0.001	0.023
0.901	0.070	0.028	0.001
0.055	0.001	0.001	0.943
0.001	0.911	0.026	0.062
0.842	0.007	0.087	0.064
0.107	0.874	0.018	0.001
0.001	0.001	0.062	0.936
0.058	0.001	0.940	0.001
>WATCMCCCAM	9-WATCMCCCAM	8.489821	-20.833267	0	T:51.0(0.91%),B:151.2(0.34%),P:1e-9	Tpos:200.5,Tstd:168.2,Bpos:135.1,Bstd:79.0,StrandBias:0.7,Multiplicity:1.08
0.449	0.046	0.151	0.354
0.844	0.045	0.059	0.052
0.050	0.019	0.055	0.876
0.032	0.581	0.351	0.036
0.530	0.397	0.056	0.017
0.004	0.562	0.378	0.056
0.070	0.596	0.018	0.316
0.077	0.758	0.129	0.036
0.593	0.362	0.014	0.031
0.499	0.387	0.062	0.053
>ACACGATTTA	10-ACACGATTTA	9.771574	-20.484141	0	T:43.0(0.77%),B:116.9(0.26%),P:1e-8	Tpos:232.7,Tstd:220.9,Bpos:143.4,Bstd:84.2,StrandBias:0.1,Multiplicity:1.00
0.997	0.001	0.001	0.001
0.001	0.957	0.001	0.041
0.853	0.145	0.001	0.001
0.001	0.853	0.001	0.145
0.001	0.006	0.710	0.283
0.768	0.083	0.001	0.148
0.105	0.001	0.001	0.893
0.001	0.342	0.001	0.656
0.068	0.001	0.001	0.930
0.750	0.093	0.053	0.104
>CAACCGAGTC	11-CAACCGAGTC	10.296193	-19.117249	0	T:6.0(0.11%),B:1.9(0.00%),P:1e-8	Tpos:326.2,Tstd:149.4,Bpos:54.6,Bstd:25.6,StrandBias:1.0,Multiplicity:1.00
0.100	0.700	0.100	0.100
0.700	0.100	0.100	0.100
0.700	0.100	0.100	0.100
0.100	0.700	0.100	0.100
0.100	0.700	0.100	0.100
0.100	0.100	0.700	0.100
0.700	0.100	0.100	0.100
0.100	0.100	0.700	0.100
0.100	0.100	0.100	0.700
0.100	0.700	0.100	0.100
>ACMCCCTAGG	12-ACMCCCTAGG	9.352472	-18.960585	0	T:16.0(0.29%),B:19.2(0.04%),P:1e-8	Tpos:124.4,Tstd:142.9,Bpos:117.1,Bstd:82.8,StrandBias:-0.7,Multiplicity:1.00
0.629	0.031	0.014	0.326
0.023	0.634	0.326	0.017
0.331	0.411	0.232	0.026
0.039	0.878	0.047	0.036
0.068	0.869	0.038	0.025
0.090	0.804	0.066	0.040
0.001	0.235	0.078	0.686
0.752	0.062	0.072	0.114
0.053	0.314	0.607	0.026
0.226	0.061	0.675	0.038
>TGATCTCATT	13-TGATCTCATT	10.395414	-18.374648	0	T:52.0(0.93%),B:168.7(0.38%),P:1e-7	Tpos:249.9,Tstd:252.2,Bpos:145.2,Bstd:78.7,StrandBias:-0.6,Multiplicity:1.23
0.001	0.239	0.001	0.759
0.001	0.001	0.997	0.001
0.754	0.001	0.244	0.001
0.001	0.001	0.001	0.997
0.247	0.751	0.001	0.001
0.001	0.001	0.185	0.813
0.001	0.997	0.001	0.001
0.997	0.001	0.001	0.001
0.001	0.184	0.001	0.814
0.001	0.111	0.001	0.887
>ACCCTCCCTA	14-ACCCTCCCTA	10.296193	-17.163752	0	T:10.0(0.18%),B:8.0(0.02%),P:1e-7	Tpos:114.1,Tstd:47.7,Bpos:120.0,Bstd:66.8,StrandBias:2.0,Multiplicity:1.00
0.700	0.100	0.100	0.100
0.100	0.700	0.100	0.100
0.100	0.700	0.100	0.100
0.100	0.700	0.100	0.100
0.100	0.100	0.100	0.700
0.100	0.700	0.100	0.100
0.100	0.700	0.100	0.100
0.100	0.700	0.100	0.100
0.100	0.100	0.100	0.700
0.700	0.100	0.100	0.100
>GTGCGTCCTG	15-GTGCGTCCTG	10.642224	-16.943333	0	T:25.0(0.45%),B:53.2(0.12%),P:1e-7	Tpos:176.5,Tstd:291.5,Bpos:137.2,Bstd:76.7,StrandBias:-0.1,Multiplicity:1.00
0.001	0.001	0.997	0.001
0.196	0.001	0.001	0.802
0.001	0.001	0.997	0.001
0.052	0.889	0.001	0.058
0.001	0.033	0.724	0.242
0.001	0.001	0.001	0.997
0.001	0.997	0.001	0.001
0.001	0.997	0.001	0.001
0.085	0.001	0.001	0.913
0.086	0.001	0.865	0.048
>GCTCTTGAAA	16-GCTCTTGAAA	9.168293	-16.213284	0	T:127.0(2.27%),B:611.4(1.38%),P:1e-7	Tpos:217.3,Tstd:215.1,Bpos:140.8,Bstd:79.3,StrandBias:0.0,Multiplicity:1.03
0.052	0.038	0.776	0.134
0.030	0.890	0.001	0.079
0.001	0.135	0.001	0.863
0.001	0.852	0.028	0.119
0.001	0.001	0.001	0.997
0.040	0.001	0.001	0.958
0.001	0.033	0.873	0.093
0.929	0.016	0.054	0.001
0.903	0.001	0.041	0.055
0.953	0.016	0.030	0.001
>TGCGTGCAGV	17-TGCGTGCAGV	8.659664	-15.146542	0	T:28.0(0.50%),B:71.4(0.16%),P:1e-6	Tpos:229.0,Tstd:165.1,Bpos:149.1,Bstd:80.3,StrandBias:0.5,Multiplicity:1.00
0.036	0.001	0.001	0.962
0.038	0.193	0.488	0.280
0.090	0.671	0.238	0.001
0.001	0.256	0.691	0.052
0.001	0.001	0.094	0.904
0.325	0.001	0.673	0.001
0.001	0.803	0.195	0.001
0.586	0.234	0.001	0.179
0.001	0.001	0.578	0.420
0.327	0.386	0.286	0.001
>TACACCACGG	18-TACACCACGG	10.169560	-14.274556	0	T:16.0(0.29%),B:27.3(0.06%),P:1e-6	Tpos:190.7,Tstd:226.0,Bpos:147.4,Bstd:73.9,StrandBias:-0.1,Multiplicity:1.44
0.001	0.001	0.001	0.997
0.997	0.001	0.001	0.001
0.001	0.815	0.183	0.001
0.815	0.183	0.001	0.001
0.001	0.774	0.041	0.184
0.001	0.997	0.001	0.001
0.815	0.001	0.001	0.183
0.001	0.922	0.001	0.076
0.001	0.001	0.997	0.001
0.001	0.207	0.791	0.001
>TRCAGCCTGD	19-TRCAGCCTGD	7.427893	-13.855573	0	T:109.0(1.95%),B:528.1(1.19%),P:1e-6	Tpos:214.2,Tstd:211.9,Bpos:139.8,Bstd:77.9,StrandBias:1.2,Multiplicity:1.21
0.027	0.217	0.030	0.726
0.467	0.170	0.351	0.012
0.017	0.796	0.174	0.013
0.632	0.163	0.029	0.176
0.022	0.111	0.634	0.233
0.106	0.512	0.244	0.138
0.288	0.632	0.005	0.075
0.225	0.065	0.187	0.523
0.240	0.021	0.715	0.024
0.357	0.082	0.276	0.285
>RTGTGACGGA	20-RTGTGACGGA	4.187263	-7.324599	0	T:231.0(4.13%),B:1476.3(3.32%),P:1e-3	Tpos:214.0,Tstd:192.6,Bpos:139.9,Bstd:75.6,StrandBias:-0.3,Multiplicity:1.12
0.533	0.001	0.465	0.001
0.001	0.001	0.001	0.997
0.001	0.001	0.997	0.001
0.204	0.001	0.147	0.648
0.001	0.001	0.997	0.001
0.997	0.001	0.001	0.001
0.001	0.816	0.001	0.182
0.001	0.241	0.757	0.001
0.001	0.001	0.997	0.001
0.997	0.001	0.001	0.001
>TTTTTTTTTT	21-TTTTTTTTTT	9.877872	-6.302377	0	T:581.0(10.38%),B:4099.0(9.23%),P:1e-2	Tpos:229.6,Tstd:224.8,Bpos:140.9,Bstd:78.4,StrandBias:-0.1,Multiplicity:1.12
0.066	0.042	0.001	0.891
0.001	0.037	0.026	0.936
0.001	0.001	0.048	0.950
0.026	0.039	0.027	0.908
0.001	0.001	0.001	0.997
0.001	0.057	0.001	0.941
0.054	0.069	0.070	0.807
0.001	0.037	0.057	0.905
0.045	0.044	0.051	0.860
0.056	0.001	0.075	0.868
>AAAAAACAAC	22-AAAAAACAAC	10.296193	-6.300195	0	T:20.0(0.36%),B:75.9(0.17%),P:1e-2	Tpos:152.6,Tstd:130.9,Bpos:145.9,Bstd:79.2,StrandBias:0.0,Multiplicity:1.00
0.700	0.100	0.100	0.100
0.700	0.100	0.100	0.100
0.700	0.100	0.100	0.100
0.700	0.100	0.100	0.100
0.700	0.100	0.100	0.100
0.700	0.100	0.100	0.100
0.100	0.700	0.100	0.100
0.700	0.100	0.100	0.100
0.700	0.100	0.100	0.100
0.100	0.700	0.100	0.100
>CTTGTTAGTGAT	1-CTTGTTAGTGAT	12.911020	-35.001012	0	T:22.0(0.39%),B:16.2(0.04%),P:1e-15	Tpos:175.8,Tstd:281.1,Bpos:177.3,Bstd:74.6,StrandBias:0.8,Multiplicity:1.00
0.001	0.851	0.074	0.074
0.001	0.001	0.001	0.997
0.001	0.001	0.074	0.924
0.001	0.074	0.924	0.001
0.001	0.074	0.074	0.851
0.001	0.001	0.001	0.997
0.924	0.074	0.001	0.001
0.074	0.149	0.703	0.074
0.001	0.001	0.001	0.997
0.106	0.001	0.892	0.001
0.997	0.001	0.001	0.001
0.074	0.074	0.001	0.851
>TCACTCCAAAAT	2-TCACTCCAAAAT	9.611295	-32.739480	0	T:134.0(2.39%),B:504.5(1.14%),P:1e-14	Tpos:201.3,Tstd:202.1,Bpos:144.7,Bstd:78.1,StrandBias:0.1,Multiplicity:1.01
0.039	0.001	0.058	0.902
0.012	0.815	0.094	0.079
0.816	0.084	0.001	0.099
0.072	0.817	0.032	0.079
0.107	0.063	0.001	0.829
0.095	0.787	0.001	0.117
0.096	0.837	0.001	0.066
0.892	0.016	0.001	0.091
0.865	0.047	0.072	0.016
0.775	0.111	0.065	0.049
0.886	0.059	0.001	0.054
0.093	0.066	0.063	0.778
>GAGAGGGGGGCA	3-GAGAGGGGGGCA	13.248277	-29.158986	0	T:20.0(0.36%),B:17.9(0.04%),P:1e-12	Tpos:227.6,Tstd:191.2,Bpos:122.2,Bstd:66.5,StrandBias:-0.6,Multiplicity:1.00
0.148	0.001	0.850	0.001
0.997	0.001	0.001	0.001
0.001	0.001	0.997	0.001
0.997	0.001	0.001	0.001
0.273	0.001	0.725	0.001
0.001	0.001	0.784	0.214
0.001	0.001	0.737	0.261
0.001	0.136	0.862	0.001
0.001	0.001	0.862	0.136
0.001	0.001	0.997	0.001
0.176	0.822	0.001	0.001
0.997	0.001	0.001	0.001
>CCGAGACGCTGC	4-CCGAGACGCTGC	12.582942	-27.291435	0	T:8.0(0.14%),B:0.0(0.00%),P:1e-11	Tpos:247.4,Tstd:360.6,Bpos:0.0,Bstd:0.0,StrandBias:1.6,Multiplicity:1.00
0.001	0.997	0.001	0.001
0.001	0.864	0.001	0.134
0.001	0.001	0.997	0.001
0.731	0.134	0.134	0.001
0.001	0.001	0.997	0.001
0.851	0.134	0.014	0.001
0.268	0.730	0.001	0.001
0.149	0.015	0.552	0.284
0.001	0.864	0.134	0.001
0.001	0.134	0.001	0.864
0.001	0.001	0.997	0.001
0.403	0.595	0.001	0.001
>AGTGGTCCCTAT	5-AGTGGTCCCTAT	11.283204	-27.291435	0	T:8.0(0.14%),B:1.9(0.00%),P:1e-11	Tpos:169.1,Tstd:91.0,Bpos:81.5,Bstd:41.8,StrandBias:1.6,Multiplicity:1.00
0.646	0.001	0.013	0.340
0.287	0.014	0.454	0.245
0.068	0.001	0.068	0.863
0.041	0.001	0.890	0.068
0.139	0.095	0.574	0.192
0.068	0.068	0.027	0.837
0.147	0.672	0.041	0.140
0.217	0.592	0.001	0.190
0.109	0.762	0.001	0.128
0.153	0.136	0.001	0.710
0.834	0.164	0.001	0.001
0.122	0.054	0.095	0.729
>AGACGTCATGAC	6-AGACGTCATGAC	13.853355	-25.181495	0	T:10.0(0.18%),B:3.9(0.01%),P:1e-10	Tpos:226.6,Tstd:202.8,Bpos:148.9,Bstd:111.9,StrandBias:1.2,Multiplicity:1.00
0.799	0.001	0.001	0.199
0.001	0.001	0.997	0.001
0.997	0.001	0.001	0.001
0.001	0.997	0.001	0.001
0.200	0.200	0.400	0.200
0.001	0.001	0.001	0.997
0.199	0.799	0.001	0.001
0.997	0.001	0.001	0.001
0.001	0.001	0.001	0.997
0.001	0.001	0.997	0.001
0.997	0.001	0.001	0.001
0.001	0.997	0.001	0.001
>TGTGTCCCCTCT	7-TGTGTCCCCTCT	13.766941	-24.478935	0	T:17.0(0.30%),B:15.9(0.04%),P:1e-10	Tpos:216.9,Tstd:201.3,Bpos:147.3,Bstd:91.6,StrandBias:-0.2,Multiplicity:1.00
0.001	0.001	0.091	0.907
0.001	0.144	0.854	0.001
0.001	0.001	0.001	0.997
0.001	0.001	0.907	0.091
0.001	0.001	0.001	0.997
0.001	0.997	0.001	0.001
0.001	0.907	0.091	0.001
0.001	0.997	0.001	0.001
0.001	0.997	0.001	0.001
0.001	0.001	0.001	0.997
0.001	0.997	0.001	0.001
0.091	0.001	0.001	0.907
>TGCCTCCTGAAA	8-TGCCTCCTGAAA	9.772943	-23.386421	0	T:42.0(0.75%),B:102.0(0.23%),P:1e-10	Tpos:188.5,Tstd:219.4,Bpos:141.5,Bstd:73.6,StrandBias:-0.9,Multiplicity:1.02
0.191	0.023	0.002	0.784
0.071	0.080	0.756	0.093
0.134	0.516	0.142	0.208
0.254	0.553	0.065	0.128
0.122	0.148	0.001	0.729
0.138	0.562	0.134	0.166
0.084	0.795	0.015	0.106
0.190	0.029	0.011	0.770
0.047	0.078	0.782	0.093
0.583	0.127	0.251	0.039
0.608	0.194	0.099	0.099
0.746	0.032	0.067	0.155
>AAGCTGAGCTAC	9-AAGCTGAGCTAC	9.217617	-22.863718	0	T:96.0(1.72%),B:370.0(0.83%),P:1e-9	Tpos:182.7,Tstd:175.7,Bpos:138.2,Bstd:76.1,StrandBias:0.2,Multiplicity:1.00
0.813	0.096	0.053	0.038
0.778	0.044	0.089	0.089
0.055	0.055	0.810	0.080
0.055	0.827	0.074	0.044
0.078	0.029	0.001	0.892
0.060	0.059	0.851	0.030
0.889	0.001	0.044	0.066
0.114	0.036	0.842	0.008
0.040	0.872	0.044	0.044
0.074	0.045	0.041	0.840
0.791	0.106	0.065	0.038
0.060	0.805	0.015	0.120
>AGACCCCTCCCA	10-AGACCCCTCCCA	10.697619	-22.079930	0	T:34.0(0.61%),B:73.6(0.17%),P:1e-9	Tpos:178.5,Tstd:145.1,Bpos:137.1,Bstd:74.2,StrandBias:1.9,Multiplicity:1.00
0.821	0.038	0.088	0.053
0.100	0.098	0.744	0.058
0.823	0.082	0.049	0.046
0.163	0.738	0.049	0.050
0.057	0.894	0.001	0.048
0.110	0.769	0.019	0.102
0.096	0.874	0.019	0.011
0.114	0.019	0.001	0.866
0.039	0.873	0.030	0.058
0.001	0.980	0.001	0.018
0.057	0.865	0.001	0.077
0.761	0.102	0.038	0.099
>CAGATCACATTT	11-CAGATCACATTT	11.770597	-20.269304	0	T:29.0(0.52%),B:59.9(0.13%),P:1e-8	Tpos:170.3,Tstd:150.6,Bpos:160.5,Bstd:83.7,StrandBias:-0.5,Multiplicity:1.10
0.001	0.848	0.150	0.001
0.997	0.001	0.001	0.001
0.001	0.001	0.997	0.001
0.997	0.001	0.001	0.001
0.001	0.001	0.001	0.997
0.192	0.519	0.001	0.288
0.997	0.001	0.001	0.001
0.001	0.807	0.191	0.001
0.997	0.001	0.001	0.001
0.288	0.001	0.231	0.480
0.001	0.001	0.001	0.997
0.096	0.001	0.238	0.665
>TTTCTGAGAACA	12-TTTCTGAGAACA	12.355432	-18.725637	0	T:8.0(0.14%),B:4.0(0.01%),P:1e-8	Tpos:160.1,Tstd:68.4,Bpos:210.1,Bstd:31.0,StrandBias:2.8,Multiplicity:1.00
0.100	0.100	0.100	0.700
0.100	0.100	0.100	0.700
0.100	0.100	0.100	0.700
0.100	0.700	0.100	0.100
0.100	0.100	0.100	0.700
0.100	0.100	0.700	0.100
0.700	0.100	0.100	0.100
0.100	0.100	0.700	0.100
0.700	0.100	0.100	0.100
0.700	0.100	0.100	0.100
0.100	0.700	0.100	0.100
0.700	0.100	0.100	0.100
>AATTCTGAAAAT	13-AATTCTGAAAAT	12.355432	-18.395557	0	T:7.0(0.13%),B:2.9(0.01%),P:1e-7	Tpos:93.0,Tstd:71.2,Bpos:129.1,Bstd:83.4,StrandBias:-0.4,Multiplicity:1.00
0.700	0.100	0.100	0.100
0.700	0.100	0.100	0.100
0.100	0.100	0.100	0.700
0.100	0.100	0.100	0.700
0.100	0.700	0.100	0.100
0.100	0.100	0.100	0.700
0.100	0.100	0.700	0.100
0.700	0.100	0.100	0.100
0.700	0.100	0.100	0.100
0.700	0.100	0.100	0.100
0.700	0.100	0.100	0.100
0.100	0.100	0.100	0.700
>ATTTAACTGAAA	14-ATTTAACTGAAA	12.355432	-18.395557	0	T:7.0(0.13%),B:3.0(0.01%),P:1e-7	Tpos:409.4,Tstd:246.0,Bpos:208.6,Bstd:15.0,StrandBias:0.4,Multiplicity:1.00
0.700	0.100	0.100	0.100
0.100	0.100	0.100	0.700
0.100	0.100	0.100	0.700
0.100	0.100	0.100	0.700
0.700	0.100	0.100	0.100
0.700	0.100	0.100	0.100
0.100	0.700	0.100	0.100
0.100	0.100	0.100	0.700
0.100	0.100	0.700	0.100
0.700	0.100	0.100	0.100
0.700	0.100	0.100	0.100
0.700	0.100	0.100	0.100
>ATATCCCCCAAA	15-ATATCCCCCAAA	13.672283	-17.163752	0	T:10.0(0.18%),B:7.1(0.02%),P:1e-7	Tpos:199.2,Tstd:155.7,Bpos:147.5,Bstd:77.5,StrandBias:1.7,Multiplicity:1.30
0.617	0.015	0.184	0.184
0.184	0.001	0.021	0.794
0.619	0.001	0.196	0.184
0.001	0.001	0.001	0.997
0.001	0.997	0.001	0.001
0.261	0.737	0.001	0.001
0.001	0.997	0.001	0.001
0.001	0.997	0.001	0.001
0.001	0.997	0.001	0.001
0.997	0.001	0.001	0.001
0.997	0.001	0.001	0.001
0.794	0.001	0.021	0.184
>CCCTGGGCTACT	16-CCCTGGGCTACT	14.461886	-15.250326	0	T:5.0(0.09%),B:2.0(0.00%),P:1e-6	Tpos:158.0,Tstd:197.2,Bpos:228.0,Bstd:0.0,StrandBias:-1.8,Multiplicity:1.80
0.001	0.997	0.001	0.001
0.001	0.997	0.001	0.001
0.001	0.997	0.001	0.001
0.001	0.001	0.001	0.997
0.001	0.001	0.997	0.001
0.001	0.001	0.997	0.001
0.001	0.001	0.862	0.136
0.001	0.862	0.136	0.001
0.001	0.001	0.001	0.997
0.997	0.001	0.001	0.001
0.001	0.997	0.001	0.001
0.001	0.001	0.001	0.997
>CCTCTCCATCCA	17-CCTCTCCATCCA	13.970852	-13.636258	0	T:9.0(0.16%),B:8.0(0.02%),P:1e-5	Tpos:203.2,Tstd:163.9,Bpos:125.7,Bstd:91.8,StrandBias:-1.0,Multiplicity:2.00
0.001	0.997	0.001	0.001
0.001	0.997	0.001	0.001
0.001	0.001	0.001	0.997
0.001	0.997	0.001	0.001
0.001	0.001	0.001	0.997
0.001	0.912	0.086	0.001
0.001	0.997	0.001	0.001
0.997	0.001	0.001	0.001
0.001	0.086	0.001	0.912
0.086	0.912	0.001	0.001
0.001	0.997	0.001	0.001
0.997	0.001	0.001	0.001
>GTGCCTGCAGCG	18-GTGCCTGCAGCG	13.726275	-11.564684	0	T:4.0(0.07%),B:2.0(0.00%),P:1e-5	Tpos:211.0,Tstd:134.3,Bpos:192.9,Bstd:85.0,StrandBias:10.0,Multiplicity:4.75
0.001	0.001	0.588	0.410
0.001	0.001	0.001	0.997
0.001	0.001	0.997	0.001
0.001	0.997	0.001	0.001
0.001	0.588	0.001	0.410
0.001	0.001	0.001	0.997
0.001	0.001	0.997	0.001
0.001	0.997	0.001	0.001
0.997	0.001	0.001	0.001
0.001	0.001	0.997	0.001
0.001	0.997	0.001	0.001
0.015	0.162	0.822	0.001
>TGAGAKYAGTGC	19-TGAGAKYAGTGC	12.518481	-11.564684	0	T:4.0(0.07%),B:1.1(0.00%),P:1e-5	Tpos:248.6,Tstd:176.7,Bpos:109.0,Bstd:0.0,StrandBias:2.7,Multiplicity:3.75
0.102	0.001	0.035	0.862
0.068	0.102	0.761	0.069
0.892	0.001	0.072	0.035
0.034	0.002	0.828	0.136
0.727	0.170	0.001	0.102
0.103	0.103	0.374	0.420
0.036	0.454	0.068	0.442
0.826	0.034	0.068	0.072
0.306	0.035	0.523	0.136
0.034	0.001	0.001	0.964
0.001	0.034	0.863	0.102
0.104	0.758	0.104	0.034
>ACCATGGTGTAC	20-ACCATGGTGTAC	-2.513564	-9.588485	0	T:492.0(8.79%),B:3292.7(7.42%),P:1e-4	Tpos:220.9,Tstd:201.3,Bpos:141.8,Bstd:77.4,StrandBias:-0.1,Multiplicity:1.11
0.997	0.001	0.001	0.001
0.001	0.997	0.001	0.001
0.001	0.997	0.001	0.001
0.997	0.001	0.001	0.001
0.001	0.001	0.001	0.997
0.001	0.001	0.997	0.001
0.001	0.073	0.925	0.001
0.001	0.001	0.001	0.997
0.073	0.001	0.925	0.001
0.001	0.001	0.001	0.997
0.925	0.001	0.001	0.073
0.001	0.997	0.001	0.001
>CATCGTGGTCTC	21-CATCGTGGTCTC	15.074947	-8.100232	0	T:3.0(0.05%),B:0.0(0.00%),P:1e-3	Tpos:227.3,Tstd:132.7,Bpos:0.0,Bstd:0.0,StrandBias:1.0,Multiplicity:1.00
0.001	0.997	0.001	0.001
0.997	0.001	0.001	0.001
0.001	0.001	0.279	0.719
0.001	0.997	0.001	0.001
0.001	0.301	0.697	0.001
0.001	0.001	0.001	0.997
0.001	0.001	0.997	0.001
0.001	0.001	0.997	0.001
0.001	0.001	0.001	0.997
0.001	0.997	0.001	0.001
0.001	0.001	0.001	0.997
0.001	0.997	0.001	0.001
>GTACTCACAGTC	22-GTACTCACAGTC	14.461886	-8.100232	0	T:3.0(0.05%),B:1.0(0.00%),P:1e-3	Tpos:93.9,Tstd:46.2,Bpos:165.0,Bstd:0.0,StrandBias:10.0,Multiplicity:2.33
0.136	0.001	0.862	0.001
0.001	0.001	0.136	0.862
0.997	0.001	0.001	0.001
0.001	0.997	0.001	0.001
0.001	0.001	0.001	0.997
0.001	0.997	0.001	0.001
0.997	0.001	0.001	0.001
0.001	0.997	0.001	0.001
0.997	0.001	0.001	0.001
0.001	0.001	0.997	0.001
0.001	0.001	0.001	0.997
0.001	0.997	0.001	0.001
>GGAGGTGATACA	23-GGAGGTGATACA	15.020990	-7.370010	0	T:4.0(0.07%),B:3.0(0.01%),P:1e-3	Tpos:148.6,Tstd:137.6,Bpos:97.6,Bstd:27.4,StrandBias:2.0,Multiplicity:1.25
0.001	0.001	0.997	0.001
0.001	0.001	0.997	0.001
0.997	0.001	0.001	0.001
0.410	0.001	0.588	0.001
0.001	0.001	0.997	0.001
0.001	0.001	0.001	0.997
0.001	0.001	0.997	0.001
0.588	0.410	0.001	0.001
0.001	0.150	0.001	0.848
0.997	0.001	0.001	0.001
0.001	0.997	0.001	0.001
0.997	0.001	0.001	0.001
>TCCATCACATCC	24-TCCATCACATCC	13.408299	-6.114356	0	T:3.0(0.05%),B:3.0(0.01%),P:1e-2	Tpos:176.8,Tstd:103.2,Bpos:206.0,Bstd:55.7,StrandBias:4.1,Multiplicity:6.00
0.001	0.001	0.001	0.997
0.001	0.997	0.001	0.001
0.001	0.997	0.001	0.001
0.997	0.001	0.001	0.001
0.001	0.001	0.001	0.997
0.001	0.997	0.001	0.001
0.997	0.001	0.001	0.001
0.041	0.957	0.001	0.001
0.997	0.001	0.001	0.001
0.001	0.001	0.001	0.997
0.001	0.997	0.001	0.001
0.001	0.997	0.001	0.001
>TCAGCCTCTGAC	25-TCAGCCTCTGAC	12.355432	-4.990907	0	T:3.0(0.05%),B:4.0(0.01%),P:1e-2	Tpos:64.5,Tstd:40.4,Bpos:145.3,Bstd:82.6,StrandBias:2.3,Multiplicity:2.00
0.100	0.100	0.100	0.700
0.100	0.700	0.100	0.100
0.700	0.100	0.100	0.100
0.100	0.100	0.700	0.100
0.100	0.700	0.100	0.100
0.100	0.700	0.100	0.100
0.100	0.100	0.100	0.700
0.100	0.700	0.100	0.100
0.100	0.100	0.100	0.700
0.100	0.100	0.700	0.100
0.700	0.100	0.100	0.100
0.100	0.700	0.100	0.100
>GTTATCAA	1-GTTATCAA	9.163981	-19.813692	0	T:212.0(3.79%),B:1099.0(2.48%),P:1e-8	Tpos:214.6,Tstd:236.9,Bpos:142.3,Bstd:79.0,StrandBias:-0.1,Multiplicity:1.04
0.001	0.001	0.997	0.001
0.227	0.001	0.001	0.771
0.001	0.001	0.001	0.997
0.997	0.001	0.001	0.001
0.001	0.001	0.001	0.997
0.296	0.702	0.001	0.001
0.928	0.001	0.070	0.001
0.997	0.001	0.001	0.001
>TTTAAACC	2-TTTAAACC	7.210095	-17.442616	0	T:660.0(11.79%),B:4253.5(9.58%),P:1e-7	Tpos:218.1,Tstd:209.3,Bpos:141.8,Bstd:79.2,StrandBias:0.1,Multiplicity:1.08
0.025	0.001	0.001	0.973
0.102	0.001	0.051	0.846
0.085	0.129	0.001	0.785
0.865	0.001	0.041	0.093
0.971	0.001	0.001	0.027
0.866	0.091	0.042	0.001
0.092	0.767	0.096	0.045
0.001	0.950	0.001	0.048
>CATCCGAT	3-CATCCGAT	8.236954	-11.619789	0	T:14.0(0.25%),B:26.2(0.06%),P:1e-5	Tpos:222.2,Tstd:198.9,Bpos:142.7,Bstd:75.3,StrandBias:0.8,Multiplicity:1.00
0.100	0.700	0.100	0.100
0.700	0.100	0.100	0.100
0.100	0.100	0.100	0.700
0.100	0.700	0.100	0.100
0.100	0.700	0.100	0.100
0.100	0.100	0.700	0.100
0.700	0.100	0.100	0.100
0.100	0.100	0.100	0.700
>TGGGTGAT	4-TGGGTGAT	8.800895	-11.316302	0	T:167.0(2.98%),B:940.4(2.12%),P:1e-4	Tpos:211.9,Tstd:203.6,Bpos:138.7,Bstd:79.5,StrandBias:-0.2,Multiplicity:1.05
0.001	0.001	0.001	0.997
0.001	0.001	0.997	0.001
0.001	0.070	0.928	0.001
0.001	0.001	0.863	0.135
0.001	0.001	0.177	0.821
0.001	0.001	0.997	0.001
0.997	0.001	0.001	0.001
0.001	0.001	0.001	0.997
>TTTTTTTT	5-TTTTTTTT	8.771212	-5.595070	0	T:615.0(10.99%),B:4395.5(9.90%),P:1e-2	Tpos:225.9,Tstd:232.0,Bpos:141.3,Bstd:79.3,StrandBias:-0.1,Multiplicity:1.10
0.001	0.155	0.001	0.843
0.001	0.001	0.001	0.997
0.102	0.001	0.001	0.896
0.001	0.001	0.001	0.997
0.001	0.001	0.001	0.997
0.001	0.099	0.001	0.899
0.073	0.086	0.001	0.840
0.092	0.001	0.174	0.733
