>GTTATCAA	1-GTTATCAA	9.163981	-19.813692	0	T:212.0(3.79%),B:1099.0(2.48%),P:1e-8	Tpos:214.6,Tstd:236.9,Bpos:142.3,Bstd:79.0,StrandBias:-0.1,Multiplicity:1.04
0.001	0.001	0.997	0.001
0.227	0.001	0.001	0.771
0.001	0.001	0.001	0.997
0.997	0.001	0.001	0.001
0.001	0.001	0.001	0.997
0.296	0.702	0.001	0.001
0.928	0.001	0.070	0.001
0.997	0.001	0.001	0.001
>TTTAAACC	2-TTTAAACC	7.210095	-17.442616	0	T:660.0(11.79%),B:4253.5(9.58%),P:1e-7	Tpos:218.1,Tstd:209.3,Bpos:141.8,Bstd:79.2,StrandBias:0.1,Multiplicity:1.08
0.025	0.001	0.001	0.973
0.102	0.001	0.051	0.846
0.085	0.129	0.001	0.785
0.865	0.001	0.041	0.093
0.971	0.001	0.001	0.027
0.866	0.091	0.042	0.001
0.092	0.767	0.096	0.045
0.001	0.950	0.001	0.048
>CATCCGAT	3-CATCCGAT	8.236954	-11.619789	0	T:14.0(0.25%),B:26.2(0.06%),P:1e-5	Tpos:222.2,Tstd:198.9,Bpos:142.7,Bstd:75.3,StrandBias:0.8,Multiplicity:1.00
0.100	0.700	0.100	0.100
0.700	0.100	0.100	0.100
0.100	0.100	0.100	0.700
0.100	0.700	0.100	0.100
0.100	0.700	0.100	0.100
0.100	0.100	0.700	0.100
0.700	0.100	0.100	0.100
0.100	0.100	0.100	0.700
>TGGGTGAT	4-TGGGTGAT	8.800895	-11.316302	0	T:167.0(2.98%),B:940.4(2.12%),P:1e-4	Tpos:211.9,Tstd:203.6,Bpos:138.7,Bstd:79.5,StrandBias:-0.2,Multiplicity:1.05
0.001	0.001	0.001	0.997
0.001	0.001	0.997	0.001
0.001	0.070	0.928	0.001
0.001	0.001	0.863	0.135
0.001	0.001	0.177	0.821
0.001	0.001	0.997	0.001
0.997	0.001	0.001	0.001
0.001	0.001	0.001	0.997
>TTTTTTTT	5-TTTTTTTT	8.771212	-5.595070	0	T:615.0(10.99%),B:4395.5(9.90%),P:1e-2	Tpos:225.9,Tstd:232.0,Bpos:141.3,Bstd:79.3,StrandBias:-0.1,Multiplicity:1.10
0.001	0.155	0.001	0.843
0.001	0.001	0.001	0.997
0.102	0.001	0.001	0.896
0.001	0.001	0.001	0.997
0.001	0.001	0.001	0.997
0.001	0.099	0.001	0.899
0.073	0.086	0.001	0.840
0.092	0.001	0.174	0.733
