>CTTGTTAGTGAT	1-CTTGTTAGTGAT	12.911020	-35.001012	0	T:22.0(0.39%),B:16.2(0.04%),P:1e-15	Tpos:175.8,Tstd:281.1,Bpos:177.3,Bstd:74.6,StrandBias:0.8,Multiplicity:1.00
0.001	0.851	0.074	0.074
0.001	0.001	0.001	0.997
0.001	0.001	0.074	0.924
0.001	0.074	0.924	0.001
0.001	0.074	0.074	0.851
0.001	0.001	0.001	0.997
0.924	0.074	0.001	0.001
0.074	0.149	0.703	0.074
0.001	0.001	0.001	0.997
0.106	0.001	0.892	0.001
0.997	0.001	0.001	0.001
0.074	0.074	0.001	0.851
>TCACTCCAAAAT	2-TCACTCCAAAAT	9.611295	-32.739480	0	T:134.0(2.39%),B:504.5(1.14%),P:1e-14	Tpos:201.3,Tstd:202.1,Bpos:144.7,Bstd:78.1,StrandBias:0.1,Multiplicity:1.01
0.039	0.001	0.058	0.902
0.012	0.815	0.094	0.079
0.816	0.084	0.001	0.099
0.072	0.817	0.032	0.079
0.107	0.063	0.001	0.829
0.095	0.787	0.001	0.117
0.096	0.837	0.001	0.066
0.892	0.016	0.001	0.091
0.865	0.047	0.072	0.016
0.775	0.111	0.065	0.049
0.886	0.059	0.001	0.054
0.093	0.066	0.063	0.778
>GAGAGGGGGGCA	3-GAGAGGGGGGCA	13.248277	-29.158986	0	T:20.0(0.36%),B:17.9(0.04%),P:1e-12	Tpos:227.6,Tstd:191.2,Bpos:122.2,Bstd:66.5,StrandBias:-0.6,Multiplicity:1.00
0.148	0.001	0.850	0.001
0.997	0.001	0.001	0.001
0.001	0.001	0.997	0.001
0.997	0.001	0.001	0.001
0.273	0.001	0.725	0.001
0.001	0.001	0.784	0.214
0.001	0.001	0.737	0.261
0.001	0.136	0.862	0.001
0.001	0.001	0.862	0.136
0.001	0.001	0.997	0.001
0.176	0.822	0.001	0.001
0.997	0.001	0.001	0.001
>CCGAGACGCTGC	4-CCGAGACGCTGC	12.582942	-27.291435	0	T:8.0(0.14%),B:0.0(0.00%),P:1e-11	Tpos:247.4,Tstd:360.6,Bpos:0.0,Bstd:0.0,StrandBias:1.6,Multiplicity:1.00
0.001	0.997	0.001	0.001
0.001	0.864	0.001	0.134
0.001	0.001	0.997	0.001
0.731	0.134	0.134	0.001
0.001	0.001	0.997	0.001
0.851	0.134	0.014	0.001
0.268	0.730	0.001	0.001
0.149	0.015	0.552	0.284
0.001	0.864	0.134	0.001
0.001	0.134	0.001	0.864
0.001	0.001	0.997	0.001
0.403	0.595	0.001	0.001
>AGTGGTCCCTAT	5-AGTGGTCCCTAT	11.283204	-27.291435	0	T:8.0(0.14%),B:1.9(0.00%),P:1e-11	Tpos:169.1,Tstd:91.0,Bpos:81.5,Bstd:41.8,StrandBias:1.6,Multiplicity:1.00
0.646	0.001	0.013	0.340
0.287	0.014	0.454	0.245
0.068	0.001	0.068	0.863
0.041	0.001	0.890	0.068
0.139	0.095	0.574	0.192
0.068	0.068	0.027	0.837
0.147	0.672	0.041	0.140
0.217	0.592	0.001	0.190
0.109	0.762	0.001	0.128
0.153	0.136	0.001	0.710
0.834	0.164	0.001	0.001
0.122	0.054	0.095	0.729
>AGACGTCATGAC	6-AGACGTCATGAC	13.853355	-25.181495	0	T:10.0(0.18%),B:3.9(0.01%),P:1e-10	Tpos:226.6,Tstd:202.8,Bpos:148.9,Bstd:111.9,StrandBias:1.2,Multiplicity:1.00
0.799	0.001	0.001	0.199
0.001	0.001	0.997	0.001
0.997	0.001	0.001	0.001
0.001	0.997	0.001	0.001
0.200	0.200	0.400	0.200
0.001	0.001	0.001	0.997
0.199	0.799	0.001	0.001
0.997	0.001	0.001	0.001
0.001	0.001	0.001	0.997
0.001	0.001	0.997	0.001
0.997	0.001	0.001	0.001
0.001	0.997	0.001	0.001
>TGTGTCCCCTCT	7-TGTGTCCCCTCT	13.766941	-24.478935	0	T:17.0(0.30%),B:15.9(0.04%),P:1e-10	Tpos:216.9,Tstd:201.3,Bpos:147.3,Bstd:91.6,StrandBias:-0.2,Multiplicity:1.00
0.001	0.001	0.091	0.907
0.001	0.144	0.854	0.001
0.001	0.001	0.001	0.997
0.001	0.001	0.907	0.091
0.001	0.001	0.001	0.997
0.001	0.997	0.001	0.001
0.001	0.907	0.091	0.001
0.001	0.997	0.001	0.001
0.001	0.997	0.001	0.001
0.001	0.001	0.001	0.997
0.001	0.997	0.001	0.001
0.091	0.001	0.001	0.907
>TGCCTCCTGAAA	8-TGCCTCCTGAAA	9.772943	-23.386421	0	T:42.0(0.75%),B:102.0(0.23%),P:1e-10	Tpos:188.5,Tstd:219.4,Bpos:141.5,Bstd:73.6,StrandBias:-0.9,Multiplicity:1.02
0.191	0.023	0.002	0.784
0.071	0.080	0.756	0.093
0.134	0.516	0.142	0.208
0.254	0.553	0.065	0.128
0.122	0.148	0.001	0.729
0.138	0.562	0.134	0.166
0.084	0.795	0.015	0.106
0.190	0.029	0.011	0.770
0.047	0.078	0.782	0.093
0.583	0.127	0.251	0.039
0.608	0.194	0.099	0.099
0.746	0.032	0.067	0.155
>AAGCTGAGCTAC	9-AAGCTGAGCTAC	9.217617	-22.863718	0	T:96.0(1.72%),B:370.0(0.83%),P:1e-9	Tpos:182.7,Tstd:175.7,Bpos:138.2,Bstd:76.1,StrandBias:0.2,Multiplicity:1.00
0.813	0.096	0.053	0.038
0.778	0.044	0.089	0.089
0.055	0.055	0.810	0.080
0.055	0.827	0.074	0.044
0.078	0.029	0.001	0.892
0.060	0.059	0.851	0.030
0.889	0.001	0.044	0.066
0.114	0.036	0.842	0.008
0.040	0.872	0.044	0.044
0.074	0.045	0.041	0.840
0.791	0.106	0.065	0.038
0.060	0.805	0.015	0.120
>AGACCCCTCCCA	10-AGACCCCTCCCA	10.697619	-22.079930	0	T:34.0(0.61%),B:73.6(0.17%),P:1e-9	Tpos:178.5,Tstd:145.1,Bpos:137.1,Bstd:74.2,StrandBias:1.9,Multiplicity:1.00
0.821	0.038	0.088	0.053
0.100	0.098	0.744	0.058
0.823	0.082	0.049	0.046
0.163	0.738	0.049	0.050
0.057	0.894	0.001	0.048
0.110	0.769	0.019	0.102
0.096	0.874	0.019	0.011
0.114	0.019	0.001	0.866
0.039	0.873	0.030	0.058
0.001	0.980	0.001	0.018
0.057	0.865	0.001	0.077
0.761	0.102	0.038	0.099
>CAGATCACATTT	11-CAGATCACATTT	11.770597	-20.269304	0	T:29.0(0.52%),B:59.9(0.13%),P:1e-8	Tpos:170.3,Tstd:150.6,Bpos:160.5,Bstd:83.7,StrandBias:-0.5,Multiplicity:1.10
0.001	0.848	0.150	0.001
0.997	0.001	0.001	0.001
0.001	0.001	0.997	0.001
0.997	0.001	0.001	0.001
0.001	0.001	0.001	0.997
0.192	0.519	0.001	0.288
0.997	0.001	0.001	0.001
0.001	0.807	0.191	0.001
0.997	0.001	0.001	0.001
0.288	0.001	0.231	0.480
0.001	0.001	0.001	0.997
0.096	0.001	0.238	0.665
>TTTCTGAGAACA	12-TTTCTGAGAACA	12.355432	-18.725637	0	T:8.0(0.14%),B:4.0(0.01%),P:1e-8	Tpos:160.1,Tstd:68.4,Bpos:210.1,Bstd:31.0,StrandBias:2.8,Multiplicity:1.00
0.100	0.100	0.100	0.700
0.100	0.100	0.100	0.700
0.100	0.100	0.100	0.700
0.100	0.700	0.100	0.100
0.100	0.100	0.100	0.700
0.100	0.100	0.700	0.100
0.700	0.100	0.100	0.100
0.100	0.100	0.700	0.100
0.700	0.100	0.100	0.100
0.700	0.100	0.100	0.100
0.100	0.700	0.100	0.100
0.700	0.100	0.100	0.100
>AATTCTGAAAAT	13-AATTCTGAAAAT	12.355432	-18.395557	0	T:7.0(0.13%),B:2.9(0.01%),P:1e-7	Tpos:93.0,Tstd:71.2,Bpos:129.1,Bstd:83.4,StrandBias:-0.4,Multiplicity:1.00
0.700	0.100	0.100	0.100
0.700	0.100	0.100	0.100
0.100	0.100	0.100	0.700
0.100	0.100	0.100	0.700
0.100	0.700	0.100	0.100
0.100	0.100	0.100	0.700
0.100	0.100	0.700	0.100
0.700	0.100	0.100	0.100
0.700	0.100	0.100	0.100
0.700	0.100	0.100	0.100
0.700	0.100	0.100	0.100
0.100	0.100	0.100	0.700
>ATTTAACTGAAA	14-ATTTAACTGAAA	12.355432	-18.395557	0	T:7.0(0.13%),B:3.0(0.01%),P:1e-7	Tpos:409.4,Tstd:246.0,Bpos:208.6,Bstd:15.0,StrandBias:0.4,Multiplicity:1.00
0.700	0.100	0.100	0.100
0.100	0.100	0.100	0.700
0.100	0.100	0.100	0.700
0.100	0.100	0.100	0.700
0.700	0.100	0.100	0.100
0.700	0.100	0.100	0.100
0.100	0.700	0.100	0.100
0.100	0.100	0.100	0.700
0.100	0.100	0.700	0.100
0.700	0.100	0.100	0.100
0.700	0.100	0.100	0.100
0.700	0.100	0.100	0.100
>ATATCCCCCAAA	15-ATATCCCCCAAA	13.672283	-17.163752	0	T:10.0(0.18%),B:7.1(0.02%),P:1e-7	Tpos:199.2,Tstd:155.7,Bpos:147.5,Bstd:77.5,StrandBias:1.7,Multiplicity:1.30
0.617	0.015	0.184	0.184
0.184	0.001	0.021	0.794
0.619	0.001	0.196	0.184
0.001	0.001	0.001	0.997
0.001	0.997	0.001	0.001
0.261	0.737	0.001	0.001
0.001	0.997	0.001	0.001
0.001	0.997	0.001	0.001
0.001	0.997	0.001	0.001
0.997	0.001	0.001	0.001
0.997	0.001	0.001	0.001
0.794	0.001	0.021	0.184
>CCCTGGGCTACT	16-CCCTGGGCTACT	14.461886	-15.250326	0	T:5.0(0.09%),B:2.0(0.00%),P:1e-6	Tpos:158.0,Tstd:197.2,Bpos:228.0,Bstd:0.0,StrandBias:-1.8,Multiplicity:1.80
0.001	0.997	0.001	0.001
0.001	0.997	0.001	0.001
0.001	0.997	0.001	0.001
0.001	0.001	0.001	0.997
0.001	0.001	0.997	0.001
0.001	0.001	0.997	0.001
0.001	0.001	0.862	0.136
0.001	0.862	0.136	0.001
0.001	0.001	0.001	0.997
0.997	0.001	0.001	0.001
0.001	0.997	0.001	0.001
0.001	0.001	0.001	0.997
>CCTCTCCATCCA	17-CCTCTCCATCCA	13.970852	-13.636258	0	T:9.0(0.16%),B:8.0(0.02%),P:1e-5	Tpos:203.2,Tstd:163.9,Bpos:125.7,Bstd:91.8,StrandBias:-1.0,Multiplicity:2.00
0.001	0.997	0.001	0.001
0.001	0.997	0.001	0.001
0.001	0.001	0.001	0.997
0.001	0.997	0.001	0.001
0.001	0.001	0.001	0.997
0.001	0.912	0.086	0.001
0.001	0.997	0.001	0.001
0.997	0.001	0.001	0.001
0.001	0.086	0.001	0.912
0.086	0.912	0.001	0.001
0.001	0.997	0.001	0.001
0.997	0.001	0.001	0.001
>GTGCCTGCAGCG	18-GTGCCTGCAGCG	13.726275	-11.564684	0	T:4.0(0.07%),B:2.0(0.00%),P:1e-5	Tpos:211.0,Tstd:134.3,Bpos:192.9,Bstd:85.0,StrandBias:10.0,Multiplicity:4.75
0.001	0.001	0.588	0.410
0.001	0.001	0.001	0.997
0.001	0.001	0.997	0.001
0.001	0.997	0.001	0.001
0.001	0.588	0.001	0.410
0.001	0.001	0.001	0.997
0.001	0.001	0.997	0.001
0.001	0.997	0.001	0.001
0.997	0.001	0.001	0.001
0.001	0.001	0.997	0.001
0.001	0.997	0.001	0.001
0.015	0.162	0.822	0.001
>TGAGAKYAGTGC	19-TGAGAKYAGTGC	12.518481	-11.564684	0	T:4.0(0.07%),B:1.1(0.00%),P:1e-5	Tpos:248.6,Tstd:176.7,Bpos:109.0,Bstd:0.0,StrandBias:2.7,Multiplicity:3.75
0.102	0.001	0.035	0.862
0.068	0.102	0.761	0.069
0.892	0.001	0.072	0.035
0.034	0.002	0.828	0.136
0.727	0.170	0.001	0.102
0.103	0.103	0.374	0.420
0.036	0.454	0.068	0.442
0.826	0.034	0.068	0.072
0.306	0.035	0.523	0.136
0.034	0.001	0.001	0.964
0.001	0.034	0.863	0.102
0.104	0.758	0.104	0.034
>ACCATGGTGTAC	20-ACCATGGTGTAC	-2.513564	-9.588485	0	T:492.0(8.79%),B:3292.7(7.42%),P:1e-4	Tpos:220.9,Tstd:201.3,Bpos:141.8,Bstd:77.4,StrandBias:-0.1,Multiplicity:1.11
0.997	0.001	0.001	0.001
0.001	0.997	0.001	0.001
0.001	0.997	0.001	0.001
0.997	0.001	0.001	0.001
0.001	0.001	0.001	0.997
0.001	0.001	0.997	0.001
0.001	0.073	0.925	0.001
0.001	0.001	0.001	0.997
0.073	0.001	0.925	0.001
0.001	0.001	0.001	0.997
0.925	0.001	0.001	0.073
0.001	0.997	0.001	0.001
>CATCGTGGTCTC	21-CATCGTGGTCTC	15.074947	-8.100232	0	T:3.0(0.05%),B:0.0(0.00%),P:1e-3	Tpos:227.3,Tstd:132.7,Bpos:0.0,Bstd:0.0,StrandBias:1.0,Multiplicity:1.00
0.001	0.997	0.001	0.001
0.997	0.001	0.001	0.001
0.001	0.001	0.279	0.719
0.001	0.997	0.001	0.001
0.001	0.301	0.697	0.001
0.001	0.001	0.001	0.997
0.001	0.001	0.997	0.001
0.001	0.001	0.997	0.001
0.001	0.001	0.001	0.997
0.001	0.997	0.001	0.001
0.001	0.001	0.001	0.997
0.001	0.997	0.001	0.001
>GTACTCACAGTC	22-GTACTCACAGTC	14.461886	-8.100232	0	T:3.0(0.05%),B:1.0(0.00%),P:1e-3	Tpos:93.9,Tstd:46.2,Bpos:165.0,Bstd:0.0,StrandBias:10.0,Multiplicity:2.33
0.136	0.001	0.862	0.001
0.001	0.001	0.136	0.862
0.997	0.001	0.001	0.001
0.001	0.997	0.001	0.001
0.001	0.001	0.001	0.997
0.001	0.997	0.001	0.001
0.997	0.001	0.001	0.001
0.001	0.997	0.001	0.001
0.997	0.001	0.001	0.001
0.001	0.001	0.997	0.001
0.001	0.001	0.001	0.997
0.001	0.997	0.001	0.001
>GGAGGTGATACA	23-GGAGGTGATACA	15.020990	-7.370010	0	T:4.0(0.07%),B:3.0(0.01%),P:1e-3	Tpos:148.6,Tstd:137.6,Bpos:97.6,Bstd:27.4,StrandBias:2.0,Multiplicity:1.25
0.001	0.001	0.997	0.001
0.001	0.001	0.997	0.001
0.997	0.001	0.001	0.001
0.410	0.001	0.588	0.001
0.001	0.001	0.997	0.001
0.001	0.001	0.001	0.997
0.001	0.001	0.997	0.001
0.588	0.410	0.001	0.001
0.001	0.150	0.001	0.848
0.997	0.001	0.001	0.001
0.001	0.997	0.001	0.001
0.997	0.001	0.001	0.001
>TCCATCACATCC	24-TCCATCACATCC	13.408299	-6.114356	0	T:3.0(0.05%),B:3.0(0.01%),P:1e-2	Tpos:176.8,Tstd:103.2,Bpos:206.0,Bstd:55.7,StrandBias:4.1,Multiplicity:6.00
0.001	0.001	0.001	0.997
0.001	0.997	0.001	0.001
0.001	0.997	0.001	0.001
0.997	0.001	0.001	0.001
0.001	0.001	0.001	0.997
0.001	0.997	0.001	0.001
0.997	0.001	0.001	0.001
0.041	0.957	0.001	0.001
0.997	0.001	0.001	0.001
0.001	0.001	0.001	0.997
0.001	0.997	0.001	0.001
0.001	0.997	0.001	0.001
>TCAGCCTCTGAC	25-TCAGCCTCTGAC	12.355432	-4.990907	0	T:3.0(0.05%),B:4.0(0.01%),P:1e-2	Tpos:64.5,Tstd:40.4,Bpos:145.3,Bstd:82.6,StrandBias:2.3,Multiplicity:2.00
0.100	0.100	0.100	0.700
0.100	0.700	0.100	0.100
0.700	0.100	0.100	0.100
0.100	0.100	0.700	0.100
0.100	0.700	0.100	0.100
0.100	0.700	0.100	0.100
0.100	0.100	0.100	0.700
0.100	0.700	0.100	0.100
0.100	0.100	0.100	0.700
0.100	0.100	0.700	0.100
0.700	0.100	0.100	0.100
0.100	0.700	0.100	0.100
