Factor1: 0.764534791096817
Factor2: 1.3079849493381195
