>GTTGTGGTTT	1-GTTGTGGTTT	7.609899	-114.372860	0	T:352.0(23.93%),B:4903.6(10.36%),P:1e-49	Tpos:299.1,Tstd:241.0,Bpos:229.9,Bstd:141.8,StrandBias:-0.0,Multiplicity:1.21
0.001	0.161	0.538	0.300
0.290	0.226	0.001	0.483
0.001	0.001	0.001	0.997
0.001	0.001	0.848	0.150
0.115	0.001	0.001	0.883
0.103	0.074	0.822	0.001
0.001	0.001	0.997	0.001
0.001	0.054	0.087	0.858
0.138	0.121	0.001	0.740
0.328	0.001	0.093	0.578
>RCAGGAAGTG	2-RCAGGAAGTG	7.683093	-104.087817	0	T:412.0(28.01%),B:6535.7(13.80%),P:1e-45	Tpos:288.6,Tstd:207.7,Bpos:228.7,Bstd:134.1,StrandBias:0.1,Multiplicity:1.24
0.467	0.091	0.374	0.068
0.113	0.762	0.116	0.009
0.738	0.101	0.054	0.107
0.001	0.001	0.997	0.001
0.084	0.001	0.875	0.040
0.960	0.001	0.013	0.026
0.860	0.024	0.034	0.082
0.375	0.039	0.579	0.007
0.044	0.245	0.116	0.595
0.197	0.163	0.511	0.129
>CTTTGAWGTN	3-CTTTGAWGTN	7.767361	-63.779738	0	T:282.0(19.17%),B:4583.0(9.68%),P:1e-27	Tpos:268.2,Tstd:205.1,Bpos:232.3,Bstd:139.5,StrandBias:0.0,Multiplicity:1.14
0.001	0.852	0.085	0.062
0.001	0.001	0.001	0.997
0.023	0.067	0.002	0.908
0.001	0.001	0.001	0.997
0.001	0.098	0.847	0.054
0.975	0.001	0.001	0.023
0.344	0.056	0.132	0.468
0.001	0.081	0.870	0.048
0.175	0.092	0.116	0.617
0.178	0.264	0.318	0.240
>GTTTCAGTTT	4-GTTTCAGTTT	7.517264	-61.233587	0	T:221.0(15.02%),B:3257.6(6.88%),P:1e-26	Tpos:292.6,Tstd:229.0,Bpos:226.5,Bstd:146.4,StrandBias:0.1,Multiplicity:1.14
0.056	0.120	0.802	0.022
0.043	0.027	0.043	0.887
0.058	0.034	0.019	0.889
0.048	0.078	0.053	0.821
0.022	0.825	0.080	0.073
0.635	0.098	0.196	0.071
0.042	0.084	0.750	0.124
0.060	0.041	0.084	0.815
0.082	0.066	0.060	0.792
0.055	0.108	0.042	0.795
>TATGASTCAT	5-TATGASTCAT	7.438411	-60.082310	0	T:154.0(10.47%),B:1878.8(3.97%),P:1e-26	Tpos:271.0,Tstd:207.1,Bpos:234.1,Bstd:129.7,StrandBias:0.0,Multiplicity:1.09
0.179	0.063	0.220	0.538
0.646	0.103	0.176	0.075
0.113	0.067	0.029	0.791
0.029	0.062	0.851	0.058
0.833	0.074	0.056	0.037
0.101	0.491	0.367	0.041
0.045	0.012	0.018	0.925
0.121	0.789	0.046	0.044
0.776	0.123	0.054	0.047
0.090	0.261	0.171	0.478
>CCACCTAGTG	6-CCACCTAGTG	8.763176	-44.017399	0	T:84.0(5.71%),B:843.5(1.78%),P:1e-19	Tpos:242.5,Tstd:149.2,Bpos:228.0,Bstd:136.5,StrandBias:-0.1,Multiplicity:1.00
0.049	0.843	0.023	0.085
0.025	0.806	0.070	0.099
0.683	0.240	0.040	0.037
0.038	0.676	0.066	0.220
0.075	0.885	0.013	0.027
0.173	0.030	0.031	0.766
0.770	0.023	0.149	0.058
0.071	0.001	0.820	0.108
0.043	0.060	0.001	0.896
0.043	0.014	0.872	0.071
>CAGAGGGCGS	7-CAGAGGGCGS	9.428423	-37.644076	0	T:56.0(3.81%),B:464.4(0.98%),P:1e-16	Tpos:236.2,Tstd:191.9,Bpos:213.3,Bstd:141.5,StrandBias:-0.4,Multiplicity:1.00
0.001	0.769	0.011	0.219
0.971	0.001	0.001	0.027
0.001	0.001	0.598	0.400
0.997	0.001	0.001	0.001
0.001	0.013	0.586	0.400
0.001	0.001	0.981	0.017
0.001	0.092	0.905	0.002
0.001	0.888	0.001	0.110
0.141	0.001	0.857	0.001
0.001	0.409	0.404	0.186
>GGGAAATCCC	8-GGGAAATCCC	7.336354	-35.969571	0	T:171.0(11.62%),B:2831.3(5.98%),P:1e-15	Tpos:278.8,Tstd:226.4,Bpos:231.8,Bstd:134.2,StrandBias:0.1,Multiplicity:1.09
0.044	0.038	0.880	0.038
0.085	0.117	0.709	0.089
0.050	0.020	0.835	0.095
0.790	0.032	0.117	0.061
0.841	0.078	0.060	0.021
0.788	0.093	0.088	0.031
0.079	0.127	0.092	0.702
0.051	0.825	0.091	0.033
0.043	0.853	0.053	0.051
0.030	0.791	0.108	0.071
>AGGAACTACA	9-AGGAACTACA	9.027832	-34.907705	0	T:81.0(5.51%),B:932.0(1.97%),P:1e-15	Tpos:272.7,Tstd:174.5,Bpos:234.1,Bstd:139.6,StrandBias:-0.2,Multiplicity:1.00
0.945	0.001	0.053	0.001
0.001	0.001	0.626	0.372
0.318	0.001	0.680	0.001
0.908	0.001	0.090	0.001
0.997	0.001	0.001	0.001
0.001	0.997	0.001	0.001
0.001	0.138	0.285	0.576
0.868	0.001	0.130	0.001
0.001	0.997	0.001	0.001
0.997	0.001	0.001	0.001
>GCCCCGCCCY	10-GCCCCGCCCY	7.121652	-33.620511	0	T:469.0(31.88%),B:10860.2(22.94%),P:1e-14	Tpos:308.3,Tstd:231.7,Bpos:232.6,Bstd:142.6,StrandBias:0.1,Multiplicity:1.87
0.209	0.178	0.538	0.075
0.052	0.595	0.120	0.233
0.019	0.648	0.053	0.280
0.277	0.625	0.064	0.034
0.025	0.957	0.007	0.011
0.245	0.033	0.584	0.138
0.024	0.970	0.004	0.002
0.003	0.917	0.079	0.001
0.059	0.682	0.020	0.239
0.211	0.423	0.093	0.273
>TTACCACACG	11-TTACCACACG	6.671898	-30.457983	0	T:233.0(15.84%),B:4564.5(9.64%),P:1e-13	Tpos:262.4,Tstd:208.3,Bpos:230.2,Bstd:137.6,StrandBias:-0.0,Multiplicity:1.09
0.110	0.048	0.016	0.826
0.050	0.110	0.077	0.763
0.732	0.052	0.063	0.153
0.066	0.827	0.083	0.024
0.070	0.856	0.039	0.035
0.805	0.052	0.117	0.026
0.106	0.799	0.077	0.018
0.826	0.072	0.039	0.063
0.045	0.849	0.065	0.041
0.086	0.088	0.724	0.102
>AGCTTTGTAA	12-AGCTTTGTAA	7.416901	-26.465631	0	T:125.0(8.50%),B:2066.1(4.36%),P:1e-11	Tpos:265.2,Tstd:237.1,Bpos:228.1,Bstd:140.8,StrandBias:0.3,Multiplicity:1.01
0.815	0.033	0.095	0.057
0.067	0.058	0.862	0.013
0.105	0.723	0.073	0.099
0.088	0.087	0.177	0.648
0.053	0.050	0.048	0.849
0.049	0.033	0.060	0.858
0.072	0.046	0.825	0.057
0.053	0.092	0.029	0.826
0.798	0.056	0.076	0.070
0.807	0.052	0.055	0.086
>RTGGCGGTTG	13-RTGGCGGTTG	7.657249	-26.171929	0	T:112.0(7.61%),B:1778.1(3.76%),P:1e-11	Tpos:295.2,Tstd:220.0,Bpos:230.4,Bstd:148.9,StrandBias:0.3,Multiplicity:1.06
0.424	0.001	0.574	0.001
0.001	0.001	0.385	0.613
0.001	0.001	0.997	0.001
0.409	0.001	0.589	0.001
0.001	0.997	0.001	0.001
0.001	0.001	0.997	0.001
0.039	0.306	0.463	0.192
0.001	0.075	0.136	0.788
0.296	0.001	0.001	0.702
0.052	0.266	0.681	0.001
>TATTATGACT	14-TATTATGACT	9.272499	-23.560999	0	T:37.0(2.52%),B:328.4(0.69%),P:1e-10	Tpos:221.2,Tstd:159.7,Bpos:233.7,Bstd:134.8,StrandBias:1.0,Multiplicity:1.03
0.015	0.309	0.002	0.674
0.714	0.001	0.062	0.223
0.394	0.001	0.001	0.604
0.001	0.257	0.022	0.720
0.875	0.066	0.058	0.001
0.067	0.042	0.001	0.890
0.001	0.039	0.913	0.047
0.675	0.062	0.091	0.172
0.001	0.994	0.001	0.004
0.057	0.107	0.082	0.754
>CCACAAACCG	15-CCACAAACCG	10.565833	-23.172610	0	T:32.0(2.18%),B:255.3(0.54%),P:1e-10	Tpos:285.3,Tstd:164.2,Bpos:220.9,Bstd:132.7,StrandBias:0.0,Multiplicity:1.00
0.001	0.997	0.001	0.001
0.064	0.934	0.001	0.001
0.997	0.001	0.001	0.001
0.001	0.997	0.001	0.001
0.941	0.057	0.001	0.001
0.829	0.001	0.169	0.001
0.855	0.001	0.001	0.143
0.001	0.997	0.001	0.001
0.271	0.626	0.001	0.102
0.096	0.001	0.902	0.001
>TAATCTCTGC	16-TAATCTCTGC	7.810487	-22.905086	0	T:139.0(9.45%),B:2524.9(5.33%),P:1e-9	Tpos:258.6,Tstd:218.7,Bpos:226.7,Bstd:137.4,StrandBias:-0.2,Multiplicity:1.06
0.113	0.164	0.043	0.680
0.936	0.001	0.052	0.011
0.732	0.037	0.230	0.001
0.001	0.141	0.262	0.596
0.001	0.905	0.093	0.001
0.001	0.106	0.189	0.704
0.024	0.837	0.037	0.102
0.012	0.067	0.101	0.820
0.052	0.001	0.877	0.070
0.136	0.758	0.001	0.105
>TTCATTTCCG	17-TTCATTTCCG	8.732009	-22.672827	0	T:73.0(4.96%),B:1022.0(2.16%),P:1e-9	Tpos:302.2,Tstd:215.8,Bpos:233.8,Bstd:137.0,StrandBias:0.1,Multiplicity:1.06
0.074	0.104	0.128	0.694
0.046	0.272	0.014	0.668
0.001	0.856	0.046	0.097
0.782	0.202	0.001	0.015
0.042	0.040	0.035	0.883
0.001	0.050	0.001	0.948
0.001	0.084	0.001	0.914
0.145	0.779	0.001	0.075
0.268	0.565	0.077	0.090
0.001	0.071	0.927	0.001
>TCGSTRHATA	18-TCGSTRHATA	7.165197	-18.899485	0	T:15.0(1.02%),B:67.2(0.14%),P:1e-8	Tpos:270.3,Tstd:285.2,Bpos:211.5,Bstd:122.7,StrandBias:0.6,Multiplicity:1.00
0.096	0.269	0.193	0.441
0.017	0.525	0.133	0.325
0.313	0.025	0.631	0.031
0.088	0.489	0.422	0.001
0.001	0.415	0.001	0.583
0.514	0.001	0.386	0.099
0.399	0.303	0.001	0.297
0.675	0.001	0.140	0.184
0.331	0.046	0.001	0.622
0.560	0.184	0.194	0.062
>GACGTCACTA	19-GACGTCACTA	8.383278	-17.240667	0	T:40.0(2.72%),B:475.0(1.00%),P:1e-7	Tpos:232.9,Tstd:185.7,Bpos:234.2,Bstd:146.1,StrandBias:0.8,Multiplicity:1.14
0.341	0.013	0.611	0.035
0.843	0.053	0.044	0.060
0.120	0.727	0.050	0.103
0.116	0.112	0.548	0.224
0.009	0.063	0.072	0.856
0.020	0.840	0.073	0.067
0.727	0.200	0.001	0.072
0.044	0.849	0.050	0.057
0.237	0.078	0.159	0.526
0.639	0.133	0.213	0.015
>TGAAAGAGCT	20-TGAAAGAGCT	9.376965	-16.597366	0	T:52.0(3.54%),B:727.4(1.54%),P:1e-7	Tpos:231.8,Tstd:187.8,Bpos:235.2,Bstd:135.7,StrandBias:-0.8,Multiplicity:1.04
0.091	0.072	0.001	0.836
0.001	0.057	0.925	0.017
0.914	0.057	0.001	0.028
0.907	0.001	0.050	0.042
0.997	0.001	0.001	0.001
0.108	0.001	0.827	0.064
0.747	0.001	0.099	0.153
0.001	0.001	0.997	0.001
0.001	0.997	0.001	0.001
0.061	0.001	0.001	0.937
>GTGGCTTGCG	21-GTGGCTTGCG	10.296193	-15.928911	0	T:6.0(0.41%),B:7.3(0.02%),P:1e-6	Tpos:268.0,Tstd:188.9,Bpos:259.9,Bstd:92.5,StrandBias:2.3,Multiplicity:1.00
0.100	0.100	0.700	0.100
0.100	0.100	0.100	0.700
0.100	0.100	0.700	0.100
0.100	0.100	0.700	0.100
0.100	0.700	0.100	0.100
0.100	0.100	0.100	0.700
0.100	0.100	0.100	0.700
0.100	0.100	0.700	0.100
0.100	0.700	0.100	0.100
0.100	0.100	0.700	0.100
