>TGTGGTTT	1-TGTGGTTT	7.511727	-100.381556	0	T:400.0(27.19%),B:6348.3(13.41%),P:1e-43	Tpos:281.0,Tstd:223.8,Bpos:229.4,Bstd:139.9,StrandBias:-0.1,Multiplicity:1.24
0.054	0.022	0.041	0.883
0.001	0.001	0.946	0.052
0.050	0.001	0.001	0.948
0.001	0.015	0.983	0.001
0.001	0.001	0.997	0.001
0.001	0.075	0.051	0.873
0.027	0.062	0.001	0.910
0.090	0.030	0.105	0.775
>CAGGAAGT	2-CAGGAAGT	6.528741	-81.669068	0	T:655.0(44.53%),B:13773.3(29.09%),P:1e-35	Tpos:285.3,Tstd:219.6,Bpos:229.9,Bstd:135.3,StrandBias:0.2,Multiplicity:1.44
0.035	0.818	0.120	0.027
0.962	0.024	0.013	0.001
0.001	0.001	0.997	0.001
0.001	0.001	0.986	0.012
0.997	0.001	0.001	0.001
0.905	0.007	0.001	0.087
0.195	0.001	0.803	0.001
0.073	0.123	0.057	0.747
>ATGASTCA	3-ATGASTCA	6.545658	-67.713564	0	T:305.0(20.73%),B:5010.8(10.58%),P:1e-29	Tpos:281.1,Tstd:222.7,Bpos:232.9,Bstd:135.3,StrandBias:0.0,Multiplicity:1.18
0.542	0.126	0.192	0.140
0.031	0.114	0.015	0.840
0.014	0.016	0.840	0.130
0.872	0.099	0.006	0.023
0.126	0.415	0.358	0.101
0.091	0.035	0.014	0.860
0.145	0.747	0.077	0.031
0.895	0.013	0.076	0.016
>TTTGATGT	4-TTTGATGT	6.805354	-56.727734	0	T:334.0(22.71%),B:6083.7(12.85%),P:1e-24	Tpos:286.9,Tstd:219.7,Bpos:228.7,Bstd:136.4,StrandBias:0.0,Multiplicity:1.17
0.001	0.001	0.016	0.982
0.082	0.083	0.001	0.834
0.021	0.001	0.001	0.977
0.023	0.070	0.906	0.001
0.931	0.034	0.001	0.034
0.249	0.035	0.074	0.642
0.001	0.087	0.911	0.001
0.031	0.064	0.001	0.904
>ACCGAAAC	5-ACCGAAAC	5.332553	-49.867001	0	T:630.0(42.83%),B:14596.8(30.83%),P:1e-21	Tpos:284.2,Tstd:228.6,Bpos:227.4,Bstd:146.0,StrandBias:-0.1,Multiplicity:1.38
0.833	0.027	0.073	0.067
0.131	0.582	0.172	0.115
0.037	0.686	0.172	0.105
0.222	0.092	0.625	0.061
0.795	0.064	0.053	0.088
0.861	0.063	0.055	0.021
0.838	0.079	0.030	0.053
0.115	0.791	0.038	0.056
>CGCCCTCT	6-CGCCCTCT	7.046076	-30.753718	0	T:276.0(18.76%),B:5672.1(11.98%),P:1e-13	Tpos:283.9,Tstd:225.1,Bpos:230.4,Bstd:144.8,StrandBias:0.2,Multiplicity:1.17
0.035	0.787	0.001	0.177
0.037	0.001	0.961	0.001
0.026	0.922	0.051	0.001
0.001	0.965	0.001	0.033
0.085	0.792	0.036	0.087
0.020	0.001	0.001	0.978
0.082	0.862	0.015	0.041
0.001	0.039	0.001	0.959
>AACCGAAA	7-AACCGAAA	6.510398	-29.705444	0	T:191.0(12.98%),B:3535.2(7.47%),P:1e-12	Tpos:281.7,Tstd:257.8,Bpos:228.5,Bstd:147.0,StrandBias:-0.1,Multiplicity:1.09
0.763	0.076	0.079	0.082
0.824	0.051	0.064	0.061
0.186	0.616	0.121	0.077
0.016	0.797	0.058	0.129
0.047	0.108	0.767	0.078
0.730	0.124	0.076	0.070
0.727	0.093	0.129	0.051
0.784	0.061	0.053	0.102
>CCCGCCCC	8-CCCGCCCC	10.372329	-21.305676	0	T:138.0(9.38%),B:2563.0(5.41%),P:1e-9	Tpos:331.8,Tstd:244.0,Bpos:231.3,Bstd:148.1,StrandBias:0.2,Multiplicity:1.35
0.001	0.911	0.001	0.087
0.001	0.950	0.001	0.048
0.001	0.997	0.001	0.001
0.131	0.001	0.867	0.001
0.001	0.997	0.001	0.001
0.001	0.997	0.001	0.001
0.001	0.854	0.001	0.144
0.081	0.768	0.001	0.150
>ACCTAGTG	9-ACCTAGTG	8.188458	-15.446997	0	T:60.0(4.08%),B:930.0(1.96%),P:1e-6	Tpos:223.0,Tstd:171.6,Bpos:229.5,Bstd:133.1,StrandBias:0.2,Multiplicity:1.02
0.766	0.232	0.001	0.001
0.001	0.997	0.001	0.001
0.001	0.997	0.001	0.001
0.001	0.001	0.001	0.997
0.997	0.001	0.001	0.001
0.001	0.001	0.997	0.001
0.001	0.073	0.001	0.925
0.001	0.001	0.997	0.001
