>GTTGTGGTTT	1-GTTGTGGTTT	7.609899	-114.372860	0	T:352.0(23.93%),B:4903.6(10.36%),P:1e-49	Tpos:299.1,Tstd:241.0,Bpos:229.9,Bstd:141.8,StrandBias:-0.0,Multiplicity:1.21
0.001	0.161	0.538	0.300
0.290	0.226	0.001	0.483
0.001	0.001	0.001	0.997
0.001	0.001	0.848	0.150
0.115	0.001	0.001	0.883
0.103	0.074	0.822	0.001
0.001	0.001	0.997	0.001
0.001	0.054	0.087	0.858
0.138	0.121	0.001	0.740
0.328	0.001	0.093	0.578
>RCAGGAAGTG	2-RCAGGAAGTG	7.683093	-104.087817	0	T:412.0(28.01%),B:6535.7(13.80%),P:1e-45	Tpos:288.6,Tstd:207.7,Bpos:228.7,Bstd:134.1,StrandBias:0.1,Multiplicity:1.24
0.467	0.091	0.374	0.068
0.113	0.762	0.116	0.009
0.738	0.101	0.054	0.107
0.001	0.001	0.997	0.001
0.084	0.001	0.875	0.040
0.960	0.001	0.013	0.026
0.860	0.024	0.034	0.082
0.375	0.039	0.579	0.007
0.044	0.245	0.116	0.595
0.197	0.163	0.511	0.129
>CTTTGAWGTN	3-CTTTGAWGTN	7.767361	-63.779738	0	T:282.0(19.17%),B:4583.0(9.68%),P:1e-27	Tpos:268.2,Tstd:205.1,Bpos:232.3,Bstd:139.5,StrandBias:0.0,Multiplicity:1.14
0.001	0.852	0.085	0.062
0.001	0.001	0.001	0.997
0.023	0.067	0.002	0.908
0.001	0.001	0.001	0.997
0.001	0.098	0.847	0.054
0.975	0.001	0.001	0.023
0.344	0.056	0.132	0.468
0.001	0.081	0.870	0.048
0.175	0.092	0.116	0.617
0.178	0.264	0.318	0.240
>GTTTCAGTTT	4-GTTTCAGTTT	7.517264	-61.233587	0	T:221.0(15.02%),B:3257.6(6.88%),P:1e-26	Tpos:292.6,Tstd:229.0,Bpos:226.5,Bstd:146.4,StrandBias:0.1,Multiplicity:1.14
0.056	0.120	0.802	0.022
0.043	0.027	0.043	0.887
0.058	0.034	0.019	0.889
0.048	0.078	0.053	0.821
0.022	0.825	0.080	0.073
0.635	0.098	0.196	0.071
0.042	0.084	0.750	0.124
0.060	0.041	0.084	0.815
0.082	0.066	0.060	0.792
0.055	0.108	0.042	0.795
>TATGASTCAT	5-TATGASTCAT	7.438411	-60.082310	0	T:154.0(10.47%),B:1878.8(3.97%),P:1e-26	Tpos:271.0,Tstd:207.1,Bpos:234.1,Bstd:129.7,StrandBias:0.0,Multiplicity:1.09
0.179	0.063	0.220	0.538
0.646	0.103	0.176	0.075
0.113	0.067	0.029	0.791
0.029	0.062	0.851	0.058
0.833	0.074	0.056	0.037
0.101	0.491	0.367	0.041
0.045	0.012	0.018	0.925
0.121	0.789	0.046	0.044
0.776	0.123	0.054	0.047
0.090	0.261	0.171	0.478
>CCACCTAGTG	6-CCACCTAGTG	8.763176	-44.017399	0	T:84.0(5.71%),B:843.5(1.78%),P:1e-19	Tpos:242.5,Tstd:149.2,Bpos:228.0,Bstd:136.5,StrandBias:-0.1,Multiplicity:1.00
0.049	0.843	0.023	0.085
0.025	0.806	0.070	0.099
0.683	0.240	0.040	0.037
0.038	0.676	0.066	0.220
0.075	0.885	0.013	0.027
0.173	0.030	0.031	0.766
0.770	0.023	0.149	0.058
0.071	0.001	0.820	0.108
0.043	0.060	0.001	0.896
0.043	0.014	0.872	0.071
>CAGAGGGCGS	7-CAGAGGGCGS	9.428423	-37.644076	0	T:56.0(3.81%),B:464.4(0.98%),P:1e-16	Tpos:236.2,Tstd:191.9,Bpos:213.3,Bstd:141.5,StrandBias:-0.4,Multiplicity:1.00
0.001	0.769	0.011	0.219
0.971	0.001	0.001	0.027
0.001	0.001	0.598	0.400
0.997	0.001	0.001	0.001
0.001	0.013	0.586	0.400
0.001	0.001	0.981	0.017
0.001	0.092	0.905	0.002
0.001	0.888	0.001	0.110
0.141	0.001	0.857	0.001
0.001	0.409	0.404	0.186
>GGGAAATCCC	8-GGGAAATCCC	7.336354	-35.969571	0	T:171.0(11.62%),B:2831.3(5.98%),P:1e-15	Tpos:278.8,Tstd:226.4,Bpos:231.8,Bstd:134.2,StrandBias:0.1,Multiplicity:1.09
0.044	0.038	0.880	0.038
0.085	0.117	0.709	0.089
0.050	0.020	0.835	0.095
0.790	0.032	0.117	0.061
0.841	0.078	0.060	0.021
0.788	0.093	0.088	0.031
0.079	0.127	0.092	0.702
0.051	0.825	0.091	0.033
0.043	0.853	0.053	0.051
0.030	0.791	0.108	0.071
>AGGAACTACA	9-AGGAACTACA	9.027832	-34.907705	0	T:81.0(5.51%),B:932.0(1.97%),P:1e-15	Tpos:272.7,Tstd:174.5,Bpos:234.1,Bstd:139.6,StrandBias:-0.2,Multiplicity:1.00
0.945	0.001	0.053	0.001
0.001	0.001	0.626	0.372
0.318	0.001	0.680	0.001
0.908	0.001	0.090	0.001
0.997	0.001	0.001	0.001
0.001	0.997	0.001	0.001
0.001	0.138	0.285	0.576
0.868	0.001	0.130	0.001
0.001	0.997	0.001	0.001
0.997	0.001	0.001	0.001
>GCCCCGCCCY	10-GCCCCGCCCY	7.121652	-33.620511	0	T:469.0(31.88%),B:10860.2(22.94%),P:1e-14	Tpos:308.3,Tstd:231.7,Bpos:232.6,Bstd:142.6,StrandBias:0.1,Multiplicity:1.87
0.209	0.178	0.538	0.075
0.052	0.595	0.120	0.233
0.019	0.648	0.053	0.280
0.277	0.625	0.064	0.034
0.025	0.957	0.007	0.011
0.245	0.033	0.584	0.138
0.024	0.970	0.004	0.002
0.003	0.917	0.079	0.001
0.059	0.682	0.020	0.239
0.211	0.423	0.093	0.273
>TTACCACACG	11-TTACCACACG	6.671898	-30.457983	0	T:233.0(15.84%),B:4564.5(9.64%),P:1e-13	Tpos:262.4,Tstd:208.3,Bpos:230.2,Bstd:137.6,StrandBias:-0.0,Multiplicity:1.09
0.110	0.048	0.016	0.826
0.050	0.110	0.077	0.763
0.732	0.052	0.063	0.153
0.066	0.827	0.083	0.024
0.070	0.856	0.039	0.035
0.805	0.052	0.117	0.026
0.106	0.799	0.077	0.018
0.826	0.072	0.039	0.063
0.045	0.849	0.065	0.041
0.086	0.088	0.724	0.102
>AGCTTTGTAA	12-AGCTTTGTAA	7.416901	-26.465631	0	T:125.0(8.50%),B:2066.1(4.36%),P:1e-11	Tpos:265.2,Tstd:237.1,Bpos:228.1,Bstd:140.8,StrandBias:0.3,Multiplicity:1.01
0.815	0.033	0.095	0.057
0.067	0.058	0.862	0.013
0.105	0.723	0.073	0.099
0.088	0.087	0.177	0.648
0.053	0.050	0.048	0.849
0.049	0.033	0.060	0.858
0.072	0.046	0.825	0.057
0.053	0.092	0.029	0.826
0.798	0.056	0.076	0.070
0.807	0.052	0.055	0.086
>RTGGCGGTTG	13-RTGGCGGTTG	7.657249	-26.171929	0	T:112.0(7.61%),B:1778.1(3.76%),P:1e-11	Tpos:295.2,Tstd:220.0,Bpos:230.4,Bstd:148.9,StrandBias:0.3,Multiplicity:1.06
0.424	0.001	0.574	0.001
0.001	0.001	0.385	0.613
0.001	0.001	0.997	0.001
0.409	0.001	0.589	0.001
0.001	0.997	0.001	0.001
0.001	0.001	0.997	0.001
0.039	0.306	0.463	0.192
0.001	0.075	0.136	0.788
0.296	0.001	0.001	0.702
0.052	0.266	0.681	0.001
>TATTATGACT	14-TATTATGACT	9.272499	-23.560999	0	T:37.0(2.52%),B:328.4(0.69%),P:1e-10	Tpos:221.2,Tstd:159.7,Bpos:233.7,Bstd:134.8,StrandBias:1.0,Multiplicity:1.03
0.015	0.309	0.002	0.674
0.714	0.001	0.062	0.223
0.394	0.001	0.001	0.604
0.001	0.257	0.022	0.720
0.875	0.066	0.058	0.001
0.067	0.042	0.001	0.890
0.001	0.039	0.913	0.047
0.675	0.062	0.091	0.172
0.001	0.994	0.001	0.004
0.057	0.107	0.082	0.754
>CCACAAACCG	15-CCACAAACCG	10.565833	-23.172610	0	T:32.0(2.18%),B:255.3(0.54%),P:1e-10	Tpos:285.3,Tstd:164.2,Bpos:220.9,Bstd:132.7,StrandBias:0.0,Multiplicity:1.00
0.001	0.997	0.001	0.001
0.064	0.934	0.001	0.001
0.997	0.001	0.001	0.001
0.001	0.997	0.001	0.001
0.941	0.057	0.001	0.001
0.829	0.001	0.169	0.001
0.855	0.001	0.001	0.143
0.001	0.997	0.001	0.001
0.271	0.626	0.001	0.102
0.096	0.001	0.902	0.001
>TAATCTCTGC	16-TAATCTCTGC	7.810487	-22.905086	0	T:139.0(9.45%),B:2524.9(5.33%),P:1e-9	Tpos:258.6,Tstd:218.7,Bpos:226.7,Bstd:137.4,StrandBias:-0.2,Multiplicity:1.06
0.113	0.164	0.043	0.680
0.936	0.001	0.052	0.011
0.732	0.037	0.230	0.001
0.001	0.141	0.262	0.596
0.001	0.905	0.093	0.001
0.001	0.106	0.189	0.704
0.024	0.837	0.037	0.102
0.012	0.067	0.101	0.820
0.052	0.001	0.877	0.070
0.136	0.758	0.001	0.105
>TTCATTTCCG	17-TTCATTTCCG	8.732009	-22.672827	0	T:73.0(4.96%),B:1022.0(2.16%),P:1e-9	Tpos:302.2,Tstd:215.8,Bpos:233.8,Bstd:137.0,StrandBias:0.1,Multiplicity:1.06
0.074	0.104	0.128	0.694
0.046	0.272	0.014	0.668
0.001	0.856	0.046	0.097
0.782	0.202	0.001	0.015
0.042	0.040	0.035	0.883
0.001	0.050	0.001	0.948
0.001	0.084	0.001	0.914
0.145	0.779	0.001	0.075
0.268	0.565	0.077	0.090
0.001	0.071	0.927	0.001
>TCGSTRHATA	18-TCGSTRHATA	7.165197	-18.899485	0	T:15.0(1.02%),B:67.2(0.14%),P:1e-8	Tpos:270.3,Tstd:285.2,Bpos:211.5,Bstd:122.7,StrandBias:0.6,Multiplicity:1.00
0.096	0.269	0.193	0.441
0.017	0.525	0.133	0.325
0.313	0.025	0.631	0.031
0.088	0.489	0.422	0.001
0.001	0.415	0.001	0.583
0.514	0.001	0.386	0.099
0.399	0.303	0.001	0.297
0.675	0.001	0.140	0.184
0.331	0.046	0.001	0.622
0.560	0.184	0.194	0.062
>GACGTCACTA	19-GACGTCACTA	8.383278	-17.240667	0	T:40.0(2.72%),B:475.0(1.00%),P:1e-7	Tpos:232.9,Tstd:185.7,Bpos:234.2,Bstd:146.1,StrandBias:0.8,Multiplicity:1.14
0.341	0.013	0.611	0.035
0.843	0.053	0.044	0.060
0.120	0.727	0.050	0.103
0.116	0.112	0.548	0.224
0.009	0.063	0.072	0.856
0.020	0.840	0.073	0.067
0.727	0.200	0.001	0.072
0.044	0.849	0.050	0.057
0.237	0.078	0.159	0.526
0.639	0.133	0.213	0.015
>TGAAAGAGCT	20-TGAAAGAGCT	9.376965	-16.597366	0	T:52.0(3.54%),B:727.4(1.54%),P:1e-7	Tpos:231.8,Tstd:187.8,Bpos:235.2,Bstd:135.7,StrandBias:-0.8,Multiplicity:1.04
0.091	0.072	0.001	0.836
0.001	0.057	0.925	0.017
0.914	0.057	0.001	0.028
0.907	0.001	0.050	0.042
0.997	0.001	0.001	0.001
0.108	0.001	0.827	0.064
0.747	0.001	0.099	0.153
0.001	0.001	0.997	0.001
0.001	0.997	0.001	0.001
0.061	0.001	0.001	0.937
>GTGGCTTGCG	21-GTGGCTTGCG	10.296193	-15.928911	0	T:6.0(0.41%),B:7.3(0.02%),P:1e-6	Tpos:268.0,Tstd:188.9,Bpos:259.9,Bstd:92.5,StrandBias:2.3,Multiplicity:1.00
0.100	0.100	0.700	0.100
0.100	0.100	0.100	0.700
0.100	0.100	0.700	0.100
0.100	0.100	0.700	0.100
0.100	0.700	0.100	0.100
0.100	0.100	0.100	0.700
0.100	0.100	0.100	0.700
0.100	0.100	0.700	0.100
0.100	0.700	0.100	0.100
0.100	0.100	0.700	0.100
>GCCCCCTAGTGG	1-GCCCCCTAGTGG	10.106771	-90.555899	0	T:103.0(7.00%),B:650.0(1.37%),P:1e-39	Tpos:232.6,Tstd:161.0,Bpos:230.5,Bstd:136.8,StrandBias:0.6,Multiplicity:1.02
0.001	0.070	0.928	0.001
0.001	0.884	0.001	0.114
0.001	0.997	0.001	0.001
0.245	0.753	0.001	0.001
0.071	0.536	0.037	0.356
0.001	0.997	0.001	0.001
0.001	0.088	0.001	0.910
0.508	0.122	0.258	0.112
0.001	0.119	0.809	0.071
0.164	0.058	0.158	0.620
0.001	0.001	0.997	0.001
0.049	0.001	0.901	0.049
>TTTGTGGTTTCY	2-TTTGTGGTTTCY	7.816093	-82.237841	0	T:219.0(14.89%),B:2753.0(5.81%),P:1e-35	Tpos:284.3,Tstd:222.4,Bpos:233.5,Bstd:142.1,StrandBias:0.0,Multiplicity:1.12
0.003	0.118	0.145	0.734
0.176	0.171	0.059	0.594
0.001	0.001	0.038	0.960
0.001	0.011	0.987	0.001
0.069	0.001	0.001	0.929
0.001	0.001	0.997	0.001
0.001	0.022	0.976	0.001
0.001	0.084	0.034	0.881
0.001	0.078	0.002	0.919
0.001	0.001	0.078	0.920
0.001	0.587	0.091	0.321
0.099	0.519	0.001	0.381
>ACAGGAAGTGNT	3-ACAGGAAGTGNT	8.893969	-77.985301	0	T:185.0(12.58%),B:2158.2(4.56%),P:1e-33	Tpos:267.3,Tstd:182.5,Bpos:229.3,Bstd:133.4,StrandBias:0.2,Multiplicity:1.09
0.727	0.128	0.118	0.027
0.057	0.890	0.052	0.001
0.997	0.001	0.001	0.001
0.001	0.001	0.997	0.001
0.001	0.001	0.997	0.001
0.743	0.086	0.098	0.073
0.939	0.001	0.001	0.059
0.071	0.001	0.904	0.024
0.122	0.001	0.001	0.876
0.063	0.075	0.642	0.220
0.194	0.193	0.279	0.334
0.177	0.159	0.254	0.411
>RTGAGTCATTTM	4-RTGAGTCATTTM	8.449485	-77.399907	0	T:142.0(9.65%),B:1381.8(2.92%),P:1e-33	Tpos:269.7,Tstd:197.0,Bpos:233.3,Bstd:138.1,StrandBias:-0.0,Multiplicity:1.05
0.348	0.103	0.412	0.136
0.039	0.001	0.001	0.959
0.001	0.032	0.890	0.077
0.956	0.001	0.001	0.042
0.159	0.255	0.555	0.031
0.180	0.001	0.001	0.818
0.180	0.785	0.001	0.034
0.852	0.021	0.001	0.126
0.015	0.228	0.050	0.707
0.081	0.124	0.122	0.673
0.001	0.043	0.128	0.828
0.404	0.287	0.108	0.201
>ACCACATCAAAG	5-ACCACATCAAAG	8.735244	-68.561558	0	T:121.0(8.23%),B:1141.8(2.41%),P:1e-29	Tpos:264.8,Tstd:204.1,Bpos:232.5,Bstd:141.0,StrandBias:0.2,Multiplicity:1.07
0.662	0.138	0.121	0.079
0.084	0.807	0.027	0.082
0.083	0.915	0.001	0.001
0.922	0.023	0.001	0.054
0.067	0.931	0.001	0.001
0.763	0.034	0.033	0.170
0.082	0.001	0.070	0.847
0.054	0.740	0.136	0.070
0.920	0.019	0.001	0.060
0.839	0.001	0.094	0.066
0.877	0.033	0.036	0.054
0.108	0.213	0.612	0.067
>RACTTCAAAGGN	6-RACTTCAAAGGN	7.076280	-56.874334	0	T:416.0(28.28%),B:8204.1(17.33%),P:1e-24	Tpos:268.1,Tstd:195.7,Bpos:231.7,Bstd:137.7,StrandBias:-0.0,Multiplicity:1.15
0.313	0.112	0.432	0.143
0.682	0.056	0.071	0.191
0.044	0.689	0.173	0.094
0.159	0.135	0.004	0.702
0.076	0.032	0.215	0.677
0.114	0.776	0.087	0.023
0.962	0.018	0.001	0.019
0.684	0.121	0.182	0.013
0.975	0.001	0.020	0.004
0.253	0.001	0.728	0.018
0.183	0.082	0.658	0.077
0.284	0.196	0.281	0.240
>TGTGGTTTYGTT	7-TGTGGTTTYGTT	10.430271	-46.635210	0	T:67.0(4.55%),B:535.2(1.13%),P:1e-20	Tpos:273.6,Tstd:286.9,Bpos:222.9,Bstd:132.3,StrandBias:-0.5,Multiplicity:1.00
0.001	0.211	0.128	0.660
0.001	0.001	0.963	0.035
0.188	0.001	0.029	0.782
0.001	0.001	0.997	0.001
0.025	0.001	0.973	0.001
0.001	0.222	0.001	0.776
0.001	0.289	0.001	0.709
0.087	0.001	0.001	0.911
0.001	0.400	0.171	0.428
0.001	0.416	0.582	0.001
0.001	0.349	0.001	0.649
0.001	0.001	0.241	0.757
>CAAACTGAAACT	8-CAAACTGAAACT	9.398298	-46.416211	0	T:80.0(5.44%),B:743.8(1.57%),P:1e-20	Tpos:294.9,Tstd:247.9,Bpos:230.1,Bstd:142.7,StrandBias:0.4,Multiplicity:1.03
0.064	0.783	0.121	0.032
0.878	0.041	0.026	0.055
0.823	0.080	0.042	0.055
0.848	0.059	0.020	0.073
0.068	0.786	0.076	0.070
0.077	0.078	0.030	0.815
0.049	0.055	0.857	0.039
0.823	0.093	0.083	0.001
0.889	0.052	0.020	0.039
0.886	0.020	0.021	0.073
0.042	0.837	0.079	0.042
0.140	0.080	0.001	0.779
>GGGAAATCCCCT	9-GGGAAATCCCCT	7.176564	-37.783101	0	T:199.0(13.53%),B:3433.2(7.25%),P:1e-16	Tpos:283.1,Tstd:217.7,Bpos:229.8,Bstd:130.3,StrandBias:-0.0,Multiplicity:1.10
0.100	0.031	0.811	0.058
0.111	0.063	0.742	0.084
0.058	0.107	0.734	0.101
0.762	0.114	0.099	0.025
0.838	0.060	0.064	0.038
0.672	0.043	0.156	0.129
0.112	0.089	0.092	0.707
0.072	0.815	0.023	0.090
0.092	0.754	0.063	0.091
0.105	0.677	0.112	0.106
0.113	0.762	0.059	0.066
0.100	0.095	0.075	0.730
>GTTTCCTGTTTA	10-GTTTCCTGTTTA	9.159342	-36.291078	0	T:104.0(7.07%),B:1354.6(2.86%),P:1e-15	Tpos:289.0,Tstd:223.7,Bpos:230.4,Bstd:142.2,StrandBias:-0.1,Multiplicity:1.03
0.068	0.101	0.758	0.073
0.066	0.137	0.102	0.695
0.001	0.024	0.001	0.974
0.025	0.001	0.050	0.924
0.076	0.809	0.025	0.090
0.066	0.805	0.051	0.078
0.024	0.001	0.001	0.974
0.037	0.089	0.776	0.098
0.051	0.043	0.046	0.860
0.061	0.087	0.033	0.819
0.001	0.091	0.073	0.835
0.778	0.076	0.066	0.080
>AGGAAGGAAGTG	11-AGGAAGGAAGTG	7.309035	-32.657701	0	T:148.0(10.06%),B:2402.2(5.07%),P:1e-14	Tpos:288.8,Tstd:227.4,Bpos:228.1,Bstd:131.8,StrandBias:0.2,Multiplicity:1.06
0.543	0.118	0.216	0.123
0.266	0.012	0.543	0.179
0.162	0.120	0.571	0.147
0.547	0.187	0.143	0.123
0.704	0.006	0.073	0.217
0.307	0.010	0.561	0.122
0.116	0.099	0.624	0.161
0.521	0.268	0.192	0.019
0.521	0.105	0.176	0.198
0.212	0.177	0.599	0.012
0.202	0.121	0.179	0.498
0.189	0.188	0.474	0.149
>TCGCCCCGCCCT	12-TCGCCCCGCCCT	9.283832	-32.595746	0	T:99.0(6.73%),B:1332.8(2.81%),P:1e-14	Tpos:327.3,Tstd:242.3,Bpos:235.1,Bstd:149.6,StrandBias:0.1,Multiplicity:1.17
0.068	0.150	0.079	0.703
0.019	0.836	0.101	0.044
0.126	0.110	0.689	0.075
0.032	0.888	0.054	0.026
0.081	0.813	0.068	0.038
0.021	0.902	0.032	0.045
0.023	0.889	0.039	0.049
0.121	0.029	0.813	0.037
0.001	0.796	0.171	0.032
0.032	0.914	0.045	0.009
0.001	0.957	0.022	0.020
0.048	0.105	0.039	0.808
>ATACCACACCCT	13-ATACCACACCCT	8.252877	-28.691605	0	T:92.0(6.25%),B:1276.4(2.70%),P:1e-12	Tpos:287.5,Tstd:210.8,Bpos:234.9,Bstd:133.1,StrandBias:0.3,Multiplicity:1.03
0.767	0.108	0.124	0.001
0.056	0.061	0.061	0.822
0.734	0.082	0.128	0.056
0.030	0.810	0.104	0.056
0.028	0.916	0.028	0.028
0.755	0.048	0.056	0.141
0.084	0.784	0.076	0.056
0.953	0.045	0.001	0.001
0.051	0.926	0.022	0.001
0.107	0.844	0.001	0.048
0.084	0.840	0.028	0.048
0.010	0.076	0.056	0.858
>TTGGCGGTTTGT	14-TTGGCGGTTTGT	13.538870	-28.042738	0	T:7.0(0.48%),B:3.0(0.01%),P:1e-12	Tpos:132.9,Tstd:104.3,Bpos:119.8,Bstd:109.8,StrandBias:-0.4,Multiplicity:1.00
0.001	0.001	0.001	0.997
0.001	0.001	0.001	0.997
0.001	0.001	0.997	0.001
0.001	0.001	0.997	0.001
0.001	0.997	0.001	0.001
0.001	0.249	0.749	0.001
0.001	0.001	0.997	0.001
0.001	0.249	0.001	0.749
0.001	0.249	0.001	0.749
0.001	0.001	0.001	0.997
0.001	0.001	0.997	0.001
0.001	0.001	0.001	0.997
>CTGTGGTTGAAA	15-CTGTGGTTGAAA	9.227955	-27.523296	0	T:82.0(5.57%),B:1096.2(2.32%),P:1e-11	Tpos:269.1,Tstd:225.8,Bpos:234.8,Bstd:138.6,StrandBias:0.3,Multiplicity:1.07
0.024	0.871	0.049	0.056
0.076	0.001	0.001	0.922
0.001	0.078	0.909	0.012
0.036	0.084	0.065	0.815
0.064	0.008	0.895	0.033
0.013	0.035	0.875	0.077
0.075	0.061	0.117	0.747
0.062	0.024	0.048	0.866
0.079	0.099	0.789	0.033
0.728	0.037	0.073	0.162
0.767	0.053	0.062	0.118
0.822	0.048	0.059	0.071
>TGACTCAAACCA	16-TGACTCAAACCA	9.337653	-26.917459	0	T:53.0(3.60%),B:552.4(1.17%),P:1e-11	Tpos:294.3,Tstd:223.4,Bpos:229.6,Bstd:134.8,StrandBias:0.2,Multiplicity:1.04
0.023	0.028	0.028	0.921
0.056	0.022	0.921	0.001
0.935	0.042	0.001	0.022
0.056	0.845	0.048	0.051
0.107	0.098	0.028	0.767
0.045	0.818	0.081	0.056
0.776	0.073	0.028	0.123
0.747	0.073	0.033	0.147
0.760	0.109	0.016	0.115
0.023	0.877	0.044	0.056
0.030	0.891	0.028	0.051
0.748	0.056	0.001	0.195
>GTTTTGGTTTTG	17-GTTTTGGTTTTG	8.404459	-25.619656	0	T:143.0(9.72%),B:2519.8(5.32%),P:1e-11	Tpos:276.8,Tstd:182.1,Bpos:229.6,Bstd:151.9,StrandBias:0.0,Multiplicity:1.18
0.061	0.105	0.720	0.114
0.053	0.031	0.007	0.909
0.050	0.083	0.095	0.772
0.050	0.035	0.076	0.839
0.001	0.001	0.001	0.997
0.070	0.063	0.776	0.091
0.104	0.001	0.806	0.089
0.001	0.060	0.077	0.862
0.001	0.075	0.039	0.885
0.001	0.073	0.111	0.815
0.056	0.045	0.093	0.806
0.064	0.084	0.816	0.036
>ACTCCGCCCACC	18-ACTCCGCCCACC	12.355432	-18.738143	0	T:5.0(0.34%),B:2.6(0.01%),P:1e-8	Tpos:204.8,Tstd:108.3,Bpos:212.1,Bstd:147.8,StrandBias:0.6,Multiplicity:1.00
0.700	0.100	0.100	0.100
0.100	0.700	0.100	0.100
0.100	0.100	0.100	0.700
0.100	0.700	0.100	0.100
0.100	0.700	0.100	0.100
0.100	0.100	0.700	0.100
0.100	0.700	0.100	0.100
0.100	0.700	0.100	0.100
0.100	0.700	0.100	0.100
0.700	0.100	0.100	0.100
0.100	0.700	0.100	0.100
0.100	0.700	0.100	0.100
>TTTTGAGGACTT	19-TTTTGAGGACTT	12.355432	-16.736572	0	T:5.0(0.34%),B:3.0(0.01%),P:1e-7	Tpos:286.0,Tstd:253.4,Bpos:127.0,Bstd:0.0,StrandBias:0.6,Multiplicity:1.00
0.100	0.100	0.100	0.700
0.100	0.100	0.100	0.700
0.100	0.100	0.100	0.700
0.100	0.100	0.100	0.700
0.100	0.100	0.700	0.100
0.700	0.100	0.100	0.100
0.100	0.100	0.700	0.100
0.100	0.100	0.700	0.100
0.700	0.100	0.100	0.100
0.100	0.700	0.100	0.100
0.100	0.100	0.100	0.700
0.100	0.100	0.100	0.700
>TGCTCTAGGACA	20-TGCTCTAGGACA	12.355432	-16.736572	0	T:5.0(0.34%),B:3.3(0.01%),P:1e-7	Tpos:210.8,Tstd:103.5,Bpos:160.9,Bstd:156.4,StrandBias:-0.6,Multiplicity:1.00
0.100	0.100	0.100	0.700
0.100	0.100	0.700	0.100
0.100	0.700	0.100	0.100
0.100	0.100	0.100	0.700
0.100	0.700	0.100	0.100
0.100	0.100	0.100	0.700
0.700	0.100	0.100	0.100
0.100	0.100	0.700	0.100
0.100	0.100	0.700	0.100
0.700	0.100	0.100	0.100
0.100	0.700	0.100	0.100
0.700	0.100	0.100	0.100
>CAACCATGCTCA	21-CAACCATGCTCA	9.905858	-14.273724	0	T:24.0(1.63%),B:233.8(0.49%),P:1e-6	Tpos:243.0,Tstd:124.0,Bpos:224.5,Bstd:127.8,StrandBias:0.1,Multiplicity:1.12
0.001	0.698	0.075	0.226
0.773	0.225	0.001	0.001
0.849	0.075	0.075	0.001
0.001	0.849	0.075	0.075
0.001	0.849	0.075	0.075
0.848	0.001	0.150	0.001
0.001	0.001	0.001	0.997
0.001	0.001	0.997	0.001
0.001	0.924	0.074	0.001
0.074	0.001	0.001	0.924
0.075	0.624	0.075	0.226
0.698	0.001	0.226	0.075
>GAAACCCTGTAT	22-GAAACCCTGTAT	9.694726	-12.231845	0	T:3.0(0.20%),B:1.3(0.00%),P:1e-5	Tpos:282.8,Tstd:252.2,Bpos:106.0,Bstd:10.7,StrandBias:2.3,Multiplicity:2.00
0.001	0.001	0.997	0.001
0.997	0.001	0.001	0.001
0.997	0.001	0.001	0.001
0.997	0.001	0.001	0.001
0.001	0.997	0.001	0.001
0.001	0.997	0.001	0.001
0.001	0.997	0.001	0.001
0.001	0.001	0.221	0.777
0.001	0.001	0.997	0.001
0.001	0.001	0.001	0.997
0.997	0.001	0.001	0.001
0.001	0.001	0.001	0.997
>TTGTGTGGGTCA	23-TTGTGTGGGTCA	14.777843	-8.948255	0	T:4.0(0.27%),B:8.9(0.02%),P:1e-3	Tpos:391.9,Tstd:158.3,Bpos:239.7,Bstd:144.3,StrandBias:2.6,Multiplicity:1.75
0.001	0.001	0.001	0.997
0.001	0.001	0.001	0.997
0.001	0.001	0.997	0.001
0.001	0.001	0.001	0.997
0.001	0.001	0.997	0.001
0.001	0.001	0.001	0.997
0.001	0.001	0.997	0.001
0.202	0.001	0.796	0.001
0.001	0.001	0.997	0.001
0.001	0.001	0.001	0.997
0.001	0.796	0.001	0.202
0.997	0.001	0.001	0.001
>AACAGAAAGCAT	24-AACAGAAAGCAT	12.355432	-6.972200	0	T:3.0(0.20%),B:6.8(0.01%),P:1e-3	Tpos:169.1,Tstd:113.7,Bpos:204.3,Bstd:130.1,StrandBias:10.0,Multiplicity:2.33
0.700	0.100	0.100	0.100
0.700	0.100	0.100	0.100
0.100	0.700	0.100	0.100
0.700	0.100	0.100	0.100
0.100	0.100	0.700	0.100
0.700	0.100	0.100	0.100
0.700	0.100	0.100	0.100
0.700	0.100	0.100	0.100
0.100	0.100	0.700	0.100
0.100	0.700	0.100	0.100
0.700	0.100	0.100	0.100
0.100	0.100	0.100	0.700
>ACTAACYATAGA	25-ACTAACYATAGA	13.393462	-4.520905	0	T:2.0(0.14%),B:5.7(0.01%),P:1e-1	Tpos:196.6,Tstd:79.3,Bpos:294.5,Bstd:105.2,StrandBias:3.3,Multiplicity:5.50
0.997	0.001	0.001	0.001
0.001	0.997	0.001	0.001
0.001	0.001	0.001	0.997
0.997	0.001	0.001	0.001
0.997	0.001	0.001	0.001
0.001	0.997	0.001	0.001
0.001	0.461	0.001	0.537
0.923	0.001	0.001	0.075
0.001	0.001	0.001	0.997
0.997	0.001	0.001	0.001
0.001	0.001	0.997	0.001
0.997	0.001	0.001	0.001
>TGTGGTTT	1-TGTGGTTT	7.511727	-100.381556	0	T:400.0(27.19%),B:6348.3(13.41%),P:1e-43	Tpos:281.0,Tstd:223.8,Bpos:229.4,Bstd:139.9,StrandBias:-0.1,Multiplicity:1.24
0.054	0.022	0.041	0.883
0.001	0.001	0.946	0.052
0.050	0.001	0.001	0.948
0.001	0.015	0.983	0.001
0.001	0.001	0.997	0.001
0.001	0.075	0.051	0.873
0.027	0.062	0.001	0.910
0.090	0.030	0.105	0.775
>CAGGAAGT	2-CAGGAAGT	6.528741	-81.669068	0	T:655.0(44.53%),B:13773.3(29.09%),P:1e-35	Tpos:285.3,Tstd:219.6,Bpos:229.9,Bstd:135.3,StrandBias:0.2,Multiplicity:1.44
0.035	0.818	0.120	0.027
0.962	0.024	0.013	0.001
0.001	0.001	0.997	0.001
0.001	0.001	0.986	0.012
0.997	0.001	0.001	0.001
0.905	0.007	0.001	0.087
0.195	0.001	0.803	0.001
0.073	0.123	0.057	0.747
>ATGASTCA	3-ATGASTCA	6.545658	-67.713564	0	T:305.0(20.73%),B:5010.8(10.58%),P:1e-29	Tpos:281.1,Tstd:222.7,Bpos:232.9,Bstd:135.3,StrandBias:0.0,Multiplicity:1.18
0.542	0.126	0.192	0.140
0.031	0.114	0.015	0.840
0.014	0.016	0.840	0.130
0.872	0.099	0.006	0.023
0.126	0.415	0.358	0.101
0.091	0.035	0.014	0.860
0.145	0.747	0.077	0.031
0.895	0.013	0.076	0.016
>TTTGATGT	4-TTTGATGT	6.805354	-56.727734	0	T:334.0(22.71%),B:6083.7(12.85%),P:1e-24	Tpos:286.9,Tstd:219.7,Bpos:228.7,Bstd:136.4,StrandBias:0.0,Multiplicity:1.17
0.001	0.001	0.016	0.982
0.082	0.083	0.001	0.834
0.021	0.001	0.001	0.977
0.023	0.070	0.906	0.001
0.931	0.034	0.001	0.034
0.249	0.035	0.074	0.642
0.001	0.087	0.911	0.001
0.031	0.064	0.001	0.904
>ACCGAAAC	5-ACCGAAAC	5.332553	-49.867001	0	T:630.0(42.83%),B:14596.8(30.83%),P:1e-21	Tpos:284.2,Tstd:228.6,Bpos:227.4,Bstd:146.0,StrandBias:-0.1,Multiplicity:1.38
0.833	0.027	0.073	0.067
0.131	0.582	0.172	0.115
0.037	0.686	0.172	0.105
0.222	0.092	0.625	0.061
0.795	0.064	0.053	0.088
0.861	0.063	0.055	0.021
0.838	0.079	0.030	0.053
0.115	0.791	0.038	0.056
>CGCCCTCT	6-CGCCCTCT	7.046076	-30.753718	0	T:276.0(18.76%),B:5672.1(11.98%),P:1e-13	Tpos:283.9,Tstd:225.1,Bpos:230.4,Bstd:144.8,StrandBias:0.2,Multiplicity:1.17
0.035	0.787	0.001	0.177
0.037	0.001	0.961	0.001
0.026	0.922	0.051	0.001
0.001	0.965	0.001	0.033
0.085	0.792	0.036	0.087
0.020	0.001	0.001	0.978
0.082	0.862	0.015	0.041
0.001	0.039	0.001	0.959
>AACCGAAA	7-AACCGAAA	6.510398	-29.705444	0	T:191.0(12.98%),B:3535.2(7.47%),P:1e-12	Tpos:281.7,Tstd:257.8,Bpos:228.5,Bstd:147.0,StrandBias:-0.1,Multiplicity:1.09
0.763	0.076	0.079	0.082
0.824	0.051	0.064	0.061
0.186	0.616	0.121	0.077
0.016	0.797	0.058	0.129
0.047	0.108	0.767	0.078
0.730	0.124	0.076	0.070
0.727	0.093	0.129	0.051
0.784	0.061	0.053	0.102
>CCCGCCCC	8-CCCGCCCC	10.372329	-21.305676	0	T:138.0(9.38%),B:2563.0(5.41%),P:1e-9	Tpos:331.8,Tstd:244.0,Bpos:231.3,Bstd:148.1,StrandBias:0.2,Multiplicity:1.35
0.001	0.911	0.001	0.087
0.001	0.950	0.001	0.048
0.001	0.997	0.001	0.001
0.131	0.001	0.867	0.001
0.001	0.997	0.001	0.001
0.001	0.997	0.001	0.001
0.001	0.854	0.001	0.144
0.081	0.768	0.001	0.150
>ACCTAGTG	9-ACCTAGTG	8.188458	-15.446997	0	T:60.0(4.08%),B:930.0(1.96%),P:1e-6	Tpos:223.0,Tstd:171.6,Bpos:229.5,Bstd:133.1,StrandBias:0.2,Multiplicity:1.02
0.766	0.232	0.001	0.001
0.001	0.997	0.001	0.001
0.001	0.997	0.001	0.001
0.001	0.001	0.001	0.997
0.997	0.001	0.001	0.001
0.001	0.001	0.997	0.001
0.001	0.073	0.001	0.925
0.001	0.001	0.997	0.001
