>TGASTCATCD	1-TGASTCATCD	6.841321	-1423.480277	0	T:2121.0(30.07%),B:3438.3(8.18%),P:1e-618	Tpos:279.3,Tstd:196.8,Bpos:243.7,Bstd:149.8,StrandBias:0.0,Multiplicity:1.23
0.038	0.045	0.028	0.889
0.057	0.045	0.810	0.088
0.875	0.049	0.037	0.039
0.056	0.405	0.488	0.050
0.037	0.030	0.030	0.903
0.082	0.837	0.039	0.042
0.905	0.028	0.034	0.033
0.099	0.199	0.220	0.482
0.234	0.452	0.112	0.202
0.224	0.201	0.359	0.216
>VTGASTMATH	2-VTGASTMATH	6.762051	-1301.493400	0	T:2672.0(37.88%),B:5705.0(13.56%),P:1e-565	Tpos:291.1,Tstd:228.4,Bpos:246.0,Bstd:147.0,StrandBias:-0.0,Multiplicity:1.12
0.393	0.279	0.312	0.017
0.001	0.001	0.001	0.997
0.001	0.001	0.590	0.408
0.997	0.001	0.001	0.001
0.007	0.506	0.424	0.063
0.116	0.001	0.026	0.857
0.420	0.533	0.044	0.003
0.907	0.012	0.074	0.007
0.118	0.186	0.260	0.435
0.359	0.365	0.034	0.242
>ACTTCCTGTY	3-ACTTCCTGTY	7.720125	-382.784058	0	T:2141.0(30.36%),B:7154.6(17.01%),P:1e-166	Tpos:290.4,Tstd:235.4,Bpos:242.9,Bstd:142.6,StrandBias:-0.0,Multiplicity:1.23
0.676	0.068	0.234	0.022
0.001	0.610	0.080	0.309
0.193	0.031	0.008	0.768
0.008	0.001	0.020	0.971
0.011	0.835	0.001	0.153
0.001	0.995	0.003	0.001
0.001	0.001	0.018	0.980
0.021	0.260	0.596	0.123
0.006	0.155	0.044	0.795
0.038	0.371	0.191	0.399
>WDTTTCCATT	4-WDTTTCCATT	7.142108	-367.107542	0	T:2077.0(29.45%),B:6949.0(16.52%),P:1e-159	Tpos:297.9,Tstd:231.5,Bpos:240.7,Bstd:144.5,StrandBias:0.1,Multiplicity:1.27
0.366	0.131	0.207	0.297
0.225	0.159	0.277	0.338
0.011	0.007	0.065	0.917
0.009	0.001	0.001	0.989
0.066	0.004	0.001	0.929
0.043	0.668	0.261	0.028
0.113	0.845	0.041	0.001
0.689	0.045	0.163	0.103
0.015	0.281	0.094	0.610
0.231	0.200	0.165	0.404
>NGAAACCACA	5-NGAAACCACA	7.685893	-330.326244	0	T:1588.0(22.52%),B:4915.6(11.69%),P:1e-143	Tpos:286.1,Tstd:211.5,Bpos:244.3,Bstd:148.3,StrandBias:0.0,Multiplicity:1.17
0.217	0.255	0.269	0.259
0.262	0.131	0.440	0.167
0.633	0.051	0.072	0.244
0.997	0.001	0.001	0.001
0.889	0.001	0.109	0.001
0.001	0.995	0.003	0.001
0.001	0.997	0.001	0.001
0.861	0.137	0.001	0.001
0.001	0.891	0.107	0.001
0.538	0.146	0.001	0.315
>GTTTCGBTHY	6-GTTTCGBTHY	6.109548	-297.684780	0	T:764.0(10.83%),B:1692.5(4.02%),P:1e-129	Tpos:293.8,Tstd:236.1,Bpos:243.0,Bstd:152.0,StrandBias:0.0,Multiplicity:1.09
0.085	0.330	0.524	0.061
0.096	0.048	0.111	0.745
0.140	0.161	0.026	0.673
0.217	0.150	0.105	0.528
0.062	0.797	0.074	0.067
0.311	0.063	0.468	0.157
0.100	0.346	0.258	0.297
0.165	0.130	0.225	0.481
0.350	0.233	0.043	0.375
0.203	0.280	0.091	0.426
>NAYGCAAATN	7-NAYGCAAATN	5.890711	-232.495157	0	T:435.0(6.17%),B:771.8(1.84%),P:1e-100	Tpos:280.3,Tstd:195.5,Bpos:253.4,Bstd:144.8,StrandBias:0.2,Multiplicity:1.04
0.234	0.227	0.222	0.317
0.526	0.153	0.160	0.161
0.130	0.293	0.153	0.424
0.111	0.122	0.642	0.125
0.146	0.606	0.145	0.103
0.497	0.144	0.236	0.124
0.605	0.109	0.122	0.164
0.532	0.181	0.146	0.141
0.146	0.179	0.141	0.534
0.205	0.235	0.319	0.241
>TCCGCCCACA	8-TCCGCCCACA	7.420082	-230.943502	0	T:1292.0(18.32%),B:4181.9(9.94%),P:1e-100	Tpos:298.0,Tstd:233.5,Bpos:245.6,Bstd:146.5,StrandBias:0.0,Multiplicity:1.15
0.110	0.160	0.108	0.622
0.080	0.803	0.044	0.073
0.058	0.880	0.009	0.053
0.175	0.037	0.625	0.163
0.058	0.847	0.047	0.048
0.019	0.925	0.015	0.041
0.049	0.865	0.023	0.063
0.840	0.118	0.016	0.026
0.018	0.851	0.079	0.052
0.744	0.082	0.080	0.094
>NARTTTCCGN	9-NARTTTCCGN	6.974081	-200.696413	0	T:861.0(12.21%),B:2478.2(5.89%),P:1e-87	Tpos:297.3,Tstd:242.1,Bpos:244.8,Bstd:155.2,StrandBias:0.1,Multiplicity:1.07
0.281	0.287	0.194	0.238
0.653	0.151	0.043	0.153
0.351	0.134	0.414	0.101
0.001	0.100	0.056	0.843
0.001	0.053	0.001	0.945
0.058	0.001	0.001	0.940
0.001	0.953	0.045	0.001
0.111	0.852	0.027	0.010
0.096	0.063	0.773	0.068
0.234	0.253	0.245	0.268
>GGGGATTTCC	10-GGGGATTTCC	4.860099	-200.580395	0	T:832.0(11.80%),B:2358.9(5.61%),P:1e-87	Tpos:293.7,Tstd:232.7,Bpos:245.6,Bstd:143.3,StrandBias:0.0,Multiplicity:1.10
0.001	0.001	0.997	0.001
0.001	0.001	0.997	0.001
0.001	0.001	0.997	0.001
0.374	0.001	0.624	0.001
0.671	0.327	0.001	0.001
0.402	0.001	0.001	0.596
0.040	0.003	0.250	0.707
0.001	0.422	0.001	0.576
0.001	0.997	0.001	0.001
0.001	0.997	0.001	0.001
>MAWGGAAACT	11-MAWGGAAACT	4.040506	-197.578492	0	T:1607.0(22.78%),B:5904.6(14.04%),P:1e-85	Tpos:287.3,Tstd:228.4,Bpos:245.8,Bstd:150.9,StrandBias:-0.1,Multiplicity:1.07
0.442	0.433	0.124	0.001
0.792	0.001	0.001	0.206
0.344	0.001	0.241	0.414
0.001	0.227	0.622	0.150
0.001	0.001	0.997	0.001
0.997	0.001	0.001	0.001
0.997	0.001	0.001	0.001
0.997	0.001	0.001	0.001
0.001	0.997	0.001	0.001
0.001	0.276	0.141	0.582
>CACATCAAAG	12-CACATCAAAG	8.104047	-164.839123	0	T:903.0(12.80%),B:2864.7(6.81%),P:1e-71	Tpos:279.8,Tstd:197.6,Bpos:240.8,Bstd:146.3,StrandBias:0.0,Multiplicity:1.10
0.282	0.552	0.119	0.047
0.743	0.001	0.003	0.253
0.049	0.609	0.341	0.001
0.729	0.001	0.001	0.269
0.012	0.031	0.001	0.956
0.108	0.832	0.013	0.047
0.997	0.001	0.001	0.001
0.927	0.001	0.071	0.001
0.980	0.018	0.001	0.001
0.138	0.051	0.810	0.001
>GGGYGTGGCY	13-GGGYGTGGCY	7.044958	-121.750439	0	T:1145.0(16.23%),B:4316.8(10.26%),P:1e-52	Tpos:302.6,Tstd:223.5,Bpos:240.4,Bstd:145.9,StrandBias:0.0,Multiplicity:1.32
0.055	0.001	0.943	0.001
0.001	0.001	0.997	0.001
0.001	0.001	0.997	0.001
0.016	0.429	0.001	0.554
0.001	0.001	0.997	0.001
0.001	0.001	0.401	0.597
0.001	0.001	0.997	0.001
0.001	0.001	0.997	0.001
0.009	0.801	0.001	0.189
0.077	0.323	0.132	0.467
>MATGACGYGN	14-MATGACGYGN	6.106692	-74.599677	0	T:523.0(7.42%),B:1789.3(4.25%),P:1e-32	Tpos:289.1,Tstd:223.4,Bpos:243.0,Bstd:148.3,StrandBias:-0.0,Multiplicity:1.04
0.424	0.312	0.189	0.075
0.578	0.100	0.265	0.057
0.234	0.063	0.042	0.661
0.290	0.052	0.599	0.059
0.818	0.060	0.067	0.055
0.047	0.598	0.284	0.071
0.051	0.043	0.574	0.332
0.193	0.449	0.056	0.302
0.059	0.089	0.659	0.193
0.220	0.219	0.234	0.327
>TGACGTCATM	15-TGACGTCATM	6.390085	-73.385661	0	T:561.0(7.95%),B:1972.5(4.69%),P:1e-31	Tpos:293.8,Tstd:230.9,Bpos:243.1,Bstd:154.2,StrandBias:-0.1,Multiplicity:1.06
0.284	0.095	0.018	0.603
0.010	0.008	0.692	0.290
0.624	0.210	0.013	0.153
0.164	0.419	0.151	0.266
0.218	0.200	0.564	0.018
0.146	0.014	0.016	0.824
0.192	0.529	0.020	0.259
0.664	0.012	0.286	0.038
0.079	0.247	0.241	0.433
0.356	0.277	0.190	0.177
>RWATGACHGT	16-RWATGACHGT	6.772951	-69.867443	0	T:350.0(4.96%),B:1062.9(2.53%),P:1e-30	Tpos:278.4,Tstd:220.0,Bpos:240.3,Bstd:145.5,StrandBias:0.2,Multiplicity:1.05
0.301	0.085	0.417	0.197
0.402	0.009	0.077	0.512
0.644	0.170	0.169	0.017
0.244	0.177	0.013	0.566
0.041	0.167	0.771	0.021
0.659	0.013	0.221	0.107
0.262	0.425	0.130	0.183
0.299	0.304	0.018	0.379
0.114	0.168	0.705	0.013
0.010	0.181	0.260	0.549
>CCMTAGCRAC	17-CCMTAGCRAC	8.425876	-65.448070	0	T:264.0(3.74%),B:732.2(1.74%),P:1e-28	Tpos:285.5,Tstd:220.7,Bpos:242.5,Bstd:142.3,StrandBias:0.0,Multiplicity:1.08
0.254	0.498	0.123	0.124
0.217	0.633	0.076	0.074
0.442	0.376	0.001	0.182
0.005	0.039	0.001	0.955
0.652	0.052	0.295	0.001
0.221	0.047	0.612	0.120
0.020	0.978	0.001	0.001
0.496	0.001	0.472	0.031
0.900	0.001	0.001	0.098
0.011	0.894	0.031	0.064
>ARGYGTGAAM	18-ARGYGTGAAM	7.734680	-52.620089	0	T:325.0(4.61%),B:1066.1(2.53%),P:1e-22	Tpos:279.6,Tstd:207.1,Bpos:236.4,Bstd:151.8,StrandBias:-0.0,Multiplicity:1.04
0.726	0.166	0.001	0.107
0.344	0.192	0.463	0.001
0.075	0.120	0.639	0.166
0.093	0.514	0.001	0.392
0.001	0.001	0.997	0.001
0.001	0.227	0.001	0.771
0.001	0.180	0.515	0.304
0.962	0.001	0.001	0.036
0.519	0.134	0.262	0.085
0.348	0.387	0.223	0.042
>GTGGGTGTGA	19-GTGGGTGTGA	10.303073	-48.674578	0	T:143.0(2.03%),B:342.0(0.81%),P:1e-21	Tpos:289.7,Tstd:227.4,Bpos:252.2,Bstd:150.2,StrandBias:0.0,Multiplicity:1.00
0.001	0.001	0.997	0.001
0.001	0.001	0.001	0.997
0.103	0.001	0.895	0.001
0.001	0.046	0.952	0.001
0.001	0.092	0.906	0.001
0.001	0.001	0.001	0.997
0.001	0.001	0.898	0.100
0.001	0.001	0.001	0.997
0.080	0.001	0.862	0.057
0.997	0.001	0.001	0.001
>GTTTTTTTTT	20-GTTTTTTTTT	7.409808	-43.910159	0	T:1732.0(24.56%),B:8466.3(20.13%),P:1e-19	Tpos:313.3,Tstd:246.0,Bpos:244.2,Bstd:155.6,StrandBias:-0.0,Multiplicity:1.29
0.036	0.072	0.775	0.117
0.033	0.083	0.144	0.740
0.034	0.059	0.081	0.826
0.025	0.051	0.050	0.874
0.067	0.139	0.073	0.721
0.032	0.062	0.100	0.806
0.038	0.054	0.131	0.777
0.027	0.046	0.078	0.849
0.052	0.043	0.063	0.842
0.059	0.115	0.031	0.795
>ATGAGTCGAC	21-ATGAGTCGAC	8.760594	-36.609564	0	T:108.0(1.53%),B:260.9(0.62%),P:1e-15	Tpos:261.6,Tstd:206.3,Bpos:261.2,Bstd:131.9,StrandBias:0.6,Multiplicity:1.17
0.845	0.015	0.121	0.019
0.059	0.083	0.034	0.824
0.070	0.006	0.807	0.117
0.744	0.081	0.001	0.174
0.039	0.122	0.734	0.105
0.375	0.001	0.002	0.622
0.249	0.665	0.046	0.040
0.001	0.037	0.648	0.314
0.670	0.001	0.327	0.002
0.001	0.974	0.001	0.024
>CATTTACGTA	22-CATTTACGTA	9.026664	-29.218329	0	T:91.0(1.29%),B:227.3(0.54%),P:1e-12	Tpos:274.3,Tstd:177.4,Bpos:243.3,Bstd:140.2,StrandBias:-0.2,Multiplicity:1.06
0.090	0.638	0.265	0.007
0.732	0.001	0.266	0.001
0.001	0.001	0.001	0.997
0.001	0.001	0.001	0.997
0.186	0.001	0.164	0.649
0.997	0.001	0.001	0.001
0.001	0.997	0.001	0.001
0.189	0.001	0.809	0.001
0.001	0.001	0.001	0.997
0.997	0.001	0.001	0.001
>AGTCATACCC	23-AGTCATACCC	8.448474	-26.422747	0	T:39.0(0.55%),B:60.5(0.14%),P:1e-11	Tpos:204.5,Tstd:176.4,Bpos:184.7,Bstd:109.2,StrandBias:-1.5,Multiplicity:2.16
0.997	0.001	0.001	0.001
0.001	0.001	0.997	0.001
0.001	0.001	0.001	0.997
0.001	0.997	0.001	0.001
0.997	0.001	0.001	0.001
0.001	0.001	0.001	0.997
0.770	0.228	0.001	0.001
0.001	0.997	0.001	0.001
0.001	0.978	0.020	0.001
0.001	0.997	0.001	0.001
>CGAGGCAATT	24-CGAGGCAATT	11.502858	-22.939781	0	T:9.0(0.13%),B:3.0(0.01%),P:1e-9	Tpos:191.6,Tstd:146.3,Bpos:409.5,Bstd:44.5,StrandBias:0.3,Multiplicity:1.00
0.001	0.997	0.001	0.001
0.001	0.001	0.997	0.001
0.997	0.001	0.001	0.001
0.001	0.097	0.901	0.001
0.001	0.001	0.997	0.001
0.001	0.997	0.001	0.001
0.997	0.001	0.001	0.001
0.997	0.001	0.001	0.001
0.001	0.001	0.001	0.997
0.001	0.001	0.001	0.997
>CTAAGGAGAC	25-CTAAGGAGAC	10.296193	-21.797878	0	T:25.0(0.35%),B:31.9(0.08%),P:1e-9	Tpos:268.8,Tstd:228.1,Bpos:277.7,Bstd:145.5,StrandBias:0.1,Multiplicity:1.00
0.100	0.700	0.100	0.100
0.100	0.100	0.100	0.700
0.700	0.100	0.100	0.100
0.700	0.100	0.100	0.100
0.100	0.100	0.700	0.100
0.100	0.100	0.700	0.100
0.700	0.100	0.100	0.100
0.100	0.100	0.700	0.100
0.700	0.100	0.100	0.100
0.100	0.700	0.100	0.100
>DMTGASTCAKHN	1-DMTGASTCAKHN	7.442882	-1601.653255	0	T:2175.0(30.84%),B:3262.4(7.76%),P:1e-695	Tpos:278.3,Tstd:197.4,Bpos:243.2,Bstd:147.0,StrandBias:-0.0,Multiplicity:1.22
0.264	0.138	0.319	0.278
0.405	0.264	0.250	0.081
0.001	0.001	0.001	0.997
0.001	0.014	0.769	0.216
0.992	0.001	0.001	0.006
0.082	0.437	0.403	0.078
0.044	0.001	0.001	0.954
0.252	0.674	0.059	0.015
0.997	0.001	0.001	0.001
0.118	0.220	0.271	0.391
0.310	0.309	0.110	0.270
0.273	0.257	0.190	0.280
>ACAGGAAGTGDN	2-ACAGGAAGTGDN	8.417438	-391.572626	0	T:1547.0(21.93%),B:4413.9(10.49%),P:1e-170	Tpos:285.7,Tstd:217.9,Bpos:241.2,Bstd:140.7,StrandBias:-0.0,Multiplicity:1.17
0.519	0.130	0.277	0.074
0.172	0.575	0.252	0.001
0.997	0.001	0.001	0.001
0.001	0.001	0.997	0.001
0.001	0.009	0.989	0.001
0.997	0.001	0.001	0.001
0.594	0.001	0.087	0.318
0.349	0.001	0.649	0.001
0.048	0.001	0.143	0.808
0.257	0.124	0.454	0.166
0.302	0.161	0.331	0.205
0.188	0.246	0.289	0.277
>NNNDTTTSCATN	3-NNNDTTTSCATN	8.570083	-382.294028	0	T:1369.0(19.41%),B:3708.5(8.82%),P:1e-166	Tpos:289.8,Tstd:223.2,Bpos:239.0,Bstd:141.1,StrandBias:0.0,Multiplicity:1.17
0.278	0.251	0.228	0.243
0.280	0.207	0.239	0.274
0.290	0.203	0.204	0.304
0.344	0.182	0.240	0.234
0.001	0.001	0.001	0.997
0.001	0.001	0.001	0.997
0.001	0.001	0.001	0.997
0.196	0.397	0.406	0.001
0.001	0.997	0.001	0.001
0.997	0.001	0.001	0.001
0.001	0.001	0.054	0.944
0.336	0.193	0.235	0.237
>NNYYTGTGGTTT	4-NNYYTGTGGTTT	7.674888	-325.922311	0	T:1505.0(21.34%),B:4571.2(10.87%),P:1e-141	Tpos:295.8,Tstd:224.5,Bpos:244.4,Bstd:147.3,StrandBias:0.0,Multiplicity:1.17
0.284	0.164	0.285	0.267
0.210	0.257	0.295	0.238
0.176	0.264	0.179	0.380
0.184	0.305	0.160	0.351
0.131	0.001	0.179	0.689
0.001	0.001	0.806	0.192
0.001	0.001	0.128	0.870
0.001	0.001	0.899	0.099
0.001	0.001	0.990	0.008
0.001	0.206	0.159	0.634
0.068	0.094	0.001	0.837
0.212	0.036	0.238	0.514
>AAAGTGAAASTV	5-AAAGTGAAASTV	9.037235	-259.216279	0	T:963.0(13.65%),B:2610.8(6.21%),P:1e-112	Tpos:300.1,Tstd:257.5,Bpos:240.7,Bstd:148.7,StrandBias:0.1,Multiplicity:1.15
0.845	0.001	0.153	0.001
0.719	0.017	0.118	0.146
0.935	0.001	0.001	0.063
0.264	0.274	0.429	0.032
0.249	0.065	0.090	0.596
0.032	0.045	0.922	0.001
0.997	0.001	0.001	0.001
0.997	0.001	0.001	0.001
0.997	0.001	0.001	0.001
0.068	0.485	0.446	0.001
0.181	0.254	0.113	0.452
0.349	0.209	0.261	0.182
>GGGRAWTCCCCT	6-GGGRAWTCCCCT	9.404415	-253.701078	0	T:323.0(4.58%),B:410.8(0.98%),P:1e-110	Tpos:280.8,Tstd:211.8,Bpos:244.9,Bstd:138.2,StrandBias:-0.1,Multiplicity:1.03
0.081	0.001	0.821	0.097
0.060	0.001	0.938	0.001
0.091	0.001	0.901	0.007
0.569	0.001	0.419	0.011
0.698	0.127	0.069	0.106
0.480	0.037	0.097	0.386
0.116	0.193	0.130	0.561
0.058	0.621	0.001	0.320
0.098	0.900	0.001	0.001
0.001	0.975	0.001	0.023
0.135	0.778	0.001	0.086
0.260	0.231	0.052	0.457
>HANWNTTTCCAC	7-HANWNTTTCCAC	8.927439	-196.119576	0	T:643.0(9.12%),B:1622.1(3.86%),P:1e-85	Tpos:288.6,Tstd:223.7,Bpos:246.0,Bstd:143.3,StrandBias:0.1,Multiplicity:1.07
0.275	0.356	0.158	0.211
0.493	0.058	0.198	0.251
0.203	0.192	0.312	0.293
0.493	0.085	0.040	0.383
0.172	0.271	0.253	0.303
0.001	0.001	0.001	0.997
0.001	0.079	0.001	0.919
0.038	0.001	0.128	0.833
0.001	0.997	0.001	0.001
0.001	0.997	0.001	0.001
0.905	0.001	0.001	0.093
0.124	0.658	0.217	0.001
>WGKGGGHGGGGC	8-WGKGGGHGGGGC	7.296720	-187.029118	0	T:2237.0(31.72%),B:9192.9(21.86%),P:1e-81	Tpos:293.9,Tstd:227.9,Bpos:243.4,Bstd:143.0,StrandBias:-0.0,Multiplicity:1.45
0.348	0.066	0.141	0.444
0.206	0.038	0.716	0.040
0.227	0.013	0.369	0.392
0.187	0.018	0.781	0.014
0.041	0.021	0.917	0.021
0.023	0.019	0.934	0.024
0.244	0.369	0.015	0.372
0.026	0.027	0.838	0.109
0.045	0.019	0.670	0.266
0.274	0.022	0.542	0.162
0.064	0.018	0.873	0.045
0.233	0.541	0.036	0.190
>RCCACATCAAAS	9-RCCACATCAAAS	8.606932	-185.457963	0	T:708.0(10.04%),B:1926.2(4.58%),P:1e-80	Tpos:284.3,Tstd:203.7,Bpos:241.4,Bstd:146.3,StrandBias:0.1,Multiplicity:1.05
0.438	0.249	0.306	0.007
0.172	0.674	0.113	0.041
0.105	0.893	0.001	0.001
0.972	0.011	0.001	0.016
0.001	0.903	0.095	0.001
0.817	0.017	0.001	0.165
0.128	0.093	0.130	0.649
0.080	0.709	0.189	0.022
0.838	0.001	0.001	0.160
0.710	0.115	0.169	0.006
0.823	0.001	0.148	0.028
0.228	0.315	0.456	0.001
>AVAGGAAACWRT	10-AVAGGAAACWRT	9.205235	-150.233371	0	T:727.0(10.31%),B:2189.1(5.20%),P:1e-65	Tpos:282.1,Tstd:212.0,Bpos:239.4,Bstd:146.8,StrandBias:0.1,Multiplicity:1.06
0.819	0.001	0.179	0.001
0.246	0.363	0.274	0.118
0.997	0.001	0.001	0.001
0.001	0.001	0.997	0.001
0.001	0.001	0.997	0.001
0.997	0.001	0.001	0.001
0.997	0.001	0.001	0.001
0.860	0.001	0.138	0.001
0.001	0.997	0.001	0.001
0.413	0.173	0.132	0.282
0.366	0.193	0.362	0.080
0.235	0.225	0.115	0.426
>TTTCGAAATGAC	11-TTTCGAAATGAC	9.345886	-87.275569	0	T:248.0(3.52%),B:576.9(1.37%),P:1e-37	Tpos:316.9,Tstd:213.6,Bpos:246.5,Bstd:143.4,StrandBias:0.0,Multiplicity:1.01
0.050	0.050	0.019	0.881
0.001	0.064	0.136	0.799
0.056	0.050	0.069	0.825
0.102	0.595	0.181	0.122
0.226	0.064	0.490	0.220
0.756	0.019	0.169	0.056
0.793	0.038	0.132	0.037
0.950	0.001	0.031	0.018
0.001	0.001	0.001	0.997
0.019	0.019	0.901	0.061
0.935	0.001	0.001	0.063
0.042	0.849	0.021	0.088
>GGGGTTTTCCCC	12-GGGGTTTTCCCC	9.735599	-85.727476	0	T:181.0(2.57%),B:350.1(0.83%),P:1e-37	Tpos:312.6,Tstd:220.8,Bpos:241.9,Bstd:139.1,StrandBias:-0.2,Multiplicity:1.00
0.111	0.026	0.769	0.094
0.053	0.055	0.821	0.071
0.054	0.045	0.822	0.079
0.031	0.075	0.788	0.106
0.030	0.091	0.028	0.851
0.009	0.030	0.037	0.924
0.035	0.073	0.047	0.845
0.009	0.085	0.096	0.810
0.018	0.858	0.044	0.080
0.061	0.877	0.001	0.061
0.123	0.802	0.001	0.074
0.059	0.837	0.054	0.050
>GDAGATCAAAGG	13-GDAGATCAAAGG	10.077232	-74.881894	0	T:207.0(2.93%),B:474.4(1.13%),P:1e-32	Tpos:249.9,Tstd:176.4,Bpos:243.8,Bstd:141.4,StrandBias:-0.2,Multiplicity:1.01
0.321	0.051	0.540	0.088
0.318	0.166	0.281	0.235
0.896	0.067	0.036	0.001
0.017	0.001	0.915	0.067
0.997	0.001	0.001	0.001
0.044	0.121	0.001	0.834
0.069	0.773	0.157	0.001
0.914	0.001	0.001	0.084
0.982	0.001	0.016	0.001
0.997	0.001	0.001	0.001
0.208	0.001	0.790	0.001
0.248	0.048	0.568	0.136
>ACATCCGCCCAC	14-ACATCCGCCCAC	8.774574	-53.019152	0	T:369.0(5.23%),B:1259.2(2.99%),P:1e-23	Tpos:288.4,Tstd:224.3,Bpos:242.6,Bstd:143.3,StrandBias:-0.1,Multiplicity:1.02
0.760	0.154	0.038	0.048
0.104	0.764	0.046	0.086
0.828	0.093	0.001	0.078
0.056	0.174	0.100	0.670
0.037	0.907	0.001	0.055
0.095	0.731	0.001	0.173
0.259	0.067	0.606	0.068
0.018	0.820	0.161	0.001
0.001	0.890	0.056	0.053
0.001	0.981	0.017	0.001
0.943	0.001	0.031	0.025
0.018	0.890	0.074	0.018
>ACGTCATCAAAG	15-ACGTCATCAAAG	7.067774	-47.633988	0	T:297.0(4.21%),B:978.5(2.33%),P:1e-20	Tpos:287.8,Tstd:199.5,Bpos:243.4,Bstd:141.2,StrandBias:0.0,Multiplicity:1.02
0.662	0.023	0.153	0.162
0.209	0.404	0.209	0.178
0.223	0.178	0.403	0.196
0.180	0.146	0.084	0.590
0.117	0.597	0.180	0.106
0.651	0.131	0.008	0.210
0.138	0.158	0.211	0.493
0.147	0.539	0.128	0.186
0.767	0.150	0.066	0.017
0.594	0.195	0.196	0.015
0.588	0.084	0.138	0.190
0.158	0.144	0.524	0.174
>GTGGGCGGGGCT	16-GTGGGCGGGGCT	9.642265	-47.232919	0	T:243.0(3.45%),B:747.6(1.78%),P:1e-20	Tpos:280.1,Tstd:212.1,Bpos:246.5,Bstd:153.4,StrandBias:-0.1,Multiplicity:1.03
0.029	0.127	0.743	0.101
0.014	0.172	0.037	0.777
0.029	0.043	0.768	0.160
0.018	0.017	0.894	0.071
0.029	0.046	0.867	0.058
0.044	0.819	0.102	0.035
0.120	0.055	0.785	0.040
0.024	0.057	0.899	0.020
0.047	0.018	0.905	0.030
0.034	0.086	0.874	0.006
0.044	0.882	0.022	0.052
0.048	0.089	0.024	0.839
>AAAAAAAAAACC	17-AAAAAAAAAACC	8.993849	-40.342138	0	T:943.0(13.37%),B:4260.9(10.13%),P:1e-17	Tpos:318.4,Tstd:246.3,Bpos:246.0,Bstd:154.9,StrandBias:0.1,Multiplicity:1.15
0.812	0.072	0.043	0.073
0.881	0.034	0.043	0.042
0.807	0.059	0.058	0.076
0.861	0.042	0.035	0.062
0.855	0.043	0.059	0.043
0.866	0.040	0.046	0.048
0.870	0.059	0.025	0.046
0.833	0.067	0.054	0.046
0.865	0.047	0.053	0.035
0.828	0.067	0.046	0.059
0.128	0.763	0.042	0.067
0.106	0.763	0.062	0.069
>TGCCATGGCAAC	18-TGCCATGGCAAC	9.420652	-35.492456	0	T:69.0(0.98%),B:129.2(0.31%),P:1e-15	Tpos:225.4,Tstd:224.6,Bpos:249.4,Bstd:139.5,StrandBias:0.0,Multiplicity:1.02
0.057	0.292	0.029	0.622
0.245	0.035	0.465	0.255
0.263	0.660	0.025	0.052
0.052	0.845	0.035	0.068
0.780	0.055	0.115	0.050
0.054	0.239	0.043	0.664
0.115	0.035	0.621	0.229
0.257	0.028	0.528	0.187
0.340	0.522	0.048	0.090
0.510	0.140	0.328	0.022
0.666	0.061	0.045	0.228
0.031	0.646	0.222	0.101
>GTCTGTGGTCAC	19-GTCTGTGGTCAC	14.836390	-29.833437	0	T:11.0(0.16%),B:2.4(0.01%),P:1e-12	Tpos:250.2,Tstd:114.9,Bpos:85.0,Bstd:47.6,StrandBias:-1.6,Multiplicity:1.09
0.001	0.001	0.997	0.001
0.001	0.001	0.001	0.997
0.001	0.827	0.001	0.171
0.001	0.001	0.001	0.997
0.001	0.001	0.997	0.001
0.001	0.001	0.001	0.997
0.001	0.001	0.997	0.001
0.001	0.001	0.997	0.001
0.001	0.001	0.001	0.997
0.001	0.997	0.001	0.001
0.997	0.001	0.001	0.001
0.001	0.997	0.001	0.001
>STGGGCGGGCCC	20-STGGGCGGGCCC	10.608281	-28.573309	0	T:154.0(2.18%),B:486.6(1.16%),P:1e-12	Tpos:307.9,Tstd:227.1,Bpos:240.3,Bstd:147.0,StrandBias:-0.1,Multiplicity:1.01
0.001	0.451	0.547	0.001
0.281	0.027	0.001	0.691
0.001	0.001	0.997	0.001
0.315	0.001	0.683	0.001
0.001	0.120	0.878	0.001
0.230	0.768	0.001	0.001
0.001	0.033	0.574	0.392
0.001	0.001	0.773	0.225
0.001	0.192	0.806	0.001
0.078	0.844	0.072	0.006
0.001	0.611	0.001	0.387
0.001	0.997	0.001	0.001
>CAGGGGGATGAC	21-CAGGGGGATGAC	9.733254	-13.924150	0	T:78.0(1.11%),B:256.2(0.61%),P:1e-6	Tpos:255.1,Tstd:227.5,Bpos:236.3,Bstd:146.7,StrandBias:0.4,Multiplicity:1.27
0.001	0.830	0.127	0.042
0.744	0.170	0.043	0.043
0.001	0.170	0.744	0.085
0.085	0.042	0.872	0.001
0.043	0.085	0.787	0.085
0.001	0.042	0.830	0.127
0.043	0.085	0.787	0.085
0.915	0.001	0.042	0.042
0.001	0.001	0.042	0.956
0.127	0.042	0.830	0.001
0.872	0.042	0.085	0.001
0.042	0.872	0.085	0.001
>GTGTTAGAGGAT	22-GTGTTAGAGGAT	14.669201	-13.422306	0	T:6.0(0.09%),B:2.7(0.01%),P:1e-5	Tpos:211.6,Tstd:221.1,Bpos:210.3,Bstd:88.0,StrandBias:4.0,Multiplicity:2.83
0.001	0.001	0.997	0.001
0.001	0.001	0.001	0.997
0.001	0.001	0.997	0.001
0.001	0.283	0.001	0.715
0.001	0.001	0.001	0.997
0.997	0.001	0.001	0.001
0.283	0.001	0.715	0.001
0.997	0.001	0.001	0.001
0.001	0.001	0.997	0.001
0.001	0.001	0.715	0.283
0.991	0.001	0.001	0.007
0.001	0.001	0.001	0.997
>TGCTGGGTATGA	23-TGCTGGGTATGA	12.355432	-10.454904	0	T:4.0(0.06%),B:1.8(0.00%),P:1e-4	Tpos:158.0,Tstd:102.8,Bpos:358.0,Bstd:106.5,StrandBias:10.0,Multiplicity:9.25
0.100	0.100	0.100	0.700
0.100	0.100	0.700	0.100
0.100	0.700	0.100	0.100
0.100	0.100	0.100	0.700
0.100	0.100	0.700	0.100
0.100	0.100	0.700	0.100
0.100	0.100	0.700	0.100
0.100	0.100	0.100	0.700
0.700	0.100	0.100	0.100
0.100	0.100	0.100	0.700
0.100	0.100	0.700	0.100
0.700	0.100	0.100	0.100
>ATGAGTATACAG	24-ATGAGTATACAG	8.428671	-6.898966	0	T:53.0(0.75%),B:200.0(0.48%),P:1e-2	Tpos:222.0,Tstd:163.2,Bpos:255.1,Bstd:146.2,StrandBias:0.5,Multiplicity:1.28
0.652	0.099	0.117	0.132
0.121	0.089	0.112	0.678
0.115	0.106	0.661	0.118
0.703	0.073	0.104	0.120
0.106	0.138	0.633	0.123
0.109	0.111	0.099	0.681
0.649	0.119	0.099	0.133
0.124	0.103	0.116	0.657
0.667	0.109	0.109	0.115
0.127	0.634	0.109	0.130
0.750	0.063	0.062	0.125
0.120	0.127	0.637	0.116
>AGTCGCGCAGGC	25-AGTCGCGCAGGC	12.355432	-4.375418	0	T:2.0(0.03%),B:0.0(0.00%),P:1e-1	Tpos:197.9,Tstd:99.0,Bpos:0.0,Bstd:0.0,StrandBias:-3.5,Multiplicity:6.00
0.700	0.100	0.100	0.100
0.100	0.100	0.700	0.100
0.100	0.100	0.100	0.700
0.100	0.700	0.100	0.100
0.100	0.100	0.700	0.100
0.100	0.700	0.100	0.100
0.100	0.100	0.700	0.100
0.100	0.700	0.100	0.100
0.700	0.100	0.100	0.100
0.100	0.100	0.700	0.100
0.100	0.100	0.700	0.100
0.100	0.700	0.100	0.100
>TGAGTCAT	1-TGAGTCAT	7.114390	-1436.683907	0	T:2082.0(29.52%),B:3287.8(7.82%),P:1e-623	Tpos:279.6,Tstd:197.8,Bpos:242.8,Bstd:150.1,StrandBias:0.0,Multiplicity:1.21
0.001	0.001	0.001	0.997
0.001	0.001	0.955	0.043
0.994	0.004	0.001	0.001
0.009	0.297	0.676	0.018
0.001	0.001	0.001	0.997
0.023	0.975	0.001	0.001
0.997	0.001	0.001	0.001
0.022	0.182	0.124	0.672
>ATGACTAT	2-ATGACTAT	3.192055	-430.130248	0	T:1853.0(26.27%),B:5554.6(13.21%),P:1e-186	Tpos:280.2,Tstd:222.1,Bpos:241.4,Bstd:145.1,StrandBias:0.1,Multiplicity:1.17
0.997	0.001	0.001	0.001
0.001	0.001	0.001	0.997
0.001	0.001	0.997	0.001
0.997	0.001	0.001	0.001
0.001	0.997	0.001	0.001
0.001	0.001	0.384	0.614
0.584	0.360	0.001	0.055
0.035	0.001	0.350	0.614
>ACGGAAAB	3-ACGGAAAB	3.811335	-322.090606	0	T:2072.0(29.38%),B:7224.4(17.18%),P:1e-139	Tpos:294.3,Tstd:232.0,Bpos:242.0,Bstd:144.7,StrandBias:-0.0,Multiplicity:1.28
0.997	0.001	0.001	0.001
0.001	0.652	0.001	0.346
0.001	0.001	0.997	0.001
0.001	0.011	0.987	0.001
0.997	0.001	0.001	0.001
0.997	0.001	0.001	0.001
0.997	0.001	0.001	0.001
0.184	0.276	0.335	0.206
>AAACCACA	4-AAACCACA	7.295254	-316.997164	0	T:1517.0(21.51%),B:4674.2(11.11%),P:1e-137	Tpos:304.6,Tstd:228.5,Bpos:244.2,Bstd:144.9,StrandBias:-0.1,Multiplicity:1.17
0.656	0.106	0.001	0.237
0.997	0.001	0.001	0.001
0.892	0.001	0.106	0.001
0.001	0.997	0.001	0.001
0.001	0.997	0.001	0.001
0.997	0.001	0.001	0.001
0.001	0.997	0.001	0.001
0.959	0.001	0.039	0.001
>ACCGGAAA	5-ACCGGAAA	5.062210	-313.536194	0	T:2215.0(31.41%),B:7985.0(18.99%),P:1e-136	Tpos:285.3,Tstd:212.1,Bpos:244.0,Bstd:146.3,StrandBias:-0.0,Multiplicity:1.24
0.997	0.001	0.001	0.001
0.001	0.703	0.295	0.001
0.015	0.971	0.001	0.013
0.001	0.001	0.997	0.001
0.001	0.001	0.997	0.001
0.997	0.001	0.001	0.001
0.997	0.001	0.001	0.001
0.766	0.001	0.232	0.001
>VTTAGTCA	6-VTTAGTCA	3.783311	-279.664679	0	T:1022.0(14.49%),B:2755.3(6.55%),P:1e-121	Tpos:292.2,Tstd:233.7,Bpos:243.2,Bstd:148.7,StrandBias:-0.1,Multiplicity:1.10
0.371	0.329	0.299	0.001
0.001	0.001	0.001	0.997
0.001	0.001	0.001	0.997
0.997	0.001	0.001	0.001
0.001	0.315	0.683	0.001
0.001	0.001	0.001	0.997
0.001	0.997	0.001	0.001
0.997	0.001	0.001	0.001
>CAGGATGT	7-CAGGATGT	6.185718	-244.093970	0	T:1398.0(19.82%),B:4578.0(10.89%),P:1e-106	Tpos:295.0,Tstd:232.1,Bpos:244.1,Bstd:144.5,StrandBias:-0.0,Multiplicity:1.11
0.001	0.837	0.161	0.001
0.933	0.065	0.001	0.001
0.001	0.001	0.997	0.001
0.001	0.001	0.997	0.001
0.997	0.001	0.001	0.001
0.279	0.001	0.001	0.719
0.001	0.001	0.997	0.001
0.001	0.001	0.001	0.997
>TRACSKCA	8-TRACSKCA	6.077643	-230.830576	0	T:2794.0(39.61%),B:11706.6(27.83%),P:1e-100	Tpos:296.1,Tstd:230.8,Bpos:243.0,Bstd:149.4,StrandBias:-0.0,Multiplicity:1.23
0.306	0.001	0.091	0.602
0.453	0.185	0.362	0.001
0.997	0.001	0.001	0.001
0.001	0.890	0.001	0.108
0.060	0.494	0.445	0.001
0.247	0.001	0.401	0.351
0.001	0.997	0.001	0.001
0.582	0.001	0.226	0.191
>NGYGGAAA	9-NGYGGAAA	4.975638	-194.504773	0	T:2305.0(32.68%),B:9472.1(22.52%),P:1e-84	Tpos:300.8,Tstd:241.8,Bpos:246.7,Bstd:145.4,StrandBias:-0.1,Multiplicity:1.19
0.232	0.254	0.266	0.248
0.060	0.057	0.607	0.276
0.001	0.408	0.238	0.353
0.010	0.172	0.797	0.021
0.252	0.012	0.517	0.219
0.501	0.064	0.157	0.278
0.806	0.001	0.001	0.192
0.476	0.207	0.147	0.169
>CACCCACA	10-CACCCACA	7.059193	-188.643880	0	T:2563.0(36.34%),B:10907.0(25.93%),P:1e-81	Tpos:295.8,Tstd:231.7,Bpos:243.3,Bstd:146.9,StrandBias:0.0,Multiplicity:1.39
0.003	0.934	0.001	0.062
0.747	0.001	0.128	0.124
0.001	0.872	0.126	0.001
0.001	0.997	0.001	0.001
0.001	0.900	0.001	0.098
0.616	0.382	0.001	0.001
0.001	0.997	0.001	0.001
0.554	0.001	0.319	0.126
>GAAACTWC	11-GAAACTWC	3.485448	-176.433967	0	T:1651.0(23.41%),B:6302.2(14.98%),P:1e-76	Tpos:294.2,Tstd:230.2,Bpos:243.5,Bstd:148.2,StrandBias:0.1,Multiplicity:1.11
0.001	0.001	0.997	0.001
0.997	0.001	0.001	0.001
0.997	0.001	0.001	0.001
0.997	0.001	0.001	0.001
0.001	0.997	0.001	0.001
0.001	0.193	0.001	0.805
0.543	0.001	0.001	0.455
0.001	0.628	0.370	0.001
>GGGGTTTT	12-GGGGTTTT	8.183257	-124.280181	0	T:840.0(11.91%),B:2857.7(6.79%),P:1e-53	Tpos:293.6,Tstd:230.4,Bpos:235.9,Bstd:148.6,StrandBias:-0.2,Multiplicity:1.05
0.001	0.001	0.997	0.001
0.001	0.001	0.860	0.138
0.001	0.092	0.906	0.001
0.001	0.001	0.841	0.157
0.167	0.001	0.001	0.831
0.001	0.001	0.001	0.997
0.001	0.001	0.001	0.997
0.001	0.001	0.001	0.997
>TTTCGGTT	13-TTTCGGTT	6.201543	-118.418808	0	T:2041.0(28.94%),B:8943.5(21.26%),P:1e-51	Tpos:295.7,Tstd:248.6,Bpos:242.5,Bstd:150.5,StrandBias:-0.1,Multiplicity:1.30
0.010	0.001	0.001	0.988
0.001	0.054	0.001	0.944
0.015	0.001	0.088	0.896
0.001	0.889	0.045	0.065
0.195	0.001	0.713	0.091
0.048	0.057	0.804	0.091
0.001	0.021	0.014	0.964
0.014	0.026	0.014	0.946
>GATCAAAG	14-GATCAAAG	7.527223	-117.503592	0	T:1174.0(16.65%),B:4497.8(10.69%),P:1e-51	Tpos:283.9,Tstd:217.4,Bpos:242.2,Bstd:144.4,StrandBias:-0.0,Multiplicity:1.15
0.001	0.376	0.622	0.001
0.909	0.001	0.001	0.089
0.001	0.001	0.001	0.997
0.001	0.860	0.138	0.001
0.997	0.001	0.001	0.001
0.997	0.001	0.001	0.001
0.997	0.001	0.001	0.001
0.001	0.001	0.997	0.001
>TGTCAGCA	15-TGTCAGCA	6.761082	-87.449089	0	T:1555.0(22.05%),B:6778.9(16.12%),P:1e-37	Tpos:292.5,Tstd:244.3,Bpos:246.1,Bstd:148.2,StrandBias:0.1,Multiplicity:1.20
0.158	0.123	0.001	0.718
0.100	0.001	0.834	0.065
0.302	0.001	0.054	0.643
0.022	0.900	0.001	0.077
0.832	0.067	0.061	0.040
0.074	0.026	0.678	0.222
0.084	0.749	0.078	0.089
0.668	0.032	0.090	0.210
>GTGATTCA	16-GTGATTCA	4.909837	-69.936916	0	T:427.0(6.05%),B:1394.3(3.32%),P:1e-30	Tpos:301.1,Tstd:252.4,Bpos:233.2,Bstd:144.4,StrandBias:0.1,Multiplicity:1.06
0.049	0.001	0.949	0.001
0.001	0.001	0.001	0.997
0.001	0.001	0.997	0.001
0.997	0.001	0.001	0.001
0.043	0.001	0.001	0.955
0.001	0.001	0.001	0.997
0.001	0.997	0.001	0.001
0.997	0.001	0.001	0.001
>GCCCCGCC	17-GCCCCGCC	8.103119	-62.317713	0	T:904.0(12.82%),B:3747.7(8.91%),P:1e-27	Tpos:320.1,Tstd:233.7,Bpos:241.0,Bstd:154.0,StrandBias:0.0,Multiplicity:1.41
0.105	0.001	0.893	0.001
0.001	0.910	0.001	0.088
0.001	0.997	0.001	0.001
0.223	0.775	0.001	0.001
0.001	0.997	0.001	0.001
0.001	0.001	0.838	0.160
0.001	0.997	0.001	0.001
0.001	0.997	0.001	0.001
>GTGACGCA	18-GTGACGCA	7.414565	-56.954241	0	T:356.0(5.05%),B:1172.7(2.79%),P:1e-24	Tpos:284.7,Tstd:197.5,Bpos:242.1,Bstd:150.0,StrandBias:0.0,Multiplicity:1.08
0.001	0.099	0.840	0.060
0.001	0.049	0.001	0.949
0.001	0.001	0.997	0.001
0.997	0.001	0.001	0.001
0.001	0.840	0.001	0.158
0.001	0.001	0.997	0.001
0.119	0.879	0.001	0.001
0.841	0.001	0.001	0.157
>ACCGGATG	19-ACCGGATG	7.190683	-52.241957	0	T:296.0(4.20%),B:942.4(2.24%),P:1e-22	Tpos:252.9,Tstd:194.8,Bpos:254.4,Bstd:155.5,StrandBias:0.4,Multiplicity:1.02
0.997	0.001	0.001	0.001
0.285	0.713	0.001	0.001
0.001	0.997	0.001	0.001
0.001	0.001	0.997	0.001
0.001	0.001	0.997	0.001
0.997	0.001	0.001	0.001
0.087	0.001	0.001	0.911
0.169	0.001	0.829	0.001
>TGTGTCAT	20-TGTGTCAT	7.312590	-46.958952	0	T:818.0(11.60%),B:3510.9(8.35%),P:1e-20	Tpos:289.0,Tstd:219.1,Bpos:239.6,Bstd:148.5,StrandBias:0.2,Multiplicity:1.09
0.001	0.098	0.001	0.900
0.118	0.001	0.752	0.129
0.001	0.001	0.001	0.997
0.001	0.001	0.997	0.001
0.001	0.001	0.001	0.997
0.001	0.997	0.001	0.001
0.997	0.001	0.001	0.001
0.001	0.200	0.001	0.798
>TGTGGGTT	21-TGTGGGTT	7.619789	-45.759897	0	T:796.0(11.29%),B:3414.7(8.12%),P:1e-19	Tpos:306.4,Tstd:245.7,Bpos:243.7,Bstd:144.8,StrandBias:-0.1,Multiplicity:1.09
0.001	0.001	0.001	0.997
0.001	0.001	0.997	0.001
0.001	0.053	0.001	0.945
0.001	0.001	0.861	0.137
0.001	0.001	0.997	0.001
0.001	0.001	0.997	0.001
0.001	0.207	0.001	0.791
0.126	0.001	0.001	0.872
>TGGGCGGA	22-TGGGCGGA	8.741754	-45.432142	0	T:278.0(3.94%),B:910.2(2.16%),P:1e-19	Tpos:303.8,Tstd:214.5,Bpos:244.1,Bstd:158.4,StrandBias:0.2,Multiplicity:1.09
0.001	0.001	0.283	0.715
0.136	0.001	0.862	0.001
0.001	0.001	0.997	0.001
0.001	0.001	0.997	0.001
0.001	0.997	0.001	0.001
0.001	0.001	0.997	0.001
0.001	0.001	0.997	0.001
0.997	0.001	0.001	0.001
>TWAGCAAC	23-TWAGCAAC	7.574721	-36.204189	0	T:366.0(5.19%),B:1392.5(3.31%),P:1e-15	Tpos:270.5,Tstd:208.3,Bpos:241.0,Bstd:150.6,StrandBias:0.1,Multiplicity:1.05
0.001	0.099	0.001	0.899
0.456	0.001	0.001	0.542
0.725	0.273	0.001	0.001
0.080	0.001	0.918	0.001
0.001	0.997	0.001	0.001
0.840	0.001	0.158	0.001
0.997	0.001	0.001	0.001
0.001	0.997	0.001	0.001
>AAAAAAAA	24-AAAAAAAA	8.932252	-22.479494	0	T:1024.0(14.52%),B:5053.3(12.02%),P:1e-9	Tpos:310.6,Tstd:243.1,Bpos:243.5,Bstd:153.8,StrandBias:0.0,Multiplicity:1.13
0.880	0.001	0.118	0.001
0.997	0.001	0.001	0.001
0.997	0.001	0.001	0.001
0.997	0.001	0.001	0.001
0.997	0.001	0.001	0.001
0.997	0.001	0.001	0.001
0.997	0.001	0.001	0.001
0.997	0.001	0.001	0.001
>TCTATTCG	25-TCTATTCG	8.236954	-15.092079	0	T:24.0(0.34%),B:41.2(0.10%),P:1e-6	Tpos:312.0,Tstd:207.2,Bpos:267.2,Bstd:131.1,StrandBias:-0.6,Multiplicity:1.00
0.100	0.100	0.100	0.700
0.100	0.700	0.100	0.100
0.100	0.100	0.100	0.700
0.700	0.100	0.100	0.100
0.100	0.100	0.100	0.700
0.100	0.100	0.100	0.700
0.100	0.700	0.100	0.100
0.100	0.100	0.700	0.100
