>TGASTCATCD	1-TGASTCATCD	6.841321	-1423.480277	0	T:2121.0(30.07%),B:3438.3(8.18%),P:1e-618	Tpos:279.3,Tstd:196.8,Bpos:243.7,Bstd:149.8,StrandBias:0.0,Multiplicity:1.23
0.038	0.045	0.028	0.889
0.057	0.045	0.810	0.088
0.875	0.049	0.037	0.039
0.056	0.405	0.488	0.050
0.037	0.030	0.030	0.903
0.082	0.837	0.039	0.042
0.905	0.028	0.034	0.033
0.099	0.199	0.220	0.482
0.234	0.452	0.112	0.202
0.224	0.201	0.359	0.216
>VTGASTMATH	2-VTGASTMATH	6.762051	-1301.493400	0	T:2672.0(37.88%),B:5705.0(13.56%),P:1e-565	Tpos:291.1,Tstd:228.4,Bpos:246.0,Bstd:147.0,StrandBias:-0.0,Multiplicity:1.12
0.393	0.279	0.312	0.017
0.001	0.001	0.001	0.997
0.001	0.001	0.590	0.408
0.997	0.001	0.001	0.001
0.007	0.506	0.424	0.063
0.116	0.001	0.026	0.857
0.420	0.533	0.044	0.003
0.907	0.012	0.074	0.007
0.118	0.186	0.260	0.435
0.359	0.365	0.034	0.242
>ACTTCCTGTY	3-ACTTCCTGTY	7.720125	-382.784058	0	T:2141.0(30.36%),B:7154.6(17.01%),P:1e-166	Tpos:290.4,Tstd:235.4,Bpos:242.9,Bstd:142.6,StrandBias:-0.0,Multiplicity:1.23
0.676	0.068	0.234	0.022
0.001	0.610	0.080	0.309
0.193	0.031	0.008	0.768
0.008	0.001	0.020	0.971
0.011	0.835	0.001	0.153
0.001	0.995	0.003	0.001
0.001	0.001	0.018	0.980
0.021	0.260	0.596	0.123
0.006	0.155	0.044	0.795
0.038	0.371	0.191	0.399
>WDTTTCCATT	4-WDTTTCCATT	7.142108	-367.107542	0	T:2077.0(29.45%),B:6949.0(16.52%),P:1e-159	Tpos:297.9,Tstd:231.5,Bpos:240.7,Bstd:144.5,StrandBias:0.1,Multiplicity:1.27
0.366	0.131	0.207	0.297
0.225	0.159	0.277	0.338
0.011	0.007	0.065	0.917
0.009	0.001	0.001	0.989
0.066	0.004	0.001	0.929
0.043	0.668	0.261	0.028
0.113	0.845	0.041	0.001
0.689	0.045	0.163	0.103
0.015	0.281	0.094	0.610
0.231	0.200	0.165	0.404
>NGAAACCACA	5-NGAAACCACA	7.685893	-330.326244	0	T:1588.0(22.52%),B:4915.6(11.69%),P:1e-143	Tpos:286.1,Tstd:211.5,Bpos:244.3,Bstd:148.3,StrandBias:0.0,Multiplicity:1.17
0.217	0.255	0.269	0.259
0.262	0.131	0.440	0.167
0.633	0.051	0.072	0.244
0.997	0.001	0.001	0.001
0.889	0.001	0.109	0.001
0.001	0.995	0.003	0.001
0.001	0.997	0.001	0.001
0.861	0.137	0.001	0.001
0.001	0.891	0.107	0.001
0.538	0.146	0.001	0.315
>GTTTCGBTHY	6-GTTTCGBTHY	6.109548	-297.684780	0	T:764.0(10.83%),B:1692.5(4.02%),P:1e-129	Tpos:293.8,Tstd:236.1,Bpos:243.0,Bstd:152.0,StrandBias:0.0,Multiplicity:1.09
0.085	0.330	0.524	0.061
0.096	0.048	0.111	0.745
0.140	0.161	0.026	0.673
0.217	0.150	0.105	0.528
0.062	0.797	0.074	0.067
0.311	0.063	0.468	0.157
0.100	0.346	0.258	0.297
0.165	0.130	0.225	0.481
0.350	0.233	0.043	0.375
0.203	0.280	0.091	0.426
>NAYGCAAATN	7-NAYGCAAATN	5.890711	-232.495157	0	T:435.0(6.17%),B:771.8(1.84%),P:1e-100	Tpos:280.3,Tstd:195.5,Bpos:253.4,Bstd:144.8,StrandBias:0.2,Multiplicity:1.04
0.234	0.227	0.222	0.317
0.526	0.153	0.160	0.161
0.130	0.293	0.153	0.424
0.111	0.122	0.642	0.125
0.146	0.606	0.145	0.103
0.497	0.144	0.236	0.124
0.605	0.109	0.122	0.164
0.532	0.181	0.146	0.141
0.146	0.179	0.141	0.534
0.205	0.235	0.319	0.241
>TCCGCCCACA	8-TCCGCCCACA	7.420082	-230.943502	0	T:1292.0(18.32%),B:4181.9(9.94%),P:1e-100	Tpos:298.0,Tstd:233.5,Bpos:245.6,Bstd:146.5,StrandBias:0.0,Multiplicity:1.15
0.110	0.160	0.108	0.622
0.080	0.803	0.044	0.073
0.058	0.880	0.009	0.053
0.175	0.037	0.625	0.163
0.058	0.847	0.047	0.048
0.019	0.925	0.015	0.041
0.049	0.865	0.023	0.063
0.840	0.118	0.016	0.026
0.018	0.851	0.079	0.052
0.744	0.082	0.080	0.094
>NARTTTCCGN	9-NARTTTCCGN	6.974081	-200.696413	0	T:861.0(12.21%),B:2478.2(5.89%),P:1e-87	Tpos:297.3,Tstd:242.1,Bpos:244.8,Bstd:155.2,StrandBias:0.1,Multiplicity:1.07
0.281	0.287	0.194	0.238
0.653	0.151	0.043	0.153
0.351	0.134	0.414	0.101
0.001	0.100	0.056	0.843
0.001	0.053	0.001	0.945
0.058	0.001	0.001	0.940
0.001	0.953	0.045	0.001
0.111	0.852	0.027	0.010
0.096	0.063	0.773	0.068
0.234	0.253	0.245	0.268
>GGGGATTTCC	10-GGGGATTTCC	4.860099	-200.580395	0	T:832.0(11.80%),B:2358.9(5.61%),P:1e-87	Tpos:293.7,Tstd:232.7,Bpos:245.6,Bstd:143.3,StrandBias:0.0,Multiplicity:1.10
0.001	0.001	0.997	0.001
0.001	0.001	0.997	0.001
0.001	0.001	0.997	0.001
0.374	0.001	0.624	0.001
0.671	0.327	0.001	0.001
0.402	0.001	0.001	0.596
0.040	0.003	0.250	0.707
0.001	0.422	0.001	0.576
0.001	0.997	0.001	0.001
0.001	0.997	0.001	0.001
>MAWGGAAACT	11-MAWGGAAACT	4.040506	-197.578492	0	T:1607.0(22.78%),B:5904.6(14.04%),P:1e-85	Tpos:287.3,Tstd:228.4,Bpos:245.8,Bstd:150.9,StrandBias:-0.1,Multiplicity:1.07
0.442	0.433	0.124	0.001
0.792	0.001	0.001	0.206
0.344	0.001	0.241	0.414
0.001	0.227	0.622	0.150
0.001	0.001	0.997	0.001
0.997	0.001	0.001	0.001
0.997	0.001	0.001	0.001
0.997	0.001	0.001	0.001
0.001	0.997	0.001	0.001
0.001	0.276	0.141	0.582
>CACATCAAAG	12-CACATCAAAG	8.104047	-164.839123	0	T:903.0(12.80%),B:2864.7(6.81%),P:1e-71	Tpos:279.8,Tstd:197.6,Bpos:240.8,Bstd:146.3,StrandBias:0.0,Multiplicity:1.10
0.282	0.552	0.119	0.047
0.743	0.001	0.003	0.253
0.049	0.609	0.341	0.001
0.729	0.001	0.001	0.269
0.012	0.031	0.001	0.956
0.108	0.832	0.013	0.047
0.997	0.001	0.001	0.001
0.927	0.001	0.071	0.001
0.980	0.018	0.001	0.001
0.138	0.051	0.810	0.001
>GGGYGTGGCY	13-GGGYGTGGCY	7.044958	-121.750439	0	T:1145.0(16.23%),B:4316.8(10.26%),P:1e-52	Tpos:302.6,Tstd:223.5,Bpos:240.4,Bstd:145.9,StrandBias:0.0,Multiplicity:1.32
0.055	0.001	0.943	0.001
0.001	0.001	0.997	0.001
0.001	0.001	0.997	0.001
0.016	0.429	0.001	0.554
0.001	0.001	0.997	0.001
0.001	0.001	0.401	0.597
0.001	0.001	0.997	0.001
0.001	0.001	0.997	0.001
0.009	0.801	0.001	0.189
0.077	0.323	0.132	0.467
>MATGACGYGN	14-MATGACGYGN	6.106692	-74.599677	0	T:523.0(7.42%),B:1789.3(4.25%),P:1e-32	Tpos:289.1,Tstd:223.4,Bpos:243.0,Bstd:148.3,StrandBias:-0.0,Multiplicity:1.04
0.424	0.312	0.189	0.075
0.578	0.100	0.265	0.057
0.234	0.063	0.042	0.661
0.290	0.052	0.599	0.059
0.818	0.060	0.067	0.055
0.047	0.598	0.284	0.071
0.051	0.043	0.574	0.332
0.193	0.449	0.056	0.302
0.059	0.089	0.659	0.193
0.220	0.219	0.234	0.327
>TGACGTCATM	15-TGACGTCATM	6.390085	-73.385661	0	T:561.0(7.95%),B:1972.5(4.69%),P:1e-31	Tpos:293.8,Tstd:230.9,Bpos:243.1,Bstd:154.2,StrandBias:-0.1,Multiplicity:1.06
0.284	0.095	0.018	0.603
0.010	0.008	0.692	0.290
0.624	0.210	0.013	0.153
0.164	0.419	0.151	0.266
0.218	0.200	0.564	0.018
0.146	0.014	0.016	0.824
0.192	0.529	0.020	0.259
0.664	0.012	0.286	0.038
0.079	0.247	0.241	0.433
0.356	0.277	0.190	0.177
>RWATGACHGT	16-RWATGACHGT	6.772951	-69.867443	0	T:350.0(4.96%),B:1062.9(2.53%),P:1e-30	Tpos:278.4,Tstd:220.0,Bpos:240.3,Bstd:145.5,StrandBias:0.2,Multiplicity:1.05
0.301	0.085	0.417	0.197
0.402	0.009	0.077	0.512
0.644	0.170	0.169	0.017
0.244	0.177	0.013	0.566
0.041	0.167	0.771	0.021
0.659	0.013	0.221	0.107
0.262	0.425	0.130	0.183
0.299	0.304	0.018	0.379
0.114	0.168	0.705	0.013
0.010	0.181	0.260	0.549
>CCMTAGCRAC	17-CCMTAGCRAC	8.425876	-65.448070	0	T:264.0(3.74%),B:732.2(1.74%),P:1e-28	Tpos:285.5,Tstd:220.7,Bpos:242.5,Bstd:142.3,StrandBias:0.0,Multiplicity:1.08
0.254	0.498	0.123	0.124
0.217	0.633	0.076	0.074
0.442	0.376	0.001	0.182
0.005	0.039	0.001	0.955
0.652	0.052	0.295	0.001
0.221	0.047	0.612	0.120
0.020	0.978	0.001	0.001
0.496	0.001	0.472	0.031
0.900	0.001	0.001	0.098
0.011	0.894	0.031	0.064
>ARGYGTGAAM	18-ARGYGTGAAM	7.734680	-52.620089	0	T:325.0(4.61%),B:1066.1(2.53%),P:1e-22	Tpos:279.6,Tstd:207.1,Bpos:236.4,Bstd:151.8,StrandBias:-0.0,Multiplicity:1.04
0.726	0.166	0.001	0.107
0.344	0.192	0.463	0.001
0.075	0.120	0.639	0.166
0.093	0.514	0.001	0.392
0.001	0.001	0.997	0.001
0.001	0.227	0.001	0.771
0.001	0.180	0.515	0.304
0.962	0.001	0.001	0.036
0.519	0.134	0.262	0.085
0.348	0.387	0.223	0.042
>GTGGGTGTGA	19-GTGGGTGTGA	10.303073	-48.674578	0	T:143.0(2.03%),B:342.0(0.81%),P:1e-21	Tpos:289.7,Tstd:227.4,Bpos:252.2,Bstd:150.2,StrandBias:0.0,Multiplicity:1.00
0.001	0.001	0.997	0.001
0.001	0.001	0.001	0.997
0.103	0.001	0.895	0.001
0.001	0.046	0.952	0.001
0.001	0.092	0.906	0.001
0.001	0.001	0.001	0.997
0.001	0.001	0.898	0.100
0.001	0.001	0.001	0.997
0.080	0.001	0.862	0.057
0.997	0.001	0.001	0.001
>GTTTTTTTTT	20-GTTTTTTTTT	7.409808	-43.910159	0	T:1732.0(24.56%),B:8466.3(20.13%),P:1e-19	Tpos:313.3,Tstd:246.0,Bpos:244.2,Bstd:155.6,StrandBias:-0.0,Multiplicity:1.29
0.036	0.072	0.775	0.117
0.033	0.083	0.144	0.740
0.034	0.059	0.081	0.826
0.025	0.051	0.050	0.874
0.067	0.139	0.073	0.721
0.032	0.062	0.100	0.806
0.038	0.054	0.131	0.777
0.027	0.046	0.078	0.849
0.052	0.043	0.063	0.842
0.059	0.115	0.031	0.795
>ATGAGTCGAC	21-ATGAGTCGAC	8.760594	-36.609564	0	T:108.0(1.53%),B:260.9(0.62%),P:1e-15	Tpos:261.6,Tstd:206.3,Bpos:261.2,Bstd:131.9,StrandBias:0.6,Multiplicity:1.17
0.845	0.015	0.121	0.019
0.059	0.083	0.034	0.824
0.070	0.006	0.807	0.117
0.744	0.081	0.001	0.174
0.039	0.122	0.734	0.105
0.375	0.001	0.002	0.622
0.249	0.665	0.046	0.040
0.001	0.037	0.648	0.314
0.670	0.001	0.327	0.002
0.001	0.974	0.001	0.024
>CATTTACGTA	22-CATTTACGTA	9.026664	-29.218329	0	T:91.0(1.29%),B:227.3(0.54%),P:1e-12	Tpos:274.3,Tstd:177.4,Bpos:243.3,Bstd:140.2,StrandBias:-0.2,Multiplicity:1.06
0.090	0.638	0.265	0.007
0.732	0.001	0.266	0.001
0.001	0.001	0.001	0.997
0.001	0.001	0.001	0.997
0.186	0.001	0.164	0.649
0.997	0.001	0.001	0.001
0.001	0.997	0.001	0.001
0.189	0.001	0.809	0.001
0.001	0.001	0.001	0.997
0.997	0.001	0.001	0.001
>AGTCATACCC	23-AGTCATACCC	8.448474	-26.422747	0	T:39.0(0.55%),B:60.5(0.14%),P:1e-11	Tpos:204.5,Tstd:176.4,Bpos:184.7,Bstd:109.2,StrandBias:-1.5,Multiplicity:2.16
0.997	0.001	0.001	0.001
0.001	0.001	0.997	0.001
0.001	0.001	0.001	0.997
0.001	0.997	0.001	0.001
0.997	0.001	0.001	0.001
0.001	0.001	0.001	0.997
0.770	0.228	0.001	0.001
0.001	0.997	0.001	0.001
0.001	0.978	0.020	0.001
0.001	0.997	0.001	0.001
>CGAGGCAATT	24-CGAGGCAATT	11.502858	-22.939781	0	T:9.0(0.13%),B:3.0(0.01%),P:1e-9	Tpos:191.6,Tstd:146.3,Bpos:409.5,Bstd:44.5,StrandBias:0.3,Multiplicity:1.00
0.001	0.997	0.001	0.001
0.001	0.001	0.997	0.001
0.997	0.001	0.001	0.001
0.001	0.097	0.901	0.001
0.001	0.001	0.997	0.001
0.001	0.997	0.001	0.001
0.997	0.001	0.001	0.001
0.997	0.001	0.001	0.001
0.001	0.001	0.001	0.997
0.001	0.001	0.001	0.997
>CTAAGGAGAC	25-CTAAGGAGAC	10.296193	-21.797878	0	T:25.0(0.35%),B:31.9(0.08%),P:1e-9	Tpos:268.8,Tstd:228.1,Bpos:277.7,Bstd:145.5,StrandBias:0.1,Multiplicity:1.00
0.100	0.700	0.100	0.100
0.100	0.100	0.100	0.700
0.700	0.100	0.100	0.100
0.700	0.100	0.100	0.100
0.100	0.100	0.700	0.100
0.100	0.100	0.700	0.100
0.700	0.100	0.100	0.100
0.100	0.100	0.700	0.100
0.700	0.100	0.100	0.100
0.100	0.700	0.100	0.100
