Factor1: 1.0084991247301591
Factor2: 0.9915725016296536
