>AGGAAGTG	1-AGGAAGTG	7.951524	-208.427563	0	T:723.0(27.84%),B:5957.6(12.86%),P:1e-90	Tpos:328.9,Tstd:281.7,Bpos:251.4,Bstd:148.5,StrandBias:-0.0,Multiplicity:1.21
0.925	0.073	0.001	0.001
0.001	0.001	0.997	0.001
0.001	0.001	0.997	0.001
0.997	0.001	0.001	0.001
0.847	0.001	0.001	0.151
0.209	0.001	0.789	0.001
0.001	0.001	0.001	0.997
0.001	0.099	0.899	0.001
>TGTGGTTW	2-TGTGGTTW	6.593552	-182.006804	0	T:1094.0(42.13%),B:11633.1(25.12%),P:1e-79	Tpos:288.7,Tstd:227.8,Bpos:249.6,Bstd:152.9,StrandBias:-0.1,Multiplicity:1.43
0.104	0.128	0.137	0.631
0.024	0.033	0.852	0.091
0.021	0.137	0.038	0.804
0.051	0.054	0.894	0.001
0.024	0.001	0.951	0.024
0.001	0.117	0.040	0.842
0.113	0.149	0.138	0.600
0.402	0.093	0.072	0.432
>CTTCCTGT	3-CTTCCTGT	8.303336	-144.135361	0	T:749.0(28.84%),B:7301.5(15.76%),P:1e-62	Tpos:299.5,Tstd:230.7,Bpos:252.3,Bstd:145.8,StrandBias:0.2,Multiplicity:1.28
0.001	0.843	0.001	0.155
0.088	0.001	0.001	0.910
0.001	0.001	0.001	0.997
0.001	0.997	0.001	0.001
0.001	0.997	0.001	0.001
0.001	0.001	0.001	0.997
0.001	0.155	0.843	0.001
0.001	0.001	0.001	0.997
>CCCCGCCC	4-CCCCGCCC	6.975954	-79.634608	0	T:1008.0(38.81%),B:12779.6(27.59%),P:1e-34	Tpos:373.2,Tstd:305.6,Bpos:247.8,Bstd:159.5,StrandBias:-0.1,Multiplicity:2.09
0.239	0.520	0.001	0.240
0.295	0.548	0.001	0.156
0.001	0.888	0.001	0.110
0.001	0.997	0.001	0.001
0.157	0.001	0.841	0.001
0.001	0.997	0.001	0.001
0.001	0.997	0.001	0.001
0.001	0.592	0.001	0.406
>CAGGAAAC	5-CAGGAAAC	8.786326	-68.218403	0	T:317.0(12.21%),B:2850.1(6.15%),P:1e-29	Tpos:313.8,Tstd:243.8,Bpos:247.5,Bstd:151.2,StrandBias:0.1,Multiplicity:1.07
0.001	0.674	0.324	0.001
0.829	0.169	0.001	0.001
0.001	0.023	0.975	0.001
0.001	0.001	0.997	0.001
0.910	0.088	0.001	0.001
0.997	0.001	0.001	0.001
0.997	0.001	0.001	0.001
0.001	0.997	0.001	0.001
>YTGASTCA	6-YTGASTCA	3.575784	-66.918941	0	T:334.0(12.86%),B:3092.0(6.68%),P:1e-29	Tpos:273.7,Tstd:235.2,Bpos:251.6,Bstd:146.6,StrandBias:-0.0,Multiplicity:1.11
0.040	0.549	0.001	0.410
0.001	0.001	0.001	0.997
0.001	0.001	0.997	0.001
0.997	0.001	0.001	0.001
0.001	0.555	0.443	0.001
0.001	0.001	0.001	0.997
0.001	0.997	0.001	0.001
0.997	0.001	0.001	0.001
>TGGGTGTG	7-TGGGTGTG	6.716142	-56.749814	0	T:655.0(25.22%),B:7940.1(17.14%),P:1e-24	Tpos:314.2,Tstd:273.0,Bpos:250.3,Bstd:153.2,StrandBias:0.1,Multiplicity:1.22
0.156	0.001	0.001	0.842
0.080	0.001	0.918	0.001
0.001	0.001	0.997	0.001
0.001	0.001	0.997	0.001
0.001	0.217	0.001	0.781
0.001	0.001	0.997	0.001
0.114	0.001	0.001	0.884
0.001	0.001	0.997	0.001
>TTTCGGTT	8-TTTCGGTT	5.670669	-46.374021	0	T:1002.0(38.58%),B:13899.0(30.01%),P:1e-20	Tpos:320.9,Tstd:278.0,Bpos:252.5,Bstd:155.1,StrandBias:-0.0,Multiplicity:1.39
0.121	0.001	0.036	0.842
0.001	0.040	0.173	0.786
0.026	0.207	0.133	0.634
0.001	0.756	0.226	0.017
0.185	0.163	0.648	0.004
0.089	0.102	0.674	0.135
0.114	0.025	0.056	0.805
0.076	0.001	0.063	0.860
>GCCGATCA	9-GCCGATCA	8.107632	-32.630157	0	T:141.0(5.43%),B:1229.4(2.65%),P:1e-14	Tpos:296.9,Tstd:186.6,Bpos:247.4,Bstd:157.9,StrandBias:0.1,Multiplicity:1.04
0.171	0.001	0.682	0.146
0.001	0.997	0.001	0.001
0.001	0.958	0.039	0.002
0.402	0.001	0.596	0.001
0.997	0.001	0.001	0.001
0.001	0.001	0.001	0.997
0.001	0.997	0.001	0.001
0.615	0.001	0.383	0.001
>CKSATTGG	10-CKSATTGG	7.650268	-28.548778	0	T:187.0(7.20%),B:1905.6(4.11%),P:1e-12	Tpos:329.9,Tstd:246.0,Bpos:256.5,Bstd:152.6,StrandBias:-0.3,Multiplicity:1.09
0.089	0.871	0.039	0.001
0.109	0.133	0.353	0.405
0.001	0.477	0.521	0.001
0.925	0.001	0.001	0.073
0.066	0.001	0.001	0.932
0.151	0.087	0.001	0.761
0.001	0.306	0.692	0.001
0.001	0.001	0.997	0.001
>TTCGCGCG	11-TTCGCGCG	5.619694	-28.522735	0	T:374.0(14.40%),B:4602.7(9.94%),P:1e-12	Tpos:377.2,Tstd:307.2,Bpos:249.6,Bstd:176.4,StrandBias:0.2,Multiplicity:1.48
0.072	0.125	0.066	0.737
0.071	0.106	0.089	0.734
0.055	0.722	0.135	0.088
0.065	0.156	0.685	0.094
0.087	0.798	0.061	0.054
0.068	0.022	0.845	0.065
0.064	0.808	0.092	0.036
0.035	0.170	0.678	0.117
>YTACTTTC	12-YTACTTTC	7.818071	-26.665811	0	T:275.0(10.59%),B:3194.5(6.90%),P:1e-11	Tpos:341.6,Tstd:262.5,Bpos:247.5,Bstd:151.7,StrandBias:0.1,Multiplicity:1.09
0.001	0.434	0.274	0.291
0.001	0.001	0.001	0.997
0.751	0.001	0.001	0.247
0.001	0.638	0.360	0.001
0.001	0.001	0.001	0.997
0.001	0.001	0.001	0.997
0.298	0.003	0.001	0.698
0.258	0.740	0.001	0.001
>GGGTGGAG	13-GGGTGGAG	9.474773	-26.491730	0	T:265.0(10.20%),B:3054.2(6.59%),P:1e-11	Tpos:339.9,Tstd:285.8,Bpos:249.8,Bstd:150.7,StrandBias:-0.3,Multiplicity:1.08
0.001	0.001	0.997	0.001
0.001	0.001	0.997	0.001
0.001	0.001	0.997	0.001
0.001	0.001	0.001	0.997
0.001	0.001	0.997	0.001
0.001	0.001	0.997	0.001
0.997	0.001	0.001	0.001
0.203	0.001	0.795	0.001
>CGTCATCA	14-CGTCATCA	5.722915	-24.560316	0	T:155.0(5.97%),B:1563.6(3.38%),P:1e-10	Tpos:316.8,Tstd:295.4,Bpos:248.2,Bstd:157.5,StrandBias:0.0,Multiplicity:1.05
0.001	0.997	0.001	0.001
0.001	0.001	0.997	0.001
0.001	0.001	0.001	0.997
0.059	0.785	0.001	0.155
0.997	0.001	0.001	0.001
0.001	0.375	0.007	0.617
0.001	0.862	0.136	0.001
0.997	0.001	0.001	0.001
>TCAGTGGC	15-TCAGTGGC	8.236954	-9.683767	0	T:90.0(3.47%),B:1042.1(2.25%),P:1e-4	Tpos:322.7,Tstd:246.9,Bpos:252.9,Bstd:151.6,StrandBias:-0.6,Multiplicity:1.14
0.100	0.100	0.100	0.700
0.100	0.700	0.100	0.100
0.700	0.100	0.100	0.100
0.100	0.100	0.700	0.100
0.100	0.100	0.100	0.700
0.100	0.100	0.700	0.100
0.100	0.100	0.700	0.100
0.100	0.700	0.100	0.100
>AAAAAAAA	16-AAAAAAAA	8.236954	-2.418750	0	T:215.0(8.28%),B:3500.8(7.56%),P:1e-1	Tpos:342.1,Tstd:266.7,Bpos:252.9,Bstd:165.2,StrandBias:0.3,Multiplicity:1.11
0.700	0.100	0.100	0.100
0.700	0.100	0.100	0.100
0.700	0.100	0.100	0.100
0.700	0.100	0.100	0.100
0.700	0.100	0.100	0.100
0.700	0.100	0.100	0.100
0.700	0.100	0.100	0.100
0.700	0.100	0.100	0.100
