>ACAGGAAGTG	1-ACAGGAAGTG	5.927381	-267.305577	0	T:836.0(32.19%),B:6652.5(14.36%),P:1e-116	Tpos:311.1,Tstd:248.9,Bpos:253.0,Bstd:148.4,StrandBias:-0.0,Multiplicity:1.28
0.437	0.153	0.255	0.155
0.202	0.423	0.228	0.147
0.509	0.254	0.149	0.088
0.132	0.150	0.651	0.067
0.085	0.054	0.796	0.065
0.734	0.154	0.010	0.102
0.509	0.115	0.077	0.299
0.277	0.112	0.541	0.070
0.108	0.241	0.129	0.522
0.200	0.200	0.416	0.184
>TGTGGTTTCG	2-TGTGGTTTCG	6.794927	-190.497205	0	T:889.0(34.23%),B:8464.8(18.28%),P:1e-82	Tpos:287.6,Tstd:243.4,Bpos:252.5,Bstd:152.8,StrandBias:0.0,Multiplicity:1.30
0.083	0.002	0.056	0.859
0.022	0.008	0.896	0.074
0.042	0.039	0.065	0.854
0.010	0.001	0.956	0.033
0.001	0.001	0.997	0.001
0.007	0.146	0.053	0.794
0.001	0.051	0.007	0.941
0.172	0.052	0.110	0.666
0.300	0.466	0.089	0.146
0.067	0.303	0.460	0.169
>GCYCCGCCCH	3-GCYCCGCCCH	7.918601	-107.733952	0	T:865.0(33.31%),B:9757.3(21.07%),P:1e-46	Tpos:368.6,Tstd:297.0,Bpos:247.8,Bstd:156.0,StrandBias:-0.1,Multiplicity:1.73
0.139	0.092	0.553	0.216
0.054	0.806	0.014	0.126
0.094	0.501	0.024	0.381
0.131	0.824	0.001	0.044
0.031	0.950	0.001	0.018
0.342	0.012	0.558	0.088
0.014	0.984	0.001	0.001
0.001	0.950	0.016	0.033
0.042	0.814	0.001	0.143
0.347	0.297	0.043	0.312
>DGGGYGTGRY	4-DGGGYGTGRY	8.739893	-92.924384	0	T:387.0(14.90%),B:3340.2(7.21%),P:1e-40	Tpos:328.2,Tstd:280.6,Bpos:247.6,Bstd:150.2,StrandBias:0.3,Multiplicity:1.13
0.291	0.001	0.285	0.423
0.001	0.001	0.804	0.194
0.013	0.001	0.985	0.001
0.001	0.001	0.997	0.001
0.001	0.528	0.001	0.470
0.001	0.001	0.997	0.001
0.391	0.001	0.001	0.607
0.001	0.117	0.881	0.001
0.355	0.001	0.433	0.211
0.204	0.424	0.001	0.371
>TTYCGGTTTS	5-TTYCGGTTTS	6.014697	-82.881161	0	T:614.0(23.64%),B:6627.4(14.31%),P:1e-35	Tpos:309.3,Tstd:257.4,Bpos:250.1,Bstd:151.9,StrandBias:0.0,Multiplicity:1.22
0.260	0.133	0.157	0.450
0.176	0.001	0.137	0.686
0.150	0.266	0.175	0.409
0.113	0.587	0.001	0.299
0.262	0.001	0.517	0.220
0.008	0.305	0.486	0.200
0.010	0.235	0.001	0.754
0.001	0.070	0.279	0.650
0.001	0.252	0.131	0.616
0.150	0.445	0.297	0.108
>NNTGACTCAB	6-NNTGACTCAB	7.598051	-69.298902	0	T:326.0(12.55%),B:2947.6(6.36%),P:1e-30	Tpos:276.6,Tstd:231.7,Bpos:249.9,Bstd:147.7,StrandBias:0.0,Multiplicity:1.11
0.200	0.246	0.226	0.328
0.337	0.211	0.221	0.232
0.001	0.001	0.001	0.997
0.001	0.001	0.840	0.158
0.878	0.001	0.001	0.120
0.001	0.551	0.395	0.053
0.045	0.001	0.001	0.953
0.165	0.664	0.170	0.001
0.794	0.001	0.204	0.001
0.135	0.309	0.236	0.321
>ACAGGAAACC	7-ACAGGAAACC	8.989038	-62.764964	0	T:219.0(8.43%),B:1725.1(3.72%),P:1e-27	Tpos:300.9,Tstd:256.6,Bpos:249.3,Bstd:147.9,StrandBias:0.1,Multiplicity:1.08
0.794	0.112	0.059	0.035
0.030	0.810	0.159	0.001
0.997	0.001	0.001	0.001
0.016	0.001	0.978	0.005
0.015	0.001	0.949	0.035
0.997	0.001	0.001	0.001
0.985	0.001	0.001	0.013
0.997	0.001	0.001	0.001
0.035	0.947	0.017	0.001
0.374	0.566	0.001	0.059
>TGACGTCACN	8-TGACGTCACN	6.526734	-44.773862	0	T:275.0(10.59%),B:2739.1(5.91%),P:1e-19	Tpos:301.4,Tstd:268.4,Bpos:249.6,Bstd:160.4,StrandBias:0.0,Multiplicity:1.08
0.038	0.001	0.062	0.899
0.127	0.225	0.452	0.196
0.905	0.068	0.026	0.001
0.043	0.919	0.033	0.005
0.022	0.006	0.971	0.001
0.050	0.068	0.001	0.881
0.131	0.665	0.166	0.038
0.774	0.005	0.106	0.115
0.129	0.602	0.092	0.177
0.321	0.234	0.238	0.206
>YAGCCAATCG	9-YAGCCAATCG	8.870569	-39.496014	0	T:102.0(3.93%),B:686.1(1.48%),P:1e-17	Tpos:285.6,Tstd:214.2,Bpos:245.5,Bstd:151.0,StrandBias:0.2,Multiplicity:1.09
0.144	0.295	0.142	0.419
0.838	0.001	0.158	0.003
0.075	0.001	0.851	0.073
0.072	0.926	0.001	0.001
0.097	0.740	0.057	0.106
0.997	0.001	0.001	0.001
0.958	0.040	0.001	0.001
0.001	0.001	0.001	0.997
0.239	0.759	0.001	0.001
0.280	0.001	0.718	0.001
>TTCCCGCCAA	10-TTCCCGCCAA	8.092951	-39.357054	0	T:82.0(3.16%),B:482.3(1.04%),P:1e-17	Tpos:387.4,Tstd:401.6,Bpos:246.5,Bstd:153.8,StrandBias:-0.1,Multiplicity:1.05
0.030	0.031	0.001	0.938
0.001	0.001	0.001	0.997
0.024	0.954	0.021	0.001
0.279	0.719	0.001	0.001
0.011	0.987	0.001	0.001
0.001	0.001	0.997	0.001
0.001	0.997	0.001	0.001
0.001	0.719	0.279	0.001
0.769	0.001	0.001	0.229
0.911	0.029	0.036	0.024
>CRBCTAKTGG	11-CRBCTAKTGG	9.206901	-38.241956	0	T:97.0(3.74%),B:646.5(1.40%),P:1e-16	Tpos:311.4,Tstd:253.6,Bpos:251.3,Bstd:150.7,StrandBias:-0.3,Multiplicity:1.00
0.001	0.997	0.001	0.001
0.400	0.208	0.391	0.001
0.001	0.365	0.248	0.386
0.001	0.943	0.001	0.055
0.001	0.001	0.001	0.997
0.850	0.001	0.001	0.148
0.001	0.217	0.369	0.413
0.001	0.001	0.041	0.957
0.001	0.001	0.991	0.007
0.044	0.307	0.648	0.001
>CGCGCGGTTT	12-CGCGCGGTTT	4.686355	-35.786260	0	T:549.0(21.14%),B:7020.0(15.16%),P:1e-15	Tpos:375.5,Tstd:293.1,Bpos:250.0,Bstd:169.6,StrandBias:-0.1,Multiplicity:1.54
0.084	0.692	0.109	0.115
0.096	0.094	0.690	0.120
0.103	0.705	0.102	0.090
0.092	0.101	0.720	0.087
0.101	0.715	0.095	0.089
0.099	0.101	0.697	0.103
0.115	0.099	0.683	0.103
0.114	0.096	0.109	0.681
0.105	0.089	0.092	0.714
0.105	0.094	0.094	0.707
>CTCCTCCCCC	13-CTCCTCCCCC	9.055510	-33.599302	0	T:388.0(14.94%),B:4641.3(10.02%),P:1e-14	Tpos:379.0,Tstd:327.4,Bpos:251.7,Bstd:150.6,StrandBias:0.0,Multiplicity:1.18
0.015	0.887	0.002	0.096
0.024	0.001	0.001	0.974
0.001	0.997	0.001	0.001
0.001	0.975	0.023	0.001
0.010	0.272	0.190	0.528
0.004	0.932	0.054	0.010
0.001	0.718	0.074	0.207
0.046	0.811	0.035	0.108
0.019	0.701	0.185	0.095
0.094	0.838	0.067	0.001
>CMGGAAGGAA	14-CMGGAAGGAA	10.130153	-32.143867	0	T:92.0(3.54%),B:659.0(1.42%),P:1e-13	Tpos:329.9,Tstd:293.5,Bpos:245.4,Bstd:140.8,StrandBias:-0.1,Multiplicity:1.07
0.131	0.867	0.001	0.001
0.486	0.397	0.001	0.116
0.001	0.229	0.631	0.139
0.001	0.001	0.799	0.199
0.997	0.001	0.001	0.001
0.807	0.016	0.117	0.060
0.170	0.001	0.828	0.001
0.001	0.049	0.862	0.088
0.893	0.001	0.001	0.105
0.997	0.001	0.001	0.001
>GAGGAAATCG	15-GAGGAAATCG	9.110631	-29.267608	0	T:124.0(4.77%),B:1074.8(2.32%),P:1e-12	Tpos:328.8,Tstd:282.7,Bpos:251.1,Bstd:148.5,StrandBias:0.5,Multiplicity:1.02
0.001	0.034	0.964	0.001
0.756	0.136	0.067	0.041
0.037	0.001	0.961	0.001
0.001	0.001	0.997	0.001
0.997	0.001	0.001	0.001
0.997	0.001	0.001	0.001
0.930	0.068	0.001	0.001
0.013	0.001	0.027	0.959
0.182	0.570	0.215	0.033
0.082	0.030	0.887	0.001
>GCTRTAAATA	16-GCTRTAAATA	7.960505	-25.989613	0	T:113.0(4.35%),B:992.7(2.14%),P:1e-11	Tpos:321.3,Tstd:261.2,Bpos:248.8,Bstd:144.0,StrandBias:0.1,Multiplicity:1.04
0.323	0.001	0.675	0.001
0.001	0.997	0.001	0.001
0.001	0.001	0.001	0.997
0.434	0.001	0.546	0.019
0.001	0.001	0.001	0.997
0.932	0.001	0.001	0.066
0.566	0.001	0.081	0.352
0.997	0.001	0.001	0.001
0.001	0.324	0.001	0.674
0.997	0.001	0.001	0.001
>TTTCGAAACA	17-TTTCGAAACA	7.918485	-25.310415	0	T:54.0(2.08%),B:328.8(0.71%),P:1e-10	Tpos:309.0,Tstd:303.6,Bpos:239.8,Bstd:147.2,StrandBias:-0.2,Multiplicity:1.02
0.234	0.051	0.045	0.670
0.071	0.069	0.066	0.794
0.026	0.047	0.043	0.884
0.149	0.654	0.042	0.155
0.202	0.024	0.632	0.142
0.693	0.013	0.246	0.048
0.690	0.037	0.232	0.041
0.463	0.023	0.285	0.230
0.203	0.522	0.037	0.238
0.512	0.185	0.273	0.030
>TGACTCACTT	18-TGACTCACTT	8.154790	-24.581323	0	T:231.0(8.89%),B:2620.5(5.66%),P:1e-10	Tpos:285.6,Tstd:240.0,Bpos:249.4,Bstd:148.3,StrandBias:-0.1,Multiplicity:1.07
0.032	0.111	0.001	0.856
0.238	0.164	0.594	0.004
0.709	0.001	0.289	0.001
0.001	0.997	0.001	0.001
0.060	0.181	0.001	0.758
0.001	0.698	0.130	0.171
0.733	0.186	0.001	0.080
0.001	0.792	0.193	0.014
0.001	0.083	0.001	0.915
0.001	0.001	0.082	0.916
>CACGGATTGG	19-CACGGATTGG	6.823986	-23.373562	0	T:186.0(7.16%),B:2016.2(4.35%),P:1e-10	Tpos:327.3,Tstd:247.2,Bpos:247.7,Bstd:147.6,StrandBias:0.1,Multiplicity:1.07
0.223	0.497	0.093	0.187
0.706	0.002	0.001	0.291
0.001	0.909	0.045	0.045
0.001	0.230	0.618	0.151
0.084	0.253	0.489	0.174
0.781	0.042	0.047	0.130
0.127	0.001	0.001	0.871
0.091	0.092	0.001	0.816
0.091	0.046	0.699	0.164
0.208	0.001	0.625	0.166
>GTGGAAACGC	20-GTGGAAACGC	9.373027	-22.995111	0	T:64.0(2.46%),B:457.2(0.99%),P:1e-9	Tpos:274.8,Tstd:210.1,Bpos:247.6,Bstd:159.2,StrandBias:0.4,Multiplicity:1.05
0.034	0.038	0.927	0.001
0.139	0.001	0.001	0.859
0.001	0.131	0.867	0.001
0.001	0.033	0.965	0.001
0.997	0.001	0.001	0.001
0.997	0.001	0.001	0.001
0.907	0.001	0.040	0.052
0.082	0.872	0.001	0.045
0.034	0.001	0.857	0.108
0.001	0.740	0.025	0.234
>CWYAGTCATT	21-CWYAGTCATT	6.941085	-19.234841	0	T:56.0(2.16%),B:413.7(0.89%),P:1e-8	Tpos:268.2,Tstd:243.4,Bpos:247.2,Bstd:147.1,StrandBias:-0.4,Multiplicity:1.00
0.200	0.502	0.131	0.167
0.306	0.051	0.234	0.410
0.178	0.341	0.013	0.468
0.670	0.293	0.016	0.021
0.165	0.224	0.503	0.108
0.189	0.027	0.231	0.553
0.194	0.573	0.205	0.028
0.694	0.017	0.010	0.279
0.017	0.167	0.017	0.799
0.122	0.212	0.236	0.430
>CCCGGCATCA	22-CCCGGCATCA	9.409238	-18.384749	0	T:57.0(2.19%),B:435.9(0.94%),P:1e-7	Tpos:285.9,Tstd:245.9,Bpos:245.8,Bstd:139.0,StrandBias:0.4,Multiplicity:1.04
0.001	0.964	0.034	0.001
0.001	0.949	0.049	0.001
0.114	0.884	0.001	0.001
0.001	0.059	0.713	0.227
0.001	0.104	0.627	0.268
0.001	0.871	0.001	0.127
0.790	0.208	0.001	0.001
0.001	0.001	0.001	0.997
0.214	0.514	0.001	0.271
0.811	0.001	0.102	0.086
>ATACCCAATC	23-ATACCCAATC	10.634069	-15.862358	0	T:19.0(0.73%),B:76.9(0.17%),P:1e-6	Tpos:263.1,Tstd:244.5,Bpos:250.6,Bstd:129.9,StrandBias:1.1,Multiplicity:1.16
0.997	0.001	0.001	0.001
0.001	0.001	0.001	0.997
0.831	0.001	0.167	0.001
0.001	0.997	0.001	0.001
0.001	0.705	0.001	0.293
0.297	0.701	0.001	0.001
0.809	0.001	0.075	0.115
0.997	0.001	0.001	0.001
0.001	0.001	0.001	0.997
0.001	0.877	0.121	0.001
>CTCCGCCCCG	24-CTCCGCCCCG	9.906836	-13.626190	0	T:88.0(3.39%),B:909.8(1.96%),P:1e-5	Tpos:400.6,Tstd:265.0,Bpos:241.3,Bstd:174.4,StrandBias:-0.8,Multiplicity:1.11
0.117	0.830	0.016	0.037
0.297	0.001	0.001	0.701
0.001	0.958	0.001	0.040
0.050	0.853	0.096	0.001
0.001	0.001	0.997	0.001
0.001	0.997	0.001	0.001
0.030	0.899	0.001	0.070
0.079	0.866	0.054	0.001
0.001	0.890	0.108	0.001
0.001	0.001	0.997	0.001
>TTAAVAAAAA	25-TTAAVAAAAA	7.660179	-10.373505	0	T:144.0(5.54%),B:1814.8(3.92%),P:1e-4	Tpos:308.1,Tstd:256.3,Bpos:253.8,Bstd:159.6,StrandBias:0.1,Multiplicity:1.09
0.226	0.162	0.210	0.401
0.308	0.114	0.112	0.466
0.479	0.230	0.241	0.050
0.671	0.055	0.138	0.136
0.408	0.268	0.278	0.047
0.817	0.038	0.095	0.050
0.701	0.197	0.044	0.058
0.882	0.034	0.046	0.038
0.693	0.060	0.048	0.199
0.584	0.347	0.043	0.026
>MCCACTTCCTGT	1-MCCACTTCCTGT	8.379923	-231.496130	0	T:559.0(21.52%),B:3718.8(8.03%),P:1e-100	Tpos:295.2,Tstd:221.9,Bpos:250.6,Bstd:145.9,StrandBias:0.1,Multiplicity:1.24
0.396	0.257	0.156	0.191
0.181	0.550	0.092	0.177
0.097	0.802	0.045	0.056
0.853	0.059	0.040	0.048
0.011	0.841	0.028	0.120
0.110	0.017	0.006	0.867
0.013	0.034	0.033	0.920
0.008	0.938	0.004	0.050
0.008	0.969	0.008	0.015
0.022	0.029	0.019	0.930
0.047	0.195	0.672	0.086
0.049	0.224	0.052	0.675
>HAACCACAVVNH	2-HAACCACAVVNH	8.488677	-192.012595	0	T:384.0(14.79%),B:2209.0(4.77%),P:1e-83	Tpos:290.6,Tstd:215.8,Bpos:253.2,Bstd:150.2,StrandBias:0.1,Multiplicity:1.10
0.370	0.241	0.156	0.232
0.626	0.230	0.143	0.001
0.517	0.228	0.254	0.001
0.001	0.997	0.001	0.001
0.001	0.997	0.001	0.001
0.733	0.265	0.001	0.001
0.006	0.992	0.001	0.001
0.997	0.001	0.001	0.001
0.298	0.236	0.308	0.158
0.253	0.335	0.242	0.170
0.245	0.331	0.207	0.218
0.334	0.321	0.001	0.344
>KGYTTCCTGTBT	3-KGYTTCCTGTBT	8.897640	-140.417667	0	T:476.0(18.33%),B:3770.6(8.14%),P:1e-60	Tpos:295.4,Tstd:234.9,Bpos:254.3,Bstd:144.7,StrandBias:0.1,Multiplicity:1.11
0.159	0.001	0.449	0.391
0.198	0.066	0.584	0.152
0.001	0.509	0.001	0.489
0.026	0.001	0.039	0.934
0.001	0.001	0.001	0.997
0.001	0.894	0.001	0.104
0.001	0.970	0.001	0.028
0.001	0.001	0.066	0.932
0.001	0.220	0.693	0.086
0.090	0.156	0.122	0.632
0.001	0.268	0.398	0.334
0.244	0.114	0.115	0.527
>NNKGGGYGGGGC	4-NNKGGGYGGGGC	7.505628	-95.079481	0	T:842.0(32.42%),B:9722.7(20.99%),P:1e-41	Tpos:352.7,Tstd:289.0,Bpos:246.3,Bstd:153.0,StrandBias:0.2,Multiplicity:1.63
0.298	0.216	0.257	0.230
0.243	0.269	0.241	0.247
0.253	0.001	0.329	0.417
0.134	0.049	0.787	0.030
0.042	0.019	0.931	0.008
0.064	0.025	0.905	0.006
0.092	0.482	0.001	0.424
0.067	0.037	0.810	0.086
0.055	0.066	0.734	0.145
0.354	0.019	0.605	0.022
0.042	0.042	0.886	0.030
0.027	0.852	0.039	0.082
>AAACTGAAACTA	5-AAACTGAAACTA	9.242445	-83.289441	0	T:166.0(6.39%),B:936.8(2.02%),P:1e-36	Tpos:325.6,Tstd:305.9,Bpos:263.6,Bstd:151.8,StrandBias:-0.4,Multiplicity:1.09
0.826	0.051	0.104	0.019
0.825	0.072	0.030	0.073
0.942	0.001	0.025	0.032
0.142	0.689	0.083	0.086
0.087	0.055	0.055	0.803
0.060	0.008	0.895	0.037
0.817	0.032	0.078	0.073
0.899	0.064	0.001	0.036
0.977	0.018	0.004	0.001
0.097	0.729	0.119	0.055
0.062	0.137	0.001	0.800
0.743	0.051	0.127	0.079
>GGTTTCACTTTC	6-GGTTTCACTTTC	8.649955	-67.014317	0	T:238.0(9.16%),B:1892.2(4.09%),P:1e-29	Tpos:307.3,Tstd:280.1,Bpos:253.5,Bstd:152.3,StrandBias:-0.1,Multiplicity:1.05
0.074	0.026	0.724	0.176
0.081	0.159	0.666	0.094
0.035	0.015	0.066	0.884
0.018	0.040	0.081	0.861
0.001	0.073	0.001	0.925
0.029	0.800	0.018	0.153
0.724	0.172	0.026	0.078
0.106	0.780	0.056	0.058
0.017	0.036	0.001	0.946
0.001	0.089	0.057	0.853
0.047	0.071	0.061	0.821
0.067	0.842	0.058	0.033
>CACTAGGGGGCG	7-CACTAGGGGGCG	9.204310	-61.107218	0	T:144.0(5.54%),B:910.8(1.97%),P:1e-26	Tpos:297.2,Tstd:309.2,Bpos:244.2,Bstd:149.5,StrandBias:-0.1,Multiplicity:1.07
0.034	0.859	0.106	0.001
0.789	0.087	0.001	0.123
0.035	0.791	0.173	0.001
0.134	0.161	0.071	0.634
0.879	0.001	0.079	0.041
0.068	0.001	0.930	0.001
0.264	0.035	0.640	0.061
0.001	0.027	0.775	0.197
0.001	0.034	0.964	0.001
0.035	0.001	0.878	0.086
0.023	0.819	0.027	0.131
0.185	0.113	0.701	0.001
>ATGTGACTCATC	8-ATGTGACTCATC	6.948621	-57.558374	0	T:264.0(10.17%),B:2355.4(5.09%),P:1e-24	Tpos:288.1,Tstd:216.3,Bpos:245.4,Bstd:143.7,StrandBias:0.1,Multiplicity:1.08
0.454	0.184	0.193	0.169
0.184	0.051	0.183	0.582
0.184	0.188	0.495	0.133
0.151	0.034	0.038	0.777
0.160	0.114	0.614	0.112
0.653	0.054	0.117	0.176
0.099	0.584	0.186	0.131
0.178	0.074	0.044	0.704
0.052	0.636	0.192	0.120
0.653	0.178	0.051	0.118
0.136	0.138	0.180	0.546
0.144	0.520	0.166	0.170
>TGGTTAACCACA	9-TGGTTAACCACA	7.053939	-48.303752	0	T:336.0(12.94%),B:3494.4(7.54%),P:1e-20	Tpos:305.4,Tstd:267.5,Bpos:248.1,Bstd:150.8,StrandBias:0.1,Multiplicity:1.09
0.083	0.063	0.083	0.771
0.075	0.045	0.741	0.139
0.087	0.093	0.702	0.118
0.062	0.083	0.107	0.748
0.109	0.096	0.097	0.698
0.731	0.102	0.093	0.074
0.761	0.095	0.073	0.071
0.124	0.706	0.096	0.074
0.095	0.817	0.031	0.057
0.794	0.075	0.039	0.092
0.076	0.761	0.109	0.054
0.775	0.061	0.038	0.126
>ACTGGGTGTGGT	10-ACTGGGTGTGGT	8.842026	-47.055274	0	T:186.0(7.16%),B:1554.5(3.36%),P:1e-20	Tpos:275.7,Tstd:219.6,Bpos:247.7,Bstd:149.1,StrandBias:-0.1,Multiplicity:1.02
0.827	0.048	0.078	0.047
0.078	0.839	0.050	0.033
0.076	0.037	0.045	0.842
0.077	0.038	0.832	0.053
0.109	0.025	0.803	0.063
0.074	0.084	0.797	0.045
0.062	0.029	0.068	0.841
0.067	0.044	0.836	0.053
0.040	0.032	0.056	0.872
0.013	0.016	0.825	0.146
0.017	0.085	0.815	0.083
0.035	0.037	0.054	0.874
>GCGGGAAATCCC	11-GCGGGAAATCCC	8.449612	-40.006899	0	T:138.0(5.31%),B:1083.3(2.34%),P:1e-17	Tpos:359.1,Tstd:286.8,Bpos:247.4,Bstd:151.2,StrandBias:0.4,Multiplicity:1.01
0.040	0.072	0.851	0.037
0.067	0.732	0.132	0.069
0.101	0.011	0.782	0.106
0.001	0.022	0.955	0.022
0.022	0.022	0.911	0.045
0.921	0.017	0.040	0.022
0.884	0.036	0.079	0.001
0.718	0.089	0.151	0.042
0.036	0.115	0.073	0.776
0.022	0.856	0.100	0.022
0.017	0.857	0.042	0.084
0.057	0.765	0.067	0.111
>AGCCAATCGGAA	12-AGCCAATCGGAA	7.592425	-30.319405	0	T:196.0(7.55%),B:1987.4(4.29%),P:1e-13	Tpos:315.3,Tstd:241.8,Bpos:244.3,Bstd:149.8,StrandBias:-0.2,Multiplicity:1.10
0.881	0.026	0.092	0.001
0.098	0.080	0.795	0.027
0.026	0.920	0.001	0.053
0.051	0.869	0.027	0.053
0.926	0.020	0.001	0.053
0.868	0.053	0.045	0.034
0.034	0.067	0.100	0.799
0.143	0.715	0.087	0.055
0.129	0.080	0.737	0.054
0.057	0.047	0.816	0.080
0.891	0.069	0.013	0.027
0.793	0.068	0.086	0.053
>CGCGCCGAATCC	13-CGCGCCGAATCC	9.226020	-26.538597	0	T:99.0(3.81%),B:813.3(1.76%),P:1e-11	Tpos:342.1,Tstd:264.2,Bpos:260.9,Bstd:166.8,StrandBias:0.4,Multiplicity:1.15
0.144	0.854	0.001	0.001
0.001	0.114	0.884	0.001
0.001	0.961	0.001	0.037
0.038	0.115	0.846	0.001
0.001	0.854	0.144	0.001
0.107	0.722	0.111	0.060
0.076	0.038	0.848	0.038
0.748	0.115	0.115	0.022
0.786	0.030	0.116	0.068
0.001	0.098	0.240	0.661
0.001	0.961	0.001	0.037
0.038	0.885	0.001	0.076
>TACCACTTCCGT	14-TACCACTTCCGT	10.688094	-24.832259	0	T:35.0(1.35%),B:156.5(0.34%),P:1e-10	Tpos:231.6,Tstd:136.7,Bpos:226.4,Bstd:135.9,StrandBias:0.5,Multiplicity:1.00
0.270	0.210	0.073	0.447
0.773	0.001	0.109	0.117
0.001	0.997	0.001	0.001
0.001	0.997	0.001	0.001
0.997	0.001	0.001	0.001
0.001	0.781	0.001	0.217
0.196	0.059	0.079	0.666
0.001	0.073	0.107	0.819
0.001	0.926	0.001	0.072
0.001	0.686	0.001	0.312
0.001	0.140	0.858	0.001
0.001	0.001	0.001	0.997
>CCGGTGACGTCA	15-CCGGTGACGTCA	8.366977	-24.219146	0	T:104.0(4.00%),B:910.7(1.97%),P:1e-10	Tpos:310.6,Tstd:201.8,Bpos:244.6,Bstd:154.1,StrandBias:-0.2,Multiplicity:1.04
0.060	0.786	0.078	0.076
0.069	0.744	0.042	0.145
0.047	0.151	0.732	0.070
0.001	0.078	0.867	0.054
0.027	0.027	0.075	0.871
0.027	0.001	0.918	0.054
0.909	0.027	0.037	0.027
0.075	0.815	0.048	0.062
0.063	0.076	0.759	0.102
0.054	0.027	0.133	0.786
0.054	0.918	0.027	0.001
0.904	0.054	0.021	0.021
>CACCCACAGGTT	16-CACCCACAGGTT	10.607860	-22.838708	0	T:39.0(1.50%),B:204.8(0.44%),P:1e-9	Tpos:328.7,Tstd:205.3,Bpos:253.2,Bstd:147.0,StrandBias:0.4,Multiplicity:1.00
0.068	0.855	0.058	0.019
0.725	0.050	0.012	0.213
0.056	0.818	0.102	0.024
0.245	0.614	0.001	0.140
0.014	0.936	0.035	0.015
0.699	0.044	0.008	0.249
0.224	0.721	0.028	0.027
0.625	0.074	0.017	0.284
0.045	0.020	0.890	0.045
0.164	0.181	0.610	0.045
0.055	0.201	0.084	0.660
0.058	0.101	0.265	0.576
>TGTTTGTAAAGT	17-TGTTTGTAAAGT	14.794593	-19.808737	0	T:6.0(0.23%),B:2.5(0.01%),P:1e-8	Tpos:149.0,Tstd:102.5,Bpos:368.3,Bstd:143.9,StrandBias:0.0,Multiplicity:1.00
0.001	0.001	0.001	0.997
0.001	0.001	0.997	0.001
0.001	0.001	0.001	0.997
0.001	0.001	0.001	0.997
0.001	0.001	0.001	0.997
0.001	0.001	0.997	0.001
0.001	0.001	0.001	0.997
0.997	0.001	0.001	0.001
0.997	0.001	0.001	0.001
0.834	0.001	0.164	0.001
0.001	0.001	0.997	0.001
0.001	0.001	0.001	0.997
>TCACTTCCGGCC	18-TCACTTCCGGCC	14.794593	-19.192528	0	T:7.0(0.27%),B:4.1(0.01%),P:1e-8	Tpos:171.9,Tstd:114.0,Bpos:201.7,Bstd:163.4,StrandBias:-0.4,Multiplicity:1.00
0.001	0.001	0.001	0.997
0.001	0.997	0.001	0.001
0.834	0.164	0.001	0.001
0.001	0.997	0.001	0.001
0.001	0.001	0.001	0.997
0.001	0.001	0.001	0.997
0.001	0.997	0.001	0.001
0.001	0.997	0.001	0.001
0.001	0.001	0.997	0.001
0.001	0.001	0.997	0.001
0.001	0.997	0.001	0.001
0.001	0.997	0.001	0.001
>CTGGAGCCCAAA	19-CTGGAGCCCAAA	14.600001	-18.444225	0	T:8.0(0.31%),B:7.8(0.02%),P:1e-8	Tpos:281.8,Tstd:134.1,Bpos:298.1,Bstd:166.3,StrandBias:-0.7,Multiplicity:1.00
0.001	0.997	0.001	0.001
0.001	0.001	0.001	0.997
0.001	0.001	0.997	0.001
0.001	0.001	0.863	0.135
0.997	0.001	0.001	0.001
0.001	0.001	0.997	0.001
0.001	0.997	0.001	0.001
0.001	0.997	0.001	0.001
0.001	0.997	0.001	0.001
0.997	0.001	0.001	0.001
0.997	0.001	0.001	0.001
0.997	0.001	0.001	0.001
>CCCTGCCTCAGA	20-CCCTGCCTCAGA	10.041902	-16.981953	0	T:29.0(1.12%),B:155.8(0.34%),P:1e-7	Tpos:364.1,Tstd:276.0,Bpos:229.6,Bstd:140.8,StrandBias:-1.1,Multiplicity:1.72
0.001	0.997	0.001	0.001
0.001	0.997	0.001	0.001
0.001	0.940	0.001	0.058
0.001	0.001	0.068	0.930
0.001	0.001	0.997	0.001
0.001	0.997	0.001	0.001
0.068	0.930	0.001	0.001
0.032	0.001	0.059	0.908
0.001	0.997	0.001	0.001
0.997	0.001	0.001	0.001
0.001	0.218	0.735	0.046
0.997	0.001	0.001	0.001
>GGGTGCTTTCCC	21-GGGTGCTTTCCC	14.606201	-15.421382	0	T:7.0(0.27%),B:7.3(0.02%),P:1e-6	Tpos:196.3,Tstd:131.8,Bpos:207.0,Bstd:149.0,StrandBias:2.6,Multiplicity:1.00
0.001	0.001	0.997	0.001
0.001	0.001	0.997	0.001
0.001	0.001	0.997	0.001
0.001	0.001	0.001	0.997
0.001	0.001	0.997	0.001
0.001	0.997	0.001	0.001
0.001	0.001	0.001	0.997
0.001	0.001	0.001	0.997
0.001	0.001	0.162	0.836
0.001	0.836	0.001	0.162
0.001	0.997	0.001	0.001
0.001	0.997	0.001	0.001
>CATCTACAAGAC	22-CATCTACAAGAC	14.038623	-8.440640	0	T:3.0(0.12%),B:2.8(0.01%),P:1e-3	Tpos:246.4,Tstd:96.3,Bpos:363.8,Bstd:103.9,StrandBias:2.0,Multiplicity:3.33
0.001	0.997	0.001	0.001
0.997	0.001	0.001	0.001
0.001	0.001	0.001	0.997
0.001	0.997	0.001	0.001
0.001	0.001	0.001	0.997
0.997	0.001	0.001	0.001
0.084	0.914	0.001	0.001
0.997	0.001	0.001	0.001
0.997	0.001	0.001	0.001
0.001	0.001	0.997	0.001
0.997	0.001	0.001	0.001
0.001	0.914	0.084	0.001
>CACAGGGTTGTA	23-CACAGGGTTGTA	14.569924	-8.440640	0	T:3.0(0.12%),B:2.4(0.01%),P:1e-3	Tpos:109.3,Tstd:67.0,Bpos:239.0,Bstd:172.7,StrandBias:-2.6,Multiplicity:2.33
0.001	0.997	0.001	0.001
0.997	0.001	0.001	0.001
0.001	0.997	0.001	0.001
0.867	0.131	0.001	0.001
0.001	0.001	0.997	0.001
0.001	0.001	0.997	0.001
0.001	0.001	0.997	0.001
0.001	0.001	0.001	0.997
0.001	0.001	0.001	0.997
0.001	0.001	0.997	0.001
0.001	0.001	0.001	0.997
0.997	0.001	0.001	0.001
>WAAAAAAAAAAA	24-WAAAAAAAAAAA	11.575400	-7.359673	0	T:88.0(3.39%),B:1091.5(2.36%),P:1e-3	Tpos:333.4,Tstd:239.7,Bpos:259.3,Bstd:167.8,StrandBias:0.7,Multiplicity:1.02
0.294	0.113	0.163	0.430
0.509	0.170	0.116	0.205
0.862	0.024	0.039	0.075
0.770	0.032	0.052	0.146
0.708	0.035	0.215	0.042
0.831	0.053	0.064	0.052
0.737	0.041	0.043	0.179
0.847	0.045	0.049	0.059
0.848	0.077	0.025	0.050
0.751	0.128	0.084	0.037
0.653	0.038	0.152	0.157
0.710	0.027	0.043	0.220
>CCAGGAGCATGC	25-CCAGGAGCATGC	12.355432	-7.265953	0	T:3.0(0.12%),B:3.4(0.01%),P:1e-3	Tpos:400.2,Tstd:451.0,Bpos:357.2,Bstd:81.7,StrandBias:1.0,Multiplicity:2.00
0.100	0.700	0.100	0.100
0.100	0.700	0.100	0.100
0.700	0.100	0.100	0.100
0.100	0.100	0.700	0.100
0.100	0.100	0.700	0.100
0.700	0.100	0.100	0.100
0.100	0.100	0.700	0.100
0.100	0.700	0.100	0.100
0.700	0.100	0.100	0.100
0.100	0.100	0.100	0.700
0.100	0.100	0.700	0.100
0.100	0.700	0.100	0.100
>AGGAAGTG	1-AGGAAGTG	7.951524	-208.427563	0	T:723.0(27.84%),B:5957.6(12.86%),P:1e-90	Tpos:328.9,Tstd:281.7,Bpos:251.4,Bstd:148.5,StrandBias:-0.0,Multiplicity:1.21
0.925	0.073	0.001	0.001
0.001	0.001	0.997	0.001
0.001	0.001	0.997	0.001
0.997	0.001	0.001	0.001
0.847	0.001	0.001	0.151
0.209	0.001	0.789	0.001
0.001	0.001	0.001	0.997
0.001	0.099	0.899	0.001
>TGTGGTTW	2-TGTGGTTW	6.593552	-182.006804	0	T:1094.0(42.13%),B:11633.1(25.12%),P:1e-79	Tpos:288.7,Tstd:227.8,Bpos:249.6,Bstd:152.9,StrandBias:-0.1,Multiplicity:1.43
0.104	0.128	0.137	0.631
0.024	0.033	0.852	0.091
0.021	0.137	0.038	0.804
0.051	0.054	0.894	0.001
0.024	0.001	0.951	0.024
0.001	0.117	0.040	0.842
0.113	0.149	0.138	0.600
0.402	0.093	0.072	0.432
>CTTCCTGT	3-CTTCCTGT	8.303336	-144.135361	0	T:749.0(28.84%),B:7301.5(15.76%),P:1e-62	Tpos:299.5,Tstd:230.7,Bpos:252.3,Bstd:145.8,StrandBias:0.2,Multiplicity:1.28
0.001	0.843	0.001	0.155
0.088	0.001	0.001	0.910
0.001	0.001	0.001	0.997
0.001	0.997	0.001	0.001
0.001	0.997	0.001	0.001
0.001	0.001	0.001	0.997
0.001	0.155	0.843	0.001
0.001	0.001	0.001	0.997
>CCCCGCCC	4-CCCCGCCC	6.975954	-79.634608	0	T:1008.0(38.81%),B:12779.6(27.59%),P:1e-34	Tpos:373.2,Tstd:305.6,Bpos:247.8,Bstd:159.5,StrandBias:-0.1,Multiplicity:2.09
0.239	0.520	0.001	0.240
0.295	0.548	0.001	0.156
0.001	0.888	0.001	0.110
0.001	0.997	0.001	0.001
0.157	0.001	0.841	0.001
0.001	0.997	0.001	0.001
0.001	0.997	0.001	0.001
0.001	0.592	0.001	0.406
>CAGGAAAC	5-CAGGAAAC	8.786326	-68.218403	0	T:317.0(12.21%),B:2850.1(6.15%),P:1e-29	Tpos:313.8,Tstd:243.8,Bpos:247.5,Bstd:151.2,StrandBias:0.1,Multiplicity:1.07
0.001	0.674	0.324	0.001
0.829	0.169	0.001	0.001
0.001	0.023	0.975	0.001
0.001	0.001	0.997	0.001
0.910	0.088	0.001	0.001
0.997	0.001	0.001	0.001
0.997	0.001	0.001	0.001
0.001	0.997	0.001	0.001
>YTGASTCA	6-YTGASTCA	3.575784	-66.918941	0	T:334.0(12.86%),B:3092.0(6.68%),P:1e-29	Tpos:273.7,Tstd:235.2,Bpos:251.6,Bstd:146.6,StrandBias:-0.0,Multiplicity:1.11
0.040	0.549	0.001	0.410
0.001	0.001	0.001	0.997
0.001	0.001	0.997	0.001
0.997	0.001	0.001	0.001
0.001	0.555	0.443	0.001
0.001	0.001	0.001	0.997
0.001	0.997	0.001	0.001
0.997	0.001	0.001	0.001
>TGGGTGTG	7-TGGGTGTG	6.716142	-56.749814	0	T:655.0(25.22%),B:7940.1(17.14%),P:1e-24	Tpos:314.2,Tstd:273.0,Bpos:250.3,Bstd:153.2,StrandBias:0.1,Multiplicity:1.22
0.156	0.001	0.001	0.842
0.080	0.001	0.918	0.001
0.001	0.001	0.997	0.001
0.001	0.001	0.997	0.001
0.001	0.217	0.001	0.781
0.001	0.001	0.997	0.001
0.114	0.001	0.001	0.884
0.001	0.001	0.997	0.001
>TTTCGGTT	8-TTTCGGTT	5.670669	-46.374021	0	T:1002.0(38.58%),B:13899.0(30.01%),P:1e-20	Tpos:320.9,Tstd:278.0,Bpos:252.5,Bstd:155.1,StrandBias:-0.0,Multiplicity:1.39
0.121	0.001	0.036	0.842
0.001	0.040	0.173	0.786
0.026	0.207	0.133	0.634
0.001	0.756	0.226	0.017
0.185	0.163	0.648	0.004
0.089	0.102	0.674	0.135
0.114	0.025	0.056	0.805
0.076	0.001	0.063	0.860
>GCCGATCA	9-GCCGATCA	8.107632	-32.630157	0	T:141.0(5.43%),B:1229.4(2.65%),P:1e-14	Tpos:296.9,Tstd:186.6,Bpos:247.4,Bstd:157.9,StrandBias:0.1,Multiplicity:1.04
0.171	0.001	0.682	0.146
0.001	0.997	0.001	0.001
0.001	0.958	0.039	0.002
0.402	0.001	0.596	0.001
0.997	0.001	0.001	0.001
0.001	0.001	0.001	0.997
0.001	0.997	0.001	0.001
0.615	0.001	0.383	0.001
>CKSATTGG	10-CKSATTGG	7.650268	-28.548778	0	T:187.0(7.20%),B:1905.6(4.11%),P:1e-12	Tpos:329.9,Tstd:246.0,Bpos:256.5,Bstd:152.6,StrandBias:-0.3,Multiplicity:1.09
0.089	0.871	0.039	0.001
0.109	0.133	0.353	0.405
0.001	0.477	0.521	0.001
0.925	0.001	0.001	0.073
0.066	0.001	0.001	0.932
0.151	0.087	0.001	0.761
0.001	0.306	0.692	0.001
0.001	0.001	0.997	0.001
>TTCGCGCG	11-TTCGCGCG	5.619694	-28.522735	0	T:374.0(14.40%),B:4602.7(9.94%),P:1e-12	Tpos:377.2,Tstd:307.2,Bpos:249.6,Bstd:176.4,StrandBias:0.2,Multiplicity:1.48
0.072	0.125	0.066	0.737
0.071	0.106	0.089	0.734
0.055	0.722	0.135	0.088
0.065	0.156	0.685	0.094
0.087	0.798	0.061	0.054
0.068	0.022	0.845	0.065
0.064	0.808	0.092	0.036
0.035	0.170	0.678	0.117
>YTACTTTC	12-YTACTTTC	7.818071	-26.665811	0	T:275.0(10.59%),B:3194.5(6.90%),P:1e-11	Tpos:341.6,Tstd:262.5,Bpos:247.5,Bstd:151.7,StrandBias:0.1,Multiplicity:1.09
0.001	0.434	0.274	0.291
0.001	0.001	0.001	0.997
0.751	0.001	0.001	0.247
0.001	0.638	0.360	0.001
0.001	0.001	0.001	0.997
0.001	0.001	0.001	0.997
0.298	0.003	0.001	0.698
0.258	0.740	0.001	0.001
>GGGTGGAG	13-GGGTGGAG	9.474773	-26.491730	0	T:265.0(10.20%),B:3054.2(6.59%),P:1e-11	Tpos:339.9,Tstd:285.8,Bpos:249.8,Bstd:150.7,StrandBias:-0.3,Multiplicity:1.08
0.001	0.001	0.997	0.001
0.001	0.001	0.997	0.001
0.001	0.001	0.997	0.001
0.001	0.001	0.001	0.997
0.001	0.001	0.997	0.001
0.001	0.001	0.997	0.001
0.997	0.001	0.001	0.001
0.203	0.001	0.795	0.001
>CGTCATCA	14-CGTCATCA	5.722915	-24.560316	0	T:155.0(5.97%),B:1563.6(3.38%),P:1e-10	Tpos:316.8,Tstd:295.4,Bpos:248.2,Bstd:157.5,StrandBias:0.0,Multiplicity:1.05
0.001	0.997	0.001	0.001
0.001	0.001	0.997	0.001
0.001	0.001	0.001	0.997
0.059	0.785	0.001	0.155
0.997	0.001	0.001	0.001
0.001	0.375	0.007	0.617
0.001	0.862	0.136	0.001
0.997	0.001	0.001	0.001
>TCAGTGGC	15-TCAGTGGC	8.236954	-9.683767	0	T:90.0(3.47%),B:1042.1(2.25%),P:1e-4	Tpos:322.7,Tstd:246.9,Bpos:252.9,Bstd:151.6,StrandBias:-0.6,Multiplicity:1.14
0.100	0.100	0.100	0.700
0.100	0.700	0.100	0.100
0.700	0.100	0.100	0.100
0.100	0.100	0.700	0.100
0.100	0.100	0.100	0.700
0.100	0.100	0.700	0.100
0.100	0.100	0.700	0.100
0.100	0.700	0.100	0.100
>AAAAAAAA	16-AAAAAAAA	8.236954	-2.418750	0	T:215.0(8.28%),B:3500.8(7.56%),P:1e-1	Tpos:342.1,Tstd:266.7,Bpos:252.9,Bstd:165.2,StrandBias:0.3,Multiplicity:1.11
0.700	0.100	0.100	0.100
0.700	0.100	0.100	0.100
0.700	0.100	0.100	0.100
0.700	0.100	0.100	0.100
0.700	0.100	0.100	0.100
0.700	0.100	0.100	0.100
0.700	0.100	0.100	0.100
0.700	0.100	0.100	0.100
