>MCCACTTCCTGT	1-MCCACTTCCTGT	8.379923	-231.496130	0	T:559.0(21.52%),B:3718.8(8.03%),P:1e-100	Tpos:295.2,Tstd:221.9,Bpos:250.6,Bstd:145.9,StrandBias:0.1,Multiplicity:1.24
0.396	0.257	0.156	0.191
0.181	0.550	0.092	0.177
0.097	0.802	0.045	0.056
0.853	0.059	0.040	0.048
0.011	0.841	0.028	0.120
0.110	0.017	0.006	0.867
0.013	0.034	0.033	0.920
0.008	0.938	0.004	0.050
0.008	0.969	0.008	0.015
0.022	0.029	0.019	0.930
0.047	0.195	0.672	0.086
0.049	0.224	0.052	0.675
>HAACCACAVVNH	2-HAACCACAVVNH	8.488677	-192.012595	0	T:384.0(14.79%),B:2209.0(4.77%),P:1e-83	Tpos:290.6,Tstd:215.8,Bpos:253.2,Bstd:150.2,StrandBias:0.1,Multiplicity:1.10
0.370	0.241	0.156	0.232
0.626	0.230	0.143	0.001
0.517	0.228	0.254	0.001
0.001	0.997	0.001	0.001
0.001	0.997	0.001	0.001
0.733	0.265	0.001	0.001
0.006	0.992	0.001	0.001
0.997	0.001	0.001	0.001
0.298	0.236	0.308	0.158
0.253	0.335	0.242	0.170
0.245	0.331	0.207	0.218
0.334	0.321	0.001	0.344
>KGYTTCCTGTBT	3-KGYTTCCTGTBT	8.897640	-140.417667	0	T:476.0(18.33%),B:3770.6(8.14%),P:1e-60	Tpos:295.4,Tstd:234.9,Bpos:254.3,Bstd:144.7,StrandBias:0.1,Multiplicity:1.11
0.159	0.001	0.449	0.391
0.198	0.066	0.584	0.152
0.001	0.509	0.001	0.489
0.026	0.001	0.039	0.934
0.001	0.001	0.001	0.997
0.001	0.894	0.001	0.104
0.001	0.970	0.001	0.028
0.001	0.001	0.066	0.932
0.001	0.220	0.693	0.086
0.090	0.156	0.122	0.632
0.001	0.268	0.398	0.334
0.244	0.114	0.115	0.527
>NNKGGGYGGGGC	4-NNKGGGYGGGGC	7.505628	-95.079481	0	T:842.0(32.42%),B:9722.7(20.99%),P:1e-41	Tpos:352.7,Tstd:289.0,Bpos:246.3,Bstd:153.0,StrandBias:0.2,Multiplicity:1.63
0.298	0.216	0.257	0.230
0.243	0.269	0.241	0.247
0.253	0.001	0.329	0.417
0.134	0.049	0.787	0.030
0.042	0.019	0.931	0.008
0.064	0.025	0.905	0.006
0.092	0.482	0.001	0.424
0.067	0.037	0.810	0.086
0.055	0.066	0.734	0.145
0.354	0.019	0.605	0.022
0.042	0.042	0.886	0.030
0.027	0.852	0.039	0.082
>AAACTGAAACTA	5-AAACTGAAACTA	9.242445	-83.289441	0	T:166.0(6.39%),B:936.8(2.02%),P:1e-36	Tpos:325.6,Tstd:305.9,Bpos:263.6,Bstd:151.8,StrandBias:-0.4,Multiplicity:1.09
0.826	0.051	0.104	0.019
0.825	0.072	0.030	0.073
0.942	0.001	0.025	0.032
0.142	0.689	0.083	0.086
0.087	0.055	0.055	0.803
0.060	0.008	0.895	0.037
0.817	0.032	0.078	0.073
0.899	0.064	0.001	0.036
0.977	0.018	0.004	0.001
0.097	0.729	0.119	0.055
0.062	0.137	0.001	0.800
0.743	0.051	0.127	0.079
>GGTTTCACTTTC	6-GGTTTCACTTTC	8.649955	-67.014317	0	T:238.0(9.16%),B:1892.2(4.09%),P:1e-29	Tpos:307.3,Tstd:280.1,Bpos:253.5,Bstd:152.3,StrandBias:-0.1,Multiplicity:1.05
0.074	0.026	0.724	0.176
0.081	0.159	0.666	0.094
0.035	0.015	0.066	0.884
0.018	0.040	0.081	0.861
0.001	0.073	0.001	0.925
0.029	0.800	0.018	0.153
0.724	0.172	0.026	0.078
0.106	0.780	0.056	0.058
0.017	0.036	0.001	0.946
0.001	0.089	0.057	0.853
0.047	0.071	0.061	0.821
0.067	0.842	0.058	0.033
>CACTAGGGGGCG	7-CACTAGGGGGCG	9.204310	-61.107218	0	T:144.0(5.54%),B:910.8(1.97%),P:1e-26	Tpos:297.2,Tstd:309.2,Bpos:244.2,Bstd:149.5,StrandBias:-0.1,Multiplicity:1.07
0.034	0.859	0.106	0.001
0.789	0.087	0.001	0.123
0.035	0.791	0.173	0.001
0.134	0.161	0.071	0.634
0.879	0.001	0.079	0.041
0.068	0.001	0.930	0.001
0.264	0.035	0.640	0.061
0.001	0.027	0.775	0.197
0.001	0.034	0.964	0.001
0.035	0.001	0.878	0.086
0.023	0.819	0.027	0.131
0.185	0.113	0.701	0.001
>ATGTGACTCATC	8-ATGTGACTCATC	6.948621	-57.558374	0	T:264.0(10.17%),B:2355.4(5.09%),P:1e-24	Tpos:288.1,Tstd:216.3,Bpos:245.4,Bstd:143.7,StrandBias:0.1,Multiplicity:1.08
0.454	0.184	0.193	0.169
0.184	0.051	0.183	0.582
0.184	0.188	0.495	0.133
0.151	0.034	0.038	0.777
0.160	0.114	0.614	0.112
0.653	0.054	0.117	0.176
0.099	0.584	0.186	0.131
0.178	0.074	0.044	0.704
0.052	0.636	0.192	0.120
0.653	0.178	0.051	0.118
0.136	0.138	0.180	0.546
0.144	0.520	0.166	0.170
>TGGTTAACCACA	9-TGGTTAACCACA	7.053939	-48.303752	0	T:336.0(12.94%),B:3494.4(7.54%),P:1e-20	Tpos:305.4,Tstd:267.5,Bpos:248.1,Bstd:150.8,StrandBias:0.1,Multiplicity:1.09
0.083	0.063	0.083	0.771
0.075	0.045	0.741	0.139
0.087	0.093	0.702	0.118
0.062	0.083	0.107	0.748
0.109	0.096	0.097	0.698
0.731	0.102	0.093	0.074
0.761	0.095	0.073	0.071
0.124	0.706	0.096	0.074
0.095	0.817	0.031	0.057
0.794	0.075	0.039	0.092
0.076	0.761	0.109	0.054
0.775	0.061	0.038	0.126
>ACTGGGTGTGGT	10-ACTGGGTGTGGT	8.842026	-47.055274	0	T:186.0(7.16%),B:1554.5(3.36%),P:1e-20	Tpos:275.7,Tstd:219.6,Bpos:247.7,Bstd:149.1,StrandBias:-0.1,Multiplicity:1.02
0.827	0.048	0.078	0.047
0.078	0.839	0.050	0.033
0.076	0.037	0.045	0.842
0.077	0.038	0.832	0.053
0.109	0.025	0.803	0.063
0.074	0.084	0.797	0.045
0.062	0.029	0.068	0.841
0.067	0.044	0.836	0.053
0.040	0.032	0.056	0.872
0.013	0.016	0.825	0.146
0.017	0.085	0.815	0.083
0.035	0.037	0.054	0.874
>GCGGGAAATCCC	11-GCGGGAAATCCC	8.449612	-40.006899	0	T:138.0(5.31%),B:1083.3(2.34%),P:1e-17	Tpos:359.1,Tstd:286.8,Bpos:247.4,Bstd:151.2,StrandBias:0.4,Multiplicity:1.01
0.040	0.072	0.851	0.037
0.067	0.732	0.132	0.069
0.101	0.011	0.782	0.106
0.001	0.022	0.955	0.022
0.022	0.022	0.911	0.045
0.921	0.017	0.040	0.022
0.884	0.036	0.079	0.001
0.718	0.089	0.151	0.042
0.036	0.115	0.073	0.776
0.022	0.856	0.100	0.022
0.017	0.857	0.042	0.084
0.057	0.765	0.067	0.111
>AGCCAATCGGAA	12-AGCCAATCGGAA	7.592425	-30.319405	0	T:196.0(7.55%),B:1987.4(4.29%),P:1e-13	Tpos:315.3,Tstd:241.8,Bpos:244.3,Bstd:149.8,StrandBias:-0.2,Multiplicity:1.10
0.881	0.026	0.092	0.001
0.098	0.080	0.795	0.027
0.026	0.920	0.001	0.053
0.051	0.869	0.027	0.053
0.926	0.020	0.001	0.053
0.868	0.053	0.045	0.034
0.034	0.067	0.100	0.799
0.143	0.715	0.087	0.055
0.129	0.080	0.737	0.054
0.057	0.047	0.816	0.080
0.891	0.069	0.013	0.027
0.793	0.068	0.086	0.053
>CGCGCCGAATCC	13-CGCGCCGAATCC	9.226020	-26.538597	0	T:99.0(3.81%),B:813.3(1.76%),P:1e-11	Tpos:342.1,Tstd:264.2,Bpos:260.9,Bstd:166.8,StrandBias:0.4,Multiplicity:1.15
0.144	0.854	0.001	0.001
0.001	0.114	0.884	0.001
0.001	0.961	0.001	0.037
0.038	0.115	0.846	0.001
0.001	0.854	0.144	0.001
0.107	0.722	0.111	0.060
0.076	0.038	0.848	0.038
0.748	0.115	0.115	0.022
0.786	0.030	0.116	0.068
0.001	0.098	0.240	0.661
0.001	0.961	0.001	0.037
0.038	0.885	0.001	0.076
>TACCACTTCCGT	14-TACCACTTCCGT	10.688094	-24.832259	0	T:35.0(1.35%),B:156.5(0.34%),P:1e-10	Tpos:231.6,Tstd:136.7,Bpos:226.4,Bstd:135.9,StrandBias:0.5,Multiplicity:1.00
0.270	0.210	0.073	0.447
0.773	0.001	0.109	0.117
0.001	0.997	0.001	0.001
0.001	0.997	0.001	0.001
0.997	0.001	0.001	0.001
0.001	0.781	0.001	0.217
0.196	0.059	0.079	0.666
0.001	0.073	0.107	0.819
0.001	0.926	0.001	0.072
0.001	0.686	0.001	0.312
0.001	0.140	0.858	0.001
0.001	0.001	0.001	0.997
>CCGGTGACGTCA	15-CCGGTGACGTCA	8.366977	-24.219146	0	T:104.0(4.00%),B:910.7(1.97%),P:1e-10	Tpos:310.6,Tstd:201.8,Bpos:244.6,Bstd:154.1,StrandBias:-0.2,Multiplicity:1.04
0.060	0.786	0.078	0.076
0.069	0.744	0.042	0.145
0.047	0.151	0.732	0.070
0.001	0.078	0.867	0.054
0.027	0.027	0.075	0.871
0.027	0.001	0.918	0.054
0.909	0.027	0.037	0.027
0.075	0.815	0.048	0.062
0.063	0.076	0.759	0.102
0.054	0.027	0.133	0.786
0.054	0.918	0.027	0.001
0.904	0.054	0.021	0.021
>CACCCACAGGTT	16-CACCCACAGGTT	10.607860	-22.838708	0	T:39.0(1.50%),B:204.8(0.44%),P:1e-9	Tpos:328.7,Tstd:205.3,Bpos:253.2,Bstd:147.0,StrandBias:0.4,Multiplicity:1.00
0.068	0.855	0.058	0.019
0.725	0.050	0.012	0.213
0.056	0.818	0.102	0.024
0.245	0.614	0.001	0.140
0.014	0.936	0.035	0.015
0.699	0.044	0.008	0.249
0.224	0.721	0.028	0.027
0.625	0.074	0.017	0.284
0.045	0.020	0.890	0.045
0.164	0.181	0.610	0.045
0.055	0.201	0.084	0.660
0.058	0.101	0.265	0.576
>TGTTTGTAAAGT	17-TGTTTGTAAAGT	14.794593	-19.808737	0	T:6.0(0.23%),B:2.5(0.01%),P:1e-8	Tpos:149.0,Tstd:102.5,Bpos:368.3,Bstd:143.9,StrandBias:0.0,Multiplicity:1.00
0.001	0.001	0.001	0.997
0.001	0.001	0.997	0.001
0.001	0.001	0.001	0.997
0.001	0.001	0.001	0.997
0.001	0.001	0.001	0.997
0.001	0.001	0.997	0.001
0.001	0.001	0.001	0.997
0.997	0.001	0.001	0.001
0.997	0.001	0.001	0.001
0.834	0.001	0.164	0.001
0.001	0.001	0.997	0.001
0.001	0.001	0.001	0.997
>TCACTTCCGGCC	18-TCACTTCCGGCC	14.794593	-19.192528	0	T:7.0(0.27%),B:4.1(0.01%),P:1e-8	Tpos:171.9,Tstd:114.0,Bpos:201.7,Bstd:163.4,StrandBias:-0.4,Multiplicity:1.00
0.001	0.001	0.001	0.997
0.001	0.997	0.001	0.001
0.834	0.164	0.001	0.001
0.001	0.997	0.001	0.001
0.001	0.001	0.001	0.997
0.001	0.001	0.001	0.997
0.001	0.997	0.001	0.001
0.001	0.997	0.001	0.001
0.001	0.001	0.997	0.001
0.001	0.001	0.997	0.001
0.001	0.997	0.001	0.001
0.001	0.997	0.001	0.001
>CTGGAGCCCAAA	19-CTGGAGCCCAAA	14.600001	-18.444225	0	T:8.0(0.31%),B:7.8(0.02%),P:1e-8	Tpos:281.8,Tstd:134.1,Bpos:298.1,Bstd:166.3,StrandBias:-0.7,Multiplicity:1.00
0.001	0.997	0.001	0.001
0.001	0.001	0.001	0.997
0.001	0.001	0.997	0.001
0.001	0.001	0.863	0.135
0.997	0.001	0.001	0.001
0.001	0.001	0.997	0.001
0.001	0.997	0.001	0.001
0.001	0.997	0.001	0.001
0.001	0.997	0.001	0.001
0.997	0.001	0.001	0.001
0.997	0.001	0.001	0.001
0.997	0.001	0.001	0.001
>CCCTGCCTCAGA	20-CCCTGCCTCAGA	10.041902	-16.981953	0	T:29.0(1.12%),B:155.8(0.34%),P:1e-7	Tpos:364.1,Tstd:276.0,Bpos:229.6,Bstd:140.8,StrandBias:-1.1,Multiplicity:1.72
0.001	0.997	0.001	0.001
0.001	0.997	0.001	0.001
0.001	0.940	0.001	0.058
0.001	0.001	0.068	0.930
0.001	0.001	0.997	0.001
0.001	0.997	0.001	0.001
0.068	0.930	0.001	0.001
0.032	0.001	0.059	0.908
0.001	0.997	0.001	0.001
0.997	0.001	0.001	0.001
0.001	0.218	0.735	0.046
0.997	0.001	0.001	0.001
>GGGTGCTTTCCC	21-GGGTGCTTTCCC	14.606201	-15.421382	0	T:7.0(0.27%),B:7.3(0.02%),P:1e-6	Tpos:196.3,Tstd:131.8,Bpos:207.0,Bstd:149.0,StrandBias:2.6,Multiplicity:1.00
0.001	0.001	0.997	0.001
0.001	0.001	0.997	0.001
0.001	0.001	0.997	0.001
0.001	0.001	0.001	0.997
0.001	0.001	0.997	0.001
0.001	0.997	0.001	0.001
0.001	0.001	0.001	0.997
0.001	0.001	0.001	0.997
0.001	0.001	0.162	0.836
0.001	0.836	0.001	0.162
0.001	0.997	0.001	0.001
0.001	0.997	0.001	0.001
>CATCTACAAGAC	22-CATCTACAAGAC	14.038623	-8.440640	0	T:3.0(0.12%),B:2.8(0.01%),P:1e-3	Tpos:246.4,Tstd:96.3,Bpos:363.8,Bstd:103.9,StrandBias:2.0,Multiplicity:3.33
0.001	0.997	0.001	0.001
0.997	0.001	0.001	0.001
0.001	0.001	0.001	0.997
0.001	0.997	0.001	0.001
0.001	0.001	0.001	0.997
0.997	0.001	0.001	0.001
0.084	0.914	0.001	0.001
0.997	0.001	0.001	0.001
0.997	0.001	0.001	0.001
0.001	0.001	0.997	0.001
0.997	0.001	0.001	0.001
0.001	0.914	0.084	0.001
>CACAGGGTTGTA	23-CACAGGGTTGTA	14.569924	-8.440640	0	T:3.0(0.12%),B:2.4(0.01%),P:1e-3	Tpos:109.3,Tstd:67.0,Bpos:239.0,Bstd:172.7,StrandBias:-2.6,Multiplicity:2.33
0.001	0.997	0.001	0.001
0.997	0.001	0.001	0.001
0.001	0.997	0.001	0.001
0.867	0.131	0.001	0.001
0.001	0.001	0.997	0.001
0.001	0.001	0.997	0.001
0.001	0.001	0.997	0.001
0.001	0.001	0.001	0.997
0.001	0.001	0.001	0.997
0.001	0.001	0.997	0.001
0.001	0.001	0.001	0.997
0.997	0.001	0.001	0.001
>WAAAAAAAAAAA	24-WAAAAAAAAAAA	11.575400	-7.359673	0	T:88.0(3.39%),B:1091.5(2.36%),P:1e-3	Tpos:333.4,Tstd:239.7,Bpos:259.3,Bstd:167.8,StrandBias:0.7,Multiplicity:1.02
0.294	0.113	0.163	0.430
0.509	0.170	0.116	0.205
0.862	0.024	0.039	0.075
0.770	0.032	0.052	0.146
0.708	0.035	0.215	0.042
0.831	0.053	0.064	0.052
0.737	0.041	0.043	0.179
0.847	0.045	0.049	0.059
0.848	0.077	0.025	0.050
0.751	0.128	0.084	0.037
0.653	0.038	0.152	0.157
0.710	0.027	0.043	0.220
>CCAGGAGCATGC	25-CCAGGAGCATGC	12.355432	-7.265953	0	T:3.0(0.12%),B:3.4(0.01%),P:1e-3	Tpos:400.2,Tstd:451.0,Bpos:357.2,Bstd:81.7,StrandBias:1.0,Multiplicity:2.00
0.100	0.700	0.100	0.100
0.100	0.700	0.100	0.100
0.700	0.100	0.100	0.100
0.100	0.100	0.700	0.100
0.100	0.100	0.700	0.100
0.700	0.100	0.100	0.100
0.100	0.100	0.700	0.100
0.100	0.700	0.100	0.100
0.700	0.100	0.100	0.100
0.100	0.100	0.100	0.700
0.100	0.100	0.700	0.100
0.100	0.700	0.100	0.100
