>ACAGGAAGTG	1-ACAGGAAGTG	5.927381	-267.305577	0	T:836.0(32.19%),B:6652.5(14.36%),P:1e-116	Tpos:311.1,Tstd:248.9,Bpos:253.0,Bstd:148.4,StrandBias:-0.0,Multiplicity:1.28
0.437	0.153	0.255	0.155
0.202	0.423	0.228	0.147
0.509	0.254	0.149	0.088
0.132	0.150	0.651	0.067
0.085	0.054	0.796	0.065
0.734	0.154	0.010	0.102
0.509	0.115	0.077	0.299
0.277	0.112	0.541	0.070
0.108	0.241	0.129	0.522
0.200	0.200	0.416	0.184
>TGTGGTTTCG	2-TGTGGTTTCG	6.794927	-190.497205	0	T:889.0(34.23%),B:8464.8(18.28%),P:1e-82	Tpos:287.6,Tstd:243.4,Bpos:252.5,Bstd:152.8,StrandBias:0.0,Multiplicity:1.30
0.083	0.002	0.056	0.859
0.022	0.008	0.896	0.074
0.042	0.039	0.065	0.854
0.010	0.001	0.956	0.033
0.001	0.001	0.997	0.001
0.007	0.146	0.053	0.794
0.001	0.051	0.007	0.941
0.172	0.052	0.110	0.666
0.300	0.466	0.089	0.146
0.067	0.303	0.460	0.169
>GCYCCGCCCH	3-GCYCCGCCCH	7.918601	-107.733952	0	T:865.0(33.31%),B:9757.3(21.07%),P:1e-46	Tpos:368.6,Tstd:297.0,Bpos:247.8,Bstd:156.0,StrandBias:-0.1,Multiplicity:1.73
0.139	0.092	0.553	0.216
0.054	0.806	0.014	0.126
0.094	0.501	0.024	0.381
0.131	0.824	0.001	0.044
0.031	0.950	0.001	0.018
0.342	0.012	0.558	0.088
0.014	0.984	0.001	0.001
0.001	0.950	0.016	0.033
0.042	0.814	0.001	0.143
0.347	0.297	0.043	0.312
>DGGGYGTGRY	4-DGGGYGTGRY	8.739893	-92.924384	0	T:387.0(14.90%),B:3340.2(7.21%),P:1e-40	Tpos:328.2,Tstd:280.6,Bpos:247.6,Bstd:150.2,StrandBias:0.3,Multiplicity:1.13
0.291	0.001	0.285	0.423
0.001	0.001	0.804	0.194
0.013	0.001	0.985	0.001
0.001	0.001	0.997	0.001
0.001	0.528	0.001	0.470
0.001	0.001	0.997	0.001
0.391	0.001	0.001	0.607
0.001	0.117	0.881	0.001
0.355	0.001	0.433	0.211
0.204	0.424	0.001	0.371
>TTYCGGTTTS	5-TTYCGGTTTS	6.014697	-82.881161	0	T:614.0(23.64%),B:6627.4(14.31%),P:1e-35	Tpos:309.3,Tstd:257.4,Bpos:250.1,Bstd:151.9,StrandBias:0.0,Multiplicity:1.22
0.260	0.133	0.157	0.450
0.176	0.001	0.137	0.686
0.150	0.266	0.175	0.409
0.113	0.587	0.001	0.299
0.262	0.001	0.517	0.220
0.008	0.305	0.486	0.200
0.010	0.235	0.001	0.754
0.001	0.070	0.279	0.650
0.001	0.252	0.131	0.616
0.150	0.445	0.297	0.108
>NNTGACTCAB	6-NNTGACTCAB	7.598051	-69.298902	0	T:326.0(12.55%),B:2947.6(6.36%),P:1e-30	Tpos:276.6,Tstd:231.7,Bpos:249.9,Bstd:147.7,StrandBias:0.0,Multiplicity:1.11
0.200	0.246	0.226	0.328
0.337	0.211	0.221	0.232
0.001	0.001	0.001	0.997
0.001	0.001	0.840	0.158
0.878	0.001	0.001	0.120
0.001	0.551	0.395	0.053
0.045	0.001	0.001	0.953
0.165	0.664	0.170	0.001
0.794	0.001	0.204	0.001
0.135	0.309	0.236	0.321
>ACAGGAAACC	7-ACAGGAAACC	8.989038	-62.764964	0	T:219.0(8.43%),B:1725.1(3.72%),P:1e-27	Tpos:300.9,Tstd:256.6,Bpos:249.3,Bstd:147.9,StrandBias:0.1,Multiplicity:1.08
0.794	0.112	0.059	0.035
0.030	0.810	0.159	0.001
0.997	0.001	0.001	0.001
0.016	0.001	0.978	0.005
0.015	0.001	0.949	0.035
0.997	0.001	0.001	0.001
0.985	0.001	0.001	0.013
0.997	0.001	0.001	0.001
0.035	0.947	0.017	0.001
0.374	0.566	0.001	0.059
>TGACGTCACN	8-TGACGTCACN	6.526734	-44.773862	0	T:275.0(10.59%),B:2739.1(5.91%),P:1e-19	Tpos:301.4,Tstd:268.4,Bpos:249.6,Bstd:160.4,StrandBias:0.0,Multiplicity:1.08
0.038	0.001	0.062	0.899
0.127	0.225	0.452	0.196
0.905	0.068	0.026	0.001
0.043	0.919	0.033	0.005
0.022	0.006	0.971	0.001
0.050	0.068	0.001	0.881
0.131	0.665	0.166	0.038
0.774	0.005	0.106	0.115
0.129	0.602	0.092	0.177
0.321	0.234	0.238	0.206
>YAGCCAATCG	9-YAGCCAATCG	8.870569	-39.496014	0	T:102.0(3.93%),B:686.1(1.48%),P:1e-17	Tpos:285.6,Tstd:214.2,Bpos:245.5,Bstd:151.0,StrandBias:0.2,Multiplicity:1.09
0.144	0.295	0.142	0.419
0.838	0.001	0.158	0.003
0.075	0.001	0.851	0.073
0.072	0.926	0.001	0.001
0.097	0.740	0.057	0.106
0.997	0.001	0.001	0.001
0.958	0.040	0.001	0.001
0.001	0.001	0.001	0.997
0.239	0.759	0.001	0.001
0.280	0.001	0.718	0.001
>TTCCCGCCAA	10-TTCCCGCCAA	8.092951	-39.357054	0	T:82.0(3.16%),B:482.3(1.04%),P:1e-17	Tpos:387.4,Tstd:401.6,Bpos:246.5,Bstd:153.8,StrandBias:-0.1,Multiplicity:1.05
0.030	0.031	0.001	0.938
0.001	0.001	0.001	0.997
0.024	0.954	0.021	0.001
0.279	0.719	0.001	0.001
0.011	0.987	0.001	0.001
0.001	0.001	0.997	0.001
0.001	0.997	0.001	0.001
0.001	0.719	0.279	0.001
0.769	0.001	0.001	0.229
0.911	0.029	0.036	0.024
>CRBCTAKTGG	11-CRBCTAKTGG	9.206901	-38.241956	0	T:97.0(3.74%),B:646.5(1.40%),P:1e-16	Tpos:311.4,Tstd:253.6,Bpos:251.3,Bstd:150.7,StrandBias:-0.3,Multiplicity:1.00
0.001	0.997	0.001	0.001
0.400	0.208	0.391	0.001
0.001	0.365	0.248	0.386
0.001	0.943	0.001	0.055
0.001	0.001	0.001	0.997
0.850	0.001	0.001	0.148
0.001	0.217	0.369	0.413
0.001	0.001	0.041	0.957
0.001	0.001	0.991	0.007
0.044	0.307	0.648	0.001
>CGCGCGGTTT	12-CGCGCGGTTT	4.686355	-35.786260	0	T:549.0(21.14%),B:7020.0(15.16%),P:1e-15	Tpos:375.5,Tstd:293.1,Bpos:250.0,Bstd:169.6,StrandBias:-0.1,Multiplicity:1.54
0.084	0.692	0.109	0.115
0.096	0.094	0.690	0.120
0.103	0.705	0.102	0.090
0.092	0.101	0.720	0.087
0.101	0.715	0.095	0.089
0.099	0.101	0.697	0.103
0.115	0.099	0.683	0.103
0.114	0.096	0.109	0.681
0.105	0.089	0.092	0.714
0.105	0.094	0.094	0.707
>CTCCTCCCCC	13-CTCCTCCCCC	9.055510	-33.599302	0	T:388.0(14.94%),B:4641.3(10.02%),P:1e-14	Tpos:379.0,Tstd:327.4,Bpos:251.7,Bstd:150.6,StrandBias:0.0,Multiplicity:1.18
0.015	0.887	0.002	0.096
0.024	0.001	0.001	0.974
0.001	0.997	0.001	0.001
0.001	0.975	0.023	0.001
0.010	0.272	0.190	0.528
0.004	0.932	0.054	0.010
0.001	0.718	0.074	0.207
0.046	0.811	0.035	0.108
0.019	0.701	0.185	0.095
0.094	0.838	0.067	0.001
>CMGGAAGGAA	14-CMGGAAGGAA	10.130153	-32.143867	0	T:92.0(3.54%),B:659.0(1.42%),P:1e-13	Tpos:329.9,Tstd:293.5,Bpos:245.4,Bstd:140.8,StrandBias:-0.1,Multiplicity:1.07
0.131	0.867	0.001	0.001
0.486	0.397	0.001	0.116
0.001	0.229	0.631	0.139
0.001	0.001	0.799	0.199
0.997	0.001	0.001	0.001
0.807	0.016	0.117	0.060
0.170	0.001	0.828	0.001
0.001	0.049	0.862	0.088
0.893	0.001	0.001	0.105
0.997	0.001	0.001	0.001
>GAGGAAATCG	15-GAGGAAATCG	9.110631	-29.267608	0	T:124.0(4.77%),B:1074.8(2.32%),P:1e-12	Tpos:328.8,Tstd:282.7,Bpos:251.1,Bstd:148.5,StrandBias:0.5,Multiplicity:1.02
0.001	0.034	0.964	0.001
0.756	0.136	0.067	0.041
0.037	0.001	0.961	0.001
0.001	0.001	0.997	0.001
0.997	0.001	0.001	0.001
0.997	0.001	0.001	0.001
0.930	0.068	0.001	0.001
0.013	0.001	0.027	0.959
0.182	0.570	0.215	0.033
0.082	0.030	0.887	0.001
>GCTRTAAATA	16-GCTRTAAATA	7.960505	-25.989613	0	T:113.0(4.35%),B:992.7(2.14%),P:1e-11	Tpos:321.3,Tstd:261.2,Bpos:248.8,Bstd:144.0,StrandBias:0.1,Multiplicity:1.04
0.323	0.001	0.675	0.001
0.001	0.997	0.001	0.001
0.001	0.001	0.001	0.997
0.434	0.001	0.546	0.019
0.001	0.001	0.001	0.997
0.932	0.001	0.001	0.066
0.566	0.001	0.081	0.352
0.997	0.001	0.001	0.001
0.001	0.324	0.001	0.674
0.997	0.001	0.001	0.001
>TTTCGAAACA	17-TTTCGAAACA	7.918485	-25.310415	0	T:54.0(2.08%),B:328.8(0.71%),P:1e-10	Tpos:309.0,Tstd:303.6,Bpos:239.8,Bstd:147.2,StrandBias:-0.2,Multiplicity:1.02
0.234	0.051	0.045	0.670
0.071	0.069	0.066	0.794
0.026	0.047	0.043	0.884
0.149	0.654	0.042	0.155
0.202	0.024	0.632	0.142
0.693	0.013	0.246	0.048
0.690	0.037	0.232	0.041
0.463	0.023	0.285	0.230
0.203	0.522	0.037	0.238
0.512	0.185	0.273	0.030
>TGACTCACTT	18-TGACTCACTT	8.154790	-24.581323	0	T:231.0(8.89%),B:2620.5(5.66%),P:1e-10	Tpos:285.6,Tstd:240.0,Bpos:249.4,Bstd:148.3,StrandBias:-0.1,Multiplicity:1.07
0.032	0.111	0.001	0.856
0.238	0.164	0.594	0.004
0.709	0.001	0.289	0.001
0.001	0.997	0.001	0.001
0.060	0.181	0.001	0.758
0.001	0.698	0.130	0.171
0.733	0.186	0.001	0.080
0.001	0.792	0.193	0.014
0.001	0.083	0.001	0.915
0.001	0.001	0.082	0.916
>CACGGATTGG	19-CACGGATTGG	6.823986	-23.373562	0	T:186.0(7.16%),B:2016.2(4.35%),P:1e-10	Tpos:327.3,Tstd:247.2,Bpos:247.7,Bstd:147.6,StrandBias:0.1,Multiplicity:1.07
0.223	0.497	0.093	0.187
0.706	0.002	0.001	0.291
0.001	0.909	0.045	0.045
0.001	0.230	0.618	0.151
0.084	0.253	0.489	0.174
0.781	0.042	0.047	0.130
0.127	0.001	0.001	0.871
0.091	0.092	0.001	0.816
0.091	0.046	0.699	0.164
0.208	0.001	0.625	0.166
>GTGGAAACGC	20-GTGGAAACGC	9.373027	-22.995111	0	T:64.0(2.46%),B:457.2(0.99%),P:1e-9	Tpos:274.8,Tstd:210.1,Bpos:247.6,Bstd:159.2,StrandBias:0.4,Multiplicity:1.05
0.034	0.038	0.927	0.001
0.139	0.001	0.001	0.859
0.001	0.131	0.867	0.001
0.001	0.033	0.965	0.001
0.997	0.001	0.001	0.001
0.997	0.001	0.001	0.001
0.907	0.001	0.040	0.052
0.082	0.872	0.001	0.045
0.034	0.001	0.857	0.108
0.001	0.740	0.025	0.234
>CWYAGTCATT	21-CWYAGTCATT	6.941085	-19.234841	0	T:56.0(2.16%),B:413.7(0.89%),P:1e-8	Tpos:268.2,Tstd:243.4,Bpos:247.2,Bstd:147.1,StrandBias:-0.4,Multiplicity:1.00
0.200	0.502	0.131	0.167
0.306	0.051	0.234	0.410
0.178	0.341	0.013	0.468
0.670	0.293	0.016	0.021
0.165	0.224	0.503	0.108
0.189	0.027	0.231	0.553
0.194	0.573	0.205	0.028
0.694	0.017	0.010	0.279
0.017	0.167	0.017	0.799
0.122	0.212	0.236	0.430
>CCCGGCATCA	22-CCCGGCATCA	9.409238	-18.384749	0	T:57.0(2.19%),B:435.9(0.94%),P:1e-7	Tpos:285.9,Tstd:245.9,Bpos:245.8,Bstd:139.0,StrandBias:0.4,Multiplicity:1.04
0.001	0.964	0.034	0.001
0.001	0.949	0.049	0.001
0.114	0.884	0.001	0.001
0.001	0.059	0.713	0.227
0.001	0.104	0.627	0.268
0.001	0.871	0.001	0.127
0.790	0.208	0.001	0.001
0.001	0.001	0.001	0.997
0.214	0.514	0.001	0.271
0.811	0.001	0.102	0.086
>ATACCCAATC	23-ATACCCAATC	10.634069	-15.862358	0	T:19.0(0.73%),B:76.9(0.17%),P:1e-6	Tpos:263.1,Tstd:244.5,Bpos:250.6,Bstd:129.9,StrandBias:1.1,Multiplicity:1.16
0.997	0.001	0.001	0.001
0.001	0.001	0.001	0.997
0.831	0.001	0.167	0.001
0.001	0.997	0.001	0.001
0.001	0.705	0.001	0.293
0.297	0.701	0.001	0.001
0.809	0.001	0.075	0.115
0.997	0.001	0.001	0.001
0.001	0.001	0.001	0.997
0.001	0.877	0.121	0.001
>CTCCGCCCCG	24-CTCCGCCCCG	9.906836	-13.626190	0	T:88.0(3.39%),B:909.8(1.96%),P:1e-5	Tpos:400.6,Tstd:265.0,Bpos:241.3,Bstd:174.4,StrandBias:-0.8,Multiplicity:1.11
0.117	0.830	0.016	0.037
0.297	0.001	0.001	0.701
0.001	0.958	0.001	0.040
0.050	0.853	0.096	0.001
0.001	0.001	0.997	0.001
0.001	0.997	0.001	0.001
0.030	0.899	0.001	0.070
0.079	0.866	0.054	0.001
0.001	0.890	0.108	0.001
0.001	0.001	0.997	0.001
>TTAAVAAAAA	25-TTAAVAAAAA	7.660179	-10.373505	0	T:144.0(5.54%),B:1814.8(3.92%),P:1e-4	Tpos:308.1,Tstd:256.3,Bpos:253.8,Bstd:159.6,StrandBias:0.1,Multiplicity:1.09
0.226	0.162	0.210	0.401
0.308	0.114	0.112	0.466
0.479	0.230	0.241	0.050
0.671	0.055	0.138	0.136
0.408	0.268	0.278	0.047
0.817	0.038	0.095	0.050
0.701	0.197	0.044	0.058
0.882	0.034	0.046	0.038
0.693	0.060	0.048	0.199
0.584	0.347	0.043	0.026
