Factor1: 0.9192452536296262
Factor2: 1.0878489674561984
