Factor1: 1.1369621483713828
Factor2: 0.8795367562872964
