Factor1: 0.9355227752271259
Factor2: 1.06892106368786
