>CATCAAAG	1-CATCAAAG	7.312188	-765.104658	0	T:1538.0(31.52%),B:4782.5(10.83%),P:1e-332	Tpos:277.6,Tstd:192.4,Bpos:246.1,Bstd:151.4,StrandBias:0.0,Multiplicity:1.21
0.016	0.714	0.256	0.014
0.717	0.001	0.003	0.279
0.014	0.001	0.001	0.984
0.018	0.916	0.065	0.001
0.997	0.001	0.001	0.001
0.997	0.001	0.001	0.001
0.997	0.001	0.001	0.001
0.026	0.050	0.923	0.001
>ATGAGTCA	2-ATGAGTCA	6.705613	-702.428777	0	T:1275.0(26.13%),B:3606.7(8.17%),P:1e-305	Tpos:264.7,Tstd:172.2,Bpos:246.7,Bstd:153.2,StrandBias:-0.0,Multiplicity:1.21
0.671	0.120	0.154	0.055
0.001	0.001	0.001	0.997
0.001	0.001	0.970	0.028
0.994	0.004	0.001	0.001
0.014	0.288	0.688	0.010
0.001	0.001	0.001	0.997
0.018	0.980	0.001	0.001
0.996	0.001	0.002	0.001
>ATGAVTCA	3-ATGAVTCA	6.064791	-449.939728	0	T:1873.0(38.39%),B:8754.2(19.83%),P:1e-195	Tpos:286.6,Tstd:208.4,Bpos:248.5,Bstd:150.6,StrandBias:0.0,Multiplicity:1.16
0.558	0.001	0.139	0.302
0.001	0.384	0.001	0.614
0.001	0.001	0.723	0.275
0.824	0.166	0.006	0.004
0.324	0.223	0.346	0.107
0.001	0.001	0.001	0.997
0.089	0.783	0.127	0.001
0.618	0.001	0.246	0.135
>AAACCACA	4-AAACCACA	7.700687	-316.476926	0	T:869.0(17.81%),B:3109.1(7.04%),P:1e-137	Tpos:295.3,Tstd:195.7,Bpos:247.7,Bstd:157.0,StrandBias:-0.1,Multiplicity:1.11
0.786	0.001	0.001	0.212
0.997	0.001	0.001	0.001
0.997	0.001	0.001	0.001
0.001	0.997	0.001	0.001
0.001	0.997	0.001	0.001
0.948	0.001	0.050	0.001
0.001	0.997	0.001	0.001
0.871	0.001	0.051	0.077
>ASWGGAAA	5-ASWGGAAA	6.635131	-311.818847	0	T:1839.0(37.69%),B:9707.5(21.98%),P:1e-135	Tpos:282.2,Tstd:200.9,Bpos:248.7,Bstd:149.9,StrandBias:0.0,Multiplicity:1.26
0.918	0.001	0.015	0.066
0.152	0.405	0.393	0.050
0.447	0.140	0.087	0.326
0.016	0.062	0.622	0.300
0.124	0.094	0.593	0.189
0.864	0.091	0.001	0.044
0.914	0.039	0.001	0.046
0.581	0.020	0.240	0.159
>CTTTGAAK	6-CTTTGAAK	6.947754	-197.318306	0	T:1818.0(37.26%),B:10842.6(24.56%),P:1e-85	Tpos:291.9,Tstd:219.8,Bpos:247.9,Bstd:153.8,StrandBias:0.1,Multiplicity:1.22
0.001	0.848	0.150	0.001
0.001	0.001	0.001	0.997
0.001	0.007	0.001	0.991
0.076	0.050	0.001	0.873
0.001	0.074	0.758	0.167
0.629	0.287	0.001	0.083
0.899	0.001	0.099	0.001
0.078	0.001	0.461	0.460
>TTTGATCT	7-TTTGATCT	7.098699	-191.236711	0	T:1308.0(26.81%),B:7016.6(15.89%),P:1e-83	Tpos:279.1,Tstd:200.1,Bpos:249.3,Bstd:150.6,StrandBias:-0.1,Multiplicity:1.18
0.017	0.040	0.001	0.942
0.018	0.109	0.001	0.872
0.047	0.023	0.001	0.929
0.059	0.001	0.817	0.123
0.843	0.001	0.001	0.155
0.001	0.001	0.001	0.997
0.030	0.847	0.022	0.101
0.018	0.001	0.001	0.980
>YATCAAAG	8-YATCAAAG	7.205179	-183.472645	0	T:1053.0(21.58%),B:5270.4(11.94%),P:1e-79	Tpos:275.8,Tstd:196.8,Bpos:249.8,Bstd:154.8,StrandBias:-0.0,Multiplicity:1.09
0.051	0.473	0.066	0.410
0.733	0.116	0.076	0.075
0.231	0.049	0.131	0.589
0.160	0.693	0.059	0.088
0.870	0.001	0.050	0.079
0.950	0.001	0.043	0.006
0.851	0.147	0.001	0.001
0.001	0.028	0.928	0.043
>CCACATCA	9-CCACATCA	8.479055	-183.102295	0	T:358.0(7.34%),B:1002.0(2.27%),P:1e-79	Tpos:272.9,Tstd:176.7,Bpos:247.1,Bstd:146.4,StrandBias:-0.0,Multiplicity:1.05
0.001	0.997	0.001	0.001
0.001	0.997	0.001	0.001
0.997	0.001	0.001	0.001
0.001	0.997	0.001	0.001
0.923	0.001	0.075	0.001
0.001	0.001	0.001	0.997
0.001	0.997	0.001	0.001
0.997	0.001	0.001	0.001
>ACATCCTG	10-ACATCCTG	6.657446	-176.211144	0	T:897.0(18.38%),B:4267.1(9.66%),P:1e-76	Tpos:287.4,Tstd:207.3,Bpos:246.1,Bstd:149.8,StrandBias:-0.1,Multiplicity:1.10
0.997	0.001	0.001	0.001
0.001	0.997	0.001	0.001
0.956	0.001	0.001	0.042
0.001	0.001	0.001	0.997
0.001	0.997	0.001	0.001
0.001	0.997	0.001	0.001
0.001	0.001	0.001	0.997
0.001	0.288	0.710	0.001
>CTTTCATT	11-CTTTCATT	6.328912	-165.270632	0	T:1894.0(38.82%),B:11903.2(26.96%),P:1e-71	Tpos:297.5,Tstd:222.3,Bpos:245.1,Bstd:152.7,StrandBias:-0.1,Multiplicity:1.28
0.001	0.842	0.156	0.001
0.027	0.001	0.058	0.914
0.057	0.001	0.001	0.941
0.061	0.001	0.001	0.937
0.001	0.884	0.114	0.001
0.845	0.001	0.153	0.001
0.166	0.198	0.193	0.443
0.082	0.258	0.200	0.460
>GTAGGCGG	12-GTAGGCGG	5.986592	-156.003116	0	T:1688.0(34.60%),B:10381.1(23.51%),P:1e-67	Tpos:311.6,Tstd:240.6,Bpos:246.4,Bstd:150.6,StrandBias:-0.1,Multiplicity:1.31
0.001	0.001	0.945	0.053
0.001	0.028	0.126	0.845
0.717	0.001	0.281	0.001
0.001	0.001	0.997	0.001
0.001	0.022	0.963	0.014
0.126	0.772	0.001	0.101
0.001	0.001	0.913	0.085
0.081	0.001	0.878	0.040
>ATTTGCAT	13-ATTTGCAT	8.236954	-151.613453	0	T:325.0(6.66%),B:968.1(2.19%),P:1e-65	Tpos:265.3,Tstd:179.9,Bpos:247.5,Bstd:147.5,StrandBias:-0.0,Multiplicity:1.06
0.700	0.100	0.100	0.100
0.100	0.100	0.100	0.700
0.100	0.100	0.100	0.700
0.100	0.100	0.100	0.700
0.100	0.100	0.700	0.100
0.100	0.700	0.100	0.100
0.700	0.100	0.100	0.100
0.100	0.100	0.100	0.700
>TAACCACA	14-TAACCACA	7.770317	-133.207177	0	T:730.0(14.96%),B:3540.6(8.02%),P:1e-57	Tpos:286.6,Tstd:198.2,Bpos:241.6,Bstd:151.1,StrandBias:-0.0,Multiplicity:1.05
0.001	0.259	0.222	0.518
0.851	0.001	0.001	0.147
0.979	0.001	0.001	0.019
0.001	0.997	0.001	0.001
0.056	0.897	0.046	0.001
0.804	0.001	0.078	0.117
0.001	0.997	0.001	0.001
0.803	0.001	0.195	0.001
>GGGGGRGG	15-GGGGGRGG	6.532339	-129.934795	0	T:1545.0(31.67%),B:9637.7(21.83%),P:1e-56	Tpos:307.6,Tstd:245.1,Bpos:245.6,Bstd:144.1,StrandBias:0.1,Multiplicity:1.51
0.117	0.011	0.844	0.028
0.088	0.001	0.601	0.310
0.085	0.050	0.816	0.049
0.174	0.028	0.712	0.086
0.149	0.026	0.802	0.023
0.276	0.070	0.410	0.244
0.107	0.024	0.799	0.070
0.097	0.029	0.793	0.081
>AAYGGAAA	16-AAYGGAAA	6.378759	-124.059532	0	T:1519.0(31.13%),B:9523.6(21.57%),P:1e-53	Tpos:298.2,Tstd:221.1,Bpos:246.5,Bstd:150.3,StrandBias:0.1,Multiplicity:1.20
0.918	0.029	0.030	0.023
0.789	0.076	0.061	0.074
0.116	0.488	0.054	0.342
0.001	0.049	0.949	0.001
0.001	0.001	0.997	0.001
0.963	0.001	0.001	0.035
0.997	0.001	0.001	0.001
0.961	0.010	0.028	0.001
>STTTTGAA	17-STTTTGAA	6.268097	-107.188485	0	T:1308.0(26.81%),B:8128.0(18.41%),P:1e-46	Tpos:282.1,Tstd:202.2,Bpos:244.4,Bstd:155.0,StrandBias:-0.0,Multiplicity:1.19
0.071	0.386	0.478	0.065
0.001	0.001	0.009	0.989
0.015	0.001	0.024	0.960
0.284	0.087	0.083	0.546
0.003	0.346	0.062	0.589
0.036	0.212	0.738	0.014
0.693	0.197	0.062	0.048
0.437	0.258	0.065	0.240
>CTTAGTCA	18-CTTAGTCA	7.140163	-84.888010	0	T:582.0(11.93%),B:3028.3(6.86%),P:1e-36	Tpos:271.9,Tstd:190.0,Bpos:255.3,Bstd:152.5,StrandBias:-0.2,Multiplicity:1.14
0.001	0.705	0.155	0.139
0.001	0.001	0.027	0.971
0.099	0.001	0.001	0.899
0.997	0.001	0.001	0.001
0.001	0.144	0.854	0.001
0.001	0.001	0.001	0.997
0.001	0.997	0.001	0.001
0.997	0.001	0.001	0.001
>GRATTTCC	19-GRATTTCC	9.070653	-62.085122	0	T:482.0(9.88%),B:2599.6(5.89%),P:1e-26	Tpos:282.9,Tstd:192.6,Bpos:244.8,Bstd:144.2,StrandBias:0.1,Multiplicity:1.06
0.001	0.001	0.997	0.001
0.547	0.001	0.451	0.001
0.452	0.299	0.247	0.001
0.001	0.001	0.001	0.997
0.001	0.001	0.001	0.997
0.001	0.001	0.001	0.997
0.001	0.997	0.001	0.001
0.001	0.997	0.001	0.001
>AGSTGTCA	20-AGSTGTCA	6.532071	-51.769465	0	T:1640.0(33.61%),B:12005.3(27.19%),P:1e-22	Tpos:286.7,Tstd:206.9,Bpos:247.3,Bstd:154.6,StrandBias:-0.1,Multiplicity:1.28
0.810	0.001	0.188	0.001
0.005	0.305	0.487	0.203
0.001	0.539	0.410	0.050
0.001	0.352	0.001	0.646
0.001	0.223	0.775	0.001
0.267	0.001	0.259	0.473
0.004	0.895	0.001	0.100
0.994	0.001	0.004	0.001
>AATGACTG	21-AATGACTG	8.780335	-51.061029	0	T:349.0(7.15%),B:1806.2(4.09%),P:1e-22	Tpos:260.2,Tstd:218.8,Bpos:243.5,Bstd:153.7,StrandBias:0.3,Multiplicity:1.14
0.697	0.001	0.001	0.301
0.997	0.001	0.001	0.001
0.001	0.001	0.001	0.997
0.001	0.001	0.997	0.001
0.997	0.001	0.001	0.001
0.001	0.997	0.001	0.001
0.001	0.001	0.001	0.997
0.145	0.001	0.853	0.001
>GAAACCCC	22-GAAACCCC	7.314205	-50.617876	0	T:690.0(14.14%),B:4306.3(9.75%),P:1e-21	Tpos:275.3,Tstd:200.3,Bpos:244.5,Bstd:150.8,StrandBias:0.0,Multiplicity:1.08
0.175	0.001	0.823	0.001
0.997	0.001	0.001	0.001
0.997	0.001	0.001	0.001
0.919	0.001	0.001	0.079
0.162	0.726	0.111	0.001
0.001	0.997	0.001	0.001
0.001	0.890	0.001	0.108
0.001	0.997	0.001	0.001
>TWACGTCA	23-TWACGTCA	8.026053	-44.122040	0	T:453.0(9.28%),B:2637.3(5.97%),P:1e-19	Tpos:282.8,Tstd:236.9,Bpos:247.2,Bstd:155.1,StrandBias:0.1,Multiplicity:1.12
0.114	0.020	0.001	0.865
0.327	0.001	0.249	0.423
0.688	0.001	0.284	0.027
0.001	0.997	0.001	0.001
0.356	0.001	0.563	0.080
0.001	0.001	0.001	0.997
0.001	0.893	0.105	0.001
0.997	0.001	0.001	0.001
>ACACCCAC	24-ACACCCAC	8.801211	-44.047801	0	T:397.0(8.14%),B:2232.3(5.06%),P:1e-19	Tpos:292.5,Tstd:216.9,Bpos:244.4,Bstd:154.1,StrandBias:-0.1,Multiplicity:1.07
0.839	0.001	0.001	0.159
0.001	0.997	0.001	0.001
0.997	0.001	0.001	0.001
0.001	0.997	0.001	0.001
0.001	0.875	0.123	0.001
0.001	0.997	0.001	0.001
0.997	0.001	0.001	0.001
0.001	0.997	0.001	0.001
>CTCTGAAG	25-CTCTGAAG	8.244873	-40.986796	0	T:871.0(17.85%),B:5924.3(13.42%),P:1e-17	Tpos:283.7,Tstd:215.1,Bpos:244.4,Bstd:152.0,StrandBias:0.0,Multiplicity:1.13
0.001	0.997	0.001	0.001
0.001	0.001	0.001	0.997
0.001	0.997	0.001	0.001
0.001	0.001	0.001	0.997
0.001	0.001	0.900	0.098
0.744	0.254	0.001	0.001
0.809	0.001	0.189	0.001
0.001	0.001	0.997	0.001
