>VACATCAAAG	1-VACATCAAAG	7.526140	-960.709149	0	T:1699.0(34.82%),B:4897.9(11.09%),P:1e-417	Tpos:279.1,Tstd:188.5,Bpos:248.5,Bstd:152.6,StrandBias:0.1,Multiplicity:1.26
0.304	0.314	0.228	0.155
0.782	0.027	0.075	0.116
0.021	0.702	0.254	0.023
0.674	0.016	0.022	0.288
0.040	0.001	0.001	0.958
0.025	0.880	0.094	0.001
0.970	0.005	0.006	0.019
0.963	0.011	0.020	0.006
0.914	0.015	0.052	0.019
0.081	0.069	0.840	0.010
>TGASTCATMG	2-TGASTCATMG	6.579380	-711.835148	0	T:1388.0(28.45%),B:4172.6(9.45%),P:1e-309	Tpos:266.4,Tstd:174.4,Bpos:245.9,Bstd:151.9,StrandBias:0.0,Multiplicity:1.24
0.037	0.037	0.026	0.900
0.036	0.035	0.842	0.087
0.873	0.042	0.040	0.045
0.050	0.514	0.374	0.062
0.045	0.032	0.046	0.877
0.091	0.826	0.046	0.037
0.883	0.038	0.036	0.043
0.092	0.205	0.214	0.489
0.273	0.415	0.085	0.226
0.185	0.225	0.380	0.209
>CCTTTGAWST	3-CCTTTGAWST	6.402707	-637.992956	0	T:2820.0(57.80%),B:14529.9(32.91%),P:1e-277	Tpos:283.2,Tstd:206.4,Bpos:246.5,Bstd:151.5,StrandBias:-0.0,Multiplicity:1.34
0.010	0.435	0.281	0.273
0.010	0.588	0.195	0.207
0.052	0.080	0.001	0.867
0.001	0.122	0.001	0.876
0.001	0.001	0.001	0.997
0.087	0.123	0.703	0.087
0.841	0.076	0.001	0.082
0.468	0.001	0.001	0.530
0.125	0.373	0.410	0.092
0.288	0.131	0.133	0.448
>VACAGGAAGT	4-VACAGGAAGT	8.168327	-420.390502	0	T:1416.0(29.02%),B:5843.4(13.23%),P:1e-182	Tpos:285.7,Tstd:202.1,Bpos:247.9,Bstd:148.7,StrandBias:0.0,Multiplicity:1.17
0.300	0.261	0.327	0.113
0.802	0.001	0.196	0.001
0.071	0.759	0.107	0.063
0.997	0.001	0.001	0.001
0.001	0.001	0.997	0.001
0.001	0.001	0.991	0.007
0.997	0.001	0.001	0.001
0.889	0.001	0.009	0.101
0.298	0.001	0.700	0.001
0.065	0.333	0.056	0.546
>CCACATCAAA	5-CCACATCAAA	8.355526	-396.357856	0	T:602.0(12.34%),B:1400.9(3.17%),P:1e-172	Tpos:283.7,Tstd:186.1,Bpos:246.1,Bstd:139.3,StrandBias:-0.1,Multiplicity:1.04
0.001	0.997	0.001	0.001
0.001	0.997	0.001	0.001
0.983	0.001	0.009	0.007
0.001	0.985	0.001	0.013
0.960	0.001	0.038	0.001
0.098	0.017	0.001	0.884
0.038	0.822	0.049	0.091
0.920	0.001	0.001	0.078
0.651	0.157	0.161	0.031
0.822	0.019	0.033	0.126
>HSAAACCACA	6-HSAAACCACA	7.793502	-341.018505	0	T:987.0(20.23%),B:3663.2(8.30%),P:1e-148	Tpos:292.5,Tstd:195.1,Bpos:247.5,Bstd:154.6,StrandBias:-0.1,Multiplicity:1.10
0.313	0.288	0.162	0.237
0.209	0.246	0.363	0.182
0.582	0.085	0.073	0.260
0.943	0.038	0.001	0.018
0.892	0.038	0.069	0.001
0.001	0.979	0.019	0.001
0.001	0.997	0.001	0.001
0.818	0.001	0.180	0.001
0.027	0.971	0.001	0.001
0.559	0.001	0.159	0.281
>GGGRATTYCC	7-GGGRATTYCC	9.708678	-254.863524	0	T:350.0(7.17%),B:732.3(1.66%),P:1e-110	Tpos:279.5,Tstd:182.0,Bpos:247.0,Bstd:139.7,StrandBias:-0.2,Multiplicity:1.06
0.013	0.007	0.846	0.134
0.009	0.001	0.989	0.001
0.001	0.026	0.850	0.123
0.452	0.019	0.504	0.025
0.388	0.200	0.230	0.182
0.353	0.001	0.001	0.645
0.014	0.051	0.013	0.922
0.005	0.512	0.017	0.466
0.005	0.975	0.001	0.019
0.005	0.993	0.001	0.001
>GTGTGGGTGG	8-GTGTGGGTGG	8.328885	-179.036494	0	T:773.0(15.84%),B:3424.5(7.76%),P:1e-77	Tpos:280.0,Tstd:194.6,Bpos:249.8,Bstd:148.4,StrandBias:-0.2,Multiplicity:1.05
0.315	0.036	0.648	0.001
0.184	0.206	0.105	0.505
0.001	0.001	0.997	0.001
0.001	0.001	0.001	0.997
0.191	0.001	0.807	0.001
0.001	0.083	0.845	0.071
0.001	0.001	0.997	0.001
0.171	0.213	0.001	0.615
0.022	0.021	0.763	0.194
0.043	0.001	0.720	0.236
>KATTTGCATA	9-KATTTGCATA	10.488189	-166.712819	0	T:182.0(3.73%),B:300.8(0.68%),P:1e-72	Tpos:269.4,Tstd:185.9,Bpos:247.2,Bstd:141.5,StrandBias:0.0,Multiplicity:1.04
0.194	0.176	0.383	0.248
0.869	0.027	0.004	0.100
0.004	0.005	0.001	0.990
0.001	0.007	0.001	0.991
0.001	0.001	0.001	0.997
0.006	0.001	0.992	0.001
0.006	0.992	0.001	0.001
0.997	0.001	0.001	0.001
0.001	0.001	0.001	0.997
0.934	0.001	0.053	0.012
>CTTTCACTTT	10-CTTTCACTTT	7.449937	-120.334786	0	T:1100.0(22.55%),B:6336.1(14.35%),P:1e-52	Tpos:298.4,Tstd:213.3,Bpos:245.3,Bstd:154.2,StrandBias:0.1,Multiplicity:1.21
0.029	0.715	0.211	0.045
0.092	0.026	0.030	0.852
0.029	0.043	0.055	0.873
0.030	0.045	0.026	0.899
0.052	0.841	0.082	0.025
0.729	0.047	0.085	0.139
0.063	0.685	0.117	0.135
0.073	0.039	0.042	0.846
0.061	0.054	0.080	0.805
0.062	0.139	0.038	0.761
>TGGAAACTAT	11-TGGAAACTAT	8.023458	-113.604221	0	T:705.0(14.45%),B:3566.1(8.08%),P:1e-49	Tpos:281.7,Tstd:209.8,Bpos:244.7,Bstd:147.9,StrandBias:-0.1,Multiplicity:1.08
0.078	0.104	0.001	0.817
0.001	0.098	0.870	0.031
0.001	0.034	0.942	0.023
0.872	0.082	0.001	0.045
0.963	0.001	0.035	0.001
0.997	0.001	0.001	0.001
0.213	0.504	0.116	0.167
0.246	0.064	0.092	0.598
0.501	0.213	0.119	0.167
0.256	0.001	0.001	0.742
>GCTGTTTMCA	12-GCTGTTTMCA	6.996451	-72.498416	0	T:1716.0(35.17%),B:12124.1(27.46%),P:1e-31	Tpos:293.2,Tstd:215.1,Bpos:249.2,Bstd:153.2,StrandBias:-0.0,Multiplicity:1.29
0.106	0.060	0.645	0.189
0.047	0.859	0.093	0.001
0.285	0.005	0.046	0.664
0.010	0.044	0.918	0.028
0.025	0.322	0.001	0.652
0.020	0.001	0.001	0.978
0.004	0.001	0.383	0.612
0.374	0.304	0.190	0.131
0.001	0.639	0.001	0.359
0.712	0.001	0.003	0.284
>GGGGGGGGGG	13-GGGGGGGGGG	6.404373	-71.253604	0	T:1792.0(36.73%),B:12795.9(28.98%),P:1e-30	Tpos:314.8,Tstd:245.4,Bpos:245.5,Bstd:145.3,StrandBias:0.1,Multiplicity:1.69
0.100	0.100	0.700	0.100
0.100	0.100	0.700	0.100
0.100	0.100	0.700	0.100
0.100	0.100	0.700	0.100
0.100	0.100	0.700	0.100
0.100	0.100	0.700	0.100
0.100	0.100	0.700	0.100
0.100	0.100	0.700	0.100
0.100	0.100	0.700	0.100
0.100	0.100	0.700	0.100
>ATTTGCATGT	14-ATTTGCATGT	8.754841	-62.408123	0	T:239.0(4.90%),B:987.2(2.24%),P:1e-27	Tpos:257.5,Tstd:174.4,Bpos:242.8,Bstd:149.1,StrandBias:-0.0,Multiplicity:1.02
0.820	0.161	0.001	0.018
0.001	0.001	0.001	0.997
0.001	0.001	0.001	0.997
0.001	0.001	0.001	0.997
0.001	0.001	0.997	0.001
0.001	0.997	0.001	0.001
0.997	0.001	0.001	0.001
0.001	0.001	0.001	0.997
0.001	0.209	0.486	0.304
0.263	0.030	0.001	0.706
>GGAAAGTACC	15-GGAAAGTACC	9.119161	-58.412920	0	T:158.0(3.24%),B:546.6(1.24%),P:1e-25	Tpos:259.8,Tstd:179.8,Bpos:243.7,Bstd:145.2,StrandBias:0.3,Multiplicity:1.00
0.032	0.001	0.966	0.001
0.093	0.001	0.885	0.021
0.974	0.001	0.024	0.001
0.997	0.001	0.001	0.001
0.988	0.001	0.001	0.010
0.001	0.102	0.806	0.091
0.001	0.148	0.041	0.810
0.926	0.001	0.072	0.001
0.111	0.887	0.001	0.001
0.077	0.856	0.001	0.066
>GTTTGCGTCA	16-GTTTGCGTCA	7.403185	-50.110079	0	T:199.0(4.08%),B:837.7(1.90%),P:1e-21	Tpos:300.3,Tstd:208.3,Bpos:252.8,Bstd:150.8,StrandBias:0.0,Multiplicity:1.03
0.084	0.056	0.792	0.068
0.139	0.088	0.071	0.702
0.098	0.112	0.038	0.752
0.043	0.095	0.058	0.804
0.050	0.095	0.832	0.023
0.025	0.883	0.035	0.057
0.103	0.067	0.802	0.028
0.089	0.035	0.034	0.842
0.101	0.790	0.049	0.060
0.808	0.039	0.060	0.093
>TTTGTTTTGA	17-TTTGTTTTGA	10.231525	-48.307818	0	T:152.0(3.12%),B:572.8(1.30%),P:1e-20	Tpos:272.0,Tstd:250.1,Bpos:250.7,Bstd:155.5,StrandBias:0.1,Multiplicity:1.00
0.001	0.092	0.038	0.869
0.001	0.001	0.001	0.997
0.001	0.001	0.001	0.997
0.001	0.001	0.997	0.001
0.064	0.001	0.001	0.934
0.001	0.001	0.001	0.997
0.071	0.096	0.001	0.832
0.001	0.085	0.001	0.913
0.001	0.001	0.997	0.001
0.997	0.001	0.001	0.001
>ACCTCAAAGG	18-ACCTCAAAGG	8.256777	-40.882157	0	T:246.0(5.04%),B:1221.0(2.77%),P:1e-17	Tpos:297.3,Tstd:244.4,Bpos:248.4,Bstd:155.1,StrandBias:-0.2,Multiplicity:1.04
0.900	0.001	0.038	0.061
0.054	0.894	0.030	0.022
0.001	0.985	0.013	0.001
0.091	0.001	0.097	0.811
0.026	0.947	0.026	0.001
0.814	0.056	0.129	0.001
0.962	0.001	0.036	0.001
0.981	0.017	0.001	0.001
0.032	0.001	0.966	0.001
0.120	0.029	0.850	0.001
>CACTTCCTCC	19-CACTTCCTCC	9.376060	-38.767511	0	T:148.0(3.03%),B:614.9(1.39%),P:1e-16	Tpos:268.5,Tstd:177.8,Bpos:241.5,Bstd:149.4,StrandBias:0.1,Multiplicity:1.00
0.125	0.873	0.001	0.001
0.997	0.001	0.001	0.001
0.001	0.760	0.001	0.238
0.173	0.001	0.019	0.807
0.001	0.001	0.001	0.997
0.028	0.970	0.001	0.001
0.001	0.997	0.001	0.001
0.001	0.001	0.022	0.976
0.001	0.997	0.001	0.001
0.001	0.997	0.001	0.001
>TTAGCAGACG	20-TTAGCAGACG	9.954903	-25.856213	0	T:28.0(0.57%),B:49.2(0.11%),P:1e-11	Tpos:256.7,Tstd:131.9,Bpos:261.3,Bstd:163.2,StrandBias:0.3,Multiplicity:1.00
0.093	0.339	0.001	0.567
0.001	0.001	0.226	0.772
0.797	0.201	0.001	0.001
0.091	0.001	0.746	0.162
0.001	0.875	0.123	0.001
0.837	0.161	0.001	0.001
0.293	0.001	0.705	0.001
0.997	0.001	0.001	0.001
0.001	0.997	0.001	0.001
0.001	0.001	0.997	0.001
>GTCATACCCA	21-GTCATACCCA	-3.549150	-21.552927	0	T:1764.0(36.15%),B:14133.3(32.01%),P:1e-9	Tpos:286.4,Tstd:222.4,Bpos:247.2,Bstd:148.6,StrandBias:-0.1,Multiplicity:1.28
0.001	0.001	0.997	0.001
0.001	0.001	0.001	0.997
0.001	0.997	0.001	0.001
0.997	0.001	0.001	0.001
0.001	0.001	0.001	0.997
0.997	0.001	0.001	0.001
0.001	0.997	0.001	0.001
0.001	0.970	0.028	0.001
0.001	0.997	0.001	0.001
0.997	0.001	0.001	0.001
>GTGATGTTAC	22-GTGATGTTAC	6.404373	-17.990200	0	T:1363.0(27.94%),B:10804.3(24.47%),P:1e-7	Tpos:281.2,Tstd:213.8,Bpos:248.7,Bstd:150.7,StrandBias:0.0,Multiplicity:1.22
0.100	0.100	0.700	0.100
0.100	0.100	0.100	0.700
0.100	0.100	0.700	0.100
0.700	0.100	0.100	0.100
0.100	0.100	0.100	0.700
0.100	0.100	0.700	0.100
0.100	0.100	0.100	0.700
0.100	0.100	0.100	0.700
0.700	0.100	0.100	0.100
0.100	0.700	0.100	0.100
>TCACATGGCG	23-TCACATGGCG	13.440163	-13.490189	0	T:6.0(0.12%),B:3.4(0.01%),P:1e-5	Tpos:252.8,Tstd:127.9,Bpos:0.0,Bstd:0.0,StrandBias:2.3,Multiplicity:1.00
0.001	0.001	0.001	0.997
0.001	0.914	0.084	0.001
0.997	0.001	0.001	0.001
0.001	0.997	0.001	0.001
0.997	0.001	0.001	0.001
0.117	0.001	0.001	0.881
0.001	0.001	0.997	0.001
0.084	0.001	0.831	0.084
0.001	0.997	0.001	0.001
0.001	0.001	0.997	0.001
>CGGATAGAAG	24-CGGATAGAAG	10.296193	-12.521123	0	T:5.0(0.10%),B:2.2(0.01%),P:1e-5	Tpos:302.8,Tstd:191.8,Bpos:302.4,Bstd:139.6,StrandBias:0.6,Multiplicity:1.00
0.100	0.700	0.100	0.100
0.100	0.100	0.700	0.100
0.100	0.100	0.700	0.100
0.700	0.100	0.100	0.100
0.100	0.100	0.100	0.700
0.700	0.100	0.100	0.100
0.100	0.100	0.700	0.100
0.700	0.100	0.100	0.100
0.700	0.100	0.100	0.100
0.100	0.100	0.700	0.100
>CGCTACTGTC	25-CGCTACTGTC	10.296193	-10.612895	0	T:6.0(0.12%),B:5.4(0.01%),P:1e-4	Tpos:262.2,Tstd:191.7,Bpos:210.4,Bstd:83.7,StrandBias:0.0,Multiplicity:1.00
0.100	0.700	0.100	0.100
0.100	0.100	0.700	0.100
0.100	0.700	0.100	0.100
0.100	0.100	0.100	0.700
0.700	0.100	0.100	0.100
0.100	0.700	0.100	0.100
0.100	0.100	0.100	0.700
0.100	0.100	0.700	0.100
0.100	0.100	0.100	0.700
0.100	0.700	0.100	0.100
>CTTTGATGTBNN	1-CTTTGATGTBNN	7.811713	-963.806090	0	T:1599.0(32.77%),B:4350.7(9.85%),P:1e-418	Tpos:279.6,Tstd:186.4,Bpos:248.3,Bstd:152.0,StrandBias:-0.0,Multiplicity:1.24
0.018	0.749	0.086	0.147
0.017	0.062	0.001	0.920
0.001	0.086	0.065	0.848
0.005	0.001	0.001	0.993
0.023	0.182	0.711	0.084
0.888	0.014	0.001	0.097
0.311	0.001	0.025	0.663
0.009	0.347	0.618	0.026
0.156	0.129	0.019	0.696
0.142	0.225	0.307	0.326
0.234	0.194	0.314	0.258
0.231	0.285	0.195	0.290
>GNDATGASTCAT	2-GNDATGASTCAT	6.820253	-725.867470	0	T:1308.0(26.81%),B:3690.5(8.36%),P:1e-315	Tpos:266.1,Tstd:172.6,Bpos:247.5,Bstd:151.2,StrandBias:0.0,Multiplicity:1.22
0.211	0.198	0.387	0.204
0.255	0.213	0.216	0.316
0.248	0.090	0.288	0.375
0.464	0.226	0.209	0.100
0.008	0.001	0.001	0.990
0.004	0.001	0.967	0.028
0.969	0.004	0.006	0.021
0.025	0.498	0.455	0.022
0.016	0.008	0.003	0.973
0.060	0.915	0.017	0.008
0.972	0.007	0.003	0.018
0.060	0.262	0.201	0.477
>AACCACAWVANA	3-AACCACAWVANA	7.207169	-502.039985	0	T:729.0(14.94%),B:1646.3(3.73%),P:1e-218	Tpos:286.4,Tstd:187.3,Bpos:251.6,Bstd:150.1,StrandBias:-0.2,Multiplicity:1.06
0.431	0.130	0.219	0.221
0.471	0.242	0.265	0.022
0.035	0.888	0.035	0.042
0.127	0.814	0.015	0.044
0.710	0.027	0.011	0.252
0.111	0.820	0.040	0.029
0.548	0.152	0.049	0.251
0.294	0.119	0.200	0.387
0.241	0.350	0.230	0.180
0.501	0.183	0.030	0.286
0.339	0.210	0.255	0.196
0.414	0.140	0.193	0.253
>DVACAGGAAGYN	4-DVACAGGAAGYN	7.485776	-406.519877	0	T:2157.0(44.21%),B:11233.4(25.44%),P:1e-176	Tpos:285.7,Tstd:208.6,Bpos:248.7,Bstd:148.6,StrandBias:-0.0,Multiplicity:1.34
0.365	0.159	0.240	0.236
0.317	0.207	0.345	0.130
0.653	0.018	0.328	0.001
0.209	0.454	0.249	0.089
0.997	0.001	0.001	0.001
0.044	0.001	0.954	0.001
0.172	0.001	0.814	0.013
0.996	0.001	0.001	0.002
0.734	0.001	0.002	0.263
0.326	0.127	0.546	0.001
0.084	0.366	0.080	0.470
0.229	0.279	0.304	0.188
>GTTTGATGTGGC	5-GTTTGATGTGGC	6.695182	-269.134732	0	T:1644.0(33.70%),B:8674.0(19.64%),P:1e-116	Tpos:282.0,Tstd:212.0,Bpos:246.8,Bstd:152.3,StrandBias:-0.1,Multiplicity:1.15
0.072	0.140	0.627	0.161
0.032	0.110	0.062	0.796
0.001	0.119	0.103	0.777
0.078	0.001	0.047	0.874
0.113	0.145	0.677	0.065
0.635	0.222	0.079	0.064
0.108	0.001	0.177	0.714
0.047	0.060	0.791	0.102
0.167	0.001	0.001	0.831
0.077	0.001	0.806	0.116
0.086	0.146	0.646	0.122
0.096	0.643	0.155	0.106
>GCTTCAAAGAAA	6-GCTTCAAAGAAA	6.794051	-220.508650	0	T:1911.0(39.17%),B:11282.2(25.55%),P:1e-95	Tpos:285.0,Tstd:214.6,Bpos:244.0,Bstd:153.1,StrandBias:-0.1,Multiplicity:1.23
0.102	0.099	0.714	0.085
0.069	0.760	0.089	0.082
0.099	0.070	0.036	0.795
0.100	0.060	0.094	0.746
0.092	0.740	0.079	0.089
0.798	0.059	0.035	0.108
0.737	0.077	0.100	0.086
0.821	0.031	0.080	0.068
0.094	0.101	0.724	0.081
0.736	0.100	0.091	0.073
0.703	0.105	0.102	0.090
0.727	0.092	0.094	0.087
>NHNAGTCAYYYC	7-NHNAGTCAYYYC	5.535450	-213.831198	0	T:2764.0(56.65%),B:18562.8(42.04%),P:1e-92	Tpos:284.7,Tstd:211.8,Bpos:247.1,Bstd:153.2,StrandBias:-0.0,Multiplicity:1.39
0.294	0.290	0.166	0.250
0.363	0.215	0.162	0.259
0.268	0.295	0.229	0.208
0.607	0.329	0.019	0.045
0.001	0.013	0.975	0.011
0.034	0.001	0.001	0.964
0.001	0.997	0.001	0.001
0.978	0.007	0.001	0.014
0.028	0.296	0.261	0.415
0.027	0.513	0.058	0.402
0.197	0.244	0.187	0.372
0.158	0.399	0.210	0.233
>KGGGAAATCCCC	8-KGGGAAATCCCC	8.345344	-200.686944	0	T:604.0(12.38%),B:2236.1(5.06%),P:1e-87	Tpos:284.7,Tstd:198.0,Bpos:242.3,Bstd:138.4,StrandBias:0.1,Multiplicity:1.11
0.166	0.008	0.454	0.371
0.140	0.001	0.719	0.140
0.001	0.001	0.997	0.001
0.372	0.008	0.616	0.004
0.665	0.001	0.333	0.001
0.985	0.010	0.004	0.001
0.589	0.095	0.235	0.081
0.167	0.247	0.156	0.430
0.123	0.531	0.001	0.345
0.099	0.899	0.001	0.001
0.022	0.915	0.001	0.062
0.166	0.586	0.033	0.215
>BTGATTTGCATA	9-BTGATTTGCATA	9.984028	-192.738524	0	T:244.0(5.00%),B:470.7(1.07%),P:1e-83	Tpos:270.6,Tstd:183.8,Bpos:245.7,Bstd:143.3,StrandBias:-0.1,Multiplicity:1.03
0.138	0.267	0.372	0.223
0.294	0.093	0.102	0.511
0.244	0.129	0.444	0.183
0.744	0.097	0.038	0.121
0.001	0.013	0.001	0.985
0.013	0.041	0.001	0.945
0.013	0.001	0.001	0.985
0.031	0.013	0.955	0.001
0.027	0.971	0.001	0.001
0.975	0.001	0.001	0.023
0.001	0.023	0.035	0.941
0.793	0.030	0.129	0.048
>TGGAAANWDTGA	10-TGGAAANWDTGA	9.584886	-150.120940	0	T:271.0(5.55%),B:712.7(1.61%),P:1e-65	Tpos:267.7,Tstd:163.9,Bpos:254.6,Bstd:145.7,StrandBias:0.1,Multiplicity:1.03
0.259	0.041	0.024	0.676
0.002	0.004	0.947	0.047
0.041	0.049	0.857	0.053
0.860	0.045	0.040	0.055
0.914	0.027	0.037	0.022
0.859	0.070	0.039	0.032
0.331	0.257	0.187	0.225
0.365	0.039	0.222	0.374
0.355	0.136	0.282	0.227
0.047	0.053	0.033	0.867
0.035	0.066	0.525	0.374
0.797	0.062	0.064	0.077
>YMCCRCCCACAC	11-YMCCRCCCACAC	9.040943	-147.216535	0	T:609.0(12.48%),B:2628.2(5.95%),P:1e-63	Tpos:288.0,Tstd:220.1,Bpos:247.7,Bstd:147.4,StrandBias:0.2,Multiplicity:1.08
0.100	0.400	0.204	0.296
0.390	0.414	0.001	0.195
0.190	0.808	0.001	0.001
0.228	0.770	0.001	0.001
0.506	0.001	0.444	0.049
0.001	0.997	0.001	0.001
0.059	0.879	0.061	0.001
0.013	0.895	0.001	0.091
0.807	0.126	0.001	0.066
0.001	0.997	0.001	0.001
0.512	0.055	0.136	0.297
0.001	0.844	0.154	0.001
>TCATAACGAAAC	12-TCATAACGAAAC	7.096612	-104.190595	0	T:881.0(18.06%),B:4928.6(11.16%),P:1e-45	Tpos:278.1,Tstd:195.0,Bpos:249.4,Bstd:152.5,StrandBias:0.0,Multiplicity:1.11
0.058	0.063	0.056	0.823
0.084	0.765	0.086	0.065
0.850	0.044	0.019	0.087
0.121	0.077	0.090	0.712
0.791	0.075	0.071	0.063
0.770	0.073	0.085	0.072
0.172	0.551	0.123	0.154
0.191	0.108	0.593	0.108
0.797	0.065	0.071	0.067
0.795	0.078	0.076	0.051
0.813	0.052	0.088	0.047
0.089	0.740	0.101	0.070
>GGGGGGGGGGGG	13-GGGGGGGGGGGG	8.043283	-98.190729	0	T:1145.0(23.47%),B:7002.3(15.86%),P:1e-42	Tpos:298.2,Tstd:235.5,Bpos:245.6,Bstd:139.9,StrandBias:0.2,Multiplicity:1.25
0.127	0.006	0.703	0.164
0.001	0.005	0.636	0.358
0.003	0.001	0.796	0.200
0.067	0.001	0.647	0.285
0.152	0.001	0.731	0.116
0.143	0.017	0.613	0.227
0.091	0.001	0.859	0.049
0.219	0.029	0.585	0.167
0.195	0.019	0.773	0.013
0.221	0.011	0.609	0.159
0.292	0.001	0.628	0.079
0.265	0.001	0.716	0.018
>ASTTTCACTTTC	14-ASTTTCACTTTC	10.588905	-92.907340	0	T:93.0(1.91%),B:140.5(0.32%),P:1e-40	Tpos:305.6,Tstd:213.5,Bpos:247.9,Bstd:157.9,StrandBias:0.3,Multiplicity:1.03
0.406	0.194	0.221	0.179
0.111	0.417	0.471	0.001
0.001	0.001	0.001	0.997
0.121	0.001	0.001	0.877
0.001	0.001	0.021	0.977
0.206	0.792	0.001	0.001
0.718	0.001	0.280	0.001
0.212	0.490	0.133	0.165
0.001	0.232	0.001	0.766
0.403	0.001	0.023	0.573
0.113	0.001	0.001	0.885
0.001	0.499	0.211	0.289
>CTGTGGTTTTGA	15-CTGTGGTTTTGA	9.523584	-88.621832	0	T:252.0(5.16%),B:893.4(2.02%),P:1e-38	Tpos:272.8,Tstd:182.1,Bpos:245.9,Bstd:153.0,StrandBias:0.0,Multiplicity:1.04
0.048	0.767	0.098	0.087
0.073	0.025	0.018	0.884
0.037	0.032	0.865	0.066
0.074	0.028	0.068	0.830
0.060	0.018	0.853	0.069
0.039	0.053	0.876	0.032
0.059	0.054	0.047	0.840
0.050	0.017	0.029	0.904
0.056	0.051	0.049	0.844
0.057	0.078	0.074	0.791
0.033	0.093	0.805	0.069
0.746	0.104	0.082	0.068
>CTAACCACAAAG	16-CTAACCACAAAG	9.059727	-84.001170	0	T:289.0(5.92%),B:1133.5(2.57%),P:1e-36	Tpos:300.0,Tstd:227.2,Bpos:252.0,Bstd:149.0,StrandBias:-0.1,Multiplicity:1.05
0.075	0.768	0.072	0.085
0.107	0.058	0.009	0.826
0.801	0.045	0.055	0.099
0.837	0.070	0.054	0.039
0.029	0.798	0.108	0.065
0.052	0.915	0.001	0.032
0.867	0.059	0.009	0.065
0.061	0.853	0.075	0.011
0.879	0.046	0.018	0.057
0.770	0.092	0.102	0.036
0.871	0.018	0.066	0.045
0.012	0.079	0.823	0.086
>GCYTCCTGTCTG	17-GCYTCCTGTCTG	9.230074	-69.591997	0	T:349.0(7.15%),B:1617.7(3.66%),P:1e-30	Tpos:268.5,Tstd:212.6,Bpos:241.9,Bstd:155.2,StrandBias:-0.3,Multiplicity:1.03
0.060	0.033	0.864	0.043
0.030	0.898	0.046	0.026
0.174	0.373	0.023	0.430
0.075	0.092	0.131	0.702
0.029	0.506	0.190	0.275
0.076	0.774	0.001	0.149
0.166	0.025	0.030	0.779
0.060	0.018	0.901	0.021
0.081	0.103	0.158	0.658
0.030	0.836	0.058	0.076
0.030	0.001	0.001	0.968
0.012	0.100	0.887	0.001
>GTTGCCATGGCA	18-GTTGCCATGGCA	10.506920	-41.958361	0	T:85.0(1.74%),B:247.6(0.56%),P:1e-18	Tpos:317.7,Tstd:252.7,Bpos:261.1,Bstd:160.3,StrandBias:0.3,Multiplicity:1.00
0.127	0.025	0.847	0.001
0.001	0.056	0.056	0.887
0.001	0.001	0.001	0.997
0.065	0.001	0.933	0.001
0.112	0.702	0.001	0.185
0.010	0.629	0.001	0.360
0.917	0.001	0.001	0.081
0.262	0.112	0.056	0.570
0.167	0.001	0.831	0.001
0.111	0.001	0.887	0.001
0.153	0.836	0.010	0.001
0.847	0.040	0.001	0.112
>TGTGATGTTACC	19-TGTGATGTTACC	-4.275529	-29.756404	0	T:1656.0(33.94%),B:12848.4(29.10%),P:1e-12	Tpos:288.6,Tstd:224.9,Bpos:247.9,Bstd:149.8,StrandBias:-0.1,Multiplicity:1.23
0.001	0.001	0.001	0.997
0.001	0.001	0.997	0.001
0.001	0.001	0.001	0.997
0.001	0.001	0.997	0.001
0.920	0.001	0.078	0.001
0.001	0.001	0.001	0.997
0.001	0.001	0.997	0.001
0.001	0.001	0.001	0.997
0.001	0.001	0.001	0.997
0.997	0.001	0.001	0.001
0.001	0.997	0.001	0.001
0.078	0.920	0.001	0.001
>GATGAGATCATG	20-GATGAGATCATG	12.770366	-25.052938	0	T:18.0(0.37%),B:19.8(0.04%),P:1e-10	Tpos:233.2,Tstd:137.2,Bpos:259.6,Bstd:125.7,StrandBias:1.0,Multiplicity:1.06
0.036	0.001	0.962	0.001
0.934	0.064	0.001	0.001
0.001	0.001	0.064	0.934
0.001	0.001	0.997	0.001
0.934	0.001	0.001	0.064
0.001	0.064	0.934	0.001
0.586	0.348	0.065	0.001
0.001	0.001	0.001	0.997
0.001	0.952	0.046	0.001
0.997	0.001	0.001	0.001
0.001	0.001	0.001	0.997
0.065	0.065	0.758	0.112
>TGCCAGCTGCWG	21-TGCCAGCTGCWG	-1.819163	-24.282821	0	T:1303.0(26.71%),B:10020.7(22.69%),P:1e-10	Tpos:296.3,Tstd:220.2,Bpos:246.0,Bstd:152.0,StrandBias:-0.1,Multiplicity:1.26
0.001	0.001	0.001	0.997
0.001	0.001	0.997	0.001
0.001	0.997	0.001	0.001
0.001	0.997	0.001	0.001
0.997	0.001	0.001	0.001
0.001	0.024	0.946	0.029
0.001	0.997	0.001	0.001
0.001	0.388	0.001	0.610
0.001	0.001	0.997	0.001
0.001	0.997	0.001	0.001
0.440	0.001	0.001	0.558
0.001	0.001	0.997	0.001
>TGCACTCAGCAC	22-TGCACTCAGCAC	6.517702	-21.941439	0	T:2061.0(42.24%),B:16736.8(37.90%),P:1e-9	Tpos:299.9,Tstd:232.6,Bpos:246.6,Bstd:153.5,StrandBias:-0.0,Multiplicity:1.34
0.100	0.100	0.100	0.700
0.100	0.100	0.700	0.100
0.100	0.700	0.100	0.100
0.700	0.100	0.100	0.100
0.100	0.700	0.100	0.100
0.100	0.100	0.100	0.700
0.100	0.700	0.100	0.100
0.700	0.100	0.100	0.100
0.100	0.100	0.700	0.100
0.100	0.700	0.100	0.100
0.700	0.100	0.100	0.100
0.100	0.700	0.100	0.100
>GTGATGTTACCA	23-GTGATGTTACCA	7.301389	-14.966018	0	T:434.0(8.90%),B:3090.0(7.00%),P:1e-6	Tpos:269.9,Tstd:217.8,Bpos:251.2,Bstd:147.7,StrandBias:0.2,Multiplicity:1.04
0.094	0.083	0.703	0.120
0.124	0.091	0.067	0.718
0.062	0.092	0.754	0.092
0.729	0.084	0.065	0.122
0.074	0.029	0.072	0.825
0.070	0.100	0.720	0.110
0.088	0.075	0.074	0.763
0.128	0.084	0.091	0.697
0.700	0.094	0.093	0.113
0.071	0.670	0.114	0.145
0.115	0.744	0.033	0.108
0.980	0.005	0.005	0.010
>ATACCCAGCACA	24-ATACCCAGCACA	12.355432	-12.521123	0	T:5.0(0.10%),B:2.1(0.00%),P:1e-5	Tpos:161.1,Tstd:103.7,Bpos:41.3,Bstd:12.1,StrandBias:-5.1,Multiplicity:9.00
0.700	0.100	0.100	0.100
0.100	0.100	0.100	0.700
0.700	0.100	0.100	0.100
0.100	0.700	0.100	0.100
0.100	0.700	0.100	0.100
0.100	0.700	0.100	0.100
0.700	0.100	0.100	0.100
0.100	0.100	0.700	0.100
0.100	0.700	0.100	0.100
0.700	0.100	0.100	0.100
0.100	0.700	0.100	0.100
0.700	0.100	0.100	0.100
>TGACTAAGTGTG	25-TGACTAAGTGTG	12.888619	-4.569340	0	T:3.0(0.06%),B:4.8(0.01%),P:1e-1	Tpos:171.0,Tstd:62.8,Bpos:332.7,Bstd:77.0,StrandBias:-10.0,Multiplicity:2.67
0.001	0.001	0.001	0.997
0.001	0.001	0.997	0.001
0.997	0.001	0.001	0.001
0.001	0.777	0.221	0.001
0.001	0.001	0.001	0.997
0.997	0.001	0.001	0.001
0.888	0.110	0.001	0.001
0.001	0.001	0.997	0.001
0.001	0.001	0.001	0.997
0.001	0.001	0.997	0.001
0.001	0.001	0.001	0.997
0.001	0.001	0.997	0.001
>CATCAAAG	1-CATCAAAG	7.312188	-765.104658	0	T:1538.0(31.52%),B:4782.5(10.83%),P:1e-332	Tpos:277.6,Tstd:192.4,Bpos:246.1,Bstd:151.4,StrandBias:0.0,Multiplicity:1.21
0.016	0.714	0.256	0.014
0.717	0.001	0.003	0.279
0.014	0.001	0.001	0.984
0.018	0.916	0.065	0.001
0.997	0.001	0.001	0.001
0.997	0.001	0.001	0.001
0.997	0.001	0.001	0.001
0.026	0.050	0.923	0.001
>ATGAGTCA	2-ATGAGTCA	6.705613	-702.428777	0	T:1275.0(26.13%),B:3606.7(8.17%),P:1e-305	Tpos:264.7,Tstd:172.2,Bpos:246.7,Bstd:153.2,StrandBias:-0.0,Multiplicity:1.21
0.671	0.120	0.154	0.055
0.001	0.001	0.001	0.997
0.001	0.001	0.970	0.028
0.994	0.004	0.001	0.001
0.014	0.288	0.688	0.010
0.001	0.001	0.001	0.997
0.018	0.980	0.001	0.001
0.996	0.001	0.002	0.001
>ATGAVTCA	3-ATGAVTCA	6.064791	-449.939728	0	T:1873.0(38.39%),B:8754.2(19.83%),P:1e-195	Tpos:286.6,Tstd:208.4,Bpos:248.5,Bstd:150.6,StrandBias:0.0,Multiplicity:1.16
0.558	0.001	0.139	0.302
0.001	0.384	0.001	0.614
0.001	0.001	0.723	0.275
0.824	0.166	0.006	0.004
0.324	0.223	0.346	0.107
0.001	0.001	0.001	0.997
0.089	0.783	0.127	0.001
0.618	0.001	0.246	0.135
>AAACCACA	4-AAACCACA	7.700687	-316.476926	0	T:869.0(17.81%),B:3109.1(7.04%),P:1e-137	Tpos:295.3,Tstd:195.7,Bpos:247.7,Bstd:157.0,StrandBias:-0.1,Multiplicity:1.11
0.786	0.001	0.001	0.212
0.997	0.001	0.001	0.001
0.997	0.001	0.001	0.001
0.001	0.997	0.001	0.001
0.001	0.997	0.001	0.001
0.948	0.001	0.050	0.001
0.001	0.997	0.001	0.001
0.871	0.001	0.051	0.077
>ASWGGAAA	5-ASWGGAAA	6.635131	-311.818847	0	T:1839.0(37.69%),B:9707.5(21.98%),P:1e-135	Tpos:282.2,Tstd:200.9,Bpos:248.7,Bstd:149.9,StrandBias:0.0,Multiplicity:1.26
0.918	0.001	0.015	0.066
0.152	0.405	0.393	0.050
0.447	0.140	0.087	0.326
0.016	0.062	0.622	0.300
0.124	0.094	0.593	0.189
0.864	0.091	0.001	0.044
0.914	0.039	0.001	0.046
0.581	0.020	0.240	0.159
>CTTTGAAK	6-CTTTGAAK	6.947754	-197.318306	0	T:1818.0(37.26%),B:10842.6(24.56%),P:1e-85	Tpos:291.9,Tstd:219.8,Bpos:247.9,Bstd:153.8,StrandBias:0.1,Multiplicity:1.22
0.001	0.848	0.150	0.001
0.001	0.001	0.001	0.997
0.001	0.007	0.001	0.991
0.076	0.050	0.001	0.873
0.001	0.074	0.758	0.167
0.629	0.287	0.001	0.083
0.899	0.001	0.099	0.001
0.078	0.001	0.461	0.460
>TTTGATCT	7-TTTGATCT	7.098699	-191.236711	0	T:1308.0(26.81%),B:7016.6(15.89%),P:1e-83	Tpos:279.1,Tstd:200.1,Bpos:249.3,Bstd:150.6,StrandBias:-0.1,Multiplicity:1.18
0.017	0.040	0.001	0.942
0.018	0.109	0.001	0.872
0.047	0.023	0.001	0.929
0.059	0.001	0.817	0.123
0.843	0.001	0.001	0.155
0.001	0.001	0.001	0.997
0.030	0.847	0.022	0.101
0.018	0.001	0.001	0.980
>YATCAAAG	8-YATCAAAG	7.205179	-183.472645	0	T:1053.0(21.58%),B:5270.4(11.94%),P:1e-79	Tpos:275.8,Tstd:196.8,Bpos:249.8,Bstd:154.8,StrandBias:-0.0,Multiplicity:1.09
0.051	0.473	0.066	0.410
0.733	0.116	0.076	0.075
0.231	0.049	0.131	0.589
0.160	0.693	0.059	0.088
0.870	0.001	0.050	0.079
0.950	0.001	0.043	0.006
0.851	0.147	0.001	0.001
0.001	0.028	0.928	0.043
>CCACATCA	9-CCACATCA	8.479055	-183.102295	0	T:358.0(7.34%),B:1002.0(2.27%),P:1e-79	Tpos:272.9,Tstd:176.7,Bpos:247.1,Bstd:146.4,StrandBias:-0.0,Multiplicity:1.05
0.001	0.997	0.001	0.001
0.001	0.997	0.001	0.001
0.997	0.001	0.001	0.001
0.001	0.997	0.001	0.001
0.923	0.001	0.075	0.001
0.001	0.001	0.001	0.997
0.001	0.997	0.001	0.001
0.997	0.001	0.001	0.001
>ACATCCTG	10-ACATCCTG	6.657446	-176.211144	0	T:897.0(18.38%),B:4267.1(9.66%),P:1e-76	Tpos:287.4,Tstd:207.3,Bpos:246.1,Bstd:149.8,StrandBias:-0.1,Multiplicity:1.10
0.997	0.001	0.001	0.001
0.001	0.997	0.001	0.001
0.956	0.001	0.001	0.042
0.001	0.001	0.001	0.997
0.001	0.997	0.001	0.001
0.001	0.997	0.001	0.001
0.001	0.001	0.001	0.997
0.001	0.288	0.710	0.001
>CTTTCATT	11-CTTTCATT	6.328912	-165.270632	0	T:1894.0(38.82%),B:11903.2(26.96%),P:1e-71	Tpos:297.5,Tstd:222.3,Bpos:245.1,Bstd:152.7,StrandBias:-0.1,Multiplicity:1.28
0.001	0.842	0.156	0.001
0.027	0.001	0.058	0.914
0.057	0.001	0.001	0.941
0.061	0.001	0.001	0.937
0.001	0.884	0.114	0.001
0.845	0.001	0.153	0.001
0.166	0.198	0.193	0.443
0.082	0.258	0.200	0.460
>GTAGGCGG	12-GTAGGCGG	5.986592	-156.003116	0	T:1688.0(34.60%),B:10381.1(23.51%),P:1e-67	Tpos:311.6,Tstd:240.6,Bpos:246.4,Bstd:150.6,StrandBias:-0.1,Multiplicity:1.31
0.001	0.001	0.945	0.053
0.001	0.028	0.126	0.845
0.717	0.001	0.281	0.001
0.001	0.001	0.997	0.001
0.001	0.022	0.963	0.014
0.126	0.772	0.001	0.101
0.001	0.001	0.913	0.085
0.081	0.001	0.878	0.040
>ATTTGCAT	13-ATTTGCAT	8.236954	-151.613453	0	T:325.0(6.66%),B:968.1(2.19%),P:1e-65	Tpos:265.3,Tstd:179.9,Bpos:247.5,Bstd:147.5,StrandBias:-0.0,Multiplicity:1.06
0.700	0.100	0.100	0.100
0.100	0.100	0.100	0.700
0.100	0.100	0.100	0.700
0.100	0.100	0.100	0.700
0.100	0.100	0.700	0.100
0.100	0.700	0.100	0.100
0.700	0.100	0.100	0.100
0.100	0.100	0.100	0.700
>TAACCACA	14-TAACCACA	7.770317	-133.207177	0	T:730.0(14.96%),B:3540.6(8.02%),P:1e-57	Tpos:286.6,Tstd:198.2,Bpos:241.6,Bstd:151.1,StrandBias:-0.0,Multiplicity:1.05
0.001	0.259	0.222	0.518
0.851	0.001	0.001	0.147
0.979	0.001	0.001	0.019
0.001	0.997	0.001	0.001
0.056	0.897	0.046	0.001
0.804	0.001	0.078	0.117
0.001	0.997	0.001	0.001
0.803	0.001	0.195	0.001
>GGGGGRGG	15-GGGGGRGG	6.532339	-129.934795	0	T:1545.0(31.67%),B:9637.7(21.83%),P:1e-56	Tpos:307.6,Tstd:245.1,Bpos:245.6,Bstd:144.1,StrandBias:0.1,Multiplicity:1.51
0.117	0.011	0.844	0.028
0.088	0.001	0.601	0.310
0.085	0.050	0.816	0.049
0.174	0.028	0.712	0.086
0.149	0.026	0.802	0.023
0.276	0.070	0.410	0.244
0.107	0.024	0.799	0.070
0.097	0.029	0.793	0.081
>AAYGGAAA	16-AAYGGAAA	6.378759	-124.059532	0	T:1519.0(31.13%),B:9523.6(21.57%),P:1e-53	Tpos:298.2,Tstd:221.1,Bpos:246.5,Bstd:150.3,StrandBias:0.1,Multiplicity:1.20
0.918	0.029	0.030	0.023
0.789	0.076	0.061	0.074
0.116	0.488	0.054	0.342
0.001	0.049	0.949	0.001
0.001	0.001	0.997	0.001
0.963	0.001	0.001	0.035
0.997	0.001	0.001	0.001
0.961	0.010	0.028	0.001
>STTTTGAA	17-STTTTGAA	6.268097	-107.188485	0	T:1308.0(26.81%),B:8128.0(18.41%),P:1e-46	Tpos:282.1,Tstd:202.2,Bpos:244.4,Bstd:155.0,StrandBias:-0.0,Multiplicity:1.19
0.071	0.386	0.478	0.065
0.001	0.001	0.009	0.989
0.015	0.001	0.024	0.960
0.284	0.087	0.083	0.546
0.003	0.346	0.062	0.589
0.036	0.212	0.738	0.014
0.693	0.197	0.062	0.048
0.437	0.258	0.065	0.240
>CTTAGTCA	18-CTTAGTCA	7.140163	-84.888010	0	T:582.0(11.93%),B:3028.3(6.86%),P:1e-36	Tpos:271.9,Tstd:190.0,Bpos:255.3,Bstd:152.5,StrandBias:-0.2,Multiplicity:1.14
0.001	0.705	0.155	0.139
0.001	0.001	0.027	0.971
0.099	0.001	0.001	0.899
0.997	0.001	0.001	0.001
0.001	0.144	0.854	0.001
0.001	0.001	0.001	0.997
0.001	0.997	0.001	0.001
0.997	0.001	0.001	0.001
>GRATTTCC	19-GRATTTCC	9.070653	-62.085122	0	T:482.0(9.88%),B:2599.6(5.89%),P:1e-26	Tpos:282.9,Tstd:192.6,Bpos:244.8,Bstd:144.2,StrandBias:0.1,Multiplicity:1.06
0.001	0.001	0.997	0.001
0.547	0.001	0.451	0.001
0.452	0.299	0.247	0.001
0.001	0.001	0.001	0.997
0.001	0.001	0.001	0.997
0.001	0.001	0.001	0.997
0.001	0.997	0.001	0.001
0.001	0.997	0.001	0.001
>AGSTGTCA	20-AGSTGTCA	6.532071	-51.769465	0	T:1640.0(33.61%),B:12005.3(27.19%),P:1e-22	Tpos:286.7,Tstd:206.9,Bpos:247.3,Bstd:154.6,StrandBias:-0.1,Multiplicity:1.28
0.810	0.001	0.188	0.001
0.005	0.305	0.487	0.203
0.001	0.539	0.410	0.050
0.001	0.352	0.001	0.646
0.001	0.223	0.775	0.001
0.267	0.001	0.259	0.473
0.004	0.895	0.001	0.100
0.994	0.001	0.004	0.001
>AATGACTG	21-AATGACTG	8.780335	-51.061029	0	T:349.0(7.15%),B:1806.2(4.09%),P:1e-22	Tpos:260.2,Tstd:218.8,Bpos:243.5,Bstd:153.7,StrandBias:0.3,Multiplicity:1.14
0.697	0.001	0.001	0.301
0.997	0.001	0.001	0.001
0.001	0.001	0.001	0.997
0.001	0.001	0.997	0.001
0.997	0.001	0.001	0.001
0.001	0.997	0.001	0.001
0.001	0.001	0.001	0.997
0.145	0.001	0.853	0.001
>GAAACCCC	22-GAAACCCC	7.314205	-50.617876	0	T:690.0(14.14%),B:4306.3(9.75%),P:1e-21	Tpos:275.3,Tstd:200.3,Bpos:244.5,Bstd:150.8,StrandBias:0.0,Multiplicity:1.08
0.175	0.001	0.823	0.001
0.997	0.001	0.001	0.001
0.997	0.001	0.001	0.001
0.919	0.001	0.001	0.079
0.162	0.726	0.111	0.001
0.001	0.997	0.001	0.001
0.001	0.890	0.001	0.108
0.001	0.997	0.001	0.001
>TWACGTCA	23-TWACGTCA	8.026053	-44.122040	0	T:453.0(9.28%),B:2637.3(5.97%),P:1e-19	Tpos:282.8,Tstd:236.9,Bpos:247.2,Bstd:155.1,StrandBias:0.1,Multiplicity:1.12
0.114	0.020	0.001	0.865
0.327	0.001	0.249	0.423
0.688	0.001	0.284	0.027
0.001	0.997	0.001	0.001
0.356	0.001	0.563	0.080
0.001	0.001	0.001	0.997
0.001	0.893	0.105	0.001
0.997	0.001	0.001	0.001
>ACACCCAC	24-ACACCCAC	8.801211	-44.047801	0	T:397.0(8.14%),B:2232.3(5.06%),P:1e-19	Tpos:292.5,Tstd:216.9,Bpos:244.4,Bstd:154.1,StrandBias:-0.1,Multiplicity:1.07
0.839	0.001	0.001	0.159
0.001	0.997	0.001	0.001
0.997	0.001	0.001	0.001
0.001	0.997	0.001	0.001
0.001	0.875	0.123	0.001
0.001	0.997	0.001	0.001
0.997	0.001	0.001	0.001
0.001	0.997	0.001	0.001
>CTCTGAAG	25-CTCTGAAG	8.244873	-40.986796	0	T:871.0(17.85%),B:5924.3(13.42%),P:1e-17	Tpos:283.7,Tstd:215.1,Bpos:244.4,Bstd:152.0,StrandBias:0.0,Multiplicity:1.13
0.001	0.997	0.001	0.001
0.001	0.001	0.001	0.997
0.001	0.997	0.001	0.001
0.001	0.001	0.001	0.997
0.001	0.001	0.900	0.098
0.744	0.254	0.001	0.001
0.809	0.001	0.189	0.001
0.001	0.001	0.997	0.001
