>CTTTGATGTBNN	1-CTTTGATGTBNN	7.811713	-963.806090	0	T:1599.0(32.77%),B:4350.7(9.85%),P:1e-418	Tpos:279.6,Tstd:186.4,Bpos:248.3,Bstd:152.0,StrandBias:-0.0,Multiplicity:1.24
0.018	0.749	0.086	0.147
0.017	0.062	0.001	0.920
0.001	0.086	0.065	0.848
0.005	0.001	0.001	0.993
0.023	0.182	0.711	0.084
0.888	0.014	0.001	0.097
0.311	0.001	0.025	0.663
0.009	0.347	0.618	0.026
0.156	0.129	0.019	0.696
0.142	0.225	0.307	0.326
0.234	0.194	0.314	0.258
0.231	0.285	0.195	0.290
>GNDATGASTCAT	2-GNDATGASTCAT	6.820253	-725.867470	0	T:1308.0(26.81%),B:3690.5(8.36%),P:1e-315	Tpos:266.1,Tstd:172.6,Bpos:247.5,Bstd:151.2,StrandBias:0.0,Multiplicity:1.22
0.211	0.198	0.387	0.204
0.255	0.213	0.216	0.316
0.248	0.090	0.288	0.375
0.464	0.226	0.209	0.100
0.008	0.001	0.001	0.990
0.004	0.001	0.967	0.028
0.969	0.004	0.006	0.021
0.025	0.498	0.455	0.022
0.016	0.008	0.003	0.973
0.060	0.915	0.017	0.008
0.972	0.007	0.003	0.018
0.060	0.262	0.201	0.477
>AACCACAWVANA	3-AACCACAWVANA	7.207169	-502.039985	0	T:729.0(14.94%),B:1646.3(3.73%),P:1e-218	Tpos:286.4,Tstd:187.3,Bpos:251.6,Bstd:150.1,StrandBias:-0.2,Multiplicity:1.06
0.431	0.130	0.219	0.221
0.471	0.242	0.265	0.022
0.035	0.888	0.035	0.042
0.127	0.814	0.015	0.044
0.710	0.027	0.011	0.252
0.111	0.820	0.040	0.029
0.548	0.152	0.049	0.251
0.294	0.119	0.200	0.387
0.241	0.350	0.230	0.180
0.501	0.183	0.030	0.286
0.339	0.210	0.255	0.196
0.414	0.140	0.193	0.253
>DVACAGGAAGYN	4-DVACAGGAAGYN	7.485776	-406.519877	0	T:2157.0(44.21%),B:11233.4(25.44%),P:1e-176	Tpos:285.7,Tstd:208.6,Bpos:248.7,Bstd:148.6,StrandBias:-0.0,Multiplicity:1.34
0.365	0.159	0.240	0.236
0.317	0.207	0.345	0.130
0.653	0.018	0.328	0.001
0.209	0.454	0.249	0.089
0.997	0.001	0.001	0.001
0.044	0.001	0.954	0.001
0.172	0.001	0.814	0.013
0.996	0.001	0.001	0.002
0.734	0.001	0.002	0.263
0.326	0.127	0.546	0.001
0.084	0.366	0.080	0.470
0.229	0.279	0.304	0.188
>GTTTGATGTGGC	5-GTTTGATGTGGC	6.695182	-269.134732	0	T:1644.0(33.70%),B:8674.0(19.64%),P:1e-116	Tpos:282.0,Tstd:212.0,Bpos:246.8,Bstd:152.3,StrandBias:-0.1,Multiplicity:1.15
0.072	0.140	0.627	0.161
0.032	0.110	0.062	0.796
0.001	0.119	0.103	0.777
0.078	0.001	0.047	0.874
0.113	0.145	0.677	0.065
0.635	0.222	0.079	0.064
0.108	0.001	0.177	0.714
0.047	0.060	0.791	0.102
0.167	0.001	0.001	0.831
0.077	0.001	0.806	0.116
0.086	0.146	0.646	0.122
0.096	0.643	0.155	0.106
>GCTTCAAAGAAA	6-GCTTCAAAGAAA	6.794051	-220.508650	0	T:1911.0(39.17%),B:11282.2(25.55%),P:1e-95	Tpos:285.0,Tstd:214.6,Bpos:244.0,Bstd:153.1,StrandBias:-0.1,Multiplicity:1.23
0.102	0.099	0.714	0.085
0.069	0.760	0.089	0.082
0.099	0.070	0.036	0.795
0.100	0.060	0.094	0.746
0.092	0.740	0.079	0.089
0.798	0.059	0.035	0.108
0.737	0.077	0.100	0.086
0.821	0.031	0.080	0.068
0.094	0.101	0.724	0.081
0.736	0.100	0.091	0.073
0.703	0.105	0.102	0.090
0.727	0.092	0.094	0.087
>NHNAGTCAYYYC	7-NHNAGTCAYYYC	5.535450	-213.831198	0	T:2764.0(56.65%),B:18562.8(42.04%),P:1e-92	Tpos:284.7,Tstd:211.8,Bpos:247.1,Bstd:153.2,StrandBias:-0.0,Multiplicity:1.39
0.294	0.290	0.166	0.250
0.363	0.215	0.162	0.259
0.268	0.295	0.229	0.208
0.607	0.329	0.019	0.045
0.001	0.013	0.975	0.011
0.034	0.001	0.001	0.964
0.001	0.997	0.001	0.001
0.978	0.007	0.001	0.014
0.028	0.296	0.261	0.415
0.027	0.513	0.058	0.402
0.197	0.244	0.187	0.372
0.158	0.399	0.210	0.233
>KGGGAAATCCCC	8-KGGGAAATCCCC	8.345344	-200.686944	0	T:604.0(12.38%),B:2236.1(5.06%),P:1e-87	Tpos:284.7,Tstd:198.0,Bpos:242.3,Bstd:138.4,StrandBias:0.1,Multiplicity:1.11
0.166	0.008	0.454	0.371
0.140	0.001	0.719	0.140
0.001	0.001	0.997	0.001
0.372	0.008	0.616	0.004
0.665	0.001	0.333	0.001
0.985	0.010	0.004	0.001
0.589	0.095	0.235	0.081
0.167	0.247	0.156	0.430
0.123	0.531	0.001	0.345
0.099	0.899	0.001	0.001
0.022	0.915	0.001	0.062
0.166	0.586	0.033	0.215
>BTGATTTGCATA	9-BTGATTTGCATA	9.984028	-192.738524	0	T:244.0(5.00%),B:470.7(1.07%),P:1e-83	Tpos:270.6,Tstd:183.8,Bpos:245.7,Bstd:143.3,StrandBias:-0.1,Multiplicity:1.03
0.138	0.267	0.372	0.223
0.294	0.093	0.102	0.511
0.244	0.129	0.444	0.183
0.744	0.097	0.038	0.121
0.001	0.013	0.001	0.985
0.013	0.041	0.001	0.945
0.013	0.001	0.001	0.985
0.031	0.013	0.955	0.001
0.027	0.971	0.001	0.001
0.975	0.001	0.001	0.023
0.001	0.023	0.035	0.941
0.793	0.030	0.129	0.048
>TGGAAANWDTGA	10-TGGAAANWDTGA	9.584886	-150.120940	0	T:271.0(5.55%),B:712.7(1.61%),P:1e-65	Tpos:267.7,Tstd:163.9,Bpos:254.6,Bstd:145.7,StrandBias:0.1,Multiplicity:1.03
0.259	0.041	0.024	0.676
0.002	0.004	0.947	0.047
0.041	0.049	0.857	0.053
0.860	0.045	0.040	0.055
0.914	0.027	0.037	0.022
0.859	0.070	0.039	0.032
0.331	0.257	0.187	0.225
0.365	0.039	0.222	0.374
0.355	0.136	0.282	0.227
0.047	0.053	0.033	0.867
0.035	0.066	0.525	0.374
0.797	0.062	0.064	0.077
>YMCCRCCCACAC	11-YMCCRCCCACAC	9.040943	-147.216535	0	T:609.0(12.48%),B:2628.2(5.95%),P:1e-63	Tpos:288.0,Tstd:220.1,Bpos:247.7,Bstd:147.4,StrandBias:0.2,Multiplicity:1.08
0.100	0.400	0.204	0.296
0.390	0.414	0.001	0.195
0.190	0.808	0.001	0.001
0.228	0.770	0.001	0.001
0.506	0.001	0.444	0.049
0.001	0.997	0.001	0.001
0.059	0.879	0.061	0.001
0.013	0.895	0.001	0.091
0.807	0.126	0.001	0.066
0.001	0.997	0.001	0.001
0.512	0.055	0.136	0.297
0.001	0.844	0.154	0.001
>TCATAACGAAAC	12-TCATAACGAAAC	7.096612	-104.190595	0	T:881.0(18.06%),B:4928.6(11.16%),P:1e-45	Tpos:278.1,Tstd:195.0,Bpos:249.4,Bstd:152.5,StrandBias:0.0,Multiplicity:1.11
0.058	0.063	0.056	0.823
0.084	0.765	0.086	0.065
0.850	0.044	0.019	0.087
0.121	0.077	0.090	0.712
0.791	0.075	0.071	0.063
0.770	0.073	0.085	0.072
0.172	0.551	0.123	0.154
0.191	0.108	0.593	0.108
0.797	0.065	0.071	0.067
0.795	0.078	0.076	0.051
0.813	0.052	0.088	0.047
0.089	0.740	0.101	0.070
>GGGGGGGGGGGG	13-GGGGGGGGGGGG	8.043283	-98.190729	0	T:1145.0(23.47%),B:7002.3(15.86%),P:1e-42	Tpos:298.2,Tstd:235.5,Bpos:245.6,Bstd:139.9,StrandBias:0.2,Multiplicity:1.25
0.127	0.006	0.703	0.164
0.001	0.005	0.636	0.358
0.003	0.001	0.796	0.200
0.067	0.001	0.647	0.285
0.152	0.001	0.731	0.116
0.143	0.017	0.613	0.227
0.091	0.001	0.859	0.049
0.219	0.029	0.585	0.167
0.195	0.019	0.773	0.013
0.221	0.011	0.609	0.159
0.292	0.001	0.628	0.079
0.265	0.001	0.716	0.018
>ASTTTCACTTTC	14-ASTTTCACTTTC	10.588905	-92.907340	0	T:93.0(1.91%),B:140.5(0.32%),P:1e-40	Tpos:305.6,Tstd:213.5,Bpos:247.9,Bstd:157.9,StrandBias:0.3,Multiplicity:1.03
0.406	0.194	0.221	0.179
0.111	0.417	0.471	0.001
0.001	0.001	0.001	0.997
0.121	0.001	0.001	0.877
0.001	0.001	0.021	0.977
0.206	0.792	0.001	0.001
0.718	0.001	0.280	0.001
0.212	0.490	0.133	0.165
0.001	0.232	0.001	0.766
0.403	0.001	0.023	0.573
0.113	0.001	0.001	0.885
0.001	0.499	0.211	0.289
>CTGTGGTTTTGA	15-CTGTGGTTTTGA	9.523584	-88.621832	0	T:252.0(5.16%),B:893.4(2.02%),P:1e-38	Tpos:272.8,Tstd:182.1,Bpos:245.9,Bstd:153.0,StrandBias:0.0,Multiplicity:1.04
0.048	0.767	0.098	0.087
0.073	0.025	0.018	0.884
0.037	0.032	0.865	0.066
0.074	0.028	0.068	0.830
0.060	0.018	0.853	0.069
0.039	0.053	0.876	0.032
0.059	0.054	0.047	0.840
0.050	0.017	0.029	0.904
0.056	0.051	0.049	0.844
0.057	0.078	0.074	0.791
0.033	0.093	0.805	0.069
0.746	0.104	0.082	0.068
>CTAACCACAAAG	16-CTAACCACAAAG	9.059727	-84.001170	0	T:289.0(5.92%),B:1133.5(2.57%),P:1e-36	Tpos:300.0,Tstd:227.2,Bpos:252.0,Bstd:149.0,StrandBias:-0.1,Multiplicity:1.05
0.075	0.768	0.072	0.085
0.107	0.058	0.009	0.826
0.801	0.045	0.055	0.099
0.837	0.070	0.054	0.039
0.029	0.798	0.108	0.065
0.052	0.915	0.001	0.032
0.867	0.059	0.009	0.065
0.061	0.853	0.075	0.011
0.879	0.046	0.018	0.057
0.770	0.092	0.102	0.036
0.871	0.018	0.066	0.045
0.012	0.079	0.823	0.086
>GCYTCCTGTCTG	17-GCYTCCTGTCTG	9.230074	-69.591997	0	T:349.0(7.15%),B:1617.7(3.66%),P:1e-30	Tpos:268.5,Tstd:212.6,Bpos:241.9,Bstd:155.2,StrandBias:-0.3,Multiplicity:1.03
0.060	0.033	0.864	0.043
0.030	0.898	0.046	0.026
0.174	0.373	0.023	0.430
0.075	0.092	0.131	0.702
0.029	0.506	0.190	0.275
0.076	0.774	0.001	0.149
0.166	0.025	0.030	0.779
0.060	0.018	0.901	0.021
0.081	0.103	0.158	0.658
0.030	0.836	0.058	0.076
0.030	0.001	0.001	0.968
0.012	0.100	0.887	0.001
>GTTGCCATGGCA	18-GTTGCCATGGCA	10.506920	-41.958361	0	T:85.0(1.74%),B:247.6(0.56%),P:1e-18	Tpos:317.7,Tstd:252.7,Bpos:261.1,Bstd:160.3,StrandBias:0.3,Multiplicity:1.00
0.127	0.025	0.847	0.001
0.001	0.056	0.056	0.887
0.001	0.001	0.001	0.997
0.065	0.001	0.933	0.001
0.112	0.702	0.001	0.185
0.010	0.629	0.001	0.360
0.917	0.001	0.001	0.081
0.262	0.112	0.056	0.570
0.167	0.001	0.831	0.001
0.111	0.001	0.887	0.001
0.153	0.836	0.010	0.001
0.847	0.040	0.001	0.112
>TGTGATGTTACC	19-TGTGATGTTACC	-4.275529	-29.756404	0	T:1656.0(33.94%),B:12848.4(29.10%),P:1e-12	Tpos:288.6,Tstd:224.9,Bpos:247.9,Bstd:149.8,StrandBias:-0.1,Multiplicity:1.23
0.001	0.001	0.001	0.997
0.001	0.001	0.997	0.001
0.001	0.001	0.001	0.997
0.001	0.001	0.997	0.001
0.920	0.001	0.078	0.001
0.001	0.001	0.001	0.997
0.001	0.001	0.997	0.001
0.001	0.001	0.001	0.997
0.001	0.001	0.001	0.997
0.997	0.001	0.001	0.001
0.001	0.997	0.001	0.001
0.078	0.920	0.001	0.001
>GATGAGATCATG	20-GATGAGATCATG	12.770366	-25.052938	0	T:18.0(0.37%),B:19.8(0.04%),P:1e-10	Tpos:233.2,Tstd:137.2,Bpos:259.6,Bstd:125.7,StrandBias:1.0,Multiplicity:1.06
0.036	0.001	0.962	0.001
0.934	0.064	0.001	0.001
0.001	0.001	0.064	0.934
0.001	0.001	0.997	0.001
0.934	0.001	0.001	0.064
0.001	0.064	0.934	0.001
0.586	0.348	0.065	0.001
0.001	0.001	0.001	0.997
0.001	0.952	0.046	0.001
0.997	0.001	0.001	0.001
0.001	0.001	0.001	0.997
0.065	0.065	0.758	0.112
>TGCCAGCTGCWG	21-TGCCAGCTGCWG	-1.819163	-24.282821	0	T:1303.0(26.71%),B:10020.7(22.69%),P:1e-10	Tpos:296.3,Tstd:220.2,Bpos:246.0,Bstd:152.0,StrandBias:-0.1,Multiplicity:1.26
0.001	0.001	0.001	0.997
0.001	0.001	0.997	0.001
0.001	0.997	0.001	0.001
0.001	0.997	0.001	0.001
0.997	0.001	0.001	0.001
0.001	0.024	0.946	0.029
0.001	0.997	0.001	0.001
0.001	0.388	0.001	0.610
0.001	0.001	0.997	0.001
0.001	0.997	0.001	0.001
0.440	0.001	0.001	0.558
0.001	0.001	0.997	0.001
>TGCACTCAGCAC	22-TGCACTCAGCAC	6.517702	-21.941439	0	T:2061.0(42.24%),B:16736.8(37.90%),P:1e-9	Tpos:299.9,Tstd:232.6,Bpos:246.6,Bstd:153.5,StrandBias:-0.0,Multiplicity:1.34
0.100	0.100	0.100	0.700
0.100	0.100	0.700	0.100
0.100	0.700	0.100	0.100
0.700	0.100	0.100	0.100
0.100	0.700	0.100	0.100
0.100	0.100	0.100	0.700
0.100	0.700	0.100	0.100
0.700	0.100	0.100	0.100
0.100	0.100	0.700	0.100
0.100	0.700	0.100	0.100
0.700	0.100	0.100	0.100
0.100	0.700	0.100	0.100
>GTGATGTTACCA	23-GTGATGTTACCA	7.301389	-14.966018	0	T:434.0(8.90%),B:3090.0(7.00%),P:1e-6	Tpos:269.9,Tstd:217.8,Bpos:251.2,Bstd:147.7,StrandBias:0.2,Multiplicity:1.04
0.094	0.083	0.703	0.120
0.124	0.091	0.067	0.718
0.062	0.092	0.754	0.092
0.729	0.084	0.065	0.122
0.074	0.029	0.072	0.825
0.070	0.100	0.720	0.110
0.088	0.075	0.074	0.763
0.128	0.084	0.091	0.697
0.700	0.094	0.093	0.113
0.071	0.670	0.114	0.145
0.115	0.744	0.033	0.108
0.980	0.005	0.005	0.010
>ATACCCAGCACA	24-ATACCCAGCACA	12.355432	-12.521123	0	T:5.0(0.10%),B:2.1(0.00%),P:1e-5	Tpos:161.1,Tstd:103.7,Bpos:41.3,Bstd:12.1,StrandBias:-5.1,Multiplicity:9.00
0.700	0.100	0.100	0.100
0.100	0.100	0.100	0.700
0.700	0.100	0.100	0.100
0.100	0.700	0.100	0.100
0.100	0.700	0.100	0.100
0.100	0.700	0.100	0.100
0.700	0.100	0.100	0.100
0.100	0.100	0.700	0.100
0.100	0.700	0.100	0.100
0.700	0.100	0.100	0.100
0.100	0.700	0.100	0.100
0.700	0.100	0.100	0.100
>TGACTAAGTGTG	25-TGACTAAGTGTG	12.888619	-4.569340	0	T:3.0(0.06%),B:4.8(0.01%),P:1e-1	Tpos:171.0,Tstd:62.8,Bpos:332.7,Bstd:77.0,StrandBias:-10.0,Multiplicity:2.67
0.001	0.001	0.001	0.997
0.001	0.001	0.997	0.001
0.997	0.001	0.001	0.001
0.001	0.777	0.221	0.001
0.001	0.001	0.001	0.997
0.997	0.001	0.001	0.001
0.888	0.110	0.001	0.001
0.001	0.001	0.997	0.001
0.001	0.001	0.001	0.997
0.001	0.001	0.997	0.001
0.001	0.001	0.001	0.997
0.001	0.001	0.997	0.001
