Factor1: 0.9971657759040299
Factor2: 1.0028422797537337
