>NCCACTTCCTGT	1-NCCACTTCCTGT	8.150443	-518.902813	0	T:1388.0(28.02%),B:4960.9(11.31%),P:1e-225	Tpos:296.1,Tstd:227.8,Bpos:245.6,Bstd:145.6,StrandBias:-0.1,Multiplicity:1.24
0.273	0.264	0.228	0.234
0.167	0.458	0.164	0.212
0.126	0.630	0.098	0.146
0.770	0.069	0.090	0.071
0.001	0.813	0.020	0.166
0.223	0.001	0.010	0.766
0.006	0.018	0.001	0.975
0.001	0.984	0.001	0.014
0.001	0.996	0.001	0.002
0.002	0.018	0.054	0.926
0.021	0.241	0.626	0.112
0.092	0.277	0.065	0.566
>RYTTCCTGTBWB	2-RYTTCCTGTBWB	8.205512	-356.388377	0	T:1391.0(28.08%),B:5982.8(13.64%),P:1e-154	Tpos:302.9,Tstd:247.7,Bpos:247.4,Bstd:145.0,StrandBias:-0.1,Multiplicity:1.13
0.319	0.102	0.468	0.111
0.001	0.336	0.179	0.484
0.001	0.082	0.001	0.916
0.001	0.001	0.038	0.960
0.001	0.997	0.001	0.001
0.001	0.997	0.001	0.001
0.014	0.001	0.001	0.984
0.001	0.247	0.537	0.215
0.171	0.262	0.155	0.413
0.141	0.310	0.261	0.289
0.252	0.179	0.168	0.400
0.117	0.254	0.359	0.270
>VDGGAAACCACA	3-VDGGAAACCACA	6.475073	-305.910125	0	T:1639.0(33.09%),B:8087.2(18.44%),P:1e-132	Tpos:284.2,Tstd:227.1,Bpos:245.3,Bstd:146.7,StrandBias:-0.0,Multiplicity:1.26
0.273	0.240	0.335	0.152
0.323	0.100	0.314	0.263
0.280	0.071	0.518	0.131
0.078	0.242	0.478	0.202
0.715	0.170	0.027	0.088
0.989	0.001	0.009	0.001
0.844	0.039	0.116	0.001
0.001	0.997	0.001	0.001
0.003	0.995	0.001	0.001
0.915	0.048	0.036	0.001
0.037	0.961	0.001	0.001
0.917	0.012	0.001	0.070
>NDGGGYGGGGMN	4-NDGGGYGGGGMN	7.488396	-217.660152	0	T:1945.0(39.27%),B:11320.4(25.82%),P:1e-94	Tpos:335.0,Tstd:264.6,Bpos:243.1,Bstd:151.9,StrandBias:0.0,Multiplicity:1.69
0.252	0.220	0.288	0.240
0.369	0.001	0.270	0.360
0.282	0.001	0.716	0.001
0.001	0.001	0.997	0.001
0.001	0.001	0.997	0.001
0.150	0.443	0.001	0.407
0.064	0.001	0.759	0.176
0.001	0.001	0.627	0.371
0.379	0.001	0.619	0.001
0.292	0.001	0.531	0.176
0.306	0.443	0.001	0.250
0.181	0.313	0.198	0.308
>GCCCCCTAGTGG	5-GCCCCCTAGTGG	9.188344	-126.537513	0	T:364.0(7.35%),B:1272.5(2.90%),P:1e-54	Tpos:273.4,Tstd:258.6,Bpos:249.8,Bstd:145.1,StrandBias:0.1,Multiplicity:1.04
0.101	0.001	0.706	0.192
0.048	0.883	0.001	0.068
0.001	0.963	0.001	0.035
0.313	0.644	0.042	0.001
0.138	0.571	0.001	0.290
0.020	0.978	0.001	0.001
0.001	0.119	0.001	0.879
0.525	0.001	0.281	0.193
0.042	0.267	0.648	0.043
0.089	0.044	0.057	0.810
0.001	0.001	0.997	0.001
0.073	0.056	0.699	0.172
>BSTGGTTTCCNS	6-BSTGGTTTCCNS	5.941082	-116.556895	0	T:2258.0(45.59%),B:15434.6(35.20%),P:1e-50	Tpos:315.2,Tstd:271.4,Bpos:244.0,Bstd:147.4,StrandBias:-0.0,Multiplicity:1.32
0.074	0.384	0.242	0.300
0.200	0.254	0.355	0.191
0.083	0.170	0.168	0.579
0.192	0.234	0.538	0.036
0.177	0.098	0.629	0.096
0.002	0.001	0.001	0.996
0.039	0.001	0.010	0.950
0.159	0.157	0.005	0.679
0.024	0.878	0.075	0.023
0.017	0.769	0.105	0.109
0.237	0.288	0.243	0.233
0.201	0.372	0.271	0.156
>NNVTGACTCABN	7-NNVTGACTCABN	3.578505	-113.372578	0	T:726.0(14.66%),B:3631.2(8.28%),P:1e-49	Tpos:286.2,Tstd:230.5,Bpos:248.1,Bstd:141.9,StrandBias:-0.0,Multiplicity:1.13
0.300	0.179	0.318	0.203
0.310	0.178	0.229	0.283
0.352	0.275	0.278	0.095
0.001	0.001	0.001	0.997
0.001	0.001	0.997	0.001
0.997	0.001	0.001	0.001
0.001	0.714	0.284	0.001
0.001	0.001	0.001	0.997
0.001	0.997	0.001	0.001
0.997	0.001	0.001	0.001
0.001	0.361	0.340	0.298
0.250	0.310	0.166	0.274
>AAACTGAAACTA	8-AAACTGAAACTA	9.267503	-88.165970	0	T:290.0(5.86%),B:1087.4(2.48%),P:1e-38	Tpos:290.0,Tstd:276.8,Bpos:248.1,Bstd:155.6,StrandBias:0.3,Multiplicity:1.08
0.997	0.001	0.001	0.001
0.917	0.002	0.046	0.035
0.919	0.001	0.001	0.079
0.041	0.597	0.316	0.046
0.145	0.001	0.001	0.853
0.059	0.001	0.939	0.001
0.997	0.001	0.001	0.001
0.997	0.001	0.001	0.001
0.997	0.001	0.001	0.001
0.034	0.639	0.280	0.047
0.093	0.241	0.001	0.665
0.494	0.115	0.276	0.115
>NCTTCCGGTTBM	9-NCTTCCGGTTBM	6.569849	-86.749515	0	T:564.0(11.39%),B:2819.0(6.43%),P:1e-37	Tpos:311.5,Tstd:258.8,Bpos:249.7,Bstd:160.9,StrandBias:-0.1,Multiplicity:1.11
0.310	0.300	0.226	0.164
0.033	0.440	0.249	0.279
0.016	0.001	0.049	0.934
0.065	0.001	0.001	0.933
0.066	0.720	0.016	0.198
0.001	0.966	0.032	0.001
0.024	0.016	0.959	0.001
0.197	0.139	0.565	0.099
0.049	0.001	0.044	0.906
0.049	0.001	0.049	0.901
0.033	0.335	0.314	0.318
0.282	0.388	0.226	0.105
>GTCTGTCTGTGG	10-GTCTGTCTGTGG	10.000635	-47.845438	0	T:192.0(3.88%),B:794.6(1.81%),P:1e-20	Tpos:281.9,Tstd:234.1,Bpos:240.4,Bstd:140.2,StrandBias:-0.1,Multiplicity:1.01
0.238	0.229	0.532	0.001
0.299	0.001	0.001	0.699
0.001	0.997	0.001	0.001
0.001	0.001	0.001	0.997
0.001	0.280	0.482	0.237
0.116	0.366	0.001	0.517
0.066	0.562	0.001	0.371
0.305	0.001	0.001	0.693
0.001	0.001	0.980	0.018
0.081	0.001	0.001	0.917
0.001	0.001	0.966	0.032
0.001	0.001	0.997	0.001
>AAACCACACAGC	11-AAACCACACAGC	10.147272	-43.474400	0	T:134.0(2.71%),B:489.8(1.12%),P:1e-18	Tpos:287.8,Tstd:297.8,Bpos:239.9,Bstd:148.2,StrandBias:-0.2,Multiplicity:1.03
0.888	0.034	0.035	0.043
0.837	0.036	0.048	0.079
0.997	0.001	0.001	0.001
0.094	0.695	0.072	0.139
0.144	0.780	0.075	0.001
0.687	0.166	0.016	0.131
0.146	0.702	0.151	0.001
0.896	0.069	0.034	0.001
0.079	0.870	0.050	0.001
0.847	0.068	0.001	0.084
0.102	0.001	0.896	0.001
0.050	0.867	0.070	0.013
>CGGACGGCGGGC	12-CGGACGGCGGGC	12.784901	-38.128166	0	T:19.0(0.38%),B:10.1(0.02%),P:1e-16	Tpos:244.6,Tstd:109.6,Bpos:186.1,Bstd:141.6,StrandBias:0.2,Multiplicity:1.00
0.001	0.707	0.001	0.291
0.001	0.001	0.997	0.001
0.291	0.001	0.707	0.001
0.997	0.001	0.001	0.001
0.001	0.884	0.001	0.114
0.001	0.291	0.707	0.001
0.001	0.001	0.997	0.001
0.001	0.997	0.001	0.001
0.001	0.001	0.997	0.001
0.001	0.001	0.997	0.001
0.001	0.001	0.997	0.001
0.001	0.997	0.001	0.001
>GGGCGCTCTTGC	13-GGGCGCTCTTGC	13.951703	-33.314543	0	T:13.0(0.26%),B:4.7(0.01%),P:1e-14	Tpos:283.7,Tstd:201.3,Bpos:323.4,Bstd:179.3,StrandBias:0.7,Multiplicity:1.00
0.001	0.001	0.997	0.001
0.001	0.001	0.997	0.001
0.001	0.001	0.997	0.001
0.001	0.914	0.001	0.084
0.001	0.001	0.997	0.001
0.001	0.997	0.001	0.001
0.001	0.001	0.001	0.997
0.001	0.914	0.084	0.001
0.001	0.001	0.001	0.997
0.001	0.001	0.001	0.997
0.001	0.084	0.914	0.001
0.001	0.997	0.001	0.001
>ACGCCAAGCGCA	14-ACGCCAAGCGCA	10.279943	-32.537756	0	T:9.0(0.18%),B:0.0(0.00%),P:1e-14	Tpos:236.3,Tstd:136.8,Bpos:0.0,Bstd:0.0,StrandBias:-0.3,Multiplicity:1.00
0.658	0.110	0.126	0.106
0.125	0.618	0.129	0.128
0.136	0.118	0.617	0.129
0.094	0.709	0.104	0.093
0.113	0.690	0.104	0.093
0.673	0.124	0.098	0.105
0.700	0.087	0.121	0.092
0.086	0.103	0.723	0.088
0.116	0.630	0.126	0.128
0.138	0.127	0.600	0.135
0.095	0.708	0.113	0.084
0.675	0.119	0.104	0.102
>AGGAACACCTTC	15-AGGAACACCTTC	13.951703	-26.665669	0	T:11.0(0.22%),B:4.0(0.01%),P:1e-11	Tpos:289.6,Tstd:90.4,Bpos:275.7,Bstd:110.9,StrandBias:0.8,Multiplicity:1.00
0.997	0.001	0.001	0.001
0.001	0.001	0.997	0.001
0.001	0.001	0.997	0.001
0.914	0.001	0.001	0.084
0.997	0.001	0.001	0.001
0.001	0.997	0.001	0.001
0.997	0.001	0.001	0.001
0.084	0.914	0.001	0.001
0.001	0.997	0.001	0.001
0.001	0.001	0.001	0.997
0.001	0.001	0.001	0.997
0.001	0.914	0.001	0.084
>GCCTTGCCGCCG	16-GCCTTGCCGCCG	12.355432	-26.400748	0	T:9.0(0.18%),B:2.5(0.01%),P:1e-11	Tpos:385.2,Tstd:190.9,Bpos:370.9,Bstd:89.1,StrandBias:1.0,Multiplicity:1.00
0.100	0.100	0.700	0.100
0.100	0.700	0.100	0.100
0.100	0.700	0.100	0.100
0.100	0.100	0.100	0.700
0.100	0.100	0.100	0.700
0.100	0.100	0.700	0.100
0.100	0.700	0.100	0.100
0.100	0.700	0.100	0.100
0.100	0.100	0.700	0.100
0.100	0.700	0.100	0.100
0.100	0.700	0.100	0.100
0.100	0.100	0.700	0.100
>CCGGAGATGCGC	17-CCGGAGATGCGC	12.355432	-22.711741	0	T:8.0(0.16%),B:2.6(0.01%),P:1e-9	Tpos:261.4,Tstd:108.1,Bpos:338.7,Bstd:93.4,StrandBias:0.7,Multiplicity:1.00
0.100	0.700	0.100	0.100
0.100	0.700	0.100	0.100
0.100	0.100	0.700	0.100
0.100	0.100	0.700	0.100
0.700	0.100	0.100	0.100
0.100	0.100	0.700	0.100
0.700	0.100	0.100	0.100
0.100	0.100	0.100	0.700
0.100	0.100	0.700	0.100
0.100	0.700	0.100	0.100
0.100	0.100	0.700	0.100
0.100	0.700	0.100	0.100
>TCAGCTTGCTAA	18-TCAGCTTGCTAA	14.120804	-19.763706	0	T:6.0(0.12%),B:1.5(0.00%),P:1e-8	Tpos:166.8,Tstd:102.1,Bpos:174.7,Bstd:7.4,StrandBias:1.4,Multiplicity:1.83
0.001	0.001	0.001	0.997
0.001	0.906	0.092	0.001
0.997	0.001	0.001	0.001
0.001	0.001	0.997	0.001
0.092	0.906	0.001	0.001
0.001	0.001	0.001	0.997
0.001	0.001	0.001	0.997
0.001	0.001	0.997	0.001
0.001	0.997	0.001	0.001
0.001	0.001	0.001	0.997
0.997	0.001	0.001	0.001
0.997	0.001	0.001	0.001
>CKCKCCTCYCCC	19-CKCKCCTCYCCC	8.959851	-18.046576	0	T:154.0(3.11%),B:844.7(1.93%),P:1e-7	Tpos:374.1,Tstd:268.3,Bpos:245.4,Bstd:150.6,StrandBias:0.1,Multiplicity:1.05
0.341	0.542	0.063	0.054
0.087	0.114	0.458	0.341
0.020	0.534	0.382	0.064
0.054	0.162	0.394	0.390
0.041	0.833	0.088	0.038
0.109	0.662	0.162	0.067
0.064	0.249	0.064	0.623
0.024	0.491	0.229	0.256
0.107	0.435	0.033	0.425
0.090	0.504	0.150	0.256
0.005	0.877	0.075	0.043
0.033	0.835	0.048	0.084
>ATMGGCGTMCTG	20-ATMGGCGTMCTG	13.174820	-15.787436	0	T:5.0(0.10%),B:1.5(0.00%),P:1e-6	Tpos:168.2,Tstd:71.5,Bpos:364.5,Bstd:22.5,StrandBias:-0.6,Multiplicity:1.00
0.997	0.001	0.001	0.001
0.001	0.144	0.001	0.854
0.434	0.564	0.001	0.001
0.001	0.001	0.610	0.388
0.001	0.001	0.997	0.001
0.001	0.997	0.001	0.001
0.001	0.357	0.641	0.001
0.001	0.001	0.001	0.997
0.466	0.357	0.001	0.176
0.144	0.854	0.001	0.001
0.001	0.001	0.001	0.997
0.001	0.001	0.997	0.001
>GTAGCACTGCCT	21-GTAGCACTGCCT	-0.377105	-15.729554	0	T:379.0(7.65%),B:2569.0(5.86%),P:1e-6	Tpos:305.4,Tstd:223.2,Bpos:248.7,Bstd:145.0,StrandBias:0.3,Multiplicity:1.12
0.001	0.001	0.997	0.001
0.001	0.001	0.001	0.997
0.997	0.001	0.001	0.001
0.001	0.001	0.997	0.001
0.001	0.997	0.001	0.001
0.997	0.001	0.001	0.001
0.001	0.997	0.001	0.001
0.001	0.042	0.001	0.956
0.001	0.001	0.997	0.001
0.001	0.997	0.001	0.001
0.001	0.997	0.001	0.001
0.001	0.001	0.001	0.997
>ACMCCTGGTAGA	22-ACMCCTGGTAGA	13.288025	-13.911358	0	T:11.0(0.22%),B:14.4(0.03%),P:1e-6	Tpos:232.9,Tstd:144.7,Bpos:256.1,Bstd:105.3,StrandBias:2.1,Multiplicity:2.36
0.997	0.001	0.001	0.001
0.001	0.773	0.225	0.001
0.526	0.472	0.001	0.001
0.001	0.997	0.001	0.001
0.001	0.997	0.001	0.001
0.001	0.001	0.001	0.997
0.001	0.001	0.997	0.001
0.001	0.001	0.705	0.293
0.001	0.001	0.233	0.765
0.773	0.001	0.001	0.225
0.225	0.001	0.773	0.001
0.997	0.001	0.001	0.001
>ATGTGTTAGAGG	23-ATGTGTTAGAGG	12.355432	-6.423695	0	T:3.0(0.06%),B:2.4(0.01%),P:1e-2	Tpos:383.5,Tstd:128.5,Bpos:388.3,Bstd:38.9,StrandBias:10.0,Multiplicity:12.00
0.700	0.100	0.100	0.100
0.100	0.100	0.100	0.700
0.100	0.100	0.700	0.100
0.100	0.100	0.100	0.700
0.100	0.100	0.700	0.100
0.100	0.100	0.100	0.700
0.100	0.100	0.100	0.700
0.700	0.100	0.100	0.100
0.100	0.100	0.700	0.100
0.700	0.100	0.100	0.100
0.100	0.100	0.700	0.100
0.100	0.100	0.700	0.100
>CAGCTCATCACA	24-CAGCTCATCACA	13.914234	-3.923630	0	T:3.0(0.06%),B:5.1(0.01%),P:1e-1	Tpos:251.4,Tstd:142.7,Bpos:314.7,Bstd:99.7,StrandBias:10.0,Multiplicity:4.67
0.001	0.997	0.001	0.001
0.997	0.001	0.001	0.001
0.001	0.001	0.997	0.001
0.001	0.930	0.001	0.068
0.001	0.001	0.001	0.997
0.001	0.997	0.001	0.001
0.997	0.001	0.001	0.001
0.001	0.001	0.001	0.997
0.001	0.997	0.001	0.001
0.997	0.001	0.001	0.001
0.001	0.997	0.001	0.001
0.997	0.001	0.001	0.001
>TGTGGAGGACCT	25-TGTGGAGGACCT	12.355432	-2.577683	0	T:2.0(0.04%),B:4.2(0.01%),P:1e-1	Tpos:239.2,Tstd:155.0,Bpos:194.3,Bstd:87.2,StrandBias:-3.9,Multiplicity:8.00
0.100	0.100	0.100	0.700
0.100	0.100	0.700	0.100
0.100	0.100	0.100	0.700
0.100	0.100	0.700	0.100
0.100	0.100	0.700	0.100
0.700	0.100	0.100	0.100
0.100	0.100	0.700	0.100
0.100	0.100	0.700	0.100
0.700	0.100	0.100	0.100
0.100	0.700	0.100	0.100
0.100	0.700	0.100	0.100
0.100	0.100	0.100	0.700
