>CMGGAAGY	1-CMGGAAGY	7.708490	-421.160525	0	T:1776.0(35.86%),B:8091.6(18.45%),P:1e-182	Tpos:303.5,Tstd:237.1,Bpos:247.7,Bstd:150.4,StrandBias:0.1,Multiplicity:1.32
0.108	0.586	0.305	0.001
0.567	0.431	0.001	0.001
0.001	0.001	0.961	0.037
0.001	0.001	0.997	0.001
0.997	0.001	0.001	0.001
0.818	0.038	0.001	0.143
0.420	0.001	0.578	0.001
0.001	0.410	0.095	0.494
>TGTGGTTW	2-TGTGGTTW	7.076149	-317.320266	0	T:1330.0(26.85%),B:5871.2(13.39%),P:1e-137	Tpos:290.0,Tstd:233.6,Bpos:245.3,Bstd:146.7,StrandBias:-0.0,Multiplicity:1.24
0.087	0.093	0.092	0.728
0.008	0.040	0.904	0.048
0.027	0.185	0.060	0.728
0.006	0.048	0.917	0.029
0.001	0.001	0.997	0.001
0.012	0.030	0.138	0.820
0.125	0.209	0.121	0.545
0.422	0.016	0.199	0.363
>TGTGGTTT	3-TGTGGTTT	6.279711	-306.931553	0	T:1959.0(39.55%),B:10422.3(23.77%),P:1e-133	Tpos:288.1,Tstd:240.2,Bpos:245.6,Bstd:151.8,StrandBias:-0.0,Multiplicity:1.17
0.281	0.195	0.001	0.523
0.049	0.001	0.949	0.001
0.094	0.339	0.043	0.524
0.001	0.139	0.859	0.001
0.001	0.001	0.997	0.001
0.001	0.107	0.129	0.763
0.001	0.115	0.153	0.731
0.354	0.001	0.001	0.644
>ACMGGAAG	4-ACMGGAAG	7.034310	-262.729512	0	T:1726.0(34.85%),B:9138.1(20.84%),P:1e-114	Tpos:298.6,Tstd:235.1,Bpos:244.8,Bstd:145.9,StrandBias:-0.1,Multiplicity:1.19
0.960	0.038	0.001	0.001
0.001	0.638	0.335	0.026
0.328	0.419	0.252	0.001
0.001	0.016	0.982	0.001
0.001	0.001	0.906	0.092
0.798	0.040	0.050	0.112
0.761	0.049	0.044	0.146
0.212	0.136	0.651	0.001
>AGGATGTG	5-AGGATGTG	8.539800	-142.898268	0	T:595.0(12.01%),B:2516.6(5.74%),P:1e-62	Tpos:291.3,Tstd:247.1,Bpos:250.2,Bstd:145.7,StrandBias:0.2,Multiplicity:1.11
0.884	0.114	0.001	0.001
0.001	0.001	0.997	0.001
0.001	0.001	0.997	0.001
0.697	0.001	0.301	0.001
0.001	0.001	0.001	0.997
0.001	0.001	0.997	0.001
0.001	0.001	0.001	0.997
0.001	0.001	0.997	0.001
>TTTGTGGC	6-TTTGTGGC	7.777012	-115.430741	0	T:816.0(16.47%),B:4226.2(9.64%),P:1e-50	Tpos:317.5,Tstd:268.3,Bpos:248.7,Bstd:147.4,StrandBias:-0.1,Multiplicity:1.07
0.108	0.219	0.001	0.672
0.001	0.001	0.001	0.997
0.001	0.001	0.165	0.833
0.001	0.001	0.997	0.001
0.001	0.001	0.001	0.997
0.001	0.001	0.997	0.001
0.001	0.001	0.997	0.001
0.001	0.804	0.129	0.066
>GGGCGGAA	7-GGGCGGAA	6.505055	-108.723699	0	T:1708.0(34.48%),B:11057.2(25.21%),P:1e-47	Tpos:350.8,Tstd:268.5,Bpos:245.6,Bstd:156.9,StrandBias:-0.1,Multiplicity:1.59
0.050	0.001	0.948	0.001
0.035	0.001	0.963	0.001
0.030	0.001	0.968	0.001
0.045	0.908	0.001	0.046
0.001	0.001	0.997	0.001
0.016	0.001	0.982	0.001
0.772	0.001	0.180	0.047
0.595	0.001	0.332	0.072
>ATGAGTCA	8-ATGAGTCA	8.274543	-105.790029	0	T:608.0(12.28%),B:2919.0(6.66%),P:1e-45	Tpos:285.0,Tstd:230.9,Bpos:248.7,Bstd:142.6,StrandBias:0.1,Multiplicity:1.13
0.614	0.162	0.139	0.085
0.001	0.001	0.001	0.997
0.001	0.001	0.997	0.001
0.997	0.001	0.001	0.001
0.001	0.281	0.717	0.001
0.001	0.001	0.001	0.997
0.001	0.997	0.001	0.001
0.997	0.001	0.001	0.001
>CATTTCCT	9-CATTTCCT	6.589817	-100.663321	0	T:447.0(9.02%),B:1932.6(4.41%),P:1e-43	Tpos:288.2,Tstd:220.1,Bpos:242.5,Bstd:141.3,StrandBias:-0.1,Multiplicity:1.04
0.001	0.997	0.001	0.001
0.997	0.001	0.001	0.001
0.001	0.001	0.001	0.997
0.119	0.001	0.001	0.879
0.001	0.001	0.001	0.997
0.001	0.997	0.001	0.001
0.001	0.903	0.095	0.001
0.001	0.001	0.001	0.997
>TTTCGGTT	10-TTTCGGTT	5.436108	-89.574234	0	T:1750.0(35.33%),B:11762.6(26.82%),P:1e-38	Tpos:321.6,Tstd:277.8,Bpos:246.4,Bstd:155.6,StrandBias:-0.1,Multiplicity:1.36
0.081	0.074	0.080	0.765
0.041	0.055	0.121	0.783
0.050	0.125	0.160	0.665
0.029	0.790	0.123	0.058
0.137	0.105	0.726	0.032
0.094	0.132	0.627	0.147
0.046	0.055	0.042	0.857
0.071	0.095	0.043	0.791
>GGCGKGGY	11-GGCGKGGY	8.135681	-88.390487	0	T:872.0(17.61%),B:4965.0(11.32%),P:1e-38	Tpos:349.3,Tstd:262.5,Bpos:244.0,Bstd:162.7,StrandBias:-0.1,Multiplicity:1.53
0.001	0.001	0.997	0.001
0.001	0.001	0.997	0.001
0.001	0.988	0.001	0.010
0.001	0.001	0.997	0.001
0.001	0.001	0.460	0.538
0.051	0.001	0.821	0.127
0.136	0.001	0.552	0.311
0.144	0.453	0.001	0.402
>GGCGCGAA	12-GGCGCGAA	5.199004	-77.840795	0	T:1345.0(27.16%),B:8745.1(19.94%),P:1e-33	Tpos:341.4,Tstd:266.8,Bpos:243.0,Bstd:164.9,StrandBias:-0.1,Multiplicity:1.53
0.100	0.133	0.698	0.069
0.073	0.034	0.819	0.074
0.027	0.767	0.049	0.157
0.043	0.031	0.899	0.027
0.129	0.685	0.084	0.102
0.063	0.085	0.722	0.130
0.676	0.069	0.079	0.176
0.739	0.127	0.076	0.058
>TGGGTGTG	13-TGGGTGTG	7.950827	-66.671962	0	T:700.0(14.13%),B:4026.9(9.18%),P:1e-28	Tpos:311.3,Tstd:250.5,Bpos:242.6,Bstd:147.3,StrandBias:-0.1,Multiplicity:1.17
0.001	0.071	0.001	0.927
0.001	0.001	0.997	0.001
0.001	0.001	0.997	0.001
0.001	0.001	0.997	0.001
0.001	0.001	0.001	0.997
0.001	0.001	0.997	0.001
0.001	0.001	0.377	0.621
0.001	0.001	0.997	0.001
>GACGTCAT	14-GACGTCAT	6.429667	-64.353632	0	T:655.0(13.22%),B:3734.5(8.52%),P:1e-27	Tpos:310.4,Tstd:252.6,Bpos:245.9,Bstd:154.3,StrandBias:-0.0,Multiplicity:1.09
0.100	0.110	0.725	0.065
0.907	0.080	0.001	0.012
0.026	0.926	0.001	0.047
0.036	0.001	0.962	0.001
0.042	0.001	0.001	0.956
0.025	0.960	0.001	0.014
0.985	0.001	0.013	0.001
0.001	0.204	0.109	0.686
>CGATTGGT	15-CGATTGGT	6.660145	-57.834005	0	T:619.0(12.50%),B:3570.9(8.14%),P:1e-25	Tpos:300.6,Tstd:238.1,Bpos:249.8,Bstd:148.1,StrandBias:0.1,Multiplicity:1.19
0.097	0.700	0.001	0.202
0.001	0.001	0.678	0.320
0.886	0.001	0.112	0.001
0.001	0.119	0.001	0.879
0.001	0.124	0.001	0.874
0.001	0.179	0.819	0.001
0.125	0.012	0.862	0.001
0.201	0.181	0.001	0.617
>AAGGAAGT	16-AAGGAAGT	7.969900	-57.023424	0	T:418.0(8.44%),B:2164.9(4.94%),P:1e-24	Tpos:308.4,Tstd:293.1,Bpos:251.1,Bstd:146.6,StrandBias:0.2,Multiplicity:1.06
0.858	0.001	0.001	0.140
0.677	0.321	0.001	0.001
0.001	0.001	0.997	0.001
0.001	0.001	0.997	0.001
0.997	0.001	0.001	0.001
0.997	0.001	0.001	0.001
0.001	0.001	0.997	0.001
0.001	0.001	0.001	0.997
>TAGCGGGC	17-TAGCGGGC	7.761668	-39.325875	0	T:377.0(7.61%),B:2108.6(4.81%),P:1e-17	Tpos:353.9,Tstd:299.1,Bpos:247.0,Bstd:160.5,StrandBias:-0.2,Multiplicity:1.10
0.001	0.001	0.001	0.997
0.607	0.001	0.175	0.217
0.096	0.078	0.825	0.001
0.349	0.649	0.001	0.001
0.001	0.061	0.898	0.040
0.001	0.341	0.657	0.001
0.079	0.001	0.919	0.001
0.001	0.794	0.204	0.001
>CGCGGTAA	18-CGCGGTAA	7.271521	-37.785371	0	T:277.0(5.59%),B:1435.3(3.27%),P:1e-16	Tpos:353.0,Tstd:285.3,Bpos:246.2,Bstd:161.0,StrandBias:-0.2,Multiplicity:1.08
0.001	0.856	0.055	0.088
0.001	0.062	0.859	0.078
0.001	0.912	0.030	0.057
0.001	0.001	0.882	0.116
0.013	0.001	0.985	0.001
0.001	0.104	0.229	0.666
0.997	0.001	0.001	0.001
0.908	0.064	0.001	0.027
>CACACCTC	19-CACACCTC	8.402093	-31.980388	0	T:440.0(8.88%),B:2683.6(6.12%),P:1e-13	Tpos:296.5,Tstd:239.2,Bpos:248.6,Bstd:147.4,StrandBias:0.2,Multiplicity:1.06
0.247	0.563	0.114	0.076
0.997	0.001	0.001	0.001
0.001	0.997	0.001	0.001
0.997	0.001	0.001	0.001
0.001	0.997	0.001	0.001
0.001	0.997	0.001	0.001
0.001	0.001	0.001	0.997
0.087	0.911	0.001	0.001
>TGACGCAA	20-TGACGCAA	9.000663	-28.552739	0	T:137.0(2.77%),B:616.5(1.41%),P:1e-12	Tpos:284.7,Tstd:250.2,Bpos:245.1,Bstd:148.0,StrandBias:-0.3,Multiplicity:1.05
0.001	0.001	0.001	0.997
0.001	0.001	0.997	0.001
0.997	0.001	0.001	0.001
0.001	0.724	0.001	0.274
0.001	0.001	0.997	0.001
0.001	0.824	0.174	0.001
0.997	0.001	0.001	0.001
0.997	0.001	0.001	0.001
>CCACTAGG	21-CCACTAGG	7.176818	-21.212135	0	T:358.0(7.23%),B:2279.0(5.20%),P:1e-9	Tpos:295.3,Tstd:252.4,Bpos:244.3,Bstd:149.0,StrandBias:0.2,Multiplicity:1.04
0.001	0.997	0.001	0.001
0.001	0.997	0.001	0.001
0.997	0.001	0.001	0.001
0.001	0.869	0.129	0.001
0.001	0.001	0.001	0.997
0.997	0.001	0.001	0.001
0.144	0.001	0.854	0.001
0.001	0.162	0.836	0.001
>AATGACTA	22-AATGACTA	8.986336	-19.523761	0	T:136.0(2.75%),B:702.4(1.60%),P:1e-8	Tpos:292.8,Tstd:223.5,Bpos:241.6,Bstd:144.1,StrandBias:0.6,Multiplicity:1.02
0.817	0.001	0.001	0.181
0.997	0.001	0.001	0.001
0.001	0.001	0.001	0.997
0.001	0.001	0.997	0.001
0.997	0.001	0.001	0.001
0.001	0.997	0.001	0.001
0.001	0.001	0.152	0.846
0.997	0.001	0.001	0.001
>AAAAAAAA	23-AAAAAAAA	8.236954	-5.515136	0	T:418.0(8.44%),B:3256.5(7.43%),P:1e-2	Tpos:345.9,Tstd:283.0,Bpos:243.9,Bstd:162.7,StrandBias:-0.2,Multiplicity:1.11
0.700	0.100	0.100	0.100
0.700	0.100	0.100	0.100
0.700	0.100	0.100	0.100
0.700	0.100	0.100	0.100
0.700	0.100	0.100	0.100
0.700	0.100	0.100	0.100
0.700	0.100	0.100	0.100
0.700	0.100	0.100	0.100
