>ACMGGAARTG	1-ACMGGAARTG	6.852196	-539.163395	0	T:2053.0(41.45%),B:9152.9(20.87%),P:1e-234	Tpos:301.6,Tstd:233.6,Bpos:245.3,Bstd:150.8,StrandBias:0.0,Multiplicity:1.38
0.405	0.179	0.237	0.179
0.242	0.443	0.264	0.051
0.366	0.478	0.155	0.001
0.037	0.001	0.961	0.001
0.013	0.001	0.985	0.001
0.997	0.001	0.001	0.001
0.780	0.001	0.039	0.180
0.391	0.140	0.444	0.025
0.001	0.330	0.137	0.532
0.226	0.203	0.408	0.162
>TGTGGTTDRN	2-TGTGGTTDRN	7.399672	-332.040384	0	T:1113.0(22.47%),B:4386.4(10.00%),P:1e-144	Tpos:288.5,Tstd:224.3,Bpos:245.1,Bstd:147.2,StrandBias:0.1,Multiplicity:1.17
0.001	0.014	0.031	0.954
0.001	0.001	0.997	0.001
0.001	0.069	0.001	0.929
0.001	0.001	0.997	0.001
0.001	0.001	0.997	0.001
0.001	0.001	0.001	0.997
0.001	0.152	0.001	0.846
0.350	0.057	0.320	0.273
0.397	0.179	0.344	0.080
0.243	0.341	0.204	0.212
>BCTTCCGGTK	3-BCTTCCGGTK	6.555135	-269.041849	0	T:1449.0(29.25%),B:7083.9(16.15%),P:1e-116	Tpos:306.0,Tstd:248.9,Bpos:248.2,Bstd:151.9,StrandBias:0.1,Multiplicity:1.11
0.124	0.353	0.230	0.293
0.001	0.536	0.106	0.357
0.224	0.061	0.001	0.714
0.164	0.001	0.001	0.834
0.001	0.899	0.001	0.099
0.001	0.937	0.001	0.061
0.001	0.001	0.877	0.121
0.119	0.001	0.879	0.001
0.117	0.065	0.114	0.704
0.158	0.195	0.351	0.295
>YNGYGGBNNN	4-YNGYGGBNNN	4.583520	-250.341799	0	T:2159.0(43.59%),B:12600.1(28.73%),P:1e-108	Tpos:298.4,Tstd:246.4,Bpos:244.2,Bstd:148.2,StrandBias:-0.1,Multiplicity:1.27
0.146	0.320	0.161	0.373
0.242	0.212	0.231	0.315
0.001	0.001	0.997	0.001
0.127	0.345	0.163	0.365
0.231	0.286	0.482	0.001
0.001	0.001	0.997	0.001
0.133	0.288	0.231	0.348
0.285	0.184	0.218	0.313
0.267	0.183	0.285	0.265
0.226	0.218	0.281	0.275
>GAAACCGCAA	5-GAAACCGCAA	6.506438	-232.097706	0	T:1722.0(34.77%),B:9440.5(21.53%),P:1e-100	Tpos:309.1,Tstd:257.0,Bpos:244.9,Bstd:153.5,StrandBias:0.1,Multiplicity:1.24
0.229	0.122	0.539	0.110
0.923	0.037	0.017	0.023
0.996	0.001	0.002	0.001
0.690	0.105	0.204	0.001
0.001	0.878	0.108	0.013
0.048	0.762	0.001	0.189
0.277	0.103	0.572	0.048
0.374	0.554	0.045	0.027
0.467	0.215	0.147	0.171
0.614	0.067	0.208	0.111
>RCCMCGCCCA	6-RCCMCGCCCA	7.639674	-228.317356	0	T:1547.0(31.23%),B:8187.0(18.67%),P:1e-99	Tpos:333.5,Tstd:260.2,Bpos:242.2,Bstd:154.2,StrandBias:-0.0,Multiplicity:1.64
0.399	0.001	0.516	0.084
0.089	0.739	0.045	0.127
0.055	0.769	0.001	0.175
0.434	0.477	0.087	0.001
0.084	0.892	0.001	0.023
0.384	0.001	0.614	0.001
0.001	0.997	0.001	0.001
0.001	0.978	0.001	0.020
0.001	0.818	0.001	0.180
0.487	0.228	0.001	0.284
>CAGGMTGTGG	7-CAGGMTGTGG	6.257931	-184.905163	0	T:1276.0(25.76%),B:6696.1(15.27%),P:1e-80	Tpos:306.8,Tstd:244.1,Bpos:245.7,Bstd:141.7,StrandBias:-0.0,Multiplicity:1.12
0.223	0.485	0.034	0.257
0.464	0.196	0.137	0.202
0.030	0.330	0.622	0.018
0.081	0.141	0.559	0.219
0.385	0.243	0.230	0.142
0.313	0.110	0.094	0.483
0.021	0.013	0.948	0.018
0.272	0.012	0.226	0.490
0.017	0.011	0.643	0.329
0.228	0.011	0.528	0.233
>NNTGASTCAB	8-NNTGASTCAB	5.717974	-120.041390	0	T:622.0(12.56%),B:2876.1(6.56%),P:1e-52	Tpos:285.0,Tstd:239.4,Bpos:246.9,Bstd:142.9,StrandBias:-0.0,Multiplicity:1.12
0.259	0.181	0.309	0.251
0.302	0.303	0.221	0.175
0.187	0.117	0.062	0.634
0.160	0.061	0.515	0.264
0.655	0.166	0.126	0.053
0.005	0.453	0.472	0.069
0.087	0.213	0.076	0.624
0.113	0.573	0.101	0.213
0.691	0.043	0.176	0.090
0.120	0.328	0.240	0.312
>CCAATCRGHG	9-CCAATCRGHG	7.764061	-73.297468	0	T:256.0(5.17%),B:989.3(2.26%),P:1e-31	Tpos:312.9,Tstd:223.1,Bpos:254.4,Bstd:152.6,StrandBias:0.1,Multiplicity:1.12
0.041	0.898	0.050	0.011
0.037	0.600	0.362	0.001
0.994	0.001	0.004	0.001
0.920	0.046	0.026	0.008
0.021	0.031	0.016	0.932
0.161	0.653	0.110	0.076
0.326	0.179	0.431	0.064
0.157	0.122	0.562	0.159
0.293	0.335	0.143	0.229
0.393	0.015	0.562	0.030
>CCACATCCTC	10-CCACATCCTC	9.984392	-69.352428	0	T:158.0(3.19%),B:480.3(1.10%),P:1e-30	Tpos:284.1,Tstd:237.3,Bpos:249.5,Bstd:144.4,StrandBias:-0.3,Multiplicity:1.07
0.001	0.997	0.001	0.001
0.001	0.897	0.001	0.101
0.997	0.001	0.001	0.001
0.001	0.997	0.001	0.001
0.997	0.001	0.001	0.001
0.001	0.001	0.001	0.997
0.143	0.855	0.001	0.001
0.001	0.997	0.001	0.001
0.001	0.190	0.083	0.726
0.001	0.864	0.001	0.134
>AACTGAAACT	11-AACTGAAACT	8.919309	-69.016972	0	T:268.0(5.41%),B:1089.1(2.48%),P:1e-29	Tpos:295.1,Tstd:257.2,Bpos:245.2,Bstd:147.8,StrandBias:0.2,Multiplicity:1.04
0.945	0.001	0.020	0.034
0.850	0.001	0.122	0.027
0.026	0.624	0.273	0.077
0.062	0.001	0.001	0.936
0.044	0.001	0.943	0.012
0.947	0.020	0.032	0.001
0.934	0.037	0.028	0.001
0.943	0.024	0.001	0.032
0.001	0.969	0.029	0.001
0.001	0.047	0.008	0.944
>GCGGAWSTDA	12-GCGGAWSTDA	7.452374	-67.257951	0	T:434.0(8.76%),B:2157.1(4.92%),P:1e-29	Tpos:312.0,Tstd:235.2,Bpos:247.5,Bstd:153.7,StrandBias:-0.2,Multiplicity:1.06
0.292	0.001	0.706	0.001
0.223	0.775	0.001	0.001
0.001	0.024	0.974	0.001
0.001	0.001	0.997	0.001
0.651	0.030	0.001	0.318
0.456	0.186	0.001	0.357
0.001	0.538	0.460	0.001
0.001	0.001	0.313	0.685
0.333	0.001	0.319	0.347
0.537	0.105	0.001	0.357
>ATTTCCCGCC	13-ATTTCCCGCC	9.362640	-58.762356	0	T:226.0(4.56%),B:915.4(2.09%),P:1e-25	Tpos:344.8,Tstd:288.6,Bpos:238.0,Bstd:159.1,StrandBias:-0.1,Multiplicity:1.10
0.551	0.123	0.263	0.063
0.069	0.001	0.376	0.554
0.001	0.182	0.001	0.816
0.001	0.001	0.007	0.991
0.001	0.879	0.001	0.119
0.001	0.997	0.001	0.001
0.001	0.780	0.001	0.218
0.006	0.001	0.992	0.001
0.001	0.886	0.112	0.001
0.033	0.965	0.001	0.001
>TAGGTGGCGC	14-TAGGTGGCGC	7.649155	-47.181509	0	T:222.0(4.48%),B:982.1(2.24%),P:1e-20	Tpos:347.0,Tstd:334.5,Bpos:244.2,Bstd:157.7,StrandBias:-0.4,Multiplicity:1.07
0.081	0.092	0.046	0.781
0.789	0.068	0.051	0.092
0.054	0.063	0.826	0.057
0.090	0.073	0.793	0.044
0.072	0.072	0.121	0.735
0.044	0.065	0.792	0.099
0.060	0.039	0.823	0.078
0.103	0.830	0.038	0.029
0.035	0.051	0.846	0.068
0.065	0.789	0.104	0.042
>MGCGCGCGAA	15-MGCGCGCGAA	6.014301	-45.691496	0	T:417.0(8.42%),B:2301.3(5.25%),P:1e-19	Tpos:365.0,Tstd:274.8,Bpos:240.6,Bstd:169.2,StrandBias:-0.0,Multiplicity:1.28
0.240	0.365	0.195	0.199
0.067	0.063	0.859	0.011
0.077	0.592	0.279	0.052
0.120	0.131	0.686	0.063
0.128	0.573	0.117	0.182
0.074	0.040	0.823	0.063
0.198	0.487	0.161	0.154
0.170	0.183	0.460	0.187
0.620	0.138	0.107	0.135
0.444	0.173	0.106	0.277
>GCCGTCTAGT	16-GCCGTCTAGT	9.108629	-40.404284	0	T:147.0(2.97%),B:583.5(1.33%),P:1e-17	Tpos:284.9,Tstd:235.0,Bpos:244.6,Bstd:142.7,StrandBias:0.0,Multiplicity:1.02
0.179	0.098	0.722	0.001
0.136	0.727	0.001	0.136
0.001	0.997	0.001	0.001
0.165	0.273	0.561	0.001
0.019	0.335	0.001	0.645
0.001	0.997	0.001	0.001
0.062	0.001	0.001	0.936
0.761	0.001	0.237	0.001
0.001	0.028	0.970	0.001
0.001	0.001	0.001	0.997
>TGCGCTTGCG	17-TGCGCTTGCG	8.703578	-40.106769	0	T:188.0(3.80%),B:832.9(1.90%),P:1e-17	Tpos:314.5,Tstd:208.3,Bpos:247.5,Bstd:168.9,StrandBias:0.0,Multiplicity:1.15
0.001	0.091	0.001	0.907
0.035	0.083	0.881	0.001
0.037	0.961	0.001	0.001
0.001	0.042	0.956	0.001
0.070	0.886	0.001	0.043
0.229	0.175	0.001	0.595
0.001	0.001	0.057	0.941
0.001	0.001	0.997	0.001
0.009	0.989	0.001	0.001
0.037	0.001	0.946	0.016
>KAGGCGYGAW	18-KAGGCGYGAW	7.275569	-37.620147	0	T:217.0(4.38%),B:1039.4(2.37%),P:1e-16	Tpos:271.6,Tstd:204.5,Bpos:247.1,Bstd:151.1,StrandBias:0.4,Multiplicity:1.04
0.076	0.036	0.482	0.406
0.713	0.191	0.045	0.051
0.184	0.190	0.466	0.161
0.048	0.060	0.734	0.158
0.032	0.662	0.017	0.289
0.137	0.026	0.788	0.049
0.030	0.404	0.027	0.539
0.039	0.018	0.899	0.044
0.834	0.064	0.031	0.071
0.434	0.066	0.099	0.401
>TGACGTCACG	19-TGACGTCACG	6.614936	-37.232831	0	T:225.0(4.54%),B:1095.1(2.50%),P:1e-16	Tpos:307.9,Tstd:234.7,Bpos:240.8,Bstd:162.5,StrandBias:0.0,Multiplicity:1.07
0.090	0.075	0.095	0.740
0.118	0.100	0.670	0.112
0.693	0.100	0.089	0.118
0.097	0.704	0.101	0.098
0.093	0.086	0.729	0.092
0.092	0.086	0.084	0.738
0.113	0.680	0.106	0.101
0.721	0.090	0.096	0.093
0.104	0.670	0.109	0.117
0.114	0.122	0.655	0.109
>GCGCCAAGAG	20-GCGCCAAGAG	9.248093	-36.591840	0	T:145.0(2.93%),B:599.6(1.37%),P:1e-15	Tpos:322.0,Tstd:254.5,Bpos:246.5,Bstd:167.5,StrandBias:-0.1,Multiplicity:1.09
0.320	0.001	0.678	0.001
0.001	0.948	0.050	0.001
0.001	0.001	0.997	0.001
0.001	0.698	0.010	0.291
0.412	0.579	0.001	0.008
0.682	0.001	0.316	0.001
0.735	0.263	0.001	0.001
0.001	0.076	0.922	0.001
0.558	0.368	0.001	0.073
0.001	0.001	0.994	0.004
>ACATCTCCGC	21-ACATCTCCGC	-0.029112	-21.075223	0	T:1505.0(30.39%),B:11631.6(26.52%),P:1e-9	Tpos:324.0,Tstd:253.0,Bpos:246.7,Bstd:149.5,StrandBias:0.1,Multiplicity:1.23
0.997	0.001	0.001	0.001
0.001	0.997	0.001	0.001
0.997	0.001	0.001	0.001
0.001	0.001	0.001	0.997
0.001	0.997	0.001	0.001
0.001	0.001	0.052	0.946
0.001	0.997	0.001	0.001
0.001	0.997	0.001	0.001
0.001	0.001	0.997	0.001
0.001	0.997	0.001	0.001
>TCGTAGATGA	22-TCGTAGATGA	10.296193	-18.457443	0	T:9.0(0.18%),B:5.8(0.01%),P:1e-8	Tpos:230.4,Tstd:130.6,Bpos:158.6,Bstd:134.1,StrandBias:0.3,Multiplicity:1.00
0.100	0.100	0.100	0.700
0.100	0.700	0.100	0.100
0.100	0.100	0.700	0.100
0.100	0.100	0.100	0.700
0.700	0.100	0.100	0.100
0.100	0.100	0.700	0.100
0.700	0.100	0.100	0.100
0.100	0.100	0.100	0.700
0.100	0.100	0.700	0.100
0.700	0.100	0.100	0.100
>TGCTTGCGCG	23-TGCTTGCGCG	10.296193	-18.177604	0	T:10.0(0.20%),B:7.3(0.02%),P:1e-7	Tpos:331.5,Tstd:202.1,Bpos:169.0,Bstd:121.7,StrandBias:0.6,Multiplicity:1.00
0.100	0.100	0.100	0.700
0.100	0.100	0.700	0.100
0.100	0.700	0.100	0.100
0.100	0.100	0.100	0.700
0.100	0.100	0.100	0.700
0.100	0.100	0.700	0.100
0.100	0.700	0.100	0.100
0.100	0.100	0.700	0.100
0.100	0.700	0.100	0.100
0.100	0.100	0.700	0.100
>GTAGCACCGC	24-GTAGCACCGC	10.714609	-11.253700	0	T:14.0(0.28%),B:30.7(0.07%),P:1e-4	Tpos:276.0,Tstd:183.5,Bpos:226.2,Bstd:128.3,StrandBias:0.0,Multiplicity:1.17
0.416	0.001	0.582	0.001
0.001	0.001	0.001	0.997
0.997	0.001	0.001	0.001
0.001	0.001	0.860	0.138
0.216	0.684	0.099	0.001
0.997	0.001	0.001	0.001
0.001	0.997	0.001	0.001
0.001	0.882	0.001	0.116
0.001	0.001	0.997	0.001
0.001	0.997	0.001	0.001
>GATGTGTTAG	25-GATGTGTTAG	8.350283	-5.787889	0	T:130.0(2.62%),B:896.7(2.04%),P:1e-2	Tpos:345.4,Tstd:240.1,Bpos:245.4,Bstd:144.9,StrandBias:0.1,Multiplicity:1.19
0.100	0.100	0.700	0.100
0.700	0.100	0.100	0.100
0.100	0.100	0.100	0.700
0.100	0.100	0.700	0.100
0.100	0.100	0.100	0.700
0.100	0.100	0.700	0.100
0.100	0.100	0.100	0.700
0.100	0.100	0.100	0.700
0.700	0.100	0.100	0.100
0.100	0.100	0.700	0.100
