>ACMGGAARTG	1-ACMGGAARTG	6.852196	-539.163395	0	T:2053.0(41.45%),B:9152.9(20.87%),P:1e-234	Tpos:301.6,Tstd:233.6,Bpos:245.3,Bstd:150.8,StrandBias:0.0,Multiplicity:1.38
0.405	0.179	0.237	0.179
0.242	0.443	0.264	0.051
0.366	0.478	0.155	0.001
0.037	0.001	0.961	0.001
0.013	0.001	0.985	0.001
0.997	0.001	0.001	0.001
0.780	0.001	0.039	0.180
0.391	0.140	0.444	0.025
0.001	0.330	0.137	0.532
0.226	0.203	0.408	0.162
>TGTGGTTDRN	2-TGTGGTTDRN	7.399672	-332.040384	0	T:1113.0(22.47%),B:4386.4(10.00%),P:1e-144	Tpos:288.5,Tstd:224.3,Bpos:245.1,Bstd:147.2,StrandBias:0.1,Multiplicity:1.17
0.001	0.014	0.031	0.954
0.001	0.001	0.997	0.001
0.001	0.069	0.001	0.929
0.001	0.001	0.997	0.001
0.001	0.001	0.997	0.001
0.001	0.001	0.001	0.997
0.001	0.152	0.001	0.846
0.350	0.057	0.320	0.273
0.397	0.179	0.344	0.080
0.243	0.341	0.204	0.212
>BCTTCCGGTK	3-BCTTCCGGTK	6.555135	-269.041849	0	T:1449.0(29.25%),B:7083.9(16.15%),P:1e-116	Tpos:306.0,Tstd:248.9,Bpos:248.2,Bstd:151.9,StrandBias:0.1,Multiplicity:1.11
0.124	0.353	0.230	0.293
0.001	0.536	0.106	0.357
0.224	0.061	0.001	0.714
0.164	0.001	0.001	0.834
0.001	0.899	0.001	0.099
0.001	0.937	0.001	0.061
0.001	0.001	0.877	0.121
0.119	0.001	0.879	0.001
0.117	0.065	0.114	0.704
0.158	0.195	0.351	0.295
>YNGYGGBNNN	4-YNGYGGBNNN	4.583520	-250.341799	0	T:2159.0(43.59%),B:12600.1(28.73%),P:1e-108	Tpos:298.4,Tstd:246.4,Bpos:244.2,Bstd:148.2,StrandBias:-0.1,Multiplicity:1.27
0.146	0.320	0.161	0.373
0.242	0.212	0.231	0.315
0.001	0.001	0.997	0.001
0.127	0.345	0.163	0.365
0.231	0.286	0.482	0.001
0.001	0.001	0.997	0.001
0.133	0.288	0.231	0.348
0.285	0.184	0.218	0.313
0.267	0.183	0.285	0.265
0.226	0.218	0.281	0.275
>GAAACCGCAA	5-GAAACCGCAA	6.506438	-232.097706	0	T:1722.0(34.77%),B:9440.5(21.53%),P:1e-100	Tpos:309.1,Tstd:257.0,Bpos:244.9,Bstd:153.5,StrandBias:0.1,Multiplicity:1.24
0.229	0.122	0.539	0.110
0.923	0.037	0.017	0.023
0.996	0.001	0.002	0.001
0.690	0.105	0.204	0.001
0.001	0.878	0.108	0.013
0.048	0.762	0.001	0.189
0.277	0.103	0.572	0.048
0.374	0.554	0.045	0.027
0.467	0.215	0.147	0.171
0.614	0.067	0.208	0.111
>RCCMCGCCCA	6-RCCMCGCCCA	7.639674	-228.317356	0	T:1547.0(31.23%),B:8187.0(18.67%),P:1e-99	Tpos:333.5,Tstd:260.2,Bpos:242.2,Bstd:154.2,StrandBias:-0.0,Multiplicity:1.64
0.399	0.001	0.516	0.084
0.089	0.739	0.045	0.127
0.055	0.769	0.001	0.175
0.434	0.477	0.087	0.001
0.084	0.892	0.001	0.023
0.384	0.001	0.614	0.001
0.001	0.997	0.001	0.001
0.001	0.978	0.001	0.020
0.001	0.818	0.001	0.180
0.487	0.228	0.001	0.284
>CAGGMTGTGG	7-CAGGMTGTGG	6.257931	-184.905163	0	T:1276.0(25.76%),B:6696.1(15.27%),P:1e-80	Tpos:306.8,Tstd:244.1,Bpos:245.7,Bstd:141.7,StrandBias:-0.0,Multiplicity:1.12
0.223	0.485	0.034	0.257
0.464	0.196	0.137	0.202
0.030	0.330	0.622	0.018
0.081	0.141	0.559	0.219
0.385	0.243	0.230	0.142
0.313	0.110	0.094	0.483
0.021	0.013	0.948	0.018
0.272	0.012	0.226	0.490
0.017	0.011	0.643	0.329
0.228	0.011	0.528	0.233
>NNTGASTCAB	8-NNTGASTCAB	5.717974	-120.041390	0	T:622.0(12.56%),B:2876.1(6.56%),P:1e-52	Tpos:285.0,Tstd:239.4,Bpos:246.9,Bstd:142.9,StrandBias:-0.0,Multiplicity:1.12
0.259	0.181	0.309	0.251
0.302	0.303	0.221	0.175
0.187	0.117	0.062	0.634
0.160	0.061	0.515	0.264
0.655	0.166	0.126	0.053
0.005	0.453	0.472	0.069
0.087	0.213	0.076	0.624
0.113	0.573	0.101	0.213
0.691	0.043	0.176	0.090
0.120	0.328	0.240	0.312
>CCAATCRGHG	9-CCAATCRGHG	7.764061	-73.297468	0	T:256.0(5.17%),B:989.3(2.26%),P:1e-31	Tpos:312.9,Tstd:223.1,Bpos:254.4,Bstd:152.6,StrandBias:0.1,Multiplicity:1.12
0.041	0.898	0.050	0.011
0.037	0.600	0.362	0.001
0.994	0.001	0.004	0.001
0.920	0.046	0.026	0.008
0.021	0.031	0.016	0.932
0.161	0.653	0.110	0.076
0.326	0.179	0.431	0.064
0.157	0.122	0.562	0.159
0.293	0.335	0.143	0.229
0.393	0.015	0.562	0.030
>CCACATCCTC	10-CCACATCCTC	9.984392	-69.352428	0	T:158.0(3.19%),B:480.3(1.10%),P:1e-30	Tpos:284.1,Tstd:237.3,Bpos:249.5,Bstd:144.4,StrandBias:-0.3,Multiplicity:1.07
0.001	0.997	0.001	0.001
0.001	0.897	0.001	0.101
0.997	0.001	0.001	0.001
0.001	0.997	0.001	0.001
0.997	0.001	0.001	0.001
0.001	0.001	0.001	0.997
0.143	0.855	0.001	0.001
0.001	0.997	0.001	0.001
0.001	0.190	0.083	0.726
0.001	0.864	0.001	0.134
>AACTGAAACT	11-AACTGAAACT	8.919309	-69.016972	0	T:268.0(5.41%),B:1089.1(2.48%),P:1e-29	Tpos:295.1,Tstd:257.2,Bpos:245.2,Bstd:147.8,StrandBias:0.2,Multiplicity:1.04
0.945	0.001	0.020	0.034
0.850	0.001	0.122	0.027
0.026	0.624	0.273	0.077
0.062	0.001	0.001	0.936
0.044	0.001	0.943	0.012
0.947	0.020	0.032	0.001
0.934	0.037	0.028	0.001
0.943	0.024	0.001	0.032
0.001	0.969	0.029	0.001
0.001	0.047	0.008	0.944
>GCGGAWSTDA	12-GCGGAWSTDA	7.452374	-67.257951	0	T:434.0(8.76%),B:2157.1(4.92%),P:1e-29	Tpos:312.0,Tstd:235.2,Bpos:247.5,Bstd:153.7,StrandBias:-0.2,Multiplicity:1.06
0.292	0.001	0.706	0.001
0.223	0.775	0.001	0.001
0.001	0.024	0.974	0.001
0.001	0.001	0.997	0.001
0.651	0.030	0.001	0.318
0.456	0.186	0.001	0.357
0.001	0.538	0.460	0.001
0.001	0.001	0.313	0.685
0.333	0.001	0.319	0.347
0.537	0.105	0.001	0.357
>ATTTCCCGCC	13-ATTTCCCGCC	9.362640	-58.762356	0	T:226.0(4.56%),B:915.4(2.09%),P:1e-25	Tpos:344.8,Tstd:288.6,Bpos:238.0,Bstd:159.1,StrandBias:-0.1,Multiplicity:1.10
0.551	0.123	0.263	0.063
0.069	0.001	0.376	0.554
0.001	0.182	0.001	0.816
0.001	0.001	0.007	0.991
0.001	0.879	0.001	0.119
0.001	0.997	0.001	0.001
0.001	0.780	0.001	0.218
0.006	0.001	0.992	0.001
0.001	0.886	0.112	0.001
0.033	0.965	0.001	0.001
>TAGGTGGCGC	14-TAGGTGGCGC	7.649155	-47.181509	0	T:222.0(4.48%),B:982.1(2.24%),P:1e-20	Tpos:347.0,Tstd:334.5,Bpos:244.2,Bstd:157.7,StrandBias:-0.4,Multiplicity:1.07
0.081	0.092	0.046	0.781
0.789	0.068	0.051	0.092
0.054	0.063	0.826	0.057
0.090	0.073	0.793	0.044
0.072	0.072	0.121	0.735
0.044	0.065	0.792	0.099
0.060	0.039	0.823	0.078
0.103	0.830	0.038	0.029
0.035	0.051	0.846	0.068
0.065	0.789	0.104	0.042
>MGCGCGCGAA	15-MGCGCGCGAA	6.014301	-45.691496	0	T:417.0(8.42%),B:2301.3(5.25%),P:1e-19	Tpos:365.0,Tstd:274.8,Bpos:240.6,Bstd:169.2,StrandBias:-0.0,Multiplicity:1.28
0.240	0.365	0.195	0.199
0.067	0.063	0.859	0.011
0.077	0.592	0.279	0.052
0.120	0.131	0.686	0.063
0.128	0.573	0.117	0.182
0.074	0.040	0.823	0.063
0.198	0.487	0.161	0.154
0.170	0.183	0.460	0.187
0.620	0.138	0.107	0.135
0.444	0.173	0.106	0.277
>GCCGTCTAGT	16-GCCGTCTAGT	9.108629	-40.404284	0	T:147.0(2.97%),B:583.5(1.33%),P:1e-17	Tpos:284.9,Tstd:235.0,Bpos:244.6,Bstd:142.7,StrandBias:0.0,Multiplicity:1.02
0.179	0.098	0.722	0.001
0.136	0.727	0.001	0.136
0.001	0.997	0.001	0.001
0.165	0.273	0.561	0.001
0.019	0.335	0.001	0.645
0.001	0.997	0.001	0.001
0.062	0.001	0.001	0.936
0.761	0.001	0.237	0.001
0.001	0.028	0.970	0.001
0.001	0.001	0.001	0.997
>TGCGCTTGCG	17-TGCGCTTGCG	8.703578	-40.106769	0	T:188.0(3.80%),B:832.9(1.90%),P:1e-17	Tpos:314.5,Tstd:208.3,Bpos:247.5,Bstd:168.9,StrandBias:0.0,Multiplicity:1.15
0.001	0.091	0.001	0.907
0.035	0.083	0.881	0.001
0.037	0.961	0.001	0.001
0.001	0.042	0.956	0.001
0.070	0.886	0.001	0.043
0.229	0.175	0.001	0.595
0.001	0.001	0.057	0.941
0.001	0.001	0.997	0.001
0.009	0.989	0.001	0.001
0.037	0.001	0.946	0.016
>KAGGCGYGAW	18-KAGGCGYGAW	7.275569	-37.620147	0	T:217.0(4.38%),B:1039.4(2.37%),P:1e-16	Tpos:271.6,Tstd:204.5,Bpos:247.1,Bstd:151.1,StrandBias:0.4,Multiplicity:1.04
0.076	0.036	0.482	0.406
0.713	0.191	0.045	0.051
0.184	0.190	0.466	0.161
0.048	0.060	0.734	0.158
0.032	0.662	0.017	0.289
0.137	0.026	0.788	0.049
0.030	0.404	0.027	0.539
0.039	0.018	0.899	0.044
0.834	0.064	0.031	0.071
0.434	0.066	0.099	0.401
>TGACGTCACG	19-TGACGTCACG	6.614936	-37.232831	0	T:225.0(4.54%),B:1095.1(2.50%),P:1e-16	Tpos:307.9,Tstd:234.7,Bpos:240.8,Bstd:162.5,StrandBias:0.0,Multiplicity:1.07
0.090	0.075	0.095	0.740
0.118	0.100	0.670	0.112
0.693	0.100	0.089	0.118
0.097	0.704	0.101	0.098
0.093	0.086	0.729	0.092
0.092	0.086	0.084	0.738
0.113	0.680	0.106	0.101
0.721	0.090	0.096	0.093
0.104	0.670	0.109	0.117
0.114	0.122	0.655	0.109
>GCGCCAAGAG	20-GCGCCAAGAG	9.248093	-36.591840	0	T:145.0(2.93%),B:599.6(1.37%),P:1e-15	Tpos:322.0,Tstd:254.5,Bpos:246.5,Bstd:167.5,StrandBias:-0.1,Multiplicity:1.09
0.320	0.001	0.678	0.001
0.001	0.948	0.050	0.001
0.001	0.001	0.997	0.001
0.001	0.698	0.010	0.291
0.412	0.579	0.001	0.008
0.682	0.001	0.316	0.001
0.735	0.263	0.001	0.001
0.001	0.076	0.922	0.001
0.558	0.368	0.001	0.073
0.001	0.001	0.994	0.004
>ACATCTCCGC	21-ACATCTCCGC	-0.029112	-21.075223	0	T:1505.0(30.39%),B:11631.6(26.52%),P:1e-9	Tpos:324.0,Tstd:253.0,Bpos:246.7,Bstd:149.5,StrandBias:0.1,Multiplicity:1.23
0.997	0.001	0.001	0.001
0.001	0.997	0.001	0.001
0.997	0.001	0.001	0.001
0.001	0.001	0.001	0.997
0.001	0.997	0.001	0.001
0.001	0.001	0.052	0.946
0.001	0.997	0.001	0.001
0.001	0.997	0.001	0.001
0.001	0.001	0.997	0.001
0.001	0.997	0.001	0.001
>TCGTAGATGA	22-TCGTAGATGA	10.296193	-18.457443	0	T:9.0(0.18%),B:5.8(0.01%),P:1e-8	Tpos:230.4,Tstd:130.6,Bpos:158.6,Bstd:134.1,StrandBias:0.3,Multiplicity:1.00
0.100	0.100	0.100	0.700
0.100	0.700	0.100	0.100
0.100	0.100	0.700	0.100
0.100	0.100	0.100	0.700
0.700	0.100	0.100	0.100
0.100	0.100	0.700	0.100
0.700	0.100	0.100	0.100
0.100	0.100	0.100	0.700
0.100	0.100	0.700	0.100
0.700	0.100	0.100	0.100
>TGCTTGCGCG	23-TGCTTGCGCG	10.296193	-18.177604	0	T:10.0(0.20%),B:7.3(0.02%),P:1e-7	Tpos:331.5,Tstd:202.1,Bpos:169.0,Bstd:121.7,StrandBias:0.6,Multiplicity:1.00
0.100	0.100	0.100	0.700
0.100	0.100	0.700	0.100
0.100	0.700	0.100	0.100
0.100	0.100	0.100	0.700
0.100	0.100	0.100	0.700
0.100	0.100	0.700	0.100
0.100	0.700	0.100	0.100
0.100	0.100	0.700	0.100
0.100	0.700	0.100	0.100
0.100	0.100	0.700	0.100
>GTAGCACCGC	24-GTAGCACCGC	10.714609	-11.253700	0	T:14.0(0.28%),B:30.7(0.07%),P:1e-4	Tpos:276.0,Tstd:183.5,Bpos:226.2,Bstd:128.3,StrandBias:0.0,Multiplicity:1.17
0.416	0.001	0.582	0.001
0.001	0.001	0.001	0.997
0.997	0.001	0.001	0.001
0.001	0.001	0.860	0.138
0.216	0.684	0.099	0.001
0.997	0.001	0.001	0.001
0.001	0.997	0.001	0.001
0.001	0.882	0.001	0.116
0.001	0.001	0.997	0.001
0.001	0.997	0.001	0.001
>GATGTGTTAG	25-GATGTGTTAG	8.350283	-5.787889	0	T:130.0(2.62%),B:896.7(2.04%),P:1e-2	Tpos:345.4,Tstd:240.1,Bpos:245.4,Bstd:144.9,StrandBias:0.1,Multiplicity:1.19
0.100	0.100	0.700	0.100
0.700	0.100	0.100	0.100
0.100	0.100	0.100	0.700
0.100	0.100	0.700	0.100
0.100	0.100	0.100	0.700
0.100	0.100	0.700	0.100
0.100	0.100	0.100	0.700
0.100	0.100	0.100	0.700
0.700	0.100	0.100	0.100
0.100	0.100	0.700	0.100
>NCCACTTCCTGT	1-NCCACTTCCTGT	8.150443	-518.902813	0	T:1388.0(28.02%),B:4960.9(11.31%),P:1e-225	Tpos:296.1,Tstd:227.8,Bpos:245.6,Bstd:145.6,StrandBias:-0.1,Multiplicity:1.24
0.273	0.264	0.228	0.234
0.167	0.458	0.164	0.212
0.126	0.630	0.098	0.146
0.770	0.069	0.090	0.071
0.001	0.813	0.020	0.166
0.223	0.001	0.010	0.766
0.006	0.018	0.001	0.975
0.001	0.984	0.001	0.014
0.001	0.996	0.001	0.002
0.002	0.018	0.054	0.926
0.021	0.241	0.626	0.112
0.092	0.277	0.065	0.566
>RYTTCCTGTBWB	2-RYTTCCTGTBWB	8.205512	-356.388377	0	T:1391.0(28.08%),B:5982.8(13.64%),P:1e-154	Tpos:302.9,Tstd:247.7,Bpos:247.4,Bstd:145.0,StrandBias:-0.1,Multiplicity:1.13
0.319	0.102	0.468	0.111
0.001	0.336	0.179	0.484
0.001	0.082	0.001	0.916
0.001	0.001	0.038	0.960
0.001	0.997	0.001	0.001
0.001	0.997	0.001	0.001
0.014	0.001	0.001	0.984
0.001	0.247	0.537	0.215
0.171	0.262	0.155	0.413
0.141	0.310	0.261	0.289
0.252	0.179	0.168	0.400
0.117	0.254	0.359	0.270
>VDGGAAACCACA	3-VDGGAAACCACA	6.475073	-305.910125	0	T:1639.0(33.09%),B:8087.2(18.44%),P:1e-132	Tpos:284.2,Tstd:227.1,Bpos:245.3,Bstd:146.7,StrandBias:-0.0,Multiplicity:1.26
0.273	0.240	0.335	0.152
0.323	0.100	0.314	0.263
0.280	0.071	0.518	0.131
0.078	0.242	0.478	0.202
0.715	0.170	0.027	0.088
0.989	0.001	0.009	0.001
0.844	0.039	0.116	0.001
0.001	0.997	0.001	0.001
0.003	0.995	0.001	0.001
0.915	0.048	0.036	0.001
0.037	0.961	0.001	0.001
0.917	0.012	0.001	0.070
>NDGGGYGGGGMN	4-NDGGGYGGGGMN	7.488396	-217.660152	0	T:1945.0(39.27%),B:11320.4(25.82%),P:1e-94	Tpos:335.0,Tstd:264.6,Bpos:243.1,Bstd:151.9,StrandBias:0.0,Multiplicity:1.69
0.252	0.220	0.288	0.240
0.369	0.001	0.270	0.360
0.282	0.001	0.716	0.001
0.001	0.001	0.997	0.001
0.001	0.001	0.997	0.001
0.150	0.443	0.001	0.407
0.064	0.001	0.759	0.176
0.001	0.001	0.627	0.371
0.379	0.001	0.619	0.001
0.292	0.001	0.531	0.176
0.306	0.443	0.001	0.250
0.181	0.313	0.198	0.308
>GCCCCCTAGTGG	5-GCCCCCTAGTGG	9.188344	-126.537513	0	T:364.0(7.35%),B:1272.5(2.90%),P:1e-54	Tpos:273.4,Tstd:258.6,Bpos:249.8,Bstd:145.1,StrandBias:0.1,Multiplicity:1.04
0.101	0.001	0.706	0.192
0.048	0.883	0.001	0.068
0.001	0.963	0.001	0.035
0.313	0.644	0.042	0.001
0.138	0.571	0.001	0.290
0.020	0.978	0.001	0.001
0.001	0.119	0.001	0.879
0.525	0.001	0.281	0.193
0.042	0.267	0.648	0.043
0.089	0.044	0.057	0.810
0.001	0.001	0.997	0.001
0.073	0.056	0.699	0.172
>BSTGGTTTCCNS	6-BSTGGTTTCCNS	5.941082	-116.556895	0	T:2258.0(45.59%),B:15434.6(35.20%),P:1e-50	Tpos:315.2,Tstd:271.4,Bpos:244.0,Bstd:147.4,StrandBias:-0.0,Multiplicity:1.32
0.074	0.384	0.242	0.300
0.200	0.254	0.355	0.191
0.083	0.170	0.168	0.579
0.192	0.234	0.538	0.036
0.177	0.098	0.629	0.096
0.002	0.001	0.001	0.996
0.039	0.001	0.010	0.950
0.159	0.157	0.005	0.679
0.024	0.878	0.075	0.023
0.017	0.769	0.105	0.109
0.237	0.288	0.243	0.233
0.201	0.372	0.271	0.156
>NNVTGACTCABN	7-NNVTGACTCABN	3.578505	-113.372578	0	T:726.0(14.66%),B:3631.2(8.28%),P:1e-49	Tpos:286.2,Tstd:230.5,Bpos:248.1,Bstd:141.9,StrandBias:-0.0,Multiplicity:1.13
0.300	0.179	0.318	0.203
0.310	0.178	0.229	0.283
0.352	0.275	0.278	0.095
0.001	0.001	0.001	0.997
0.001	0.001	0.997	0.001
0.997	0.001	0.001	0.001
0.001	0.714	0.284	0.001
0.001	0.001	0.001	0.997
0.001	0.997	0.001	0.001
0.997	0.001	0.001	0.001
0.001	0.361	0.340	0.298
0.250	0.310	0.166	0.274
>AAACTGAAACTA	8-AAACTGAAACTA	9.267503	-88.165970	0	T:290.0(5.86%),B:1087.4(2.48%),P:1e-38	Tpos:290.0,Tstd:276.8,Bpos:248.1,Bstd:155.6,StrandBias:0.3,Multiplicity:1.08
0.997	0.001	0.001	0.001
0.917	0.002	0.046	0.035
0.919	0.001	0.001	0.079
0.041	0.597	0.316	0.046
0.145	0.001	0.001	0.853
0.059	0.001	0.939	0.001
0.997	0.001	0.001	0.001
0.997	0.001	0.001	0.001
0.997	0.001	0.001	0.001
0.034	0.639	0.280	0.047
0.093	0.241	0.001	0.665
0.494	0.115	0.276	0.115
>NCTTCCGGTTBM	9-NCTTCCGGTTBM	6.569849	-86.749515	0	T:564.0(11.39%),B:2819.0(6.43%),P:1e-37	Tpos:311.5,Tstd:258.8,Bpos:249.7,Bstd:160.9,StrandBias:-0.1,Multiplicity:1.11
0.310	0.300	0.226	0.164
0.033	0.440	0.249	0.279
0.016	0.001	0.049	0.934
0.065	0.001	0.001	0.933
0.066	0.720	0.016	0.198
0.001	0.966	0.032	0.001
0.024	0.016	0.959	0.001
0.197	0.139	0.565	0.099
0.049	0.001	0.044	0.906
0.049	0.001	0.049	0.901
0.033	0.335	0.314	0.318
0.282	0.388	0.226	0.105
>GTCTGTCTGTGG	10-GTCTGTCTGTGG	10.000635	-47.845438	0	T:192.0(3.88%),B:794.6(1.81%),P:1e-20	Tpos:281.9,Tstd:234.1,Bpos:240.4,Bstd:140.2,StrandBias:-0.1,Multiplicity:1.01
0.238	0.229	0.532	0.001
0.299	0.001	0.001	0.699
0.001	0.997	0.001	0.001
0.001	0.001	0.001	0.997
0.001	0.280	0.482	0.237
0.116	0.366	0.001	0.517
0.066	0.562	0.001	0.371
0.305	0.001	0.001	0.693
0.001	0.001	0.980	0.018
0.081	0.001	0.001	0.917
0.001	0.001	0.966	0.032
0.001	0.001	0.997	0.001
>AAACCACACAGC	11-AAACCACACAGC	10.147272	-43.474400	0	T:134.0(2.71%),B:489.8(1.12%),P:1e-18	Tpos:287.8,Tstd:297.8,Bpos:239.9,Bstd:148.2,StrandBias:-0.2,Multiplicity:1.03
0.888	0.034	0.035	0.043
0.837	0.036	0.048	0.079
0.997	0.001	0.001	0.001
0.094	0.695	0.072	0.139
0.144	0.780	0.075	0.001
0.687	0.166	0.016	0.131
0.146	0.702	0.151	0.001
0.896	0.069	0.034	0.001
0.079	0.870	0.050	0.001
0.847	0.068	0.001	0.084
0.102	0.001	0.896	0.001
0.050	0.867	0.070	0.013
>CGGACGGCGGGC	12-CGGACGGCGGGC	12.784901	-38.128166	0	T:19.0(0.38%),B:10.1(0.02%),P:1e-16	Tpos:244.6,Tstd:109.6,Bpos:186.1,Bstd:141.6,StrandBias:0.2,Multiplicity:1.00
0.001	0.707	0.001	0.291
0.001	0.001	0.997	0.001
0.291	0.001	0.707	0.001
0.997	0.001	0.001	0.001
0.001	0.884	0.001	0.114
0.001	0.291	0.707	0.001
0.001	0.001	0.997	0.001
0.001	0.997	0.001	0.001
0.001	0.001	0.997	0.001
0.001	0.001	0.997	0.001
0.001	0.001	0.997	0.001
0.001	0.997	0.001	0.001
>GGGCGCTCTTGC	13-GGGCGCTCTTGC	13.951703	-33.314543	0	T:13.0(0.26%),B:4.7(0.01%),P:1e-14	Tpos:283.7,Tstd:201.3,Bpos:323.4,Bstd:179.3,StrandBias:0.7,Multiplicity:1.00
0.001	0.001	0.997	0.001
0.001	0.001	0.997	0.001
0.001	0.001	0.997	0.001
0.001	0.914	0.001	0.084
0.001	0.001	0.997	0.001
0.001	0.997	0.001	0.001
0.001	0.001	0.001	0.997
0.001	0.914	0.084	0.001
0.001	0.001	0.001	0.997
0.001	0.001	0.001	0.997
0.001	0.084	0.914	0.001
0.001	0.997	0.001	0.001
>ACGCCAAGCGCA	14-ACGCCAAGCGCA	10.279943	-32.537756	0	T:9.0(0.18%),B:0.0(0.00%),P:1e-14	Tpos:236.3,Tstd:136.8,Bpos:0.0,Bstd:0.0,StrandBias:-0.3,Multiplicity:1.00
0.658	0.110	0.126	0.106
0.125	0.618	0.129	0.128
0.136	0.118	0.617	0.129
0.094	0.709	0.104	0.093
0.113	0.690	0.104	0.093
0.673	0.124	0.098	0.105
0.700	0.087	0.121	0.092
0.086	0.103	0.723	0.088
0.116	0.630	0.126	0.128
0.138	0.127	0.600	0.135
0.095	0.708	0.113	0.084
0.675	0.119	0.104	0.102
>AGGAACACCTTC	15-AGGAACACCTTC	13.951703	-26.665669	0	T:11.0(0.22%),B:4.0(0.01%),P:1e-11	Tpos:289.6,Tstd:90.4,Bpos:275.7,Bstd:110.9,StrandBias:0.8,Multiplicity:1.00
0.997	0.001	0.001	0.001
0.001	0.001	0.997	0.001
0.001	0.001	0.997	0.001
0.914	0.001	0.001	0.084
0.997	0.001	0.001	0.001
0.001	0.997	0.001	0.001
0.997	0.001	0.001	0.001
0.084	0.914	0.001	0.001
0.001	0.997	0.001	0.001
0.001	0.001	0.001	0.997
0.001	0.001	0.001	0.997
0.001	0.914	0.001	0.084
>GCCTTGCCGCCG	16-GCCTTGCCGCCG	12.355432	-26.400748	0	T:9.0(0.18%),B:2.5(0.01%),P:1e-11	Tpos:385.2,Tstd:190.9,Bpos:370.9,Bstd:89.1,StrandBias:1.0,Multiplicity:1.00
0.100	0.100	0.700	0.100
0.100	0.700	0.100	0.100
0.100	0.700	0.100	0.100
0.100	0.100	0.100	0.700
0.100	0.100	0.100	0.700
0.100	0.100	0.700	0.100
0.100	0.700	0.100	0.100
0.100	0.700	0.100	0.100
0.100	0.100	0.700	0.100
0.100	0.700	0.100	0.100
0.100	0.700	0.100	0.100
0.100	0.100	0.700	0.100
>CCGGAGATGCGC	17-CCGGAGATGCGC	12.355432	-22.711741	0	T:8.0(0.16%),B:2.6(0.01%),P:1e-9	Tpos:261.4,Tstd:108.1,Bpos:338.7,Bstd:93.4,StrandBias:0.7,Multiplicity:1.00
0.100	0.700	0.100	0.100
0.100	0.700	0.100	0.100
0.100	0.100	0.700	0.100
0.100	0.100	0.700	0.100
0.700	0.100	0.100	0.100
0.100	0.100	0.700	0.100
0.700	0.100	0.100	0.100
0.100	0.100	0.100	0.700
0.100	0.100	0.700	0.100
0.100	0.700	0.100	0.100
0.100	0.100	0.700	0.100
0.100	0.700	0.100	0.100
>TCAGCTTGCTAA	18-TCAGCTTGCTAA	14.120804	-19.763706	0	T:6.0(0.12%),B:1.5(0.00%),P:1e-8	Tpos:166.8,Tstd:102.1,Bpos:174.7,Bstd:7.4,StrandBias:1.4,Multiplicity:1.83
0.001	0.001	0.001	0.997
0.001	0.906	0.092	0.001
0.997	0.001	0.001	0.001
0.001	0.001	0.997	0.001
0.092	0.906	0.001	0.001
0.001	0.001	0.001	0.997
0.001	0.001	0.001	0.997
0.001	0.001	0.997	0.001
0.001	0.997	0.001	0.001
0.001	0.001	0.001	0.997
0.997	0.001	0.001	0.001
0.997	0.001	0.001	0.001
>CKCKCCTCYCCC	19-CKCKCCTCYCCC	8.959851	-18.046576	0	T:154.0(3.11%),B:844.7(1.93%),P:1e-7	Tpos:374.1,Tstd:268.3,Bpos:245.4,Bstd:150.6,StrandBias:0.1,Multiplicity:1.05
0.341	0.542	0.063	0.054
0.087	0.114	0.458	0.341
0.020	0.534	0.382	0.064
0.054	0.162	0.394	0.390
0.041	0.833	0.088	0.038
0.109	0.662	0.162	0.067
0.064	0.249	0.064	0.623
0.024	0.491	0.229	0.256
0.107	0.435	0.033	0.425
0.090	0.504	0.150	0.256
0.005	0.877	0.075	0.043
0.033	0.835	0.048	0.084
>ATMGGCGTMCTG	20-ATMGGCGTMCTG	13.174820	-15.787436	0	T:5.0(0.10%),B:1.5(0.00%),P:1e-6	Tpos:168.2,Tstd:71.5,Bpos:364.5,Bstd:22.5,StrandBias:-0.6,Multiplicity:1.00
0.997	0.001	0.001	0.001
0.001	0.144	0.001	0.854
0.434	0.564	0.001	0.001
0.001	0.001	0.610	0.388
0.001	0.001	0.997	0.001
0.001	0.997	0.001	0.001
0.001	0.357	0.641	0.001
0.001	0.001	0.001	0.997
0.466	0.357	0.001	0.176
0.144	0.854	0.001	0.001
0.001	0.001	0.001	0.997
0.001	0.001	0.997	0.001
>GTAGCACTGCCT	21-GTAGCACTGCCT	-0.377105	-15.729554	0	T:379.0(7.65%),B:2569.0(5.86%),P:1e-6	Tpos:305.4,Tstd:223.2,Bpos:248.7,Bstd:145.0,StrandBias:0.3,Multiplicity:1.12
0.001	0.001	0.997	0.001
0.001	0.001	0.001	0.997
0.997	0.001	0.001	0.001
0.001	0.001	0.997	0.001
0.001	0.997	0.001	0.001
0.997	0.001	0.001	0.001
0.001	0.997	0.001	0.001
0.001	0.042	0.001	0.956
0.001	0.001	0.997	0.001
0.001	0.997	0.001	0.001
0.001	0.997	0.001	0.001
0.001	0.001	0.001	0.997
>ACMCCTGGTAGA	22-ACMCCTGGTAGA	13.288025	-13.911358	0	T:11.0(0.22%),B:14.4(0.03%),P:1e-6	Tpos:232.9,Tstd:144.7,Bpos:256.1,Bstd:105.3,StrandBias:2.1,Multiplicity:2.36
0.997	0.001	0.001	0.001
0.001	0.773	0.225	0.001
0.526	0.472	0.001	0.001
0.001	0.997	0.001	0.001
0.001	0.997	0.001	0.001
0.001	0.001	0.001	0.997
0.001	0.001	0.997	0.001
0.001	0.001	0.705	0.293
0.001	0.001	0.233	0.765
0.773	0.001	0.001	0.225
0.225	0.001	0.773	0.001
0.997	0.001	0.001	0.001
>ATGTGTTAGAGG	23-ATGTGTTAGAGG	12.355432	-6.423695	0	T:3.0(0.06%),B:2.4(0.01%),P:1e-2	Tpos:383.5,Tstd:128.5,Bpos:388.3,Bstd:38.9,StrandBias:10.0,Multiplicity:12.00
0.700	0.100	0.100	0.100
0.100	0.100	0.100	0.700
0.100	0.100	0.700	0.100
0.100	0.100	0.100	0.700
0.100	0.100	0.700	0.100
0.100	0.100	0.100	0.700
0.100	0.100	0.100	0.700
0.700	0.100	0.100	0.100
0.100	0.100	0.700	0.100
0.700	0.100	0.100	0.100
0.100	0.100	0.700	0.100
0.100	0.100	0.700	0.100
>CAGCTCATCACA	24-CAGCTCATCACA	13.914234	-3.923630	0	T:3.0(0.06%),B:5.1(0.01%),P:1e-1	Tpos:251.4,Tstd:142.7,Bpos:314.7,Bstd:99.7,StrandBias:10.0,Multiplicity:4.67
0.001	0.997	0.001	0.001
0.997	0.001	0.001	0.001
0.001	0.001	0.997	0.001
0.001	0.930	0.001	0.068
0.001	0.001	0.001	0.997
0.001	0.997	0.001	0.001
0.997	0.001	0.001	0.001
0.001	0.001	0.001	0.997
0.001	0.997	0.001	0.001
0.997	0.001	0.001	0.001
0.001	0.997	0.001	0.001
0.997	0.001	0.001	0.001
>TGTGGAGGACCT	25-TGTGGAGGACCT	12.355432	-2.577683	0	T:2.0(0.04%),B:4.2(0.01%),P:1e-1	Tpos:239.2,Tstd:155.0,Bpos:194.3,Bstd:87.2,StrandBias:-3.9,Multiplicity:8.00
0.100	0.100	0.100	0.700
0.100	0.100	0.700	0.100
0.100	0.100	0.100	0.700
0.100	0.100	0.700	0.100
0.100	0.100	0.700	0.100
0.700	0.100	0.100	0.100
0.100	0.100	0.700	0.100
0.100	0.100	0.700	0.100
0.700	0.100	0.100	0.100
0.100	0.700	0.100	0.100
0.100	0.700	0.100	0.100
0.100	0.100	0.100	0.700
>CMGGAAGY	1-CMGGAAGY	7.708490	-421.160525	0	T:1776.0(35.86%),B:8091.6(18.45%),P:1e-182	Tpos:303.5,Tstd:237.1,Bpos:247.7,Bstd:150.4,StrandBias:0.1,Multiplicity:1.32
0.108	0.586	0.305	0.001
0.567	0.431	0.001	0.001
0.001	0.001	0.961	0.037
0.001	0.001	0.997	0.001
0.997	0.001	0.001	0.001
0.818	0.038	0.001	0.143
0.420	0.001	0.578	0.001
0.001	0.410	0.095	0.494
>TGTGGTTW	2-TGTGGTTW	7.076149	-317.320266	0	T:1330.0(26.85%),B:5871.2(13.39%),P:1e-137	Tpos:290.0,Tstd:233.6,Bpos:245.3,Bstd:146.7,StrandBias:-0.0,Multiplicity:1.24
0.087	0.093	0.092	0.728
0.008	0.040	0.904	0.048
0.027	0.185	0.060	0.728
0.006	0.048	0.917	0.029
0.001	0.001	0.997	0.001
0.012	0.030	0.138	0.820
0.125	0.209	0.121	0.545
0.422	0.016	0.199	0.363
>TGTGGTTT	3-TGTGGTTT	6.279711	-306.931553	0	T:1959.0(39.55%),B:10422.3(23.77%),P:1e-133	Tpos:288.1,Tstd:240.2,Bpos:245.6,Bstd:151.8,StrandBias:-0.0,Multiplicity:1.17
0.281	0.195	0.001	0.523
0.049	0.001	0.949	0.001
0.094	0.339	0.043	0.524
0.001	0.139	0.859	0.001
0.001	0.001	0.997	0.001
0.001	0.107	0.129	0.763
0.001	0.115	0.153	0.731
0.354	0.001	0.001	0.644
>ACMGGAAG	4-ACMGGAAG	7.034310	-262.729512	0	T:1726.0(34.85%),B:9138.1(20.84%),P:1e-114	Tpos:298.6,Tstd:235.1,Bpos:244.8,Bstd:145.9,StrandBias:-0.1,Multiplicity:1.19
0.960	0.038	0.001	0.001
0.001	0.638	0.335	0.026
0.328	0.419	0.252	0.001
0.001	0.016	0.982	0.001
0.001	0.001	0.906	0.092
0.798	0.040	0.050	0.112
0.761	0.049	0.044	0.146
0.212	0.136	0.651	0.001
>AGGATGTG	5-AGGATGTG	8.539800	-142.898268	0	T:595.0(12.01%),B:2516.6(5.74%),P:1e-62	Tpos:291.3,Tstd:247.1,Bpos:250.2,Bstd:145.7,StrandBias:0.2,Multiplicity:1.11
0.884	0.114	0.001	0.001
0.001	0.001	0.997	0.001
0.001	0.001	0.997	0.001
0.697	0.001	0.301	0.001
0.001	0.001	0.001	0.997
0.001	0.001	0.997	0.001
0.001	0.001	0.001	0.997
0.001	0.001	0.997	0.001
>TTTGTGGC	6-TTTGTGGC	7.777012	-115.430741	0	T:816.0(16.47%),B:4226.2(9.64%),P:1e-50	Tpos:317.5,Tstd:268.3,Bpos:248.7,Bstd:147.4,StrandBias:-0.1,Multiplicity:1.07
0.108	0.219	0.001	0.672
0.001	0.001	0.001	0.997
0.001	0.001	0.165	0.833
0.001	0.001	0.997	0.001
0.001	0.001	0.001	0.997
0.001	0.001	0.997	0.001
0.001	0.001	0.997	0.001
0.001	0.804	0.129	0.066
>GGGCGGAA	7-GGGCGGAA	6.505055	-108.723699	0	T:1708.0(34.48%),B:11057.2(25.21%),P:1e-47	Tpos:350.8,Tstd:268.5,Bpos:245.6,Bstd:156.9,StrandBias:-0.1,Multiplicity:1.59
0.050	0.001	0.948	0.001
0.035	0.001	0.963	0.001
0.030	0.001	0.968	0.001
0.045	0.908	0.001	0.046
0.001	0.001	0.997	0.001
0.016	0.001	0.982	0.001
0.772	0.001	0.180	0.047
0.595	0.001	0.332	0.072
>ATGAGTCA	8-ATGAGTCA	8.274543	-105.790029	0	T:608.0(12.28%),B:2919.0(6.66%),P:1e-45	Tpos:285.0,Tstd:230.9,Bpos:248.7,Bstd:142.6,StrandBias:0.1,Multiplicity:1.13
0.614	0.162	0.139	0.085
0.001	0.001	0.001	0.997
0.001	0.001	0.997	0.001
0.997	0.001	0.001	0.001
0.001	0.281	0.717	0.001
0.001	0.001	0.001	0.997
0.001	0.997	0.001	0.001
0.997	0.001	0.001	0.001
>CATTTCCT	9-CATTTCCT	6.589817	-100.663321	0	T:447.0(9.02%),B:1932.6(4.41%),P:1e-43	Tpos:288.2,Tstd:220.1,Bpos:242.5,Bstd:141.3,StrandBias:-0.1,Multiplicity:1.04
0.001	0.997	0.001	0.001
0.997	0.001	0.001	0.001
0.001	0.001	0.001	0.997
0.119	0.001	0.001	0.879
0.001	0.001	0.001	0.997
0.001	0.997	0.001	0.001
0.001	0.903	0.095	0.001
0.001	0.001	0.001	0.997
>TTTCGGTT	10-TTTCGGTT	5.436108	-89.574234	0	T:1750.0(35.33%),B:11762.6(26.82%),P:1e-38	Tpos:321.6,Tstd:277.8,Bpos:246.4,Bstd:155.6,StrandBias:-0.1,Multiplicity:1.36
0.081	0.074	0.080	0.765
0.041	0.055	0.121	0.783
0.050	0.125	0.160	0.665
0.029	0.790	0.123	0.058
0.137	0.105	0.726	0.032
0.094	0.132	0.627	0.147
0.046	0.055	0.042	0.857
0.071	0.095	0.043	0.791
>GGCGKGGY	11-GGCGKGGY	8.135681	-88.390487	0	T:872.0(17.61%),B:4965.0(11.32%),P:1e-38	Tpos:349.3,Tstd:262.5,Bpos:244.0,Bstd:162.7,StrandBias:-0.1,Multiplicity:1.53
0.001	0.001	0.997	0.001
0.001	0.001	0.997	0.001
0.001	0.988	0.001	0.010
0.001	0.001	0.997	0.001
0.001	0.001	0.460	0.538
0.051	0.001	0.821	0.127
0.136	0.001	0.552	0.311
0.144	0.453	0.001	0.402
>GGCGCGAA	12-GGCGCGAA	5.199004	-77.840795	0	T:1345.0(27.16%),B:8745.1(19.94%),P:1e-33	Tpos:341.4,Tstd:266.8,Bpos:243.0,Bstd:164.9,StrandBias:-0.1,Multiplicity:1.53
0.100	0.133	0.698	0.069
0.073	0.034	0.819	0.074
0.027	0.767	0.049	0.157
0.043	0.031	0.899	0.027
0.129	0.685	0.084	0.102
0.063	0.085	0.722	0.130
0.676	0.069	0.079	0.176
0.739	0.127	0.076	0.058
>TGGGTGTG	13-TGGGTGTG	7.950827	-66.671962	0	T:700.0(14.13%),B:4026.9(9.18%),P:1e-28	Tpos:311.3,Tstd:250.5,Bpos:242.6,Bstd:147.3,StrandBias:-0.1,Multiplicity:1.17
0.001	0.071	0.001	0.927
0.001	0.001	0.997	0.001
0.001	0.001	0.997	0.001
0.001	0.001	0.997	0.001
0.001	0.001	0.001	0.997
0.001	0.001	0.997	0.001
0.001	0.001	0.377	0.621
0.001	0.001	0.997	0.001
>GACGTCAT	14-GACGTCAT	6.429667	-64.353632	0	T:655.0(13.22%),B:3734.5(8.52%),P:1e-27	Tpos:310.4,Tstd:252.6,Bpos:245.9,Bstd:154.3,StrandBias:-0.0,Multiplicity:1.09
0.100	0.110	0.725	0.065
0.907	0.080	0.001	0.012
0.026	0.926	0.001	0.047
0.036	0.001	0.962	0.001
0.042	0.001	0.001	0.956
0.025	0.960	0.001	0.014
0.985	0.001	0.013	0.001
0.001	0.204	0.109	0.686
>CGATTGGT	15-CGATTGGT	6.660145	-57.834005	0	T:619.0(12.50%),B:3570.9(8.14%),P:1e-25	Tpos:300.6,Tstd:238.1,Bpos:249.8,Bstd:148.1,StrandBias:0.1,Multiplicity:1.19
0.097	0.700	0.001	0.202
0.001	0.001	0.678	0.320
0.886	0.001	0.112	0.001
0.001	0.119	0.001	0.879
0.001	0.124	0.001	0.874
0.001	0.179	0.819	0.001
0.125	0.012	0.862	0.001
0.201	0.181	0.001	0.617
>AAGGAAGT	16-AAGGAAGT	7.969900	-57.023424	0	T:418.0(8.44%),B:2164.9(4.94%),P:1e-24	Tpos:308.4,Tstd:293.1,Bpos:251.1,Bstd:146.6,StrandBias:0.2,Multiplicity:1.06
0.858	0.001	0.001	0.140
0.677	0.321	0.001	0.001
0.001	0.001	0.997	0.001
0.001	0.001	0.997	0.001
0.997	0.001	0.001	0.001
0.997	0.001	0.001	0.001
0.001	0.001	0.997	0.001
0.001	0.001	0.001	0.997
>TAGCGGGC	17-TAGCGGGC	7.761668	-39.325875	0	T:377.0(7.61%),B:2108.6(4.81%),P:1e-17	Tpos:353.9,Tstd:299.1,Bpos:247.0,Bstd:160.5,StrandBias:-0.2,Multiplicity:1.10
0.001	0.001	0.001	0.997
0.607	0.001	0.175	0.217
0.096	0.078	0.825	0.001
0.349	0.649	0.001	0.001
0.001	0.061	0.898	0.040
0.001	0.341	0.657	0.001
0.079	0.001	0.919	0.001
0.001	0.794	0.204	0.001
>CGCGGTAA	18-CGCGGTAA	7.271521	-37.785371	0	T:277.0(5.59%),B:1435.3(3.27%),P:1e-16	Tpos:353.0,Tstd:285.3,Bpos:246.2,Bstd:161.0,StrandBias:-0.2,Multiplicity:1.08
0.001	0.856	0.055	0.088
0.001	0.062	0.859	0.078
0.001	0.912	0.030	0.057
0.001	0.001	0.882	0.116
0.013	0.001	0.985	0.001
0.001	0.104	0.229	0.666
0.997	0.001	0.001	0.001
0.908	0.064	0.001	0.027
>CACACCTC	19-CACACCTC	8.402093	-31.980388	0	T:440.0(8.88%),B:2683.6(6.12%),P:1e-13	Tpos:296.5,Tstd:239.2,Bpos:248.6,Bstd:147.4,StrandBias:0.2,Multiplicity:1.06
0.247	0.563	0.114	0.076
0.997	0.001	0.001	0.001
0.001	0.997	0.001	0.001
0.997	0.001	0.001	0.001
0.001	0.997	0.001	0.001
0.001	0.997	0.001	0.001
0.001	0.001	0.001	0.997
0.087	0.911	0.001	0.001
>TGACGCAA	20-TGACGCAA	9.000663	-28.552739	0	T:137.0(2.77%),B:616.5(1.41%),P:1e-12	Tpos:284.7,Tstd:250.2,Bpos:245.1,Bstd:148.0,StrandBias:-0.3,Multiplicity:1.05
0.001	0.001	0.001	0.997
0.001	0.001	0.997	0.001
0.997	0.001	0.001	0.001
0.001	0.724	0.001	0.274
0.001	0.001	0.997	0.001
0.001	0.824	0.174	0.001
0.997	0.001	0.001	0.001
0.997	0.001	0.001	0.001
>CCACTAGG	21-CCACTAGG	7.176818	-21.212135	0	T:358.0(7.23%),B:2279.0(5.20%),P:1e-9	Tpos:295.3,Tstd:252.4,Bpos:244.3,Bstd:149.0,StrandBias:0.2,Multiplicity:1.04
0.001	0.997	0.001	0.001
0.001	0.997	0.001	0.001
0.997	0.001	0.001	0.001
0.001	0.869	0.129	0.001
0.001	0.001	0.001	0.997
0.997	0.001	0.001	0.001
0.144	0.001	0.854	0.001
0.001	0.162	0.836	0.001
>AATGACTA	22-AATGACTA	8.986336	-19.523761	0	T:136.0(2.75%),B:702.4(1.60%),P:1e-8	Tpos:292.8,Tstd:223.5,Bpos:241.6,Bstd:144.1,StrandBias:0.6,Multiplicity:1.02
0.817	0.001	0.001	0.181
0.997	0.001	0.001	0.001
0.001	0.001	0.001	0.997
0.001	0.001	0.997	0.001
0.997	0.001	0.001	0.001
0.001	0.997	0.001	0.001
0.001	0.001	0.152	0.846
0.997	0.001	0.001	0.001
>AAAAAAAA	23-AAAAAAAA	8.236954	-5.515136	0	T:418.0(8.44%),B:3256.5(7.43%),P:1e-2	Tpos:345.9,Tstd:283.0,Bpos:243.9,Bstd:162.7,StrandBias:-0.2,Multiplicity:1.11
0.700	0.100	0.100	0.100
0.700	0.100	0.100	0.100
0.700	0.100	0.100	0.100
0.700	0.100	0.100	0.100
0.700	0.100	0.100	0.100
0.700	0.100	0.100	0.100
0.700	0.100	0.100	0.100
0.700	0.100	0.100	0.100
