Factor1: 0.9358411605477523
Factor2: 1.0685574028553042
