Factor1: 1.0273700583621979
Factor2: 0.9733591045023912
