Factor1: 1.0953411046940569
Factor2: 0.9129576126692627
