>CACTTCCTGT	1-CACTTCCTGT	7.264114	-160.460235	0	T:657.0(31.12%),B:7357.8(15.65%),P:1e-69	Tpos:307.7,Tstd:247.7,Bpos:241.7,Bstd:140.5,StrandBias:0.1,Multiplicity:1.27
0.195	0.524	0.157	0.124
0.747	0.001	0.251	0.001
0.001	0.850	0.001	0.148
0.262	0.001	0.001	0.736
0.001	0.001	0.001	0.997
0.001	0.977	0.001	0.021
0.001	0.997	0.001	0.001
0.001	0.001	0.028	0.970
0.001	0.161	0.826	0.012
0.022	0.153	0.071	0.754
>AASTGAAAST	2-AASTGAAAST	7.253932	-113.436202	0	T:451.0(21.36%),B:4849.5(10.32%),P:1e-49	Tpos:310.4,Tstd:251.3,Bpos:243.0,Bstd:147.0,StrandBias:-0.3,Multiplicity:1.20
0.757	0.004	0.116	0.123
0.877	0.042	0.062	0.019
0.123	0.328	0.451	0.099
0.029	0.297	0.175	0.499
0.086	0.001	0.897	0.016
0.929	0.041	0.013	0.017
0.949	0.001	0.049	0.001
0.947	0.041	0.001	0.011
0.018	0.450	0.493	0.038
0.057	0.087	0.060	0.796
>GNAAACCACA	3-GNAAACCACA	8.362052	-108.720558	0	T:312.0(14.78%),B:2812.4(5.98%),P:1e-47	Tpos:319.5,Tstd:259.2,Bpos:243.1,Bstd:146.6,StrandBias:0.0,Multiplicity:1.15
0.085	0.228	0.515	0.172
0.203	0.294	0.271	0.232
0.785	0.043	0.001	0.171
0.989	0.001	0.009	0.001
0.918	0.079	0.002	0.001
0.014	0.984	0.001	0.001
0.001	0.997	0.001	0.001
0.855	0.143	0.001	0.001
0.001	0.997	0.001	0.001
0.826	0.005	0.001	0.168
>RTGAGTCATW	4-RTGAGTCATW	6.590553	-99.908258	0	T:428.0(20.27%),B:4737.6(10.08%),P:1e-43	Tpos:277.6,Tstd:223.0,Bpos:236.8,Bstd:142.4,StrandBias:0.0,Multiplicity:1.17
0.294	0.229	0.389	0.089
0.020	0.034	0.035	0.911
0.013	0.001	0.897	0.089
0.956	0.017	0.009	0.018
0.038	0.368	0.522	0.072
0.017	0.008	0.009	0.966
0.074	0.900	0.005	0.021
0.909	0.003	0.067	0.021
0.072	0.255	0.086	0.587
0.325	0.162	0.170	0.342
>CTTTGATGTG	5-CTTTGATGTG	8.059854	-66.439082	0	T:279.0(13.22%),B:3017.8(6.42%),P:1e-28	Tpos:294.4,Tstd:216.3,Bpos:240.0,Bstd:144.4,StrandBias:0.1,Multiplicity:1.09
0.001	0.934	0.001	0.064
0.001	0.001	0.001	0.997
0.029	0.001	0.030	0.940
0.031	0.001	0.001	0.967
0.001	0.192	0.737	0.070
0.945	0.053	0.001	0.001
0.336	0.001	0.001	0.662
0.001	0.240	0.758	0.001
0.067	0.001	0.001	0.931
0.054	0.039	0.718	0.189
>GGGRAATTCC	6-GGGRAATTCC	8.129322	-66.184178	0	T:200.0(9.47%),B:1837.0(3.91%),P:1e-28	Tpos:323.5,Tstd:253.9,Bpos:239.3,Bstd:135.0,StrandBias:-0.1,Multiplicity:1.09
0.035	0.031	0.791	0.143
0.001	0.049	0.944	0.006
0.001	0.001	0.989	0.009
0.542	0.013	0.444	0.001
0.668	0.069	0.198	0.065
0.641	0.105	0.036	0.218
0.089	0.121	0.151	0.639
0.039	0.291	0.050	0.620
0.008	0.926	0.024	0.042
0.001	0.817	0.128	0.054
>CACCAGGGGG	7-CACCAGGGGG	9.632784	-50.933568	0	T:82.0(3.88%),B:495.1(1.05%),P:1e-22	Tpos:242.3,Tstd:139.8,Bpos:236.6,Bstd:144.6,StrandBias:-0.3,Multiplicity:1.07
0.076	0.922	0.001	0.001
0.997	0.001	0.001	0.001
0.041	0.801	0.157	0.001
0.001	0.828	0.001	0.170
0.997	0.001	0.001	0.001
0.001	0.001	0.997	0.001
0.118	0.001	0.880	0.001
0.001	0.001	0.997	0.001
0.001	0.001	0.997	0.001
0.001	0.001	0.997	0.001
>CGTTACCACA	8-CGTTACCACA	7.552170	-43.068584	0	T:230.0(10.90%),B:2732.4(5.81%),P:1e-18	Tpos:271.5,Tstd:186.7,Bpos:238.0,Bstd:142.7,StrandBias:-0.1,Multiplicity:1.07
0.180	0.455	0.120	0.245
0.010	0.149	0.673	0.168
0.001	0.043	0.001	0.955
0.186	0.124	0.122	0.568
0.945	0.001	0.036	0.018
0.041	0.666	0.113	0.180
0.001	0.974	0.001	0.024
0.668	0.186	0.001	0.145
0.165	0.707	0.051	0.077
0.839	0.137	0.023	0.001
>CACCTAGTGG	9-CACCTAGTGG	8.429346	-41.189853	0	T:101.0(4.78%),B:824.0(1.75%),P:1e-17	Tpos:256.8,Tstd:227.2,Bpos:243.1,Bstd:143.3,StrandBias:0.5,Multiplicity:1.01
0.001	0.997	0.001	0.001
0.849	0.075	0.038	0.038
0.067	0.697	0.001	0.235
0.001	0.946	0.040	0.013
0.001	0.065	0.001	0.933
0.884	0.001	0.001	0.114
0.001	0.010	0.988	0.001
0.076	0.001	0.001	0.922
0.001	0.001	0.997	0.001
0.010	0.001	0.917	0.072
>GGGGGGGGGG	10-GGGGGGGGGG	7.474361	-28.607071	0	T:467.0(22.12%),B:7573.9(16.11%),P:1e-12	Tpos:337.1,Tstd:288.0,Bpos:244.6,Bstd:141.9,StrandBias:0.0,Multiplicity:1.47
0.097	0.054	0.798	0.051
0.086	0.051	0.793	0.070
0.117	0.055	0.772	0.056
0.086	0.028	0.847	0.039
0.101	0.062	0.786	0.051
0.098	0.041	0.807	0.054
0.083	0.063	0.790	0.064
0.083	0.048	0.806	0.063
0.090	0.047	0.822	0.041
0.066	0.080	0.784	0.070
>NGCVYCWCCY	11-NGCVYCWCCY	6.672112	-26.592703	0	T:456.0(21.60%),B:7458.6(15.87%),P:1e-11	Tpos:347.5,Tstd:296.7,Bpos:237.4,Bstd:143.5,StrandBias:-0.1,Multiplicity:1.20
0.210	0.282	0.267	0.241
0.074	0.157	0.704	0.065
0.066	0.703	0.050	0.181
0.251	0.369	0.262	0.118
0.164	0.463	0.041	0.332
0.039	0.884	0.042	0.035
0.464	0.067	0.093	0.376
0.040	0.870	0.050	0.040
0.085	0.694	0.046	0.175
0.211	0.399	0.035	0.355
>GGTGGCTTAT	12-GGTGGCTTAT	8.914286	-26.581943	0	T:58.0(2.75%),B:446.0(0.95%),P:1e-11	Tpos:279.7,Tstd:293.1,Bpos:240.4,Bstd:140.6,StrandBias:0.2,Multiplicity:1.00
0.114	0.036	0.559	0.291
0.032	0.014	0.953	0.001
0.035	0.327	0.001	0.637
0.001	0.001	0.985	0.013
0.204	0.246	0.529	0.021
0.101	0.692	0.129	0.078
0.142	0.025	0.189	0.644
0.010	0.001	0.045	0.944
0.570	0.040	0.078	0.312
0.001	0.070	0.359	0.570
>TGACTTVCTY	13-TGACTTVCTY	7.960486	-25.870513	0	T:225.0(10.66%),B:3132.3(6.66%),P:1e-11	Tpos:319.9,Tstd:245.0,Bpos:244.1,Bstd:143.5,StrandBias:-0.1,Multiplicity:1.05
0.001	0.001	0.001	0.997
0.078	0.001	0.920	0.001
0.741	0.257	0.001	0.001
0.001	0.997	0.001	0.001
0.001	0.001	0.090	0.908
0.124	0.302	0.050	0.524
0.291	0.405	0.302	0.001
0.001	0.789	0.209	0.001
0.001	0.001	0.399	0.599
0.001	0.446	0.001	0.552
>GSVGGAAGCA	14-GSVGGAAGCA	7.041114	-25.343059	0	T:560.0(26.53%),B:9602.7(20.43%),P:1e-11	Tpos:335.2,Tstd:291.4,Bpos:238.7,Bstd:141.6,StrandBias:0.0,Multiplicity:1.20
0.093	0.001	0.865	0.041
0.001	0.505	0.366	0.128
0.342	0.259	0.235	0.164
0.066	0.001	0.863	0.070
0.070	0.040	0.804	0.086
0.912	0.001	0.001	0.086
0.716	0.001	0.100	0.183
0.001	0.029	0.862	0.108
0.095	0.655	0.231	0.019
0.993	0.001	0.005	0.001
>AATGAAACCG	15-AATGAAACCG	9.036956	-24.696915	0	T:35.0(1.66%),B:196.4(0.42%),P:1e-10	Tpos:364.6,Tstd:292.2,Bpos:251.2,Bstd:150.9,StrandBias:0.0,Multiplicity:1.03
0.902	0.096	0.001	0.001
0.902	0.096	0.001	0.001
0.001	0.001	0.052	0.946
0.115	0.001	0.779	0.105
0.997	0.001	0.001	0.001
0.902	0.001	0.096	0.001
0.798	0.105	0.096	0.001
0.001	0.997	0.001	0.001
0.085	0.787	0.127	0.001
0.001	0.001	0.997	0.001
>GAGCAAGGGT	16-GAGCAAGGGT	10.241596	-16.401160	0	T:27.0(1.28%),B:176.8(0.38%),P:1e-7	Tpos:411.8,Tstd:450.0,Bpos:241.0,Bstd:131.9,StrandBias:-0.7,Multiplicity:1.31
0.001	0.001	0.997	0.001
0.997	0.001	0.001	0.001
0.001	0.001	0.956	0.042
0.001	0.997	0.001	0.001
0.997	0.001	0.001	0.001
0.997	0.001	0.001	0.001
0.001	0.082	0.916	0.001
0.001	0.001	0.997	0.001
0.001	0.001	0.997	0.001
0.001	0.288	0.001	0.710
>TGTCCTTTGA	17-TGTCCTTTGA	8.747178	-16.192306	0	T:100.0(4.74%),B:1266.4(2.69%),P:1e-7	Tpos:305.7,Tstd:280.0,Bpos:232.9,Bstd:141.7,StrandBias:0.2,Multiplicity:1.09
0.001	0.103	0.001	0.895
0.001	0.001	0.997	0.001
0.001	0.001	0.001	0.997
0.001	0.997	0.001	0.001
0.001	0.845	0.153	0.001
0.040	0.115	0.001	0.844
0.001	0.001	0.001	0.997
0.021	0.047	0.060	0.872
0.001	0.198	0.692	0.109
0.801	0.001	0.151	0.047
>CAAACCAGGC	18-CAAACCAGGC	10.685852	-15.521394	0	T:22.0(1.04%),B:128.9(0.27%),P:1e-6	Tpos:273.9,Tstd:158.1,Bpos:218.6,Bstd:135.1,StrandBias:0.3,Multiplicity:1.00
0.001	0.997	0.001	0.001
0.950	0.001	0.048	0.001
0.997	0.001	0.001	0.001
0.997	0.001	0.001	0.001
0.001	0.997	0.001	0.001
0.001	0.997	0.001	0.001
0.944	0.001	0.054	0.001
0.001	0.001	0.940	0.058
0.001	0.001	0.997	0.001
0.001	0.997	0.001	0.001
>TATTCACCTC	19-TATTCACCTC	6.404373	-12.296116	0	T:643.0(30.46%),B:12282.8(26.13%),P:1e-5	Tpos:331.0,Tstd:288.5,Bpos:240.7,Bstd:142.1,StrandBias:0.1,Multiplicity:1.24
0.100	0.100	0.100	0.700
0.700	0.100	0.100	0.100
0.100	0.100	0.100	0.700
0.100	0.100	0.100	0.700
0.100	0.700	0.100	0.100
0.700	0.100	0.100	0.100
0.100	0.700	0.100	0.100
0.100	0.700	0.100	0.100
0.100	0.100	0.100	0.700
0.100	0.700	0.100	0.100
>GCTCAGTGAT	20-GCTCAGTGAT	6.902752	-6.140385	0	T:96.0(4.55%),B:1577.8(3.36%),P:1e-2	Tpos:282.4,Tstd:206.0,Bpos:237.2,Bstd:143.8,StrandBias:0.2,Multiplicity:1.20
0.001	0.001	0.997	0.001
0.001	0.997	0.001	0.001
0.001	0.001	0.001	0.997
0.001	0.997	0.001	0.001
0.997	0.001	0.001	0.001
0.001	0.001	0.997	0.001
0.001	0.001	0.001	0.997
0.026	0.001	0.972	0.001
0.997	0.001	0.001	0.001
0.001	0.001	0.001	0.997
