>CACTTCCTGT	1-CACTTCCTGT	7.264114	-160.460235	0	T:657.0(31.12%),B:7357.8(15.65%),P:1e-69	Tpos:307.7,Tstd:247.7,Bpos:241.7,Bstd:140.5,StrandBias:0.1,Multiplicity:1.27
0.195	0.524	0.157	0.124
0.747	0.001	0.251	0.001
0.001	0.850	0.001	0.148
0.262	0.001	0.001	0.736
0.001	0.001	0.001	0.997
0.001	0.977	0.001	0.021
0.001	0.997	0.001	0.001
0.001	0.001	0.028	0.970
0.001	0.161	0.826	0.012
0.022	0.153	0.071	0.754
>AASTGAAAST	2-AASTGAAAST	7.253932	-113.436202	0	T:451.0(21.36%),B:4849.5(10.32%),P:1e-49	Tpos:310.4,Tstd:251.3,Bpos:243.0,Bstd:147.0,StrandBias:-0.3,Multiplicity:1.20
0.757	0.004	0.116	0.123
0.877	0.042	0.062	0.019
0.123	0.328	0.451	0.099
0.029	0.297	0.175	0.499
0.086	0.001	0.897	0.016
0.929	0.041	0.013	0.017
0.949	0.001	0.049	0.001
0.947	0.041	0.001	0.011
0.018	0.450	0.493	0.038
0.057	0.087	0.060	0.796
>GNAAACCACA	3-GNAAACCACA	8.362052	-108.720558	0	T:312.0(14.78%),B:2812.4(5.98%),P:1e-47	Tpos:319.5,Tstd:259.2,Bpos:243.1,Bstd:146.6,StrandBias:0.0,Multiplicity:1.15
0.085	0.228	0.515	0.172
0.203	0.294	0.271	0.232
0.785	0.043	0.001	0.171
0.989	0.001	0.009	0.001
0.918	0.079	0.002	0.001
0.014	0.984	0.001	0.001
0.001	0.997	0.001	0.001
0.855	0.143	0.001	0.001
0.001	0.997	0.001	0.001
0.826	0.005	0.001	0.168
>RTGAGTCATW	4-RTGAGTCATW	6.590553	-99.908258	0	T:428.0(20.27%),B:4737.6(10.08%),P:1e-43	Tpos:277.6,Tstd:223.0,Bpos:236.8,Bstd:142.4,StrandBias:0.0,Multiplicity:1.17
0.294	0.229	0.389	0.089
0.020	0.034	0.035	0.911
0.013	0.001	0.897	0.089
0.956	0.017	0.009	0.018
0.038	0.368	0.522	0.072
0.017	0.008	0.009	0.966
0.074	0.900	0.005	0.021
0.909	0.003	0.067	0.021
0.072	0.255	0.086	0.587
0.325	0.162	0.170	0.342
>CTTTGATGTG	5-CTTTGATGTG	8.059854	-66.439082	0	T:279.0(13.22%),B:3017.8(6.42%),P:1e-28	Tpos:294.4,Tstd:216.3,Bpos:240.0,Bstd:144.4,StrandBias:0.1,Multiplicity:1.09
0.001	0.934	0.001	0.064
0.001	0.001	0.001	0.997
0.029	0.001	0.030	0.940
0.031	0.001	0.001	0.967
0.001	0.192	0.737	0.070
0.945	0.053	0.001	0.001
0.336	0.001	0.001	0.662
0.001	0.240	0.758	0.001
0.067	0.001	0.001	0.931
0.054	0.039	0.718	0.189
>GGGRAATTCC	6-GGGRAATTCC	8.129322	-66.184178	0	T:200.0(9.47%),B:1837.0(3.91%),P:1e-28	Tpos:323.5,Tstd:253.9,Bpos:239.3,Bstd:135.0,StrandBias:-0.1,Multiplicity:1.09
0.035	0.031	0.791	0.143
0.001	0.049	0.944	0.006
0.001	0.001	0.989	0.009
0.542	0.013	0.444	0.001
0.668	0.069	0.198	0.065
0.641	0.105	0.036	0.218
0.089	0.121	0.151	0.639
0.039	0.291	0.050	0.620
0.008	0.926	0.024	0.042
0.001	0.817	0.128	0.054
>CACCAGGGGG	7-CACCAGGGGG	9.632784	-50.933568	0	T:82.0(3.88%),B:495.1(1.05%),P:1e-22	Tpos:242.3,Tstd:139.8,Bpos:236.6,Bstd:144.6,StrandBias:-0.3,Multiplicity:1.07
0.076	0.922	0.001	0.001
0.997	0.001	0.001	0.001
0.041	0.801	0.157	0.001
0.001	0.828	0.001	0.170
0.997	0.001	0.001	0.001
0.001	0.001	0.997	0.001
0.118	0.001	0.880	0.001
0.001	0.001	0.997	0.001
0.001	0.001	0.997	0.001
0.001	0.001	0.997	0.001
>CGTTACCACA	8-CGTTACCACA	7.552170	-43.068584	0	T:230.0(10.90%),B:2732.4(5.81%),P:1e-18	Tpos:271.5,Tstd:186.7,Bpos:238.0,Bstd:142.7,StrandBias:-0.1,Multiplicity:1.07
0.180	0.455	0.120	0.245
0.010	0.149	0.673	0.168
0.001	0.043	0.001	0.955
0.186	0.124	0.122	0.568
0.945	0.001	0.036	0.018
0.041	0.666	0.113	0.180
0.001	0.974	0.001	0.024
0.668	0.186	0.001	0.145
0.165	0.707	0.051	0.077
0.839	0.137	0.023	0.001
>CACCTAGTGG	9-CACCTAGTGG	8.429346	-41.189853	0	T:101.0(4.78%),B:824.0(1.75%),P:1e-17	Tpos:256.8,Tstd:227.2,Bpos:243.1,Bstd:143.3,StrandBias:0.5,Multiplicity:1.01
0.001	0.997	0.001	0.001
0.849	0.075	0.038	0.038
0.067	0.697	0.001	0.235
0.001	0.946	0.040	0.013
0.001	0.065	0.001	0.933
0.884	0.001	0.001	0.114
0.001	0.010	0.988	0.001
0.076	0.001	0.001	0.922
0.001	0.001	0.997	0.001
0.010	0.001	0.917	0.072
>GGGGGGGGGG	10-GGGGGGGGGG	7.474361	-28.607071	0	T:467.0(22.12%),B:7573.9(16.11%),P:1e-12	Tpos:337.1,Tstd:288.0,Bpos:244.6,Bstd:141.9,StrandBias:0.0,Multiplicity:1.47
0.097	0.054	0.798	0.051
0.086	0.051	0.793	0.070
0.117	0.055	0.772	0.056
0.086	0.028	0.847	0.039
0.101	0.062	0.786	0.051
0.098	0.041	0.807	0.054
0.083	0.063	0.790	0.064
0.083	0.048	0.806	0.063
0.090	0.047	0.822	0.041
0.066	0.080	0.784	0.070
>NGCVYCWCCY	11-NGCVYCWCCY	6.672112	-26.592703	0	T:456.0(21.60%),B:7458.6(15.87%),P:1e-11	Tpos:347.5,Tstd:296.7,Bpos:237.4,Bstd:143.5,StrandBias:-0.1,Multiplicity:1.20
0.210	0.282	0.267	0.241
0.074	0.157	0.704	0.065
0.066	0.703	0.050	0.181
0.251	0.369	0.262	0.118
0.164	0.463	0.041	0.332
0.039	0.884	0.042	0.035
0.464	0.067	0.093	0.376
0.040	0.870	0.050	0.040
0.085	0.694	0.046	0.175
0.211	0.399	0.035	0.355
>GGTGGCTTAT	12-GGTGGCTTAT	8.914286	-26.581943	0	T:58.0(2.75%),B:446.0(0.95%),P:1e-11	Tpos:279.7,Tstd:293.1,Bpos:240.4,Bstd:140.6,StrandBias:0.2,Multiplicity:1.00
0.114	0.036	0.559	0.291
0.032	0.014	0.953	0.001
0.035	0.327	0.001	0.637
0.001	0.001	0.985	0.013
0.204	0.246	0.529	0.021
0.101	0.692	0.129	0.078
0.142	0.025	0.189	0.644
0.010	0.001	0.045	0.944
0.570	0.040	0.078	0.312
0.001	0.070	0.359	0.570
>TGACTTVCTY	13-TGACTTVCTY	7.960486	-25.870513	0	T:225.0(10.66%),B:3132.3(6.66%),P:1e-11	Tpos:319.9,Tstd:245.0,Bpos:244.1,Bstd:143.5,StrandBias:-0.1,Multiplicity:1.05
0.001	0.001	0.001	0.997
0.078	0.001	0.920	0.001
0.741	0.257	0.001	0.001
0.001	0.997	0.001	0.001
0.001	0.001	0.090	0.908
0.124	0.302	0.050	0.524
0.291	0.405	0.302	0.001
0.001	0.789	0.209	0.001
0.001	0.001	0.399	0.599
0.001	0.446	0.001	0.552
>GSVGGAAGCA	14-GSVGGAAGCA	7.041114	-25.343059	0	T:560.0(26.53%),B:9602.7(20.43%),P:1e-11	Tpos:335.2,Tstd:291.4,Bpos:238.7,Bstd:141.6,StrandBias:0.0,Multiplicity:1.20
0.093	0.001	0.865	0.041
0.001	0.505	0.366	0.128
0.342	0.259	0.235	0.164
0.066	0.001	0.863	0.070
0.070	0.040	0.804	0.086
0.912	0.001	0.001	0.086
0.716	0.001	0.100	0.183
0.001	0.029	0.862	0.108
0.095	0.655	0.231	0.019
0.993	0.001	0.005	0.001
>AATGAAACCG	15-AATGAAACCG	9.036956	-24.696915	0	T:35.0(1.66%),B:196.4(0.42%),P:1e-10	Tpos:364.6,Tstd:292.2,Bpos:251.2,Bstd:150.9,StrandBias:0.0,Multiplicity:1.03
0.902	0.096	0.001	0.001
0.902	0.096	0.001	0.001
0.001	0.001	0.052	0.946
0.115	0.001	0.779	0.105
0.997	0.001	0.001	0.001
0.902	0.001	0.096	0.001
0.798	0.105	0.096	0.001
0.001	0.997	0.001	0.001
0.085	0.787	0.127	0.001
0.001	0.001	0.997	0.001
>GAGCAAGGGT	16-GAGCAAGGGT	10.241596	-16.401160	0	T:27.0(1.28%),B:176.8(0.38%),P:1e-7	Tpos:411.8,Tstd:450.0,Bpos:241.0,Bstd:131.9,StrandBias:-0.7,Multiplicity:1.31
0.001	0.001	0.997	0.001
0.997	0.001	0.001	0.001
0.001	0.001	0.956	0.042
0.001	0.997	0.001	0.001
0.997	0.001	0.001	0.001
0.997	0.001	0.001	0.001
0.001	0.082	0.916	0.001
0.001	0.001	0.997	0.001
0.001	0.001	0.997	0.001
0.001	0.288	0.001	0.710
>TGTCCTTTGA	17-TGTCCTTTGA	8.747178	-16.192306	0	T:100.0(4.74%),B:1266.4(2.69%),P:1e-7	Tpos:305.7,Tstd:280.0,Bpos:232.9,Bstd:141.7,StrandBias:0.2,Multiplicity:1.09
0.001	0.103	0.001	0.895
0.001	0.001	0.997	0.001
0.001	0.001	0.001	0.997
0.001	0.997	0.001	0.001
0.001	0.845	0.153	0.001
0.040	0.115	0.001	0.844
0.001	0.001	0.001	0.997
0.021	0.047	0.060	0.872
0.001	0.198	0.692	0.109
0.801	0.001	0.151	0.047
>CAAACCAGGC	18-CAAACCAGGC	10.685852	-15.521394	0	T:22.0(1.04%),B:128.9(0.27%),P:1e-6	Tpos:273.9,Tstd:158.1,Bpos:218.6,Bstd:135.1,StrandBias:0.3,Multiplicity:1.00
0.001	0.997	0.001	0.001
0.950	0.001	0.048	0.001
0.997	0.001	0.001	0.001
0.997	0.001	0.001	0.001
0.001	0.997	0.001	0.001
0.001	0.997	0.001	0.001
0.944	0.001	0.054	0.001
0.001	0.001	0.940	0.058
0.001	0.001	0.997	0.001
0.001	0.997	0.001	0.001
>TATTCACCTC	19-TATTCACCTC	6.404373	-12.296116	0	T:643.0(30.46%),B:12282.8(26.13%),P:1e-5	Tpos:331.0,Tstd:288.5,Bpos:240.7,Bstd:142.1,StrandBias:0.1,Multiplicity:1.24
0.100	0.100	0.100	0.700
0.700	0.100	0.100	0.100
0.100	0.100	0.100	0.700
0.100	0.100	0.100	0.700
0.100	0.700	0.100	0.100
0.700	0.100	0.100	0.100
0.100	0.700	0.100	0.100
0.100	0.700	0.100	0.100
0.100	0.100	0.100	0.700
0.100	0.700	0.100	0.100
>GCTCAGTGAT	20-GCTCAGTGAT	6.902752	-6.140385	0	T:96.0(4.55%),B:1577.8(3.36%),P:1e-2	Tpos:282.4,Tstd:206.0,Bpos:237.2,Bstd:143.8,StrandBias:0.2,Multiplicity:1.20
0.001	0.001	0.997	0.001
0.001	0.997	0.001	0.001
0.001	0.001	0.001	0.997
0.001	0.997	0.001	0.001
0.997	0.001	0.001	0.001
0.001	0.001	0.997	0.001
0.001	0.001	0.001	0.997
0.026	0.001	0.972	0.001
0.997	0.001	0.001	0.001
0.001	0.001	0.001	0.997
>ACAGGAAGTGKT	1-ACAGGAAGTGKT	8.419522	-142.754724	0	T:411.0(19.47%),B:3758.3(7.99%),P:1e-61	Tpos:292.5,Tstd:234.2,Bpos:240.4,Bstd:138.8,StrandBias:0.1,Multiplicity:1.12
0.484	0.165	0.210	0.141
0.195	0.600	0.173	0.032
0.997	0.001	0.001	0.001
0.042	0.001	0.956	0.001
0.008	0.048	0.943	0.001
0.968	0.030	0.001	0.001
0.672	0.001	0.045	0.282
0.296	0.007	0.696	0.001
0.060	0.146	0.031	0.763
0.114	0.001	0.597	0.288
0.129	0.164	0.402	0.305
0.195	0.187	0.135	0.483
>ACTTTCACTTTC	2-ACTTTCACTTTC	9.661976	-137.801008	0	T:161.0(7.63%),B:716.7(1.52%),P:1e-59	Tpos:311.7,Tstd:289.8,Bpos:241.8,Bstd:144.3,StrandBias:0.3,Multiplicity:1.06
0.782	0.063	0.067	0.088
0.023	0.817	0.102	0.058
0.057	0.042	0.013	0.888
0.001	0.132	0.020	0.847
0.068	0.050	0.025	0.857
0.057	0.871	0.032	0.040
0.841	0.046	0.052	0.061
0.044	0.726	0.106	0.124
0.091	0.033	0.013	0.863
0.038	0.043	0.015	0.904
0.025	0.119	0.019	0.837
0.070	0.771	0.057	0.102
>NNNATGASTCAB	3-NNNATGASTCAB	7.767004	-101.648263	0	T:242.0(11.46%),B:1941.0(4.13%),P:1e-44	Tpos:294.0,Tstd:254.0,Bpos:235.9,Bstd:140.2,StrandBias:0.1,Multiplicity:1.09
0.284	0.218	0.240	0.258
0.246	0.220	0.262	0.272
0.238	0.243	0.246	0.274
0.557	0.190	0.192	0.061
0.023	0.001	0.043	0.933
0.058	0.083	0.785	0.074
0.997	0.001	0.001	0.001
0.148	0.450	0.368	0.035
0.001	0.001	0.001	0.997
0.189	0.631	0.084	0.096
0.896	0.024	0.001	0.079
0.165	0.299	0.208	0.327
>NCTGTGGTTTBN	4-NCTGTGGTTTBN	8.080055	-89.043649	0	T:367.0(17.39%),B:3969.1(8.44%),P:1e-38	Tpos:302.9,Tstd:243.3,Bpos:240.3,Bstd:143.9,StrandBias:-0.1,Multiplicity:1.15
0.236	0.276	0.200	0.288
0.001	0.743	0.098	0.158
0.091	0.001	0.001	0.907
0.001	0.001	0.986	0.012
0.043	0.001	0.102	0.854
0.001	0.001	0.997	0.001
0.001	0.032	0.947	0.020
0.001	0.128	0.120	0.751
0.001	0.098	0.001	0.900
0.001	0.020	0.085	0.894
0.159	0.220	0.304	0.317
0.253	0.263	0.207	0.276
>RCCASHAGGGGG	5-RCCASHAGGGGG	9.735870	-80.317189	0	T:102.0(4.83%),B:495.0(1.05%),P:1e-34	Tpos:235.0,Tstd:138.0,Bpos:239.5,Bstd:148.1,StrandBias:-0.1,Multiplicity:1.03
0.373	0.135	0.306	0.186
0.245	0.512	0.232	0.011
0.001	0.891	0.107	0.001
0.851	0.018	0.014	0.117
0.022	0.478	0.500	0.001
0.254	0.346	0.095	0.304
0.741	0.086	0.172	0.001
0.008	0.008	0.983	0.001
0.385	0.001	0.607	0.007
0.115	0.011	0.535	0.339
0.156	0.001	0.834	0.009
0.014	0.161	0.671	0.154
>AGGGGAATTCCC	6-AGGGGAATTCCC	9.122818	-71.117898	0	T:116.0(5.50%),B:704.9(1.50%),P:1e-30	Tpos:283.2,Tstd:168.8,Bpos:237.8,Bstd:133.3,StrandBias:-0.4,Multiplicity:1.04
0.480	0.001	0.225	0.294
0.037	0.001	0.940	0.022
0.001	0.001	0.968	0.030
0.036	0.001	0.876	0.087
0.300	0.001	0.698	0.001
0.774	0.015	0.184	0.027
0.651	0.104	0.081	0.164
0.196	0.089	0.070	0.645
0.098	0.256	0.066	0.580
0.039	0.760	0.001	0.200
0.079	0.883	0.001	0.037
0.084	0.823	0.001	0.092
>TTTGHTGTGGTK	7-TTTGHTGTGGTK	8.847428	-69.457808	0	T:188.0(8.91%),B:1622.2(3.45%),P:1e-30	Tpos:285.7,Tstd:202.3,Bpos:239.2,Bstd:142.5,StrandBias:-0.1,Multiplicity:1.04
0.264	0.101	0.044	0.591
0.001	0.152	0.099	0.748
0.140	0.001	0.057	0.802
0.012	0.107	0.711	0.170
0.323	0.279	0.132	0.266
0.022	0.001	0.001	0.976
0.015	0.007	0.875	0.103
0.001	0.001	0.001	0.997
0.057	0.001	0.919	0.023
0.001	0.023	0.961	0.015
0.130	0.027	0.074	0.769
0.156	0.123	0.296	0.426
>GGTTTCCTGTTT	8-GGTTTCCTGTTT	11.786721	-40.859580	0	T:38.0(1.80%),B:134.5(0.29%),P:1e-17	Tpos:342.3,Tstd:278.9,Bpos:235.7,Bstd:148.3,StrandBias:-0.3,Multiplicity:1.00
0.061	0.001	0.817	0.121
0.001	0.001	0.932	0.066
0.001	0.047	0.001	0.951
0.001	0.112	0.001	0.886
0.001	0.001	0.001	0.997
0.001	0.962	0.001	0.036
0.001	0.997	0.001	0.001
0.001	0.001	0.001	0.997
0.001	0.001	0.886	0.112
0.001	0.001	0.095	0.903
0.143	0.052	0.037	0.768
0.001	0.001	0.112	0.886
>CAGGATGTGGTT	9-CAGGATGTGGTT	6.795961	-39.639236	0	T:507.0(24.02%),B:7851.4(16.70%),P:1e-17	Tpos:308.8,Tstd:271.6,Bpos:240.5,Bstd:140.7,StrandBias:-0.0,Multiplicity:1.14
0.113	0.748	0.073	0.066
0.755	0.069	0.051	0.125
0.063	0.054	0.805	0.078
0.070	0.062	0.767	0.101
0.710	0.097	0.108	0.085
0.084	0.095	0.097	0.724
0.069	0.050	0.793	0.088
0.071	0.087	0.075	0.767
0.085	0.071	0.779	0.065
0.094	0.090	0.733	0.083
0.076	0.082	0.117	0.725
0.103	0.104	0.091	0.702
>AACTTCAAAGAA	10-AACTTCAAAGAA	7.860948	-39.344729	0	T:112.0(5.31%),B:997.1(2.12%),P:1e-17	Tpos:309.1,Tstd:241.9,Bpos:239.9,Bstd:149.3,StrandBias:0.2,Multiplicity:1.06
0.534	0.162	0.191	0.113
0.500	0.187	0.090	0.223
0.176	0.547	0.129	0.148
0.257	0.209	0.037	0.497
0.152	0.135	0.146	0.567
0.080	0.698	0.115	0.107
0.795	0.140	0.003	0.062
0.574	0.152	0.153	0.121
0.846	0.037	0.061	0.056
0.159	0.122	0.572	0.147
0.501	0.221	0.125	0.153
0.606	0.194	0.059	0.141
>ACAGKAAACYRT	11-ACAGKAAACYRT	9.358425	-38.583118	0	T:54.0(2.56%),B:292.1(0.62%),P:1e-16	Tpos:265.5,Tstd:171.0,Bpos:234.6,Bstd:150.7,StrandBias:-0.8,Multiplicity:1.02
0.997	0.001	0.001	0.001
0.384	0.614	0.001	0.001
0.997	0.001	0.001	0.001
0.001	0.001	0.957	0.041
0.001	0.001	0.547	0.451
0.997	0.001	0.001	0.001
0.997	0.001	0.001	0.001
0.997	0.001	0.001	0.001
0.001	0.997	0.001	0.001
0.001	0.479	0.001	0.519
0.433	0.113	0.453	0.001
0.001	0.394	0.001	0.604
>GGTTGCTGAGGT	12-GGTTGCTGAGGT	11.431796	-31.507548	0	T:28.0(1.33%),B:95.1(0.20%),P:1e-13	Tpos:336.4,Tstd:271.3,Bpos:239.1,Bstd:141.8,StrandBias:0.8,Multiplicity:1.04
0.001	0.104	0.813	0.082
0.001	0.082	0.863	0.054
0.001	0.044	0.001	0.954
0.001	0.001	0.044	0.954
0.001	0.001	0.856	0.142
0.001	0.997	0.001	0.001
0.001	0.001	0.001	0.997
0.001	0.001	0.997	0.001
0.950	0.001	0.048	0.001
0.001	0.001	0.895	0.103
0.104	0.001	0.791	0.104
0.001	0.001	0.001	0.997
>CCCCCCCCCCCC	13-CCCCCCCCCCCC	9.458370	-25.470552	0	T:282.0(13.36%),B:4182.6(8.90%),P:1e-11	Tpos:338.0,Tstd:298.5,Bpos:244.2,Bstd:140.2,StrandBias:-0.1,Multiplicity:1.31
0.053	0.825	0.059	0.063
0.038	0.849	0.034	0.079
0.047	0.871	0.027	0.055
0.055	0.849	0.021	0.075
0.073	0.809	0.042	0.076
0.088	0.821	0.026	0.065
0.049	0.849	0.023	0.079
0.062	0.819	0.041	0.078
0.049	0.858	0.039	0.054
0.043	0.837	0.046	0.074
0.059	0.813	0.072	0.056
0.058	0.803	0.056	0.083
>TTCAAAACAAAA	14-TTCAAAACAAAA	9.892810	-25.275117	0	T:161.0(7.63%),B:2039.7(4.34%),P:1e-10	Tpos:289.2,Tstd:215.2,Bpos:241.7,Bstd:157.4,StrandBias:-0.1,Multiplicity:1.10
0.246	0.043	0.002	0.709
0.035	0.023	0.065	0.877
0.077	0.591	0.202	0.130
0.895	0.001	0.003	0.101
0.810	0.105	0.042	0.043
0.912	0.020	0.025	0.043
0.982	0.001	0.016	0.001
0.115	0.766	0.096	0.023
0.927	0.054	0.018	0.001
0.811	0.042	0.146	0.001
0.898	0.079	0.022	0.001
0.834	0.050	0.097	0.019
>CTGAGCCCTGAG	15-CTGAGCCCTGAG	12.516607	-20.309326	0	T:26.0(1.23%),B:135.1(0.29%),P:1e-8	Tpos:223.0,Tstd:135.4,Bpos:250.3,Bstd:140.6,StrandBias:0.5,Multiplicity:1.04
0.001	0.944	0.054	0.001
0.001	0.001	0.001	0.997
0.001	0.001	0.897	0.101
0.997	0.001	0.001	0.001
0.001	0.074	0.924	0.001
0.147	0.833	0.019	0.001
0.021	0.885	0.040	0.054
0.001	0.997	0.001	0.001
0.149	0.060	0.001	0.790
0.128	0.001	0.870	0.001
0.950	0.001	0.018	0.031
0.034	0.001	0.964	0.001
>TGCCTCCACCAA	16-TGCCTCCACCAA	9.775092	-17.244083	0	T:52.0(2.46%),B:492.0(1.05%),P:1e-7	Tpos:292.2,Tstd:257.2,Bpos:240.3,Bstd:138.7,StrandBias:-0.1,Multiplicity:1.04
0.184	0.073	0.001	0.742
0.074	0.015	0.872	0.039
0.038	0.769	0.062	0.131
0.074	0.814	0.037	0.075
0.058	0.038	0.001	0.903
0.037	0.851	0.111	0.001
0.111	0.887	0.001	0.001
0.812	0.062	0.074	0.052
0.029	0.841	0.093	0.037
0.161	0.665	0.064	0.110
0.842	0.083	0.037	0.038
0.988	0.001	0.010	0.001
>GATCTACCCGCA	17-GATCTACCCGCA	9.919921	-16.436031	0	T:9.0(0.43%),B:16.5(0.04%),P:1e-7	Tpos:357.1,Tstd:198.8,Bpos:267.7,Bstd:159.1,StrandBias:0.3,Multiplicity:1.00
0.104	0.119	0.660	0.117
0.629	0.143	0.109	0.119
0.091	0.107	0.126	0.676
0.077	0.705	0.117	0.101
0.102	0.135	0.053	0.710
0.613	0.138	0.130	0.119
0.109	0.693	0.114	0.084
0.119	0.725	0.058	0.098
0.169	0.586	0.082	0.163
0.155	0.136	0.561	0.148
0.106	0.717	0.119	0.058
0.724	0.093	0.077	0.106
>GACTCAGTGATG	18-GACTCAGTGATG	11.106276	-13.032898	0	T:8.0(0.38%),B:18.6(0.04%),P:1e-5	Tpos:180.8,Tstd:103.1,Bpos:148.7,Bstd:126.3,StrandBias:1.5,Multiplicity:2.38
0.001	0.001	0.997	0.001
0.762	0.005	0.228	0.005
0.001	0.997	0.001	0.001
0.001	0.001	0.001	0.997
0.001	0.997	0.001	0.001
0.997	0.001	0.001	0.001
0.001	0.001	0.997	0.001
0.001	0.001	0.001	0.997
0.180	0.001	0.818	0.001
0.997	0.001	0.001	0.001
0.001	0.001	0.001	0.997
0.001	0.001	0.997	0.001
>TTCAAAGGACAC	19-TTCAAAGGACAC	12.788839	-12.017582	0	T:10.0(0.47%),B:35.3(0.08%),P:1e-5	Tpos:192.4,Tstd:241.9,Bpos:234.2,Bstd:102.2,StrandBias:1.1,Multiplicity:1.60
0.001	0.127	0.001	0.871
0.001	0.001	0.001	0.997
0.001	0.658	0.340	0.001
0.508	0.341	0.001	0.150
0.997	0.001	0.001	0.001
0.997	0.001	0.001	0.001
0.001	0.001	0.997	0.001
0.001	0.001	0.997	0.001
0.997	0.001	0.001	0.001
0.001	0.997	0.001	0.001
0.997	0.001	0.001	0.001
0.001	0.997	0.001	0.001
>TTCCTGAGGTGA	20-TTCCTGAGGTGA	12.355432	-5.573276	0	T:2.0(0.09%),B:2.6(0.01%),P:1e-2	Tpos:181.9,Tstd:85.9,Bpos:214.1,Bstd:129.8,StrandBias:10.0,Multiplicity:4.50
0.100	0.100	0.100	0.700
0.100	0.100	0.100	0.700
0.100	0.700	0.100	0.100
0.100	0.700	0.100	0.100
0.100	0.100	0.100	0.700
0.100	0.100	0.700	0.100
0.700	0.100	0.100	0.100
0.100	0.100	0.700	0.100
0.100	0.100	0.700	0.100
0.100	0.100	0.100	0.700
0.100	0.100	0.700	0.100
0.700	0.100	0.100	0.100
>CACACACCTCCT	21-CACACACCTCCT	14.358468	-3.246462	0	T:4.0(0.19%),B:29.0(0.06%),P:1e-1	Tpos:183.1,Tstd:146.3,Bpos:226.9,Bstd:139.5,StrandBias:10.0,Multiplicity:2.25
0.159	0.839	0.001	0.001
0.872	0.001	0.126	0.001
0.001	0.997	0.001	0.001
0.997	0.001	0.001	0.001
0.001	0.997	0.001	0.001
0.997	0.001	0.001	0.001
0.001	0.997	0.001	0.001
0.001	0.997	0.001	0.001
0.001	0.001	0.001	0.997
0.001	0.997	0.001	0.001
0.001	0.997	0.001	0.001
0.001	0.001	0.001	0.997
>ATCACCATAGAA	22-ATCACCATAGAA	12.355432	-3.125536	0	T:1.0(0.05%),B:1.1(0.00%),P:1e-1	Tpos:63.0,Tstd:29.7,Bpos:32.5,Bstd:10.9,StrandBias:10.0,Multiplicity:5.00
0.700	0.100	0.100	0.100
0.100	0.100	0.100	0.700
0.100	0.700	0.100	0.100
0.700	0.100	0.100	0.100
0.100	0.700	0.100	0.100
0.100	0.700	0.100	0.100
0.700	0.100	0.100	0.100
0.100	0.100	0.100	0.700
0.700	0.100	0.100	0.100
0.100	0.100	0.700	0.100
0.700	0.100	0.100	0.100
0.700	0.100	0.100	0.100
>ACCCTTGCTCCA	23-ACCCTTGCTCCA	10.409522	-2.676681	0	T:12.0(0.57%),B:163.4(0.35%),P:1e-1	Tpos:307.7,Tstd:321.8,Bpos:227.5,Bstd:136.7,StrandBias:1.2,Multiplicity:1.67
0.700	0.100	0.100	0.100
0.100	0.700	0.100	0.100
0.100	0.700	0.100	0.100
0.100	0.700	0.100	0.100
0.100	0.100	0.100	0.700
0.100	0.100	0.100	0.700
0.100	0.100	0.700	0.100
0.100	0.700	0.100	0.100
0.100	0.100	0.100	0.700
0.100	0.700	0.100	0.100
0.100	0.700	0.100	0.100
0.700	0.100	0.100	0.100
>AGCCCCCAGTGA	24-AGCCCCCAGTGA	16.418559	-2.454580	0	T:1.0(0.05%),B:2.4(0.01%),P:1e-1	Tpos:106.8,Tstd:40.4,Bpos:331.5,Bstd:74.7,StrandBias:10.0,Multiplicity:5.00
0.997	0.001	0.001	0.001
0.166	0.001	0.832	0.001
0.001	0.997	0.001	0.001
0.001	0.997	0.001	0.001
0.001	0.997	0.001	0.001
0.001	0.997	0.001	0.001
0.001	0.997	0.001	0.001
0.997	0.001	0.001	0.001
0.001	0.001	0.997	0.001
0.001	0.001	0.001	0.997
0.001	0.001	0.997	0.001
0.997	0.001	0.001	0.001
>GACAGTGAGCCC	25-GACAGTGAGCCC	12.355432	-1.805313	0	T:1.0(0.05%),B:4.0(0.01%),P:1e0	Tpos:225.5,Tstd:70.0,Bpos:285.7,Bstd:45.0,StrandBias:10.0,Multiplicity:6.00
0.100	0.100	0.700	0.100
0.700	0.100	0.100	0.100
0.100	0.700	0.100	0.100
0.700	0.100	0.100	0.100
0.100	0.100	0.700	0.100
0.100	0.100	0.100	0.700
0.100	0.100	0.700	0.100
0.700	0.100	0.100	0.100
0.100	0.100	0.700	0.100
0.100	0.700	0.100	0.100
0.100	0.700	0.100	0.100
0.100	0.700	0.100	0.100
>CAGGAAGT	1-CAGGAAGT	7.435895	-121.508180	0	T:651.0(30.84%),B:8066.9(17.16%),P:1e-52	Tpos:315.1,Tstd:259.2,Bpos:240.1,Bstd:140.0,StrandBias:-0.2,Multiplicity:1.23
0.001	0.886	0.112	0.001
0.997	0.001	0.001	0.001
0.001	0.001	0.997	0.001
0.001	0.001	0.997	0.001
0.997	0.001	0.001	0.001
0.997	0.001	0.001	0.001
0.336	0.001	0.662	0.001
0.001	0.300	0.001	0.698
>AAACCACA	2-AAACCACA	8.089093	-112.650771	0	T:437.0(20.70%),B:4640.7(9.87%),P:1e-48	Tpos:297.7,Tstd:228.0,Bpos:244.6,Bstd:144.7,StrandBias:-0.1,Multiplicity:1.18
0.691	0.001	0.088	0.220
0.997	0.001	0.001	0.001
0.892	0.001	0.106	0.001
0.001	0.997	0.001	0.001
0.001	0.997	0.001	0.001
0.972	0.001	0.026	0.001
0.001	0.997	0.001	0.001
0.914	0.001	0.001	0.084
>TGASTCAT	3-TGASTCAT	8.878094	-103.551102	0	T:234.0(11.08%),B:1813.0(3.86%),P:1e-44	Tpos:286.2,Tstd:243.3,Bpos:239.6,Bstd:142.0,StrandBias:-0.3,Multiplicity:1.09
0.001	0.001	0.001	0.997
0.001	0.001	0.997	0.001
0.997	0.001	0.001	0.001
0.001	0.496	0.502	0.001
0.001	0.001	0.001	0.997
0.001	0.997	0.001	0.001
0.997	0.001	0.001	0.001
0.052	0.222	0.198	0.528
>GATGTGGT	4-GATGTGGT	7.519166	-67.868978	0	T:262.0(12.41%),B:2726.8(5.80%),P:1e-29	Tpos:332.2,Tstd:254.6,Bpos:238.0,Bstd:138.0,StrandBias:0.4,Multiplicity:1.06
0.001	0.001	0.997	0.001
0.895	0.001	0.001	0.103
0.001	0.001	0.001	0.997
0.001	0.001	0.997	0.001
0.001	0.001	0.001	0.997
0.001	0.001	0.997	0.001
0.001	0.001	0.997	0.001
0.001	0.001	0.278	0.720
>GTGAAAGT	5-GTGAAAGT	9.107499	-48.546035	0	T:234.0(11.08%),B:2672.0(5.68%),P:1e-21	Tpos:327.3,Tstd:280.0,Bpos:245.3,Bstd:144.6,StrandBias:-0.3,Multiplicity:1.10
0.138	0.001	0.860	0.001
0.194	0.001	0.163	0.642
0.001	0.001	0.997	0.001
0.997	0.001	0.001	0.001
0.997	0.001	0.001	0.001
0.997	0.001	0.001	0.001
0.001	0.001	0.997	0.001
0.001	0.001	0.001	0.997
>ACATCCTG	6-ACATCCTG	8.080803	-46.866420	0	T:262.0(12.41%),B:3169.6(6.74%),P:1e-20	Tpos:324.1,Tstd:246.9,Bpos:239.5,Bstd:142.0,StrandBias:0.0,Multiplicity:1.07
0.997	0.001	0.001	0.001
0.001	0.997	0.001	0.001
0.916	0.001	0.082	0.001
0.001	0.203	0.001	0.795
0.001	0.997	0.001	0.001
0.001	0.997	0.001	0.001
0.001	0.001	0.119	0.879
0.001	0.001	0.871	0.127
>TTTCCGTT	7-TTTCCGTT	5.854539	-36.765892	0	T:673.0(31.88%),B:11272.0(23.98%),P:1e-15	Tpos:301.6,Tstd:245.3,Bpos:242.9,Bstd:151.9,StrandBias:-0.0,Multiplicity:1.30
0.008	0.132	0.007	0.853
0.001	0.001	0.010	0.988
0.014	0.001	0.061	0.924
0.003	0.962	0.034	0.001
0.155	0.643	0.156	0.046
0.001	0.001	0.914	0.084
0.011	0.069	0.055	0.865
0.009	0.029	0.056	0.906
>TTTGATCT	8-TTTGATCT	7.367694	-36.652013	0	T:254.0(12.03%),B:3304.6(7.03%),P:1e-15	Tpos:314.3,Tstd:247.6,Bpos:238.3,Bstd:143.3,StrandBias:-0.1,Multiplicity:1.07
0.086	0.001	0.001	0.912
0.001	0.001	0.001	0.997
0.001	0.044	0.001	0.954
0.001	0.167	0.831	0.001
0.997	0.001	0.001	0.001
0.179	0.001	0.001	0.819
0.001	0.997	0.001	0.001
0.105	0.001	0.001	0.893
>CTTTGAAG	9-CTTTGAAG	8.509420	-36.026704	0	T:299.0(14.16%),B:4113.9(8.75%),P:1e-15	Tpos:300.2,Tstd:246.5,Bpos:239.7,Bstd:145.9,StrandBias:-0.2,Multiplicity:1.09
0.001	0.879	0.001	0.119
0.001	0.001	0.001	0.997
0.001	0.001	0.001	0.997
0.001	0.001	0.001	0.997
0.001	0.001	0.997	0.001
0.997	0.001	0.001	0.001
0.779	0.001	0.001	0.219
0.169	0.001	0.829	0.001
>GGGGGGGG	10-GGGGGGGG	6.291044	-24.076652	0	T:869.0(41.17%),B:16130.2(34.31%),P:1e-10	Tpos:342.7,Tstd:290.0,Bpos:242.4,Bstd:143.8,StrandBias:0.1,Multiplicity:1.92
0.100	0.100	0.700	0.100
0.100	0.100	0.700	0.100
0.100	0.100	0.700	0.100
0.100	0.100	0.700	0.100
0.100	0.100	0.700	0.100
0.100	0.100	0.700	0.100
0.100	0.100	0.700	0.100
0.100	0.100	0.700	0.100
>CAGGGGGC	11-CAGGGGGC	8.236954	-18.302071	0	T:96.0(4.55%),B:1145.7(2.44%),P:1e-7	Tpos:293.3,Tstd:229.8,Bpos:245.2,Bstd:146.8,StrandBias:0.2,Multiplicity:1.03
0.100	0.700	0.100	0.100
0.700	0.100	0.100	0.100
0.100	0.100	0.700	0.100
0.100	0.100	0.700	0.100
0.100	0.100	0.700	0.100
0.100	0.100	0.700	0.100
0.100	0.100	0.700	0.100
0.100	0.700	0.100	0.100
>TGCTACGG	12-TGCTACGG	9.110327	-11.253813	0	T:29.0(1.37%),B:261.0(0.56%),P:1e-4	Tpos:230.0,Tstd:179.5,Bpos:249.3,Bstd:149.2,StrandBias:0.6,Multiplicity:1.03
0.001	0.001	0.001	0.997
0.001	0.001	0.997	0.001
0.001	0.997	0.001	0.001
0.001	0.001	0.001	0.997
0.997	0.001	0.001	0.001
0.001	0.997	0.001	0.001
0.001	0.141	0.857	0.001
0.001	0.001	0.997	0.001
