Factor1: 0.7091377761591746
Factor2: 1.4101632061067066
