Factor1: 1.0997765888675615
Factor2: 0.9092755838980894
