>NNNVGACACGTGC	Hes2+M0199	6.614484	-9.576040	0	T:357.0(10.56%),B:3947.4(8.65%),P:1e-4
0.214	0.214	0.214	0.357
0.341	0.197	0.197	0.264
0.341	0.197	0.197	0.264
0.245	0.333	0.245	0.177
0.083	0.152	0.682	0.083
0.602	0.001	0.396	0.001
0.281	0.717	0.001	0.001
0.928	0.001	0.070	0.001
0.174	0.754	0.036	0.036
0.123	0.053	0.771	0.053
0.053	0.053	0.053	0.841
0.143	0.073	0.711	0.073
0.238	0.428	0.167	0.167
