>TTTCGCYTGGCMSGTCA	Zbtb49+M5959	12.556017	-5.152966	0	T:3.0(0.06%),B:3.2(0.01%),P:1e-2
0.001	0.052	0.001	0.946
0.001	0.001	0.001	0.997
0.088	0.257	0.106	0.549
0.001	0.725	0.004	0.270
0.012	0.006	0.968	0.014
0.001	0.997	0.001	0.001
0.004	0.493	0.128	0.375
0.013	0.005	0.060	0.922
0.015	0.001	0.980	0.004
0.216	0.040	0.684	0.060
0.069	0.838	0.041	0.052
0.452	0.323	0.223	0.003
0.001	0.423	0.408	0.168
0.002	0.001	0.996	0.001
0.001	0.040	0.002	0.957
0.001	0.997	0.001	0.001
0.786	0.001	0.074	0.139
