>STCGTGTTRTGGGAAAG	Zfp282+M5970	12.422096	-7.148613	0	T:7.0(0.15%),B:14.3(0.03%),P:1e-3
0.176	0.334	0.338	0.152
0.143	0.200	0.133	0.524
0.293	0.674	0.001	0.032
0.009	0.009	0.977	0.005
0.024	0.007	0.149	0.820
0.014	0.018	0.959	0.009
0.007	0.001	0.001	0.991
0.171	0.104	0.008	0.717
0.463	0.007	0.485	0.044
0.081	0.001	0.381	0.537
0.010	0.014	0.975	0.001
0.005	0.001	0.993	0.001
0.001	0.009	0.989	0.001
0.979	0.008	0.005	0.008
0.941	0.019	0.001	0.039
0.849	0.016	0.047	0.088
0.144	0.160	0.629	0.067
