Factor1: 0.9882913024963943
Factor2: 1.0118474153056187
