Factor1: 1.0126386135974814
Factor2: 0.9875191273295606
