Factor1: 0.8591145887612602
Factor2: 1.1639890802481652
