Factor1: 1.0083370568891636
Factor2: 0.9917318749398315
