>CACTTCCT	1-CACTTCCT	7.090331	-171.964214	0	T:291.0(39.59%),B:5995.7(12.63%),P:1e-74	Tpos:257.3,Tstd:159.4,Bpos:214.5,Bstd:135.4,StrandBias:-0.5,Multiplicity:1.24
0.089	0.693	0.001	0.217
0.764	0.032	0.160	0.044
0.010	0.674	0.079	0.237
0.193	0.080	0.048	0.679
0.001	0.160	0.001	0.838
0.080	0.883	0.001	0.036
0.094	0.894	0.011	0.001
0.001	0.001	0.402	0.596
>CTTCCTGT	2-CTTCCTGT	8.191815	-160.559935	0	T:304.0(41.36%),B:6849.7(14.43%),P:1e-69	Tpos:238.5,Tstd:162.6,Bpos:214.2,Bstd:130.3,StrandBias:0.0,Multiplicity:1.27
0.001	0.802	0.001	0.196
0.096	0.001	0.001	0.902
0.001	0.001	0.001	0.997
0.001	0.997	0.001	0.001
0.001	0.997	0.001	0.001
0.001	0.001	0.001	0.997
0.001	0.202	0.796	0.001
0.001	0.088	0.001	0.910
>TGTGGTTA	3-TGTGGTTA	6.279155	-82.660038	0	T:326.0(44.35%),B:11009.5(23.19%),P:1e-35	Tpos:241.6,Tstd:161.8,Bpos:213.8,Bstd:137.6,StrandBias:-0.1,Multiplicity:1.36
0.141	0.029	0.080	0.750
0.052	0.051	0.830	0.067
0.129	0.072	0.032	0.767
0.026	0.033	0.924	0.017
0.076	0.038	0.848	0.038
0.020	0.089	0.157	0.734
0.170	0.188	0.079	0.563
0.590	0.017	0.113	0.280
>GTTTCCGC	4-GTTTCCGC	6.170369	-52.037107	0	T:254.0(34.56%),B:9035.4(19.03%),P:1e-22	Tpos:235.3,Tstd:161.7,Bpos:213.1,Bstd:133.8,StrandBias:-0.1,Multiplicity:1.24
0.099	0.156	0.616	0.129
0.026	0.084	0.071	0.819
0.088	0.055	0.020	0.837
0.072	0.009	0.031	0.888
0.019	0.855	0.048	0.078
0.085	0.862	0.032	0.021
0.210	0.028	0.620	0.142
0.033	0.520	0.186	0.261
>GGGTGTGG	5-GGGTGTGG	6.985004	-47.891260	0	T:233.0(31.70%),B:8217.1(17.31%),P:1e-20	Tpos:224.1,Tstd:179.2,Bpos:214.1,Bstd:135.4,StrandBias:0.1,Multiplicity:1.21
0.319	0.110	0.503	0.068
0.141	0.026	0.832	0.001
0.001	0.001	0.997	0.001
0.001	0.092	0.001	0.906
0.087	0.001	0.742	0.170
0.282	0.014	0.146	0.558
0.123	0.062	0.534	0.281
0.407	0.001	0.591	0.001
>TGACGTCA	6-TGACGTCA	3.538211	-34.907085	0	T:144.0(19.59%),B:4633.7(9.76%),P:1e-15	Tpos:243.8,Tstd:146.6,Bpos:211.5,Bstd:134.7,StrandBias:0.0,Multiplicity:1.14
0.001	0.001	0.001	0.997
0.001	0.001	0.685	0.313
0.778	0.220	0.001	0.001
0.001	0.997	0.001	0.001
0.001	0.001	0.997	0.001
0.001	0.001	0.001	0.997
0.001	0.997	0.001	0.001
0.997	0.001	0.001	0.001
>GTGKTAAA	7-GTGKTAAA	7.401647	-30.576230	0	T:136.0(18.50%),B:4510.4(9.50%),P:1e-13	Tpos:245.8,Tstd:157.8,Bpos:212.6,Bstd:134.8,StrandBias:0.0,Multiplicity:1.07
0.001	0.001	0.997	0.001
0.001	0.152	0.135	0.712
0.001	0.001	0.997	0.001
0.001	0.001	0.566	0.432
0.326	0.001	0.041	0.632
0.997	0.001	0.001	0.001
0.812	0.001	0.186	0.001
0.666	0.001	0.122	0.211
>GTGACTCA	8-GTGACTCA	7.352291	-23.814944	0	T:106.0(14.42%),B:3506.0(7.38%),P:1e-10	Tpos:238.1,Tstd:157.9,Bpos:213.6,Bstd:136.1,StrandBias:0.2,Multiplicity:1.09
0.176	0.086	0.737	0.001
0.001	0.001	0.001	0.997
0.001	0.001	0.997	0.001
0.997	0.001	0.001	0.001
0.001	0.739	0.259	0.001
0.001	0.001	0.057	0.941
0.047	0.951	0.001	0.001
0.997	0.001	0.001	0.001
>GTTAGAGG	9-GTTAGAGG	6.291044	-2.667751	0	T:188.0(25.58%),B:11013.0(23.19%),P:1e-1	Tpos:249.4,Tstd:179.8,Bpos:213.5,Bstd:130.9,StrandBias:0.4,Multiplicity:1.36
0.100	0.100	0.700	0.100
0.100	0.100	0.100	0.700
0.100	0.100	0.100	0.700
0.700	0.100	0.100	0.100
0.100	0.100	0.700	0.100
0.700	0.100	0.100	0.100
0.100	0.100	0.700	0.100
0.100	0.100	0.700	0.100
