>ACAGGAAGTR	1-ACAGGAAGTR	6.651198	-221.227198	0	T:448.0(60.95%),B:11670.9(24.58%),P:1e-96	Tpos:237.7,Tstd:150.2,Bpos:212.7,Bstd:129.2,StrandBias:0.2,Multiplicity:1.53
0.656	0.215	0.101	0.028
0.159	0.510	0.330	0.001
0.901	0.064	0.034	0.001
0.001	0.001	0.997	0.001
0.001	0.004	0.994	0.001
0.997	0.001	0.001	0.001
0.750	0.001	0.001	0.248
0.387	0.011	0.601	0.001
0.013	0.137	0.039	0.811
0.327	0.183	0.430	0.060
>AAACCACAGG	2-AAACCACAGG	7.015119	-61.495624	0	T:227.0(30.88%),B:7138.3(15.03%),P:1e-26	Tpos:240.3,Tstd:157.3,Bpos:212.7,Bstd:134.8,StrandBias:0.1,Multiplicity:1.25
0.780	0.059	0.093	0.068
0.793	0.062	0.092	0.053
0.782	0.109	0.065	0.044
0.078	0.893	0.002	0.027
0.035	0.913	0.019	0.033
0.808	0.041	0.093	0.058
0.036	0.853	0.019	0.092
0.873	0.020	0.060	0.047
0.124	0.111	0.620	0.145
0.141	0.043	0.693	0.123
>RWGGGTGTGG	3-RWGGGTGTGG	7.753258	-58.191203	0	T:197.0(26.80%),B:5885.3(12.39%),P:1e-25	Tpos:242.2,Tstd:196.7,Bpos:212.7,Bstd:134.7,StrandBias:-0.2,Multiplicity:1.25
0.313	0.184	0.347	0.157
0.441	0.044	0.171	0.344
0.343	0.069	0.587	0.001
0.036	0.001	0.962	0.001
0.120	0.001	0.878	0.001
0.001	0.010	0.016	0.973
0.001	0.001	0.997	0.001
0.134	0.170	0.108	0.588
0.129	0.022	0.703	0.146
0.276	0.001	0.722	0.001
>WAAYGGAAAA	4-WAAYGGAAAA	8.670411	-50.619892	0	T:55.0(7.48%),B:679.6(1.43%),P:1e-21	Tpos:276.4,Tstd:198.0,Bpos:212.3,Bstd:126.2,StrandBias:-0.6,Multiplicity:1.04
0.341	0.198	0.001	0.460
0.956	0.042	0.001	0.001
0.951	0.001	0.047	0.001
0.001	0.449	0.001	0.549
0.001	0.001	0.997	0.001
0.023	0.002	0.974	0.001
0.996	0.001	0.001	0.002
0.997	0.001	0.001	0.001
0.917	0.051	0.031	0.001
0.664	0.334	0.001	0.001
>CGTGACGTCA	5-CGTGACGTCA	6.771605	-49.359518	0	T:140.0(19.05%),B:3748.4(7.89%),P:1e-21	Tpos:251.7,Tstd:154.8,Bpos:213.6,Bstd:134.9,StrandBias:-0.2,Multiplicity:1.11
0.208	0.427	0.235	0.129
0.337	0.063	0.524	0.076
0.001	0.001	0.046	0.952
0.001	0.055	0.910	0.034
0.915	0.068	0.016	0.001
0.001	0.851	0.073	0.075
0.217	0.126	0.656	0.001
0.001	0.024	0.068	0.907
0.001	0.912	0.052	0.035
0.959	0.039	0.001	0.001
>TCTTCCTCTT	6-TCTTCCTCTT	8.775709	-33.131527	0	T:54.0(7.35%),B:986.5(2.08%),P:1e-14	Tpos:242.9,Tstd:150.0,Bpos:212.2,Bstd:129.4,StrandBias:1.3,Multiplicity:1.03
0.001	0.001	0.296	0.702
0.001	0.997	0.001	0.001
0.001	0.001	0.001	0.997
0.272	0.001	0.001	0.726
0.001	0.997	0.001	0.001
0.001	0.997	0.001	0.001
0.001	0.001	0.001	0.997
0.001	0.956	0.042	0.001
0.001	0.001	0.001	0.997
0.214	0.001	0.001	0.784
>DGTGAGTCAC	7-DGTGAGTCAC	8.348871	-32.799286	0	T:73.0(9.93%),B:1672.3(3.52%),P:1e-14	Tpos:238.9,Tstd:140.9,Bpos:213.7,Bstd:144.1,StrandBias:-0.3,Multiplicity:1.03
0.341	0.001	0.289	0.369
0.001	0.290	0.578	0.131
0.116	0.001	0.136	0.747
0.078	0.101	0.654	0.167
0.617	0.155	0.166	0.062
0.001	0.152	0.846	0.001
0.122	0.001	0.001	0.876
0.001	0.784	0.021	0.194
0.878	0.120	0.001	0.001
0.001	0.899	0.060	0.040
>GTTACCACAT	8-GTTACCACAT	6.136192	-32.247548	0	T:139.0(18.91%),B:4552.1(9.59%),P:1e-14	Tpos:211.7,Tstd:137.6,Bpos:214.3,Bstd:134.8,StrandBias:0.0,Multiplicity:1.20
0.086	0.084	0.627	0.203
0.099	0.090	0.161	0.650
0.189	0.104	0.059	0.648
0.718	0.058	0.054	0.170
0.125	0.545	0.212	0.118
0.086	0.739	0.048	0.127
0.595	0.269	0.048	0.088
0.129	0.670	0.118	0.083
0.530	0.087	0.071	0.312
0.225	0.108	0.100	0.567
>GTCACACTTC	9-GTCACACTTC	9.064911	-29.724830	0	T:40.0(5.44%),B:622.4(1.31%),P:1e-12	Tpos:284.0,Tstd:194.7,Bpos:214.8,Bstd:147.0,StrandBias:0.1,Multiplicity:1.03
0.042	0.016	0.941	0.001
0.001	0.001	0.001	0.997
0.142	0.702	0.092	0.064
0.997	0.001	0.001	0.001
0.001	0.929	0.001	0.069
0.997	0.001	0.001	0.001
0.001	0.891	0.107	0.001
0.001	0.076	0.119	0.804
0.001	0.027	0.040	0.932
0.043	0.836	0.091	0.030
>CTAAAAATAG	10-CTAAAAATAG	9.789789	-26.804940	0	T:35.0(4.76%),B:532.7(1.12%),P:1e-11	Tpos:326.5,Tstd:152.8,Bpos:208.5,Bstd:123.3,StrandBias:-0.5,Multiplicity:1.03
0.148	0.748	0.001	0.103
0.055	0.063	0.001	0.881
0.901	0.051	0.047	0.001
0.897	0.001	0.043	0.059
0.921	0.001	0.077	0.001
0.906	0.001	0.092	0.001
0.934	0.001	0.001	0.064
0.001	0.001	0.049	0.949
0.945	0.001	0.053	0.001
0.001	0.044	0.954	0.001
>TCTCRCGCTA	11-TCTCRCGCTA	7.727061	-24.642350	0	T:56.0(7.62%),B:1307.2(2.75%),P:1e-10	Tpos:234.5,Tstd:123.6,Bpos:215.4,Bstd:133.3,StrandBias:0.1,Multiplicity:1.04
0.110	0.001	0.089	0.800
0.001	0.932	0.066	0.001
0.001	0.001	0.125	0.873
0.125	0.713	0.135	0.027
0.520	0.054	0.424	0.002
0.001	0.984	0.013	0.002
0.084	0.212	0.575	0.129
0.188	0.625	0.003	0.184
0.001	0.333	0.001	0.665
0.842	0.034	0.072	0.052
>TTTGCTGAGC	12-TTTGCTGAGC	7.306349	-21.375500	0	T:88.0(11.97%),B:2815.9(5.93%),P:1e-9	Tpos:220.4,Tstd:135.3,Bpos:216.3,Bstd:132.4,StrandBias:0.1,Multiplicity:1.06
0.092	0.031	0.106	0.771
0.086	0.076	0.058	0.780
0.057	0.068	0.079	0.796
0.102	0.059	0.791	0.048
0.075	0.818	0.074	0.033
0.069	0.059	0.018	0.854
0.087	0.052	0.782	0.079
0.787	0.094	0.048	0.071
0.043	0.065	0.776	0.116
0.052	0.854	0.057	0.037
>GCATAATGAG	13-GCATAATGAG	12.104296	-18.890313	0	T:8.0(1.09%),B:24.5(0.05%),P:1e-8	Tpos:214.6,Tstd:114.2,Bpos:213.6,Bstd:107.8,StrandBias:1.6,Multiplicity:1.00
0.001	0.001	0.997	0.001
0.001	0.997	0.001	0.001
0.997	0.001	0.001	0.001
0.001	0.001	0.001	0.997
0.997	0.001	0.001	0.001
0.997	0.001	0.001	0.001
0.001	0.177	0.001	0.821
0.001	0.001	0.997	0.001
0.997	0.001	0.001	0.001
0.001	0.001	0.997	0.001
>TTAATCTTTC	14-TTAATCTTTC	10.314165	-17.288087	0	T:18.0(2.45%),B:226.9(0.48%),P:1e-7	Tpos:243.9,Tstd:134.6,Bpos:206.0,Bstd:129.1,StrandBias:1.4,Multiplicity:1.00
0.001	0.001	0.001	0.997
0.001	0.104	0.001	0.894
0.997	0.001	0.001	0.001
0.635	0.363	0.001	0.001
0.001	0.001	0.220	0.778
0.001	0.997	0.001	0.001
0.001	0.001	0.001	0.997
0.001	0.001	0.001	0.997
0.001	0.001	0.001	0.997
0.001	0.997	0.001	0.001
>GGTCCGCGTC	15-GGTCCGCGTC	10.296193	-17.111204	0	T:4.0(0.54%),B:2.6(0.01%),P:1e-7	Tpos:96.2,Tstd:38.1,Bpos:137.4,Bstd:27.6,StrandBias:10.0,Multiplicity:1.00
0.100	0.100	0.700	0.100
0.100	0.100	0.700	0.100
0.100	0.100	0.100	0.700
0.100	0.700	0.100	0.100
0.100	0.700	0.100	0.100
0.100	0.100	0.700	0.100
0.100	0.700	0.100	0.100
0.100	0.100	0.700	0.100
0.100	0.100	0.100	0.700
0.100	0.700	0.100	0.100
>GTGGTTGGTT	16-GTGGTTGGTT	8.380977	-16.847824	0	T:40.0(5.44%),B:974.3(2.05%),P:1e-7	Tpos:219.9,Tstd:116.9,Bpos:215.5,Bstd:140.2,StrandBias:-0.6,Multiplicity:1.03
0.001	0.020	0.703	0.276
0.071	0.041	0.040	0.848
0.001	0.236	0.727	0.036
0.311	0.025	0.530	0.134
0.366	0.040	0.003	0.591
0.184	0.001	0.220	0.595
0.001	0.021	0.917	0.061
0.271	0.122	0.580	0.027
0.001	0.023	0.045	0.931
0.265	0.023	0.164	0.548
>CAAATTCGCR	17-CAAATTCGCR	9.999157	-11.545223	0	T:7.0(0.95%),B:46.0(0.10%),P:1e-5	Tpos:283.4,Tstd:96.6,Bpos:169.6,Bstd:106.9,StrandBias:0.6,Multiplicity:1.00
0.001	0.997	0.001	0.001
0.580	0.001	0.195	0.224
0.608	0.001	0.390	0.001
0.997	0.001	0.001	0.001
0.001	0.311	0.124	0.564
0.001	0.001	0.001	0.997
0.001	0.595	0.001	0.403
0.001	0.001	0.997	0.001
0.415	0.583	0.001	0.001
0.480	0.181	0.337	0.001
>TGAGCGCCTC	18-TGAGCGCCTC	10.296193	-10.918970	0	T:5.0(0.68%),B:20.2(0.04%),P:1e-4	Tpos:273.9,Tstd:77.9,Bpos:223.0,Bstd:161.5,StrandBias:-2.8,Multiplicity:1.60
0.100	0.100	0.100	0.700
0.100	0.100	0.700	0.100
0.700	0.100	0.100	0.100
0.100	0.100	0.700	0.100
0.100	0.700	0.100	0.100
0.100	0.100	0.700	0.100
0.100	0.700	0.100	0.100
0.100	0.700	0.100	0.100
0.100	0.100	0.100	0.700
0.100	0.700	0.100	0.100
>GYGTTAGAGG	19-GYGTTAGAGG	10.103281	-9.296283	0	T:9.0(1.22%),B:114.2(0.24%),P:1e-4	Tpos:320.3,Tstd:159.6,Bpos:226.1,Bstd:144.7,StrandBias:5.2,Multiplicity:4.88
0.001	0.001	0.997	0.001
0.001	0.525	0.001	0.473
0.109	0.001	0.889	0.001
0.001	0.001	0.001	0.997
0.199	0.001	0.001	0.799
0.997	0.001	0.001	0.001
0.001	0.317	0.572	0.110
0.799	0.001	0.001	0.199
0.001	0.316	0.682	0.001
0.124	0.001	0.874	0.001
>ACCACTTCCTST	1-ACCACTTCCTST	8.072854	-181.717676	0	T:257.0(34.97%),B:4478.2(9.43%),P:1e-78	Tpos:245.7,Tstd:158.5,Bpos:211.8,Bstd:133.1,StrandBias:-0.1,Multiplicity:1.34
0.501	0.235	0.148	0.116
0.046	0.725	0.171	0.058
0.054	0.736	0.046	0.164
0.751	0.093	0.067	0.089
0.031	0.842	0.024	0.103
0.228	0.014	0.001	0.757
0.001	0.025	0.008	0.966
0.012	0.958	0.001	0.029
0.001	0.975	0.001	0.023
0.013	0.026	0.053	0.908
0.029	0.411	0.361	0.199
0.066	0.254	0.031	0.649
>WVACAGGAARYN	2-WVACAGGAARYN	6.604920	-126.777636	0	T:256.0(34.83%),B:5861.0(12.34%),P:1e-55	Tpos:229.5,Tstd:154.3,Bpos:214.1,Bstd:130.8,StrandBias:0.5,Multiplicity:1.24
0.394	0.113	0.107	0.386
0.230	0.279	0.343	0.148
0.479	0.108	0.260	0.154
0.147	0.463	0.303	0.086
0.727	0.083	0.063	0.127
0.094	0.008	0.813	0.085
0.095	0.079	0.600	0.226
0.760	0.096	0.077	0.067
0.616	0.125	0.092	0.167
0.385	0.128	0.423	0.064
0.146	0.394	0.186	0.274
0.309	0.321	0.195	0.175
>ACAGGAAGTGGG	3-ACAGGAAGTGGG	7.034934	-81.365084	0	T:285.0(38.78%),B:8973.6(18.90%),P:1e-35	Tpos:253.5,Tstd:177.7,Bpos:213.6,Bstd:131.3,StrandBias:0.0,Multiplicity:1.17
0.657	0.118	0.089	0.136
0.066	0.815	0.073	0.046
0.748	0.060	0.122	0.070
0.049	0.040	0.825	0.086
0.077	0.071	0.747	0.105
0.825	0.060	0.075	0.040
0.710	0.052	0.094	0.144
0.082	0.135	0.740	0.043
0.129	0.047	0.084	0.740
0.090	0.031	0.790	0.089
0.132	0.036	0.701	0.131
0.134	0.106	0.706	0.054
>ACCACATCCTGT	4-ACCACATCCTGT	7.049599	-80.583846	0	T:226.0(30.75%),B:6209.6(13.08%),P:1e-34	Tpos:253.7,Tstd:156.4,Bpos:211.5,Bstd:134.7,StrandBias:0.3,Multiplicity:1.07
0.771	0.058	0.109	0.062
0.118	0.700	0.120	0.062
0.164	0.712	0.076	0.048
0.784	0.083	0.054	0.079
0.075	0.817	0.077	0.031
0.841	0.079	0.035	0.045
0.082	0.167	0.084	0.667
0.104	0.711	0.118	0.067
0.060	0.796	0.089	0.055
0.127	0.051	0.022	0.800
0.072	0.135	0.686	0.107
0.080	0.108	0.097	0.715
>CTAAAACCACAG	5-CTAAAACCACAG	7.629915	-44.240328	0	T:154.0(20.95%),B:4599.0(9.69%),P:1e-19	Tpos:228.6,Tstd:162.6,Bpos:213.5,Bstd:134.4,StrandBias:0.3,Multiplicity:1.12
0.131	0.657	0.075	0.137
0.141	0.126	0.084	0.649
0.633	0.113	0.127	0.127
0.687	0.111	0.115	0.087
0.738	0.111	0.109	0.042
0.753	0.089	0.090	0.068
0.136	0.753	0.050	0.061
0.063	0.852	0.025	0.060
0.861	0.024	0.050	0.065
0.107	0.800	0.046	0.047
0.855	0.038	0.019	0.088
0.105	0.099	0.762	0.034
>BVTARTGGAAAM	6-BVTARTGGAAAM	9.689259	-39.510673	0	T:53.0(7.21%),B:814.9(1.72%),P:1e-17	Tpos:293.2,Tstd:218.0,Bpos:206.3,Bstd:129.6,StrandBias:-0.7,Multiplicity:1.06
0.001	0.387	0.277	0.335
0.293	0.376	0.266	0.065
0.253	0.243	0.093	0.411
0.997	0.001	0.001	0.001
0.537	0.047	0.415	0.001
0.148	0.322	0.001	0.529
0.054	0.001	0.944	0.001
0.001	0.001	0.997	0.001
0.997	0.001	0.001	0.001
0.997	0.001	0.001	0.001
0.997	0.001	0.001	0.001
0.407	0.528	0.001	0.064
>TGTGASTCACAG	7-TGTGASTCACAG	9.056564	-36.254149	0	T:75.0(10.20%),B:1634.7(3.44%),P:1e-15	Tpos:226.9,Tstd:136.1,Bpos:212.8,Bstd:137.8,StrandBias:0.1,Multiplicity:1.11
0.001	0.001	0.001	0.997
0.001	0.164	0.834	0.001
0.060	0.001	0.001	0.938
0.001	0.084	0.749	0.166
0.631	0.001	0.327	0.041
0.118	0.294	0.406	0.182
0.001	0.127	0.001	0.871
0.257	0.571	0.171	0.001
0.900	0.035	0.001	0.064
0.001	0.723	0.200	0.076
0.833	0.001	0.001	0.165
0.047	0.068	0.644	0.241
>CAGCCCCACCCA	8-CAGCCCCACCCA	10.462584	-32.019455	0	T:54.0(7.35%),B:1014.4(2.14%),P:1e-13	Tpos:224.6,Tstd:145.5,Bpos:219.6,Bstd:125.9,StrandBias:0.4,Multiplicity:1.10
0.049	0.949	0.001	0.001
0.856	0.001	0.086	0.057
0.001	0.179	0.819	0.001
0.001	0.709	0.001	0.289
0.001	0.754	0.131	0.114
0.089	0.731	0.001	0.179
0.001	0.923	0.001	0.075
0.656	0.001	0.247	0.096
0.001	0.997	0.001	0.001
0.001	0.820	0.178	0.001
0.001	0.997	0.001	0.001
0.750	0.103	0.001	0.146
>TGTTGACGTCAT	9-TGTTGACGTCAT	9.663941	-30.383114	0	T:34.0(4.63%),B:441.4(0.93%),P:1e-13	Tpos:254.6,Tstd:132.5,Bpos:216.1,Bstd:135.7,StrandBias:-0.7,Multiplicity:1.00
0.080	0.080	0.001	0.839
0.001	0.001	0.997	0.001
0.123	0.111	0.171	0.595
0.074	0.001	0.001	0.924
0.075	0.111	0.813	0.001
0.958	0.040	0.001	0.001
0.047	0.604	0.001	0.348
0.111	0.098	0.790	0.001
0.001	0.001	0.001	0.997
0.075	0.849	0.075	0.001
0.936	0.001	0.001	0.062
0.138	0.151	0.001	0.710
>AATAGGTGTGGT	10-AATAGGTGTGGT	7.586912	-27.411470	0	T:86.0(11.70%),B:2412.6(5.08%),P:1e-11	Tpos:255.2,Tstd:183.5,Bpos:207.5,Bstd:133.7,StrandBias:-0.3,Multiplicity:1.05
0.612	0.178	0.102	0.108
0.793	0.024	0.120	0.063
0.106	0.156	0.114	0.624
0.804	0.051	0.070	0.075
0.093	0.022	0.794	0.091
0.105	0.103	0.730	0.062
0.117	0.033	0.075	0.775
0.055	0.079	0.757	0.109
0.090	0.033	0.045	0.832
0.044	0.063	0.809	0.084
0.106	0.066	0.756	0.072
0.072	0.107	0.109	0.712
>TGGCAGCATGAC	11-TGGCAGCATGAC	9.768481	-26.978500	0	T:31.0(4.22%),B:416.1(0.88%),P:1e-11	Tpos:212.4,Tstd:144.1,Bpos:212.5,Bstd:131.5,StrandBias:-0.3,Multiplicity:1.00
0.015	0.058	0.128	0.799
0.027	0.001	0.902	0.070
0.159	0.037	0.668	0.136
0.076	0.862	0.031	0.031
0.935	0.037	0.001	0.027
0.001	0.062	0.900	0.037
0.037	0.683	0.150	0.130
0.863	0.001	0.039	0.097
0.037	0.001	0.033	0.929
0.001	0.068	0.894	0.037
0.812	0.105	0.081	0.002
0.083	0.756	0.087	0.074
>TATTTTTAACAC	12-TATTTTTAACAC	7.462571	-24.656137	0	T:36.0(4.90%),B:607.4(1.28%),P:1e-10	Tpos:226.3,Tstd:154.3,Bpos:217.2,Bstd:135.3,StrandBias:0.2,Multiplicity:1.03
0.142	0.229	0.036	0.593
0.465	0.199	0.171	0.165
0.106	0.179	0.110	0.605
0.005	0.111	0.261	0.623
0.164	0.150	0.161	0.525
0.027	0.114	0.288	0.571
0.172	0.112	0.116	0.600
0.568	0.074	0.155	0.203
0.491	0.167	0.130	0.212
0.137	0.586	0.108	0.169
0.763	0.065	0.027	0.145
0.091	0.473	0.201	0.235
>GTGATCTGACAC	13-GTGATCTGACAC	9.015902	-23.880732	0	T:44.0(5.99%),B:892.5(1.88%),P:1e-10	Tpos:284.4,Tstd:260.0,Bpos:214.3,Bstd:142.3,StrandBias:-0.2,Multiplicity:1.12
0.052	0.087	0.811	0.050
0.163	0.001	0.084	0.752
0.001	0.041	0.957	0.001
0.735	0.063	0.080	0.122
0.001	0.001	0.070	0.928
0.037	0.812	0.150	0.001
0.001	0.001	0.001	0.997
0.050	0.187	0.713	0.050
0.650	0.158	0.100	0.092
0.001	0.997	0.001	0.001
0.736	0.213	0.001	0.050
0.029	0.920	0.050	0.001
>TAAAAATAGAAG	14-TAAAAATAGAAG	13.411794	-20.998872	0	T:10.0(1.36%),B:38.6(0.08%),P:1e-9	Tpos:266.3,Tstd:115.2,Bpos:231.6,Bstd:124.6,StrandBias:1.2,Multiplicity:1.00
0.001	0.175	0.001	0.823
0.997	0.001	0.001	0.001
0.823	0.001	0.175	0.001
0.997	0.001	0.001	0.001
0.997	0.001	0.001	0.001
0.889	0.001	0.109	0.001
0.118	0.001	0.001	0.880
0.997	0.001	0.001	0.001
0.001	0.001	0.997	0.001
0.823	0.175	0.001	0.001
0.997	0.001	0.001	0.001
0.110	0.001	0.758	0.131
>TAACTCACTGAG	15-TAACTCACTGAG	10.618893	-20.419490	0	T:20.0(2.72%),B:231.4(0.49%),P:1e-8	Tpos:252.7,Tstd:170.5,Bpos:231.6,Bstd:138.5,StrandBias:0.9,Multiplicity:1.00
0.087	0.001	0.001	0.911
0.664	0.094	0.116	0.126
0.773	0.133	0.054	0.040
0.001	0.698	0.130	0.171
0.001	0.047	0.171	0.781
0.063	0.886	0.050	0.001
0.856	0.004	0.001	0.139
0.085	0.913	0.001	0.001
0.094	0.001	0.001	0.904
0.001	0.072	0.842	0.085
0.841	0.001	0.001	0.157
0.003	0.050	0.946	0.001
>GGTTAGTGTGGT	16-GGTTAGTGTGGT	13.199047	-19.917877	0	T:8.0(1.09%),B:22.0(0.05%),P:1e-8	Tpos:206.7,Tstd:114.2,Bpos:253.4,Bstd:152.8,StrandBias:0.3,Multiplicity:1.12
0.001	0.001	0.997	0.001
0.001	0.001	0.859	0.139
0.001	0.116	0.001	0.882
0.001	0.001	0.076	0.922
0.997	0.001	0.001	0.001
0.139	0.001	0.859	0.001
0.139	0.001	0.001	0.859
0.001	0.001	0.997	0.001
0.001	0.001	0.001	0.997
0.001	0.001	0.859	0.139
0.001	0.001	0.997	0.001
0.001	0.001	0.103	0.895
>AAGTGTAGGGAG	17-AAGTGTAGGGAG	12.355432	-18.762042	0	T:5.0(0.68%),B:4.3(0.01%),P:1e-8	Tpos:177.4,Tstd:100.3,Bpos:280.7,Bstd:25.2,StrandBias:10.0,Multiplicity:1.00
0.700	0.100	0.100	0.100
0.700	0.100	0.100	0.100
0.100	0.100	0.700	0.100
0.100	0.100	0.100	0.700
0.100	0.100	0.700	0.100
0.100	0.100	0.100	0.700
0.700	0.100	0.100	0.100
0.100	0.100	0.700	0.100
0.100	0.100	0.700	0.100
0.100	0.100	0.700	0.100
0.700	0.100	0.100	0.100
0.100	0.100	0.700	0.100
>GCCATGTGGGTG	18-GCCATGTGGGTG	10.511714	-18.437789	0	T:25.0(3.40%),B:403.4(0.85%),P:1e-8	Tpos:174.8,Tstd:113.2,Bpos:217.4,Bstd:135.2,StrandBias:0.6,Multiplicity:1.12
0.009	0.001	0.989	0.001
0.001	0.808	0.001	0.190
0.001	0.880	0.001	0.118
0.849	0.070	0.001	0.080
0.058	0.001	0.001	0.940
0.001	0.316	0.584	0.099
0.269	0.001	0.179	0.551
0.001	0.001	0.997	0.001
0.087	0.001	0.911	0.001
0.207	0.292	0.500	0.001
0.001	0.001	0.001	0.997
0.001	0.001	0.997	0.001
>TTTTTGTTTTGA	19-TTTTTGTTTTGA	11.370424	-17.194827	0	T:24.0(3.27%),B:399.4(0.84%),P:1e-7	Tpos:242.9,Tstd:154.3,Bpos:219.8,Bstd:141.3,StrandBias:-0.1,Multiplicity:1.04
0.001	0.001	0.001	0.997
0.001	0.001	0.001	0.997
0.001	0.001	0.001	0.997
0.001	0.073	0.001	0.925
0.001	0.001	0.133	0.865
0.001	0.113	0.845	0.041
0.001	0.001	0.001	0.997
0.001	0.142	0.001	0.856
0.228	0.001	0.001	0.770
0.001	0.001	0.001	0.997
0.001	0.001	0.997	0.001
0.822	0.001	0.001	0.176
>TGAGGCGCTCAG	20-TGAGGCGCTCAG	12.355432	-17.111204	0	T:4.0(0.54%),B:2.4(0.00%),P:1e-7	Tpos:259.8,Tstd:83.6,Bpos:69.9,Bstd:44.1,StrandBias:10.0,Multiplicity:1.50
0.100	0.100	0.100	0.700
0.100	0.100	0.700	0.100
0.700	0.100	0.100	0.100
0.100	0.100	0.700	0.100
0.100	0.100	0.700	0.100
0.100	0.700	0.100	0.100
0.100	0.100	0.700	0.100
0.100	0.700	0.100	0.100
0.100	0.100	0.100	0.700
0.100	0.700	0.100	0.100
0.700	0.100	0.100	0.100
0.100	0.100	0.700	0.100
>ATGCAAATTTGC	21-ATGCAAATTTGC	12.791791	-14.833067	0	T:6.0(0.82%),B:17.1(0.04%),P:1e-6	Tpos:278.4,Tstd:56.7,Bpos:164.4,Bstd:100.4,StrandBias:-1.0,Multiplicity:1.50
0.982	0.016	0.001	0.001
0.001	0.001	0.001	0.997
0.001	0.001	0.997	0.001
0.001	0.765	0.144	0.090
0.854	0.001	0.001	0.144
0.854	0.001	0.144	0.001
0.854	0.144	0.001	0.001
0.001	0.001	0.001	0.997
0.145	0.238	0.060	0.557
0.090	0.144	0.001	0.765
0.144	0.001	0.854	0.001
0.144	0.558	0.001	0.297
>ACAGACTGAGCC	22-ACAGACTGAGCC	14.643486	-11.180871	0	T:4.0(0.54%),B:9.2(0.02%),P:1e-4	Tpos:210.1,Tstd:115.4,Bpos:225.7,Bstd:95.3,StrandBias:2.6,Multiplicity:1.75
0.997	0.001	0.001	0.001
0.001	0.997	0.001	0.001
0.997	0.001	0.001	0.001
0.001	0.001	0.997	0.001
0.857	0.001	0.141	0.001
0.001	0.997	0.001	0.001
0.001	0.001	0.001	0.997
0.001	0.001	0.997	0.001
0.997	0.001	0.001	0.001
0.001	0.001	0.997	0.001
0.001	0.997	0.001	0.001
0.001	0.997	0.001	0.001
>GGCTTGTGGTTC	23-GGCTTGTGGTTC	9.694726	-8.994490	0	T:3.0(0.41%),B:6.0(0.01%),P:1e-3	Tpos:122.5,Tstd:67.6,Bpos:288.7,Bstd:91.8,StrandBias:2.3,Multiplicity:2.00
0.001	0.225	0.773	0.001
0.001	0.001	0.997	0.001
0.001	0.997	0.001	0.001
0.001	0.001	0.001	0.997
0.001	0.001	0.001	0.997
0.001	0.001	0.997	0.001
0.001	0.001	0.001	0.997
0.001	0.001	0.997	0.001
0.001	0.001	0.997	0.001
0.001	0.001	0.001	0.997
0.001	0.001	0.001	0.997
0.001	0.997	0.001	0.001
>CCCACAGTGTGT	24-CCCACAGTGTGT	11.431667	-6.872752	0	T:4.0(0.54%),B:28.1(0.06%),P:1e-2	Tpos:181.5,Tstd:102.6,Bpos:211.9,Bstd:122.1,StrandBias:10.0,Multiplicity:3.75
0.001	0.997	0.001	0.001
0.001	0.997	0.001	0.001
0.001	0.997	0.001	0.001
0.892	0.001	0.106	0.001
0.001	0.997	0.001	0.001
0.997	0.001	0.001	0.001
0.066	0.001	0.932	0.001
0.001	0.001	0.001	0.997
0.001	0.001	0.997	0.001
0.001	0.001	0.001	0.997
0.001	0.079	0.919	0.001
0.001	0.062	0.001	0.936
>GATGTGTTAGAG	25-GATGTGTTAGAG	12.355432	-4.175955	0	T:1.0(0.14%),B:1.2(0.00%),P:1e-1	Tpos:390.5,Tstd:128.0,Bpos:194.0,Bstd:0.0,StrandBias:10.0,Multiplicity:23.00
0.100	0.100	0.700	0.100
0.700	0.100	0.100	0.100
0.100	0.100	0.100	0.700
0.100	0.100	0.700	0.100
0.100	0.100	0.100	0.700
0.100	0.100	0.700	0.100
0.100	0.100	0.100	0.700
0.100	0.100	0.100	0.700
0.700	0.100	0.100	0.100
0.100	0.100	0.700	0.100
0.700	0.100	0.100	0.100
0.100	0.100	0.700	0.100
>CACTTCCT	1-CACTTCCT	7.090331	-171.964214	0	T:291.0(39.59%),B:5995.7(12.63%),P:1e-74	Tpos:257.3,Tstd:159.4,Bpos:214.5,Bstd:135.4,StrandBias:-0.5,Multiplicity:1.24
0.089	0.693	0.001	0.217
0.764	0.032	0.160	0.044
0.010	0.674	0.079	0.237
0.193	0.080	0.048	0.679
0.001	0.160	0.001	0.838
0.080	0.883	0.001	0.036
0.094	0.894	0.011	0.001
0.001	0.001	0.402	0.596
>CTTCCTGT	2-CTTCCTGT	8.191815	-160.559935	0	T:304.0(41.36%),B:6849.7(14.43%),P:1e-69	Tpos:238.5,Tstd:162.6,Bpos:214.2,Bstd:130.3,StrandBias:0.0,Multiplicity:1.27
0.001	0.802	0.001	0.196
0.096	0.001	0.001	0.902
0.001	0.001	0.001	0.997
0.001	0.997	0.001	0.001
0.001	0.997	0.001	0.001
0.001	0.001	0.001	0.997
0.001	0.202	0.796	0.001
0.001	0.088	0.001	0.910
>TGTGGTTA	3-TGTGGTTA	6.279155	-82.660038	0	T:326.0(44.35%),B:11009.5(23.19%),P:1e-35	Tpos:241.6,Tstd:161.8,Bpos:213.8,Bstd:137.6,StrandBias:-0.1,Multiplicity:1.36
0.141	0.029	0.080	0.750
0.052	0.051	0.830	0.067
0.129	0.072	0.032	0.767
0.026	0.033	0.924	0.017
0.076	0.038	0.848	0.038
0.020	0.089	0.157	0.734
0.170	0.188	0.079	0.563
0.590	0.017	0.113	0.280
>GTTTCCGC	4-GTTTCCGC	6.170369	-52.037107	0	T:254.0(34.56%),B:9035.4(19.03%),P:1e-22	Tpos:235.3,Tstd:161.7,Bpos:213.1,Bstd:133.8,StrandBias:-0.1,Multiplicity:1.24
0.099	0.156	0.616	0.129
0.026	0.084	0.071	0.819
0.088	0.055	0.020	0.837
0.072	0.009	0.031	0.888
0.019	0.855	0.048	0.078
0.085	0.862	0.032	0.021
0.210	0.028	0.620	0.142
0.033	0.520	0.186	0.261
>GGGTGTGG	5-GGGTGTGG	6.985004	-47.891260	0	T:233.0(31.70%),B:8217.1(17.31%),P:1e-20	Tpos:224.1,Tstd:179.2,Bpos:214.1,Bstd:135.4,StrandBias:0.1,Multiplicity:1.21
0.319	0.110	0.503	0.068
0.141	0.026	0.832	0.001
0.001	0.001	0.997	0.001
0.001	0.092	0.001	0.906
0.087	0.001	0.742	0.170
0.282	0.014	0.146	0.558
0.123	0.062	0.534	0.281
0.407	0.001	0.591	0.001
>TGACGTCA	6-TGACGTCA	3.538211	-34.907085	0	T:144.0(19.59%),B:4633.7(9.76%),P:1e-15	Tpos:243.8,Tstd:146.6,Bpos:211.5,Bstd:134.7,StrandBias:0.0,Multiplicity:1.14
0.001	0.001	0.001	0.997
0.001	0.001	0.685	0.313
0.778	0.220	0.001	0.001
0.001	0.997	0.001	0.001
0.001	0.001	0.997	0.001
0.001	0.001	0.001	0.997
0.001	0.997	0.001	0.001
0.997	0.001	0.001	0.001
>GTGKTAAA	7-GTGKTAAA	7.401647	-30.576230	0	T:136.0(18.50%),B:4510.4(9.50%),P:1e-13	Tpos:245.8,Tstd:157.8,Bpos:212.6,Bstd:134.8,StrandBias:0.0,Multiplicity:1.07
0.001	0.001	0.997	0.001
0.001	0.152	0.135	0.712
0.001	0.001	0.997	0.001
0.001	0.001	0.566	0.432
0.326	0.001	0.041	0.632
0.997	0.001	0.001	0.001
0.812	0.001	0.186	0.001
0.666	0.001	0.122	0.211
>GTGACTCA	8-GTGACTCA	7.352291	-23.814944	0	T:106.0(14.42%),B:3506.0(7.38%),P:1e-10	Tpos:238.1,Tstd:157.9,Bpos:213.6,Bstd:136.1,StrandBias:0.2,Multiplicity:1.09
0.176	0.086	0.737	0.001
0.001	0.001	0.001	0.997
0.001	0.001	0.997	0.001
0.997	0.001	0.001	0.001
0.001	0.739	0.259	0.001
0.001	0.001	0.057	0.941
0.047	0.951	0.001	0.001
0.997	0.001	0.001	0.001
>GTTAGAGG	9-GTTAGAGG	6.291044	-2.667751	0	T:188.0(25.58%),B:11013.0(23.19%),P:1e-1	Tpos:249.4,Tstd:179.8,Bpos:213.5,Bstd:130.9,StrandBias:0.4,Multiplicity:1.36
0.100	0.100	0.700	0.100
0.100	0.100	0.100	0.700
0.100	0.100	0.100	0.700
0.700	0.100	0.100	0.100
0.100	0.100	0.700	0.100
0.700	0.100	0.100	0.100
0.100	0.100	0.700	0.100
0.100	0.100	0.700	0.100
