>RRACTACAAYTCCCAGMAKGC	Smarcc2+M4527	14.644054	-9.270798	0	T:22.0(0.54%),B:94.3(0.21%),P:1e-4
0.437	0.001	0.541	0.021
0.438	0.052	0.479	0.031
0.997	0.001	0.001	0.001
0.001	0.997	0.001	0.001
0.001	0.031	0.001	0.967
0.875	0.062	0.042	0.021
0.001	0.977	0.001	0.021
0.813	0.083	0.083	0.021
0.625	0.083	0.094	0.198
0.083	0.438	0.146	0.333
0.010	0.083	0.031	0.876
0.021	0.947	0.001	0.031
0.001	0.997	0.001	0.001
0.001	0.988	0.001	0.010
0.812	0.010	0.177	0.001
0.104	0.115	0.635	0.146
0.365	0.385	0.208	0.042
0.791	0.010	0.198	0.001
0.083	0.062	0.479	0.375
0.062	0.104	0.792	0.042
0.021	0.927	0.010	0.042
