>TGTGGTTA	1-TGTGGTTA	5.509954	-691.960770	0	T:2299.0(63.60%),B:15056.1(33.35%),P:1e-300	Tpos:279.9,Tstd:190.9,Bpos:245.3,Bstd:156.0,StrandBias:-0.0,Multiplicity:1.68
0.037	0.013	0.001	0.949
0.006	0.001	0.992	0.001
0.017	0.006	0.001	0.976
0.001	0.001	0.997	0.001
0.001	0.001	0.997	0.001
0.001	0.026	0.001	0.972
0.065	0.086	0.052	0.797
0.499	0.046	0.150	0.306
>AGGAAGTG	2-AGGAAGTG	6.144150	-527.931777	0	T:1346.0(37.23%),B:6856.1(15.19%),P:1e-229	Tpos:281.1,Tstd:185.0,Bpos:246.2,Bstd:144.8,StrandBias:0.0,Multiplicity:1.20
0.973	0.025	0.001	0.001
0.001	0.001	0.997	0.001
0.001	0.001	0.997	0.001
0.997	0.001	0.001	0.001
0.634	0.001	0.001	0.364
0.144	0.001	0.854	0.001
0.001	0.001	0.001	0.997
0.001	0.072	0.926	0.001
>CTTCCGGY	3-CTTCCGGY	7.633102	-443.910734	0	T:1479.0(40.91%),B:8761.9(19.41%),P:1e-192	Tpos:275.0,Tstd:193.9,Bpos:246.6,Bstd:148.2,StrandBias:-0.0,Multiplicity:1.33
0.001	0.604	0.001	0.394
0.050	0.001	0.001	0.948
0.001	0.001	0.001	0.997
0.001	0.997	0.001	0.001
0.001	0.997	0.001	0.001
0.001	0.001	0.699	0.299
0.064	0.191	0.744	0.001
0.122	0.461	0.001	0.416
>TGCGGTTT	4-TGCGGTTT	5.620003	-423.381587	0	T:1707.0(47.22%),B:11241.0(24.90%),P:1e-183	Tpos:278.1,Tstd:189.3,Bpos:244.9,Bstd:154.6,StrandBias:-0.2,Multiplicity:1.23
0.091	0.084	0.150	0.675
0.113	0.060	0.615	0.212
0.057	0.620	0.079	0.244
0.085	0.046	0.847	0.022
0.033	0.040	0.869	0.058
0.010	0.042	0.135	0.813
0.060	0.077	0.043	0.820
0.150	0.025	0.080	0.745
>AGGTGTGA	5-AGGTGTGA	6.591294	-231.067333	0	T:1061.0(29.35%),B:6913.9(15.32%),P:1e-100	Tpos:280.3,Tstd:195.8,Bpos:247.2,Bstd:154.3,StrandBias:-0.1,Multiplicity:1.23
0.842	0.001	0.156	0.001
0.080	0.001	0.918	0.001
0.001	0.001	0.997	0.001
0.001	0.038	0.001	0.960
0.001	0.001	0.997	0.001
0.081	0.001	0.001	0.917
0.030	0.089	0.724	0.157
0.997	0.001	0.001	0.001
>YMACACCY	6-YMACACCY	6.895615	-189.364014	0	T:1356.0(37.51%),B:10472.9(23.20%),P:1e-82	Tpos:287.6,Tstd:196.1,Bpos:248.8,Bstd:157.9,StrandBias:0.1,Multiplicity:1.15
0.111	0.355	0.076	0.458
0.427	0.535	0.002	0.036
0.867	0.016	0.001	0.116
0.002	0.996	0.001	0.001
0.840	0.001	0.158	0.001
0.001	0.997	0.001	0.001
0.001	0.907	0.001	0.091
0.146	0.387	0.080	0.386
>TGAGTCAT	7-TGAGTCAT	6.956302	-187.222591	0	T:777.0(21.49%),B:4751.8(10.53%),P:1e-81	Tpos:292.0,Tstd:205.4,Bpos:245.8,Bstd:149.1,StrandBias:-0.0,Multiplicity:1.18
0.012	0.009	0.001	0.978
0.001	0.001	0.959	0.039
0.934	0.004	0.001	0.061
0.031	0.248	0.702	0.019
0.001	0.001	0.001	0.997
0.009	0.989	0.001	0.001
0.997	0.001	0.001	0.001
0.075	0.164	0.101	0.660
>TGTGGGTA	8-TGTGGGTA	7.651553	-167.665493	0	T:1213.0(33.55%),B:9297.7(20.60%),P:1e-72	Tpos:282.3,Tstd:207.2,Bpos:245.0,Bstd:153.7,StrandBias:0.2,Multiplicity:1.14
0.001	0.001	0.001	0.997
0.001	0.001	0.997	0.001
0.001	0.234	0.001	0.764
0.066	0.001	0.932	0.001
0.001	0.001	0.997	0.001
0.001	0.409	0.589	0.001
0.001	0.316	0.105	0.578
0.646	0.001	0.001	0.352
>YTTCCGSV	9-YTTCCGSV	5.374398	-109.379710	0	T:1160.0(32.09%),B:9762.1(21.62%),P:1e-47	Tpos:283.5,Tstd:190.2,Bpos:248.0,Bstd:148.9,StrandBias:-0.0,Multiplicity:1.18
0.040	0.518	0.066	0.376
0.071	0.001	0.001	0.927
0.121	0.001	0.052	0.826
0.001	0.979	0.016	0.004
0.001	0.957	0.001	0.041
0.001	0.001	0.916	0.082
0.201	0.254	0.396	0.149
0.260	0.230	0.333	0.177
>TTTATCAC	10-TTTATCAC	6.428789	-98.352926	0	T:988.0(27.33%),B:8131.3(18.01%),P:1e-42	Tpos:280.1,Tstd:210.4,Bpos:247.4,Bstd:152.4,StrandBias:-0.0,Multiplicity:1.17
0.160	0.181	0.081	0.578
0.001	0.001	0.131	0.867
0.089	0.001	0.001	0.909
0.435	0.281	0.128	0.156
0.210	0.094	0.164	0.532
0.182	0.816	0.001	0.001
0.808	0.001	0.190	0.001
0.001	0.900	0.001	0.098
>ACCGGATG	11-ACCGGATG	7.392353	-92.045062	0	T:381.0(10.54%),B:2268.3(5.02%),P:1e-39	Tpos:278.4,Tstd:185.3,Bpos:249.8,Bstd:147.4,StrandBias:-0.0,Multiplicity:1.07
0.672	0.068	0.184	0.076
0.164	0.699	0.087	0.050
0.140	0.858	0.001	0.001
0.001	0.152	0.846	0.001
0.001	0.053	0.945	0.001
0.997	0.001	0.001	0.001
0.001	0.131	0.001	0.867
0.045	0.061	0.879	0.015
>GCCCCGCC	12-GCCCCGCC	5.712103	-86.011017	0	T:1477.0(40.86%),B:13874.6(30.73%),P:1e-37	Tpos:290.3,Tstd:199.9,Bpos:245.7,Bstd:151.1,StrandBias:0.1,Multiplicity:1.80
0.062	0.001	0.911	0.026
0.001	0.908	0.071	0.020
0.001	0.906	0.001	0.092
0.033	0.883	0.021	0.063
0.001	0.952	0.001	0.046
0.206	0.001	0.719	0.074
0.001	0.978	0.020	0.001
0.001	0.997	0.001	0.001
>TGTGGCTG	13-TGTGGCTG	8.840489	-83.329878	0	T:696.0(19.25%),B:5379.1(11.92%),P:1e-36	Tpos:274.2,Tstd:198.5,Bpos:244.8,Bstd:159.1,StrandBias:-0.2,Multiplicity:1.12
0.001	0.001	0.001	0.997
0.001	0.001	0.997	0.001
0.001	0.001	0.001	0.997
0.001	0.001	0.997	0.001
0.001	0.001	0.997	0.001
0.001	0.807	0.191	0.001
0.133	0.001	0.001	0.865
0.001	0.001	0.997	0.001
>TTTCCGTT	14-TTTCCGTT	6.748687	-74.623330	0	T:530.0(14.66%),B:3876.7(8.59%),P:1e-32	Tpos:283.1,Tstd:204.7,Bpos:250.5,Bstd:150.4,StrandBias:0.0,Multiplicity:1.08
0.051	0.095	0.074	0.780
0.033	0.027	0.063	0.877
0.044	0.003	0.076	0.877
0.063	0.833	0.027	0.077
0.232	0.588	0.123	0.057
0.057	0.073	0.794	0.076
0.077	0.156	0.086	0.681
0.026	0.059	0.070	0.845
>CTYCCTCC	15-CTYCCTCC	7.604870	-64.405242	0	T:1506.0(41.66%),B:14828.7(32.85%),P:1e-27	Tpos:289.2,Tstd:207.6,Bpos:247.4,Bstd:140.0,StrandBias:-0.1,Multiplicity:1.47
0.001	0.863	0.001	0.135
0.001	0.262	0.001	0.736
0.001	0.551	0.001	0.447
0.001	0.997	0.001	0.001
0.001	0.997	0.001	0.001
0.001	0.327	0.001	0.671
0.001	0.997	0.001	0.001
0.001	0.665	0.001	0.333
>TCCGCCCT	16-TCCGCCCT	4.660187	-64.007920	0	T:522.0(14.44%),B:3976.1(8.81%),P:1e-27	Tpos:312.0,Tstd:217.0,Bpos:245.4,Bstd:156.8,StrandBias:0.1,Multiplicity:1.22
0.001	0.162	0.001	0.836
0.301	0.697	0.001	0.001
0.001	0.997	0.001	0.001
0.001	0.001	0.997	0.001
0.001	0.997	0.001	0.001
0.001	0.997	0.001	0.001
0.001	0.858	0.001	0.140
0.039	0.001	0.001	0.959
>RCCAATCR	17-RCCAATCR	7.652530	-43.387086	0	T:251.0(6.94%),B:1702.2(3.77%),P:1e-18	Tpos:286.5,Tstd:184.8,Bpos:242.8,Bstd:146.1,StrandBias:0.1,Multiplicity:1.17
0.513	0.001	0.480	0.006
0.001	0.892	0.001	0.106
0.001	0.997	0.001	0.001
0.710	0.001	0.001	0.288
0.997	0.001	0.001	0.001
0.001	0.224	0.001	0.774
0.146	0.686	0.001	0.167
0.462	0.001	0.536	0.001
>TGACGTCA	18-TGACGTCA	6.363729	-43.199871	0	T:591.0(16.35%),B:5122.3(11.35%),P:1e-18	Tpos:278.2,Tstd:185.0,Bpos:245.5,Bstd:153.3,StrandBias:0.1,Multiplicity:1.09
0.038	0.021	0.021	0.920
0.156	0.058	0.682	0.104
0.915	0.001	0.001	0.083
0.001	0.997	0.001	0.001
0.084	0.140	0.775	0.001
0.001	0.001	0.030	0.968
0.001	0.997	0.001	0.001
0.997	0.001	0.001	0.001
>CACCTCAG	19-CACCTCAG	10.782242	-42.959945	0	T:224.0(6.20%),B:1462.9(3.24%),P:1e-18	Tpos:300.1,Tstd:210.2,Bpos:243.5,Bstd:159.8,StrandBias:-0.5,Multiplicity:1.06
0.001	0.997	0.001	0.001
0.997	0.001	0.001	0.001
0.001	0.997	0.001	0.001
0.138	0.860	0.001	0.001
0.001	0.001	0.001	0.997
0.001	0.997	0.001	0.001
0.997	0.001	0.001	0.001
0.128	0.001	0.870	0.001
>TTCTGAAA	20-TTCTGAAA	7.792332	-39.511589	0	T:820.0(22.68%),B:7727.9(17.12%),P:1e-17	Tpos:289.2,Tstd:210.2,Bpos:247.2,Bstd:148.8,StrandBias:-0.1,Multiplicity:1.15
0.250	0.001	0.001	0.748
0.001	0.001	0.001	0.997
0.001	0.708	0.136	0.155
0.013	0.001	0.001	0.985
0.139	0.001	0.859	0.001
0.997	0.001	0.001	0.001
0.561	0.189	0.249	0.001
0.997	0.001	0.001	0.001
>ATTGGGCG	21-ATTGGGCG	8.351222	-33.348771	0	T:56.0(1.55%),B:199.0(0.44%),P:1e-14	Tpos:271.5,Tstd:168.6,Bpos:245.7,Bstd:143.8,StrandBias:-0.1,Multiplicity:1.13
0.997	0.001	0.001	0.001
0.001	0.001	0.001	0.997
0.001	0.001	0.001	0.997
0.001	0.001	0.997	0.001
0.001	0.001	0.997	0.001
0.066	0.001	0.709	0.224
0.001	0.997	0.001	0.001
0.001	0.001	0.997	0.001
>CGCGTCAT	22-CGCGTCAT	7.180167	-24.101061	0	T:159.0(4.40%),B:1135.0(2.51%),P:1e-10	Tpos:286.4,Tstd:196.8,Bpos:247.0,Bstd:153.6,StrandBias:-0.1,Multiplicity:1.06
0.001	0.965	0.001	0.033
0.173	0.078	0.748	0.001
0.087	0.723	0.001	0.189
0.055	0.001	0.902	0.042
0.001	0.108	0.001	0.890
0.022	0.962	0.015	0.001
0.912	0.086	0.001	0.001
0.012	0.001	0.093	0.894
>CGTAACTG	23-CGTAACTG	6.887176	-24.021252	0	T:272.0(7.52%),B:2252.2(4.99%),P:1e-10	Tpos:296.4,Tstd:212.0,Bpos:248.1,Bstd:150.9,StrandBias:0.2,Multiplicity:1.04
0.001	0.997	0.001	0.001
0.001	0.001	0.842	0.156
0.001	0.001	0.407	0.591
0.881	0.117	0.001	0.001
0.822	0.001	0.128	0.049
0.399	0.549	0.001	0.051
0.001	0.152	0.018	0.829
0.028	0.227	0.686	0.059
>CTTTACAG	24-CTTTACAG	10.044889	-19.110095	0	T:125.0(3.46%),B:895.6(1.98%),P:1e-8	Tpos:262.9,Tstd:182.1,Bpos:243.2,Bstd:150.3,StrandBias:-0.3,Multiplicity:1.03
0.001	0.997	0.001	0.001
0.001	0.001	0.001	0.997
0.001	0.001	0.001	0.997
0.001	0.001	0.001	0.997
0.997	0.001	0.001	0.001
0.001	0.997	0.001	0.001
0.639	0.359	0.001	0.001
0.001	0.001	0.997	0.001
>TAGCAGAG	25-TAGCAGAG	8.236954	-14.196718	0	T:107.0(2.96%),B:807.6(1.79%),P:1e-6	Tpos:272.1,Tstd:202.6,Bpos:247.4,Bstd:150.6,StrandBias:0.1,Multiplicity:1.03
0.100	0.100	0.100	0.700
0.700	0.100	0.100	0.100
0.100	0.100	0.700	0.100
0.100	0.700	0.100	0.100
0.700	0.100	0.100	0.100
0.100	0.100	0.700	0.100
0.700	0.100	0.100	0.100
0.100	0.100	0.700	0.100
