>TGTGGTTTAH	1-TGTGGTTTAH	6.939428	-748.780811	0	T:1757.0(48.60%),B:8982.6(19.90%),P:1e-325	Tpos:279.1,Tstd:185.3,Bpos:245.7,Bstd:155.7,StrandBias:-0.1,Multiplicity:1.39
0.052	0.041	0.021	0.886
0.016	0.001	0.964	0.019
0.089	0.008	0.021	0.882
0.001	0.001	0.997	0.001
0.001	0.001	0.997	0.001
0.001	0.105	0.050	0.844
0.002	0.169	0.001	0.828
0.205	0.080	0.134	0.581
0.373	0.207	0.203	0.217
0.255	0.338	0.137	0.271
>ACAGGAAGTG	2-ACAGGAAGTG	7.792810	-684.989976	0	T:1348.0(37.29%),B:5853.4(12.97%),P:1e-297	Tpos:277.8,Tstd:183.8,Bpos:248.5,Bstd:145.8,StrandBias:0.1,Multiplicity:1.24
0.719	0.054	0.190	0.037
0.056	0.768	0.154	0.022
0.885	0.049	0.057	0.009
0.015	0.011	0.956	0.018
0.008	0.031	0.938	0.023
0.972	0.010	0.007	0.011
0.836	0.034	0.018	0.112
0.258	0.012	0.723	0.007
0.051	0.191	0.097	0.661
0.170	0.141	0.545	0.144
>TGTGGTTDNN	3-TGTGGTTDNN	5.565144	-628.102616	0	T:2641.0(73.06%),B:19887.5(44.05%),P:1e-272	Tpos:272.3,Tstd:193.5,Bpos:244.8,Bstd:154.7,StrandBias:-0.1,Multiplicity:1.41
0.187	0.080	0.145	0.588
0.098	0.058	0.776	0.068
0.136	0.261	0.072	0.531
0.040	0.001	0.958	0.001
0.022	0.001	0.972	0.005
0.001	0.149	0.146	0.704
0.190	0.184	0.171	0.455
0.367	0.004	0.266	0.364
0.264	0.264	0.287	0.185
0.244	0.284	0.223	0.249
>AGGATGTGGT	4-AGGATGTGGT	9.703456	-585.333965	0	T:502.0(13.89%),B:880.3(1.95%),P:1e-254	Tpos:264.2,Tstd:163.2,Bpos:248.2,Bstd:148.6,StrandBias:0.2,Multiplicity:1.07
0.936	0.031	0.016	0.017
0.001	0.001	0.993	0.005
0.010	0.001	0.988	0.001
0.940	0.001	0.058	0.001
0.180	0.001	0.001	0.818
0.001	0.001	0.997	0.001
0.001	0.014	0.001	0.984
0.001	0.001	0.997	0.001
0.001	0.001	0.988	0.010
0.012	0.104	0.181	0.703
>RAGGTGTGAV	5-RAGGTGTGAV	7.558636	-265.962323	0	T:1049.0(29.02%),B:6420.3(14.22%),P:1e-115	Tpos:280.1,Tstd:194.2,Bpos:243.5,Bstd:154.5,StrandBias:-0.0,Multiplicity:1.22
0.298	0.073	0.441	0.188
0.734	0.001	0.256	0.009
0.113	0.001	0.728	0.158
0.001	0.008	0.990	0.001
0.001	0.001	0.001	0.997
0.001	0.001	0.997	0.001
0.158	0.001	0.001	0.840
0.001	0.213	0.494	0.291
0.870	0.001	0.128	0.001
0.396	0.258	0.252	0.094
>GCCCCRCCCW	6-GCCCCRCCCW	7.280724	-238.605310	0	T:1376.0(38.06%),B:9973.3(22.09%),P:1e-103	Tpos:290.2,Tstd:200.0,Bpos:245.7,Bstd:148.5,StrandBias:0.1,Multiplicity:1.51
0.200	0.086	0.589	0.125
0.172	0.643	0.031	0.154
0.080	0.662	0.001	0.257
0.314	0.538	0.016	0.132
0.047	0.866	0.001	0.086
0.434	0.001	0.458	0.108
0.001	0.976	0.022	0.001
0.001	0.997	0.001	0.001
0.001	0.843	0.001	0.155
0.388	0.178	0.025	0.409
>ATGASTCABM	7-ATGASTCABM	7.717002	-183.413430	0	T:571.0(15.80%),B:3004.8(6.66%),P:1e-79	Tpos:298.1,Tstd:212.2,Bpos:246.7,Bstd:147.8,StrandBias:-0.0,Multiplicity:1.13
0.475	0.197	0.222	0.107
0.001	0.001	0.001	0.997
0.001	0.001	0.924	0.074
0.997	0.001	0.001	0.001
0.093	0.486	0.366	0.055
0.131	0.001	0.028	0.840
0.120	0.878	0.001	0.001
0.889	0.001	0.109	0.001
0.108	0.245	0.288	0.358
0.276	0.408	0.093	0.223
>CGCTTCCTTC	8-CGCTTCCTTC	7.175116	-118.497201	0	T:799.0(22.10%),B:5834.8(12.93%),P:1e-51	Tpos:291.1,Tstd:202.9,Bpos:243.8,Bstd:144.0,StrandBias:0.2,Multiplicity:1.15
0.144	0.705	0.075	0.076
0.118	0.035	0.770	0.077
0.069	0.812	0.055	0.064
0.058	0.069	0.076	0.797
0.072	0.052	0.031	0.845
0.026	0.862	0.067	0.045
0.034	0.888	0.046	0.032
0.028	0.071	0.139	0.762
0.037	0.130	0.137	0.696
0.041	0.868	0.047	0.044
>AAACCGAAAC	9-AAACCGAAAC	6.763092	-94.485319	0	T:420.0(11.62%),B:2582.1(5.72%),P:1e-41	Tpos:271.4,Tstd:182.2,Bpos:244.9,Bstd:152.4,StrandBias:0.2,Multiplicity:1.10
0.676	0.072	0.094	0.158
0.652	0.092	0.150	0.106
0.716	0.104	0.131	0.049
0.142	0.575	0.223	0.060
0.108	0.501	0.129	0.262
0.160	0.107	0.680	0.053
0.569	0.116	0.156	0.159
0.732	0.118	0.080	0.070
0.733	0.084	0.092	0.091
0.111	0.523	0.232	0.134
>TGAGGTCACD	10-TGAGGTCACD	7.662775	-65.573068	0	T:652.0(18.04%),B:5264.2(11.66%),P:1e-28	Tpos:268.6,Tstd:190.5,Bpos:244.6,Bstd:149.8,StrandBias:-0.0,Multiplicity:1.11
0.001	0.001	0.102	0.896
0.001	0.001	0.937	0.061
0.997	0.001	0.001	0.001
0.001	0.188	0.655	0.156
0.290	0.046	0.643	0.021
0.001	0.001	0.124	0.874
0.001	0.589	0.409	0.001
0.466	0.001	0.262	0.270
0.109	0.523	0.367	0.001
0.317	0.161	0.204	0.317
>CCAATCRGAG	11-CCAATCRGAG	8.432317	-50.631582	0	T:199.0(5.50%),B:1154.3(2.56%),P:1e-21	Tpos:301.5,Tstd:190.6,Bpos:242.4,Bstd:143.3,StrandBias:-0.1,Multiplicity:1.26
0.001	0.997	0.001	0.001
0.001	0.862	0.136	0.001
0.802	0.001	0.026	0.171
0.997	0.001	0.001	0.001
0.001	0.001	0.001	0.997
0.083	0.744	0.172	0.001
0.443	0.133	0.407	0.017
0.107	0.214	0.678	0.001
0.532	0.246	0.001	0.221
0.310	0.063	0.560	0.067
>TGTVGGCAGW	12-TGTVGGCAGW	8.148030	-44.527928	0	T:197.0(5.45%),B:1204.4(2.67%),P:1e-19	Tpos:259.4,Tstd:164.9,Bpos:249.6,Bstd:150.1,StrandBias:0.3,Multiplicity:1.08
0.105	0.153	0.119	0.623
0.183	0.001	0.815	0.001
0.275	0.001	0.001	0.723
0.386	0.291	0.295	0.027
0.044	0.220	0.629	0.107
0.001	0.001	0.595	0.403
0.001	0.846	0.152	0.001
0.513	0.277	0.001	0.209
0.001	0.001	0.903	0.095
0.315	0.001	0.266	0.417
>AGTGGTTTGT	13-AGTGGTTTGT	7.315351	-42.063134	0	T:478.0(13.22%),B:3963.6(8.78%),P:1e-18	Tpos:267.3,Tstd:209.9,Bpos:241.1,Bstd:156.9,StrandBias:0.0,Multiplicity:1.06
0.876	0.036	0.069	0.019
0.069	0.055	0.793	0.083
0.078	0.064	0.062	0.796
0.140	0.123	0.642	0.095
0.063	0.054	0.813	0.070
0.067	0.031	0.051	0.851
0.051	0.065	0.139	0.745
0.063	0.072	0.057	0.808
0.013	0.087	0.770	0.130
0.014	0.017	0.014	0.955
>TGACGTCATY	14-TGACGTCATY	7.160166	-40.866736	0	T:242.0(6.69%),B:1655.8(3.67%),P:1e-17	Tpos:296.3,Tstd:192.1,Bpos:248.0,Bstd:149.9,StrandBias:-0.1,Multiplicity:1.06
0.008	0.036	0.140	0.816
0.109	0.235	0.578	0.078
0.851	0.105	0.030	0.014
0.001	0.914	0.001	0.084
0.043	0.040	0.916	0.001
0.115	0.007	0.001	0.877
0.060	0.713	0.015	0.212
0.909	0.027	0.025	0.039
0.091	0.094	0.222	0.593
0.101	0.415	0.210	0.273
>AAACMACTCT	15-AAACMACTCT	6.138974	-38.058475	0	T:454.0(12.56%),B:3805.8(8.43%),P:1e-16	Tpos:285.0,Tstd:191.2,Bpos:242.3,Bstd:148.4,StrandBias:-0.1,Multiplicity:1.05
0.448	0.271	0.009	0.271
0.602	0.324	0.016	0.058
0.537	0.312	0.127	0.024
0.214	0.377	0.203	0.206
0.268	0.404	0.189	0.138
0.512	0.186	0.020	0.282
0.277	0.467	0.122	0.134
0.150	0.171	0.175	0.504
0.016	0.759	0.215	0.010
0.013	0.014	0.011	0.962
>CCAATCCACT	16-CCAATCCACT	10.613308	-32.469422	0	T:23.0(0.64%),B:32.4(0.07%),P:1e-14	Tpos:285.9,Tstd:99.2,Bpos:257.1,Bstd:119.5,StrandBias:1.8,Multiplicity:1.00
0.001	0.997	0.001	0.001
0.001	0.997	0.001	0.001
0.924	0.001	0.074	0.001
0.997	0.001	0.001	0.001
0.001	0.001	0.001	0.997
0.001	0.997	0.001	0.001
0.001	0.997	0.001	0.001
0.955	0.001	0.043	0.001
0.001	0.997	0.001	0.001
0.001	0.001	0.001	0.997
>TTTCTGACAC	17-TTTCTGACAC	11.764429	-32.388833	0	T:37.0(1.02%),B:93.2(0.21%),P:1e-14	Tpos:169.4,Tstd:111.3,Bpos:217.1,Bstd:143.7,StrandBias:2.3,Multiplicity:1.00
0.126	0.001	0.001	0.872
0.001	0.001	0.001	0.997
0.001	0.001	0.001	0.997
0.001	0.997	0.001	0.001
0.001	0.001	0.001	0.997
0.001	0.001	0.997	0.001
0.997	0.001	0.001	0.001
0.001	0.997	0.001	0.001
0.997	0.001	0.001	0.001
0.001	0.997	0.001	0.001
>TGTCTTGCAC	18-TGTCTTGCAC	10.759358	-32.052762	0	T:35.0(0.97%),B:84.7(0.19%),P:1e-13	Tpos:221.1,Tstd:166.8,Bpos:248.6,Bstd:166.0,StrandBias:2.6,Multiplicity:1.00
0.001	0.001	0.001	0.997
0.001	0.001	0.997	0.001
0.001	0.001	0.001	0.997
0.055	0.943	0.001	0.001
0.001	0.001	0.001	0.997
0.162	0.001	0.001	0.836
0.001	0.001	0.997	0.001
0.001	0.997	0.001	0.001
0.997	0.001	0.001	0.001
0.001	0.997	0.001	0.001
>CGTGAACTTT	19-CGTGAACTTT	9.462233	-30.026871	0	T:71.0(1.96%),B:319.3(0.71%),P:1e-13	Tpos:268.4,Tstd:174.7,Bpos:241.2,Bstd:137.5,StrandBias:1.0,Multiplicity:1.00
0.001	0.997	0.001	0.001
0.120	0.001	0.710	0.169
0.001	0.001	0.182	0.816
0.122	0.001	0.876	0.001
0.979	0.001	0.019	0.001
0.799	0.199	0.001	0.001
0.001	0.915	0.083	0.001
0.001	0.001	0.163	0.835
0.001	0.043	0.007	0.949
0.001	0.219	0.001	0.779
>AGTGGTTTGG	20-AGTGGTTTGG	7.288985	-29.641424	0	T:419.0(11.59%),B:3644.9(8.07%),P:1e-12	Tpos:263.1,Tstd:179.1,Bpos:239.8,Bstd:148.6,StrandBias:0.1,Multiplicity:1.07
0.666	0.199	0.134	0.001
0.016	0.037	0.903	0.044
0.153	0.165	0.120	0.562
0.069	0.114	0.674	0.143
0.036	0.018	0.905	0.041
0.044	0.140	0.210	0.606
0.001	0.001	0.039	0.959
0.048	0.001	0.036	0.915
0.117	0.001	0.824	0.058
0.001	0.001	0.997	0.001
>GCAAGGCMWC	21-GCAAGGCMWC	8.855446	-28.423881	0	T:115.0(3.18%),B:682.5(1.51%),P:1e-12	Tpos:272.9,Tstd:165.8,Bpos:262.1,Bstd:149.8,StrandBias:-0.9,Multiplicity:1.14
0.001	0.001	0.997	0.001
0.001	0.824	0.001	0.174
0.745	0.001	0.001	0.253
0.997	0.001	0.001	0.001
0.001	0.375	0.623	0.001
0.001	0.001	0.997	0.001
0.001	0.997	0.001	0.001
0.432	0.517	0.001	0.050
0.573	0.001	0.001	0.425
0.001	0.997	0.001	0.001
>GATGTCAGGC	22-GATGTCAGGC	12.185642	-28.275968	0	T:37.0(1.02%),B:107.3(0.24%),P:1e-12	Tpos:234.5,Tstd:155.3,Bpos:227.7,Bstd:137.9,StrandBias:1.8,Multiplicity:1.00
0.001	0.001	0.997	0.001
0.997	0.001	0.001	0.001
0.001	0.001	0.001	0.997
0.001	0.001	0.997	0.001
0.001	0.001	0.001	0.997
0.001	0.806	0.192	0.001
0.997	0.001	0.001	0.001
0.001	0.001	0.997	0.001
0.001	0.001	0.997	0.001
0.001	0.997	0.001	0.001
>TGACCTACTT	23-TGACCTACTT	9.579125	-26.468387	0	T:69.0(1.91%),B:330.9(0.73%),P:1e-11	Tpos:299.7,Tstd:209.2,Bpos:256.6,Bstd:156.4,StrandBias:-0.3,Multiplicity:1.09
0.246	0.273	0.001	0.480
0.001	0.001	0.997	0.001
0.642	0.102	0.207	0.049
0.001	0.963	0.035	0.001
0.047	0.903	0.049	0.001
0.024	0.001	0.109	0.866
0.997	0.001	0.001	0.001
0.001	0.584	0.366	0.049
0.202	0.001	0.066	0.731
0.001	0.107	0.001	0.891
>TGCAGCAGTC	24-TGCAGCAGTC	10.296193	-13.145414	0	T:18.0(0.50%),B:58.4(0.13%),P:1e-5	Tpos:319.6,Tstd:162.9,Bpos:242.2,Bstd:154.3,StrandBias:-2.7,Multiplicity:1.22
0.100	0.100	0.100	0.700
0.100	0.100	0.700	0.100
0.100	0.700	0.100	0.100
0.700	0.100	0.100	0.100
0.100	0.100	0.700	0.100
0.100	0.700	0.100	0.100
0.700	0.100	0.100	0.100
0.100	0.100	0.700	0.100
0.100	0.100	0.100	0.700
0.100	0.700	0.100	0.100
>AAGATTAATC	25-AAGATTAATC	13.750344	-12.205031	0	T:7.0(0.19%),B:8.5(0.02%),P:1e-5	Tpos:97.4,Tstd:76.2,Bpos:244.0,Bstd:126.5,StrandBias:-1.2,Multiplicity:1.00
0.997	0.001	0.001	0.001
0.918	0.001	0.080	0.001
0.001	0.001	0.997	0.001
0.997	0.001	0.001	0.001
0.001	0.001	0.001	0.997
0.001	0.001	0.001	0.997
0.997	0.001	0.001	0.001
0.997	0.001	0.001	0.001
0.001	0.001	0.001	0.997
0.001	0.997	0.001	0.001
