Factor1: 1.4030472986351579
Factor2: 0.7127343468554279
