>AATTTCCTTG	1-AATTTCCTTG	9.066636	-31.437363	0	T:44.0(9.24%),B:1152.5(2.33%),P:1e-13	Tpos:288.0,Tstd:200.8,Bpos:216.7,Bstd:125.0,StrandBias:-0.3,Multiplicity:1.00
0.918	0.056	0.001	0.025
0.977	0.001	0.001	0.021
0.039	0.001	0.001	0.959
0.046	0.001	0.001	0.952
0.062	0.001	0.001	0.936
0.106	0.663	0.001	0.230
0.078	0.920	0.001	0.001
0.026	0.001	0.115	0.858
0.052	0.001	0.039	0.908
0.001	0.001	0.987	0.011
>GACCTTTCTC	2-GACCTTTCTC	9.147835	-22.689375	0	T:37.0(7.77%),B:1114.1(2.25%),P:1e-9	Tpos:310.2,Tstd:228.4,Bpos:214.0,Bstd:126.6,StrandBias:0.6,Multiplicity:1.03
0.001	0.001	0.793	0.205
0.548	0.047	0.055	0.350
0.001	0.997	0.001	0.001
0.021	0.959	0.001	0.019
0.002	0.001	0.334	0.663
0.001	0.001	0.001	0.997
0.106	0.001	0.001	0.892
0.001	0.997	0.001	0.001
0.022	0.268	0.001	0.709
0.034	0.884	0.001	0.081
>AAGGACTGGC	3-AAGGACTGGC	9.960737	-22.486346	0	T:25.0(5.25%),B:532.7(1.08%),P:1e-9	Tpos:335.2,Tstd:256.5,Bpos:211.1,Bstd:118.1,StrandBias:0.1,Multiplicity:1.00
0.927	0.001	0.071	0.001
0.997	0.001	0.001	0.001
0.001	0.001	0.997	0.001
0.051	0.001	0.947	0.001
0.877	0.001	0.121	0.001
0.050	0.817	0.052	0.081
0.042	0.001	0.001	0.956
0.001	0.001	0.936	0.062
0.001	0.062	0.881	0.056
0.297	0.653	0.049	0.001
>GAAGACATTC	4-GAAGACATTC	9.563567	-22.209298	0	T:27.0(5.67%),B:629.4(1.27%),P:1e-9	Tpos:354.7,Tstd:266.6,Bpos:216.5,Bstd:122.4,StrandBias:-0.2,Multiplicity:1.04
0.001	0.001	0.997	0.001
0.914	0.001	0.084	0.001
0.888	0.001	0.001	0.110
0.001	0.001	0.997	0.001
0.816	0.001	0.001	0.182
0.353	0.645	0.001	0.001
0.948	0.001	0.001	0.050
0.001	0.001	0.001	0.997
0.001	0.062	0.001	0.936
0.001	0.997	0.001	0.001
>ACAAMGTCGC	5-ACAAMGTCGC	10.951048	-22.060248	0	T:6.0(1.26%),B:8.3(0.02%),P:1e-9	Tpos:199.0,Tstd:69.3,Bpos:147.4,Bstd:131.8,StrandBias:10.0,Multiplicity:1.00
0.997	0.001	0.001	0.001
0.001	0.905	0.001	0.093
0.780	0.218	0.001	0.001
0.997	0.001	0.001	0.001
0.365	0.437	0.197	0.001
0.001	0.001	0.997	0.001
0.001	0.001	0.196	0.802
0.348	0.650	0.001	0.001
0.001	0.001	0.817	0.181
0.218	0.780	0.001	0.001
>CTACACCACG	6-CTACACCACG	10.296193	-21.772249	0	T:4.0(0.84%),B:1.8(0.00%),P:1e-9	Tpos:41.0,Tstd:0.0,Bpos:91.4,Bstd:9.5,StrandBias:10.0,Multiplicity:1.00
0.100	0.700	0.100	0.100
0.100	0.100	0.100	0.700
0.700	0.100	0.100	0.100
0.100	0.700	0.100	0.100
0.700	0.100	0.100	0.100
0.100	0.700	0.100	0.100
0.100	0.700	0.100	0.100
0.700	0.100	0.100	0.100
0.100	0.700	0.100	0.100
0.100	0.100	0.700	0.100
>GTCCCATACG	7-GTCCCATACG	10.296193	-21.772249	0	T:4.0(0.84%),B:1.0(0.00%),P:1e-9	Tpos:59.0,Tstd:0.0,Bpos:138.0,Bstd:0.0,StrandBias:10.0,Multiplicity:1.00
0.100	0.100	0.700	0.100
0.100	0.100	0.100	0.700
0.100	0.700	0.100	0.100
0.100	0.700	0.100	0.100
0.100	0.700	0.100	0.100
0.700	0.100	0.100	0.100
0.100	0.100	0.100	0.700
0.700	0.100	0.100	0.100
0.100	0.700	0.100	0.100
0.100	0.100	0.700	0.100
>TAAGTGCGAA	8-TAAGTGCGAA	12.357492	-21.126232	0	T:5.0(1.05%),B:4.8(0.01%),P:1e-9	Tpos:73.8,Tstd:119.6,Bpos:182.6,Bstd:115.9,StrandBias:2.0,Multiplicity:1.00
0.001	0.001	0.001	0.997
0.770	0.001	0.228	0.001
0.997	0.001	0.001	0.001
0.001	0.001	0.997	0.001
0.001	0.001	0.001	0.997
0.001	0.001	0.997	0.001
0.001	0.997	0.001	0.001
0.001	0.001	0.997	0.001
0.997	0.001	0.001	0.001
0.997	0.001	0.001	0.001
>AGAGCAGCGC	9-AGAGCAGCGC	8.911736	-20.469809	0	T:32.0(6.72%),B:936.7(1.89%),P:1e-8	Tpos:346.9,Tstd:384.9,Bpos:211.0,Bstd:126.9,StrandBias:0.9,Multiplicity:1.09
0.855	0.143	0.001	0.001
0.146	0.154	0.699	0.001
0.749	0.001	0.085	0.165
0.001	0.275	0.723	0.001
0.001	0.997	0.001	0.001
0.997	0.001	0.001	0.001
0.001	0.166	0.579	0.254
0.249	0.749	0.001	0.001
0.153	0.160	0.686	0.001
0.001	0.997	0.001	0.001
>ATGTAATGAA	10-ATGTAATGAA	8.481229	-20.387861	0	T:46.0(9.66%),B:1750.1(3.54%),P:1e-8	Tpos:315.4,Tstd:240.9,Bpos:220.7,Bstd:121.3,StrandBias:0.3,Multiplicity:1.17
0.795	0.047	0.131	0.027
0.031	0.001	0.052	0.916
0.066	0.045	0.888	0.001
0.037	0.001	0.001	0.961
0.924	0.036	0.001	0.039
0.963	0.001	0.001	0.035
0.018	0.001	0.032	0.949
0.046	0.041	0.838	0.075
0.900	0.057	0.001	0.042
0.949	0.049	0.001	0.001
>GGWTTTCGCA	11-GGWTTTCGCA	9.239659	-19.618863	0	T:7.0(1.47%),B:22.3(0.05%),P:1e-8	Tpos:239.4,Tstd:148.6,Bpos:253.0,Bstd:143.5,StrandBias:0.4,Multiplicity:1.00
0.001	0.001	0.997	0.001
0.001	0.035	0.963	0.001
0.468	0.001	0.001	0.530
0.001	0.001	0.405	0.593
0.001	0.001	0.001	0.997
0.001	0.001	0.001	0.997
0.001	0.997	0.001	0.001
0.001	0.001	0.997	0.001
0.001	0.997	0.001	0.001
0.909	0.001	0.089	0.001
>AWCCCTCCGG	12-AWCCCTCCGG	8.516940	-18.846483	0	T:21.0(4.41%),B:454.5(0.92%),P:1e-8	Tpos:344.9,Tstd:324.1,Bpos:213.1,Bstd:118.2,StrandBias:1.3,Multiplicity:1.33
0.997	0.001	0.001	0.001
0.408	0.055	0.001	0.536
0.001	0.997	0.001	0.001
0.001	0.997	0.001	0.001
0.001	0.997	0.001	0.001
0.001	0.001	0.213	0.785
0.150	0.580	0.056	0.214
0.206	0.749	0.001	0.044
0.001	0.001	0.997	0.001
0.001	0.001	0.997	0.001
>GGCGCCHATK	13-GGCGCCHATK	10.728690	-18.751342	0	T:6.0(1.26%),B:14.9(0.03%),P:1e-8	Tpos:211.5,Tstd:122.3,Bpos:191.0,Bstd:92.2,StrandBias:1.0,Multiplicity:1.00
0.001	0.001	0.997	0.001
0.001	0.001	0.997	0.001
0.001	0.997	0.001	0.001
0.001	0.001	0.920	0.078
0.001	0.852	0.001	0.146
0.147	0.662	0.001	0.190
0.353	0.377	0.001	0.269
0.988	0.001	0.001	0.010
0.001	0.162	0.001	0.836
0.190	0.001	0.428	0.381
>ATTGCGTACC	14-ATTGCGTACC	10.771458	-18.351933	0	T:5.0(1.05%),B:7.8(0.02%),P:1e-7	Tpos:352.2,Tstd:86.0,Bpos:177.3,Bstd:141.5,StrandBias:0.6,Multiplicity:1.00
0.997	0.001	0.001	0.001
0.001	0.001	0.001	0.997
0.012	0.219	0.088	0.681
0.219	0.307	0.473	0.001
0.001	0.692	0.306	0.001
0.001	0.120	0.878	0.001
0.001	0.001	0.001	0.997
0.509	0.001	0.352	0.138
0.001	0.997	0.001	0.001
0.001	0.997	0.001	0.001
>TCCCACGGGC	15-TCCCACGGGC	11.622441	-17.692200	0	T:5.0(1.05%),B:8.7(0.02%),P:1e-7	Tpos:286.0,Tstd:92.0,Bpos:231.3,Bstd:123.6,StrandBias:10.0,Multiplicity:1.00
0.001	0.001	0.001	0.997
0.001	0.997	0.001	0.001
0.319	0.679	0.001	0.001
0.001	0.707	0.291	0.001
0.671	0.327	0.001	0.001
0.001	0.671	0.001	0.327
0.001	0.291	0.707	0.001
0.001	0.001	0.997	0.001
0.195	0.001	0.803	0.001
0.123	0.875	0.001	0.001
>TCCGGTGTAA	16-TCCGGTGTAA	10.296193	-17.393060	0	T:4.0(0.84%),B:4.0(0.01%),P:1e-7	Tpos:364.0,Tstd:0.0,Bpos:153.0,Bstd:102.6,StrandBias:10.0,Multiplicity:1.00
0.100	0.100	0.100	0.700
0.100	0.700	0.100	0.100
0.100	0.700	0.100	0.100
0.100	0.100	0.700	0.100
0.100	0.100	0.700	0.100
0.100	0.100	0.100	0.700
0.100	0.100	0.700	0.100
0.100	0.100	0.100	0.700
0.700	0.100	0.100	0.100
0.700	0.100	0.100	0.100
>GGCGGGTTTC	17-GGCGGGTTTC	10.296193	-16.249958	0	T:4.0(0.84%),B:4.1(0.01%),P:1e-7	Tpos:177.0,Tstd:0.0,Bpos:168.1,Bstd:80.2,StrandBias:10.0,Multiplicity:1.00
0.100	0.100	0.700	0.100
0.100	0.100	0.700	0.100
0.100	0.700	0.100	0.100
0.100	0.100	0.700	0.100
0.100	0.100	0.700	0.100
0.100	0.100	0.700	0.100
0.100	0.100	0.100	0.700
0.100	0.100	0.100	0.700
0.100	0.100	0.100	0.700
0.100	0.700	0.100	0.100
>CGGGGTCCAC	18-CGGGGTCCAC	10.296193	-16.249958	0	T:4.0(0.84%),B:4.8(0.01%),P:1e-7	Tpos:241.0,Tstd:0.0,Bpos:181.2,Bstd:137.5,StrandBias:10.0,Multiplicity:1.00
0.100	0.700	0.100	0.100
0.100	0.100	0.700	0.100
0.100	0.100	0.700	0.100
0.100	0.100	0.700	0.100
0.100	0.100	0.700	0.100
0.100	0.100	0.100	0.700
0.100	0.700	0.100	0.100
0.100	0.700	0.100	0.100
0.700	0.100	0.100	0.100
0.100	0.700	0.100	0.100
>GTGCGGCCTA	19-GTGCGGCCTA	12.687049	-16.249958	0	T:4.0(0.84%),B:4.8(0.01%),P:1e-7	Tpos:315.5,Tstd:110.0,Bpos:79.7,Bstd:25.4,StrandBias:1.6,Multiplicity:1.00
0.001	0.001	0.997	0.001
0.001	0.001	0.001	0.997
0.001	0.001	0.997	0.001
0.001	0.997	0.001	0.001
0.001	0.001	0.997	0.001
0.001	0.001	0.681	0.317
0.001	0.997	0.001	0.001
0.001	0.997	0.001	0.001
0.001	0.001	0.001	0.997
0.997	0.001	0.001	0.001
>GCTCCCTTAT	20-GCTCCCTTAT	9.456088	-15.967731	0	T:19.0(3.99%),B:445.0(0.90%),P:1e-6	Tpos:301.8,Tstd:200.4,Bpos:218.3,Bstd:123.0,StrandBias:0.8,Multiplicity:1.16
0.001	0.001	0.997	0.001
0.001	0.997	0.001	0.001
0.001	0.001	0.001	0.997
0.001	0.953	0.001	0.045
0.001	0.930	0.001	0.068
0.001	0.844	0.154	0.001
0.001	0.001	0.001	0.997
0.095	0.376	0.001	0.528
0.904	0.034	0.061	0.001
0.001	0.001	0.079	0.919
>ACCGAGTCCG	21-ACCGAGTCCG	10.296193	-15.735688	0	T:3.0(0.63%),B:1.2(0.00%),P:1e-6	Tpos:316.0,Tstd:0.0,Bpos:397.0,Bstd:0.0,StrandBias:10.0,Multiplicity:1.00
0.700	0.100	0.100	0.100
0.100	0.700	0.100	0.100
0.100	0.700	0.100	0.100
0.100	0.100	0.700	0.100
0.700	0.100	0.100	0.100
0.100	0.100	0.700	0.100
0.100	0.100	0.100	0.700
0.100	0.700	0.100	0.100
0.100	0.700	0.100	0.100
0.100	0.100	0.700	0.100
>CGGAARTGCC	22-CGGAARTGCC	10.963889	-14.941625	0	T:5.0(1.05%),B:14.8(0.03%),P:1e-6	Tpos:69.6,Tstd:89.2,Bpos:205.8,Bstd:116.1,StrandBias:10.0,Multiplicity:1.00
0.001	0.699	0.001	0.299
0.001	0.001	0.997	0.001
0.001	0.299	0.699	0.001
0.612	0.001	0.001	0.386
0.997	0.001	0.001	0.001
0.387	0.232	0.380	0.001
0.001	0.001	0.001	0.997
0.001	0.232	0.766	0.001
0.001	0.997	0.001	0.001
0.001	0.997	0.001	0.001
>GGATCGGTGT	23-GGATCGGTGT	10.296193	-13.663414	0	T:3.0(0.63%),B:2.5(0.01%),P:1e-5	Tpos:218.0,Tstd:0.0,Bpos:203.8,Bstd:115.4,StrandBias:10.0,Multiplicity:1.00
0.100	0.100	0.700	0.100
0.100	0.100	0.700	0.100
0.700	0.100	0.100	0.100
0.100	0.100	0.100	0.700
0.100	0.700	0.100	0.100
0.100	0.100	0.700	0.100
0.100	0.100	0.700	0.100
0.100	0.100	0.100	0.700
0.100	0.100	0.700	0.100
0.100	0.100	0.100	0.700
>ATGCCCCAAG	24-ATGCCCCAAG	8.250998	-13.119095	0	T:25.0(5.25%),B:872.4(1.76%),P:1e-5	Tpos:375.9,Tstd:276.7,Bpos:213.9,Bstd:118.8,StrandBias:0.6,Multiplicity:1.00
0.689	0.114	0.090	0.107
0.145	0.056	0.085	0.714
0.122	0.122	0.633	0.123
0.112	0.650	0.099	0.139
0.121	0.721	0.053	0.105
0.102	0.742	0.041	0.115
0.116	0.748	0.044	0.092
0.730	0.090	0.061	0.119
0.704	0.049	0.131	0.116
0.095	0.122	0.672	0.111
>TAGGTCCATG	25-TAGGTCCATG	10.296193	-7.030875	0	T:3.0(0.63%),B:19.6(0.04%),P:1e-3	Tpos:173.4,Tstd:133.5,Bpos:184.1,Bstd:108.4,StrandBias:2.0,Multiplicity:1.67
0.100	0.100	0.100	0.700
0.700	0.100	0.100	0.100
0.100	0.100	0.700	0.100
0.100	0.100	0.700	0.100
0.100	0.100	0.100	0.700
0.100	0.700	0.100	0.100
0.100	0.700	0.100	0.100
0.700	0.100	0.100	0.100
0.100	0.100	0.100	0.700
0.100	0.100	0.700	0.100
