>ACATCAAAGG	1-ACATCAAAGG	7.229595	-328.529697	0	T:761.0(33.03%),B:5835.0(12.55%),P:1e-142	Tpos:261.2,Tstd:177.3,Bpos:228.3,Bstd:136.9,StrandBias:0.1,Multiplicity:1.29
0.805	0.021	0.078	0.096
0.044	0.670	0.264	0.022
0.754	0.018	0.027	0.201
0.066	0.012	0.016	0.906
0.071	0.770	0.129	0.030
0.939	0.001	0.007	0.053
0.917	0.021	0.061	0.001
0.946	0.028	0.014	0.012
0.099	0.102	0.776	0.023
0.212	0.191	0.520	0.077
>NRYWTCCTGT	2-NRYWTCCTGT	5.926179	-287.112814	0	T:624.0(27.08%),B:4491.1(9.66%),P:1e-124	Tpos:252.0,Tstd:166.5,Bpos:229.0,Bstd:135.8,StrandBias:-0.0,Multiplicity:1.13
0.201	0.278	0.224	0.296
0.410	0.121	0.373	0.097
0.013	0.449	0.122	0.415
0.318	0.137	0.095	0.451
0.063	0.007	0.202	0.728
0.167	0.733	0.081	0.019
0.018	0.704	0.161	0.117
0.136	0.137	0.263	0.464
0.183	0.233	0.420	0.164
0.121	0.282	0.096	0.501
>VRMTGASTCA	3-VRMTGASTCA	6.541946	-270.856725	0	T:515.0(22.35%),B:3324.0(7.15%),P:1e-117	Tpos:255.1,Tstd:165.7,Bpos:230.7,Bstd:139.2,StrandBias:0.0,Multiplicity:1.15
0.252	0.370	0.223	0.155
0.277	0.161	0.362	0.200
0.390	0.248	0.236	0.125
0.076	0.051	0.068	0.805
0.046	0.053	0.700	0.201
0.839	0.060	0.039	0.062
0.078	0.403	0.452	0.067
0.043	0.043	0.139	0.775
0.121	0.643	0.113	0.123
0.808	0.046	0.085	0.061
>NAYGBAAANN	4-NAYGBAAANN	5.870797	-243.396582	0	T:838.0(36.37%),B:8024.9(17.26%),P:1e-105	Tpos:256.2,Tstd:166.4,Bpos:227.9,Bstd:138.9,StrandBias:-0.2,Multiplicity:1.27
0.243	0.185	0.238	0.334
0.564	0.119	0.101	0.216
0.159	0.446	0.036	0.359
0.012	0.018	0.932	0.038
0.011	0.385	0.330	0.274
0.838	0.083	0.001	0.078
0.717	0.099	0.014	0.170
0.715	0.104	0.063	0.118
0.245	0.254	0.208	0.292
0.254	0.220	0.239	0.288
>GCGTGGGYGG	5-GCGTGGGYGG	7.969086	-195.771409	0	T:487.0(21.14%),B:3731.4(8.02%),P:1e-85	Tpos:275.1,Tstd:185.8,Bpos:230.7,Bstd:137.5,StrandBias:0.1,Multiplicity:1.09
0.251	0.263	0.475	0.011
0.209	0.484	0.001	0.306
0.001	0.001	0.997	0.001
0.013	0.001	0.001	0.985
0.303	0.001	0.654	0.042
0.001	0.001	0.997	0.001
0.001	0.001	0.997	0.001
0.126	0.487	0.001	0.385
0.250	0.001	0.557	0.192
0.101	0.001	0.625	0.273
>AGTGGAAAAW	6-AGTGGAAAAW	9.198720	-94.428963	0	T:247.0(10.72%),B:1895.0(4.07%),P:1e-41	Tpos:242.8,Tstd:167.2,Bpos:231.3,Bstd:137.3,StrandBias:0.2,Multiplicity:1.09
0.508	0.171	0.097	0.224
0.001	0.148	0.746	0.105
0.001	0.001	0.053	0.945
0.001	0.001	0.997	0.001
0.001	0.001	0.997	0.001
0.997	0.001	0.001	0.001
0.997	0.001	0.001	0.001
0.997	0.001	0.001	0.001
0.452	0.249	0.145	0.155
0.562	0.001	0.001	0.436
>CTCTTTGAAG	7-CTCTTTGAAG	8.382231	-84.718259	0	T:274.0(11.89%),B:2367.2(5.09%),P:1e-36	Tpos:271.5,Tstd:191.6,Bpos:231.1,Bstd:144.6,StrandBias:-0.1,Multiplicity:1.07
0.238	0.523	0.173	0.066
0.001	0.001	0.274	0.724
0.001	0.986	0.012	0.001
0.001	0.001	0.001	0.997
0.001	0.001	0.001	0.997
0.097	0.167	0.001	0.735
0.194	0.068	0.737	0.001
0.904	0.094	0.001	0.001
0.923	0.001	0.075	0.001
0.118	0.166	0.715	0.001
>CGTTTTAAGT	8-CGTTTTAAGT	5.807313	-74.536658	0	T:928.0(40.28%),B:13324.0(28.65%),P:1e-32	Tpos:259.4,Tstd:177.2,Bpos:226.9,Bstd:144.7,StrandBias:0.0,Multiplicity:1.30
0.079	0.691	0.001	0.229
0.039	0.134	0.654	0.173
0.078	0.201	0.173	0.548
0.001	0.001	0.129	0.869
0.001	0.070	0.243	0.686
0.263	0.008	0.225	0.504
0.627	0.122	0.012	0.239
0.807	0.001	0.063	0.129
0.123	0.184	0.690	0.003
0.125	0.069	0.032	0.774
>AACCACATCW	9-AACCACATCW	9.094635	-67.151189	0	T:153.0(6.64%),B:1073.2(2.31%),P:1e-29	Tpos:254.5,Tstd:149.6,Bpos:231.7,Bstd:135.9,StrandBias:-0.5,Multiplicity:1.05
0.945	0.053	0.001	0.001
0.874	0.001	0.124	0.001
0.001	0.997	0.001	0.001
0.001	0.997	0.001	0.001
0.910	0.001	0.088	0.001
0.001	0.811	0.187	0.001
0.997	0.001	0.001	0.001
0.176	0.001	0.058	0.765
0.046	0.765	0.170	0.019
0.470	0.041	0.082	0.407
>CAGCTGATTA	10-CAGCTGATTA	6.542268	-52.063486	0	T:627.0(27.21%),B:8722.2(18.76%),P:1e-22	Tpos:261.0,Tstd:179.8,Bpos:228.5,Bstd:141.3,StrandBias:0.1,Multiplicity:1.23
0.040	0.852	0.058	0.050
0.790	0.097	0.053	0.060
0.065	0.031	0.798	0.106
0.073	0.834	0.042	0.051
0.054	0.078	0.024	0.844
0.089	0.077	0.791	0.043
0.801	0.090	0.032	0.077
0.078	0.084	0.099	0.739
0.058	0.060	0.121	0.761
0.794	0.081	0.051	0.074
>GGGGGGGGGG	11-GGGGGGGGGG	6.404373	-49.457474	0	T:840.0(36.46%),B:12671.4(27.25%),P:1e-21	Tpos:280.0,Tstd:206.6,Bpos:229.5,Bstd:133.4,StrandBias:0.1,Multiplicity:1.60
0.100	0.100	0.700	0.100
0.100	0.100	0.700	0.100
0.100	0.100	0.700	0.100
0.100	0.100	0.700	0.100
0.100	0.100	0.700	0.100
0.100	0.100	0.700	0.100
0.100	0.100	0.700	0.100
0.100	0.100	0.700	0.100
0.100	0.100	0.700	0.100
0.100	0.100	0.700	0.100
>GTTGCCATGG	12-GTTGCCATGG	9.851919	-48.339119	0	T:69.0(2.99%),B:341.8(0.74%),P:1e-20	Tpos:281.3,Tstd:231.4,Bpos:232.9,Bstd:135.3,StrandBias:0.0,Multiplicity:1.00
0.001	0.001	0.997	0.001
0.001	0.001	0.001	0.997
0.001	0.001	0.001	0.997
0.050	0.068	0.762	0.120
0.001	0.949	0.001	0.049
0.001	0.997	0.001	0.001
0.972	0.001	0.026	0.001
0.001	0.017	0.001	0.981
0.001	0.001	0.997	0.001
0.001	0.001	0.997	0.001
>TCGCTTTGTT	13-TCGCTTTGTT	6.861163	-45.251744	0	T:449.0(19.49%),B:5900.4(12.69%),P:1e-19	Tpos:267.5,Tstd:180.2,Bpos:232.6,Bstd:143.4,StrandBias:0.1,Multiplicity:1.12
0.101	0.162	0.058	0.679
0.057	0.826	0.021	0.096
0.036	0.111	0.689	0.164
0.097	0.800	0.044	0.059
0.037	0.092	0.020	0.851
0.025	0.047	0.093	0.835
0.040	0.046	0.077	0.837
0.128	0.029	0.808	0.035
0.068	0.048	0.007	0.877
0.032	0.101	0.058	0.809
>VTRTSACGTG	14-VTRTSACGTG	7.583852	-44.388685	0	T:172.0(7.47%),B:1616.3(3.48%),P:1e-19	Tpos:263.4,Tstd:150.8,Bpos:228.7,Bstd:148.0,StrandBias:-0.4,Multiplicity:1.08
0.205	0.334	0.351	0.111
0.290	0.001	0.192	0.517
0.299	0.260	0.427	0.014
0.001	0.001	0.158	0.840
0.041	0.505	0.453	0.001
0.997	0.001	0.001	0.001
0.001	0.884	0.001	0.114
0.057	0.093	0.831	0.019
0.017	0.030	0.048	0.905
0.254	0.001	0.744	0.001
>MRGCARACAG	15-MRGCARACAG	7.935338	-43.688332	0	T:446.0(19.36%),B:5901.4(12.69%),P:1e-18	Tpos:273.9,Tstd:186.3,Bpos:228.2,Bstd:142.5,StrandBias:0.1,Multiplicity:1.15
0.384	0.447	0.037	0.133
0.436	0.247	0.316	0.001
0.021	0.252	0.678	0.049
0.045	0.953	0.001	0.001
0.948	0.050	0.001	0.001
0.378	0.001	0.515	0.106
0.608	0.250	0.141	0.001
0.001	0.987	0.001	0.011
0.952	0.014	0.033	0.001
0.034	0.255	0.675	0.036
>WCTTTCAAAC	16-WCTTTCAAAC	7.822629	-39.388065	0	T:296.0(12.85%),B:3575.4(7.69%),P:1e-17	Tpos:269.2,Tstd:197.0,Bpos:229.4,Bstd:141.5,StrandBias:0.1,Multiplicity:1.09
0.455	0.128	0.074	0.343
0.001	0.949	0.001	0.049
0.081	0.001	0.001	0.917
0.001	0.011	0.069	0.919
0.034	0.041	0.160	0.765
0.104	0.558	0.060	0.278
0.690	0.220	0.001	0.089
0.890	0.001	0.001	0.108
0.732	0.158	0.109	0.001
0.001	0.876	0.122	0.001
>AADGBAAMHG	17-AADGBAAMHG	6.902247	-34.507471	0	T:283.0(12.28%),B:3506.4(7.54%),P:1e-14	Tpos:263.8,Tstd:186.3,Bpos:228.5,Bstd:144.2,StrandBias:-0.3,Multiplicity:1.07
0.880	0.045	0.039	0.036
0.675	0.260	0.030	0.035
0.342	0.039	0.291	0.328
0.142	0.048	0.500	0.310
0.147	0.346	0.218	0.289
0.688	0.126	0.047	0.139
0.830	0.087	0.043	0.040
0.405	0.348	0.019	0.228
0.281	0.312	0.043	0.365
0.193	0.080	0.680	0.047
>TGACTTCATC	18-TGACTTCATC	9.515877	-32.114599	0	T:95.0(4.12%),B:785.8(1.69%),P:1e-13	Tpos:218.4,Tstd:152.3,Bpos:231.7,Bstd:142.5,StrandBias:-0.3,Multiplicity:1.01
0.001	0.001	0.001	0.997
0.001	0.001	0.997	0.001
0.997	0.001	0.001	0.001
0.001	0.997	0.001	0.001
0.052	0.001	0.150	0.797
0.001	0.210	0.001	0.788
0.001	0.802	0.001	0.196
0.954	0.044	0.001	0.001
0.001	0.205	0.001	0.793
0.133	0.865	0.001	0.001
>GTTTACTCAT	19-GTTTACTCAT	9.138870	-31.434569	0	T:74.0(3.21%),B:537.8(1.16%),P:1e-13	Tpos:274.0,Tstd:170.2,Bpos:228.9,Bstd:136.3,StrandBias:-0.3,Multiplicity:1.01
0.068	0.038	0.782	0.112
0.001	0.049	0.001	0.949
0.001	0.001	0.047	0.951
0.022	0.048	0.001	0.929
0.842	0.001	0.030	0.127
0.073	0.925	0.001	0.001
0.001	0.001	0.001	0.997
0.001	0.997	0.001	0.001
0.818	0.070	0.061	0.051
0.001	0.095	0.001	0.903
>TGACGCAGCT	20-TGACGCAGCT	10.193155	-30.961156	0	T:51.0(2.21%),B:289.2(0.62%),P:1e-13	Tpos:233.0,Tstd:188.5,Bpos:219.1,Bstd:147.0,StrandBias:0.6,Multiplicity:1.00
0.065	0.099	0.001	0.835
0.001	0.014	0.984	0.001
0.989	0.009	0.001	0.001
0.022	0.897	0.001	0.080
0.165	0.062	0.772	0.001
0.001	0.997	0.001	0.001
0.987	0.001	0.001	0.011
0.001	0.001	0.943	0.055
0.050	0.899	0.050	0.001
0.001	0.022	0.001	0.976
>GTGGGGGGTG	21-GTGGGGGGTG	7.427630	-30.169287	0	T:244.0(10.59%),B:3009.0(6.47%),P:1e-13	Tpos:285.0,Tstd:235.0,Bpos:221.7,Bstd:141.5,StrandBias:-0.1,Multiplicity:1.02
0.001	0.033	0.965	0.001
0.009	0.098	0.001	0.892
0.212	0.133	0.654	0.001
0.135	0.048	0.771	0.046
0.058	0.192	0.709	0.041
0.177	0.048	0.757	0.018
0.001	0.380	0.611	0.008
0.015	0.018	0.966	0.001
0.058	0.001	0.001	0.940
0.001	0.053	0.738	0.208
>ANRTGACACA	22-ANRTGACACA	6.964720	-25.973399	0	T:235.0(10.20%),B:2993.0(6.44%),P:1e-11	Tpos:270.6,Tstd:200.9,Bpos:225.4,Bstd:135.2,StrandBias:0.1,Multiplicity:1.06
0.524	0.157	0.202	0.117
0.191	0.249	0.330	0.230
0.429	0.006	0.472	0.093
0.046	0.286	0.034	0.634
0.106	0.164	0.612	0.118
0.710	0.002	0.017	0.271
0.197	0.659	0.004	0.140
0.739	0.024	0.218	0.019
0.248	0.401	0.190	0.160
0.944	0.002	0.003	0.051
>TTAGTCAYCT	23-TTAGTCAYCT	9.753618	-25.461657	0	T:54.0(2.34%),B:370.4(0.80%),P:1e-11	Tpos:241.2,Tstd:160.5,Bpos:208.0,Bstd:141.0,StrandBias:-0.5,Multiplicity:1.00
0.009	0.018	0.001	0.972
0.049	0.088	0.019	0.844
0.953	0.032	0.014	0.001
0.001	0.026	0.945	0.028
0.017	0.026	0.001	0.956
0.031	0.919	0.040	0.010
0.869	0.053	0.001	0.077
0.001	0.483	0.001	0.515
0.026	0.637	0.176	0.161
0.010	0.138	0.001	0.851
>GATCTGACAG	24-GATCTGACAG	9.491800	-24.175934	0	T:74.0(3.21%),B:628.4(1.35%),P:1e-10	Tpos:242.1,Tstd:144.5,Bpos:229.6,Bstd:141.6,StrandBias:0.2,Multiplicity:1.03
0.001	0.116	0.882	0.001
0.792	0.164	0.023	0.021
0.036	0.011	0.001	0.952
0.001	0.984	0.001	0.014
0.001	0.001	0.001	0.997
0.036	0.094	0.836	0.034
0.980	0.018	0.001	0.001
0.001	0.907	0.091	0.001
0.924	0.001	0.001	0.074
0.227	0.012	0.746	0.015
>GCATGTGTTG	25-GCATGTGTTG	10.066584	-12.511619	0	T:29.0(1.26%),B:220.6(0.47%),P:1e-5	Tpos:432.0,Tstd:317.9,Bpos:229.6,Bstd:140.1,StrandBias:1.9,Multiplicity:2.28
0.001	0.001	0.997	0.001
0.001	0.997	0.001	0.001
0.800	0.136	0.063	0.001
0.001	0.001	0.001	0.997
0.001	0.155	0.843	0.001
0.034	0.001	0.001	0.964
0.001	0.001	0.997	0.001
0.001	0.001	0.001	0.997
0.001	0.001	0.001	0.997
0.001	0.001	0.997	0.001
