>SATCAAAG	1-SATCAAAG	6.686361	-269.628452	0	T:827.0(35.89%),B:7482.1(16.09%),P:1e-117	Tpos:260.9,Tstd:183.5,Bpos:228.8,Bstd:139.3,StrandBias:0.0,Multiplicity:1.32
0.088	0.395	0.434	0.084
0.550	0.044	0.075	0.331
0.113	0.020	0.026	0.841
0.093	0.751	0.140	0.016
0.898	0.001	0.028	0.073
0.812	0.043	0.119	0.026
0.970	0.019	0.009	0.002
0.081	0.126	0.787	0.006
>TGACTCAT	2-TGACTCAT	7.825422	-263.861318	0	T:473.0(20.53%),B:2904.9(6.25%),P:1e-114	Tpos:257.2,Tstd:162.5,Bpos:231.8,Bstd:138.5,StrandBias:-0.0,Multiplicity:1.14
0.001	0.001	0.001	0.997
0.001	0.001	0.976	0.022
0.997	0.001	0.001	0.001
0.001	0.746	0.252	0.001
0.030	0.001	0.012	0.957
0.029	0.969	0.001	0.001
0.997	0.001	0.001	0.001
0.052	0.167	0.169	0.612
>ACTTCCTG	3-ACTTCCTG	8.054805	-205.853866	0	T:643.0(27.91%),B:5706.0(12.27%),P:1e-89	Tpos:263.5,Tstd:168.7,Bpos:229.7,Bstd:133.4,StrandBias:0.1,Multiplicity:1.16
0.997	0.001	0.001	0.001
0.001	0.721	0.001	0.277
0.095	0.001	0.001	0.903
0.001	0.001	0.001	0.997
0.001	0.997	0.001	0.001
0.001	0.997	0.001	0.001
0.001	0.001	0.001	0.997
0.001	0.195	0.803	0.001
>ATTTCCAC	4-ATTTCCAC	3.421096	-190.651278	0	T:698.0(30.30%),B:6730.9(14.47%),P:1e-82	Tpos:264.8,Tstd:180.1,Bpos:228.7,Bstd:137.8,StrandBias:0.0,Multiplicity:1.22
0.627	0.001	0.331	0.041
0.001	0.001	0.001	0.997
0.001	0.001	0.001	0.997
0.001	0.001	0.001	0.997
0.001	0.997	0.001	0.001
0.001	0.997	0.001	0.001
0.689	0.001	0.309	0.001
0.001	0.688	0.001	0.310
>TTAGTMAY	5-TTAGTMAY	7.780674	-186.031882	0	T:581.0(25.22%),B:5110.2(10.99%),P:1e-80	Tpos:256.9,Tstd:167.6,Bpos:229.4,Bstd:138.9,StrandBias:-0.0,Multiplicity:1.10
0.001	0.001	0.001	0.997
0.001	0.001	0.406	0.592
0.997	0.001	0.001	0.001
0.001	0.423	0.575	0.001
0.001	0.001	0.001	0.997
0.571	0.427	0.001	0.001
0.997	0.001	0.001	0.001
0.048	0.399	0.176	0.377
>ATTTGCAT	6-ATTTGCAT	8.236954	-165.100206	0	T:203.0(8.81%),B:863.4(1.86%),P:1e-71	Tpos:253.4,Tstd:155.1,Bpos:225.1,Bstd:137.1,StrandBias:0.3,Multiplicity:1.08
0.700	0.100	0.100	0.100
0.100	0.100	0.100	0.700
0.100	0.100	0.100	0.700
0.100	0.100	0.100	0.700
0.100	0.100	0.700	0.100
0.100	0.700	0.100	0.100
0.700	0.100	0.100	0.100
0.100	0.100	0.100	0.700
>SMGGAAAC	7-SMGGAAAC	6.019810	-159.288540	0	T:1032.0(44.79%),B:12813.6(27.55%),P:1e-69	Tpos:261.0,Tstd:189.4,Bpos:229.3,Bstd:138.9,StrandBias:0.1,Multiplicity:1.22
0.001	0.402	0.464	0.133
0.377	0.339	0.214	0.071
0.001	0.239	0.759	0.001
0.090	0.055	0.678	0.177
0.896	0.065	0.001	0.038
0.809	0.001	0.055	0.135
0.612	0.001	0.386	0.001
0.065	0.657	0.001	0.277
>TATGCAAA	8-TATGCAAA	7.677207	-134.079053	0	T:428.0(18.58%),B:3731.7(8.02%),P:1e-58	Tpos:247.9,Tstd:167.4,Bpos:230.5,Bstd:138.4,StrandBias:0.1,Multiplicity:1.08
0.001	0.097	0.151	0.751
0.997	0.001	0.001	0.001
0.001	0.001	0.001	0.997
0.001	0.001	0.997	0.001
0.001	0.756	0.001	0.242
0.915	0.001	0.001	0.083
0.997	0.001	0.001	0.001
0.997	0.001	0.001	0.001
>GTGGGTGG	9-GTGGGTGG	7.522145	-121.130268	0	T:644.0(27.95%),B:7152.3(15.38%),P:1e-52	Tpos:274.0,Tstd:196.7,Bpos:230.9,Bstd:132.2,StrandBias:0.2,Multiplicity:1.37
0.001	0.001	0.997	0.001
0.001	0.001	0.200	0.798
0.152	0.038	0.803	0.007
0.001	0.008	0.990	0.001
0.001	0.001	0.997	0.001
0.374	0.045	0.010	0.571
0.001	0.001	0.997	0.001
0.001	0.001	0.997	0.001
>ACWTCARA	10-ACWTCARA	6.496965	-117.735035	0	T:850.0(36.89%),B:10644.9(22.89%),P:1e-51	Tpos:267.9,Tstd:182.0,Bpos:229.5,Bstd:141.6,StrandBias:-0.0,Multiplicity:1.28
0.840	0.001	0.158	0.001
0.001	0.876	0.063	0.060
0.410	0.138	0.038	0.414
0.065	0.001	0.266	0.668
0.234	0.564	0.067	0.135
0.674	0.001	0.001	0.324
0.491	0.006	0.417	0.085
0.721	0.001	0.009	0.269
>TGTGGTTT	11-TGTGGTTT	7.520367	-70.727662	0	T:247.0(10.72%),B:2214.0(4.76%),P:1e-30	Tpos:277.0,Tstd:166.5,Bpos:225.4,Bstd:139.7,StrandBias:0.2,Multiplicity:1.08
0.001	0.070	0.001	0.928
0.001	0.001	0.997	0.001
0.001	0.044	0.001	0.954
0.001	0.001	0.997	0.001
0.001	0.001	0.997	0.001
0.001	0.001	0.001	0.997
0.001	0.001	0.001	0.997
0.298	0.001	0.001	0.700
>CGTTTGAT	12-CGTTTGAT	6.226392	-67.626892	0	T:627.0(27.21%),B:8207.4(17.65%),P:1e-29	Tpos:256.9,Tstd:189.0,Bpos:228.1,Bstd:142.2,StrandBias:0.0,Multiplicity:1.13
0.024	0.974	0.001	0.001
0.092	0.001	0.617	0.290
0.039	0.001	0.013	0.947
0.001	0.048	0.022	0.929
0.044	0.001	0.001	0.954
0.061	0.065	0.873	0.001
0.881	0.091	0.001	0.027
0.067	0.014	0.001	0.918
>CCTTTGTT	13-CCTTTGTT	8.388667	-50.166450	0	T:385.0(16.71%),B:4700.5(10.11%),P:1e-21	Tpos:255.4,Tstd:163.9,Bpos:233.2,Bstd:140.6,StrandBias:-0.0,Multiplicity:1.12
0.080	0.556	0.174	0.190
0.001	0.997	0.001	0.001
0.001	0.001	0.041	0.957
0.001	0.001	0.001	0.997
0.001	0.001	0.001	0.997
0.001	0.001	0.997	0.001
0.001	0.001	0.001	0.997
0.001	0.001	0.128	0.870
>GCTGACAG	14-GCTGACAG	5.394198	-49.747156	0	T:1146.0(49.74%),B:18499.0(39.78%),P:1e-21	Tpos:260.9,Tstd:189.1,Bpos:228.3,Bstd:144.4,StrandBias:-0.0,Multiplicity:1.45
0.055	0.170	0.651	0.124
0.277	0.650	0.024	0.049
0.329	0.128	0.001	0.542
0.236	0.172	0.554	0.038
0.508	0.122	0.195	0.175
0.201	0.744	0.027	0.028
0.626	0.038	0.159	0.177
0.049	0.178	0.651	0.122
>CCBACGCA	15-CCBACGCA	6.635290	-49.028136	0	T:194.0(8.42%),B:1840.6(3.96%),P:1e-21	Tpos:269.5,Tstd:188.9,Bpos:228.6,Bstd:147.6,StrandBias:-0.0,Multiplicity:1.05
0.042	0.956	0.001	0.001
0.006	0.669	0.077	0.248
0.070	0.249	0.330	0.351
0.949	0.001	0.029	0.021
0.001	0.935	0.001	0.063
0.001	0.062	0.860	0.077
0.001	0.770	0.085	0.144
0.664	0.001	0.091	0.244
>TTTGAAAG	16-TTTGAAAG	6.821418	-48.889583	0	T:635.0(27.56%),B:8980.5(19.31%),P:1e-21	Tpos:267.7,Tstd:182.1,Bpos:229.0,Bstd:142.8,StrandBias:-0.1,Multiplicity:1.17
0.001	0.127	0.241	0.631
0.123	0.001	0.131	0.745
0.081	0.085	0.001	0.833
0.001	0.318	0.680	0.001
0.973	0.001	0.025	0.001
0.849	0.001	0.149	0.001
0.996	0.002	0.001	0.001
0.001	0.313	0.657	0.029
>RTBACGTR	17-RTBACGTR	5.681738	-45.506578	0	T:288.0(12.50%),B:3292.9(7.08%),P:1e-19	Tpos:269.8,Tstd:162.6,Bpos:227.5,Bstd:149.7,StrandBias:-0.2,Multiplicity:1.09
0.374	0.184	0.362	0.079
0.148	0.138	0.055	0.659
0.055	0.388	0.244	0.312
0.586	0.151	0.134	0.129
0.001	0.997	0.001	0.001
0.001	0.001	0.997	0.001
0.001	0.112	0.001	0.886
0.404	0.184	0.326	0.086
>CAGCTGCT	18-CAGCTGCT	7.501739	-40.583028	0	T:599.0(26.00%),B:8669.7(18.64%),P:1e-17	Tpos:266.8,Tstd:180.7,Bpos:226.8,Bstd:144.7,StrandBias:0.0,Multiplicity:1.20
0.001	0.997	0.001	0.001
0.944	0.001	0.001	0.054
0.001	0.064	0.873	0.062
0.038	0.960	0.001	0.001
0.055	0.001	0.001	0.943
0.001	0.001	0.997	0.001
0.111	0.737	0.001	0.151
0.096	0.056	0.136	0.712
