Factor1: 1.153082525512361
Factor2: 0.8672406162392062
