>MACAGGAAGT	1-MACAGGAAGT	8.191889	-203.297424	0	T:785.0(21.11%),B:4537.2(10.01%),P:1e-88	Tpos:288.3,Tstd:236.0,Bpos:237.9,Bstd:137.3,StrandBias:-0.0,Multiplicity:1.17
0.351	0.272	0.188	0.189
0.749	0.001	0.249	0.001
0.001	0.777	0.221	0.001
0.886	0.112	0.001	0.001
0.001	0.001	0.997	0.001
0.001	0.001	0.997	0.001
0.973	0.001	0.001	0.025
0.750	0.001	0.001	0.248
0.183	0.051	0.765	0.001
0.039	0.185	0.001	0.775
>NGAAACCACA	2-NGAAACCACA	7.349823	-167.933110	0	T:737.0(19.82%),B:4482.1(9.89%),P:1e-72	Tpos:315.6,Tstd:293.1,Bpos:236.4,Bstd:142.2,StrandBias:0.0,Multiplicity:1.19
0.222	0.232	0.332	0.214
0.128	0.149	0.492	0.232
0.503	0.098	0.046	0.353
0.912	0.001	0.029	0.058
0.910	0.018	0.059	0.013
0.004	0.876	0.001	0.119
0.001	0.971	0.004	0.024
0.896	0.063	0.016	0.025
0.071	0.878	0.050	0.001
0.690	0.125	0.003	0.182
>NNTKASTCAN	3-NNTKASTCAN	5.672647	-163.965933	0	T:604.0(16.25%),B:3372.3(7.44%),P:1e-71	Tpos:271.7,Tstd:227.7,Bpos:236.0,Bstd:137.0,StrandBias:-0.0,Multiplicity:1.14
0.262	0.160	0.291	0.287
0.312	0.228	0.264	0.196
0.026	0.027	0.139	0.808
0.059	0.091	0.497	0.353
0.756	0.028	0.144	0.072
0.150	0.429	0.353	0.068
0.198	0.024	0.240	0.538
0.227	0.596	0.160	0.017
0.559	0.124	0.142	0.175
0.204	0.252	0.264	0.280
>ACATCAAAGR	4-ACATCAAAGR	7.545305	-138.744528	0	T:784.0(21.09%),B:5261.3(11.61%),P:1e-60	Tpos:275.8,Tstd:213.8,Bpos:234.5,Bstd:142.2,StrandBias:0.1,Multiplicity:1.14
0.757	0.089	0.112	0.042
0.001	0.797	0.179	0.023
0.663	0.129	0.001	0.207
0.240	0.001	0.018	0.741
0.001	0.942	0.056	0.001
0.997	0.001	0.001	0.001
0.788	0.065	0.146	0.001
0.927	0.001	0.071	0.001
0.170	0.168	0.623	0.039
0.306	0.213	0.374	0.107
>CCACCAGRKG	5-CCACCAGRKG	7.864707	-125.390980	0	T:276.0(7.42%),B:1133.4(2.50%),P:1e-54	Tpos:258.3,Tstd:205.4,Bpos:232.8,Bstd:136.3,StrandBias:-0.2,Multiplicity:1.03
0.124	0.687	0.072	0.117
0.090	0.707	0.112	0.091
0.609	0.147	0.122	0.122
0.001	0.715	0.283	0.001
0.183	0.424	0.131	0.262
0.663	0.069	0.022	0.246
0.170	0.001	0.778	0.051
0.366	0.136	0.498	0.001
0.037	0.002	0.481	0.480
0.096	0.065	0.708	0.131
>GCCCCGCCCM	6-GCCCCGCCCM	7.917482	-92.510698	0	T:913.0(24.56%),B:7264.6(16.03%),P:1e-40	Tpos:310.4,Tstd:233.8,Bpos:234.3,Bstd:146.1,StrandBias:-0.1,Multiplicity:1.77
0.370	0.001	0.535	0.094
0.126	0.627	0.025	0.222
0.001	0.695	0.001	0.303
0.176	0.714	0.001	0.109
0.001	0.997	0.001	0.001
0.149	0.001	0.677	0.173
0.001	0.997	0.001	0.001
0.001	0.997	0.001	0.001
0.001	0.681	0.001	0.317
0.326	0.413	0.058	0.203
>GGGAAAWYCC	7-GGGAAAWYCC	8.647405	-76.227700	0	T:251.0(6.75%),B:1303.8(2.88%),P:1e-33	Tpos:301.5,Tstd:278.1,Bpos:239.7,Bstd:139.5,StrandBias:-0.2,Multiplicity:1.10
0.001	0.132	0.716	0.151
0.001	0.001	0.997	0.001
0.001	0.154	0.844	0.001
0.604	0.001	0.394	0.001
0.739	0.001	0.259	0.001
0.655	0.001	0.130	0.214
0.353	0.053	0.162	0.431
0.165	0.412	0.073	0.350
0.001	0.962	0.001	0.036
0.001	0.997	0.001	0.001
>GAAAGTGAAA	8-GAAAGTGAAA	9.010592	-73.743737	0	T:465.0(12.51%),B:3184.1(7.02%),P:1e-32	Tpos:305.9,Tstd:239.0,Bpos:234.5,Bstd:143.7,StrandBias:0.1,Multiplicity:1.16
0.180	0.083	0.736	0.001
0.882	0.001	0.116	0.001
0.883	0.001	0.028	0.088
0.968	0.001	0.023	0.008
0.279	0.204	0.516	0.001
0.134	0.218	0.180	0.468
0.251	0.001	0.747	0.001
0.968	0.001	0.014	0.017
0.870	0.033	0.087	0.010
0.985	0.001	0.002	0.012
>GGTTTCGGTT	9-GGTTTCGGTT	6.798888	-59.944244	0	T:529.0(14.23%),B:4019.3(8.87%),P:1e-26	Tpos:290.9,Tstd:261.4,Bpos:235.8,Bstd:145.3,StrandBias:0.1,Multiplicity:1.12
0.069	0.050	0.832	0.049
0.069	0.065	0.819	0.047
0.037	0.039	0.061	0.863
0.048	0.060	0.040	0.852
0.113	0.024	0.040	0.823
0.055	0.831	0.039	0.075
0.062	0.084	0.735	0.119
0.097	0.091	0.696	0.116
0.053	0.071	0.062	0.814
0.091	0.065	0.104	0.740
>BATTTGCRTR	10-BATTTGCRTR	8.177332	-59.266366	0	T:223.0(6.00%),B:1237.0(2.73%),P:1e-25	Tpos:281.8,Tstd:230.9,Bpos:231.0,Bstd:139.0,StrandBias:-0.4,Multiplicity:1.05
0.144	0.292	0.323	0.242
0.546	0.001	0.380	0.073
0.064	0.001	0.001	0.934
0.031	0.184	0.023	0.762
0.074	0.025	0.001	0.900
0.290	0.001	0.670	0.039
0.053	0.945	0.001	0.001
0.490	0.014	0.492	0.003
0.001	0.001	0.085	0.913
0.484	0.001	0.350	0.165
>ATCCACCCAC	11-ATCCACCCAC	7.767740	-58.020172	0	T:455.0(12.24%),B:3335.6(7.36%),P:1e-25	Tpos:299.1,Tstd:245.6,Bpos:240.5,Bstd:138.5,StrandBias:0.2,Multiplicity:1.08
0.620	0.111	0.001	0.268
0.024	0.045	0.091	0.840
0.100	0.898	0.001	0.001
0.292	0.706	0.001	0.001
0.748	0.042	0.209	0.001
0.083	0.859	0.057	0.001
0.001	0.940	0.058	0.001
0.001	0.827	0.002	0.170
0.795	0.054	0.001	0.150
0.001	0.997	0.001	0.001
>TAGCAACCGC	12-TAGCAACCGC	6.884570	-52.807545	0	T:409.0(11.00%),B:2983.3(6.58%),P:1e-22	Tpos:321.6,Tstd:279.4,Bpos:236.4,Bstd:143.3,StrandBias:-0.1,Multiplicity:1.10
0.039	0.052	0.088	0.821
0.749	0.068	0.103	0.080
0.090	0.037	0.803	0.070
0.067	0.813	0.045	0.075
0.874	0.046	0.069	0.011
0.794	0.065	0.064	0.077
0.060	0.855	0.059	0.026
0.053	0.802	0.054	0.091
0.063	0.068	0.736	0.133
0.083	0.758	0.073	0.086
>GAAAACACCC	13-GAAAACACCC	7.077325	-48.648849	0	T:550.0(14.79%),B:4452.9(9.82%),P:1e-21	Tpos:309.3,Tstd:262.4,Bpos:237.5,Bstd:145.0,StrandBias:-0.1,Multiplicity:1.09
0.107	0.057	0.789	0.047
0.773	0.085	0.098	0.044
0.832	0.082	0.037	0.049
0.819	0.068	0.040	0.073
0.836	0.058	0.064	0.042
0.083	0.770	0.063	0.084
0.840	0.049	0.048	0.063
0.097	0.754	0.090	0.059
0.070	0.804	0.071	0.055
0.070	0.788	0.040	0.102
>RGGAAATGCG	14-RGGAAATGCG	8.306124	-48.633946	0	T:325.0(8.74%),B:2260.3(4.99%),P:1e-21	Tpos:300.5,Tstd:258.2,Bpos:234.4,Bstd:137.3,StrandBias:-0.0,Multiplicity:1.03
0.365	0.001	0.442	0.191
0.001	0.001	0.650	0.348
0.166	0.001	0.832	0.001
0.997	0.001	0.001	0.001
0.997	0.001	0.001	0.001
0.893	0.105	0.001	0.001
0.001	0.205	0.001	0.793
0.001	0.001	0.600	0.398
0.210	0.690	0.001	0.099
0.120	0.001	0.621	0.258
>ACCACATCAA	15-ACCACATCAA	11.180332	-44.526756	0	T:45.0(1.21%),B:95.1(0.21%),P:1e-19	Tpos:238.6,Tstd:126.0,Bpos:250.8,Bstd:142.9,StrandBias:0.0,Multiplicity:1.00
0.796	0.001	0.202	0.001
0.001	0.997	0.001	0.001
0.001	0.997	0.001	0.001
0.997	0.001	0.001	0.001
0.001	0.997	0.001	0.001
0.997	0.001	0.001	0.001
0.001	0.001	0.001	0.997
0.001	0.910	0.001	0.088
0.997	0.001	0.001	0.001
0.997	0.001	0.001	0.001
>VGCTTTAAAG	16-VGCTTTAAAG	8.484845	-42.312634	0	T:220.0(5.92%),B:1400.8(3.09%),P:1e-18	Tpos:298.2,Tstd:232.5,Bpos:230.7,Bstd:141.4,StrandBias:0.0,Multiplicity:1.04
0.255	0.226	0.339	0.180
0.001	0.157	0.642	0.200
0.001	0.769	0.122	0.108
0.031	0.013	0.001	0.955
0.018	0.018	0.039	0.925
0.142	0.048	0.001	0.809
0.904	0.002	0.093	0.001
0.896	0.001	0.092	0.011
0.997	0.001	0.001	0.001
0.057	0.067	0.875	0.001
>CGCTGATTGG	17-CGCTGATTGG	7.160299	-41.202495	0	T:222.0(5.97%),B:1432.2(3.16%),P:1e-17	Tpos:336.7,Tstd:256.1,Bpos:234.8,Bstd:146.8,StrandBias:-0.1,Multiplicity:1.10
0.053	0.886	0.052	0.009
0.049	0.052	0.800	0.099
0.056	0.774	0.098	0.072
0.051	0.069	0.136	0.744
0.050	0.049	0.817	0.084
0.821	0.053	0.068	0.058
0.057	0.069	0.095	0.779
0.055	0.075	0.015	0.855
0.090	0.082	0.778	0.050
0.041	0.083	0.754	0.122
>CCTTTTATCT	18-CCTTTTATCT	8.370081	-36.514925	0	T:172.0(4.63%),B:1055.1(2.33%),P:1e-15	Tpos:282.2,Tstd:278.9,Bpos:233.3,Bstd:140.0,StrandBias:-0.2,Multiplicity:1.05
0.014	0.868	0.117	0.001
0.055	0.895	0.049	0.001
0.001	0.040	0.001	0.958
0.001	0.074	0.001	0.924
0.001	0.001	0.001	0.997
0.060	0.092	0.001	0.847
0.901	0.057	0.041	0.001
0.082	0.001	0.001	0.916
0.019	0.979	0.001	0.001
0.021	0.080	0.172	0.727
>AGCGCGCTGT	19-AGCGCGCTGT	8.147322	-35.639712	0	T:193.0(5.19%),B:1249.9(2.76%),P:1e-15	Tpos:312.4,Tstd:261.0,Bpos:226.4,Bstd:152.4,StrandBias:-0.1,Multiplicity:1.04
0.992	0.001	0.006	0.001
0.001	0.001	0.997	0.001
0.065	0.859	0.075	0.001
0.004	0.077	0.822	0.097
0.210	0.599	0.131	0.060
0.005	0.153	0.681	0.161
0.117	0.744	0.096	0.043
0.001	0.001	0.002	0.996
0.001	0.223	0.726	0.050
0.119	0.269	0.019	0.593
>CTCCACGTGA	20-CTCCACGTGA	9.044705	-28.310339	0	T:86.0(2.31%),B:435.8(0.96%),P:1e-12	Tpos:266.7,Tstd:195.2,Bpos:226.1,Bstd:137.8,StrandBias:-0.6,Multiplicity:1.02
0.027	0.938	0.024	0.011
0.148	0.001	0.001	0.850
0.001	0.982	0.004	0.013
0.015	0.983	0.001	0.001
0.897	0.001	0.059	0.043
0.001	0.997	0.001	0.001
0.029	0.001	0.969	0.001
0.017	0.001	0.237	0.745
0.001	0.011	0.987	0.001
0.644	0.065	0.270	0.021
>TAGTARCTAA	21-TAGTARCTAA	7.773170	-22.522087	0	T:63.0(1.69%),B:308.5(0.68%),P:1e-9	Tpos:282.6,Tstd:171.8,Bpos:241.9,Bstd:142.8,StrandBias:-0.0,Multiplicity:1.07
0.001	0.001	0.282	0.716
0.663	0.031	0.282	0.024
0.001	0.292	0.520	0.187
0.016	0.291	0.001	0.692
0.627	0.311	0.058	0.004
0.420	0.266	0.313	0.001
0.001	0.668	0.330	0.001
0.180	0.179	0.105	0.536
0.709	0.004	0.261	0.026
0.626	0.143	0.164	0.067
>TACATAMCRC	22-TACATAMCRC	8.135076	-21.587473	0	T:119.0(3.20%),B:783.4(1.73%),P:1e-9	Tpos:294.2,Tstd:248.8,Bpos:241.6,Bstd:139.3,StrandBias:0.1,Multiplicity:1.05
0.001	0.001	0.001	0.997
0.997	0.001	0.001	0.001
0.263	0.602	0.134	0.001
0.595	0.061	0.343	0.001
0.001	0.316	0.001	0.682
0.654	0.235	0.110	0.001
0.512	0.469	0.018	0.001
0.072	0.660	0.168	0.100
0.467	0.001	0.417	0.115
0.032	0.966	0.001	0.001
>CCGACCCCCC	23-CCGACCCCCC	10.296193	-17.557257	0	T:14.0(0.38%),B:24.1(0.05%),P:1e-7	Tpos:319.0,Tstd:250.1,Bpos:295.0,Bstd:149.4,StrandBias:0.4,Multiplicity:1.00
0.100	0.700	0.100	0.100
0.100	0.700	0.100	0.100
0.100	0.100	0.700	0.100
0.700	0.100	0.100	0.100
0.100	0.700	0.100	0.100
0.100	0.700	0.100	0.100
0.100	0.700	0.100	0.100
0.100	0.700	0.100	0.100
0.100	0.700	0.100	0.100
0.100	0.700	0.100	0.100
>ATTTTCCGCT	24-ATTTTCCGCT	9.282798	-15.610134	0	T:76.0(2.04%),B:484.1(1.07%),P:1e-6	Tpos:255.2,Tstd:168.4,Bpos:242.4,Bstd:139.2,StrandBias:-0.3,Multiplicity:1.05
0.908	0.032	0.001	0.059
0.001	0.028	0.001	0.970
0.001	0.001	0.001	0.997
0.001	0.074	0.001	0.924
0.001	0.001	0.081	0.917
0.001	0.997	0.001	0.001
0.054	0.838	0.001	0.107
0.116	0.147	0.664	0.073
0.001	0.903	0.051	0.045
0.001	0.001	0.045	0.953
>GAATACGTGT	25-GAATACGTGT	10.296193	-12.281264	0	T:6.0(0.16%),B:5.1(0.01%),P:1e-5	Tpos:177.5,Tstd:175.2,Bpos:271.9,Bstd:129.0,StrandBias:2.3,Multiplicity:1.00
0.100	0.100	0.700	0.100
0.700	0.100	0.100	0.100
0.700	0.100	0.100	0.100
0.100	0.100	0.100	0.700
0.700	0.100	0.100	0.100
0.100	0.700	0.100	0.100
0.100	0.100	0.700	0.100
0.100	0.100	0.100	0.700
0.100	0.100	0.700	0.100
0.100	0.100	0.100	0.700
>ACAGGAARTGRV	1-ACAGGAARTGRV	8.367778	-217.739030	0	T:751.0(20.20%),B:4110.3(9.07%),P:1e-94	Tpos:287.0,Tstd:229.8,Bpos:238.1,Bstd:137.8,StrandBias:0.0,Multiplicity:1.16
0.717	0.042	0.240	0.001
0.130	0.679	0.160	0.031
0.943	0.033	0.014	0.010
0.001	0.001	0.992	0.006
0.004	0.001	0.994	0.001
0.997	0.001	0.001	0.001
0.768	0.001	0.108	0.123
0.470	0.027	0.502	0.001
0.033	0.215	0.046	0.706
0.256	0.142	0.478	0.123
0.370	0.134	0.283	0.212
0.217	0.241	0.362	0.179
>CCACTAGRKGGC	2-CCACTAGRKGGC	9.833531	-203.031506	0	T:283.0(7.61%),B:812.3(1.79%),P:1e-88	Tpos:252.6,Tstd:184.9,Bpos:244.7,Bstd:139.8,StrandBias:0.1,Multiplicity:1.04
0.133	0.809	0.057	0.001
0.001	0.997	0.001	0.001
0.747	0.001	0.111	0.141
0.001	0.742	0.256	0.001
0.231	0.262	0.001	0.506
0.719	0.001	0.111	0.169
0.001	0.001	0.997	0.001
0.478	0.001	0.520	0.001
0.001	0.001	0.551	0.447
0.001	0.001	0.997	0.001
0.023	0.001	0.835	0.141
0.175	0.676	0.001	0.148
>VTGASTCABHHN	3-VTGASTCABHHN	8.278288	-139.301243	0	T:452.0(12.16%),B:2349.5(5.18%),P:1e-60	Tpos:273.7,Tstd:230.7,Bpos:236.3,Bstd:135.7,StrandBias:0.1,Multiplicity:1.12
0.343	0.234	0.298	0.126
0.058	0.001	0.001	0.940
0.001	0.007	0.922	0.070
0.921	0.001	0.001	0.077
0.001	0.478	0.520	0.001
0.001	0.001	0.001	0.997
0.001	0.997	0.001	0.001
0.997	0.001	0.001	0.001
0.074	0.242	0.295	0.388
0.359	0.357	0.015	0.269
0.317	0.281	0.132	0.270
0.249	0.258	0.210	0.283
>GAAACCACAGAC	4-GAAACCACAGAC	7.822491	-137.023371	0	T:709.0(19.07%),B:4588.7(10.12%),P:1e-59	Tpos:305.2,Tstd:286.9,Bpos:234.8,Bstd:141.4,StrandBias:0.0,Multiplicity:1.15
0.207	0.221	0.446	0.126
0.574	0.193	0.014	0.219
0.791	0.054	0.134	0.021
0.877	0.011	0.111	0.001
0.031	0.851	0.069	0.049
0.106	0.787	0.001	0.106
0.931	0.016	0.001	0.052
0.006	0.979	0.014	0.001
0.965	0.008	0.001	0.026
0.269	0.106	0.509	0.116
0.542	0.220	0.065	0.173
0.263	0.475	0.202	0.059
>CTTTGATGTGGT	5-CTTTGATGTGGT	8.639251	-118.654968	0	T:328.0(8.82%),B:1553.8(3.43%),P:1e-51	Tpos:310.6,Tstd:256.1,Bpos:238.8,Bstd:137.7,StrandBias:-0.0,Multiplicity:1.08
0.140	0.553	0.113	0.194
0.042	0.109	0.001	0.848
0.045	0.302	0.106	0.547
0.057	0.001	0.062	0.880
0.059	0.119	0.719	0.103
0.616	0.029	0.094	0.261
0.034	0.001	0.006	0.959
0.001	0.017	0.981	0.001
0.021	0.001	0.032	0.946
0.001	0.001	0.991	0.007
0.206	0.106	0.615	0.073
0.024	0.254	0.174	0.548
>GGGGAAATCCCC	6-GGGGAAATCCCC	8.787573	-112.487151	0	T:270.0(7.26%),B:1173.0(2.59%),P:1e-48	Tpos:287.9,Tstd:261.8,Bpos:239.0,Bstd:144.2,StrandBias:-0.3,Multiplicity:1.06
0.136	0.001	0.786	0.077
0.089	0.013	0.871	0.027
0.001	0.012	0.986	0.001
0.208	0.043	0.748	0.001
0.930	0.001	0.056	0.013
0.991	0.007	0.001	0.001
0.748	0.064	0.128	0.060
0.099	0.230	0.082	0.589
0.130	0.707	0.115	0.048
0.077	0.815	0.037	0.071
0.043	0.907	0.013	0.037
0.175	0.571	0.053	0.201
>TVCTTTGAAGTY	7-TVCTTTGAAGTY	7.533818	-93.531164	0	T:777.0(20.90%),B:5871.8(12.95%),P:1e-40	Tpos:284.8,Tstd:227.6,Bpos:233.2,Bstd:140.2,StrandBias:-0.1,Multiplicity:1.16
0.094	0.172	0.275	0.459
0.249	0.245	0.354	0.152
0.008	0.754	0.025	0.213
0.001	0.028	0.001	0.970
0.013	0.001	0.124	0.862
0.001	0.001	0.001	0.997
0.001	0.196	0.725	0.078
0.693	0.234	0.001	0.072
0.585	0.001	0.024	0.390
0.018	0.307	0.473	0.202
0.225	0.153	0.027	0.595
0.125	0.286	0.190	0.399
>KGKGGGCGGGGC	8-KGKGGGCGGGGC	7.071040	-92.259693	0	T:1099.0(29.56%),B:9215.6(20.33%),P:1e-40	Tpos:310.4,Tstd:242.0,Bpos:232.9,Bstd:143.2,StrandBias:0.0,Multiplicity:1.65
0.189	0.171	0.248	0.391
0.200	0.122	0.677	0.001
0.086	0.001	0.521	0.392
0.055	0.001	0.943	0.001
0.001	0.001	0.997	0.001
0.001	0.001	0.997	0.001
0.148	0.645	0.001	0.206
0.018	0.001	0.980	0.001
0.001	0.001	0.962	0.036
0.085	0.001	0.913	0.001
0.093	0.012	0.864	0.031
0.161	0.648	0.001	0.190
>GTSAAAGTGAAA	9-GTSAAAGTGAAA	8.841321	-90.855310	0	T:332.0(8.93%),B:1818.4(4.01%),P:1e-39	Tpos:286.4,Tstd:232.4,Bpos:234.9,Bstd:138.4,StrandBias:0.2,Multiplicity:1.12
0.186	0.122	0.456	0.235
0.155	0.026	0.066	0.753
0.191	0.323	0.453	0.033
0.921	0.001	0.042	0.036
0.747	0.025	0.170	0.058
0.953	0.001	0.006	0.040
0.104	0.174	0.721	0.001
0.161	0.029	0.049	0.761
0.045	0.086	0.859	0.010
0.983	0.001	0.015	0.001
0.619	0.017	0.363	0.001
0.716	0.038	0.017	0.229
>TTATGCAAATNM	10-TTATGCAAATNM	9.020063	-56.847720	0	T:165.0(4.44%),B:802.6(1.77%),P:1e-24	Tpos:352.8,Tstd:313.0,Bpos:238.7,Bstd:141.1,StrandBias:0.7,Multiplicity:1.03
0.170	0.131	0.143	0.556
0.008	0.001	0.001	0.990
0.497	0.191	0.001	0.311
0.001	0.009	0.235	0.755
0.001	0.001	0.990	0.008
0.027	0.711	0.001	0.261
0.990	0.001	0.001	0.008
0.852	0.119	0.001	0.028
0.622	0.016	0.299	0.063
0.089	0.262	0.001	0.648
0.158	0.299	0.246	0.297
0.395	0.304	0.143	0.158
>ACTTCCTGTCTG	11-ACTTCCTGTCTG	3.556954	-49.643469	0	T:1136.0(30.55%),B:10710.6(23.63%),P:1e-21	Tpos:300.9,Tstd:266.8,Bpos:238.1,Bstd:139.1,StrandBias:-0.2,Multiplicity:1.20
0.780	0.001	0.218	0.001
0.001	0.869	0.129	0.001
0.283	0.125	0.001	0.591
0.001	0.001	0.150	0.848
0.234	0.764	0.001	0.001
0.001	0.997	0.001	0.001
0.001	0.001	0.261	0.737
0.001	0.001	0.997	0.001
0.001	0.124	0.134	0.741
0.001	0.509	0.207	0.283
0.001	0.001	0.001	0.997
0.001	0.001	0.997	0.001
>CCCAGGAAATGT	12-CCCAGGAAATGT	9.274458	-40.468285	0	T:159.0(4.28%),B:902.4(1.99%),P:1e-17	Tpos:287.4,Tstd:221.2,Bpos:227.3,Bstd:136.9,StrandBias:-0.2,Multiplicity:1.01
0.164	0.436	0.179	0.222
0.202	0.490	0.001	0.308
0.001	0.856	0.001	0.142
0.728	0.136	0.135	0.001
0.001	0.024	0.974	0.001
0.001	0.001	0.846	0.152
0.851	0.001	0.001	0.147
0.897	0.001	0.001	0.101
0.895	0.089	0.001	0.015
0.001	0.106	0.001	0.892
0.086	0.166	0.714	0.034
0.140	0.213	0.223	0.424
>CAGCCTTTAAAG	13-CAGCCTTTAAAG	8.060853	-39.525286	0	T:127.0(3.42%),B:655.5(1.45%),P:1e-17	Tpos:272.0,Tstd:192.8,Bpos:230.7,Bstd:146.3,StrandBias:0.3,Multiplicity:1.02
0.231	0.553	0.044	0.172
0.642	0.050	0.096	0.212
0.167	0.125	0.521	0.187
0.078	0.541	0.188	0.193
0.179	0.529	0.102	0.190
0.052	0.059	0.004	0.885
0.008	0.191	0.148	0.653
0.115	0.180	0.112	0.593
0.510	0.171	0.178	0.141
0.540	0.148	0.158	0.154
0.611	0.005	0.193	0.191
0.225	0.007	0.625	0.143
>CAGAAAYGAAAC	14-CAGAAAYGAAAC	10.714505	-33.886053	0	T:71.0(1.91%),B:287.5(0.63%),P:1e-14	Tpos:289.3,Tstd:203.3,Bpos:230.1,Bstd:134.2,StrandBias:-0.0,Multiplicity:1.00
0.055	0.943	0.001	0.001
0.887	0.001	0.001	0.111
0.070	0.042	0.887	0.001
0.997	0.001	0.001	0.001
0.997	0.001	0.001	0.001
0.733	0.102	0.164	0.001
0.001	0.516	0.001	0.482
0.077	0.239	0.528	0.156
0.943	0.001	0.055	0.001
0.715	0.028	0.256	0.001
0.931	0.001	0.001	0.067
0.001	0.656	0.081	0.262
>TTCATAACGAAA	15-TTCATAACGAAA	13.481276	-31.879827	0	T:16.0(0.43%),B:12.6(0.03%),P:1e-13	Tpos:273.1,Tstd:143.5,Bpos:206.3,Bstd:131.4,StrandBias:1.0,Multiplicity:1.00
0.001	0.001	0.128	0.870
0.001	0.001	0.001	0.997
0.001	0.997	0.001	0.001
0.997	0.001	0.001	0.001
0.128	0.001	0.001	0.870
0.997	0.001	0.001	0.001
0.870	0.128	0.001	0.001
0.225	0.517	0.129	0.129
0.001	0.128	0.870	0.001
0.997	0.001	0.001	0.001
0.997	0.001	0.001	0.001
0.997	0.001	0.001	0.001
>TGCCATGGCAAC	16-TGCCATGGCAAC	9.675270	-31.268139	0	T:95.0(2.56%),B:479.4(1.06%),P:1e-13	Tpos:260.3,Tstd:178.1,Bpos:250.1,Bstd:136.4,StrandBias:0.2,Multiplicity:1.02
0.034	0.052	0.037	0.877
0.046	0.051	0.819	0.084
0.090	0.755	0.065	0.090
0.015	0.905	0.001	0.079
0.761	0.107	0.030	0.102
0.106	0.015	0.075	0.804
0.086	0.001	0.883	0.030
0.101	0.038	0.809	0.052
0.050	0.772	0.076	0.102
0.831	0.023	0.101	0.045
0.869	0.064	0.061	0.006
0.001	0.921	0.037	0.041
>CAGAGCTCTGCG	17-CAGAGCTCTGCG	9.026803	-29.758320	0	T:205.0(5.51%),B:1443.7(3.18%),P:1e-12	Tpos:298.1,Tstd:249.8,Bpos:248.8,Bstd:140.5,StrandBias:0.1,Multiplicity:1.05
0.044	0.825	0.066	0.065
0.808	0.057	0.041	0.094
0.051	0.031	0.858	0.060
0.820	0.082	0.050	0.048
0.032	0.056	0.897	0.015
0.069	0.787	0.070	0.074
0.020	0.036	0.098	0.846
0.034	0.855	0.083	0.028
0.095	0.035	0.023	0.847
0.006	0.053	0.889	0.052
0.071	0.788	0.044	0.097
0.098	0.033	0.785	0.084
>TTTTTTACCCCC	18-TTTTTTACCCCC	9.128983	-25.170611	0	T:145.0(3.90%),B:965.8(2.13%),P:1e-10	Tpos:325.2,Tstd:251.0,Bpos:236.8,Bstd:141.5,StrandBias:0.0,Multiplicity:1.03
0.058	0.043	0.051	0.848
0.019	0.057	0.020	0.904
0.001	0.155	0.023	0.821
0.071	0.036	0.038	0.855
0.058	0.076	0.014	0.852
0.049	0.060	0.019	0.872
0.730	0.128	0.016	0.126
0.073	0.798	0.019	0.110
0.057	0.867	0.038	0.038
0.071	0.892	0.001	0.036
0.064	0.811	0.033	0.092
0.131	0.756	0.019	0.094
>CTGGCGGGGCBB	19-CTGGCGGGGCBB	6.537658	-22.092834	0	T:702.0(18.88%),B:6847.2(15.10%),P:1e-9	Tpos:348.7,Tstd:267.6,Bpos:236.2,Bstd:155.2,StrandBias:0.0,Multiplicity:1.59
0.061	0.560	0.001	0.378
0.275	0.148	0.148	0.430
0.083	0.026	0.881	0.010
0.001	0.001	0.868	0.130
0.001	0.990	0.001	0.008
0.001	0.001	0.997	0.001
0.016	0.149	0.808	0.027
0.242	0.078	0.570	0.110
0.165	0.103	0.597	0.135
0.130	0.569	0.001	0.300
0.139	0.291	0.329	0.241
0.020	0.335	0.322	0.323
>ACTTCAGAGGCA	20-ACTTCAGAGGCA	12.355432	-17.362508	0	T:5.0(0.13%),B:1.8(0.00%),P:1e-7	Tpos:214.6,Tstd:105.1,Bpos:352.6,Bstd:20.0,StrandBias:2.0,Multiplicity:1.00
0.700	0.100	0.100	0.100
0.100	0.700	0.100	0.100
0.100	0.100	0.100	0.700
0.100	0.100	0.100	0.700
0.100	0.700	0.100	0.100
0.700	0.100	0.100	0.100
0.100	0.100	0.700	0.100
0.700	0.100	0.100	0.100
0.100	0.100	0.700	0.100
0.100	0.100	0.700	0.100
0.100	0.700	0.100	0.100
0.700	0.100	0.100	0.100
>AGGTGTCACACA	21-AGGTGTCACACA	14.776131	-15.206677	0	T:6.0(0.16%),B:3.8(0.01%),P:1e-6	Tpos:338.4,Tstd:152.3,Bpos:236.9,Bstd:108.2,StrandBias:-1.6,Multiplicity:1.33
0.997	0.001	0.001	0.001
0.001	0.001	0.997	0.001
0.001	0.001	0.997	0.001
0.001	0.001	0.001	0.997
0.001	0.001	0.997	0.001
0.001	0.001	0.001	0.997
0.001	0.997	0.001	0.001
0.837	0.001	0.001	0.161
0.001	0.997	0.001	0.001
0.997	0.001	0.001	0.001
0.001	0.997	0.001	0.001
0.997	0.001	0.001	0.001
>TGGGCGGGGCCC	22-TGGGCGGGGCCC	9.826008	-14.425303	0	T:114.0(3.07%),B:850.7(1.88%),P:1e-6	Tpos:331.2,Tstd:296.1,Bpos:230.0,Bstd:139.1,StrandBias:-0.1,Multiplicity:1.02
0.079	0.036	0.102	0.783
0.026	0.001	0.972	0.001
0.126	0.040	0.726	0.108
0.040	0.086	0.847	0.027
0.213	0.628	0.100	0.059
0.091	0.027	0.770	0.112
0.063	0.046	0.836	0.055
0.125	0.047	0.782	0.046
0.001	0.043	0.922	0.034
0.038	0.854	0.092	0.016
0.033	0.941	0.001	0.025
0.011	0.957	0.031	0.001
>MGGTCCGGRAGA	23-MGGTCCGGRAGA	12.532570	-13.964828	0	T:5.0(0.13%),B:2.7(0.01%),P:1e-6	Tpos:136.5,Tstd:80.0,Bpos:155.1,Bstd:91.1,StrandBias:1.6,Multiplicity:1.60
0.493	0.358	0.106	0.043
0.098	0.046	0.813	0.043
0.132	0.045	0.819	0.004
0.110	0.002	0.043	0.845
0.001	0.954	0.044	0.001
0.043	0.871	0.043	0.043
0.087	0.087	0.728	0.098
0.130	0.130	0.651	0.089
0.453	0.045	0.500	0.002
0.651	0.002	0.260	0.087
0.045	0.043	0.739	0.173
0.866	0.043	0.087	0.004
>TGAGGTACTGTG	24-TGAGGTACTGTG	12.355432	-7.338027	0	T:3.0(0.08%),B:2.9(0.01%),P:1e-3	Tpos:122.0,Tstd:70.8,Bpos:285.2,Bstd:167.0,StrandBias:10.0,Multiplicity:3.00
0.100	0.100	0.100	0.700
0.100	0.100	0.700	0.100
0.700	0.100	0.100	0.100
0.100	0.100	0.700	0.100
0.100	0.100	0.700	0.100
0.100	0.100	0.100	0.700
0.700	0.100	0.100	0.100
0.100	0.700	0.100	0.100
0.100	0.100	0.100	0.700
0.100	0.100	0.700	0.100
0.100	0.100	0.100	0.700
0.100	0.100	0.700	0.100
>CCCTCCCCTGTG	25-CCCTCCCCTGTG	13.645970	-5.491596	0	T:6.0(0.16%),B:18.5(0.04%),P:1e-2	Tpos:159.5,Tstd:82.9,Bpos:220.2,Bstd:107.5,StrandBias:-2.5,Multiplicity:2.17
0.001	0.997	0.001	0.001
0.001	0.946	0.001	0.052
0.001	0.997	0.001	0.001
0.001	0.001	0.001	0.997
0.001	0.997	0.001	0.001
0.001	0.997	0.001	0.001
0.001	0.997	0.001	0.001
0.001	0.997	0.001	0.001
0.001	0.001	0.001	0.997
0.001	0.001	0.997	0.001
0.001	0.001	0.001	0.997
0.001	0.001	0.997	0.001
>TGTGGTTW	1-TGTGGTTW	7.105319	-168.291755	0	T:563.0(15.14%),B:2994.0(6.60%),P:1e-73	Tpos:306.8,Tstd:286.3,Bpos:235.7,Bstd:146.4,StrandBias:0.0,Multiplicity:1.14
0.108	0.144	0.060	0.688
0.001	0.022	0.907	0.070
0.095	0.190	0.072	0.643
0.051	0.081	0.858	0.010
0.083	0.035	0.849	0.033
0.045	0.016	0.098	0.841
0.094	0.079	0.110	0.717
0.366	0.001	0.129	0.504
>ACAGGAAG	2-ACAGGAAG	7.299372	-155.657597	0	T:1077.0(28.97%),B:7863.6(17.35%),P:1e-67	Tpos:301.7,Tstd:252.4,Bpos:236.7,Bstd:138.3,StrandBias:-0.0,Multiplicity:1.23
0.865	0.001	0.133	0.001
0.001	0.997	0.001	0.001
0.960	0.038	0.001	0.001
0.001	0.001	0.997	0.001
0.001	0.001	0.997	0.001
0.997	0.001	0.001	0.001
0.898	0.001	0.001	0.100
0.224	0.001	0.774	0.001
>ATGAGTCA	3-ATGAGTCA	7.010087	-147.086835	0	T:598.0(16.08%),B:3488.9(7.70%),P:1e-63	Tpos:269.1,Tstd:219.1,Bpos:235.5,Bstd:137.3,StrandBias:-0.1,Multiplicity:1.16
0.733	0.113	0.153	0.001
0.001	0.001	0.001	0.997
0.001	0.001	0.997	0.001
0.997	0.001	0.001	0.001
0.001	0.289	0.709	0.001
0.001	0.001	0.001	0.997
0.081	0.917	0.001	0.001
0.997	0.001	0.001	0.001
>TGTGGTTA	4-TGTGGTTA	7.092614	-124.821095	0	T:1020.0(27.43%),B:7779.0(17.16%),P:1e-54	Tpos:292.0,Tstd:253.0,Bpos:235.4,Bstd:139.4,StrandBias:-0.1,Multiplicity:1.17
0.201	0.179	0.001	0.619
0.001	0.001	0.997	0.001
0.001	0.001	0.001	0.997
0.001	0.001	0.997	0.001
0.201	0.001	0.797	0.001
0.001	0.330	0.106	0.563
0.291	0.195	0.001	0.513
0.550	0.001	0.107	0.342
>ACATCAAA	5-ACATCAAA	7.830744	-86.882912	0	T:396.0(10.65%),B:2397.2(5.29%),P:1e-37	Tpos:276.0,Tstd:223.0,Bpos:234.1,Bstd:141.9,StrandBias:0.2,Multiplicity:1.08
0.943	0.001	0.041	0.015
0.001	0.821	0.177	0.001
0.681	0.054	0.010	0.255
0.032	0.001	0.001	0.966
0.001	0.997	0.001	0.001
0.981	0.001	0.004	0.014
0.907	0.038	0.054	0.001
0.878	0.001	0.085	0.036
>AGGGGGCG	6-AGGGGGCG	7.790230	-70.857848	0	T:630.0(16.94%),B:4815.6(10.62%),P:1e-30	Tpos:312.6,Tstd:249.1,Bpos:231.2,Bstd:152.0,StrandBias:0.1,Multiplicity:1.23
0.845	0.001	0.001	0.153
0.001	0.001	0.828	0.170
0.212	0.001	0.678	0.109
0.001	0.001	0.678	0.320
0.154	0.001	0.784	0.061
0.001	0.001	0.997	0.001
0.001	0.997	0.001	0.001
0.001	0.001	0.997	0.001
>CCACCCAC	7-CCACCCAC	3.780379	-68.984183	0	T:1383.0(37.20%),B:12911.1(28.48%),P:1e-29	Tpos:321.5,Tstd:282.4,Bpos:234.8,Bstd:141.2,StrandBias:0.0,Multiplicity:1.59
0.001	0.997	0.001	0.001
0.001	0.997	0.001	0.001
0.709	0.001	0.001	0.289
0.001	0.997	0.001	0.001
0.001	0.997	0.001	0.001
0.001	0.997	0.001	0.001
0.681	0.290	0.001	0.028
0.001	0.997	0.001	0.001
>ACTTCCTC	8-ACTTCCTC	8.747344	-64.548239	0	T:493.0(13.26%),B:3590.9(7.92%),P:1e-28	Tpos:301.0,Tstd:240.2,Bpos:232.6,Bstd:138.1,StrandBias:-0.0,Multiplicity:1.08
0.997	0.001	0.001	0.001
0.001	0.830	0.001	0.168
0.159	0.001	0.001	0.839
0.001	0.001	0.001	0.997
0.001	0.997	0.001	0.001
0.001	0.997	0.001	0.001
0.001	0.140	0.001	0.858
0.001	0.997	0.001	0.001
>AGGCGGRG	9-AGGCGGRG	7.884546	-64.125216	0	T:766.0(20.60%),B:6328.3(13.96%),P:1e-27	Tpos:325.7,Tstd:239.1,Bpos:233.5,Bstd:152.6,StrandBias:0.1,Multiplicity:1.73
0.683	0.001	0.315	0.001
0.001	0.001	0.997	0.001
0.001	0.001	0.997	0.001
0.001	0.970	0.001	0.028
0.001	0.001	0.997	0.001
0.001	0.001	0.714	0.284
0.531	0.001	0.467	0.001
0.114	0.001	0.532	0.353
>GCTTTGAT	10-GCTTTGAT	7.325376	-60.761304	0	T:712.0(19.15%),B:5844.4(12.89%),P:1e-26	Tpos:284.5,Tstd:247.3,Bpos:234.2,Bstd:139.6,StrandBias:0.1,Multiplicity:1.15
0.024	0.056	0.762	0.158
0.001	0.964	0.001	0.034
0.001	0.001	0.001	0.997
0.022	0.073	0.064	0.841
0.060	0.001	0.001	0.938
0.001	0.001	0.997	0.001
0.787	0.211	0.001	0.001
0.126	0.074	0.001	0.799
>TTTCGGTT	11-TTTCGGTT	3.624873	-59.650819	0	T:1338.0(35.99%),B:12675.6(27.96%),P:1e-25	Tpos:304.6,Tstd:259.0,Bpos:235.4,Bstd:144.0,StrandBias:-0.1,Multiplicity:1.38
0.001	0.001	0.001	0.997
0.001	0.001	0.001	0.997
0.001	0.001	0.001	0.997
0.001	0.997	0.001	0.001
0.078	0.060	0.861	0.001
0.001	0.242	0.675	0.082
0.001	0.221	0.001	0.777
0.001	0.001	0.001	0.997
>CTGCGGTT	12-CTGCGGTT	6.511250	-57.846813	0	T:757.0(20.36%),B:6376.7(14.07%),P:1e-25	Tpos:299.5,Tstd:243.7,Bpos:235.5,Bstd:148.8,StrandBias:-0.1,Multiplicity:1.17
0.031	0.967	0.001	0.001
0.038	0.057	0.001	0.904
0.001	0.037	0.905	0.057
0.196	0.701	0.102	0.001
0.097	0.001	0.901	0.001
0.019	0.001	0.951	0.029
0.085	0.070	0.025	0.820
0.058	0.077	0.001	0.864
>ATTTGCAT	13-ATTTGCAT	8.236954	-50.331863	0	T:145.0(3.90%),B:703.0(1.55%),P:1e-21	Tpos:301.5,Tstd:237.0,Bpos:232.1,Bstd:137.3,StrandBias:-0.2,Multiplicity:1.07
0.700	0.100	0.100	0.100
0.100	0.100	0.100	0.700
0.100	0.100	0.100	0.700
0.100	0.100	0.100	0.700
0.100	0.100	0.700	0.100
0.100	0.700	0.100	0.100
0.700	0.100	0.100	0.100
0.100	0.100	0.100	0.700
>GAAAGTGA	14-GAAAGTGA	8.236954	-36.685392	0	T:160.0(4.30%),B:951.9(2.10%),P:1e-15	Tpos:313.8,Tstd:255.6,Bpos:229.6,Bstd:145.8,StrandBias:0.0,Multiplicity:1.04
0.100	0.100	0.700	0.100
0.700	0.100	0.100	0.100
0.700	0.100	0.100	0.100
0.700	0.100	0.100	0.100
0.100	0.100	0.700	0.100
0.100	0.100	0.100	0.700
0.100	0.100	0.700	0.100
0.700	0.100	0.100	0.100
>TTGTSGGY	15-TTGTSGGY	3.557990	-31.187005	0	T:398.0(10.70%),B:3303.9(7.29%),P:1e-13	Tpos:307.0,Tstd:263.4,Bpos:231.0,Bstd:147.7,StrandBias:0.0,Multiplicity:1.05
0.001	0.001	0.001	0.997
0.001	0.001	0.001	0.997
0.001	0.001	0.997	0.001
0.001	0.041	0.001	0.957
0.001	0.432	0.566	0.001
0.001	0.001	0.997	0.001
0.001	0.001	0.997	0.001
0.001	0.430	0.001	0.568
