>TGTGGTTW	1-TGTGGTTW	7.105319	-168.291755	0	T:563.0(15.14%),B:2994.0(6.60%),P:1e-73	Tpos:306.8,Tstd:286.3,Bpos:235.7,Bstd:146.4,StrandBias:0.0,Multiplicity:1.14
0.108	0.144	0.060	0.688
0.001	0.022	0.907	0.070
0.095	0.190	0.072	0.643
0.051	0.081	0.858	0.010
0.083	0.035	0.849	0.033
0.045	0.016	0.098	0.841
0.094	0.079	0.110	0.717
0.366	0.001	0.129	0.504
>ACAGGAAG	2-ACAGGAAG	7.299372	-155.657597	0	T:1077.0(28.97%),B:7863.6(17.35%),P:1e-67	Tpos:301.7,Tstd:252.4,Bpos:236.7,Bstd:138.3,StrandBias:-0.0,Multiplicity:1.23
0.865	0.001	0.133	0.001
0.001	0.997	0.001	0.001
0.960	0.038	0.001	0.001
0.001	0.001	0.997	0.001
0.001	0.001	0.997	0.001
0.997	0.001	0.001	0.001
0.898	0.001	0.001	0.100
0.224	0.001	0.774	0.001
>ATGAGTCA	3-ATGAGTCA	7.010087	-147.086835	0	T:598.0(16.08%),B:3488.9(7.70%),P:1e-63	Tpos:269.1,Tstd:219.1,Bpos:235.5,Bstd:137.3,StrandBias:-0.1,Multiplicity:1.16
0.733	0.113	0.153	0.001
0.001	0.001	0.001	0.997
0.001	0.001	0.997	0.001
0.997	0.001	0.001	0.001
0.001	0.289	0.709	0.001
0.001	0.001	0.001	0.997
0.081	0.917	0.001	0.001
0.997	0.001	0.001	0.001
>TGTGGTTA	4-TGTGGTTA	7.092614	-124.821095	0	T:1020.0(27.43%),B:7779.0(17.16%),P:1e-54	Tpos:292.0,Tstd:253.0,Bpos:235.4,Bstd:139.4,StrandBias:-0.1,Multiplicity:1.17
0.201	0.179	0.001	0.619
0.001	0.001	0.997	0.001
0.001	0.001	0.001	0.997
0.001	0.001	0.997	0.001
0.201	0.001	0.797	0.001
0.001	0.330	0.106	0.563
0.291	0.195	0.001	0.513
0.550	0.001	0.107	0.342
>ACATCAAA	5-ACATCAAA	7.830744	-86.882912	0	T:396.0(10.65%),B:2397.2(5.29%),P:1e-37	Tpos:276.0,Tstd:223.0,Bpos:234.1,Bstd:141.9,StrandBias:0.2,Multiplicity:1.08
0.943	0.001	0.041	0.015
0.001	0.821	0.177	0.001
0.681	0.054	0.010	0.255
0.032	0.001	0.001	0.966
0.001	0.997	0.001	0.001
0.981	0.001	0.004	0.014
0.907	0.038	0.054	0.001
0.878	0.001	0.085	0.036
>AGGGGGCG	6-AGGGGGCG	7.790230	-70.857848	0	T:630.0(16.94%),B:4815.6(10.62%),P:1e-30	Tpos:312.6,Tstd:249.1,Bpos:231.2,Bstd:152.0,StrandBias:0.1,Multiplicity:1.23
0.845	0.001	0.001	0.153
0.001	0.001	0.828	0.170
0.212	0.001	0.678	0.109
0.001	0.001	0.678	0.320
0.154	0.001	0.784	0.061
0.001	0.001	0.997	0.001
0.001	0.997	0.001	0.001
0.001	0.001	0.997	0.001
>CCACCCAC	7-CCACCCAC	3.780379	-68.984183	0	T:1383.0(37.20%),B:12911.1(28.48%),P:1e-29	Tpos:321.5,Tstd:282.4,Bpos:234.8,Bstd:141.2,StrandBias:0.0,Multiplicity:1.59
0.001	0.997	0.001	0.001
0.001	0.997	0.001	0.001
0.709	0.001	0.001	0.289
0.001	0.997	0.001	0.001
0.001	0.997	0.001	0.001
0.001	0.997	0.001	0.001
0.681	0.290	0.001	0.028
0.001	0.997	0.001	0.001
>ACTTCCTC	8-ACTTCCTC	8.747344	-64.548239	0	T:493.0(13.26%),B:3590.9(7.92%),P:1e-28	Tpos:301.0,Tstd:240.2,Bpos:232.6,Bstd:138.1,StrandBias:-0.0,Multiplicity:1.08
0.997	0.001	0.001	0.001
0.001	0.830	0.001	0.168
0.159	0.001	0.001	0.839
0.001	0.001	0.001	0.997
0.001	0.997	0.001	0.001
0.001	0.997	0.001	0.001
0.001	0.140	0.001	0.858
0.001	0.997	0.001	0.001
>AGGCGGRG	9-AGGCGGRG	7.884546	-64.125216	0	T:766.0(20.60%),B:6328.3(13.96%),P:1e-27	Tpos:325.7,Tstd:239.1,Bpos:233.5,Bstd:152.6,StrandBias:0.1,Multiplicity:1.73
0.683	0.001	0.315	0.001
0.001	0.001	0.997	0.001
0.001	0.001	0.997	0.001
0.001	0.970	0.001	0.028
0.001	0.001	0.997	0.001
0.001	0.001	0.714	0.284
0.531	0.001	0.467	0.001
0.114	0.001	0.532	0.353
>GCTTTGAT	10-GCTTTGAT	7.325376	-60.761304	0	T:712.0(19.15%),B:5844.4(12.89%),P:1e-26	Tpos:284.5,Tstd:247.3,Bpos:234.2,Bstd:139.6,StrandBias:0.1,Multiplicity:1.15
0.024	0.056	0.762	0.158
0.001	0.964	0.001	0.034
0.001	0.001	0.001	0.997
0.022	0.073	0.064	0.841
0.060	0.001	0.001	0.938
0.001	0.001	0.997	0.001
0.787	0.211	0.001	0.001
0.126	0.074	0.001	0.799
>TTTCGGTT	11-TTTCGGTT	3.624873	-59.650819	0	T:1338.0(35.99%),B:12675.6(27.96%),P:1e-25	Tpos:304.6,Tstd:259.0,Bpos:235.4,Bstd:144.0,StrandBias:-0.1,Multiplicity:1.38
0.001	0.001	0.001	0.997
0.001	0.001	0.001	0.997
0.001	0.001	0.001	0.997
0.001	0.997	0.001	0.001
0.078	0.060	0.861	0.001
0.001	0.242	0.675	0.082
0.001	0.221	0.001	0.777
0.001	0.001	0.001	0.997
>CTGCGGTT	12-CTGCGGTT	6.511250	-57.846813	0	T:757.0(20.36%),B:6376.7(14.07%),P:1e-25	Tpos:299.5,Tstd:243.7,Bpos:235.5,Bstd:148.8,StrandBias:-0.1,Multiplicity:1.17
0.031	0.967	0.001	0.001
0.038	0.057	0.001	0.904
0.001	0.037	0.905	0.057
0.196	0.701	0.102	0.001
0.097	0.001	0.901	0.001
0.019	0.001	0.951	0.029
0.085	0.070	0.025	0.820
0.058	0.077	0.001	0.864
>ATTTGCAT	13-ATTTGCAT	8.236954	-50.331863	0	T:145.0(3.90%),B:703.0(1.55%),P:1e-21	Tpos:301.5,Tstd:237.0,Bpos:232.1,Bstd:137.3,StrandBias:-0.2,Multiplicity:1.07
0.700	0.100	0.100	0.100
0.100	0.100	0.100	0.700
0.100	0.100	0.100	0.700
0.100	0.100	0.100	0.700
0.100	0.100	0.700	0.100
0.100	0.700	0.100	0.100
0.700	0.100	0.100	0.100
0.100	0.100	0.100	0.700
>GAAAGTGA	14-GAAAGTGA	8.236954	-36.685392	0	T:160.0(4.30%),B:951.9(2.10%),P:1e-15	Tpos:313.8,Tstd:255.6,Bpos:229.6,Bstd:145.8,StrandBias:0.0,Multiplicity:1.04
0.100	0.100	0.700	0.100
0.700	0.100	0.100	0.100
0.700	0.100	0.100	0.100
0.700	0.100	0.100	0.100
0.100	0.100	0.700	0.100
0.100	0.100	0.100	0.700
0.100	0.100	0.700	0.100
0.700	0.100	0.100	0.100
>TTGTSGGY	15-TTGTSGGY	3.557990	-31.187005	0	T:398.0(10.70%),B:3303.9(7.29%),P:1e-13	Tpos:307.0,Tstd:263.4,Bpos:231.0,Bstd:147.7,StrandBias:0.0,Multiplicity:1.05
0.001	0.001	0.001	0.997
0.001	0.001	0.001	0.997
0.001	0.001	0.997	0.001
0.001	0.041	0.001	0.957
0.001	0.432	0.566	0.001
0.001	0.001	0.997	0.001
0.001	0.001	0.997	0.001
0.001	0.430	0.001	0.568
