>MACAGGAAGT	1-MACAGGAAGT	8.191889	-203.297424	0	T:785.0(21.11%),B:4537.2(10.01%),P:1e-88	Tpos:288.3,Tstd:236.0,Bpos:237.9,Bstd:137.3,StrandBias:-0.0,Multiplicity:1.17
0.351	0.272	0.188	0.189
0.749	0.001	0.249	0.001
0.001	0.777	0.221	0.001
0.886	0.112	0.001	0.001
0.001	0.001	0.997	0.001
0.001	0.001	0.997	0.001
0.973	0.001	0.001	0.025
0.750	0.001	0.001	0.248
0.183	0.051	0.765	0.001
0.039	0.185	0.001	0.775
>NGAAACCACA	2-NGAAACCACA	7.349823	-167.933110	0	T:737.0(19.82%),B:4482.1(9.89%),P:1e-72	Tpos:315.6,Tstd:293.1,Bpos:236.4,Bstd:142.2,StrandBias:0.0,Multiplicity:1.19
0.222	0.232	0.332	0.214
0.128	0.149	0.492	0.232
0.503	0.098	0.046	0.353
0.912	0.001	0.029	0.058
0.910	0.018	0.059	0.013
0.004	0.876	0.001	0.119
0.001	0.971	0.004	0.024
0.896	0.063	0.016	0.025
0.071	0.878	0.050	0.001
0.690	0.125	0.003	0.182
>NNTKASTCAN	3-NNTKASTCAN	5.672647	-163.965933	0	T:604.0(16.25%),B:3372.3(7.44%),P:1e-71	Tpos:271.7,Tstd:227.7,Bpos:236.0,Bstd:137.0,StrandBias:-0.0,Multiplicity:1.14
0.262	0.160	0.291	0.287
0.312	0.228	0.264	0.196
0.026	0.027	0.139	0.808
0.059	0.091	0.497	0.353
0.756	0.028	0.144	0.072
0.150	0.429	0.353	0.068
0.198	0.024	0.240	0.538
0.227	0.596	0.160	0.017
0.559	0.124	0.142	0.175
0.204	0.252	0.264	0.280
>ACATCAAAGR	4-ACATCAAAGR	7.545305	-138.744528	0	T:784.0(21.09%),B:5261.3(11.61%),P:1e-60	Tpos:275.8,Tstd:213.8,Bpos:234.5,Bstd:142.2,StrandBias:0.1,Multiplicity:1.14
0.757	0.089	0.112	0.042
0.001	0.797	0.179	0.023
0.663	0.129	0.001	0.207
0.240	0.001	0.018	0.741
0.001	0.942	0.056	0.001
0.997	0.001	0.001	0.001
0.788	0.065	0.146	0.001
0.927	0.001	0.071	0.001
0.170	0.168	0.623	0.039
0.306	0.213	0.374	0.107
>CCACCAGRKG	5-CCACCAGRKG	7.864707	-125.390980	0	T:276.0(7.42%),B:1133.4(2.50%),P:1e-54	Tpos:258.3,Tstd:205.4,Bpos:232.8,Bstd:136.3,StrandBias:-0.2,Multiplicity:1.03
0.124	0.687	0.072	0.117
0.090	0.707	0.112	0.091
0.609	0.147	0.122	0.122
0.001	0.715	0.283	0.001
0.183	0.424	0.131	0.262
0.663	0.069	0.022	0.246
0.170	0.001	0.778	0.051
0.366	0.136	0.498	0.001
0.037	0.002	0.481	0.480
0.096	0.065	0.708	0.131
>GCCCCGCCCM	6-GCCCCGCCCM	7.917482	-92.510698	0	T:913.0(24.56%),B:7264.6(16.03%),P:1e-40	Tpos:310.4,Tstd:233.8,Bpos:234.3,Bstd:146.1,StrandBias:-0.1,Multiplicity:1.77
0.370	0.001	0.535	0.094
0.126	0.627	0.025	0.222
0.001	0.695	0.001	0.303
0.176	0.714	0.001	0.109
0.001	0.997	0.001	0.001
0.149	0.001	0.677	0.173
0.001	0.997	0.001	0.001
0.001	0.997	0.001	0.001
0.001	0.681	0.001	0.317
0.326	0.413	0.058	0.203
>GGGAAAWYCC	7-GGGAAAWYCC	8.647405	-76.227700	0	T:251.0(6.75%),B:1303.8(2.88%),P:1e-33	Tpos:301.5,Tstd:278.1,Bpos:239.7,Bstd:139.5,StrandBias:-0.2,Multiplicity:1.10
0.001	0.132	0.716	0.151
0.001	0.001	0.997	0.001
0.001	0.154	0.844	0.001
0.604	0.001	0.394	0.001
0.739	0.001	0.259	0.001
0.655	0.001	0.130	0.214
0.353	0.053	0.162	0.431
0.165	0.412	0.073	0.350
0.001	0.962	0.001	0.036
0.001	0.997	0.001	0.001
>GAAAGTGAAA	8-GAAAGTGAAA	9.010592	-73.743737	0	T:465.0(12.51%),B:3184.1(7.02%),P:1e-32	Tpos:305.9,Tstd:239.0,Bpos:234.5,Bstd:143.7,StrandBias:0.1,Multiplicity:1.16
0.180	0.083	0.736	0.001
0.882	0.001	0.116	0.001
0.883	0.001	0.028	0.088
0.968	0.001	0.023	0.008
0.279	0.204	0.516	0.001
0.134	0.218	0.180	0.468
0.251	0.001	0.747	0.001
0.968	0.001	0.014	0.017
0.870	0.033	0.087	0.010
0.985	0.001	0.002	0.012
>GGTTTCGGTT	9-GGTTTCGGTT	6.798888	-59.944244	0	T:529.0(14.23%),B:4019.3(8.87%),P:1e-26	Tpos:290.9,Tstd:261.4,Bpos:235.8,Bstd:145.3,StrandBias:0.1,Multiplicity:1.12
0.069	0.050	0.832	0.049
0.069	0.065	0.819	0.047
0.037	0.039	0.061	0.863
0.048	0.060	0.040	0.852
0.113	0.024	0.040	0.823
0.055	0.831	0.039	0.075
0.062	0.084	0.735	0.119
0.097	0.091	0.696	0.116
0.053	0.071	0.062	0.814
0.091	0.065	0.104	0.740
>BATTTGCRTR	10-BATTTGCRTR	8.177332	-59.266366	0	T:223.0(6.00%),B:1237.0(2.73%),P:1e-25	Tpos:281.8,Tstd:230.9,Bpos:231.0,Bstd:139.0,StrandBias:-0.4,Multiplicity:1.05
0.144	0.292	0.323	0.242
0.546	0.001	0.380	0.073
0.064	0.001	0.001	0.934
0.031	0.184	0.023	0.762
0.074	0.025	0.001	0.900
0.290	0.001	0.670	0.039
0.053	0.945	0.001	0.001
0.490	0.014	0.492	0.003
0.001	0.001	0.085	0.913
0.484	0.001	0.350	0.165
>ATCCACCCAC	11-ATCCACCCAC	7.767740	-58.020172	0	T:455.0(12.24%),B:3335.6(7.36%),P:1e-25	Tpos:299.1,Tstd:245.6,Bpos:240.5,Bstd:138.5,StrandBias:0.2,Multiplicity:1.08
0.620	0.111	0.001	0.268
0.024	0.045	0.091	0.840
0.100	0.898	0.001	0.001
0.292	0.706	0.001	0.001
0.748	0.042	0.209	0.001
0.083	0.859	0.057	0.001
0.001	0.940	0.058	0.001
0.001	0.827	0.002	0.170
0.795	0.054	0.001	0.150
0.001	0.997	0.001	0.001
>TAGCAACCGC	12-TAGCAACCGC	6.884570	-52.807545	0	T:409.0(11.00%),B:2983.3(6.58%),P:1e-22	Tpos:321.6,Tstd:279.4,Bpos:236.4,Bstd:143.3,StrandBias:-0.1,Multiplicity:1.10
0.039	0.052	0.088	0.821
0.749	0.068	0.103	0.080
0.090	0.037	0.803	0.070
0.067	0.813	0.045	0.075
0.874	0.046	0.069	0.011
0.794	0.065	0.064	0.077
0.060	0.855	0.059	0.026
0.053	0.802	0.054	0.091
0.063	0.068	0.736	0.133
0.083	0.758	0.073	0.086
>GAAAACACCC	13-GAAAACACCC	7.077325	-48.648849	0	T:550.0(14.79%),B:4452.9(9.82%),P:1e-21	Tpos:309.3,Tstd:262.4,Bpos:237.5,Bstd:145.0,StrandBias:-0.1,Multiplicity:1.09
0.107	0.057	0.789	0.047
0.773	0.085	0.098	0.044
0.832	0.082	0.037	0.049
0.819	0.068	0.040	0.073
0.836	0.058	0.064	0.042
0.083	0.770	0.063	0.084
0.840	0.049	0.048	0.063
0.097	0.754	0.090	0.059
0.070	0.804	0.071	0.055
0.070	0.788	0.040	0.102
>RGGAAATGCG	14-RGGAAATGCG	8.306124	-48.633946	0	T:325.0(8.74%),B:2260.3(4.99%),P:1e-21	Tpos:300.5,Tstd:258.2,Bpos:234.4,Bstd:137.3,StrandBias:-0.0,Multiplicity:1.03
0.365	0.001	0.442	0.191
0.001	0.001	0.650	0.348
0.166	0.001	0.832	0.001
0.997	0.001	0.001	0.001
0.997	0.001	0.001	0.001
0.893	0.105	0.001	0.001
0.001	0.205	0.001	0.793
0.001	0.001	0.600	0.398
0.210	0.690	0.001	0.099
0.120	0.001	0.621	0.258
>ACCACATCAA	15-ACCACATCAA	11.180332	-44.526756	0	T:45.0(1.21%),B:95.1(0.21%),P:1e-19	Tpos:238.6,Tstd:126.0,Bpos:250.8,Bstd:142.9,StrandBias:0.0,Multiplicity:1.00
0.796	0.001	0.202	0.001
0.001	0.997	0.001	0.001
0.001	0.997	0.001	0.001
0.997	0.001	0.001	0.001
0.001	0.997	0.001	0.001
0.997	0.001	0.001	0.001
0.001	0.001	0.001	0.997
0.001	0.910	0.001	0.088
0.997	0.001	0.001	0.001
0.997	0.001	0.001	0.001
>VGCTTTAAAG	16-VGCTTTAAAG	8.484845	-42.312634	0	T:220.0(5.92%),B:1400.8(3.09%),P:1e-18	Tpos:298.2,Tstd:232.5,Bpos:230.7,Bstd:141.4,StrandBias:0.0,Multiplicity:1.04
0.255	0.226	0.339	0.180
0.001	0.157	0.642	0.200
0.001	0.769	0.122	0.108
0.031	0.013	0.001	0.955
0.018	0.018	0.039	0.925
0.142	0.048	0.001	0.809
0.904	0.002	0.093	0.001
0.896	0.001	0.092	0.011
0.997	0.001	0.001	0.001
0.057	0.067	0.875	0.001
>CGCTGATTGG	17-CGCTGATTGG	7.160299	-41.202495	0	T:222.0(5.97%),B:1432.2(3.16%),P:1e-17	Tpos:336.7,Tstd:256.1,Bpos:234.8,Bstd:146.8,StrandBias:-0.1,Multiplicity:1.10
0.053	0.886	0.052	0.009
0.049	0.052	0.800	0.099
0.056	0.774	0.098	0.072
0.051	0.069	0.136	0.744
0.050	0.049	0.817	0.084
0.821	0.053	0.068	0.058
0.057	0.069	0.095	0.779
0.055	0.075	0.015	0.855
0.090	0.082	0.778	0.050
0.041	0.083	0.754	0.122
>CCTTTTATCT	18-CCTTTTATCT	8.370081	-36.514925	0	T:172.0(4.63%),B:1055.1(2.33%),P:1e-15	Tpos:282.2,Tstd:278.9,Bpos:233.3,Bstd:140.0,StrandBias:-0.2,Multiplicity:1.05
0.014	0.868	0.117	0.001
0.055	0.895	0.049	0.001
0.001	0.040	0.001	0.958
0.001	0.074	0.001	0.924
0.001	0.001	0.001	0.997
0.060	0.092	0.001	0.847
0.901	0.057	0.041	0.001
0.082	0.001	0.001	0.916
0.019	0.979	0.001	0.001
0.021	0.080	0.172	0.727
>AGCGCGCTGT	19-AGCGCGCTGT	8.147322	-35.639712	0	T:193.0(5.19%),B:1249.9(2.76%),P:1e-15	Tpos:312.4,Tstd:261.0,Bpos:226.4,Bstd:152.4,StrandBias:-0.1,Multiplicity:1.04
0.992	0.001	0.006	0.001
0.001	0.001	0.997	0.001
0.065	0.859	0.075	0.001
0.004	0.077	0.822	0.097
0.210	0.599	0.131	0.060
0.005	0.153	0.681	0.161
0.117	0.744	0.096	0.043
0.001	0.001	0.002	0.996
0.001	0.223	0.726	0.050
0.119	0.269	0.019	0.593
>CTCCACGTGA	20-CTCCACGTGA	9.044705	-28.310339	0	T:86.0(2.31%),B:435.8(0.96%),P:1e-12	Tpos:266.7,Tstd:195.2,Bpos:226.1,Bstd:137.8,StrandBias:-0.6,Multiplicity:1.02
0.027	0.938	0.024	0.011
0.148	0.001	0.001	0.850
0.001	0.982	0.004	0.013
0.015	0.983	0.001	0.001
0.897	0.001	0.059	0.043
0.001	0.997	0.001	0.001
0.029	0.001	0.969	0.001
0.017	0.001	0.237	0.745
0.001	0.011	0.987	0.001
0.644	0.065	0.270	0.021
>TAGTARCTAA	21-TAGTARCTAA	7.773170	-22.522087	0	T:63.0(1.69%),B:308.5(0.68%),P:1e-9	Tpos:282.6,Tstd:171.8,Bpos:241.9,Bstd:142.8,StrandBias:-0.0,Multiplicity:1.07
0.001	0.001	0.282	0.716
0.663	0.031	0.282	0.024
0.001	0.292	0.520	0.187
0.016	0.291	0.001	0.692
0.627	0.311	0.058	0.004
0.420	0.266	0.313	0.001
0.001	0.668	0.330	0.001
0.180	0.179	0.105	0.536
0.709	0.004	0.261	0.026
0.626	0.143	0.164	0.067
>TACATAMCRC	22-TACATAMCRC	8.135076	-21.587473	0	T:119.0(3.20%),B:783.4(1.73%),P:1e-9	Tpos:294.2,Tstd:248.8,Bpos:241.6,Bstd:139.3,StrandBias:0.1,Multiplicity:1.05
0.001	0.001	0.001	0.997
0.997	0.001	0.001	0.001
0.263	0.602	0.134	0.001
0.595	0.061	0.343	0.001
0.001	0.316	0.001	0.682
0.654	0.235	0.110	0.001
0.512	0.469	0.018	0.001
0.072	0.660	0.168	0.100
0.467	0.001	0.417	0.115
0.032	0.966	0.001	0.001
>CCGACCCCCC	23-CCGACCCCCC	10.296193	-17.557257	0	T:14.0(0.38%),B:24.1(0.05%),P:1e-7	Tpos:319.0,Tstd:250.1,Bpos:295.0,Bstd:149.4,StrandBias:0.4,Multiplicity:1.00
0.100	0.700	0.100	0.100
0.100	0.700	0.100	0.100
0.100	0.100	0.700	0.100
0.700	0.100	0.100	0.100
0.100	0.700	0.100	0.100
0.100	0.700	0.100	0.100
0.100	0.700	0.100	0.100
0.100	0.700	0.100	0.100
0.100	0.700	0.100	0.100
0.100	0.700	0.100	0.100
>ATTTTCCGCT	24-ATTTTCCGCT	9.282798	-15.610134	0	T:76.0(2.04%),B:484.1(1.07%),P:1e-6	Tpos:255.2,Tstd:168.4,Bpos:242.4,Bstd:139.2,StrandBias:-0.3,Multiplicity:1.05
0.908	0.032	0.001	0.059
0.001	0.028	0.001	0.970
0.001	0.001	0.001	0.997
0.001	0.074	0.001	0.924
0.001	0.001	0.081	0.917
0.001	0.997	0.001	0.001
0.054	0.838	0.001	0.107
0.116	0.147	0.664	0.073
0.001	0.903	0.051	0.045
0.001	0.001	0.045	0.953
>GAATACGTGT	25-GAATACGTGT	10.296193	-12.281264	0	T:6.0(0.16%),B:5.1(0.01%),P:1e-5	Tpos:177.5,Tstd:175.2,Bpos:271.9,Bstd:129.0,StrandBias:2.3,Multiplicity:1.00
0.100	0.100	0.700	0.100
0.700	0.100	0.100	0.100
0.700	0.100	0.100	0.100
0.100	0.100	0.100	0.700
0.700	0.100	0.100	0.100
0.100	0.700	0.100	0.100
0.100	0.100	0.700	0.100
0.100	0.100	0.100	0.700
0.100	0.100	0.700	0.100
0.100	0.100	0.100	0.700
