>ACAGGAARTGRV	1-ACAGGAARTGRV	8.367778	-217.739030	0	T:751.0(20.20%),B:4110.3(9.07%),P:1e-94	Tpos:287.0,Tstd:229.8,Bpos:238.1,Bstd:137.8,StrandBias:0.0,Multiplicity:1.16
0.717	0.042	0.240	0.001
0.130	0.679	0.160	0.031
0.943	0.033	0.014	0.010
0.001	0.001	0.992	0.006
0.004	0.001	0.994	0.001
0.997	0.001	0.001	0.001
0.768	0.001	0.108	0.123
0.470	0.027	0.502	0.001
0.033	0.215	0.046	0.706
0.256	0.142	0.478	0.123
0.370	0.134	0.283	0.212
0.217	0.241	0.362	0.179
>CCACTAGRKGGC	2-CCACTAGRKGGC	9.833531	-203.031506	0	T:283.0(7.61%),B:812.3(1.79%),P:1e-88	Tpos:252.6,Tstd:184.9,Bpos:244.7,Bstd:139.8,StrandBias:0.1,Multiplicity:1.04
0.133	0.809	0.057	0.001
0.001	0.997	0.001	0.001
0.747	0.001	0.111	0.141
0.001	0.742	0.256	0.001
0.231	0.262	0.001	0.506
0.719	0.001	0.111	0.169
0.001	0.001	0.997	0.001
0.478	0.001	0.520	0.001
0.001	0.001	0.551	0.447
0.001	0.001	0.997	0.001
0.023	0.001	0.835	0.141
0.175	0.676	0.001	0.148
>VTGASTCABHHN	3-VTGASTCABHHN	8.278288	-139.301243	0	T:452.0(12.16%),B:2349.5(5.18%),P:1e-60	Tpos:273.7,Tstd:230.7,Bpos:236.3,Bstd:135.7,StrandBias:0.1,Multiplicity:1.12
0.343	0.234	0.298	0.126
0.058	0.001	0.001	0.940
0.001	0.007	0.922	0.070
0.921	0.001	0.001	0.077
0.001	0.478	0.520	0.001
0.001	0.001	0.001	0.997
0.001	0.997	0.001	0.001
0.997	0.001	0.001	0.001
0.074	0.242	0.295	0.388
0.359	0.357	0.015	0.269
0.317	0.281	0.132	0.270
0.249	0.258	0.210	0.283
>GAAACCACAGAC	4-GAAACCACAGAC	7.822491	-137.023371	0	T:709.0(19.07%),B:4588.7(10.12%),P:1e-59	Tpos:305.2,Tstd:286.9,Bpos:234.8,Bstd:141.4,StrandBias:0.0,Multiplicity:1.15
0.207	0.221	0.446	0.126
0.574	0.193	0.014	0.219
0.791	0.054	0.134	0.021
0.877	0.011	0.111	0.001
0.031	0.851	0.069	0.049
0.106	0.787	0.001	0.106
0.931	0.016	0.001	0.052
0.006	0.979	0.014	0.001
0.965	0.008	0.001	0.026
0.269	0.106	0.509	0.116
0.542	0.220	0.065	0.173
0.263	0.475	0.202	0.059
>CTTTGATGTGGT	5-CTTTGATGTGGT	8.639251	-118.654968	0	T:328.0(8.82%),B:1553.8(3.43%),P:1e-51	Tpos:310.6,Tstd:256.1,Bpos:238.8,Bstd:137.7,StrandBias:-0.0,Multiplicity:1.08
0.140	0.553	0.113	0.194
0.042	0.109	0.001	0.848
0.045	0.302	0.106	0.547
0.057	0.001	0.062	0.880
0.059	0.119	0.719	0.103
0.616	0.029	0.094	0.261
0.034	0.001	0.006	0.959
0.001	0.017	0.981	0.001
0.021	0.001	0.032	0.946
0.001	0.001	0.991	0.007
0.206	0.106	0.615	0.073
0.024	0.254	0.174	0.548
>GGGGAAATCCCC	6-GGGGAAATCCCC	8.787573	-112.487151	0	T:270.0(7.26%),B:1173.0(2.59%),P:1e-48	Tpos:287.9,Tstd:261.8,Bpos:239.0,Bstd:144.2,StrandBias:-0.3,Multiplicity:1.06
0.136	0.001	0.786	0.077
0.089	0.013	0.871	0.027
0.001	0.012	0.986	0.001
0.208	0.043	0.748	0.001
0.930	0.001	0.056	0.013
0.991	0.007	0.001	0.001
0.748	0.064	0.128	0.060
0.099	0.230	0.082	0.589
0.130	0.707	0.115	0.048
0.077	0.815	0.037	0.071
0.043	0.907	0.013	0.037
0.175	0.571	0.053	0.201
>TVCTTTGAAGTY	7-TVCTTTGAAGTY	7.533818	-93.531164	0	T:777.0(20.90%),B:5871.8(12.95%),P:1e-40	Tpos:284.8,Tstd:227.6,Bpos:233.2,Bstd:140.2,StrandBias:-0.1,Multiplicity:1.16
0.094	0.172	0.275	0.459
0.249	0.245	0.354	0.152
0.008	0.754	0.025	0.213
0.001	0.028	0.001	0.970
0.013	0.001	0.124	0.862
0.001	0.001	0.001	0.997
0.001	0.196	0.725	0.078
0.693	0.234	0.001	0.072
0.585	0.001	0.024	0.390
0.018	0.307	0.473	0.202
0.225	0.153	0.027	0.595
0.125	0.286	0.190	0.399
>KGKGGGCGGGGC	8-KGKGGGCGGGGC	7.071040	-92.259693	0	T:1099.0(29.56%),B:9215.6(20.33%),P:1e-40	Tpos:310.4,Tstd:242.0,Bpos:232.9,Bstd:143.2,StrandBias:0.0,Multiplicity:1.65
0.189	0.171	0.248	0.391
0.200	0.122	0.677	0.001
0.086	0.001	0.521	0.392
0.055	0.001	0.943	0.001
0.001	0.001	0.997	0.001
0.001	0.001	0.997	0.001
0.148	0.645	0.001	0.206
0.018	0.001	0.980	0.001
0.001	0.001	0.962	0.036
0.085	0.001	0.913	0.001
0.093	0.012	0.864	0.031
0.161	0.648	0.001	0.190
>GTSAAAGTGAAA	9-GTSAAAGTGAAA	8.841321	-90.855310	0	T:332.0(8.93%),B:1818.4(4.01%),P:1e-39	Tpos:286.4,Tstd:232.4,Bpos:234.9,Bstd:138.4,StrandBias:0.2,Multiplicity:1.12
0.186	0.122	0.456	0.235
0.155	0.026	0.066	0.753
0.191	0.323	0.453	0.033
0.921	0.001	0.042	0.036
0.747	0.025	0.170	0.058
0.953	0.001	0.006	0.040
0.104	0.174	0.721	0.001
0.161	0.029	0.049	0.761
0.045	0.086	0.859	0.010
0.983	0.001	0.015	0.001
0.619	0.017	0.363	0.001
0.716	0.038	0.017	0.229
>TTATGCAAATNM	10-TTATGCAAATNM	9.020063	-56.847720	0	T:165.0(4.44%),B:802.6(1.77%),P:1e-24	Tpos:352.8,Tstd:313.0,Bpos:238.7,Bstd:141.1,StrandBias:0.7,Multiplicity:1.03
0.170	0.131	0.143	0.556
0.008	0.001	0.001	0.990
0.497	0.191	0.001	0.311
0.001	0.009	0.235	0.755
0.001	0.001	0.990	0.008
0.027	0.711	0.001	0.261
0.990	0.001	0.001	0.008
0.852	0.119	0.001	0.028
0.622	0.016	0.299	0.063
0.089	0.262	0.001	0.648
0.158	0.299	0.246	0.297
0.395	0.304	0.143	0.158
>ACTTCCTGTCTG	11-ACTTCCTGTCTG	3.556954	-49.643469	0	T:1136.0(30.55%),B:10710.6(23.63%),P:1e-21	Tpos:300.9,Tstd:266.8,Bpos:238.1,Bstd:139.1,StrandBias:-0.2,Multiplicity:1.20
0.780	0.001	0.218	0.001
0.001	0.869	0.129	0.001
0.283	0.125	0.001	0.591
0.001	0.001	0.150	0.848
0.234	0.764	0.001	0.001
0.001	0.997	0.001	0.001
0.001	0.001	0.261	0.737
0.001	0.001	0.997	0.001
0.001	0.124	0.134	0.741
0.001	0.509	0.207	0.283
0.001	0.001	0.001	0.997
0.001	0.001	0.997	0.001
>CCCAGGAAATGT	12-CCCAGGAAATGT	9.274458	-40.468285	0	T:159.0(4.28%),B:902.4(1.99%),P:1e-17	Tpos:287.4,Tstd:221.2,Bpos:227.3,Bstd:136.9,StrandBias:-0.2,Multiplicity:1.01
0.164	0.436	0.179	0.222
0.202	0.490	0.001	0.308
0.001	0.856	0.001	0.142
0.728	0.136	0.135	0.001
0.001	0.024	0.974	0.001
0.001	0.001	0.846	0.152
0.851	0.001	0.001	0.147
0.897	0.001	0.001	0.101
0.895	0.089	0.001	0.015
0.001	0.106	0.001	0.892
0.086	0.166	0.714	0.034
0.140	0.213	0.223	0.424
>CAGCCTTTAAAG	13-CAGCCTTTAAAG	8.060853	-39.525286	0	T:127.0(3.42%),B:655.5(1.45%),P:1e-17	Tpos:272.0,Tstd:192.8,Bpos:230.7,Bstd:146.3,StrandBias:0.3,Multiplicity:1.02
0.231	0.553	0.044	0.172
0.642	0.050	0.096	0.212
0.167	0.125	0.521	0.187
0.078	0.541	0.188	0.193
0.179	0.529	0.102	0.190
0.052	0.059	0.004	0.885
0.008	0.191	0.148	0.653
0.115	0.180	0.112	0.593
0.510	0.171	0.178	0.141
0.540	0.148	0.158	0.154
0.611	0.005	0.193	0.191
0.225	0.007	0.625	0.143
>CAGAAAYGAAAC	14-CAGAAAYGAAAC	10.714505	-33.886053	0	T:71.0(1.91%),B:287.5(0.63%),P:1e-14	Tpos:289.3,Tstd:203.3,Bpos:230.1,Bstd:134.2,StrandBias:-0.0,Multiplicity:1.00
0.055	0.943	0.001	0.001
0.887	0.001	0.001	0.111
0.070	0.042	0.887	0.001
0.997	0.001	0.001	0.001
0.997	0.001	0.001	0.001
0.733	0.102	0.164	0.001
0.001	0.516	0.001	0.482
0.077	0.239	0.528	0.156
0.943	0.001	0.055	0.001
0.715	0.028	0.256	0.001
0.931	0.001	0.001	0.067
0.001	0.656	0.081	0.262
>TTCATAACGAAA	15-TTCATAACGAAA	13.481276	-31.879827	0	T:16.0(0.43%),B:12.6(0.03%),P:1e-13	Tpos:273.1,Tstd:143.5,Bpos:206.3,Bstd:131.4,StrandBias:1.0,Multiplicity:1.00
0.001	0.001	0.128	0.870
0.001	0.001	0.001	0.997
0.001	0.997	0.001	0.001
0.997	0.001	0.001	0.001
0.128	0.001	0.001	0.870
0.997	0.001	0.001	0.001
0.870	0.128	0.001	0.001
0.225	0.517	0.129	0.129
0.001	0.128	0.870	0.001
0.997	0.001	0.001	0.001
0.997	0.001	0.001	0.001
0.997	0.001	0.001	0.001
>TGCCATGGCAAC	16-TGCCATGGCAAC	9.675270	-31.268139	0	T:95.0(2.56%),B:479.4(1.06%),P:1e-13	Tpos:260.3,Tstd:178.1,Bpos:250.1,Bstd:136.4,StrandBias:0.2,Multiplicity:1.02
0.034	0.052	0.037	0.877
0.046	0.051	0.819	0.084
0.090	0.755	0.065	0.090
0.015	0.905	0.001	0.079
0.761	0.107	0.030	0.102
0.106	0.015	0.075	0.804
0.086	0.001	0.883	0.030
0.101	0.038	0.809	0.052
0.050	0.772	0.076	0.102
0.831	0.023	0.101	0.045
0.869	0.064	0.061	0.006
0.001	0.921	0.037	0.041
>CAGAGCTCTGCG	17-CAGAGCTCTGCG	9.026803	-29.758320	0	T:205.0(5.51%),B:1443.7(3.18%),P:1e-12	Tpos:298.1,Tstd:249.8,Bpos:248.8,Bstd:140.5,StrandBias:0.1,Multiplicity:1.05
0.044	0.825	0.066	0.065
0.808	0.057	0.041	0.094
0.051	0.031	0.858	0.060
0.820	0.082	0.050	0.048
0.032	0.056	0.897	0.015
0.069	0.787	0.070	0.074
0.020	0.036	0.098	0.846
0.034	0.855	0.083	0.028
0.095	0.035	0.023	0.847
0.006	0.053	0.889	0.052
0.071	0.788	0.044	0.097
0.098	0.033	0.785	0.084
>TTTTTTACCCCC	18-TTTTTTACCCCC	9.128983	-25.170611	0	T:145.0(3.90%),B:965.8(2.13%),P:1e-10	Tpos:325.2,Tstd:251.0,Bpos:236.8,Bstd:141.5,StrandBias:0.0,Multiplicity:1.03
0.058	0.043	0.051	0.848
0.019	0.057	0.020	0.904
0.001	0.155	0.023	0.821
0.071	0.036	0.038	0.855
0.058	0.076	0.014	0.852
0.049	0.060	0.019	0.872
0.730	0.128	0.016	0.126
0.073	0.798	0.019	0.110
0.057	0.867	0.038	0.038
0.071	0.892	0.001	0.036
0.064	0.811	0.033	0.092
0.131	0.756	0.019	0.094
>CTGGCGGGGCBB	19-CTGGCGGGGCBB	6.537658	-22.092834	0	T:702.0(18.88%),B:6847.2(15.10%),P:1e-9	Tpos:348.7,Tstd:267.6,Bpos:236.2,Bstd:155.2,StrandBias:0.0,Multiplicity:1.59
0.061	0.560	0.001	0.378
0.275	0.148	0.148	0.430
0.083	0.026	0.881	0.010
0.001	0.001	0.868	0.130
0.001	0.990	0.001	0.008
0.001	0.001	0.997	0.001
0.016	0.149	0.808	0.027
0.242	0.078	0.570	0.110
0.165	0.103	0.597	0.135
0.130	0.569	0.001	0.300
0.139	0.291	0.329	0.241
0.020	0.335	0.322	0.323
>ACTTCAGAGGCA	20-ACTTCAGAGGCA	12.355432	-17.362508	0	T:5.0(0.13%),B:1.8(0.00%),P:1e-7	Tpos:214.6,Tstd:105.1,Bpos:352.6,Bstd:20.0,StrandBias:2.0,Multiplicity:1.00
0.700	0.100	0.100	0.100
0.100	0.700	0.100	0.100
0.100	0.100	0.100	0.700
0.100	0.100	0.100	0.700
0.100	0.700	0.100	0.100
0.700	0.100	0.100	0.100
0.100	0.100	0.700	0.100
0.700	0.100	0.100	0.100
0.100	0.100	0.700	0.100
0.100	0.100	0.700	0.100
0.100	0.700	0.100	0.100
0.700	0.100	0.100	0.100
>AGGTGTCACACA	21-AGGTGTCACACA	14.776131	-15.206677	0	T:6.0(0.16%),B:3.8(0.01%),P:1e-6	Tpos:338.4,Tstd:152.3,Bpos:236.9,Bstd:108.2,StrandBias:-1.6,Multiplicity:1.33
0.997	0.001	0.001	0.001
0.001	0.001	0.997	0.001
0.001	0.001	0.997	0.001
0.001	0.001	0.001	0.997
0.001	0.001	0.997	0.001
0.001	0.001	0.001	0.997
0.001	0.997	0.001	0.001
0.837	0.001	0.001	0.161
0.001	0.997	0.001	0.001
0.997	0.001	0.001	0.001
0.001	0.997	0.001	0.001
0.997	0.001	0.001	0.001
>TGGGCGGGGCCC	22-TGGGCGGGGCCC	9.826008	-14.425303	0	T:114.0(3.07%),B:850.7(1.88%),P:1e-6	Tpos:331.2,Tstd:296.1,Bpos:230.0,Bstd:139.1,StrandBias:-0.1,Multiplicity:1.02
0.079	0.036	0.102	0.783
0.026	0.001	0.972	0.001
0.126	0.040	0.726	0.108
0.040	0.086	0.847	0.027
0.213	0.628	0.100	0.059
0.091	0.027	0.770	0.112
0.063	0.046	0.836	0.055
0.125	0.047	0.782	0.046
0.001	0.043	0.922	0.034
0.038	0.854	0.092	0.016
0.033	0.941	0.001	0.025
0.011	0.957	0.031	0.001
>MGGTCCGGRAGA	23-MGGTCCGGRAGA	12.532570	-13.964828	0	T:5.0(0.13%),B:2.7(0.01%),P:1e-6	Tpos:136.5,Tstd:80.0,Bpos:155.1,Bstd:91.1,StrandBias:1.6,Multiplicity:1.60
0.493	0.358	0.106	0.043
0.098	0.046	0.813	0.043
0.132	0.045	0.819	0.004
0.110	0.002	0.043	0.845
0.001	0.954	0.044	0.001
0.043	0.871	0.043	0.043
0.087	0.087	0.728	0.098
0.130	0.130	0.651	0.089
0.453	0.045	0.500	0.002
0.651	0.002	0.260	0.087
0.045	0.043	0.739	0.173
0.866	0.043	0.087	0.004
>TGAGGTACTGTG	24-TGAGGTACTGTG	12.355432	-7.338027	0	T:3.0(0.08%),B:2.9(0.01%),P:1e-3	Tpos:122.0,Tstd:70.8,Bpos:285.2,Bstd:167.0,StrandBias:10.0,Multiplicity:3.00
0.100	0.100	0.100	0.700
0.100	0.100	0.700	0.100
0.700	0.100	0.100	0.100
0.100	0.100	0.700	0.100
0.100	0.100	0.700	0.100
0.100	0.100	0.100	0.700
0.700	0.100	0.100	0.100
0.100	0.700	0.100	0.100
0.100	0.100	0.100	0.700
0.100	0.100	0.700	0.100
0.100	0.100	0.100	0.700
0.100	0.100	0.700	0.100
>CCCTCCCCTGTG	25-CCCTCCCCTGTG	13.645970	-5.491596	0	T:6.0(0.16%),B:18.5(0.04%),P:1e-2	Tpos:159.5,Tstd:82.9,Bpos:220.2,Bstd:107.5,StrandBias:-2.5,Multiplicity:2.17
0.001	0.997	0.001	0.001
0.001	0.946	0.001	0.052
0.001	0.997	0.001	0.001
0.001	0.001	0.001	0.997
0.001	0.997	0.001	0.001
0.001	0.997	0.001	0.001
0.001	0.997	0.001	0.001
0.001	0.997	0.001	0.001
0.001	0.001	0.001	0.997
0.001	0.001	0.997	0.001
0.001	0.001	0.001	0.997
0.001	0.001	0.997	0.001
