Factor1: 1.0435289503675982
Factor2: 0.9582867822188712
