Factor1: 0.8091315576289311
Factor2: 1.2358929652062842
