>TGASTCATMV	1-TGASTCATMV	6.737047	-1655.319357	0	T:2515.0(32.07%),B:3690.9(8.95%),P:1e-718	Tpos:281.1,Tstd:198.4,Bpos:250.1,Bstd:154.1,StrandBias:-0.0,Multiplicity:1.25
0.036	0.029	0.020	0.915
0.032	0.027	0.857	0.084
0.922	0.025	0.026	0.027
0.044	0.477	0.440	0.040
0.048	0.022	0.035	0.895
0.105	0.825	0.041	0.029
0.893	0.040	0.036	0.031
0.075	0.247	0.221	0.457
0.276	0.411	0.079	0.234
0.211	0.244	0.351	0.195
>TGACTCABHN	2-TGACTCABHN	6.628527	-1251.799250	0	T:3423.0(43.65%),B:7827.2(18.97%),P:1e-543	Tpos:285.8,Tstd:207.5,Bpos:251.2,Bstd:152.2,StrandBias:0.0,Multiplicity:1.16
0.001	0.001	0.001	0.997
0.001	0.001	0.729	0.269
0.872	0.068	0.001	0.059
0.107	0.514	0.279	0.100
0.075	0.001	0.003	0.921
0.333	0.582	0.001	0.084
0.985	0.002	0.012	0.001
0.001	0.351	0.286	0.361
0.270	0.328	0.001	0.401
0.260	0.227	0.221	0.293
>NBWAACCACA	3-NBWAACCACA	6.824757	-591.361392	0	T:3242.0(41.34%),B:9818.0(23.79%),P:1e-256	Tpos:292.5,Tstd:219.3,Bpos:251.0,Bstd:151.6,StrandBias:0.0,Multiplicity:1.37
0.252	0.264	0.204	0.280
0.157	0.321	0.297	0.225
0.381	0.181	0.063	0.375
0.686	0.059	0.219	0.036
0.699	0.165	0.135	0.001
0.001	0.989	0.009	0.001
0.007	0.991	0.001	0.001
0.903	0.001	0.082	0.014
0.001	0.997	0.001	0.001
0.721	0.050	0.094	0.135
>ACAGGAAGTG	4-ACAGGAAGTG	7.859650	-508.875193	0	T:1915.0(24.42%),B:4753.1(11.52%),P:1e-221	Tpos:285.4,Tstd:218.1,Bpos:249.0,Bstd:151.2,StrandBias:-0.0,Multiplicity:1.17
0.748	0.043	0.151	0.058
0.099	0.750	0.121	0.030
0.887	0.044	0.041	0.028
0.015	0.022	0.939	0.024
0.041	0.012	0.928	0.019
0.955	0.017	0.013	0.015
0.772	0.062	0.044	0.122
0.212	0.036	0.748	0.004
0.036	0.197	0.064	0.703
0.199	0.093	0.575	0.133
>AAYGGAAACT	5-AAYGGAAACT	6.177551	-351.720261	0	T:3300.0(42.08%),B:11615.8(28.15%),P:1e-152	Tpos:292.0,Tstd:215.6,Bpos:251.8,Bstd:150.8,StrandBias:-0.0,Multiplicity:1.41
0.620	0.107	0.152	0.121
0.615	0.119	0.193	0.073
0.169	0.400	0.128	0.303
0.094	0.141	0.560	0.205
0.066	0.082	0.833	0.019
0.847	0.039	0.045	0.069
0.933	0.018	0.029	0.020
0.857	0.046	0.088	0.009
0.198	0.481	0.232	0.090
0.240	0.218	0.084	0.458
>GATTTGCATA	6-GATTTGCATA	8.320626	-326.653635	0	T:566.0(7.22%),B:836.0(2.03%),P:1e-141	Tpos:273.2,Tstd:185.5,Bpos:251.9,Bstd:145.5,StrandBias:-0.0,Multiplicity:1.07
0.203	0.226	0.383	0.189
0.890	0.017	0.001	0.092
0.001	0.001	0.001	0.997
0.006	0.010	0.001	0.983
0.001	0.001	0.001	0.997
0.001	0.005	0.993	0.001
0.001	0.997	0.001	0.001
0.993	0.001	0.005	0.001
0.001	0.001	0.001	0.997
0.935	0.012	0.028	0.025
>VACATCAAAG	7-VACATCAAAG	8.558943	-271.900898	0	T:911.0(11.62%),B:2061.5(5.00%),P:1e-118	Tpos:284.6,Tstd:200.6,Bpos:248.0,Bstd:152.4,StrandBias:0.0,Multiplicity:1.09
0.321	0.358	0.234	0.086
0.773	0.001	0.186	0.040
0.001	0.713	0.237	0.049
0.609	0.001	0.001	0.389
0.001	0.001	0.001	0.997
0.001	0.704	0.249	0.046
0.997	0.001	0.001	0.001
0.968	0.030	0.001	0.001
0.934	0.001	0.064	0.001
0.071	0.077	0.851	0.001
>TGCGTGGGYG	8-TGCGTGGGYG	8.139654	-223.440092	0	T:902.0(11.50%),B:2226.0(5.39%),P:1e-97	Tpos:288.8,Tstd:224.8,Bpos:248.8,Bstd:155.6,StrandBias:-0.1,Multiplicity:1.05
0.061	0.001	0.204	0.734
0.274	0.001	0.724	0.001
0.063	0.628	0.001	0.308
0.001	0.001	0.997	0.001
0.001	0.022	0.188	0.789
0.140	0.110	0.749	0.001
0.001	0.001	0.997	0.001
0.110	0.001	0.888	0.001
0.231	0.415	0.001	0.353
0.246	0.001	0.752	0.001
>KGGGCGGGGC	9-KGGGCGGGGC	6.789520	-220.446757	0	T:2774.0(35.37%),B:10237.5(24.81%),P:1e-95	Tpos:309.2,Tstd:228.5,Bpos:252.2,Bstd:149.7,StrandBias:-0.0,Multiplicity:1.70
0.140	0.067	0.337	0.457
0.260	0.020	0.685	0.035
0.008	0.012	0.976	0.004
0.019	0.033	0.901	0.047
0.156	0.487	0.041	0.315
0.050	0.027	0.904	0.019
0.057	0.010	0.651	0.282
0.294	0.045	0.540	0.121
0.074	0.047	0.730	0.149
0.083	0.514	0.151	0.252
>GGGGATTTCC	10-GGGGATTTCC	9.152219	-214.241273	0	T:461.0(5.88%),B:795.9(1.93%),P:1e-93	Tpos:301.6,Tstd:209.2,Bpos:244.5,Bstd:145.7,StrandBias:0.0,Multiplicity:1.05
0.043	0.026	0.930	0.001
0.001	0.012	0.986	0.001
0.001	0.001	0.997	0.001
0.251	0.001	0.747	0.001
0.559	0.167	0.110	0.164
0.392	0.034	0.001	0.573
0.240	0.001	0.124	0.635
0.001	0.258	0.001	0.740
0.001	0.974	0.001	0.024
0.001	0.997	0.001	0.001
>STGMGTCWCY	11-STGMGTCWCY	7.292818	-211.695637	0	T:401.0(5.11%),B:631.2(1.53%),P:1e-91	Tpos:250.2,Tstd:188.9,Bpos:260.1,Bstd:150.0,StrandBias:0.2,Multiplicity:1.00
0.116	0.456	0.414	0.013
0.191	0.141	0.034	0.634
0.120	0.091	0.600	0.189
0.437	0.423	0.009	0.131
0.144	0.124	0.613	0.119
0.023	0.182	0.204	0.591
0.128	0.610	0.057	0.205
0.462	0.039	0.112	0.387
0.209	0.575	0.141	0.075
0.169	0.407	0.049	0.376
>TGACHCAGCM	12-TGACHCAGCM	7.556983	-156.689870	0	T:538.0(6.86%),B:1219.9(2.96%),P:1e-68	Tpos:302.9,Tstd:252.8,Bpos:246.7,Bstd:149.3,StrandBias:-0.2,Multiplicity:1.04
0.005	0.343	0.004	0.648
0.247	0.236	0.501	0.016
0.544	0.181	0.011	0.264
0.016	0.890	0.029	0.065
0.344	0.252	0.166	0.238
0.026	0.698	0.254	0.022
0.687	0.037	0.269	0.007
0.020	0.233	0.730	0.017
0.030	0.645	0.130	0.195
0.287	0.414	0.038	0.262
>TATGACGYGT	13-TATGACGYGT	6.146225	-126.224885	0	T:1847.0(23.55%),B:6866.9(16.64%),P:1e-54	Tpos:291.4,Tstd:224.9,Bpos:247.1,Bstd:151.6,StrandBias:-0.0,Multiplicity:1.15
0.320	0.093	0.096	0.491
0.610	0.162	0.193	0.035
0.060	0.001	0.004	0.935
0.097	0.159	0.739	0.005
0.905	0.010	0.008	0.077
0.090	0.634	0.173	0.103
0.337	0.017	0.496	0.150
0.083	0.486	0.073	0.358
0.124	0.017	0.681	0.178
0.022	0.101	0.002	0.875
>AGGTGTBAAM	14-AGGTGTBAAM	8.484168	-109.274858	0	T:570.0(7.27%),B:1550.7(3.76%),P:1e-47	Tpos:301.0,Tstd:211.9,Bpos:244.1,Bstd:155.2,StrandBias:0.3,Multiplicity:1.07
0.851	0.001	0.147	0.001
0.082	0.001	0.867	0.050
0.092	0.001	0.873	0.034
0.001	0.043	0.093	0.863
0.001	0.001	0.955	0.043
0.001	0.179	0.001	0.819
0.130	0.237	0.284	0.349
0.997	0.001	0.001	0.001
0.528	0.124	0.347	0.001
0.489	0.402	0.108	0.001
>AAATGACTGT	15-AAATGACTGT	9.430984	-81.779156	0	T:352.0(4.49%),B:884.2(2.14%),P:1e-35	Tpos:267.9,Tstd:210.6,Bpos:248.7,Bstd:149.1,StrandBias:-0.2,Multiplicity:1.03
0.866	0.009	0.079	0.046
0.788	0.001	0.173	0.038
0.997	0.001	0.001	0.001
0.009	0.003	0.001	0.987
0.032	0.001	0.959	0.008
0.980	0.001	0.001	0.018
0.001	0.920	0.064	0.015
0.049	0.017	0.001	0.933
0.049	0.111	0.813	0.027
0.031	0.009	0.027	0.933
>SYNTRGYRAC	16-SYNTRGYRAC	6.596497	-75.890059	0	T:541.0(6.90%),B:1639.3(3.97%),P:1e-32	Tpos:282.8,Tstd:213.2,Bpos:255.2,Bstd:153.0,StrandBias:0.1,Multiplicity:1.11
0.013	0.517	0.438	0.032
0.188	0.403	0.041	0.369
0.294	0.228	0.290	0.188
0.060	0.317	0.029	0.594
0.495	0.001	0.475	0.029
0.202	0.015	0.777	0.006
0.184	0.466	0.012	0.337
0.500	0.001	0.456	0.043
0.680	0.069	0.214	0.037
0.022	0.563	0.196	0.219
>AAAAAACMCC	17-AAAAAACMCC	6.875354	-74.620360	0	T:2268.0(28.92%),B:9525.4(23.09%),P:1e-32	Tpos:302.4,Tstd:235.2,Bpos:251.9,Bstd:157.6,StrandBias:0.0,Multiplicity:1.26
0.793	0.067	0.139	0.001
0.832	0.093	0.045	0.030
0.997	0.001	0.001	0.001
0.804	0.153	0.001	0.042
0.685	0.181	0.071	0.063
0.501	0.313	0.063	0.123
0.396	0.572	0.031	0.001
0.490	0.469	0.001	0.040
0.122	0.542	0.335	0.001
0.052	0.654	0.001	0.293
>TGACGTCABH	18-TGACGTCABH	7.849514	-59.983953	0	T:972.0(12.39%),B:3629.5(8.80%),P:1e-26	Tpos:291.3,Tstd:220.4,Bpos:251.9,Bstd:154.0,StrandBias:-0.1,Multiplicity:1.10
0.060	0.001	0.008	0.931
0.017	0.186	0.668	0.129
0.938	0.060	0.001	0.001
0.035	0.573	0.154	0.238
0.103	0.360	0.536	0.001
0.001	0.001	0.001	0.997
0.182	0.816	0.001	0.001
0.997	0.001	0.001	0.001
0.001	0.263	0.331	0.404
0.333	0.364	0.001	0.302
>ACATCCGSTC	19-ACATCCGSTC	7.653102	-53.521097	0	T:117.0(1.49%),B:206.2(0.50%),P:1e-23	Tpos:268.6,Tstd:194.6,Bpos:244.7,Bstd:162.1,StrandBias:-0.1,Multiplicity:1.03
0.749	0.055	0.164	0.032
0.181	0.586	0.189	0.044
0.564	0.186	0.137	0.113
0.064	0.002	0.229	0.705
0.190	0.766	0.011	0.033
0.141	0.781	0.067	0.011
0.001	0.100	0.710	0.189
0.131	0.415	0.276	0.178
0.189	0.253	0.073	0.485
0.369	0.543	0.049	0.039
>TTTCCACGTC	20-TTTCCACGTC	8.229077	-50.881229	0	T:331.0(4.22%),B:974.3(2.36%),P:1e-22	Tpos:307.8,Tstd:252.3,Bpos:247.1,Bstd:158.0,StrandBias:-0.0,Multiplicity:1.04
0.001	0.001	0.002	0.996
0.001	0.002	0.064	0.933
0.235	0.006	0.124	0.635
0.063	0.790	0.067	0.080
0.079	0.675	0.001	0.245
0.867	0.020	0.007	0.106
0.043	0.875	0.001	0.081
0.163	0.104	0.713	0.020
0.259	0.084	0.001	0.656
0.013	0.876	0.107	0.004
>CATTTACATA	21-CATTTACATA	10.773408	-37.315170	0	T:77.0(0.98%),B:132.6(0.32%),P:1e-16	Tpos:278.4,Tstd:187.5,Bpos:252.0,Bstd:144.7,StrandBias:-0.2,Multiplicity:1.04
0.001	0.746	0.001	0.252
0.820	0.001	0.178	0.001
0.001	0.001	0.001	0.997
0.001	0.001	0.001	0.997
0.076	0.001	0.001	0.922
0.997	0.001	0.001	0.001
0.001	0.997	0.001	0.001
0.997	0.001	0.001	0.001
0.001	0.001	0.001	0.997
0.997	0.001	0.001	0.001
>AGGAGGAGCC	22-AGGAGGAGCC	10.296193	-26.819793	0	T:63.0(0.80%),B:119.1(0.29%),P:1e-11	Tpos:325.6,Tstd:240.5,Bpos:224.0,Bstd:136.7,StrandBias:0.7,Multiplicity:1.00
0.700	0.100	0.100	0.100
0.100	0.100	0.700	0.100
0.100	0.100	0.700	0.100
0.700	0.100	0.100	0.100
0.100	0.100	0.700	0.100
0.100	0.100	0.700	0.100
0.700	0.100	0.100	0.100
0.100	0.100	0.700	0.100
0.100	0.700	0.100	0.100
0.100	0.700	0.100	0.100
>AATAGACCGC	23-AATAGACCGC	11.293383	-24.210222	0	T:11.0(0.14%),B:3.6(0.01%),P:1e-10	Tpos:152.4,Tstd:86.0,Bpos:316.3,Bstd:125.0,StrandBias:2.2,Multiplicity:1.00
0.912	0.001	0.001	0.086
0.997	0.001	0.001	0.001
0.001	0.001	0.001	0.997
0.912	0.086	0.001	0.001
0.001	0.001	0.997	0.001
0.997	0.001	0.001	0.001
0.001	0.997	0.001	0.001
0.001	0.997	0.001	0.001
0.001	0.001	0.997	0.001
0.001	0.997	0.001	0.001
>GCGGGACCTA	24-GCGGGACCTA	10.296193	-15.607343	0	T:8.0(0.10%),B:3.4(0.01%),P:1e-6	Tpos:235.1,Tstd:184.7,Bpos:174.4,Bstd:157.3,StrandBias:0.0,Multiplicity:1.00
0.100	0.100	0.700	0.100
0.100	0.700	0.100	0.100
0.100	0.100	0.700	0.100
0.100	0.100	0.700	0.100
0.100	0.100	0.700	0.100
0.700	0.100	0.100	0.100
0.100	0.700	0.100	0.100
0.100	0.700	0.100	0.100
0.100	0.100	0.100	0.700
0.700	0.100	0.100	0.100
>ATACCCAGCA	25-ATACCCAGCA	10.296193	-8.503725	0	T:17.0(0.22%),B:32.6(0.08%),P:1e-3	Tpos:209.5,Tstd:170.3,Bpos:234.4,Bstd:116.6,StrandBias:-3.2,Multiplicity:2.94
0.700	0.100	0.100	0.100
0.100	0.100	0.100	0.700
0.700	0.100	0.100	0.100
0.100	0.700	0.100	0.100
0.100	0.700	0.100	0.100
0.100	0.700	0.100	0.100
0.700	0.100	0.100	0.100
0.100	0.100	0.700	0.100
0.100	0.700	0.100	0.100
0.700	0.100	0.100	0.100
