>TGASTCATMV	1-TGASTCATMV	6.737047	-1655.319357	0	T:2515.0(32.07%),B:3690.9(8.95%),P:1e-718	Tpos:281.1,Tstd:198.4,Bpos:250.1,Bstd:154.1,StrandBias:-0.0,Multiplicity:1.25
0.036	0.029	0.020	0.915
0.032	0.027	0.857	0.084
0.922	0.025	0.026	0.027
0.044	0.477	0.440	0.040
0.048	0.022	0.035	0.895
0.105	0.825	0.041	0.029
0.893	0.040	0.036	0.031
0.075	0.247	0.221	0.457
0.276	0.411	0.079	0.234
0.211	0.244	0.351	0.195
>TGACTCABHN	2-TGACTCABHN	6.628527	-1251.799250	0	T:3423.0(43.65%),B:7827.2(18.97%),P:1e-543	Tpos:285.8,Tstd:207.5,Bpos:251.2,Bstd:152.2,StrandBias:0.0,Multiplicity:1.16
0.001	0.001	0.001	0.997
0.001	0.001	0.729	0.269
0.872	0.068	0.001	0.059
0.107	0.514	0.279	0.100
0.075	0.001	0.003	0.921
0.333	0.582	0.001	0.084
0.985	0.002	0.012	0.001
0.001	0.351	0.286	0.361
0.270	0.328	0.001	0.401
0.260	0.227	0.221	0.293
>NBWAACCACA	3-NBWAACCACA	6.824757	-591.361392	0	T:3242.0(41.34%),B:9818.0(23.79%),P:1e-256	Tpos:292.5,Tstd:219.3,Bpos:251.0,Bstd:151.6,StrandBias:0.0,Multiplicity:1.37
0.252	0.264	0.204	0.280
0.157	0.321	0.297	0.225
0.381	0.181	0.063	0.375
0.686	0.059	0.219	0.036
0.699	0.165	0.135	0.001
0.001	0.989	0.009	0.001
0.007	0.991	0.001	0.001
0.903	0.001	0.082	0.014
0.001	0.997	0.001	0.001
0.721	0.050	0.094	0.135
>ACAGGAAGTG	4-ACAGGAAGTG	7.859650	-508.875193	0	T:1915.0(24.42%),B:4753.1(11.52%),P:1e-221	Tpos:285.4,Tstd:218.1,Bpos:249.0,Bstd:151.2,StrandBias:-0.0,Multiplicity:1.17
0.748	0.043	0.151	0.058
0.099	0.750	0.121	0.030
0.887	0.044	0.041	0.028
0.015	0.022	0.939	0.024
0.041	0.012	0.928	0.019
0.955	0.017	0.013	0.015
0.772	0.062	0.044	0.122
0.212	0.036	0.748	0.004
0.036	0.197	0.064	0.703
0.199	0.093	0.575	0.133
>AAYGGAAACT	5-AAYGGAAACT	6.177551	-351.720261	0	T:3300.0(42.08%),B:11615.8(28.15%),P:1e-152	Tpos:292.0,Tstd:215.6,Bpos:251.8,Bstd:150.8,StrandBias:-0.0,Multiplicity:1.41
0.620	0.107	0.152	0.121
0.615	0.119	0.193	0.073
0.169	0.400	0.128	0.303
0.094	0.141	0.560	0.205
0.066	0.082	0.833	0.019
0.847	0.039	0.045	0.069
0.933	0.018	0.029	0.020
0.857	0.046	0.088	0.009
0.198	0.481	0.232	0.090
0.240	0.218	0.084	0.458
>GATTTGCATA	6-GATTTGCATA	8.320626	-326.653635	0	T:566.0(7.22%),B:836.0(2.03%),P:1e-141	Tpos:273.2,Tstd:185.5,Bpos:251.9,Bstd:145.5,StrandBias:-0.0,Multiplicity:1.07
0.203	0.226	0.383	0.189
0.890	0.017	0.001	0.092
0.001	0.001	0.001	0.997
0.006	0.010	0.001	0.983
0.001	0.001	0.001	0.997
0.001	0.005	0.993	0.001
0.001	0.997	0.001	0.001
0.993	0.001	0.005	0.001
0.001	0.001	0.001	0.997
0.935	0.012	0.028	0.025
>VACATCAAAG	7-VACATCAAAG	8.558943	-271.900898	0	T:911.0(11.62%),B:2061.5(5.00%),P:1e-118	Tpos:284.6,Tstd:200.6,Bpos:248.0,Bstd:152.4,StrandBias:0.0,Multiplicity:1.09
0.321	0.358	0.234	0.086
0.773	0.001	0.186	0.040
0.001	0.713	0.237	0.049
0.609	0.001	0.001	0.389
0.001	0.001	0.001	0.997
0.001	0.704	0.249	0.046
0.997	0.001	0.001	0.001
0.968	0.030	0.001	0.001
0.934	0.001	0.064	0.001
0.071	0.077	0.851	0.001
>TGCGTGGGYG	8-TGCGTGGGYG	8.139654	-223.440092	0	T:902.0(11.50%),B:2226.0(5.39%),P:1e-97	Tpos:288.8,Tstd:224.8,Bpos:248.8,Bstd:155.6,StrandBias:-0.1,Multiplicity:1.05
0.061	0.001	0.204	0.734
0.274	0.001	0.724	0.001
0.063	0.628	0.001	0.308
0.001	0.001	0.997	0.001
0.001	0.022	0.188	0.789
0.140	0.110	0.749	0.001
0.001	0.001	0.997	0.001
0.110	0.001	0.888	0.001
0.231	0.415	0.001	0.353
0.246	0.001	0.752	0.001
>KGGGCGGGGC	9-KGGGCGGGGC	6.789520	-220.446757	0	T:2774.0(35.37%),B:10237.5(24.81%),P:1e-95	Tpos:309.2,Tstd:228.5,Bpos:252.2,Bstd:149.7,StrandBias:-0.0,Multiplicity:1.70
0.140	0.067	0.337	0.457
0.260	0.020	0.685	0.035
0.008	0.012	0.976	0.004
0.019	0.033	0.901	0.047
0.156	0.487	0.041	0.315
0.050	0.027	0.904	0.019
0.057	0.010	0.651	0.282
0.294	0.045	0.540	0.121
0.074	0.047	0.730	0.149
0.083	0.514	0.151	0.252
>GGGGATTTCC	10-GGGGATTTCC	9.152219	-214.241273	0	T:461.0(5.88%),B:795.9(1.93%),P:1e-93	Tpos:301.6,Tstd:209.2,Bpos:244.5,Bstd:145.7,StrandBias:0.0,Multiplicity:1.05
0.043	0.026	0.930	0.001
0.001	0.012	0.986	0.001
0.001	0.001	0.997	0.001
0.251	0.001	0.747	0.001
0.559	0.167	0.110	0.164
0.392	0.034	0.001	0.573
0.240	0.001	0.124	0.635
0.001	0.258	0.001	0.740
0.001	0.974	0.001	0.024
0.001	0.997	0.001	0.001
>STGMGTCWCY	11-STGMGTCWCY	7.292818	-211.695637	0	T:401.0(5.11%),B:631.2(1.53%),P:1e-91	Tpos:250.2,Tstd:188.9,Bpos:260.1,Bstd:150.0,StrandBias:0.2,Multiplicity:1.00
0.116	0.456	0.414	0.013
0.191	0.141	0.034	0.634
0.120	0.091	0.600	0.189
0.437	0.423	0.009	0.131
0.144	0.124	0.613	0.119
0.023	0.182	0.204	0.591
0.128	0.610	0.057	0.205
0.462	0.039	0.112	0.387
0.209	0.575	0.141	0.075
0.169	0.407	0.049	0.376
>TGACHCAGCM	12-TGACHCAGCM	7.556983	-156.689870	0	T:538.0(6.86%),B:1219.9(2.96%),P:1e-68	Tpos:302.9,Tstd:252.8,Bpos:246.7,Bstd:149.3,StrandBias:-0.2,Multiplicity:1.04
0.005	0.343	0.004	0.648
0.247	0.236	0.501	0.016
0.544	0.181	0.011	0.264
0.016	0.890	0.029	0.065
0.344	0.252	0.166	0.238
0.026	0.698	0.254	0.022
0.687	0.037	0.269	0.007
0.020	0.233	0.730	0.017
0.030	0.645	0.130	0.195
0.287	0.414	0.038	0.262
>TATGACGYGT	13-TATGACGYGT	6.146225	-126.224885	0	T:1847.0(23.55%),B:6866.9(16.64%),P:1e-54	Tpos:291.4,Tstd:224.9,Bpos:247.1,Bstd:151.6,StrandBias:-0.0,Multiplicity:1.15
0.320	0.093	0.096	0.491
0.610	0.162	0.193	0.035
0.060	0.001	0.004	0.935
0.097	0.159	0.739	0.005
0.905	0.010	0.008	0.077
0.090	0.634	0.173	0.103
0.337	0.017	0.496	0.150
0.083	0.486	0.073	0.358
0.124	0.017	0.681	0.178
0.022	0.101	0.002	0.875
>AGGTGTBAAM	14-AGGTGTBAAM	8.484168	-109.274858	0	T:570.0(7.27%),B:1550.7(3.76%),P:1e-47	Tpos:301.0,Tstd:211.9,Bpos:244.1,Bstd:155.2,StrandBias:0.3,Multiplicity:1.07
0.851	0.001	0.147	0.001
0.082	0.001	0.867	0.050
0.092	0.001	0.873	0.034
0.001	0.043	0.093	0.863
0.001	0.001	0.955	0.043
0.001	0.179	0.001	0.819
0.130	0.237	0.284	0.349
0.997	0.001	0.001	0.001
0.528	0.124	0.347	0.001
0.489	0.402	0.108	0.001
>AAATGACTGT	15-AAATGACTGT	9.430984	-81.779156	0	T:352.0(4.49%),B:884.2(2.14%),P:1e-35	Tpos:267.9,Tstd:210.6,Bpos:248.7,Bstd:149.1,StrandBias:-0.2,Multiplicity:1.03
0.866	0.009	0.079	0.046
0.788	0.001	0.173	0.038
0.997	0.001	0.001	0.001
0.009	0.003	0.001	0.987
0.032	0.001	0.959	0.008
0.980	0.001	0.001	0.018
0.001	0.920	0.064	0.015
0.049	0.017	0.001	0.933
0.049	0.111	0.813	0.027
0.031	0.009	0.027	0.933
>SYNTRGYRAC	16-SYNTRGYRAC	6.596497	-75.890059	0	T:541.0(6.90%),B:1639.3(3.97%),P:1e-32	Tpos:282.8,Tstd:213.2,Bpos:255.2,Bstd:153.0,StrandBias:0.1,Multiplicity:1.11
0.013	0.517	0.438	0.032
0.188	0.403	0.041	0.369
0.294	0.228	0.290	0.188
0.060	0.317	0.029	0.594
0.495	0.001	0.475	0.029
0.202	0.015	0.777	0.006
0.184	0.466	0.012	0.337
0.500	0.001	0.456	0.043
0.680	0.069	0.214	0.037
0.022	0.563	0.196	0.219
>AAAAAACMCC	17-AAAAAACMCC	6.875354	-74.620360	0	T:2268.0(28.92%),B:9525.4(23.09%),P:1e-32	Tpos:302.4,Tstd:235.2,Bpos:251.9,Bstd:157.6,StrandBias:0.0,Multiplicity:1.26
0.793	0.067	0.139	0.001
0.832	0.093	0.045	0.030
0.997	0.001	0.001	0.001
0.804	0.153	0.001	0.042
0.685	0.181	0.071	0.063
0.501	0.313	0.063	0.123
0.396	0.572	0.031	0.001
0.490	0.469	0.001	0.040
0.122	0.542	0.335	0.001
0.052	0.654	0.001	0.293
>TGACGTCABH	18-TGACGTCABH	7.849514	-59.983953	0	T:972.0(12.39%),B:3629.5(8.80%),P:1e-26	Tpos:291.3,Tstd:220.4,Bpos:251.9,Bstd:154.0,StrandBias:-0.1,Multiplicity:1.10
0.060	0.001	0.008	0.931
0.017	0.186	0.668	0.129
0.938	0.060	0.001	0.001
0.035	0.573	0.154	0.238
0.103	0.360	0.536	0.001
0.001	0.001	0.001	0.997
0.182	0.816	0.001	0.001
0.997	0.001	0.001	0.001
0.001	0.263	0.331	0.404
0.333	0.364	0.001	0.302
>ACATCCGSTC	19-ACATCCGSTC	7.653102	-53.521097	0	T:117.0(1.49%),B:206.2(0.50%),P:1e-23	Tpos:268.6,Tstd:194.6,Bpos:244.7,Bstd:162.1,StrandBias:-0.1,Multiplicity:1.03
0.749	0.055	0.164	0.032
0.181	0.586	0.189	0.044
0.564	0.186	0.137	0.113
0.064	0.002	0.229	0.705
0.190	0.766	0.011	0.033
0.141	0.781	0.067	0.011
0.001	0.100	0.710	0.189
0.131	0.415	0.276	0.178
0.189	0.253	0.073	0.485
0.369	0.543	0.049	0.039
>TTTCCACGTC	20-TTTCCACGTC	8.229077	-50.881229	0	T:331.0(4.22%),B:974.3(2.36%),P:1e-22	Tpos:307.8,Tstd:252.3,Bpos:247.1,Bstd:158.0,StrandBias:-0.0,Multiplicity:1.04
0.001	0.001	0.002	0.996
0.001	0.002	0.064	0.933
0.235	0.006	0.124	0.635
0.063	0.790	0.067	0.080
0.079	0.675	0.001	0.245
0.867	0.020	0.007	0.106
0.043	0.875	0.001	0.081
0.163	0.104	0.713	0.020
0.259	0.084	0.001	0.656
0.013	0.876	0.107	0.004
>CATTTACATA	21-CATTTACATA	10.773408	-37.315170	0	T:77.0(0.98%),B:132.6(0.32%),P:1e-16	Tpos:278.4,Tstd:187.5,Bpos:252.0,Bstd:144.7,StrandBias:-0.2,Multiplicity:1.04
0.001	0.746	0.001	0.252
0.820	0.001	0.178	0.001
0.001	0.001	0.001	0.997
0.001	0.001	0.001	0.997
0.076	0.001	0.001	0.922
0.997	0.001	0.001	0.001
0.001	0.997	0.001	0.001
0.997	0.001	0.001	0.001
0.001	0.001	0.001	0.997
0.997	0.001	0.001	0.001
>AGGAGGAGCC	22-AGGAGGAGCC	10.296193	-26.819793	0	T:63.0(0.80%),B:119.1(0.29%),P:1e-11	Tpos:325.6,Tstd:240.5,Bpos:224.0,Bstd:136.7,StrandBias:0.7,Multiplicity:1.00
0.700	0.100	0.100	0.100
0.100	0.100	0.700	0.100
0.100	0.100	0.700	0.100
0.700	0.100	0.100	0.100
0.100	0.100	0.700	0.100
0.100	0.100	0.700	0.100
0.700	0.100	0.100	0.100
0.100	0.100	0.700	0.100
0.100	0.700	0.100	0.100
0.100	0.700	0.100	0.100
>AATAGACCGC	23-AATAGACCGC	11.293383	-24.210222	0	T:11.0(0.14%),B:3.6(0.01%),P:1e-10	Tpos:152.4,Tstd:86.0,Bpos:316.3,Bstd:125.0,StrandBias:2.2,Multiplicity:1.00
0.912	0.001	0.001	0.086
0.997	0.001	0.001	0.001
0.001	0.001	0.001	0.997
0.912	0.086	0.001	0.001
0.001	0.001	0.997	0.001
0.997	0.001	0.001	0.001
0.001	0.997	0.001	0.001
0.001	0.997	0.001	0.001
0.001	0.001	0.997	0.001
0.001	0.997	0.001	0.001
>GCGGGACCTA	24-GCGGGACCTA	10.296193	-15.607343	0	T:8.0(0.10%),B:3.4(0.01%),P:1e-6	Tpos:235.1,Tstd:184.7,Bpos:174.4,Bstd:157.3,StrandBias:0.0,Multiplicity:1.00
0.100	0.100	0.700	0.100
0.100	0.700	0.100	0.100
0.100	0.100	0.700	0.100
0.100	0.100	0.700	0.100
0.100	0.100	0.700	0.100
0.700	0.100	0.100	0.100
0.100	0.700	0.100	0.100
0.100	0.700	0.100	0.100
0.100	0.100	0.100	0.700
0.700	0.100	0.100	0.100
>ATACCCAGCA	25-ATACCCAGCA	10.296193	-8.503725	0	T:17.0(0.22%),B:32.6(0.08%),P:1e-3	Tpos:209.5,Tstd:170.3,Bpos:234.4,Bstd:116.6,StrandBias:-3.2,Multiplicity:2.94
0.700	0.100	0.100	0.100
0.100	0.100	0.100	0.700
0.700	0.100	0.100	0.100
0.100	0.700	0.100	0.100
0.100	0.700	0.100	0.100
0.100	0.700	0.100	0.100
0.700	0.100	0.100	0.100
0.100	0.100	0.700	0.100
0.100	0.700	0.100	0.100
0.700	0.100	0.100	0.100
>DATGASTCATHN	1-DATGASTCATHN	7.724287	-1808.106998	0	T:2407.0(30.69%),B:3125.6(7.58%),P:1e-785	Tpos:280.2,Tstd:196.3,Bpos:250.3,Bstd:151.0,StrandBias:0.0,Multiplicity:1.22
0.293	0.115	0.288	0.304
0.437	0.191	0.281	0.091
0.001	0.001	0.001	0.997
0.001	0.011	0.745	0.243
0.995	0.001	0.001	0.003
0.049	0.492	0.387	0.072
0.011	0.001	0.001	0.987
0.278	0.690	0.014	0.018
0.990	0.002	0.001	0.007
0.166	0.161	0.228	0.446
0.305	0.290	0.140	0.265
0.256	0.267	0.203	0.274
>ACAGGAAGTRRN	2-ACAGGAAGTRRN	8.285643	-550.477146	0	T:2116.0(26.98%),B:5345.5(12.96%),P:1e-239	Tpos:289.6,Tstd:216.5,Bpos:250.2,Bstd:150.4,StrandBias:0.1,Multiplicity:1.19
0.584	0.043	0.270	0.103
0.154	0.635	0.203	0.008
0.997	0.001	0.001	0.001
0.001	0.001	0.997	0.001
0.001	0.001	0.997	0.001
0.997	0.001	0.001	0.001
0.772	0.001	0.001	0.226
0.322	0.011	0.666	0.001
0.049	0.267	0.109	0.575
0.238	0.206	0.380	0.177
0.292	0.155	0.386	0.167
0.271	0.288	0.207	0.235
>DSKBTGTGGTTT	3-DSKBTGTGGTTT	8.269405	-549.455286	0	T:2034.0(25.94%),B:5036.9(12.21%),P:1e-238	Tpos:291.9,Tstd:219.2,Bpos:251.5,Bstd:151.5,StrandBias:0.0,Multiplicity:1.19
0.310	0.157	0.274	0.259
0.191	0.239	0.376	0.194
0.136	0.176	0.288	0.401
0.134	0.342	0.240	0.283
0.001	0.001	0.001	0.997
0.001	0.001	0.997	0.001
0.001	0.001	0.001	0.997
0.001	0.001	0.997	0.001
0.001	0.001	0.997	0.001
0.001	0.133	0.267	0.599
0.001	0.116	0.001	0.882
0.277	0.001	0.252	0.470
>TCATABTTTCCA	4-TCATABTTTCCA	9.615259	-352.057480	0	T:591.0(7.54%),B:852.3(2.07%),P:1e-152	Tpos:272.5,Tstd:195.6,Bpos:243.5,Bstd:152.4,StrandBias:-0.1,Multiplicity:1.05
0.243	0.001	0.077	0.679
0.230	0.624	0.077	0.069
0.960	0.001	0.001	0.038
0.129	0.289	0.141	0.441
0.722	0.078	0.007	0.193
0.080	0.264	0.300	0.356
0.001	0.079	0.050	0.870
0.001	0.026	0.001	0.972
0.012	0.001	0.001	0.986
0.001	0.997	0.001	0.001
0.026	0.972	0.001	0.001
0.825	0.001	0.053	0.121
>NTNATTTGCATA	5-NTNATTTGCATA	9.265869	-351.091027	0	T:674.0(8.59%),B:1081.0(2.62%),P:1e-152	Tpos:265.8,Tstd:182.8,Bpos:249.7,Bstd:145.2,StrandBias:-0.1,Multiplicity:1.08
0.241	0.301	0.257	0.201
0.281	0.127	0.125	0.467
0.266	0.289	0.194	0.251
0.688	0.101	0.001	0.210
0.001	0.001	0.001	0.997
0.001	0.001	0.001	0.997
0.023	0.001	0.001	0.975
0.180	0.152	0.644	0.024
0.070	0.899	0.001	0.030
0.997	0.001	0.001	0.001
0.002	0.001	0.001	0.996
0.503	0.106	0.277	0.114
>MNNSAATGGAAA	6-MNNSAATGGAAA	8.081266	-304.912246	0	T:1749.0(22.30%),B:5086.0(12.33%),P:1e-132	Tpos:292.8,Tstd:221.0,Bpos:248.6,Bstd:147.1,StrandBias:-0.1,Multiplicity:1.12
0.238	0.371	0.209	0.182
0.146	0.283	0.281	0.291
0.266	0.200	0.205	0.329
0.136	0.263	0.398	0.203
0.696	0.001	0.199	0.104
0.494	0.164	0.340	0.001
0.132	0.004	0.011	0.853
0.001	0.001	0.997	0.001
0.001	0.001	0.997	0.001
0.969	0.001	0.029	0.001
0.990	0.001	0.008	0.001
0.997	0.001	0.001	0.001
>CTTTGATGTGGT	7-CTTTGATGTGGT	8.756288	-274.382927	0	T:745.0(9.50%),B:1498.8(3.63%),P:1e-119	Tpos:288.6,Tstd:198.5,Bpos:244.0,Bstd:149.4,StrandBias:-0.2,Multiplicity:1.04
0.067	0.480	0.220	0.233
0.072	0.132	0.001	0.795
0.030	0.369	0.016	0.585
0.219	0.001	0.027	0.753
0.101	0.286	0.571	0.042
0.628	0.046	0.016	0.310
0.186	0.001	0.015	0.798
0.001	0.022	0.976	0.001
0.001	0.001	0.001	0.997
0.007	0.001	0.969	0.023
0.093	0.036	0.761	0.110
0.036	0.266	0.225	0.473
>AAAGTGAAACYD	8-AAAGTGAAACYD	8.223784	-266.630524	0	T:1403.0(17.89%),B:3913.9(9.49%),P:1e-115	Tpos:297.8,Tstd:217.1,Bpos:252.8,Bstd:152.2,StrandBias:0.1,Multiplicity:1.18
0.767	0.032	0.165	0.036
0.712	0.042	0.149	0.097
0.838	0.013	0.067	0.082
0.240	0.257	0.441	0.062
0.205	0.017	0.155	0.623
0.100	0.038	0.859	0.003
0.910	0.003	0.045	0.042
0.962	0.018	0.010	0.010
0.992	0.001	0.001	0.006
0.083	0.561	0.302	0.054
0.146	0.423	0.075	0.356
0.324	0.109	0.352	0.216
>TGTGTGGGHGGV	9-TGTGTGGGHGGV	8.940239	-219.515245	0	T:820.0(10.46%),B:1949.0(4.72%),P:1e-95	Tpos:280.1,Tstd:204.7,Bpos:255.1,Bstd:151.4,StrandBias:-0.1,Multiplicity:1.03
0.098	0.001	0.108	0.793
0.009	0.018	0.972	0.001
0.219	0.259	0.052	0.470
0.001	0.049	0.949	0.001
0.054	0.001	0.120	0.825
0.020	0.001	0.978	0.001
0.060	0.001	0.930	0.009
0.001	0.001	0.997	0.001
0.296	0.388	0.001	0.316
0.122	0.001	0.748	0.129
0.039	0.042	0.796	0.123
0.326	0.288	0.234	0.151
>DGDGGGYGGGGC	10-DGDGGGYGGGGC	8.653820	-216.816439	0	T:1593.0(20.31%),B:4987.5(12.09%),P:1e-94	Tpos:301.6,Tstd:220.8,Bpos:251.4,Bstd:149.1,StrandBias:0.0,Multiplicity:1.34
0.371	0.122	0.262	0.246
0.250	0.156	0.579	0.015
0.287	0.025	0.325	0.364
0.091	0.001	0.907	0.001
0.004	0.001	0.994	0.001
0.001	0.001	0.997	0.001
0.193	0.402	0.001	0.404
0.080	0.012	0.882	0.026
0.070	0.018	0.756	0.156
0.214	0.001	0.742	0.043
0.002	0.001	0.987	0.010
0.103	0.679	0.059	0.159
>GGGGGTTTCCCC	11-GGGGGTTTCCCC	8.143489	-197.055702	0	T:613.0(7.82%),B:1323.1(3.21%),P:1e-85	Tpos:288.4,Tstd:206.5,Bpos:247.8,Bstd:140.6,StrandBias:-0.0,Multiplicity:1.06
0.200	0.001	0.615	0.184
0.006	0.006	0.975	0.013
0.001	0.001	0.958	0.040
0.076	0.001	0.905	0.018
0.254	0.115	0.477	0.155
0.079	0.126	0.119	0.676
0.001	0.001	0.005	0.993
0.001	0.185	0.001	0.813
0.001	0.913	0.001	0.085
0.001	0.993	0.001	0.005
0.001	0.961	0.001	0.037
0.181	0.726	0.001	0.092
>TGAGTCACTTCC	12-TGAGTCACTTCC	9.462944	-174.305381	0	T:400.0(5.10%),B:719.2(1.74%),P:1e-75	Tpos:267.1,Tstd:193.0,Bpos:264.4,Bstd:141.1,StrandBias:0.0,Multiplicity:1.03
0.032	0.065	0.046	0.857
0.065	0.077	0.783	0.075
0.751	0.001	0.070	0.178
0.112	0.103	0.688	0.097
0.001	0.001	0.026	0.972
0.141	0.812	0.046	0.001
0.815	0.033	0.017	0.135
0.065	0.888	0.001	0.046
0.075	0.001	0.001	0.923
0.001	0.001	0.061	0.937
0.050	0.782	0.073	0.095
0.116	0.795	0.001	0.088
>AAAGATCAAAGG	13-AAAGATCAAAGG	7.459557	-126.718768	0	T:1093.0(13.94%),B:3536.6(8.57%),P:1e-55	Tpos:290.7,Tstd:217.5,Bpos:253.8,Bstd:147.4,StrandBias:0.1,Multiplicity:1.08
0.747	0.049	0.145	0.059
0.799	0.068	0.088	0.045
0.858	0.020	0.064	0.058
0.032	0.102	0.808	0.058
0.828	0.039	0.055	0.078
0.042	0.030	0.046	0.882
0.065	0.786	0.098	0.051
0.919	0.032	0.013	0.036
0.853	0.052	0.076	0.019
0.870	0.016	0.048	0.066
0.077	0.017	0.871	0.035
0.091	0.067	0.781	0.061
>AGGTGTGAAACC	14-AGGTGTGAAACC	7.129802	-93.429608	0	T:1052.0(13.41%),B:3639.4(8.82%),P:1e-40	Tpos:299.3,Tstd:216.2,Bpos:249.2,Bstd:154.9,StrandBias:0.1,Multiplicity:1.10
0.781	0.045	0.092	0.082
0.096	0.059	0.743	0.102
0.094	0.088	0.728	0.090
0.076	0.038	0.074	0.812
0.065	0.087	0.761	0.087
0.115	0.029	0.073	0.783
0.083	0.104	0.745	0.068
0.792	0.059	0.082	0.067
0.727	0.114	0.103	0.056
0.725	0.102	0.098	0.075
0.109	0.694	0.100	0.097
0.119	0.712	0.065	0.104
>TRCCATRGHAAC	15-TRCCATRGHAAC	9.478449	-86.095488	0	T:124.0(1.58%),B:157.9(0.38%),P:1e-37	Tpos:264.9,Tstd:212.4,Bpos:253.4,Bstd:145.3,StrandBias:-0.3,Multiplicity:1.01
0.033	0.386	0.026	0.555
0.400	0.183	0.390	0.027
0.035	0.555	0.190	0.220
0.023	0.594	0.022	0.361
0.878	0.051	0.026	0.045
0.040	0.052	0.259	0.649
0.435	0.003	0.548	0.014
0.031	0.057	0.765	0.147
0.396	0.313	0.018	0.273
0.565	0.037	0.258	0.140
0.628	0.044	0.280	0.048
0.037	0.832	0.058	0.073
>GCCACCTAGTGG	16-GCCACCTAGTGG	10.318197	-77.004109	0	T:111.0(1.42%),B:141.2(0.34%),P:1e-33	Tpos:287.2,Tstd:242.6,Bpos:264.3,Bstd:139.2,StrandBias:-0.3,Multiplicity:1.01
0.031	0.001	0.967	0.001
0.124	0.844	0.001	0.031
0.001	0.967	0.001	0.031
0.863	0.105	0.001	0.031
0.031	0.937	0.001	0.031
0.001	0.967	0.031	0.001
0.001	0.020	0.001	0.978
0.889	0.032	0.049	0.030
0.001	0.073	0.925	0.001
0.001	0.031	0.001	0.967
0.001	0.001	0.997	0.001
0.001	0.001	0.967	0.031
>GKTTTTTTTTTT	17-GKTTTTTTTTTT	7.844570	-58.479654	0	T:1725.0(22.00%),B:7160.3(17.35%),P:1e-25	Tpos:310.8,Tstd:233.4,Bpos:252.3,Bstd:161.4,StrandBias:0.0,Multiplicity:1.23
0.131	0.069	0.583	0.217
0.046	0.108	0.487	0.359
0.005	0.010	0.363	0.622
0.008	0.001	0.384	0.607
0.005	0.016	0.225	0.754
0.001	0.001	0.152	0.846
0.001	0.001	0.336	0.662
0.001	0.001	0.147	0.851
0.019	0.015	0.038	0.928
0.017	0.070	0.089	0.824
0.107	0.214	0.044	0.635
0.092	0.304	0.063	0.541
>CDGAAGCGTCAT	18-CDGAAGCGTCAT	8.144896	-44.323738	0	T:13.0(0.17%),B:1.4(0.00%),P:1e-19	Tpos:263.8,Tstd:158.8,Bpos:164.2,Bstd:85.7,StrandBias:2.5,Multiplicity:1.00
0.219	0.499	0.258	0.023
0.245	0.142	0.380	0.232
0.205	0.028	0.548	0.219
0.631	0.315	0.034	0.020
0.707	0.013	0.034	0.246
0.255	0.185	0.541	0.019
0.263	0.482	0.021	0.234
0.204	0.185	0.407	0.203
0.192	0.178	0.188	0.443
0.027	0.706	0.028	0.239
0.908	0.032	0.023	0.037
0.174	0.228	0.208	0.391
>GCAGAGTCCTCA	19-GCAGAGTCCTCA	12.355432	-28.496897	0	T:11.0(0.14%),B:2.1(0.01%),P:1e-12	Tpos:232.7,Tstd:132.4,Bpos:278.9,Bstd:120.5,StrandBias:10.0,Multiplicity:1.00
0.100	0.100	0.700	0.100
0.100	0.700	0.100	0.100
0.700	0.100	0.100	0.100
0.100	0.100	0.700	0.100
0.700	0.100	0.100	0.100
0.100	0.100	0.700	0.100
0.100	0.100	0.100	0.700
0.100	0.700	0.100	0.100
0.100	0.700	0.100	0.100
0.100	0.100	0.100	0.700
0.100	0.700	0.100	0.100
0.700	0.100	0.100	0.100
>TGTGTCTTGCAC	20-TGTGTCTTGCAC	13.552125	-23.700415	0	T:16.0(0.20%),B:9.2(0.02%),P:1e-10	Tpos:162.3,Tstd:91.5,Bpos:319.4,Bstd:93.9,StrandBias:1.6,Multiplicity:1.00
0.001	0.001	0.001	0.997
0.001	0.001	0.997	0.001
0.001	0.001	0.001	0.997
0.001	0.001	0.997	0.001
0.001	0.001	0.059	0.939
0.001	0.997	0.001	0.001
0.001	0.001	0.001	0.997
0.140	0.059	0.001	0.800
0.001	0.001	0.997	0.001
0.001	0.997	0.001	0.001
0.997	0.001	0.001	0.001
0.001	0.997	0.001	0.001
>AAAAMRWCGBTT	21-AAAAMRWCGBTT	8.559077	-19.978455	0	T:144.0(1.84%),B:445.5(1.08%),P:1e-8	Tpos:293.1,Tstd:235.1,Bpos:246.5,Bstd:161.1,StrandBias:0.2,Multiplicity:1.01
0.748	0.001	0.001	0.250
0.735	0.001	0.001	0.263
0.779	0.219	0.001	0.001
0.779	0.219	0.001	0.001
0.413	0.356	0.231	0.001
0.413	0.001	0.337	0.249
0.467	0.001	0.001	0.531
0.001	0.997	0.001	0.001
0.001	0.001	0.997	0.001
0.001	0.351	0.326	0.322
0.001	0.240	0.264	0.496
0.001	0.001	0.317	0.681
>TCACCACTYAGA	22-TCACCACTYAGA	13.591639	-17.467942	0	T:17.0(0.22%),B:16.0(0.04%),P:1e-7	Tpos:233.9,Tstd:135.6,Bpos:262.9,Bstd:149.5,StrandBias:1.0,Multiplicity:1.50
0.001	0.404	0.001	0.594
0.001	0.997	0.001	0.001
0.997	0.001	0.001	0.001
0.001	0.997	0.001	0.001
0.001	0.997	0.001	0.001
0.997	0.001	0.001	0.001
0.391	0.594	0.001	0.014
0.001	0.001	0.001	0.997
0.001	0.391	0.204	0.405
0.997	0.001	0.001	0.001
0.001	0.001	0.997	0.001
0.997	0.001	0.001	0.001
>ATGCACTGGGTA	23-ATGCACTGGGTA	14.534180	-15.630196	0	T:7.0(0.09%),B:2.9(0.01%),P:1e-6	Tpos:185.1,Tstd:145.3,Bpos:187.9,Bstd:87.0,StrandBias:4.2,Multiplicity:5.71
0.997	0.001	0.001	0.001
0.001	0.001	0.001	0.997
0.001	0.001	0.997	0.001
0.001	0.641	0.001	0.357
0.645	0.001	0.353	0.001
0.001	0.997	0.001	0.001
0.001	0.001	0.001	0.997
0.001	0.001	0.997	0.001
0.001	0.001	0.997	0.001
0.001	0.001	0.997	0.001
0.001	0.001	0.001	0.997
0.997	0.001	0.001	0.001
>TCACCACTGTGT	24-TCACCACTGTGT	12.355432	-7.349903	0	T:4.0(0.05%),B:2.0(0.00%),P:1e-3	Tpos:196.1,Tstd:126.0,Bpos:226.2,Bstd:8.8,StrandBias:3.9,Multiplicity:4.00
0.100	0.100	0.100	0.700
0.100	0.700	0.100	0.100
0.700	0.100	0.100	0.100
0.100	0.700	0.100	0.100
0.100	0.700	0.100	0.100
0.700	0.100	0.100	0.100
0.100	0.700	0.100	0.100
0.100	0.100	0.100	0.700
0.100	0.100	0.700	0.100
0.100	0.100	0.100	0.700
0.100	0.100	0.700	0.100
0.100	0.100	0.100	0.700
>AATGAGTATACA	25-AATGAGTATACA	13.128714	-4.976192	0	T:3.0(0.04%),B:2.6(0.01%),P:1e-2	Tpos:160.6,Tstd:111.8,Bpos:351.4,Bstd:165.0,StrandBias:10.0,Multiplicity:6.00
0.967	0.001	0.001	0.031
0.997	0.001	0.001	0.001
0.001	0.001	0.001	0.997
0.001	0.001	0.997	0.001
0.997	0.001	0.001	0.001
0.001	0.001	0.997	0.001
0.001	0.001	0.001	0.997
0.997	0.001	0.001	0.001
0.001	0.001	0.001	0.997
0.997	0.001	0.001	0.001
0.001	0.997	0.001	0.001
0.997	0.001	0.001	0.001
>ATGAGTCA	1-ATGAGTCA	6.572616	-1626.883493	0	T:2415.0(30.80%),B:3454.8(8.37%),P:1e-706	Tpos:280.9,Tstd:197.0,Bpos:251.6,Bstd:154.1,StrandBias:-0.0,Multiplicity:1.24
0.655	0.145	0.159	0.041
0.001	0.001	0.001	0.997
0.001	0.001	0.966	0.032
0.997	0.001	0.001	0.001
0.013	0.284	0.693	0.010
0.001	0.001	0.001	0.997
0.016	0.982	0.001	0.001
0.997	0.001	0.001	0.001
>MTGAGTCA	2-MTGAGTCA	6.413893	-1469.144167	0	T:3120.0(39.79%),B:6058.6(14.68%),P:1e-638	Tpos:282.6,Tstd:202.6,Bpos:253.1,Bstd:152.0,StrandBias:-0.1,Multiplicity:1.11
0.370	0.234	0.190	0.206
0.051	0.017	0.197	0.735
0.048	0.001	0.588	0.363
0.729	0.121	0.149	0.001
0.172	0.131	0.544	0.153
0.016	0.133	0.026	0.825
0.301	0.636	0.022	0.041
0.935	0.001	0.056	0.008
>AAACCACA	3-AAACCACA	7.738733	-558.321058	0	T:1983.0(25.29%),B:4808.4(11.65%),P:1e-242	Tpos:294.5,Tstd:215.0,Bpos:250.2,Bstd:151.9,StrandBias:-0.0,Multiplicity:1.19
0.675	0.087	0.001	0.237
0.997	0.001	0.001	0.001
0.849	0.057	0.093	0.001
0.001	0.997	0.001	0.001
0.001	0.997	0.001	0.001
0.974	0.001	0.024	0.001
0.001	0.997	0.001	0.001
0.946	0.001	0.001	0.052
>WAACCGCA	4-WAACCGCA	6.063261	-479.811007	0	T:2407.0(30.69%),B:6837.4(16.57%),P:1e-208	Tpos:300.2,Tstd:233.5,Bpos:252.6,Bstd:157.3,StrandBias:0.1,Multiplicity:1.13
0.456	0.035	0.036	0.473
0.760	0.003	0.020	0.217
0.843	0.001	0.075	0.081
0.060	0.850	0.064	0.026
0.001	0.908	0.090	0.001
0.312	0.001	0.613	0.074
0.001	0.767	0.125	0.107
0.494	0.173	0.180	0.152
>CTTCCGGT	5-CTTCCGGT	4.727274	-356.340615	0	T:1816.0(23.16%),B:5076.6(12.30%),P:1e-154	Tpos:285.0,Tstd:208.1,Bpos:252.6,Bstd:151.8,StrandBias:-0.0,Multiplicity:1.16
0.001	0.968	0.001	0.030
0.016	0.001	0.001	0.982
0.001	0.001	0.001	0.997
0.001	0.997	0.001	0.001
0.001	0.997	0.001	0.001
0.001	0.001	0.885	0.113
0.001	0.001	0.997	0.001
0.001	0.001	0.001	0.997
>CACWTCCT	6-CACWTCCT	4.755293	-304.806349	0	T:1868.0(23.82%),B:5575.9(13.51%),P:1e-132	Tpos:286.0,Tstd:215.4,Bpos:252.6,Bstd:152.1,StrandBias:0.0,Multiplicity:1.13
0.001	0.605	0.001	0.393
0.997	0.001	0.001	0.001
0.001	0.991	0.001	0.007
0.397	0.001	0.176	0.425
0.001	0.001	0.001	0.997
0.001	0.997	0.001	0.001
0.001	0.997	0.001	0.001
0.001	0.001	0.001	0.997
>ATGCAAAT	7-ATGCAAAT	8.236954	-292.194978	0	T:520.0(6.63%),B:783.1(1.90%),P:1e-126	Tpos:276.0,Tstd:189.1,Bpos:250.7,Bstd:146.4,StrandBias:0.1,Multiplicity:1.07
0.700	0.100	0.100	0.100
0.100	0.100	0.100	0.700
0.100	0.100	0.700	0.100
0.100	0.700	0.100	0.100
0.700	0.100	0.100	0.100
0.700	0.100	0.100	0.100
0.700	0.100	0.100	0.100
0.100	0.100	0.100	0.700
>RTGGGCGG	8-RTGGGCGG	6.892013	-270.020485	0	T:2037.0(25.98%),B:6511.5(15.78%),P:1e-117	Tpos:293.2,Tstd:220.4,Bpos:251.1,Bstd:155.4,StrandBias:-0.0,Multiplicity:1.26
0.264	0.210	0.372	0.153
0.099	0.001	0.124	0.776
0.334	0.001	0.664	0.001
0.001	0.071	0.927	0.001
0.001	0.001	0.997	0.001
0.207	0.492	0.001	0.300
0.113	0.001	0.883	0.003
0.050	0.001	0.561	0.388
>AACGGAAA	9-AACGGAAA	5.269523	-257.834176	0	T:3821.0(48.72%),B:14961.8(36.26%),P:1e-111	Tpos:293.8,Tstd:221.2,Bpos:252.4,Bstd:150.8,StrandBias:-0.0,Multiplicity:1.55
0.916	0.038	0.022	0.024
0.860	0.058	0.036	0.046
0.065	0.588	0.001	0.346
0.058	0.085	0.758	0.099
0.001	0.001	0.997	0.001
0.997	0.001	0.001	0.001
0.989	0.001	0.001	0.009
0.944	0.017	0.038	0.001
>TACGTAAA	10-TACGTAAA	7.206012	-195.640983	0	T:630.0(8.03%),B:1385.3(3.36%),P:1e-84	Tpos:264.6,Tstd:193.8,Bpos:248.1,Bstd:148.1,StrandBias:0.0,Multiplicity:1.05
0.001	0.001	0.001	0.997
0.997	0.001	0.001	0.001
0.001	0.583	0.001	0.415
0.001	0.001	0.997	0.001
0.001	0.296	0.001	0.702
0.997	0.001	0.001	0.001
0.997	0.001	0.001	0.001
0.947	0.001	0.001	0.051
>TTTGATGT	11-TTTGATGT	8.189598	-178.644078	0	T:1025.0(13.07%),B:2916.1(7.07%),P:1e-77	Tpos:298.4,Tstd:210.5,Bpos:248.9,Bstd:152.0,StrandBias:-0.0,Multiplicity:1.10
0.001	0.001	0.001	0.997
0.001	0.001	0.001	0.997
0.001	0.001	0.001	0.997
0.001	0.001	0.997	0.001
0.997	0.001	0.001	0.001
0.232	0.001	0.001	0.766
0.001	0.206	0.792	0.001
0.092	0.001	0.001	0.906
>TCACRCGT	12-TCACRCGT	6.894693	-165.662726	0	T:1635.0(20.85%),B:5549.2(13.45%),P:1e-71	Tpos:291.2,Tstd:215.5,Bpos:249.2,Bstd:158.3,StrandBias:-0.1,Multiplicity:1.15
0.001	0.001	0.001	0.997
0.125	0.451	0.283	0.141
0.997	0.001	0.001	0.001
0.001	0.997	0.001	0.001
0.453	0.001	0.545	0.001
0.001	0.997	0.001	0.001
0.001	0.270	0.516	0.213
0.001	0.001	0.001	0.997
>CGGAAMYT	13-CGGAAMYT	2.582063	-156.627326	0	T:1325.0(16.90%),B:4287.6(10.39%),P:1e-68	Tpos:306.7,Tstd:250.8,Bpos:246.7,Bstd:157.5,StrandBias:0.0,Multiplicity:1.11
0.001	0.997	0.001	0.001
0.001	0.001	0.997	0.001
0.233	0.001	0.765	0.001
0.997	0.001	0.001	0.001
0.997	0.001	0.001	0.001
0.535	0.418	0.046	0.001
0.001	0.499	0.001	0.499
0.015	0.001	0.001	0.983
>GCASTTTC	14-GCASTTTC	6.974740	-149.169510	0	T:2091.0(26.66%),B:7750.2(18.78%),P:1e-64	Tpos:302.0,Tstd:229.7,Bpos:249.9,Bstd:156.5,StrandBias:-0.1,Multiplicity:1.18
0.001	0.001	0.577	0.421
0.001	0.762	0.001	0.236
0.818	0.001	0.180	0.001
0.001	0.514	0.484	0.001
0.001	0.001	0.001	0.997
0.115	0.001	0.001	0.883
0.001	0.115	0.001	0.883
0.088	0.751	0.001	0.160
>TGCGGTSA	15-TGCGGTSA	4.105100	-139.403965	0	T:1465.0(18.68%),B:5029.0(12.19%),P:1e-60	Tpos:292.1,Tstd:221.7,Bpos:250.9,Bstd:157.0,StrandBias:-0.0,Multiplicity:1.13
0.001	0.001	0.001	0.997
0.001	0.001	0.997	0.001
0.001	0.951	0.001	0.047
0.001	0.001	0.997	0.001
0.001	0.001	0.997	0.001
0.001	0.001	0.001	0.997
0.001	0.526	0.472	0.001
0.576	0.001	0.038	0.385
>ATGACTAG	16-ATGACTAG	4.134112	-134.085812	0	T:940.0(11.99%),B:2852.7(6.91%),P:1e-58	Tpos:276.3,Tstd:219.5,Bpos:247.3,Bstd:149.1,StrandBias:0.2,Multiplicity:1.11
0.997	0.001	0.001	0.001
0.001	0.001	0.001	0.997
0.001	0.001	0.997	0.001
0.997	0.001	0.001	0.001
0.001	0.997	0.001	0.001
0.001	0.001	0.001	0.997
0.970	0.001	0.028	0.001
0.001	0.001	0.829	0.169
>GGGGGGGG	17-GGGGGGGG	6.630688	-121.536684	0	T:2999.0(38.24%),B:12422.8(30.11%),P:1e-52	Tpos:313.9,Tstd:240.2,Bpos:251.4,Bstd:147.5,StrandBias:-0.1,Multiplicity:1.67
0.001	0.001	0.997	0.001
0.001	0.001	0.997	0.001
0.041	0.001	0.902	0.056
0.074	0.134	0.628	0.164
0.061	0.118	0.745	0.076
0.082	0.063	0.725	0.130
0.001	0.001	0.997	0.001
0.001	0.001	0.997	0.001
>TCAAAGCG	18-TCAAAGCG	3.006209	-108.104553	0	T:2253.0(28.73%),B:8977.5(21.76%),P:1e-46	Tpos:301.4,Tstd:226.8,Bpos:251.4,Bstd:154.2,StrandBias:0.1,Multiplicity:1.17
0.001	0.001	0.001	0.997
0.146	0.852	0.001	0.001
0.997	0.001	0.001	0.001
0.997	0.001	0.001	0.001
0.997	0.001	0.001	0.001
0.001	0.001	0.997	0.001
0.001	0.684	0.001	0.314
0.001	0.001	0.997	0.001
>AAAAMCCC	19-AAAAMCCC	7.769646	-82.564727	0	T:1377.0(17.56%),B:5200.4(12.60%),P:1e-35	Tpos:300.6,Tstd:226.7,Bpos:249.4,Bstd:155.1,StrandBias:0.1,Multiplicity:1.12
0.580	0.001	0.418	0.001
0.997	0.001	0.001	0.001
0.997	0.001	0.001	0.001
0.997	0.001	0.001	0.001
0.397	0.387	0.001	0.215
0.221	0.777	0.001	0.001
0.001	0.997	0.001	0.001
0.001	0.997	0.001	0.001
>TGCGTCAY	20-TGCGTCAY	3.612255	-69.191181	0	T:1039.0(13.25%),B:3825.6(9.27%),P:1e-30	Tpos:296.1,Tstd:225.1,Bpos:254.3,Bstd:156.1,StrandBias:0.0,Multiplicity:1.10
0.001	0.001	0.001	0.997
0.001	0.001	0.784	0.214
0.001	0.732	0.001	0.266
0.001	0.001	0.997	0.001
0.001	0.001	0.001	0.997
0.001	0.997	0.001	0.001
0.997	0.001	0.001	0.001
0.001	0.507	0.001	0.491
>KAYGWCAG	21-KAYGWCAG	7.013626	-66.501932	0	T:1608.0(20.50%),B:6481.7(15.71%),P:1e-28	Tpos:301.2,Tstd:233.0,Bpos:253.7,Bstd:149.9,StrandBias:0.1,Multiplicity:1.18
0.001	0.001	0.539	0.459
0.997	0.001	0.001	0.001
0.001	0.468	0.001	0.530
0.001	0.001	0.997	0.001
0.503	0.001	0.001	0.495
0.253	0.745	0.001	0.001
0.997	0.001	0.001	0.001
0.001	0.001	0.814	0.184
>GCTAATTA	22-GCTAATTA	6.922145	-58.181456	0	T:921.0(11.74%),B:3421.8(8.29%),P:1e-25	Tpos:314.6,Tstd:246.5,Bpos:246.1,Bstd:145.0,StrandBias:-0.2,Multiplicity:1.12
0.138	0.063	0.798	0.001
0.001	0.960	0.001	0.038
0.085	0.001	0.001	0.913
0.808	0.092	0.054	0.046
0.917	0.001	0.025	0.057
0.001	0.033	0.001	0.965
0.001	0.097	0.165	0.737
0.956	0.001	0.001	0.042
>CCACGCCT	23-CCACGCCT	7.500826	-51.352436	0	T:600.0(7.65%),B:2082.7(5.05%),P:1e-22	Tpos:321.4,Tstd:230.1,Bpos:252.9,Bstd:161.1,StrandBias:-0.0,Multiplicity:1.11
0.249	0.749	0.001	0.001
0.001	0.955	0.001	0.043
0.719	0.134	0.001	0.146
0.001	0.997	0.001	0.001
0.001	0.001	0.997	0.001
0.001	0.997	0.001	0.001
0.121	0.877	0.001	0.001
0.001	0.001	0.001	0.997
>GTGAGTAA	24-GTGAGTAA	9.032506	-30.611395	0	T:350.0(4.46%),B:1211.8(2.94%),P:1e-13	Tpos:290.6,Tstd:208.2,Bpos:250.3,Bstd:152.9,StrandBias:0.2,Multiplicity:1.03
0.001	0.001	0.793	0.205
0.001	0.001	0.001	0.997
0.001	0.001	0.997	0.001
0.997	0.001	0.001	0.001
0.001	0.001	0.834	0.164
0.001	0.001	0.001	0.997
0.997	0.001	0.001	0.001
0.997	0.001	0.001	0.001
>CACGTCAT	25-CACGTCAT	7.680333	-23.178404	0	T:161.0(2.05%),B:490.3(1.19%),P:1e-10	Tpos:258.0,Tstd:201.6,Bpos:251.4,Bstd:152.8,StrandBias:-0.6,Multiplicity:1.01
0.001	0.997	0.001	0.001
0.950	0.001	0.048	0.001
0.001	0.997	0.001	0.001
0.001	0.001	0.997	0.001
0.001	0.001	0.001	0.997
0.001	0.997	0.001	0.001
0.897	0.001	0.101	0.001
0.001	0.001	0.219	0.779
