>ATGAGTCA	1-ATGAGTCA	6.572616	-1626.883493	0	T:2415.0(30.80%),B:3454.8(8.37%),P:1e-706	Tpos:280.9,Tstd:197.0,Bpos:251.6,Bstd:154.1,StrandBias:-0.0,Multiplicity:1.24
0.655	0.145	0.159	0.041
0.001	0.001	0.001	0.997
0.001	0.001	0.966	0.032
0.997	0.001	0.001	0.001
0.013	0.284	0.693	0.010
0.001	0.001	0.001	0.997
0.016	0.982	0.001	0.001
0.997	0.001	0.001	0.001
>MTGAGTCA	2-MTGAGTCA	6.413893	-1469.144167	0	T:3120.0(39.79%),B:6058.6(14.68%),P:1e-638	Tpos:282.6,Tstd:202.6,Bpos:253.1,Bstd:152.0,StrandBias:-0.1,Multiplicity:1.11
0.370	0.234	0.190	0.206
0.051	0.017	0.197	0.735
0.048	0.001	0.588	0.363
0.729	0.121	0.149	0.001
0.172	0.131	0.544	0.153
0.016	0.133	0.026	0.825
0.301	0.636	0.022	0.041
0.935	0.001	0.056	0.008
>AAACCACA	3-AAACCACA	7.738733	-558.321058	0	T:1983.0(25.29%),B:4808.4(11.65%),P:1e-242	Tpos:294.5,Tstd:215.0,Bpos:250.2,Bstd:151.9,StrandBias:-0.0,Multiplicity:1.19
0.675	0.087	0.001	0.237
0.997	0.001	0.001	0.001
0.849	0.057	0.093	0.001
0.001	0.997	0.001	0.001
0.001	0.997	0.001	0.001
0.974	0.001	0.024	0.001
0.001	0.997	0.001	0.001
0.946	0.001	0.001	0.052
>WAACCGCA	4-WAACCGCA	6.063261	-479.811007	0	T:2407.0(30.69%),B:6837.4(16.57%),P:1e-208	Tpos:300.2,Tstd:233.5,Bpos:252.6,Bstd:157.3,StrandBias:0.1,Multiplicity:1.13
0.456	0.035	0.036	0.473
0.760	0.003	0.020	0.217
0.843	0.001	0.075	0.081
0.060	0.850	0.064	0.026
0.001	0.908	0.090	0.001
0.312	0.001	0.613	0.074
0.001	0.767	0.125	0.107
0.494	0.173	0.180	0.152
>CTTCCGGT	5-CTTCCGGT	4.727274	-356.340615	0	T:1816.0(23.16%),B:5076.6(12.30%),P:1e-154	Tpos:285.0,Tstd:208.1,Bpos:252.6,Bstd:151.8,StrandBias:-0.0,Multiplicity:1.16
0.001	0.968	0.001	0.030
0.016	0.001	0.001	0.982
0.001	0.001	0.001	0.997
0.001	0.997	0.001	0.001
0.001	0.997	0.001	0.001
0.001	0.001	0.885	0.113
0.001	0.001	0.997	0.001
0.001	0.001	0.001	0.997
>CACWTCCT	6-CACWTCCT	4.755293	-304.806349	0	T:1868.0(23.82%),B:5575.9(13.51%),P:1e-132	Tpos:286.0,Tstd:215.4,Bpos:252.6,Bstd:152.1,StrandBias:0.0,Multiplicity:1.13
0.001	0.605	0.001	0.393
0.997	0.001	0.001	0.001
0.001	0.991	0.001	0.007
0.397	0.001	0.176	0.425
0.001	0.001	0.001	0.997
0.001	0.997	0.001	0.001
0.001	0.997	0.001	0.001
0.001	0.001	0.001	0.997
>ATGCAAAT	7-ATGCAAAT	8.236954	-292.194978	0	T:520.0(6.63%),B:783.1(1.90%),P:1e-126	Tpos:276.0,Tstd:189.1,Bpos:250.7,Bstd:146.4,StrandBias:0.1,Multiplicity:1.07
0.700	0.100	0.100	0.100
0.100	0.100	0.100	0.700
0.100	0.100	0.700	0.100
0.100	0.700	0.100	0.100
0.700	0.100	0.100	0.100
0.700	0.100	0.100	0.100
0.700	0.100	0.100	0.100
0.100	0.100	0.100	0.700
>RTGGGCGG	8-RTGGGCGG	6.892013	-270.020485	0	T:2037.0(25.98%),B:6511.5(15.78%),P:1e-117	Tpos:293.2,Tstd:220.4,Bpos:251.1,Bstd:155.4,StrandBias:-0.0,Multiplicity:1.26
0.264	0.210	0.372	0.153
0.099	0.001	0.124	0.776
0.334	0.001	0.664	0.001
0.001	0.071	0.927	0.001
0.001	0.001	0.997	0.001
0.207	0.492	0.001	0.300
0.113	0.001	0.883	0.003
0.050	0.001	0.561	0.388
>AACGGAAA	9-AACGGAAA	5.269523	-257.834176	0	T:3821.0(48.72%),B:14961.8(36.26%),P:1e-111	Tpos:293.8,Tstd:221.2,Bpos:252.4,Bstd:150.8,StrandBias:-0.0,Multiplicity:1.55
0.916	0.038	0.022	0.024
0.860	0.058	0.036	0.046
0.065	0.588	0.001	0.346
0.058	0.085	0.758	0.099
0.001	0.001	0.997	0.001
0.997	0.001	0.001	0.001
0.989	0.001	0.001	0.009
0.944	0.017	0.038	0.001
>TACGTAAA	10-TACGTAAA	7.206012	-195.640983	0	T:630.0(8.03%),B:1385.3(3.36%),P:1e-84	Tpos:264.6,Tstd:193.8,Bpos:248.1,Bstd:148.1,StrandBias:0.0,Multiplicity:1.05
0.001	0.001	0.001	0.997
0.997	0.001	0.001	0.001
0.001	0.583	0.001	0.415
0.001	0.001	0.997	0.001
0.001	0.296	0.001	0.702
0.997	0.001	0.001	0.001
0.997	0.001	0.001	0.001
0.947	0.001	0.001	0.051
>TTTGATGT	11-TTTGATGT	8.189598	-178.644078	0	T:1025.0(13.07%),B:2916.1(7.07%),P:1e-77	Tpos:298.4,Tstd:210.5,Bpos:248.9,Bstd:152.0,StrandBias:-0.0,Multiplicity:1.10
0.001	0.001	0.001	0.997
0.001	0.001	0.001	0.997
0.001	0.001	0.001	0.997
0.001	0.001	0.997	0.001
0.997	0.001	0.001	0.001
0.232	0.001	0.001	0.766
0.001	0.206	0.792	0.001
0.092	0.001	0.001	0.906
>TCACRCGT	12-TCACRCGT	6.894693	-165.662726	0	T:1635.0(20.85%),B:5549.2(13.45%),P:1e-71	Tpos:291.2,Tstd:215.5,Bpos:249.2,Bstd:158.3,StrandBias:-0.1,Multiplicity:1.15
0.001	0.001	0.001	0.997
0.125	0.451	0.283	0.141
0.997	0.001	0.001	0.001
0.001	0.997	0.001	0.001
0.453	0.001	0.545	0.001
0.001	0.997	0.001	0.001
0.001	0.270	0.516	0.213
0.001	0.001	0.001	0.997
>CGGAAMYT	13-CGGAAMYT	2.582063	-156.627326	0	T:1325.0(16.90%),B:4287.6(10.39%),P:1e-68	Tpos:306.7,Tstd:250.8,Bpos:246.7,Bstd:157.5,StrandBias:0.0,Multiplicity:1.11
0.001	0.997	0.001	0.001
0.001	0.001	0.997	0.001
0.233	0.001	0.765	0.001
0.997	0.001	0.001	0.001
0.997	0.001	0.001	0.001
0.535	0.418	0.046	0.001
0.001	0.499	0.001	0.499
0.015	0.001	0.001	0.983
>GCASTTTC	14-GCASTTTC	6.974740	-149.169510	0	T:2091.0(26.66%),B:7750.2(18.78%),P:1e-64	Tpos:302.0,Tstd:229.7,Bpos:249.9,Bstd:156.5,StrandBias:-0.1,Multiplicity:1.18
0.001	0.001	0.577	0.421
0.001	0.762	0.001	0.236
0.818	0.001	0.180	0.001
0.001	0.514	0.484	0.001
0.001	0.001	0.001	0.997
0.115	0.001	0.001	0.883
0.001	0.115	0.001	0.883
0.088	0.751	0.001	0.160
>TGCGGTSA	15-TGCGGTSA	4.105100	-139.403965	0	T:1465.0(18.68%),B:5029.0(12.19%),P:1e-60	Tpos:292.1,Tstd:221.7,Bpos:250.9,Bstd:157.0,StrandBias:-0.0,Multiplicity:1.13
0.001	0.001	0.001	0.997
0.001	0.001	0.997	0.001
0.001	0.951	0.001	0.047
0.001	0.001	0.997	0.001
0.001	0.001	0.997	0.001
0.001	0.001	0.001	0.997
0.001	0.526	0.472	0.001
0.576	0.001	0.038	0.385
>ATGACTAG	16-ATGACTAG	4.134112	-134.085812	0	T:940.0(11.99%),B:2852.7(6.91%),P:1e-58	Tpos:276.3,Tstd:219.5,Bpos:247.3,Bstd:149.1,StrandBias:0.2,Multiplicity:1.11
0.997	0.001	0.001	0.001
0.001	0.001	0.001	0.997
0.001	0.001	0.997	0.001
0.997	0.001	0.001	0.001
0.001	0.997	0.001	0.001
0.001	0.001	0.001	0.997
0.970	0.001	0.028	0.001
0.001	0.001	0.829	0.169
>GGGGGGGG	17-GGGGGGGG	6.630688	-121.536684	0	T:2999.0(38.24%),B:12422.8(30.11%),P:1e-52	Tpos:313.9,Tstd:240.2,Bpos:251.4,Bstd:147.5,StrandBias:-0.1,Multiplicity:1.67
0.001	0.001	0.997	0.001
0.001	0.001	0.997	0.001
0.041	0.001	0.902	0.056
0.074	0.134	0.628	0.164
0.061	0.118	0.745	0.076
0.082	0.063	0.725	0.130
0.001	0.001	0.997	0.001
0.001	0.001	0.997	0.001
>TCAAAGCG	18-TCAAAGCG	3.006209	-108.104553	0	T:2253.0(28.73%),B:8977.5(21.76%),P:1e-46	Tpos:301.4,Tstd:226.8,Bpos:251.4,Bstd:154.2,StrandBias:0.1,Multiplicity:1.17
0.001	0.001	0.001	0.997
0.146	0.852	0.001	0.001
0.997	0.001	0.001	0.001
0.997	0.001	0.001	0.001
0.997	0.001	0.001	0.001
0.001	0.001	0.997	0.001
0.001	0.684	0.001	0.314
0.001	0.001	0.997	0.001
>AAAAMCCC	19-AAAAMCCC	7.769646	-82.564727	0	T:1377.0(17.56%),B:5200.4(12.60%),P:1e-35	Tpos:300.6,Tstd:226.7,Bpos:249.4,Bstd:155.1,StrandBias:0.1,Multiplicity:1.12
0.580	0.001	0.418	0.001
0.997	0.001	0.001	0.001
0.997	0.001	0.001	0.001
0.997	0.001	0.001	0.001
0.397	0.387	0.001	0.215
0.221	0.777	0.001	0.001
0.001	0.997	0.001	0.001
0.001	0.997	0.001	0.001
>TGCGTCAY	20-TGCGTCAY	3.612255	-69.191181	0	T:1039.0(13.25%),B:3825.6(9.27%),P:1e-30	Tpos:296.1,Tstd:225.1,Bpos:254.3,Bstd:156.1,StrandBias:0.0,Multiplicity:1.10
0.001	0.001	0.001	0.997
0.001	0.001	0.784	0.214
0.001	0.732	0.001	0.266
0.001	0.001	0.997	0.001
0.001	0.001	0.001	0.997
0.001	0.997	0.001	0.001
0.997	0.001	0.001	0.001
0.001	0.507	0.001	0.491
>KAYGWCAG	21-KAYGWCAG	7.013626	-66.501932	0	T:1608.0(20.50%),B:6481.7(15.71%),P:1e-28	Tpos:301.2,Tstd:233.0,Bpos:253.7,Bstd:149.9,StrandBias:0.1,Multiplicity:1.18
0.001	0.001	0.539	0.459
0.997	0.001	0.001	0.001
0.001	0.468	0.001	0.530
0.001	0.001	0.997	0.001
0.503	0.001	0.001	0.495
0.253	0.745	0.001	0.001
0.997	0.001	0.001	0.001
0.001	0.001	0.814	0.184
>GCTAATTA	22-GCTAATTA	6.922145	-58.181456	0	T:921.0(11.74%),B:3421.8(8.29%),P:1e-25	Tpos:314.6,Tstd:246.5,Bpos:246.1,Bstd:145.0,StrandBias:-0.2,Multiplicity:1.12
0.138	0.063	0.798	0.001
0.001	0.960	0.001	0.038
0.085	0.001	0.001	0.913
0.808	0.092	0.054	0.046
0.917	0.001	0.025	0.057
0.001	0.033	0.001	0.965
0.001	0.097	0.165	0.737
0.956	0.001	0.001	0.042
>CCACGCCT	23-CCACGCCT	7.500826	-51.352436	0	T:600.0(7.65%),B:2082.7(5.05%),P:1e-22	Tpos:321.4,Tstd:230.1,Bpos:252.9,Bstd:161.1,StrandBias:-0.0,Multiplicity:1.11
0.249	0.749	0.001	0.001
0.001	0.955	0.001	0.043
0.719	0.134	0.001	0.146
0.001	0.997	0.001	0.001
0.001	0.001	0.997	0.001
0.001	0.997	0.001	0.001
0.121	0.877	0.001	0.001
0.001	0.001	0.001	0.997
>GTGAGTAA	24-GTGAGTAA	9.032506	-30.611395	0	T:350.0(4.46%),B:1211.8(2.94%),P:1e-13	Tpos:290.6,Tstd:208.2,Bpos:250.3,Bstd:152.9,StrandBias:0.2,Multiplicity:1.03
0.001	0.001	0.793	0.205
0.001	0.001	0.001	0.997
0.001	0.001	0.997	0.001
0.997	0.001	0.001	0.001
0.001	0.001	0.834	0.164
0.001	0.001	0.001	0.997
0.997	0.001	0.001	0.001
0.997	0.001	0.001	0.001
>CACGTCAT	25-CACGTCAT	7.680333	-23.178404	0	T:161.0(2.05%),B:490.3(1.19%),P:1e-10	Tpos:258.0,Tstd:201.6,Bpos:251.4,Bstd:152.8,StrandBias:-0.6,Multiplicity:1.01
0.001	0.997	0.001	0.001
0.950	0.001	0.048	0.001
0.001	0.997	0.001	0.001
0.001	0.001	0.997	0.001
0.001	0.001	0.001	0.997
0.001	0.997	0.001	0.001
0.897	0.001	0.101	0.001
0.001	0.001	0.219	0.779
