Factor1: 1.5276738742087765
Factor2: 0.65458997295344
