Factor1: 1.0260210235043021
Factor2: 0.9746388983186435
