Factor1: 1.0279473916119841
Factor2: 0.9728124300523218
