Factor1: 1.047025820873257
Factor2: 0.9550862835130106
