>YAYTTCCTGT	1-YAYTTCCTGT	8.390029	-866.273649	0	T:1632.0(31.67%),B:4516.4(10.41%),P:1e-376	Tpos:283.4,Tstd:203.1,Bpos:242.1,Bstd:144.3,StrandBias:0.0,Multiplicity:1.21
0.193	0.394	0.094	0.319
0.740	0.001	0.258	0.001
0.001	0.557	0.001	0.441
0.142	0.001	0.001	0.856
0.001	0.001	0.001	0.997
0.001	0.997	0.001	0.001
0.001	0.997	0.001	0.001
0.001	0.001	0.001	0.997
0.001	0.115	0.769	0.115
0.001	0.294	0.001	0.704
>NASATCAAAG	2-NASATCAAAG	7.507834	-544.461625	0	T:1505.0(29.21%),B:5230.5(12.06%),P:1e-236	Tpos:284.2,Tstd:213.4,Bpos:243.1,Bstd:148.1,StrandBias:0.1,Multiplicity:1.25
0.302	0.281	0.245	0.172
0.572	0.054	0.204	0.170
0.098	0.407	0.391	0.103
0.640	0.001	0.025	0.334
0.145	0.001	0.001	0.853
0.123	0.701	0.175	0.001
0.951	0.001	0.001	0.047
0.892	0.039	0.068	0.001
0.997	0.001	0.001	0.001
0.184	0.138	0.630	0.048
>NNACTTCCKB	3-NNACTTCCKB	6.030751	-453.066322	0	T:2155.0(41.82%),B:9972.8(22.98%),P:1e-196	Tpos:293.3,Tstd:229.1,Bpos:240.7,Bstd:150.2,StrandBias:-0.0,Multiplicity:1.22
0.168	0.246	0.310	0.276
0.243	0.271	0.190	0.296
0.516	0.153	0.262	0.069
0.033	0.716	0.108	0.143
0.053	0.028	0.017	0.902
0.109	0.171	0.034	0.686
0.031	0.712	0.209	0.048
0.043	0.819	0.049	0.089
0.021	0.230	0.389	0.360
0.106	0.329	0.259	0.307
>NVWAACCACA	4-NVWAACCACA	7.314870	-312.850515	0	T:769.0(14.92%),B:2377.8(5.48%),P:1e-135	Tpos:293.4,Tstd:208.0,Bpos:243.4,Bstd:144.9,StrandBias:-0.2,Multiplicity:1.11
0.234	0.269	0.280	0.218
0.230	0.266	0.327	0.177
0.383	0.209	0.077	0.330
0.708	0.003	0.126	0.163
0.871	0.127	0.001	0.001
0.010	0.988	0.001	0.001
0.001	0.782	0.001	0.216
0.609	0.051	0.339	0.001
0.177	0.766	0.001	0.056
0.477	0.058	0.238	0.226
>CCACATCARA	5-CCACATCARA	9.374640	-233.143653	0	T:363.0(7.04%),B:789.4(1.82%),P:1e-101	Tpos:268.8,Tstd:177.3,Bpos:241.0,Bstd:143.5,StrandBias:0.0,Multiplicity:1.05
0.001	0.997	0.001	0.001
0.001	0.997	0.001	0.001
0.983	0.001	0.015	0.001
0.001	0.997	0.001	0.001
0.725	0.001	0.096	0.178
0.236	0.001	0.001	0.762
0.001	0.716	0.207	0.076
0.753	0.001	0.001	0.245
0.401	0.050	0.501	0.048
0.807	0.001	0.070	0.122
>NTACTTCCTN	6-NTACTTCCTN	5.035681	-201.866606	0	T:2079.0(40.35%),B:11921.8(27.48%),P:1e-87	Tpos:281.6,Tstd:202.6,Bpos:242.1,Bstd:146.6,StrandBias:-0.0,Multiplicity:1.16
0.230	0.275	0.236	0.258
0.148	0.147	0.153	0.552
0.537	0.151	0.165	0.147
0.138	0.579	0.140	0.143
0.138	0.156	0.140	0.566
0.138	0.142	0.161	0.559
0.149	0.535	0.149	0.167
0.139	0.557	0.149	0.155
0.134	0.145	0.160	0.561
0.239	0.238	0.244	0.279
>CTTTSAAAGC	7-CTTTSAAAGC	7.176678	-115.800273	0	T:1294.0(25.11%),B:7312.0(16.85%),P:1e-50	Tpos:286.6,Tstd:227.9,Bpos:243.9,Bstd:152.0,StrandBias:0.0,Multiplicity:1.18
0.001	0.618	0.245	0.136
0.155	0.127	0.125	0.593
0.006	0.105	0.001	0.888
0.001	0.001	0.001	0.997
0.151	0.360	0.488	0.001
0.988	0.001	0.001	0.010
0.900	0.098	0.001	0.001
0.710	0.001	0.288	0.001
0.223	0.199	0.439	0.140
0.235	0.436	0.117	0.212
>CCCCCCCCCC	8-CCCCCCCCCC	6.140487	-102.921494	0	T:1304.0(25.31%),B:7575.1(17.46%),P:1e-44	Tpos:317.9,Tstd:241.2,Bpos:243.1,Bstd:139.1,StrandBias:-0.2,Multiplicity:1.34
0.028	0.530	0.203	0.239
0.169	0.568	0.027	0.236
0.258	0.494	0.063	0.185
0.207	0.510	0.018	0.265
0.221	0.516	0.037	0.226
0.269	0.535	0.028	0.168
0.255	0.688	0.021	0.036
0.270	0.507	0.026	0.197
0.279	0.574	0.033	0.114
0.228	0.528	0.036	0.208
>AAARGCACCG	9-AAARGCACCG	6.125959	-100.149907	0	T:2243.0(43.53%),B:14825.0(34.17%),P:1e-43	Tpos:297.6,Tstd:234.8,Bpos:241.1,Bstd:151.7,StrandBias:0.0,Multiplicity:1.33
0.567	0.085	0.285	0.063
0.691	0.134	0.160	0.015
0.894	0.045	0.046	0.015
0.414	0.088	0.354	0.144
0.076	0.317	0.506	0.101
0.144	0.740	0.054	0.062
0.835	0.061	0.004	0.100
0.253	0.547	0.171	0.029
0.347	0.598	0.007	0.048
0.177	0.219	0.391	0.213
>AAAACACGCG	10-AAAACACGCG	5.850036	-98.856256	0	T:1226.0(23.79%),B:7071.8(16.30%),P:1e-42	Tpos:302.7,Tstd:248.1,Bpos:242.1,Bstd:157.6,StrandBias:0.1,Multiplicity:1.16
0.837	0.047	0.060	0.056
0.804	0.059	0.103	0.034
0.842	0.082	0.044	0.032
0.791	0.075	0.111	0.023
0.054	0.848	0.041	0.057
0.889	0.021	0.037	0.053
0.075	0.787	0.088	0.050
0.117	0.089	0.754	0.040
0.067	0.777	0.033	0.123
0.072	0.175	0.676	0.077
>CCCCCTAGTG	11-CCCCCTAGTG	9.282185	-95.689669	0	T:183.0(3.55%),B:467.9(1.08%),P:1e-41	Tpos:273.9,Tstd:224.3,Bpos:252.6,Bstd:144.3,StrandBias:0.1,Multiplicity:1.04
0.001	0.985	0.001	0.013
0.001	0.997	0.001	0.001
0.344	0.654	0.001	0.001
0.001	0.817	0.001	0.181
0.001	0.997	0.001	0.001
0.001	0.013	0.001	0.985
0.819	0.001	0.139	0.041
0.001	0.001	0.997	0.001
0.001	0.012	0.001	0.986
0.001	0.036	0.938	0.025
>NAACCGCGCN	12-NAACCGCGCN	3.882530	-90.004172	0	T:2293.0(44.50%),B:15438.2(35.58%),P:1e-39	Tpos:316.6,Tstd:272.2,Bpos:242.7,Bstd:158.6,StrandBias:0.0,Multiplicity:1.46
0.286	0.240	0.239	0.235
0.583	0.150	0.120	0.147
0.564	0.137	0.154	0.145
0.154	0.563	0.151	0.132
0.161	0.518	0.157	0.164
0.158	0.160	0.544	0.138
0.159	0.574	0.126	0.141
0.161	0.149	0.550	0.140
0.155	0.557	0.143	0.145
0.266	0.237	0.235	0.261
>ACTTCRAAGA	13-ACTTCRAAGA	9.232720	-75.130469	0	T:99.0(1.92%),B:186.8(0.43%),P:1e-32	Tpos:249.9,Tstd:240.9,Bpos:238.9,Bstd:147.2,StrandBias:0.1,Multiplicity:1.02
0.997	0.001	0.001	0.001
0.001	0.997	0.001	0.001
0.001	0.001	0.001	0.997
0.001	0.001	0.035	0.963
0.001	0.997	0.001	0.001
0.448	0.001	0.550	0.001
0.997	0.001	0.001	0.001
0.966	0.001	0.032	0.001
0.001	0.285	0.534	0.180
0.997	0.001	0.001	0.001
>TTTCSSTTTC	14-TTTCSSTTTC	8.985705	-67.490980	0	T:326.0(6.33%),B:1383.8(3.19%),P:1e-29	Tpos:308.1,Tstd:223.3,Bpos:241.8,Bstd:151.3,StrandBias:-0.3,Multiplicity:1.06
0.138	0.001	0.171	0.690
0.146	0.001	0.001	0.852
0.001	0.217	0.001	0.781
0.001	0.997	0.001	0.001
0.223	0.378	0.398	0.001
0.001	0.487	0.511	0.001
0.001	0.001	0.001	0.997
0.001	0.001	0.286	0.712
0.035	0.001	0.001	0.963
0.185	0.516	0.298	0.001
>GTCACGTGAC	15-GTCACGTGAC	8.116054	-66.435020	0	T:320.0(6.21%),B:1356.6(3.13%),P:1e-28	Tpos:296.4,Tstd:248.2,Bpos:244.2,Bstd:145.0,StrandBias:-0.1,Multiplicity:1.03
0.001	0.100	0.898	0.001
0.109	0.104	0.012	0.775
0.001	0.997	0.001	0.001
0.959	0.001	0.001	0.039
0.001	0.755	0.022	0.222
0.001	0.183	0.780	0.036
0.089	0.001	0.001	0.909
0.081	0.001	0.735	0.183
0.519	0.024	0.267	0.190
0.085	0.674	0.030	0.211
>ATTTCCGGCA	16-ATTTCCGGCA	7.241691	-63.541639	0	T:213.0(4.13%),B:767.1(1.77%),P:1e-27	Tpos:311.4,Tstd:258.4,Bpos:239.3,Bstd:151.5,StrandBias:-0.1,Multiplicity:1.02
0.703	0.084	0.115	0.098
0.110	0.032	0.023	0.835
0.128	0.040	0.033	0.799
0.093	0.050	0.104	0.753
0.098	0.823	0.037	0.042
0.001	0.964	0.034	0.001
0.014	0.060	0.896	0.030
0.151	0.030	0.712	0.107
0.079	0.731	0.056	0.134
0.792	0.051	0.047	0.110
>TATCACGTGG	17-TATCACGTGG	9.407274	-41.127002	0	T:62.0(1.20%),B:134.7(0.31%),P:1e-17	Tpos:292.3,Tstd:220.9,Bpos:208.6,Bstd:130.7,StrandBias:0.1,Multiplicity:1.00
0.007	0.100	0.088	0.805
0.919	0.015	0.001	0.065
0.026	0.014	0.203	0.757
0.057	0.913	0.029	0.001
0.920	0.001	0.001	0.078
0.005	0.989	0.001	0.005
0.001	0.001	0.952	0.046
0.001	0.001	0.001	0.997
0.163	0.001	0.835	0.001
0.040	0.042	0.917	0.001
>CTACATTTCC	18-CTACATTTCC	10.176864	-37.502957	0	T:62.0(1.20%),B:145.5(0.34%),P:1e-16	Tpos:292.3,Tstd:194.7,Bpos:261.5,Bstd:143.8,StrandBias:0.1,Multiplicity:1.06
0.001	0.997	0.001	0.001
0.001	0.001	0.001	0.997
0.997	0.001	0.001	0.001
0.001	0.997	0.001	0.001
0.997	0.001	0.001	0.001
0.001	0.030	0.176	0.793
0.001	0.001	0.001	0.997
0.142	0.001	0.001	0.856
0.001	0.997	0.001	0.001
0.001	0.997	0.001	0.001
>TGATGTTACC	19-TGATGTTACC	-3.243769	-32.304424	0	T:1862.0(36.13%),B:13502.4(31.12%),P:1e-14	Tpos:283.0,Tstd:218.6,Bpos:242.8,Bstd:146.7,StrandBias:-0.0,Multiplicity:1.28
0.001	0.001	0.001	0.997
0.001	0.001	0.997	0.001
0.997	0.001	0.001	0.001
0.001	0.038	0.001	0.960
0.001	0.001	0.997	0.001
0.001	0.001	0.001	0.997
0.001	0.001	0.001	0.997
0.997	0.001	0.001	0.001
0.001	0.997	0.001	0.001
0.001	0.997	0.001	0.001
>CGCAGTGAGG	20-CGCAGTGAGG	10.376535	-21.346355	0	T:49.0(0.95%),B:148.4(0.34%),P:1e-9	Tpos:251.9,Tstd:158.8,Bpos:257.8,Bstd:158.3,StrandBias:-0.6,Multiplicity:1.29
0.116	0.702	0.001	0.181
0.001	0.001	0.997	0.001
0.274	0.544	0.001	0.181
0.864	0.112	0.023	0.001
0.001	0.142	0.856	0.001
0.001	0.001	0.001	0.997
0.250	0.001	0.748	0.001
0.997	0.001	0.001	0.001
0.001	0.012	0.884	0.103
0.001	0.001	0.997	0.001
>AACGCAGCAC	21-AACGCAGCAC	10.820683	-20.537575	0	T:16.0(0.31%),B:18.9(0.04%),P:1e-8	Tpos:288.5,Tstd:268.8,Bpos:281.1,Bstd:188.1,StrandBias:-0.6,Multiplicity:1.00
0.997	0.001	0.001	0.001
0.997	0.001	0.001	0.001
0.001	0.997	0.001	0.001
0.001	0.001	0.997	0.001
0.001	0.997	0.001	0.001
0.997	0.001	0.001	0.001
0.001	0.056	0.942	0.001
0.001	0.873	0.001	0.125
0.997	0.001	0.001	0.001
0.001	0.997	0.001	0.001
>GATAAGAAAC	22-GATAAGAAAC	6.247929	-19.468281	0	T:75.0(1.46%),B:297.1(0.68%),P:1e-8	Tpos:283.2,Tstd:219.7,Bpos:248.6,Bstd:142.1,StrandBias:0.5,Multiplicity:1.17
0.001	0.001	0.997	0.001
0.997	0.001	0.001	0.001
0.001	0.001	0.001	0.997
0.997	0.001	0.001	0.001
0.997	0.001	0.001	0.001
0.001	0.162	0.836	0.001
0.997	0.001	0.001	0.001
0.617	0.381	0.001	0.001
0.816	0.182	0.001	0.001
0.001	0.997	0.001	0.001
>CGGTTAAGGG	23-CGGTTAAGGG	10.296193	-19.467359	0	T:6.0(0.12%),B:1.3(0.00%),P:1e-8	Tpos:202.0,Tstd:90.4,Bpos:256.2,Bstd:157.8,StrandBias:10.0,Multiplicity:1.00
0.100	0.700	0.100	0.100
0.100	0.100	0.700	0.100
0.100	0.100	0.700	0.100
0.100	0.100	0.100	0.700
0.100	0.100	0.100	0.700
0.700	0.100	0.100	0.100
0.700	0.100	0.100	0.100
0.100	0.100	0.700	0.100
0.100	0.100	0.700	0.100
0.100	0.100	0.700	0.100
>GATAGGCCCG	24-GATAGGCCCG	10.296193	-15.409832	0	T:6.0(0.12%),B:2.5(0.01%),P:1e-6	Tpos:325.5,Tstd:140.5,Bpos:141.8,Bstd:144.6,StrandBias:-2.3,Multiplicity:1.00
0.100	0.100	0.700	0.100
0.700	0.100	0.100	0.100
0.100	0.100	0.100	0.700
0.700	0.100	0.100	0.100
0.100	0.100	0.700	0.100
0.100	0.100	0.700	0.100
0.100	0.700	0.100	0.100
0.100	0.700	0.100	0.100
0.100	0.700	0.100	0.100
0.100	0.100	0.700	0.100
>TCTTACTTAC	25-TCTTACTTAC	10.296193	-9.287427	0	T:12.0(0.23%),B:26.7(0.06%),P:1e-4	Tpos:226.7,Tstd:148.8,Bpos:243.3,Bstd:124.5,StrandBias:0.3,Multiplicity:1.00
0.100	0.100	0.100	0.700
0.100	0.700	0.100	0.100
0.100	0.100	0.100	0.700
0.100	0.100	0.100	0.700
0.700	0.100	0.100	0.100
0.100	0.700	0.100	0.100
0.100	0.100	0.100	0.700
0.100	0.100	0.100	0.700
0.700	0.100	0.100	0.100
0.100	0.700	0.100	0.100
