Factor1: 0.9694508180836687
Factor2: 1.0315118429387853
