Factor1: 0.9668345307929509
Factor2: 1.0343031492471089
