Factor1: 1.0966578404134601
Factor2: 0.9118614422370624
