Factor1: 0.7088301018211409
Factor2: 1.410775300640845
