>ASATCAAAGR	1-ASATCAAAGR	7.190829	-457.642119	0	T:1173.0(36.79%),B:6844.3(15.03%),P:1e-198	Tpos:270.5,Tstd:185.6,Bpos:241.9,Bstd:147.4,StrandBias:0.1,Multiplicity:1.33
0.772	0.001	0.140	0.087
0.001	0.538	0.430	0.031
0.763	0.021	0.001	0.215
0.061	0.001	0.001	0.937
0.095	0.737	0.148	0.020
0.934	0.001	0.001	0.064
0.898	0.020	0.081	0.001
0.950	0.001	0.034	0.015
0.080	0.123	0.781	0.016
0.389	0.206	0.322	0.084
>NRCTTCCTGT	2-NRCTTCCTGT	7.982743	-396.639181	0	T:1122.0(35.19%),B:6862.9(15.07%),P:1e-172	Tpos:273.3,Tstd:186.9,Bpos:240.0,Bstd:146.3,StrandBias:-0.0,Multiplicity:1.24
0.210	0.346	0.248	0.196
0.516	0.001	0.466	0.017
0.001	0.702	0.003	0.294
0.380	0.011	0.007	0.602
0.014	0.001	0.106	0.879
0.007	0.991	0.001	0.001
0.028	0.970	0.001	0.001
0.021	0.064	0.020	0.895
0.021	0.163	0.570	0.246
0.042	0.338	0.018	0.602
>NGMTGASTCA	3-NGMTGASTCA	4.227557	-359.517773	0	T:694.0(21.77%),B:3189.5(7.01%),P:1e-156	Tpos:259.0,Tstd:169.5,Bpos:234.2,Bstd:143.9,StrandBias:-0.0,Multiplicity:1.18
0.201	0.237	0.267	0.295
0.046	0.143	0.497	0.314
0.454	0.318	0.227	0.001
0.001	0.001	0.001	0.997
0.001	0.001	0.997	0.001
0.997	0.001	0.001	0.001
0.001	0.573	0.425	0.001
0.001	0.001	0.001	0.997
0.001	0.997	0.001	0.001
0.997	0.001	0.001	0.001
>WBTTTCCACT	4-WBTTTCCACT	4.427790	-357.504723	0	T:852.0(26.73%),B:4580.5(10.06%),P:1e-155	Tpos:271.1,Tstd:183.2,Bpos:233.8,Bstd:143.9,StrandBias:0.2,Multiplicity:1.18
0.482	0.001	0.001	0.516
0.142	0.302	0.344	0.211
0.001	0.001	0.001	0.997
0.001	0.001	0.001	0.997
0.001	0.001	0.001	0.997
0.001	0.997	0.001	0.001
0.001	0.997	0.001	0.001
0.798	0.001	0.200	0.001
0.001	0.586	0.001	0.412
0.093	0.218	0.185	0.504
>NTGASTCABH	5-NTGASTCABH	5.824910	-338.152671	0	T:1104.0(34.63%),B:7238.9(15.90%),P:1e-146	Tpos:264.7,Tstd:182.6,Bpos:242.0,Bstd:149.2,StrandBias:-0.1,Multiplicity:1.13
0.261	0.304	0.263	0.173
0.102	0.044	0.001	0.853
0.033	0.022	0.550	0.395
0.896	0.001	0.001	0.102
0.201	0.388	0.387	0.024
0.232	0.053	0.152	0.563
0.292	0.529	0.143	0.036
0.599	0.001	0.191	0.209
0.077	0.256	0.331	0.336
0.248	0.278	0.144	0.330
>CCRCCCACRC	6-CCRCCCACRC	7.456090	-253.154708	0	T:535.0(16.78%),B:2571.3(5.65%),P:1e-109	Tpos:254.7,Tstd:164.8,Bpos:239.8,Bstd:148.4,StrandBias:-0.0,Multiplicity:1.08
0.326	0.536	0.029	0.109
0.221	0.670	0.045	0.064
0.340	0.018	0.411	0.231
0.097	0.818	0.036	0.049
0.044	0.827	0.100	0.029
0.048	0.554	0.080	0.318
0.841	0.063	0.051	0.045
0.042	0.885	0.040	0.033
0.445	0.065	0.316	0.175
0.021	0.478	0.243	0.258
>GATTTGCATA	7-GATTTGCATA	8.416386	-193.129745	0	T:329.0(10.32%),B:1324.2(2.91%),P:1e-83	Tpos:255.6,Tstd:156.6,Bpos:246.5,Bstd:145.9,StrandBias:-0.0,Multiplicity:1.09
0.209	0.177	0.460	0.155
0.721	0.127	0.068	0.084
0.045	0.019	0.048	0.888
0.075	0.014	0.054	0.857
0.019	0.034	0.033	0.914
0.167	0.056	0.746	0.031
0.007	0.975	0.002	0.016
0.902	0.033	0.025	0.040
0.093	0.001	0.023	0.883
0.664	0.071	0.215	0.050
>CCTTTGAACG	8-CCTTTGAACG	6.398753	-178.017637	0	T:1240.0(38.90%),B:10914.6(23.97%),P:1e-77	Tpos:272.7,Tstd:188.4,Bpos:241.6,Bstd:148.0,StrandBias:0.1,Multiplicity:1.20
0.218	0.642	0.020	0.120
0.043	0.651	0.157	0.149
0.099	0.001	0.001	0.899
0.066	0.157	0.023	0.754
0.031	0.001	0.001	0.967
0.055	0.135	0.674	0.136
0.912	0.060	0.027	0.001
0.621	0.071	0.112	0.196
0.167	0.494	0.224	0.115
0.237	0.190	0.405	0.168
>GATGTGGTTT	9-GATGTGGTTT	6.996709	-145.741118	0	T:701.0(21.99%),B:5213.5(11.45%),P:1e-63	Tpos:275.0,Tstd:178.2,Bpos:237.9,Bstd:146.2,StrandBias:0.1,Multiplicity:1.13
0.204	0.134	0.506	0.156
0.566	0.105	0.088	0.241
0.192	0.234	0.001	0.573
0.001	0.056	0.942	0.001
0.011	0.062	0.057	0.870
0.040	0.061	0.870	0.029
0.045	0.010	0.944	0.001
0.001	0.127	0.067	0.805
0.034	0.046	0.022	0.898
0.327	0.022	0.141	0.510
>TGCTTTKAAR	10-TGCTTTKAAR	6.452559	-83.989657	0	T:336.0(10.54%),B:2258.0(4.96%),P:1e-36	Tpos:273.0,Tstd:176.1,Bpos:241.1,Bstd:151.4,StrandBias:0.1,Multiplicity:1.04
0.206	0.142	0.251	0.402
0.243	0.222	0.520	0.015
0.067	0.638	0.012	0.283
0.116	0.009	0.314	0.561
0.007	0.233	0.214	0.546
0.017	0.008	0.008	0.967
0.136	0.158	0.388	0.319
0.478	0.185	0.144	0.194
0.569	0.177	0.107	0.147
0.274	0.071	0.414	0.241
>GCAGCTGTTT	11-GCAGCTGTTT	6.900740	-69.900291	0	T:987.0(30.96%),B:10069.5(22.12%),P:1e-30	Tpos:274.5,Tstd:187.7,Bpos:240.8,Bstd:153.7,StrandBias:0.0,Multiplicity:1.23
0.105	0.099	0.720	0.076
0.087	0.808	0.063	0.042
0.812	0.035	0.046	0.107
0.032	0.045	0.847	0.076
0.068	0.811	0.072	0.049
0.046	0.071	0.037	0.846
0.071	0.062	0.768	0.099
0.077	0.091	0.029	0.803
0.043	0.075	0.086	0.796
0.055	0.086	0.065	0.794
>ARCGGAAATR	12-ARCGGAAATR	7.234049	-69.397206	0	T:215.0(6.74%),B:1270.9(2.79%),P:1e-30	Tpos:267.2,Tstd:172.1,Bpos:236.8,Bstd:147.7,StrandBias:0.0,Multiplicity:1.03
0.576	0.010	0.354	0.060
0.370	0.183	0.245	0.202
0.219	0.472	0.140	0.169
0.209	0.015	0.642	0.134
0.151	0.012	0.585	0.252
0.656	0.017	0.014	0.313
0.956	0.009	0.022	0.013
0.768	0.029	0.022	0.181
0.021	0.045	0.313	0.621
0.319	0.209	0.449	0.023
>GGGGGGGGGG	13-GGGGGGGGGG	6.404373	-60.258380	0	T:1166.0(36.57%),B:12680.8(27.85%),P:1e-26	Tpos:300.1,Tstd:212.0,Bpos:239.0,Bstd:142.2,StrandBias:0.2,Multiplicity:1.62
0.100	0.100	0.700	0.100
0.100	0.100	0.700	0.100
0.100	0.100	0.700	0.100
0.100	0.100	0.700	0.100
0.100	0.100	0.700	0.100
0.100	0.100	0.700	0.100
0.100	0.100	0.700	0.100
0.100	0.100	0.700	0.100
0.100	0.100	0.700	0.100
0.100	0.100	0.700	0.100
>GTTGCCATGG	14-GTTGCCATGG	9.785387	-49.102187	0	T:99.0(3.11%),B:452.3(0.99%),P:1e-21	Tpos:297.0,Tstd:225.1,Bpos:233.1,Bstd:135.9,StrandBias:0.1,Multiplicity:1.01
0.016	0.001	0.982	0.001
0.001	0.001	0.019	0.979
0.032	0.001	0.001	0.966
0.126	0.056	0.770	0.048
0.001	0.900	0.005	0.094
0.001	0.941	0.029	0.029
0.933	0.001	0.031	0.035
0.038	0.017	0.001	0.944
0.008	0.001	0.990	0.001
0.015	0.001	0.966	0.018
>TGTGGTTAGT	15-TGTGGTTAGT	8.313650	-47.325931	0	T:219.0(6.87%),B:1562.2(3.43%),P:1e-20	Tpos:317.3,Tstd:243.5,Bpos:246.8,Bstd:151.1,StrandBias:0.4,Multiplicity:1.09
0.001	0.318	0.001	0.680
0.123	0.136	0.740	0.001
0.001	0.269	0.001	0.729
0.014	0.001	0.961	0.024
0.001	0.274	0.724	0.001
0.001	0.082	0.030	0.887
0.101	0.001	0.279	0.619
0.997	0.001	0.001	0.001
0.001	0.140	0.858	0.001
0.072	0.130	0.101	0.697
>GCTTAGCAAC	16-GCTTAGCAAC	8.240902	-39.759881	0	T:268.0(8.41%),B:2195.6(4.82%),P:1e-17	Tpos:266.3,Tstd:184.6,Bpos:237.0,Bstd:154.0,StrandBias:-0.0,Multiplicity:1.05
0.001	0.125	0.873	0.001
0.001	0.812	0.186	0.001
0.119	0.160	0.001	0.720
0.183	0.190	0.001	0.626
0.616	0.001	0.080	0.303
0.001	0.013	0.985	0.001
0.001	0.764	0.001	0.234
0.899	0.049	0.051	0.001
0.558	0.001	0.278	0.163
0.001	0.894	0.104	0.001
>CGTCACGTGA	17-CGTCACGTGA	6.420607	-36.878015	0	T:224.0(7.03%),B:1772.8(3.89%),P:1e-16	Tpos:263.0,Tstd:183.2,Bpos:241.6,Bstd:154.1,StrandBias:-0.1,Multiplicity:1.05
0.158	0.500	0.111	0.232
0.160	0.087	0.670	0.083
0.021	0.161	0.065	0.753
0.028	0.590	0.242	0.140
0.820	0.052	0.001	0.127
0.152	0.560	0.081	0.207
0.195	0.129	0.458	0.217
0.233	0.042	0.195	0.530
0.098	0.146	0.681	0.075
0.632	0.166	0.107	0.095
>AACGGATGTT	18-AACGGATGTT	7.148665	-32.649439	0	T:155.0(4.86%),B:1121.6(2.46%),P:1e-14	Tpos:307.5,Tstd:250.7,Bpos:242.1,Bstd:148.1,StrandBias:0.3,Multiplicity:1.01
0.761	0.060	0.070	0.109
0.752	0.073	0.077	0.098
0.050	0.862	0.054	0.034
0.077	0.046	0.866	0.011
0.044	0.071	0.808	0.077
0.806	0.044	0.065	0.085
0.079	0.020	0.055	0.846
0.069	0.044	0.831	0.056
0.041	0.076	0.074	0.809
0.106	0.144	0.079	0.671
>GGAAAGTMCC	19-GGAAAGTMCC	9.880680	-30.673455	0	T:62.0(1.94%),B:288.2(0.63%),P:1e-13	Tpos:292.6,Tstd:179.9,Bpos:256.2,Bstd:130.0,StrandBias:0.2,Multiplicity:1.05
0.001	0.001	0.974	0.024
0.001	0.001	0.984	0.014
0.959	0.019	0.001	0.021
0.997	0.001	0.001	0.001
0.987	0.001	0.001	0.011
0.001	0.008	0.990	0.001
0.001	0.062	0.048	0.889
0.428	0.361	0.185	0.025
0.115	0.787	0.041	0.057
0.001	0.997	0.001	0.001
>GTAAACCGGA	20-GTAAACCGGA	10.206147	-28.272455	0	T:32.0(1.00%),B:92.6(0.20%),P:1e-12	Tpos:235.7,Tstd:131.2,Bpos:254.3,Bstd:153.7,StrandBias:0.4,Multiplicity:1.00
0.001	0.138	0.806	0.055
0.001	0.001	0.082	0.916
0.938	0.060	0.001	0.001
0.728	0.138	0.001	0.133
0.997	0.001	0.001	0.001
0.001	0.798	0.063	0.138
0.323	0.675	0.001	0.001
0.001	0.001	0.997	0.001
0.001	0.001	0.693	0.305
0.860	0.138	0.001	0.001
>TGTGYTYAGC	21-TGTGYTYAGC	8.452380	-26.340191	0	T:226.0(7.09%),B:1995.9(4.38%),P:1e-11	Tpos:266.1,Tstd:182.6,Bpos:241.1,Bstd:151.6,StrandBias:0.1,Multiplicity:1.05
0.045	0.083	0.024	0.848
0.023	0.180	0.784	0.013
0.057	0.018	0.071	0.854
0.001	0.001	0.891	0.107
0.011	0.416	0.011	0.562
0.023	0.231	0.002	0.744
0.111	0.445	0.042	0.403
0.655	0.003	0.340	0.002
0.078	0.002	0.913	0.007
0.065	0.900	0.023	0.012
>ACTAGACTAC	22-ACTAGACTAC	11.117163	-25.333414	0	T:20.0(0.63%),B:38.5(0.08%),P:1e-11	Tpos:165.3,Tstd:134.1,Bpos:251.9,Bstd:142.6,StrandBias:0.9,Multiplicity:1.00
0.685	0.089	0.225	0.001
0.001	0.997	0.001	0.001
0.001	0.001	0.001	0.997
0.997	0.001	0.001	0.001
0.001	0.001	0.997	0.001
0.997	0.001	0.001	0.001
0.001	0.997	0.001	0.001
0.001	0.096	0.001	0.902
0.997	0.001	0.001	0.001
0.001	0.997	0.001	0.001
>ACGTGTCATA	23-ACGTGTCATA	9.059859	-21.699650	0	T:55.0(1.73%),B:299.7(0.66%),P:1e-9	Tpos:227.6,Tstd:166.1,Bpos:235.1,Bstd:154.3,StrandBias:-0.5,Multiplicity:1.06
0.827	0.054	0.078	0.041
0.040	0.936	0.001	0.023
0.067	0.036	0.896	0.001
0.102	0.001	0.001	0.896
0.001	0.046	0.924	0.029
0.001	0.001	0.001	0.997
0.001	0.931	0.032	0.036
0.941	0.032	0.001	0.026
0.001	0.163	0.124	0.712
0.935	0.032	0.032	0.001
>CGCACAAGTG	24-CGCACAAGTG	12.081438	-21.419856	0	T:10.0(0.31%),B:8.9(0.02%),P:1e-9	Tpos:215.9,Tstd:188.8,Bpos:135.5,Bstd:98.2,StrandBias:-2.0,Multiplicity:1.00
0.001	0.997	0.001	0.001
0.001	0.001	0.997	0.001
0.001	0.997	0.001	0.001
0.997	0.001	0.001	0.001
0.001	0.997	0.001	0.001
0.997	0.001	0.001	0.001
0.997	0.001	0.001	0.001
0.001	0.001	0.997	0.001
0.001	0.001	0.173	0.825
0.001	0.001	0.997	0.001
>GTGATGTTAC	25-GTGATGTTAC	6.928147	-10.918023	0	T:17.0(0.53%),B:71.1(0.16%),P:1e-4	Tpos:242.8,Tstd:171.2,Bpos:239.4,Bstd:147.3,StrandBias:1.9,Multiplicity:2.00
0.001	0.001	0.997	0.001
0.001	0.001	0.001	0.997
0.001	0.001	0.997	0.001
0.997	0.001	0.001	0.001
0.122	0.001	0.001	0.876
0.001	0.001	0.997	0.001
0.001	0.001	0.001	0.997
0.001	0.001	0.001	0.997
0.997	0.001	0.001	0.001
0.001	0.997	0.001	0.001
