>ASATCAAAGR	1-ASATCAAAGR	7.190829	-457.642119	0	T:1173.0(36.79%),B:6844.3(15.03%),P:1e-198	Tpos:270.5,Tstd:185.6,Bpos:241.9,Bstd:147.4,StrandBias:0.1,Multiplicity:1.33
0.772	0.001	0.140	0.087
0.001	0.538	0.430	0.031
0.763	0.021	0.001	0.215
0.061	0.001	0.001	0.937
0.095	0.737	0.148	0.020
0.934	0.001	0.001	0.064
0.898	0.020	0.081	0.001
0.950	0.001	0.034	0.015
0.080	0.123	0.781	0.016
0.389	0.206	0.322	0.084
>NRCTTCCTGT	2-NRCTTCCTGT	7.982743	-396.639181	0	T:1122.0(35.19%),B:6862.9(15.07%),P:1e-172	Tpos:273.3,Tstd:186.9,Bpos:240.0,Bstd:146.3,StrandBias:-0.0,Multiplicity:1.24
0.210	0.346	0.248	0.196
0.516	0.001	0.466	0.017
0.001	0.702	0.003	0.294
0.380	0.011	0.007	0.602
0.014	0.001	0.106	0.879
0.007	0.991	0.001	0.001
0.028	0.970	0.001	0.001
0.021	0.064	0.020	0.895
0.021	0.163	0.570	0.246
0.042	0.338	0.018	0.602
>NGMTGASTCA	3-NGMTGASTCA	4.227557	-359.517773	0	T:694.0(21.77%),B:3189.5(7.01%),P:1e-156	Tpos:259.0,Tstd:169.5,Bpos:234.2,Bstd:143.9,StrandBias:-0.0,Multiplicity:1.18
0.201	0.237	0.267	0.295
0.046	0.143	0.497	0.314
0.454	0.318	0.227	0.001
0.001	0.001	0.001	0.997
0.001	0.001	0.997	0.001
0.997	0.001	0.001	0.001
0.001	0.573	0.425	0.001
0.001	0.001	0.001	0.997
0.001	0.997	0.001	0.001
0.997	0.001	0.001	0.001
>WBTTTCCACT	4-WBTTTCCACT	4.427790	-357.504723	0	T:852.0(26.73%),B:4580.5(10.06%),P:1e-155	Tpos:271.1,Tstd:183.2,Bpos:233.8,Bstd:143.9,StrandBias:0.2,Multiplicity:1.18
0.482	0.001	0.001	0.516
0.142	0.302	0.344	0.211
0.001	0.001	0.001	0.997
0.001	0.001	0.001	0.997
0.001	0.001	0.001	0.997
0.001	0.997	0.001	0.001
0.001	0.997	0.001	0.001
0.798	0.001	0.200	0.001
0.001	0.586	0.001	0.412
0.093	0.218	0.185	0.504
>NTGASTCABH	5-NTGASTCABH	5.824910	-338.152671	0	T:1104.0(34.63%),B:7238.9(15.90%),P:1e-146	Tpos:264.7,Tstd:182.6,Bpos:242.0,Bstd:149.2,StrandBias:-0.1,Multiplicity:1.13
0.261	0.304	0.263	0.173
0.102	0.044	0.001	0.853
0.033	0.022	0.550	0.395
0.896	0.001	0.001	0.102
0.201	0.388	0.387	0.024
0.232	0.053	0.152	0.563
0.292	0.529	0.143	0.036
0.599	0.001	0.191	0.209
0.077	0.256	0.331	0.336
0.248	0.278	0.144	0.330
>CCRCCCACRC	6-CCRCCCACRC	7.456090	-253.154708	0	T:535.0(16.78%),B:2571.3(5.65%),P:1e-109	Tpos:254.7,Tstd:164.8,Bpos:239.8,Bstd:148.4,StrandBias:-0.0,Multiplicity:1.08
0.326	0.536	0.029	0.109
0.221	0.670	0.045	0.064
0.340	0.018	0.411	0.231
0.097	0.818	0.036	0.049
0.044	0.827	0.100	0.029
0.048	0.554	0.080	0.318
0.841	0.063	0.051	0.045
0.042	0.885	0.040	0.033
0.445	0.065	0.316	0.175
0.021	0.478	0.243	0.258
>GATTTGCATA	7-GATTTGCATA	8.416386	-193.129745	0	T:329.0(10.32%),B:1324.2(2.91%),P:1e-83	Tpos:255.6,Tstd:156.6,Bpos:246.5,Bstd:145.9,StrandBias:-0.0,Multiplicity:1.09
0.209	0.177	0.460	0.155
0.721	0.127	0.068	0.084
0.045	0.019	0.048	0.888
0.075	0.014	0.054	0.857
0.019	0.034	0.033	0.914
0.167	0.056	0.746	0.031
0.007	0.975	0.002	0.016
0.902	0.033	0.025	0.040
0.093	0.001	0.023	0.883
0.664	0.071	0.215	0.050
>CCTTTGAACG	8-CCTTTGAACG	6.398753	-178.017637	0	T:1240.0(38.90%),B:10914.6(23.97%),P:1e-77	Tpos:272.7,Tstd:188.4,Bpos:241.6,Bstd:148.0,StrandBias:0.1,Multiplicity:1.20
0.218	0.642	0.020	0.120
0.043	0.651	0.157	0.149
0.099	0.001	0.001	0.899
0.066	0.157	0.023	0.754
0.031	0.001	0.001	0.967
0.055	0.135	0.674	0.136
0.912	0.060	0.027	0.001
0.621	0.071	0.112	0.196
0.167	0.494	0.224	0.115
0.237	0.190	0.405	0.168
>GATGTGGTTT	9-GATGTGGTTT	6.996709	-145.741118	0	T:701.0(21.99%),B:5213.5(11.45%),P:1e-63	Tpos:275.0,Tstd:178.2,Bpos:237.9,Bstd:146.2,StrandBias:0.1,Multiplicity:1.13
0.204	0.134	0.506	0.156
0.566	0.105	0.088	0.241
0.192	0.234	0.001	0.573
0.001	0.056	0.942	0.001
0.011	0.062	0.057	0.870
0.040	0.061	0.870	0.029
0.045	0.010	0.944	0.001
0.001	0.127	0.067	0.805
0.034	0.046	0.022	0.898
0.327	0.022	0.141	0.510
>TGCTTTKAAR	10-TGCTTTKAAR	6.452559	-83.989657	0	T:336.0(10.54%),B:2258.0(4.96%),P:1e-36	Tpos:273.0,Tstd:176.1,Bpos:241.1,Bstd:151.4,StrandBias:0.1,Multiplicity:1.04
0.206	0.142	0.251	0.402
0.243	0.222	0.520	0.015
0.067	0.638	0.012	0.283
0.116	0.009	0.314	0.561
0.007	0.233	0.214	0.546
0.017	0.008	0.008	0.967
0.136	0.158	0.388	0.319
0.478	0.185	0.144	0.194
0.569	0.177	0.107	0.147
0.274	0.071	0.414	0.241
>GCAGCTGTTT	11-GCAGCTGTTT	6.900740	-69.900291	0	T:987.0(30.96%),B:10069.5(22.12%),P:1e-30	Tpos:274.5,Tstd:187.7,Bpos:240.8,Bstd:153.7,StrandBias:0.0,Multiplicity:1.23
0.105	0.099	0.720	0.076
0.087	0.808	0.063	0.042
0.812	0.035	0.046	0.107
0.032	0.045	0.847	0.076
0.068	0.811	0.072	0.049
0.046	0.071	0.037	0.846
0.071	0.062	0.768	0.099
0.077	0.091	0.029	0.803
0.043	0.075	0.086	0.796
0.055	0.086	0.065	0.794
>ARCGGAAATR	12-ARCGGAAATR	7.234049	-69.397206	0	T:215.0(6.74%),B:1270.9(2.79%),P:1e-30	Tpos:267.2,Tstd:172.1,Bpos:236.8,Bstd:147.7,StrandBias:0.0,Multiplicity:1.03
0.576	0.010	0.354	0.060
0.370	0.183	0.245	0.202
0.219	0.472	0.140	0.169
0.209	0.015	0.642	0.134
0.151	0.012	0.585	0.252
0.656	0.017	0.014	0.313
0.956	0.009	0.022	0.013
0.768	0.029	0.022	0.181
0.021	0.045	0.313	0.621
0.319	0.209	0.449	0.023
>GGGGGGGGGG	13-GGGGGGGGGG	6.404373	-60.258380	0	T:1166.0(36.57%),B:12680.8(27.85%),P:1e-26	Tpos:300.1,Tstd:212.0,Bpos:239.0,Bstd:142.2,StrandBias:0.2,Multiplicity:1.62
0.100	0.100	0.700	0.100
0.100	0.100	0.700	0.100
0.100	0.100	0.700	0.100
0.100	0.100	0.700	0.100
0.100	0.100	0.700	0.100
0.100	0.100	0.700	0.100
0.100	0.100	0.700	0.100
0.100	0.100	0.700	0.100
0.100	0.100	0.700	0.100
0.100	0.100	0.700	0.100
>GTTGCCATGG	14-GTTGCCATGG	9.785387	-49.102187	0	T:99.0(3.11%),B:452.3(0.99%),P:1e-21	Tpos:297.0,Tstd:225.1,Bpos:233.1,Bstd:135.9,StrandBias:0.1,Multiplicity:1.01
0.016	0.001	0.982	0.001
0.001	0.001	0.019	0.979
0.032	0.001	0.001	0.966
0.126	0.056	0.770	0.048
0.001	0.900	0.005	0.094
0.001	0.941	0.029	0.029
0.933	0.001	0.031	0.035
0.038	0.017	0.001	0.944
0.008	0.001	0.990	0.001
0.015	0.001	0.966	0.018
>TGTGGTTAGT	15-TGTGGTTAGT	8.313650	-47.325931	0	T:219.0(6.87%),B:1562.2(3.43%),P:1e-20	Tpos:317.3,Tstd:243.5,Bpos:246.8,Bstd:151.1,StrandBias:0.4,Multiplicity:1.09
0.001	0.318	0.001	0.680
0.123	0.136	0.740	0.001
0.001	0.269	0.001	0.729
0.014	0.001	0.961	0.024
0.001	0.274	0.724	0.001
0.001	0.082	0.030	0.887
0.101	0.001	0.279	0.619
0.997	0.001	0.001	0.001
0.001	0.140	0.858	0.001
0.072	0.130	0.101	0.697
>GCTTAGCAAC	16-GCTTAGCAAC	8.240902	-39.759881	0	T:268.0(8.41%),B:2195.6(4.82%),P:1e-17	Tpos:266.3,Tstd:184.6,Bpos:237.0,Bstd:154.0,StrandBias:-0.0,Multiplicity:1.05
0.001	0.125	0.873	0.001
0.001	0.812	0.186	0.001
0.119	0.160	0.001	0.720
0.183	0.190	0.001	0.626
0.616	0.001	0.080	0.303
0.001	0.013	0.985	0.001
0.001	0.764	0.001	0.234
0.899	0.049	0.051	0.001
0.558	0.001	0.278	0.163
0.001	0.894	0.104	0.001
>CGTCACGTGA	17-CGTCACGTGA	6.420607	-36.878015	0	T:224.0(7.03%),B:1772.8(3.89%),P:1e-16	Tpos:263.0,Tstd:183.2,Bpos:241.6,Bstd:154.1,StrandBias:-0.1,Multiplicity:1.05
0.158	0.500	0.111	0.232
0.160	0.087	0.670	0.083
0.021	0.161	0.065	0.753
0.028	0.590	0.242	0.140
0.820	0.052	0.001	0.127
0.152	0.560	0.081	0.207
0.195	0.129	0.458	0.217
0.233	0.042	0.195	0.530
0.098	0.146	0.681	0.075
0.632	0.166	0.107	0.095
>AACGGATGTT	18-AACGGATGTT	7.148665	-32.649439	0	T:155.0(4.86%),B:1121.6(2.46%),P:1e-14	Tpos:307.5,Tstd:250.7,Bpos:242.1,Bstd:148.1,StrandBias:0.3,Multiplicity:1.01
0.761	0.060	0.070	0.109
0.752	0.073	0.077	0.098
0.050	0.862	0.054	0.034
0.077	0.046	0.866	0.011
0.044	0.071	0.808	0.077
0.806	0.044	0.065	0.085
0.079	0.020	0.055	0.846
0.069	0.044	0.831	0.056
0.041	0.076	0.074	0.809
0.106	0.144	0.079	0.671
>GGAAAGTMCC	19-GGAAAGTMCC	9.880680	-30.673455	0	T:62.0(1.94%),B:288.2(0.63%),P:1e-13	Tpos:292.6,Tstd:179.9,Bpos:256.2,Bstd:130.0,StrandBias:0.2,Multiplicity:1.05
0.001	0.001	0.974	0.024
0.001	0.001	0.984	0.014
0.959	0.019	0.001	0.021
0.997	0.001	0.001	0.001
0.987	0.001	0.001	0.011
0.001	0.008	0.990	0.001
0.001	0.062	0.048	0.889
0.428	0.361	0.185	0.025
0.115	0.787	0.041	0.057
0.001	0.997	0.001	0.001
>GTAAACCGGA	20-GTAAACCGGA	10.206147	-28.272455	0	T:32.0(1.00%),B:92.6(0.20%),P:1e-12	Tpos:235.7,Tstd:131.2,Bpos:254.3,Bstd:153.7,StrandBias:0.4,Multiplicity:1.00
0.001	0.138	0.806	0.055
0.001	0.001	0.082	0.916
0.938	0.060	0.001	0.001
0.728	0.138	0.001	0.133
0.997	0.001	0.001	0.001
0.001	0.798	0.063	0.138
0.323	0.675	0.001	0.001
0.001	0.001	0.997	0.001
0.001	0.001	0.693	0.305
0.860	0.138	0.001	0.001
>TGTGYTYAGC	21-TGTGYTYAGC	8.452380	-26.340191	0	T:226.0(7.09%),B:1995.9(4.38%),P:1e-11	Tpos:266.1,Tstd:182.6,Bpos:241.1,Bstd:151.6,StrandBias:0.1,Multiplicity:1.05
0.045	0.083	0.024	0.848
0.023	0.180	0.784	0.013
0.057	0.018	0.071	0.854
0.001	0.001	0.891	0.107
0.011	0.416	0.011	0.562
0.023	0.231	0.002	0.744
0.111	0.445	0.042	0.403
0.655	0.003	0.340	0.002
0.078	0.002	0.913	0.007
0.065	0.900	0.023	0.012
>ACTAGACTAC	22-ACTAGACTAC	11.117163	-25.333414	0	T:20.0(0.63%),B:38.5(0.08%),P:1e-11	Tpos:165.3,Tstd:134.1,Bpos:251.9,Bstd:142.6,StrandBias:0.9,Multiplicity:1.00
0.685	0.089	0.225	0.001
0.001	0.997	0.001	0.001
0.001	0.001	0.001	0.997
0.997	0.001	0.001	0.001
0.001	0.001	0.997	0.001
0.997	0.001	0.001	0.001
0.001	0.997	0.001	0.001
0.001	0.096	0.001	0.902
0.997	0.001	0.001	0.001
0.001	0.997	0.001	0.001
>ACGTGTCATA	23-ACGTGTCATA	9.059859	-21.699650	0	T:55.0(1.73%),B:299.7(0.66%),P:1e-9	Tpos:227.6,Tstd:166.1,Bpos:235.1,Bstd:154.3,StrandBias:-0.5,Multiplicity:1.06
0.827	0.054	0.078	0.041
0.040	0.936	0.001	0.023
0.067	0.036	0.896	0.001
0.102	0.001	0.001	0.896
0.001	0.046	0.924	0.029
0.001	0.001	0.001	0.997
0.001	0.931	0.032	0.036
0.941	0.032	0.001	0.026
0.001	0.163	0.124	0.712
0.935	0.032	0.032	0.001
>CGCACAAGTG	24-CGCACAAGTG	12.081438	-21.419856	0	T:10.0(0.31%),B:8.9(0.02%),P:1e-9	Tpos:215.9,Tstd:188.8,Bpos:135.5,Bstd:98.2,StrandBias:-2.0,Multiplicity:1.00
0.001	0.997	0.001	0.001
0.001	0.001	0.997	0.001
0.001	0.997	0.001	0.001
0.997	0.001	0.001	0.001
0.001	0.997	0.001	0.001
0.997	0.001	0.001	0.001
0.997	0.001	0.001	0.001
0.001	0.001	0.997	0.001
0.001	0.001	0.173	0.825
0.001	0.001	0.997	0.001
>GTGATGTTAC	25-GTGATGTTAC	6.928147	-10.918023	0	T:17.0(0.53%),B:71.1(0.16%),P:1e-4	Tpos:242.8,Tstd:171.2,Bpos:239.4,Bstd:147.3,StrandBias:1.9,Multiplicity:2.00
0.001	0.001	0.997	0.001
0.001	0.001	0.001	0.997
0.001	0.001	0.997	0.001
0.997	0.001	0.001	0.001
0.122	0.001	0.001	0.876
0.001	0.001	0.997	0.001
0.001	0.001	0.001	0.997
0.001	0.001	0.001	0.997
0.997	0.001	0.001	0.001
0.001	0.997	0.001	0.001
>NDVACAGGAAGT	1-NDVACAGGAAGT	7.873741	-399.028091	0	T:1204.0(37.77%),B:7687.2(16.88%),P:1e-173	Tpos:270.9,Tstd:182.8,Bpos:239.1,Bstd:144.5,StrandBias:0.1,Multiplicity:1.28
0.200	0.197	0.302	0.301
0.385	0.078	0.262	0.275
0.320	0.189	0.323	0.168
0.741	0.010	0.245	0.004
0.130	0.663	0.203	0.004
0.997	0.001	0.001	0.001
0.001	0.001	0.997	0.001
0.001	0.001	0.997	0.001
0.997	0.001	0.001	0.001
0.841	0.001	0.001	0.157
0.309	0.008	0.682	0.001
0.042	0.352	0.029	0.577
>RATGASTCATMC	2-RATGASTCATMC	7.646143	-378.434895	0	T:632.0(19.82%),B:2586.8(5.68%),P:1e-164	Tpos:256.7,Tstd:168.6,Bpos:235.9,Bstd:143.9,StrandBias:0.0,Multiplicity:1.17
0.262	0.125	0.384	0.229
0.522	0.214	0.205	0.059
0.020	0.001	0.001	0.978
0.001	0.014	0.937	0.048
0.934	0.001	0.011	0.054
0.041	0.487	0.471	0.001
0.034	0.007	0.001	0.958
0.097	0.885	0.017	0.001
0.952	0.034	0.007	0.007
0.082	0.209	0.221	0.487
0.274	0.377	0.162	0.187
0.197	0.402	0.204	0.197
>CTTTGATGTKDN	3-CTTTGATGTKDN	7.758295	-371.794511	0	T:931.0(29.20%),B:5202.1(11.43%),P:1e-161	Tpos:269.5,Tstd:184.9,Bpos:239.9,Bstd:148.1,StrandBias:-0.1,Multiplicity:1.24
0.001	0.790	0.093	0.116
0.001	0.006	0.001	0.992
0.001	0.025	0.132	0.842
0.001	0.001	0.001	0.997
0.001	0.150	0.827	0.022
0.903	0.001	0.001	0.095
0.265	0.001	0.020	0.714
0.003	0.251	0.740	0.006
0.108	0.004	0.001	0.887
0.062	0.173	0.312	0.453
0.262	0.136	0.274	0.328
0.178	0.276	0.240	0.306
>WATGSAAAWWAK	4-WATGSAAAWWAK	8.265866	-295.263121	0	T:833.0(26.13%),B:4920.2(10.81%),P:1e-128	Tpos:264.3,Tstd:168.7,Bpos:242.3,Bstd:144.7,StrandBias:-0.1,Multiplicity:1.20
0.265	0.168	0.193	0.374
0.997	0.001	0.001	0.001
0.001	0.001	0.001	0.997
0.001	0.001	0.990	0.008
0.001	0.516	0.412	0.071
0.974	0.001	0.001	0.024
0.997	0.001	0.001	0.001
0.997	0.001	0.001	0.001
0.247	0.211	0.177	0.365
0.276	0.180	0.181	0.363
0.424	0.166	0.177	0.233
0.153	0.170	0.275	0.402
>HNCCACCCACAC	5-HNCCACCCACAC	8.046550	-198.808349	0	T:635.0(19.92%),B:3921.7(8.61%),P:1e-86	Tpos:260.0,Tstd:175.6,Bpos:243.1,Bstd:143.0,StrandBias:-0.2,Multiplicity:1.11
0.296	0.237	0.154	0.312
0.205	0.246	0.252	0.297
0.239	0.667	0.001	0.093
0.221	0.586	0.001	0.192
0.455	0.001	0.277	0.266
0.001	0.886	0.001	0.112
0.001	0.803	0.001	0.195
0.001	0.666	0.024	0.309
0.989	0.001	0.001	0.009
0.080	0.918	0.001	0.001
0.506	0.041	0.200	0.253
0.001	0.619	0.379	0.001
>ACTTCAAAGAGC	6-ACTTCAAAGAGC	7.117241	-158.470770	0	T:1012.0(31.74%),B:8514.2(18.70%),P:1e-68	Tpos:280.4,Tstd:195.5,Bpos:239.5,Bstd:149.8,StrandBias:0.0,Multiplicity:1.15
0.691	0.087	0.089	0.133
0.101	0.724	0.086	0.089
0.107	0.108	0.001	0.784
0.116	0.001	0.097	0.786
0.093	0.735	0.065	0.107
0.852	0.020	0.001	0.127
0.720	0.134	0.116	0.030
0.833	0.001	0.081	0.085
0.118	0.130	0.675	0.077
0.779	0.001	0.112	0.108
0.109	0.099	0.725	0.067
0.165	0.632	0.096	0.107
>DNWBTTTCCASH	7-DNWBTTTCCASH	8.430898	-150.879859	0	T:326.0(10.23%),B:1560.7(3.43%),P:1e-65	Tpos:264.0,Tstd:183.3,Bpos:235.6,Bstd:146.1,StrandBias:0.1,Multiplicity:1.07
0.376	0.032	0.269	0.323
0.185	0.284	0.209	0.321
0.447	0.038	0.065	0.449
0.149	0.265	0.262	0.323
0.037	0.058	0.148	0.757
0.033	0.066	0.049	0.852
0.041	0.045	0.073	0.841
0.057	0.821	0.060	0.062
0.068	0.848	0.015	0.069
0.672	0.240	0.028	0.060
0.204	0.436	0.319	0.041
0.306	0.276	0.019	0.400
>DGDGGGGGGRGG	8-DGDGGGGGGRGG	8.190449	-114.559239	0	T:772.0(24.22%),B:6482.4(14.24%),P:1e-49	Tpos:286.8,Tstd:202.5,Bpos:239.6,Bstd:136.2,StrandBias:0.2,Multiplicity:1.28
0.269	0.126	0.364	0.241
0.019	0.016	0.964	0.001
0.262	0.002	0.402	0.334
0.031	0.016	0.878	0.075
0.050	0.006	0.896	0.048
0.031	0.035	0.858	0.076
0.104	0.106	0.672	0.118
0.065	0.001	0.900	0.034
0.064	0.036	0.800	0.100
0.314	0.001	0.442	0.243
0.010	0.001	0.988	0.001
0.227	0.181	0.408	0.185
>BCWTCAAAGGAR	9-BCWTCAAAGGAR	8.085984	-109.707870	0	T:541.0(16.97%),B:4013.8(8.82%),P:1e-47	Tpos:256.3,Tstd:186.8,Bpos:243.6,Bstd:146.9,StrandBias:-0.1,Multiplicity:1.08
0.001	0.255	0.394	0.350
0.015	0.464	0.297	0.224
0.369	0.161	0.001	0.469
0.001	0.001	0.001	0.997
0.001	0.853	0.131	0.015
0.870	0.001	0.001	0.128
0.792	0.001	0.148	0.059
0.997	0.001	0.001	0.001
0.206	0.001	0.792	0.001
0.001	0.227	0.660	0.112
0.499	0.195	0.133	0.173
0.392	0.162	0.260	0.187
>TYWGATGTGGTT	10-TYWGATGTGGTT	10.657525	-81.562117	0	T:103.0(3.23%),B:316.5(0.70%),P:1e-35	Tpos:254.9,Tstd:150.1,Bpos:237.0,Bstd:145.7,StrandBias:-0.0,Multiplicity:1.03
0.242	0.298	0.001	0.460
0.039	0.408	0.001	0.552
0.514	0.001	0.001	0.484
0.105	0.001	0.865	0.029
0.779	0.001	0.060	0.160
0.143	0.001	0.001	0.855
0.001	0.025	0.931	0.043
0.001	0.001	0.063	0.935
0.001	0.001	0.997	0.001
0.001	0.093	0.813	0.093
0.001	0.001	0.001	0.997
0.005	0.120	0.079	0.796
>CCACCYCCACTC	11-CCACCYCCACTC	9.119462	-54.760450	0	T:289.0(9.07%),B:2172.3(4.77%),P:1e-23	Tpos:254.5,Tstd:206.6,Bpos:229.9,Bstd:143.7,StrandBias:-0.3,Multiplicity:1.02
0.122	0.876	0.001	0.001
0.001	0.997	0.001	0.001
0.997	0.001	0.001	0.001
0.138	0.860	0.001	0.001
0.364	0.600	0.035	0.001
0.156	0.445	0.094	0.305
0.367	0.631	0.001	0.001
0.171	0.521	0.145	0.163
0.672	0.126	0.001	0.201
0.001	0.865	0.088	0.046
0.117	0.001	0.001	0.881
0.001	0.508	0.340	0.151
>TGCCATGGCAAC	12-TGCCATGGCAAC	9.408424	-52.805298	0	T:123.0(3.86%),B:617.9(1.36%),P:1e-22	Tpos:284.9,Tstd:217.0,Bpos:238.4,Bstd:143.0,StrandBias:-0.1,Multiplicity:1.01
0.088	0.039	0.041	0.832
0.102	0.036	0.752	0.110
0.100	0.821	0.033	0.046
0.049	0.874	0.006	0.071
0.824	0.086	0.001	0.089
0.057	0.016	0.108	0.819
0.115	0.016	0.843	0.026
0.065	0.049	0.827	0.059
0.115	0.775	0.071	0.039
0.886	0.015	0.038	0.061
0.824	0.064	0.047	0.065
0.028	0.931	0.012	0.029
>TGACTCATCTCT	13-TGACTCATCTCT	9.515342	-50.311810	0	T:163.0(5.11%),B:987.9(2.17%),P:1e-21	Tpos:260.3,Tstd:175.9,Bpos:238.5,Bstd:147.7,StrandBias:-0.3,Multiplicity:1.04
0.079	0.073	0.037	0.811
0.030	0.047	0.847	0.076
0.895	0.055	0.040	0.010
0.054	0.813	0.063	0.070
0.098	0.129	0.001	0.772
0.092	0.700	0.102	0.106
0.809	0.103	0.001	0.087
0.089	0.072	0.075	0.764
0.072	0.774	0.067	0.087
0.091	0.001	0.001	0.907
0.029	0.969	0.001	0.001
0.001	0.062	0.001	0.936
>GTCAGCTGCTTA	14-GTCAGCTGCTTA	9.289175	-47.152249	0	T:154.0(4.83%),B:937.1(2.06%),P:1e-20	Tpos:244.0,Tstd:158.4,Bpos:247.4,Bstd:150.2,StrandBias:0.3,Multiplicity:1.02
0.075	0.064	0.816	0.045
0.127	0.043	0.096	0.734
0.071	0.818	0.062	0.049
0.883	0.001	0.029	0.087
0.037	0.077	0.866	0.020
0.024	0.860	0.085	0.031
0.070	0.015	0.001	0.914
0.037	0.071	0.809	0.083
0.086	0.838	0.026	0.050
0.079	0.054	0.001	0.866
0.040	0.063	0.064	0.833
0.769	0.071	0.071	0.089
>GGGGAAAACCCC	15-GGGGAAAACCCC	9.875114	-44.010087	0	T:82.0(2.57%),B:355.1(0.78%),P:1e-19	Tpos:234.2,Tstd:157.6,Bpos:238.4,Bstd:141.6,StrandBias:0.0,Multiplicity:1.03
0.134	0.005	0.782	0.079
0.035	0.020	0.857	0.088
0.104	0.013	0.828	0.055
0.067	0.045	0.874	0.014
0.828	0.044	0.127	0.001
0.882	0.008	0.083	0.027
0.947	0.027	0.013	0.013
0.709	0.105	0.096	0.090
0.067	0.799	0.070	0.064
0.069	0.889	0.041	0.001
0.061	0.878	0.027	0.034
0.118	0.734	0.040	0.108
>CTTTGTGGTTTY	16-CTTTGTGGTTTY	10.135022	-40.395131	0	T:94.0(2.95%),B:474.8(1.04%),P:1e-17	Tpos:299.9,Tstd:163.3,Bpos:246.1,Bstd:153.5,StrandBias:0.1,Multiplicity:1.03
0.001	0.658	0.190	0.151
0.201	0.180	0.141	0.479
0.001	0.072	0.163	0.764
0.099	0.175	0.012	0.714
0.001	0.001	0.997	0.001
0.001	0.001	0.001	0.997
0.001	0.034	0.964	0.001
0.001	0.034	0.964	0.001
0.001	0.034	0.001	0.964
0.026	0.001	0.070	0.903
0.210	0.101	0.060	0.629
0.001	0.501	0.021	0.477
>GAAAGTGAAAAA	17-GAAAGTGAAAAA	13.899051	-22.906861	0	T:13.0(0.41%),B:15.3(0.03%),P:1e-9	Tpos:248.5,Tstd:132.6,Bpos:291.8,Bstd:96.7,StrandBias:1.7,Multiplicity:1.00
0.001	0.001	0.997	0.001
0.885	0.113	0.001	0.001
0.997	0.001	0.001	0.001
0.997	0.001	0.001	0.001
0.001	0.001	0.997	0.001
0.001	0.001	0.001	0.997
0.085	0.001	0.913	0.001
0.997	0.001	0.001	0.001
0.997	0.001	0.001	0.001
0.885	0.113	0.001	0.001
0.997	0.001	0.001	0.001
0.997	0.001	0.001	0.001
>TGCTGGCGCCAG	18-TGCTGGCGCCAG	9.977391	-21.905995	0	T:58.0(1.82%),B:323.7(0.71%),P:1e-9	Tpos:277.2,Tstd:206.0,Bpos:240.6,Bstd:142.6,StrandBias:-0.3,Multiplicity:1.02
0.093	0.064	0.126	0.717
0.045	0.064	0.859	0.032
0.001	0.831	0.112	0.056
0.044	0.064	0.001	0.891
0.026	0.064	0.878	0.032
0.061	0.041	0.839	0.059
0.115	0.711	0.061	0.113
0.090	0.089	0.757	0.064
0.052	0.874	0.061	0.013
0.063	0.890	0.032	0.015
0.871	0.033	0.015	0.081
0.064	0.001	0.891	0.044
>TGTGCGTGTGCH	19-TGTGCGTGTGCH	11.104476	-20.546732	0	T:29.0(0.91%),B:106.0(0.23%),P:1e-8	Tpos:322.9,Tstd:314.5,Bpos:231.1,Bstd:163.5,StrandBias:0.1,Multiplicity:1.04
0.075	0.213	0.001	0.711
0.001	0.258	0.740	0.001
0.001	0.001	0.270	0.728
0.048	0.004	0.947	0.001
0.044	0.874	0.081	0.001
0.001	0.001	0.997	0.001
0.001	0.292	0.001	0.706
0.184	0.001	0.602	0.213
0.001	0.074	0.001	0.924
0.001	0.001	0.997	0.001
0.001	0.997	0.001	0.001
0.258	0.361	0.091	0.289
>CCCGCCCACACA	20-CCCGCCCACACA	12.771383	-18.566711	0	T:19.0(0.60%),B:51.0(0.11%),P:1e-8	Tpos:277.9,Tstd:161.3,Bpos:224.3,Bstd:106.3,StrandBias:-0.3,Multiplicity:1.00
0.001	0.997	0.001	0.001
0.142	0.571	0.001	0.286
0.001	0.856	0.001	0.142
0.001	0.001	0.855	0.143
0.001	0.997	0.001	0.001
0.001	0.715	0.142	0.142
0.001	0.997	0.001	0.001
0.856	0.001	0.001	0.142
0.001	0.997	0.001	0.001
0.997	0.001	0.001	0.001
0.001	0.997	0.001	0.001
0.997	0.001	0.001	0.001
>GCATGTGTTGTG	21-GCATGTGTTGTG	6.517702	-17.739847	0	T:1243.0(38.99%),B:15621.9(34.31%),P:1e-7	Tpos:267.9,Tstd:190.6,Bpos:242.1,Bstd:150.1,StrandBias:-0.0,Multiplicity:1.12
0.100	0.100	0.700	0.100
0.100	0.700	0.100	0.100
0.700	0.100	0.100	0.100
0.100	0.100	0.100	0.700
0.100	0.100	0.700	0.100
0.100	0.100	0.100	0.700
0.100	0.100	0.700	0.100
0.100	0.100	0.100	0.700
0.100	0.100	0.100	0.700
0.100	0.100	0.700	0.100
0.100	0.100	0.100	0.700
0.100	0.100	0.700	0.100
>TGCATGTGTTGT	22-TGCATGTGTTGT	6.517702	-17.544212	0	T:1334.0(41.84%),B:16901.3(37.12%),P:1e-7	Tpos:285.5,Tstd:207.2,Bpos:238.0,Bstd:149.5,StrandBias:0.2,Multiplicity:1.34
0.100	0.100	0.100	0.700
0.100	0.100	0.700	0.100
0.100	0.700	0.100	0.100
0.700	0.100	0.100	0.100
0.100	0.100	0.100	0.700
0.100	0.100	0.700	0.100
0.100	0.100	0.100	0.700
0.100	0.100	0.700	0.100
0.100	0.100	0.100	0.700
0.100	0.100	0.100	0.700
0.100	0.100	0.700	0.100
0.100	0.100	0.100	0.700
>CTCACACATAGT	23-CTCACACATAGT	13.867648	-9.474197	0	T:5.0(0.16%),B:6.8(0.01%),P:1e-4	Tpos:136.4,Tstd:88.3,Bpos:244.5,Bstd:198.9,StrandBias:3.2,Multiplicity:2.00
0.001	0.997	0.001	0.001
0.001	0.001	0.001	0.997
0.001	0.541	0.229	0.229
0.760	0.001	0.238	0.001
0.001	0.980	0.001	0.018
0.997	0.001	0.001	0.001
0.001	0.997	0.001	0.001
0.695	0.001	0.001	0.303
0.001	0.001	0.001	0.997
0.997	0.001	0.001	0.001
0.229	0.001	0.541	0.229
0.001	0.001	0.001	0.997
>TGCACTCAGCAC	24-TGCACTCAGCAC	12.355432	-5.818945	0	T:3.0(0.09%),B:4.4(0.01%),P:1e-2	Tpos:615.9,Tstd:216.4,Bpos:192.4,Bstd:122.8,StrandBias:-3.6,Multiplicity:4.33
0.100	0.100	0.100	0.700
0.100	0.100	0.700	0.100
0.100	0.700	0.100	0.100
0.700	0.100	0.100	0.100
0.100	0.700	0.100	0.100
0.100	0.100	0.100	0.700
0.100	0.700	0.100	0.100
0.700	0.100	0.100	0.100
0.100	0.100	0.700	0.100
0.100	0.700	0.100	0.100
0.700	0.100	0.100	0.100
0.100	0.700	0.100	0.100
>ATCCTTGATGTT	25-ATCCTTGATGTT	13.773657	-3.952789	0	T:2.0(0.06%),B:3.6(0.01%),P:1e-1	Tpos:225.8,Tstd:118.8,Bpos:295.7,Bstd:86.8,StrandBias:3.5,Multiplicity:6.00
0.997	0.001	0.001	0.001
0.001	0.001	0.001	0.997
0.001	0.997	0.001	0.001
0.001	0.997	0.001	0.001
0.001	0.001	0.063	0.935
0.001	0.001	0.001	0.997
0.001	0.001	0.997	0.001
0.997	0.001	0.001	0.001
0.001	0.001	0.001	0.997
0.001	0.063	0.935	0.001
0.001	0.001	0.001	0.997
0.001	0.001	0.001	0.997
>ATGAGTCA	1-ATGAGTCA	5.876018	-373.444565	0	T:954.0(29.92%),B:5407.0(11.88%),P:1e-162	Tpos:260.4,Tstd:171.1,Bpos:235.7,Bstd:145.6,StrandBias:-0.1,Multiplicity:1.24
0.669	0.131	0.157	0.043
0.001	0.002	0.001	0.996
0.001	0.001	0.959	0.039
0.976	0.005	0.001	0.018
0.001	0.258	0.740	0.001
0.001	0.001	0.001	0.997
0.034	0.964	0.001	0.001
0.997	0.001	0.001	0.001
>CATCAAAG	2-CATCAAAG	5.209770	-335.112732	0	T:1860.0(58.34%),B:16337.7(35.89%),P:1e-145	Tpos:274.7,Tstd:186.1,Bpos:241.7,Bstd:149.7,StrandBias:0.0,Multiplicity:1.63
0.022	0.767	0.198	0.013
0.724	0.001	0.001	0.274
0.024	0.001	0.001	0.974
0.030	0.896	0.073	0.001
0.982	0.001	0.001	0.016
0.997	0.001	0.001	0.001
0.993	0.005	0.001	0.001
0.032	0.035	0.932	0.001
>ACAGGAAG	3-ACAGGAAG	7.378173	-289.979641	0	T:1276.0(40.03%),B:9686.3(21.28%),P:1e-125	Tpos:268.1,Tstd:184.3,Bpos:238.8,Bstd:144.2,StrandBias:-0.0,Multiplicity:1.29
0.861	0.001	0.137	0.001
0.001	0.882	0.116	0.001
0.997	0.001	0.001	0.001
0.001	0.001	0.997	0.001
0.001	0.001	0.997	0.001
0.997	0.001	0.001	0.001
0.878	0.001	0.001	0.120
0.233	0.001	0.765	0.001
>YATGGAAA	4-YATGGAAA	6.807224	-280.303945	0	T:1350.0(42.35%),B:10679.4(23.46%),P:1e-121	Tpos:272.3,Tstd:193.8,Bpos:239.1,Bstd:148.2,StrandBias:-0.2,Multiplicity:1.17
0.174	0.431	0.103	0.291
0.825	0.001	0.173	0.001
0.001	0.201	0.001	0.797
0.001	0.001	0.910	0.088
0.001	0.296	0.484	0.219
0.961	0.001	0.037	0.001
0.815	0.095	0.089	0.001
0.997	0.001	0.001	0.001
>ACGGAAAC	5-ACGGAAAC	4.493060	-251.570067	0	T:854.0(26.79%),B:5551.1(12.19%),P:1e-109	Tpos:272.3,Tstd:183.8,Bpos:238.9,Bstd:148.9,StrandBias:-0.1,Multiplicity:1.26
0.644	0.001	0.354	0.001
0.001	0.982	0.001	0.016
0.001	0.001	0.997	0.001
0.001	0.001	0.983	0.015
0.654	0.001	0.001	0.344
0.997	0.001	0.001	0.001
0.997	0.001	0.001	0.001
0.378	0.605	0.001	0.016
>GTGGGAGG	6-GTGGGAGG	7.777664	-180.985802	0	T:597.0(18.73%),B:3733.0(8.20%),P:1e-78	Tpos:277.7,Tstd:191.0,Bpos:240.1,Bstd:145.4,StrandBias:0.0,Multiplicity:1.09
0.001	0.001	0.997	0.001
0.001	0.001	0.001	0.997
0.152	0.001	0.846	0.001
0.001	0.029	0.969	0.001
0.001	0.001	0.997	0.001
0.631	0.251	0.001	0.117
0.001	0.001	0.997	0.001
0.001	0.001	0.997	0.001
>CATTTCCT	7-CATTTCCT	4.074972	-159.508695	0	T:755.0(23.68%),B:5605.4(12.31%),P:1e-69	Tpos:280.6,Tstd:200.8,Bpos:239.9,Bstd:147.1,StrandBias:0.1,Multiplicity:1.12
0.001	0.997	0.001	0.001
0.891	0.001	0.107	0.001
0.001	0.250	0.001	0.748
0.001	0.001	0.001	0.997
0.120	0.001	0.001	0.878
0.001	0.997	0.001	0.001
0.001	0.997	0.001	0.001
0.001	0.001	0.034	0.964
>TGTGGKTK	8-TGTGGKTK	5.998881	-157.107380	0	T:943.0(29.58%),B:7735.5(16.99%),P:1e-68	Tpos:266.7,Tstd:182.2,Bpos:240.5,Bstd:147.8,StrandBias:0.2,Multiplicity:1.21
0.066	0.292	0.071	0.571
0.041	0.107	0.802	0.050
0.061	0.162	0.056	0.721
0.036	0.181	0.767	0.016
0.110	0.116	0.758	0.016
0.013	0.119	0.470	0.399
0.143	0.175	0.096	0.586
0.137	0.054	0.408	0.401
>TTTGCATA	9-TTTGCATA	10.875738	-143.292366	0	T:217.0(6.81%),B:787.0(1.73%),P:1e-62	Tpos:269.2,Tstd:173.4,Bpos:237.2,Bstd:148.8,StrandBias:0.2,Multiplicity:1.05
0.001	0.001	0.001	0.997
0.001	0.001	0.001	0.997
0.001	0.001	0.001	0.997
0.001	0.001	0.997	0.001
0.001	0.997	0.001	0.001
0.997	0.001	0.001	0.001
0.001	0.001	0.001	0.997
0.824	0.001	0.174	0.001
>TACGTCAC	10-TACGTCAC	5.194064	-136.349527	0	T:1258.0(39.46%),B:11929.4(26.20%),P:1e-59	Tpos:264.5,Tstd:187.2,Bpos:242.1,Bstd:153.3,StrandBias:0.0,Multiplicity:1.25
0.062	0.147	0.139	0.652
0.652	0.046	0.181	0.121
0.124	0.718	0.060	0.098
0.012	0.070	0.898	0.020
0.072	0.077	0.052	0.799
0.062	0.720	0.137	0.081
0.908	0.027	0.035	0.030
0.089	0.660	0.130	0.121
>GGGGGGGG	11-GGGGGGGG	8.083950	-75.882907	0	T:724.0(22.71%),B:6676.7(14.67%),P:1e-32	Tpos:290.5,Tstd:205.7,Bpos:240.6,Bstd:137.6,StrandBias:0.3,Multiplicity:1.40
0.001	0.007	0.991	0.001
0.001	0.001	0.997	0.001
0.031	0.001	0.871	0.097
0.117	0.042	0.675	0.166
0.105	0.048	0.745	0.102
0.115	0.061	0.717	0.107
0.001	0.001	0.997	0.001
0.001	0.001	0.997	0.001
>AGCTGTTT	12-AGCTGTTT	5.688118	-71.347668	0	T:1354.0(42.47%),B:14828.8(32.57%),P:1e-30	Tpos:274.7,Tstd:190.6,Bpos:240.9,Bstd:152.5,StrandBias:0.1,Multiplicity:1.35
0.901	0.016	0.082	0.001
0.001	0.045	0.902	0.052
0.054	0.944	0.001	0.001
0.066	0.026	0.046	0.862
0.036	0.001	0.833	0.130
0.065	0.066	0.001	0.868
0.001	0.040	0.044	0.915
0.066	0.038	0.054	0.842
>GCTGHCWG	13-GCTGHCWG	6.232948	-58.883310	0	T:1236.0(38.77%),B:13655.2(29.99%),P:1e-25	Tpos:273.2,Tstd:197.6,Bpos:238.3,Bstd:152.7,StrandBias:-0.0,Multiplicity:1.31
0.062	0.001	0.936	0.001
0.083	0.854	0.002	0.061
0.153	0.001	0.019	0.827
0.001	0.097	0.733	0.169
0.321	0.242	0.139	0.298
0.153	0.604	0.116	0.127
0.379	0.001	0.180	0.441
0.097	0.005	0.892	0.006
>CGTGTTTA	14-CGTGTTTA	6.710828	-47.322026	0	T:529.0(16.59%),B:5022.4(11.03%),P:1e-20	Tpos:279.9,Tstd:197.3,Bpos:238.7,Bstd:151.6,StrandBias:-0.0,Multiplicity:1.07
0.104	0.840	0.001	0.055
0.001	0.085	0.831	0.083
0.017	0.001	0.045	0.937
0.129	0.001	0.869	0.001
0.001	0.145	0.098	0.756
0.001	0.034	0.093	0.872
0.001	0.036	0.001	0.962
0.929	0.001	0.001	0.069
>CCACATCA	15-CCACATCA	8.236954	-44.217636	0	T:136.0(4.27%),B:803.6(1.77%),P:1e-19	Tpos:261.2,Tstd:180.9,Bpos:228.9,Bstd:147.2,StrandBias:-0.0,Multiplicity:1.02
0.100	0.700	0.100	0.100
0.100	0.700	0.100	0.100
0.700	0.100	0.100	0.100
0.100	0.700	0.100	0.100
0.700	0.100	0.100	0.100
0.100	0.100	0.100	0.700
0.100	0.700	0.100	0.100
0.700	0.100	0.100	0.100
>CTCTGAAG	16-CTCTGAAG	7.334475	-34.076817	0	T:653.0(20.48%),B:6938.8(15.24%),P:1e-14	Tpos:282.0,Tstd:192.7,Bpos:240.9,Bstd:148.6,StrandBias:0.0,Multiplicity:1.14
0.001	0.871	0.001	0.127
0.001	0.001	0.001	0.997
0.001	0.997	0.001	0.001
0.121	0.001	0.073	0.805
0.001	0.001	0.997	0.001
0.997	0.001	0.001	0.001
0.954	0.044	0.001	0.001
0.001	0.111	0.767	0.121
>GTTGCCAT	17-GTTGCCAT	6.560581	-33.195630	0	T:257.0(8.06%),B:2199.5(4.83%),P:1e-14	Tpos:263.6,Tstd:190.2,Bpos:240.6,Bstd:147.6,StrandBias:-0.2,Multiplicity:1.07
0.001	0.001	0.997	0.001
0.001	0.001	0.001	0.997
0.001	0.001	0.001	0.997
0.001	0.001	0.997	0.001
0.001	0.810	0.001	0.188
0.001	0.940	0.058	0.001
0.997	0.001	0.001	0.001
0.001	0.233	0.001	0.765
>TAGTTTCC	18-TAGTTTCC	10.841166	-30.880654	0	T:100.0(3.14%),B:611.1(1.34%),P:1e-13	Tpos:271.5,Tstd:204.7,Bpos:242.6,Bstd:140.4,StrandBias:0.8,Multiplicity:1.02
0.001	0.001	0.001	0.997
0.997	0.001	0.001	0.001
0.001	0.202	0.796	0.001
0.001	0.001	0.001	0.997
0.001	0.001	0.001	0.997
0.001	0.001	0.001	0.997
0.001	0.997	0.001	0.001
0.001	0.997	0.001	0.001
>CATCCGTT	19-CATCCGTT	7.078117	-24.292744	0	T:74.0(2.32%),B:442.9(0.97%),P:1e-10	Tpos:279.8,Tstd:206.6,Bpos:241.5,Bstd:151.4,StrandBias:-0.5,Multiplicity:1.00
0.001	0.997	0.001	0.001
0.997	0.001	0.001	0.001
0.001	0.001	0.001	0.997
0.001	0.997	0.001	0.001
0.001	0.997	0.001	0.001
0.001	0.001	0.997	0.001
0.001	0.001	0.151	0.847
0.122	0.001	0.001	0.876
