>NDVACAGGAAGT	1-NDVACAGGAAGT	7.873741	-399.028091	0	T:1204.0(37.77%),B:7687.2(16.88%),P:1e-173	Tpos:270.9,Tstd:182.8,Bpos:239.1,Bstd:144.5,StrandBias:0.1,Multiplicity:1.28
0.200	0.197	0.302	0.301
0.385	0.078	0.262	0.275
0.320	0.189	0.323	0.168
0.741	0.010	0.245	0.004
0.130	0.663	0.203	0.004
0.997	0.001	0.001	0.001
0.001	0.001	0.997	0.001
0.001	0.001	0.997	0.001
0.997	0.001	0.001	0.001
0.841	0.001	0.001	0.157
0.309	0.008	0.682	0.001
0.042	0.352	0.029	0.577
>RATGASTCATMC	2-RATGASTCATMC	7.646143	-378.434895	0	T:632.0(19.82%),B:2586.8(5.68%),P:1e-164	Tpos:256.7,Tstd:168.6,Bpos:235.9,Bstd:143.9,StrandBias:0.0,Multiplicity:1.17
0.262	0.125	0.384	0.229
0.522	0.214	0.205	0.059
0.020	0.001	0.001	0.978
0.001	0.014	0.937	0.048
0.934	0.001	0.011	0.054
0.041	0.487	0.471	0.001
0.034	0.007	0.001	0.958
0.097	0.885	0.017	0.001
0.952	0.034	0.007	0.007
0.082	0.209	0.221	0.487
0.274	0.377	0.162	0.187
0.197	0.402	0.204	0.197
>CTTTGATGTKDN	3-CTTTGATGTKDN	7.758295	-371.794511	0	T:931.0(29.20%),B:5202.1(11.43%),P:1e-161	Tpos:269.5,Tstd:184.9,Bpos:239.9,Bstd:148.1,StrandBias:-0.1,Multiplicity:1.24
0.001	0.790	0.093	0.116
0.001	0.006	0.001	0.992
0.001	0.025	0.132	0.842
0.001	0.001	0.001	0.997
0.001	0.150	0.827	0.022
0.903	0.001	0.001	0.095
0.265	0.001	0.020	0.714
0.003	0.251	0.740	0.006
0.108	0.004	0.001	0.887
0.062	0.173	0.312	0.453
0.262	0.136	0.274	0.328
0.178	0.276	0.240	0.306
>WATGSAAAWWAK	4-WATGSAAAWWAK	8.265866	-295.263121	0	T:833.0(26.13%),B:4920.2(10.81%),P:1e-128	Tpos:264.3,Tstd:168.7,Bpos:242.3,Bstd:144.7,StrandBias:-0.1,Multiplicity:1.20
0.265	0.168	0.193	0.374
0.997	0.001	0.001	0.001
0.001	0.001	0.001	0.997
0.001	0.001	0.990	0.008
0.001	0.516	0.412	0.071
0.974	0.001	0.001	0.024
0.997	0.001	0.001	0.001
0.997	0.001	0.001	0.001
0.247	0.211	0.177	0.365
0.276	0.180	0.181	0.363
0.424	0.166	0.177	0.233
0.153	0.170	0.275	0.402
>HNCCACCCACAC	5-HNCCACCCACAC	8.046550	-198.808349	0	T:635.0(19.92%),B:3921.7(8.61%),P:1e-86	Tpos:260.0,Tstd:175.6,Bpos:243.1,Bstd:143.0,StrandBias:-0.2,Multiplicity:1.11
0.296	0.237	0.154	0.312
0.205	0.246	0.252	0.297
0.239	0.667	0.001	0.093
0.221	0.586	0.001	0.192
0.455	0.001	0.277	0.266
0.001	0.886	0.001	0.112
0.001	0.803	0.001	0.195
0.001	0.666	0.024	0.309
0.989	0.001	0.001	0.009
0.080	0.918	0.001	0.001
0.506	0.041	0.200	0.253
0.001	0.619	0.379	0.001
>ACTTCAAAGAGC	6-ACTTCAAAGAGC	7.117241	-158.470770	0	T:1012.0(31.74%),B:8514.2(18.70%),P:1e-68	Tpos:280.4,Tstd:195.5,Bpos:239.5,Bstd:149.8,StrandBias:0.0,Multiplicity:1.15
0.691	0.087	0.089	0.133
0.101	0.724	0.086	0.089
0.107	0.108	0.001	0.784
0.116	0.001	0.097	0.786
0.093	0.735	0.065	0.107
0.852	0.020	0.001	0.127
0.720	0.134	0.116	0.030
0.833	0.001	0.081	0.085
0.118	0.130	0.675	0.077
0.779	0.001	0.112	0.108
0.109	0.099	0.725	0.067
0.165	0.632	0.096	0.107
>DNWBTTTCCASH	7-DNWBTTTCCASH	8.430898	-150.879859	0	T:326.0(10.23%),B:1560.7(3.43%),P:1e-65	Tpos:264.0,Tstd:183.3,Bpos:235.6,Bstd:146.1,StrandBias:0.1,Multiplicity:1.07
0.376	0.032	0.269	0.323
0.185	0.284	0.209	0.321
0.447	0.038	0.065	0.449
0.149	0.265	0.262	0.323
0.037	0.058	0.148	0.757
0.033	0.066	0.049	0.852
0.041	0.045	0.073	0.841
0.057	0.821	0.060	0.062
0.068	0.848	0.015	0.069
0.672	0.240	0.028	0.060
0.204	0.436	0.319	0.041
0.306	0.276	0.019	0.400
>DGDGGGGGGRGG	8-DGDGGGGGGRGG	8.190449	-114.559239	0	T:772.0(24.22%),B:6482.4(14.24%),P:1e-49	Tpos:286.8,Tstd:202.5,Bpos:239.6,Bstd:136.2,StrandBias:0.2,Multiplicity:1.28
0.269	0.126	0.364	0.241
0.019	0.016	0.964	0.001
0.262	0.002	0.402	0.334
0.031	0.016	0.878	0.075
0.050	0.006	0.896	0.048
0.031	0.035	0.858	0.076
0.104	0.106	0.672	0.118
0.065	0.001	0.900	0.034
0.064	0.036	0.800	0.100
0.314	0.001	0.442	0.243
0.010	0.001	0.988	0.001
0.227	0.181	0.408	0.185
>BCWTCAAAGGAR	9-BCWTCAAAGGAR	8.085984	-109.707870	0	T:541.0(16.97%),B:4013.8(8.82%),P:1e-47	Tpos:256.3,Tstd:186.8,Bpos:243.6,Bstd:146.9,StrandBias:-0.1,Multiplicity:1.08
0.001	0.255	0.394	0.350
0.015	0.464	0.297	0.224
0.369	0.161	0.001	0.469
0.001	0.001	0.001	0.997
0.001	0.853	0.131	0.015
0.870	0.001	0.001	0.128
0.792	0.001	0.148	0.059
0.997	0.001	0.001	0.001
0.206	0.001	0.792	0.001
0.001	0.227	0.660	0.112
0.499	0.195	0.133	0.173
0.392	0.162	0.260	0.187
>TYWGATGTGGTT	10-TYWGATGTGGTT	10.657525	-81.562117	0	T:103.0(3.23%),B:316.5(0.70%),P:1e-35	Tpos:254.9,Tstd:150.1,Bpos:237.0,Bstd:145.7,StrandBias:-0.0,Multiplicity:1.03
0.242	0.298	0.001	0.460
0.039	0.408	0.001	0.552
0.514	0.001	0.001	0.484
0.105	0.001	0.865	0.029
0.779	0.001	0.060	0.160
0.143	0.001	0.001	0.855
0.001	0.025	0.931	0.043
0.001	0.001	0.063	0.935
0.001	0.001	0.997	0.001
0.001	0.093	0.813	0.093
0.001	0.001	0.001	0.997
0.005	0.120	0.079	0.796
>CCACCYCCACTC	11-CCACCYCCACTC	9.119462	-54.760450	0	T:289.0(9.07%),B:2172.3(4.77%),P:1e-23	Tpos:254.5,Tstd:206.6,Bpos:229.9,Bstd:143.7,StrandBias:-0.3,Multiplicity:1.02
0.122	0.876	0.001	0.001
0.001	0.997	0.001	0.001
0.997	0.001	0.001	0.001
0.138	0.860	0.001	0.001
0.364	0.600	0.035	0.001
0.156	0.445	0.094	0.305
0.367	0.631	0.001	0.001
0.171	0.521	0.145	0.163
0.672	0.126	0.001	0.201
0.001	0.865	0.088	0.046
0.117	0.001	0.001	0.881
0.001	0.508	0.340	0.151
>TGCCATGGCAAC	12-TGCCATGGCAAC	9.408424	-52.805298	0	T:123.0(3.86%),B:617.9(1.36%),P:1e-22	Tpos:284.9,Tstd:217.0,Bpos:238.4,Bstd:143.0,StrandBias:-0.1,Multiplicity:1.01
0.088	0.039	0.041	0.832
0.102	0.036	0.752	0.110
0.100	0.821	0.033	0.046
0.049	0.874	0.006	0.071
0.824	0.086	0.001	0.089
0.057	0.016	0.108	0.819
0.115	0.016	0.843	0.026
0.065	0.049	0.827	0.059
0.115	0.775	0.071	0.039
0.886	0.015	0.038	0.061
0.824	0.064	0.047	0.065
0.028	0.931	0.012	0.029
>TGACTCATCTCT	13-TGACTCATCTCT	9.515342	-50.311810	0	T:163.0(5.11%),B:987.9(2.17%),P:1e-21	Tpos:260.3,Tstd:175.9,Bpos:238.5,Bstd:147.7,StrandBias:-0.3,Multiplicity:1.04
0.079	0.073	0.037	0.811
0.030	0.047	0.847	0.076
0.895	0.055	0.040	0.010
0.054	0.813	0.063	0.070
0.098	0.129	0.001	0.772
0.092	0.700	0.102	0.106
0.809	0.103	0.001	0.087
0.089	0.072	0.075	0.764
0.072	0.774	0.067	0.087
0.091	0.001	0.001	0.907
0.029	0.969	0.001	0.001
0.001	0.062	0.001	0.936
>GTCAGCTGCTTA	14-GTCAGCTGCTTA	9.289175	-47.152249	0	T:154.0(4.83%),B:937.1(2.06%),P:1e-20	Tpos:244.0,Tstd:158.4,Bpos:247.4,Bstd:150.2,StrandBias:0.3,Multiplicity:1.02
0.075	0.064	0.816	0.045
0.127	0.043	0.096	0.734
0.071	0.818	0.062	0.049
0.883	0.001	0.029	0.087
0.037	0.077	0.866	0.020
0.024	0.860	0.085	0.031
0.070	0.015	0.001	0.914
0.037	0.071	0.809	0.083
0.086	0.838	0.026	0.050
0.079	0.054	0.001	0.866
0.040	0.063	0.064	0.833
0.769	0.071	0.071	0.089
>GGGGAAAACCCC	15-GGGGAAAACCCC	9.875114	-44.010087	0	T:82.0(2.57%),B:355.1(0.78%),P:1e-19	Tpos:234.2,Tstd:157.6,Bpos:238.4,Bstd:141.6,StrandBias:0.0,Multiplicity:1.03
0.134	0.005	0.782	0.079
0.035	0.020	0.857	0.088
0.104	0.013	0.828	0.055
0.067	0.045	0.874	0.014
0.828	0.044	0.127	0.001
0.882	0.008	0.083	0.027
0.947	0.027	0.013	0.013
0.709	0.105	0.096	0.090
0.067	0.799	0.070	0.064
0.069	0.889	0.041	0.001
0.061	0.878	0.027	0.034
0.118	0.734	0.040	0.108
>CTTTGTGGTTTY	16-CTTTGTGGTTTY	10.135022	-40.395131	0	T:94.0(2.95%),B:474.8(1.04%),P:1e-17	Tpos:299.9,Tstd:163.3,Bpos:246.1,Bstd:153.5,StrandBias:0.1,Multiplicity:1.03
0.001	0.658	0.190	0.151
0.201	0.180	0.141	0.479
0.001	0.072	0.163	0.764
0.099	0.175	0.012	0.714
0.001	0.001	0.997	0.001
0.001	0.001	0.001	0.997
0.001	0.034	0.964	0.001
0.001	0.034	0.964	0.001
0.001	0.034	0.001	0.964
0.026	0.001	0.070	0.903
0.210	0.101	0.060	0.629
0.001	0.501	0.021	0.477
>GAAAGTGAAAAA	17-GAAAGTGAAAAA	13.899051	-22.906861	0	T:13.0(0.41%),B:15.3(0.03%),P:1e-9	Tpos:248.5,Tstd:132.6,Bpos:291.8,Bstd:96.7,StrandBias:1.7,Multiplicity:1.00
0.001	0.001	0.997	0.001
0.885	0.113	0.001	0.001
0.997	0.001	0.001	0.001
0.997	0.001	0.001	0.001
0.001	0.001	0.997	0.001
0.001	0.001	0.001	0.997
0.085	0.001	0.913	0.001
0.997	0.001	0.001	0.001
0.997	0.001	0.001	0.001
0.885	0.113	0.001	0.001
0.997	0.001	0.001	0.001
0.997	0.001	0.001	0.001
>TGCTGGCGCCAG	18-TGCTGGCGCCAG	9.977391	-21.905995	0	T:58.0(1.82%),B:323.7(0.71%),P:1e-9	Tpos:277.2,Tstd:206.0,Bpos:240.6,Bstd:142.6,StrandBias:-0.3,Multiplicity:1.02
0.093	0.064	0.126	0.717
0.045	0.064	0.859	0.032
0.001	0.831	0.112	0.056
0.044	0.064	0.001	0.891
0.026	0.064	0.878	0.032
0.061	0.041	0.839	0.059
0.115	0.711	0.061	0.113
0.090	0.089	0.757	0.064
0.052	0.874	0.061	0.013
0.063	0.890	0.032	0.015
0.871	0.033	0.015	0.081
0.064	0.001	0.891	0.044
>TGTGCGTGTGCH	19-TGTGCGTGTGCH	11.104476	-20.546732	0	T:29.0(0.91%),B:106.0(0.23%),P:1e-8	Tpos:322.9,Tstd:314.5,Bpos:231.1,Bstd:163.5,StrandBias:0.1,Multiplicity:1.04
0.075	0.213	0.001	0.711
0.001	0.258	0.740	0.001
0.001	0.001	0.270	0.728
0.048	0.004	0.947	0.001
0.044	0.874	0.081	0.001
0.001	0.001	0.997	0.001
0.001	0.292	0.001	0.706
0.184	0.001	0.602	0.213
0.001	0.074	0.001	0.924
0.001	0.001	0.997	0.001
0.001	0.997	0.001	0.001
0.258	0.361	0.091	0.289
>CCCGCCCACACA	20-CCCGCCCACACA	12.771383	-18.566711	0	T:19.0(0.60%),B:51.0(0.11%),P:1e-8	Tpos:277.9,Tstd:161.3,Bpos:224.3,Bstd:106.3,StrandBias:-0.3,Multiplicity:1.00
0.001	0.997	0.001	0.001
0.142	0.571	0.001	0.286
0.001	0.856	0.001	0.142
0.001	0.001	0.855	0.143
0.001	0.997	0.001	0.001
0.001	0.715	0.142	0.142
0.001	0.997	0.001	0.001
0.856	0.001	0.001	0.142
0.001	0.997	0.001	0.001
0.997	0.001	0.001	0.001
0.001	0.997	0.001	0.001
0.997	0.001	0.001	0.001
>GCATGTGTTGTG	21-GCATGTGTTGTG	6.517702	-17.739847	0	T:1243.0(38.99%),B:15621.9(34.31%),P:1e-7	Tpos:267.9,Tstd:190.6,Bpos:242.1,Bstd:150.1,StrandBias:-0.0,Multiplicity:1.12
0.100	0.100	0.700	0.100
0.100	0.700	0.100	0.100
0.700	0.100	0.100	0.100
0.100	0.100	0.100	0.700
0.100	0.100	0.700	0.100
0.100	0.100	0.100	0.700
0.100	0.100	0.700	0.100
0.100	0.100	0.100	0.700
0.100	0.100	0.100	0.700
0.100	0.100	0.700	0.100
0.100	0.100	0.100	0.700
0.100	0.100	0.700	0.100
>TGCATGTGTTGT	22-TGCATGTGTTGT	6.517702	-17.544212	0	T:1334.0(41.84%),B:16901.3(37.12%),P:1e-7	Tpos:285.5,Tstd:207.2,Bpos:238.0,Bstd:149.5,StrandBias:0.2,Multiplicity:1.34
0.100	0.100	0.100	0.700
0.100	0.100	0.700	0.100
0.100	0.700	0.100	0.100
0.700	0.100	0.100	0.100
0.100	0.100	0.100	0.700
0.100	0.100	0.700	0.100
0.100	0.100	0.100	0.700
0.100	0.100	0.700	0.100
0.100	0.100	0.100	0.700
0.100	0.100	0.100	0.700
0.100	0.100	0.700	0.100
0.100	0.100	0.100	0.700
>CTCACACATAGT	23-CTCACACATAGT	13.867648	-9.474197	0	T:5.0(0.16%),B:6.8(0.01%),P:1e-4	Tpos:136.4,Tstd:88.3,Bpos:244.5,Bstd:198.9,StrandBias:3.2,Multiplicity:2.00
0.001	0.997	0.001	0.001
0.001	0.001	0.001	0.997
0.001	0.541	0.229	0.229
0.760	0.001	0.238	0.001
0.001	0.980	0.001	0.018
0.997	0.001	0.001	0.001
0.001	0.997	0.001	0.001
0.695	0.001	0.001	0.303
0.001	0.001	0.001	0.997
0.997	0.001	0.001	0.001
0.229	0.001	0.541	0.229
0.001	0.001	0.001	0.997
>TGCACTCAGCAC	24-TGCACTCAGCAC	12.355432	-5.818945	0	T:3.0(0.09%),B:4.4(0.01%),P:1e-2	Tpos:615.9,Tstd:216.4,Bpos:192.4,Bstd:122.8,StrandBias:-3.6,Multiplicity:4.33
0.100	0.100	0.100	0.700
0.100	0.100	0.700	0.100
0.100	0.700	0.100	0.100
0.700	0.100	0.100	0.100
0.100	0.700	0.100	0.100
0.100	0.100	0.100	0.700
0.100	0.700	0.100	0.100
0.700	0.100	0.100	0.100
0.100	0.100	0.700	0.100
0.100	0.700	0.100	0.100
0.700	0.100	0.100	0.100
0.100	0.700	0.100	0.100
>ATCCTTGATGTT	25-ATCCTTGATGTT	13.773657	-3.952789	0	T:2.0(0.06%),B:3.6(0.01%),P:1e-1	Tpos:225.8,Tstd:118.8,Bpos:295.7,Bstd:86.8,StrandBias:3.5,Multiplicity:6.00
0.997	0.001	0.001	0.001
0.001	0.001	0.001	0.997
0.001	0.997	0.001	0.001
0.001	0.997	0.001	0.001
0.001	0.001	0.063	0.935
0.001	0.001	0.001	0.997
0.001	0.001	0.997	0.001
0.997	0.001	0.001	0.001
0.001	0.001	0.001	0.997
0.001	0.063	0.935	0.001
0.001	0.001	0.001	0.997
0.001	0.001	0.001	0.997
