>ATGAGTCA	1-ATGAGTCA	5.876018	-373.444565	0	T:954.0(29.92%),B:5407.0(11.88%),P:1e-162	Tpos:260.4,Tstd:171.1,Bpos:235.7,Bstd:145.6,StrandBias:-0.1,Multiplicity:1.24
0.669	0.131	0.157	0.043
0.001	0.002	0.001	0.996
0.001	0.001	0.959	0.039
0.976	0.005	0.001	0.018
0.001	0.258	0.740	0.001
0.001	0.001	0.001	0.997
0.034	0.964	0.001	0.001
0.997	0.001	0.001	0.001
>CATCAAAG	2-CATCAAAG	5.209770	-335.112732	0	T:1860.0(58.34%),B:16337.7(35.89%),P:1e-145	Tpos:274.7,Tstd:186.1,Bpos:241.7,Bstd:149.7,StrandBias:0.0,Multiplicity:1.63
0.022	0.767	0.198	0.013
0.724	0.001	0.001	0.274
0.024	0.001	0.001	0.974
0.030	0.896	0.073	0.001
0.982	0.001	0.001	0.016
0.997	0.001	0.001	0.001
0.993	0.005	0.001	0.001
0.032	0.035	0.932	0.001
>ACAGGAAG	3-ACAGGAAG	7.378173	-289.979641	0	T:1276.0(40.03%),B:9686.3(21.28%),P:1e-125	Tpos:268.1,Tstd:184.3,Bpos:238.8,Bstd:144.2,StrandBias:-0.0,Multiplicity:1.29
0.861	0.001	0.137	0.001
0.001	0.882	0.116	0.001
0.997	0.001	0.001	0.001
0.001	0.001	0.997	0.001
0.001	0.001	0.997	0.001
0.997	0.001	0.001	0.001
0.878	0.001	0.001	0.120
0.233	0.001	0.765	0.001
>YATGGAAA	4-YATGGAAA	6.807224	-280.303945	0	T:1350.0(42.35%),B:10679.4(23.46%),P:1e-121	Tpos:272.3,Tstd:193.8,Bpos:239.1,Bstd:148.2,StrandBias:-0.2,Multiplicity:1.17
0.174	0.431	0.103	0.291
0.825	0.001	0.173	0.001
0.001	0.201	0.001	0.797
0.001	0.001	0.910	0.088
0.001	0.296	0.484	0.219
0.961	0.001	0.037	0.001
0.815	0.095	0.089	0.001
0.997	0.001	0.001	0.001
>ACGGAAAC	5-ACGGAAAC	4.493060	-251.570067	0	T:854.0(26.79%),B:5551.1(12.19%),P:1e-109	Tpos:272.3,Tstd:183.8,Bpos:238.9,Bstd:148.9,StrandBias:-0.1,Multiplicity:1.26
0.644	0.001	0.354	0.001
0.001	0.982	0.001	0.016
0.001	0.001	0.997	0.001
0.001	0.001	0.983	0.015
0.654	0.001	0.001	0.344
0.997	0.001	0.001	0.001
0.997	0.001	0.001	0.001
0.378	0.605	0.001	0.016
>GTGGGAGG	6-GTGGGAGG	7.777664	-180.985802	0	T:597.0(18.73%),B:3733.0(8.20%),P:1e-78	Tpos:277.7,Tstd:191.0,Bpos:240.1,Bstd:145.4,StrandBias:0.0,Multiplicity:1.09
0.001	0.001	0.997	0.001
0.001	0.001	0.001	0.997
0.152	0.001	0.846	0.001
0.001	0.029	0.969	0.001
0.001	0.001	0.997	0.001
0.631	0.251	0.001	0.117
0.001	0.001	0.997	0.001
0.001	0.001	0.997	0.001
>CATTTCCT	7-CATTTCCT	4.074972	-159.508695	0	T:755.0(23.68%),B:5605.4(12.31%),P:1e-69	Tpos:280.6,Tstd:200.8,Bpos:239.9,Bstd:147.1,StrandBias:0.1,Multiplicity:1.12
0.001	0.997	0.001	0.001
0.891	0.001	0.107	0.001
0.001	0.250	0.001	0.748
0.001	0.001	0.001	0.997
0.120	0.001	0.001	0.878
0.001	0.997	0.001	0.001
0.001	0.997	0.001	0.001
0.001	0.001	0.034	0.964
>TGTGGKTK	8-TGTGGKTK	5.998881	-157.107380	0	T:943.0(29.58%),B:7735.5(16.99%),P:1e-68	Tpos:266.7,Tstd:182.2,Bpos:240.5,Bstd:147.8,StrandBias:0.2,Multiplicity:1.21
0.066	0.292	0.071	0.571
0.041	0.107	0.802	0.050
0.061	0.162	0.056	0.721
0.036	0.181	0.767	0.016
0.110	0.116	0.758	0.016
0.013	0.119	0.470	0.399
0.143	0.175	0.096	0.586
0.137	0.054	0.408	0.401
>TTTGCATA	9-TTTGCATA	10.875738	-143.292366	0	T:217.0(6.81%),B:787.0(1.73%),P:1e-62	Tpos:269.2,Tstd:173.4,Bpos:237.2,Bstd:148.8,StrandBias:0.2,Multiplicity:1.05
0.001	0.001	0.001	0.997
0.001	0.001	0.001	0.997
0.001	0.001	0.001	0.997
0.001	0.001	0.997	0.001
0.001	0.997	0.001	0.001
0.997	0.001	0.001	0.001
0.001	0.001	0.001	0.997
0.824	0.001	0.174	0.001
>TACGTCAC	10-TACGTCAC	5.194064	-136.349527	0	T:1258.0(39.46%),B:11929.4(26.20%),P:1e-59	Tpos:264.5,Tstd:187.2,Bpos:242.1,Bstd:153.3,StrandBias:0.0,Multiplicity:1.25
0.062	0.147	0.139	0.652
0.652	0.046	0.181	0.121
0.124	0.718	0.060	0.098
0.012	0.070	0.898	0.020
0.072	0.077	0.052	0.799
0.062	0.720	0.137	0.081
0.908	0.027	0.035	0.030
0.089	0.660	0.130	0.121
>GGGGGGGG	11-GGGGGGGG	8.083950	-75.882907	0	T:724.0(22.71%),B:6676.7(14.67%),P:1e-32	Tpos:290.5,Tstd:205.7,Bpos:240.6,Bstd:137.6,StrandBias:0.3,Multiplicity:1.40
0.001	0.007	0.991	0.001
0.001	0.001	0.997	0.001
0.031	0.001	0.871	0.097
0.117	0.042	0.675	0.166
0.105	0.048	0.745	0.102
0.115	0.061	0.717	0.107
0.001	0.001	0.997	0.001
0.001	0.001	0.997	0.001
>AGCTGTTT	12-AGCTGTTT	5.688118	-71.347668	0	T:1354.0(42.47%),B:14828.8(32.57%),P:1e-30	Tpos:274.7,Tstd:190.6,Bpos:240.9,Bstd:152.5,StrandBias:0.1,Multiplicity:1.35
0.901	0.016	0.082	0.001
0.001	0.045	0.902	0.052
0.054	0.944	0.001	0.001
0.066	0.026	0.046	0.862
0.036	0.001	0.833	0.130
0.065	0.066	0.001	0.868
0.001	0.040	0.044	0.915
0.066	0.038	0.054	0.842
>GCTGHCWG	13-GCTGHCWG	6.232948	-58.883310	0	T:1236.0(38.77%),B:13655.2(29.99%),P:1e-25	Tpos:273.2,Tstd:197.6,Bpos:238.3,Bstd:152.7,StrandBias:-0.0,Multiplicity:1.31
0.062	0.001	0.936	0.001
0.083	0.854	0.002	0.061
0.153	0.001	0.019	0.827
0.001	0.097	0.733	0.169
0.321	0.242	0.139	0.298
0.153	0.604	0.116	0.127
0.379	0.001	0.180	0.441
0.097	0.005	0.892	0.006
>CGTGTTTA	14-CGTGTTTA	6.710828	-47.322026	0	T:529.0(16.59%),B:5022.4(11.03%),P:1e-20	Tpos:279.9,Tstd:197.3,Bpos:238.7,Bstd:151.6,StrandBias:-0.0,Multiplicity:1.07
0.104	0.840	0.001	0.055
0.001	0.085	0.831	0.083
0.017	0.001	0.045	0.937
0.129	0.001	0.869	0.001
0.001	0.145	0.098	0.756
0.001	0.034	0.093	0.872
0.001	0.036	0.001	0.962
0.929	0.001	0.001	0.069
>CCACATCA	15-CCACATCA	8.236954	-44.217636	0	T:136.0(4.27%),B:803.6(1.77%),P:1e-19	Tpos:261.2,Tstd:180.9,Bpos:228.9,Bstd:147.2,StrandBias:-0.0,Multiplicity:1.02
0.100	0.700	0.100	0.100
0.100	0.700	0.100	0.100
0.700	0.100	0.100	0.100
0.100	0.700	0.100	0.100
0.700	0.100	0.100	0.100
0.100	0.100	0.100	0.700
0.100	0.700	0.100	0.100
0.700	0.100	0.100	0.100
>CTCTGAAG	16-CTCTGAAG	7.334475	-34.076817	0	T:653.0(20.48%),B:6938.8(15.24%),P:1e-14	Tpos:282.0,Tstd:192.7,Bpos:240.9,Bstd:148.6,StrandBias:0.0,Multiplicity:1.14
0.001	0.871	0.001	0.127
0.001	0.001	0.001	0.997
0.001	0.997	0.001	0.001
0.121	0.001	0.073	0.805
0.001	0.001	0.997	0.001
0.997	0.001	0.001	0.001
0.954	0.044	0.001	0.001
0.001	0.111	0.767	0.121
>GTTGCCAT	17-GTTGCCAT	6.560581	-33.195630	0	T:257.0(8.06%),B:2199.5(4.83%),P:1e-14	Tpos:263.6,Tstd:190.2,Bpos:240.6,Bstd:147.6,StrandBias:-0.2,Multiplicity:1.07
0.001	0.001	0.997	0.001
0.001	0.001	0.001	0.997
0.001	0.001	0.001	0.997
0.001	0.001	0.997	0.001
0.001	0.810	0.001	0.188
0.001	0.940	0.058	0.001
0.997	0.001	0.001	0.001
0.001	0.233	0.001	0.765
>TAGTTTCC	18-TAGTTTCC	10.841166	-30.880654	0	T:100.0(3.14%),B:611.1(1.34%),P:1e-13	Tpos:271.5,Tstd:204.7,Bpos:242.6,Bstd:140.4,StrandBias:0.8,Multiplicity:1.02
0.001	0.001	0.001	0.997
0.997	0.001	0.001	0.001
0.001	0.202	0.796	0.001
0.001	0.001	0.001	0.997
0.001	0.001	0.001	0.997
0.001	0.001	0.001	0.997
0.001	0.997	0.001	0.001
0.001	0.997	0.001	0.001
>CATCCGTT	19-CATCCGTT	7.078117	-24.292744	0	T:74.0(2.32%),B:442.9(0.97%),P:1e-10	Tpos:279.8,Tstd:206.6,Bpos:241.5,Bstd:151.4,StrandBias:-0.5,Multiplicity:1.00
0.001	0.997	0.001	0.001
0.997	0.001	0.001	0.001
0.001	0.001	0.001	0.997
0.001	0.997	0.001	0.001
0.001	0.997	0.001	0.001
0.001	0.001	0.997	0.001
0.001	0.001	0.151	0.847
0.122	0.001	0.001	0.876
