Factor1: 0.9268814798323312
Factor2: 1.0788865909597174
