Factor1: 0.9844626283748235
Factor2: 1.015782591616328
