Factor1: 1.4142135623730951
Factor2: 0.7071067811865471
