Factor1: 0.9215615394912331
Factor2: 1.0851147288026715
