Factor1: 1.041526999643476
Factor2: 0.9601287343893252
