Factor1: 0.9494577674870687
Factor2: 1.053232733717797
