Factor1: 0.9749678710810397
Factor2: 1.025674824434169
