Factor1: 1.0139083337913666
Factor2: 0.9862824544114788
