>CACTTCCTGT	1-CACTTCCTGT	7.109158	-252.228868	0	T:908.0(40.12%),B:9125.7(19.69%),P:1e-109	Tpos:317.8,Tstd:255.2,Bpos:247.2,Bstd:151.1,StrandBias:-0.1,Multiplicity:1.37
0.209	0.393	0.228	0.169
0.528	0.059	0.355	0.058
0.001	0.592	0.017	0.390
0.222	0.062	0.011	0.705
0.006	0.001	0.009	0.984
0.001	0.957	0.001	0.041
0.001	0.919	0.013	0.067
0.009	0.047	0.392	0.552
0.039	0.246	0.599	0.116
0.083	0.286	0.114	0.517
>TGTGGTTTNG	2-TGTGGTTTNG	5.811630	-118.552367	0	T:865.0(38.22%),B:11064.0(23.87%),P:1e-51	Tpos:277.9,Tstd:233.8,Bpos:247.5,Bstd:149.0,StrandBias:-0.1,Multiplicity:1.31
0.131	0.135	0.134	0.600
0.098	0.089	0.706	0.107
0.095	0.251	0.085	0.569
0.031	0.087	0.758	0.124
0.032	0.028	0.844	0.096
0.064	0.127	0.166	0.643
0.034	0.068	0.071	0.827
0.256	0.141	0.145	0.458
0.245	0.336	0.206	0.213
0.147	0.187	0.504	0.162
>GCCCCGCCCM	3-GCCCCGCCCM	8.493255	-90.658990	0	T:527.0(23.29%),B:6056.6(13.07%),P:1e-39	Tpos:351.0,Tstd:281.8,Bpos:245.0,Bstd:155.1,StrandBias:-0.0,Multiplicity:1.54
0.088	0.128	0.764	0.020
0.001	0.639	0.001	0.359
0.001	0.601	0.001	0.397
0.079	0.786	0.001	0.134
0.027	0.865	0.032	0.076
0.201	0.001	0.607	0.191
0.001	0.997	0.001	0.001
0.001	0.987	0.011	0.001
0.001	0.797	0.001	0.201
0.411	0.346	0.029	0.214
>CCACTAGGGG	4-CCACTAGGGG	6.737212	-62.809295	0	T:155.0(6.85%),B:1161.9(2.51%),P:1e-27	Tpos:282.8,Tstd:219.9,Bpos:239.2,Bstd:142.6,StrandBias:-0.3,Multiplicity:1.04
0.139	0.562	0.090	0.209
0.080	0.752	0.098	0.070
0.552	0.110	0.116	0.222
0.143	0.504	0.341	0.012
0.239	0.237	0.116	0.408
0.631	0.074	0.129	0.166
0.269	0.095	0.565	0.071
0.337	0.159	0.502	0.002
0.087	0.236	0.421	0.255
0.001	0.035	0.581	0.383
>GTTTCRGTTT	5-GTTTCRGTTT	8.730678	-59.222137	0	T:218.0(9.63%),B:2031.3(4.38%),P:1e-25	Tpos:318.9,Tstd:286.7,Bpos:249.2,Bstd:157.0,StrandBias:0.1,Multiplicity:1.09
0.097	0.251	0.531	0.121
0.001	0.001	0.001	0.997
0.001	0.001	0.001	0.997
0.001	0.242	0.146	0.611
0.001	0.966	0.001	0.032
0.402	0.070	0.334	0.193
0.001	0.312	0.686	0.001
0.001	0.001	0.001	0.997
0.001	0.001	0.001	0.997
0.118	0.269	0.001	0.612
>BVTGASTCAY	6-BVTGASTCAY	8.067501	-44.173408	0	T:185.0(8.17%),B:1827.4(3.94%),P:1e-19	Tpos:275.3,Tstd:244.7,Bpos:252.8,Bstd:142.3,StrandBias:-0.0,Multiplicity:1.11
0.155	0.269	0.254	0.323
0.361	0.333	0.247	0.060
0.001	0.065	0.001	0.933
0.050	0.001	0.871	0.078
0.713	0.127	0.091	0.069
0.045	0.379	0.527	0.049
0.114	0.060	0.001	0.825
0.032	0.860	0.107	0.001
0.764	0.061	0.169	0.006
0.001	0.417	0.226	0.356
>TTTCGCGCCA	7-TTTCGCGCCA	5.709277	-41.721413	0	T:259.0(11.44%),B:2983.5(6.44%),P:1e-18	Tpos:357.2,Tstd:306.3,Bpos:249.2,Bstd:161.0,StrandBias:-0.0,Multiplicity:1.14
0.123	0.160	0.150	0.567
0.094	0.100	0.099	0.707
0.092	0.154	0.134	0.620
0.202	0.526	0.134	0.138
0.182	0.175	0.603	0.040
0.177	0.634	0.108	0.081
0.124	0.087	0.700	0.089
0.106	0.550	0.159	0.185
0.091	0.616	0.153	0.140
0.507	0.187	0.084	0.222
>CGGAAGGAAV	8-CGGAAGGAAV	9.570277	-38.105049	0	T:175.0(7.73%),B:1798.9(3.88%),P:1e-16	Tpos:303.0,Tstd:253.2,Bpos:247.3,Bstd:149.3,StrandBias:-0.2,Multiplicity:1.03
0.261	0.737	0.001	0.001
0.001	0.001	0.997	0.001
0.001	0.001	0.997	0.001
0.997	0.001	0.001	0.001
0.997	0.001	0.001	0.001
0.001	0.001	0.997	0.001
0.001	0.001	0.677	0.321
0.669	0.001	0.329	0.001
0.643	0.001	0.001	0.355
0.358	0.257	0.385	0.001
>YARCCAATMR	9-YARCCAATMR	7.295333	-31.967681	0	T:112.0(4.95%),B:1023.0(2.21%),P:1e-13	Tpos:320.1,Tstd:249.1,Bpos:245.9,Bstd:150.7,StrandBias:0.4,Multiplicity:1.09
0.008	0.465	0.025	0.502
0.650	0.062	0.171	0.117
0.396	0.102	0.446	0.057
0.001	0.830	0.019	0.150
0.094	0.717	0.151	0.038
0.679	0.095	0.210	0.016
0.703	0.129	0.167	0.001
0.192	0.003	0.141	0.664
0.423	0.309	0.256	0.012
0.407	0.029	0.460	0.104
>GAGGTGTGAA	10-GAGGTGTGAA	7.354446	-30.667016	0	T:235.0(10.38%),B:2895.1(6.25%),P:1e-13	Tpos:288.3,Tstd:242.9,Bpos:247.7,Bstd:147.4,StrandBias:0.0,Multiplicity:1.09
0.082	0.073	0.780	0.065
0.716	0.086	0.120	0.078
0.079	0.056	0.805	0.060
0.050	0.035	0.883	0.032
0.057	0.057	0.064	0.822
0.063	0.069	0.825	0.043
0.111	0.067	0.069	0.753
0.079	0.049	0.798	0.074
0.847	0.033	0.060	0.060
0.779	0.082	0.083	0.056
>TAGAACGACA	11-TAGAACGACA	11.600976	-29.446209	0	T:10.0(0.44%),B:5.8(0.01%),P:1e-12	Tpos:376.9,Tstd:345.9,Bpos:205.8,Bstd:113.7,StrandBias:1.2,Multiplicity:1.00
0.001	0.001	0.001	0.997
0.997	0.001	0.001	0.001
0.001	0.001	0.997	0.001
0.997	0.001	0.001	0.001
0.997	0.001	0.001	0.001
0.001	0.997	0.001	0.001
0.001	0.001	0.997	0.001
0.891	0.001	0.107	0.001
0.001	0.997	0.001	0.001
0.997	0.001	0.001	0.001
>TCCTCAGGCT	12-TCCTCAGGCT	9.694867	-28.721123	0	T:95.0(4.20%),B:846.5(1.83%),P:1e-12	Tpos:308.1,Tstd:261.6,Bpos:257.4,Bstd:144.7,StrandBias:0.5,Multiplicity:1.03
0.001	0.001	0.001	0.997
0.026	0.810	0.001	0.163
0.001	0.997	0.001	0.001
0.001	0.001	0.001	0.997
0.041	0.791	0.109	0.059
0.953	0.045	0.001	0.001
0.001	0.001	0.997	0.001
0.001	0.001	0.997	0.001
0.001	0.931	0.001	0.067
0.001	0.001	0.001	0.997
>CCAATCGGAA	13-CCAATCGGAA	8.950986	-26.827647	0	T:48.0(2.12%),B:296.1(0.64%),P:1e-11	Tpos:297.5,Tstd:226.7,Bpos:243.8,Bstd:143.8,StrandBias:0.1,Multiplicity:1.06
0.001	0.912	0.030	0.057
0.033	0.909	0.001	0.057
0.942	0.001	0.001	0.056
0.941	0.001	0.028	0.030
0.001	0.030	0.001	0.968
0.040	0.935	0.001	0.024
0.113	0.154	0.732	0.001
0.001	0.076	0.922	0.001
0.846	0.040	0.028	0.086
0.906	0.024	0.013	0.057
>TATCTCCGCC	14-TATCTCCGCC	7.439902	-25.148442	0	T:175.0(7.73%),B:2095.5(4.52%),P:1e-10	Tpos:338.2,Tstd:272.8,Bpos:236.9,Bstd:150.4,StrandBias:-0.1,Multiplicity:1.08
0.053	0.154	0.084	0.709
0.763	0.053	0.115	0.069
0.099	0.106	0.060	0.735
0.043	0.801	0.037	0.119
0.066	0.028	0.045	0.861
0.070	0.845	0.039	0.046
0.027	0.905	0.030	0.038
0.035	0.074	0.784	0.107
0.077	0.756	0.054	0.113
0.047	0.851	0.037	0.065
>AATCCGCGCG	15-AATCCGCGCG	5.787332	-23.371624	0	T:141.0(6.23%),B:1613.1(3.48%),P:1e-10	Tpos:374.2,Tstd:273.9,Bpos:253.6,Bstd:171.8,StrandBias:0.2,Multiplicity:1.17
0.622	0.124	0.127	0.127
0.601	0.134	0.123	0.142
0.159	0.127	0.131	0.583
0.135	0.577	0.140	0.148
0.139	0.592	0.138	0.131
0.124	0.120	0.624	0.132
0.131	0.612	0.129	0.128
0.130	0.145	0.584	0.141
0.130	0.615	0.125	0.130
0.134	0.131	0.591	0.144
>CGGCAGTATG	16-CGGCAGTATG	8.884266	-22.935252	0	T:33.0(1.46%),B:173.6(0.37%),P:1e-9	Tpos:286.0,Tstd:218.3,Bpos:240.7,Bstd:154.7,StrandBias:0.0,Multiplicity:1.00
0.001	0.982	0.001	0.016
0.018	0.001	0.953	0.028
0.066	0.030	0.838	0.066
0.001	0.910	0.088	0.001
0.854	0.001	0.113	0.032
0.001	0.113	0.773	0.113
0.001	0.045	0.019	0.935
0.898	0.001	0.001	0.100
0.057	0.001	0.001	0.941
0.001	0.001	0.910	0.088
>TGACGTCACG	17-TGACGTCACG	8.382829	-21.933498	0	T:60.0(2.65%),B:489.7(1.06%),P:1e-9	Tpos:291.8,Tstd:201.0,Bpos:234.4,Bstd:159.2,StrandBias:0.3,Multiplicity:1.02
0.001	0.001	0.040	0.958
0.001	0.031	0.916	0.052
0.958	0.001	0.040	0.001
0.020	0.978	0.001	0.001
0.024	0.001	0.974	0.001
0.001	0.001	0.001	0.997
0.001	0.997	0.001	0.001
0.960	0.001	0.038	0.001
0.056	0.595	0.141	0.208
0.092	0.132	0.775	0.001
>CGCCTACGCA	18-CGCCTACGCA	8.524521	-21.689754	0	T:98.0(4.33%),B:1010.2(2.18%),P:1e-9	Tpos:328.7,Tstd:306.1,Bpos:243.5,Bstd:158.1,StrandBias:0.3,Multiplicity:1.11
0.003	0.899	0.017	0.081
0.078	0.001	0.920	0.001
0.001	0.949	0.049	0.001
0.001	0.997	0.001	0.001
0.001	0.124	0.135	0.740
0.549	0.001	0.154	0.296
0.001	0.882	0.088	0.029
0.241	0.153	0.539	0.067
0.001	0.755	0.181	0.063
0.885	0.080	0.021	0.014
>TGACAACCGC	19-TGACAACCGC	7.265633	-18.343684	0	T:43.0(1.90%),B:324.5(0.70%),P:1e-7	Tpos:327.7,Tstd:316.1,Bpos:242.7,Bstd:139.1,StrandBias:0.1,Multiplicity:1.02
0.264	0.095	0.027	0.614
0.015	0.287	0.652	0.046
0.732	0.080	0.085	0.103
0.114	0.684	0.073	0.129
0.751	0.068	0.103	0.078
0.513	0.065	0.113	0.309
0.247	0.545	0.136	0.072
0.175	0.427	0.208	0.190
0.128	0.205	0.600	0.067
0.241	0.472	0.229	0.058
>TTCCACTGAG	20-TTCCACTGAG	10.884664	-18.133478	0	T:30.0(1.33%),B:179.3(0.39%),P:1e-7	Tpos:251.9,Tstd:144.3,Bpos:254.4,Bstd:144.0,StrandBias:0.9,Multiplicity:1.03
0.001	0.001	0.050	0.948
0.001	0.001	0.001	0.997
0.001	0.997	0.001	0.001
0.001	0.997	0.001	0.001
0.997	0.001	0.001	0.001
0.001	0.997	0.001	0.001
0.001	0.001	0.001	0.997
0.001	0.226	0.772	0.001
0.927	0.071	0.001	0.001
0.001	0.001	0.997	0.001
>CTCTTAACGC	21-CTCTTAACGC	11.513919	-14.202412	0	T:6.0(0.27%),B:6.3(0.01%),P:1e-6	Tpos:403.8,Tstd:249.2,Bpos:302.6,Bstd:49.7,StrandBias:1.0,Multiplicity:1.00
0.105	0.757	0.118	0.020
0.001	0.179	0.001	0.819
0.150	0.781	0.001	0.068
0.023	0.004	0.020	0.953
0.069	0.001	0.008	0.922
0.720	0.165	0.001	0.114
0.589	0.001	0.183	0.227
0.001	0.997	0.001	0.001
0.001	0.001	0.734	0.264
0.199	0.723	0.077	0.001
>CCGTGCCTCA	22-CCGTGCCTCA	10.068824	-13.099557	0	T:42.0(1.86%),B:382.9(0.83%),P:1e-5	Tpos:291.3,Tstd:227.2,Bpos:246.3,Bstd:155.4,StrandBias:-1.4,Multiplicity:1.61
0.001	0.692	0.122	0.185
0.001	0.882	0.116	0.001
0.001	0.188	0.810	0.001
0.001	0.001	0.001	0.997
0.001	0.001	0.756	0.242
0.001	0.997	0.001	0.001
0.001	0.492	0.209	0.298
0.008	0.001	0.001	0.990
0.001	0.814	0.052	0.133
0.935	0.001	0.063	0.001
>ATCGGTGTTG	23-ATCGGTGTTG	11.848128	-12.785944	0	T:7.0(0.31%),B:12.5(0.03%),P:1e-5	Tpos:167.3,Tstd:106.6,Bpos:242.3,Bstd:172.2,StrandBias:0.4,Multiplicity:1.00
0.861	0.001	0.137	0.001
0.001	0.001	0.001	0.997
0.001	0.997	0.001	0.001
0.001	0.001	0.997	0.001
0.001	0.001	0.997	0.001
0.001	0.001	0.001	0.997
0.001	0.001	0.997	0.001
0.001	0.001	0.001	0.997
0.001	0.001	0.001	0.997
0.001	0.001	0.997	0.001
>AAAAAAAAAA	24-AAAAAAAAAA	10.752775	-9.227387	0	T:129.0(5.70%),B:1878.8(4.05%),P:1e-4	Tpos:310.8,Tstd:222.4,Bpos:247.8,Bstd:170.1,StrandBias:0.8,Multiplicity:1.07
0.899	0.041	0.001	0.059
0.937	0.001	0.001	0.061
0.985	0.001	0.001	0.013
0.997	0.001	0.001	0.001
0.997	0.001	0.001	0.001
0.957	0.001	0.041	0.001
0.967	0.001	0.031	0.001
0.964	0.034	0.001	0.001
0.934	0.001	0.064	0.001
0.947	0.001	0.051	0.001
>GTGTCTTGTA	25-GTGTCTTGTA	12.015743	-5.266895	0	T:8.0(0.35%),B:54.0(0.12%),P:1e-2	Tpos:235.1,Tstd:183.4,Bpos:256.9,Bstd:137.8,StrandBias:-1.7,Multiplicity:2.12
0.001	0.001	0.997	0.001
0.001	0.001	0.001	0.997
0.001	0.001	0.997	0.001
0.162	0.001	0.001	0.836
0.001	0.997	0.001	0.001
0.001	0.001	0.001	0.997
0.001	0.001	0.001	0.997
0.001	0.001	0.997	0.001
0.001	0.001	0.001	0.997
0.997	0.001	0.001	0.001
