>NYCACTTCCTGT	1-NYCACTTCCTGT	8.153992	-216.335690	0	T:619.0(27.35%),B:5318.9(11.48%),P:1e-93	Tpos:312.1,Tstd:242.2,Bpos:248.0,Bstd:146.2,StrandBias:0.1,Multiplicity:1.29
0.309	0.213	0.176	0.303
0.174	0.355	0.183	0.288
0.239	0.515	0.026	0.220
0.556	0.099	0.262	0.083
0.001	0.628	0.040	0.331
0.198	0.080	0.001	0.721
0.001	0.016	0.082	0.901
0.001	0.971	0.001	0.027
0.001	0.997	0.001	0.001
0.021	0.001	0.001	0.977
0.027	0.263	0.566	0.144
0.122	0.263	0.146	0.469
>GCCMCCTAGTGG	2-GCCMCCTAGTGG	10.718564	-114.439295	0	T:125.0(5.52%),B:474.4(1.02%),P:1e-49	Tpos:270.7,Tstd:177.1,Bpos:234.0,Bstd:146.6,StrandBias:0.3,Multiplicity:1.02
0.001	0.028	0.970	0.001
0.119	0.852	0.028	0.001
0.001	0.997	0.001	0.001
0.409	0.467	0.062	0.062
0.037	0.539	0.037	0.387
0.001	0.997	0.001	0.001
0.018	0.036	0.001	0.945
0.503	0.037	0.314	0.146
0.001	0.205	0.719	0.075
0.083	0.001	0.001	0.915
0.001	0.001	0.962	0.036
0.001	0.052	0.832	0.115
>AGACAGGAAACC	3-AGACAGGAAACC	8.341705	-78.272501	0	T:412.0(18.21%),B:4521.1(9.75%),P:1e-33	Tpos:305.8,Tstd:272.2,Bpos:247.2,Bstd:147.2,StrandBias:0.1,Multiplicity:1.09
0.550	0.090	0.176	0.184
0.173	0.315	0.511	0.001
0.749	0.103	0.119	0.029
0.221	0.557	0.221	0.001
0.997	0.001	0.001	0.001
0.019	0.001	0.979	0.001
0.004	0.001	0.870	0.125
0.804	0.018	0.128	0.050
0.891	0.088	0.020	0.001
0.600	0.161	0.232	0.007
0.212	0.652	0.005	0.131
0.116	0.738	0.001	0.145
>DSTTTGTGGTTT	4-DSTTTGTGGTTT	8.844066	-76.552719	0	T:274.0(12.11%),B:2527.8(5.45%),P:1e-33	Tpos:282.2,Tstd:212.7,Bpos:246.7,Bstd:145.0,StrandBias:-0.1,Multiplicity:1.09
0.261	0.013	0.354	0.372
0.017	0.408	0.473	0.102
0.197	0.184	0.027	0.592
0.069	0.194	0.251	0.486
0.033	0.001	0.001	0.965
0.001	0.123	0.875	0.001
0.001	0.001	0.001	0.997
0.001	0.001	0.958	0.040
0.001	0.028	0.950	0.021
0.001	0.280	0.133	0.586
0.001	0.082	0.001	0.916
0.233	0.166	0.113	0.488
>RHGGGGCGGRGC	5-RHGGGGCGGRGC	9.230891	-75.736929	0	T:413.0(18.25%),B:4591.6(9.91%),P:1e-32	Tpos:371.6,Tstd:297.0,Bpos:244.0,Bstd:155.8,StrandBias:0.1,Multiplicity:1.39
0.311	0.141	0.430	0.118
0.334	0.206	0.164	0.296
0.335	0.001	0.640	0.024
0.189	0.001	0.809	0.001
0.011	0.011	0.938	0.040
0.018	0.001	0.980	0.001
0.210	0.567	0.001	0.222
0.001	0.018	0.890	0.091
0.001	0.001	0.861	0.137
0.416	0.032	0.512	0.040
0.005	0.049	0.945	0.001
0.251	0.640	0.098	0.011
>WAAMCCACAYCC	6-WAAMCCACAYCC	9.069834	-63.143759	0	T:231.0(10.21%),B:2147.1(4.63%),P:1e-27	Tpos:299.5,Tstd:273.9,Bpos:250.7,Bstd:144.6,StrandBias:0.2,Multiplicity:1.07
0.430	0.027	0.181	0.362
0.435	0.194	0.108	0.263
0.507	0.082	0.247	0.164
0.474	0.350	0.175	0.001
0.190	0.808	0.001	0.001
0.122	0.876	0.001	0.001
0.997	0.001	0.001	0.001
0.067	0.931	0.001	0.001
0.966	0.032	0.001	0.001
0.001	0.515	0.093	0.391
0.001	0.997	0.001	0.001
0.139	0.859	0.001	0.001
>HDVTGASTCAYM	7-HDVTGASTCAYM	7.764218	-51.779133	0	T:254.0(11.22%),B:2684.0(5.79%),P:1e-22	Tpos:287.5,Tstd:264.8,Bpos:250.0,Bstd:141.4,StrandBias:-0.1,Multiplicity:1.11
0.211	0.355	0.137	0.296
0.235	0.122	0.300	0.343
0.326	0.320	0.353	0.001
0.001	0.001	0.001	0.997
0.001	0.001	0.997	0.001
0.890	0.001	0.001	0.108
0.001	0.459	0.539	0.001
0.001	0.001	0.001	0.997
0.001	0.997	0.001	0.001
0.997	0.001	0.001	0.001
0.001	0.354	0.182	0.463
0.259	0.369	0.202	0.170
>RVACCGGAAGNR	8-RVACCGGAAGNR	7.222481	-50.798892	0	T:290.0(12.81%),B:3248.2(7.01%),P:1e-22	Tpos:305.8,Tstd:227.3,Bpos:247.9,Bstd:165.3,StrandBias:-0.1,Multiplicity:1.14
0.386	0.144	0.445	0.025
0.321	0.243	0.364	0.071
0.652	0.094	0.155	0.099
0.001	0.895	0.103	0.001
0.001	0.822	0.176	0.001
0.001	0.001	0.997	0.001
0.047	0.126	0.826	0.001
0.907	0.030	0.050	0.013
0.599	0.148	0.021	0.232
0.087	0.074	0.827	0.012
0.190	0.188	0.327	0.295
0.388	0.203	0.257	0.151
>ARCCAATCAGAG	9-ARCCAATCAGAG	8.139352	-44.524657	0	T:268.0(11.84%),B:3055.8(6.59%),P:1e-19	Tpos:298.6,Tstd:241.3,Bpos:248.9,Bstd:144.3,StrandBias:0.7,Multiplicity:1.10
0.605	0.243	0.145	0.007
0.487	0.076	0.414	0.023
0.021	0.924	0.005	0.050
0.106	0.892	0.001	0.001
0.939	0.059	0.001	0.001
0.554	0.292	0.089	0.065
0.030	0.302	0.067	0.601
0.029	0.876	0.094	0.001
0.839	0.057	0.009	0.095
0.311	0.131	0.535	0.023
0.729	0.047	0.125	0.099
0.119	0.001	0.831	0.049
>GTCCCACCCACA	10-GTCCCACCCACA	8.845209	-43.521697	0	T:219.0(9.68%),B:2334.6(5.04%),P:1e-18	Tpos:264.8,Tstd:240.4,Bpos:249.5,Bstd:144.6,StrandBias:0.2,Multiplicity:1.05
0.077	0.088	0.775	0.060
0.064	0.101	0.055	0.780
0.010	0.889	0.075	0.026
0.117	0.746	0.035	0.102
0.032	0.883	0.001	0.084
0.796	0.052	0.073	0.079
0.057	0.885	0.021	0.037
0.042	0.839	0.044	0.075
0.053	0.931	0.015	0.001
0.854	0.057	0.031	0.058
0.039	0.854	0.069	0.038
0.769	0.084	0.071	0.076
>ACACTTCCTGCC	11-ACACTTCCTGCC	8.436913	-42.347872	0	T:241.0(10.65%),B:2691.2(5.81%),P:1e-18	Tpos:312.8,Tstd:255.0,Bpos:247.1,Bstd:145.2,StrandBias:-0.1,Multiplicity:1.08
0.664	0.028	0.100	0.208
0.001	0.735	0.238	0.026
0.796	0.093	0.030	0.081
0.001	0.845	0.032	0.122
0.059	0.101	0.001	0.839
0.001	0.069	0.045	0.885
0.057	0.885	0.057	0.001
0.057	0.909	0.001	0.033
0.019	0.001	0.159	0.821
0.001	0.055	0.826	0.118
0.057	0.941	0.001	0.001
0.001	0.930	0.045	0.024
>CGCGCGCCTATT	12-CGCGCGCCTATT	9.454025	-33.703041	0	T:50.0(2.21%),B:263.9(0.57%),P:1e-14	Tpos:382.8,Tstd:311.1,Bpos:238.5,Bstd:171.6,StrandBias:1.0,Multiplicity:1.04
0.055	0.833	0.057	0.055
0.001	0.004	0.994	0.001
0.105	0.841	0.053	0.001
0.001	0.001	0.997	0.001
0.053	0.841	0.053	0.053
0.001	0.001	0.893	0.105
0.053	0.841	0.053	0.053
0.035	0.806	0.106	0.053
0.001	0.108	0.240	0.651
0.606	0.072	0.075	0.247
0.106	0.053	0.073	0.768
0.001	0.035	0.214	0.750
>AGTTTCAGTTTC	13-AGTTTCAGTTTC	7.207333	-31.366757	0	T:311.0(13.74%),B:4122.0(8.89%),P:1e-13	Tpos:302.9,Tstd:274.0,Bpos:248.2,Bstd:149.3,StrandBias:0.0,Multiplicity:1.20
0.722	0.055	0.108	0.115
0.092	0.087	0.720	0.101
0.069	0.088	0.067	0.776
0.069	0.103	0.089	0.739
0.070	0.096	0.075	0.759
0.056	0.787	0.070	0.087
0.751	0.063	0.060	0.126
0.076	0.101	0.737	0.086
0.105	0.093	0.053	0.749
0.048	0.093	0.075	0.784
0.059	0.096	0.078	0.767
0.082	0.708	0.083	0.127
>ATGCAATAGGTG	14-ATGCAATAGGTG	10.559423	-28.163216	0	T:13.0(0.57%),B:14.1(0.03%),P:1e-12	Tpos:369.1,Tstd:291.3,Bpos:234.1,Bstd:138.0,StrandBias:0.2,Multiplicity:1.00
0.500	0.096	0.113	0.291
0.314	0.035	0.068	0.583
0.258	0.053	0.627	0.062
0.323	0.578	0.067	0.032
0.827	0.060	0.048	0.065
0.581	0.335	0.031	0.053
0.049	0.051	0.036	0.864
0.625	0.041	0.307	0.027
0.073	0.062	0.796	0.069
0.066	0.251	0.639	0.044
0.066	0.018	0.313	0.603
0.067	0.049	0.848	0.036
>TTAGCGCCAGGC	15-TTAGCGCCAGGC	13.585603	-22.334292	0	T:11.0(0.49%),B:14.8(0.03%),P:1e-9	Tpos:332.8,Tstd:411.1,Bpos:227.9,Bstd:105.9,StrandBias:1.4,Multiplicity:1.00
0.001	0.001	0.001	0.997
0.167	0.167	0.131	0.535
0.997	0.001	0.001	0.001
0.001	0.166	0.832	0.001
0.001	0.832	0.001	0.166
0.001	0.070	0.798	0.131
0.001	0.997	0.001	0.001
0.001	0.997	0.001	0.001
0.997	0.001	0.001	0.001
0.001	0.001	0.997	0.001
0.001	0.001	0.997	0.001
0.001	0.997	0.001	0.001
>CTGGAGCCYAAA	16-CTGGAGCCYAAA	13.641884	-20.999898	0	T:10.0(0.44%),B:12.8(0.03%),P:1e-9	Tpos:282.7,Tstd:141.2,Bpos:254.6,Bstd:134.5,StrandBias:-0.6,Multiplicity:1.00
0.130	0.868	0.001	0.001
0.001	0.001	0.001	0.997
0.001	0.001	0.997	0.001
0.001	0.001	0.997	0.001
0.997	0.001	0.001	0.001
0.130	0.001	0.868	0.001
0.001	0.997	0.001	0.001
0.001	0.997	0.001	0.001
0.001	0.474	0.001	0.524
0.997	0.001	0.001	0.001
0.997	0.001	0.001	0.001
0.868	0.001	0.001	0.130
>GCTAGCCAATCG	17-GCTAGCCAATCG	9.016382	-20.528687	0	T:46.0(2.03%),B:335.4(0.72%),P:1e-8	Tpos:299.9,Tstd:278.3,Bpos:264.4,Bstd:150.5,StrandBias:0.2,Multiplicity:1.05
0.043	0.193	0.677	0.087
0.001	0.954	0.002	0.043
0.003	0.046	0.043	0.908
0.805	0.043	0.109	0.043
0.043	0.043	0.913	0.001
0.043	0.922	0.034	0.001
0.042	0.956	0.001	0.001
0.739	0.087	0.087	0.087
0.739	0.087	0.087	0.087
0.001	0.034	0.043	0.922
0.089	0.793	0.072	0.046
0.043	0.087	0.684	0.186
>GGGTGCTTTCCC	18-GGGTGCTTTCCC	12.355432	-19.930244	0	T:5.0(0.22%),B:1.7(0.00%),P:1e-8	Tpos:182.6,Tstd:157.8,Bpos:344.8,Bstd:54.9,StrandBias:10.0,Multiplicity:1.00
0.100	0.100	0.700	0.100
0.100	0.100	0.700	0.100
0.100	0.100	0.700	0.100
0.100	0.100	0.100	0.700
0.100	0.100	0.700	0.100
0.100	0.700	0.100	0.100
0.100	0.100	0.100	0.700
0.100	0.100	0.100	0.700
0.100	0.100	0.100	0.700
0.100	0.700	0.100	0.100
0.100	0.700	0.100	0.100
0.100	0.700	0.100	0.100
>ACCCCGCTGTCA	19-ACCCCGCTGTCA	9.419339	-13.507822	0	T:9.0(0.40%),B:21.3(0.05%),P:1e-5	Tpos:330.9,Tstd:154.7,Bpos:231.9,Bstd:120.2,StrandBias:3.3,Multiplicity:1.22
0.997	0.001	0.001	0.001
0.001	0.997	0.001	0.001
0.001	0.997	0.001	0.001
0.001	0.800	0.001	0.198
0.001	0.997	0.001	0.001
0.001	0.001	0.997	0.001
0.001	0.997	0.001	0.001
0.001	0.001	0.001	0.997
0.001	0.001	0.997	0.001
0.001	0.001	0.001	0.997
0.001	0.997	0.001	0.001
0.757	0.241	0.001	0.001
>CCCTGCCTCAAA	20-CCCTGCCTCAAA	10.278260	-11.152918	0	T:17.0(0.75%),B:100.7(0.22%),P:1e-4	Tpos:294.3,Tstd:246.6,Bpos:241.2,Bstd:145.3,StrandBias:-1.5,Multiplicity:2.29
0.067	0.766	0.046	0.121
0.237	0.505	0.054	0.204
0.069	0.777	0.066	0.088
0.056	0.182	0.160	0.602
0.048	0.094	0.787	0.071
0.247	0.523	0.176	0.054
0.057	0.871	0.021	0.051
0.045	0.100	0.036	0.819
0.048	0.818	0.047	0.087
0.723	0.053	0.154	0.070
0.442	0.179	0.140	0.240
0.490	0.204	0.142	0.164
>AAAAAAAAAAAA	21-AAAAAAAAAAAA	12.107169	-10.543400	0	T:70.0(3.09%),B:848.2(1.83%),P:1e-4	Tpos:294.1,Tstd:180.4,Bpos:246.1,Bstd:173.5,StrandBias:1.2,Multiplicity:1.03
0.550	0.133	0.023	0.294
0.558	0.208	0.021	0.213
0.531	0.205	0.185	0.079
0.606	0.016	0.199	0.179
0.740	0.002	0.196	0.062
0.798	0.010	0.162	0.030
0.763	0.009	0.205	0.023
0.746	0.039	0.198	0.017
0.729	0.015	0.249	0.007
0.928	0.042	0.018	0.012
0.909	0.032	0.043	0.016
0.529	0.170	0.167	0.134
>CCAGGAGCATGC	22-CCAGGAGCATGC	14.676649	-9.266988	0	T:5.0(0.22%),B:9.8(0.02%),P:1e-4	Tpos:344.8,Tstd:402.2,Bpos:236.5,Bstd:132.6,StrandBias:1.6,Multiplicity:1.60
0.001	0.997	0.001	0.001
0.001	0.821	0.001	0.177
0.997	0.001	0.001	0.001
0.001	0.001	0.997	0.001
0.001	0.001	0.997	0.001
0.997	0.001	0.001	0.001
0.001	0.177	0.821	0.001
0.001	0.997	0.001	0.001
0.997	0.001	0.001	0.001
0.001	0.001	0.001	0.997
0.001	0.001	0.997	0.001
0.001	0.997	0.001	0.001
>AGCTAAGCCACA	23-AGCTAAGCCACA	14.076753	-9.015314	0	T:4.0(0.18%),B:6.0(0.01%),P:1e-3	Tpos:270.5,Tstd:75.8,Bpos:319.5,Bstd:117.7,StrandBias:10.0,Multiplicity:3.25
0.997	0.001	0.001	0.001
0.001	0.001	0.997	0.001
0.001	0.918	0.080	0.001
0.001	0.001	0.001	0.997
0.997	0.001	0.001	0.001
0.997	0.001	0.001	0.001
0.001	0.001	0.997	0.001
0.001	0.997	0.001	0.001
0.001	0.997	0.001	0.001
0.997	0.001	0.001	0.001
0.001	0.997	0.001	0.001
0.997	0.001	0.001	0.001
>TCTACAAGACAC	24-TCTACAAGACAC	12.355432	-2.374810	0	T:1.0(0.04%),B:2.0(0.00%),P:1e-1	Tpos:260.8,Tstd:51.3,Bpos:234.1,Bstd:66.7,StrandBias:10.0,Multiplicity:8.00
0.100	0.100	0.100	0.700
0.100	0.700	0.100	0.100
0.100	0.100	0.100	0.700
0.700	0.100	0.100	0.100
0.100	0.700	0.100	0.100
0.700	0.100	0.100	0.100
0.700	0.100	0.100	0.100
0.100	0.100	0.700	0.100
0.700	0.100	0.100	0.100
0.100	0.700	0.100	0.100
0.700	0.100	0.100	0.100
0.100	0.700	0.100	0.100
>CATCTGTACAAG	25-CATCTGTACAAG	12.355432	-1.993250	0	T:1.0(0.04%),B:3.9(0.01%),P:1e0	Tpos:82.4,Tstd:47.8,Bpos:218.7,Bstd:152.8,StrandBias:10.0,Multiplicity:9.00
0.100	0.700	0.100	0.100
0.700	0.100	0.100	0.100
0.100	0.100	0.100	0.700
0.100	0.700	0.100	0.100
0.100	0.100	0.100	0.700
0.100	0.100	0.700	0.100
0.100	0.100	0.100	0.700
0.700	0.100	0.100	0.100
0.100	0.700	0.100	0.100
0.700	0.100	0.100	0.100
0.700	0.100	0.100	0.100
0.100	0.100	0.700	0.100
