>CACTTCCTGT	1-CACTTCCTGT	7.109158	-252.228868	0	T:908.0(40.12%),B:9125.7(19.69%),P:1e-109	Tpos:317.8,Tstd:255.2,Bpos:247.2,Bstd:151.1,StrandBias:-0.1,Multiplicity:1.37
0.209	0.393	0.228	0.169
0.528	0.059	0.355	0.058
0.001	0.592	0.017	0.390
0.222	0.062	0.011	0.705
0.006	0.001	0.009	0.984
0.001	0.957	0.001	0.041
0.001	0.919	0.013	0.067
0.009	0.047	0.392	0.552
0.039	0.246	0.599	0.116
0.083	0.286	0.114	0.517
>TGTGGTTTNG	2-TGTGGTTTNG	5.811630	-118.552367	0	T:865.0(38.22%),B:11064.0(23.87%),P:1e-51	Tpos:277.9,Tstd:233.8,Bpos:247.5,Bstd:149.0,StrandBias:-0.1,Multiplicity:1.31
0.131	0.135	0.134	0.600
0.098	0.089	0.706	0.107
0.095	0.251	0.085	0.569
0.031	0.087	0.758	0.124
0.032	0.028	0.844	0.096
0.064	0.127	0.166	0.643
0.034	0.068	0.071	0.827
0.256	0.141	0.145	0.458
0.245	0.336	0.206	0.213
0.147	0.187	0.504	0.162
>GCCCCGCCCM	3-GCCCCGCCCM	8.493255	-90.658990	0	T:527.0(23.29%),B:6056.6(13.07%),P:1e-39	Tpos:351.0,Tstd:281.8,Bpos:245.0,Bstd:155.1,StrandBias:-0.0,Multiplicity:1.54
0.088	0.128	0.764	0.020
0.001	0.639	0.001	0.359
0.001	0.601	0.001	0.397
0.079	0.786	0.001	0.134
0.027	0.865	0.032	0.076
0.201	0.001	0.607	0.191
0.001	0.997	0.001	0.001
0.001	0.987	0.011	0.001
0.001	0.797	0.001	0.201
0.411	0.346	0.029	0.214
>CCACTAGGGG	4-CCACTAGGGG	6.737212	-62.809295	0	T:155.0(6.85%),B:1161.9(2.51%),P:1e-27	Tpos:282.8,Tstd:219.9,Bpos:239.2,Bstd:142.6,StrandBias:-0.3,Multiplicity:1.04
0.139	0.562	0.090	0.209
0.080	0.752	0.098	0.070
0.552	0.110	0.116	0.222
0.143	0.504	0.341	0.012
0.239	0.237	0.116	0.408
0.631	0.074	0.129	0.166
0.269	0.095	0.565	0.071
0.337	0.159	0.502	0.002
0.087	0.236	0.421	0.255
0.001	0.035	0.581	0.383
>GTTTCRGTTT	5-GTTTCRGTTT	8.730678	-59.222137	0	T:218.0(9.63%),B:2031.3(4.38%),P:1e-25	Tpos:318.9,Tstd:286.7,Bpos:249.2,Bstd:157.0,StrandBias:0.1,Multiplicity:1.09
0.097	0.251	0.531	0.121
0.001	0.001	0.001	0.997
0.001	0.001	0.001	0.997
0.001	0.242	0.146	0.611
0.001	0.966	0.001	0.032
0.402	0.070	0.334	0.193
0.001	0.312	0.686	0.001
0.001	0.001	0.001	0.997
0.001	0.001	0.001	0.997
0.118	0.269	0.001	0.612
>BVTGASTCAY	6-BVTGASTCAY	8.067501	-44.173408	0	T:185.0(8.17%),B:1827.4(3.94%),P:1e-19	Tpos:275.3,Tstd:244.7,Bpos:252.8,Bstd:142.3,StrandBias:-0.0,Multiplicity:1.11
0.155	0.269	0.254	0.323
0.361	0.333	0.247	0.060
0.001	0.065	0.001	0.933
0.050	0.001	0.871	0.078
0.713	0.127	0.091	0.069
0.045	0.379	0.527	0.049
0.114	0.060	0.001	0.825
0.032	0.860	0.107	0.001
0.764	0.061	0.169	0.006
0.001	0.417	0.226	0.356
>TTTCGCGCCA	7-TTTCGCGCCA	5.709277	-41.721413	0	T:259.0(11.44%),B:2983.5(6.44%),P:1e-18	Tpos:357.2,Tstd:306.3,Bpos:249.2,Bstd:161.0,StrandBias:-0.0,Multiplicity:1.14
0.123	0.160	0.150	0.567
0.094	0.100	0.099	0.707
0.092	0.154	0.134	0.620
0.202	0.526	0.134	0.138
0.182	0.175	0.603	0.040
0.177	0.634	0.108	0.081
0.124	0.087	0.700	0.089
0.106	0.550	0.159	0.185
0.091	0.616	0.153	0.140
0.507	0.187	0.084	0.222
>CGGAAGGAAV	8-CGGAAGGAAV	9.570277	-38.105049	0	T:175.0(7.73%),B:1798.9(3.88%),P:1e-16	Tpos:303.0,Tstd:253.2,Bpos:247.3,Bstd:149.3,StrandBias:-0.2,Multiplicity:1.03
0.261	0.737	0.001	0.001
0.001	0.001	0.997	0.001
0.001	0.001	0.997	0.001
0.997	0.001	0.001	0.001
0.997	0.001	0.001	0.001
0.001	0.001	0.997	0.001
0.001	0.001	0.677	0.321
0.669	0.001	0.329	0.001
0.643	0.001	0.001	0.355
0.358	0.257	0.385	0.001
>YARCCAATMR	9-YARCCAATMR	7.295333	-31.967681	0	T:112.0(4.95%),B:1023.0(2.21%),P:1e-13	Tpos:320.1,Tstd:249.1,Bpos:245.9,Bstd:150.7,StrandBias:0.4,Multiplicity:1.09
0.008	0.465	0.025	0.502
0.650	0.062	0.171	0.117
0.396	0.102	0.446	0.057
0.001	0.830	0.019	0.150
0.094	0.717	0.151	0.038
0.679	0.095	0.210	0.016
0.703	0.129	0.167	0.001
0.192	0.003	0.141	0.664
0.423	0.309	0.256	0.012
0.407	0.029	0.460	0.104
>GAGGTGTGAA	10-GAGGTGTGAA	7.354446	-30.667016	0	T:235.0(10.38%),B:2895.1(6.25%),P:1e-13	Tpos:288.3,Tstd:242.9,Bpos:247.7,Bstd:147.4,StrandBias:0.0,Multiplicity:1.09
0.082	0.073	0.780	0.065
0.716	0.086	0.120	0.078
0.079	0.056	0.805	0.060
0.050	0.035	0.883	0.032
0.057	0.057	0.064	0.822
0.063	0.069	0.825	0.043
0.111	0.067	0.069	0.753
0.079	0.049	0.798	0.074
0.847	0.033	0.060	0.060
0.779	0.082	0.083	0.056
>TAGAACGACA	11-TAGAACGACA	11.600976	-29.446209	0	T:10.0(0.44%),B:5.8(0.01%),P:1e-12	Tpos:376.9,Tstd:345.9,Bpos:205.8,Bstd:113.7,StrandBias:1.2,Multiplicity:1.00
0.001	0.001	0.001	0.997
0.997	0.001	0.001	0.001
0.001	0.001	0.997	0.001
0.997	0.001	0.001	0.001
0.997	0.001	0.001	0.001
0.001	0.997	0.001	0.001
0.001	0.001	0.997	0.001
0.891	0.001	0.107	0.001
0.001	0.997	0.001	0.001
0.997	0.001	0.001	0.001
>TCCTCAGGCT	12-TCCTCAGGCT	9.694867	-28.721123	0	T:95.0(4.20%),B:846.5(1.83%),P:1e-12	Tpos:308.1,Tstd:261.6,Bpos:257.4,Bstd:144.7,StrandBias:0.5,Multiplicity:1.03
0.001	0.001	0.001	0.997
0.026	0.810	0.001	0.163
0.001	0.997	0.001	0.001
0.001	0.001	0.001	0.997
0.041	0.791	0.109	0.059
0.953	0.045	0.001	0.001
0.001	0.001	0.997	0.001
0.001	0.001	0.997	0.001
0.001	0.931	0.001	0.067
0.001	0.001	0.001	0.997
>CCAATCGGAA	13-CCAATCGGAA	8.950986	-26.827647	0	T:48.0(2.12%),B:296.1(0.64%),P:1e-11	Tpos:297.5,Tstd:226.7,Bpos:243.8,Bstd:143.8,StrandBias:0.1,Multiplicity:1.06
0.001	0.912	0.030	0.057
0.033	0.909	0.001	0.057
0.942	0.001	0.001	0.056
0.941	0.001	0.028	0.030
0.001	0.030	0.001	0.968
0.040	0.935	0.001	0.024
0.113	0.154	0.732	0.001
0.001	0.076	0.922	0.001
0.846	0.040	0.028	0.086
0.906	0.024	0.013	0.057
>TATCTCCGCC	14-TATCTCCGCC	7.439902	-25.148442	0	T:175.0(7.73%),B:2095.5(4.52%),P:1e-10	Tpos:338.2,Tstd:272.8,Bpos:236.9,Bstd:150.4,StrandBias:-0.1,Multiplicity:1.08
0.053	0.154	0.084	0.709
0.763	0.053	0.115	0.069
0.099	0.106	0.060	0.735
0.043	0.801	0.037	0.119
0.066	0.028	0.045	0.861
0.070	0.845	0.039	0.046
0.027	0.905	0.030	0.038
0.035	0.074	0.784	0.107
0.077	0.756	0.054	0.113
0.047	0.851	0.037	0.065
>AATCCGCGCG	15-AATCCGCGCG	5.787332	-23.371624	0	T:141.0(6.23%),B:1613.1(3.48%),P:1e-10	Tpos:374.2,Tstd:273.9,Bpos:253.6,Bstd:171.8,StrandBias:0.2,Multiplicity:1.17
0.622	0.124	0.127	0.127
0.601	0.134	0.123	0.142
0.159	0.127	0.131	0.583
0.135	0.577	0.140	0.148
0.139	0.592	0.138	0.131
0.124	0.120	0.624	0.132
0.131	0.612	0.129	0.128
0.130	0.145	0.584	0.141
0.130	0.615	0.125	0.130
0.134	0.131	0.591	0.144
>CGGCAGTATG	16-CGGCAGTATG	8.884266	-22.935252	0	T:33.0(1.46%),B:173.6(0.37%),P:1e-9	Tpos:286.0,Tstd:218.3,Bpos:240.7,Bstd:154.7,StrandBias:0.0,Multiplicity:1.00
0.001	0.982	0.001	0.016
0.018	0.001	0.953	0.028
0.066	0.030	0.838	0.066
0.001	0.910	0.088	0.001
0.854	0.001	0.113	0.032
0.001	0.113	0.773	0.113
0.001	0.045	0.019	0.935
0.898	0.001	0.001	0.100
0.057	0.001	0.001	0.941
0.001	0.001	0.910	0.088
>TGACGTCACG	17-TGACGTCACG	8.382829	-21.933498	0	T:60.0(2.65%),B:489.7(1.06%),P:1e-9	Tpos:291.8,Tstd:201.0,Bpos:234.4,Bstd:159.2,StrandBias:0.3,Multiplicity:1.02
0.001	0.001	0.040	0.958
0.001	0.031	0.916	0.052
0.958	0.001	0.040	0.001
0.020	0.978	0.001	0.001
0.024	0.001	0.974	0.001
0.001	0.001	0.001	0.997
0.001	0.997	0.001	0.001
0.960	0.001	0.038	0.001
0.056	0.595	0.141	0.208
0.092	0.132	0.775	0.001
>CGCCTACGCA	18-CGCCTACGCA	8.524521	-21.689754	0	T:98.0(4.33%),B:1010.2(2.18%),P:1e-9	Tpos:328.7,Tstd:306.1,Bpos:243.5,Bstd:158.1,StrandBias:0.3,Multiplicity:1.11
0.003	0.899	0.017	0.081
0.078	0.001	0.920	0.001
0.001	0.949	0.049	0.001
0.001	0.997	0.001	0.001
0.001	0.124	0.135	0.740
0.549	0.001	0.154	0.296
0.001	0.882	0.088	0.029
0.241	0.153	0.539	0.067
0.001	0.755	0.181	0.063
0.885	0.080	0.021	0.014
>TGACAACCGC	19-TGACAACCGC	7.265633	-18.343684	0	T:43.0(1.90%),B:324.5(0.70%),P:1e-7	Tpos:327.7,Tstd:316.1,Bpos:242.7,Bstd:139.1,StrandBias:0.1,Multiplicity:1.02
0.264	0.095	0.027	0.614
0.015	0.287	0.652	0.046
0.732	0.080	0.085	0.103
0.114	0.684	0.073	0.129
0.751	0.068	0.103	0.078
0.513	0.065	0.113	0.309
0.247	0.545	0.136	0.072
0.175	0.427	0.208	0.190
0.128	0.205	0.600	0.067
0.241	0.472	0.229	0.058
>TTCCACTGAG	20-TTCCACTGAG	10.884664	-18.133478	0	T:30.0(1.33%),B:179.3(0.39%),P:1e-7	Tpos:251.9,Tstd:144.3,Bpos:254.4,Bstd:144.0,StrandBias:0.9,Multiplicity:1.03
0.001	0.001	0.050	0.948
0.001	0.001	0.001	0.997
0.001	0.997	0.001	0.001
0.001	0.997	0.001	0.001
0.997	0.001	0.001	0.001
0.001	0.997	0.001	0.001
0.001	0.001	0.001	0.997
0.001	0.226	0.772	0.001
0.927	0.071	0.001	0.001
0.001	0.001	0.997	0.001
>CTCTTAACGC	21-CTCTTAACGC	11.513919	-14.202412	0	T:6.0(0.27%),B:6.3(0.01%),P:1e-6	Tpos:403.8,Tstd:249.2,Bpos:302.6,Bstd:49.7,StrandBias:1.0,Multiplicity:1.00
0.105	0.757	0.118	0.020
0.001	0.179	0.001	0.819
0.150	0.781	0.001	0.068
0.023	0.004	0.020	0.953
0.069	0.001	0.008	0.922
0.720	0.165	0.001	0.114
0.589	0.001	0.183	0.227
0.001	0.997	0.001	0.001
0.001	0.001	0.734	0.264
0.199	0.723	0.077	0.001
>CCGTGCCTCA	22-CCGTGCCTCA	10.068824	-13.099557	0	T:42.0(1.86%),B:382.9(0.83%),P:1e-5	Tpos:291.3,Tstd:227.2,Bpos:246.3,Bstd:155.4,StrandBias:-1.4,Multiplicity:1.61
0.001	0.692	0.122	0.185
0.001	0.882	0.116	0.001
0.001	0.188	0.810	0.001
0.001	0.001	0.001	0.997
0.001	0.001	0.756	0.242
0.001	0.997	0.001	0.001
0.001	0.492	0.209	0.298
0.008	0.001	0.001	0.990
0.001	0.814	0.052	0.133
0.935	0.001	0.063	0.001
>ATCGGTGTTG	23-ATCGGTGTTG	11.848128	-12.785944	0	T:7.0(0.31%),B:12.5(0.03%),P:1e-5	Tpos:167.3,Tstd:106.6,Bpos:242.3,Bstd:172.2,StrandBias:0.4,Multiplicity:1.00
0.861	0.001	0.137	0.001
0.001	0.001	0.001	0.997
0.001	0.997	0.001	0.001
0.001	0.001	0.997	0.001
0.001	0.001	0.997	0.001
0.001	0.001	0.001	0.997
0.001	0.001	0.997	0.001
0.001	0.001	0.001	0.997
0.001	0.001	0.001	0.997
0.001	0.001	0.997	0.001
>AAAAAAAAAA	24-AAAAAAAAAA	10.752775	-9.227387	0	T:129.0(5.70%),B:1878.8(4.05%),P:1e-4	Tpos:310.8,Tstd:222.4,Bpos:247.8,Bstd:170.1,StrandBias:0.8,Multiplicity:1.07
0.899	0.041	0.001	0.059
0.937	0.001	0.001	0.061
0.985	0.001	0.001	0.013
0.997	0.001	0.001	0.001
0.997	0.001	0.001	0.001
0.957	0.001	0.041	0.001
0.967	0.001	0.031	0.001
0.964	0.034	0.001	0.001
0.934	0.001	0.064	0.001
0.947	0.001	0.051	0.001
>GTGTCTTGTA	25-GTGTCTTGTA	12.015743	-5.266895	0	T:8.0(0.35%),B:54.0(0.12%),P:1e-2	Tpos:235.1,Tstd:183.4,Bpos:256.9,Bstd:137.8,StrandBias:-1.7,Multiplicity:2.12
0.001	0.001	0.997	0.001
0.001	0.001	0.001	0.997
0.001	0.001	0.997	0.001
0.162	0.001	0.001	0.836
0.001	0.997	0.001	0.001
0.001	0.001	0.001	0.997
0.001	0.001	0.001	0.997
0.001	0.001	0.997	0.001
0.001	0.001	0.001	0.997
0.997	0.001	0.001	0.001
>NYCACTTCCTGT	1-NYCACTTCCTGT	8.153992	-216.335690	0	T:619.0(27.35%),B:5318.9(11.48%),P:1e-93	Tpos:312.1,Tstd:242.2,Bpos:248.0,Bstd:146.2,StrandBias:0.1,Multiplicity:1.29
0.309	0.213	0.176	0.303
0.174	0.355	0.183	0.288
0.239	0.515	0.026	0.220
0.556	0.099	0.262	0.083
0.001	0.628	0.040	0.331
0.198	0.080	0.001	0.721
0.001	0.016	0.082	0.901
0.001	0.971	0.001	0.027
0.001	0.997	0.001	0.001
0.021	0.001	0.001	0.977
0.027	0.263	0.566	0.144
0.122	0.263	0.146	0.469
>GCCMCCTAGTGG	2-GCCMCCTAGTGG	10.718564	-114.439295	0	T:125.0(5.52%),B:474.4(1.02%),P:1e-49	Tpos:270.7,Tstd:177.1,Bpos:234.0,Bstd:146.6,StrandBias:0.3,Multiplicity:1.02
0.001	0.028	0.970	0.001
0.119	0.852	0.028	0.001
0.001	0.997	0.001	0.001
0.409	0.467	0.062	0.062
0.037	0.539	0.037	0.387
0.001	0.997	0.001	0.001
0.018	0.036	0.001	0.945
0.503	0.037	0.314	0.146
0.001	0.205	0.719	0.075
0.083	0.001	0.001	0.915
0.001	0.001	0.962	0.036
0.001	0.052	0.832	0.115
>AGACAGGAAACC	3-AGACAGGAAACC	8.341705	-78.272501	0	T:412.0(18.21%),B:4521.1(9.75%),P:1e-33	Tpos:305.8,Tstd:272.2,Bpos:247.2,Bstd:147.2,StrandBias:0.1,Multiplicity:1.09
0.550	0.090	0.176	0.184
0.173	0.315	0.511	0.001
0.749	0.103	0.119	0.029
0.221	0.557	0.221	0.001
0.997	0.001	0.001	0.001
0.019	0.001	0.979	0.001
0.004	0.001	0.870	0.125
0.804	0.018	0.128	0.050
0.891	0.088	0.020	0.001
0.600	0.161	0.232	0.007
0.212	0.652	0.005	0.131
0.116	0.738	0.001	0.145
>DSTTTGTGGTTT	4-DSTTTGTGGTTT	8.844066	-76.552719	0	T:274.0(12.11%),B:2527.8(5.45%),P:1e-33	Tpos:282.2,Tstd:212.7,Bpos:246.7,Bstd:145.0,StrandBias:-0.1,Multiplicity:1.09
0.261	0.013	0.354	0.372
0.017	0.408	0.473	0.102
0.197	0.184	0.027	0.592
0.069	0.194	0.251	0.486
0.033	0.001	0.001	0.965
0.001	0.123	0.875	0.001
0.001	0.001	0.001	0.997
0.001	0.001	0.958	0.040
0.001	0.028	0.950	0.021
0.001	0.280	0.133	0.586
0.001	0.082	0.001	0.916
0.233	0.166	0.113	0.488
>RHGGGGCGGRGC	5-RHGGGGCGGRGC	9.230891	-75.736929	0	T:413.0(18.25%),B:4591.6(9.91%),P:1e-32	Tpos:371.6,Tstd:297.0,Bpos:244.0,Bstd:155.8,StrandBias:0.1,Multiplicity:1.39
0.311	0.141	0.430	0.118
0.334	0.206	0.164	0.296
0.335	0.001	0.640	0.024
0.189	0.001	0.809	0.001
0.011	0.011	0.938	0.040
0.018	0.001	0.980	0.001
0.210	0.567	0.001	0.222
0.001	0.018	0.890	0.091
0.001	0.001	0.861	0.137
0.416	0.032	0.512	0.040
0.005	0.049	0.945	0.001
0.251	0.640	0.098	0.011
>WAAMCCACAYCC	6-WAAMCCACAYCC	9.069834	-63.143759	0	T:231.0(10.21%),B:2147.1(4.63%),P:1e-27	Tpos:299.5,Tstd:273.9,Bpos:250.7,Bstd:144.6,StrandBias:0.2,Multiplicity:1.07
0.430	0.027	0.181	0.362
0.435	0.194	0.108	0.263
0.507	0.082	0.247	0.164
0.474	0.350	0.175	0.001
0.190	0.808	0.001	0.001
0.122	0.876	0.001	0.001
0.997	0.001	0.001	0.001
0.067	0.931	0.001	0.001
0.966	0.032	0.001	0.001
0.001	0.515	0.093	0.391
0.001	0.997	0.001	0.001
0.139	0.859	0.001	0.001
>HDVTGASTCAYM	7-HDVTGASTCAYM	7.764218	-51.779133	0	T:254.0(11.22%),B:2684.0(5.79%),P:1e-22	Tpos:287.5,Tstd:264.8,Bpos:250.0,Bstd:141.4,StrandBias:-0.1,Multiplicity:1.11
0.211	0.355	0.137	0.296
0.235	0.122	0.300	0.343
0.326	0.320	0.353	0.001
0.001	0.001	0.001	0.997
0.001	0.001	0.997	0.001
0.890	0.001	0.001	0.108
0.001	0.459	0.539	0.001
0.001	0.001	0.001	0.997
0.001	0.997	0.001	0.001
0.997	0.001	0.001	0.001
0.001	0.354	0.182	0.463
0.259	0.369	0.202	0.170
>RVACCGGAAGNR	8-RVACCGGAAGNR	7.222481	-50.798892	0	T:290.0(12.81%),B:3248.2(7.01%),P:1e-22	Tpos:305.8,Tstd:227.3,Bpos:247.9,Bstd:165.3,StrandBias:-0.1,Multiplicity:1.14
0.386	0.144	0.445	0.025
0.321	0.243	0.364	0.071
0.652	0.094	0.155	0.099
0.001	0.895	0.103	0.001
0.001	0.822	0.176	0.001
0.001	0.001	0.997	0.001
0.047	0.126	0.826	0.001
0.907	0.030	0.050	0.013
0.599	0.148	0.021	0.232
0.087	0.074	0.827	0.012
0.190	0.188	0.327	0.295
0.388	0.203	0.257	0.151
>ARCCAATCAGAG	9-ARCCAATCAGAG	8.139352	-44.524657	0	T:268.0(11.84%),B:3055.8(6.59%),P:1e-19	Tpos:298.6,Tstd:241.3,Bpos:248.9,Bstd:144.3,StrandBias:0.7,Multiplicity:1.10
0.605	0.243	0.145	0.007
0.487	0.076	0.414	0.023
0.021	0.924	0.005	0.050
0.106	0.892	0.001	0.001
0.939	0.059	0.001	0.001
0.554	0.292	0.089	0.065
0.030	0.302	0.067	0.601
0.029	0.876	0.094	0.001
0.839	0.057	0.009	0.095
0.311	0.131	0.535	0.023
0.729	0.047	0.125	0.099
0.119	0.001	0.831	0.049
>GTCCCACCCACA	10-GTCCCACCCACA	8.845209	-43.521697	0	T:219.0(9.68%),B:2334.6(5.04%),P:1e-18	Tpos:264.8,Tstd:240.4,Bpos:249.5,Bstd:144.6,StrandBias:0.2,Multiplicity:1.05
0.077	0.088	0.775	0.060
0.064	0.101	0.055	0.780
0.010	0.889	0.075	0.026
0.117	0.746	0.035	0.102
0.032	0.883	0.001	0.084
0.796	0.052	0.073	0.079
0.057	0.885	0.021	0.037
0.042	0.839	0.044	0.075
0.053	0.931	0.015	0.001
0.854	0.057	0.031	0.058
0.039	0.854	0.069	0.038
0.769	0.084	0.071	0.076
>ACACTTCCTGCC	11-ACACTTCCTGCC	8.436913	-42.347872	0	T:241.0(10.65%),B:2691.2(5.81%),P:1e-18	Tpos:312.8,Tstd:255.0,Bpos:247.1,Bstd:145.2,StrandBias:-0.1,Multiplicity:1.08
0.664	0.028	0.100	0.208
0.001	0.735	0.238	0.026
0.796	0.093	0.030	0.081
0.001	0.845	0.032	0.122
0.059	0.101	0.001	0.839
0.001	0.069	0.045	0.885
0.057	0.885	0.057	0.001
0.057	0.909	0.001	0.033
0.019	0.001	0.159	0.821
0.001	0.055	0.826	0.118
0.057	0.941	0.001	0.001
0.001	0.930	0.045	0.024
>CGCGCGCCTATT	12-CGCGCGCCTATT	9.454025	-33.703041	0	T:50.0(2.21%),B:263.9(0.57%),P:1e-14	Tpos:382.8,Tstd:311.1,Bpos:238.5,Bstd:171.6,StrandBias:1.0,Multiplicity:1.04
0.055	0.833	0.057	0.055
0.001	0.004	0.994	0.001
0.105	0.841	0.053	0.001
0.001	0.001	0.997	0.001
0.053	0.841	0.053	0.053
0.001	0.001	0.893	0.105
0.053	0.841	0.053	0.053
0.035	0.806	0.106	0.053
0.001	0.108	0.240	0.651
0.606	0.072	0.075	0.247
0.106	0.053	0.073	0.768
0.001	0.035	0.214	0.750
>AGTTTCAGTTTC	13-AGTTTCAGTTTC	7.207333	-31.366757	0	T:311.0(13.74%),B:4122.0(8.89%),P:1e-13	Tpos:302.9,Tstd:274.0,Bpos:248.2,Bstd:149.3,StrandBias:0.0,Multiplicity:1.20
0.722	0.055	0.108	0.115
0.092	0.087	0.720	0.101
0.069	0.088	0.067	0.776
0.069	0.103	0.089	0.739
0.070	0.096	0.075	0.759
0.056	0.787	0.070	0.087
0.751	0.063	0.060	0.126
0.076	0.101	0.737	0.086
0.105	0.093	0.053	0.749
0.048	0.093	0.075	0.784
0.059	0.096	0.078	0.767
0.082	0.708	0.083	0.127
>ATGCAATAGGTG	14-ATGCAATAGGTG	10.559423	-28.163216	0	T:13.0(0.57%),B:14.1(0.03%),P:1e-12	Tpos:369.1,Tstd:291.3,Bpos:234.1,Bstd:138.0,StrandBias:0.2,Multiplicity:1.00
0.500	0.096	0.113	0.291
0.314	0.035	0.068	0.583
0.258	0.053	0.627	0.062
0.323	0.578	0.067	0.032
0.827	0.060	0.048	0.065
0.581	0.335	0.031	0.053
0.049	0.051	0.036	0.864
0.625	0.041	0.307	0.027
0.073	0.062	0.796	0.069
0.066	0.251	0.639	0.044
0.066	0.018	0.313	0.603
0.067	0.049	0.848	0.036
>TTAGCGCCAGGC	15-TTAGCGCCAGGC	13.585603	-22.334292	0	T:11.0(0.49%),B:14.8(0.03%),P:1e-9	Tpos:332.8,Tstd:411.1,Bpos:227.9,Bstd:105.9,StrandBias:1.4,Multiplicity:1.00
0.001	0.001	0.001	0.997
0.167	0.167	0.131	0.535
0.997	0.001	0.001	0.001
0.001	0.166	0.832	0.001
0.001	0.832	0.001	0.166
0.001	0.070	0.798	0.131
0.001	0.997	0.001	0.001
0.001	0.997	0.001	0.001
0.997	0.001	0.001	0.001
0.001	0.001	0.997	0.001
0.001	0.001	0.997	0.001
0.001	0.997	0.001	0.001
>CTGGAGCCYAAA	16-CTGGAGCCYAAA	13.641884	-20.999898	0	T:10.0(0.44%),B:12.8(0.03%),P:1e-9	Tpos:282.7,Tstd:141.2,Bpos:254.6,Bstd:134.5,StrandBias:-0.6,Multiplicity:1.00
0.130	0.868	0.001	0.001
0.001	0.001	0.001	0.997
0.001	0.001	0.997	0.001
0.001	0.001	0.997	0.001
0.997	0.001	0.001	0.001
0.130	0.001	0.868	0.001
0.001	0.997	0.001	0.001
0.001	0.997	0.001	0.001
0.001	0.474	0.001	0.524
0.997	0.001	0.001	0.001
0.997	0.001	0.001	0.001
0.868	0.001	0.001	0.130
>GCTAGCCAATCG	17-GCTAGCCAATCG	9.016382	-20.528687	0	T:46.0(2.03%),B:335.4(0.72%),P:1e-8	Tpos:299.9,Tstd:278.3,Bpos:264.4,Bstd:150.5,StrandBias:0.2,Multiplicity:1.05
0.043	0.193	0.677	0.087
0.001	0.954	0.002	0.043
0.003	0.046	0.043	0.908
0.805	0.043	0.109	0.043
0.043	0.043	0.913	0.001
0.043	0.922	0.034	0.001
0.042	0.956	0.001	0.001
0.739	0.087	0.087	0.087
0.739	0.087	0.087	0.087
0.001	0.034	0.043	0.922
0.089	0.793	0.072	0.046
0.043	0.087	0.684	0.186
>GGGTGCTTTCCC	18-GGGTGCTTTCCC	12.355432	-19.930244	0	T:5.0(0.22%),B:1.7(0.00%),P:1e-8	Tpos:182.6,Tstd:157.8,Bpos:344.8,Bstd:54.9,StrandBias:10.0,Multiplicity:1.00
0.100	0.100	0.700	0.100
0.100	0.100	0.700	0.100
0.100	0.100	0.700	0.100
0.100	0.100	0.100	0.700
0.100	0.100	0.700	0.100
0.100	0.700	0.100	0.100
0.100	0.100	0.100	0.700
0.100	0.100	0.100	0.700
0.100	0.100	0.100	0.700
0.100	0.700	0.100	0.100
0.100	0.700	0.100	0.100
0.100	0.700	0.100	0.100
>ACCCCGCTGTCA	19-ACCCCGCTGTCA	9.419339	-13.507822	0	T:9.0(0.40%),B:21.3(0.05%),P:1e-5	Tpos:330.9,Tstd:154.7,Bpos:231.9,Bstd:120.2,StrandBias:3.3,Multiplicity:1.22
0.997	0.001	0.001	0.001
0.001	0.997	0.001	0.001
0.001	0.997	0.001	0.001
0.001	0.800	0.001	0.198
0.001	0.997	0.001	0.001
0.001	0.001	0.997	0.001
0.001	0.997	0.001	0.001
0.001	0.001	0.001	0.997
0.001	0.001	0.997	0.001
0.001	0.001	0.001	0.997
0.001	0.997	0.001	0.001
0.757	0.241	0.001	0.001
>CCCTGCCTCAAA	20-CCCTGCCTCAAA	10.278260	-11.152918	0	T:17.0(0.75%),B:100.7(0.22%),P:1e-4	Tpos:294.3,Tstd:246.6,Bpos:241.2,Bstd:145.3,StrandBias:-1.5,Multiplicity:2.29
0.067	0.766	0.046	0.121
0.237	0.505	0.054	0.204
0.069	0.777	0.066	0.088
0.056	0.182	0.160	0.602
0.048	0.094	0.787	0.071
0.247	0.523	0.176	0.054
0.057	0.871	0.021	0.051
0.045	0.100	0.036	0.819
0.048	0.818	0.047	0.087
0.723	0.053	0.154	0.070
0.442	0.179	0.140	0.240
0.490	0.204	0.142	0.164
>AAAAAAAAAAAA	21-AAAAAAAAAAAA	12.107169	-10.543400	0	T:70.0(3.09%),B:848.2(1.83%),P:1e-4	Tpos:294.1,Tstd:180.4,Bpos:246.1,Bstd:173.5,StrandBias:1.2,Multiplicity:1.03
0.550	0.133	0.023	0.294
0.558	0.208	0.021	0.213
0.531	0.205	0.185	0.079
0.606	0.016	0.199	0.179
0.740	0.002	0.196	0.062
0.798	0.010	0.162	0.030
0.763	0.009	0.205	0.023
0.746	0.039	0.198	0.017
0.729	0.015	0.249	0.007
0.928	0.042	0.018	0.012
0.909	0.032	0.043	0.016
0.529	0.170	0.167	0.134
>CCAGGAGCATGC	22-CCAGGAGCATGC	14.676649	-9.266988	0	T:5.0(0.22%),B:9.8(0.02%),P:1e-4	Tpos:344.8,Tstd:402.2,Bpos:236.5,Bstd:132.6,StrandBias:1.6,Multiplicity:1.60
0.001	0.997	0.001	0.001
0.001	0.821	0.001	0.177
0.997	0.001	0.001	0.001
0.001	0.001	0.997	0.001
0.001	0.001	0.997	0.001
0.997	0.001	0.001	0.001
0.001	0.177	0.821	0.001
0.001	0.997	0.001	0.001
0.997	0.001	0.001	0.001
0.001	0.001	0.001	0.997
0.001	0.001	0.997	0.001
0.001	0.997	0.001	0.001
>AGCTAAGCCACA	23-AGCTAAGCCACA	14.076753	-9.015314	0	T:4.0(0.18%),B:6.0(0.01%),P:1e-3	Tpos:270.5,Tstd:75.8,Bpos:319.5,Bstd:117.7,StrandBias:10.0,Multiplicity:3.25
0.997	0.001	0.001	0.001
0.001	0.001	0.997	0.001
0.001	0.918	0.080	0.001
0.001	0.001	0.001	0.997
0.997	0.001	0.001	0.001
0.997	0.001	0.001	0.001
0.001	0.001	0.997	0.001
0.001	0.997	0.001	0.001
0.001	0.997	0.001	0.001
0.997	0.001	0.001	0.001
0.001	0.997	0.001	0.001
0.997	0.001	0.001	0.001
>TCTACAAGACAC	24-TCTACAAGACAC	12.355432	-2.374810	0	T:1.0(0.04%),B:2.0(0.00%),P:1e-1	Tpos:260.8,Tstd:51.3,Bpos:234.1,Bstd:66.7,StrandBias:10.0,Multiplicity:8.00
0.100	0.100	0.100	0.700
0.100	0.700	0.100	0.100
0.100	0.100	0.100	0.700
0.700	0.100	0.100	0.100
0.100	0.700	0.100	0.100
0.700	0.100	0.100	0.100
0.700	0.100	0.100	0.100
0.100	0.100	0.700	0.100
0.700	0.100	0.100	0.100
0.100	0.700	0.100	0.100
0.700	0.100	0.100	0.100
0.100	0.700	0.100	0.100
>CATCTGTACAAG	25-CATCTGTACAAG	12.355432	-1.993250	0	T:1.0(0.04%),B:3.9(0.01%),P:1e0	Tpos:82.4,Tstd:47.8,Bpos:218.7,Bstd:152.8,StrandBias:10.0,Multiplicity:9.00
0.100	0.700	0.100	0.100
0.700	0.100	0.100	0.100
0.100	0.100	0.100	0.700
0.100	0.700	0.100	0.100
0.100	0.100	0.100	0.700
0.100	0.100	0.700	0.100
0.100	0.100	0.100	0.700
0.700	0.100	0.100	0.100
0.100	0.700	0.100	0.100
0.700	0.100	0.100	0.100
0.700	0.100	0.100	0.100
0.100	0.100	0.700	0.100
>CACTTCCT	1-CACTTCCT	8.626280	-162.569190	0	T:566.0(25.01%),B:5323.2(11.48%),P:1e-70	Tpos:318.3,Tstd:256.7,Bpos:245.9,Bstd:144.7,StrandBias:0.0,Multiplicity:1.25
0.001	0.875	0.123	0.001
0.997	0.001	0.001	0.001
0.001	0.840	0.001	0.158
0.162	0.001	0.001	0.836
0.001	0.001	0.001	0.997
0.001	0.997	0.001	0.001
0.001	0.997	0.001	0.001
0.001	0.001	0.001	0.997
>CTTCCGGT	2-CTTCCGGT	6.838063	-147.631131	0	T:906.0(40.04%),B:11074.0(23.89%),P:1e-64	Tpos:300.9,Tstd:246.8,Bpos:247.5,Bstd:148.6,StrandBias:0.1,Multiplicity:1.31
0.001	0.632	0.001	0.366
0.138	0.001	0.139	0.722
0.020	0.076	0.001	0.903
0.001	0.925	0.001	0.073
0.027	0.971	0.001	0.001
0.001	0.001	0.639	0.359
0.052	0.239	0.657	0.052
0.001	0.145	0.001	0.853
>TGTGGTTT	3-TGTGGTTT	7.249934	-110.222983	0	T:615.0(27.18%),B:7035.4(15.18%),P:1e-47	Tpos:274.7,Tstd:209.2,Bpos:246.0,Bstd:148.7,StrandBias:-0.2,Multiplicity:1.21
0.068	0.011	0.042	0.879
0.013	0.001	0.959	0.027
0.001	0.063	0.001	0.935
0.001	0.008	0.974	0.017
0.001	0.001	0.997	0.001
0.001	0.131	0.076	0.792
0.001	0.001	0.001	0.997
0.156	0.047	0.053	0.744
>CYCCGCCC	4-CYCCGCCC	6.819533	-61.583953	0	T:832.0(36.77%),B:12231.8(26.39%),P:1e-26	Tpos:373.5,Tstd:303.7,Bpos:246.0,Bstd:157.4,StrandBias:-0.1,Multiplicity:2.02
0.146	0.698	0.011	0.145
0.067	0.384	0.032	0.517
0.089	0.797	0.046	0.068
0.045	0.920	0.034	0.001
0.198	0.082	0.659	0.061
0.081	0.866	0.052	0.001
0.080	0.818	0.091	0.011
0.053	0.733	0.048	0.166
>AACGGAAA	5-AACGGAAA	4.560812	-44.969016	0	T:976.0(43.13%),B:15686.2(33.84%),P:1e-19	Tpos:326.6,Tstd:277.5,Bpos:246.5,Bstd:156.4,StrandBias:-0.1,Multiplicity:1.37
0.570	0.160	0.147	0.123
0.563	0.150	0.191	0.096
0.146	0.666	0.082	0.106
0.096	0.159	0.658	0.087
0.162	0.143	0.558	0.137
0.620	0.116	0.132	0.132
0.727	0.093	0.086	0.094
0.641	0.131	0.123	0.105
>GTGACTCA	6-GTGACTCA	9.212246	-40.879555	0	T:224.0(9.90%),B:2467.0(5.32%),P:1e-17	Tpos:288.6,Tstd:264.7,Bpos:248.8,Bstd:142.6,StrandBias:-0.0,Multiplicity:1.14
0.258	0.181	0.560	0.001
0.001	0.001	0.001	0.997
0.001	0.001	0.997	0.001
0.997	0.001	0.001	0.001
0.001	0.860	0.138	0.001
0.001	0.001	0.001	0.997
0.001	0.997	0.001	0.001
0.997	0.001	0.001	0.001
>KAGGTGTG	7-KAGGTGTG	6.233035	-39.371463	0	T:887.0(39.20%),B:14244.2(30.73%),P:1e-17	Tpos:325.6,Tstd:278.8,Bpos:246.2,Bstd:150.3,StrandBias:-0.0,Multiplicity:1.39
0.107	0.001	0.381	0.511
0.722	0.088	0.175	0.015
0.092	0.001	0.906	0.001
0.001	0.001	0.997	0.001
0.001	0.257	0.001	0.741
0.001	0.001	0.997	0.001
0.111	0.043	0.001	0.845
0.162	0.085	0.736	0.017
>CCAATCGG	8-CCAATCGG	5.674794	-33.741151	0	T:519.0(22.93%),B:7654.5(16.51%),P:1e-14	Tpos:325.0,Tstd:258.9,Bpos:246.4,Bstd:150.3,StrandBias:0.1,Multiplicity:1.26
0.041	0.828	0.077	0.054
0.080	0.689	0.127	0.104
0.812	0.078	0.038	0.072
0.746	0.131	0.079	0.044
0.086	0.091	0.032	0.791
0.234	0.710	0.055	0.001
0.183	0.054	0.721	0.042
0.159	0.071	0.713	0.057
>AAACCGCG	9-AAACCGCG	6.277239	-33.074388	0	T:258.0(11.40%),B:3196.8(6.90%),P:1e-14	Tpos:378.6,Tstd:319.1,Bpos:249.1,Bstd:167.3,StrandBias:-0.3,Multiplicity:1.14
0.849	0.124	0.023	0.004
0.936	0.001	0.001	0.062
0.880	0.001	0.098	0.021
0.015	0.873	0.111	0.001
0.039	0.959	0.001	0.001
0.032	0.097	0.757	0.114
0.001	0.931	0.025	0.043
0.001	0.033	0.895	0.071
>TGTGACGT	10-TGTGACGT	7.668283	-29.000238	0	T:186.0(8.22%),B:2166.5(4.67%),P:1e-12	Tpos:325.3,Tstd:269.3,Bpos:240.8,Bstd:149.9,StrandBias:-0.0,Multiplicity:1.09
0.029	0.173	0.064	0.734
0.001	0.054	0.923	0.022
0.001	0.001	0.001	0.997
0.001	0.145	0.834	0.020
0.874	0.001	0.089	0.036
0.001	0.997	0.001	0.001
0.104	0.041	0.814	0.041
0.031	0.001	0.031	0.937
>TCTAGTGG	11-TCTAGTGG	7.104133	-28.689709	0	T:164.0(7.25%),B:1836.8(3.96%),P:1e-12	Tpos:352.0,Tstd:320.0,Bpos:246.3,Bstd:144.8,StrandBias:0.1,Multiplicity:1.04
0.001	0.001	0.001	0.997
0.001	0.997	0.001	0.001
0.001	0.001	0.001	0.997
0.784	0.001	0.001	0.214
0.001	0.001	0.997	0.001
0.001	0.104	0.001	0.894
0.093	0.059	0.847	0.001
0.001	0.001	0.997	0.001
>NTCGCGCB	12-NTCGCGCB	3.945631	-17.632747	0	T:379.0(16.75%),B:5904.8(12.74%),P:1e-7	Tpos:389.6,Tstd:305.8,Bpos:247.0,Bstd:176.2,StrandBias:-0.1,Multiplicity:1.63
0.250	0.204	0.261	0.285
0.156	0.127	0.116	0.601
0.210	0.484	0.140	0.167
0.170	0.141	0.540	0.149
0.166	0.562	0.137	0.135
0.171	0.143	0.555	0.131
0.097	0.631	0.107	0.165
0.162	0.244	0.345	0.249
>AAAAAAAC	13-AAAAAAAC	8.385272	-8.325870	0	T:240.0(10.61%),B:3928.6(8.48%),P:1e-3	Tpos:316.6,Tstd:258.8,Bpos:250.0,Bstd:163.6,StrandBias:-0.0,Multiplicity:1.06
0.828	0.170	0.001	0.001
0.997	0.001	0.001	0.001
0.997	0.001	0.001	0.001
0.997	0.001	0.001	0.001
0.749	0.249	0.001	0.001
0.786	0.001	0.212	0.001
0.774	0.224	0.001	0.001
0.127	0.871	0.001	0.001
