>CACTTCCT	1-CACTTCCT	8.626280	-162.569190	0	T:566.0(25.01%),B:5323.2(11.48%),P:1e-70	Tpos:318.3,Tstd:256.7,Bpos:245.9,Bstd:144.7,StrandBias:0.0,Multiplicity:1.25
0.001	0.875	0.123	0.001
0.997	0.001	0.001	0.001
0.001	0.840	0.001	0.158
0.162	0.001	0.001	0.836
0.001	0.001	0.001	0.997
0.001	0.997	0.001	0.001
0.001	0.997	0.001	0.001
0.001	0.001	0.001	0.997
>CTTCCGGT	2-CTTCCGGT	6.838063	-147.631131	0	T:906.0(40.04%),B:11074.0(23.89%),P:1e-64	Tpos:300.9,Tstd:246.8,Bpos:247.5,Bstd:148.6,StrandBias:0.1,Multiplicity:1.31
0.001	0.632	0.001	0.366
0.138	0.001	0.139	0.722
0.020	0.076	0.001	0.903
0.001	0.925	0.001	0.073
0.027	0.971	0.001	0.001
0.001	0.001	0.639	0.359
0.052	0.239	0.657	0.052
0.001	0.145	0.001	0.853
>TGTGGTTT	3-TGTGGTTT	7.249934	-110.222983	0	T:615.0(27.18%),B:7035.4(15.18%),P:1e-47	Tpos:274.7,Tstd:209.2,Bpos:246.0,Bstd:148.7,StrandBias:-0.2,Multiplicity:1.21
0.068	0.011	0.042	0.879
0.013	0.001	0.959	0.027
0.001	0.063	0.001	0.935
0.001	0.008	0.974	0.017
0.001	0.001	0.997	0.001
0.001	0.131	0.076	0.792
0.001	0.001	0.001	0.997
0.156	0.047	0.053	0.744
>CYCCGCCC	4-CYCCGCCC	6.819533	-61.583953	0	T:832.0(36.77%),B:12231.8(26.39%),P:1e-26	Tpos:373.5,Tstd:303.7,Bpos:246.0,Bstd:157.4,StrandBias:-0.1,Multiplicity:2.02
0.146	0.698	0.011	0.145
0.067	0.384	0.032	0.517
0.089	0.797	0.046	0.068
0.045	0.920	0.034	0.001
0.198	0.082	0.659	0.061
0.081	0.866	0.052	0.001
0.080	0.818	0.091	0.011
0.053	0.733	0.048	0.166
>AACGGAAA	5-AACGGAAA	4.560812	-44.969016	0	T:976.0(43.13%),B:15686.2(33.84%),P:1e-19	Tpos:326.6,Tstd:277.5,Bpos:246.5,Bstd:156.4,StrandBias:-0.1,Multiplicity:1.37
0.570	0.160	0.147	0.123
0.563	0.150	0.191	0.096
0.146	0.666	0.082	0.106
0.096	0.159	0.658	0.087
0.162	0.143	0.558	0.137
0.620	0.116	0.132	0.132
0.727	0.093	0.086	0.094
0.641	0.131	0.123	0.105
>GTGACTCA	6-GTGACTCA	9.212246	-40.879555	0	T:224.0(9.90%),B:2467.0(5.32%),P:1e-17	Tpos:288.6,Tstd:264.7,Bpos:248.8,Bstd:142.6,StrandBias:-0.0,Multiplicity:1.14
0.258	0.181	0.560	0.001
0.001	0.001	0.001	0.997
0.001	0.001	0.997	0.001
0.997	0.001	0.001	0.001
0.001	0.860	0.138	0.001
0.001	0.001	0.001	0.997
0.001	0.997	0.001	0.001
0.997	0.001	0.001	0.001
>KAGGTGTG	7-KAGGTGTG	6.233035	-39.371463	0	T:887.0(39.20%),B:14244.2(30.73%),P:1e-17	Tpos:325.6,Tstd:278.8,Bpos:246.2,Bstd:150.3,StrandBias:-0.0,Multiplicity:1.39
0.107	0.001	0.381	0.511
0.722	0.088	0.175	0.015
0.092	0.001	0.906	0.001
0.001	0.001	0.997	0.001
0.001	0.257	0.001	0.741
0.001	0.001	0.997	0.001
0.111	0.043	0.001	0.845
0.162	0.085	0.736	0.017
>CCAATCGG	8-CCAATCGG	5.674794	-33.741151	0	T:519.0(22.93%),B:7654.5(16.51%),P:1e-14	Tpos:325.0,Tstd:258.9,Bpos:246.4,Bstd:150.3,StrandBias:0.1,Multiplicity:1.26
0.041	0.828	0.077	0.054
0.080	0.689	0.127	0.104
0.812	0.078	0.038	0.072
0.746	0.131	0.079	0.044
0.086	0.091	0.032	0.791
0.234	0.710	0.055	0.001
0.183	0.054	0.721	0.042
0.159	0.071	0.713	0.057
>AAACCGCG	9-AAACCGCG	6.277239	-33.074388	0	T:258.0(11.40%),B:3196.8(6.90%),P:1e-14	Tpos:378.6,Tstd:319.1,Bpos:249.1,Bstd:167.3,StrandBias:-0.3,Multiplicity:1.14
0.849	0.124	0.023	0.004
0.936	0.001	0.001	0.062
0.880	0.001	0.098	0.021
0.015	0.873	0.111	0.001
0.039	0.959	0.001	0.001
0.032	0.097	0.757	0.114
0.001	0.931	0.025	0.043
0.001	0.033	0.895	0.071
>TGTGACGT	10-TGTGACGT	7.668283	-29.000238	0	T:186.0(8.22%),B:2166.5(4.67%),P:1e-12	Tpos:325.3,Tstd:269.3,Bpos:240.8,Bstd:149.9,StrandBias:-0.0,Multiplicity:1.09
0.029	0.173	0.064	0.734
0.001	0.054	0.923	0.022
0.001	0.001	0.001	0.997
0.001	0.145	0.834	0.020
0.874	0.001	0.089	0.036
0.001	0.997	0.001	0.001
0.104	0.041	0.814	0.041
0.031	0.001	0.031	0.937
>TCTAGTGG	11-TCTAGTGG	7.104133	-28.689709	0	T:164.0(7.25%),B:1836.8(3.96%),P:1e-12	Tpos:352.0,Tstd:320.0,Bpos:246.3,Bstd:144.8,StrandBias:0.1,Multiplicity:1.04
0.001	0.001	0.001	0.997
0.001	0.997	0.001	0.001
0.001	0.001	0.001	0.997
0.784	0.001	0.001	0.214
0.001	0.001	0.997	0.001
0.001	0.104	0.001	0.894
0.093	0.059	0.847	0.001
0.001	0.001	0.997	0.001
>NTCGCGCB	12-NTCGCGCB	3.945631	-17.632747	0	T:379.0(16.75%),B:5904.8(12.74%),P:1e-7	Tpos:389.6,Tstd:305.8,Bpos:247.0,Bstd:176.2,StrandBias:-0.1,Multiplicity:1.63
0.250	0.204	0.261	0.285
0.156	0.127	0.116	0.601
0.210	0.484	0.140	0.167
0.170	0.141	0.540	0.149
0.166	0.562	0.137	0.135
0.171	0.143	0.555	0.131
0.097	0.631	0.107	0.165
0.162	0.244	0.345	0.249
>AAAAAAAC	13-AAAAAAAC	8.385272	-8.325870	0	T:240.0(10.61%),B:3928.6(8.48%),P:1e-3	Tpos:316.6,Tstd:258.8,Bpos:250.0,Bstd:163.6,StrandBias:-0.0,Multiplicity:1.06
0.828	0.170	0.001	0.001
0.997	0.001	0.001	0.001
0.997	0.001	0.001	0.001
0.997	0.001	0.001	0.001
0.749	0.249	0.001	0.001
0.786	0.001	0.212	0.001
0.774	0.224	0.001	0.001
0.127	0.871	0.001	0.001
