>NNVTGASTCA	1-NNVTGASTCA	6.348415	-371.478081	0	T:744.0(34.24%),B:5563.7(11.91%),P:1e-161	Tpos:252.7,Tstd:159.0,Bpos:229.4,Bstd:140.5,StrandBias:0.0,Multiplicity:1.30
0.241	0.299	0.207	0.252
0.259	0.213	0.313	0.215
0.340	0.249	0.278	0.133
0.024	0.128	0.021	0.827
0.039	0.006	0.713	0.242
0.774	0.195	0.005	0.026
0.074	0.417	0.458	0.051
0.057	0.050	0.131	0.762
0.260	0.627	0.057	0.056
0.873	0.001	0.125	0.001
>CCTTTGATGT	2-CCTTTGATGT	7.655701	-321.888077	0	T:599.0(27.57%),B:4138.6(8.86%),P:1e-139	Tpos:264.9,Tstd:185.1,Bpos:232.3,Bstd:143.3,StrandBias:-0.1,Multiplicity:1.21
0.086	0.509	0.173	0.232
0.010	0.777	0.112	0.101
0.008	0.014	0.035	0.943
0.011	0.031	0.017	0.941
0.046	0.017	0.001	0.936
0.032	0.144	0.774	0.050
0.923	0.009	0.009	0.059
0.212	0.033	0.029	0.726
0.053	0.286	0.630	0.031
0.082	0.065	0.009	0.844
>ACTTCCTGTH	3-ACTTCCTGTH	7.960046	-237.505086	0	T:668.0(30.74%),B:6041.0(12.94%),P:1e-103	Tpos:266.5,Tstd:183.1,Bpos:233.6,Bstd:139.9,StrandBias:0.0,Multiplicity:1.20
0.628	0.049	0.281	0.042
0.001	0.600	0.001	0.398
0.333	0.001	0.014	0.652
0.001	0.001	0.072	0.926
0.001	0.997	0.001	0.001
0.001	0.986	0.012	0.001
0.010	0.001	0.001	0.988
0.022	0.217	0.700	0.061
0.017	0.211	0.050	0.722
0.236	0.384	0.111	0.270
>TATGCAAATM	4-TATGCAAATM	8.456283	-215.244042	0	T:222.0(10.22%),B:835.9(1.79%),P:1e-93	Tpos:256.5,Tstd:156.9,Bpos:230.6,Bstd:140.9,StrandBias:-0.1,Multiplicity:1.08
0.014	0.040	0.010	0.936
0.991	0.001	0.007	0.001
0.002	0.001	0.001	0.996
0.006	0.001	0.992	0.001
0.001	0.997	0.001	0.001
0.997	0.001	0.001	0.001
0.973	0.001	0.025	0.001
0.996	0.001	0.001	0.002
0.068	0.001	0.022	0.909
0.231	0.376	0.212	0.181
>GWGTGGGYGG	5-GWGTGGGYGG	8.316099	-168.276985	0	T:371.0(17.07%),B:2772.0(5.94%),P:1e-73	Tpos:254.6,Tstd:162.7,Bpos:234.9,Bstd:140.8,StrandBias:0.1,Multiplicity:1.08
0.130	0.167	0.702	0.001
0.286	0.258	0.024	0.432
0.042	0.015	0.942	0.001
0.001	0.001	0.001	0.997
0.279	0.001	0.719	0.001
0.001	0.001	0.997	0.001
0.001	0.001	0.997	0.001
0.152	0.440	0.001	0.406
0.152	0.001	0.635	0.212
0.017	0.001	0.805	0.177
>RACGGAAAMT	6-RACGGAAAMT	7.960627	-167.310202	0	T:373.0(17.17%),B:2808.9(6.02%),P:1e-72	Tpos:258.6,Tstd:170.7,Bpos:232.1,Bstd:139.2,StrandBias:-0.1,Multiplicity:1.16
0.380	0.041	0.360	0.219
0.539	0.007	0.291	0.163
0.001	0.686	0.001	0.312
0.001	0.001	0.997	0.001
0.001	0.001	0.997	0.001
0.997	0.001	0.001	0.001
0.997	0.001	0.001	0.001
0.904	0.001	0.001	0.094
0.395	0.269	0.129	0.206
0.369	0.046	0.001	0.584
>GGAAANWATG	7-GGAAANWATG	8.151942	-124.423692	0	T:365.0(16.80%),B:3228.4(6.91%),P:1e-54	Tpos:289.9,Tstd:204.7,Bpos:229.9,Bstd:139.0,StrandBias:0.1,Multiplicity:1.07
0.001	0.001	0.997	0.001
0.001	0.129	0.869	0.001
0.997	0.001	0.001	0.001
0.997	0.001	0.001	0.001
0.950	0.001	0.048	0.001
0.215	0.214	0.261	0.310
0.485	0.001	0.001	0.513
0.684	0.001	0.107	0.208
0.001	0.001	0.028	0.970
0.001	0.001	0.643	0.355
>CBCTTTGAAG	8-CBCTTTGAAG	7.922987	-104.751988	0	T:290.0(13.35%),B:2463.6(5.28%),P:1e-45	Tpos:269.7,Tstd:177.5,Bpos:236.4,Bstd:143.4,StrandBias:-0.0,Multiplicity:1.05
0.307	0.459	0.068	0.166
0.107	0.241	0.272	0.380
0.042	0.586	0.196	0.176
0.022	0.060	0.001	0.917
0.001	0.146	0.072	0.781
0.290	0.010	0.001	0.699
0.052	0.129	0.811	0.008
0.905	0.047	0.001	0.047
0.830	0.094	0.020	0.056
0.089	0.255	0.570	0.086
>WCTTCWGAAG	9-WCTTCWGAAG	6.613138	-92.821409	0	T:746.0(34.33%),B:10180.5(21.80%),P:1e-40	Tpos:278.8,Tstd:202.0,Bpos:232.4,Bstd:141.1,StrandBias:0.1,Multiplicity:1.22
0.376	0.081	0.213	0.330
0.001	0.719	0.258	0.022
0.297	0.141	0.031	0.531
0.001	0.001	0.001	0.997
0.031	0.608	0.017	0.344
0.404	0.027	0.047	0.522
0.273	0.019	0.516	0.192
0.801	0.193	0.001	0.005
0.439	0.152	0.162	0.246
0.234	0.029	0.731	0.006
>AACAAAGCCG	10-AACAAAGCCG	6.925882	-84.927828	0	T:506.0(23.29%),B:6154.8(13.18%),P:1e-36	Tpos:264.4,Tstd:186.9,Bpos:229.4,Bstd:144.7,StrandBias:-0.1,Multiplicity:1.11
0.868	0.008	0.001	0.123
0.726	0.001	0.001	0.272
0.105	0.893	0.001	0.001
0.852	0.073	0.001	0.074
0.583	0.137	0.254	0.026
0.883	0.001	0.025	0.091
0.265	0.126	0.608	0.001
0.001	0.740	0.258	0.001
0.029	0.720	0.213	0.038
0.040	0.137	0.586	0.237
>AMDCAGCYGY	11-AMDCAGCYGY	7.476719	-65.280729	0	T:380.0(17.49%),B:4531.9(9.71%),P:1e-28	Tpos:277.7,Tstd:196.5,Bpos:226.9,Bstd:149.7,StrandBias:0.1,Multiplicity:1.11
0.460	0.284	0.244	0.013
0.439	0.317	0.212	0.032
0.358	0.002	0.295	0.346
0.010	0.550	0.279	0.161
0.946	0.021	0.017	0.016
0.042	0.002	0.606	0.350
0.014	0.956	0.001	0.029
0.030	0.423	0.038	0.509
0.007	0.001	0.965	0.027
0.031	0.433	0.230	0.307
>AACCACATCA	12-AACCACATCA	7.181068	-64.452056	0	T:230.0(10.58%),B:2219.7(4.75%),P:1e-27	Tpos:257.4,Tstd:167.2,Bpos:228.4,Bstd:136.3,StrandBias:-0.1,Multiplicity:1.02
0.739	0.028	0.211	0.022
0.624	0.229	0.143	0.004
0.043	0.909	0.017	0.031
0.018	0.958	0.021	0.003
0.461	0.156	0.300	0.084
0.206	0.659	0.087	0.048
0.684	0.027	0.262	0.027
0.246	0.180	0.037	0.537
0.063	0.470	0.228	0.238
0.444	0.174	0.196	0.185
>GGGAAAHYCC	13-GGGAAAHYCC	9.909563	-61.876065	0	T:92.0(4.23%),B:499.5(1.07%),P:1e-26	Tpos:274.3,Tstd:189.0,Bpos:230.5,Bstd:135.4,StrandBias:-0.0,Multiplicity:1.05
0.117	0.001	0.804	0.078
0.001	0.001	0.997	0.001
0.135	0.001	0.842	0.022
0.642	0.017	0.327	0.014
0.978	0.001	0.020	0.001
0.781	0.118	0.089	0.012
0.316	0.314	0.137	0.233
0.001	0.467	0.036	0.496
0.033	0.944	0.022	0.001
0.001	0.960	0.001	0.038
>CTGATCAAAG	14-CTGATCAAAG	8.159526	-52.737622	0	T:149.0(6.86%),B:1270.7(2.72%),P:1e-22	Tpos:263.7,Tstd:207.1,Bpos:231.5,Bstd:139.4,StrandBias:0.1,Multiplicity:1.02
0.012	0.861	0.126	0.001
0.001	0.236	0.001	0.762
0.001	0.001	0.997	0.001
0.883	0.001	0.001	0.115
0.021	0.001	0.034	0.944
0.090	0.798	0.095	0.017
0.781	0.001	0.193	0.025
0.997	0.001	0.001	0.001
0.997	0.001	0.001	0.001
0.001	0.113	0.885	0.001
>GGGGGGGGGG	15-GGGGGGGGGG	6.404373	-50.259385	0	T:791.0(36.40%),B:12543.5(26.86%),P:1e-21	Tpos:284.3,Tstd:204.1,Bpos:234.8,Bstd:135.6,StrandBias:0.2,Multiplicity:1.55
0.100	0.100	0.700	0.100
0.100	0.100	0.700	0.100
0.100	0.100	0.700	0.100
0.100	0.100	0.700	0.100
0.100	0.100	0.700	0.100
0.100	0.100	0.700	0.100
0.100	0.100	0.700	0.100
0.100	0.100	0.700	0.100
0.100	0.100	0.700	0.100
0.100	0.100	0.700	0.100
>GGTACTTTCC	16-GGTACTTTCC	9.202391	-47.543585	0	T:93.0(4.28%),B:629.1(1.35%),P:1e-20	Tpos:299.4,Tstd:195.4,Bpos:237.7,Bstd:145.1,StrandBias:0.4,Multiplicity:1.06
0.001	0.001	0.997	0.001
0.001	0.012	0.747	0.240
0.001	0.069	0.244	0.686
0.875	0.048	0.076	0.001
0.059	0.871	0.069	0.001
0.029	0.001	0.001	0.969
0.001	0.001	0.001	0.997
0.001	0.001	0.001	0.997
0.046	0.898	0.055	0.001
0.001	0.997	0.001	0.001
>GTTGCCATGG	17-GTTGCCATGG	10.062627	-44.060677	0	T:72.0(3.31%),B:426.6(0.91%),P:1e-19	Tpos:288.8,Tstd:225.5,Bpos:235.5,Bstd:135.5,StrandBias:-0.7,Multiplicity:1.04
0.001	0.001	0.997	0.001
0.001	0.001	0.001	0.997
0.086	0.001	0.001	0.912
0.105	0.001	0.669	0.225
0.001	0.997	0.001	0.001
0.001	0.997	0.001	0.001
0.908	0.077	0.014	0.001
0.043	0.020	0.001	0.936
0.045	0.001	0.953	0.001
0.001	0.001	0.997	0.001
>AACGGAAATG	18-AACGGAAATG	9.287942	-39.819059	0	T:86.0(3.96%),B:625.8(1.34%),P:1e-17	Tpos:263.8,Tstd:187.4,Bpos:236.8,Bstd:144.4,StrandBias:0.3,Multiplicity:1.00
0.923	0.001	0.033	0.043
0.960	0.001	0.001	0.038
0.133	0.672	0.001	0.194
0.048	0.001	0.899	0.052
0.001	0.001	0.997	0.001
0.968	0.001	0.001	0.030
0.829	0.043	0.047	0.081
0.928	0.028	0.001	0.043
0.048	0.052	0.001	0.899
0.001	0.042	0.956	0.001
>TACGTAATGC	19-TACGTAATGC	8.524675	-27.904169	0	T:37.0(1.70%),B:187.8(0.40%),P:1e-12	Tpos:229.0,Tstd:136.3,Bpos:236.3,Bstd:142.4,StrandBias:1.2,Multiplicity:1.00
0.001	0.001	0.110	0.888
0.912	0.001	0.086	0.001
0.001	0.911	0.028	0.060
0.090	0.001	0.908	0.001
0.001	0.001	0.001	0.997
0.888	0.110	0.001	0.001
0.997	0.001	0.001	0.001
0.001	0.001	0.056	0.942
0.111	0.001	0.777	0.111
0.111	0.824	0.001	0.064
>AACCACAAGA	20-AACCACAAGA	7.457777	-26.721298	0	T:331.0(15.23%),B:4864.9(10.42%),P:1e-11	Tpos:278.1,Tstd:209.0,Bpos:229.8,Bstd:143.4,StrandBias:-0.0,Multiplicity:1.09
0.734	0.153	0.047	0.066
0.997	0.001	0.001	0.001
0.010	0.796	0.079	0.115
0.059	0.755	0.098	0.088
0.997	0.001	0.001	0.001
0.154	0.675	0.147	0.024
0.664	0.152	0.157	0.027
0.906	0.001	0.038	0.055
0.134	0.085	0.719	0.062
0.756	0.005	0.150	0.089
>ATGACATCTG	21-ATGACATCTG	9.875701	-24.882423	0	T:66.0(3.04%),B:552.0(1.18%),P:1e-10	Tpos:259.3,Tstd:164.8,Bpos:226.2,Bstd:132.6,StrandBias:0.3,Multiplicity:1.05
0.997	0.001	0.001	0.001
0.088	0.001	0.001	0.910
0.001	0.001	0.939	0.059
0.826	0.001	0.001	0.172
0.001	0.984	0.001	0.014
0.997	0.001	0.001	0.001
0.056	0.001	0.001	0.942
0.162	0.633	0.135	0.070
0.062	0.001	0.075	0.862
0.001	0.017	0.981	0.001
>AAGGAAACAA	22-AAGGAAACAA	6.995227	-22.886485	0	T:440.0(20.25%),B:7075.9(15.15%),P:1e-9	Tpos:263.9,Tstd:193.7,Bpos:234.9,Bstd:136.4,StrandBias:-0.1,Multiplicity:1.11
0.546	0.118	0.325	0.011
0.719	0.227	0.024	0.030
0.203	0.229	0.398	0.170
0.005	0.041	0.920	0.034
0.502	0.246	0.028	0.224
0.676	0.114	0.008	0.202
0.657	0.316	0.015	0.012
0.001	0.845	0.153	0.001
0.745	0.218	0.026	0.011
0.528	0.013	0.284	0.175
>TGATTAGTAG	23-TGATTAGTAG	7.645899	-21.769450	0	T:48.0(2.21%),B:362.4(0.78%),P:1e-9	Tpos:209.3,Tstd:137.3,Bpos:233.1,Bstd:147.1,StrandBias:-0.1,Multiplicity:1.02
0.013	0.035	0.296	0.656
0.039	0.356	0.592	0.013
0.618	0.244	0.018	0.120
0.207	0.185	0.130	0.478
0.243	0.107	0.028	0.622
0.780	0.066	0.002	0.152
0.022	0.193	0.597	0.188
0.039	0.028	0.339	0.594
0.736	0.054	0.020	0.190
0.289	0.039	0.505	0.167
>GCABCTGGCG	24-GCABCTGGCG	9.778852	-15.277913	0	T:58.0(2.67%),B:592.7(1.27%),P:1e-6	Tpos:249.4,Tstd:155.7,Bpos:244.8,Bstd:146.3,StrandBias:0.9,Multiplicity:1.32
0.064	0.001	0.934	0.001
0.001	0.997	0.001	0.001
0.939	0.001	0.001	0.059
0.001	0.308	0.419	0.272
0.061	0.892	0.046	0.001
0.001	0.159	0.001	0.839
0.050	0.001	0.948	0.001
0.072	0.141	0.786	0.001
0.102	0.666	0.231	0.001
0.345	0.001	0.653	0.001
>GCATGTGTTG	25-GCATGTGTTG	10.996582	-9.137580	0	T:16.0(0.74%),B:112.7(0.24%),P:1e-3	Tpos:486.6,Tstd:316.6,Bpos:227.1,Bstd:134.1,StrandBias:3.6,Multiplicity:3.25
0.001	0.001	0.997	0.001
0.128	0.870	0.001	0.001
0.997	0.001	0.001	0.001
0.001	0.001	0.001	0.997
0.001	0.001	0.997	0.001
0.067	0.001	0.001	0.931
0.001	0.001	0.997	0.001
0.001	0.001	0.001	0.997
0.001	0.001	0.001	0.997
0.001	0.001	0.997	0.001
