Factor1: 0.9314969814068107
Factor2: 1.073540784307997
