Factor1: 1.1101194607293892
Factor2: 0.9008039543266482
