Factor1: 0.927799509811233
Factor2: 1.077819064814398
