Factor1: 0.7325843026857785
Factor2: 1.3650306133148509
