Factor1: 0.9659016149747868
Factor2: 1.0353021306689725
