Factor1: 0.9670855081533334
Factor2: 1.0340347276111266
