>CACTTCCTGT	1-CACTTCCTGT	7.725917	-838.712685	0	T:2088.0(37.05%),B:6412.0(14.88%),P:1e-364	Tpos:281.6,Tstd:201.3,Bpos:240.5,Bstd:146.6,StrandBias:-0.0,Multiplicity:1.26
0.192	0.411	0.138	0.258
0.714	0.030	0.196	0.060
0.003	0.758	0.021	0.218
0.110	0.015	0.019	0.856
0.005	0.005	0.014	0.976
0.007	0.966	0.011	0.016
0.018	0.963	0.014	0.005
0.011	0.021	0.043	0.925
0.005	0.155	0.747	0.093
0.052	0.251	0.011	0.686
>NASATCAAAG	2-NASATCAAAG	7.240634	-554.441703	0	T:1866.0(33.11%),B:6594.9(15.30%),P:1e-240	Tpos:274.8,Tstd:203.2,Bpos:240.6,Bstd:149.4,StrandBias:0.0,Multiplicity:1.32
0.218	0.289	0.239	0.254
0.713	0.048	0.146	0.093
0.050	0.462	0.436	0.053
0.639	0.014	0.014	0.333
0.092	0.001	0.017	0.890
0.119	0.702	0.106	0.073
0.953	0.001	0.003	0.043
0.918	0.001	0.077	0.004
0.898	0.004	0.085	0.013
0.063	0.090	0.790	0.057
>CAYTTCCTGV	3-CAYTTCCTGV	7.373373	-285.291640	0	T:1488.0(26.40%),B:6158.5(14.29%),P:1e-123	Tpos:293.4,Tstd:217.9,Bpos:245.7,Bstd:146.2,StrandBias:-0.1,Multiplicity:1.12
0.001	0.540	0.221	0.238
0.869	0.001	0.129	0.001
0.001	0.495	0.001	0.503
0.001	0.001	0.001	0.997
0.001	0.001	0.001	0.997
0.001	0.997	0.001	0.001
0.001	0.997	0.001	0.001
0.001	0.001	0.230	0.768
0.026	0.301	0.463	0.210
0.363	0.356	0.280	0.001
>NNHAACCACR	4-NNHAACCACR	7.231258	-284.078605	0	T:807.0(14.32%),B:2457.5(5.70%),P:1e-123	Tpos:291.1,Tstd:213.9,Bpos:245.7,Bstd:146.7,StrandBias:-0.1,Multiplicity:1.12
0.275	0.291	0.222	0.211
0.204	0.283	0.300	0.214
0.383	0.250	0.047	0.320
0.780	0.061	0.014	0.145
0.841	0.068	0.049	0.042
0.104	0.780	0.056	0.060
0.109	0.765	0.081	0.045
0.781	0.047	0.106	0.066
0.284	0.666	0.024	0.026
0.448	0.015	0.371	0.166
>TNWGATGTGG	5-TNWGATGTGG	7.441889	-169.652008	0	T:274.0(4.86%),B:555.1(1.29%),P:1e-73	Tpos:279.1,Tstd:187.9,Bpos:241.6,Bstd:138.8,StrandBias:-0.1,Multiplicity:1.03
0.043	0.175	0.032	0.750
0.199	0.328	0.221	0.253
0.384	0.049	0.050	0.517
0.072	0.297	0.570	0.061
0.533	0.034	0.065	0.368
0.205	0.240	0.035	0.520
0.042	0.037	0.856	0.065
0.092	0.239	0.156	0.513
0.180	0.239	0.534	0.047
0.249	0.050	0.690	0.011
>AACGGAAACC	6-AACGGAAACC	6.300889	-145.411466	0	T:2334.0(41.41%),B:13264.3(30.78%),P:1e-63	Tpos:296.9,Tstd:240.0,Bpos:242.6,Bstd:149.3,StrandBias:0.1,Multiplicity:1.34
0.668	0.074	0.141	0.117
0.697	0.131	0.132	0.040
0.244	0.485	0.159	0.112
0.249	0.015	0.529	0.207
0.051	0.153	0.779	0.017
0.866	0.027	0.064	0.043
0.968	0.009	0.009	0.014
0.818	0.023	0.150	0.009
0.051	0.652	0.170	0.127
0.178	0.626	0.076	0.120
>DRGGCGGADN	7-DRGGCGGADN	5.620349	-123.045474	0	T:1509.0(26.77%),B:7923.3(18.39%),P:1e-53	Tpos:318.4,Tstd:255.4,Bpos:241.2,Bstd:154.2,StrandBias:0.1,Multiplicity:1.51
0.308	0.032	0.315	0.345
0.395	0.034	0.410	0.161
0.238	0.023	0.494	0.244
0.035	0.028	0.906	0.031
0.246	0.540	0.034	0.180
0.027	0.012	0.928	0.033
0.028	0.147	0.563	0.262
0.440	0.062	0.245	0.253
0.250	0.053	0.351	0.346
0.238	0.310	0.177	0.275
>CCCCCCCCCC	8-CCCCCCCCCC	6.591822	-119.670549	0	T:1548.0(27.47%),B:8229.9(19.10%),P:1e-51	Tpos:317.3,Tstd:239.6,Bpos:242.1,Bstd:139.8,StrandBias:-0.1,Multiplicity:1.39
0.032	0.645	0.026	0.297
0.168	0.501	0.035	0.296
0.100	0.660	0.035	0.205
0.156	0.582	0.031	0.231
0.148	0.587	0.046	0.219
0.153	0.635	0.021	0.191
0.223	0.723	0.011	0.043
0.231	0.491	0.048	0.230
0.210	0.590	0.035	0.165
0.145	0.569	0.036	0.250
>CTTTCAAAGC	9-CTTTCAAAGC	6.600348	-100.004856	0	T:1677.0(29.76%),B:9400.5(21.81%),P:1e-43	Tpos:293.7,Tstd:221.0,Bpos:243.0,Bstd:149.5,StrandBias:-0.1,Multiplicity:1.23
0.039	0.795	0.098	0.068
0.065	0.078	0.067	0.790
0.058	0.075	0.035	0.832
0.053	0.028	0.083	0.836
0.061	0.711	0.167	0.061
0.893	0.016	0.025	0.066
0.788	0.095	0.062	0.055
0.863	0.036	0.049	0.052
0.065	0.093	0.770	0.072
0.102	0.727	0.090	0.081
>TAGAGGGCGC	10-TAGAGGGCGC	6.285130	-80.675399	0	T:469.0(8.32%),B:1938.2(4.50%),P:1e-35	Tpos:314.4,Tstd:250.4,Bpos:242.8,Bstd:154.4,StrandBias:0.2,Multiplicity:1.09
0.206	0.177	0.156	0.460
0.649	0.073	0.118	0.160
0.220	0.098	0.614	0.068
0.621	0.068	0.214	0.097
0.148	0.049	0.679	0.124
0.126	0.250	0.479	0.145
0.130	0.134	0.635	0.101
0.186	0.600	0.097	0.117
0.199	0.151	0.618	0.032
0.085	0.530	0.273	0.112
>CGCGTGTTTA	11-CGCGTGTTTA	4.369620	-74.580856	0	T:1963.0(34.83%),B:11872.3(27.55%),P:1e-32	Tpos:307.2,Tstd:252.0,Bpos:244.1,Bstd:156.2,StrandBias:-0.0,Multiplicity:1.29
0.122	0.611	0.132	0.135
0.135	0.122	0.616	0.127
0.122	0.592	0.143	0.143
0.114	0.146	0.595	0.145
0.128	0.132	0.138	0.602
0.120	0.129	0.605	0.146
0.129	0.132	0.126	0.613
0.129	0.131	0.137	0.603
0.161	0.124	0.132	0.583
0.578	0.131	0.138	0.153
>TGACGTCATC	12-TGACGTCATC	7.422033	-73.921477	0	T:464.0(8.23%),B:1969.9(4.57%),P:1e-32	Tpos:293.0,Tstd:229.4,Bpos:242.2,Bstd:148.0,StrandBias:-0.0,Multiplicity:1.05
0.172	0.082	0.001	0.745
0.086	0.089	0.786	0.039
0.997	0.001	0.001	0.001
0.001	0.997	0.001	0.001
0.070	0.001	0.777	0.152
0.076	0.006	0.080	0.838
0.147	0.757	0.065	0.031
0.649	0.013	0.001	0.337
0.089	0.181	0.215	0.515
0.235	0.464	0.112	0.189
>TTTTGAAGTC	13-TTTTGAAGTC	8.948974	-59.865860	0	T:339.0(6.01%),B:1386.9(3.22%),P:1e-25	Tpos:275.2,Tstd:210.4,Bpos:237.3,Bstd:146.6,StrandBias:-0.0,Multiplicity:1.03
0.001	0.001	0.170	0.828
0.146	0.001	0.001	0.852
0.001	0.001	0.001	0.997
0.267	0.001	0.001	0.731
0.001	0.235	0.763	0.001
0.804	0.001	0.001	0.194
0.997	0.001	0.001	0.001
0.129	0.001	0.869	0.001
0.001	0.001	0.242	0.756
0.001	0.474	0.215	0.309
>TAGATCTAAS	14-TAGATCTAAS	5.679266	-59.491897	0	T:616.0(10.93%),B:3034.6(7.04%),P:1e-25	Tpos:284.6,Tstd:236.8,Bpos:243.1,Bstd:145.3,StrandBias:0.0,Multiplicity:1.05
0.238	0.186	0.184	0.392
0.592	0.136	0.115	0.157
0.143	0.241	0.507	0.109
0.494	0.333	0.074	0.099
0.087	0.128	0.284	0.501
0.073	0.680	0.166	0.081
0.029	0.156	0.062	0.753
0.467	0.086	0.264	0.183
0.527	0.247	0.086	0.140
0.220	0.293	0.420	0.067
>CACCAGGTGG	15-CACCAGGTGG	9.867450	-50.839926	0	T:141.0(2.50%),B:418.0(0.97%),P:1e-22	Tpos:272.7,Tstd:196.1,Bpos:244.9,Bstd:139.6,StrandBias:-0.2,Multiplicity:1.06
0.001	0.854	0.121	0.024
0.992	0.001	0.006	0.001
0.003	0.868	0.128	0.001
0.124	0.537	0.001	0.338
0.676	0.001	0.001	0.322
0.001	0.001	0.997	0.001
0.132	0.001	0.866	0.001
0.001	0.123	0.134	0.742
0.001	0.049	0.949	0.001
0.103	0.001	0.658	0.238
>CAGCTAGCTG	16-CAGCTAGCTG	7.826536	-44.578291	0	T:441.0(7.82%),B:2143.7(4.97%),P:1e-19	Tpos:311.1,Tstd:279.0,Bpos:242.6,Bstd:148.4,StrandBias:-0.0,Multiplicity:1.06
0.033	0.881	0.058	0.028
0.666	0.115	0.077	0.142
0.001	0.057	0.940	0.002
0.126	0.737	0.001	0.136
0.031	0.095	0.037	0.837
0.732	0.015	0.082	0.171
0.047	0.068	0.736	0.149
0.082	0.857	0.060	0.001
0.063	0.050	0.125	0.762
0.026	0.030	0.869	0.075
>CGCCAATCAC	17-CGCCAATCAC	6.929311	-42.313969	0	T:422.0(7.49%),B:2055.7(4.77%),P:1e-18	Tpos:292.7,Tstd:231.1,Bpos:242.3,Bstd:146.6,StrandBias:0.0,Multiplicity:1.07
0.093	0.759	0.125	0.023
0.049	0.035	0.868	0.048
0.034	0.739	0.093	0.134
0.105	0.768	0.060	0.067
0.819	0.049	0.057	0.075
0.799	0.104	0.037	0.060
0.062	0.037	0.027	0.874
0.052	0.850	0.030	0.068
0.816	0.063	0.057	0.064
0.130	0.714	0.055	0.101
>KTTTGTTACG	18-KTTTGTTACG	6.923807	-26.113349	0	T:94.0(1.67%),B:324.7(0.75%),P:1e-11	Tpos:311.4,Tstd:231.3,Bpos:245.6,Bstd:160.2,StrandBias:-0.6,Multiplicity:1.00
0.062	0.202	0.302	0.433
0.045	0.041	0.032	0.882
0.093	0.040	0.072	0.795
0.050	0.109	0.113	0.728
0.069	0.146	0.574	0.211
0.243	0.156	0.064	0.537
0.175	0.210	0.199	0.417
0.417	0.208	0.187	0.188
0.111	0.529	0.211	0.149
0.202	0.071	0.549	0.178
>CCGGTTACGG	19-CCGGTTACGG	10.724879	-23.227495	0	T:18.0(0.32%),B:18.5(0.04%),P:1e-10	Tpos:283.9,Tstd:239.5,Bpos:275.2,Bstd:127.8,StrandBias:1.0,Multiplicity:1.00
0.001	0.997	0.001	0.001
0.001	0.997	0.001	0.001
0.001	0.001	0.997	0.001
0.001	0.001	0.695	0.303
0.001	0.001	0.001	0.997
0.001	0.001	0.340	0.658
0.997	0.001	0.001	0.001
0.123	0.875	0.001	0.001
0.213	0.001	0.785	0.001
0.001	0.001	0.997	0.001
>GATAATAMAC	20-GATAATAMAC	8.662564	-22.392172	0	T:153.0(2.71%),B:675.5(1.57%),P:1e-9	Tpos:274.4,Tstd:237.1,Bpos:247.8,Bstd:141.3,StrandBias:0.2,Multiplicity:1.10
0.075	0.001	0.923	0.001
0.726	0.272	0.001	0.001
0.001	0.001	0.001	0.997
0.997	0.001	0.001	0.001
0.756	0.001	0.242	0.001
0.001	0.129	0.211	0.659
0.997	0.001	0.001	0.001
0.458	0.540	0.001	0.001
0.617	0.001	0.001	0.381
0.001	0.997	0.001	0.001
>ACGACACGTG	21-ACGACACGTG	9.008721	-22.272853	0	T:88.0(1.56%),B:318.4(0.74%),P:1e-9	Tpos:378.8,Tstd:287.5,Bpos:241.4,Bstd:151.9,StrandBias:-1.1,Multiplicity:1.48
0.731	0.120	0.148	0.001
0.001	0.910	0.088	0.001
0.362	0.001	0.626	0.011
0.488	0.223	0.288	0.001
0.001	0.914	0.084	0.001
0.849	0.001	0.149	0.001
0.139	0.859	0.001	0.001
0.338	0.001	0.660	0.001
0.001	0.001	0.001	0.997
0.112	0.001	0.747	0.140
>CACTCCTACC	22-CACTCCTACC	10.717611	-18.929262	0	T:25.0(0.44%),B:46.8(0.11%),P:1e-8	Tpos:212.9,Tstd:143.0,Bpos:224.6,Bstd:160.4,StrandBias:0.0,Multiplicity:1.00
0.001	0.997	0.001	0.001
0.997	0.001	0.001	0.001
0.001	0.997	0.001	0.001
0.001	0.001	0.001	0.997
0.001	0.997	0.001	0.001
0.001	0.948	0.050	0.001
0.001	0.001	0.001	0.997
0.997	0.001	0.001	0.001
0.001	0.997	0.001	0.001
0.001	0.882	0.116	0.001
>TGATGTTACC	23-TGATGTTACC	-0.041878	-17.087600	0	T:1527.0(27.09%),B:10336.7(23.99%),P:1e-7	Tpos:288.4,Tstd:236.7,Bpos:241.8,Bstd:143.4,StrandBias:0.0,Multiplicity:1.18
0.001	0.001	0.001	0.997
0.001	0.001	0.997	0.001
0.997	0.001	0.001	0.001
0.001	0.064	0.001	0.934
0.001	0.001	0.997	0.001
0.001	0.001	0.001	0.997
0.001	0.001	0.001	0.997
0.997	0.001	0.001	0.001
0.001	0.997	0.001	0.001
0.001	0.997	0.001	0.001
>AATTGGTAGC	24-AATTGGTAGC	7.525356	-16.470585	0	T:16.0(0.28%),B:22.6(0.05%),P:1e-7	Tpos:250.2,Tstd:199.5,Bpos:276.1,Bstd:110.4,StrandBias:0.0,Multiplicity:1.00
0.565	0.107	0.159	0.169
0.647	0.066	0.166	0.121
0.102	0.097	0.137	0.664
0.071	0.315	0.042	0.572
0.100	0.285	0.509	0.106
0.087	0.158	0.676	0.079
0.103	0.079	0.114	0.704
0.476	0.223	0.144	0.157
0.176	0.115	0.607	0.102
0.110	0.582	0.126	0.182
>TCAGACGAGA	25-TCAGACGAGA	10.296193	-13.519631	0	T:7.0(0.12%),B:4.2(0.01%),P:1e-5	Tpos:358.6,Tstd:342.6,Bpos:303.6,Bstd:143.0,StrandBias:1.3,Multiplicity:1.00
0.100	0.100	0.100	0.700
0.100	0.700	0.100	0.100
0.700	0.100	0.100	0.100
0.100	0.100	0.700	0.100
0.700	0.100	0.100	0.100
0.100	0.700	0.100	0.100
0.100	0.100	0.700	0.100
0.700	0.100	0.100	0.100
0.100	0.100	0.700	0.100
0.700	0.100	0.100	0.100
>RRACAGGAAGTG	1-RRACAGGAAGTG	8.382151	-866.998896	0	T:1937.0(34.37%),B:5513.2(12.79%),P:1e-376	Tpos:281.4,Tstd:195.1,Bpos:242.1,Bstd:147.1,StrandBias:0.1,Multiplicity:1.22
0.377	0.179	0.292	0.152
0.348	0.145	0.340	0.167
0.559	0.051	0.377	0.013
0.116	0.674	0.197	0.013
0.965	0.033	0.001	0.001
0.009	0.001	0.989	0.001
0.001	0.001	0.997	0.001
0.997	0.001	0.001	0.001
0.853	0.001	0.001	0.145
0.328	0.006	0.665	0.001
0.072	0.318	0.001	0.609
0.222	0.194	0.377	0.207
>CTTTGATGTKNT	2-CTTTGATGTKNT	7.714569	-509.427407	0	T:1382.0(24.52%),B:4242.8(9.85%),P:1e-221	Tpos:277.0,Tstd:203.6,Bpos:239.8,Bstd:149.9,StrandBias:-0.0,Multiplicity:1.22
0.031	0.776	0.083	0.110
0.013	0.074	0.001	0.912
0.001	0.060	0.086	0.853
0.016	0.001	0.001	0.982
0.014	0.115	0.836	0.035
0.863	0.022	0.018	0.097
0.270	0.001	0.026	0.703
0.013	0.299	0.646	0.042
0.066	0.048	0.002	0.884
0.059	0.163	0.416	0.363
0.204	0.208	0.328	0.260
0.120	0.258	0.173	0.449
>ANDGAAACCACA	3-ANDGAAACCACA	7.955614	-293.650804	0	T:996.0(17.67%),B:3357.5(7.79%),P:1e-127	Tpos:286.5,Tstd:210.9,Bpos:241.8,Bstd:144.3,StrandBias:-0.0,Multiplicity:1.13
0.519	0.093	0.268	0.120
0.255	0.312	0.209	0.224
0.246	0.090	0.318	0.346
0.200	0.215	0.424	0.161
0.610	0.170	0.001	0.219
0.997	0.001	0.001	0.001
0.854	0.144	0.001	0.001
0.001	0.997	0.001	0.001
0.056	0.942	0.001	0.001
0.916	0.019	0.001	0.064
0.066	0.920	0.013	0.001
0.756	0.081	0.001	0.162
>GCCCYCTAGTGG	4-GCCCYCTAGTGG	10.057347	-204.424124	0	T:276.0(4.90%),B:477.7(1.11%),P:1e-88	Tpos:296.7,Tstd:236.2,Bpos:251.5,Bstd:136.2,StrandBias:0.1,Multiplicity:1.02
0.082	0.082	0.643	0.193
0.100	0.818	0.001	0.081
0.001	0.972	0.001	0.026
0.402	0.596	0.001	0.001
0.001	0.543	0.027	0.429
0.001	0.997	0.001	0.001
0.102	0.001	0.001	0.896
0.703	0.100	0.167	0.030
0.001	0.172	0.826	0.001
0.001	0.046	0.027	0.926
0.001	0.001	0.997	0.001
0.030	0.001	0.851	0.118
>BMCTTCCTGCHW	5-BMCTTCCTGCHW	8.719051	-141.890286	0	T:447.0(7.93%),B:1416.2(3.29%),P:1e-61	Tpos:281.0,Tstd:216.7,Bpos:239.1,Bstd:135.0,StrandBias:0.2,Multiplicity:1.02
0.132	0.303	0.310	0.254
0.474	0.349	0.144	0.034
0.027	0.936	0.017	0.020
0.014	0.022	0.082	0.882
0.082	0.024	0.027	0.867
0.231	0.723	0.019	0.027
0.041	0.780	0.163	0.016
0.016	0.118	0.200	0.666
0.208	0.020	0.573	0.199
0.040	0.575	0.353	0.032
0.264	0.282	0.132	0.322
0.287	0.201	0.140	0.373
>CCCCCCCCCCCC	6-CCCCCCCCCCCC	7.236985	-101.979464	0	T:1410.0(25.02%),B:7564.3(17.55%),P:1e-44	Tpos:319.4,Tstd:238.8,Bpos:243.9,Bstd:141.3,StrandBias:-0.1,Multiplicity:1.36
0.048	0.858	0.042	0.052
0.060	0.835	0.052	0.053
0.051	0.840	0.042	0.067
0.055	0.861	0.033	0.051
0.090	0.826	0.030	0.054
0.105	0.814	0.019	0.062
0.102	0.826	0.024	0.048
0.092	0.823	0.028	0.057
0.083	0.819	0.041	0.057
0.089	0.814	0.042	0.055
0.079	0.826	0.046	0.049
0.045	0.859	0.048	0.048
>GCTTTGAAAGCA	7-GCTTTGAAAGCA	6.955459	-89.071246	0	T:997.0(17.69%),B:5049.2(11.72%),P:1e-38	Tpos:286.6,Tstd:208.6,Bpos:241.0,Bstd:147.8,StrandBias:0.1,Multiplicity:1.09
0.088	0.085	0.733	0.094
0.098	0.739	0.073	0.090
0.060	0.092	0.042	0.806
0.068	0.095	0.088	0.749
0.099	0.039	0.067	0.795
0.088	0.112	0.712	0.088
0.748	0.097	0.074	0.081
0.766	0.076	0.092	0.066
0.780	0.052	0.101	0.067
0.083	0.081	0.728	0.108
0.109	0.718	0.083	0.090
0.725	0.103	0.060	0.112
>GKRGGCGGRGCT	8-GKRGGCGGRGCT	8.617286	-78.740811	0	T:599.0(10.63%),B:2710.1(6.29%),P:1e-34	Tpos:303.6,Tstd:233.1,Bpos:245.8,Bstd:149.0,StrandBias:-0.1,Multiplicity:1.21
0.009	0.207	0.757	0.027
0.081	0.004	0.416	0.500
0.517	0.001	0.473	0.009
0.001	0.001	0.997	0.001
0.116	0.006	0.877	0.001
0.347	0.589	0.001	0.063
0.001	0.001	0.997	0.001
0.093	0.004	0.724	0.179
0.343	0.114	0.425	0.118
0.091	0.157	0.510	0.242
0.128	0.664	0.099	0.109
0.026	0.157	0.001	0.816
>CTGTGATGTGGT	9-CTGTGATGTGGT	8.842433	-62.028845	0	T:355.0(6.30%),B:1457.2(3.38%),P:1e-26	Tpos:285.9,Tstd:242.5,Bpos:235.2,Bstd:147.9,StrandBias:0.1,Multiplicity:1.02
0.112	0.681	0.097	0.110
0.212	0.015	0.001	0.772
0.093	0.149	0.757	0.001
0.185	0.016	0.008	0.791
0.035	0.147	0.794	0.024
0.505	0.176	0.318	0.001
0.028	0.037	0.018	0.917
0.030	0.001	0.915	0.054
0.183	0.015	0.016	0.786
0.102	0.016	0.851	0.031
0.001	0.019	0.800	0.180
0.025	0.313	0.047	0.615
>GCTTCAAAGAAA	10-GCTTCAAAGAAA	8.978072	-58.437279	0	T:234.0(4.15%),B:832.5(1.93%),P:1e-25	Tpos:281.2,Tstd:200.4,Bpos:238.6,Bstd:156.7,StrandBias:0.1,Multiplicity:1.02
0.001	0.001	0.648	0.350
0.001	0.997	0.001	0.001
0.001	0.001	0.001	0.997
0.033	0.001	0.001	0.965
0.001	0.997	0.001	0.001
0.855	0.001	0.001	0.143
0.997	0.001	0.001	0.001
0.997	0.001	0.001	0.001
0.176	0.143	0.680	0.001
0.691	0.051	0.019	0.239
0.731	0.216	0.050	0.003
0.532	0.225	0.195	0.048
>YKYKGTTTAAAG	11-YKYKGTTTAAAG	7.874362	-53.463480	0	T:595.0(10.56%),B:2982.7(6.92%),P:1e-23	Tpos:277.6,Tstd:216.7,Bpos:239.6,Bstd:147.3,StrandBias:0.2,Multiplicity:1.05
0.001	0.507	0.049	0.443
0.001	0.173	0.386	0.439
0.198	0.267	0.156	0.380
0.236	0.001	0.388	0.375
0.001	0.001	0.997	0.001
0.001	0.001	0.135	0.863
0.295	0.035	0.001	0.669
0.001	0.142	0.001	0.856
0.744	0.001	0.206	0.049
0.762	0.236	0.001	0.001
0.541	0.050	0.312	0.097
0.297	0.001	0.701	0.001
>ACTACAKTTCCC	12-ACTACAKTTCCC	11.678207	-52.673733	0	T:71.0(1.26%),B:125.3(0.29%),P:1e-22	Tpos:286.9,Tstd:221.1,Bpos:243.8,Bstd:155.1,StrandBias:0.0,Multiplicity:1.07
0.703	0.001	0.295	0.001
0.001	0.874	0.001	0.124
0.001	0.001	0.001	0.997
0.997	0.001	0.001	0.001
0.001	0.997	0.001	0.001
0.937	0.001	0.001	0.061
0.257	0.001	0.331	0.412
0.096	0.240	0.001	0.663
0.268	0.001	0.001	0.730
0.001	0.705	0.001	0.293
0.001	0.997	0.001	0.001
0.001	0.937	0.001	0.061
>CACTTTCGTTTT	13-CACTTTCGTTTT	9.209111	-52.622687	0	T:246.0(4.36%),B:936.0(2.17%),P:1e-22	Tpos:267.8,Tstd:192.1,Bpos:243.0,Bstd:152.7,StrandBias:0.1,Multiplicity:1.05
0.018	0.882	0.037	0.063
0.843	0.067	0.061	0.029
0.038	0.846	0.091	0.025
0.011	0.072	0.022	0.895
0.057	0.074	0.035	0.834
0.014	0.081	0.025	0.880
0.081	0.724	0.068	0.127
0.149	0.134	0.607	0.110
0.015	0.041	0.063	0.881
0.018	0.055	0.024	0.903
0.014	0.024	0.018	0.944
0.066	0.065	0.100	0.769
>GWTTCACTTCAT	14-GWTTCACTTCAT	12.621163	-42.279925	0	T:29.0(0.51%),B:23.5(0.05%),P:1e-18	Tpos:270.2,Tstd:171.1,Bpos:240.9,Bstd:108.9,StrandBias:0.4,Multiplicity:1.00
0.001	0.001	0.884	0.114
0.470	0.001	0.001	0.528
0.001	0.001	0.084	0.914
0.114	0.001	0.114	0.771
0.001	0.997	0.001	0.001
0.997	0.001	0.001	0.001
0.001	0.769	0.229	0.001
0.001	0.001	0.001	0.997
0.001	0.001	0.001	0.997
0.001	0.658	0.001	0.340
0.585	0.413	0.001	0.001
0.229	0.062	0.001	0.708
>TTGTGTTGACTG	15-TTGTGTTGACTG	12.509630	-39.314186	0	T:30.0(0.53%),B:28.9(0.07%),P:1e-17	Tpos:311.9,Tstd:153.0,Bpos:241.1,Bstd:113.5,StrandBias:0.1,Multiplicity:1.00
0.001	0.001	0.001	0.997
0.060	0.001	0.001	0.938
0.001	0.060	0.938	0.001
0.060	0.001	0.001	0.938
0.001	0.026	0.913	0.060
0.042	0.042	0.001	0.915
0.001	0.001	0.042	0.956
0.001	0.001	0.950	0.048
0.956	0.001	0.042	0.001
0.001	0.938	0.060	0.001
0.060	0.001	0.001	0.938
0.001	0.001	0.670	0.328
>TGGCCACATCCT	16-TGGCCACATCCT	11.982865	-32.963540	0	T:16.0(0.28%),B:7.3(0.02%),P:1e-14	Tpos:269.8,Tstd:193.8,Bpos:238.6,Bstd:100.3,StrandBias:-0.5,Multiplicity:1.00
0.001	0.001	0.001	0.997
0.001	0.001	0.997	0.001
0.001	0.317	0.681	0.001
0.001	0.997	0.001	0.001
0.001	0.997	0.001	0.001
0.997	0.001	0.001	0.001
0.001	0.997	0.001	0.001
0.997	0.001	0.001	0.001
0.001	0.001	0.001	0.997
0.031	0.967	0.001	0.001
0.001	0.997	0.001	0.001
0.001	0.001	0.001	0.997
>CTCAGCAACACA	17-CTCAGCAACACA	6.500766	-31.529603	0	T:2025.0(35.93%),B:13444.3(31.20%),P:1e-13	Tpos:291.5,Tstd:223.5,Bpos:241.0,Bstd:148.4,StrandBias:-0.0,Multiplicity:1.25
0.137	0.727	0.073	0.063
0.104	0.151	0.043	0.702
0.137	0.634	0.164	0.065
0.753	0.033	0.001	0.213
0.120	0.228	0.651	0.001
0.105	0.520	0.110	0.265
0.534	0.207	0.063	0.196
0.696	0.077	0.170	0.057
0.094	0.730	0.113	0.063
0.680	0.111	0.026	0.183
0.267	0.577	0.126	0.030
0.997	0.001	0.001	0.001
>CGTGATGTTACC	18-CGTGATGTTACC	-6.384106	-29.818531	0	T:3023.0(53.64%),B:21006.9(48.75%),P:1e-12	Tpos:298.2,Tstd:244.0,Bpos:241.5,Bstd:147.1,StrandBias:-0.0,Multiplicity:1.46
0.001	0.825	0.001	0.173
0.001	0.001	0.997	0.001
0.001	0.001	0.001	0.997
0.001	0.001	0.997	0.001
0.594	0.404	0.001	0.001
0.001	0.001	0.001	0.997
0.001	0.001	0.997	0.001
0.001	0.001	0.001	0.997
0.001	0.001	0.001	0.997
0.997	0.001	0.001	0.001
0.001	0.594	0.001	0.404
0.001	0.997	0.001	0.001
>GACTGGCAGATC	19-GACTGGCAGATC	13.811812	-28.254825	0	T:12.0(0.21%),B:5.0(0.01%),P:1e-12	Tpos:236.4,Tstd:174.7,Bpos:147.4,Bstd:63.6,StrandBias:-1.1,Multiplicity:1.33
0.001	0.001	0.997	0.001
0.997	0.001	0.001	0.001
0.071	0.927	0.001	0.001
0.001	0.001	0.001	0.997
0.001	0.001	0.997	0.001
0.001	0.001	0.997	0.001
0.001	0.997	0.001	0.001
0.997	0.001	0.001	0.001
0.001	0.001	0.997	0.001
0.927	0.001	0.071	0.001
0.001	0.001	0.001	0.997
0.071	0.927	0.001	0.001
>TCATTGATGTTA	20-TCATTGATGTTA	13.511468	-26.999067	0	T:8.0(0.14%),B:1.1(0.00%),P:1e-11	Tpos:217.8,Tstd:211.2,Bpos:253.6,Bstd:69.7,StrandBias:0.7,Multiplicity:1.00
0.001	0.119	0.001	0.879
0.120	0.788	0.001	0.091
0.959	0.039	0.001	0.001
0.001	0.001	0.015	0.983
0.001	0.001	0.001	0.997
0.001	0.001	0.947	0.051
0.863	0.001	0.016	0.120
0.119	0.001	0.001	0.879
0.119	0.001	0.879	0.001
0.001	0.120	0.084	0.795
0.001	0.001	0.001	0.997
0.997	0.001	0.001	0.001
>AGTGTGTTATCT	21-AGTGTGTTATCT	-4.167283	-21.990379	0	T:1185.0(21.03%),B:7666.2(17.79%),P:1e-9	Tpos:291.0,Tstd:230.0,Bpos:243.2,Bstd:146.5,StrandBias:-0.0,Multiplicity:1.16
0.997	0.001	0.001	0.001
0.001	0.001	0.997	0.001
0.001	0.052	0.001	0.946
0.001	0.001	0.946	0.052
0.001	0.001	0.001	0.997
0.001	0.001	0.997	0.001
0.001	0.001	0.001	0.997
0.001	0.001	0.001	0.997
0.997	0.001	0.001	0.001
0.001	0.001	0.001	0.997
0.001	0.997	0.001	0.001
0.001	0.001	0.001	0.997
>TCWAMTCTACTT	22-TCWAMTCTACTT	10.864164	-18.535124	0	T:49.0(0.87%),B:147.1(0.34%),P:1e-8	Tpos:295.6,Tstd:203.3,Bpos:245.0,Bstd:153.2,StrandBias:0.2,Multiplicity:1.03
0.001	0.001	0.050	0.948
0.050	0.948	0.001	0.001
0.484	0.001	0.001	0.514
0.789	0.001	0.001	0.209
0.508	0.490	0.001	0.001
0.001	0.001	0.406	0.592
0.218	0.536	0.245	0.001
0.001	0.001	0.001	0.997
0.997	0.001	0.001	0.001
0.001	0.615	0.001	0.383
0.001	0.001	0.253	0.745
0.001	0.001	0.001	0.997
>CAACACATGCAG	23-CAACACATGCAG	-4.114775	-14.680034	0	T:895.0(15.88%),B:5850.8(13.58%),P:1e-6	Tpos:309.7,Tstd:247.6,Bpos:240.9,Bstd:148.1,StrandBias:-0.1,Multiplicity:1.15
0.001	0.997	0.001	0.001
0.997	0.001	0.001	0.001
0.997	0.001	0.001	0.001
0.001	0.997	0.001	0.001
0.997	0.001	0.001	0.001
0.001	0.997	0.001	0.001
0.954	0.001	0.044	0.001
0.001	0.001	0.001	0.997
0.001	0.001	0.997	0.001
0.001	0.997	0.001	0.001
0.997	0.001	0.001	0.001
0.001	0.001	0.997	0.001
>ACACCATCTGTA	24-ACACCATCTGTA	13.695590	-11.711562	0	T:5.0(0.09%),B:2.8(0.01%),P:1e-5	Tpos:121.1,Tstd:96.1,Bpos:221.3,Bstd:73.5,StrandBias:2.5,Multiplicity:2.60
0.997	0.001	0.001	0.001
0.001	0.936	0.062	0.001
0.997	0.001	0.001	0.001
0.001	0.997	0.001	0.001
0.001	0.997	0.001	0.001
0.997	0.001	0.001	0.001
0.001	0.001	0.001	0.997
0.001	0.997	0.001	0.001
0.062	0.001	0.001	0.936
0.001	0.001	0.997	0.001
0.062	0.001	0.001	0.936
0.997	0.001	0.001	0.001
>TCTCAGCAACAC	25-TCTCAGCAACAC	2.704149	-10.988609	0	T:391.0(6.94%),B:2420.7(5.62%),P:1e-4	Tpos:275.0,Tstd:211.4,Bpos:243.1,Bstd:149.1,StrandBias:0.1,Multiplicity:1.06
0.001	0.001	0.083	0.915
0.001	0.997	0.001	0.001
0.001	0.001	0.001	0.997
0.001	0.997	0.001	0.001
0.997	0.001	0.001	0.001
0.001	0.001	0.997	0.001
0.001	0.997	0.001	0.001
0.997	0.001	0.001	0.001
0.997	0.001	0.001	0.001
0.001	0.997	0.001	0.001
0.997	0.001	0.001	0.001
0.001	0.997	0.001	0.001
>CAGGAAGT	1-CAGGAAGT	6.577113	-633.556841	0	T:2692.0(47.76%),B:11086.6(25.73%),P:1e-275	Tpos:287.0,Tstd:211.6,Bpos:243.2,Bstd:146.1,StrandBias:0.1,Multiplicity:1.42
0.057	0.780	0.162	0.001
0.997	0.001	0.001	0.001
0.001	0.001	0.997	0.001
0.001	0.001	0.997	0.001
0.997	0.001	0.001	0.001
0.896	0.001	0.001	0.102
0.162	0.001	0.836	0.001
0.001	0.098	0.001	0.900
>CTTTGATC	2-CTTTGATC	6.662411	-424.079538	0	T:1886.0(33.46%),B:7514.8(17.44%),P:1e-184	Tpos:280.3,Tstd:198.7,Bpos:237.5,Bstd:148.0,StrandBias:-0.1,Multiplicity:1.24
0.001	0.985	0.005	0.009
0.001	0.026	0.001	0.972
0.001	0.022	0.001	0.976
0.034	0.001	0.001	0.964
0.001	0.115	0.802	0.082
0.911	0.001	0.001	0.087
0.124	0.001	0.001	0.874
0.049	0.629	0.203	0.119
>ACATCAAA	3-ACATCAAA	8.891817	-351.319068	0	T:788.0(13.98%),B:2081.1(4.83%),P:1e-152	Tpos:274.6,Tstd:213.4,Bpos:240.4,Bstd:153.8,StrandBias:0.0,Multiplicity:1.10
0.906	0.015	0.043	0.036
0.033	0.709	0.257	0.001
0.789	0.001	0.008	0.202
0.001	0.001	0.001	0.997
0.001	0.951	0.047	0.001
0.989	0.001	0.001	0.009
0.949	0.024	0.026	0.001
0.961	0.001	0.020	0.018
>AMCGGAAR	4-AMCGGAAR	6.263348	-348.732816	0	T:2670.0(47.37%),B:13201.0(30.63%),P:1e-151	Tpos:299.5,Tstd:240.8,Bpos:239.7,Bstd:151.5,StrandBias:-0.1,Multiplicity:1.33
0.740	0.004	0.071	0.185
0.509	0.488	0.002	0.001
0.110	0.736	0.153	0.001
0.059	0.055	0.885	0.001
0.001	0.039	0.959	0.001
0.837	0.001	0.125	0.037
0.974	0.001	0.001	0.024
0.454	0.001	0.544	0.001
>AAACCACA	5-AAACCACA	6.492273	-300.708637	0	T:750.0(13.31%),B:2112.7(4.90%),P:1e-130	Tpos:295.0,Tstd:212.5,Bpos:244.2,Bstd:149.3,StrandBias:-0.1,Multiplicity:1.11
0.809	0.001	0.001	0.189
0.997	0.001	0.001	0.001
0.997	0.001	0.001	0.001
0.001	0.997	0.001	0.001
0.001	0.997	0.001	0.001
0.941	0.001	0.057	0.001
0.001	0.997	0.001	0.001
0.949	0.001	0.049	0.001
>KGCGGTTT	6-KGCGGTTT	5.393299	-181.054856	0	T:2991.0(53.07%),B:17502.5(40.61%),P:1e-78	Tpos:306.3,Tstd:250.6,Bpos:242.3,Bstd:152.1,StrandBias:0.0,Multiplicity:1.49
0.075	0.001	0.423	0.501
0.001	0.101	0.743	0.155
0.001	0.716	0.057	0.226
0.002	0.001	0.935	0.062
0.001	0.090	0.805	0.104
0.001	0.001	0.414	0.584
0.001	0.086	0.001	0.912
0.210	0.001	0.228	0.561
>CTTTCAAA	7-CTTTCAAA	6.457272	-148.545304	0	T:1809.0(32.10%),B:9583.3(22.24%),P:1e-64	Tpos:288.0,Tstd:217.0,Bpos:240.5,Bstd:149.4,StrandBias:-0.0,Multiplicity:1.19
0.108	0.812	0.029	0.051
0.016	0.037	0.024	0.923
0.001	0.021	0.035	0.943
0.001	0.001	0.049	0.949
0.001	0.779	0.219	0.001
0.997	0.001	0.001	0.001
0.930	0.031	0.001	0.038
0.772	0.027	0.200	0.001
>GGGGGGGG	8-GGGGGGGG	7.586454	-106.895651	0	T:2034.0(36.09%),B:11766.3(27.30%),P:1e-46	Tpos:316.5,Tstd:243.8,Bpos:242.3,Bstd:142.8,StrandBias:0.0,Multiplicity:1.73
0.001	0.001	0.997	0.001
0.036	0.001	0.962	0.001
0.055	0.001	0.809	0.135
0.126	0.063	0.661	0.150
0.094	0.001	0.796	0.109
0.100	0.001	0.801	0.098
0.030	0.001	0.968	0.001
0.001	0.001	0.997	0.001
>RTSACGTG	9-RTSACGTG	6.224559	-103.081127	0	T:1040.0(18.45%),B:5144.4(11.94%),P:1e-44	Tpos:293.3,Tstd:222.1,Bpos:240.1,Bstd:156.4,StrandBias:0.0,Multiplicity:1.15
0.263	0.119	0.413	0.204
0.377	0.001	0.001	0.621
0.068	0.396	0.492	0.044
0.997	0.001	0.001	0.001
0.001	0.895	0.001	0.103
0.001	0.001	0.997	0.001
0.091	0.001	0.036	0.872
0.112	0.140	0.550	0.198
>ACATCAGA	10-ACATCAGA	6.612867	-89.802782	0	T:1323.0(23.47%),B:7168.5(16.63%),P:1e-39	Tpos:285.1,Tstd:234.3,Bpos:243.9,Bstd:145.0,StrandBias:-0.1,Multiplicity:1.20
0.997	0.001	0.001	0.001
0.023	0.800	0.176	0.001
0.739	0.092	0.084	0.085
0.096	0.001	0.001	0.902
0.081	0.917	0.001	0.001
0.935	0.001	0.001	0.063
0.001	0.133	0.841	0.025
0.997	0.001	0.001	0.001
>AYWTCCGC	11-AYWTCCGC	5.942109	-81.539425	0	T:1280.0(22.71%),B:7011.7(16.27%),P:1e-35	Tpos:315.1,Tstd:256.6,Bpos:242.9,Bstd:154.4,StrandBias:-0.0,Multiplicity:1.26
0.844	0.001	0.003	0.152
0.068	0.449	0.166	0.316
0.369	0.201	0.001	0.429
0.001	0.045	0.003	0.951
0.001	0.844	0.154	0.001
0.001	0.929	0.069	0.001
0.001	0.117	0.881	0.001
0.085	0.817	0.001	0.097
>AGAGGGCG	12-AGAGGGCG	7.276383	-75.621684	0	T:633.0(11.23%),B:2947.2(6.84%),P:1e-32	Tpos:312.2,Tstd:246.6,Bpos:243.0,Bstd:157.1,StrandBias:0.1,Multiplicity:1.13
0.997	0.001	0.001	0.001
0.142	0.071	0.786	0.001
0.793	0.001	0.205	0.001
0.001	0.001	0.997	0.001
0.001	0.001	0.912	0.086
0.001	0.001	0.841	0.157
0.001	0.997	0.001	0.001
0.001	0.001	0.997	0.001
>CGCCTCCT	13-CGCCTCCT	6.732135	-60.255723	0	T:911.0(16.16%),B:4910.8(11.40%),P:1e-26	Tpos:318.2,Tstd:244.5,Bpos:238.9,Bstd:156.4,StrandBias:0.0,Multiplicity:1.17
0.001	0.903	0.001	0.095
0.001	0.001	0.997	0.001
0.001	0.997	0.001	0.001
0.056	0.942	0.001	0.001
0.083	0.001	0.001	0.915
0.155	0.767	0.077	0.001
0.058	0.854	0.032	0.056
0.125	0.001	0.001	0.873
>TACAAAGC	14-TACAAAGC	5.398710	-59.872255	0	T:1221.0(21.66%),B:6990.6(16.22%),P:1e-26	Tpos:288.4,Tstd:215.0,Bpos:241.8,Bstd:150.0,StrandBias:-0.1,Multiplicity:1.15
0.001	0.101	0.001	0.897
0.942	0.001	0.056	0.001
0.319	0.644	0.036	0.001
0.997	0.001	0.001	0.001
0.997	0.001	0.001	0.001
0.997	0.001	0.001	0.001
0.001	0.001	0.997	0.001
0.001	0.997	0.001	0.001
>TGCGGTAA	15-TGCGGTAA	6.785014	-56.208380	0	T:437.0(7.75%),B:1985.6(4.61%),P:1e-24	Tpos:281.3,Tstd:215.5,Bpos:237.5,Bstd:148.7,StrandBias:-0.1,Multiplicity:1.06
0.196	0.001	0.001	0.802
0.256	0.001	0.742	0.001
0.001	0.947	0.001	0.051
0.001	0.173	0.825	0.001
0.001	0.001	0.997	0.001
0.141	0.134	0.001	0.724
0.954	0.001	0.044	0.001
0.914	0.001	0.001	0.084
>CGTGCGTW	16-CGTGCGTW	4.754235	-54.608997	0	T:817.0(14.50%),B:4386.3(10.18%),P:1e-23	Tpos:323.8,Tstd:267.4,Bpos:245.3,Bstd:162.5,StrandBias:0.1,Multiplicity:1.15
0.166	0.462	0.187	0.185
0.119	0.086	0.614	0.181
0.080	0.166	0.137	0.617
0.166	0.043	0.623	0.168
0.090	0.526	0.206	0.178
0.059	0.157	0.516	0.268
0.185	0.027	0.113	0.675
0.412	0.066	0.259	0.262
>AAACAAAG	17-AAACAAAG	4.161567	-51.614608	0	T:780.0(13.84%),B:4193.9(9.73%),P:1e-22	Tpos:276.4,Tstd:205.2,Bpos:241.1,Bstd:154.6,StrandBias:0.2,Multiplicity:1.06
0.659	0.339	0.001	0.001
0.997	0.001	0.001	0.001
0.997	0.001	0.001	0.001
0.001	0.997	0.001	0.001
0.997	0.001	0.001	0.001
0.997	0.001	0.001	0.001
0.997	0.001	0.001	0.001
0.001	0.001	0.997	0.001
>AGCGTCAT	18-AGCGTCAT	5.881134	-49.418886	0	T:419.0(7.43%),B:1953.0(4.53%),P:1e-21	Tpos:296.4,Tstd:223.9,Bpos:247.1,Bstd:164.6,StrandBias:0.3,Multiplicity:1.03
0.536	0.001	0.084	0.379
0.169	0.001	0.829	0.001
0.001	0.997	0.001	0.001
0.001	0.001	0.997	0.001
0.001	0.001	0.001	0.997
0.001	0.997	0.001	0.001
0.745	0.001	0.253	0.001
0.314	0.049	0.001	0.636
>TCTAGTGG	19-TCTAGTGG	7.948923	-36.637992	0	T:305.0(5.41%),B:1415.1(3.28%),P:1e-15	Tpos:290.9,Tstd:228.0,Bpos:243.2,Bstd:144.3,StrandBias:0.1,Multiplicity:1.04
0.001	0.298	0.001	0.700
0.001	0.862	0.001	0.136
0.001	0.001	0.001	0.997
0.997	0.001	0.001	0.001
0.001	0.001	0.997	0.001
0.001	0.103	0.001	0.895
0.001	0.081	0.917	0.001
0.001	0.001	0.997	0.001
>TGCAGCTG	20-TGCAGCTG	9.307404	-31.046505	0	T:632.0(11.21%),B:3584.0(8.32%),P:1e-13	Tpos:292.3,Tstd:244.4,Bpos:242.2,Bstd:150.8,StrandBias:-0.1,Multiplicity:1.11
0.200	0.001	0.168	0.631
0.001	0.001	0.997	0.001
0.001	0.997	0.001	0.001
0.997	0.001	0.001	0.001
0.001	0.001	0.997	0.001
0.001	0.997	0.001	0.001
0.001	0.001	0.001	0.997
0.142	0.001	0.856	0.001
>GAACTACA	21-GAACTACA	8.743718	-28.484565	0	T:290.0(5.15%),B:1423.3(3.30%),P:1e-12	Tpos:289.0,Tstd:221.8,Bpos:240.8,Bstd:147.1,StrandBias:0.1,Multiplicity:1.06
0.001	0.001	0.997	0.001
0.776	0.001	0.222	0.001
0.847	0.001	0.001	0.151
0.001	0.997	0.001	0.001
0.001	0.001	0.001	0.997
0.997	0.001	0.001	0.001
0.001	0.997	0.001	0.001
0.829	0.001	0.001	0.169
>CAGCCAAT	22-CAGCCAAT	8.550891	-20.138486	0	T:259.0(4.60%),B:1348.1(3.13%),P:1e-8	Tpos:302.9,Tstd:271.8,Bpos:236.5,Bstd:145.4,StrandBias:-0.4,Multiplicity:1.08
0.001	0.849	0.149	0.001
0.887	0.001	0.111	0.001
0.001	0.001	0.997	0.001
0.001	0.997	0.001	0.001
0.001	0.997	0.001	0.001
0.850	0.001	0.148	0.001
0.997	0.001	0.001	0.001
0.001	0.001	0.001	0.997
