>ACAGGAAGTG	1-ACAGGAAGTG	7.245974	-237.791744	0	T:1053.0(40.85%),B:10177.5(21.85%),P:1e-103	Tpos:296.4,Tstd:232.6,Bpos:238.7,Bstd:143.1,StrandBias:-0.0,Multiplicity:1.38
0.542	0.133	0.203	0.122
0.123	0.608	0.213	0.056
0.881	0.055	0.040	0.024
0.018	0.016	0.965	0.001
0.038	0.030	0.915	0.017
0.931	0.067	0.001	0.001
0.797	0.016	0.012	0.175
0.332	0.022	0.645	0.001
0.040	0.309	0.052	0.599
0.220	0.218	0.429	0.133
>TGTGGTTTNN	2-TGTGGTTTNN	6.836070	-232.833495	0	T:952.0(36.93%),B:8799.6(18.89%),P:1e-101	Tpos:286.4,Tstd:228.8,Bpos:241.6,Bstd:147.8,StrandBias:-0.3,Multiplicity:1.32
0.062	0.039	0.120	0.779
0.026	0.019	0.880	0.075
0.068	0.104	0.057	0.771
0.008	0.021	0.962	0.009
0.001	0.003	0.983	0.013
0.004	0.143	0.128	0.725
0.001	0.045	0.035	0.919
0.123	0.038	0.067	0.772
0.261	0.305	0.263	0.171
0.217	0.223	0.330	0.230
>WGGGYGGGGC	3-WGGGYGGGGC	7.976544	-125.661089	0	T:725.0(28.12%),B:7410.4(15.91%),P:1e-54	Tpos:329.4,Tstd:270.3,Bpos:239.7,Bstd:147.9,StrandBias:0.1,Multiplicity:1.54
0.333	0.031	0.240	0.395
0.135	0.001	0.863	0.001
0.001	0.001	0.997	0.001
0.001	0.035	0.963	0.001
0.093	0.457	0.001	0.449
0.039	0.001	0.959	0.001
0.043	0.062	0.593	0.302
0.363	0.001	0.635	0.001
0.140	0.037	0.699	0.124
0.133	0.651	0.069	0.147
>TTTCAGTTTC	4-TTTCAGTTTC	8.685625	-72.504262	0	T:219.0(8.49%),B:1623.6(3.49%),P:1e-31	Tpos:289.7,Tstd:236.4,Bpos:243.8,Bstd:144.7,StrandBias:0.3,Multiplicity:1.09
0.001	0.001	0.026	0.972
0.001	0.007	0.019	0.973
0.029	0.029	0.019	0.923
0.001	0.997	0.001	0.001
0.879	0.001	0.034	0.086
0.058	0.225	0.639	0.078
0.001	0.034	0.001	0.964
0.003	0.011	0.001	0.985
0.015	0.044	0.016	0.925
0.001	0.965	0.022	0.012
>GTAACACCTH	5-GTAACACCTH	6.672441	-72.259903	0	T:678.0(26.30%),B:7946.5(17.06%),P:1e-31	Tpos:307.5,Tstd:250.5,Bpos:241.9,Bstd:146.7,StrandBias:0.1,Multiplicity:1.20
0.047	0.166	0.585	0.202
0.079	0.202	0.001	0.718
0.432	0.234	0.154	0.180
0.818	0.001	0.024	0.157
0.008	0.885	0.001	0.106
0.997	0.001	0.001	0.001
0.001	0.909	0.001	0.089
0.103	0.796	0.100	0.001
0.005	0.405	0.024	0.566
0.358	0.234	0.105	0.303
>KVTGASTCAT	6-KVTGASTCAT	9.056735	-71.853836	0	T:228.0(8.84%),B:1735.8(3.73%),P:1e-31	Tpos:286.5,Tstd:267.4,Bpos:238.6,Bstd:143.0,StrandBias:-0.0,Multiplicity:1.05
0.152	0.001	0.419	0.428
0.337	0.214	0.331	0.119
0.001	0.001	0.001	0.997
0.001	0.001	0.997	0.001
0.997	0.001	0.001	0.001
0.001	0.435	0.563	0.001
0.001	0.001	0.001	0.997
0.001	0.849	0.149	0.001
0.997	0.001	0.001	0.001
0.071	0.172	0.223	0.534
>TGACCACAAC	7-TGACCACAAC	8.392264	-57.643550	0	T:185.0(7.18%),B:1415.1(3.04%),P:1e-25	Tpos:294.5,Tstd:239.8,Bpos:238.6,Bstd:141.5,StrandBias:-0.0,Multiplicity:1.02
0.065	0.221	0.001	0.713
0.001	0.062	0.936	0.001
0.784	0.076	0.139	0.001
0.010	0.988	0.001	0.001
0.001	0.767	0.203	0.029
0.819	0.001	0.156	0.024
0.001	0.997	0.001	0.001
0.867	0.001	0.131	0.001
0.581	0.022	0.097	0.300
0.216	0.551	0.076	0.157
>BCTACCRCAG	8-BCTACCRCAG	6.480172	-47.547497	0	T:185.0(7.18%),B:1555.8(3.34%),P:1e-20	Tpos:304.7,Tstd:225.1,Bpos:247.6,Bstd:150.4,StrandBias:0.3,Multiplicity:1.03
0.131	0.223	0.290	0.356
0.021	0.586	0.055	0.338
0.171	0.025	0.323	0.481
0.768	0.066	0.014	0.152
0.317	0.627	0.029	0.027
0.118	0.559	0.022	0.301
0.390	0.017	0.389	0.204
0.158	0.620	0.199	0.023
0.676	0.033	0.188	0.103
0.186	0.178	0.401	0.236
>GTTTCGTTTC	9-GTTTCGTTTC	6.828696	-43.718416	0	T:284.0(11.02%),B:2922.9(6.27%),P:1e-18	Tpos:320.7,Tstd:277.0,Bpos:240.4,Bstd:152.7,StrandBias:-0.0,Multiplicity:1.12
0.018	0.162	0.747	0.073
0.078	0.037	0.062	0.823
0.059	0.001	0.007	0.933
0.283	0.007	0.095	0.615
0.022	0.861	0.001	0.116
0.078	0.019	0.873	0.030
0.135	0.101	0.045	0.719
0.145	0.106	0.147	0.602
0.171	0.065	0.066	0.698
0.039	0.672	0.034	0.255
>CACCGCCCTT	10-CACCGCCCTT	6.832774	-39.364771	0	T:422.0(16.37%),B:5032.2(10.80%),P:1e-17	Tpos:316.2,Tstd:273.2,Bpos:239.7,Bstd:145.9,StrandBias:-0.3,Multiplicity:1.08
0.052	0.742	0.060	0.146
0.845	0.046	0.029	0.080
0.092	0.845	0.040	0.023
0.021	0.841	0.074	0.064
0.066	0.068	0.777	0.089
0.085	0.784	0.047	0.084
0.106	0.756	0.060	0.078
0.115	0.736	0.069	0.080
0.073	0.072	0.028	0.827
0.034	0.062	0.049	0.855
>AGCCAATCVG	11-AGCCAATCVG	8.198657	-37.643525	0	T:169.0(6.56%),B:1514.2(3.25%),P:1e-16	Tpos:287.2,Tstd:233.3,Bpos:239.8,Bstd:143.4,StrandBias:-0.1,Multiplicity:1.15
0.945	0.001	0.053	0.001
0.104	0.151	0.696	0.049
0.001	0.927	0.001	0.071
0.023	0.870	0.106	0.001
0.916	0.017	0.066	0.001
0.818	0.166	0.002	0.014
0.001	0.115	0.001	0.883
0.041	0.773	0.154	0.032
0.380	0.243	0.360	0.017
0.038	0.129	0.832	0.001
>SCTCCCCTAV	12-SCTCCCCTAV	8.269897	-37.541625	0	T:300.0(11.64%),B:3294.2(7.07%),P:1e-16	Tpos:321.2,Tstd:258.4,Bpos:233.4,Bstd:141.6,StrandBias:0.2,Multiplicity:1.13
0.001	0.534	0.433	0.032
0.001	0.892	0.074	0.033
0.020	0.001	0.215	0.764
0.001	0.997	0.001	0.001
0.001	0.834	0.001	0.164
0.283	0.457	0.092	0.167
0.001	0.841	0.001	0.157
0.079	0.001	0.023	0.897
0.734	0.264	0.001	0.001
0.376	0.370	0.253	0.001
>AACCGACTTC	13-AACCGACTTC	8.684842	-36.816885	0	T:74.0(2.87%),B:431.1(0.93%),P:1e-15	Tpos:284.1,Tstd:274.4,Bpos:240.5,Bstd:143.2,StrandBias:0.3,Multiplicity:1.03
0.997	0.001	0.001	0.001
0.918	0.001	0.026	0.055
0.044	0.906	0.049	0.001
0.001	0.898	0.001	0.100
0.034	0.059	0.716	0.191
0.923	0.036	0.001	0.040
0.001	0.927	0.071	0.001
0.071	0.001	0.001	0.927
0.001	0.001	0.001	0.997
0.001	0.927	0.071	0.001
>TAGGTGGCGC	14-TAGGTGGCGC	7.988353	-35.180028	0	T:140.0(5.43%),B:1192.7(2.56%),P:1e-15	Tpos:338.9,Tstd:339.2,Bpos:246.6,Bstd:151.6,StrandBias:-0.4,Multiplicity:1.10
0.001	0.080	0.001	0.918
0.866	0.001	0.132	0.001
0.001	0.001	0.997	0.001
0.350	0.109	0.540	0.001
0.001	0.023	0.193	0.783
0.001	0.001	0.997	0.001
0.043	0.001	0.685	0.271
0.001	0.871	0.127	0.001
0.048	0.001	0.950	0.001
0.157	0.591	0.035	0.217
>TAAACCCGCG	15-TAAACCCGCG	6.333476	-34.168242	0	T:294.0(11.40%),B:3297.9(7.08%),P:1e-14	Tpos:309.6,Tstd:271.0,Bpos:239.5,Bstd:154.8,StrandBias:-0.2,Multiplicity:1.13
0.061	0.068	0.107	0.764
0.842	0.046	0.077	0.035
0.779	0.098	0.080	0.043
0.782	0.048	0.107	0.063
0.066	0.813	0.083	0.038
0.061	0.830	0.012	0.097
0.092	0.775	0.066	0.067
0.078	0.071	0.819	0.032
0.062	0.836	0.066	0.036
0.103	0.043	0.768	0.086
>DGACGTCACV	16-DGACGTCACV	7.510854	-33.076932	0	T:155.0(6.01%),B:1415.9(3.04%),P:1e-14	Tpos:290.9,Tstd:253.2,Bpos:237.8,Bstd:155.1,StrandBias:0.2,Multiplicity:1.08
0.331	0.174	0.182	0.314
0.037	0.073	0.794	0.096
0.848	0.054	0.056	0.042
0.030	0.891	0.034	0.045
0.042	0.031	0.877	0.050
0.043	0.050	0.013	0.894
0.037	0.901	0.059	0.003
0.942	0.014	0.030	0.014
0.023	0.854	0.092	0.031
0.340	0.262	0.226	0.172
>AGGAGCGCGC	17-AGGAGCGCGC	8.652213	-32.072907	0	T:138.0(5.35%),B:1217.3(2.61%),P:1e-13	Tpos:356.5,Tstd:283.1,Bpos:234.8,Bstd:163.7,StrandBias:0.1,Multiplicity:1.23
0.633	0.121	0.206	0.040
0.001	0.001	0.997	0.001
0.001	0.169	0.634	0.196
0.788	0.126	0.026	0.060
0.189	0.001	0.809	0.001
0.117	0.785	0.097	0.001
0.058	0.186	0.755	0.001
0.053	0.945	0.001	0.001
0.001	0.151	0.847	0.001
0.253	0.745	0.001	0.001
>TAACCACCGA	18-TAACCACCGA	9.990253	-28.536400	0	T:30.0(1.16%),B:101.2(0.22%),P:1e-12	Tpos:246.7,Tstd:138.7,Bpos:226.2,Bstd:149.3,StrandBias:0.2,Multiplicity:1.00
0.001	0.001	0.001	0.997
0.997	0.001	0.001	0.001
0.937	0.061	0.001	0.001
0.054	0.852	0.093	0.001
0.001	0.997	0.001	0.001
0.840	0.001	0.110	0.049
0.109	0.889	0.001	0.001
0.001	0.654	0.206	0.139
0.001	0.001	0.997	0.001
0.896	0.001	0.054	0.049
>AAGTGAGAAA	19-AAGTGAGAAA	9.572907	-26.954283	0	T:86.0(3.34%),B:664.8(1.43%),P:1e-11	Tpos:289.5,Tstd:211.9,Bpos:234.0,Bstd:150.8,StrandBias:0.3,Multiplicity:1.01
0.997	0.001	0.001	0.001
0.777	0.221	0.001	0.001
0.001	0.001	0.714	0.284
0.001	0.001	0.001	0.997
0.001	0.001	0.997	0.001
0.612	0.001	0.001	0.386
0.001	0.120	0.878	0.001
0.850	0.001	0.001	0.148
0.635	0.001	0.001	0.363
0.997	0.001	0.001	0.001
>GHCGCCTAGA	20-GHCGCCTAGA	6.226321	-26.247393	0	T:82.0(3.18%),B:627.6(1.35%),P:1e-11	Tpos:313.6,Tstd:293.6,Bpos:233.3,Bstd:146.5,StrandBias:-0.2,Multiplicity:1.06
0.202	0.019	0.486	0.293
0.354	0.282	0.144	0.220
0.244	0.436	0.060	0.259
0.177	0.187	0.486	0.150
0.023	0.653	0.299	0.025
0.020	0.451	0.248	0.280
0.032	0.021	0.026	0.921
0.540	0.019	0.247	0.194
0.220	0.021	0.459	0.300
0.566	0.170	0.021	0.243
>GGTTTTTATC	21-GGTTTTTATC	9.175321	-24.113607	0	T:73.0(2.83%),B:551.3(1.18%),P:1e-10	Tpos:310.7,Tstd:243.2,Bpos:228.9,Bstd:146.8,StrandBias:0.1,Multiplicity:1.00
0.001	0.001	0.997	0.001
0.068	0.131	0.687	0.114
0.001	0.006	0.012	0.981
0.001	0.022	0.001	0.976
0.039	0.012	0.186	0.763
0.001	0.130	0.001	0.868
0.042	0.030	0.013	0.915
0.863	0.042	0.001	0.094
0.001	0.055	0.001	0.943
0.001	0.997	0.001	0.001
>GTAACCCCGA	22-GTAACCCCGA	9.381145	-22.137908	0	T:30.0(1.16%),B:132.5(0.28%),P:1e-9	Tpos:279.5,Tstd:186.6,Bpos:210.8,Bstd:127.7,StrandBias:0.0,Multiplicity:1.00
0.001	0.110	0.888	0.001
0.032	0.001	0.001	0.966
0.874	0.001	0.001	0.124
0.888	0.001	0.110	0.001
0.001	0.839	0.159	0.001
0.001	0.997	0.001	0.001
0.001	0.997	0.001	0.001
0.054	0.935	0.001	0.010
0.017	0.022	0.960	0.001
0.715	0.160	0.045	0.080
>GCAACCAGCC	23-GCAACCAGCC	8.942342	-21.538580	0	T:100.0(3.88%),B:919.0(1.97%),P:1e-9	Tpos:287.2,Tstd:223.8,Bpos:238.8,Bstd:141.0,StrandBias:0.0,Multiplicity:1.05
0.099	0.032	0.823	0.046
0.001	0.964	0.001	0.034
0.888	0.110	0.001	0.001
0.861	0.038	0.100	0.001
0.001	0.930	0.068	0.001
0.001	0.855	0.001	0.143
0.927	0.001	0.044	0.028
0.066	0.001	0.920	0.013
0.033	0.965	0.001	0.001
0.001	0.887	0.057	0.055
>YCGGCGAAGG	24-YCGGCGAAGG	9.987132	-16.147141	0	T:14.0(0.54%),B:41.0(0.09%),P:1e-7	Tpos:320.7,Tstd:247.0,Bpos:230.8,Bstd:136.9,StrandBias:-0.8,Multiplicity:1.00
0.001	0.559	0.001	0.439
0.001	0.960	0.038	0.001
0.001	0.001	0.997	0.001
0.001	0.001	0.997	0.001
0.001	0.997	0.001	0.001
0.001	0.001	0.997	0.001
0.997	0.001	0.001	0.001
0.997	0.001	0.001	0.001
0.001	0.001	0.997	0.001
0.001	0.001	0.997	0.001
>ACAGGAAGTGGN	1-ACAGGAAGTGGN	8.061107	-243.719926	0	T:912.0(35.38%),B:8079.4(17.34%),P:1e-105	Tpos:295.6,Tstd:230.3,Bpos:239.2,Bstd:140.9,StrandBias:-0.1,Multiplicity:1.32
0.660	0.037	0.264	0.039
0.156	0.590	0.229	0.025
0.988	0.001	0.010	0.001
0.001	0.001	0.997	0.001
0.001	0.001	0.997	0.001
0.997	0.001	0.001	0.001
0.842	0.001	0.001	0.156
0.347	0.001	0.651	0.001
0.067	0.287	0.143	0.503
0.209	0.183	0.455	0.152
0.305	0.095	0.506	0.094
0.186	0.333	0.273	0.208
>BCTGTGGTTTGN	2-BCTGTGGTTTGN	7.537722	-223.924763	0	T:827.0(32.08%),B:7203.8(15.46%),P:1e-97	Tpos:288.4,Tstd:232.6,Bpos:240.6,Bstd:144.2,StrandBias:-0.2,Multiplicity:1.24
0.061	0.270	0.310	0.359
0.097	0.548	0.090	0.265
0.087	0.001	0.001	0.911
0.001	0.030	0.960	0.009
0.082	0.029	0.069	0.820
0.014	0.001	0.947	0.038
0.001	0.007	0.982	0.010
0.001	0.211	0.119	0.669
0.001	0.153	0.020	0.826
0.243	0.032	0.157	0.568
0.164	0.243	0.397	0.196
0.187	0.282	0.287	0.244
>DNDGGGYGGGGC	3-DNDGGGYGGGGC	8.256066	-103.159575	0	T:831.0(32.23%),B:9482.6(20.36%),P:1e-44	Tpos:339.4,Tstd:285.6,Bpos:238.7,Bstd:144.5,StrandBias:0.1,Multiplicity:1.56
0.241	0.166	0.329	0.263
0.284	0.231	0.246	0.239
0.292	0.001	0.427	0.280
0.238	0.001	0.698	0.063
0.001	0.001	0.997	0.001
0.025	0.001	0.973	0.001
0.242	0.317	0.001	0.440
0.001	0.001	0.997	0.001
0.001	0.045	0.709	0.245
0.334	0.001	0.612	0.053
0.205	0.001	0.793	0.001
0.217	0.429	0.122	0.232
>AGTTTCAGTTTC	4-AGTTTCAGTTTC	9.311091	-100.550163	0	T:228.0(8.84%),B:1426.1(3.06%),P:1e-43	Tpos:283.8,Tstd:195.5,Bpos:238.1,Bstd:148.4,StrandBias:-0.0,Multiplicity:1.10
0.546	0.001	0.264	0.189
0.069	0.267	0.543	0.121
0.001	0.001	0.001	0.997
0.017	0.001	0.107	0.875
0.001	0.200	0.001	0.798
0.001	0.997	0.001	0.001
0.834	0.001	0.001	0.164
0.030	0.284	0.547	0.139
0.001	0.162	0.001	0.836
0.001	0.124	0.001	0.874
0.155	0.197	0.056	0.592
0.176	0.415	0.162	0.247
>CTGGGTGTGGTT	5-CTGGGTGTGGTT	7.123160	-83.716135	0	T:679.0(26.34%),B:7662.0(16.45%),P:1e-36	Tpos:302.2,Tstd:236.1,Bpos:241.7,Bstd:146.1,StrandBias:-0.2,Multiplicity:1.19
0.073	0.710	0.130	0.087
0.075	0.053	0.047	0.825
0.081	0.027	0.816	0.076
0.095	0.064	0.732	0.109
0.066	0.108	0.741	0.085
0.082	0.065	0.071	0.782
0.074	0.082	0.759	0.085
0.099	0.063	0.087	0.751
0.075	0.041	0.759	0.125
0.093	0.077	0.700	0.130
0.055	0.121	0.116	0.708
0.079	0.102	0.104	0.715
>GCCCCCTRGTGG	6-GCCCCCTRGTGG	10.251303	-80.000688	0	T:133.0(5.16%),B:663.0(1.42%),P:1e-34	Tpos:268.0,Tstd:199.8,Bpos:246.6,Bstd:143.9,StrandBias:0.4,Multiplicity:1.05
0.208	0.001	0.666	0.125
0.127	0.834	0.001	0.038
0.001	0.997	0.001	0.001
0.289	0.672	0.038	0.001
0.029	0.606	0.001	0.364
0.037	0.961	0.001	0.001
0.001	0.018	0.143	0.838
0.493	0.001	0.386	0.120
0.001	0.232	0.766	0.001
0.001	0.075	0.001	0.923
0.001	0.001	0.997	0.001
0.001	0.038	0.658	0.303
>TATGAGTCACAA	7-TATGAGTCACAA	8.449590	-62.364689	0	T:173.0(6.71%),B:1222.9(2.63%),P:1e-27	Tpos:290.7,Tstd:241.2,Bpos:239.0,Bstd:144.3,StrandBias:-0.3,Multiplicity:1.07
0.160	0.104	0.175	0.561
0.679	0.097	0.118	0.106
0.061	0.030	0.001	0.908
0.001	0.097	0.901	0.001
0.938	0.001	0.001	0.060
0.084	0.075	0.761	0.080
0.050	0.001	0.054	0.895
0.046	0.863	0.090	0.001
0.923	0.075	0.001	0.001
0.062	0.774	0.073	0.091
0.923	0.001	0.001	0.075
0.709	0.108	0.096	0.087
>GGGTTTCCTTTC	8-GGGTTTCCTTTC	9.664816	-40.670230	0	T:83.0(3.22%),B:487.2(1.05%),P:1e-17	Tpos:273.8,Tstd:261.0,Bpos:251.0,Bstd:142.6,StrandBias:-0.2,Multiplicity:1.01
0.123	0.017	0.669	0.191
0.228	0.001	0.607	0.164
0.162	0.088	0.665	0.085
0.062	0.134	0.001	0.803
0.001	0.071	0.081	0.847
0.001	0.226	0.092	0.681
0.056	0.802	0.001	0.141
0.117	0.642	0.054	0.187
0.062	0.280	0.001	0.657
0.004	0.129	0.119	0.748
0.056	0.147	0.001	0.796
0.153	0.633	0.129	0.085
>CARGCTGAGTCA	9-CARGCTGAGTCA	9.166050	-37.145838	0	T:154.0(5.97%),B:1334.1(2.86%),P:1e-16	Tpos:318.1,Tstd:302.1,Bpos:237.7,Bstd:143.6,StrandBias:0.2,Multiplicity:1.08
0.019	0.831	0.149	0.001
0.807	0.001	0.001	0.191
0.319	0.062	0.461	0.158
0.256	0.143	0.517	0.084
0.065	0.933	0.001	0.001
0.090	0.001	0.001	0.908
0.001	0.001	0.924	0.074
0.787	0.001	0.089	0.123
0.020	0.281	0.566	0.133
0.010	0.107	0.001	0.882
0.062	0.743	0.194	0.001
0.770	0.084	0.070	0.076
>CCCCACCCCACC	10-CCCCACCCCACC	8.682752	-33.182077	0	T:406.0(15.75%),B:4990.7(10.71%),P:1e-14	Tpos:321.8,Tstd:278.9,Bpos:240.0,Bstd:143.4,StrandBias:0.1,Multiplicity:1.08
0.058	0.817	0.064	0.061
0.040	0.874	0.044	0.042
0.104	0.782	0.031	0.083
0.039	0.860	0.010	0.091
0.888	0.043	0.027	0.042
0.073	0.706	0.100	0.121
0.058	0.808	0.064	0.070
0.072	0.820	0.042	0.066
0.032	0.907	0.047	0.014
0.880	0.030	0.062	0.028
0.038	0.833	0.083	0.046
0.048	0.856	0.023	0.073
>AATCAGCGCGCG	11-AATCAGCGCGCG	7.733010	-32.277885	0	T:110.0(4.27%),B:873.5(1.88%),P:1e-14	Tpos:405.9,Tstd:359.3,Bpos:242.4,Bstd:156.4,StrandBias:0.0,Multiplicity:1.13
0.745	0.114	0.098	0.043
0.666	0.135	0.134	0.065
0.060	0.081	0.147	0.712
0.037	0.872	0.076	0.015
0.774	0.085	0.081	0.060
0.064	0.058	0.834	0.044
0.083	0.805	0.056	0.056
0.051	0.074	0.769	0.106
0.095	0.718	0.084	0.103
0.069	0.084	0.746	0.101
0.104	0.628	0.181	0.087
0.033	0.117	0.734	0.116
>ACTTCTGATTGG	12-ACTTCTGATTGG	9.427540	-32.127457	0	T:96.0(3.72%),B:713.5(1.53%),P:1e-13	Tpos:261.6,Tstd:207.9,Bpos:246.1,Bstd:143.0,StrandBias:0.0,Multiplicity:1.01
0.463	0.214	0.290	0.033
0.073	0.901	0.001	0.025
0.154	0.164	0.001	0.681
0.001	0.036	0.035	0.928
0.001	0.831	0.037	0.131
0.177	0.001	0.001	0.821
0.001	0.042	0.956	0.001
0.987	0.011	0.001	0.001
0.021	0.069	0.171	0.739
0.001	0.001	0.110	0.888
0.001	0.001	0.844	0.154
0.160	0.168	0.671	0.001
>GGGAAATCCCCA	13-GGGAAATCCCCA	9.615682	-31.380390	0	T:87.0(3.37%),B:621.4(1.33%),P:1e-13	Tpos:230.3,Tstd:147.7,Bpos:237.1,Bstd:133.0,StrandBias:0.3,Multiplicity:1.00
0.050	0.001	0.948	0.001
0.067	0.001	0.931	0.001
0.135	0.001	0.808	0.056
0.636	0.001	0.362	0.001
0.917	0.081	0.001	0.001
0.834	0.001	0.109	0.056
0.001	0.165	0.187	0.647
0.096	0.696	0.057	0.151
0.123	0.875	0.001	0.001
0.049	0.803	0.001	0.147
0.028	0.883	0.088	0.001
0.776	0.057	0.001	0.166
>AAAACCGCGCCG	14-AAAACCGCGCCG	9.593326	-29.660545	0	T:34.0(1.32%),B:126.0(0.27%),P:1e-12	Tpos:286.6,Tstd:176.8,Bpos:252.2,Bstd:148.3,StrandBias:-0.3,Multiplicity:1.03
0.826	0.130	0.043	0.001
0.794	0.120	0.043	0.043
0.780	0.130	0.043	0.047
0.880	0.033	0.086	0.001
0.001	0.913	0.043	0.043
0.047	0.909	0.001	0.043
0.095	0.080	0.824	0.001
0.115	0.808	0.034	0.043
0.086	0.001	0.870	0.043
0.001	0.879	0.119	0.001
0.047	0.746	0.043	0.164
0.086	0.001	0.783	0.130
>STGACCACAAGC	15-STGACCACAAGC	10.701382	-29.440965	0	T:47.0(1.82%),B:233.9(0.50%),P:1e-12	Tpos:292.1,Tstd:189.8,Bpos:254.1,Bstd:137.7,StrandBias:-0.2,Multiplicity:1.00
0.074	0.381	0.466	0.080
0.001	0.001	0.001	0.997
0.001	0.001	0.997	0.001
0.907	0.001	0.001	0.091
0.063	0.935	0.001	0.001
0.001	0.785	0.044	0.170
0.965	0.033	0.001	0.001
0.035	0.764	0.200	0.001
0.910	0.001	0.088	0.001
0.758	0.001	0.001	0.240
0.111	0.231	0.543	0.115
0.001	0.581	0.276	0.142
>TGTTAGAAACGC	16-TGTTAGAAACGC	9.705987	-27.078385	0	T:48.0(1.86%),B:259.6(0.56%),P:1e-11	Tpos:254.1,Tstd:240.2,Bpos:229.2,Bstd:143.5,StrandBias:-0.8,Multiplicity:1.00
0.051	0.025	0.001	0.923
0.001	0.103	0.770	0.126
0.094	0.026	0.039	0.841
0.068	0.049	0.060	0.823
0.870	0.026	0.052	0.052
0.026	0.026	0.922	0.026
0.922	0.076	0.001	0.001
0.868	0.054	0.052	0.026
0.871	0.026	0.077	0.026
0.072	0.669	0.191	0.068
0.102	0.072	0.772	0.054
0.129	0.755	0.052	0.064
>CCGGTGACGTCA	17-CCGGTGACGTCA	8.043543	-25.000347	0	T:127.0(4.93%),B:1202.1(2.58%),P:1e-10	Tpos:312.7,Tstd:284.0,Bpos:241.2,Bstd:149.4,StrandBias:-0.2,Multiplicity:1.02
0.153	0.694	0.081	0.072
0.161	0.667	0.025	0.147
0.041	0.168	0.652	0.139
0.001	0.087	0.825	0.087
0.043	0.043	0.001	0.913
0.043	0.001	0.869	0.087
0.913	0.043	0.043	0.001
0.058	0.860	0.025	0.057
0.056	0.079	0.797	0.068
0.001	0.001	0.043	0.955
0.001	0.955	0.043	0.001
0.913	0.043	0.001	0.043
>TCACTTCCGGCC	18-TCACTTCCGGCC	14.800672	-24.037497	0	T:7.0(0.27%),B:2.6(0.01%),P:1e-10	Tpos:139.3,Tstd:113.3,Bpos:332.1,Bstd:159.3,StrandBias:0.4,Multiplicity:1.00
0.001	0.001	0.001	0.997
0.165	0.833	0.001	0.001
0.997	0.001	0.001	0.001
0.001	0.997	0.001	0.001
0.001	0.001	0.001	0.997
0.001	0.001	0.001	0.997
0.001	0.997	0.001	0.001
0.001	0.997	0.001	0.001
0.001	0.001	0.997	0.001
0.001	0.001	0.997	0.001
0.001	0.997	0.001	0.001
0.001	0.997	0.001	0.001
>CGGGACGAGCGG	19-CGGGACGAGCGG	11.426013	-23.008188	0	T:12.0(0.47%),B:15.9(0.03%),P:1e-9	Tpos:367.2,Tstd:260.5,Bpos:179.4,Bstd:147.6,StrandBias:1.6,Multiplicity:1.00
0.066	0.905	0.028	0.001
0.152	0.029	0.740	0.079
0.040	0.033	0.813	0.114
0.001	0.064	0.876	0.059
0.677	0.169	0.134	0.020
0.170	0.487	0.062	0.282
0.070	0.262	0.456	0.211
0.741	0.083	0.050	0.126
0.020	0.102	0.839	0.039
0.067	0.808	0.073	0.052
0.059	0.059	0.742	0.140
0.064	0.064	0.819	0.053
>GGGTGCTTTCCC	20-GGGTGCTTTCCC	12.355432	-15.888789	0	T:5.0(0.19%),B:2.1(0.00%),P:1e-6	Tpos:199.4,Tstd:155.6,Bpos:108.8,Bstd:68.9,StrandBias:2.0,Multiplicity:1.00
0.100	0.100	0.700	0.100
0.100	0.100	0.700	0.100
0.100	0.100	0.700	0.100
0.100	0.100	0.100	0.700
0.100	0.100	0.700	0.100
0.100	0.700	0.100	0.100
0.100	0.100	0.100	0.700
0.100	0.100	0.100	0.700
0.100	0.100	0.100	0.700
0.100	0.700	0.100	0.100
0.100	0.700	0.100	0.100
0.100	0.700	0.100	0.100
>CACACCTGTGGG	21-CACACCTGTGGG	12.355432	-14.529948	0	T:6.0(0.23%),B:5.7(0.01%),P:1e-6	Tpos:347.2,Tstd:139.5,Bpos:145.7,Bstd:31.4,StrandBias:1.0,Multiplicity:1.00
0.100	0.700	0.100	0.100
0.700	0.100	0.100	0.100
0.100	0.700	0.100	0.100
0.700	0.100	0.100	0.100
0.100	0.700	0.100	0.100
0.100	0.700	0.100	0.100
0.100	0.100	0.100	0.700
0.100	0.100	0.700	0.100
0.100	0.100	0.100	0.700
0.100	0.100	0.700	0.100
0.100	0.100	0.700	0.100
0.100	0.100	0.700	0.100
>AAAAAAAAAAAA	22-AAAAAAAAAAAA	16.082086	-6.738399	0	T:71.0(2.75%),B:873.5(1.88%),P:1e-2	Tpos:319.1,Tstd:248.6,Bpos:248.0,Bstd:161.0,StrandBias:0.8,Multiplicity:1.04
0.776	0.067	0.001	0.156
0.942	0.021	0.001	0.036
0.980	0.001	0.001	0.018
0.997	0.001	0.001	0.001
0.997	0.001	0.001	0.001
0.997	0.001	0.001	0.001
0.983	0.001	0.015	0.001
0.985	0.001	0.001	0.013
0.997	0.001	0.001	0.001
0.997	0.001	0.001	0.001
0.997	0.001	0.001	0.001
0.844	0.046	0.109	0.001
>GTGTGTCTTGTA	23-GTGTGTCTTGTA	10.409522	-5.642713	0	T:15.0(0.58%),B:120.8(0.26%),P:1e-2	Tpos:294.9,Tstd:231.9,Bpos:229.4,Bstd:144.7,StrandBias:-2.5,Multiplicity:1.43
0.100	0.100	0.700	0.100
0.100	0.100	0.100	0.700
0.100	0.100	0.700	0.100
0.100	0.100	0.100	0.700
0.100	0.100	0.700	0.100
0.100	0.100	0.100	0.700
0.100	0.700	0.100	0.100
0.100	0.100	0.100	0.700
0.100	0.100	0.100	0.700
0.100	0.100	0.700	0.100
0.100	0.100	0.100	0.700
0.700	0.100	0.100	0.100
>NNNNNNNNNNNN	24-NNNNNNNNNNNN	-nan	0.000000	0	T:0.0(0.00%),B:0.0(0.00%),P:1e0	Tpos:0.0,Tstd:0.0,Bpos:0.0,Bstd:0.0,StrandBias:0.0,Multiplicity:1.00
-nan	-nan	-nan	-nan
-nan	-nan	-nan	-nan
-nan	-nan	-nan	-nan
-nan	-nan	-nan	-nan
-nan	-nan	-nan	-nan
-nan	-nan	-nan	-nan
-nan	-nan	-nan	-nan
-nan	-nan	-nan	-nan
-nan	-nan	-nan	-nan
-nan	-nan	-nan	-nan
-nan	-nan	-nan	-nan
-nan	-nan	-nan	-nan
>NNNNNNNNNNNN	25-NNNNNNNNNNNN	-nan	0.000000	0	T:0.0(0.00%),B:0.0(0.00%),P:1e0	Tpos:0.0,Tstd:0.0,Bpos:0.0,Bstd:0.0,StrandBias:0.0,Multiplicity:1.00
-nan	-nan	-nan	-nan
-nan	-nan	-nan	-nan
-nan	-nan	-nan	-nan
-nan	-nan	-nan	-nan
-nan	-nan	-nan	-nan
-nan	-nan	-nan	-nan
-nan	-nan	-nan	-nan
-nan	-nan	-nan	-nan
-nan	-nan	-nan	-nan
-nan	-nan	-nan	-nan
-nan	-nan	-nan	-nan
-nan	-nan	-nan	-nan
>AAACCACA	1-AAACCACA	6.963859	-233.046026	0	T:924.0(35.84%),B:8402.9(18.04%),P:1e-101	Tpos:287.1,Tstd:228.2,Bpos:240.4,Bstd:147.6,StrandBias:0.3,Multiplicity:1.30
0.713	0.107	0.033	0.147
0.970	0.001	0.028	0.001
0.840	0.051	0.108	0.001
0.001	0.997	0.001	0.001
0.001	0.997	0.001	0.001
0.897	0.038	0.033	0.032
0.025	0.964	0.001	0.010
0.906	0.032	0.001	0.061
>TGTGGTHR	2-TGTGGTHR	6.199192	-194.269805	0	T:993.0(38.52%),B:10033.3(21.54%),P:1e-84	Tpos:302.4,Tstd:247.5,Bpos:241.6,Bstd:150.4,StrandBias:-0.1,Multiplicity:1.20
0.026	0.321	0.152	0.501
0.001	0.001	0.997	0.001
0.002	0.356	0.105	0.537
0.001	0.084	0.914	0.001
0.131	0.001	0.867	0.001
0.001	0.130	0.001	0.868
0.267	0.307	0.040	0.385
0.422	0.001	0.328	0.249
>AGGAAGTG	3-AGGAAGTG	7.778922	-193.785854	0	T:750.0(29.09%),B:6603.6(14.18%),P:1e-84	Tpos:308.7,Tstd:247.9,Bpos:238.9,Bstd:142.4,StrandBias:0.1,Multiplicity:1.18
0.927	0.071	0.001	0.001
0.001	0.001	0.997	0.001
0.001	0.001	0.997	0.001
0.997	0.001	0.001	0.001
0.793	0.001	0.001	0.205
0.175	0.001	0.823	0.001
0.001	0.001	0.001	0.997
0.061	0.066	0.872	0.001
>CTTCCTGT	4-CTTCCTGT	8.702705	-139.450629	0	T:732.0(28.39%),B:7247.3(15.56%),P:1e-60	Tpos:289.1,Tstd:215.0,Bpos:239.0,Bstd:141.4,StrandBias:0.2,Multiplicity:1.27
0.001	0.830	0.001	0.168
0.132	0.001	0.001	0.866
0.001	0.001	0.001	0.997
0.001	0.997	0.001	0.001
0.001	0.997	0.001	0.001
0.001	0.001	0.001	0.997
0.001	0.147	0.851	0.001
0.001	0.001	0.001	0.997
>CTCCGCCC	5-CTCCGCCC	6.930835	-82.412242	0	T:1056.0(40.96%),B:13658.5(29.32%),P:1e-35	Tpos:351.7,Tstd:297.2,Bpos:239.7,Bstd:145.4,StrandBias:-0.1,Multiplicity:1.92
0.022	0.922	0.020	0.036
0.065	0.286	0.001	0.648
0.001	0.972	0.001	0.026
0.001	0.997	0.001	0.001
0.160	0.001	0.755	0.084
0.001	0.997	0.001	0.001
0.001	0.970	0.001	0.028
0.001	0.946	0.024	0.029
>TGGGTGTG	6-TGGGTGTG	6.888352	-67.951867	0	T:499.0(19.36%),B:5398.1(11.59%),P:1e-29	Tpos:307.7,Tstd:264.2,Bpos:240.2,Bstd:147.9,StrandBias:-0.0,Multiplicity:1.19
0.177	0.001	0.001	0.821
0.001	0.001	0.997	0.001
0.001	0.001	0.997	0.001
0.001	0.001	0.997	0.001
0.001	0.103	0.001	0.895
0.082	0.001	0.916	0.001
0.001	0.001	0.001	0.997
0.001	0.001	0.907	0.091
>ATGAGTCA	7-ATGAGTCA	7.304814	-65.459325	0	T:358.0(13.89%),B:3481.3(7.47%),P:1e-28	Tpos:278.9,Tstd:253.6,Bpos:242.9,Bstd:143.0,StrandBias:-0.0,Multiplicity:1.10
0.691	0.155	0.077	0.077
0.001	0.017	0.001	0.981
0.001	0.001	0.951	0.047
0.997	0.001	0.001	0.001
0.001	0.277	0.721	0.001
0.001	0.001	0.001	0.997
0.001	0.997	0.001	0.001
0.997	0.001	0.001	0.001
>AACCGAAA	8-AACCGAAA	6.234434	-59.113744	0	T:420.0(16.29%),B:4475.8(9.61%),P:1e-25	Tpos:320.5,Tstd:238.9,Bpos:239.1,Bstd:154.1,StrandBias:-0.1,Multiplicity:1.13
0.807	0.068	0.066	0.059
0.798	0.054	0.092	0.056
0.129	0.619	0.115	0.137
0.022	0.646	0.106	0.226
0.077	0.054	0.824	0.045
0.644	0.155	0.139	0.062
0.827	0.071	0.059	0.043
0.842	0.051	0.051	0.056
>ACGTCACC	9-ACGTCACC	7.102279	-45.248022	0	T:352.0(13.65%),B:3841.6(8.25%),P:1e-19	Tpos:317.4,Tstd:276.3,Bpos:237.8,Bstd:148.2,StrandBias:0.0,Multiplicity:1.10
0.848	0.048	0.067	0.037
0.059	0.895	0.001	0.045
0.051	0.097	0.851	0.001
0.027	0.015	0.001	0.957
0.045	0.853	0.001	0.101
0.997	0.001	0.001	0.001
0.006	0.845	0.136	0.013
0.048	0.791	0.131	0.030
>AAACCAGC	10-AAACCAGC	6.905355	-38.522239	0	T:584.0(22.65%),B:7562.9(16.23%),P:1e-16	Tpos:318.1,Tstd:280.7,Bpos:239.6,Bstd:147.0,StrandBias:-0.0,Multiplicity:1.20
0.862	0.111	0.026	0.001
0.962	0.036	0.001	0.001
0.906	0.061	0.032	0.001
0.039	0.926	0.034	0.001
0.001	0.979	0.001	0.019
0.955	0.043	0.001	0.001
0.113	0.164	0.614	0.109
0.047	0.905	0.047	0.001
>GAAACTGA	11-GAAACTGA	7.238264	-37.886250	0	T:611.0(23.70%),B:8015.2(17.21%),P:1e-16	Tpos:284.9,Tstd:242.8,Bpos:238.2,Bstd:145.8,StrandBias:0.1,Multiplicity:1.20
0.001	0.001	0.941	0.057
0.839	0.082	0.048	0.031
0.971	0.027	0.001	0.001
0.961	0.001	0.037	0.001
0.040	0.786	0.109	0.065
0.064	0.011	0.001	0.924
0.054	0.085	0.802	0.059
0.865	0.037	0.001	0.097
>CGCCTAGT	12-CGCCTAGT	7.241390	-29.773953	0	T:130.0(5.04%),B:1155.1(2.48%),P:1e-12	Tpos:368.9,Tstd:303.2,Bpos:238.1,Bstd:153.7,StrandBias:0.2,Multiplicity:1.06
0.032	0.966	0.001	0.001
0.258	0.001	0.740	0.001
0.131	0.816	0.001	0.052
0.011	0.987	0.001	0.001
0.036	0.001	0.131	0.832
0.997	0.001	0.001	0.001
0.029	0.020	0.902	0.049
0.105	0.040	0.079	0.776
>GGTGTAGC	13-GGTGTAGC	5.435635	-28.966743	0	T:288.0(11.17%),B:3358.4(7.21%),P:1e-12	Tpos:309.2,Tstd:262.1,Bpos:238.0,Bstd:145.0,StrandBias:0.0,Multiplicity:1.08
0.001	0.001	0.997	0.001
0.001	0.001	0.997	0.001
0.021	0.001	0.001	0.977
0.001	0.035	0.963	0.001
0.001	0.001	0.001	0.997
0.866	0.132	0.001	0.001
0.001	0.001	0.997	0.001
0.001	0.785	0.213	0.001
>GCGCTCKA	14-GCGCTCKA	6.363634	-23.669634	0	T:277.0(10.74%),B:3363.5(7.22%),P:1e-10	Tpos:320.6,Tstd:281.1,Bpos:239.9,Bstd:151.4,StrandBias:0.2,Multiplicity:1.09
0.001	0.001	0.997	0.001
0.001	0.997	0.001	0.001
0.001	0.115	0.883	0.001
0.271	0.712	0.016	0.001
0.062	0.076	0.001	0.861
0.001	0.681	0.001	0.317
0.122	0.001	0.388	0.489
0.997	0.001	0.001	0.001
>TTCTGACA	15-TTCTGACA	8.767098	-20.817463	0	T:191.0(7.41%),B:2185.9(4.69%),P:1e-9	Tpos:265.1,Tstd:204.3,Bpos:240.0,Bstd:141.1,StrandBias:0.0,Multiplicity:1.04
0.001	0.001	0.001	0.997
0.001	0.001	0.001	0.997
0.001	0.997	0.001	0.001
0.001	0.001	0.001	0.997
0.270	0.001	0.728	0.001
0.997	0.001	0.001	0.001
0.001	0.861	0.001	0.137
0.997	0.001	0.001	0.001
>AGCCAATC	16-AGCCAATC	8.896838	-20.137149	0	T:105.0(4.07%),B:1009.4(2.17%),P:1e-8	Tpos:308.8,Tstd:207.7,Bpos:242.6,Bstd:138.8,StrandBias:0.1,Multiplicity:1.08
0.804	0.035	0.160	0.001
0.085	0.001	0.913	0.001
0.001	0.997	0.001	0.001
0.001	0.997	0.001	0.001
0.997	0.001	0.001	0.001
0.997	0.001	0.001	0.001
0.001	0.001	0.001	0.997
0.088	0.775	0.136	0.001
>ATAGGCCG	17-ATAGGCCG	8.787189	-18.207760	0	T:35.0(1.36%),B:205.6(0.44%),P:1e-7	Tpos:338.0,Tstd:339.4,Bpos:250.2,Bstd:139.7,StrandBias:-1.0,Multiplicity:1.09
0.997	0.001	0.001	0.001
0.001	0.001	0.001	0.997
0.997	0.001	0.001	0.001
0.203	0.001	0.795	0.001
0.001	0.001	0.997	0.001
0.001	0.997	0.001	0.001
0.001	0.870	0.128	0.001
0.001	0.001	0.997	0.001
