>ACAGGAAGTG	1-ACAGGAAGTG	7.245974	-237.791744	0	T:1053.0(40.85%),B:10177.5(21.85%),P:1e-103	Tpos:296.4,Tstd:232.6,Bpos:238.7,Bstd:143.1,StrandBias:-0.0,Multiplicity:1.38
0.542	0.133	0.203	0.122
0.123	0.608	0.213	0.056
0.881	0.055	0.040	0.024
0.018	0.016	0.965	0.001
0.038	0.030	0.915	0.017
0.931	0.067	0.001	0.001
0.797	0.016	0.012	0.175
0.332	0.022	0.645	0.001
0.040	0.309	0.052	0.599
0.220	0.218	0.429	0.133
>TGTGGTTTNN	2-TGTGGTTTNN	6.836070	-232.833495	0	T:952.0(36.93%),B:8799.6(18.89%),P:1e-101	Tpos:286.4,Tstd:228.8,Bpos:241.6,Bstd:147.8,StrandBias:-0.3,Multiplicity:1.32
0.062	0.039	0.120	0.779
0.026	0.019	0.880	0.075
0.068	0.104	0.057	0.771
0.008	0.021	0.962	0.009
0.001	0.003	0.983	0.013
0.004	0.143	0.128	0.725
0.001	0.045	0.035	0.919
0.123	0.038	0.067	0.772
0.261	0.305	0.263	0.171
0.217	0.223	0.330	0.230
>WGGGYGGGGC	3-WGGGYGGGGC	7.976544	-125.661089	0	T:725.0(28.12%),B:7410.4(15.91%),P:1e-54	Tpos:329.4,Tstd:270.3,Bpos:239.7,Bstd:147.9,StrandBias:0.1,Multiplicity:1.54
0.333	0.031	0.240	0.395
0.135	0.001	0.863	0.001
0.001	0.001	0.997	0.001
0.001	0.035	0.963	0.001
0.093	0.457	0.001	0.449
0.039	0.001	0.959	0.001
0.043	0.062	0.593	0.302
0.363	0.001	0.635	0.001
0.140	0.037	0.699	0.124
0.133	0.651	0.069	0.147
>TTTCAGTTTC	4-TTTCAGTTTC	8.685625	-72.504262	0	T:219.0(8.49%),B:1623.6(3.49%),P:1e-31	Tpos:289.7,Tstd:236.4,Bpos:243.8,Bstd:144.7,StrandBias:0.3,Multiplicity:1.09
0.001	0.001	0.026	0.972
0.001	0.007	0.019	0.973
0.029	0.029	0.019	0.923
0.001	0.997	0.001	0.001
0.879	0.001	0.034	0.086
0.058	0.225	0.639	0.078
0.001	0.034	0.001	0.964
0.003	0.011	0.001	0.985
0.015	0.044	0.016	0.925
0.001	0.965	0.022	0.012
>GTAACACCTH	5-GTAACACCTH	6.672441	-72.259903	0	T:678.0(26.30%),B:7946.5(17.06%),P:1e-31	Tpos:307.5,Tstd:250.5,Bpos:241.9,Bstd:146.7,StrandBias:0.1,Multiplicity:1.20
0.047	0.166	0.585	0.202
0.079	0.202	0.001	0.718
0.432	0.234	0.154	0.180
0.818	0.001	0.024	0.157
0.008	0.885	0.001	0.106
0.997	0.001	0.001	0.001
0.001	0.909	0.001	0.089
0.103	0.796	0.100	0.001
0.005	0.405	0.024	0.566
0.358	0.234	0.105	0.303
>KVTGASTCAT	6-KVTGASTCAT	9.056735	-71.853836	0	T:228.0(8.84%),B:1735.8(3.73%),P:1e-31	Tpos:286.5,Tstd:267.4,Bpos:238.6,Bstd:143.0,StrandBias:-0.0,Multiplicity:1.05
0.152	0.001	0.419	0.428
0.337	0.214	0.331	0.119
0.001	0.001	0.001	0.997
0.001	0.001	0.997	0.001
0.997	0.001	0.001	0.001
0.001	0.435	0.563	0.001
0.001	0.001	0.001	0.997
0.001	0.849	0.149	0.001
0.997	0.001	0.001	0.001
0.071	0.172	0.223	0.534
>TGACCACAAC	7-TGACCACAAC	8.392264	-57.643550	0	T:185.0(7.18%),B:1415.1(3.04%),P:1e-25	Tpos:294.5,Tstd:239.8,Bpos:238.6,Bstd:141.5,StrandBias:-0.0,Multiplicity:1.02
0.065	0.221	0.001	0.713
0.001	0.062	0.936	0.001
0.784	0.076	0.139	0.001
0.010	0.988	0.001	0.001
0.001	0.767	0.203	0.029
0.819	0.001	0.156	0.024
0.001	0.997	0.001	0.001
0.867	0.001	0.131	0.001
0.581	0.022	0.097	0.300
0.216	0.551	0.076	0.157
>BCTACCRCAG	8-BCTACCRCAG	6.480172	-47.547497	0	T:185.0(7.18%),B:1555.8(3.34%),P:1e-20	Tpos:304.7,Tstd:225.1,Bpos:247.6,Bstd:150.4,StrandBias:0.3,Multiplicity:1.03
0.131	0.223	0.290	0.356
0.021	0.586	0.055	0.338
0.171	0.025	0.323	0.481
0.768	0.066	0.014	0.152
0.317	0.627	0.029	0.027
0.118	0.559	0.022	0.301
0.390	0.017	0.389	0.204
0.158	0.620	0.199	0.023
0.676	0.033	0.188	0.103
0.186	0.178	0.401	0.236
>GTTTCGTTTC	9-GTTTCGTTTC	6.828696	-43.718416	0	T:284.0(11.02%),B:2922.9(6.27%),P:1e-18	Tpos:320.7,Tstd:277.0,Bpos:240.4,Bstd:152.7,StrandBias:-0.0,Multiplicity:1.12
0.018	0.162	0.747	0.073
0.078	0.037	0.062	0.823
0.059	0.001	0.007	0.933
0.283	0.007	0.095	0.615
0.022	0.861	0.001	0.116
0.078	0.019	0.873	0.030
0.135	0.101	0.045	0.719
0.145	0.106	0.147	0.602
0.171	0.065	0.066	0.698
0.039	0.672	0.034	0.255
>CACCGCCCTT	10-CACCGCCCTT	6.832774	-39.364771	0	T:422.0(16.37%),B:5032.2(10.80%),P:1e-17	Tpos:316.2,Tstd:273.2,Bpos:239.7,Bstd:145.9,StrandBias:-0.3,Multiplicity:1.08
0.052	0.742	0.060	0.146
0.845	0.046	0.029	0.080
0.092	0.845	0.040	0.023
0.021	0.841	0.074	0.064
0.066	0.068	0.777	0.089
0.085	0.784	0.047	0.084
0.106	0.756	0.060	0.078
0.115	0.736	0.069	0.080
0.073	0.072	0.028	0.827
0.034	0.062	0.049	0.855
>AGCCAATCVG	11-AGCCAATCVG	8.198657	-37.643525	0	T:169.0(6.56%),B:1514.2(3.25%),P:1e-16	Tpos:287.2,Tstd:233.3,Bpos:239.8,Bstd:143.4,StrandBias:-0.1,Multiplicity:1.15
0.945	0.001	0.053	0.001
0.104	0.151	0.696	0.049
0.001	0.927	0.001	0.071
0.023	0.870	0.106	0.001
0.916	0.017	0.066	0.001
0.818	0.166	0.002	0.014
0.001	0.115	0.001	0.883
0.041	0.773	0.154	0.032
0.380	0.243	0.360	0.017
0.038	0.129	0.832	0.001
>SCTCCCCTAV	12-SCTCCCCTAV	8.269897	-37.541625	0	T:300.0(11.64%),B:3294.2(7.07%),P:1e-16	Tpos:321.2,Tstd:258.4,Bpos:233.4,Bstd:141.6,StrandBias:0.2,Multiplicity:1.13
0.001	0.534	0.433	0.032
0.001	0.892	0.074	0.033
0.020	0.001	0.215	0.764
0.001	0.997	0.001	0.001
0.001	0.834	0.001	0.164
0.283	0.457	0.092	0.167
0.001	0.841	0.001	0.157
0.079	0.001	0.023	0.897
0.734	0.264	0.001	0.001
0.376	0.370	0.253	0.001
>AACCGACTTC	13-AACCGACTTC	8.684842	-36.816885	0	T:74.0(2.87%),B:431.1(0.93%),P:1e-15	Tpos:284.1,Tstd:274.4,Bpos:240.5,Bstd:143.2,StrandBias:0.3,Multiplicity:1.03
0.997	0.001	0.001	0.001
0.918	0.001	0.026	0.055
0.044	0.906	0.049	0.001
0.001	0.898	0.001	0.100
0.034	0.059	0.716	0.191
0.923	0.036	0.001	0.040
0.001	0.927	0.071	0.001
0.071	0.001	0.001	0.927
0.001	0.001	0.001	0.997
0.001	0.927	0.071	0.001
>TAGGTGGCGC	14-TAGGTGGCGC	7.988353	-35.180028	0	T:140.0(5.43%),B:1192.7(2.56%),P:1e-15	Tpos:338.9,Tstd:339.2,Bpos:246.6,Bstd:151.6,StrandBias:-0.4,Multiplicity:1.10
0.001	0.080	0.001	0.918
0.866	0.001	0.132	0.001
0.001	0.001	0.997	0.001
0.350	0.109	0.540	0.001
0.001	0.023	0.193	0.783
0.001	0.001	0.997	0.001
0.043	0.001	0.685	0.271
0.001	0.871	0.127	0.001
0.048	0.001	0.950	0.001
0.157	0.591	0.035	0.217
>TAAACCCGCG	15-TAAACCCGCG	6.333476	-34.168242	0	T:294.0(11.40%),B:3297.9(7.08%),P:1e-14	Tpos:309.6,Tstd:271.0,Bpos:239.5,Bstd:154.8,StrandBias:-0.2,Multiplicity:1.13
0.061	0.068	0.107	0.764
0.842	0.046	0.077	0.035
0.779	0.098	0.080	0.043
0.782	0.048	0.107	0.063
0.066	0.813	0.083	0.038
0.061	0.830	0.012	0.097
0.092	0.775	0.066	0.067
0.078	0.071	0.819	0.032
0.062	0.836	0.066	0.036
0.103	0.043	0.768	0.086
>DGACGTCACV	16-DGACGTCACV	7.510854	-33.076932	0	T:155.0(6.01%),B:1415.9(3.04%),P:1e-14	Tpos:290.9,Tstd:253.2,Bpos:237.8,Bstd:155.1,StrandBias:0.2,Multiplicity:1.08
0.331	0.174	0.182	0.314
0.037	0.073	0.794	0.096
0.848	0.054	0.056	0.042
0.030	0.891	0.034	0.045
0.042	0.031	0.877	0.050
0.043	0.050	0.013	0.894
0.037	0.901	0.059	0.003
0.942	0.014	0.030	0.014
0.023	0.854	0.092	0.031
0.340	0.262	0.226	0.172
>AGGAGCGCGC	17-AGGAGCGCGC	8.652213	-32.072907	0	T:138.0(5.35%),B:1217.3(2.61%),P:1e-13	Tpos:356.5,Tstd:283.1,Bpos:234.8,Bstd:163.7,StrandBias:0.1,Multiplicity:1.23
0.633	0.121	0.206	0.040
0.001	0.001	0.997	0.001
0.001	0.169	0.634	0.196
0.788	0.126	0.026	0.060
0.189	0.001	0.809	0.001
0.117	0.785	0.097	0.001
0.058	0.186	0.755	0.001
0.053	0.945	0.001	0.001
0.001	0.151	0.847	0.001
0.253	0.745	0.001	0.001
>TAACCACCGA	18-TAACCACCGA	9.990253	-28.536400	0	T:30.0(1.16%),B:101.2(0.22%),P:1e-12	Tpos:246.7,Tstd:138.7,Bpos:226.2,Bstd:149.3,StrandBias:0.2,Multiplicity:1.00
0.001	0.001	0.001	0.997
0.997	0.001	0.001	0.001
0.937	0.061	0.001	0.001
0.054	0.852	0.093	0.001
0.001	0.997	0.001	0.001
0.840	0.001	0.110	0.049
0.109	0.889	0.001	0.001
0.001	0.654	0.206	0.139
0.001	0.001	0.997	0.001
0.896	0.001	0.054	0.049
>AAGTGAGAAA	19-AAGTGAGAAA	9.572907	-26.954283	0	T:86.0(3.34%),B:664.8(1.43%),P:1e-11	Tpos:289.5,Tstd:211.9,Bpos:234.0,Bstd:150.8,StrandBias:0.3,Multiplicity:1.01
0.997	0.001	0.001	0.001
0.777	0.221	0.001	0.001
0.001	0.001	0.714	0.284
0.001	0.001	0.001	0.997
0.001	0.001	0.997	0.001
0.612	0.001	0.001	0.386
0.001	0.120	0.878	0.001
0.850	0.001	0.001	0.148
0.635	0.001	0.001	0.363
0.997	0.001	0.001	0.001
>GHCGCCTAGA	20-GHCGCCTAGA	6.226321	-26.247393	0	T:82.0(3.18%),B:627.6(1.35%),P:1e-11	Tpos:313.6,Tstd:293.6,Bpos:233.3,Bstd:146.5,StrandBias:-0.2,Multiplicity:1.06
0.202	0.019	0.486	0.293
0.354	0.282	0.144	0.220
0.244	0.436	0.060	0.259
0.177	0.187	0.486	0.150
0.023	0.653	0.299	0.025
0.020	0.451	0.248	0.280
0.032	0.021	0.026	0.921
0.540	0.019	0.247	0.194
0.220	0.021	0.459	0.300
0.566	0.170	0.021	0.243
>GGTTTTTATC	21-GGTTTTTATC	9.175321	-24.113607	0	T:73.0(2.83%),B:551.3(1.18%),P:1e-10	Tpos:310.7,Tstd:243.2,Bpos:228.9,Bstd:146.8,StrandBias:0.1,Multiplicity:1.00
0.001	0.001	0.997	0.001
0.068	0.131	0.687	0.114
0.001	0.006	0.012	0.981
0.001	0.022	0.001	0.976
0.039	0.012	0.186	0.763
0.001	0.130	0.001	0.868
0.042	0.030	0.013	0.915
0.863	0.042	0.001	0.094
0.001	0.055	0.001	0.943
0.001	0.997	0.001	0.001
>GTAACCCCGA	22-GTAACCCCGA	9.381145	-22.137908	0	T:30.0(1.16%),B:132.5(0.28%),P:1e-9	Tpos:279.5,Tstd:186.6,Bpos:210.8,Bstd:127.7,StrandBias:0.0,Multiplicity:1.00
0.001	0.110	0.888	0.001
0.032	0.001	0.001	0.966
0.874	0.001	0.001	0.124
0.888	0.001	0.110	0.001
0.001	0.839	0.159	0.001
0.001	0.997	0.001	0.001
0.001	0.997	0.001	0.001
0.054	0.935	0.001	0.010
0.017	0.022	0.960	0.001
0.715	0.160	0.045	0.080
>GCAACCAGCC	23-GCAACCAGCC	8.942342	-21.538580	0	T:100.0(3.88%),B:919.0(1.97%),P:1e-9	Tpos:287.2,Tstd:223.8,Bpos:238.8,Bstd:141.0,StrandBias:0.0,Multiplicity:1.05
0.099	0.032	0.823	0.046
0.001	0.964	0.001	0.034
0.888	0.110	0.001	0.001
0.861	0.038	0.100	0.001
0.001	0.930	0.068	0.001
0.001	0.855	0.001	0.143
0.927	0.001	0.044	0.028
0.066	0.001	0.920	0.013
0.033	0.965	0.001	0.001
0.001	0.887	0.057	0.055
>YCGGCGAAGG	24-YCGGCGAAGG	9.987132	-16.147141	0	T:14.0(0.54%),B:41.0(0.09%),P:1e-7	Tpos:320.7,Tstd:247.0,Bpos:230.8,Bstd:136.9,StrandBias:-0.8,Multiplicity:1.00
0.001	0.559	0.001	0.439
0.001	0.960	0.038	0.001
0.001	0.001	0.997	0.001
0.001	0.001	0.997	0.001
0.001	0.997	0.001	0.001
0.001	0.001	0.997	0.001
0.997	0.001	0.001	0.001
0.997	0.001	0.001	0.001
0.001	0.001	0.997	0.001
0.001	0.001	0.997	0.001
