>AAACCACA	1-AAACCACA	6.963859	-233.046026	0	T:924.0(35.84%),B:8402.9(18.04%),P:1e-101	Tpos:287.1,Tstd:228.2,Bpos:240.4,Bstd:147.6,StrandBias:0.3,Multiplicity:1.30
0.713	0.107	0.033	0.147
0.970	0.001	0.028	0.001
0.840	0.051	0.108	0.001
0.001	0.997	0.001	0.001
0.001	0.997	0.001	0.001
0.897	0.038	0.033	0.032
0.025	0.964	0.001	0.010
0.906	0.032	0.001	0.061
>TGTGGTHR	2-TGTGGTHR	6.199192	-194.269805	0	T:993.0(38.52%),B:10033.3(21.54%),P:1e-84	Tpos:302.4,Tstd:247.5,Bpos:241.6,Bstd:150.4,StrandBias:-0.1,Multiplicity:1.20
0.026	0.321	0.152	0.501
0.001	0.001	0.997	0.001
0.002	0.356	0.105	0.537
0.001	0.084	0.914	0.001
0.131	0.001	0.867	0.001
0.001	0.130	0.001	0.868
0.267	0.307	0.040	0.385
0.422	0.001	0.328	0.249
>AGGAAGTG	3-AGGAAGTG	7.778922	-193.785854	0	T:750.0(29.09%),B:6603.6(14.18%),P:1e-84	Tpos:308.7,Tstd:247.9,Bpos:238.9,Bstd:142.4,StrandBias:0.1,Multiplicity:1.18
0.927	0.071	0.001	0.001
0.001	0.001	0.997	0.001
0.001	0.001	0.997	0.001
0.997	0.001	0.001	0.001
0.793	0.001	0.001	0.205
0.175	0.001	0.823	0.001
0.001	0.001	0.001	0.997
0.061	0.066	0.872	0.001
>CTTCCTGT	4-CTTCCTGT	8.702705	-139.450629	0	T:732.0(28.39%),B:7247.3(15.56%),P:1e-60	Tpos:289.1,Tstd:215.0,Bpos:239.0,Bstd:141.4,StrandBias:0.2,Multiplicity:1.27
0.001	0.830	0.001	0.168
0.132	0.001	0.001	0.866
0.001	0.001	0.001	0.997
0.001	0.997	0.001	0.001
0.001	0.997	0.001	0.001
0.001	0.001	0.001	0.997
0.001	0.147	0.851	0.001
0.001	0.001	0.001	0.997
>CTCCGCCC	5-CTCCGCCC	6.930835	-82.412242	0	T:1056.0(40.96%),B:13658.5(29.32%),P:1e-35	Tpos:351.7,Tstd:297.2,Bpos:239.7,Bstd:145.4,StrandBias:-0.1,Multiplicity:1.92
0.022	0.922	0.020	0.036
0.065	0.286	0.001	0.648
0.001	0.972	0.001	0.026
0.001	0.997	0.001	0.001
0.160	0.001	0.755	0.084
0.001	0.997	0.001	0.001
0.001	0.970	0.001	0.028
0.001	0.946	0.024	0.029
>TGGGTGTG	6-TGGGTGTG	6.888352	-67.951867	0	T:499.0(19.36%),B:5398.1(11.59%),P:1e-29	Tpos:307.7,Tstd:264.2,Bpos:240.2,Bstd:147.9,StrandBias:-0.0,Multiplicity:1.19
0.177	0.001	0.001	0.821
0.001	0.001	0.997	0.001
0.001	0.001	0.997	0.001
0.001	0.001	0.997	0.001
0.001	0.103	0.001	0.895
0.082	0.001	0.916	0.001
0.001	0.001	0.001	0.997
0.001	0.001	0.907	0.091
>ATGAGTCA	7-ATGAGTCA	7.304814	-65.459325	0	T:358.0(13.89%),B:3481.3(7.47%),P:1e-28	Tpos:278.9,Tstd:253.6,Bpos:242.9,Bstd:143.0,StrandBias:-0.0,Multiplicity:1.10
0.691	0.155	0.077	0.077
0.001	0.017	0.001	0.981
0.001	0.001	0.951	0.047
0.997	0.001	0.001	0.001
0.001	0.277	0.721	0.001
0.001	0.001	0.001	0.997
0.001	0.997	0.001	0.001
0.997	0.001	0.001	0.001
>AACCGAAA	8-AACCGAAA	6.234434	-59.113744	0	T:420.0(16.29%),B:4475.8(9.61%),P:1e-25	Tpos:320.5,Tstd:238.9,Bpos:239.1,Bstd:154.1,StrandBias:-0.1,Multiplicity:1.13
0.807	0.068	0.066	0.059
0.798	0.054	0.092	0.056
0.129	0.619	0.115	0.137
0.022	0.646	0.106	0.226
0.077	0.054	0.824	0.045
0.644	0.155	0.139	0.062
0.827	0.071	0.059	0.043
0.842	0.051	0.051	0.056
>ACGTCACC	9-ACGTCACC	7.102279	-45.248022	0	T:352.0(13.65%),B:3841.6(8.25%),P:1e-19	Tpos:317.4,Tstd:276.3,Bpos:237.8,Bstd:148.2,StrandBias:0.0,Multiplicity:1.10
0.848	0.048	0.067	0.037
0.059	0.895	0.001	0.045
0.051	0.097	0.851	0.001
0.027	0.015	0.001	0.957
0.045	0.853	0.001	0.101
0.997	0.001	0.001	0.001
0.006	0.845	0.136	0.013
0.048	0.791	0.131	0.030
>AAACCAGC	10-AAACCAGC	6.905355	-38.522239	0	T:584.0(22.65%),B:7562.9(16.23%),P:1e-16	Tpos:318.1,Tstd:280.7,Bpos:239.6,Bstd:147.0,StrandBias:-0.0,Multiplicity:1.20
0.862	0.111	0.026	0.001
0.962	0.036	0.001	0.001
0.906	0.061	0.032	0.001
0.039	0.926	0.034	0.001
0.001	0.979	0.001	0.019
0.955	0.043	0.001	0.001
0.113	0.164	0.614	0.109
0.047	0.905	0.047	0.001
>GAAACTGA	11-GAAACTGA	7.238264	-37.886250	0	T:611.0(23.70%),B:8015.2(17.21%),P:1e-16	Tpos:284.9,Tstd:242.8,Bpos:238.2,Bstd:145.8,StrandBias:0.1,Multiplicity:1.20
0.001	0.001	0.941	0.057
0.839	0.082	0.048	0.031
0.971	0.027	0.001	0.001
0.961	0.001	0.037	0.001
0.040	0.786	0.109	0.065
0.064	0.011	0.001	0.924
0.054	0.085	0.802	0.059
0.865	0.037	0.001	0.097
>CGCCTAGT	12-CGCCTAGT	7.241390	-29.773953	0	T:130.0(5.04%),B:1155.1(2.48%),P:1e-12	Tpos:368.9,Tstd:303.2,Bpos:238.1,Bstd:153.7,StrandBias:0.2,Multiplicity:1.06
0.032	0.966	0.001	0.001
0.258	0.001	0.740	0.001
0.131	0.816	0.001	0.052
0.011	0.987	0.001	0.001
0.036	0.001	0.131	0.832
0.997	0.001	0.001	0.001
0.029	0.020	0.902	0.049
0.105	0.040	0.079	0.776
>GGTGTAGC	13-GGTGTAGC	5.435635	-28.966743	0	T:288.0(11.17%),B:3358.4(7.21%),P:1e-12	Tpos:309.2,Tstd:262.1,Bpos:238.0,Bstd:145.0,StrandBias:0.0,Multiplicity:1.08
0.001	0.001	0.997	0.001
0.001	0.001	0.997	0.001
0.021	0.001	0.001	0.977
0.001	0.035	0.963	0.001
0.001	0.001	0.001	0.997
0.866	0.132	0.001	0.001
0.001	0.001	0.997	0.001
0.001	0.785	0.213	0.001
>GCGCTCKA	14-GCGCTCKA	6.363634	-23.669634	0	T:277.0(10.74%),B:3363.5(7.22%),P:1e-10	Tpos:320.6,Tstd:281.1,Bpos:239.9,Bstd:151.4,StrandBias:0.2,Multiplicity:1.09
0.001	0.001	0.997	0.001
0.001	0.997	0.001	0.001
0.001	0.115	0.883	0.001
0.271	0.712	0.016	0.001
0.062	0.076	0.001	0.861
0.001	0.681	0.001	0.317
0.122	0.001	0.388	0.489
0.997	0.001	0.001	0.001
>TTCTGACA	15-TTCTGACA	8.767098	-20.817463	0	T:191.0(7.41%),B:2185.9(4.69%),P:1e-9	Tpos:265.1,Tstd:204.3,Bpos:240.0,Bstd:141.1,StrandBias:0.0,Multiplicity:1.04
0.001	0.001	0.001	0.997
0.001	0.001	0.001	0.997
0.001	0.997	0.001	0.001
0.001	0.001	0.001	0.997
0.270	0.001	0.728	0.001
0.997	0.001	0.001	0.001
0.001	0.861	0.001	0.137
0.997	0.001	0.001	0.001
>AGCCAATC	16-AGCCAATC	8.896838	-20.137149	0	T:105.0(4.07%),B:1009.4(2.17%),P:1e-8	Tpos:308.8,Tstd:207.7,Bpos:242.6,Bstd:138.8,StrandBias:0.1,Multiplicity:1.08
0.804	0.035	0.160	0.001
0.085	0.001	0.913	0.001
0.001	0.997	0.001	0.001
0.001	0.997	0.001	0.001
0.997	0.001	0.001	0.001
0.997	0.001	0.001	0.001
0.001	0.001	0.001	0.997
0.088	0.775	0.136	0.001
>ATAGGCCG	17-ATAGGCCG	8.787189	-18.207760	0	T:35.0(1.36%),B:205.6(0.44%),P:1e-7	Tpos:338.0,Tstd:339.4,Bpos:250.2,Bstd:139.7,StrandBias:-1.0,Multiplicity:1.09
0.997	0.001	0.001	0.001
0.001	0.001	0.001	0.997
0.997	0.001	0.001	0.001
0.203	0.001	0.795	0.001
0.001	0.001	0.997	0.001
0.001	0.997	0.001	0.001
0.001	0.870	0.128	0.001
0.001	0.001	0.997	0.001
