>ACAGGAAGTGGN	1-ACAGGAAGTGGN	8.061107	-243.719926	0	T:912.0(35.38%),B:8079.4(17.34%),P:1e-105	Tpos:295.6,Tstd:230.3,Bpos:239.2,Bstd:140.9,StrandBias:-0.1,Multiplicity:1.32
0.660	0.037	0.264	0.039
0.156	0.590	0.229	0.025
0.988	0.001	0.010	0.001
0.001	0.001	0.997	0.001
0.001	0.001	0.997	0.001
0.997	0.001	0.001	0.001
0.842	0.001	0.001	0.156
0.347	0.001	0.651	0.001
0.067	0.287	0.143	0.503
0.209	0.183	0.455	0.152
0.305	0.095	0.506	0.094
0.186	0.333	0.273	0.208
>BCTGTGGTTTGN	2-BCTGTGGTTTGN	7.537722	-223.924763	0	T:827.0(32.08%),B:7203.8(15.46%),P:1e-97	Tpos:288.4,Tstd:232.6,Bpos:240.6,Bstd:144.2,StrandBias:-0.2,Multiplicity:1.24
0.061	0.270	0.310	0.359
0.097	0.548	0.090	0.265
0.087	0.001	0.001	0.911
0.001	0.030	0.960	0.009
0.082	0.029	0.069	0.820
0.014	0.001	0.947	0.038
0.001	0.007	0.982	0.010
0.001	0.211	0.119	0.669
0.001	0.153	0.020	0.826
0.243	0.032	0.157	0.568
0.164	0.243	0.397	0.196
0.187	0.282	0.287	0.244
>DNDGGGYGGGGC	3-DNDGGGYGGGGC	8.256066	-103.159575	0	T:831.0(32.23%),B:9482.6(20.36%),P:1e-44	Tpos:339.4,Tstd:285.6,Bpos:238.7,Bstd:144.5,StrandBias:0.1,Multiplicity:1.56
0.241	0.166	0.329	0.263
0.284	0.231	0.246	0.239
0.292	0.001	0.427	0.280
0.238	0.001	0.698	0.063
0.001	0.001	0.997	0.001
0.025	0.001	0.973	0.001
0.242	0.317	0.001	0.440
0.001	0.001	0.997	0.001
0.001	0.045	0.709	0.245
0.334	0.001	0.612	0.053
0.205	0.001	0.793	0.001
0.217	0.429	0.122	0.232
>AGTTTCAGTTTC	4-AGTTTCAGTTTC	9.311091	-100.550163	0	T:228.0(8.84%),B:1426.1(3.06%),P:1e-43	Tpos:283.8,Tstd:195.5,Bpos:238.1,Bstd:148.4,StrandBias:-0.0,Multiplicity:1.10
0.546	0.001	0.264	0.189
0.069	0.267	0.543	0.121
0.001	0.001	0.001	0.997
0.017	0.001	0.107	0.875
0.001	0.200	0.001	0.798
0.001	0.997	0.001	0.001
0.834	0.001	0.001	0.164
0.030	0.284	0.547	0.139
0.001	0.162	0.001	0.836
0.001	0.124	0.001	0.874
0.155	0.197	0.056	0.592
0.176	0.415	0.162	0.247
>CTGGGTGTGGTT	5-CTGGGTGTGGTT	7.123160	-83.716135	0	T:679.0(26.34%),B:7662.0(16.45%),P:1e-36	Tpos:302.2,Tstd:236.1,Bpos:241.7,Bstd:146.1,StrandBias:-0.2,Multiplicity:1.19
0.073	0.710	0.130	0.087
0.075	0.053	0.047	0.825
0.081	0.027	0.816	0.076
0.095	0.064	0.732	0.109
0.066	0.108	0.741	0.085
0.082	0.065	0.071	0.782
0.074	0.082	0.759	0.085
0.099	0.063	0.087	0.751
0.075	0.041	0.759	0.125
0.093	0.077	0.700	0.130
0.055	0.121	0.116	0.708
0.079	0.102	0.104	0.715
>GCCCCCTRGTGG	6-GCCCCCTRGTGG	10.251303	-80.000688	0	T:133.0(5.16%),B:663.0(1.42%),P:1e-34	Tpos:268.0,Tstd:199.8,Bpos:246.6,Bstd:143.9,StrandBias:0.4,Multiplicity:1.05
0.208	0.001	0.666	0.125
0.127	0.834	0.001	0.038
0.001	0.997	0.001	0.001
0.289	0.672	0.038	0.001
0.029	0.606	0.001	0.364
0.037	0.961	0.001	0.001
0.001	0.018	0.143	0.838
0.493	0.001	0.386	0.120
0.001	0.232	0.766	0.001
0.001	0.075	0.001	0.923
0.001	0.001	0.997	0.001
0.001	0.038	0.658	0.303
>TATGAGTCACAA	7-TATGAGTCACAA	8.449590	-62.364689	0	T:173.0(6.71%),B:1222.9(2.63%),P:1e-27	Tpos:290.7,Tstd:241.2,Bpos:239.0,Bstd:144.3,StrandBias:-0.3,Multiplicity:1.07
0.160	0.104	0.175	0.561
0.679	0.097	0.118	0.106
0.061	0.030	0.001	0.908
0.001	0.097	0.901	0.001
0.938	0.001	0.001	0.060
0.084	0.075	0.761	0.080
0.050	0.001	0.054	0.895
0.046	0.863	0.090	0.001
0.923	0.075	0.001	0.001
0.062	0.774	0.073	0.091
0.923	0.001	0.001	0.075
0.709	0.108	0.096	0.087
>GGGTTTCCTTTC	8-GGGTTTCCTTTC	9.664816	-40.670230	0	T:83.0(3.22%),B:487.2(1.05%),P:1e-17	Tpos:273.8,Tstd:261.0,Bpos:251.0,Bstd:142.6,StrandBias:-0.2,Multiplicity:1.01
0.123	0.017	0.669	0.191
0.228	0.001	0.607	0.164
0.162	0.088	0.665	0.085
0.062	0.134	0.001	0.803
0.001	0.071	0.081	0.847
0.001	0.226	0.092	0.681
0.056	0.802	0.001	0.141
0.117	0.642	0.054	0.187
0.062	0.280	0.001	0.657
0.004	0.129	0.119	0.748
0.056	0.147	0.001	0.796
0.153	0.633	0.129	0.085
>CARGCTGAGTCA	9-CARGCTGAGTCA	9.166050	-37.145838	0	T:154.0(5.97%),B:1334.1(2.86%),P:1e-16	Tpos:318.1,Tstd:302.1,Bpos:237.7,Bstd:143.6,StrandBias:0.2,Multiplicity:1.08
0.019	0.831	0.149	0.001
0.807	0.001	0.001	0.191
0.319	0.062	0.461	0.158
0.256	0.143	0.517	0.084
0.065	0.933	0.001	0.001
0.090	0.001	0.001	0.908
0.001	0.001	0.924	0.074
0.787	0.001	0.089	0.123
0.020	0.281	0.566	0.133
0.010	0.107	0.001	0.882
0.062	0.743	0.194	0.001
0.770	0.084	0.070	0.076
>CCCCACCCCACC	10-CCCCACCCCACC	8.682752	-33.182077	0	T:406.0(15.75%),B:4990.7(10.71%),P:1e-14	Tpos:321.8,Tstd:278.9,Bpos:240.0,Bstd:143.4,StrandBias:0.1,Multiplicity:1.08
0.058	0.817	0.064	0.061
0.040	0.874	0.044	0.042
0.104	0.782	0.031	0.083
0.039	0.860	0.010	0.091
0.888	0.043	0.027	0.042
0.073	0.706	0.100	0.121
0.058	0.808	0.064	0.070
0.072	0.820	0.042	0.066
0.032	0.907	0.047	0.014
0.880	0.030	0.062	0.028
0.038	0.833	0.083	0.046
0.048	0.856	0.023	0.073
>AATCAGCGCGCG	11-AATCAGCGCGCG	7.733010	-32.277885	0	T:110.0(4.27%),B:873.5(1.88%),P:1e-14	Tpos:405.9,Tstd:359.3,Bpos:242.4,Bstd:156.4,StrandBias:0.0,Multiplicity:1.13
0.745	0.114	0.098	0.043
0.666	0.135	0.134	0.065
0.060	0.081	0.147	0.712
0.037	0.872	0.076	0.015
0.774	0.085	0.081	0.060
0.064	0.058	0.834	0.044
0.083	0.805	0.056	0.056
0.051	0.074	0.769	0.106
0.095	0.718	0.084	0.103
0.069	0.084	0.746	0.101
0.104	0.628	0.181	0.087
0.033	0.117	0.734	0.116
>ACTTCTGATTGG	12-ACTTCTGATTGG	9.427540	-32.127457	0	T:96.0(3.72%),B:713.5(1.53%),P:1e-13	Tpos:261.6,Tstd:207.9,Bpos:246.1,Bstd:143.0,StrandBias:0.0,Multiplicity:1.01
0.463	0.214	0.290	0.033
0.073	0.901	0.001	0.025
0.154	0.164	0.001	0.681
0.001	0.036	0.035	0.928
0.001	0.831	0.037	0.131
0.177	0.001	0.001	0.821
0.001	0.042	0.956	0.001
0.987	0.011	0.001	0.001
0.021	0.069	0.171	0.739
0.001	0.001	0.110	0.888
0.001	0.001	0.844	0.154
0.160	0.168	0.671	0.001
>GGGAAATCCCCA	13-GGGAAATCCCCA	9.615682	-31.380390	0	T:87.0(3.37%),B:621.4(1.33%),P:1e-13	Tpos:230.3,Tstd:147.7,Bpos:237.1,Bstd:133.0,StrandBias:0.3,Multiplicity:1.00
0.050	0.001	0.948	0.001
0.067	0.001	0.931	0.001
0.135	0.001	0.808	0.056
0.636	0.001	0.362	0.001
0.917	0.081	0.001	0.001
0.834	0.001	0.109	0.056
0.001	0.165	0.187	0.647
0.096	0.696	0.057	0.151
0.123	0.875	0.001	0.001
0.049	0.803	0.001	0.147
0.028	0.883	0.088	0.001
0.776	0.057	0.001	0.166
>AAAACCGCGCCG	14-AAAACCGCGCCG	9.593326	-29.660545	0	T:34.0(1.32%),B:126.0(0.27%),P:1e-12	Tpos:286.6,Tstd:176.8,Bpos:252.2,Bstd:148.3,StrandBias:-0.3,Multiplicity:1.03
0.826	0.130	0.043	0.001
0.794	0.120	0.043	0.043
0.780	0.130	0.043	0.047
0.880	0.033	0.086	0.001
0.001	0.913	0.043	0.043
0.047	0.909	0.001	0.043
0.095	0.080	0.824	0.001
0.115	0.808	0.034	0.043
0.086	0.001	0.870	0.043
0.001	0.879	0.119	0.001
0.047	0.746	0.043	0.164
0.086	0.001	0.783	0.130
>STGACCACAAGC	15-STGACCACAAGC	10.701382	-29.440965	0	T:47.0(1.82%),B:233.9(0.50%),P:1e-12	Tpos:292.1,Tstd:189.8,Bpos:254.1,Bstd:137.7,StrandBias:-0.2,Multiplicity:1.00
0.074	0.381	0.466	0.080
0.001	0.001	0.001	0.997
0.001	0.001	0.997	0.001
0.907	0.001	0.001	0.091
0.063	0.935	0.001	0.001
0.001	0.785	0.044	0.170
0.965	0.033	0.001	0.001
0.035	0.764	0.200	0.001
0.910	0.001	0.088	0.001
0.758	0.001	0.001	0.240
0.111	0.231	0.543	0.115
0.001	0.581	0.276	0.142
>TGTTAGAAACGC	16-TGTTAGAAACGC	9.705987	-27.078385	0	T:48.0(1.86%),B:259.6(0.56%),P:1e-11	Tpos:254.1,Tstd:240.2,Bpos:229.2,Bstd:143.5,StrandBias:-0.8,Multiplicity:1.00
0.051	0.025	0.001	0.923
0.001	0.103	0.770	0.126
0.094	0.026	0.039	0.841
0.068	0.049	0.060	0.823
0.870	0.026	0.052	0.052
0.026	0.026	0.922	0.026
0.922	0.076	0.001	0.001
0.868	0.054	0.052	0.026
0.871	0.026	0.077	0.026
0.072	0.669	0.191	0.068
0.102	0.072	0.772	0.054
0.129	0.755	0.052	0.064
>CCGGTGACGTCA	17-CCGGTGACGTCA	8.043543	-25.000347	0	T:127.0(4.93%),B:1202.1(2.58%),P:1e-10	Tpos:312.7,Tstd:284.0,Bpos:241.2,Bstd:149.4,StrandBias:-0.2,Multiplicity:1.02
0.153	0.694	0.081	0.072
0.161	0.667	0.025	0.147
0.041	0.168	0.652	0.139
0.001	0.087	0.825	0.087
0.043	0.043	0.001	0.913
0.043	0.001	0.869	0.087
0.913	0.043	0.043	0.001
0.058	0.860	0.025	0.057
0.056	0.079	0.797	0.068
0.001	0.001	0.043	0.955
0.001	0.955	0.043	0.001
0.913	0.043	0.001	0.043
>TCACTTCCGGCC	18-TCACTTCCGGCC	14.800672	-24.037497	0	T:7.0(0.27%),B:2.6(0.01%),P:1e-10	Tpos:139.3,Tstd:113.3,Bpos:332.1,Bstd:159.3,StrandBias:0.4,Multiplicity:1.00
0.001	0.001	0.001	0.997
0.165	0.833	0.001	0.001
0.997	0.001	0.001	0.001
0.001	0.997	0.001	0.001
0.001	0.001	0.001	0.997
0.001	0.001	0.001	0.997
0.001	0.997	0.001	0.001
0.001	0.997	0.001	0.001
0.001	0.001	0.997	0.001
0.001	0.001	0.997	0.001
0.001	0.997	0.001	0.001
0.001	0.997	0.001	0.001
>CGGGACGAGCGG	19-CGGGACGAGCGG	11.426013	-23.008188	0	T:12.0(0.47%),B:15.9(0.03%),P:1e-9	Tpos:367.2,Tstd:260.5,Bpos:179.4,Bstd:147.6,StrandBias:1.6,Multiplicity:1.00
0.066	0.905	0.028	0.001
0.152	0.029	0.740	0.079
0.040	0.033	0.813	0.114
0.001	0.064	0.876	0.059
0.677	0.169	0.134	0.020
0.170	0.487	0.062	0.282
0.070	0.262	0.456	0.211
0.741	0.083	0.050	0.126
0.020	0.102	0.839	0.039
0.067	0.808	0.073	0.052
0.059	0.059	0.742	0.140
0.064	0.064	0.819	0.053
>GGGTGCTTTCCC	20-GGGTGCTTTCCC	12.355432	-15.888789	0	T:5.0(0.19%),B:2.1(0.00%),P:1e-6	Tpos:199.4,Tstd:155.6,Bpos:108.8,Bstd:68.9,StrandBias:2.0,Multiplicity:1.00
0.100	0.100	0.700	0.100
0.100	0.100	0.700	0.100
0.100	0.100	0.700	0.100
0.100	0.100	0.100	0.700
0.100	0.100	0.700	0.100
0.100	0.700	0.100	0.100
0.100	0.100	0.100	0.700
0.100	0.100	0.100	0.700
0.100	0.100	0.100	0.700
0.100	0.700	0.100	0.100
0.100	0.700	0.100	0.100
0.100	0.700	0.100	0.100
>CACACCTGTGGG	21-CACACCTGTGGG	12.355432	-14.529948	0	T:6.0(0.23%),B:5.7(0.01%),P:1e-6	Tpos:347.2,Tstd:139.5,Bpos:145.7,Bstd:31.4,StrandBias:1.0,Multiplicity:1.00
0.100	0.700	0.100	0.100
0.700	0.100	0.100	0.100
0.100	0.700	0.100	0.100
0.700	0.100	0.100	0.100
0.100	0.700	0.100	0.100
0.100	0.700	0.100	0.100
0.100	0.100	0.100	0.700
0.100	0.100	0.700	0.100
0.100	0.100	0.100	0.700
0.100	0.100	0.700	0.100
0.100	0.100	0.700	0.100
0.100	0.100	0.700	0.100
>AAAAAAAAAAAA	22-AAAAAAAAAAAA	16.082086	-6.738399	0	T:71.0(2.75%),B:873.5(1.88%),P:1e-2	Tpos:319.1,Tstd:248.6,Bpos:248.0,Bstd:161.0,StrandBias:0.8,Multiplicity:1.04
0.776	0.067	0.001	0.156
0.942	0.021	0.001	0.036
0.980	0.001	0.001	0.018
0.997	0.001	0.001	0.001
0.997	0.001	0.001	0.001
0.997	0.001	0.001	0.001
0.983	0.001	0.015	0.001
0.985	0.001	0.001	0.013
0.997	0.001	0.001	0.001
0.997	0.001	0.001	0.001
0.997	0.001	0.001	0.001
0.844	0.046	0.109	0.001
>GTGTGTCTTGTA	23-GTGTGTCTTGTA	10.409522	-5.642713	0	T:15.0(0.58%),B:120.8(0.26%),P:1e-2	Tpos:294.9,Tstd:231.9,Bpos:229.4,Bstd:144.7,StrandBias:-2.5,Multiplicity:1.43
0.100	0.100	0.700	0.100
0.100	0.100	0.100	0.700
0.100	0.100	0.700	0.100
0.100	0.100	0.100	0.700
0.100	0.100	0.700	0.100
0.100	0.100	0.100	0.700
0.100	0.700	0.100	0.100
0.100	0.100	0.100	0.700
0.100	0.100	0.100	0.700
0.100	0.100	0.700	0.100
0.100	0.100	0.100	0.700
0.700	0.100	0.100	0.100
>NNNNNNNNNNNN	24-NNNNNNNNNNNN	-nan	0.000000	0	T:0.0(0.00%),B:0.0(0.00%),P:1e0	Tpos:0.0,Tstd:0.0,Bpos:0.0,Bstd:0.0,StrandBias:0.0,Multiplicity:1.00
-nan	-nan	-nan	-nan
-nan	-nan	-nan	-nan
-nan	-nan	-nan	-nan
-nan	-nan	-nan	-nan
-nan	-nan	-nan	-nan
-nan	-nan	-nan	-nan
-nan	-nan	-nan	-nan
-nan	-nan	-nan	-nan
-nan	-nan	-nan	-nan
-nan	-nan	-nan	-nan
-nan	-nan	-nan	-nan
-nan	-nan	-nan	-nan
>NNNNNNNNNNNN	25-NNNNNNNNNNNN	-nan	0.000000	0	T:0.0(0.00%),B:0.0(0.00%),P:1e0	Tpos:0.0,Tstd:0.0,Bpos:0.0,Bstd:0.0,StrandBias:0.0,Multiplicity:1.00
-nan	-nan	-nan	-nan
-nan	-nan	-nan	-nan
-nan	-nan	-nan	-nan
-nan	-nan	-nan	-nan
-nan	-nan	-nan	-nan
-nan	-nan	-nan	-nan
-nan	-nan	-nan	-nan
-nan	-nan	-nan	-nan
-nan	-nan	-nan	-nan
-nan	-nan	-nan	-nan
-nan	-nan	-nan	-nan
-nan	-nan	-nan	-nan
