Factor1: 1.032785080393727
Factor2: 0.9682556603342599
