>WGGGCGGRGC	1-WGGGCGGRGC	8.817699	-72.489557	0	T:203.0(28.23%),B:5236.5(11.91%),P:1e-31	Tpos:288.9,Tstd:176.6,Bpos:205.2,Bstd:159.8,StrandBias:-0.3,Multiplicity:1.58
0.443	0.030	0.084	0.443
0.001	0.001	0.997	0.001
0.001	0.001	0.997	0.001
0.004	0.001	0.994	0.001
0.172	0.805	0.001	0.022
0.001	0.001	0.995	0.003
0.001	0.001	0.700	0.298
0.458	0.001	0.505	0.036
0.111	0.001	0.884	0.004
0.001	0.688	0.001	0.310
>TGACGTCATN	2-TGACGTCATN	5.754224	-46.624983	0	T:124.0(17.25%),B:3022.7(6.87%),P:1e-20	Tpos:258.4,Tstd:156.2,Bpos:209.7,Bstd:147.4,StrandBias:0.0,Multiplicity:1.16
0.289	0.154	0.081	0.477
0.128	0.126	0.745	0.001
0.633	0.060	0.181	0.126
0.041	0.671	0.111	0.177
0.138	0.119	0.677	0.066
0.238	0.176	0.075	0.511
0.088	0.737	0.082	0.093
0.533	0.090	0.099	0.278
0.101	0.304	0.119	0.476
0.335	0.235	0.206	0.224
>GGGRAWTTCC	3-GGGRAWTTCC	7.959252	-36.268890	0	T:77.0(10.71%),B:1618.9(3.68%),P:1e-15	Tpos:222.3,Tstd:145.7,Bpos:203.3,Bstd:127.9,StrandBias:-0.0,Multiplicity:1.17
0.068	0.044	0.594	0.294
0.040	0.001	0.958	0.001
0.034	0.001	0.868	0.097
0.449	0.001	0.351	0.199
0.748	0.051	0.157	0.044
0.515	0.001	0.009	0.475
0.157	0.138	0.084	0.621
0.028	0.277	0.001	0.694
0.041	0.767	0.001	0.191
0.001	0.988	0.001	0.010
>GNRGRAGTGA	4-GNRGRAGTGA	7.481429	-35.944805	0	T:215.0(29.90%),B:7688.0(17.48%),P:1e-15	Tpos:245.2,Tstd:166.1,Bpos:207.1,Bstd:139.2,StrandBias:-0.1,Multiplicity:1.21
0.326	0.037	0.636	0.001
0.198	0.233	0.275	0.294
0.458	0.001	0.540	0.001
0.001	0.001	0.997	0.001
0.489	0.040	0.470	0.001
0.583	0.415	0.001	0.001
0.001	0.001	0.741	0.257
0.001	0.001	0.231	0.767
0.001	0.001	0.997	0.001
0.540	0.154	0.125	0.181
>TCACGTGATC	5-TCACGTGATC	7.253981	-31.519067	0	T:73.0(10.15%),B:1626.8(3.70%),P:1e-13	Tpos:266.4,Tstd:130.7,Bpos:204.2,Bstd:145.2,StrandBias:0.3,Multiplicity:1.10
0.227	0.001	0.167	0.605
0.109	0.562	0.056	0.273
0.796	0.047	0.001	0.156
0.001	0.967	0.001	0.031
0.240	0.082	0.677	0.001
0.001	0.001	0.001	0.997
0.087	0.236	0.656	0.021
0.779	0.123	0.001	0.097
0.056	0.148	0.082	0.714
0.042	0.586	0.115	0.257
>ACTTCCGGTT	6-ACTTCCGGTT	7.514939	-26.925205	0	T:96.0(13.35%),B:2721.8(6.19%),P:1e-11	Tpos:229.1,Tstd:129.9,Bpos:202.6,Bstd:140.5,StrandBias:-0.1,Multiplicity:1.16
0.828	0.067	0.061	0.044
0.001	0.869	0.048	0.082
0.044	0.011	0.001	0.944
0.165	0.001	0.018	0.816
0.001	0.774	0.015	0.210
0.026	0.916	0.015	0.043
0.102	0.033	0.632	0.233
0.021	0.030	0.903	0.046
0.110	0.104	0.122	0.664
0.049	0.102	0.165	0.684
>CTGACTCAGA	7-CTGACTCAGA	7.920534	-24.943868	0	T:97.0(13.49%),B:2864.7(6.51%),P:1e-10	Tpos:208.4,Tstd:146.0,Bpos:207.2,Bstd:119.2,StrandBias:0.1,Multiplicity:1.14
0.060	0.891	0.001	0.048
0.128	0.001	0.016	0.855
0.021	0.001	0.977	0.001
0.742	0.115	0.013	0.130
0.001	0.750	0.170	0.079
0.024	0.006	0.085	0.885
0.133	0.759	0.013	0.095
0.752	0.002	0.020	0.226
0.001	0.026	0.827	0.146
0.598	0.158	0.012	0.232
>GTTGCCATGG	8-GTTGCCATGG	9.813154	-23.436070	0	T:38.0(5.29%),B:663.4(1.51%),P:1e-10	Tpos:298.9,Tstd:165.7,Bpos:203.2,Bstd:132.5,StrandBias:0.2,Multiplicity:1.03
0.001	0.058	0.881	0.060
0.048	0.001	0.036	0.915
0.001	0.051	0.001	0.947
0.116	0.001	0.850	0.033
0.001	0.997	0.001	0.001
0.001	0.997	0.001	0.001
0.909	0.017	0.001	0.073
0.084	0.001	0.058	0.857
0.045	0.001	0.896	0.058
0.001	0.001	0.997	0.001
>AGCGTCACCT	9-AGCGTCACCT	10.101787	-21.936124	0	T:32.0(4.45%),B:514.9(1.17%),P:1e-9	Tpos:210.2,Tstd:117.0,Bpos:206.2,Bstd:144.9,StrandBias:0.1,Multiplicity:1.03
0.909	0.001	0.001	0.089
0.001	0.001	0.997	0.001
0.094	0.820	0.085	0.001
0.001	0.087	0.878	0.034
0.106	0.067	0.057	0.770
0.001	0.997	0.001	0.001
0.960	0.001	0.001	0.038
0.001	0.997	0.001	0.001
0.001	0.882	0.001	0.116
0.055	0.081	0.087	0.777
>TGCGCATGCG	10-TGCGCATGCG	7.224091	-21.615155	0	T:118.0(16.41%),B:4008.4(9.12%),P:1e-9	Tpos:270.1,Tstd:146.1,Bpos:200.9,Bstd:171.1,StrandBias:0.1,Multiplicity:1.43
0.032	0.193	0.087	0.688
0.071	0.046	0.835	0.048
0.082	0.863	0.042	0.013
0.046	0.068	0.825	0.061
0.025	0.852	0.089	0.034
0.743	0.091	0.092	0.074
0.098	0.063	0.113	0.726
0.001	0.049	0.929	0.021
0.056	0.823	0.051	0.070
0.119	0.076	0.733	0.072
>AAGTAGCGGC	11-AAGTAGCGGC	9.994646	-19.683599	0	T:21.0(2.92%),B:253.7(0.58%),P:1e-8	Tpos:220.0,Tstd:149.9,Bpos:223.8,Bstd:151.0,StrandBias:-0.4,Multiplicity:1.00
0.997	0.001	0.001	0.001
0.997	0.001	0.001	0.001
0.001	0.001	0.997	0.001
0.001	0.133	0.038	0.828
0.997	0.001	0.001	0.001
0.001	0.001	0.997	0.001
0.050	0.840	0.001	0.109
0.137	0.079	0.647	0.137
0.001	0.124	0.874	0.001
0.001	0.906	0.092	0.001
>STGACTCAAA	12-STGACTCAAA	7.606325	-19.477508	0	T:71.0(9.87%),B:2040.1(4.64%),P:1e-8	Tpos:214.1,Tstd:148.3,Bpos:205.0,Bstd:121.4,StrandBias:-0.2,Multiplicity:1.06
0.001	0.505	0.493	0.001
0.001	0.001	0.001	0.997
0.001	0.020	0.789	0.190
0.948	0.001	0.001	0.050
0.068	0.756	0.137	0.039
0.334	0.026	0.044	0.596
0.145	0.821	0.033	0.001
0.757	0.112	0.130	0.001
0.929	0.035	0.001	0.035
0.869	0.062	0.001	0.068
>TTGAGTAGAG	13-TTGAGTAGAG	9.945567	-19.020446	0	T:21.0(2.92%),B:264.0(0.60%),P:1e-8	Tpos:211.5,Tstd:199.1,Bpos:212.9,Bstd:115.8,StrandBias:-0.4,Multiplicity:1.00
0.072	0.001	0.001	0.926
0.001	0.001	0.001	0.997
0.094	0.001	0.821	0.084
0.873	0.001	0.051	0.075
0.097	0.001	0.901	0.001
0.033	0.025	0.001	0.941
0.948	0.001	0.050	0.001
0.001	0.083	0.915	0.001
0.837	0.001	0.075	0.087
0.072	0.001	0.926	0.001
>ACGTTAAAAA	14-ACGTTAAAAA	8.180696	-17.137365	0	T:12.0(1.67%),B:87.2(0.20%),P:1e-7	Tpos:181.0,Tstd:102.8,Bpos:209.7,Bstd:137.6,StrandBias:0.8,Multiplicity:1.10
0.997	0.001	0.001	0.001
0.001	0.997	0.001	0.001
0.001	0.001	0.997	0.001
0.286	0.001	0.001	0.712
0.001	0.001	0.286	0.712
0.997	0.001	0.001	0.001
0.997	0.001	0.001	0.001
0.655	0.001	0.001	0.343
0.997	0.001	0.001	0.001
0.917	0.056	0.026	0.001
>CATTTTGACG	15-CATTTTGACG	12.680719	-15.284835	0	T:4.0(0.56%),B:3.3(0.01%),P:1e-6	Tpos:59.5,Tstd:28.5,Bpos:166.3,Bstd:60.2,StrandBias:0.0,Multiplicity:1.00
0.001	0.997	0.001	0.001
0.997	0.001	0.001	0.001
0.001	0.001	0.001	0.997
0.001	0.001	0.001	0.997
0.001	0.001	0.001	0.997
0.001	0.315	0.001	0.683
0.001	0.001	0.997	0.001
0.997	0.001	0.001	0.001
0.001	0.997	0.001	0.001
0.001	0.001	0.997	0.001
>CCCGCTTTAG	16-CCCGCTTTAG	7.979519	-14.641840	0	T:35.0(4.87%),B:817.0(1.86%),P:1e-6	Tpos:227.2,Tstd:147.0,Bpos:201.2,Bstd:151.6,StrandBias:0.2,Multiplicity:1.06
0.113	0.760	0.126	0.001
0.085	0.839	0.001	0.075
0.139	0.859	0.001	0.001
0.037	0.052	0.910	0.001
0.194	0.521	0.093	0.192
0.001	0.107	0.140	0.752
0.208	0.003	0.069	0.720
0.059	0.061	0.075	0.805
0.845	0.001	0.153	0.001
0.003	0.001	0.995	0.001
>GTGTGTGTGT	17-GTGTGTGTGT	9.439790	-14.081337	0	T:58.0(8.07%),B:1776.0(4.04%),P:1e-6	Tpos:241.0,Tstd:183.4,Bpos:211.7,Bstd:126.0,StrandBias:-0.3,Multiplicity:1.19
0.001	0.161	0.837	0.001
0.001	0.001	0.001	0.997
0.067	0.080	0.837	0.016
0.352	0.001	0.001	0.646
0.001	0.240	0.758	0.001
0.001	0.001	0.001	0.997
0.030	0.135	0.691	0.144
0.001	0.001	0.001	0.997
0.046	0.116	0.744	0.094
0.001	0.001	0.001	0.997
>GACGTGTTAT	18-GACGTGTTAT	12.179280	-13.267494	0	T:4.0(0.56%),B:5.1(0.01%),P:1e-5	Tpos:135.5,Tstd:46.8,Bpos:321.1,Bstd:34.3,StrandBias:1.6,Multiplicity:1.00
0.001	0.001	0.997	0.001
0.997	0.001	0.001	0.001
0.001	0.997	0.001	0.001
0.171	0.001	0.827	0.001
0.001	0.001	0.001	0.997
0.001	0.001	0.997	0.001
0.001	0.001	0.001	0.997
0.001	0.001	0.001	0.997
0.768	0.001	0.230	0.001
0.001	0.001	0.001	0.997
>TCGCTTATGC	19-TCGCTTATGC	6.621142	-11.904617	0	T:19.0(2.64%),B:345.4(0.79%),P:1e-5	Tpos:169.9,Tstd:102.4,Bpos:210.7,Bstd:140.3,StrandBias:-1.6,Multiplicity:1.00
0.001	0.001	0.001	0.997
0.001	0.997	0.001	0.001
0.093	0.001	0.905	0.001
0.001	0.997	0.001	0.001
0.001	0.001	0.001	0.997
0.001	0.001	0.001	0.997
0.808	0.098	0.093	0.001
0.001	0.001	0.001	0.997
0.001	0.001	0.997	0.001
0.001	0.997	0.001	0.001
>GCGCGACTCG	20-GCGCGACTCG	9.169065	-9.833078	0	T:30.0(4.17%),B:820.1(1.86%),P:1e-4	Tpos:346.0,Tstd:175.9,Bpos:206.6,Bstd:179.4,StrandBias:-1.1,Multiplicity:1.06
0.001	0.001	0.997	0.001
0.001	0.545	0.346	0.108
0.001	0.375	0.623	0.001
0.001	0.791	0.207	0.001
0.001	0.171	0.827	0.001
0.671	0.001	0.059	0.269
0.001	0.797	0.201	0.001
0.097	0.093	0.069	0.741
0.001	0.997	0.001	0.001
0.001	0.001	0.997	0.001
>TTTTTTTTTW	21-TTTTTTTTTW	6.915940	-9.253910	0	T:84.0(11.68%),B:3374.7(7.67%),P:1e-4	Tpos:240.9,Tstd:203.0,Bpos:209.9,Bstd:140.1,StrandBias:0.9,Multiplicity:1.14
0.138	0.269	0.143	0.450
0.034	0.043	0.357	0.566
0.056	0.098	0.293	0.553
0.086	0.028	0.347	0.539
0.058	0.035	0.042	0.865
0.051	0.119	0.295	0.535
0.039	0.292	0.065	0.604
0.049	0.271	0.060	0.620
0.047	0.292	0.053	0.608
0.275	0.182	0.130	0.413
>TTACGTCTCC	22-TTACGTCTCC	12.827268	-3.436607	0	T:1.0(0.14%),B:2.2(0.00%),P:1e-1	Tpos:13.0,Tstd:0.0,Bpos:186.1,Bstd:155.3,StrandBias:10.0,Multiplicity:1.00
0.001	0.001	0.001	0.997
0.001	0.001	0.417	0.581
0.779	0.001	0.001	0.219
0.001	0.801	0.059	0.139
0.001	0.001	0.997	0.001
0.001	0.001	0.001	0.997
0.001	0.997	0.001	0.001
0.001	0.001	0.001	0.997
0.001	0.997	0.001	0.001
0.001	0.997	0.001	0.001
>TGCGCGACTC	23-TGCGCGACTC	6.404373	-3.283467	0	T:183.0(25.45%),B:9929.6(22.58%),P:1e-1	Tpos:267.7,Tstd:177.2,Bpos:208.0,Bstd:163.4,StrandBias:-0.6,Multiplicity:1.32
0.100	0.100	0.100	0.700
0.100	0.100	0.700	0.100
0.100	0.700	0.100	0.100
0.100	0.100	0.700	0.100
0.100	0.700	0.100	0.100
0.100	0.100	0.700	0.100
0.700	0.100	0.100	0.100
0.100	0.700	0.100	0.100
0.100	0.100	0.100	0.700
0.100	0.700	0.100	0.100
>TGGAAGGCGC	24-TGGAAGGCGC	-2.706968	-2.999105	0	T:381.0(52.99%),B:21922.0(49.85%),P:1e-1	Tpos:258.5,Tstd:180.0,Bpos:206.7,Bstd:146.4,StrandBias:0.2,Multiplicity:1.52
0.001	0.001	0.001	0.997
0.001	0.001	0.997	0.001
0.001	0.001	0.997	0.001
0.997	0.001	0.001	0.001
0.997	0.001	0.001	0.001
0.065	0.001	0.933	0.001
0.001	0.001	0.997	0.001
0.001	0.997	0.001	0.001
0.001	0.001	0.997	0.001
0.001	0.997	0.001	0.001
