Factor1: 1.0845555842557113
Factor2: 0.9220366521705415
