Factor1: 1.0219685938068688
Factor2: 0.9785036507579611
