>AACTAWCTCCAA	19-TTGGAGWTAGTT	8.688906	-20.129724	0	T:35.0(7.35%),B:1113.3(2.25%),P:1e-8
0.755	0.159	0.085	0.001
0.877	0.043	0.043	0.037
0.017	0.981	0.001	0.001
0.022	0.001	0.001	0.976
0.762	0.162	0.039	0.037
0.329	0.155	0.127	0.389
0.026	0.732	0.134	0.108
0.274	0.079	0.001	0.646
0.043	0.871	0.043	0.043
0.033	0.924	0.001	0.042
0.673	0.001	0.001	0.325
0.634	0.001	0.122	0.243
