>TTGGAGWTAGTT	19-TTGGAGWTAGTT,BestGuess:Bcl6b+M0391(0.341)	8.688906	-20.129724	0	T:35.0(7.35%),B:1113.3(2.25%),P:1e-8
0.243	0.122	0.001	0.634
0.325	0.001	0.001	0.673
0.042	0.001	0.924	0.033
0.043	0.043	0.871	0.043
0.646	0.001	0.079	0.274
0.108	0.134	0.732	0.026
0.389	0.127	0.155	0.329
0.037	0.039	0.162	0.762
0.976	0.001	0.001	0.022
0.001	0.001	0.981	0.017
0.037	0.043	0.043	0.877
0.001	0.085	0.159	0.755
