>TTCACTTCACGT	8-ACGTGAAGTGAA	7.623160	-23.501912	0	T:79.0(16.60%),B:3761.8(7.61%),P:1e-10
0.053	0.001	0.031	0.915
0.108	0.001	0.139	0.752
0.022	0.872	0.024	0.082
0.889	0.079	0.001	0.031
0.024	0.884	0.022	0.070
0.064	0.235	0.001	0.700
0.079	0.108	0.062	0.751
0.196	0.685	0.118	0.001
0.949	0.024	0.001	0.026
0.187	0.446	0.190	0.176
0.175	0.139	0.464	0.222
0.133	0.148	0.022	0.697
