>ACAGGAAGTGNN	1-ACAGGAAGTGNN	8.229973	-801.882054	0	T:1568.0(36.04%),B:5454.7(12.40%),P:1e-348	Tpos:280.7,Tstd:199.0,Bpos:241.0,Bstd:146.3,StrandBias:0.1,Multiplicity:1.26
0.585	0.062	0.282	0.071
0.154	0.662	0.182	0.002
0.983	0.009	0.005	0.003
0.004	0.001	0.994	0.001
0.013	0.006	0.980	0.001
0.962	0.023	0.010	0.005
0.883	0.016	0.003	0.098
0.344	0.030	0.625	0.001
0.058	0.301	0.072	0.569
0.281	0.065	0.444	0.211
0.271	0.221	0.326	0.181
0.194	0.274	0.235	0.298
>CTTTGATSTYWN	2-CTTTGATSTYWN	8.168952	-147.846292	0	T:844.0(19.40%),B:4689.6(10.66%),P:1e-64	Tpos:276.5,Tstd:208.9,Bpos:241.6,Bstd:148.3,StrandBias:-0.0,Multiplicity:1.19
0.044	0.843	0.001	0.112
0.001	0.001	0.001	0.997
0.001	0.148	0.055	0.796
0.001	0.001	0.001	0.997
0.001	0.237	0.705	0.057
0.756	0.001	0.001	0.242
0.360	0.001	0.001	0.638
0.001	0.428	0.460	0.111
0.114	0.001	0.001	0.884
0.055	0.421	0.133	0.391
0.364	0.178	0.001	0.457
0.233	0.219	0.276	0.272
>CCACCAGGKGGC	3-CCACCAGGKGGC	9.872835	-145.769719	0	T:241.0(5.54%),B:661.3(1.50%),P:1e-63	Tpos:267.2,Tstd:213.5,Bpos:253.3,Bstd:143.2,StrandBias:0.1,Multiplicity:1.03
0.342	0.656	0.001	0.001
0.001	0.997	0.001	0.001
0.901	0.050	0.001	0.048
0.071	0.647	0.281	0.001
0.238	0.478	0.015	0.269
0.678	0.106	0.096	0.120
0.032	0.001	0.966	0.001
0.334	0.001	0.641	0.024
0.001	0.001	0.459	0.539
0.001	0.001	0.931	0.067
0.111	0.001	0.647	0.241
0.266	0.571	0.024	0.139
>WAACCACATCCK	4-WAACCACATCCK	11.738919	-113.053480	0	T:84.0(1.93%),B:95.0(0.22%),P:1e-49	Tpos:240.4,Tstd:144.7,Bpos:192.0,Bstd:128.2,StrandBias:0.6,Multiplicity:1.00
0.538	0.003	0.004	0.455
0.515	0.001	0.282	0.202
0.607	0.388	0.004	0.001
0.001	0.945	0.053	0.001
0.055	0.890	0.001	0.054
0.941	0.004	0.001	0.054
0.001	0.891	0.054	0.054
0.686	0.040	0.003	0.271
0.001	0.001	0.031	0.967
0.001	0.945	0.001	0.053
0.053	0.945	0.001	0.001
0.001	0.001	0.498	0.500
>TTTGATGTGGTT	5-TTTGATGTGGTT	7.171313	-104.189856	0	T:707.0(16.25%),B:4131.5(9.39%),P:1e-45	Tpos:268.8,Tstd:219.8,Bpos:244.4,Bstd:150.0,StrandBias:-0.0,Multiplicity:1.13
0.080	0.089	0.075	0.756
0.049	0.109	0.089	0.753
0.086	0.041	0.076	0.797
0.077	0.093	0.730	0.100
0.720	0.105	0.090	0.085
0.113	0.033	0.066	0.788
0.048	0.102	0.778	0.072
0.086	0.053	0.064	0.797
0.096	0.049	0.743	0.112
0.088	0.097	0.701	0.114
0.075	0.110	0.118	0.697
0.079	0.074	0.109	0.738
>GKGGGCGGRGCT	6-GKGGGCGGRGCT	6.497734	-99.460856	0	T:1115.0(25.63%),B:7586.2(17.25%),P:1e-43	Tpos:287.8,Tstd:219.7,Bpos:243.2,Bstd:148.8,StrandBias:-0.1,Multiplicity:1.37
0.235	0.179	0.558	0.028
0.180	0.001	0.447	0.372
0.354	0.001	0.644	0.001
0.001	0.001	0.997	0.001
0.001	0.001	0.997	0.001
0.274	0.541	0.001	0.184
0.011	0.001	0.987	0.001
0.001	0.001	0.907	0.091
0.341	0.014	0.471	0.175
0.113	0.001	0.885	0.001
0.001	0.997	0.001	0.001
0.091	0.318	0.001	0.590
>NACGAAACCACH	7-NACGAAACCACH	6.503017	-91.779063	0	T:702.0(16.13%),B:4253.9(9.67%),P:1e-39	Tpos:307.8,Tstd:237.8,Bpos:239.4,Bstd:150.2,StrandBias:-0.0,Multiplicity:1.10
0.330	0.242	0.226	0.201
0.657	0.122	0.111	0.110
0.193	0.483	0.174	0.151
0.176	0.151	0.537	0.136
0.655	0.133	0.112	0.100
0.685	0.117	0.115	0.083
0.663	0.107	0.134	0.096
0.144	0.603	0.141	0.112
0.125	0.699	0.069	0.107
0.685	0.110	0.084	0.121
0.120	0.639	0.136	0.105
0.364	0.236	0.156	0.244
>AAACAGGAAACC	8-AAACAGGAAACC	9.469543	-90.369443	0	T:231.0(5.31%),B:861.0(1.96%),P:1e-39	Tpos:291.7,Tstd:175.8,Bpos:234.2,Bstd:149.3,StrandBias:0.2,Multiplicity:1.04
0.811	0.070	0.078	0.041
0.793	0.083	0.085	0.039
0.813	0.056	0.081	0.050
0.075	0.795	0.098	0.032
0.935	0.008	0.016	0.041
0.060	0.039	0.856	0.045
0.032	0.049	0.891	0.028
0.862	0.064	0.046	0.028
0.849	0.028	0.045	0.078
0.801	0.074	0.070	0.055
0.143	0.756	0.053	0.048
0.046	0.845	0.064	0.045
>NVGTCACGTGMH	9-NVGTCACGTGMH	5.911920	-88.928322	0	T:836.0(19.21%),B:5389.5(12.25%),P:1e-38	Tpos:286.4,Tstd:213.2,Bpos:243.9,Bstd:154.3,StrandBias:0.1,Multiplicity:1.18
0.233	0.223	0.330	0.214
0.288	0.363	0.238	0.111
0.105	0.049	0.780	0.066
0.074	0.024	0.039	0.863
0.065	0.578	0.199	0.158
0.854	0.045	0.087	0.014
0.020	0.952	0.027	0.001
0.065	0.060	0.845	0.030
0.011	0.057	0.022	0.910
0.087	0.073	0.684	0.156
0.390	0.243	0.153	0.214
0.244	0.255	0.170	0.332
>CCCCCCCCCCCC	10-CCCCCCCCCCCC	7.683563	-87.424082	0	T:1098.0(25.24%),B:7652.5(17.40%),P:1e-37	Tpos:331.2,Tstd:246.3,Bpos:242.6,Bstd:141.3,StrandBias:-0.2,Multiplicity:1.34
0.060	0.884	0.009	0.047
0.083	0.793	0.053	0.071
0.083	0.792	0.039	0.086
0.057	0.863	0.025	0.055
0.094	0.826	0.021	0.059
0.122	0.823	0.020	0.035
0.121	0.842	0.022	0.015
0.141	0.827	0.010	0.022
0.120	0.794	0.024	0.062
0.099	0.843	0.001	0.057
0.075	0.844	0.024	0.057
0.065	0.870	0.031	0.034
>GCTTCAAAGAAA	11-GCTTCAAAGAAA	6.800222	-86.649658	0	T:1359.0(31.23%),B:9993.6(22.72%),P:1e-37	Tpos:289.8,Tstd:230.5,Bpos:241.5,Bstd:149.7,StrandBias:0.0,Multiplicity:1.21
0.087	0.107	0.720	0.086
0.079	0.754	0.069	0.098
0.106	0.081	0.035	0.778
0.094	0.059	0.094	0.753
0.090	0.719	0.096	0.095
0.787	0.080	0.046	0.087
0.736	0.078	0.108	0.078
0.819	0.023	0.093	0.065
0.094	0.081	0.750	0.075
0.747	0.082	0.088	0.083
0.721	0.100	0.103	0.076
0.716	0.098	0.105	0.081
>CGTCACTTCCGC	12-CGTCACTTCCGC	9.070125	-55.443804	0	T:161.0(3.70%),B:648.9(1.48%),P:1e-24	Tpos:304.9,Tstd:207.7,Bpos:262.3,Bstd:158.4,StrandBias:0.0,Multiplicity:1.02
0.080	0.812	0.054	0.054
0.073	0.181	0.602	0.144
0.055	0.065	0.048	0.832
0.054	0.874	0.054	0.018
0.821	0.043	0.079	0.057
0.018	0.875	0.036	0.071
0.089	0.060	0.013	0.838
0.001	0.048	0.035	0.916
0.001	0.963	0.018	0.018
0.062	0.870	0.018	0.050
0.077	0.089	0.766	0.068
0.036	0.836	0.092	0.036
>CTACATTTCCCA	13-CTACATTTCCCA	13.384531	-52.284603	0	T:30.0(0.69%),B:23.5(0.05%),P:1e-22	Tpos:306.0,Tstd:167.0,Bpos:192.8,Bstd:116.2,StrandBias:-0.1,Multiplicity:1.03
0.001	0.997	0.001	0.001
0.001	0.001	0.001	0.997
0.997	0.001	0.001	0.001
0.001	0.997	0.001	0.001
0.997	0.001	0.001	0.001
0.001	0.001	0.001	0.997
0.050	0.001	0.001	0.948
0.115	0.001	0.001	0.883
0.050	0.948	0.001	0.001
0.001	0.997	0.001	0.001
0.050	0.948	0.001	0.001
0.997	0.001	0.001	0.001
>GGTTAGATCTAA	14-GGTTAGATCTAA	7.204909	-48.386976	0	T:178.0(4.09%),B:809.9(1.84%),P:1e-21	Tpos:268.6,Tstd:230.3,Bpos:243.8,Bstd:138.9,StrandBias:-0.2,Multiplicity:1.04
0.144	0.076	0.636	0.144
0.107	0.163	0.588	0.142
0.126	0.116	0.111	0.647
0.125	0.139	0.128	0.608
0.713	0.001	0.130	0.156
0.128	0.129	0.625	0.118
0.653	0.121	0.125	0.101
0.001	0.016	0.169	0.814
0.097	0.635	0.129	0.139
0.165	0.105	0.001	0.729
0.606	0.139	0.150	0.105
0.665	0.100	0.115	0.120
>CAGACAGCACGC	15-CAGACAGCACGC	9.786748	-48.069651	0	T:129.0(2.96%),B:498.5(1.13%),P:1e-20	Tpos:295.0,Tstd:234.4,Bpos:243.0,Bstd:147.3,StrandBias:-0.0,Multiplicity:1.01
0.049	0.896	0.029	0.026
0.864	0.046	0.032	0.058
0.072	0.098	0.818	0.012
0.823	0.052	0.067	0.058
0.095	0.824	0.080	0.001
0.916	0.037	0.012	0.035
0.038	0.041	0.860	0.061
0.051	0.891	0.034	0.024
0.792	0.086	0.056	0.066
0.049	0.765	0.126	0.060
0.117	0.067	0.751	0.065
0.059	0.805	0.045	0.091
>TCTGACGTCATC	16-TCTGACGTCATC	9.092210	-46.807712	0	T:171.0(3.93%),B:775.5(1.76%),P:1e-20	Tpos:255.3,Tstd:177.2,Bpos:238.0,Bstd:136.7,StrandBias:-0.2,Multiplicity:1.03
0.055	0.005	0.041	0.899
0.016	0.902	0.058	0.024
0.074	0.016	0.016	0.894
0.026	0.016	0.904	0.054
0.851	0.071	0.039	0.039
0.073	0.763	0.097	0.067
0.108	0.063	0.654	0.175
0.045	0.032	0.074	0.849
0.033	0.924	0.001	0.042
0.793	0.087	0.016	0.104
0.049	0.102	0.097	0.752
0.066	0.823	0.045	0.066
>GACTGGCAGATC	17-GACTGGCAGATC	13.462055	-29.902132	0	T:13.0(0.30%),B:6.9(0.02%),P:1e-12	Tpos:227.6,Tstd:160.7,Bpos:236.1,Bstd:82.1,StrandBias:-1.7,Multiplicity:1.62
0.001	0.001	0.997	0.001
0.997	0.001	0.001	0.001
0.054	0.891	0.054	0.001
0.001	0.001	0.001	0.997
0.001	0.001	0.997	0.001
0.054	0.001	0.944	0.001
0.001	0.944	0.001	0.054
0.997	0.001	0.001	0.001
0.001	0.001	0.997	0.001
0.944	0.001	0.001	0.054
0.001	0.001	0.001	0.997
0.001	0.997	0.001	0.001
>GTGGTTCTTCCG	18-GTGGTTCTTCCG	13.774258	-28.906460	0	T:12.0(0.28%),B:5.5(0.01%),P:1e-12	Tpos:206.4,Tstd:89.9,Bpos:228.5,Bstd:107.0,StrandBias:1.4,Multiplicity:1.50
0.116	0.116	0.767	0.001
0.001	0.001	0.001	0.997
0.001	0.001	0.997	0.001
0.001	0.001	0.883	0.115
0.001	0.001	0.001	0.997
0.001	0.001	0.001	0.997
0.001	0.883	0.001	0.115
0.001	0.001	0.001	0.997
0.115	0.001	0.001	0.883
0.001	0.997	0.001	0.001
0.001	0.959	0.001	0.039
0.001	0.115	0.883	0.001
>TAKAGTAACATT	19-TAKAGTAACATT	12.448939	-24.811234	0	T:7.0(0.16%),B:1.9(0.00%),P:1e-10	Tpos:360.8,Tstd:172.7,Bpos:365.4,Bstd:98.4,StrandBias:3.7,Multiplicity:2.00
0.060	0.132	0.030	0.778
0.817	0.060	0.091	0.032
0.002	0.001	0.508	0.489
0.789	0.061	0.060	0.090
0.239	0.062	0.596	0.103
0.060	0.119	0.030	0.791
0.760	0.001	0.060	0.179
0.588	0.030	0.381	0.001
0.083	0.857	0.030	0.030
0.700	0.121	0.119	0.060
0.081	0.062	0.001	0.856
0.089	0.030	0.030	0.851
>TGTACAGATGGT	20-TGTACAGATGGT	13.622162	-13.056108	0	T:5.0(0.11%),B:2.7(0.01%),P:1e-5	Tpos:113.2,Tstd:81.6,Bpos:272.9,Bstd:173.5,StrandBias:-1.7,Multiplicity:2.60
0.001	0.001	0.001	0.997
0.001	0.001	0.997	0.001
0.001	0.001	0.001	0.997
0.997	0.001	0.001	0.001
0.001	0.997	0.001	0.001
0.941	0.057	0.001	0.001
0.001	0.001	0.997	0.001
0.997	0.001	0.001	0.001
0.001	0.001	0.001	0.997
0.001	0.001	0.941	0.057
0.057	0.001	0.941	0.001
0.001	0.001	0.001	0.997
>TGATGTTACCAT	21-TGATGTTACCAT	12.654020	-12.512584	0	T:4.0(0.09%),B:1.6(0.00%),P:1e-5	Tpos:226.9,Tstd:125.6,Bpos:333.3,Bstd:59.3,StrandBias:3.0,Multiplicity:6.75
0.001	0.001	0.001	0.997
0.001	0.001	0.997	0.001
0.997	0.001	0.001	0.001
0.001	0.001	0.001	0.997
0.001	0.020	0.959	0.020
0.001	0.001	0.001	0.997
0.001	0.001	0.019	0.979
0.997	0.001	0.001	0.001
0.001	0.997	0.001	0.001
0.001	0.997	0.001	0.001
0.979	0.001	0.001	0.019
0.001	0.001	0.001	0.997
>CAACACATGCAG	22-CAACACATGCAG	9.629452	-9.798158	0	T:11.0(0.25%),B:25.0(0.06%),P:1e-4	Tpos:502.3,Tstd:332.2,Bpos:239.2,Bstd:154.9,StrandBias:-3.0,Multiplicity:4.50
0.001	0.997	0.001	0.001
0.997	0.001	0.001	0.001
0.997	0.001	0.001	0.001
0.001	0.934	0.064	0.001
0.997	0.001	0.001	0.001
0.001	0.997	0.001	0.001
0.997	0.001	0.001	0.001
0.001	0.064	0.001	0.934
0.001	0.001	0.997	0.001
0.001	0.997	0.001	0.001
0.997	0.001	0.001	0.001
0.001	0.001	0.997	0.001
>ACTGTAGCACTG	23-ACTGTAGCACTG	13.593462	-8.275188	0	T:4.0(0.09%),B:3.5(0.01%),P:1e-3	Tpos:344.5,Tstd:242.3,Bpos:157.0,Bstd:113.3,StrandBias:3.4,Multiplicity:5.75
0.997	0.001	0.001	0.001
0.001	0.997	0.001	0.001
0.001	0.001	0.001	0.997
0.001	0.001	0.997	0.001
0.001	0.001	0.001	0.997
0.946	0.001	0.001	0.052
0.001	0.001	0.997	0.001
0.001	0.997	0.001	0.001
0.997	0.001	0.001	0.001
0.001	0.997	0.001	0.001
0.001	0.052	0.001	0.946
0.001	0.001	0.997	0.001
>TCTCAGCAACAC	24-TCTCAGCAACAC	12.355432	-5.736125	0	T:4.0(0.09%),B:6.5(0.01%),P:1e-2	Tpos:163.6,Tstd:144.9,Bpos:191.3,Bstd:118.1,StrandBias:10.0,Multiplicity:2.50
0.100	0.100	0.100	0.700
0.100	0.700	0.100	0.100
0.100	0.100	0.100	0.700
0.100	0.700	0.100	0.100
0.700	0.100	0.100	0.100
0.100	0.100	0.700	0.100
0.100	0.700	0.100	0.100
0.700	0.100	0.100	0.100
0.700	0.100	0.100	0.100
0.100	0.700	0.100	0.100
0.700	0.100	0.100	0.100
0.100	0.700	0.100	0.100
>ATTTAGCCCCAG	25-ATTTAGCCCCAG	9.441133	-3.370020	0	T:14.0(0.32%),B:81.8(0.19%),P:1e-1	Tpos:303.0,Tstd:246.1,Bpos:225.7,Bstd:144.4,StrandBias:1.5,Multiplicity:1.77
0.997	0.001	0.001	0.001
0.001	0.001	0.001	0.997
0.001	0.001	0.001	0.997
0.001	0.001	0.001	0.997
0.833	0.001	0.001	0.165
0.001	0.072	0.926	0.001
0.001	0.997	0.001	0.001
0.001	0.997	0.001	0.001
0.001	0.997	0.001	0.001
0.001	0.997	0.001	0.001
0.997	0.001	0.001	0.001
0.001	0.001	0.997	0.001
