>CAGGAAGT	1-CAGGAAGT	6.839702	-612.233752	0	T:1981.0(45.53%),B:9544.2(21.70%),P:1e-265	Tpos:284.8,Tstd:203.1,Bpos:241.8,Bstd:144.8,StrandBias:0.1,Multiplicity:1.38
0.001	0.803	0.195	0.001
0.997	0.001	0.001	0.001
0.001	0.001	0.997	0.001
0.001	0.001	0.997	0.001
0.997	0.001	0.001	0.001
0.911	0.001	0.001	0.087
0.173	0.001	0.825	0.001
0.001	0.114	0.001	0.884
>NCTTCCGK	2-NCTTCCGK	5.713562	-406.401301	0	T:1942.0(44.63%),B:10920.9(24.83%),P:1e-176	Tpos:293.7,Tstd:214.4,Bpos:242.2,Bstd:159.7,StrandBias:0.1,Multiplicity:1.32
0.311	0.193	0.257	0.239
0.100	0.634	0.039	0.227
0.240	0.027	0.001	0.732
0.127	0.082	0.020	0.771
0.081	0.694	0.205	0.020
0.001	0.959	0.039	0.001
0.001	0.001	0.832	0.166
0.028	0.117	0.478	0.376
>ACAGGAAG	3-ACAGGAAG	7.609017	-273.087019	0	T:1245.0(28.61%),B:6529.9(14.84%),P:1e-118	Tpos:275.9,Tstd:213.0,Bpos:242.2,Bstd:147.5,StrandBias:0.0,Multiplicity:1.13
0.997	0.001	0.001	0.001
0.140	0.727	0.001	0.132
0.997	0.001	0.001	0.001
0.001	0.001	0.997	0.001
0.001	0.001	0.997	0.001
0.997	0.001	0.001	0.001
0.799	0.048	0.001	0.152
0.001	0.103	0.895	0.001
>TTTGATGT	4-TTTGATGT	5.865678	-157.372987	0	T:1847.0(42.45%),B:13145.4(29.88%),P:1e-68	Tpos:279.0,Tstd:221.4,Bpos:242.9,Bstd:147.2,StrandBias:0.0,Multiplicity:1.46
0.027	0.001	0.001	0.971
0.001	0.043	0.037	0.919
0.018	0.001	0.001	0.980
0.001	0.050	0.948	0.001
0.997	0.001	0.001	0.001
0.223	0.015	0.020	0.742
0.001	0.222	0.730	0.047
0.040	0.047	0.001	0.912
>AAACCACA	5-AAACCACA	3.846268	-155.923625	0	T:907.0(20.85%),B:5089.3(11.57%),P:1e-67	Tpos:289.6,Tstd:228.6,Bpos:242.6,Bstd:155.1,StrandBias:-0.1,Multiplicity:1.14
0.739	0.001	0.001	0.259
0.997	0.001	0.001	0.001
0.997	0.001	0.001	0.001
0.001	0.997	0.001	0.001
0.001	0.997	0.001	0.001
0.958	0.001	0.040	0.001
0.001	0.997	0.001	0.001
0.887	0.070	0.042	0.001
>GTGACGTA	6-GTGACGTA	5.333313	-153.067056	0	T:1007.0(23.14%),B:5914.4(13.44%),P:1e-66	Tpos:300.6,Tstd:221.6,Bpos:242.8,Bstd:161.7,StrandBias:-0.1,Multiplicity:1.25
0.269	0.072	0.658	0.001
0.001	0.001	0.001	0.997
0.001	0.170	0.726	0.103
0.997	0.001	0.001	0.001
0.001	0.997	0.001	0.001
0.001	0.001	0.997	0.001
0.001	0.276	0.001	0.722
0.418	0.171	0.253	0.158
>AKCGGAAM	7-AKCGGAAM	6.033623	-96.728121	0	T:1407.0(32.34%),B:10224.8(23.24%),P:1e-42	Tpos:307.6,Tstd:247.3,Bpos:242.6,Bstd:152.9,StrandBias:0.1,Multiplicity:1.23
0.687	0.001	0.106	0.206
0.182	0.067	0.432	0.319
0.193	0.805	0.001	0.001
0.001	0.142	0.856	0.001
0.001	0.081	0.691	0.227
0.932	0.001	0.001	0.066
0.997	0.001	0.001	0.001
0.518	0.480	0.001	0.001
>TTTGATCT	8-TTTGATCT	7.295188	-90.211537	0	T:842.0(19.35%),B:5419.2(12.32%),P:1e-39	Tpos:298.3,Tstd:233.1,Bpos:245.0,Bstd:146.5,StrandBias:0.1,Multiplicity:1.10
0.001	0.116	0.175	0.708
0.118	0.285	0.112	0.485
0.134	0.001	0.001	0.864
0.001	0.001	0.636	0.362
0.728	0.001	0.001	0.270
0.001	0.001	0.064	0.934
0.001	0.997	0.001	0.001
0.116	0.001	0.122	0.761
>GGGGGGGG	9-GGGGGGGG	8.274198	-88.696310	0	T:1472.0(33.83%),B:10981.6(24.96%),P:1e-38	Tpos:323.9,Tstd:248.9,Bpos:241.4,Bstd:143.8,StrandBias:0.1,Multiplicity:1.72
0.001	0.001	0.997	0.001
0.001	0.001	0.997	0.001
0.001	0.001	0.827	0.171
0.143	0.150	0.704	0.003
0.001	0.001	0.788	0.210
0.132	0.001	0.681	0.186
0.001	0.001	0.997	0.001
0.001	0.001	0.997	0.001
>TTTCAAAG	10-TTTCAAAG	7.988101	-62.563635	0	T:646.0(14.85%),B:4235.7(9.63%),P:1e-27	Tpos:284.3,Tstd:203.2,Bpos:239.7,Bstd:150.1,StrandBias:0.0,Multiplicity:1.09
0.001	0.001	0.081	0.917
0.124	0.001	0.078	0.797
0.001	0.001	0.001	0.997
0.001	0.831	0.167	0.001
0.997	0.001	0.001	0.001
0.997	0.001	0.001	0.001
0.974	0.024	0.001	0.001
0.001	0.130	0.868	0.001
>CTCCTCCC	11-CTCCTCCC	8.542214	-60.585284	0	T:838.0(19.26%),B:5903.1(13.42%),P:1e-26	Tpos:302.4,Tstd:224.2,Bpos:241.0,Bstd:150.1,StrandBias:0.0,Multiplicity:1.20
0.001	0.997	0.001	0.001
0.001	0.001	0.001	0.997
0.001	0.997	0.001	0.001
0.001	0.997	0.001	0.001
0.144	0.001	0.324	0.531
0.150	0.848	0.001	0.001
0.001	0.997	0.001	0.001
0.001	0.997	0.001	0.001
>RWAVGCGD	12-RWAVGCGD	4.867784	-57.895063	0	T:1962.0(45.09%),B:16421.6(37.33%),P:1e-25	Tpos:311.5,Tstd:245.4,Bpos:242.3,Bstd:162.6,StrandBias:-0.0,Multiplicity:1.77
0.410	0.150	0.269	0.171
0.419	0.001	0.152	0.428
0.772	0.001	0.001	0.226
0.302	0.292	0.397	0.008
0.001	0.303	0.652	0.044
0.001	0.997	0.001	0.001
0.001	0.001	0.997	0.001
0.319	0.062	0.319	0.300
>CGTGCGTA	13-CGTGCGTA	4.922838	-56.303491	0	T:1154.0(26.52%),B:8814.3(20.04%),P:1e-24	Tpos:319.8,Tstd:247.1,Bpos:243.4,Bstd:164.3,StrandBias:-0.1,Multiplicity:1.31
0.119	0.704	0.081	0.096
0.094	0.123	0.717	0.066
0.051	0.046	0.064	0.839
0.064	0.100	0.729	0.107
0.034	0.778	0.095	0.093
0.052	0.080	0.773	0.095
0.091	0.124	0.029	0.756
0.713	0.037	0.105	0.145
>CCGCCTCT	14-CCGCCTCT	6.309133	-51.402128	0	T:1824.0(41.92%),B:15276.1(34.73%),P:1e-22	Tpos:300.9,Tstd:234.4,Bpos:242.2,Bstd:148.3,StrandBias:0.1,Multiplicity:1.35
0.003	0.721	0.167	0.109
0.001	0.745	0.002	0.252
0.001	0.001	0.894	0.104
0.108	0.573	0.001	0.318
0.062	0.825	0.001	0.112
0.247	0.005	0.001	0.747
0.001	0.951	0.047	0.001
0.052	0.192	0.001	0.755
>CGTGTTTA	15-CGTGTTTA	6.924529	-48.790142	0	T:550.0(12.64%),B:3674.7(8.35%),P:1e-21	Tpos:285.3,Tstd:241.5,Bpos:243.4,Bstd:150.6,StrandBias:-0.2,Multiplicity:1.08
0.093	0.802	0.104	0.001
0.001	0.186	0.691	0.122
0.085	0.005	0.001	0.909
0.046	0.019	0.920	0.015
0.001	0.001	0.001	0.997
0.001	0.050	0.001	0.948
0.001	0.001	0.014	0.984
0.852	0.052	0.036	0.060
>TGCAGCTG	16-TGCAGCTG	8.683530	-43.506830	0	T:699.0(16.07%),B:5053.3(11.49%),P:1e-18	Tpos:291.4,Tstd:263.2,Bpos:244.2,Bstd:150.8,StrandBias:-0.1,Multiplicity:1.14
0.198	0.106	0.001	0.695
0.001	0.001	0.997	0.001
0.001	0.997	0.001	0.001
0.997	0.001	0.001	0.001
0.001	0.132	0.866	0.001
0.001	0.997	0.001	0.001
0.001	0.001	0.001	0.997
0.001	0.001	0.997	0.001
>TCWGMGCG	17-TCWGMGCG	6.006779	-37.825086	0	T:932.0(21.42%),B:7278.3(16.55%),P:1e-16	Tpos:314.2,Tstd:249.5,Bpos:244.8,Bstd:160.0,StrandBias:-0.1,Multiplicity:1.30
0.096	0.001	0.001	0.902
0.084	0.672	0.001	0.243
0.348	0.196	0.001	0.455
0.001	0.094	0.546	0.359
0.434	0.395	0.116	0.056
0.081	0.001	0.826	0.092
0.171	0.827	0.001	0.001
0.007	0.004	0.886	0.103
>ATGTGCGG	18-ATGTGCGG	6.132077	-34.721109	0	T:954.0(21.93%),B:7570.4(17.21%),P:1e-15	Tpos:312.7,Tstd:246.7,Bpos:243.8,Bstd:158.3,StrandBias:-0.1,Multiplicity:1.20
0.546	0.072	0.158	0.224
0.204	0.001	0.001	0.794
0.061	0.295	0.530	0.114
0.001	0.343	0.123	0.533
0.422	0.001	0.576	0.001
0.001	0.997	0.001	0.001
0.001	0.001	0.818	0.180
0.001	0.001	0.997	0.001
>CATGTGAC	19-CATGTGAC	8.236954	-24.650785	0	T:142.0(3.26%),B:783.1(1.78%),P:1e-10	Tpos:257.8,Tstd:152.4,Bpos:240.9,Bstd:138.2,StrandBias:0.1,Multiplicity:1.02
0.100	0.700	0.100	0.100
0.700	0.100	0.100	0.100
0.100	0.100	0.100	0.700
0.100	0.100	0.700	0.100
0.100	0.100	0.100	0.700
0.100	0.100	0.700	0.100
0.700	0.100	0.100	0.100
0.100	0.700	0.100	0.100
>TCGCGAGA	20-TCGCGAGA	7.285027	-23.004125	0	T:129.0(2.96%),B:706.0(1.60%),P:1e-9	Tpos:292.6,Tstd:217.8,Bpos:239.7,Bstd:163.0,StrandBias:-0.1,Multiplicity:1.07
0.001	0.001	0.001	0.997
0.001	0.897	0.001	0.101
0.001	0.001	0.997	0.001
0.001	0.898	0.001	0.100
0.001	0.148	0.850	0.001
0.997	0.001	0.001	0.001
0.038	0.001	0.888	0.073
0.863	0.135	0.001	0.001
>ACTGTAGT	21-ACTGTAGT	9.042635	-22.442130	0	T:235.0(5.40%),B:1544.2(3.51%),P:1e-9	Tpos:288.0,Tstd:213.4,Bpos:243.9,Bstd:144.0,StrandBias:-0.4,Multiplicity:1.05
0.814	0.001	0.001	0.184
0.284	0.714	0.001	0.001
0.001	0.001	0.001	0.997
0.001	0.001	0.997	0.001
0.001	0.001	0.001	0.997
0.997	0.001	0.001	0.001
0.001	0.001	0.997	0.001
0.001	0.001	0.001	0.997
