Factor1: 1.0433973177084663
Factor2: 0.9584076775242487
