>ACAGGAAG	1-ACAGGAAG	7.135183	-158.528894	0	T:400.0(52.98%),B:11138.0(23.27%),P:1e-68	Tpos:238.5,Tstd:148.5,Bpos:213.2,Bstd:125.5,StrandBias:-0.0,Multiplicity:1.52
0.898	0.001	0.100	0.001
0.001	0.834	0.164	0.001
0.997	0.001	0.001	0.001
0.001	0.001	0.997	0.001
0.001	0.001	0.997	0.001
0.997	0.001	0.001	0.001
0.901	0.001	0.001	0.097
0.258	0.001	0.740	0.001
>GCGGAAGT	2-GCGGAAGT	7.449466	-84.171247	0	T:149.0(19.74%),B:2886.4(6.03%),P:1e-36	Tpos:259.7,Tstd:152.5,Bpos:212.5,Bstd:123.1,StrandBias:0.2,Multiplicity:1.01
0.184	0.028	0.770	0.018
0.214	0.784	0.001	0.001
0.001	0.005	0.993	0.001
0.012	0.006	0.981	0.001
0.952	0.012	0.003	0.033
0.997	0.001	0.001	0.001
0.233	0.007	0.744	0.016
0.001	0.001	0.154	0.844
>TGTGGTTA	3-TGTGGTTA	5.862363	-63.850078	0	T:375.0(49.67%),B:14556.8(30.41%),P:1e-27	Tpos:239.2,Tstd:160.8,Bpos:212.8,Bstd:133.5,StrandBias:0.1,Multiplicity:1.40
0.118	0.016	0.001	0.865
0.001	0.042	0.937	0.020
0.021	0.001	0.001	0.977
0.001	0.001	0.997	0.001
0.013	0.001	0.985	0.001
0.001	0.063	0.040	0.896
0.082	0.115	0.092	0.711
0.749	0.044	0.053	0.154
>GGGWGKAG	4-GGGWGKAG	6.376201	-60.313416	0	T:457.0(60.53%),B:19694.8(41.14%),P:1e-26	Tpos:225.1,Tstd:164.6,Bpos:213.3,Bstd:126.1,StrandBias:-0.2,Multiplicity:1.70
0.001	0.001	0.997	0.001
0.001	0.001	0.997	0.001
0.408	0.001	0.590	0.001
0.406	0.085	0.001	0.508
0.001	0.001	0.997	0.001
0.001	0.001	0.495	0.503
0.878	0.001	0.120	0.001
0.093	0.001	0.905	0.001
>CGGAAACT	5-CGGAAACT	3.913406	-43.225848	0	T:160.0(21.19%),B:4825.3(10.08%),P:1e-18	Tpos:257.6,Tstd:166.8,Bpos:213.4,Bstd:125.0,StrandBias:0.2,Multiplicity:1.10
0.001	0.843	0.001	0.155
0.001	0.001	0.997	0.001
0.001	0.001	0.997	0.001
0.997	0.001	0.001	0.001
0.997	0.001	0.001	0.001
0.997	0.001	0.001	0.001
0.078	0.920	0.001	0.001
0.311	0.001	0.001	0.687
>ACGTGTGA	6-ACGTGTGA	4.301816	-39.348533	0	T:253.0(33.51%),B:9663.5(20.19%),P:1e-17	Tpos:235.8,Tstd:158.6,Bpos:212.1,Bstd:135.9,StrandBias:-0.4,Multiplicity:1.18
0.812	0.001	0.186	0.001
0.206	0.685	0.108	0.001
0.001	0.001	0.997	0.001
0.001	0.293	0.001	0.705
0.001	0.001	0.997	0.001
0.001	0.232	0.001	0.766
0.001	0.001	0.652	0.346
0.997	0.001	0.001	0.001
>GTGACTAA	7-GTGACTAA	5.731403	-35.548961	0	T:252.0(33.38%),B:9908.3(20.70%),P:1e-15	Tpos:234.1,Tstd:156.0,Bpos:213.9,Bstd:133.8,StrandBias:0.1,Multiplicity:1.28
0.047	0.054	0.898	0.001
0.006	0.001	0.001	0.992
0.001	0.030	0.968	0.001
0.988	0.010	0.001	0.001
0.001	0.986	0.001	0.012
0.075	0.001	0.038	0.886
0.692	0.210	0.097	0.001
0.702	0.029	0.262	0.007
>TGACGTCA	8-TGACGTCA	6.134502	-31.855074	0	T:140.0(18.54%),B:4531.5(9.47%),P:1e-13	Tpos:239.2,Tstd:160.2,Bpos:204.8,Bstd:132.0,StrandBias:0.0,Multiplicity:1.14
0.092	0.061	0.109	0.738
0.001	0.086	0.856	0.057
0.735	0.047	0.172	0.046
0.069	0.765	0.005	0.161
0.127	0.083	0.702	0.088
0.144	0.030	0.021	0.805
0.130	0.618	0.186	0.066
0.806	0.109	0.049	0.036
>TGTTAGAG	9-TGTTAGAG	4.345134	-2.395866	0	T:712.0(94.30%),B:44530.2(93.02%),P:1e-1	Tpos:250.3,Tstd:177.6,Bpos:213.1,Bstd:129.4,StrandBias:0.1,Multiplicity:3.47
0.100	0.100	0.100	0.700
0.100	0.100	0.700	0.100
0.100	0.100	0.100	0.700
0.100	0.100	0.100	0.700
0.700	0.100	0.100	0.100
0.100	0.100	0.700	0.100
0.700	0.100	0.100	0.100
0.100	0.100	0.700	0.100
