>NCCACTTCCTGT	1-NCCACTTCCTGT	8.327964	-224.365722	0	T:278.0(36.82%),B:4245.1(8.87%),P:1e-97	Tpos:238.0,Tstd:139.3,Bpos:212.9,Bstd:128.6,StrandBias:0.1,Multiplicity:1.32
0.325	0.176	0.312	0.187
0.135	0.521	0.147	0.197
0.114	0.605	0.001	0.280
0.742	0.087	0.099	0.072
0.001	0.767	0.001	0.231
0.273	0.001	0.001	0.725
0.001	0.006	0.001	0.992
0.001	0.997	0.001	0.001
0.001	0.990	0.001	0.008
0.001	0.001	0.101	0.897
0.043	0.170	0.638	0.149
0.001	0.318	0.023	0.658
>GYTTCCTGTKWB	2-GYTTCCTGTKWB	8.367716	-95.719094	0	T:175.0(23.18%),B:3511.0(7.33%),P:1e-41	Tpos:242.2,Tstd:149.1,Bpos:215.2,Bstd:127.3,StrandBias:-0.3,Multiplicity:1.14
0.089	0.059	0.833	0.019
0.001	0.461	0.001	0.537
0.071	0.001	0.016	0.912
0.001	0.001	0.047	0.951
0.064	0.805	0.106	0.025
0.001	0.924	0.026	0.049
0.107	0.001	0.001	0.891
0.049	0.275	0.675	0.001
0.048	0.088	0.001	0.863
0.032	0.075	0.375	0.518
0.424	0.072	0.056	0.447
0.086	0.234	0.312	0.368
>NRGCCCCACCCW	3-NRGCCCCACCCW	8.695997	-52.930748	0	T:149.0(19.74%),B:3902.3(8.15%),P:1e-22	Tpos:205.1,Tstd:131.8,Bpos:213.6,Bstd:125.4,StrandBias:0.5,Multiplicity:1.20
0.229	0.236	0.297	0.237
0.379	0.055	0.417	0.149
0.398	0.047	0.554	0.001
0.076	0.882	0.027	0.015
0.157	0.537	0.001	0.305
0.275	0.723	0.001	0.001
0.001	0.997	0.001	0.001
0.580	0.012	0.104	0.304
0.001	0.728	0.054	0.217
0.001	0.997	0.001	0.001
0.001	0.986	0.001	0.012
0.387	0.118	0.027	0.468
>GTGTGACATCAT	4-GTGTGACATCAT	9.257977	-37.981002	0	T:52.0(6.89%),B:799.7(1.67%),P:1e-16	Tpos:237.0,Tstd:185.1,Bpos:200.8,Bstd:137.1,StrandBias:-0.2,Multiplicity:1.04
0.035	0.050	0.858	0.057
0.034	0.001	0.146	0.819
0.001	0.035	0.917	0.047
0.039	0.001	0.046	0.914
0.039	0.140	0.728	0.093
0.867	0.001	0.001	0.131
0.078	0.794	0.127	0.001
0.836	0.036	0.031	0.097
0.035	0.027	0.069	0.869
0.141	0.812	0.046	0.001
0.891	0.106	0.002	0.001
0.001	0.131	0.166	0.702
>GGAAAATATKAM	5-GGAAAATATKAM	9.227689	-32.670599	0	T:37.0(4.90%),B:475.4(0.99%),P:1e-14	Tpos:271.5,Tstd:179.8,Bpos:221.1,Bstd:120.2,StrandBias:-0.1,Multiplicity:1.09
0.252	0.061	0.686	0.001
0.052	0.034	0.859	0.055
0.865	0.018	0.044	0.073
0.981	0.001	0.017	0.001
0.906	0.001	0.092	0.001
0.497	0.104	0.181	0.218
0.080	0.166	0.073	0.681
0.527	0.179	0.245	0.049
0.228	0.068	0.046	0.658
0.139	0.100	0.433	0.327
0.788	0.031	0.062	0.119
0.224	0.373	0.185	0.218
>CATCCTGCCACT	6-CATCCTGCCACT	10.825930	-32.237364	0	T:35.0(4.64%),B:430.6(0.90%),P:1e-14	Tpos:233.0,Tstd:176.1,Bpos:227.9,Bstd:116.4,StrandBias:-1.1,Multiplicity:1.03
0.001	0.946	0.001	0.052
0.501	0.149	0.001	0.349
0.001	0.142	0.045	0.812
0.001	0.766	0.190	0.043
0.001	0.997	0.001	0.001
0.144	0.001	0.096	0.759
0.149	0.001	0.849	0.001
0.134	0.693	0.001	0.172
0.001	0.997	0.001	0.001
0.815	0.116	0.001	0.068
0.096	0.847	0.056	0.001
0.001	0.001	0.001	0.997
>TGCTGTGGTAAC	7-TGCTGTGGTAAC	9.545237	-31.400084	0	T:46.0(6.09%),B:755.6(1.58%),P:1e-13	Tpos:213.2,Tstd:137.2,Bpos:210.3,Bstd:137.5,StrandBias:0.3,Multiplicity:1.11
0.076	0.040	0.001	0.883
0.073	0.001	0.872	0.054
0.001	0.897	0.073	0.029
0.040	0.040	0.001	0.919
0.040	0.040	0.826	0.094
0.039	0.001	0.001	0.959
0.027	0.080	0.853	0.040
0.040	0.153	0.673	0.134
0.039	0.040	0.100	0.821
0.584	0.150	0.168	0.098
0.898	0.038	0.001	0.063
0.050	0.820	0.072	0.058
>GTGCTGAGTCAG	8-GTGCTGAGTCAG	10.291305	-28.986147	0	T:37.0(4.90%),B:538.9(1.13%),P:1e-12	Tpos:238.9,Tstd:139.5,Bpos:205.8,Bstd:129.4,StrandBias:0.1,Multiplicity:1.00
0.174	0.290	0.473	0.063
0.001	0.001	0.001	0.997
0.039	0.001	0.932	0.028
0.089	0.769	0.053	0.089
0.266	0.001	0.001	0.732
0.001	0.001	0.936	0.062
0.866	0.001	0.001	0.132
0.001	0.113	0.885	0.001
0.001	0.001	0.022	0.976
0.001	0.936	0.001	0.062
0.772	0.115	0.001	0.112
0.063	0.076	0.727	0.134
>CATTTCCTGTGT	9-CATTTCCTGTGT	10.030558	-25.666461	0	T:34.0(4.50%),B:515.7(1.08%),P:1e-11	Tpos:268.9,Tstd:160.2,Bpos:213.5,Bstd:122.8,StrandBias:1.7,Multiplicity:1.13
0.027	0.767	0.163	0.043
0.924	0.024	0.001	0.051
0.154	0.022	0.140	0.684
0.001	0.062	0.079	0.858
0.001	0.001	0.051	0.947
0.051	0.889	0.038	0.022
0.116	0.752	0.051	0.081
0.051	0.051	0.001	0.897
0.038	0.072	0.889	0.001
0.062	0.051	0.176	0.711
0.043	0.090	0.816	0.051
0.038	0.051	0.043	0.868
>AGATGACGTCAT	10-AGATGACGTCAT	7.554876	-24.082166	0	T:95.0(12.58%),B:2922.7(6.11%),P:1e-10	Tpos:224.8,Tstd:143.2,Bpos:212.2,Bstd:126.6,StrandBias:-0.2,Multiplicity:1.01
0.713	0.081	0.064	0.142
0.087	0.170	0.670	0.073
0.722	0.111	0.122	0.045
0.069	0.049	0.038	0.844
0.039	0.001	0.933	0.027
0.848	0.047	0.065	0.040
0.082	0.582	0.196	0.140
0.162	0.177	0.536	0.125
0.129	0.058	0.025	0.788
0.044	0.886	0.054	0.016
0.853	0.075	0.014	0.058
0.084	0.123	0.198	0.595
>CACTTCCTCTCA	11-CACTTCCTCTCA	9.959051	-24.049796	0	T:39.0(5.17%),B:704.1(1.47%),P:1e-10	Tpos:282.3,Tstd:185.6,Bpos:211.0,Bstd:130.1,StrandBias:0.5,Multiplicity:1.07
0.134	0.677	0.188	0.001
0.717	0.041	0.111	0.131
0.001	0.782	0.189	0.028
0.001	0.022	0.001	0.976
0.001	0.037	0.093	0.869
0.001	0.904	0.061	0.034
0.041	0.862	0.001	0.096
0.029	0.143	0.055	0.773
0.001	0.909	0.062	0.028
0.071	0.055	0.055	0.819
0.055	0.919	0.025	0.001
0.923	0.075	0.001	0.001
>ATCTGCATATAT	12-ATCTGCATATAT	9.433936	-22.360218	0	T:34.0(4.50%),B:585.9(1.22%),P:1e-9	Tpos:246.6,Tstd:172.1,Bpos:213.8,Bstd:119.0,StrandBias:0.0,Multiplicity:1.18
0.845	0.001	0.045	0.109
0.045	0.090	0.001	0.864
0.082	0.780	0.001	0.137
0.001	0.001	0.001	0.997
0.217	0.090	0.692	0.001
0.194	0.804	0.001	0.001
0.954	0.001	0.001	0.044
0.175	0.045	0.192	0.588
0.961	0.001	0.037	0.001
0.001	0.120	0.274	0.605
0.629	0.153	0.001	0.217
0.001	0.110	0.001	0.888
>GTGGTTACAGCT	13-GTGGTTACAGCT	9.123146	-21.287911	0	T:42.0(5.56%),B:881.6(1.84%),P:1e-9	Tpos:234.8,Tstd:150.1,Bpos:210.2,Bstd:130.0,StrandBias:-0.1,Multiplicity:1.07
0.001	0.167	0.778	0.054
0.099	0.001	0.040	0.860
0.001	0.001	0.959	0.039
0.001	0.108	0.801	0.090
0.001	0.101	0.054	0.844
0.054	0.032	0.167	0.747
0.849	0.001	0.076	0.074
0.045	0.870	0.040	0.045
0.866	0.054	0.001	0.079
0.004	0.088	0.854	0.054
0.127	0.621	0.153	0.099
0.036	0.001	0.001	0.962
>AACTAGGTCATG	14-AACTAGGTCATG	12.002244	-19.876373	0	T:10.0(1.32%),B:42.6(0.09%),P:1e-8	Tpos:210.1,Tstd:96.7,Bpos:203.2,Bstd:119.4,StrandBias:1.2,Multiplicity:1.30
0.997	0.001	0.001	0.001
0.861	0.137	0.001	0.001
0.276	0.552	0.171	0.001
0.001	0.137	0.001	0.861
0.861	0.001	0.137	0.001
0.275	0.001	0.723	0.001
0.001	0.001	0.997	0.001
0.001	0.137	0.001	0.861
0.001	0.861	0.001	0.137
0.997	0.001	0.001	0.001
0.001	0.001	0.001	0.997
0.137	0.001	0.861	0.001
>CCTACATGTGAT	15-CCTACATGTGAT	14.702650	-19.796917	0	T:4.0(0.53%),B:1.6(0.00%),P:1e-8	Tpos:230.5,Tstd:146.9,Bpos:271.9,Bstd:124.8,StrandBias:2.3,Multiplicity:1.50
0.001	0.997	0.001	0.001
0.001	0.997	0.001	0.001
0.001	0.001	0.001	0.997
0.997	0.001	0.001	0.001
0.001	0.997	0.001	0.001
0.997	0.001	0.001	0.001
0.001	0.001	0.001	0.997
0.001	0.001	0.815	0.183
0.001	0.001	0.001	0.997
0.001	0.001	0.997	0.001
0.997	0.001	0.001	0.001
0.001	0.183	0.001	0.815
>CTTCCTGTACTG	16-CTTCCTGTACTG	13.443694	-19.278776	0	T:12.0(1.59%),B:74.3(0.16%),P:1e-8	Tpos:170.0,Tstd:91.9,Bpos:241.2,Bstd:137.2,StrandBias:0.0,Multiplicity:1.20
0.001	0.703	0.164	0.132
0.001	0.001	0.001	0.997
0.001	0.001	0.001	0.997
0.001	0.997	0.001	0.001
0.001	0.997	0.001	0.001
0.001	0.001	0.001	0.997
0.001	0.001	0.997	0.001
0.001	0.001	0.001	0.997
0.638	0.001	0.360	0.001
0.001	0.853	0.145	0.001
0.001	0.001	0.001	0.997
0.001	0.195	0.803	0.001
>AAGAGGCCRGCC	17-AAGAGGCCRGCC	10.142102	-17.758529	0	T:29.0(3.84%),B:536.1(1.12%),P:1e-7	Tpos:204.8,Tstd:138.8,Bpos:209.6,Bstd:124.6,StrandBias:-0.4,Multiplicity:1.07
0.525	0.316	0.158	0.001
0.997	0.001	0.001	0.001
0.001	0.001	0.997	0.001
0.470	0.316	0.001	0.213
0.357	0.001	0.641	0.001
0.001	0.249	0.749	0.001
0.264	0.734	0.001	0.001
0.246	0.752	0.001	0.001
0.432	0.001	0.565	0.002
0.001	0.422	0.576	0.001
0.001	0.717	0.281	0.001
0.134	0.653	0.212	0.001
>GAGTGTGACTAC	18-GAGTGTGACTAC	14.898441	-17.566738	0	T:5.0(0.66%),B:5.7(0.01%),P:1e-7	Tpos:234.2,Tstd:132.7,Bpos:222.0,Bstd:77.9,StrandBias:-0.6,Multiplicity:1.00
0.001	0.001	0.997	0.001
0.997	0.001	0.001	0.001
0.001	0.001	0.997	0.001
0.001	0.001	0.239	0.759
0.001	0.001	0.997	0.001
0.001	0.001	0.001	0.997
0.001	0.001	0.997	0.001
0.759	0.001	0.239	0.001
0.001	0.997	0.001	0.001
0.001	0.001	0.001	0.997
0.997	0.001	0.001	0.001
0.001	0.997	0.001	0.001
>AATATCTGTAAC	19-AATATCTGTAAC	14.640156	-14.289341	0	T:4.0(0.53%),B:4.4(0.01%),P:1e-6	Tpos:246.8,Tstd:134.1,Bpos:207.8,Bstd:61.1,StrandBias:1.6,Multiplicity:1.00
0.997	0.001	0.001	0.001
0.997	0.001	0.001	0.001
0.001	0.001	0.249	0.749
0.997	0.001	0.001	0.001
0.001	0.001	0.001	0.997
0.001	0.997	0.001	0.001
0.001	0.001	0.001	0.997
0.001	0.249	0.749	0.001
0.001	0.001	0.001	0.997
0.997	0.001	0.001	0.001
0.749	0.001	0.001	0.249
0.001	0.997	0.001	0.001
>GGGGGGGGGGGG	20-GGGGGGGGGGGG	7.752933	-12.447974	0	T:172.0(22.78%),B:7864.6(16.43%),P:1e-5	Tpos:243.6,Tstd:179.9,Bpos:211.9,Bstd:126.2,StrandBias:-0.1,Multiplicity:1.22
0.093	0.001	0.794	0.112
0.001	0.001	0.923	0.075
0.001	0.001	0.947	0.051
0.073	0.055	0.747	0.125
0.012	0.051	0.787	0.150
0.033	0.066	0.723	0.178
0.056	0.001	0.888	0.055
0.159	0.001	0.747	0.093
0.071	0.014	0.894	0.021
0.066	0.001	0.871	0.062
0.046	0.010	0.855	0.089
0.030	0.067	0.823	0.080
>GAGGATAGKGTA	21-GAGGATAGKGTA	12.263469	-10.324902	0	T:6.0(0.79%),B:37.7(0.08%),P:1e-4	Tpos:153.5,Tstd:104.7,Bpos:207.2,Bstd:135.7,StrandBias:1.0,Multiplicity:2.00
0.245	0.001	0.753	0.001
0.509	0.001	0.245	0.245
0.001	0.001	0.997	0.001
0.001	0.001	0.997	0.001
0.793	0.205	0.001	0.001
0.001	0.001	0.001	0.997
0.747	0.001	0.251	0.001
0.001	0.001	0.997	0.001
0.001	0.001	0.544	0.454
0.001	0.001	0.997	0.001
0.001	0.001	0.001	0.997
0.952	0.001	0.046	0.001
>CACAGTGTGTTA	22-CACAGTGTGTTA	0.480345	-8.960215	0	T:64.0(8.48%),B:2500.6(5.22%),P:1e-3	Tpos:238.2,Tstd:147.9,Bpos:214.8,Bstd:135.4,StrandBias:0.5,Multiplicity:1.17
0.001	0.997	0.001	0.001
0.899	0.001	0.099	0.001
0.001	0.997	0.001	0.001
0.997	0.001	0.001	0.001
0.001	0.001	0.997	0.001
0.001	0.001	0.001	0.997
0.001	0.001	0.997	0.001
0.001	0.001	0.001	0.997
0.001	0.001	0.997	0.001
0.001	0.001	0.001	0.997
0.001	0.001	0.001	0.997
0.997	0.001	0.001	0.001
>CATCCTACATAG	23-CATCCTACATAG	14.363588	-8.489019	0	T:3.0(0.40%),B:7.1(0.01%),P:1e-3	Tpos:141.7,Tstd:63.0,Bpos:202.8,Bstd:112.0,StrandBias:2.3,Multiplicity:2.00
0.001	0.825	0.001	0.173
0.825	0.001	0.001	0.173
0.001	0.001	0.001	0.997
0.001	0.997	0.001	0.001
0.001	0.825	0.001	0.173
0.001	0.001	0.001	0.997
0.997	0.001	0.001	0.001
0.001	0.997	0.001	0.001
0.997	0.001	0.001	0.001
0.001	0.001	0.101	0.897
0.997	0.001	0.001	0.001
0.001	0.001	0.997	0.001
>ATGTGTTAGAGG	24-ATGTGTTAGAGG	16.359135	-6.827823	0	T:2.0(0.26%),B:3.4(0.01%),P:1e-2	Tpos:381.3,Tstd:128.0,Bpos:291.4,Bstd:76.8,StrandBias:10.0,Multiplicity:12.50
0.784	0.001	0.214	0.001
0.001	0.001	0.001	0.997
0.001	0.001	0.997	0.001
0.001	0.001	0.001	0.997
0.001	0.001	0.997	0.001
0.001	0.001	0.001	0.997
0.001	0.001	0.001	0.997
0.997	0.001	0.001	0.001
0.001	0.001	0.997	0.001
0.997	0.001	0.001	0.001
0.001	0.001	0.997	0.001
0.001	0.001	0.997	0.001
>AGGTCTCAGTGT	25-AGGTCTCAGTGT	16.430506	-5.174899	0	T:2.0(0.26%),B:7.1(0.01%),P:1e-2	Tpos:115.0,Tstd:56.6,Bpos:119.4,Bstd:63.1,StrandBias:10.0,Multiplicity:3.00
0.997	0.001	0.001	0.001
0.156	0.001	0.842	0.001
0.001	0.001	0.997	0.001
0.001	0.001	0.001	0.997
0.001	0.997	0.001	0.001
0.001	0.001	0.001	0.997
0.001	0.997	0.001	0.001
0.997	0.001	0.001	0.001
0.001	0.001	0.997	0.001
0.001	0.001	0.001	0.997
0.001	0.001	0.997	0.001
0.001	0.001	0.001	0.997
