>ACAGGAAGTG	1-ACAGGAAGTG	7.729098	-241.989437	0	T:322.0(42.65%),B:5414.9(11.31%),P:1e-105	Tpos:241.7,Tstd:143.0,Bpos:212.2,Bstd:128.8,StrandBias:-0.1,Multiplicity:1.31
0.750	0.063	0.172	0.015
0.114	0.730	0.125	0.031
0.828	0.121	0.033	0.018
0.027	0.017	0.943	0.013
0.023	0.032	0.930	0.015
0.985	0.007	0.001	0.007
0.793	0.018	0.015	0.174
0.203	0.014	0.761	0.022
0.059	0.184	0.063	0.694
0.181	0.085	0.590	0.144
>CAGGATGTGG	2-CAGGATGTGG	8.917531	-77.554740	0	T:93.0(12.32%),B:1252.1(2.62%),P:1e-33	Tpos:236.5,Tstd:160.7,Bpos:212.9,Bstd:126.5,StrandBias:-0.6,Multiplicity:1.09
0.142	0.532	0.201	0.125
0.907	0.056	0.036	0.001
0.070	0.056	0.873	0.001
0.001	0.001	0.997	0.001
0.832	0.001	0.166	0.001
0.001	0.001	0.001	0.997
0.034	0.001	0.964	0.001
0.001	0.042	0.001	0.956
0.023	0.001	0.953	0.023
0.001	0.001	0.997	0.001
>BAGYTTCCTC	3-BAGYTTCCTC	7.753237	-69.744984	0	T:232.0(30.73%),B:6818.3(14.24%),P:1e-30	Tpos:228.3,Tstd:136.8,Bpos:214.7,Bstd:123.5,StrandBias:0.2,Multiplicity:1.13
0.001	0.393	0.262	0.345
0.494	0.049	0.253	0.204
0.279	0.001	0.719	0.001
0.035	0.325	0.206	0.435
0.102	0.163	0.001	0.734
0.001	0.001	0.001	0.997
0.001	0.891	0.107	0.001
0.031	0.877	0.001	0.091
0.026	0.001	0.001	0.972
0.107	0.634	0.258	0.001
>TGTGGTTAVM	4-TGTGGTTAVM	7.309340	-58.187423	0	T:189.0(25.03%),B:5403.6(11.29%),P:1e-25	Tpos:239.8,Tstd:155.9,Bpos:211.9,Bstd:132.7,StrandBias:-0.1,Multiplicity:1.22
0.148	0.066	0.001	0.785
0.001	0.161	0.794	0.044
0.035	0.001	0.001	0.963
0.036	0.001	0.962	0.001
0.087	0.001	0.894	0.018
0.001	0.082	0.209	0.708
0.117	0.071	0.135	0.677
0.573	0.005	0.146	0.276
0.306	0.282	0.329	0.083
0.399	0.309	0.061	0.231
>CTATTTCCGC	5-CTATTTCCGC	7.534753	-56.096705	0	T:110.0(14.57%),B:2270.6(4.74%),P:1e-24	Tpos:251.7,Tstd:164.8,Bpos:213.9,Bstd:126.0,StrandBias:-0.3,Multiplicity:1.10
0.172	0.686	0.002	0.140
0.108	0.114	0.001	0.777
0.564	0.128	0.107	0.201
0.001	0.057	0.070	0.872
0.154	0.001	0.001	0.844
0.001	0.001	0.001	0.997
0.035	0.934	0.001	0.030
0.048	0.950	0.001	0.001
0.184	0.027	0.642	0.147
0.001	0.704	0.136	0.159
>GAAGTGACAC	6-GAAGTGACAC	6.206236	-36.792141	0	T:285.0(37.75%),B:11597.1(24.22%),P:1e-15	Tpos:252.3,Tstd:164.8,Bpos:209.9,Bstd:131.1,StrandBias:-0.2,Multiplicity:1.22
0.084	0.070	0.795	0.051
0.846	0.110	0.011	0.033
0.818	0.001	0.088	0.093
0.111	0.118	0.740	0.031
0.096	0.034	0.058	0.812
0.039	0.082	0.846	0.033
0.737	0.085	0.020	0.158
0.012	0.829	0.093	0.066
0.775	0.076	0.063	0.086
0.079	0.816	0.050	0.055
>GAACGGAAGT	7-GAACGGAAGT	9.386412	-35.839882	0	T:22.0(2.91%),B:124.2(0.26%),P:1e-15	Tpos:228.3,Tstd:118.1,Bpos:207.8,Bstd:139.5,StrandBias:-0.3,Multiplicity:1.00
0.095	0.001	0.766	0.138
0.802	0.091	0.001	0.106
0.997	0.001	0.001	0.001
0.001	0.997	0.001	0.001
0.001	0.001	0.997	0.001
0.001	0.111	0.887	0.001
0.997	0.001	0.001	0.001
0.753	0.119	0.001	0.127
0.001	0.001	0.997	0.001
0.072	0.001	0.001	0.926
>GRTGACGTCA	8-GRTGACGTCA	7.065377	-35.180724	0	T:127.0(16.82%),B:3758.5(7.85%),P:1e-15	Tpos:249.3,Tstd:152.5,Bpos:210.5,Bstd:130.4,StrandBias:-0.2,Multiplicity:1.08
0.113	0.164	0.628	0.095
0.453	0.079	0.443	0.025
0.055	0.001	0.046	0.898
0.013	0.024	0.847	0.116
0.898	0.001	0.100	0.001
0.104	0.704	0.095	0.097
0.181	0.095	0.641	0.083
0.045	0.042	0.033	0.880
0.150	0.739	0.075	0.036
0.832	0.031	0.001	0.136
>AATGGAAACT	9-AATGGAAACT	9.490609	-29.279678	0	T:40.0(5.30%),B:619.5(1.29%),P:1e-12	Tpos:235.1,Tstd:154.3,Bpos:216.4,Bstd:121.9,StrandBias:-0.4,Multiplicity:1.00
0.806	0.192	0.001	0.001
0.859	0.139	0.001	0.001
0.001	0.190	0.001	0.808
0.001	0.001	0.997	0.001
0.001	0.001	0.997	0.001
0.948	0.050	0.001	0.001
0.997	0.001	0.001	0.001
0.997	0.001	0.001	0.001
0.177	0.732	0.090	0.001
0.059	0.001	0.099	0.841
>GCCCCRCCCW	10-GCCCCRCCCW	8.746741	-27.416852	0	T:88.0(11.66%),B:2449.1(5.12%),P:1e-11	Tpos:201.1,Tstd:150.1,Bpos:213.3,Bstd:123.3,StrandBias:0.3,Multiplicity:1.16
0.043	0.052	0.804	0.101
0.070	0.889	0.001	0.040
0.067	0.541	0.001	0.391
0.001	0.928	0.070	0.001
0.218	0.755	0.001	0.026
0.312	0.157	0.407	0.125
0.072	0.926	0.001	0.001
0.120	0.878	0.001	0.001
0.026	0.972	0.001	0.001
0.548	0.007	0.033	0.412
>BCTGASTCAG	11-BCTGASTCAG	4.557263	-24.015071	0	T:74.0(9.80%),B:2019.1(4.22%),P:1e-10	Tpos:236.5,Tstd:167.9,Bpos:215.2,Bstd:131.1,StrandBias:0.2,Multiplicity:1.06
0.001	0.379	0.345	0.275
0.421	0.577	0.001	0.001
0.001	0.001	0.001	0.997
0.001	0.001	0.997	0.001
0.997	0.001	0.001	0.001
0.001	0.542	0.456	0.001
0.001	0.001	0.001	0.997
0.001	0.997	0.001	0.001
0.997	0.001	0.001	0.001
0.001	0.001	0.621	0.377
>AACATAAGTG	12-AACATAAGTG	8.585632	-23.048525	0	T:37.0(4.90%),B:664.7(1.39%),P:1e-10	Tpos:223.8,Tstd:183.0,Bpos:215.2,Bstd:129.8,StrandBias:0.9,Multiplicity:1.03
0.914	0.056	0.015	0.015
0.904	0.001	0.094	0.001
0.001	0.881	0.117	0.001
0.909	0.001	0.001	0.089
0.049	0.036	0.001	0.914
0.819	0.044	0.052	0.085
0.997	0.001	0.001	0.001
0.001	0.084	0.914	0.001
0.001	0.001	0.121	0.877
0.092	0.001	0.786	0.121
>TAGCACAGCA	13-TAGCACAGCA	9.145304	-17.671577	0	T:23.0(3.05%),B:352.7(0.74%),P:1e-7	Tpos:243.1,Tstd:126.4,Bpos:218.3,Bstd:131.9,StrandBias:0.1,Multiplicity:1.00
0.001	0.001	0.158	0.840
0.997	0.001	0.001	0.001
0.001	0.001	0.997	0.001
0.001	0.997	0.001	0.001
0.856	0.001	0.142	0.001
0.001	0.997	0.001	0.001
0.997	0.001	0.001	0.001
0.075	0.001	0.923	0.001
0.001	0.997	0.001	0.001
0.897	0.001	0.101	0.001
>TGTTAAAGGK	14-TGTTAAAGGK	8.144902	-17.423798	0	T:57.0(7.55%),B:1616.0(3.38%),P:1e-7	Tpos:277.8,Tstd:155.3,Bpos:212.5,Bstd:130.7,StrandBias:0.4,Multiplicity:1.02
0.001	0.006	0.048	0.945
0.048	0.036	0.890	0.026
0.004	0.135	0.101	0.760
0.360	0.019	0.020	0.601
0.958	0.005	0.034	0.003
0.792	0.031	0.135	0.042
0.712	0.001	0.008	0.279
0.126	0.139	0.733	0.002
0.058	0.003	0.847	0.092
0.158	0.001	0.449	0.392
>CCCCCCCCCC	15-CCCCCCCCCC	7.417229	-14.922756	0	T:213.0(28.21%),B:9838.5(20.55%),P:1e-6	Tpos:250.0,Tstd:178.9,Bpos:212.0,Bstd:127.5,StrandBias:0.1,Multiplicity:1.36
0.001	0.989	0.005	0.005
0.163	0.762	0.008	0.067
0.122	0.677	0.001	0.200
0.180	0.707	0.005	0.108
0.187	0.725	0.001	0.087
0.156	0.742	0.096	0.006
0.074	0.911	0.014	0.001
0.088	0.861	0.001	0.050
0.184	0.784	0.001	0.031
0.100	0.852	0.001	0.047
>TGGCGTAATG	16-TGGCGTAATG	10.296193	-14.256282	0	T:3.0(0.40%),B:0.6(0.00%),P:1e-6	Tpos:224.0,Tstd:44.6,Bpos:64.0,Bstd:0.0,StrandBias:1.0,Multiplicity:1.00
0.100	0.100	0.100	0.700
0.100	0.100	0.700	0.100
0.100	0.100	0.700	0.100
0.100	0.700	0.100	0.100
0.100	0.100	0.700	0.100
0.100	0.100	0.100	0.700
0.700	0.100	0.100	0.100
0.700	0.100	0.100	0.100
0.100	0.100	0.100	0.700
0.100	0.100	0.700	0.100
>GGTGTGATCA	17-GGTGTGATCA	11.436170	-13.289320	0	T:9.0(1.19%),B:67.2(0.14%),P:1e-5	Tpos:158.7,Tstd:86.0,Bpos:216.7,Bstd:131.0,StrandBias:1.0,Multiplicity:1.00
0.001	0.001	0.997	0.001
0.001	0.001	0.997	0.001
0.001	0.001	0.001	0.997
0.001	0.001	0.997	0.001
0.001	0.001	0.001	0.997
0.168	0.001	0.830	0.001
0.997	0.001	0.001	0.001
0.001	0.001	0.001	0.997
0.001	0.889	0.001	0.109
0.997	0.001	0.001	0.001
>ACCCTCGACT	18-ACCCTCGACT	12.396207	-12.893286	0	T:5.0(0.66%),B:13.2(0.03%),P:1e-5	Tpos:142.0,Tstd:118.7,Bpos:191.0,Bstd:117.9,StrandBias:2.0,Multiplicity:1.00
0.997	0.001	0.001	0.001
0.001	0.997	0.001	0.001
0.001	0.997	0.001	0.001
0.001	0.997	0.001	0.001
0.001	0.001	0.001	0.997
0.001	0.997	0.001	0.001
0.001	0.001	0.997	0.001
0.997	0.001	0.001	0.001
0.001	0.761	0.001	0.237
0.001	0.001	0.001	0.997
>GTCTCAGWAT	19-GTCTCAGWAT	8.692356	-10.780184	0	T:32.0(4.24%),B:889.0(1.86%),P:1e-4	Tpos:176.3,Tstd:103.5,Bpos:207.3,Bstd:132.4,StrandBias:1.1,Multiplicity:1.23
0.017	0.001	0.942	0.040
0.049	0.094	0.001	0.856
0.253	0.581	0.105	0.061
0.001	0.001	0.220	0.778
0.001	0.840	0.038	0.121
0.997	0.001	0.001	0.001
0.001	0.059	0.819	0.121
0.446	0.001	0.001	0.552
0.857	0.001	0.141	0.001
0.011	0.001	0.048	0.940
>GTGTTAGAGG	20-GTGTTAGAGG	6.404373	-4.722057	0	T:252.0(33.38%),B:14048.3(29.34%),P:1e-2	Tpos:251.9,Tstd:180.0,Bpos:213.6,Bstd:130.0,StrandBias:0.4,Multiplicity:1.37
0.100	0.100	0.700	0.100
0.100	0.100	0.100	0.700
0.100	0.100	0.700	0.100
0.100	0.100	0.100	0.700
0.100	0.100	0.100	0.700
0.700	0.100	0.100	0.100
0.100	0.100	0.700	0.100
0.700	0.100	0.100	0.100
0.100	0.100	0.700	0.100
0.100	0.100	0.700	0.100
