>CTCAACAGAG	1-CTCAACAGAG	6.888257	-19.035752	0	T:74.0(32.17%),B:8262.8(16.62%),P:1e-8	Tpos:304.0,Tstd:230.3,Bpos:219.3,Bstd:124.2,StrandBias:0.2,Multiplicity:1.30
0.001	0.830	0.048	0.121
0.097	0.033	0.001	0.869
0.080	0.784	0.095	0.041
0.762	0.044	0.036	0.158
0.777	0.112	0.054	0.057
0.079	0.827	0.066	0.028
0.864	0.001	0.001	0.134
0.058	0.137	0.804	0.001
0.835	0.001	0.044	0.120
0.126	0.172	0.658	0.044
>GAAGACATTC	2-GAAGACATTC	9.822766	-18.982158	0	T:18.0(7.83%),B:690.6(1.39%),P:1e-8	Tpos:333.2,Tstd:221.9,Bpos:217.0,Bstd:120.6,StrandBias:0.6,Multiplicity:1.11
0.088	0.001	0.803	0.108
0.878	0.001	0.120	0.001
0.872	0.001	0.001	0.126
0.072	0.001	0.926	0.001
0.949	0.001	0.001	0.049
0.196	0.802	0.001	0.001
0.895	0.001	0.001	0.103
0.001	0.001	0.114	0.884
0.001	0.001	0.001	0.997
0.001	0.997	0.001	0.001
>AATGGAACCT	3-AATGGAACCT	10.081645	-18.321761	0	T:16.0(6.96%),B:557.9(1.12%),P:1e-7	Tpos:425.8,Tstd:451.3,Bpos:224.0,Bstd:124.0,StrandBias:0.0,Multiplicity:1.00
0.908	0.001	0.001	0.090
0.997	0.001	0.001	0.001
0.001	0.001	0.183	0.815
0.001	0.001	0.997	0.001
0.058	0.105	0.836	0.001
0.910	0.001	0.001	0.088
0.904	0.001	0.001	0.094
0.001	0.873	0.054	0.072
0.001	0.924	0.001	0.074
0.001	0.095	0.001	0.903
>ATGCCCCAAG	4-ATGCCCCAAG	10.270322	-14.106216	0	T:11.0(4.78%),B:341.4(0.69%),P:1e-6	Tpos:222.5,Tstd:222.4,Bpos:218.1,Bstd:127.8,StrandBias:1.6,Multiplicity:1.09
0.889	0.001	0.001	0.109
0.360	0.001	0.103	0.536
0.001	0.108	0.890	0.001
0.099	0.899	0.001	0.001
0.001	0.997	0.001	0.001
0.001	0.890	0.001	0.108
0.001	0.997	0.001	0.001
0.997	0.001	0.001	0.001
0.997	0.001	0.001	0.001
0.001	0.001	0.997	0.001
>TAGGTCSATG	5-TAGGTCSATG	11.336803	-12.250451	0	T:4.0(1.74%),B:23.8(0.05%),P:1e-5	Tpos:179.5,Tstd:122.6,Bpos:240.7,Bstd:112.1,StrandBias:2.3,Multiplicity:1.50
0.001	0.001	0.167	0.831
0.997	0.001	0.001	0.001
0.001	0.389	0.609	0.001
0.001	0.001	0.988	0.010
0.001	0.001	0.001	0.997
0.001	0.818	0.001	0.180
0.001	0.429	0.569	0.001
0.831	0.001	0.001	0.167
0.001	0.001	0.191	0.807
0.001	0.001	0.807	0.191
