>CTGGTGAG	1-CTGGTGAG	7.122161	-17.940461	0	T:71.0(30.87%),B:7970.6(16.03%),P:1e-7	Tpos:366.7,Tstd:341.8,Bpos:217.4,Bstd:126.0,StrandBias:0.0,Multiplicity:1.25
0.001	0.654	0.001	0.344
0.124	0.001	0.001	0.874
0.001	0.001	0.997	0.001
0.001	0.001	0.596	0.402
0.001	0.001	0.001	0.997
0.001	0.095	0.903	0.001
0.997	0.001	0.001	0.001
0.124	0.001	0.874	0.001
>AAGAMTTC	2-AAGAMTTC	7.404665	-17.145354	0	T:58.0(25.22%),B:6008.9(12.08%),P:1e-7	Tpos:339.5,Tstd:239.3,Bpos:217.2,Bstd:126.7,StrandBias:0.3,Multiplicity:1.28
0.898	0.001	0.001	0.100
0.727	0.001	0.001	0.271
0.070	0.207	0.722	0.001
0.946	0.052	0.001	0.001
0.530	0.401	0.068	0.001
0.069	0.252	0.001	0.678
0.001	0.218	0.001	0.780
0.166	0.718	0.115	0.001
>CACTAGCA	3-CACTAGCA	5.448872	-16.587791	0	T:103.0(44.78%),B:14022.6(28.20%),P:1e-7	Tpos:291.9,Tstd:280.0,Bpos:217.7,Bstd:125.0,StrandBias:-0.2,Multiplicity:1.31
0.266	0.732	0.001	0.001
0.685	0.086	0.165	0.064
0.001	0.904	0.001	0.094
0.001	0.001	0.091	0.907
0.799	0.001	0.001	0.199
0.001	0.001	0.700	0.298
0.001	0.997	0.001	0.001
0.997	0.001	0.001	0.001
>GGTTCCAA	4-GGTTCCAA	6.544781	-15.356877	0	T:60.0(26.09%),B:6653.4(13.38%),P:1e-6	Tpos:353.1,Tstd:328.5,Bpos:220.3,Bstd:126.1,StrandBias:0.1,Multiplicity:1.15
0.197	0.001	0.766	0.036
0.162	0.205	0.572	0.061
0.003	0.054	0.024	0.919
0.132	0.104	0.037	0.727
0.037	0.841	0.066	0.056
0.004	0.906	0.001	0.089
0.674	0.261	0.003	0.062
0.620	0.065	0.118	0.197
>ACCCCTTA	5-ACCCCTTA	7.283383	-13.780165	0	T:36.0(15.65%),B:3240.7(6.52%),P:1e-5	Tpos:237.0,Tstd:265.1,Bpos:214.9,Bstd:126.2,StrandBias:0.0,Multiplicity:1.06
0.810	0.139	0.001	0.050
0.198	0.662	0.139	0.001
0.050	0.948	0.001	0.001
0.001	0.780	0.001	0.218
0.092	0.906	0.001	0.001
0.103	0.001	0.001	0.895
0.112	0.193	0.036	0.659
0.611	0.246	0.142	0.001
