>NNAAACCACA	1-NNAAACCACA	6.970960	-143.362691	0	T:542.0(26.49%),B:5982.0(12.70%),P:1e-62	Tpos:293.0,Tstd:245.6,Bpos:230.1,Bstd:138.8,StrandBias:0.1,Multiplicity:1.25
0.264	0.211	0.309	0.215
0.224	0.259	0.310	0.207
0.544	0.248	0.001	0.207
0.812	0.001	0.186	0.001
0.752	0.060	0.187	0.001
0.009	0.900	0.090	0.001
0.001	0.958	0.001	0.040
0.555	0.158	0.177	0.110
0.120	0.749	0.130	0.001
0.556	0.149	0.080	0.215
>ACAGGAAGTG	2-ACAGGAAGTG	8.257174	-125.242915	0	T:439.0(21.46%),B:4612.7(9.79%),P:1e-54	Tpos:285.8,Tstd:227.5,Bpos:227.7,Bstd:134.7,StrandBias:0.1,Multiplicity:1.18
0.723	0.054	0.204	0.019
0.270	0.477	0.179	0.074
0.997	0.001	0.001	0.001
0.001	0.023	0.975	0.001
0.040	0.001	0.919	0.040
0.997	0.001	0.001	0.001
0.729	0.001	0.001	0.269
0.105	0.001	0.893	0.001
0.001	0.174	0.139	0.686
0.101	0.131	0.686	0.082
>TTKCNNTTKV	3-TTKCNNTTKV	5.643907	-83.639092	0	T:284.0(13.88%),B:2884.5(6.12%),P:1e-36	Tpos:316.6,Tstd:291.1,Bpos:231.6,Bstd:141.9,StrandBias:-0.0,Multiplicity:1.15
0.331	0.001	0.001	0.667
0.292	0.245	0.004	0.459
0.006	0.173	0.394	0.427
0.001	0.654	0.001	0.344
0.316	0.234	0.274	0.175
0.280	0.222	0.289	0.208
0.236	0.001	0.281	0.482
0.001	0.001	0.237	0.761
0.234	0.004	0.332	0.430
0.292	0.402	0.305	0.001
>GGTRTGACTM	4-GGTRTGACTM	6.357884	-68.106473	0	T:606.0(29.62%),B:9008.5(19.12%),P:1e-29	Tpos:285.2,Tstd:256.4,Bpos:230.3,Bstd:136.9,StrandBias:-0.0,Multiplicity:1.23
0.215	0.170	0.417	0.197
0.217	0.168	0.422	0.192
0.148	0.094	0.164	0.594
0.407	0.069	0.400	0.124
0.106	0.001	0.022	0.871
0.042	0.013	0.944	0.001
0.823	0.123	0.020	0.034
0.001	0.670	0.328	0.001
0.001	0.001	0.024	0.974
0.434	0.428	0.107	0.031
>CCMCCTASTG	5-CCMCCTASTG	9.417186	-66.091091	0	T:138.0(6.74%),B:1044.9(2.22%),P:1e-28	Tpos:297.7,Tstd:277.6,Bpos:231.3,Bstd:133.4,StrandBias:-0.4,Multiplicity:1.08
0.182	0.785	0.001	0.032
0.001	0.997	0.001	0.001
0.422	0.557	0.020	0.001
0.001	0.817	0.001	0.181
0.001	0.983	0.001	0.015
0.001	0.001	0.033	0.965
0.674	0.001	0.324	0.001
0.001	0.424	0.574	0.001
0.043	0.001	0.090	0.866
0.001	0.001	0.997	0.001
>GGGAATTTCC	6-GGGAATTTCC	8.106483	-64.341970	0	T:164.0(8.02%),B:1413.0(3.00%),P:1e-27	Tpos:311.0,Tstd:306.2,Bpos:225.5,Bstd:131.3,StrandBias:0.3,Multiplicity:1.07
0.024	0.089	0.840	0.047
0.011	0.001	0.838	0.150
0.001	0.010	0.981	0.008
0.606	0.073	0.197	0.124
0.709	0.040	0.130	0.121
0.314	0.083	0.004	0.599
0.001	0.036	0.087	0.876
0.068	0.125	0.047	0.760
0.071	0.913	0.011	0.005
0.041	0.903	0.055	0.001
>GCYCCRCCCT	7-GCYCCRCCCT	7.979678	-58.944077	0	T:510.0(24.93%),B:7457.0(15.83%),P:1e-25	Tpos:344.1,Tstd:306.3,Bpos:230.7,Bstd:140.4,StrandBias:-0.1,Multiplicity:1.51
0.242	0.135	0.475	0.148
0.038	0.892	0.049	0.021
0.187	0.459	0.001	0.354
0.054	0.827	0.112	0.007
0.057	0.854	0.001	0.088
0.366	0.001	0.499	0.134
0.001	0.960	0.001	0.038
0.001	0.946	0.052	0.001
0.054	0.752	0.001	0.193
0.280	0.284	0.001	0.435
>CCACATCAAA	8-CCACATCAAA	7.720068	-49.563382	0	T:174.0(8.50%),B:1784.6(3.79%),P:1e-21	Tpos:251.2,Tstd:216.1,Bpos:233.4,Bstd:137.8,StrandBias:0.3,Multiplicity:1.10
0.077	0.805	0.077	0.041
0.083	0.779	0.106	0.032
0.825	0.022	0.072	0.081
0.048	0.848	0.059	0.045
0.736	0.064	0.099	0.101
0.107	0.095	0.071	0.727
0.093	0.804	0.063	0.040
0.908	0.023	0.007	0.062
0.758	0.145	0.065	0.032
0.819	0.020	0.073	0.088
>AGACTGCGGT	9-AGACTGCGGT	7.490784	-44.291482	0	T:133.0(6.50%),B:1259.6(2.67%),P:1e-19	Tpos:310.7,Tstd:248.9,Bpos:227.8,Bstd:149.9,StrandBias:-0.2,Multiplicity:1.07
0.812	0.077	0.110	0.001
0.135	0.027	0.505	0.333
0.646	0.158	0.001	0.195
0.211	0.708	0.080	0.001
0.099	0.176	0.142	0.583
0.001	0.103	0.895	0.001
0.001	0.991	0.001	0.007
0.001	0.001	0.997	0.001
0.001	0.104	0.894	0.001
0.219	0.001	0.047	0.733
>TTGTGAGTCA	10-TTGTGAGTCA	6.742686	-43.055304	0	T:436.0(21.31%),B:6596.9(14.00%),P:1e-18	Tpos:280.1,Tstd:227.2,Bpos:231.7,Bstd:137.4,StrandBias:0.3,Multiplicity:1.11
0.026	0.065	0.083	0.826
0.060	0.132	0.040	0.768
0.088	0.065	0.769	0.078
0.068	0.041	0.049	0.842
0.083	0.057	0.753	0.107
0.819	0.054	0.069	0.058
0.094	0.050	0.798	0.058
0.084	0.079	0.026	0.811
0.051	0.821	0.080	0.048
0.838	0.073	0.031	0.058
>ACAGAAAGTA	11-ACAGAAAGTA	7.299516	-38.652778	0	T:147.0(7.18%),B:1567.9(3.33%),P:1e-16	Tpos:338.8,Tstd:296.1,Bpos:230.7,Bstd:137.1,StrandBias:0.4,Multiplicity:1.09
0.403	0.138	0.250	0.209
0.170	0.716	0.044	0.070
0.460	0.142	0.155	0.244
0.056	0.097	0.723	0.124
0.714	0.070	0.157	0.059
0.644	0.081	0.167	0.108
0.672	0.203	0.078	0.047
0.050	0.085	0.731	0.134
0.155	0.181	0.149	0.515
0.677	0.054	0.159	0.110
>CGTTTGAAAT	12-CGTTTGAAAT	6.090229	-37.072177	0	T:282.0(13.78%),B:3911.3(8.30%),P:1e-16	Tpos:305.6,Tstd:286.5,Bpos:229.6,Bstd:141.9,StrandBias:-0.1,Multiplicity:1.10
0.001	0.829	0.021	0.149
0.002	0.164	0.829	0.005
0.091	0.032	0.224	0.653
0.148	0.302	0.028	0.522
0.178	0.001	0.007	0.814
0.110	0.152	0.535	0.203
0.596	0.100	0.001	0.303
0.510	0.147	0.148	0.195
0.488	0.075	0.289	0.148
0.002	0.252	0.274	0.472
>ACTCATTTCC	13-ACTCATTTCC	9.330387	-33.673111	0	T:74.0(3.62%),B:586.8(1.25%),P:1e-14	Tpos:222.2,Tstd:212.6,Bpos:244.4,Bstd:132.8,StrandBias:0.5,Multiplicity:1.03
0.953	0.001	0.001	0.045
0.001	0.983	0.001	0.015
0.091	0.001	0.001	0.907
0.028	0.942	0.029	0.001
0.962	0.001	0.036	0.001
0.001	0.001	0.095	0.903
0.001	0.001	0.065	0.933
0.093	0.001	0.001	0.905
0.001	0.955	0.043	0.001
0.121	0.623	0.078	0.178
>CRTGTGGTCG	14-CRTGTGGTCG	7.890645	-33.483030	0	T:122.0(5.96%),B:1277.5(2.71%),P:1e-14	Tpos:301.3,Tstd:233.3,Bpos:237.5,Bstd:137.1,StrandBias:-0.1,Multiplicity:1.13
0.027	0.702	0.190	0.081
0.374	0.071	0.450	0.105
0.055	0.066	0.011	0.868
0.001	0.060	0.728	0.211
0.239	0.001	0.025	0.735
0.137	0.039	0.783	0.041
0.086	0.035	0.878	0.001
0.070	0.001	0.053	0.876
0.101	0.708	0.190	0.001
0.256	0.027	0.716	0.001
>CTGATTGGCT	15-CTGATTGGCT	9.678447	-33.016533	0	T:75.0(3.67%),B:608.0(1.29%),P:1e-14	Tpos:256.3,Tstd:144.4,Bpos:230.8,Bstd:138.0,StrandBias:0.2,Multiplicity:1.01
0.001	0.842	0.137	0.020
0.001	0.018	0.027	0.954
0.023	0.129	0.847	0.001
0.927	0.015	0.019	0.039
0.150	0.144	0.001	0.705
0.012	0.001	0.001	0.986
0.001	0.001	0.997	0.001
0.001	0.001	0.997	0.001
0.001	0.957	0.001	0.041
0.017	0.114	0.001	0.868
>ATAGAAACCG	16-ATAGAAACCG	6.702508	-31.905382	0	T:148.0(7.23%),B:1722.6(3.66%),P:1e-13	Tpos:303.2,Tstd:265.1,Bpos:234.7,Bstd:139.3,StrandBias:0.2,Multiplicity:1.04
0.642	0.011	0.002	0.345
0.253	0.143	0.177	0.427
0.788	0.011	0.191	0.010
0.312	0.005	0.654	0.029
0.517	0.213	0.265	0.005
0.697	0.010	0.288	0.005
0.531	0.096	0.200	0.173
0.016	0.556	0.126	0.302
0.009	0.612	0.374	0.005
0.175	0.203	0.493	0.130
>TGCAAATACG	17-TGCAAATACG	5.599080	-30.506657	0	T:400.0(19.55%),B:6406.9(13.60%),P:1e-13	Tpos:285.4,Tstd:261.8,Bpos:230.7,Bstd:140.5,StrandBias:-0.3,Multiplicity:1.12
0.221	0.001	0.084	0.694
0.042	0.020	0.672	0.266
0.222	0.502	0.187	0.089
0.768	0.037	0.060	0.135
0.544	0.186	0.200	0.070
0.543	0.168	0.141	0.148
0.142	0.182	0.204	0.471
0.575	0.115	0.140	0.170
0.078	0.678	0.118	0.126
0.093	0.078	0.768	0.061
>GCGCSGTTTW	18-GCGCSGTTTW	8.432555	-25.973385	0	T:25.0(1.22%),B:99.0(0.21%),P:1e-11	Tpos:299.3,Tstd:187.6,Bpos:236.4,Bstd:170.2,StrandBias:-0.1,Multiplicity:1.00
0.025	0.321	0.610	0.044
0.069	0.803	0.002	0.126
0.001	0.061	0.645	0.293
0.036	0.542	0.219	0.203
0.017	0.340	0.464	0.179
0.030	0.141	0.784	0.045
0.051	0.087	0.062	0.800
0.056	0.061	0.272	0.611
0.018	0.184	0.052	0.746
0.399	0.085	0.001	0.515
>CTCAGTGDCA	19-CTCAGTGDCA	7.949651	-25.844987	0	T:350.0(17.11%),B:5632.9(11.96%),P:1e-11	Tpos:301.8,Tstd:245.0,Bpos:231.1,Bstd:137.3,StrandBias:0.3,Multiplicity:1.15
0.001	0.997	0.001	0.001
0.001	0.001	0.295	0.703
0.257	0.546	0.196	0.001
0.792	0.001	0.001	0.206
0.001	0.001	0.997	0.001
0.374	0.094	0.001	0.531
0.001	0.001	0.643	0.355
0.257	0.001	0.405	0.338
0.001	0.655	0.343	0.001
0.828	0.001	0.001	0.170
>GGTATTTACC	20-GGTATTTACC	8.556593	-25.369314	0	T:65.0(3.18%),B:571.1(1.21%),P:1e-11	Tpos:262.4,Tstd:197.3,Bpos:236.4,Bstd:133.2,StrandBias:-0.3,Multiplicity:1.02
0.036	0.001	0.962	0.001
0.057	0.001	0.941	0.001
0.001	0.001	0.093	0.905
0.896	0.029	0.032	0.043
0.001	0.051	0.080	0.868
0.001	0.093	0.001	0.905
0.001	0.032	0.001	0.966
0.873	0.001	0.001	0.125
0.065	0.933	0.001	0.001
0.130	0.743	0.001	0.126
>GCAGCCTGCC	21-GCAGCCTGCC	9.252229	-24.435179	0	T:134.0(6.55%),B:1668.6(3.54%),P:1e-10	Tpos:303.0,Tstd:209.5,Bpos:234.5,Bstd:140.8,StrandBias:-0.1,Multiplicity:1.05
0.052	0.056	0.891	0.001
0.123	0.875	0.001	0.001
0.997	0.001	0.001	0.001
0.001	0.006	0.974	0.019
0.001	0.860	0.138	0.001
0.001	0.983	0.015	0.001
0.065	0.041	0.034	0.860
0.001	0.001	0.942	0.056
0.012	0.886	0.101	0.001
0.066	0.779	0.001	0.154
>TAACAGCACA	22-TAACAGCACA	7.941002	-23.459960	0	T:167.0(8.16%),B:2269.8(4.82%),P:1e-10	Tpos:252.1,Tstd:189.1,Bpos:231.7,Bstd:138.6,StrandBias:0.2,Multiplicity:1.09
0.124	0.107	0.082	0.687
0.741	0.089	0.088	0.082
0.865	0.032	0.001	0.102
0.053	0.917	0.014	0.016
0.826	0.056	0.018	0.100
0.172	0.038	0.718	0.072
0.096	0.813	0.053	0.038
0.803	0.015	0.083	0.099
0.162	0.767	0.001	0.070
0.881	0.062	0.001	0.056
>GAGTGDCTCY	23-GAGTGDCTCY	8.263339	-16.528370	0	T:220.0(10.75%),B:3525.7(7.48%),P:1e-7	Tpos:295.4,Tstd:255.1,Bpos:233.7,Bstd:136.4,StrandBias:-0.3,Multiplicity:1.12
0.417	0.001	0.581	0.001
0.997	0.001	0.001	0.001
0.001	0.001	0.876	0.122
0.215	0.149	0.132	0.504
0.001	0.125	0.873	0.001
0.410	0.001	0.296	0.294
0.001	0.997	0.001	0.001
0.001	0.001	0.001	0.997
0.121	0.508	0.134	0.237
0.001	0.403	0.070	0.526
>GTACATGTGC	24-GTACATGTGC	8.943949	-5.998008	0	T:26.0(1.27%),B:322.9(0.69%),P:1e-2	Tpos:202.4,Tstd:144.8,Bpos:246.0,Bstd:144.9,StrandBias:1.6,Multiplicity:2.04
0.001	0.001	0.997	0.001
0.001	0.001	0.001	0.997
0.572	0.266	0.161	0.001
0.001	0.997	0.001	0.001
0.983	0.001	0.015	0.001
0.001	0.060	0.001	0.938
0.038	0.001	0.960	0.001
0.001	0.038	0.001	0.960
0.001	0.001	0.997	0.001
0.001	0.997	0.001	0.001
>GTCATACCCA	25-GTCATACCCA	6.404373	-4.316315	0	T:527.0(25.76%),B:11134.1(23.64%),P:1e-1	Tpos:291.1,Tstd:258.1,Bpos:231.2,Bstd:133.5,StrandBias:-0.1,Multiplicity:1.28
0.100	0.100	0.700	0.100
0.100	0.100	0.100	0.700
0.100	0.700	0.100	0.100
0.700	0.100	0.100	0.100
0.100	0.100	0.100	0.700
0.700	0.100	0.100	0.100
0.100	0.700	0.100	0.100
0.100	0.700	0.100	0.100
0.100	0.700	0.100	0.100
0.700	0.100	0.100	0.100
