>NNAAACCACA	1-NNAAACCACA	6.970960	-143.362691	0	T:542.0(26.49%),B:5982.0(12.70%),P:1e-62	Tpos:293.0,Tstd:245.6,Bpos:230.1,Bstd:138.8,StrandBias:0.1,Multiplicity:1.25
0.264	0.211	0.309	0.215
0.224	0.259	0.310	0.207
0.544	0.248	0.001	0.207
0.812	0.001	0.186	0.001
0.752	0.060	0.187	0.001
0.009	0.900	0.090	0.001
0.001	0.958	0.001	0.040
0.555	0.158	0.177	0.110
0.120	0.749	0.130	0.001
0.556	0.149	0.080	0.215
>ACAGGAAGTG	2-ACAGGAAGTG	8.257174	-125.242915	0	T:439.0(21.46%),B:4612.7(9.79%),P:1e-54	Tpos:285.8,Tstd:227.5,Bpos:227.7,Bstd:134.7,StrandBias:0.1,Multiplicity:1.18
0.723	0.054	0.204	0.019
0.270	0.477	0.179	0.074
0.997	0.001	0.001	0.001
0.001	0.023	0.975	0.001
0.040	0.001	0.919	0.040
0.997	0.001	0.001	0.001
0.729	0.001	0.001	0.269
0.105	0.001	0.893	0.001
0.001	0.174	0.139	0.686
0.101	0.131	0.686	0.082
>TTKCNNTTKV	3-TTKCNNTTKV	5.643907	-83.639092	0	T:284.0(13.88%),B:2884.5(6.12%),P:1e-36	Tpos:316.6,Tstd:291.1,Bpos:231.6,Bstd:141.9,StrandBias:-0.0,Multiplicity:1.15
0.331	0.001	0.001	0.667
0.292	0.245	0.004	0.459
0.006	0.173	0.394	0.427
0.001	0.654	0.001	0.344
0.316	0.234	0.274	0.175
0.280	0.222	0.289	0.208
0.236	0.001	0.281	0.482
0.001	0.001	0.237	0.761
0.234	0.004	0.332	0.430
0.292	0.402	0.305	0.001
>GGTRTGACTM	4-GGTRTGACTM	6.357884	-68.106473	0	T:606.0(29.62%),B:9008.5(19.12%),P:1e-29	Tpos:285.2,Tstd:256.4,Bpos:230.3,Bstd:136.9,StrandBias:-0.0,Multiplicity:1.23
0.215	0.170	0.417	0.197
0.217	0.168	0.422	0.192
0.148	0.094	0.164	0.594
0.407	0.069	0.400	0.124
0.106	0.001	0.022	0.871
0.042	0.013	0.944	0.001
0.823	0.123	0.020	0.034
0.001	0.670	0.328	0.001
0.001	0.001	0.024	0.974
0.434	0.428	0.107	0.031
>CCMCCTASTG	5-CCMCCTASTG	9.417186	-66.091091	0	T:138.0(6.74%),B:1044.9(2.22%),P:1e-28	Tpos:297.7,Tstd:277.6,Bpos:231.3,Bstd:133.4,StrandBias:-0.4,Multiplicity:1.08
0.182	0.785	0.001	0.032
0.001	0.997	0.001	0.001
0.422	0.557	0.020	0.001
0.001	0.817	0.001	0.181
0.001	0.983	0.001	0.015
0.001	0.001	0.033	0.965
0.674	0.001	0.324	0.001
0.001	0.424	0.574	0.001
0.043	0.001	0.090	0.866
0.001	0.001	0.997	0.001
>GGGAATTTCC	6-GGGAATTTCC	8.106483	-64.341970	0	T:164.0(8.02%),B:1413.0(3.00%),P:1e-27	Tpos:311.0,Tstd:306.2,Bpos:225.5,Bstd:131.3,StrandBias:0.3,Multiplicity:1.07
0.024	0.089	0.840	0.047
0.011	0.001	0.838	0.150
0.001	0.010	0.981	0.008
0.606	0.073	0.197	0.124
0.709	0.040	0.130	0.121
0.314	0.083	0.004	0.599
0.001	0.036	0.087	0.876
0.068	0.125	0.047	0.760
0.071	0.913	0.011	0.005
0.041	0.903	0.055	0.001
>GCYCCRCCCT	7-GCYCCRCCCT	7.979678	-58.944077	0	T:510.0(24.93%),B:7457.0(15.83%),P:1e-25	Tpos:344.1,Tstd:306.3,Bpos:230.7,Bstd:140.4,StrandBias:-0.1,Multiplicity:1.51
0.242	0.135	0.475	0.148
0.038	0.892	0.049	0.021
0.187	0.459	0.001	0.354
0.054	0.827	0.112	0.007
0.057	0.854	0.001	0.088
0.366	0.001	0.499	0.134
0.001	0.960	0.001	0.038
0.001	0.946	0.052	0.001
0.054	0.752	0.001	0.193
0.280	0.284	0.001	0.435
>CCACATCAAA	8-CCACATCAAA	7.720068	-49.563382	0	T:174.0(8.50%),B:1784.6(3.79%),P:1e-21	Tpos:251.2,Tstd:216.1,Bpos:233.4,Bstd:137.8,StrandBias:0.3,Multiplicity:1.10
0.077	0.805	0.077	0.041
0.083	0.779	0.106	0.032
0.825	0.022	0.072	0.081
0.048	0.848	0.059	0.045
0.736	0.064	0.099	0.101
0.107	0.095	0.071	0.727
0.093	0.804	0.063	0.040
0.908	0.023	0.007	0.062
0.758	0.145	0.065	0.032
0.819	0.020	0.073	0.088
>AGACTGCGGT	9-AGACTGCGGT	7.490784	-44.291482	0	T:133.0(6.50%),B:1259.6(2.67%),P:1e-19	Tpos:310.7,Tstd:248.9,Bpos:227.8,Bstd:149.9,StrandBias:-0.2,Multiplicity:1.07
0.812	0.077	0.110	0.001
0.135	0.027	0.505	0.333
0.646	0.158	0.001	0.195
0.211	0.708	0.080	0.001
0.099	0.176	0.142	0.583
0.001	0.103	0.895	0.001
0.001	0.991	0.001	0.007
0.001	0.001	0.997	0.001
0.001	0.104	0.894	0.001
0.219	0.001	0.047	0.733
>TTGTGAGTCA	10-TTGTGAGTCA	6.742686	-43.055304	0	T:436.0(21.31%),B:6596.9(14.00%),P:1e-18	Tpos:280.1,Tstd:227.2,Bpos:231.7,Bstd:137.4,StrandBias:0.3,Multiplicity:1.11
0.026	0.065	0.083	0.826
0.060	0.132	0.040	0.768
0.088	0.065	0.769	0.078
0.068	0.041	0.049	0.842
0.083	0.057	0.753	0.107
0.819	0.054	0.069	0.058
0.094	0.050	0.798	0.058
0.084	0.079	0.026	0.811
0.051	0.821	0.080	0.048
0.838	0.073	0.031	0.058
>ACAGAAAGTA	11-ACAGAAAGTA	7.299516	-38.652778	0	T:147.0(7.18%),B:1567.9(3.33%),P:1e-16	Tpos:338.8,Tstd:296.1,Bpos:230.7,Bstd:137.1,StrandBias:0.4,Multiplicity:1.09
0.403	0.138	0.250	0.209
0.170	0.716	0.044	0.070
0.460	0.142	0.155	0.244
0.056	0.097	0.723	0.124
0.714	0.070	0.157	0.059
0.644	0.081	0.167	0.108
0.672	0.203	0.078	0.047
0.050	0.085	0.731	0.134
0.155	0.181	0.149	0.515
0.677	0.054	0.159	0.110
>CGTTTGAAAT	12-CGTTTGAAAT	6.090229	-37.072177	0	T:282.0(13.78%),B:3911.3(8.30%),P:1e-16	Tpos:305.6,Tstd:286.5,Bpos:229.6,Bstd:141.9,StrandBias:-0.1,Multiplicity:1.10
0.001	0.829	0.021	0.149
0.002	0.164	0.829	0.005
0.091	0.032	0.224	0.653
0.148	0.302	0.028	0.522
0.178	0.001	0.007	0.814
0.110	0.152	0.535	0.203
0.596	0.100	0.001	0.303
0.510	0.147	0.148	0.195
0.488	0.075	0.289	0.148
0.002	0.252	0.274	0.472
>ACTCATTTCC	13-ACTCATTTCC	9.330387	-33.673111	0	T:74.0(3.62%),B:586.8(1.25%),P:1e-14	Tpos:222.2,Tstd:212.6,Bpos:244.4,Bstd:132.8,StrandBias:0.5,Multiplicity:1.03
0.953	0.001	0.001	0.045
0.001	0.983	0.001	0.015
0.091	0.001	0.001	0.907
0.028	0.942	0.029	0.001
0.962	0.001	0.036	0.001
0.001	0.001	0.095	0.903
0.001	0.001	0.065	0.933
0.093	0.001	0.001	0.905
0.001	0.955	0.043	0.001
0.121	0.623	0.078	0.178
>CRTGTGGTCG	14-CRTGTGGTCG	7.890645	-33.483030	0	T:122.0(5.96%),B:1277.5(2.71%),P:1e-14	Tpos:301.3,Tstd:233.3,Bpos:237.5,Bstd:137.1,StrandBias:-0.1,Multiplicity:1.13
0.027	0.702	0.190	0.081
0.374	0.071	0.450	0.105
0.055	0.066	0.011	0.868
0.001	0.060	0.728	0.211
0.239	0.001	0.025	0.735
0.137	0.039	0.783	0.041
0.086	0.035	0.878	0.001
0.070	0.001	0.053	0.876
0.101	0.708	0.190	0.001
0.256	0.027	0.716	0.001
>CTGATTGGCT	15-CTGATTGGCT	9.678447	-33.016533	0	T:75.0(3.67%),B:608.0(1.29%),P:1e-14	Tpos:256.3,Tstd:144.4,Bpos:230.8,Bstd:138.0,StrandBias:0.2,Multiplicity:1.01
0.001	0.842	0.137	0.020
0.001	0.018	0.027	0.954
0.023	0.129	0.847	0.001
0.927	0.015	0.019	0.039
0.150	0.144	0.001	0.705
0.012	0.001	0.001	0.986
0.001	0.001	0.997	0.001
0.001	0.001	0.997	0.001
0.001	0.957	0.001	0.041
0.017	0.114	0.001	0.868
>ATAGAAACCG	16-ATAGAAACCG	6.702508	-31.905382	0	T:148.0(7.23%),B:1722.6(3.66%),P:1e-13	Tpos:303.2,Tstd:265.1,Bpos:234.7,Bstd:139.3,StrandBias:0.2,Multiplicity:1.04
0.642	0.011	0.002	0.345
0.253	0.143	0.177	0.427
0.788	0.011	0.191	0.010
0.312	0.005	0.654	0.029
0.517	0.213	0.265	0.005
0.697	0.010	0.288	0.005
0.531	0.096	0.200	0.173
0.016	0.556	0.126	0.302
0.009	0.612	0.374	0.005
0.175	0.203	0.493	0.130
>TGCAAATACG	17-TGCAAATACG	5.599080	-30.506657	0	T:400.0(19.55%),B:6406.9(13.60%),P:1e-13	Tpos:285.4,Tstd:261.8,Bpos:230.7,Bstd:140.5,StrandBias:-0.3,Multiplicity:1.12
0.221	0.001	0.084	0.694
0.042	0.020	0.672	0.266
0.222	0.502	0.187	0.089
0.768	0.037	0.060	0.135
0.544	0.186	0.200	0.070
0.543	0.168	0.141	0.148
0.142	0.182	0.204	0.471
0.575	0.115	0.140	0.170
0.078	0.678	0.118	0.126
0.093	0.078	0.768	0.061
>GCGCSGTTTW	18-GCGCSGTTTW	8.432555	-25.973385	0	T:25.0(1.22%),B:99.0(0.21%),P:1e-11	Tpos:299.3,Tstd:187.6,Bpos:236.4,Bstd:170.2,StrandBias:-0.1,Multiplicity:1.00
0.025	0.321	0.610	0.044
0.069	0.803	0.002	0.126
0.001	0.061	0.645	0.293
0.036	0.542	0.219	0.203
0.017	0.340	0.464	0.179
0.030	0.141	0.784	0.045
0.051	0.087	0.062	0.800
0.056	0.061	0.272	0.611
0.018	0.184	0.052	0.746
0.399	0.085	0.001	0.515
>CTCAGTGDCA	19-CTCAGTGDCA	7.949651	-25.844987	0	T:350.0(17.11%),B:5632.9(11.96%),P:1e-11	Tpos:301.8,Tstd:245.0,Bpos:231.1,Bstd:137.3,StrandBias:0.3,Multiplicity:1.15
0.001	0.997	0.001	0.001
0.001	0.001	0.295	0.703
0.257	0.546	0.196	0.001
0.792	0.001	0.001	0.206
0.001	0.001	0.997	0.001
0.374	0.094	0.001	0.531
0.001	0.001	0.643	0.355
0.257	0.001	0.405	0.338
0.001	0.655	0.343	0.001
0.828	0.001	0.001	0.170
>GGTATTTACC	20-GGTATTTACC	8.556593	-25.369314	0	T:65.0(3.18%),B:571.1(1.21%),P:1e-11	Tpos:262.4,Tstd:197.3,Bpos:236.4,Bstd:133.2,StrandBias:-0.3,Multiplicity:1.02
0.036	0.001	0.962	0.001
0.057	0.001	0.941	0.001
0.001	0.001	0.093	0.905
0.896	0.029	0.032	0.043
0.001	0.051	0.080	0.868
0.001	0.093	0.001	0.905
0.001	0.032	0.001	0.966
0.873	0.001	0.001	0.125
0.065	0.933	0.001	0.001
0.130	0.743	0.001	0.126
>GCAGCCTGCC	21-GCAGCCTGCC	9.252229	-24.435179	0	T:134.0(6.55%),B:1668.6(3.54%),P:1e-10	Tpos:303.0,Tstd:209.5,Bpos:234.5,Bstd:140.8,StrandBias:-0.1,Multiplicity:1.05
0.052	0.056	0.891	0.001
0.123	0.875	0.001	0.001
0.997	0.001	0.001	0.001
0.001	0.006	0.974	0.019
0.001	0.860	0.138	0.001
0.001	0.983	0.015	0.001
0.065	0.041	0.034	0.860
0.001	0.001	0.942	0.056
0.012	0.886	0.101	0.001
0.066	0.779	0.001	0.154
>TAACAGCACA	22-TAACAGCACA	7.941002	-23.459960	0	T:167.0(8.16%),B:2269.8(4.82%),P:1e-10	Tpos:252.1,Tstd:189.1,Bpos:231.7,Bstd:138.6,StrandBias:0.2,Multiplicity:1.09
0.124	0.107	0.082	0.687
0.741	0.089	0.088	0.082
0.865	0.032	0.001	0.102
0.053	0.917	0.014	0.016
0.826	0.056	0.018	0.100
0.172	0.038	0.718	0.072
0.096	0.813	0.053	0.038
0.803	0.015	0.083	0.099
0.162	0.767	0.001	0.070
0.881	0.062	0.001	0.056
>GAGTGDCTCY	23-GAGTGDCTCY	8.263339	-16.528370	0	T:220.0(10.75%),B:3525.7(7.48%),P:1e-7	Tpos:295.4,Tstd:255.1,Bpos:233.7,Bstd:136.4,StrandBias:-0.3,Multiplicity:1.12
0.417	0.001	0.581	0.001
0.997	0.001	0.001	0.001
0.001	0.001	0.876	0.122
0.215	0.149	0.132	0.504
0.001	0.125	0.873	0.001
0.410	0.001	0.296	0.294
0.001	0.997	0.001	0.001
0.001	0.001	0.001	0.997
0.121	0.508	0.134	0.237
0.001	0.403	0.070	0.526
>GTACATGTGC	24-GTACATGTGC	8.943949	-5.998008	0	T:26.0(1.27%),B:322.9(0.69%),P:1e-2	Tpos:202.4,Tstd:144.8,Bpos:246.0,Bstd:144.9,StrandBias:1.6,Multiplicity:2.04
0.001	0.001	0.997	0.001
0.001	0.001	0.001	0.997
0.572	0.266	0.161	0.001
0.001	0.997	0.001	0.001
0.983	0.001	0.015	0.001
0.001	0.060	0.001	0.938
0.038	0.001	0.960	0.001
0.001	0.038	0.001	0.960
0.001	0.001	0.997	0.001
0.001	0.997	0.001	0.001
>GTCATACCCA	25-GTCATACCCA	6.404373	-4.316315	0	T:527.0(25.76%),B:11134.1(23.64%),P:1e-1	Tpos:291.1,Tstd:258.1,Bpos:231.2,Bstd:133.5,StrandBias:-0.1,Multiplicity:1.28
0.100	0.100	0.700	0.100
0.100	0.100	0.100	0.700
0.100	0.700	0.100	0.100
0.700	0.100	0.100	0.100
0.100	0.100	0.100	0.700
0.700	0.100	0.100	0.100
0.100	0.700	0.100	0.100
0.100	0.700	0.100	0.100
0.100	0.700	0.100	0.100
0.700	0.100	0.100	0.100
>HCACTTCCTGTN	1-HCACTTCCTGTN	7.886012	-117.007595	0	T:384.0(18.77%),B:3879.2(8.23%),P:1e-50	Tpos:275.5,Tstd:226.9,Bpos:226.7,Bstd:135.7,StrandBias:-0.1,Multiplicity:1.15
0.246	0.322	0.169	0.263
0.076	0.771	0.086	0.067
0.760	0.100	0.041	0.099
0.050	0.761	0.083	0.106
0.105	0.103	0.014	0.778
0.019	0.060	0.083	0.838
0.047	0.800	0.063	0.090
0.032	0.922	0.003	0.043
0.069	0.018	0.002	0.911
0.037	0.112	0.724	0.127
0.088	0.105	0.071	0.736
0.180	0.284	0.257	0.279
>GTRTGASTCABA	2-GTRTGASTCABA	8.062840	-113.994673	0	T:262.0(12.81%),B:2131.2(4.52%),P:1e-49	Tpos:269.0,Tstd:210.4,Bpos:231.4,Bstd:137.6,StrandBias:0.1,Multiplicity:1.09
0.238	0.172	0.404	0.186
0.210	0.109	0.232	0.449
0.404	0.210	0.265	0.121
0.022	0.001	0.030	0.947
0.001	0.037	0.857	0.105
0.982	0.007	0.001	0.010
0.114	0.443	0.339	0.103
0.043	0.005	0.001	0.951
0.042	0.954	0.003	0.001
0.987	0.005	0.001	0.007
0.095	0.285	0.271	0.349
0.476	0.260	0.083	0.181
>CCACTAGGGGGC	3-CCACTAGGGGGC	7.162302	-110.952874	0	T:184.0(8.99%),B:1173.4(2.49%),P:1e-48	Tpos:293.0,Tstd:289.0,Bpos:225.6,Bstd:132.4,StrandBias:0.2,Multiplicity:1.07
0.212	0.512	0.114	0.162
0.147	0.817	0.025	0.011
0.493	0.180	0.155	0.173
0.091	0.563	0.274	0.072
0.191	0.263	0.109	0.438
0.502	0.107	0.202	0.189
0.017	0.010	0.793	0.180
0.199	0.127	0.578	0.096
0.161	0.135	0.442	0.262
0.149	0.096	0.666	0.089
0.170	0.130	0.568	0.132
0.220	0.425	0.140	0.215
>DSAAACCACAVA	4-DSAAACCACAVA	6.151668	-102.411817	0	T:801.0(39.15%),B:11772.1(24.99%),P:1e-44	Tpos:282.2,Tstd:237.4,Bpos:231.0,Bstd:141.1,StrandBias:0.1,Multiplicity:1.40
0.372	0.091	0.297	0.239
0.143	0.275	0.369	0.213
0.758	0.062	0.029	0.151
0.642	0.187	0.081	0.090
0.932	0.001	0.010	0.057
0.023	0.948	0.001	0.028
0.081	0.698	0.215	0.006
0.557	0.070	0.221	0.152
0.186	0.619	0.021	0.174
0.675	0.196	0.118	0.011
0.345	0.255	0.267	0.133
0.412	0.228	0.208	0.151
>AGTTTCAGTTTC	5-AGTTTCAGTTTC	9.471292	-82.091043	0	T:150.0(7.33%),B:1030.6(2.19%),P:1e-35	Tpos:316.4,Tstd:321.4,Bpos:229.6,Bstd:141.4,StrandBias:-0.0,Multiplicity:1.08
0.598	0.001	0.228	0.173
0.001	0.346	0.522	0.131
0.001	0.019	0.023	0.957
0.001	0.106	0.165	0.728
0.142	0.001	0.039	0.818
0.001	0.939	0.001	0.059
0.877	0.001	0.001	0.121
0.058	0.211	0.530	0.201
0.001	0.007	0.001	0.991
0.013	0.146	0.060	0.781
0.165	0.157	0.029	0.649
0.106	0.596	0.202	0.096
>GCCACATCAAAG	6-GCCACATCAAAG	9.245369	-63.175802	0	T:108.0(5.28%),B:705.1(1.50%),P:1e-27	Tpos:277.6,Tstd:195.7,Bpos:239.0,Bstd:138.6,StrandBias:0.8,Multiplicity:1.05
0.169	0.092	0.659	0.080
0.066	0.856	0.032	0.046
0.059	0.828	0.035	0.078
0.886	0.052	0.019	0.043
0.059	0.823	0.048	0.070
0.814	0.075	0.001	0.110
0.141	0.069	0.040	0.750
0.032	0.803	0.064	0.101
0.970	0.010	0.001	0.019
0.876	0.038	0.067	0.019
0.944	0.001	0.016	0.039
0.133	0.053	0.795	0.019
>AGGGGAATTCCC	7-AGGGGAATTCCC	7.308498	-49.066217	0	T:214.0(10.46%),B:2425.5(5.15%),P:1e-21	Tpos:283.2,Tstd:247.4,Bpos:230.9,Bstd:129.3,StrandBias:0.1,Multiplicity:1.07
0.716	0.075	0.081	0.128
0.120	0.048	0.735	0.097
0.069	0.038	0.806	0.087
0.080	0.018	0.817	0.085
0.141	0.082	0.727	0.050
0.775	0.062	0.086	0.077
0.679	0.096	0.079	0.146
0.081	0.102	0.114	0.703
0.075	0.119	0.079	0.727
0.061	0.730	0.057	0.152
0.082	0.806	0.020	0.092
0.095	0.781	0.046	0.078
>TGAACTTCAAAG	8-TGAACTTCAAAG	8.794482	-40.981735	0	T:136.0(6.65%),B:1357.7(2.88%),P:1e-17	Tpos:280.2,Tstd:255.2,Bpos:229.1,Bstd:141.8,StrandBias:0.0,Multiplicity:1.02
0.084	0.049	0.073	0.794
0.037	0.046	0.878	0.039
0.766	0.047	0.051	0.136
0.768	0.065	0.089	0.078
0.063	0.870	0.020	0.047
0.089	0.054	0.011	0.846
0.025	0.090	0.050	0.835
0.083	0.795	0.027	0.095
0.889	0.033	0.008	0.070
0.797	0.103	0.075	0.025
0.906	0.026	0.027	0.041
0.039	0.058	0.858	0.045
>ACGCCCCGCCCC	9-ACGCCCCGCCCC	8.427964	-37.497874	0	T:289.0(14.13%),B:4025.6(8.55%),P:1e-16	Tpos:360.3,Tstd:321.4,Bpos:229.5,Bstd:143.2,StrandBias:-0.3,Multiplicity:1.36
0.689	0.083	0.080	0.148
0.047	0.722	0.149	0.082
0.093	0.062	0.784	0.061
0.067	0.841	0.035	0.057
0.096	0.782	0.032	0.090
0.083	0.859	0.048	0.010
0.066	0.883	0.022	0.029
0.064	0.065	0.771	0.100
0.001	0.959	0.033	0.007
0.058	0.906	0.032	0.004
0.005	0.928	0.037	0.030
0.055	0.881	0.019	0.045
>CYACATCACACA	10-CYACATCACACA	9.925963	-36.539780	0	T:37.0(1.81%),B:150.8(0.32%),P:1e-15	Tpos:224.8,Tstd:252.9,Bpos:224.9,Bstd:134.1,StrandBias:0.2,Multiplicity:1.07
0.067	0.864	0.030	0.039
0.037	0.504	0.038	0.421
0.867	0.050	0.021	0.062
0.059	0.787	0.091	0.063
0.807	0.100	0.032	0.061
0.242	0.222	0.072	0.464
0.325	0.553	0.072	0.050
0.579	0.039	0.017	0.365
0.019	0.564	0.338	0.079
0.582	0.102	0.024	0.292
0.384	0.534	0.065	0.017
0.637	0.057	0.034	0.272
>GCTTCTGATTGG	11-GCTTCTGATTGG	10.624974	-35.872005	0	T:49.0(2.39%),B:269.1(0.57%),P:1e-15	Tpos:280.9,Tstd:160.3,Bpos:235.6,Bstd:142.3,StrandBias:0.2,Multiplicity:1.02
0.001	0.001	0.717	0.281
0.143	0.513	0.343	0.001
0.074	0.238	0.001	0.687
0.001	0.042	0.119	0.838
0.001	0.856	0.142	0.001
0.001	0.070	0.001	0.928
0.001	0.340	0.658	0.001
0.941	0.001	0.057	0.001
0.058	0.075	0.001	0.866
0.149	0.001	0.044	0.806
0.001	0.001	0.997	0.001
0.001	0.001	0.997	0.001
>TCTTTCATCTTG	12-TCTTTCATCTTG	11.795918	-32.426631	0	T:27.0(1.32%),B:87.0(0.18%),P:1e-14	Tpos:261.1,Tstd:207.2,Bpos:260.9,Bstd:127.8,StrandBias:1.0,Multiplicity:1.00
0.001	0.183	0.001	0.815
0.001	0.997	0.001	0.001
0.001	0.091	0.001	0.907
0.116	0.001	0.001	0.882
0.078	0.001	0.003	0.918
0.001	0.761	0.237	0.001
0.930	0.068	0.001	0.001
0.001	0.001	0.091	0.907
0.001	0.938	0.001	0.060
0.122	0.104	0.001	0.773
0.001	0.001	0.001	0.997
0.181	0.001	0.702	0.116
>TGGGTGTGGCTT	13-TGGGTGTGGCTT	10.474996	-31.040905	0	T:77.0(3.76%),B:659.4(1.40%),P:1e-13	Tpos:314.5,Tstd:231.7,Bpos:228.4,Bstd:135.4,StrandBias:0.4,Multiplicity:1.05
0.247	0.107	0.034	0.612
0.001	0.001	0.997	0.001
0.001	0.001	0.918	0.080
0.001	0.272	0.726	0.001
0.051	0.057	0.001	0.891
0.001	0.001	0.997	0.001
0.001	0.001	0.055	0.943
0.214	0.001	0.719	0.066
0.001	0.001	0.997	0.001
0.071	0.927	0.001	0.001
0.107	0.246	0.001	0.646
0.001	0.042	0.307	0.650
>TGGGAGGAAGTA	14-TGGGAGGAAGTA	12.085572	-30.168389	0	T:35.0(1.71%),B:166.6(0.35%),P:1e-13	Tpos:220.8,Tstd:134.5,Bpos:232.1,Bstd:134.4,StrandBias:0.4,Multiplicity:1.03
0.001	0.001	0.001	0.997
0.114	0.227	0.569	0.090
0.089	0.001	0.909	0.001
0.001	0.001	0.950	0.048
0.997	0.001	0.001	0.001
0.001	0.001	0.997	0.001
0.001	0.001	0.997	0.001
0.997	0.001	0.001	0.001
0.845	0.001	0.001	0.153
0.001	0.001	0.997	0.001
0.172	0.135	0.229	0.464
0.625	0.001	0.373	0.001
>AAGCAAGTGAGA	15-AAGCAAGTGAGA	12.844155	-24.229895	0	T:18.0(0.88%),B:51.6(0.11%),P:1e-10	Tpos:181.1,Tstd:137.1,Bpos:265.7,Bstd:126.9,StrandBias:0.3,Multiplicity:1.00
0.781	0.109	0.001	0.109
0.997	0.001	0.001	0.001
0.001	0.001	0.997	0.001
0.072	0.926	0.001	0.001
0.997	0.001	0.001	0.001
0.847	0.109	0.043	0.001
0.001	0.001	0.997	0.001
0.037	0.001	0.169	0.793
0.001	0.057	0.869	0.073
0.952	0.001	0.046	0.001
0.001	0.001	0.997	0.001
0.869	0.001	0.073	0.057
>TACTACTCTGAC	16-TACTACTCTGAC	13.911528	-23.027138	0	T:8.0(0.39%),B:5.4(0.01%),P:1e-10	Tpos:233.8,Tstd:101.1,Bpos:311.8,Bstd:136.1,StrandBias:0.3,Multiplicity:1.29
0.001	0.195	0.001	0.803
0.803	0.001	0.195	0.001
0.001	0.997	0.001	0.001
0.001	0.001	0.001	0.997
0.825	0.001	0.001	0.173
0.001	0.803	0.001	0.195
0.001	0.196	0.001	0.802
0.001	0.803	0.195	0.001
0.001	0.001	0.001	0.997
0.001	0.001	0.997	0.001
0.997	0.001	0.001	0.001
0.001	0.997	0.001	0.001
>AVCCAACCCAGA	17-AVCCAACCCAGA	7.648248	-21.402431	0	T:53.0(2.59%),B:460.8(0.98%),P:1e-9	Tpos:274.0,Tstd:174.2,Bpos:221.0,Bstd:133.5,StrandBias:-0.2,Multiplicity:1.06
0.596	0.238	0.154	0.012
0.253	0.348	0.260	0.139
0.180	0.584	0.010	0.226
0.340	0.574	0.027	0.059
0.520	0.339	0.007	0.134
0.471	0.201	0.195	0.134
0.259	0.468	0.210	0.063
0.211	0.562	0.156	0.071
0.280	0.705	0.003	0.012
0.674	0.134	0.100	0.092
0.203	0.306	0.483	0.008
0.472	0.148	0.115	0.264
>CAGGAAATGGGG	18-CAGGAAATGGGG	9.917741	-18.059054	0	T:61.0(2.98%),B:628.3(1.33%),P:1e-7	Tpos:338.4,Tstd:256.9,Bpos:226.5,Bstd:127.4,StrandBias:0.3,Multiplicity:1.00
0.093	0.864	0.042	0.001
0.704	0.096	0.114	0.086
0.114	0.001	0.847	0.038
0.066	0.076	0.756	0.102
0.846	0.105	0.001	0.048
0.794	0.001	0.110	0.095
0.917	0.063	0.019	0.001
0.082	0.001	0.034	0.883
0.048	0.001	0.799	0.152
0.096	0.001	0.850	0.053
0.011	0.001	0.987	0.001
0.067	0.071	0.750	0.112
>TGCTGGGTATGA	19-TGCTGGGTATGA	16.586352	-15.761782	0	T:4.0(0.20%),B:1.7(0.00%),P:1e-6	Tpos:158.1,Tstd:104.1,Bpos:274.1,Bstd:74.7,StrandBias:10.0,Multiplicity:9.25
0.001	0.001	0.001	0.997
0.001	0.001	0.997	0.001
0.001	0.984	0.001	0.014
0.001	0.001	0.001	0.997
0.001	0.001	0.997	0.001
0.001	0.001	0.997	0.001
0.001	0.001	0.997	0.001
0.001	0.001	0.001	0.997
0.997	0.001	0.001	0.001
0.001	0.001	0.001	0.997
0.001	0.001	0.997	0.001
0.997	0.001	0.001	0.001
>GGGAGACCTCGG	20-GGGAGACCTCGG	12.355432	-15.090148	0	T:5.0(0.24%),B:3.5(0.01%),P:1e-6	Tpos:172.0,Tstd:136.2,Bpos:174.4,Bstd:116.4,StrandBias:0.6,Multiplicity:1.00
0.100	0.100	0.700	0.100
0.100	0.100	0.700	0.100
0.100	0.100	0.700	0.100
0.700	0.100	0.100	0.100
0.100	0.100	0.700	0.100
0.700	0.100	0.100	0.100
0.100	0.700	0.100	0.100
0.100	0.700	0.100	0.100
0.100	0.100	0.100	0.700
0.100	0.700	0.100	0.100
0.100	0.100	0.700	0.100
0.100	0.100	0.700	0.100
>GGATACCCAATC	21-GGATACCCAATC	11.802917	-11.436490	0	T:4.0(0.20%),B:3.7(0.01%),P:1e-4	Tpos:185.7,Tstd:63.5,Bpos:147.2,Bstd:74.4,StrandBias:1.3,Multiplicity:1.75
0.001	0.001	0.775	0.223
0.001	0.001	0.806	0.192
0.997	0.001	0.001	0.001
0.001	0.001	0.001	0.997
0.997	0.001	0.001	0.001
0.001	0.997	0.001	0.001
0.001	0.997	0.001	0.001
0.001	0.997	0.001	0.001
0.997	0.001	0.001	0.001
0.997	0.001	0.001	0.001
0.001	0.001	0.001	0.997
0.001	0.943	0.055	0.001
>ACCCTGCTTCAT	22-ACCCTGCTTCAT	13.851727	-10.939713	0	T:6.0(0.29%),B:12.5(0.03%),P:1e-4	Tpos:461.8,Tstd:246.2,Bpos:268.1,Bstd:148.6,StrandBias:2.3,Multiplicity:2.00
0.997	0.001	0.001	0.001
0.001	0.922	0.076	0.001
0.001	0.997	0.001	0.001
0.001	0.997	0.001	0.001
0.001	0.001	0.001	0.997
0.001	0.001	0.997	0.001
0.001	0.997	0.001	0.001
0.001	0.001	0.001	0.997
0.001	0.001	0.001	0.997
0.001	0.838	0.001	0.160
0.997	0.001	0.001	0.001
0.001	0.001	0.001	0.997
>TGCGCGCGCAAA	23-TGCGCGCGCAAA	9.860868	-10.098769	0	T:14.0(0.68%),B:87.4(0.19%),P:1e-4	Tpos:245.0,Tstd:231.8,Bpos:229.0,Bstd:119.1,StrandBias:-0.8,Multiplicity:1.14
0.001	0.136	0.001	0.862
0.137	0.001	0.844	0.018
0.137	0.721	0.141	0.001
0.001	0.136	0.862	0.001
0.273	0.725	0.001	0.001
0.273	0.001	0.708	0.018
0.001	0.862	0.001	0.136
0.001	0.001	0.862	0.136
0.137	0.708	0.018	0.137
0.997	0.001	0.001	0.001
0.957	0.004	0.001	0.038
0.844	0.018	0.137	0.001
>KCTATCATRYGA	24-KCTATCATRYGA	10.524954	-8.726974	0	T:6.0(0.29%),B:18.6(0.04%),P:1e-3	Tpos:192.4,Tstd:138.0,Bpos:248.0,Bstd:99.2,StrandBias:1.3,Multiplicity:2.33
0.001	0.001	0.432	0.566
0.001	0.997	0.001	0.001
0.001	0.129	0.001	0.869
0.997	0.001	0.001	0.001
0.001	0.001	0.001	0.997
0.001	0.997	0.001	0.001
0.897	0.001	0.001	0.101
0.001	0.001	0.001	0.997
0.543	0.001	0.455	0.001
0.001	0.432	0.001	0.566
0.001	0.001	0.997	0.001
0.997	0.001	0.001	0.001
>CACTACAACCCT	25-CACTACAACCCT	15.083798	-5.638057	0	T:2.0(0.10%),B:2.6(0.01%),P:1e-2	Tpos:75.6,Tstd:45.4,Bpos:159.2,Bstd:73.7,StrandBias:10.0,Multiplicity:2.50
0.001	0.997	0.001	0.001
0.997	0.001	0.001	0.001
0.001	0.997	0.001	0.001
0.001	0.001	0.001	0.997
0.997	0.001	0.001	0.001
0.001	0.997	0.001	0.001
0.997	0.001	0.001	0.001
0.997	0.001	0.001	0.001
0.001	0.997	0.001	0.001
0.001	0.997	0.001	0.001
0.001	0.997	0.001	0.001
0.001	0.219	0.001	0.779
>AAACCACA	1-AAACCACA	7.160073	-134.334768	0	T:559.0(27.32%),B:6443.4(13.68%),P:1e-58	Tpos:283.2,Tstd:229.3,Bpos:229.6,Bstd:139.1,StrandBias:0.1,Multiplicity:1.25
0.811	0.067	0.018	0.104
0.930	0.021	0.035	0.014
0.874	0.034	0.091	0.001
0.001	0.997	0.001	0.001
0.024	0.974	0.001	0.001
0.885	0.071	0.022	0.022
0.001	0.976	0.022	0.001
0.913	0.026	0.021	0.040
>ATGAGTCA	2-ATGAGTCA	7.006635	-107.185641	0	T:392.0(19.16%),B:4175.8(8.86%),P:1e-46	Tpos:260.9,Tstd:196.8,Bpos:230.6,Bstd:137.1,StrandBias:-0.1,Multiplicity:1.14
0.764	0.092	0.112	0.032
0.015	0.012	0.001	0.972
0.001	0.026	0.938	0.035
0.986	0.012	0.001	0.001
0.037	0.240	0.699	0.024
0.001	0.001	0.001	0.997
0.052	0.946	0.001	0.001
0.997	0.001	0.001	0.001
>CAGGAAGY	3-CAGGAAGY	6.960769	-78.586285	0	T:558.0(27.27%),B:7757.2(16.47%),P:1e-34	Tpos:282.6,Tstd:229.3,Bpos:231.8,Bstd:137.4,StrandBias:-0.0,Multiplicity:1.22
0.002	0.969	0.003	0.026
0.620	0.170	0.096	0.114
0.038	0.049	0.887	0.026
0.143	0.001	0.726	0.130
0.977	0.001	0.001	0.021
0.740	0.100	0.130	0.030
0.405	0.001	0.593	0.001
0.001	0.480	0.001	0.518
>AACTGAAA	4-AACTGAAA	6.734626	-56.699662	0	T:628.0(30.69%),B:9856.1(20.92%),P:1e-24	Tpos:307.9,Tstd:288.7,Bpos:231.7,Bstd:142.6,StrandBias:0.2,Multiplicity:1.29
0.896	0.043	0.060	0.001
0.974	0.001	0.024	0.001
0.147	0.693	0.159	0.001
0.091	0.054	0.057	0.798
0.001	0.001	0.997	0.001
0.865	0.080	0.029	0.026
0.957	0.041	0.001	0.001
0.961	0.001	0.037	0.001
>ASMMCRHC	5-ASMMCRHC	5.078662	-54.563775	0	T:254.0(12.41%),B:2963.3(6.29%),P:1e-23	Tpos:305.4,Tstd:250.4,Bpos:236.4,Bstd:137.6,StrandBias:0.3,Multiplicity:1.14
0.535	0.103	0.172	0.190
0.198	0.402	0.257	0.143
0.311	0.393	0.145	0.151
0.463	0.386	0.133	0.018
0.008	0.915	0.076	0.001
0.460	0.001	0.316	0.223
0.223	0.331	0.135	0.311
0.197	0.539	0.227	0.037
>GCGGTTAA	6-GCGGTTAA	4.944008	-48.787043	0	T:583.0(28.49%),B:9267.6(19.67%),P:1e-21	Tpos:306.2,Tstd:273.3,Bpos:229.8,Bstd:144.4,StrandBias:-0.1,Multiplicity:1.21
0.057	0.073	0.761	0.109
0.024	0.804	0.081	0.091
0.022	0.109	0.781	0.088
0.040	0.162	0.694	0.104
0.042	0.093	0.071	0.794
0.157	0.065	0.082	0.696
0.797	0.039	0.048	0.116
0.683	0.112	0.126	0.079
>AGGGGGCG	7-AGGGGGCG	5.479166	-48.148866	0	T:633.0(30.94%),B:10306.3(21.88%),P:1e-20	Tpos:326.7,Tstd:275.1,Bpos:230.5,Bstd:144.1,StrandBias:0.0,Multiplicity:1.58
0.888	0.027	0.001	0.084
0.073	0.046	0.839	0.042
0.097	0.053	0.777	0.073
0.001	0.001	0.897	0.101
0.001	0.040	0.958	0.001
0.025	0.001	0.973	0.001
0.037	0.919	0.001	0.043
0.049	0.025	0.925	0.001
>YATCAAAG	8-YATCAAAG	7.571108	-45.337272	0	T:502.0(24.54%),B:7795.3(16.55%),P:1e-19	Tpos:296.9,Tstd:256.9,Bpos:231.4,Bstd:137.8,StrandBias:0.1,Multiplicity:1.26
0.001	0.426	0.253	0.320
0.635	0.001	0.050	0.314
0.268	0.001	0.003	0.728
0.001	0.699	0.279	0.021
0.916	0.001	0.082	0.001
0.997	0.001	0.001	0.001
0.997	0.001	0.001	0.001
0.001	0.001	0.997	0.001
>ATGCAAAT	9-ATGCAAAT	9.076800	-23.719012	0	T:147.0(7.18%),B:1910.6(4.06%),P:1e-10	Tpos:277.6,Tstd:232.2,Bpos:229.8,Bstd:136.5,StrandBias:0.0,Multiplicity:1.13
0.997	0.001	0.001	0.001
0.001	0.001	0.001	0.997
0.001	0.001	0.997	0.001
0.001	0.834	0.001	0.164
0.997	0.001	0.001	0.001
0.997	0.001	0.001	0.001
0.997	0.001	0.001	0.001
0.001	0.163	0.001	0.835
>CCGCMCAT	10-CCGCMCAT	7.930830	-14.052223	0	T:92.0(4.50%),B:1233.2(2.62%),P:1e-6	Tpos:346.1,Tstd:349.5,Bpos:232.3,Bstd:141.2,StrandBias:0.5,Multiplicity:1.07
0.001	0.997	0.001	0.001
0.120	0.870	0.009	0.001
0.001	0.001	0.997	0.001
0.001	0.966	0.001	0.032
0.463	0.438	0.098	0.001
0.124	0.874	0.001	0.001
0.595	0.001	0.001	0.403
0.001	0.001	0.001	0.997
>AGCACWTA	11-AGCACWTA	8.427004	-12.875754	0	T:126.0(6.16%),B:1891.3(4.01%),P:1e-5	Tpos:273.1,Tstd:220.0,Bpos:233.9,Bstd:134.7,StrandBias:0.1,Multiplicity:1.05
0.856	0.142	0.001	0.001
0.001	0.261	0.737	0.001
0.001	0.997	0.001	0.001
0.997	0.001	0.001	0.001
0.001	0.997	0.001	0.001
0.572	0.001	0.001	0.426
0.001	0.116	0.001	0.882
0.838	0.001	0.160	0.001
>GTCATACC	12-GTCATACC	6.291044	-6.184176	0	T:342.0(16.72%),B:6794.2(14.42%),P:1e-2	Tpos:308.4,Tstd:288.5,Bpos:230.6,Bstd:134.6,StrandBias:-0.3,Multiplicity:1.27
0.100	0.100	0.700	0.100
0.100	0.100	0.100	0.700
0.100	0.700	0.100	0.100
0.700	0.100	0.100	0.100
0.100	0.100	0.100	0.700
0.700	0.100	0.100	0.100
0.100	0.700	0.100	0.100
0.100	0.700	0.100	0.100
