>HCACTTCCTGTN	1-HCACTTCCTGTN	7.886012	-117.007595	0	T:384.0(18.77%),B:3879.2(8.23%),P:1e-50	Tpos:275.5,Tstd:226.9,Bpos:226.7,Bstd:135.7,StrandBias:-0.1,Multiplicity:1.15
0.246	0.322	0.169	0.263
0.076	0.771	0.086	0.067
0.760	0.100	0.041	0.099
0.050	0.761	0.083	0.106
0.105	0.103	0.014	0.778
0.019	0.060	0.083	0.838
0.047	0.800	0.063	0.090
0.032	0.922	0.003	0.043
0.069	0.018	0.002	0.911
0.037	0.112	0.724	0.127
0.088	0.105	0.071	0.736
0.180	0.284	0.257	0.279
>GTRTGASTCABA	2-GTRTGASTCABA	8.062840	-113.994673	0	T:262.0(12.81%),B:2131.2(4.52%),P:1e-49	Tpos:269.0,Tstd:210.4,Bpos:231.4,Bstd:137.6,StrandBias:0.1,Multiplicity:1.09
0.238	0.172	0.404	0.186
0.210	0.109	0.232	0.449
0.404	0.210	0.265	0.121
0.022	0.001	0.030	0.947
0.001	0.037	0.857	0.105
0.982	0.007	0.001	0.010
0.114	0.443	0.339	0.103
0.043	0.005	0.001	0.951
0.042	0.954	0.003	0.001
0.987	0.005	0.001	0.007
0.095	0.285	0.271	0.349
0.476	0.260	0.083	0.181
>CCACTAGGGGGC	3-CCACTAGGGGGC	7.162302	-110.952874	0	T:184.0(8.99%),B:1173.4(2.49%),P:1e-48	Tpos:293.0,Tstd:289.0,Bpos:225.6,Bstd:132.4,StrandBias:0.2,Multiplicity:1.07
0.212	0.512	0.114	0.162
0.147	0.817	0.025	0.011
0.493	0.180	0.155	0.173
0.091	0.563	0.274	0.072
0.191	0.263	0.109	0.438
0.502	0.107	0.202	0.189
0.017	0.010	0.793	0.180
0.199	0.127	0.578	0.096
0.161	0.135	0.442	0.262
0.149	0.096	0.666	0.089
0.170	0.130	0.568	0.132
0.220	0.425	0.140	0.215
>DSAAACCACAVA	4-DSAAACCACAVA	6.151668	-102.411817	0	T:801.0(39.15%),B:11772.1(24.99%),P:1e-44	Tpos:282.2,Tstd:237.4,Bpos:231.0,Bstd:141.1,StrandBias:0.1,Multiplicity:1.40
0.372	0.091	0.297	0.239
0.143	0.275	0.369	0.213
0.758	0.062	0.029	0.151
0.642	0.187	0.081	0.090
0.932	0.001	0.010	0.057
0.023	0.948	0.001	0.028
0.081	0.698	0.215	0.006
0.557	0.070	0.221	0.152
0.186	0.619	0.021	0.174
0.675	0.196	0.118	0.011
0.345	0.255	0.267	0.133
0.412	0.228	0.208	0.151
>AGTTTCAGTTTC	5-AGTTTCAGTTTC	9.471292	-82.091043	0	T:150.0(7.33%),B:1030.6(2.19%),P:1e-35	Tpos:316.4,Tstd:321.4,Bpos:229.6,Bstd:141.4,StrandBias:-0.0,Multiplicity:1.08
0.598	0.001	0.228	0.173
0.001	0.346	0.522	0.131
0.001	0.019	0.023	0.957
0.001	0.106	0.165	0.728
0.142	0.001	0.039	0.818
0.001	0.939	0.001	0.059
0.877	0.001	0.001	0.121
0.058	0.211	0.530	0.201
0.001	0.007	0.001	0.991
0.013	0.146	0.060	0.781
0.165	0.157	0.029	0.649
0.106	0.596	0.202	0.096
>GCCACATCAAAG	6-GCCACATCAAAG	9.245369	-63.175802	0	T:108.0(5.28%),B:705.1(1.50%),P:1e-27	Tpos:277.6,Tstd:195.7,Bpos:239.0,Bstd:138.6,StrandBias:0.8,Multiplicity:1.05
0.169	0.092	0.659	0.080
0.066	0.856	0.032	0.046
0.059	0.828	0.035	0.078
0.886	0.052	0.019	0.043
0.059	0.823	0.048	0.070
0.814	0.075	0.001	0.110
0.141	0.069	0.040	0.750
0.032	0.803	0.064	0.101
0.970	0.010	0.001	0.019
0.876	0.038	0.067	0.019
0.944	0.001	0.016	0.039
0.133	0.053	0.795	0.019
>AGGGGAATTCCC	7-AGGGGAATTCCC	7.308498	-49.066217	0	T:214.0(10.46%),B:2425.5(5.15%),P:1e-21	Tpos:283.2,Tstd:247.4,Bpos:230.9,Bstd:129.3,StrandBias:0.1,Multiplicity:1.07
0.716	0.075	0.081	0.128
0.120	0.048	0.735	0.097
0.069	0.038	0.806	0.087
0.080	0.018	0.817	0.085
0.141	0.082	0.727	0.050
0.775	0.062	0.086	0.077
0.679	0.096	0.079	0.146
0.081	0.102	0.114	0.703
0.075	0.119	0.079	0.727
0.061	0.730	0.057	0.152
0.082	0.806	0.020	0.092
0.095	0.781	0.046	0.078
>TGAACTTCAAAG	8-TGAACTTCAAAG	8.794482	-40.981735	0	T:136.0(6.65%),B:1357.7(2.88%),P:1e-17	Tpos:280.2,Tstd:255.2,Bpos:229.1,Bstd:141.8,StrandBias:0.0,Multiplicity:1.02
0.084	0.049	0.073	0.794
0.037	0.046	0.878	0.039
0.766	0.047	0.051	0.136
0.768	0.065	0.089	0.078
0.063	0.870	0.020	0.047
0.089	0.054	0.011	0.846
0.025	0.090	0.050	0.835
0.083	0.795	0.027	0.095
0.889	0.033	0.008	0.070
0.797	0.103	0.075	0.025
0.906	0.026	0.027	0.041
0.039	0.058	0.858	0.045
>ACGCCCCGCCCC	9-ACGCCCCGCCCC	8.427964	-37.497874	0	T:289.0(14.13%),B:4025.6(8.55%),P:1e-16	Tpos:360.3,Tstd:321.4,Bpos:229.5,Bstd:143.2,StrandBias:-0.3,Multiplicity:1.36
0.689	0.083	0.080	0.148
0.047	0.722	0.149	0.082
0.093	0.062	0.784	0.061
0.067	0.841	0.035	0.057
0.096	0.782	0.032	0.090
0.083	0.859	0.048	0.010
0.066	0.883	0.022	0.029
0.064	0.065	0.771	0.100
0.001	0.959	0.033	0.007
0.058	0.906	0.032	0.004
0.005	0.928	0.037	0.030
0.055	0.881	0.019	0.045
>CYACATCACACA	10-CYACATCACACA	9.925963	-36.539780	0	T:37.0(1.81%),B:150.8(0.32%),P:1e-15	Tpos:224.8,Tstd:252.9,Bpos:224.9,Bstd:134.1,StrandBias:0.2,Multiplicity:1.07
0.067	0.864	0.030	0.039
0.037	0.504	0.038	0.421
0.867	0.050	0.021	0.062
0.059	0.787	0.091	0.063
0.807	0.100	0.032	0.061
0.242	0.222	0.072	0.464
0.325	0.553	0.072	0.050
0.579	0.039	0.017	0.365
0.019	0.564	0.338	0.079
0.582	0.102	0.024	0.292
0.384	0.534	0.065	0.017
0.637	0.057	0.034	0.272
>GCTTCTGATTGG	11-GCTTCTGATTGG	10.624974	-35.872005	0	T:49.0(2.39%),B:269.1(0.57%),P:1e-15	Tpos:280.9,Tstd:160.3,Bpos:235.6,Bstd:142.3,StrandBias:0.2,Multiplicity:1.02
0.001	0.001	0.717	0.281
0.143	0.513	0.343	0.001
0.074	0.238	0.001	0.687
0.001	0.042	0.119	0.838
0.001	0.856	0.142	0.001
0.001	0.070	0.001	0.928
0.001	0.340	0.658	0.001
0.941	0.001	0.057	0.001
0.058	0.075	0.001	0.866
0.149	0.001	0.044	0.806
0.001	0.001	0.997	0.001
0.001	0.001	0.997	0.001
>TCTTTCATCTTG	12-TCTTTCATCTTG	11.795918	-32.426631	0	T:27.0(1.32%),B:87.0(0.18%),P:1e-14	Tpos:261.1,Tstd:207.2,Bpos:260.9,Bstd:127.8,StrandBias:1.0,Multiplicity:1.00
0.001	0.183	0.001	0.815
0.001	0.997	0.001	0.001
0.001	0.091	0.001	0.907
0.116	0.001	0.001	0.882
0.078	0.001	0.003	0.918
0.001	0.761	0.237	0.001
0.930	0.068	0.001	0.001
0.001	0.001	0.091	0.907
0.001	0.938	0.001	0.060
0.122	0.104	0.001	0.773
0.001	0.001	0.001	0.997
0.181	0.001	0.702	0.116
>TGGGTGTGGCTT	13-TGGGTGTGGCTT	10.474996	-31.040905	0	T:77.0(3.76%),B:659.4(1.40%),P:1e-13	Tpos:314.5,Tstd:231.7,Bpos:228.4,Bstd:135.4,StrandBias:0.4,Multiplicity:1.05
0.247	0.107	0.034	0.612
0.001	0.001	0.997	0.001
0.001	0.001	0.918	0.080
0.001	0.272	0.726	0.001
0.051	0.057	0.001	0.891
0.001	0.001	0.997	0.001
0.001	0.001	0.055	0.943
0.214	0.001	0.719	0.066
0.001	0.001	0.997	0.001
0.071	0.927	0.001	0.001
0.107	0.246	0.001	0.646
0.001	0.042	0.307	0.650
>TGGGAGGAAGTA	14-TGGGAGGAAGTA	12.085572	-30.168389	0	T:35.0(1.71%),B:166.6(0.35%),P:1e-13	Tpos:220.8,Tstd:134.5,Bpos:232.1,Bstd:134.4,StrandBias:0.4,Multiplicity:1.03
0.001	0.001	0.001	0.997
0.114	0.227	0.569	0.090
0.089	0.001	0.909	0.001
0.001	0.001	0.950	0.048
0.997	0.001	0.001	0.001
0.001	0.001	0.997	0.001
0.001	0.001	0.997	0.001
0.997	0.001	0.001	0.001
0.845	0.001	0.001	0.153
0.001	0.001	0.997	0.001
0.172	0.135	0.229	0.464
0.625	0.001	0.373	0.001
>AAGCAAGTGAGA	15-AAGCAAGTGAGA	12.844155	-24.229895	0	T:18.0(0.88%),B:51.6(0.11%),P:1e-10	Tpos:181.1,Tstd:137.1,Bpos:265.7,Bstd:126.9,StrandBias:0.3,Multiplicity:1.00
0.781	0.109	0.001	0.109
0.997	0.001	0.001	0.001
0.001	0.001	0.997	0.001
0.072	0.926	0.001	0.001
0.997	0.001	0.001	0.001
0.847	0.109	0.043	0.001
0.001	0.001	0.997	0.001
0.037	0.001	0.169	0.793
0.001	0.057	0.869	0.073
0.952	0.001	0.046	0.001
0.001	0.001	0.997	0.001
0.869	0.001	0.073	0.057
>TACTACTCTGAC	16-TACTACTCTGAC	13.911528	-23.027138	0	T:8.0(0.39%),B:5.4(0.01%),P:1e-10	Tpos:233.8,Tstd:101.1,Bpos:311.8,Bstd:136.1,StrandBias:0.3,Multiplicity:1.29
0.001	0.195	0.001	0.803
0.803	0.001	0.195	0.001
0.001	0.997	0.001	0.001
0.001	0.001	0.001	0.997
0.825	0.001	0.001	0.173
0.001	0.803	0.001	0.195
0.001	0.196	0.001	0.802
0.001	0.803	0.195	0.001
0.001	0.001	0.001	0.997
0.001	0.001	0.997	0.001
0.997	0.001	0.001	0.001
0.001	0.997	0.001	0.001
>AVCCAACCCAGA	17-AVCCAACCCAGA	7.648248	-21.402431	0	T:53.0(2.59%),B:460.8(0.98%),P:1e-9	Tpos:274.0,Tstd:174.2,Bpos:221.0,Bstd:133.5,StrandBias:-0.2,Multiplicity:1.06
0.596	0.238	0.154	0.012
0.253	0.348	0.260	0.139
0.180	0.584	0.010	0.226
0.340	0.574	0.027	0.059
0.520	0.339	0.007	0.134
0.471	0.201	0.195	0.134
0.259	0.468	0.210	0.063
0.211	0.562	0.156	0.071
0.280	0.705	0.003	0.012
0.674	0.134	0.100	0.092
0.203	0.306	0.483	0.008
0.472	0.148	0.115	0.264
>CAGGAAATGGGG	18-CAGGAAATGGGG	9.917741	-18.059054	0	T:61.0(2.98%),B:628.3(1.33%),P:1e-7	Tpos:338.4,Tstd:256.9,Bpos:226.5,Bstd:127.4,StrandBias:0.3,Multiplicity:1.00
0.093	0.864	0.042	0.001
0.704	0.096	0.114	0.086
0.114	0.001	0.847	0.038
0.066	0.076	0.756	0.102
0.846	0.105	0.001	0.048
0.794	0.001	0.110	0.095
0.917	0.063	0.019	0.001
0.082	0.001	0.034	0.883
0.048	0.001	0.799	0.152
0.096	0.001	0.850	0.053
0.011	0.001	0.987	0.001
0.067	0.071	0.750	0.112
>TGCTGGGTATGA	19-TGCTGGGTATGA	16.586352	-15.761782	0	T:4.0(0.20%),B:1.7(0.00%),P:1e-6	Tpos:158.1,Tstd:104.1,Bpos:274.1,Bstd:74.7,StrandBias:10.0,Multiplicity:9.25
0.001	0.001	0.001	0.997
0.001	0.001	0.997	0.001
0.001	0.984	0.001	0.014
0.001	0.001	0.001	0.997
0.001	0.001	0.997	0.001
0.001	0.001	0.997	0.001
0.001	0.001	0.997	0.001
0.001	0.001	0.001	0.997
0.997	0.001	0.001	0.001
0.001	0.001	0.001	0.997
0.001	0.001	0.997	0.001
0.997	0.001	0.001	0.001
>GGGAGACCTCGG	20-GGGAGACCTCGG	12.355432	-15.090148	0	T:5.0(0.24%),B:3.5(0.01%),P:1e-6	Tpos:172.0,Tstd:136.2,Bpos:174.4,Bstd:116.4,StrandBias:0.6,Multiplicity:1.00
0.100	0.100	0.700	0.100
0.100	0.100	0.700	0.100
0.100	0.100	0.700	0.100
0.700	0.100	0.100	0.100
0.100	0.100	0.700	0.100
0.700	0.100	0.100	0.100
0.100	0.700	0.100	0.100
0.100	0.700	0.100	0.100
0.100	0.100	0.100	0.700
0.100	0.700	0.100	0.100
0.100	0.100	0.700	0.100
0.100	0.100	0.700	0.100
>GGATACCCAATC	21-GGATACCCAATC	11.802917	-11.436490	0	T:4.0(0.20%),B:3.7(0.01%),P:1e-4	Tpos:185.7,Tstd:63.5,Bpos:147.2,Bstd:74.4,StrandBias:1.3,Multiplicity:1.75
0.001	0.001	0.775	0.223
0.001	0.001	0.806	0.192
0.997	0.001	0.001	0.001
0.001	0.001	0.001	0.997
0.997	0.001	0.001	0.001
0.001	0.997	0.001	0.001
0.001	0.997	0.001	0.001
0.001	0.997	0.001	0.001
0.997	0.001	0.001	0.001
0.997	0.001	0.001	0.001
0.001	0.001	0.001	0.997
0.001	0.943	0.055	0.001
>ACCCTGCTTCAT	22-ACCCTGCTTCAT	13.851727	-10.939713	0	T:6.0(0.29%),B:12.5(0.03%),P:1e-4	Tpos:461.8,Tstd:246.2,Bpos:268.1,Bstd:148.6,StrandBias:2.3,Multiplicity:2.00
0.997	0.001	0.001	0.001
0.001	0.922	0.076	0.001
0.001	0.997	0.001	0.001
0.001	0.997	0.001	0.001
0.001	0.001	0.001	0.997
0.001	0.001	0.997	0.001
0.001	0.997	0.001	0.001
0.001	0.001	0.001	0.997
0.001	0.001	0.001	0.997
0.001	0.838	0.001	0.160
0.997	0.001	0.001	0.001
0.001	0.001	0.001	0.997
>TGCGCGCGCAAA	23-TGCGCGCGCAAA	9.860868	-10.098769	0	T:14.0(0.68%),B:87.4(0.19%),P:1e-4	Tpos:245.0,Tstd:231.8,Bpos:229.0,Bstd:119.1,StrandBias:-0.8,Multiplicity:1.14
0.001	0.136	0.001	0.862
0.137	0.001	0.844	0.018
0.137	0.721	0.141	0.001
0.001	0.136	0.862	0.001
0.273	0.725	0.001	0.001
0.273	0.001	0.708	0.018
0.001	0.862	0.001	0.136
0.001	0.001	0.862	0.136
0.137	0.708	0.018	0.137
0.997	0.001	0.001	0.001
0.957	0.004	0.001	0.038
0.844	0.018	0.137	0.001
>KCTATCATRYGA	24-KCTATCATRYGA	10.524954	-8.726974	0	T:6.0(0.29%),B:18.6(0.04%),P:1e-3	Tpos:192.4,Tstd:138.0,Bpos:248.0,Bstd:99.2,StrandBias:1.3,Multiplicity:2.33
0.001	0.001	0.432	0.566
0.001	0.997	0.001	0.001
0.001	0.129	0.001	0.869
0.997	0.001	0.001	0.001
0.001	0.001	0.001	0.997
0.001	0.997	0.001	0.001
0.897	0.001	0.001	0.101
0.001	0.001	0.001	0.997
0.543	0.001	0.455	0.001
0.001	0.432	0.001	0.566
0.001	0.001	0.997	0.001
0.997	0.001	0.001	0.001
>CACTACAACCCT	25-CACTACAACCCT	15.083798	-5.638057	0	T:2.0(0.10%),B:2.6(0.01%),P:1e-2	Tpos:75.6,Tstd:45.4,Bpos:159.2,Bstd:73.7,StrandBias:10.0,Multiplicity:2.50
0.001	0.997	0.001	0.001
0.997	0.001	0.001	0.001
0.001	0.997	0.001	0.001
0.001	0.001	0.001	0.997
0.997	0.001	0.001	0.001
0.001	0.997	0.001	0.001
0.997	0.001	0.001	0.001
0.997	0.001	0.001	0.001
0.001	0.997	0.001	0.001
0.001	0.997	0.001	0.001
0.001	0.997	0.001	0.001
0.001	0.219	0.001	0.779
