>AAACCACA	1-AAACCACA	7.160073	-134.334768	0	T:559.0(27.32%),B:6443.4(13.68%),P:1e-58	Tpos:283.2,Tstd:229.3,Bpos:229.6,Bstd:139.1,StrandBias:0.1,Multiplicity:1.25
0.811	0.067	0.018	0.104
0.930	0.021	0.035	0.014
0.874	0.034	0.091	0.001
0.001	0.997	0.001	0.001
0.024	0.974	0.001	0.001
0.885	0.071	0.022	0.022
0.001	0.976	0.022	0.001
0.913	0.026	0.021	0.040
>ATGAGTCA	2-ATGAGTCA	7.006635	-107.185641	0	T:392.0(19.16%),B:4175.8(8.86%),P:1e-46	Tpos:260.9,Tstd:196.8,Bpos:230.6,Bstd:137.1,StrandBias:-0.1,Multiplicity:1.14
0.764	0.092	0.112	0.032
0.015	0.012	0.001	0.972
0.001	0.026	0.938	0.035
0.986	0.012	0.001	0.001
0.037	0.240	0.699	0.024
0.001	0.001	0.001	0.997
0.052	0.946	0.001	0.001
0.997	0.001	0.001	0.001
>CAGGAAGY	3-CAGGAAGY	6.960769	-78.586285	0	T:558.0(27.27%),B:7757.2(16.47%),P:1e-34	Tpos:282.6,Tstd:229.3,Bpos:231.8,Bstd:137.4,StrandBias:-0.0,Multiplicity:1.22
0.002	0.969	0.003	0.026
0.620	0.170	0.096	0.114
0.038	0.049	0.887	0.026
0.143	0.001	0.726	0.130
0.977	0.001	0.001	0.021
0.740	0.100	0.130	0.030
0.405	0.001	0.593	0.001
0.001	0.480	0.001	0.518
>AACTGAAA	4-AACTGAAA	6.734626	-56.699662	0	T:628.0(30.69%),B:9856.1(20.92%),P:1e-24	Tpos:307.9,Tstd:288.7,Bpos:231.7,Bstd:142.6,StrandBias:0.2,Multiplicity:1.29
0.896	0.043	0.060	0.001
0.974	0.001	0.024	0.001
0.147	0.693	0.159	0.001
0.091	0.054	0.057	0.798
0.001	0.001	0.997	0.001
0.865	0.080	0.029	0.026
0.957	0.041	0.001	0.001
0.961	0.001	0.037	0.001
>ASMMCRHC	5-ASMMCRHC	5.078662	-54.563775	0	T:254.0(12.41%),B:2963.3(6.29%),P:1e-23	Tpos:305.4,Tstd:250.4,Bpos:236.4,Bstd:137.6,StrandBias:0.3,Multiplicity:1.14
0.535	0.103	0.172	0.190
0.198	0.402	0.257	0.143
0.311	0.393	0.145	0.151
0.463	0.386	0.133	0.018
0.008	0.915	0.076	0.001
0.460	0.001	0.316	0.223
0.223	0.331	0.135	0.311
0.197	0.539	0.227	0.037
>GCGGTTAA	6-GCGGTTAA	4.944008	-48.787043	0	T:583.0(28.49%),B:9267.6(19.67%),P:1e-21	Tpos:306.2,Tstd:273.3,Bpos:229.8,Bstd:144.4,StrandBias:-0.1,Multiplicity:1.21
0.057	0.073	0.761	0.109
0.024	0.804	0.081	0.091
0.022	0.109	0.781	0.088
0.040	0.162	0.694	0.104
0.042	0.093	0.071	0.794
0.157	0.065	0.082	0.696
0.797	0.039	0.048	0.116
0.683	0.112	0.126	0.079
>AGGGGGCG	7-AGGGGGCG	5.479166	-48.148866	0	T:633.0(30.94%),B:10306.3(21.88%),P:1e-20	Tpos:326.7,Tstd:275.1,Bpos:230.5,Bstd:144.1,StrandBias:0.0,Multiplicity:1.58
0.888	0.027	0.001	0.084
0.073	0.046	0.839	0.042
0.097	0.053	0.777	0.073
0.001	0.001	0.897	0.101
0.001	0.040	0.958	0.001
0.025	0.001	0.973	0.001
0.037	0.919	0.001	0.043
0.049	0.025	0.925	0.001
>YATCAAAG	8-YATCAAAG	7.571108	-45.337272	0	T:502.0(24.54%),B:7795.3(16.55%),P:1e-19	Tpos:296.9,Tstd:256.9,Bpos:231.4,Bstd:137.8,StrandBias:0.1,Multiplicity:1.26
0.001	0.426	0.253	0.320
0.635	0.001	0.050	0.314
0.268	0.001	0.003	0.728
0.001	0.699	0.279	0.021
0.916	0.001	0.082	0.001
0.997	0.001	0.001	0.001
0.997	0.001	0.001	0.001
0.001	0.001	0.997	0.001
>ATGCAAAT	9-ATGCAAAT	9.076800	-23.719012	0	T:147.0(7.18%),B:1910.6(4.06%),P:1e-10	Tpos:277.6,Tstd:232.2,Bpos:229.8,Bstd:136.5,StrandBias:0.0,Multiplicity:1.13
0.997	0.001	0.001	0.001
0.001	0.001	0.001	0.997
0.001	0.001	0.997	0.001
0.001	0.834	0.001	0.164
0.997	0.001	0.001	0.001
0.997	0.001	0.001	0.001
0.997	0.001	0.001	0.001
0.001	0.163	0.001	0.835
>CCGCMCAT	10-CCGCMCAT	7.930830	-14.052223	0	T:92.0(4.50%),B:1233.2(2.62%),P:1e-6	Tpos:346.1,Tstd:349.5,Bpos:232.3,Bstd:141.2,StrandBias:0.5,Multiplicity:1.07
0.001	0.997	0.001	0.001
0.120	0.870	0.009	0.001
0.001	0.001	0.997	0.001
0.001	0.966	0.001	0.032
0.463	0.438	0.098	0.001
0.124	0.874	0.001	0.001
0.595	0.001	0.001	0.403
0.001	0.001	0.001	0.997
>AGCACWTA	11-AGCACWTA	8.427004	-12.875754	0	T:126.0(6.16%),B:1891.3(4.01%),P:1e-5	Tpos:273.1,Tstd:220.0,Bpos:233.9,Bstd:134.7,StrandBias:0.1,Multiplicity:1.05
0.856	0.142	0.001	0.001
0.001	0.261	0.737	0.001
0.001	0.997	0.001	0.001
0.997	0.001	0.001	0.001
0.001	0.997	0.001	0.001
0.572	0.001	0.001	0.426
0.001	0.116	0.001	0.882
0.838	0.001	0.160	0.001
>GTCATACC	12-GTCATACC	6.291044	-6.184176	0	T:342.0(16.72%),B:6794.2(14.42%),P:1e-2	Tpos:308.4,Tstd:288.5,Bpos:230.6,Bstd:134.6,StrandBias:-0.3,Multiplicity:1.27
0.100	0.100	0.700	0.100
0.100	0.100	0.100	0.700
0.100	0.700	0.100	0.100
0.700	0.100	0.100	0.100
0.100	0.100	0.100	0.700
0.700	0.100	0.100	0.100
0.100	0.700	0.100	0.100
0.100	0.700	0.100	0.100
