Factor1: 0.971974083556728
Factor2: 1.0288340161712122
