Factor1: 1.1661420287910729
Factor2: 0.8575284787880321
