Factor1: 1.146297826029702
Factor2: 0.8723736338780159
