>VCGGAAAC	1-VCGGAAAC	6.146289	-76.727539	0	T:680.0(42.00%),B:12990.5(27.92%),P:1e-33	Tpos:301.5,Tstd:262.2,Bpos:239.2,Bstd:152.8,StrandBias:-0.1,Multiplicity:1.36
0.377	0.278	0.345	0.001
0.201	0.715	0.001	0.083
0.001	0.042	0.955	0.002
0.087	0.002	0.898	0.013
0.997	0.001	0.001	0.001
0.888	0.001	0.110	0.001
0.726	0.040	0.233	0.001
0.103	0.495	0.119	0.284
>ACAGGAAG	2-ACAGGAAG	7.861402	-76.418537	0	T:503.0(31.07%),B:8627.8(18.54%),P:1e-33	Tpos:293.1,Tstd:228.4,Bpos:239.0,Bstd:139.7,StrandBias:0.3,Multiplicity:1.24
0.813	0.001	0.185	0.001
0.001	0.885	0.113	0.001
0.957	0.041	0.001	0.001
0.001	0.001	0.997	0.001
0.001	0.001	0.997	0.001
0.997	0.001	0.001	0.001
0.928	0.001	0.001	0.070
0.169	0.001	0.829	0.001
>TGAGTCAT	3-TGAGTCAT	7.069240	-58.446277	0	T:262.0(16.18%),B:3794.4(8.16%),P:1e-25	Tpos:294.3,Tstd:241.7,Bpos:240.7,Bstd:141.8,StrandBias:0.0,Multiplicity:1.15
0.001	0.001	0.001	0.997
0.022	0.019	0.832	0.127
0.997	0.001	0.001	0.001
0.022	0.140	0.837	0.001
0.001	0.001	0.001	0.997
0.044	0.954	0.001	0.001
0.981	0.001	0.017	0.001
0.001	0.240	0.157	0.602
>WDACGCGT	4-WDACGCGT	4.786773	-37.928861	0	T:475.0(29.34%),B:9558.3(20.54%),P:1e-16	Tpos:378.6,Tstd:328.5,Bpos:241.3,Bstd:165.9,StrandBias:0.0,Multiplicity:1.46
0.419	0.099	0.197	0.285
0.233	0.145	0.295	0.326
0.672	0.001	0.275	0.052
0.134	0.567	0.265	0.034
0.196	0.224	0.579	0.001
0.001	0.817	0.099	0.083
0.001	0.111	0.679	0.209
0.019	0.322	0.011	0.648
>AAACCGCA	5-AAACCGCA	4.864241	-36.438009	0	T:915.0(56.52%),B:21560.4(46.34%),P:1e-15	Tpos:321.8,Tstd:263.8,Bpos:240.5,Bstd:151.8,StrandBias:0.1,Multiplicity:1.58
0.763	0.109	0.044	0.084
0.829	0.083	0.052	0.036
0.796	0.080	0.089	0.035
0.057	0.747	0.104	0.092
0.049	0.764	0.079	0.108
0.148	0.080	0.747	0.025
0.100	0.755	0.084	0.061
0.606	0.151	0.126	0.117
>ACTAGGGG	6-ACTAGGGG	6.202914	-36.256396	0	T:378.0(23.35%),B:7234.1(15.55%),P:1e-15	Tpos:302.0,Tstd:253.6,Bpos:240.9,Bstd:140.6,StrandBias:-0.2,Multiplicity:1.14
0.878	0.036	0.017	0.069
0.023	0.975	0.001	0.001
0.032	0.028	0.001	0.939
0.953	0.001	0.001	0.045
0.026	0.001	0.972	0.001
0.165	0.001	0.808	0.026
0.001	0.050	0.685	0.264
0.001	0.027	0.945	0.027
>CCCGCCCA	7-CCCGCCCA	7.594821	-33.354157	0	T:400.0(24.71%),B:7920.5(17.02%),P:1e-14	Tpos:351.5,Tstd:275.5,Bpos:238.5,Bstd:159.1,StrandBias:0.1,Multiplicity:1.67
0.015	0.857	0.001	0.127
0.077	0.921	0.001	0.001
0.072	0.926	0.001	0.001
0.068	0.001	0.852	0.079
0.001	0.980	0.001	0.018
0.001	0.978	0.001	0.020
0.039	0.941	0.001	0.019
0.646	0.259	0.001	0.094
>BDTCAAAG	8-BDTCAAAG	8.060810	-28.851349	0	T:228.0(14.08%),B:4012.1(8.62%),P:1e-12	Tpos:279.1,Tstd:224.6,Bpos:240.6,Bstd:142.9,StrandBias:0.3,Multiplicity:1.11
0.169	0.255	0.248	0.327
0.402	0.001	0.256	0.341
0.001	0.001	0.013	0.985
0.033	0.965	0.001	0.001
0.784	0.062	0.001	0.153
0.958	0.039	0.002	0.001
0.997	0.001	0.001	0.001
0.069	0.001	0.781	0.149
>ATGCAAAT	9-ATGCAAAT	8.236954	-24.437408	0	T:63.0(3.89%),B:696.1(1.50%),P:1e-10	Tpos:284.2,Tstd:304.9,Bpos:241.2,Bstd:132.7,StrandBias:0.2,Multiplicity:1.02
0.700	0.100	0.100	0.100
0.100	0.100	0.100	0.700
0.100	0.100	0.700	0.100
0.100	0.700	0.100	0.100
0.700	0.100	0.100	0.100
0.700	0.100	0.100	0.100
0.700	0.100	0.100	0.100
0.100	0.100	0.100	0.700
>TGAAAGCT	10-TGAAAGCT	8.421375	-20.347482	0	T:134.0(8.28%),B:2231.5(4.80%),P:1e-8	Tpos:262.5,Tstd:245.4,Bpos:249.0,Bstd:142.9,StrandBias:-0.4,Multiplicity:1.06
0.001	0.001	0.001	0.997
0.001	0.001	0.997	0.001
0.997	0.001	0.001	0.001
0.692	0.306	0.001	0.001
0.997	0.001	0.001	0.001
0.001	0.001	0.997	0.001
0.001	0.997	0.001	0.001
0.001	0.001	0.102	0.896
