>ACAGGAAGTG	1-ACAGGAAGTG	7.454535	-119.150309	0	T:511.0(31.56%),B:7552.7(16.23%),P:1e-51	Tpos:288.3,Tstd:242.0,Bpos:238.3,Bstd:142.5,StrandBias:0.1,Multiplicity:1.25
0.597	0.061	0.284	0.058
0.105	0.654	0.210	0.031
0.869	0.085	0.034	0.012
0.030	0.047	0.908	0.015
0.009	0.017	0.935	0.039
0.954	0.015	0.020	0.011
0.881	0.026	0.017	0.076
0.312	0.124	0.537	0.027
0.024	0.333	0.024	0.619
0.150	0.204	0.466	0.180
>CCCCCTAGTG	2-CCCCCTAGTG	5.962463	-74.606007	0	T:285.0(17.60%),B:3863.9(8.31%),P:1e-32	Tpos:298.9,Tstd:222.0,Bpos:240.0,Bstd:142.0,StrandBias:0.1,Multiplicity:1.08
0.009	0.866	0.001	0.124
0.008	0.976	0.015	0.001
0.170	0.787	0.024	0.019
0.001	0.726	0.001	0.272
0.001	0.997	0.001	0.001
0.001	0.026	0.001	0.972
0.837	0.012	0.146	0.005
0.001	0.017	0.964	0.018
0.001	0.010	0.009	0.980
0.001	0.001	0.997	0.001
>BSTGAGTCAB	3-BSTGAGTCAB	7.268892	-57.584198	0	T:270.0(16.68%),B:3985.4(8.57%),P:1e-25	Tpos:272.4,Tstd:219.5,Bpos:239.8,Bstd:138.6,StrandBias:0.0,Multiplicity:1.21
0.175	0.184	0.310	0.332
0.202	0.360	0.412	0.026
0.134	0.012	0.001	0.853
0.084	0.039	0.697	0.180
0.861	0.058	0.049	0.032
0.107	0.240	0.562	0.091
0.061	0.006	0.013	0.920
0.001	0.963	0.030	0.006
0.993	0.001	0.001	0.005
0.070	0.328	0.282	0.320
>GTTTCCGTTM	4-GTTTCCGTTM	7.231399	-44.018237	0	T:319.0(19.70%),B:5505.2(11.83%),P:1e-19	Tpos:290.5,Tstd:252.5,Bpos:242.4,Bstd:147.6,StrandBias:0.2,Multiplicity:1.13
0.215	0.091	0.470	0.224
0.128	0.001	0.001	0.870
0.001	0.001	0.001	0.997
0.001	0.001	0.001	0.997
0.139	0.801	0.059	0.001
0.085	0.544	0.197	0.174
0.209	0.055	0.491	0.245
0.008	0.016	0.001	0.975
0.162	0.274	0.096	0.468
0.397	0.314	0.192	0.097
>DGGGCGGGGC	5-DGGGCGGGGC	8.341220	-42.752871	0	T:346.0(21.37%),B:6182.6(13.29%),P:1e-18	Tpos:360.7,Tstd:277.6,Bpos:238.4,Bstd:160.7,StrandBias:0.0,Multiplicity:1.62
0.281	0.103	0.322	0.293
0.075	0.001	0.911	0.013
0.032	0.001	0.966	0.001
0.001	0.001	0.997	0.001
0.017	0.807	0.001	0.175
0.001	0.001	0.892	0.106
0.001	0.041	0.827	0.131
0.167	0.001	0.729	0.103
0.174	0.050	0.731	0.045
0.075	0.586	0.203	0.136
>RGYGGAAATT	6-RGYGGAAATT	7.759934	-33.751972	0	T:116.0(7.16%),B:1480.8(3.18%),P:1e-14	Tpos:298.7,Tstd:273.7,Bpos:242.3,Bstd:145.9,StrandBias:0.6,Multiplicity:1.04
0.499	0.069	0.431	0.001
0.108	0.075	0.686	0.131
0.042	0.456	0.111	0.392
0.019	0.065	0.793	0.123
0.001	0.084	0.893	0.022
0.830	0.036	0.070	0.064
0.944	0.041	0.001	0.014
0.851	0.024	0.060	0.065
0.206	0.209	0.189	0.397
0.377	0.008	0.053	0.562
>GTTTTCGCGG	7-GTTTTCGCGG	8.995209	-33.199911	0	T:29.0(1.79%),B:124.0(0.27%),P:1e-14	Tpos:283.9,Tstd:200.6,Bpos:228.8,Bstd:152.1,StrandBias:-0.8,Multiplicity:1.07
0.152	0.001	0.846	0.001
0.001	0.001	0.001	0.997
0.001	0.001	0.001	0.997
0.106	0.001	0.085	0.808
0.001	0.001	0.001	0.997
0.153	0.741	0.105	0.001
0.001	0.001	0.997	0.001
0.053	0.945	0.001	0.001
0.001	0.001	0.933	0.065
0.123	0.153	0.723	0.001
>TCTAGAGGCC	8-TCTAGAGGCC	6.777712	-30.538568	0	T:270.0(16.68%),B:4914.5(10.56%),P:1e-13	Tpos:308.1,Tstd:282.5,Bpos:237.3,Bstd:141.1,StrandBias:-0.0,Multiplicity:1.12
0.073	0.025	0.055	0.847
0.084	0.777	0.047	0.092
0.036	0.053	0.089	0.822
0.815	0.044	0.098	0.043
0.105	0.042	0.763	0.090
0.814	0.031	0.080	0.075
0.060	0.114	0.789	0.037
0.038	0.016	0.897	0.049
0.070	0.802	0.096	0.032
0.083	0.690	0.157	0.070
>TGCTGAGCTA	9-TGCTGAGCTA	8.181216	-29.987907	0	T:173.0(10.69%),B:2745.1(5.90%),P:1e-13	Tpos:302.9,Tstd:260.2,Bpos:237.9,Bstd:143.5,StrandBias:-0.2,Multiplicity:1.08
0.244	0.064	0.145	0.547
0.001	0.102	0.896	0.001
0.017	0.906	0.024	0.053
0.060	0.001	0.218	0.721
0.116	0.293	0.567	0.024
0.867	0.031	0.001	0.101
0.001	0.090	0.839	0.070
0.001	0.985	0.013	0.001
0.255	0.055	0.002	0.688
0.671	0.278	0.050	0.001
>TGGCGCTCTA	10-TGGCGCTCTA	6.820496	-29.985726	0	T:243.0(15.01%),B:4310.1(9.26%),P:1e-13	Tpos:310.7,Tstd:275.6,Bpos:237.0,Bstd:148.8,StrandBias:-0.1,Multiplicity:1.08
0.102	0.038	0.071	0.789
0.012	0.066	0.855	0.067
0.090	0.100	0.744	0.066
0.031	0.824	0.055	0.090
0.035	0.053	0.810	0.102
0.012	0.880	0.021	0.087
0.046	0.072	0.061	0.821
0.090	0.706	0.067	0.137
0.073	0.063	0.055	0.809
0.775	0.093	0.060	0.072
>AAACCGCAGA	11-AAACCGCAGA	4.847374	-29.094065	0	T:736.0(45.46%),B:17051.0(36.65%),P:1e-12	Tpos:313.8,Tstd:268.6,Bpos:240.3,Bstd:148.1,StrandBias:0.2,Multiplicity:1.42
0.695	0.117	0.096	0.092
0.743	0.101	0.093	0.063
0.685	0.108	0.111	0.096
0.092	0.727	0.094	0.087
0.114	0.659	0.105	0.122
0.108	0.097	0.696	0.099
0.093	0.711	0.102	0.094
0.695	0.100	0.090	0.115
0.101	0.099	0.718	0.082
0.673	0.118	0.100	0.109
>GCTTTGAWGT	12-GCTTTGAWGT	8.991067	-29.009923	0	T:150.0(9.26%),B:2286.9(4.92%),P:1e-12	Tpos:302.9,Tstd:244.8,Bpos:238.9,Bstd:140.4,StrandBias:-0.1,Multiplicity:1.09
0.088	0.227	0.441	0.244
0.032	0.780	0.001	0.187
0.001	0.001	0.001	0.997
0.026	0.311	0.001	0.662
0.001	0.001	0.001	0.997
0.001	0.001	0.997	0.001
0.997	0.001	0.001	0.001
0.527	0.001	0.003	0.469
0.001	0.001	0.997	0.001
0.214	0.177	0.084	0.525
>SWTGCAAATW	13-SWTGCAAATW	8.355405	-28.650107	0	T:45.0(2.78%),B:352.8(0.76%),P:1e-12	Tpos:240.5,Tstd:220.6,Bpos:244.1,Bstd:135.0,StrandBias:0.1,Multiplicity:1.02
0.005	0.445	0.427	0.123
0.512	0.001	0.031	0.456
0.001	0.001	0.168	0.830
0.016	0.001	0.810	0.173
0.125	0.572	0.268	0.035
0.572	0.034	0.080	0.314
0.713	0.018	0.017	0.252
0.582	0.259	0.129	0.030
0.122	0.025	0.001	0.852
0.417	0.001	0.245	0.337
>AGAGGCGTGG	14-AGAGGCGTGG	9.728382	-25.372647	0	T:63.0(3.89%),B:680.6(1.46%),P:1e-11	Tpos:338.0,Tstd:246.5,Bpos:239.2,Bstd:156.4,StrandBias:-0.0,Multiplicity:1.07
0.948	0.001	0.050	0.001
0.001	0.001	0.956	0.042
0.997	0.001	0.001	0.001
0.001	0.067	0.821	0.111
0.001	0.036	0.962	0.001
0.001	0.750	0.001	0.248
0.001	0.001	0.997	0.001
0.085	0.094	0.001	0.820
0.004	0.004	0.991	0.001
0.176	0.001	0.700	0.123
>CAACCGTCGC	15-CAACCGTCGC	9.508504	-24.806860	0	T:27.0(1.67%),B:152.5(0.33%),P:1e-10	Tpos:305.8,Tstd:213.7,Bpos:259.2,Bstd:166.9,StrandBias:-0.2,Multiplicity:1.00
0.001	0.997	0.001	0.001
0.870	0.128	0.001	0.001
0.902	0.001	0.096	0.001
0.151	0.847	0.001	0.001
0.094	0.904	0.001	0.001
0.115	0.001	0.883	0.001
0.001	0.030	0.070	0.899
0.001	0.960	0.038	0.001
0.066	0.001	0.846	0.087
0.001	0.997	0.001	0.001
>GGGRAAAMCC	16-GGGRAAAMCC	7.992039	-24.700926	0	T:170.0(10.50%),B:2865.8(6.16%),P:1e-10	Tpos:304.2,Tstd:274.3,Bpos:239.3,Bstd:144.1,StrandBias:0.0,Multiplicity:1.10
0.003	0.121	0.843	0.033
0.026	0.001	0.971	0.002
0.038	0.001	0.932	0.029
0.485	0.031	0.481	0.004
0.684	0.153	0.142	0.021
0.899	0.004	0.096	0.001
0.431	0.127	0.278	0.164
0.315	0.432	0.091	0.161
0.390	0.584	0.022	0.004
0.114	0.806	0.079	0.001
>WACTGCAGCT	17-WACTGCAGCT	9.662485	-23.594315	0	T:44.0(2.72%),B:396.5(0.85%),P:1e-10	Tpos:310.0,Tstd:227.2,Bpos:228.4,Bstd:150.8,StrandBias:0.2,Multiplicity:1.00
0.485	0.001	0.093	0.420
0.893	0.052	0.001	0.054
0.002	0.724	0.273	0.001
0.015	0.041	0.001	0.943
0.399	0.009	0.583	0.009
0.121	0.765	0.044	0.070
0.850	0.119	0.001	0.030
0.395	0.035	0.567	0.003
0.001	0.920	0.011	0.068
0.002	0.054	0.159	0.785
>TGGGTGGAGT	18-TGGGTGGAGT	8.674240	-22.280253	0	T:68.0(4.20%),B:826.1(1.78%),P:1e-9	Tpos:272.2,Tstd:202.6,Bpos:231.6,Bstd:132.8,StrandBias:-0.1,Multiplicity:1.03
0.002	0.001	0.245	0.752
0.063	0.055	0.849	0.033
0.052	0.001	0.946	0.001
0.001	0.031	0.904	0.064
0.112	0.213	0.154	0.521
0.208	0.234	0.495	0.063
0.045	0.030	0.894	0.031
0.462	0.059	0.250	0.229
0.028	0.291	0.601	0.080
0.276	0.099	0.001	0.624
>CGCAAGCGCA	19-CGCAAGCGCA	6.706013	-22.265731	0	T:133.0(8.21%),B:2141.1(4.60%),P:1e-9	Tpos:307.4,Tstd:208.1,Bpos:238.2,Bstd:157.9,StrandBias:-0.2,Multiplicity:1.11
0.156	0.491	0.267	0.086
0.212	0.011	0.646	0.131
0.248	0.569	0.108	0.075
0.642	0.157	0.060	0.141
0.652	0.185	0.099	0.064
0.188	0.075	0.645	0.092
0.234	0.493	0.060	0.213
0.129	0.097	0.703	0.071
0.097	0.621	0.091	0.191
0.777	0.056	0.065	0.102
>GGTTGTCTGC	20-GGTTGTCTGC	11.030830	-22.211499	0	T:42.0(2.59%),B:383.8(0.82%),P:1e-9	Tpos:291.1,Tstd:277.2,Bpos:230.0,Bstd:136.9,StrandBias:-0.1,Multiplicity:1.12
0.016	0.001	0.982	0.001
0.001	0.018	0.825	0.156
0.166	0.197	0.001	0.636
0.001	0.001	0.001	0.997
0.001	0.210	0.769	0.020
0.001	0.162	0.001	0.836
0.001	0.997	0.001	0.001
0.024	0.001	0.001	0.974
0.001	0.001	0.997	0.001
0.016	0.974	0.001	0.009
>AGTTAGCTTG	21-AGTTAGCTTG	8.555757	-21.048030	0	T:80.0(4.94%),B:1081.3(2.32%),P:1e-9	Tpos:280.8,Tstd:255.0,Bpos:252.9,Bstd:144.4,StrandBias:-0.2,Multiplicity:1.00
0.997	0.001	0.001	0.001
0.001	0.121	0.864	0.014
0.149	0.190	0.088	0.573
0.072	0.025	0.175	0.728
0.622	0.221	0.001	0.156
0.001	0.059	0.939	0.001
0.001	0.858	0.001	0.140
0.001	0.001	0.001	0.997
0.246	0.001	0.001	0.752
0.001	0.001	0.897	0.101
>CTTTGTTCAG	22-CTTTGTTCAG	8.633550	-15.742024	0	T:53.0(3.27%),B:686.4(1.48%),P:1e-6	Tpos:249.2,Tstd:180.5,Bpos:239.2,Bstd:143.0,StrandBias:-0.2,Multiplicity:1.18
0.007	0.813	0.141	0.039
0.059	0.014	0.037	0.890
0.206	0.207	0.096	0.491
0.036	0.392	0.017	0.555
0.073	0.098	0.800	0.029
0.142	0.033	0.203	0.622
0.057	0.037	0.006	0.900
0.083	0.703	0.001	0.213
0.579	0.108	0.094	0.219
0.074	0.078	0.799	0.049
>AACTTAGATA	23-AACTTAGATA	10.296193	-14.498118	0	T:6.0(0.37%),B:8.2(0.02%),P:1e-6	Tpos:280.8,Tstd:87.6,Bpos:246.1,Bstd:162.2,StrandBias:0.0,Multiplicity:1.00
0.700	0.100	0.100	0.100
0.700	0.100	0.100	0.100
0.100	0.700	0.100	0.100
0.100	0.100	0.100	0.700
0.100	0.100	0.100	0.700
0.700	0.100	0.100	0.100
0.100	0.100	0.700	0.100
0.700	0.100	0.100	0.100
0.100	0.100	0.100	0.700
0.700	0.100	0.100	0.100
>CGTGCCCGGT	24-CGTGCCCGGT	12.241353	-8.181097	0	T:5.0(0.31%),B:16.0(0.03%),P:1e-3	Tpos:301.2,Tstd:251.9,Bpos:216.5,Bstd:197.4,StrandBias:2.8,Multiplicity:1.60
0.001	0.997	0.001	0.001
0.001	0.001	0.997	0.001
0.001	0.001	0.001	0.997
0.001	0.001	0.997	0.001
0.001	0.997	0.001	0.001
0.001	0.997	0.001	0.001
0.001	0.997	0.001	0.001
0.001	0.001	0.997	0.001
0.203	0.001	0.795	0.001
0.001	0.001	0.001	0.997
