>ACAGGAAGTG	1-ACAGGAAGTG	7.454535	-119.150309	0	T:511.0(31.56%),B:7552.7(16.23%),P:1e-51	Tpos:288.3,Tstd:242.0,Bpos:238.3,Bstd:142.5,StrandBias:0.1,Multiplicity:1.25
0.597	0.061	0.284	0.058
0.105	0.654	0.210	0.031
0.869	0.085	0.034	0.012
0.030	0.047	0.908	0.015
0.009	0.017	0.935	0.039
0.954	0.015	0.020	0.011
0.881	0.026	0.017	0.076
0.312	0.124	0.537	0.027
0.024	0.333	0.024	0.619
0.150	0.204	0.466	0.180
>CCCCCTAGTG	2-CCCCCTAGTG	5.962463	-74.606007	0	T:285.0(17.60%),B:3863.9(8.31%),P:1e-32	Tpos:298.9,Tstd:222.0,Bpos:240.0,Bstd:142.0,StrandBias:0.1,Multiplicity:1.08
0.009	0.866	0.001	0.124
0.008	0.976	0.015	0.001
0.170	0.787	0.024	0.019
0.001	0.726	0.001	0.272
0.001	0.997	0.001	0.001
0.001	0.026	0.001	0.972
0.837	0.012	0.146	0.005
0.001	0.017	0.964	0.018
0.001	0.010	0.009	0.980
0.001	0.001	0.997	0.001
>BSTGAGTCAB	3-BSTGAGTCAB	7.268892	-57.584198	0	T:270.0(16.68%),B:3985.4(8.57%),P:1e-25	Tpos:272.4,Tstd:219.5,Bpos:239.8,Bstd:138.6,StrandBias:0.0,Multiplicity:1.21
0.175	0.184	0.310	0.332
0.202	0.360	0.412	0.026
0.134	0.012	0.001	0.853
0.084	0.039	0.697	0.180
0.861	0.058	0.049	0.032
0.107	0.240	0.562	0.091
0.061	0.006	0.013	0.920
0.001	0.963	0.030	0.006
0.993	0.001	0.001	0.005
0.070	0.328	0.282	0.320
>GTTTCCGTTM	4-GTTTCCGTTM	7.231399	-44.018237	0	T:319.0(19.70%),B:5505.2(11.83%),P:1e-19	Tpos:290.5,Tstd:252.5,Bpos:242.4,Bstd:147.6,StrandBias:0.2,Multiplicity:1.13
0.215	0.091	0.470	0.224
0.128	0.001	0.001	0.870
0.001	0.001	0.001	0.997
0.001	0.001	0.001	0.997
0.139	0.801	0.059	0.001
0.085	0.544	0.197	0.174
0.209	0.055	0.491	0.245
0.008	0.016	0.001	0.975
0.162	0.274	0.096	0.468
0.397	0.314	0.192	0.097
>DGGGCGGGGC	5-DGGGCGGGGC	8.341220	-42.752871	0	T:346.0(21.37%),B:6182.6(13.29%),P:1e-18	Tpos:360.7,Tstd:277.6,Bpos:238.4,Bstd:160.7,StrandBias:0.0,Multiplicity:1.62
0.281	0.103	0.322	0.293
0.075	0.001	0.911	0.013
0.032	0.001	0.966	0.001
0.001	0.001	0.997	0.001
0.017	0.807	0.001	0.175
0.001	0.001	0.892	0.106
0.001	0.041	0.827	0.131
0.167	0.001	0.729	0.103
0.174	0.050	0.731	0.045
0.075	0.586	0.203	0.136
>RGYGGAAATT	6-RGYGGAAATT	7.759934	-33.751972	0	T:116.0(7.16%),B:1480.8(3.18%),P:1e-14	Tpos:298.7,Tstd:273.7,Bpos:242.3,Bstd:145.9,StrandBias:0.6,Multiplicity:1.04
0.499	0.069	0.431	0.001
0.108	0.075	0.686	0.131
0.042	0.456	0.111	0.392
0.019	0.065	0.793	0.123
0.001	0.084	0.893	0.022
0.830	0.036	0.070	0.064
0.944	0.041	0.001	0.014
0.851	0.024	0.060	0.065
0.206	0.209	0.189	0.397
0.377	0.008	0.053	0.562
>GTTTTCGCGG	7-GTTTTCGCGG	8.995209	-33.199911	0	T:29.0(1.79%),B:124.0(0.27%),P:1e-14	Tpos:283.9,Tstd:200.6,Bpos:228.8,Bstd:152.1,StrandBias:-0.8,Multiplicity:1.07
0.152	0.001	0.846	0.001
0.001	0.001	0.001	0.997
0.001	0.001	0.001	0.997
0.106	0.001	0.085	0.808
0.001	0.001	0.001	0.997
0.153	0.741	0.105	0.001
0.001	0.001	0.997	0.001
0.053	0.945	0.001	0.001
0.001	0.001	0.933	0.065
0.123	0.153	0.723	0.001
>TCTAGAGGCC	8-TCTAGAGGCC	6.777712	-30.538568	0	T:270.0(16.68%),B:4914.5(10.56%),P:1e-13	Tpos:308.1,Tstd:282.5,Bpos:237.3,Bstd:141.1,StrandBias:-0.0,Multiplicity:1.12
0.073	0.025	0.055	0.847
0.084	0.777	0.047	0.092
0.036	0.053	0.089	0.822
0.815	0.044	0.098	0.043
0.105	0.042	0.763	0.090
0.814	0.031	0.080	0.075
0.060	0.114	0.789	0.037
0.038	0.016	0.897	0.049
0.070	0.802	0.096	0.032
0.083	0.690	0.157	0.070
>TGCTGAGCTA	9-TGCTGAGCTA	8.181216	-29.987907	0	T:173.0(10.69%),B:2745.1(5.90%),P:1e-13	Tpos:302.9,Tstd:260.2,Bpos:237.9,Bstd:143.5,StrandBias:-0.2,Multiplicity:1.08
0.244	0.064	0.145	0.547
0.001	0.102	0.896	0.001
0.017	0.906	0.024	0.053
0.060	0.001	0.218	0.721
0.116	0.293	0.567	0.024
0.867	0.031	0.001	0.101
0.001	0.090	0.839	0.070
0.001	0.985	0.013	0.001
0.255	0.055	0.002	0.688
0.671	0.278	0.050	0.001
>TGGCGCTCTA	10-TGGCGCTCTA	6.820496	-29.985726	0	T:243.0(15.01%),B:4310.1(9.26%),P:1e-13	Tpos:310.7,Tstd:275.6,Bpos:237.0,Bstd:148.8,StrandBias:-0.1,Multiplicity:1.08
0.102	0.038	0.071	0.789
0.012	0.066	0.855	0.067
0.090	0.100	0.744	0.066
0.031	0.824	0.055	0.090
0.035	0.053	0.810	0.102
0.012	0.880	0.021	0.087
0.046	0.072	0.061	0.821
0.090	0.706	0.067	0.137
0.073	0.063	0.055	0.809
0.775	0.093	0.060	0.072
>AAACCGCAGA	11-AAACCGCAGA	4.847374	-29.094065	0	T:736.0(45.46%),B:17051.0(36.65%),P:1e-12	Tpos:313.8,Tstd:268.6,Bpos:240.3,Bstd:148.1,StrandBias:0.2,Multiplicity:1.42
0.695	0.117	0.096	0.092
0.743	0.101	0.093	0.063
0.685	0.108	0.111	0.096
0.092	0.727	0.094	0.087
0.114	0.659	0.105	0.122
0.108	0.097	0.696	0.099
0.093	0.711	0.102	0.094
0.695	0.100	0.090	0.115
0.101	0.099	0.718	0.082
0.673	0.118	0.100	0.109
>GCTTTGAWGT	12-GCTTTGAWGT	8.991067	-29.009923	0	T:150.0(9.26%),B:2286.9(4.92%),P:1e-12	Tpos:302.9,Tstd:244.8,Bpos:238.9,Bstd:140.4,StrandBias:-0.1,Multiplicity:1.09
0.088	0.227	0.441	0.244
0.032	0.780	0.001	0.187
0.001	0.001	0.001	0.997
0.026	0.311	0.001	0.662
0.001	0.001	0.001	0.997
0.001	0.001	0.997	0.001
0.997	0.001	0.001	0.001
0.527	0.001	0.003	0.469
0.001	0.001	0.997	0.001
0.214	0.177	0.084	0.525
>SWTGCAAATW	13-SWTGCAAATW	8.355405	-28.650107	0	T:45.0(2.78%),B:352.8(0.76%),P:1e-12	Tpos:240.5,Tstd:220.6,Bpos:244.1,Bstd:135.0,StrandBias:0.1,Multiplicity:1.02
0.005	0.445	0.427	0.123
0.512	0.001	0.031	0.456
0.001	0.001	0.168	0.830
0.016	0.001	0.810	0.173
0.125	0.572	0.268	0.035
0.572	0.034	0.080	0.314
0.713	0.018	0.017	0.252
0.582	0.259	0.129	0.030
0.122	0.025	0.001	0.852
0.417	0.001	0.245	0.337
>AGAGGCGTGG	14-AGAGGCGTGG	9.728382	-25.372647	0	T:63.0(3.89%),B:680.6(1.46%),P:1e-11	Tpos:338.0,Tstd:246.5,Bpos:239.2,Bstd:156.4,StrandBias:-0.0,Multiplicity:1.07
0.948	0.001	0.050	0.001
0.001	0.001	0.956	0.042
0.997	0.001	0.001	0.001
0.001	0.067	0.821	0.111
0.001	0.036	0.962	0.001
0.001	0.750	0.001	0.248
0.001	0.001	0.997	0.001
0.085	0.094	0.001	0.820
0.004	0.004	0.991	0.001
0.176	0.001	0.700	0.123
>CAACCGTCGC	15-CAACCGTCGC	9.508504	-24.806860	0	T:27.0(1.67%),B:152.5(0.33%),P:1e-10	Tpos:305.8,Tstd:213.7,Bpos:259.2,Bstd:166.9,StrandBias:-0.2,Multiplicity:1.00
0.001	0.997	0.001	0.001
0.870	0.128	0.001	0.001
0.902	0.001	0.096	0.001
0.151	0.847	0.001	0.001
0.094	0.904	0.001	0.001
0.115	0.001	0.883	0.001
0.001	0.030	0.070	0.899
0.001	0.960	0.038	0.001
0.066	0.001	0.846	0.087
0.001	0.997	0.001	0.001
>GGGRAAAMCC	16-GGGRAAAMCC	7.992039	-24.700926	0	T:170.0(10.50%),B:2865.8(6.16%),P:1e-10	Tpos:304.2,Tstd:274.3,Bpos:239.3,Bstd:144.1,StrandBias:0.0,Multiplicity:1.10
0.003	0.121	0.843	0.033
0.026	0.001	0.971	0.002
0.038	0.001	0.932	0.029
0.485	0.031	0.481	0.004
0.684	0.153	0.142	0.021
0.899	0.004	0.096	0.001
0.431	0.127	0.278	0.164
0.315	0.432	0.091	0.161
0.390	0.584	0.022	0.004
0.114	0.806	0.079	0.001
>WACTGCAGCT	17-WACTGCAGCT	9.662485	-23.594315	0	T:44.0(2.72%),B:396.5(0.85%),P:1e-10	Tpos:310.0,Tstd:227.2,Bpos:228.4,Bstd:150.8,StrandBias:0.2,Multiplicity:1.00
0.485	0.001	0.093	0.420
0.893	0.052	0.001	0.054
0.002	0.724	0.273	0.001
0.015	0.041	0.001	0.943
0.399	0.009	0.583	0.009
0.121	0.765	0.044	0.070
0.850	0.119	0.001	0.030
0.395	0.035	0.567	0.003
0.001	0.920	0.011	0.068
0.002	0.054	0.159	0.785
>TGGGTGGAGT	18-TGGGTGGAGT	8.674240	-22.280253	0	T:68.0(4.20%),B:826.1(1.78%),P:1e-9	Tpos:272.2,Tstd:202.6,Bpos:231.6,Bstd:132.8,StrandBias:-0.1,Multiplicity:1.03
0.002	0.001	0.245	0.752
0.063	0.055	0.849	0.033
0.052	0.001	0.946	0.001
0.001	0.031	0.904	0.064
0.112	0.213	0.154	0.521
0.208	0.234	0.495	0.063
0.045	0.030	0.894	0.031
0.462	0.059	0.250	0.229
0.028	0.291	0.601	0.080
0.276	0.099	0.001	0.624
>CGCAAGCGCA	19-CGCAAGCGCA	6.706013	-22.265731	0	T:133.0(8.21%),B:2141.1(4.60%),P:1e-9	Tpos:307.4,Tstd:208.1,Bpos:238.2,Bstd:157.9,StrandBias:-0.2,Multiplicity:1.11
0.156	0.491	0.267	0.086
0.212	0.011	0.646	0.131
0.248	0.569	0.108	0.075
0.642	0.157	0.060	0.141
0.652	0.185	0.099	0.064
0.188	0.075	0.645	0.092
0.234	0.493	0.060	0.213
0.129	0.097	0.703	0.071
0.097	0.621	0.091	0.191
0.777	0.056	0.065	0.102
>GGTTGTCTGC	20-GGTTGTCTGC	11.030830	-22.211499	0	T:42.0(2.59%),B:383.8(0.82%),P:1e-9	Tpos:291.1,Tstd:277.2,Bpos:230.0,Bstd:136.9,StrandBias:-0.1,Multiplicity:1.12
0.016	0.001	0.982	0.001
0.001	0.018	0.825	0.156
0.166	0.197	0.001	0.636
0.001	0.001	0.001	0.997
0.001	0.210	0.769	0.020
0.001	0.162	0.001	0.836
0.001	0.997	0.001	0.001
0.024	0.001	0.001	0.974
0.001	0.001	0.997	0.001
0.016	0.974	0.001	0.009
>AGTTAGCTTG	21-AGTTAGCTTG	8.555757	-21.048030	0	T:80.0(4.94%),B:1081.3(2.32%),P:1e-9	Tpos:280.8,Tstd:255.0,Bpos:252.9,Bstd:144.4,StrandBias:-0.2,Multiplicity:1.00
0.997	0.001	0.001	0.001
0.001	0.121	0.864	0.014
0.149	0.190	0.088	0.573
0.072	0.025	0.175	0.728
0.622	0.221	0.001	0.156
0.001	0.059	0.939	0.001
0.001	0.858	0.001	0.140
0.001	0.001	0.001	0.997
0.246	0.001	0.001	0.752
0.001	0.001	0.897	0.101
>CTTTGTTCAG	22-CTTTGTTCAG	8.633550	-15.742024	0	T:53.0(3.27%),B:686.4(1.48%),P:1e-6	Tpos:249.2,Tstd:180.5,Bpos:239.2,Bstd:143.0,StrandBias:-0.2,Multiplicity:1.18
0.007	0.813	0.141	0.039
0.059	0.014	0.037	0.890
0.206	0.207	0.096	0.491
0.036	0.392	0.017	0.555
0.073	0.098	0.800	0.029
0.142	0.033	0.203	0.622
0.057	0.037	0.006	0.900
0.083	0.703	0.001	0.213
0.579	0.108	0.094	0.219
0.074	0.078	0.799	0.049
>AACTTAGATA	23-AACTTAGATA	10.296193	-14.498118	0	T:6.0(0.37%),B:8.2(0.02%),P:1e-6	Tpos:280.8,Tstd:87.6,Bpos:246.1,Bstd:162.2,StrandBias:0.0,Multiplicity:1.00
0.700	0.100	0.100	0.100
0.700	0.100	0.100	0.100
0.100	0.700	0.100	0.100
0.100	0.100	0.100	0.700
0.100	0.100	0.100	0.700
0.700	0.100	0.100	0.100
0.100	0.100	0.700	0.100
0.700	0.100	0.100	0.100
0.100	0.100	0.100	0.700
0.700	0.100	0.100	0.100
>CGTGCCCGGT	24-CGTGCCCGGT	12.241353	-8.181097	0	T:5.0(0.31%),B:16.0(0.03%),P:1e-3	Tpos:301.2,Tstd:251.9,Bpos:216.5,Bstd:197.4,StrandBias:2.8,Multiplicity:1.60
0.001	0.997	0.001	0.001
0.001	0.001	0.997	0.001
0.001	0.001	0.001	0.997
0.001	0.001	0.997	0.001
0.001	0.997	0.001	0.001
0.001	0.997	0.001	0.001
0.001	0.997	0.001	0.001
0.001	0.001	0.997	0.001
0.203	0.001	0.795	0.001
0.001	0.001	0.001	0.997
>GCCCCCTAGTGG	1-GCCCCCTAGTGG	9.597154	-135.660152	0	T:147.0(9.08%),B:784.6(1.69%),P:1e-58	Tpos:240.2,Tstd:154.6,Bpos:247.0,Bstd:140.3,StrandBias:0.5,Multiplicity:1.03
0.001	0.073	0.880	0.046
0.063	0.722	0.127	0.088
0.001	0.997	0.001	0.001
0.360	0.585	0.021	0.034
0.057	0.577	0.001	0.365
0.001	0.997	0.001	0.001
0.116	0.065	0.065	0.754
0.567	0.001	0.358	0.074
0.001	0.111	0.836	0.052
0.113	0.001	0.067	0.819
0.001	0.001	0.997	0.001
0.001	0.131	0.814	0.054
>HHCACTTCCTGT	2-HHCACTTCCTGT	8.200138	-105.941421	0	T:418.0(25.82%),B:5868.3(12.61%),P:1e-46	Tpos:279.5,Tstd:221.3,Bpos:237.7,Bstd:141.3,StrandBias:-0.3,Multiplicity:1.21
0.331	0.236	0.178	0.254
0.272	0.334	0.178	0.216
0.259	0.521	0.031	0.189
0.556	0.077	0.221	0.146
0.010	0.701	0.081	0.208
0.091	0.001	0.001	0.907
0.001	0.069	0.031	0.899
0.001	0.987	0.001	0.011
0.001	0.997	0.001	0.001
0.001	0.001	0.001	0.997
0.001	0.192	0.683	0.124
0.024	0.305	0.061	0.610
>VGGGGCGGGGCY	3-VGGGGCGGGGCY	8.698633	-50.762125	0	T:395.0(24.40%),B:7016.0(15.08%),P:1e-22	Tpos:344.2,Tstd:292.1,Bpos:237.2,Bstd:154.0,StrandBias:-0.0,Multiplicity:1.51
0.332	0.253	0.376	0.039
0.208	0.001	0.515	0.276
0.132	0.001	0.866	0.001
0.001	0.001	0.984	0.014
0.001	0.001	0.997	0.001
0.153	0.515	0.025	0.307
0.001	0.001	0.997	0.001
0.015	0.001	0.795	0.189
0.263	0.001	0.735	0.001
0.001	0.001	0.875	0.123
0.172	0.504	0.001	0.323
0.167	0.380	0.120	0.333
>TGCTGAGTCATG	4-TGCTGAGTCATG	8.498700	-47.014308	0	T:112.0(6.92%),B:1162.1(2.50%),P:1e-20	Tpos:279.8,Tstd:209.5,Bpos:236.8,Bstd:138.9,StrandBias:0.3,Multiplicity:1.05
0.172	0.001	0.001	0.826
0.064	0.001	0.841	0.094
0.065	0.830	0.025	0.080
0.102	0.001	0.001	0.896
0.109	0.091	0.708	0.092
0.873	0.001	0.047	0.079
0.001	0.082	0.868	0.049
0.001	0.076	0.087	0.836
0.072	0.833	0.094	0.001
0.928	0.001	0.053	0.018
0.001	0.082	0.079	0.838
0.155	0.086	0.685	0.074
>AAGCTGABTCAC	5-AAGCTGABTCAC	9.550501	-44.172128	0	T:90.0(5.56%),B:843.5(1.81%),P:1e-19	Tpos:259.8,Tstd:216.4,Bpos:237.7,Bstd:144.6,StrandBias:0.0,Multiplicity:1.01
0.602	0.094	0.303	0.001
0.700	0.001	0.298	0.001
0.307	0.108	0.503	0.082
0.272	0.650	0.077	0.001
0.001	0.001	0.001	0.997
0.001	0.001	0.997	0.001
0.810	0.001	0.091	0.098
0.001	0.375	0.253	0.371
0.001	0.001	0.001	0.997
0.001	0.865	0.001	0.133
0.997	0.001	0.001	0.001
0.111	0.423	0.197	0.268
>NCAGGAAGTGGN	6-NCAGGAAGTGGN	6.813690	-39.491320	0	T:237.0(14.64%),B:3822.5(8.22%),P:1e-17	Tpos:309.6,Tstd:252.3,Bpos:242.4,Bstd:138.0,StrandBias:0.2,Multiplicity:1.05
0.242	0.234	0.304	0.220
0.142	0.615	0.145	0.098
0.659	0.091	0.104	0.146
0.125	0.065	0.699	0.111
0.139	0.123	0.644	0.094
0.621	0.138	0.143	0.098
0.642	0.093	0.144	0.121
0.134	0.139	0.618	0.109
0.143	0.113	0.151	0.593
0.111	0.080	0.688	0.121
0.137	0.120	0.611	0.132
0.244	0.232	0.306	0.218
>AGGGGAAACCCC	7-AGGGGAAACCCC	8.829010	-38.905645	0	T:120.0(7.41%),B:1447.4(3.11%),P:1e-16	Tpos:304.5,Tstd:240.8,Bpos:238.6,Bstd:143.0,StrandBias:0.3,Multiplicity:1.04
0.611	0.067	0.168	0.154
0.157	0.001	0.630	0.212
0.211	0.001	0.733	0.055
0.029	0.001	0.877	0.093
0.178	0.001	0.820	0.001
0.858	0.077	0.045	0.020
0.867	0.001	0.131	0.001
0.596	0.165	0.103	0.136
0.210	0.716	0.073	0.001
0.075	0.894	0.001	0.030
0.245	0.600	0.001	0.154
0.001	0.839	0.001	0.159
>AGGAAGGAAATG	8-AGGAAGGAAATG	12.718550	-37.503891	0	T:24.0(1.48%),B:65.0(0.14%),P:1e-16	Tpos:214.5,Tstd:158.4,Bpos:250.2,Bstd:114.3,StrandBias:0.8,Multiplicity:1.00
0.835	0.130	0.034	0.001
0.001	0.001	0.997	0.001
0.205	0.001	0.690	0.104
0.997	0.001	0.001	0.001
0.953	0.001	0.045	0.001
0.001	0.001	0.997	0.001
0.001	0.104	0.894	0.001
0.997	0.001	0.001	0.001
0.860	0.001	0.060	0.079
0.997	0.001	0.001	0.001
0.001	0.001	0.001	0.997
0.001	0.048	0.950	0.001
>AWAGTTTCCATT	9-AWAGTTTCCATT	9.792247	-33.790755	0	T:58.0(3.58%),B:483.7(1.04%),P:1e-14	Tpos:213.7,Tstd:198.9,Bpos:230.9,Bstd:137.9,StrandBias:-0.5,Multiplicity:1.05
0.853	0.003	0.001	0.143
0.318	0.095	0.153	0.433
0.916	0.001	0.045	0.038
0.001	0.001	0.949	0.049
0.081	0.001	0.001	0.917
0.001	0.131	0.001	0.867
0.001	0.001	0.001	0.997
0.001	0.997	0.001	0.001
0.065	0.933	0.001	0.001
0.760	0.113	0.001	0.126
0.239	0.056	0.001	0.704
0.123	0.066	0.090	0.721
>GGGTTCTGAGAA	10-GGGTTCTGAGAA	11.118369	-32.371685	0	T:27.0(1.67%),B:110.0(0.24%),P:1e-14	Tpos:202.4,Tstd:158.3,Bpos:220.8,Bstd:145.7,StrandBias:-0.3,Multiplicity:1.00
0.026	0.123	0.789	0.062
0.001	0.001	0.942	0.056
0.062	0.001	0.815	0.122
0.001	0.001	0.001	0.997
0.001	0.001	0.074	0.924
0.001	0.914	0.001	0.084
0.001	0.001	0.001	0.997
0.122	0.001	0.876	0.001
0.997	0.001	0.001	0.001
0.084	0.001	0.914	0.001
0.828	0.001	0.049	0.122
0.997	0.001	0.001	0.001
>TCATAYTTTCCA	11-TCATAYTTTCCA	8.456762	-32.234926	0	T:162.0(10.01%),B:2441.2(5.25%),P:1e-13	Tpos:279.4,Tstd:225.5,Bpos:241.4,Bstd:138.9,StrandBias:0.2,Multiplicity:1.04
0.007	0.139	0.065	0.789
0.001	0.820	0.149	0.030
0.802	0.001	0.001	0.196
0.067	0.216	0.095	0.622
0.527	0.214	0.126	0.133
0.099	0.449	0.125	0.327
0.038	0.019	0.001	0.942
0.026	0.222	0.001	0.751
0.159	0.108	0.001	0.732
0.045	0.809	0.001	0.145
0.013	0.927	0.001	0.059
0.870	0.006	0.092	0.032
>CGCGCCAAAACC	12-CGCGCCAAAACC	8.776207	-29.040922	0	T:50.0(3.09%),B:420.5(0.90%),P:1e-12	Tpos:368.1,Tstd:302.7,Bpos:247.1,Bstd:160.7,StrandBias:-0.1,Multiplicity:1.02
0.001	0.905	0.093	0.001
0.001	0.076	0.829	0.094
0.001	0.997	0.001	0.001
0.094	0.048	0.764	0.094
0.094	0.717	0.188	0.001
0.001	0.900	0.098	0.001
0.811	0.094	0.001	0.094
0.900	0.001	0.098	0.001
0.808	0.097	0.001	0.094
0.753	0.194	0.048	0.005
0.094	0.811	0.001	0.094
0.001	0.829	0.076	0.094
>CSCTGCTGTTTG	13-CSCTGCTGTTTG	9.816616	-26.914125	0	T:71.0(4.39%),B:792.6(1.70%),P:1e-11	Tpos:282.4,Tstd:243.5,Bpos:240.6,Bstd:141.5,StrandBias:0.4,Multiplicity:1.04
0.208	0.580	0.016	0.196
0.183	0.261	0.381	0.175
0.043	0.902	0.018	0.037
0.001	0.001	0.001	0.997
0.001	0.001	0.865	0.133
0.001	0.703	0.001	0.295
0.275	0.001	0.038	0.686
0.001	0.050	0.948	0.001
0.001	0.111	0.044	0.844
0.001	0.001	0.001	0.997
0.102	0.001	0.043	0.854
0.157	0.089	0.653	0.101
>CTCATGTGGTTT	14-CTCATGTGGTTT	10.611295	-26.230596	0	T:31.0(1.91%),B:189.9(0.41%),P:1e-11	Tpos:215.8,Tstd:130.2,Bpos:238.8,Bstd:137.1,StrandBias:0.4,Multiplicity:1.00
0.070	0.633	0.001	0.296
0.001	0.143	0.070	0.786
0.073	0.504	0.070	0.353
0.699	0.001	0.003	0.297
0.001	0.001	0.002	0.996
0.001	0.070	0.859	0.070
0.001	0.001	0.005	0.993
0.070	0.140	0.650	0.140
0.069	0.001	0.929	0.001
0.070	0.003	0.001	0.926
0.073	0.143	0.073	0.711
0.001	0.140	0.143	0.716
>CAAAGGCTCTGA	15-CAAAGGCTCTGA	13.747137	-24.998835	0	T:15.0(0.93%),B:38.3(0.08%),P:1e-10	Tpos:308.0,Tstd:181.3,Bpos:255.4,Bstd:128.1,StrandBias:-0.4,Multiplicity:1.07
0.001	0.997	0.001	0.001
0.997	0.001	0.001	0.001
0.867	0.001	0.131	0.001
0.997	0.001	0.001	0.001
0.001	0.001	0.997	0.001
0.001	0.159	0.839	0.001
0.001	0.997	0.001	0.001
0.087	0.001	0.001	0.911
0.001	0.997	0.001	0.001
0.001	0.001	0.001	0.997
0.001	0.097	0.901	0.001
0.997	0.001	0.001	0.001
>CTGAGCTTTCAA	16-CTGAGCTTTCAA	7.649775	-24.843804	0	T:184.0(11.37%),B:3173.1(6.82%),P:1e-10	Tpos:289.7,Tstd:265.4,Bpos:241.7,Bstd:141.1,StrandBias:-0.3,Multiplicity:1.06
0.056	0.777	0.090	0.077
0.069	0.024	0.022	0.885
0.104	0.084	0.742	0.070
0.818	0.040	0.021	0.121
0.018	0.080	0.850	0.052
0.024	0.849	0.060	0.067
0.032	0.155	0.033	0.780
0.057	0.049	0.038	0.856
0.046	0.074	0.027	0.853
0.038	0.867	0.088	0.007
0.891	0.070	0.001	0.038
0.838	0.018	0.105	0.039
>ACCACCTGTTTC	17-ACCACCTGTTTC	13.116988	-22.638128	0	T:6.0(0.37%),B:2.8(0.01%),P:1e-9	Tpos:364.0,Tstd:463.6,Bpos:317.7,Bstd:86.8,StrandBias:2.3,Multiplicity:1.00
0.890	0.001	0.108	0.001
0.164	0.560	0.109	0.167
0.054	0.891	0.054	0.001
0.835	0.055	0.055	0.055
0.001	0.997	0.001	0.001
0.055	0.835	0.055	0.055
0.054	0.001	0.054	0.891
0.054	0.001	0.944	0.001
0.112	0.001	0.054	0.833
0.054	0.001	0.054	0.891
0.054	0.109	0.001	0.836
0.164	0.617	0.164	0.055
>TGCAAATAGCTC	18-TGCAAATAGCTC	13.047740	-22.606317	0	T:13.0(0.80%),B:31.1(0.07%),P:1e-9	Tpos:213.6,Tstd:140.5,Bpos:235.3,Bstd:145.7,StrandBias:0.2,Multiplicity:1.00
0.001	0.001	0.001	0.997
0.001	0.001	0.901	0.097
0.097	0.901	0.001	0.001
0.997	0.001	0.001	0.001
0.803	0.001	0.098	0.098
0.997	0.001	0.001	0.001
0.001	0.001	0.001	0.997
0.803	0.001	0.098	0.098
0.001	0.098	0.834	0.067
0.098	0.803	0.098	0.001
0.001	0.001	0.001	0.997
0.001	0.997	0.001	0.001
>CACTTCCTCCTT	19-CACTTCCTCCTT	9.516130	-19.785976	0	T:101.0(6.24%),B:1541.7(3.31%),P:1e-8	Tpos:279.9,Tstd:222.6,Bpos:241.5,Bstd:144.1,StrandBias:0.3,Multiplicity:1.03
0.029	0.867	0.001	0.103
0.830	0.062	0.053	0.055
0.001	0.799	0.072	0.128
0.067	0.082	0.001	0.850
0.031	0.111	0.080	0.778
0.019	0.862	0.063	0.056
0.028	0.874	0.001	0.097
0.145	0.032	0.070	0.753
0.035	0.872	0.031	0.062
0.051	0.863	0.011	0.075
0.074	0.044	0.001	0.881
0.042	0.057	0.076	0.825
>GTCACCCGCGGG	20-GTCACCCGCGGG	10.610010	-17.882652	0	T:12.0(0.74%),B:38.8(0.08%),P:1e-7	Tpos:310.4,Tstd:335.8,Bpos:197.2,Bstd:157.1,StrandBias:0.7,Multiplicity:1.33
0.001	0.001	0.997	0.001
0.227	0.001	0.001	0.771
0.001	0.829	0.169	0.001
0.982	0.001	0.016	0.001
0.001	0.997	0.001	0.001
0.001	0.997	0.001	0.001
0.001	0.997	0.001	0.001
0.001	0.001	0.997	0.001
0.001	0.997	0.001	0.001
0.001	0.001	0.997	0.001
0.020	0.001	0.978	0.001
0.001	0.001	0.838	0.160
>TTCAAAGGGCTG	21-TTCAAAGGGCTG	8.878871	-17.076066	0	T:75.0(4.63%),B:1085.6(2.33%),P:1e-7	Tpos:243.5,Tstd:178.0,Bpos:237.2,Bstd:137.8,StrandBias:-0.2,Multiplicity:1.08
0.285	0.214	0.002	0.499
0.144	0.252	0.006	0.598
0.134	0.671	0.186	0.009
0.662	0.253	0.001	0.084
0.502	0.336	0.156	0.006
0.973	0.006	0.007	0.014
0.129	0.003	0.731	0.137
0.339	0.005	0.528	0.128
0.090	0.348	0.561	0.001
0.014	0.775	0.003	0.208
0.301	0.006	0.006	0.687
0.181	0.150	0.551	0.118
>TCTGCAGGAAAC	22-TCTGCAGGAAAC	13.952847	-13.120522	0	T:7.0(0.43%),B:16.6(0.04%),P:1e-5	Tpos:205.9,Tstd:174.5,Bpos:227.7,Bstd:160.8,StrandBias:1.2,Multiplicity:1.43
0.001	0.001	0.001	0.997
0.001	0.913	0.085	0.001
0.001	0.001	0.001	0.997
0.001	0.001	0.997	0.001
0.001	0.997	0.001	0.001
0.997	0.001	0.001	0.001
0.001	0.001	0.997	0.001
0.001	0.001	0.997	0.001
0.829	0.169	0.001	0.001
0.997	0.001	0.001	0.001
0.997	0.001	0.001	0.001
0.001	0.997	0.001	0.001
>TCTAAGCAACRC	23-TCTAAGCAACRC	8.324886	-12.053925	0	T:10.0(0.62%),B:45.4(0.10%),P:1e-5	Tpos:190.6,Tstd:193.8,Bpos:256.1,Bstd:137.8,StrandBias:0.7,Multiplicity:1.60
0.001	0.001	0.001	0.997
0.001	0.997	0.001	0.001
0.001	0.001	0.335	0.663
0.670	0.328	0.001	0.001
0.997	0.001	0.001	0.001
0.001	0.001	0.997	0.001
0.001	0.997	0.001	0.001
0.997	0.001	0.001	0.001
0.997	0.001	0.001	0.001
0.001	0.767	0.001	0.231
0.431	0.001	0.567	0.001
0.001	0.997	0.001	0.001
>CAGATGTGGGTG	24-CAGATGTGGGTG	16.455141	-7.433264	0	T:2.0(0.12%),B:1.9(0.00%),P:1e-3	Tpos:115.8,Tstd:58.4,Bpos:252.8,Bstd:47.9,StrandBias:2.3,Multiplicity:3.00
0.001	0.997	0.001	0.001
0.997	0.001	0.001	0.001
0.001	0.001	0.997	0.001
0.997	0.001	0.001	0.001
0.001	0.001	0.001	0.997
0.135	0.001	0.863	0.001
0.001	0.001	0.001	0.997
0.001	0.001	0.997	0.001
0.001	0.001	0.997	0.001
0.001	0.001	0.997	0.001
0.001	0.001	0.001	0.997
0.001	0.001	0.997	0.001
>GCCCTGAACACA	25-GCCCTGAACACA	14.195316	-7.169530	0	T:3.0(0.19%),B:5.7(0.01%),P:1e-3	Tpos:126.1,Tstd:86.3,Bpos:216.3,Bstd:127.1,StrandBias:10.0,Multiplicity:3.33
0.001	0.001	0.997	0.001
0.001	0.898	0.001	0.100
0.001	0.997	0.001	0.001
0.001	0.898	0.100	0.001
0.001	0.001	0.001	0.997
0.001	0.001	0.997	0.001
0.997	0.001	0.001	0.001
0.997	0.001	0.001	0.001
0.001	0.997	0.001	0.001
0.997	0.001	0.001	0.001
0.001	0.997	0.001	0.001
0.997	0.001	0.001	0.001
>VCGGAAAC	1-VCGGAAAC	6.146289	-76.727539	0	T:680.0(42.00%),B:12990.5(27.92%),P:1e-33	Tpos:301.5,Tstd:262.2,Bpos:239.2,Bstd:152.8,StrandBias:-0.1,Multiplicity:1.36
0.377	0.278	0.345	0.001
0.201	0.715	0.001	0.083
0.001	0.042	0.955	0.002
0.087	0.002	0.898	0.013
0.997	0.001	0.001	0.001
0.888	0.001	0.110	0.001
0.726	0.040	0.233	0.001
0.103	0.495	0.119	0.284
>ACAGGAAG	2-ACAGGAAG	7.861402	-76.418537	0	T:503.0(31.07%),B:8627.8(18.54%),P:1e-33	Tpos:293.1,Tstd:228.4,Bpos:239.0,Bstd:139.7,StrandBias:0.3,Multiplicity:1.24
0.813	0.001	0.185	0.001
0.001	0.885	0.113	0.001
0.957	0.041	0.001	0.001
0.001	0.001	0.997	0.001
0.001	0.001	0.997	0.001
0.997	0.001	0.001	0.001
0.928	0.001	0.001	0.070
0.169	0.001	0.829	0.001
>TGAGTCAT	3-TGAGTCAT	7.069240	-58.446277	0	T:262.0(16.18%),B:3794.4(8.16%),P:1e-25	Tpos:294.3,Tstd:241.7,Bpos:240.7,Bstd:141.8,StrandBias:0.0,Multiplicity:1.15
0.001	0.001	0.001	0.997
0.022	0.019	0.832	0.127
0.997	0.001	0.001	0.001
0.022	0.140	0.837	0.001
0.001	0.001	0.001	0.997
0.044	0.954	0.001	0.001
0.981	0.001	0.017	0.001
0.001	0.240	0.157	0.602
>WDACGCGT	4-WDACGCGT	4.786773	-37.928861	0	T:475.0(29.34%),B:9558.3(20.54%),P:1e-16	Tpos:378.6,Tstd:328.5,Bpos:241.3,Bstd:165.9,StrandBias:0.0,Multiplicity:1.46
0.419	0.099	0.197	0.285
0.233	0.145	0.295	0.326
0.672	0.001	0.275	0.052
0.134	0.567	0.265	0.034
0.196	0.224	0.579	0.001
0.001	0.817	0.099	0.083
0.001	0.111	0.679	0.209
0.019	0.322	0.011	0.648
>AAACCGCA	5-AAACCGCA	4.864241	-36.438009	0	T:915.0(56.52%),B:21560.4(46.34%),P:1e-15	Tpos:321.8,Tstd:263.8,Bpos:240.5,Bstd:151.8,StrandBias:0.1,Multiplicity:1.58
0.763	0.109	0.044	0.084
0.829	0.083	0.052	0.036
0.796	0.080	0.089	0.035
0.057	0.747	0.104	0.092
0.049	0.764	0.079	0.108
0.148	0.080	0.747	0.025
0.100	0.755	0.084	0.061
0.606	0.151	0.126	0.117
>ACTAGGGG	6-ACTAGGGG	6.202914	-36.256396	0	T:378.0(23.35%),B:7234.1(15.55%),P:1e-15	Tpos:302.0,Tstd:253.6,Bpos:240.9,Bstd:140.6,StrandBias:-0.2,Multiplicity:1.14
0.878	0.036	0.017	0.069
0.023	0.975	0.001	0.001
0.032	0.028	0.001	0.939
0.953	0.001	0.001	0.045
0.026	0.001	0.972	0.001
0.165	0.001	0.808	0.026
0.001	0.050	0.685	0.264
0.001	0.027	0.945	0.027
>CCCGCCCA	7-CCCGCCCA	7.594821	-33.354157	0	T:400.0(24.71%),B:7920.5(17.02%),P:1e-14	Tpos:351.5,Tstd:275.5,Bpos:238.5,Bstd:159.1,StrandBias:0.1,Multiplicity:1.67
0.015	0.857	0.001	0.127
0.077	0.921	0.001	0.001
0.072	0.926	0.001	0.001
0.068	0.001	0.852	0.079
0.001	0.980	0.001	0.018
0.001	0.978	0.001	0.020
0.039	0.941	0.001	0.019
0.646	0.259	0.001	0.094
>BDTCAAAG	8-BDTCAAAG	8.060810	-28.851349	0	T:228.0(14.08%),B:4012.1(8.62%),P:1e-12	Tpos:279.1,Tstd:224.6,Bpos:240.6,Bstd:142.9,StrandBias:0.3,Multiplicity:1.11
0.169	0.255	0.248	0.327
0.402	0.001	0.256	0.341
0.001	0.001	0.013	0.985
0.033	0.965	0.001	0.001
0.784	0.062	0.001	0.153
0.958	0.039	0.002	0.001
0.997	0.001	0.001	0.001
0.069	0.001	0.781	0.149
>ATGCAAAT	9-ATGCAAAT	8.236954	-24.437408	0	T:63.0(3.89%),B:696.1(1.50%),P:1e-10	Tpos:284.2,Tstd:304.9,Bpos:241.2,Bstd:132.7,StrandBias:0.2,Multiplicity:1.02
0.700	0.100	0.100	0.100
0.100	0.100	0.100	0.700
0.100	0.100	0.700	0.100
0.100	0.700	0.100	0.100
0.700	0.100	0.100	0.100
0.700	0.100	0.100	0.100
0.700	0.100	0.100	0.100
0.100	0.100	0.100	0.700
>TGAAAGCT	10-TGAAAGCT	8.421375	-20.347482	0	T:134.0(8.28%),B:2231.5(4.80%),P:1e-8	Tpos:262.5,Tstd:245.4,Bpos:249.0,Bstd:142.9,StrandBias:-0.4,Multiplicity:1.06
0.001	0.001	0.001	0.997
0.001	0.001	0.997	0.001
0.997	0.001	0.001	0.001
0.692	0.306	0.001	0.001
0.997	0.001	0.001	0.001
0.001	0.001	0.997	0.001
0.001	0.997	0.001	0.001
0.001	0.001	0.102	0.896
