Factor1: 0.6970308859411558
Factor2: 1.434656656067346
