>TGATATTTGTTT	6-TGATATTTGTTT,BestGuess:Bcl6b+M0391(0.416)	9.988902	-13.840776	0	T:10.0(4.35%),B:280.9(0.56%),P:1e-6
0.137	0.045	0.078	0.740
0.147	0.118	0.537	0.198
0.622	0.113	0.135	0.130
0.132	0.093	0.098	0.677
0.620	0.093	0.114	0.173
0.113	0.086	0.093	0.708
0.127	0.136	0.110	0.627
0.073	0.046	0.066	0.815
0.151	0.129	0.533	0.187
0.116	0.132	0.072	0.680
0.092	0.108	0.087	0.713
0.109	0.090	0.073	0.728
