>AAACAAATATCA	6-TGATATTTGTTT	9.988902	-13.840776	0	T:10.0(4.35%),B:280.9(0.56%),P:1e-6
0.728	0.073	0.090	0.109
0.713	0.087	0.108	0.092
0.680	0.072	0.132	0.116
0.187	0.533	0.129	0.151
0.815	0.066	0.046	0.073
0.627	0.110	0.136	0.127
0.708	0.093	0.086	0.113
0.173	0.114	0.093	0.620
0.677	0.098	0.093	0.132
0.130	0.135	0.113	0.622
0.198	0.537	0.118	0.147
0.740	0.078	0.045	0.137
