Factor1: 1.0598049320516245
Factor2: 0.9435698681493668
