Factor1: 1.0008793939055558
Factor2: 0.9991213787486198
