>NKBNTGTGGTTW	1-NKBNTGTGGTTW	7.167060	-777.790071	0	T:1775.0(61.31%),B:12113.9(26.43%),P:1e-337	Tpos:262.6,Tstd:179.2,Bpos:232.3,Bstd:148.6,StrandBias:-0.0,Multiplicity:1.55
0.272	0.147	0.285	0.295
0.164	0.197	0.367	0.272
0.139	0.248	0.323	0.290
0.243	0.332	0.190	0.236
0.122	0.001	0.018	0.859
0.001	0.001	0.997	0.001
0.010	0.001	0.001	0.988
0.001	0.001	0.997	0.001
0.001	0.001	0.997	0.001
0.001	0.186	0.120	0.693
0.100	0.213	0.184	0.503
0.346	0.073	0.183	0.397
>BCTCTGTGGTTD	2-BCTCTGTGGTTD	6.615560	-402.780113	0	T:1663.0(57.44%),B:14620.9(31.90%),P:1e-174	Tpos:267.2,Tstd:180.8,Bpos:233.7,Bstd:147.1,StrandBias:-0.0,Multiplicity:1.26
0.153	0.279	0.265	0.303
0.168	0.429	0.223	0.180
0.306	0.001	0.001	0.692
0.058	0.453	0.230	0.260
0.112	0.012	0.057	0.819
0.036	0.001	0.931	0.032
0.203	0.178	0.034	0.585
0.001	0.080	0.918	0.001
0.001	0.001	0.997	0.001
0.051	0.102	0.204	0.643
0.188	0.187	0.168	0.457
0.246	0.099	0.335	0.320
>NYCACTTCCTGT	3-NYCACTTCCTGT	8.414735	-332.381911	0	T:737.0(25.46%),B:4182.5(9.13%),P:1e-144	Tpos:266.1,Tstd:179.2,Bpos:232.2,Bstd:140.1,StrandBias:-0.0,Multiplicity:1.15
0.322	0.213	0.226	0.239
0.213	0.405	0.124	0.259
0.082	0.663	0.078	0.177
0.779	0.071	0.086	0.064
0.001	0.609	0.059	0.331
0.116	0.001	0.001	0.882
0.001	0.001	0.001	0.997
0.001	0.909	0.001	0.089
0.044	0.941	0.001	0.014
0.023	0.013	0.001	0.963
0.010	0.262	0.548	0.180
0.084	0.212	0.025	0.679
>GAGGTGTGAAAM	4-GAGGTGTGAAAM	6.827963	-206.828232	0	T:754.0(26.04%),B:5606.6(12.23%),P:1e-89	Tpos:275.2,Tstd:197.1,Bpos:232.1,Bstd:148.2,StrandBias:0.1,Multiplicity:1.19
0.294	0.072	0.491	0.143
0.931	0.001	0.067	0.001
0.109	0.001	0.807	0.083
0.021	0.007	0.971	0.001
0.001	0.001	0.001	0.997
0.001	0.001	0.997	0.001
0.254	0.001	0.001	0.744
0.001	0.022	0.867	0.110
0.989	0.001	0.009	0.001
0.771	0.035	0.108	0.086
0.562	0.166	0.145	0.127
0.292	0.414	0.120	0.174
>VTGASTCABHNN	5-VTGASTCABHNN	7.247970	-187.971889	0	T:636.0(21.97%),B:4510.9(9.84%),P:1e-81	Tpos:272.1,Tstd:209.7,Bpos:231.8,Bstd:145.4,StrandBias:-0.0,Multiplicity:1.15
0.342	0.247	0.312	0.099
0.001	0.001	0.001	0.997
0.001	0.001	0.904	0.094
0.997	0.001	0.001	0.001
0.010	0.520	0.469	0.001
0.001	0.001	0.001	0.997
0.155	0.842	0.002	0.001
0.997	0.001	0.001	0.001
0.152	0.268	0.252	0.328
0.370	0.256	0.029	0.346
0.223	0.280	0.182	0.316
0.213	0.340	0.209	0.237
>TGAAAGTGAAAC	6-TGAAAGTGAAAC	9.108841	-139.041213	0	T:281.0(9.71%),B:1424.1(3.11%),P:1e-60	Tpos:253.8,Tstd:173.5,Bpos:231.1,Bstd:145.7,StrandBias:0.1,Multiplicity:1.08
0.251	0.063	0.083	0.603
0.179	0.141	0.544	0.136
0.705	0.073	0.134	0.088
0.942	0.027	0.005	0.026
0.953	0.001	0.004	0.042
0.052	0.321	0.612	0.015
0.215	0.001	0.083	0.701
0.052	0.083	0.855	0.010
0.734	0.109	0.030	0.127
0.779	0.118	0.047	0.056
0.974	0.013	0.004	0.009
0.148	0.609	0.235	0.008
>CAGGAAACCACG	7-CAGGAAACCACG	8.907256	-103.337085	0	T:245.0(8.46%),B:1378.2(3.01%),P:1e-44	Tpos:274.8,Tstd:189.9,Bpos:241.0,Bstd:145.2,StrandBias:-0.0,Multiplicity:1.04
0.052	0.877	0.051	0.020
0.889	0.040	0.020	0.051
0.047	0.040	0.837	0.076
0.112	0.035	0.852	0.001
0.903	0.020	0.057	0.020
0.865	0.064	0.058	0.013
0.835	0.060	0.085	0.020
0.047	0.873	0.060	0.020
0.041	0.932	0.001	0.026
0.834	0.030	0.020	0.116
0.114	0.722	0.061	0.103
0.175	0.131	0.590	0.104
>AAACCGAAAGTA	8-AAACCGAAAGTA	7.352529	-92.485966	0	T:663.0(22.90%),B:6275.1(13.69%),P:1e-40	Tpos:274.7,Tstd:191.9,Bpos:236.8,Bstd:144.6,StrandBias:-0.1,Multiplicity:1.18
0.851	0.055	0.077	0.017
0.851	0.030	0.070	0.049
0.897	0.065	0.014	0.024
0.110	0.676	0.152	0.062
0.190	0.538	0.070	0.202
0.207	0.222	0.458	0.113
0.754	0.090	0.068	0.088
0.886	0.038	0.040	0.036
0.880	0.001	0.056	0.063
0.074	0.103	0.753	0.070
0.141	0.118	0.086	0.655
0.725	0.126	0.086	0.063
>GGGGGTTTCCCC	9-GGGGGTTTCCCC	7.556210	-87.652950	0	T:323.0(11.16%),B:2322.6(5.07%),P:1e-38	Tpos:275.2,Tstd:197.6,Bpos:235.1,Bstd:138.6,StrandBias:-0.2,Multiplicity:1.06
0.093	0.069	0.691	0.147
0.099	0.050	0.746	0.105
0.078	0.032	0.755	0.135
0.091	0.046	0.744	0.119
0.078	0.131	0.679	0.112
0.108	0.100	0.074	0.718
0.036	0.087	0.107	0.770
0.041	0.075	0.067	0.817
0.053	0.791	0.054	0.102
0.082	0.829	0.015	0.074
0.088	0.742	0.031	0.139
0.113	0.718	0.052	0.117
>GCCACATCAAAG	10-GCCACATCAAAG	10.007484	-79.750581	0	T:129.0(4.46%),B:550.0(1.20%),P:1e-34	Tpos:236.4,Tstd:170.9,Bpos:234.5,Bstd:145.2,StrandBias:-0.3,Multiplicity:1.00
0.152	0.231	0.422	0.195
0.039	0.935	0.001	0.025
0.001	0.845	0.001	0.153
0.815	0.001	0.001	0.183
0.001	0.997	0.001	0.001
0.797	0.001	0.001	0.201
0.251	0.001	0.019	0.729
0.001	0.573	0.258	0.168
0.982	0.001	0.001	0.016
0.645	0.210	0.111	0.034
0.997	0.001	0.001	0.001
0.171	0.069	0.594	0.166
>TAGTGTCACTTC	11-TAGTGTCACTTC	7.193545	-77.186089	0	T:487.0(16.82%),B:4375.9(9.55%),P:1e-33	Tpos:260.5,Tstd:194.1,Bpos:234.5,Bstd:142.7,StrandBias:0.1,Multiplicity:1.07
0.105	0.126	0.126	0.643
0.728	0.046	0.133	0.093
0.076	0.098	0.755	0.071
0.112	0.040	0.054	0.794
0.076	0.076	0.725	0.123
0.078	0.054	0.079	0.789
0.060	0.772	0.104	0.064
0.768	0.083	0.041	0.108
0.065	0.732	0.065	0.138
0.076	0.114	0.041	0.769
0.070	0.072	0.074	0.784
0.073	0.740	0.076	0.111
>ACACCMCACCCT	12-ACACCMCACCCT	9.240795	-61.873095	0	T:205.0(7.08%),B:1393.8(3.04%),P:1e-26	Tpos:267.8,Tstd:199.4,Bpos:237.1,Bstd:140.5,StrandBias:0.2,Multiplicity:1.05
0.681	0.061	0.055	0.203
0.039	0.677	0.268	0.016
0.728	0.152	0.093	0.027
0.129	0.632	0.038	0.201
0.042	0.956	0.001	0.001
0.465	0.318	0.001	0.216
0.092	0.826	0.028	0.054
0.638	0.089	0.043	0.230
0.025	0.904	0.001	0.070
0.046	0.932	0.001	0.021
0.074	0.740	0.001	0.185
0.083	0.001	0.001	0.915
>NAACCACAAGTN	13-NAACCACAAGTN	7.713867	-60.634827	0	T:392.0(13.54%),B:3531.2(7.70%),P:1e-26	Tpos:249.0,Tstd:165.4,Bpos:236.5,Bstd:148.0,StrandBias:-0.1,Multiplicity:1.05
0.252	0.302	0.235	0.211
0.699	0.139	0.007	0.155
0.605	0.196	0.142	0.057
0.157	0.668	0.069	0.106
0.001	0.933	0.001	0.065
0.698	0.111	0.001	0.190
0.001	0.836	0.087	0.076
0.662	0.210	0.049	0.079
0.781	0.001	0.038	0.180
0.001	0.001	0.917	0.081
0.001	0.001	0.126	0.872
0.156	0.287	0.305	0.253
>CACCMGAGGAAG	14-CACCMGAGGAAG	10.499543	-59.898037	0	T:185.0(6.39%),B:1212.4(2.65%),P:1e-26	Tpos:263.5,Tstd:169.1,Bpos:235.1,Bstd:134.0,StrandBias:0.0,Multiplicity:1.05
0.001	0.659	0.339	0.001
0.587	0.339	0.073	0.001
0.288	0.575	0.136	0.001
0.421	0.577	0.001	0.001
0.521	0.451	0.001	0.027
0.001	0.406	0.592	0.001
0.997	0.001	0.001	0.001
0.001	0.001	0.997	0.001
0.001	0.001	0.997	0.001
0.625	0.373	0.001	0.001
0.997	0.001	0.001	0.001
0.001	0.001	0.997	0.001
>GGGTGACACCTT	15-GGGTGACACCTT	9.664981	-53.026618	0	T:129.0(4.46%),B:738.1(1.61%),P:1e-23	Tpos:246.8,Tstd:187.4,Bpos:232.3,Bstd:145.7,StrandBias:-0.1,Multiplicity:1.02
0.225	0.001	0.694	0.080
0.023	0.001	0.829	0.147
0.151	0.165	0.683	0.001
0.047	0.001	0.001	0.951
0.001	0.001	0.991	0.007
0.750	0.001	0.001	0.248
0.001	0.912	0.086	0.001
0.858	0.001	0.001	0.140
0.072	0.666	0.131	0.131
0.072	0.683	0.001	0.244
0.106	0.001	0.001	0.892
0.057	0.167	0.129	0.647
>AAACCACMTGTG	16-AAACCACMTGTG	12.538337	-40.578789	0	T:31.0(1.07%),B:60.1(0.13%),P:1e-17	Tpos:219.5,Tstd:133.3,Bpos:198.7,Bstd:133.9,StrandBias:0.4,Multiplicity:1.00
0.997	0.001	0.001	0.001
0.636	0.362	0.001	0.001
0.997	0.001	0.001	0.001
0.248	0.750	0.001	0.001
0.001	0.997	0.001	0.001
0.997	0.001	0.001	0.001
0.082	0.765	0.152	0.001
0.388	0.306	0.153	0.153
0.001	0.001	0.001	0.997
0.001	0.152	0.846	0.001
0.001	0.001	0.001	0.997
0.001	0.001	0.997	0.001
>CCTGTGGYCTGT	17-CCTGTGGYCTGT	9.750616	-33.344535	0	T:128.0(4.42%),B:940.0(2.05%),P:1e-14	Tpos:278.3,Tstd:179.5,Bpos:232.1,Bstd:144.0,StrandBias:0.3,Multiplicity:1.02
0.001	0.997	0.001	0.001
0.001	0.997	0.001	0.001
0.068	0.001	0.001	0.930
0.001	0.001	0.997	0.001
0.114	0.125	0.005	0.756
0.001	0.001	0.631	0.367
0.040	0.113	0.731	0.116
0.001	0.443	0.001	0.555
0.001	0.654	0.001	0.344
0.110	0.001	0.001	0.888
0.001	0.001	0.957	0.041
0.069	0.001	0.001	0.929
>TGACMACAGCTG	18-TGACMACAGCTG	9.568532	-25.882394	0	T:152.0(5.25%),B:1325.9(2.89%),P:1e-11	Tpos:258.5,Tstd:201.4,Bpos:235.4,Bstd:137.5,StrandBias:-0.1,Multiplicity:1.01
0.147	0.001	0.001	0.851
0.069	0.001	0.721	0.209
0.673	0.001	0.092	0.234
0.001	0.809	0.001	0.189
0.321	0.426	0.101	0.152
0.623	0.007	0.001	0.369
0.001	0.841	0.157	0.001
0.784	0.001	0.001	0.214
0.001	0.133	0.815	0.051
0.001	0.997	0.001	0.001
0.130	0.001	0.001	0.868
0.001	0.001	0.789	0.209
>TTCTTTGTGATT	19-TTCTTTGTGATT	12.355432	-19.105605	0	T:6.0(0.21%),B:3.0(0.01%),P:1e-8	Tpos:306.7,Tstd:189.6,Bpos:377.8,Bstd:57.8,StrandBias:10.0,Multiplicity:1.00
0.100	0.100	0.100	0.700
0.100	0.100	0.100	0.700
0.100	0.700	0.100	0.100
0.100	0.100	0.100	0.700
0.100	0.100	0.100	0.700
0.100	0.100	0.100	0.700
0.100	0.100	0.700	0.100
0.100	0.100	0.100	0.700
0.100	0.100	0.700	0.100
0.700	0.100	0.100	0.100
0.100	0.100	0.100	0.700
0.100	0.100	0.100	0.700
>ACATCTCCGCCC	20-ACATCTCCGCCC	-0.182949	-18.463640	0	T:159.0(5.49%),B:1568.8(3.42%),P:1e-8	Tpos:267.4,Tstd:205.8,Bpos:231.1,Bstd:138.9,StrandBias:0.2,Multiplicity:1.10
0.947	0.001	0.051	0.001
0.001	0.997	0.001	0.001
0.947	0.001	0.001	0.051
0.001	0.001	0.001	0.997
0.001	0.997	0.001	0.001
0.001	0.001	0.001	0.997
0.001	0.997	0.001	0.001
0.001	0.997	0.001	0.001
0.001	0.001	0.997	0.001
0.001	0.997	0.001	0.001
0.001	0.997	0.001	0.001
0.001	0.997	0.001	0.001
>TGCAGTACATTG	21-TGCAGTACATTG	14.367555	-14.278613	0	T:4.0(0.14%),B:0.5(0.00%),P:1e-6	Tpos:140.2,Tstd:99.5,Bpos:237.0,Bstd:0.0,StrandBias:2.8,Multiplicity:2.00
0.001	0.001	0.001	0.997
0.001	0.001	0.997	0.001
0.001	0.997	0.001	0.001
0.891	0.001	0.001	0.107
0.001	0.001	0.997	0.001
0.001	0.001	0.001	0.997
0.997	0.001	0.001	0.001
0.001	0.997	0.001	0.001
0.997	0.001	0.001	0.001
0.001	0.001	0.001	0.997
0.001	0.001	0.001	0.997
0.001	0.001	0.997	0.001
>TGACTCCGCCTG	22-TGACTCCGCCTG	0.876824	-11.005128	0	T:203.0(7.01%),B:2384.9(5.20%),P:1e-4	Tpos:315.7,Tstd:231.2,Bpos:230.3,Bstd:142.4,StrandBias:0.1,Multiplicity:1.10
0.001	0.001	0.001	0.997
0.001	0.219	0.779	0.001
0.779	0.001	0.001	0.219
0.001	0.997	0.001	0.001
0.001	0.001	0.001	0.997
0.001	0.997	0.001	0.001
0.001	0.997	0.001	0.001
0.001	0.001	0.997	0.001
0.001	0.997	0.001	0.001
0.001	0.997	0.001	0.001
0.110	0.219	0.001	0.670
0.001	0.001	0.779	0.219
>AGCAACACTATC	23-AGCAACACTATC	14.239978	-8.093761	0	T:3.0(0.10%),B:2.8(0.01%),P:1e-3	Tpos:187.8,Tstd:92.5,Bpos:279.4,Bstd:127.3,StrandBias:10.0,Multiplicity:3.00
0.997	0.001	0.001	0.001
0.001	0.001	0.997	0.001
0.001	0.997	0.001	0.001
0.997	0.001	0.001	0.001
0.997	0.001	0.001	0.001
0.001	0.876	0.001	0.122
0.997	0.001	0.001	0.001
0.001	0.876	0.122	0.001
0.001	0.001	0.001	0.997
0.997	0.001	0.001	0.001
0.001	0.001	0.001	0.997
0.122	0.876	0.001	0.001
>TTGGGCCTGACT	24-TTGGGCCTGACT	14.367555	-6.924314	0	T:3.0(0.10%),B:3.9(0.01%),P:1e-3	Tpos:336.6,Tstd:78.9,Bpos:302.5,Bstd:81.9,StrandBias:3.0,Multiplicity:3.00
0.001	0.001	0.001	0.997
0.001	0.001	0.001	0.997
0.001	0.001	0.997	0.001
0.001	0.001	0.997	0.001
0.001	0.107	0.891	0.001
0.001	0.997	0.001	0.001
0.001	0.997	0.001	0.001
0.001	0.001	0.001	0.997
0.001	0.001	0.997	0.001
0.997	0.001	0.001	0.001
0.001	0.997	0.001	0.001
0.001	0.001	0.001	0.997
>TCTCCTCCCTGC	25-TCTCCTCCCTGC	16.599477	-6.310664	0	T:4.0(0.14%),B:8.3(0.02%),P:1e-2	Tpos:103.0,Tstd:61.0,Bpos:108.2,Bstd:99.7,StrandBias:2.0,Multiplicity:1.67
0.001	0.001	0.001	0.997
0.001	0.997	0.001	0.001
0.001	0.001	0.001	0.997
0.001	0.997	0.001	0.001
0.001	0.997	0.001	0.001
0.001	0.001	0.001	0.997
0.001	0.997	0.001	0.001
0.001	0.997	0.001	0.001
0.001	0.997	0.001	0.001
0.001	0.001	0.001	0.997
0.001	0.001	0.997	0.001
0.001	0.997	0.001	0.001
