>TAACCACA	1-TAACCACA	7.460906	-710.695278	0	T:1369.0(47.29%),B:7799.6(17.02%),P:1e-308	Tpos:262.3,Tstd:174.1,Bpos:233.0,Bstd:150.2,StrandBias:-0.0,Multiplicity:1.36
0.300	0.102	0.074	0.524
0.746	0.076	0.099	0.079
0.974	0.001	0.024	0.001
0.001	0.997	0.001	0.001
0.001	0.997	0.001	0.001
0.962	0.001	0.003	0.034
0.001	0.997	0.001	0.001
0.962	0.001	0.011	0.026
>TGWGGTTW	2-TGWGGTTW	6.482596	-481.491678	0	T:1840.0(63.56%),B:16163.7(35.27%),P:1e-209	Tpos:267.5,Tstd:182.5,Bpos:234.0,Bstd:149.6,StrandBias:0.1,Multiplicity:1.43
0.175	0.070	0.172	0.583
0.001	0.001	0.997	0.001
0.414	0.080	0.001	0.505
0.001	0.001	0.997	0.001
0.001	0.001	0.997	0.001
0.001	0.081	0.277	0.641
0.001	0.001	0.186	0.812
0.451	0.001	0.001	0.547
>TGTGGYYG	3-TGTGGYYG	6.513235	-418.267629	0	T:1778.0(61.42%),B:16079.8(35.08%),P:1e-181	Tpos:255.4,Tstd:183.6,Bpos:231.9,Bstd:148.4,StrandBias:-0.1,Multiplicity:1.32
0.001	0.056	0.134	0.809
0.036	0.001	0.962	0.001
0.083	0.123	0.001	0.793
0.008	0.001	0.990	0.001
0.036	0.001	0.962	0.001
0.001	0.455	0.099	0.445
0.083	0.301	0.198	0.418
0.092	0.001	0.617	0.290
>CACTTCCT	4-CACTTCCT	5.887001	-279.627525	0	T:1004.0(34.68%),B:7629.1(16.65%),P:1e-121	Tpos:268.2,Tstd:176.7,Bpos:233.4,Bstd:140.5,StrandBias:-0.2,Multiplicity:1.22
0.001	0.925	0.073	0.001
0.961	0.001	0.037	0.001
0.001	0.794	0.001	0.204
0.201	0.001	0.001	0.797
0.001	0.001	0.001	0.997
0.001	0.997	0.001	0.001
0.001	0.997	0.001	0.001
0.001	0.001	0.001	0.997
>TTACCGCA	5-TTACCGCA	6.012852	-271.997092	0	T:1017.0(35.13%),B:7879.2(17.19%),P:1e-118	Tpos:260.6,Tstd:190.0,Bpos:235.9,Bstd:148.1,StrandBias:0.0,Multiplicity:1.15
0.174	0.080	0.122	0.624
0.149	0.054	0.164	0.633
0.762	0.031	0.124	0.083
0.032	0.871	0.024	0.073
0.012	0.960	0.027	0.001
0.293	0.037	0.525	0.145
0.036	0.916	0.030	0.018
0.720	0.075	0.070	0.135
>CAGGAAGC	6-CAGGAAGC	6.333895	-224.929451	0	T:1070.0(36.96%),B:9181.2(20.03%),P:1e-97	Tpos:274.7,Tstd:188.8,Bpos:231.0,Bstd:140.1,StrandBias:0.1,Multiplicity:1.17
0.001	0.842	0.156	0.001
0.997	0.001	0.001	0.001
0.001	0.001	0.997	0.001
0.001	0.001	0.997	0.001
0.997	0.001	0.001	0.001
0.961	0.037	0.001	0.001
0.254	0.001	0.744	0.001
0.001	0.920	0.001	0.078
>TCACACCT	7-TCACACCT	7.196240	-203.930785	0	T:734.0(25.35%),B:5414.1(11.81%),P:1e-88	Tpos:275.4,Tstd:196.6,Bpos:230.8,Bstd:149.7,StrandBias:0.2,Multiplicity:1.19
0.001	0.039	0.001	0.959
0.132	0.770	0.097	0.001
0.810	0.001	0.037	0.152
0.001	0.997	0.001	0.001
0.986	0.001	0.012	0.001
0.001	0.972	0.026	0.001
0.018	0.923	0.014	0.045
0.029	0.125	0.001	0.845
>AAACCGAA	8-AAACCGAA	5.620316	-190.222882	0	T:1361.0(47.01%),B:13703.0(29.90%),P:1e-82	Tpos:262.8,Tstd:185.6,Bpos:236.4,Bstd:147.6,StrandBias:0.1,Multiplicity:1.31
0.805	0.037	0.063	0.095
0.883	0.028	0.052	0.037
0.798	0.093	0.091	0.018
0.082	0.843	0.030	0.045
0.060	0.809	0.094	0.037
0.189	0.175	0.582	0.054
0.576	0.260	0.078	0.086
0.710	0.100	0.131	0.059
>TGAGTCAT	9-TGAGTCAT	7.410710	-189.190745	0	T:564.0(19.48%),B:3724.9(8.13%),P:1e-82	Tpos:278.4,Tstd:211.2,Bpos:231.7,Bstd:147.8,StrandBias:-0.0,Multiplicity:1.13
0.001	0.001	0.001	0.997
0.001	0.001	0.929	0.069
0.961	0.001	0.001	0.037
0.023	0.243	0.704	0.030
0.001	0.001	0.001	0.997
0.020	0.978	0.001	0.001
0.997	0.001	0.001	0.001
0.051	0.127	0.120	0.702
>ACACCCYC	10-ACACCCYC	6.078641	-103.524318	0	T:1318.0(45.53%),B:15056.1(32.85%),P:1e-44	Tpos:265.5,Tstd:188.9,Bpos:232.8,Bstd:150.3,StrandBias:-0.1,Multiplicity:1.27
0.908	0.043	0.048	0.001
0.208	0.790	0.001	0.001
0.899	0.001	0.077	0.023
0.001	0.931	0.001	0.067
0.146	0.737	0.074	0.043
0.117	0.665	0.031	0.187
0.159	0.353	0.075	0.413
0.091	0.680	0.001	0.228
>STTTCAST	11-STTTCAST	3.390804	-100.900673	0	T:562.0(19.41%),B:4864.3(10.61%),P:1e-43	Tpos:248.4,Tstd:171.0,Bpos:234.0,Bstd:146.7,StrandBias:-0.0,Multiplicity:1.13
0.001	0.426	0.572	0.001
0.001	0.001	0.001	0.997
0.001	0.001	0.001	0.997
0.001	0.001	0.001	0.997
0.001	0.997	0.001	0.001
0.804	0.001	0.194	0.001
0.001	0.531	0.467	0.001
0.001	0.001	0.001	0.997
>GAAATGAC	12-GAAATGAC	7.796329	-70.778226	0	T:415.0(14.34%),B:3622.0(7.90%),P:1e-30	Tpos:267.2,Tstd:199.7,Bpos:229.1,Bstd:142.3,StrandBias:0.1,Multiplicity:1.09
0.001	0.001	0.997	0.001
0.928	0.001	0.001	0.070
0.997	0.001	0.001	0.001
0.657	0.123	0.219	0.001
0.001	0.001	0.001	0.997
0.001	0.001	0.997	0.001
0.997	0.001	0.001	0.001
0.179	0.819	0.001	0.001
>CGYGGTTA	13-CGYGGTTA	7.265396	-60.575598	0	T:215.0(7.43%),B:1512.9(3.30%),P:1e-26	Tpos:300.5,Tstd:184.2,Bpos:233.4,Bstd:147.2,StrandBias:-0.2,Multiplicity:1.03
0.120	0.761	0.118	0.001
0.001	0.001	0.916	0.082
0.135	0.372	0.137	0.357
0.001	0.001	0.997	0.001
0.001	0.001	0.997	0.001
0.001	0.001	0.001	0.997
0.001	0.001	0.039	0.959
0.989	0.009	0.001	0.001
>GGGCGGGG	14-GGGCGGGG	6.244089	-50.123452	0	T:1021.0(35.27%),B:12390.2(27.03%),P:1e-21	Tpos:278.1,Tstd:213.2,Bpos:234.2,Bstd:137.6,StrandBias:0.1,Multiplicity:1.54
0.120	0.020	0.810	0.050
0.060	0.038	0.872	0.030
0.056	0.022	0.911	0.011
0.246	0.417	0.124	0.212
0.061	0.045	0.844	0.050
0.036	0.079	0.769	0.116
0.182	0.077	0.677	0.064
0.119	0.088	0.705	0.088
>CAGATAAG	15-CAGATAAG	6.848376	-39.311035	0	T:410.0(14.16%),B:4238.2(9.25%),P:1e-17	Tpos:283.3,Tstd:204.9,Bpos:232.1,Bstd:137.7,StrandBias:-0.1,Multiplicity:1.10
0.076	0.690	0.160	0.074
0.854	0.029	0.001	0.116
0.001	0.001	0.997	0.001
0.888	0.110	0.001	0.001
0.001	0.001	0.001	0.997
0.997	0.001	0.001	0.001
0.883	0.036	0.080	0.001
0.001	0.001	0.997	0.001
