Factor1: 0.9555186925833398
Factor2: 1.0465520012972227
