>CTTTGATGTKDN	1-CTTTGATGTKDN	7.261925	-967.529747	0	T:1915.0(40.94%),B:6423.3(14.52%),P:1e-420	Tpos:270.6,Tstd:183.4,Bpos:244.7,Bstd:152.0,StrandBias:-0.1,Multiplicity:1.32
0.021	0.729	0.099	0.151
0.055	0.065	0.001	0.879
0.007	0.074	0.060	0.859
0.057	0.006	0.001	0.936
0.052	0.110	0.737	0.101
0.889	0.018	0.013	0.080
0.283	0.015	0.027	0.675
0.025	0.281	0.646	0.048
0.094	0.079	0.040	0.787
0.136	0.173	0.390	0.302
0.222	0.179	0.353	0.246
0.199	0.278	0.192	0.332
>RNDATGASTCAT	2-RNDATGASTCAT	7.794450	-472.817846	0	T:908.0(19.41%),B:2722.3(6.15%),P:1e-205	Tpos:265.4,Tstd:167.9,Bpos:246.2,Bstd:149.2,StrandBias:-0.0,Multiplicity:1.17
0.250	0.185	0.371	0.194
0.265	0.259	0.219	0.256
0.258	0.147	0.312	0.283
0.479	0.201	0.199	0.122
0.043	0.001	0.007	0.949
0.001	0.007	0.949	0.043
0.984	0.002	0.002	0.012
0.034	0.514	0.408	0.044
0.011	0.030	0.002	0.957
0.105	0.752	0.083	0.060
0.957	0.013	0.001	0.029
0.139	0.228	0.232	0.401
>CACTTCCTGTYY	3-CACTTCCTGTYY	8.468323	-451.463623	0	T:1320.0(28.22%),B:5290.8(11.96%),P:1e-196	Tpos:280.7,Tstd:194.3,Bpos:241.2,Bstd:147.6,StrandBias:-0.0,Multiplicity:1.14
0.174	0.402	0.184	0.240
0.653	0.024	0.277	0.046
0.001	0.614	0.001	0.384
0.195	0.002	0.001	0.802
0.001	0.001	0.001	0.997
0.001	0.997	0.001	0.001
0.001	0.997	0.001	0.001
0.001	0.001	0.001	0.997
0.083	0.228	0.545	0.144
0.007	0.311	0.039	0.643
0.107	0.379	0.140	0.374
0.236	0.263	0.114	0.387
>TYTGATGTGGTT	4-TYTGATGTGGTT	8.401901	-403.596359	0	T:808.0(17.27%),B:2475.4(5.60%),P:1e-175	Tpos:277.9,Tstd:174.3,Bpos:237.7,Bstd:148.8,StrandBias:0.2,Multiplicity:1.07
0.213	0.172	0.091	0.524
0.121	0.449	0.062	0.368
0.388	0.001	0.056	0.555
0.070	0.226	0.679	0.025
0.582	0.136	0.028	0.254
0.062	0.001	0.001	0.936
0.001	0.001	0.997	0.001
0.001	0.001	0.001	0.997
0.001	0.001	0.997	0.001
0.001	0.001	0.985	0.013
0.001	0.196	0.210	0.593
0.100	0.120	0.004	0.776
>NTKATTTGCATA	5-NTKATTTGCATA	8.983814	-187.383410	0	T:437.0(9.34%),B:1446.8(3.27%),P:1e-81	Tpos:266.8,Tstd:174.0,Bpos:242.1,Bstd:146.4,StrandBias:0.1,Multiplicity:1.09
0.225	0.246	0.309	0.219
0.269	0.112	0.129	0.490
0.141	0.177	0.376	0.306
0.681	0.122	0.109	0.088
0.001	0.001	0.001	0.997
0.001	0.033	0.001	0.965
0.001	0.001	0.001	0.997
0.210	0.007	0.782	0.001
0.126	0.872	0.001	0.001
0.971	0.001	0.001	0.027
0.001	0.009	0.023	0.967
0.414	0.188	0.215	0.184
>CTCTTTGAAGCC	6-CTCTTTGAAGCC	6.832475	-183.879530	0	T:1707.0(36.49%),B:10637.3(24.05%),P:1e-79	Tpos:280.1,Tstd:202.6,Bpos:245.9,Bstd:150.9,StrandBias:-0.1,Multiplicity:1.20
0.154	0.506	0.092	0.248
0.129	0.133	0.001	0.737
0.079	0.664	0.189	0.068
0.028	0.065	0.001	0.906
0.020	0.189	0.030	0.761
0.132	0.001	0.050	0.817
0.187	0.140	0.650	0.023
0.752	0.112	0.027	0.109
0.841	0.001	0.059	0.099
0.158	0.129	0.667	0.046
0.235	0.451	0.173	0.142
0.221	0.508	0.001	0.270
>AAAGGAAACCAC	7-AAAGGAAACCAC	7.078742	-169.851109	0	T:1322.0(28.26%),B:7719.4(17.45%),P:1e-73	Tpos:290.3,Tstd:209.7,Bpos:244.1,Bstd:153.3,StrandBias:-0.1,Multiplicity:1.19
0.766	0.074	0.075	0.085
0.722	0.098	0.115	0.065
0.764	0.051	0.099	0.086
0.099	0.047	0.740	0.114
0.106	0.090	0.720	0.084
0.770	0.079	0.070	0.081
0.814	0.065	0.063	0.058
0.774	0.065	0.096	0.065
0.084	0.717	0.105	0.094
0.111	0.756	0.040	0.093
0.761	0.097	0.055	0.087
0.095	0.699	0.101	0.105
>GGGRDTTTCCCC	8-GGGRDTTTCCCC	9.715721	-152.030580	0	T:215.0(4.60%),B:481.4(1.09%),P:1e-66	Tpos:269.1,Tstd:205.3,Bpos:248.8,Bstd:139.4,StrandBias:-0.1,Multiplicity:1.01
0.245	0.001	0.668	0.086
0.001	0.001	0.948	0.050
0.001	0.001	0.832	0.166
0.354	0.001	0.484	0.162
0.278	0.121	0.259	0.342
0.001	0.029	0.159	0.811
0.001	0.016	0.001	0.982
0.001	0.362	0.001	0.636
0.080	0.821	0.001	0.098
0.012	0.919	0.001	0.068
0.132	0.866	0.001	0.001
0.256	0.521	0.001	0.222
>TGGAAAVTATKA	9-TGGAAAVTATKA	9.556698	-145.872707	0	T:251.0(5.37%),B:664.8(1.50%),P:1e-63	Tpos:258.6,Tstd:188.7,Bpos:245.5,Bstd:140.3,StrandBias:0.1,Multiplicity:1.03
0.057	0.001	0.001	0.941
0.001	0.001	0.997	0.001
0.001	0.001	0.997	0.001
0.997	0.001	0.001	0.001
0.997	0.001	0.001	0.001
0.997	0.001	0.001	0.001
0.381	0.308	0.256	0.055
0.313	0.001	0.001	0.685
0.401	0.210	0.163	0.226
0.001	0.001	0.001	0.997
0.030	0.052	0.524	0.394
0.946	0.052	0.001	0.001
>TGTGTGGGHGGD	10-TGTGTGGGHGGD	9.494136	-141.025760	0	T:367.0(7.85%),B:1295.4(2.93%),P:1e-61	Tpos:258.6,Tstd:180.8,Bpos:240.0,Bstd:146.5,StrandBias:-0.1,Multiplicity:1.04
0.149	0.067	0.121	0.663
0.001	0.001	0.997	0.001
0.188	0.001	0.001	0.810
0.001	0.001	0.997	0.001
0.001	0.001	0.090	0.908
0.195	0.001	0.803	0.001
0.006	0.001	0.992	0.001
0.001	0.001	0.997	0.001
0.378	0.238	0.001	0.383
0.142	0.001	0.782	0.075
0.075	0.081	0.698	0.146
0.299	0.085	0.359	0.257
>GCTTTGTGGTTT	11-GCTTTGTGGTTT	9.286382	-114.199844	0	T:301.0(6.43%),B:1068.3(2.42%),P:1e-49	Tpos:287.1,Tstd:198.0,Bpos:244.3,Bstd:155.7,StrandBias:0.1,Multiplicity:1.03
0.069	0.233	0.535	0.163
0.041	0.556	0.346	0.057
0.138	0.111	0.039	0.712
0.029	0.176	0.097	0.698
0.132	0.077	0.039	0.752
0.001	0.099	0.899	0.001
0.060	0.001	0.078	0.861
0.056	0.001	0.920	0.023
0.001	0.036	0.842	0.121
0.001	0.001	0.001	0.997
0.057	0.038	0.066	0.839
0.236	0.033	0.001	0.730
>ACTTTCACTTTC	12-ACTTTCACTTTC	9.373615	-73.650546	0	T:268.0(5.73%),B:1129.8(2.55%),P:1e-31	Tpos:295.6,Tstd:219.1,Bpos:245.6,Bstd:151.0,StrandBias:0.3,Multiplicity:1.08
0.805	0.066	0.068	0.061
0.064	0.822	0.086	0.028
0.073	0.062	0.024	0.841
0.033	0.069	0.027	0.871
0.056	0.026	0.019	0.899
0.010	0.818	0.070	0.102
0.806	0.049	0.054	0.091
0.063	0.826	0.065	0.046
0.053	0.068	0.021	0.858
0.075	0.025	0.049	0.851
0.056	0.095	0.037	0.812
0.085	0.796	0.040	0.079
>GGGGGGGGGGGG	13-GGGGGGGGGGGG	8.463612	-73.107000	0	T:766.0(16.37%),B:4721.0(10.67%),P:1e-31	Tpos:307.3,Tstd:218.5,Bpos:240.6,Bstd:139.9,StrandBias:0.2,Multiplicity:1.22
0.100	0.100	0.700	0.100
0.100	0.100	0.700	0.100
0.100	0.100	0.700	0.100
0.100	0.100	0.700	0.100
0.100	0.100	0.700	0.100
0.100	0.100	0.700	0.100
0.100	0.100	0.700	0.100
0.100	0.100	0.700	0.100
0.100	0.100	0.700	0.100
0.100	0.100	0.700	0.100
0.100	0.100	0.700	0.100
0.100	0.100	0.700	0.100
>CCCTCCCMCCTC	14-CCCTCCCMCCTC	9.676791	-72.003271	0	T:334.0(7.14%),B:1568.0(3.54%),P:1e-31	Tpos:303.7,Tstd:238.3,Bpos:244.3,Bstd:141.1,StrandBias:0.2,Multiplicity:1.05
0.018	0.575	0.153	0.254
0.052	0.748	0.001	0.199
0.001	0.997	0.001	0.001
0.114	0.001	0.001	0.884
0.001	0.941	0.001	0.057
0.375	0.591	0.001	0.033
0.001	0.733	0.052	0.214
0.344	0.491	0.085	0.081
0.001	0.997	0.001	0.001
0.118	0.709	0.001	0.172
0.072	0.001	0.049	0.878
0.087	0.878	0.034	0.001
>TGTGATGTTACC	15-TGTGATGTTACC	-2.891528	-61.514829	0	T:2007.0(42.90%),B:15592.9(35.25%),P:1e-26	Tpos:289.2,Tstd:211.1,Bpos:244.7,Bstd:148.2,StrandBias:-0.1,Multiplicity:1.27
0.001	0.213	0.001	0.785
0.001	0.001	0.798	0.200
0.001	0.001	0.001	0.997
0.062	0.013	0.924	0.001
0.936	0.062	0.001	0.001
0.001	0.001	0.001	0.997
0.001	0.001	0.997	0.001
0.001	0.001	0.062	0.936
0.001	0.001	0.001	0.997
0.875	0.062	0.001	0.062
0.001	0.997	0.001	0.001
0.001	0.997	0.001	0.001
>GCCACCTAGTGG	16-GCCACCTAGTGG	10.280924	-56.958229	0	T:102.0(2.18%),B:281.3(0.64%),P:1e-24	Tpos:264.9,Tstd:246.2,Bpos:245.1,Bstd:143.9,StrandBias:0.0,Multiplicity:1.03
0.030	0.089	0.754	0.127
0.162	0.784	0.010	0.044
0.001	0.969	0.001	0.029
0.696	0.238	0.001	0.065
0.001	0.813	0.001	0.185
0.001	0.901	0.001	0.097
0.047	0.030	0.047	0.876
0.662	0.086	0.110	0.142
0.081	0.214	0.645	0.060
0.033	0.017	0.111	0.839
0.001	0.029	0.919	0.051
0.030	0.012	0.928	0.030
>TGACTAAAAAAS	17-TGACTAAAAAAS	9.087950	-55.109172	0	T:209.0(4.47%),B:899.4(2.03%),P:1e-23	Tpos:264.4,Tstd:197.3,Bpos:243.6,Bstd:147.9,StrandBias:0.2,Multiplicity:1.01
0.001	0.001	0.001	0.997
0.015	0.001	0.911	0.073
0.854	0.065	0.073	0.008
0.115	0.595	0.240	0.050
0.063	0.078	0.001	0.858
0.701	0.007	0.001	0.291
0.956	0.004	0.001	0.039
0.497	0.234	0.223	0.046
0.733	0.094	0.024	0.149
0.512	0.353	0.049	0.086
0.776	0.001	0.007	0.216
0.099	0.492	0.385	0.023
>ATCTTTTCATCT	18-ATCTTTTCATCT	11.028709	-51.678251	0	T:82.0(1.75%),B:206.8(0.47%),P:1e-22	Tpos:275.1,Tstd:193.6,Bpos:254.6,Bstd:136.9,StrandBias:-0.1,Multiplicity:1.00
0.850	0.148	0.001	0.001
0.110	0.075	0.048	0.767
0.001	0.997	0.001	0.001
0.001	0.188	0.001	0.810
0.001	0.123	0.142	0.734
0.242	0.089	0.001	0.668
0.001	0.001	0.001	0.997
0.034	0.820	0.098	0.048
0.952	0.001	0.001	0.046
0.144	0.001	0.178	0.677
0.001	0.997	0.001	0.001
0.001	0.194	0.001	0.804
>ATTTGCWTATTT	19-ATTTGCWTATTT	10.069939	-44.261451	0	T:143.0(3.06%),B:571.5(1.29%),P:1e-19	Tpos:275.6,Tstd:215.2,Bpos:242.4,Bstd:149.4,StrandBias:-0.1,Multiplicity:1.00
0.605	0.238	0.138	0.019
0.106	0.142	0.001	0.751
0.001	0.212	0.001	0.786
0.001	0.001	0.001	0.997
0.001	0.001	0.997	0.001
0.001	0.959	0.015	0.025
0.448	0.001	0.001	0.550
0.027	0.187	0.019	0.767
0.886	0.001	0.001	0.112
0.170	0.204	0.001	0.625
0.010	0.001	0.221	0.768
0.015	0.166	0.015	0.804
>TGCCATGGCAAC	20-TGCCATGGCAAC	10.938746	-43.436064	0	T:61.0(1.30%),B:139.6(0.32%),P:1e-18	Tpos:257.4,Tstd:163.2,Bpos:238.2,Bstd:141.1,StrandBias:0.0,Multiplicity:1.00
0.089	0.078	0.001	0.832
0.264	0.018	0.681	0.037
0.001	0.960	0.001	0.038
0.001	0.902	0.001	0.096
0.574	0.001	0.208	0.217
0.119	0.069	0.001	0.811
0.319	0.001	0.679	0.001
0.038	0.001	0.960	0.001
0.001	0.868	0.001	0.130
0.943	0.001	0.001	0.055
0.859	0.001	0.139	0.001
0.001	0.997	0.001	0.001
>AAAACGTGCTTA	21-AAAACGTGCTTA	9.319750	-29.009542	0	T:127.0(2.71%),B:588.5(1.33%),P:1e-12	Tpos:292.9,Tstd:222.3,Bpos:232.1,Bstd:146.9,StrandBias:0.6,Multiplicity:1.00
0.876	0.014	0.033	0.077
0.831	0.105	0.063	0.001
0.812	0.052	0.057	0.079
0.900	0.001	0.061	0.038
0.117	0.691	0.060	0.132
0.074	0.079	0.755	0.092
0.076	0.001	0.066	0.857
0.019	0.033	0.869	0.079
0.081	0.791	0.040	0.088
0.071	0.019	0.001	0.909
0.042	0.001	0.055	0.902
0.805	0.068	0.052	0.075
>WGTGATGTTACN	22-WGTGATGTTACN	6.749013	-21.686898	0	T:312.0(6.67%),B:2057.4(4.65%),P:1e-9	Tpos:249.2,Tstd:184.2,Bpos:243.0,Bstd:154.3,StrandBias:-0.4,Multiplicity:1.00
0.255	0.141	0.211	0.393
0.131	0.143	0.590	0.136
0.148	0.068	0.110	0.674
0.100	0.119	0.654	0.127
0.609	0.140	0.109	0.142
0.139	0.064	0.132	0.665
0.083	0.118	0.665	0.134
0.116	0.122	0.104	0.658
0.119	0.128	0.134	0.619
0.608	0.119	0.127	0.146
0.149	0.570	0.141	0.140
0.268	0.292	0.154	0.286
>AGCTAAGGCGCV	23-AGCTAAGGCGCV	8.522403	-20.152377	0	T:6.0(0.13%),B:1.0(0.00%),P:1e-8	Tpos:278.9,Tstd:205.5,Bpos:309.0,Bstd:0.0,StrandBias:1.9,Multiplicity:2.33
0.563	0.073	0.187	0.177
0.135	0.120	0.707	0.038
0.094	0.651	0.124	0.131
0.155	0.183	0.074	0.588
0.503	0.197	0.171	0.129
0.616	0.088	0.175	0.121
0.156	0.062	0.670	0.112
0.142	0.142	0.623	0.093
0.210	0.525	0.170	0.095
0.182	0.164	0.502	0.152
0.116	0.512	0.204	0.168
0.225	0.215	0.362	0.198
>GTGATGTTAYCA	24-GTGATGTTAYCA	10.868773	-10.701158	0	T:34.0(0.73%),B:144.7(0.33%),P:1e-4	Tpos:230.6,Tstd:179.5,Bpos:291.8,Bstd:139.5,StrandBias:-0.4,Multiplicity:1.00
0.060	0.043	0.896	0.001
0.001	0.001	0.059	0.939
0.001	0.001	0.997	0.001
0.939	0.001	0.059	0.001
0.181	0.060	0.104	0.655
0.181	0.001	0.698	0.120
0.060	0.120	0.001	0.819
0.104	0.188	0.001	0.707
0.955	0.001	0.043	0.001
0.060	0.389	0.181	0.369
0.001	0.997	0.001	0.001
0.997	0.001	0.001	0.001
>CTGGGTATGACT	25-CTGGGTATGACT	12.355432	-9.561532	0	T:4.0(0.09%),B:3.0(0.01%),P:1e-4	Tpos:118.9,Tstd:94.1,Bpos:397.1,Bstd:25.7,StrandBias:4.0,Multiplicity:4.25
0.100	0.700	0.100	0.100
0.100	0.100	0.100	0.700
0.100	0.100	0.700	0.100
0.100	0.100	0.700	0.100
0.100	0.100	0.700	0.100
0.100	0.100	0.100	0.700
0.700	0.100	0.100	0.100
0.100	0.100	0.100	0.700
0.100	0.100	0.700	0.100
0.700	0.100	0.100	0.100
0.100	0.700	0.100	0.100
0.100	0.100	0.100	0.700
