>CATCAAAG	1-CATCAAAG	7.326412	-749.418097	0	T:1505.0(32.17%),B:4900.2(11.08%),P:1e-325	Tpos:271.8,Tstd:189.0,Bpos:244.5,Bstd:153.2,StrandBias:0.0,Multiplicity:1.22
0.025	0.734	0.224	0.017
0.740	0.001	0.003	0.256
0.022	0.001	0.001	0.976
0.016	0.911	0.072	0.001
0.997	0.001	0.001	0.001
0.980	0.001	0.018	0.001
0.983	0.001	0.015	0.001
0.031	0.050	0.918	0.001
>ACATCAAA	2-ACATCAAA	7.886887	-576.409129	0	T:1315.0(28.11%),B:4573.3(10.34%),P:1e-250	Tpos:272.7,Tstd:201.3,Bpos:244.8,Bstd:153.4,StrandBias:0.2,Multiplicity:1.10
0.997	0.001	0.001	0.001
0.075	0.701	0.210	0.014
0.847	0.023	0.022	0.108
0.029	0.001	0.001	0.969
0.035	0.915	0.001	0.049
0.966	0.001	0.001	0.032
0.822	0.047	0.130	0.001
0.911	0.001	0.041	0.047
>CTTTGATS	3-CTTTGATS	6.199917	-563.764437	0	T:2190.0(46.81%),B:10733.9(24.27%),P:1e-244	Tpos:271.6,Tstd:190.7,Bpos:245.2,Bstd:152.5,StrandBias:-0.0,Multiplicity:1.20
0.001	0.707	0.070	0.222
0.001	0.228	0.104	0.667
0.096	0.069	0.001	0.834
0.105	0.121	0.001	0.773
0.084	0.032	0.749	0.135
0.762	0.001	0.001	0.236
0.214	0.001	0.182	0.603
0.002	0.529	0.468	0.001
>ATGAGTCA	4-ATGAGTCA	6.555349	-450.133390	0	T:1039.0(22.21%),B:3559.1(8.05%),P:1e-195	Tpos:265.7,Tstd:172.0,Bpos:247.0,Bstd:150.0,StrandBias:-0.0,Multiplicity:1.18
0.702	0.111	0.129	0.058
0.001	0.001	0.001	0.997
0.001	0.001	0.975	0.023
0.993	0.005	0.001	0.001
0.009	0.299	0.691	0.001
0.001	0.001	0.001	0.997
0.021	0.977	0.001	0.001
0.997	0.001	0.001	0.001
>ASWGGAAA	5-ASWGGAAA	6.261811	-336.185187	0	T:2430.0(51.95%),B:14856.0(33.59%),P:1e-146	Tpos:282.4,Tstd:204.8,Bpos:245.2,Bstd:149.7,StrandBias:-0.0,Multiplicity:1.47
0.852	0.023	0.050	0.075
0.182	0.429	0.316	0.073
0.448	0.138	0.112	0.302
0.001	0.053	0.619	0.327
0.184	0.124	0.603	0.089
0.891	0.058	0.006	0.045
0.856	0.059	0.054	0.031
0.557	0.047	0.303	0.093
>AAACCACA	6-AAACCACA	6.004941	-326.718141	0	T:741.0(15.84%),B:2455.8(5.55%),P:1e-141	Tpos:279.2,Tstd:186.7,Bpos:245.2,Bstd:154.4,StrandBias:-0.1,Multiplicity:1.10
0.793	0.001	0.001	0.205
0.997	0.001	0.001	0.001
0.997	0.001	0.001	0.001
0.001	0.997	0.001	0.001
0.001	0.997	0.001	0.001
0.901	0.001	0.097	0.001
0.001	0.997	0.001	0.001
0.964	0.001	0.034	0.001
>GTGAGTCA	7-GTGAGTCA	5.768575	-298.044847	0	T:1829.0(39.10%),B:10257.7(23.19%),P:1e-129	Tpos:284.8,Tstd:205.3,Bpos:243.7,Bstd:149.6,StrandBias:0.0,Multiplicity:1.18
0.252	0.188	0.424	0.136
0.001	0.148	0.001	0.850
0.015	0.021	0.618	0.346
0.660	0.289	0.050	0.001
0.118	0.268	0.464	0.150
0.015	0.001	0.053	0.931
0.374	0.620	0.005	0.001
0.803	0.036	0.160	0.001
>CRTTTCCT	8-CRTTTCCT	6.998656	-244.001941	0	T:1399.0(29.91%),B:7476.3(16.90%),P:1e-105	Tpos:293.2,Tstd:232.4,Bpos:243.7,Bstd:149.4,StrandBias:0.2,Multiplicity:1.12
0.001	0.572	0.074	0.353
0.489	0.086	0.392	0.033
0.001	0.225	0.032	0.742
0.121	0.001	0.001	0.877
0.001	0.037	0.017	0.945
0.026	0.865	0.108	0.001
0.117	0.754	0.128	0.001
0.044	0.119	0.041	0.796
>TGWTGTGG	9-TGWTGTGG	7.502435	-211.556062	0	T:873.0(18.66%),B:3994.4(9.03%),P:1e-91	Tpos:273.7,Tstd:191.2,Bpos:244.6,Bstd:148.1,StrandBias:0.1,Multiplicity:1.07
0.092	0.001	0.001	0.906
0.001	0.345	0.653	0.001
0.562	0.001	0.001	0.436
0.001	0.063	0.001	0.935
0.001	0.001	0.997	0.001
0.001	0.114	0.001	0.884
0.001	0.001	0.997	0.001
0.001	0.001	0.997	0.001
>CTTCCTGC	10-CTTCCTGC	7.625322	-210.638198	0	T:1109.0(23.71%),B:5658.3(12.79%),P:1e-91	Tpos:274.9,Tstd:196.8,Bpos:243.3,Bstd:144.5,StrandBias:-0.2,Multiplicity:1.11
0.018	0.915	0.065	0.002
0.306	0.141	0.082	0.471
0.015	0.001	0.104	0.880
0.021	0.699	0.108	0.172
0.043	0.852	0.084	0.021
0.044	0.099	0.082	0.775
0.141	0.049	0.779	0.031
0.001	0.645	0.001	0.353
>GTRGGYGG	11-GTRGGYGG	5.757474	-188.506982	0	T:1426.0(30.48%),B:8305.8(18.78%),P:1e-81	Tpos:295.3,Tstd:216.2,Bpos:243.2,Bstd:154.0,StrandBias:-0.0,Multiplicity:1.25
0.074	0.173	0.618	0.135
0.078	0.090	0.168	0.664
0.512	0.033	0.445	0.010
0.001	0.160	0.799	0.040
0.041	0.040	0.720	0.199
0.177	0.470	0.001	0.352
0.106	0.050	0.688	0.156
0.077	0.016	0.562	0.345
>SATKAAAG	12-SATKAAAG	5.547335	-148.984330	0	T:1116.0(23.86%),B:6381.8(14.43%),P:1e-64	Tpos:290.4,Tstd:213.1,Bpos:242.3,Bstd:151.6,StrandBias:0.1,Multiplicity:1.10
0.001	0.527	0.471	0.001
0.949	0.001	0.001	0.049
0.001	0.001	0.001	0.997
0.001	0.001	0.444	0.554
0.982	0.001	0.016	0.001
0.997	0.001	0.001	0.001
0.997	0.001	0.001	0.001
0.001	0.001	0.997	0.001
>ATTTGCAT	13-ATTTGCAT	8.236954	-141.749732	0	T:297.0(6.35%),B:910.2(2.06%),P:1e-61	Tpos:262.9,Tstd:173.6,Bpos:243.3,Bstd:145.8,StrandBias:0.1,Multiplicity:1.06
0.700	0.100	0.100	0.100
0.100	0.100	0.100	0.700
0.100	0.100	0.100	0.700
0.100	0.100	0.100	0.700
0.100	0.100	0.700	0.100
0.100	0.700	0.100	0.100
0.700	0.100	0.100	0.100
0.100	0.100	0.100	0.700
>WACGGAAA	14-WACGGAAA	6.347154	-128.731334	0	T:804.0(17.19%),B:4283.8(9.68%),P:1e-55	Tpos:293.8,Tstd:209.4,Bpos:243.3,Bstd:147.9,StrandBias:0.1,Multiplicity:1.10
0.384	0.181	0.126	0.310
0.509	0.001	0.317	0.173
0.001	0.528	0.157	0.314
0.170	0.180	0.649	0.001
0.001	0.143	0.855	0.001
0.762	0.001	0.001	0.236
0.752	0.001	0.246	0.001
0.809	0.053	0.137	0.001
>GGGGGAGG	15-GGGGGAGG	5.784949	-120.109577	0	T:1322.0(28.26%),B:8416.6(19.03%),P:1e-52	Tpos:296.8,Tstd:222.0,Bpos:244.1,Bstd:143.0,StrandBias:-0.0,Multiplicity:1.44
0.001	0.001	0.997	0.001
0.218	0.001	0.766	0.015
0.001	0.001	0.997	0.001
0.001	0.001	0.997	0.001
0.001	0.001	0.997	0.001
0.661	0.001	0.001	0.337
0.001	0.001	0.997	0.001
0.001	0.001	0.997	0.001
>TBTGACKT	16-TBTGACKT	3.994967	-107.479531	0	T:2288.0(48.91%),B:17035.3(38.51%),P:1e-46	Tpos:282.3,Tstd:211.4,Bpos:244.0,Bstd:153.6,StrandBias:0.0,Multiplicity:1.41
0.217	0.165	0.232	0.386
0.145	0.234	0.372	0.249
0.193	0.001	0.001	0.805
0.123	0.270	0.425	0.181
0.456	0.171	0.227	0.146
0.085	0.472	0.275	0.168
0.146	0.125	0.417	0.313
0.185	0.131	0.095	0.589
>TTTCCACR	17-TTTCCACR	3.899303	-101.353774	0	T:730.0(15.60%),B:4056.1(9.17%),P:1e-44	Tpos:282.2,Tstd:203.8,Bpos:243.8,Bstd:146.6,StrandBias:0.1,Multiplicity:1.05
0.001	0.001	0.001	0.997
0.001	0.001	0.001	0.997
0.231	0.001	0.001	0.767
0.001	0.997	0.001	0.001
0.001	0.997	0.001	0.001
0.997	0.001	0.001	0.001
0.001	0.997	0.001	0.001
0.556	0.001	0.442	0.001
>TTTCAAAG	18-TTTCAAAG	6.838263	-86.068460	0	T:1146.0(24.50%),B:7547.9(17.06%),P:1e-37	Tpos:283.0,Tstd:206.3,Bpos:246.1,Bstd:151.4,StrandBias:0.1,Multiplicity:1.17
0.083	0.001	0.001	0.915
0.252	0.001	0.001	0.746
0.079	0.001	0.001	0.919
0.001	0.882	0.116	0.001
0.997	0.001	0.001	0.001
0.997	0.001	0.001	0.001
0.997	0.001	0.001	0.001
0.001	0.104	0.894	0.001
>TACGCAAA	19-TACGCAAA	6.929401	-81.225819	0	T:780.0(16.67%),B:4705.6(10.64%),P:1e-35	Tpos:274.3,Tstd:184.6,Bpos:247.9,Bstd:154.9,StrandBias:-0.1,Multiplicity:1.08
0.001	0.001	0.116	0.882
0.684	0.062	0.253	0.001
0.253	0.601	0.001	0.145
0.001	0.001	0.785	0.213
0.001	0.924	0.001	0.074
0.883	0.001	0.115	0.001
0.997	0.001	0.001	0.001
0.743	0.116	0.060	0.081
>TTCWGAAG	20-TTCWGAAG	7.162842	-65.037381	0	T:1351.0(28.88%),B:9697.6(21.92%),P:1e-28	Tpos:288.8,Tstd:204.4,Bpos:246.8,Bstd:150.7,StrandBias:-0.0,Multiplicity:1.20
0.003	0.250	0.001	0.746
0.001	0.052	0.001	0.946
0.001	0.663	0.001	0.335
0.501	0.019	0.001	0.479
0.309	0.001	0.621	0.069
0.793	0.008	0.001	0.198
0.775	0.129	0.095	0.001
0.001	0.265	0.687	0.047
>GCTGKTTT	21-GCTGKTTT	6.415506	-63.723472	0	T:1413.0(30.21%),B:10262.1(23.20%),P:1e-27	Tpos:292.7,Tstd:219.6,Bpos:245.2,Bstd:155.2,StrandBias:-0.0,Multiplicity:1.22
0.001	0.001	0.997	0.001
0.001	0.997	0.001	0.001
0.001	0.001	0.124	0.874
0.001	0.001	0.997	0.001
0.001	0.149	0.407	0.443
0.001	0.001	0.031	0.967
0.001	0.001	0.113	0.885
0.001	0.001	0.112	0.886
>ATGACTGT	22-ATGACTGT	3.629898	-52.368231	0	T:996.0(21.29%),B:6977.2(15.77%),P:1e-22	Tpos:278.0,Tstd:205.9,Bpos:245.1,Bstd:153.8,StrandBias:0.1,Multiplicity:1.15
0.600	0.001	0.398	0.001
0.001	0.001	0.001	0.997
0.001	0.001	0.997	0.001
0.997	0.001	0.001	0.001
0.001	0.997	0.001	0.001
0.001	0.001	0.117	0.881
0.001	0.001	0.997	0.001
0.184	0.152	0.001	0.663
>AGGGGAAA	23-AGGGGAAA	7.957224	-47.331667	0	T:899.0(19.22%),B:6281.6(14.20%),P:1e-20	Tpos:299.3,Tstd:233.0,Bpos:244.6,Bstd:145.4,StrandBias:0.0,Multiplicity:1.12
0.726	0.001	0.097	0.176
0.001	0.001	0.997	0.001
0.001	0.001	0.997	0.001
0.001	0.028	0.970	0.001
0.001	0.001	0.997	0.001
0.858	0.001	0.140	0.001
0.997	0.001	0.001	0.001
0.778	0.073	0.148	0.001
>GCTTAGCG	24-GCTTAGCG	6.075065	-22.785285	0	T:354.0(7.57%),B:2369.7(5.36%),P:1e-9	Tpos:291.1,Tstd:191.1,Bpos:242.9,Bstd:152.9,StrandBias:0.2,Multiplicity:1.07
0.001	0.001	0.997	0.001
0.001	0.997	0.001	0.001
0.001	0.001	0.001	0.997
0.321	0.001	0.001	0.677
0.973	0.001	0.001	0.025
0.001	0.001	0.997	0.001
0.001	0.997	0.001	0.001
0.398	0.001	0.600	0.001
