Factor1: 0.971721083422931
Factor2: 1.029101886394657
