Factor1: 0.9305062501809556
Factor2: 1.0746838076644103
