>RRAAAGAGGAAGTGR	Sfpi1+M1907	10.030474	-153.537751	0	T:356.0(8.64%),B:1350.1(3.01%),P:1e-66
0.392	0.164	0.276	0.168
0.425	0.124	0.346	0.106
0.612	0.052	0.216	0.120
0.663	0.049	0.189	0.099
0.608	0.008	0.180	0.204
0.197	0.127	0.675	0.001
0.713	0.050	0.230	0.007
0.075	0.001	0.923	0.001
0.001	0.001	0.997	0.001
0.997	0.001	0.001	0.001
0.997	0.001	0.001	0.001
0.054	0.159	0.786	0.001
0.129	0.051	0.053	0.767
0.061	0.189	0.714	0.036
0.344	0.189	0.330	0.138
