Factor1: 0.7079713836457714
Factor2: 1.412486469227608
