>ATCGATAWWWWTATCGAT	Cux2+M5335	12.531346107290194
0.938	0.004	0.016	0.042
0.003	0.007	0.003	0.987
0.003	0.972	0.002	0.023
0.103	0.007	0.881	0.009
0.983	0.004	0.009	0.005
0.014	0.004	0.003	0.979
0.678	0.072	0.061	0.189
0.379	0.185	0.086	0.350
0.292	0.172	0.197	0.339
0.259	0.167	0.188	0.387
0.221	0.088	0.195	0.496
0.107	0.070	0.061	0.762
0.974	0.003	0.003	0.020
0.007	0.004	0.003	0.986
0.005	0.502	0.007	0.487
0.003	0.004	0.988	0.005
0.986	0.004	0.008	0.002
0.013	0.015	0.003	0.969
