>VDCWAYTCCCYRGGGARKDKGB	Ebf1+M3690	10.403148981647027
0.250	0.375	0.250	0.125
0.375	0.125	0.250	0.250
0.250	0.625	0.125	0.000
0.375	0.000	0.250	0.375
0.750	0.000	0.125	0.125
0.000	0.375	0.250	0.375
0.000	0.000	0.000	1.000
0.000	1.000	0.000	0.000
0.000	1.000	0.000	0.000
0.000	0.875	0.000	0.125
0.125	0.500	0.000	0.375
0.500	0.125	0.250	0.125
0.250	0.000	0.750	0.000
0.375	0.000	0.625	0.000
0.000	0.000	1.000	0.000
0.625	0.000	0.250	0.125
0.375	0.125	0.500	0.000
0.000	0.250	0.375	0.375
0.250	0.125	0.250	0.375
0.000	0.125	0.375	0.500
0.250	0.125	0.625	0.000
0.125	0.250	0.250	0.375
