>MAAWGTAAACAWSRR	Foxa1+M1965	8.557572687792346
0.236	0.428	0.118	0.218
0.511	0.003	0.000	0.486
0.568	0.063	0.332	0.038
0.462	0.000	0.121	0.418
0.066	0.000	0.934	0.000
0.000	0.171	0.000	0.829
0.870	0.130	0.000	0.000
0.941	0.059	0.000	0.000
1.000	0.000	0.000	0.000
0.000	0.733	0.000	0.267
0.996	0.001	0.000	0.003
0.314	0.165	0.196	0.324
0.231	0.241	0.389	0.139
0.262	0.215	0.311	0.212
0.397	0.187	0.219	0.197
