>RWKCTAAAAATAGMW	Mef2c+M2297	9.408771798427587
0.319	0.145	0.306	0.230
0.332	0.068	0.259	0.340
0.195	0.089	0.372	0.344
0.173	0.639	0.035	0.153
0.000	0.446	0.000	0.554
0.732	0.116	0.033	0.119
0.772	0.014	0.109	0.104
0.954	0.000	0.039	0.007
0.965	0.000	0.001	0.034
0.967	0.000	0.002	0.032
0.025	0.028	0.000	0.947
0.986	0.000	0.014	0.000
0.176	0.054	0.756	0.013
0.441	0.378	0.067	0.113
0.457	0.204	0.057	0.282
