>MASMATGACTCAGCA	Nfe2l2+M1966	10.434758868841763
0.229	0.466	0.150	0.156
0.552	0.107	0.219	0.121
0.163	0.329	0.379	0.129
0.280	0.340	0.209	0.171
0.672	0.039	0.282	0.007
0.000	0.000	0.000	1.000
0.000	0.000	0.979	0.021
1.000	0.000	0.000	0.000
0.028	0.734	0.163	0.076
0.116	0.028	0.022	0.835
0.090	0.756	0.063	0.091
0.795	0.004	0.124	0.077
0.014	0.015	0.961	0.010
0.006	0.963	0.026	0.006
0.858	0.036	0.043	0.063
