>SMATCAATCAATTYM	Pbx2+M6413	9.203967224864703
0.196	0.399	0.234	0.171
0.399	0.437	0.000	0.165
0.614	0.000	0.114	0.272
0.152	0.108	0.032	0.709
0.215	0.785	0.000	0.000
0.892	0.000	0.000	0.108
0.835	0.000	0.165	0.000
0.051	0.158	0.000	0.791
0.133	0.816	0.000	0.051
0.892	0.000	0.051	0.057
0.570	0.323	0.051	0.057
0.259	0.057	0.165	0.519
0.051	0.203	0.209	0.538
0.089	0.373	0.101	0.437
0.464	0.350	0.147	0.040
