>GGRCAGCTGTKSWKTTTCCYD	Ptf1a+M6441	11.272739099132357
0.151	0.069	0.528	0.253
0.000	0.480	0.520	0.000
0.459	0.000	0.367	0.173
0.000	1.000	0.000	0.000
0.816	0.000	0.000	0.184
0.000	0.276	0.531	0.194
0.173	0.551	0.276	0.000
0.184	0.000	0.000	0.816
0.000	0.000	0.898	0.102
0.000	0.173	0.194	0.633
0.173	0.092	0.276	0.459
0.102	0.449	0.357	0.092
0.367	0.092	0.173	0.367
0.194	0.173	0.367	0.265
0.102	0.000	0.000	0.898
0.000	0.184	0.102	0.714
0.000	0.439	0.000	0.561
0.000	0.816	0.184	0.000
0.000	0.714	0.102	0.184
0.184	0.378	0.000	0.439
0.209	0.117	0.464	0.209
