>CYGGYTCWRDCCGGYTYWRRC	Tcfcp2l1+M6131	10.05260045100902
0.000	0.957	0.040	0.003
0.094	0.465	0.000	0.441
0.298	0.003	0.562	0.137
0.020	0.060	0.920	0.000
0.157	0.351	0.020	0.472
0.017	0.284	0.013	0.686
0.070	0.559	0.100	0.271
0.408	0.224	0.097	0.271
0.405	0.104	0.355	0.137
0.455	0.057	0.244	0.244
0.000	0.943	0.050	0.007
0.027	0.572	0.007	0.395
0.304	0.000	0.532	0.164
0.000	0.097	0.893	0.010
0.214	0.321	0.000	0.465
0.104	0.197	0.033	0.666
0.023	0.478	0.147	0.351
0.291	0.217	0.167	0.324
0.251	0.184	0.398	0.167
0.284	0.147	0.334	0.234
0.137	0.569	0.161	0.134
