Factor1: 0.9351968792596487
Factor2: 1.0692935596530804
