Factor1: 1.0314211123114527
Factor2: 0.9695360973937824
