>CTCAACAGAG	1-CTCAACAGAG	7.100624	-21.408676	0	T:68.0(29.57%),B:6874.8(13.82%),P:1e-9	Tpos:290.3,Tstd:229.7,Bpos:217.1,Bstd:125.0,StrandBias:0.2,Multiplicity:1.28
0.001	0.818	0.054	0.127
0.101	0.033	0.001	0.865
0.078	0.797	0.089	0.036
0.765	0.045	0.033	0.157
0.788	0.110	0.050	0.052
0.078	0.832	0.066	0.024
0.865	0.001	0.001	0.133
0.061	0.137	0.801	0.001
0.832	0.001	0.041	0.126
0.134	0.172	0.648	0.046
>TAGGTCCATG	2-TAGGTCCATG	5.618325	-18.723370	0	T:53.0(23.04%),B:4993.4(10.04%),P:1e-8	Tpos:371.5,Tstd:409.8,Bpos:218.7,Bstd:123.6,StrandBias:0.4,Multiplicity:1.23
0.001	0.001	0.105	0.893
0.786	0.001	0.001	0.212
0.105	0.269	0.625	0.001
0.001	0.001	0.997	0.001
0.111	0.001	0.001	0.887
0.001	0.872	0.001	0.126
0.001	0.603	0.395	0.001
0.997	0.001	0.001	0.001
0.107	0.001	0.237	0.655
0.105	0.001	0.770	0.124
>GAATTCTTAC	3-GAATTCTTAC	6.962852	-17.730532	0	T:65.0(28.26%),B:7023.4(14.12%),P:1e-7	Tpos:282.9,Tstd:240.8,Bpos:216.1,Bstd:123.5,StrandBias:0.0,Multiplicity:1.23
0.077	0.019	0.805	0.099
0.831	0.042	0.047	0.080
0.851	0.048	0.089	0.012
0.058	0.125	0.022	0.795
0.069	0.001	0.088	0.842
0.040	0.853	0.054	0.053
0.078	0.018	0.001	0.903
0.046	0.113	0.059	0.782
0.731	0.025	0.093	0.151
0.159	0.620	0.110	0.111
>ATGCCCCAAG	4-ATGCCCCAAG	10.287502	-12.948805	0	T:11.0(4.78%),B:385.4(0.78%),P:1e-5	Tpos:161.4,Tstd:125.2,Bpos:223.5,Bstd:128.7,StrandBias:1.0,Multiplicity:1.09
0.877	0.001	0.001	0.121
0.323	0.001	0.099	0.577
0.001	0.121	0.877	0.001
0.097	0.901	0.001	0.001
0.001	0.997	0.001	0.001
0.001	0.871	0.001	0.127
0.001	0.997	0.001	0.001
0.997	0.001	0.001	0.001
0.997	0.001	0.001	0.001
0.001	0.001	0.997	0.001
>AATAGAGGTA	5-AATAGAGGTA	12.396207	-12.151856	0	T:5.0(2.17%),B:52.2(0.10%),P:1e-5	Tpos:130.8,Tstd:165.4,Bpos:230.7,Bstd:120.7,StrandBias:-0.6,Multiplicity:1.00
0.997	0.001	0.001	0.001
0.761	0.237	0.001	0.001
0.001	0.001	0.001	0.997
0.997	0.001	0.001	0.001
0.001	0.001	0.997	0.001
0.997	0.001	0.001	0.001
0.001	0.001	0.997	0.001
0.001	0.001	0.997	0.001
0.001	0.001	0.001	0.997
0.997	0.001	0.001	0.001
>TYGTATGAGCTC	1-TYGTATGAGCTC	10.002829	-25.872805	0	T:15.0(6.52%),B:275.9(0.55%),P:1e-11	Tpos:313.8,Tstd:191.7,Bpos:211.2,Bstd:135.3,StrandBias:1.5,Multiplicity:1.00
0.001	0.323	0.001	0.675
0.001	0.348	0.163	0.487
0.066	0.164	0.495	0.275
0.001	0.065	0.056	0.878
0.787	0.049	0.163	0.001
0.001	0.001	0.071	0.927
0.235	0.001	0.611	0.153
0.917	0.001	0.081	0.001
0.245	0.007	0.747	0.001
0.001	0.933	0.001	0.065
0.001	0.001	0.081	0.917
0.072	0.774	0.072	0.082
>ACTGGTCAGTCC	2-ACTGGTCAGTCC	11.311710	-25.566539	0	T:10.0(4.35%),B:80.6(0.16%),P:1e-11	Tpos:186.2,Tstd:96.1,Bpos:195.6,Bstd:122.8,StrandBias:0.6,Multiplicity:1.00
0.871	0.001	0.001	0.127
0.001	0.997	0.001	0.001
0.001	0.001	0.001	0.997
0.001	0.001	0.871	0.127
0.001	0.112	0.663	0.224
0.111	0.001	0.001	0.887
0.001	0.487	0.256	0.256
0.871	0.001	0.001	0.127
0.001	0.001	0.871	0.127
0.112	0.240	0.001	0.647
0.001	0.871	0.127	0.001
0.022	0.976	0.001	0.001
>AAATGTAATGAA	3-AAATGTAATGAA	13.286883	-23.946329	0	T:11.0(4.78%),B:129.4(0.26%),P:1e-10	Tpos:337.9,Tstd:211.4,Bpos:229.4,Bstd:114.8,StrandBias:0.3,Multiplicity:1.00
0.997	0.001	0.001	0.001
0.997	0.001	0.001	0.001
0.819	0.001	0.001	0.179
0.001	0.001	0.152	0.846
0.106	0.001	0.892	0.001
0.096	0.001	0.001	0.902
0.855	0.001	0.001	0.143
0.997	0.001	0.001	0.001
0.001	0.001	0.001	0.997
0.001	0.129	0.869	0.001
0.809	0.001	0.001	0.189
0.997	0.001	0.001	0.001
>TATACTACACTA	4-TATACTACACTA	14.051390	-23.684136	0	T:5.0(2.17%),B:5.6(0.01%),P:1e-10	Tpos:169.4,Tstd:89.9,Bpos:197.4,Bstd:126.4,StrandBias:2.0,Multiplicity:1.00
0.001	0.001	0.001	0.997
0.997	0.001	0.001	0.001
0.001	0.001	0.001	0.997
0.670	0.001	0.001	0.328
0.001	0.664	0.001	0.334
0.001	0.001	0.001	0.997
0.730	0.268	0.001	0.001
0.001	0.730	0.001	0.268
0.664	0.001	0.334	0.001
0.001	0.997	0.001	0.001
0.001	0.001	0.001	0.997
0.997	0.001	0.001	0.001
>TTCAACCTCATT	5-TTCAACCTCATT	14.558604	-21.629687	0	T:6.0(2.61%),B:18.3(0.04%),P:1e-9	Tpos:467.2,Tstd:668.7,Bpos:257.2,Bstd:124.0,StrandBias:-1.0,Multiplicity:1.00
0.001	0.001	0.001	0.997
0.001	0.001	0.001	0.997
0.001	0.997	0.001	0.001
0.765	0.001	0.001	0.233
0.997	0.001	0.001	0.001
0.001	0.778	0.001	0.220
0.233	0.765	0.001	0.001
0.001	0.001	0.001	0.997
0.001	0.997	0.001	0.001
0.997	0.001	0.001	0.001
0.001	0.001	0.001	0.997
0.001	0.001	0.001	0.997
>TGATATTTGTTT	6-TGATATTTGTTT	9.988902	-13.840776	0	T:10.0(4.35%),B:280.9(0.56%),P:1e-6	Tpos:245.9,Tstd:224.2,Bpos:225.0,Bstd:124.4,StrandBias:1.2,Multiplicity:1.00
0.137	0.045	0.078	0.740
0.147	0.118	0.537	0.198
0.622	0.113	0.135	0.130
0.132	0.093	0.098	0.677
0.620	0.093	0.114	0.173
0.113	0.086	0.093	0.708
0.127	0.136	0.110	0.627
0.073	0.046	0.066	0.815
0.151	0.129	0.533	0.187
0.116	0.132	0.072	0.680
0.092	0.108	0.087	0.713
0.109	0.090	0.073	0.728
>CCATKTCTGATA	7-CCATKTCTGATA	12.230908	-13.599885	0	T:6.0(2.61%),B:71.2(0.14%),P:1e-5	Tpos:187.0,Tstd:117.5,Bpos:210.5,Bstd:114.1,StrandBias:-0.7,Multiplicity:1.33
0.001	0.997	0.001	0.001
0.001	0.997	0.001	0.001
0.863	0.001	0.001	0.135
0.001	0.001	0.001	0.997
0.209	0.001	0.445	0.345
0.001	0.001	0.001	0.997
0.001	0.997	0.001	0.001
0.001	0.001	0.001	0.997
0.001	0.001	0.997	0.001
0.997	0.001	0.001	0.001
0.001	0.209	0.209	0.581
0.997	0.001	0.001	0.001
>AAAAGAACTAGG	8-AAAAGAACTAGG	12.355432	-5.378546	0	T:1.0(0.43%),B:1.0(0.00%),P:1e-2	Tpos:106.0,Tstd:25.3,Bpos:346.0,Bstd:0.0,StrandBias:10.0,Multiplicity:3.00
0.700	0.100	0.100	0.100
0.700	0.100	0.100	0.100
0.700	0.100	0.100	0.100
0.700	0.100	0.100	0.100
0.100	0.100	0.700	0.100
0.700	0.100	0.100	0.100
0.700	0.100	0.100	0.100
0.100	0.700	0.100	0.100
0.100	0.100	0.100	0.700
0.700	0.100	0.100	0.100
0.100	0.100	0.700	0.100
0.100	0.100	0.700	0.100
>GCGGCCGCGGCC	9-GCGGCCGCGGCC	15.741442	-5.378546	0	T:1.0(0.43%),B:1.0(0.00%),P:1e-2	Tpos:317.0,Tstd:0.0,Bpos:145.0,Bstd:0.0,StrandBias:10.0,Multiplicity:1.00
0.001	0.001	0.749	0.249
0.001	0.997	0.001	0.001
0.001	0.001	0.997	0.001
0.001	0.001	0.997	0.001
0.001	0.997	0.001	0.001
0.249	0.749	0.001	0.001
0.001	0.001	0.997	0.001
0.001	0.997	0.001	0.001
0.001	0.001	0.749	0.249
0.001	0.001	0.997	0.001
0.001	0.997	0.001	0.001
0.001	0.997	0.001	0.001
>AAGAATTC	1-AAGAATTC	7.798894	-16.020935	0	T:47.0(20.43%),B:4508.3(9.07%),P:1e-6	Tpos:330.7,Tstd:247.4,Bpos:217.0,Bstd:123.6,StrandBias:0.6,Multiplicity:1.19
0.960	0.011	0.010	0.019
0.952	0.001	0.001	0.046
0.135	0.152	0.712	0.001
0.880	0.102	0.015	0.003
0.886	0.061	0.041	0.012
0.012	0.054	0.001	0.933
0.007	0.089	0.001	0.903
0.085	0.883	0.031	0.001
>CTGGTGAG	2-CTGGTGAG	7.184338	-14.588024	0	T:61.0(26.52%),B:6970.1(14.02%),P:1e-6	Tpos:332.6,Tstd:268.6,Bpos:218.1,Bstd:126.1,StrandBias:0.1,Multiplicity:1.26
0.001	0.706	0.011	0.282
0.180	0.001	0.001	0.818
0.001	0.001	0.997	0.001
0.001	0.001	0.659	0.339
0.001	0.001	0.104	0.894
0.001	0.116	0.882	0.001
0.997	0.001	0.001	0.001
0.001	0.001	0.997	0.001
>CATTAGCA	3-CATTAGCA	8.622633	-12.871119	0	T:25.0(10.87%),B:1875.4(3.77%),P:1e-5	Tpos:272.5,Tstd:223.1,Bpos:215.3,Bstd:122.0,StrandBias:0.3,Multiplicity:1.08
0.168	0.830	0.001	0.001
0.997	0.001	0.001	0.001
0.001	0.104	0.001	0.894
0.001	0.001	0.001	0.997
0.997	0.001	0.001	0.001
0.001	0.001	0.997	0.001
0.001	0.997	0.001	0.001
0.997	0.001	0.001	0.001
>GGTTCCAA	4-GGTTCCAA	6.355171	-12.739708	0	T:72.0(31.30%),B:9284.3(18.67%),P:1e-5	Tpos:329.7,Tstd:304.6,Bpos:217.7,Bstd:126.1,StrandBias:0.2,Multiplicity:1.29
0.188	0.001	0.773	0.038
0.171	0.208	0.559	0.062
0.004	0.049	0.023	0.924
0.141	0.096	0.035	0.728
0.045	0.820	0.073	0.062
0.006	0.904	0.001	0.089
0.664	0.257	0.003	0.076
0.652	0.061	0.111	0.176
>CCCACAAC	5-CCCACAAC	8.236954	-8.731133	0	T:10.0(4.35%),B:512.7(1.03%),P:1e-3	Tpos:319.9,Tstd:253.2,Bpos:215.8,Bstd:126.9,StrandBias:0.6,Multiplicity:1.00
0.100	0.700	0.100	0.100
0.100	0.700	0.100	0.100
0.100	0.700	0.100	0.100
0.700	0.100	0.100	0.100
0.100	0.700	0.100	0.100
0.700	0.100	0.100	0.100
0.700	0.100	0.100	0.100
0.100	0.700	0.100	0.100
