>CAYTTCCK	1-CAYTTCCK	7.502673	-120.084876	0	T:432.0(30.86%),B:6898.2(14.71%),P:1e-52	Tpos:302.8,Tstd:248.7,Bpos:239.3,Bstd:151.0,StrandBias:0.0,Multiplicity:1.26
0.183	0.815	0.001	0.001
0.598	0.001	0.400	0.001
0.103	0.495	0.001	0.401
0.264	0.001	0.001	0.734
0.001	0.001	0.001	0.997
0.001	0.997	0.001	0.001
0.001	0.997	0.001	0.001
0.001	0.001	0.541	0.457
>CTTCCTGT	2-CTTCCTGT	8.017770	-110.475879	0	T:394.0(28.14%),B:6214.2(13.26%),P:1e-47	Tpos:276.4,Tstd:198.0,Bpos:240.0,Bstd:142.1,StrandBias:-0.1,Multiplicity:1.16
0.001	0.997	0.001	0.001
0.114	0.001	0.001	0.884
0.001	0.001	0.001	0.997
0.001	0.997	0.001	0.001
0.001	0.997	0.001	0.001
0.001	0.001	0.409	0.589
0.001	0.001	0.997	0.001
0.001	0.298	0.001	0.700
>WAACCACA	3-WAACCACA	6.415108	-91.728143	0	T:472.0(33.71%),B:8773.4(18.71%),P:1e-39	Tpos:310.5,Tstd:259.9,Bpos:242.2,Bstd:144.1,StrandBias:0.1,Multiplicity:1.31
0.443	0.075	0.023	0.459
0.682	0.170	0.087	0.061
0.880	0.048	0.071	0.001
0.056	0.865	0.041	0.038
0.015	0.835	0.120	0.030
0.604	0.060	0.070	0.266
0.044	0.865	0.041	0.050
0.817	0.066	0.034	0.083
>TTCGGTTT	4-TTCGGTTT	4.547477	-53.589843	0	T:509.0(36.36%),B:11387.2(24.29%),P:1e-23	Tpos:314.4,Tstd:265.8,Bpos:242.6,Bstd:151.0,StrandBias:0.3,Multiplicity:1.33
0.111	0.148	0.197	0.544
0.117	0.182	0.272	0.428
0.115	0.552	0.163	0.170
0.194	0.183	0.548	0.075
0.056	0.250	0.573	0.121
0.096	0.174	0.167	0.563
0.092	0.091	0.119	0.698
0.233	0.085	0.094	0.588
>TGAGTCAT	5-TGAGTCAT	7.958124	-30.656121	0	T:176.0(12.57%),B:3262.9(6.96%),P:1e-13	Tpos:322.0,Tstd:278.1,Bpos:236.2,Bstd:136.9,StrandBias:0.0,Multiplicity:1.14
0.001	0.001	0.001	0.997
0.001	0.001	0.896	0.102
0.997	0.001	0.001	0.001
0.001	0.251	0.747	0.001
0.001	0.001	0.001	0.997
0.085	0.913	0.001	0.001
0.997	0.001	0.001	0.001
0.001	0.114	0.109	0.776
>TCTMRCGD	6-TCTMRCGD	5.735636	-24.592073	0	T:229.0(16.36%),B:4939.2(10.54%),P:1e-10	Tpos:298.3,Tstd:234.3,Bpos:239.0,Bstd:155.0,StrandBias:-0.1,Multiplicity:1.16
0.234	0.134	0.063	0.569
0.001	0.970	0.006	0.023
0.037	0.063	0.023	0.877
0.362	0.311	0.209	0.118
0.288	0.147	0.433	0.131
0.003	0.585	0.147	0.265
0.005	0.003	0.933	0.059
0.323	0.086	0.264	0.327
>GGCGGCGC	7-GGCGGCGC	8.134497	-23.856151	0	T:245.0(17.50%),B:5423.3(11.57%),P:1e-10	Tpos:369.3,Tstd:246.8,Bpos:237.0,Bstd:168.2,StrandBias:-0.1,Multiplicity:1.60
0.001	0.001	0.977	0.021
0.048	0.001	0.938	0.013
0.050	0.893	0.042	0.015
0.001	0.001	0.997	0.001
0.042	0.059	0.842	0.057
0.096	0.636	0.251	0.017
0.001	0.056	0.910	0.033
0.051	0.867	0.081	0.001
>RCGTGACG	8-RCGTGACG	7.929462	-23.515940	0	T:98.0(7.00%),B:1605.4(3.42%),P:1e-10	Tpos:341.7,Tstd:216.7,Bpos:239.1,Bstd:164.8,StrandBias:-0.1,Multiplicity:1.17
0.392	0.200	0.406	0.001
0.001	0.997	0.001	0.001
0.001	0.001	0.997	0.001
0.001	0.001	0.001	0.997
0.001	0.414	0.584	0.001
0.997	0.001	0.001	0.001
0.001	0.997	0.001	0.001
0.001	0.256	0.742	0.001
>CGTTAGGT	9-CGTTAGGT	7.584450	-21.603807	0	T:102.0(7.29%),B:1761.8(3.76%),P:1e-9	Tpos:298.6,Tstd:189.5,Bpos:238.4,Bstd:150.5,StrandBias:-0.1,Multiplicity:1.05
0.135	0.700	0.164	0.001
0.001	0.179	0.819	0.001
0.001	0.001	0.081	0.917
0.001	0.001	0.001	0.997
0.925	0.001	0.073	0.001
0.041	0.001	0.928	0.030
0.001	0.084	0.914	0.001
0.001	0.001	0.073	0.925
>TAACACAC	10-TAACACAC	8.703893	-12.694582	0	T:104.0(7.43%),B:2180.5(4.65%),P:1e-5	Tpos:247.8,Tstd:177.7,Bpos:236.4,Bstd:147.8,StrandBias:-0.4,Multiplicity:1.16
0.001	0.001	0.176	0.822
0.997	0.001	0.001	0.001
0.997	0.001	0.001	0.001
0.001	0.997	0.001	0.001
0.997	0.001	0.001	0.001
0.001	0.862	0.001	0.136
0.997	0.001	0.001	0.001
0.001	0.835	0.001	0.163
