>ACAGGAAGTGGN	1-ACAGGAAGTGGN	8.158193	-165.218692	0	T:440.0(31.43%),B:6055.5(12.92%),P:1e-71	Tpos:289.6,Tstd:224.3,Bpos:241.0,Bstd:140.1,StrandBias:0.2,Multiplicity:1.25
0.510	0.093	0.287	0.110
0.235	0.456	0.288	0.021
0.831	0.115	0.053	0.001
0.001	0.001	0.997	0.001
0.055	0.001	0.943	0.001
0.997	0.001	0.001	0.001
0.754	0.001	0.001	0.244
0.197	0.025	0.777	0.001
0.022	0.122	0.191	0.665
0.211	0.001	0.619	0.169
0.173	0.171	0.520	0.136
0.234	0.199	0.222	0.344
>KGKCTGTGGTTT	2-KGKCTGTGGTTT	8.538686	-84.232770	0	T:176.0(12.57%),B:1967.7(4.20%),P:1e-36	Tpos:288.8,Tstd:230.1,Bpos:244.7,Bstd:140.5,StrandBias:0.1,Multiplicity:1.10
0.021	0.157	0.421	0.400
0.001	0.228	0.568	0.203
0.130	0.189	0.391	0.290
0.001	0.567	0.182	0.250
0.001	0.001	0.001	0.997
0.001	0.001	0.962	0.036
0.016	0.001	0.001	0.982
0.001	0.001	0.997	0.001
0.001	0.001	0.997	0.001
0.001	0.001	0.012	0.986
0.001	0.001	0.032	0.966
0.214	0.119	0.226	0.441
>GAAAGTGAAAGT	3-GAAAGTGAAAGT	9.390484	-60.602129	0	T:97.0(6.93%),B:881.2(1.88%),P:1e-26	Tpos:276.9,Tstd:235.0,Bpos:232.1,Bstd:145.6,StrandBias:-0.4,Multiplicity:1.04
0.146	0.061	0.792	0.001
0.981	0.001	0.017	0.001
0.798	0.001	0.200	0.001
0.779	0.001	0.074	0.146
0.053	0.163	0.692	0.092
0.069	0.162	0.001	0.768
0.048	0.054	0.836	0.062
0.814	0.034	0.116	0.036
0.776	0.001	0.222	0.001
0.866	0.001	0.100	0.033
0.095	0.158	0.746	0.001
0.064	0.349	0.001	0.586
>GAAAGCCCCGCC	4-GAAAGCCCCGCC	9.525240	-34.396962	0	T:77.0(5.50%),B:902.6(1.93%),P:1e-14	Tpos:307.6,Tstd:210.4,Bpos:240.4,Bstd:156.0,StrandBias:-0.6,Multiplicity:1.12
0.012	0.047	0.912	0.029
0.726	0.095	0.068	0.111
0.722	0.074	0.128	0.076
0.949	0.037	0.013	0.001
0.001	0.028	0.890	0.081
0.020	0.893	0.029	0.058
0.020	0.813	0.086	0.081
0.045	0.857	0.069	0.029
0.079	0.798	0.067	0.056
0.082	0.023	0.802	0.093
0.023	0.843	0.076	0.058
0.001	0.799	0.101	0.099
>TGCTGAGTCATW	5-TGCTGAGTCATW	8.849529	-34.233124	0	T:103.0(7.36%),B:1435.9(3.06%),P:1e-14	Tpos:288.8,Tstd:229.0,Bpos:243.9,Bstd:134.7,StrandBias:0.0,Multiplicity:1.06
0.093	0.048	0.057	0.802
0.041	0.206	0.557	0.196
0.001	0.709	0.198	0.092
0.016	0.001	0.001	0.982
0.001	0.001	0.949	0.049
0.835	0.044	0.020	0.101
0.073	0.251	0.628	0.048
0.001	0.135	0.019	0.845
0.001	0.997	0.001	0.001
0.791	0.001	0.001	0.207
0.001	0.093	0.155	0.751
0.397	0.080	0.236	0.286
>AAGCTGAACCTG	6-AAGCTGAACCTG	12.951634	-28.517937	0	T:10.0(0.71%),B:9.3(0.02%),P:1e-12	Tpos:313.9,Tstd:134.3,Bpos:288.7,Bstd:101.5,StrandBias:1.2,Multiplicity:1.00
0.637	0.361	0.001	0.001
0.796	0.112	0.091	0.001
0.001	0.112	0.775	0.112
0.001	0.997	0.001	0.001
0.001	0.001	0.111	0.887
0.001	0.001	0.997	0.001
0.997	0.001	0.001	0.001
0.796	0.091	0.001	0.112
0.318	0.680	0.001	0.001
0.001	0.526	0.112	0.361
0.365	0.001	0.001	0.633
0.024	0.112	0.863	0.001
>BMCTTCCTCCCB	7-BMCTTCCTCCCB	7.805785	-26.648928	0	T:483.0(34.50%),B:12249.3(26.13%),P:1e-11	Tpos:317.8,Tstd:243.9,Bpos:237.8,Bstd:142.4,StrandBias:0.1,Multiplicity:1.45
0.132	0.363	0.233	0.273
0.324	0.361	0.177	0.138
0.001	0.809	0.138	0.052
0.023	0.256	0.001	0.720
0.015	0.204	0.159	0.622
0.001	0.952	0.035	0.012
0.030	0.928	0.008	0.034
0.001	0.011	0.001	0.987
0.025	0.736	0.147	0.092
0.090	0.834	0.027	0.049
0.069	0.767	0.001	0.163
0.190	0.345	0.235	0.230
>GCCCTTGAACTT	8-GCCCTTGAACTT	10.954565	-25.951493	0	T:25.0(1.79%),B:143.5(0.31%),P:1e-11	Tpos:238.5,Tstd:123.1,Bpos:222.5,Bstd:138.6,StrandBias:0.6,Multiplicity:1.00
0.001	0.001	0.997	0.001
0.001	0.997	0.001	0.001
0.073	0.742	0.090	0.095
0.001	0.653	0.005	0.341
0.089	0.001	0.233	0.677
0.001	0.001	0.283	0.715
0.001	0.001	0.997	0.001
0.909	0.001	0.089	0.001
0.854	0.001	0.144	0.001
0.001	0.842	0.063	0.094
0.001	0.001	0.089	0.909
0.251	0.162	0.001	0.586
>CCAATCCACTCA	9-CCAATCCACTCA	12.355432	-22.375026	0	T:5.0(0.36%),B:0.0(0.00%),P:1e-9	Tpos:274.8,Tstd:30.9,Bpos:0.0,Bstd:0.0,StrandBias:10.0,Multiplicity:1.00
0.100	0.700	0.100	0.100
0.100	0.700	0.100	0.100
0.700	0.100	0.100	0.100
0.700	0.100	0.100	0.100
0.100	0.100	0.100	0.700
0.100	0.700	0.100	0.100
0.100	0.700	0.100	0.100
0.700	0.100	0.100	0.100
0.100	0.700	0.100	0.100
0.100	0.100	0.100	0.700
0.100	0.700	0.100	0.100
0.700	0.100	0.100	0.100
>CGATTGGCCAAT	10-CGATTGGCCAAT	10.928331	-21.275074	0	T:14.0(1.00%),B:49.4(0.11%),P:1e-9	Tpos:382.7,Tstd:213.9,Bpos:264.9,Bstd:138.2,StrandBias:1.3,Multiplicity:1.00
0.009	0.831	0.001	0.159
0.001	0.193	0.488	0.318
0.997	0.001	0.001	0.001
0.165	0.001	0.001	0.833
0.001	0.159	0.166	0.674
0.159	0.001	0.681	0.159
0.001	0.001	0.840	0.158
0.001	0.997	0.001	0.001
0.168	0.830	0.001	0.001
0.830	0.001	0.168	0.001
0.997	0.001	0.001	0.001
0.001	0.001	0.001	0.997
>TCCTCAGATGTC	11-TCCTCAGATGTC	15.056019	-20.731514	0	T:7.0(0.50%),B:6.9(0.01%),P:1e-9	Tpos:187.6,Tstd:137.8,Bpos:180.2,Bstd:145.4,StrandBias:2.6,Multiplicity:1.00
0.001	0.001	0.001	0.997
0.001	0.997	0.001	0.001
0.001	0.997	0.001	0.001
0.001	0.001	0.001	0.997
0.001	0.997	0.001	0.001
0.997	0.001	0.001	0.001
0.001	0.001	0.997	0.001
0.997	0.001	0.001	0.001
0.001	0.001	0.213	0.785
0.001	0.001	0.997	0.001
0.001	0.001	0.001	0.997
0.001	0.997	0.001	0.001
>ATGACGTCACCG	12-ATGACGTCACCG	7.401871	-19.139231	0	T:140.0(10.00%),B:2817.7(6.01%),P:1e-8	Tpos:267.6,Tstd:231.4,Bpos:239.5,Bstd:145.4,StrandBias:-0.1,Multiplicity:1.08
0.649	0.132	0.090	0.129
0.012	0.012	0.048	0.928
0.001	0.076	0.853	0.070
0.773	0.047	0.120	0.060
0.160	0.646	0.102	0.092
0.064	0.183	0.741	0.012
0.092	0.023	0.077	0.808
0.023	0.925	0.031	0.021
0.798	0.077	0.012	0.113
0.041	0.753	0.087	0.119
0.219	0.464	0.119	0.198
0.128	0.092	0.646	0.134
>TRMAGYCTGGGG	13-TRMAGYCTGGGG	8.985035	-18.504773	0	T:109.0(7.79%),B:2047.8(4.37%),P:1e-8	Tpos:269.9,Tstd:243.0,Bpos:239.1,Bstd:135.4,StrandBias:-0.5,Multiplicity:1.06
0.114	0.058	0.001	0.827
0.428	0.001	0.355	0.216
0.365	0.504	0.130	0.001
0.819	0.001	0.001	0.179
0.001	0.001	0.835	0.163
0.076	0.397	0.117	0.410
0.001	0.997	0.001	0.001
0.108	0.054	0.001	0.837
0.038	0.001	0.580	0.381
0.099	0.001	0.899	0.001
0.001	0.001	0.997	0.001
0.171	0.001	0.810	0.018
>ATATCTGCTTAC	14-ATATCTGCTTAC	10.095100	-17.732057	0	T:27.0(1.93%),B:248.7(0.53%),P:1e-7	Tpos:217.4,Tstd:143.9,Bpos:237.9,Bstd:145.3,StrandBias:-0.1,Multiplicity:1.07
0.632	0.065	0.257	0.046
0.065	0.065	0.242	0.628
0.652	0.001	0.001	0.346
0.001	0.195	0.001	0.803
0.001	0.869	0.065	0.065
0.001	0.001	0.001	0.997
0.001	0.065	0.881	0.053
0.001	0.997	0.001	0.001
0.001	0.001	0.001	0.997
0.001	0.001	0.001	0.997
0.997	0.001	0.001	0.001
0.001	0.619	0.379	0.001
>ACACTGCTGACT	15-ACACTGCTGACT	14.607381	-14.501828	0	T:4.0(0.29%),B:2.1(0.00%),P:1e-6	Tpos:280.0,Tstd:312.0,Bpos:250.4,Bstd:129.7,StrandBias:10.0,Multiplicity:2.00
0.997	0.001	0.001	0.001
0.001	0.997	0.001	0.001
0.862	0.001	0.136	0.001
0.001	0.997	0.001	0.001
0.001	0.001	0.001	0.997
0.001	0.001	0.997	0.001
0.001	0.997	0.001	0.001
0.001	0.001	0.001	0.997
0.001	0.001	0.997	0.001
0.997	0.001	0.001	0.001
0.001	0.997	0.001	0.001
0.001	0.001	0.001	0.997
>RCYCTAGAAGTM	16-RCYCTAGAAGTM	14.015893	-14.095394	0	T:6.0(0.43%),B:10.7(0.02%),P:1e-6	Tpos:494.5,Tstd:255.1,Bpos:143.6,Bstd:121.7,StrandBias:1.9,Multiplicity:2.33
0.510	0.001	0.488	0.001
0.001	0.997	0.001	0.001
0.001	0.488	0.001	0.510
0.001	0.800	0.001	0.198
0.001	0.198	0.001	0.800
0.997	0.001	0.001	0.001
0.001	0.001	0.997	0.001
0.997	0.001	0.001	0.001
0.997	0.001	0.001	0.001
0.001	0.001	0.997	0.001
0.001	0.001	0.001	0.997
0.488	0.510	0.001	0.001
>CACAGTGTCTTA	17-CACAGTGTCTTA	9.488322	-9.893836	0	T:49.0(3.50%),B:889.7(1.90%),P:1e-4	Tpos:226.9,Tstd:199.8,Bpos:239.8,Bstd:142.1,StrandBias:0.5,Multiplicity:1.00
0.190	0.597	0.179	0.034
0.641	0.243	0.001	0.115
0.271	0.666	0.001	0.062
0.937	0.061	0.001	0.001
0.062	0.001	0.812	0.125
0.001	0.001	0.001	0.997
0.001	0.061	0.937	0.001
0.214	0.001	0.039	0.746
0.001	0.598	0.209	0.192
0.086	0.001	0.001	0.912
0.001	0.001	0.149	0.849
0.756	0.137	0.001	0.106
>TGGTGAGATGCA	18-TGGTGAGATGCA	14.043304	-9.609360	0	T:4.0(0.29%),B:7.4(0.02%),P:1e-4	Tpos:201.1,Tstd:82.4,Bpos:239.5,Bstd:91.1,StrandBias:1.0,Multiplicity:2.25
0.112	0.001	0.001	0.886
0.001	0.001	0.997	0.001
0.001	0.001	0.997	0.001
0.001	0.001	0.001	0.997
0.112	0.001	0.775	0.112
0.886	0.001	0.001	0.112
0.001	0.001	0.997	0.001
0.997	0.001	0.001	0.001
0.001	0.001	0.001	0.997
0.001	0.001	0.997	0.001
0.001	0.997	0.001	0.001
0.997	0.001	0.001	0.001
>TTTCCTGAGGTG	19-TTTCCTGAGGTG	10.409522	-9.276330	0	T:18.0(1.29%),B:210.1(0.45%),P:1e-4	Tpos:265.6,Tstd:223.1,Bpos:244.2,Bstd:136.8,StrandBias:1.0,Multiplicity:1.50
0.100	0.100	0.100	0.700
0.100	0.100	0.100	0.700
0.100	0.100	0.100	0.700
0.100	0.700	0.100	0.100
0.100	0.700	0.100	0.100
0.100	0.100	0.100	0.700
0.100	0.100	0.700	0.100
0.700	0.100	0.100	0.100
0.100	0.100	0.700	0.100
0.100	0.100	0.700	0.100
0.100	0.100	0.100	0.700
0.100	0.100	0.700	0.100
>ACCCTTGCACCA	20-ACCCTTGCACCA	12.875247	-9.179970	0	T:5.0(0.36%),B:15.9(0.03%),P:1e-3	Tpos:158.0,Tstd:109.5,Bpos:224.3,Bstd:93.8,StrandBias:1.6,Multiplicity:2.40
0.997	0.001	0.001	0.001
0.233	0.765	0.001	0.001
0.001	0.997	0.001	0.001
0.233	0.765	0.001	0.001
0.001	0.001	0.233	0.765
0.001	0.001	0.001	0.997
0.001	0.001	0.997	0.001
0.001	0.997	0.001	0.001
0.701	0.001	0.001	0.297
0.001	0.765	0.001	0.233
0.001	0.765	0.233	0.001
0.997	0.001	0.001	0.001
>GGTGACAGCATA	21-GGTGACAGCATA	8.463612	-6.400202	0	T:72.0(5.14%),B:1674.8(3.57%),P:1e-2	Tpos:334.5,Tstd:306.7,Bpos:241.0,Bstd:137.4,StrandBias:0.2,Multiplicity:1.14
0.100	0.100	0.700	0.100
0.100	0.100	0.700	0.100
0.100	0.100	0.100	0.700
0.100	0.100	0.700	0.100
0.700	0.100	0.100	0.100
0.100	0.700	0.100	0.100
0.700	0.100	0.100	0.100
0.100	0.100	0.700	0.100
0.100	0.700	0.100	0.100
0.700	0.100	0.100	0.100
0.100	0.100	0.100	0.700
0.700	0.100	0.100	0.100
>AATGAGCTCTAG	22-AATGAGCTCTAG	12.355432	-5.578295	0	T:2.0(0.14%),B:3.4(0.01%),P:1e-2	Tpos:553.2,Tstd:209.1,Bpos:249.9,Bstd:124.2,StrandBias:10.0,Multiplicity:4.00
0.700	0.100	0.100	0.100
0.700	0.100	0.100	0.100
0.100	0.100	0.100	0.700
0.100	0.100	0.700	0.100
0.700	0.100	0.100	0.100
0.100	0.100	0.700	0.100
0.100	0.700	0.100	0.100
0.100	0.100	0.100	0.700
0.100	0.700	0.100	0.100
0.100	0.100	0.100	0.700
0.700	0.100	0.100	0.100
0.100	0.100	0.700	0.100
>CCCACAGTGTGT	23-CCCACAGTGTGT	-4.330780	-4.501405	0	T:362.0(25.86%),B:10883.2(23.21%),P:1e-1	Tpos:292.8,Tstd:246.5,Bpos:239.7,Bstd:142.3,StrandBias:-0.0,Multiplicity:1.25
0.001	0.997	0.001	0.001
0.001	0.997	0.001	0.001
0.001	0.997	0.001	0.001
0.906	0.001	0.092	0.001
0.001	0.997	0.001	0.001
0.997	0.001	0.001	0.001
0.114	0.001	0.884	0.001
0.001	0.001	0.001	0.997
0.114	0.001	0.884	0.001
0.001	0.001	0.001	0.997
0.001	0.001	0.997	0.001
0.001	0.001	0.001	0.997
>GCTGCAGTGSAC	24-GCTGCAGTGSAC	8.176060	-3.509371	0	T:8.0(0.57%),B:120.3(0.26%),P:1e-1	Tpos:174.2,Tstd:88.0,Bpos:223.6,Bstd:134.4,StrandBias:0.5,Multiplicity:2.75
0.001	0.251	0.747	0.001
0.001	0.997	0.001	0.001
0.001	0.001	0.001	0.997
0.001	0.001	0.997	0.001
0.001	0.997	0.001	0.001
0.997	0.001	0.001	0.001
0.001	0.001	0.997	0.001
0.001	0.001	0.001	0.997
0.365	0.001	0.633	0.001
0.001	0.539	0.459	0.001
0.997	0.001	0.001	0.001
0.001	0.662	0.001	0.336
>TCTCCAAGGACA	25-TCTCCAAGGACA	12.355432	-3.307248	0	T:2.0(0.14%),B:10.8(0.02%),P:1e-1	Tpos:166.0,Tstd:130.4,Bpos:257.8,Bstd:104.5,StrandBias:10.0,Multiplicity:4.00
0.100	0.100	0.100	0.700
0.100	0.700	0.100	0.100
0.100	0.100	0.100	0.700
0.100	0.700	0.100	0.100
0.100	0.700	0.100	0.100
0.700	0.100	0.100	0.100
0.700	0.100	0.100	0.100
0.100	0.100	0.700	0.100
0.100	0.100	0.700	0.100
0.700	0.100	0.100	0.100
0.100	0.700	0.100	0.100
0.700	0.100	0.100	0.100
