>CACTTCCTGT	1-CACTTCCTGT	8.117775	-178.003479	0	T:392.0(28.00%),B:4757.6(10.15%),P:1e-77	Tpos:277.3,Tstd:211.1,Bpos:241.5,Bstd:145.8,StrandBias:-0.2,Multiplicity:1.21
0.060	0.722	0.059	0.159
0.691	0.050	0.164	0.095
0.001	0.819	0.001	0.179
0.187	0.001	0.001	0.811
0.006	0.001	0.001	0.992
0.005	0.912	0.001	0.082
0.001	0.993	0.001	0.005
0.001	0.076	0.248	0.675
0.016	0.212	0.707	0.065
0.103	0.308	0.068	0.521
>TGTGGTTTNN	2-TGTGGTTTNN	6.121808	-92.183299	0	T:437.0(31.21%),B:7828.5(16.70%),P:1e-40	Tpos:306.7,Tstd:258.0,Bpos:238.9,Bstd:141.2,StrandBias:0.1,Multiplicity:1.32
0.106	0.060	0.219	0.615
0.024	0.003	0.828	0.145
0.236	0.012	0.198	0.554
0.110	0.141	0.598	0.151
0.093	0.013	0.884	0.010
0.037	0.250	0.038	0.675
0.091	0.079	0.180	0.650
0.219	0.188	0.216	0.377
0.247	0.294	0.196	0.262
0.222	0.259	0.211	0.309
>ASGAAGTBGT	3-ASGAAGTBGT	6.656085	-69.627410	0	T:216.0(15.43%),B:3077.4(6.56%),P:1e-30	Tpos:279.1,Tstd:222.2,Bpos:239.3,Bstd:143.4,StrandBias:0.0,Multiplicity:1.10
0.586	0.323	0.090	0.001
0.123	0.321	0.453	0.102
0.205	0.218	0.559	0.018
0.573	0.005	0.301	0.121
0.700	0.003	0.007	0.290
0.227	0.002	0.744	0.027
0.020	0.203	0.209	0.568
0.004	0.381	0.256	0.358
0.234	0.167	0.593	0.006
0.006	0.012	0.336	0.646
>TTTCACTTTC	4-TTTCACTTTC	9.455689	-45.923484	0	T:97.0(6.93%),B:1088.7(2.32%),P:1e-19	Tpos:294.7,Tstd:248.8,Bpos:245.3,Bstd:146.6,StrandBias:0.2,Multiplicity:1.10
0.001	0.096	0.001	0.902
0.001	0.136	0.001	0.862
0.001	0.051	0.001	0.947
0.119	0.791	0.001	0.089
0.922	0.001	0.076	0.001
0.068	0.717	0.214	0.001
0.001	0.001	0.001	0.997
0.001	0.069	0.001	0.929
0.001	0.001	0.001	0.997
0.066	0.728	0.001	0.205
>AATGACTCAS	5-AATGACTCAS	6.529523	-40.981721	0	T:62.0(4.43%),B:541.8(1.16%),P:1e-17	Tpos:234.0,Tstd:196.3,Bpos:237.0,Bstd:129.8,StrandBias:0.1,Multiplicity:1.00
0.429	0.049	0.249	0.273
0.535	0.009	0.331	0.125
0.154	0.150	0.003	0.693
0.090	0.005	0.558	0.347
0.641	0.187	0.103	0.069
0.217	0.426	0.179	0.178
0.234	0.176	0.156	0.435
0.246	0.554	0.076	0.124
0.690	0.180	0.005	0.125
0.125	0.388	0.279	0.209
>GCGTCCGTCC	6-GCGTCCGTCC	7.022689	-34.645362	0	T:254.0(18.14%),B:5128.5(10.94%),P:1e-15	Tpos:315.4,Tstd:227.7,Bpos:242.9,Bstd:154.8,StrandBias:-0.1,Multiplicity:1.22
0.041	0.118	0.796	0.045
0.112	0.741	0.050	0.097
0.055	0.075	0.724	0.146
0.047	0.074	0.039	0.840
0.015	0.859	0.102	0.024
0.041	0.861	0.026	0.072
0.042	0.139	0.648	0.171
0.032	0.048	0.083	0.837
0.015	0.830	0.065	0.090
0.049	0.872	0.043	0.036
>GAGGAAGGGG	7-GAGGAAGGGG	7.384700	-32.242552	0	T:444.0(31.71%),B:10673.3(22.77%),P:1e-14	Tpos:333.7,Tstd:252.9,Bpos:240.2,Bstd:141.8,StrandBias:-0.1,Multiplicity:1.43
0.063	0.090	0.796	0.051
0.772	0.048	0.113	0.067
0.088	0.021	0.843	0.048
0.053	0.048	0.853	0.046
0.764	0.068	0.091	0.077
0.697	0.077	0.105	0.121
0.022	0.069	0.857	0.052
0.039	0.091	0.792	0.078
0.106	0.018	0.828	0.048
0.064	0.090	0.806	0.040
>GCGTCGCCCT	8-GCGTCGCCCT	7.011601	-29.443235	0	T:227.0(16.21%),B:4643.1(9.90%),P:1e-12	Tpos:321.3,Tstd:207.4,Bpos:241.2,Bstd:166.8,StrandBias:-0.0,Multiplicity:1.20
0.019	0.056	0.876	0.049
0.050	0.795	0.055	0.100
0.060	0.096	0.762	0.082
0.075	0.092	0.096	0.737
0.054	0.817	0.048	0.081
0.087	0.035	0.830	0.048
0.027	0.756	0.097	0.120
0.008	0.825	0.049	0.118
0.085	0.833	0.027	0.055
0.102	0.065	0.057	0.776
>GTCTGCGGTC	9-GTCTGCGGTC	7.458487	-29.288510	0	T:167.0(11.93%),B:3087.9(6.59%),P:1e-12	Tpos:308.6,Tstd:229.0,Bpos:241.0,Bstd:150.5,StrandBias:0.2,Multiplicity:1.09
0.081	0.044	0.718	0.157
0.096	0.111	0.052	0.741
0.014	0.814	0.091	0.081
0.001	0.045	0.037	0.917
0.008	0.075	0.879	0.038
0.001	0.740	0.089	0.170
0.047	0.022	0.885	0.046
0.091	0.020	0.801	0.088
0.001	0.164	0.043	0.792
0.157	0.732	0.014	0.097
>CTAGAGCTAA	10-CTAGAGCTAA	8.097259	-29.275033	0	T:91.0(6.50%),B:1293.0(2.76%),P:1e-12	Tpos:286.7,Tstd:238.3,Bpos:241.7,Bstd:143.2,StrandBias:0.1,Multiplicity:1.11
0.040	0.773	0.133	0.054
0.057	0.183	0.046	0.714
0.991	0.007	0.001	0.001
0.015	0.308	0.550	0.127
0.973	0.001	0.025	0.001
0.023	0.308	0.668	0.001
0.052	0.892	0.001	0.055
0.018	0.043	0.181	0.758
0.885	0.088	0.007	0.020
0.843	0.068	0.001	0.088
>CGGTTTCAGT	11-CGGTTTCAGT	9.465562	-28.705464	0	T:27.0(1.93%),B:149.8(0.32%),P:1e-12	Tpos:306.6,Tstd:254.1,Bpos:278.0,Bstd:139.2,StrandBias:0.0,Multiplicity:1.00
0.056	0.919	0.011	0.014
0.001	0.049	0.943	0.007
0.001	0.001	0.997	0.001
0.077	0.001	0.001	0.921
0.001	0.046	0.034	0.919
0.001	0.001	0.001	0.997
0.001	0.939	0.001	0.059
0.870	0.001	0.101	0.028
0.101	0.001	0.588	0.310
0.048	0.001	0.001	0.950
>GGTGACGTCA	12-GGTGACGTCA	6.826594	-26.747505	0	T:226.0(16.14%),B:4746.7(10.13%),P:1e-11	Tpos:272.7,Tstd:222.6,Bpos:240.4,Bstd:148.5,StrandBias:0.1,Multiplicity:1.14
0.089	0.100	0.730	0.081
0.080	0.085	0.716	0.119
0.070	0.054	0.070	0.806
0.105	0.031	0.763	0.101
0.828	0.062	0.097	0.013
0.084	0.776	0.065	0.075
0.056	0.024	0.790	0.130
0.001	0.119	0.125	0.755
0.058	0.821	0.059	0.062
0.896	0.061	0.001	0.042
>TCTGAGGTAG	13-TCTGAGGTAG	9.317273	-25.804813	0	T:79.0(5.64%),B:1117.0(2.38%),P:1e-11	Tpos:309.4,Tstd:223.9,Bpos:242.3,Bstd:135.9,StrandBias:-0.2,Multiplicity:1.04
0.012	0.001	0.262	0.725
0.001	0.971	0.001	0.027
0.049	0.053	0.001	0.897
0.031	0.001	0.967	0.001
0.954	0.001	0.001	0.044
0.001	0.001	0.997	0.001
0.046	0.083	0.870	0.001
0.001	0.066	0.132	0.801
0.917	0.001	0.001	0.081
0.106	0.001	0.892	0.001
>GTGGTCAGAC	14-GTGGTCAGAC	9.553317	-24.578637	0	T:52.0(3.71%),B:594.0(1.27%),P:1e-10	Tpos:250.3,Tstd:216.2,Bpos:233.9,Bstd:142.4,StrandBias:-0.3,Multiplicity:1.02
0.001	0.001	0.997	0.001
0.001	0.001	0.001	0.997
0.044	0.146	0.809	0.001
0.001	0.001	0.897	0.101
0.001	0.001	0.099	0.899
0.001	0.997	0.001	0.001
0.997	0.001	0.001	0.001
0.060	0.107	0.779	0.054
0.811	0.097	0.091	0.001
0.041	0.825	0.101	0.033
>AGGGCCGATG	15-AGGGCCGATG	8.547246	-22.978432	0	T:59.0(4.21%),B:761.2(1.62%),P:1e-9	Tpos:295.2,Tstd:196.5,Bpos:242.5,Bstd:143.3,StrandBias:0.8,Multiplicity:1.05
0.694	0.304	0.001	0.001
0.022	0.102	0.875	0.001
0.117	0.001	0.881	0.001
0.113	0.154	0.732	0.001
0.091	0.907	0.001	0.001
0.107	0.697	0.131	0.065
0.051	0.001	0.853	0.095
0.732	0.001	0.037	0.230
0.075	0.001	0.001	0.923
0.001	0.138	0.714	0.147
>GCGCCGCCTA	16-GCGCCGCCTA	6.721159	-20.784852	0	T:241.0(17.21%),B:5492.8(11.72%),P:1e-9	Tpos:358.8,Tstd:250.6,Bpos:237.9,Bstd:168.6,StrandBias:-0.1,Multiplicity:1.45
0.070	0.111	0.749	0.070
0.103	0.715	0.096	0.086
0.100	0.121	0.662	0.117
0.099	0.710	0.096	0.095
0.099	0.704	0.094	0.103
0.098	0.104	0.698	0.100
0.072	0.726	0.104	0.098
0.075	0.743	0.092	0.090
0.094	0.123	0.105	0.678
0.618	0.137	0.125	0.120
>GGCGTGACTT	17-GGCGTGACTT	9.581267	-20.598329	0	T:34.0(2.43%),B:329.2(0.70%),P:1e-8	Tpos:311.1,Tstd:183.9,Bpos:240.2,Bstd:160.2,StrandBias:1.7,Multiplicity:1.03
0.001	0.001	0.930	0.068
0.001	0.068	0.930	0.001
0.001	0.960	0.001	0.038
0.050	0.001	0.906	0.043
0.065	0.091	0.096	0.748
0.001	0.073	0.752	0.174
0.962	0.001	0.036	0.001
0.001	0.997	0.001	0.001
0.001	0.068	0.001	0.930
0.073	0.001	0.001	0.925
>TATTCACCTC	18-TATTCACCTC	6.810078	-17.943597	0	T:28.0(2.00%),B:262.6(0.56%),P:1e-7	Tpos:246.6,Tstd:191.6,Bpos:240.9,Bstd:137.3,StrandBias:-0.4,Multiplicity:1.25
0.075	0.001	0.001	0.923
0.997	0.001	0.001	0.001
0.001	0.001	0.001	0.997
0.001	0.001	0.001	0.997
0.001	0.997	0.001	0.001
0.865	0.118	0.001	0.016
0.001	0.997	0.001	0.001
0.001	0.997	0.001	0.001
0.041	0.001	0.001	0.957
0.001	0.997	0.001	0.001
>GATTGGTAGG	19-GATTGGTAGG	7.854317	-17.169246	0	T:39.0(2.79%),B:475.9(1.02%),P:1e-7	Tpos:311.0,Tstd:260.0,Bpos:249.7,Bstd:147.1,StrandBias:0.4,Multiplicity:1.08
0.197	0.138	0.617	0.048
0.566	0.256	0.152	0.026
0.020	0.154	0.071	0.755
0.205	0.035	0.128	0.632
0.182	0.064	0.578	0.176
0.030	0.233	0.552	0.185
0.208	0.208	0.026	0.558
0.654	0.192	0.031	0.123
0.034	0.089	0.845	0.032
0.061	0.084	0.797	0.058
>CTAACACACT	20-CTAACACACT	10.296193	-8.327119	0	T:7.0(0.50%),B:40.3(0.09%),P:1e-3	Tpos:212.4,Tstd:162.9,Bpos:222.6,Bstd:136.3,StrandBias:-1.9,Multiplicity:2.00
0.100	0.700	0.100	0.100
0.100	0.100	0.100	0.700
0.700	0.100	0.100	0.100
0.700	0.100	0.100	0.100
0.100	0.700	0.100	0.100
0.700	0.100	0.100	0.100
0.100	0.700	0.100	0.100
0.700	0.100	0.100	0.100
0.100	0.700	0.100	0.100
0.100	0.100	0.100	0.700
>NGGGTGTGTN	21-NGGGTGTGTN	6.507975	-8.038143	0	T:12.0(0.86%),B:119.7(0.26%),P:1e-3	Tpos:221.9,Tstd:172.1,Bpos:249.0,Bstd:135.5,StrandBias:-1.1,Multiplicity:1.58
0.264	0.274	0.235	0.227
0.138	0.153	0.562	0.147
0.151	0.168	0.536	0.145
0.151	0.131	0.543	0.175
0.139	0.159	0.138	0.564
0.152	0.128	0.557	0.163
0.148	0.144	0.141	0.567
0.149	0.134	0.562	0.155
0.149	0.137	0.137	0.577
0.247	0.269	0.234	0.249
>CTTCTAGAGT	22-CTTCTAGAGT	10.296193	-4.805602	0	T:4.0(0.29%),B:26.7(0.06%),P:1e-2	Tpos:550.8,Tstd:214.7,Bpos:197.2,Bstd:122.0,StrandBias:-1.6,Multiplicity:3.00
0.100	0.700	0.100	0.100
0.100	0.100	0.100	0.700
0.100	0.100	0.100	0.700
0.100	0.700	0.100	0.100
0.100	0.100	0.100	0.700
0.700	0.100	0.100	0.100
0.100	0.100	0.700	0.100
0.700	0.100	0.100	0.100
0.100	0.100	0.700	0.100
0.100	0.100	0.100	0.700
>GCAGTACATT	23-GCAGTACATT	10.296193	-2.592576	0	T:2.0(0.14%),B:15.1(0.03%),P:1e-1	Tpos:168.7,Tstd:99.6,Bpos:247.3,Bstd:130.9,StrandBias:10.0,Multiplicity:3.00
0.100	0.100	0.700	0.100
0.100	0.700	0.100	0.100
0.700	0.100	0.100	0.100
0.100	0.100	0.700	0.100
0.100	0.100	0.100	0.700
0.700	0.100	0.100	0.100
0.100	0.700	0.100	0.100
0.700	0.100	0.100	0.100
0.100	0.100	0.100	0.700
0.100	0.100	0.100	0.700
>NNNNNNNNNN	24-NNNNNNNNNN	-nan	0.000000	0	T:0.0(0.00%),B:0.0(0.00%),P:1e0	Tpos:0.0,Tstd:0.0,Bpos:0.0,Bstd:0.0,StrandBias:0.0,Multiplicity:1.00
-nan	-nan	-nan	-nan
-nan	-nan	-nan	-nan
-nan	-nan	-nan	-nan
-nan	-nan	-nan	-nan
-nan	-nan	-nan	-nan
-nan	-nan	-nan	-nan
-nan	-nan	-nan	-nan
-nan	-nan	-nan	-nan
-nan	-nan	-nan	-nan
-nan	-nan	-nan	-nan
