>HACTTCCTGT	1-HACTTCCTGT	7.641396	-471.588925	0	T:1554.0(32.02%),B:6368.8(14.60%),P:1e-204	Tpos:291.9,Tstd:228.3,Bpos:239.7,Bstd:141.6,StrandBias:0.0,Multiplicity:1.29
0.228	0.365	0.169	0.238
0.540	0.078	0.322	0.060
0.001	0.696	0.039	0.264
0.243	0.021	0.005	0.731
0.001	0.008	0.001	0.990
0.001	0.971	0.011	0.017
0.001	0.966	0.013	0.020
0.001	0.031	0.275	0.693
0.027	0.166	0.610	0.197
0.099	0.204	0.047	0.650
>ANGCGGAAGT	2-ANGCGGAAGT	7.017298	-217.884667	0	T:1239.0(25.53%),B:6200.3(14.22%),P:1e-94	Tpos:324.4,Tstd:265.4,Bpos:240.7,Bstd:150.5,StrandBias:-0.1,Multiplicity:1.16
0.496	0.122	0.268	0.115
0.170	0.306	0.301	0.223
0.123	0.229	0.628	0.020
0.252	0.698	0.037	0.013
0.122	0.004	0.870	0.004
0.018	0.015	0.966	0.001
0.972	0.014	0.010	0.004
0.874	0.009	0.116	0.001
0.198	0.073	0.634	0.095
0.001	0.319	0.016	0.664
>DGGGCGGGGC	3-DGGGCGGGGC	7.975248	-138.773209	0	T:1437.0(29.61%),B:8596.6(19.71%),P:1e-60	Tpos:328.8,Tstd:262.6,Bpos:239.0,Bstd:155.3,StrandBias:-0.0,Multiplicity:1.70
0.310	0.001	0.381	0.307
0.211	0.001	0.787	0.001
0.001	0.001	0.997	0.001
0.001	0.001	0.997	0.001
0.326	0.594	0.001	0.079
0.001	0.001	0.997	0.001
0.001	0.001	0.765	0.233
0.180	0.001	0.818	0.001
0.063	0.098	0.712	0.127
0.130	0.653	0.001	0.216
>CACTAGGTGG	4-CACTAGGTGG	8.606226	-121.679679	0	T:292.0(6.02%),B:929.0(2.13%),P:1e-52	Tpos:286.8,Tstd:248.5,Bpos:236.9,Bstd:141.0,StrandBias:-0.4,Multiplicity:1.02
0.001	0.997	0.001	0.001
0.981	0.001	0.001	0.017
0.001	0.891	0.096	0.012
0.053	0.093	0.001	0.853
0.997	0.001	0.001	0.001
0.012	0.028	0.959	0.001
0.200	0.025	0.774	0.001
0.041	0.001	0.175	0.783
0.001	0.001	0.997	0.001
0.007	0.004	0.970	0.019
>NNVTGACTCA	5-NNVTGACTCA	8.936428	-93.634383	0	T:503.0(10.36%),B:2384.2(5.47%),P:1e-40	Tpos:295.9,Tstd:244.9,Bpos:237.5,Bstd:141.8,StrandBias:-0.0,Multiplicity:1.10
0.235	0.306	0.245	0.213
0.255	0.193	0.247	0.305
0.326	0.262	0.367	0.046
0.001	0.001	0.001	0.997
0.001	0.001	0.997	0.001
0.997	0.001	0.001	0.001
0.001	0.596	0.402	0.001
0.001	0.001	0.001	0.997
0.001	0.997	0.001	0.001
0.997	0.001	0.001	0.001
>NTGTGGTTTK	6-NTGTGGTTTK	7.271007	-87.838723	0	T:811.0(16.71%),B:4601.5(10.55%),P:1e-38	Tpos:309.9,Tstd:292.8,Bpos:240.5,Bstd:146.0,StrandBias:-0.0,Multiplicity:1.14
0.205	0.254	0.249	0.292
0.118	0.022	0.118	0.742
0.001	0.032	0.943	0.024
0.079	0.164	0.076	0.681
0.028	0.001	0.762	0.209
0.008	0.001	0.966	0.025
0.001	0.198	0.170	0.631
0.031	0.156	0.059	0.754
0.222	0.068	0.187	0.523
0.206	0.121	0.389	0.285
>GTTTCCGTTT	7-GTTTCCGTTT	6.716572	-70.213645	0	T:1116.0(23.00%),B:7211.0(16.54%),P:1e-30	Tpos:307.1,Tstd:256.4,Bpos:241.4,Bstd:149.9,StrandBias:0.1,Multiplicity:1.25
0.064	0.130	0.696	0.110
0.039	0.051	0.066	0.844
0.030	0.033	0.036	0.901
0.026	0.051	0.075	0.848
0.031	0.815	0.091	0.063
0.111	0.729	0.080	0.080
0.075	0.090	0.773	0.062
0.077	0.078	0.024	0.821
0.038	0.105	0.051	0.806
0.100	0.054	0.076	0.770
>NRTBACGTGA	8-NRTBACGTGA	5.793276	-67.445787	0	T:409.0(8.43%),B:2020.2(4.63%),P:1e-29	Tpos:302.0,Tstd:256.3,Bpos:234.2,Bstd:152.0,StrandBias:-0.1,Multiplicity:1.07
0.206	0.283	0.235	0.276
0.311	0.152	0.441	0.096
0.283	0.080	0.017	0.620
0.032	0.357	0.367	0.244
0.910	0.009	0.028	0.053
0.163	0.476	0.203	0.158
0.198	0.110	0.648	0.044
0.085	0.066	0.258	0.591
0.230	0.265	0.421	0.084
0.501	0.047	0.233	0.219
>WTATGCAAAT	9-WTATGCAAAT	10.936519	-56.071024	0	T:80.0(1.65%),B:174.6(0.40%),P:1e-24	Tpos:298.0,Tstd:202.1,Bpos:244.8,Bstd:149.2,StrandBias:0.2,Multiplicity:1.08
0.374	0.071	0.198	0.357
0.037	0.007	0.011	0.945
0.958	0.037	0.004	0.001
0.012	0.013	0.001	0.974
0.004	0.001	0.994	0.001
0.001	0.979	0.001	0.019
0.968	0.001	0.001	0.030
0.981	0.001	0.017	0.001
0.996	0.002	0.001	0.001
0.036	0.013	0.021	0.930
>TTTTTTCCAC	10-TTTTTTCCAC	7.765236	-55.274007	0	T:428.0(8.82%),B:2288.5(5.25%),P:1e-24	Tpos:308.3,Tstd:295.1,Bpos:239.7,Bstd:147.7,StrandBias:0.1,Multiplicity:1.05
0.101	0.052	0.155	0.692
0.001	0.012	0.001	0.986
0.014	0.044	0.022	0.920
0.021	0.029	0.050	0.900
0.001	0.001	0.001	0.997
0.001	0.081	0.029	0.889
0.006	0.962	0.031	0.001
0.021	0.977	0.001	0.001
0.850	0.090	0.059	0.001
0.001	0.901	0.015	0.083
>CAGCCAATCA	11-CAGCCAATCA	7.501154	-50.919952	0	T:466.0(9.60%),B:2614.4(5.99%),P:1e-22	Tpos:315.7,Tstd:262.0,Bpos:237.2,Bstd:145.4,StrandBias:-0.3,Multiplicity:1.13
0.001	0.882	0.001	0.116
0.739	0.127	0.106	0.028
0.247	0.051	0.679	0.023
0.117	0.832	0.050	0.001
0.232	0.713	0.051	0.004
0.804	0.001	0.094	0.101
0.953	0.015	0.025	0.007
0.018	0.116	0.001	0.865
0.001	0.873	0.078	0.048
0.722	0.095	0.182	0.001
>GGTGGAAAAT	12-GGTGGAAAAT	9.363911	-46.002550	0	T:139.0(2.86%),B:509.9(1.17%),P:1e-19	Tpos:305.2,Tstd:246.2,Bpos:243.3,Bstd:139.7,StrandBias:0.3,Multiplicity:1.01
0.081	0.001	0.847	0.071
0.222	0.021	0.672	0.085
0.001	0.034	0.049	0.916
0.001	0.001	0.974	0.024
0.001	0.009	0.980	0.010
0.986	0.001	0.001	0.012
0.997	0.001	0.001	0.001
0.940	0.014	0.001	0.045
0.781	0.112	0.073	0.034
0.001	0.018	0.001	0.980
>CGAGCTGTTT	13-CGAGCTGTTT	6.417304	-45.300562	0	T:1204.0(24.81%),B:8469.9(19.42%),P:1e-19	Tpos:299.9,Tstd:253.1,Bpos:238.2,Bstd:144.7,StrandBias:-0.1,Multiplicity:1.15
0.142	0.670	0.106	0.082
0.092	0.063	0.771	0.074
0.815	0.056	0.081	0.048
0.040	0.072	0.830	0.058
0.065	0.829	0.060	0.046
0.064	0.056	0.041	0.839
0.090	0.078	0.760	0.072
0.059	0.087	0.041	0.813
0.069	0.071	0.046	0.814
0.042	0.061	0.034	0.863
>GTGTTTACAC	14-GTGTTTACAC	8.409064	-36.723483	0	T:141.0(2.91%),B:583.6(1.34%),P:1e-15	Tpos:297.6,Tstd:297.1,Bpos:243.1,Bstd:143.6,StrandBias:0.2,Multiplicity:1.03
0.010	0.167	0.570	0.253
0.024	0.043	0.033	0.900
0.182	0.020	0.735	0.063
0.153	0.011	0.198	0.638
0.092	0.001	0.262	0.645
0.001	0.001	0.006	0.992
0.640	0.063	0.023	0.274
0.259	0.571	0.051	0.119
0.765	0.036	0.007	0.192
0.081	0.494	0.228	0.197
>CTCTACTAGC	15-CTCTACTAGC	8.134496	-32.514252	0	T:153.0(3.15%),B:691.7(1.59%),P:1e-14	Tpos:317.4,Tstd:289.3,Bpos:246.2,Bstd:142.6,StrandBias:0.1,Multiplicity:1.03
0.098	0.783	0.118	0.001
0.135	0.128	0.061	0.676
0.160	0.833	0.006	0.001
0.151	0.027	0.001	0.821
0.960	0.001	0.038	0.001
0.006	0.885	0.108	0.001
0.093	0.006	0.170	0.731
0.796	0.129	0.051	0.024
0.008	0.001	0.825	0.166
0.051	0.867	0.067	0.015
>TGCGCATGCG	16-TGCGCATGCG	7.661285	-31.504022	0	T:344.0(7.09%),B:2020.1(4.63%),P:1e-13	Tpos:356.4,Tstd:288.8,Bpos:241.4,Bstd:171.1,StrandBias:-0.0,Multiplicity:1.32
0.037	0.080	0.159	0.724
0.052	0.069	0.804	0.075
0.075	0.848	0.042	0.035
0.062	0.054	0.822	0.062
0.045	0.864	0.011	0.080
0.728	0.110	0.089	0.073
0.059	0.057	0.167	0.717
0.043	0.089	0.851	0.017
0.070	0.852	0.026	0.052
0.062	0.070	0.798	0.070
>TTACGCTAGC	17-TTACGCTAGC	9.599908	-24.898477	0	T:38.0(0.78%),B:91.1(0.21%),P:1e-10	Tpos:347.3,Tstd:221.1,Bpos:240.6,Bstd:143.6,StrandBias:0.2,Multiplicity:1.00
0.001	0.044	0.071	0.884
0.001	0.298	0.147	0.554
0.954	0.044	0.001	0.001
0.001	0.983	0.015	0.001
0.001	0.018	0.912	0.069
0.001	0.958	0.040	0.001
0.001	0.033	0.001	0.965
0.835	0.001	0.001	0.163
0.001	0.001	0.997	0.001
0.001	0.947	0.051	0.001
>CGTTAGAGCC	18-CGTTAGAGCC	13.733869	-18.315869	0	T:10.0(0.21%),B:7.7(0.02%),P:1e-7	Tpos:353.3,Tstd:325.6,Bpos:217.5,Bstd:189.7,StrandBias:0.6,Multiplicity:1.00
0.001	0.997	0.001	0.001
0.001	0.001	0.997	0.001
0.095	0.001	0.001	0.903
0.001	0.001	0.001	0.997
0.997	0.001	0.001	0.001
0.001	0.001	0.997	0.001
0.997	0.001	0.001	0.001
0.001	0.001	0.997	0.001
0.001	0.997	0.001	0.001
0.001	0.997	0.001	0.001
>GACATACGCA	19-GACATACGCA	6.574476	-15.419466	0	T:16.0(0.33%),B:28.8(0.07%),P:1e-6	Tpos:222.8,Tstd:199.6,Bpos:284.2,Bstd:143.8,StrandBias:0.4,Multiplicity:1.00
0.001	0.001	0.997	0.001
0.997	0.001	0.001	0.001
0.001	0.997	0.001	0.001
0.700	0.298	0.001	0.001
0.001	0.001	0.001	0.997
0.997	0.001	0.001	0.001
0.001	0.997	0.001	0.001
0.001	0.001	0.997	0.001
0.001	0.734	0.264	0.001
0.997	0.001	0.001	0.001
>CTTCCGTTGG	20-CTTCCGTTGG	10.296193	-14.431941	0	T:8.0(0.16%),B:6.2(0.01%),P:1e-6	Tpos:215.5,Tstd:132.2,Bpos:310.1,Bstd:83.5,StrandBias:2.0,Multiplicity:1.25
0.100	0.700	0.100	0.100
0.100	0.100	0.100	0.700
0.100	0.100	0.100	0.700
0.100	0.700	0.100	0.100
0.100	0.700	0.100	0.100
0.100	0.100	0.700	0.100
0.100	0.100	0.100	0.700
0.100	0.100	0.100	0.700
0.100	0.100	0.700	0.100
0.100	0.100	0.700	0.100
>CCGTCGCTCC	21-CCGTCGCTCC	10.296193	-13.767419	0	T:15.0(0.31%),B:28.9(0.07%),P:1e-5	Tpos:248.3,Tstd:171.3,Bpos:271.6,Bstd:141.0,StrandBias:-1.0,Multiplicity:1.00
0.100	0.700	0.100	0.100
0.100	0.700	0.100	0.100
0.100	0.100	0.700	0.100
0.100	0.100	0.100	0.700
0.100	0.700	0.100	0.100
0.100	0.100	0.700	0.100
0.100	0.700	0.100	0.100
0.100	0.100	0.100	0.700
0.100	0.700	0.100	0.100
0.100	0.700	0.100	0.100
>CTAACACMTT	22-CTAACACMTT	10.907814	-10.404497	0	T:26.0(0.54%),B:93.2(0.21%),P:1e-4	Tpos:357.9,Tstd:364.9,Bpos:219.7,Bstd:131.5,StrandBias:-0.3,Multiplicity:1.04
0.001	0.997	0.001	0.001
0.001	0.001	0.001	0.997
0.997	0.001	0.001	0.001
0.732	0.001	0.001	0.266
0.001	0.997	0.001	0.001
0.997	0.001	0.001	0.001
0.001	0.997	0.001	0.001
0.444	0.318	0.238	0.001
0.001	0.158	0.001	0.840
0.001	0.001	0.001	0.997
>ATGAGTATAC	23-ATGAGTATAC	6.928147	-10.296475	0	T:11.0(0.23%),B:21.7(0.05%),P:1e-4	Tpos:188.3,Tstd:193.6,Bpos:253.9,Bstd:141.6,StrandBias:2.1,Multiplicity:2.36
0.997	0.001	0.001	0.001
0.051	0.001	0.001	0.947
0.001	0.001	0.997	0.001
0.997	0.001	0.001	0.001
0.001	0.001	0.997	0.001
0.001	0.001	0.001	0.997
0.997	0.001	0.001	0.001
0.001	0.001	0.001	0.997
0.997	0.001	0.001	0.001
0.001	0.997	0.001	0.001
>CAGGGGGATG	24-CAGGGGGATG	10.296193	-5.042357	0	T:16.0(0.33%),B:70.1(0.16%),P:1e-2	Tpos:255.8,Tstd:291.8,Bpos:221.6,Bstd:130.5,StrandBias:-2.8,Multiplicity:2.44
0.100	0.700	0.100	0.100
0.700	0.100	0.100	0.100
0.100	0.100	0.700	0.100
0.100	0.100	0.700	0.100
0.100	0.100	0.700	0.100
0.100	0.100	0.700	0.100
0.100	0.100	0.700	0.100
0.700	0.100	0.100	0.100
0.100	0.100	0.100	0.700
0.100	0.100	0.700	0.100
>TGATGTTACC	25-TGATGTTACC	6.404373	-4.893944	0	T:1165.0(24.01%),B:9824.4(22.53%),P:1e-2	Tpos:309.6,Tstd:271.3,Bpos:241.2,Bstd:140.2,StrandBias:0.1,Multiplicity:1.23
0.100	0.100	0.100	0.700
0.100	0.100	0.700	0.100
0.700	0.100	0.100	0.100
0.100	0.100	0.100	0.700
0.100	0.100	0.700	0.100
0.100	0.100	0.100	0.700
0.100	0.100	0.100	0.700
0.700	0.100	0.100	0.100
0.100	0.700	0.100	0.100
0.100	0.700	0.100	0.100
