>ACAGGAAG	1-ACAGGAAG	7.639061	-312.767396	0	T:1427.0(29.40%),B:6666.7(15.29%),P:1e-135	Tpos:286.7,Tstd:230.5,Bpos:239.7,Bstd:142.0,StrandBias:-0.1,Multiplicity:1.25
0.890	0.001	0.108	0.001
0.001	0.997	0.001	0.001
0.947	0.051	0.001	0.001
0.001	0.001	0.997	0.001
0.001	0.001	0.997	0.001
0.997	0.001	0.001	0.001
0.887	0.001	0.001	0.111
0.201	0.001	0.797	0.001
>ACTTCCGC	2-ACTTCCGC	7.962283	-148.232753	0	T:748.0(15.41%),B:3497.3(8.02%),P:1e-64	Tpos:302.8,Tstd:252.6,Bpos:240.4,Bstd:143.3,StrandBias:0.2,Multiplicity:1.11
0.997	0.001	0.001	0.001
0.001	0.997	0.001	0.001
0.311	0.001	0.001	0.687
0.001	0.001	0.001	0.997
0.001	0.997	0.001	0.001
0.001	0.997	0.001	0.001
0.001	0.001	0.665	0.333
0.001	0.783	0.001	0.215
>DRCGGAAA	3-DRCGGAAA	5.629928	-119.081688	0	T:1503.0(30.97%),B:9412.1(21.58%),P:1e-51	Tpos:306.3,Tstd:255.7,Bpos:240.1,Bstd:149.5,StrandBias:-0.0,Multiplicity:1.29
0.256	0.118	0.286	0.341
0.338	0.232	0.399	0.031
0.115	0.585	0.001	0.299
0.001	0.130	0.868	0.001
0.125	0.146	0.645	0.084
0.605	0.016	0.001	0.378
0.810	0.001	0.123	0.066
0.639	0.068	0.292	0.001
>WGBTTACK	4-WGBTTACK	6.433604	-104.109300	0	T:1851.0(38.14%),B:12502.7(28.67%),P:1e-45	Tpos:297.2,Tstd:251.7,Bpos:240.8,Bstd:144.9,StrandBias:-0.1,Multiplicity:1.30
0.376	0.185	0.090	0.349
0.001	0.001	0.862	0.136
0.001	0.396	0.270	0.333
0.001	0.001	0.001	0.997
0.001	0.001	0.037	0.961
0.645	0.297	0.001	0.057
0.001	0.997	0.001	0.001
0.197	0.001	0.444	0.358
>TGACTCAT	5-TGACTCAT	9.034611	-94.048445	0	T:490.0(10.10%),B:2295.2(5.26%),P:1e-40	Tpos:300.1,Tstd:267.1,Bpos:237.2,Bstd:140.5,StrandBias:0.0,Multiplicity:1.09
0.001	0.001	0.001	0.997
0.001	0.001	0.997	0.001
0.997	0.001	0.001	0.001
0.001	0.749	0.249	0.001
0.001	0.001	0.001	0.997
0.001	0.997	0.001	0.001
0.997	0.001	0.001	0.001
0.001	0.213	0.174	0.612
>GGGCGGGR	6-GGGCGGGR	8.656476	-93.481845	0	T:1244.0(25.63%),B:7798.1(17.88%),P:1e-40	Tpos:350.8,Tstd:295.1,Bpos:237.8,Bstd:156.9,StrandBias:0.0,Multiplicity:1.66
0.197	0.001	0.801	0.001
0.001	0.001	0.997	0.001
0.001	0.001	0.997	0.001
0.332	0.657	0.010	0.001
0.001	0.001	0.997	0.001
0.001	0.001	0.997	0.001
0.227	0.010	0.762	0.001
0.306	0.172	0.438	0.084
>AAACCACA	7-AAACCACA	7.087733	-89.197827	0	T:526.0(10.84%),B:2580.1(5.92%),P:1e-38	Tpos:319.5,Tstd:292.8,Bpos:240.9,Bstd:144.7,StrandBias:0.0,Multiplicity:1.11
0.634	0.165	0.001	0.200
0.997	0.001	0.001	0.001
0.997	0.001	0.001	0.001
0.001	0.997	0.001	0.001
0.001	0.997	0.001	0.001
0.905	0.001	0.093	0.001
0.001	0.997	0.001	0.001
0.997	0.001	0.001	0.001
>GRCGTCAY	8-GRCGTCAY	5.524968	-67.108054	0	T:1073.0(22.11%),B:6932.4(15.90%),P:1e-29	Tpos:318.9,Tstd:267.4,Bpos:240.5,Bstd:158.3,StrandBias:0.0,Multiplicity:1.28
0.190	0.203	0.449	0.158
0.522	0.021	0.441	0.016
0.013	0.795	0.077	0.115
0.025	0.001	0.914	0.060
0.083	0.143	0.082	0.692
0.015	0.729	0.255	0.001
0.683	0.068	0.133	0.116
0.015	0.423	0.032	0.530
>GCTCCGCC	9-GCTCCGCC	6.108359	-59.908573	0	T:628.0(12.94%),B:3660.5(8.39%),P:1e-26	Tpos:344.9,Tstd:249.7,Bpos:240.7,Bstd:163.4,StrandBias:-0.0,Multiplicity:1.26
0.111	0.001	0.782	0.106
0.098	0.900	0.001	0.001
0.001	0.001	0.001	0.997
0.001	0.925	0.001	0.073
0.001	0.997	0.001	0.001
0.001	0.001	0.997	0.001
0.001	0.997	0.001	0.001
0.001	0.997	0.001	0.001
>TATGCAAA	10-TATGCAAA	8.236954	-47.256997	0	T:145.0(2.99%),B:535.5(1.23%),P:1e-20	Tpos:278.8,Tstd:223.9,Bpos:247.2,Bstd:142.9,StrandBias:0.1,Multiplicity:1.08
0.100	0.100	0.100	0.700
0.700	0.100	0.100	0.100
0.100	0.100	0.100	0.700
0.100	0.100	0.700	0.100
0.100	0.700	0.100	0.100
0.700	0.100	0.100	0.100
0.700	0.100	0.100	0.100
0.700	0.100	0.100	0.100
>CCACTAGW	11-CCACTAGW	5.544754	-43.403734	0	T:1440.0(29.67%),B:10477.5(24.03%),P:1e-18	Tpos:300.9,Tstd:273.3,Bpos:242.2,Bstd:145.6,StrandBias:0.0,Multiplicity:1.23
0.220	0.700	0.079	0.001
0.101	0.684	0.172	0.043
0.522	0.268	0.049	0.161
0.053	0.841	0.056	0.050
0.033	0.001	0.062	0.904
0.895	0.017	0.029	0.059
0.041	0.033	0.852	0.074
0.278	0.216	0.128	0.378
>GCCAATCA	12-GCCAATCA	7.374836	-43.211903	0	T:380.0(7.83%),B:2107.4(4.83%),P:1e-18	Tpos:304.6,Tstd:270.7,Bpos:237.3,Bstd:146.7,StrandBias:-0.5,Multiplicity:1.10
0.178	0.001	0.820	0.001
0.001	0.997	0.001	0.001
0.001	0.997	0.001	0.001
0.845	0.001	0.001	0.153
0.997	0.001	0.001	0.001
0.088	0.001	0.001	0.910
0.001	0.997	0.001	0.001
0.818	0.001	0.180	0.001
>AAACAGCT	13-AAACAGCT	7.266665	-42.562200	0	T:946.0(19.49%),B:6445.2(14.78%),P:1e-18	Tpos:293.1,Tstd:243.6,Bpos:235.5,Bstd:142.1,StrandBias:0.0,Multiplicity:1.13
0.963	0.001	0.001	0.035
0.719	0.001	0.279	0.001
0.724	0.001	0.001	0.274
0.048	0.694	0.141	0.117
0.738	0.205	0.056	0.001
0.109	0.037	0.784	0.070
0.001	0.997	0.001	0.001
0.215	0.001	0.001	0.783
>GCCACGCC	14-GCCACGCC	8.906499	-38.929438	0	T:317.0(6.53%),B:1721.0(3.95%),P:1e-16	Tpos:342.5,Tstd:254.3,Bpos:244.0,Bstd:162.8,StrandBias:0.1,Multiplicity:1.17
0.001	0.001	0.997	0.001
0.188	0.696	0.115	0.001
0.001	0.997	0.001	0.001
0.997	0.001	0.001	0.001
0.001	0.997	0.001	0.001
0.001	0.001	0.997	0.001
0.001	0.997	0.001	0.001
0.001	0.997	0.001	0.001
>TCGCGATA	15-TCGCGATA	5.665928	-34.437155	0	T:369.0(7.60%),B:2156.5(4.94%),P:1e-14	Tpos:324.4,Tstd:266.1,Bpos:235.8,Bstd:164.2,StrandBias:0.2,Multiplicity:1.10
0.163	0.117	0.026	0.694
0.129	0.838	0.018	0.015
0.026	0.001	0.972	0.001
0.001	0.997	0.001	0.001
0.001	0.051	0.947	0.001
0.973	0.025	0.001	0.001
0.017	0.001	0.261	0.721
0.868	0.001	0.048	0.083
>GGAGGGAG	16-GGAGGGAG	10.926606	-33.715074	0	T:479.0(9.87%),B:2986.4(6.85%),P:1e-14	Tpos:336.2,Tstd:311.1,Bpos:238.7,Bstd:139.9,StrandBias:-0.0,Multiplicity:1.11
0.001	0.001	0.997	0.001
0.001	0.001	0.997	0.001
0.997	0.001	0.001	0.001
0.001	0.131	0.867	0.001
0.001	0.001	0.997	0.001
0.001	0.001	0.997	0.001
0.997	0.001	0.001	0.001
0.001	0.001	0.997	0.001
>TTAAAAGC	17-TTAAAAGC	5.996346	-33.188158	0	T:1327.0(27.34%),B:9840.2(22.56%),P:1e-14	Tpos:304.5,Tstd:272.0,Bpos:241.0,Bstd:147.9,StrandBias:-0.0,Multiplicity:1.26
0.002	0.002	0.001	0.995
0.002	0.222	0.029	0.747
0.808	0.001	0.190	0.001
0.883	0.001	0.059	0.057
0.746	0.251	0.002	0.001
0.446	0.292	0.259	0.003
0.118	0.056	0.825	0.001
0.001	0.997	0.001	0.001
>GGGTGTGR	18-GGGTGTGR	6.007921	-31.766771	0	T:1925.0(39.67%),B:15012.6(34.42%),P:1e-13	Tpos:338.9,Tstd:292.2,Bpos:240.7,Bstd:144.5,StrandBias:-0.0,Multiplicity:1.55
0.080	0.110	0.746	0.064
0.002	0.367	0.612	0.019
0.001	0.066	0.885	0.048
0.052	0.001	0.190	0.757
0.041	0.048	0.843	0.068
0.226	0.001	0.142	0.631
0.245	0.187	0.543	0.025
0.437	0.070	0.327	0.167
>GCGCATGC	19-GCGCATGC	9.574699	-20.993118	0	T:164.0(3.38%),B:887.4(2.03%),P:1e-9	Tpos:304.9,Tstd:212.9,Bpos:235.9,Bstd:162.0,StrandBias:0.3,Multiplicity:1.15
0.001	0.001	0.997	0.001
0.001	0.997	0.001	0.001
0.001	0.001	0.997	0.001
0.001	0.997	0.001	0.001
0.844	0.001	0.001	0.154
0.265	0.001	0.001	0.733
0.001	0.001	0.997	0.001
0.001	0.997	0.001	0.001
>ATGGTAAC	20-ATGGTAAC	8.550877	-8.763684	0	T:160.0(3.30%),B:1068.7(2.45%),P:1e-3	Tpos:274.0,Tstd:227.7,Bpos:242.1,Bstd:143.8,StrandBias:-0.2,Multiplicity:1.23
0.997	0.001	0.001	0.001
0.001	0.001	0.001	0.997
0.001	0.001	0.997	0.001
0.001	0.001	0.997	0.001
0.001	0.287	0.001	0.711
0.997	0.001	0.001	0.001
0.997	0.001	0.001	0.001
0.001	0.885	0.001	0.113
>GAGTATAC	21-GAGTATAC	8.236954	-2.018448	0	T:21.0(0.43%),B:144.5(0.33%),P:1e0	Tpos:251.1,Tstd:273.4,Bpos:256.5,Bstd:134.3,StrandBias:1.2,Multiplicity:1.75
0.100	0.100	0.700	0.100
0.700	0.100	0.100	0.100
0.100	0.100	0.700	0.100
0.100	0.100	0.100	0.700
0.700	0.100	0.100	0.100
0.100	0.100	0.100	0.700
0.700	0.100	0.100	0.100
0.100	0.700	0.100	0.100
