>NNACAGGAAGTN	1-NNACAGGAAGTN	8.541632	-456.049047	0	T:1273.0(26.23%),B:4696.4(10.77%),P:1e-198	Tpos:284.6,Tstd:229.1,Bpos:240.9,Bstd:139.7,StrandBias:-0.1,Multiplicity:1.23
0.308	0.218	0.242	0.231
0.320	0.194	0.298	0.187
0.588	0.054	0.357	0.001
0.224	0.539	0.236	0.001
0.997	0.001	0.001	0.001
0.001	0.001	0.997	0.001
0.001	0.001	0.997	0.001
0.997	0.001	0.001	0.001
0.741	0.001	0.001	0.257
0.348	0.001	0.650	0.001
0.096	0.289	0.148	0.468
0.214	0.214	0.343	0.228
>CCASTAGRKGGC	2-CCASTAGRKGGC	10.695622	-238.728127	0	T:314.0(6.47%),B:626.0(1.44%),P:1e-103	Tpos:278.4,Tstd:236.3,Bpos:237.2,Bstd:149.3,StrandBias:0.0,Multiplicity:1.03
0.240	0.758	0.001	0.001
0.001	0.997	0.001	0.001
0.720	0.001	0.001	0.278
0.001	0.567	0.431	0.001
0.215	0.294	0.001	0.490
0.997	0.001	0.001	0.001
0.001	0.001	0.997	0.001
0.465	0.023	0.511	0.001
0.001	0.001	0.552	0.446
0.001	0.001	0.997	0.001
0.134	0.001	0.798	0.067
0.276	0.594	0.030	0.100
>DGGGCGGGGCTT	3-DGGGCGGGGCTT	7.777700	-139.418250	0	T:1252.0(25.80%),B:7176.5(16.46%),P:1e-60	Tpos:323.1,Tstd:260.7,Bpos:237.2,Bstd:153.8,StrandBias:-0.1,Multiplicity:1.50
0.299	0.032	0.343	0.326
0.216	0.001	0.782	0.001
0.001	0.001	0.997	0.001
0.001	0.034	0.964	0.001
0.273	0.683	0.001	0.043
0.034	0.001	0.942	0.023
0.013	0.046	0.787	0.154
0.264	0.001	0.627	0.108
0.117	0.123	0.705	0.055
0.001	0.852	0.020	0.127
0.087	0.289	0.050	0.574
0.195	0.143	0.194	0.467
>AGGAAGTGGTTT	4-AGGAAGTGGTTT	8.599764	-134.410831	0	T:435.0(8.96%),B:1648.4(3.78%),P:1e-58	Tpos:259.1,Tstd:223.4,Bpos:236.7,Bstd:133.6,StrandBias:0.2,Multiplicity:1.06
0.655	0.205	0.127	0.013
0.001	0.001	0.865	0.133
0.046	0.008	0.886	0.060
0.926	0.001	0.001	0.072
0.542	0.013	0.063	0.382
0.152	0.001	0.765	0.082
0.035	0.001	0.001	0.963
0.001	0.001	0.969	0.029
0.115	0.155	0.578	0.152
0.002	0.048	0.109	0.841
0.039	0.196	0.234	0.531
0.062	0.174	0.158	0.606
>RNTBMTGAGTCA	5-RNTBMTGAGTCA	7.276485	-99.653186	0	T:663.0(13.66%),B:3402.1(7.80%),P:1e-43	Tpos:290.2,Tstd:241.8,Bpos:240.7,Bstd:140.2,StrandBias:0.0,Multiplicity:1.16
0.404	0.162	0.257	0.176
0.282	0.299	0.156	0.263
0.176	0.197	0.200	0.427
0.192	0.221	0.344	0.243
0.440	0.348	0.136	0.076
0.038	0.001	0.001	0.960
0.001	0.071	0.927	0.001
0.950	0.001	0.001	0.048
0.001	0.365	0.633	0.001
0.001	0.001	0.079	0.919
0.100	0.898	0.001	0.001
0.990	0.008	0.001	0.001
>SHWGTTTCCATT	6-SHWGTTTCCATT	7.739242	-60.875791	0	T:590.0(12.16%),B:3368.5(7.72%),P:1e-26	Tpos:312.8,Tstd:252.1,Bpos:242.5,Bstd:142.1,StrandBias:-0.1,Multiplicity:1.11
0.113	0.304	0.403	0.181
0.274	0.277	0.055	0.394
0.379	0.009	0.108	0.504
0.091	0.108	0.548	0.253
0.028	0.169	0.059	0.744
0.115	0.084	0.057	0.744
0.001	0.045	0.162	0.792
0.141	0.758	0.100	0.001
0.069	0.894	0.003	0.034
0.630	0.144	0.001	0.225
0.027	0.223	0.225	0.525
0.024	0.048	0.136	0.792
>HNGCGGAAAANV	7-HNGCGGAAAANV	5.005233	-54.775918	0	T:980.0(20.19%),B:6446.0(14.78%),P:1e-23	Tpos:324.1,Tstd:265.7,Bpos:241.1,Bstd:155.7,StrandBias:-0.1,Multiplicity:1.19
0.301	0.339	0.169	0.191
0.325	0.184	0.195	0.296
0.149	0.152	0.601	0.098
0.063	0.811	0.039	0.087
0.033	0.276	0.663	0.028
0.127	0.104	0.550	0.219
0.545	0.192	0.057	0.206
0.568	0.103	0.073	0.256
0.611	0.106	0.080	0.203
0.612	0.106	0.087	0.195
0.322	0.182	0.257	0.239
0.359	0.239	0.241	0.160
>GGGGGGGGGRGG	8-GGGGGGGGGRGG	7.218323	-53.598915	0	T:1284.0(26.46%),B:8917.8(20.45%),P:1e-23	Tpos:359.0,Tstd:304.8,Bpos:241.5,Bstd:146.5,StrandBias:0.1,Multiplicity:1.52
0.099	0.134	0.659	0.108
0.094	0.215	0.599	0.092
0.158	0.090	0.574	0.178
0.153	0.102	0.514	0.231
0.117	0.104	0.680	0.099
0.084	0.082	0.650	0.184
0.162	0.115	0.658	0.065
0.168	0.228	0.523	0.081
0.206	0.107	0.619	0.068
0.325	0.131	0.468	0.076
0.125	0.136	0.645	0.094
0.094	0.112	0.717	0.077
>CTCAAACCACAC	9-CTCAAACCACAC	9.016975	-46.076013	0	T:146.0(3.01%),B:548.5(1.26%),P:1e-20	Tpos:325.6,Tstd:268.1,Bpos:251.0,Bstd:139.7,StrandBias:0.4,Multiplicity:1.04
0.205	0.457	0.167	0.171
0.233	0.143	0.021	0.603
0.122	0.604	0.164	0.110
0.805	0.105	0.028	0.062
0.662	0.129	0.165	0.044
0.689	0.179	0.089	0.043
0.051	0.691	0.138	0.120
0.170	0.763	0.017	0.050
0.640	0.145	0.065	0.150
0.063	0.809	0.107	0.021
0.913	0.057	0.001	0.029
0.136	0.545	0.248	0.071
>HKTGATTGGCTG	10-HKTGATTGGCTG	8.953079	-43.224155	0	T:254.0(5.23%),B:1241.5(2.85%),P:1e-18	Tpos:315.4,Tstd:311.2,Bpos:239.7,Bstd:143.2,StrandBias:0.4,Multiplicity:1.05
0.241	0.382	0.089	0.288
0.092	0.173	0.422	0.313
0.001	0.053	0.061	0.885
0.001	0.132	0.851	0.016
0.692	0.045	0.140	0.123
0.077	0.104	0.199	0.620
0.036	0.005	0.042	0.917
0.008	0.001	0.980	0.011
0.114	0.025	0.850	0.011
0.001	0.872	0.083	0.044
0.128	0.015	0.066	0.791
0.001	0.099	0.813	0.087
>CTGCGCATGCGC	11-CTGCGCATGCGC	10.122179	-42.609013	0	T:199.0(4.10%),B:892.7(2.05%),P:1e-18	Tpos:338.1,Tstd:265.9,Bpos:240.8,Bstd:173.1,StrandBias:-0.1,Multiplicity:1.19
0.020	0.649	0.151	0.180
0.041	0.042	0.095	0.822
0.081	0.001	0.917	0.001
0.068	0.894	0.037	0.001
0.001	0.025	0.973	0.001
0.001	0.997	0.001	0.001
0.601	0.132	0.245	0.022
0.001	0.027	0.274	0.698
0.001	0.070	0.928	0.001
0.001	0.745	0.001	0.253
0.001	0.001	0.937	0.061
0.001	0.622	0.001	0.376
>ACTACAKTTCCC	12-ACTACAKTTCCC	10.807565	-41.018102	0	T:71.0(1.46%),B:183.3(0.42%),P:1e-17	Tpos:404.7,Tstd:297.1,Bpos:245.3,Bstd:168.6,StrandBias:-0.7,Multiplicity:1.10
0.726	0.204	0.010	0.060
0.119	0.847	0.001	0.033
0.067	0.058	0.033	0.842
0.705	0.178	0.033	0.084
0.196	0.571	0.024	0.209
0.866	0.033	0.100	0.001
0.175	0.001	0.448	0.376
0.001	0.256	0.160	0.583
0.101	0.068	0.001	0.830
0.033	0.928	0.002	0.037
0.033	0.909	0.001	0.057
0.024	0.832	0.001	0.143
>GCTTCCTRTCTG	13-GCTTCCTRTCTG	12.362529	-38.399206	0	T:56.0(1.15%),B:126.5(0.29%),P:1e-16	Tpos:262.0,Tstd:199.7,Bpos:250.8,Bstd:137.2,StrandBias:0.3,Multiplicity:1.00
0.001	0.061	0.762	0.176
0.001	0.997	0.001	0.001
0.001	0.001	0.001	0.997
0.001	0.001	0.001	0.997
0.001	0.834	0.001	0.164
0.237	0.683	0.001	0.079
0.001	0.001	0.077	0.921
0.371	0.208	0.419	0.001
0.001	0.001	0.001	0.997
0.001	0.802	0.196	0.001
0.393	0.001	0.001	0.605
0.001	0.001	0.997	0.001
>ACATATGCAAAT	14-ACATATGCAAAT	10.188350	-35.954278	0	T:65.0(1.34%),B:174.8(0.40%),P:1e-15	Tpos:286.1,Tstd:197.5,Bpos:249.4,Bstd:133.4,StrandBias:0.5,Multiplicity:1.05
0.721	0.062	0.128	0.089
0.087	0.731	0.137	0.045
0.798	0.060	0.030	0.112
0.057	0.060	0.036	0.847
0.918	0.010	0.065	0.007
0.150	0.023	0.050	0.777
0.073	0.011	0.846	0.070
0.106	0.778	0.037	0.079
0.857	0.060	0.015	0.068
0.937	0.011	0.022	0.030
0.916	0.059	0.024	0.001
0.041	0.037	0.045	0.877
>ACTTCCTGWCTT	15-ACTTCCTGWCTT	10.459720	-29.233609	0	T:122.0(2.51%),B:526.1(1.21%),P:1e-12	Tpos:259.6,Tstd:193.1,Bpos:235.6,Bstd:138.1,StrandBias:-0.1,Multiplicity:1.01
0.575	0.001	0.001	0.423
0.001	0.657	0.341	0.001
0.102	0.235	0.001	0.662
0.001	0.001	0.061	0.937
0.001	0.997	0.001	0.001
0.001	0.638	0.001	0.360
0.001	0.001	0.026	0.972
0.262	0.049	0.688	0.001
0.552	0.001	0.001	0.446
0.001	0.734	0.076	0.189
0.001	0.001	0.001	0.997
0.001	0.159	0.001	0.839
>TTKAWGTTTYMA	16-TTKAWGTTTYMA	9.604583	-22.986192	0	T:192.0(3.96%),B:1056.8(2.42%),P:1e-9	Tpos:321.0,Tstd:261.9,Bpos:242.2,Bstd:140.6,StrandBias:0.0,Multiplicity:1.02
0.001	0.001	0.001	0.997
0.001	0.001	0.001	0.997
0.167	0.001	0.416	0.416
0.506	0.283	0.001	0.210
0.406	0.001	0.122	0.470
0.001	0.001	0.997	0.001
0.321	0.001	0.001	0.677
0.001	0.385	0.001	0.613
0.283	0.160	0.114	0.443
0.024	0.403	0.022	0.551
0.544	0.454	0.001	0.001
0.997	0.001	0.001	0.001
>NNTGTTACSAKN	17-NNTGTTACSAKN	5.557870	-19.915877	0	T:1431.0(29.49%),B:11226.2(25.74%),P:1e-8	Tpos:294.0,Tstd:256.4,Bpos:240.5,Bstd:143.4,StrandBias:-0.1,Multiplicity:1.24
0.305	0.256	0.229	0.211
0.327	0.185	0.281	0.207
0.121	0.287	0.077	0.515
0.057	0.006	0.921	0.016
0.016	0.103	0.026	0.855
0.079	0.137	0.199	0.585
0.882	0.031	0.015	0.072
0.015	0.923	0.061	0.001
0.022	0.484	0.335	0.159
0.748	0.001	0.242	0.009
0.201	0.098	0.423	0.279
0.243	0.251	0.316	0.190
>TCTCTGCATCAC	18-TCTCTGCATCAC	14.068456	-13.117353	0	T:7.0(0.14%),B:5.5(0.01%),P:1e-5	Tpos:193.2,Tstd:89.8,Bpos:291.5,Bstd:114.7,StrandBias:0.6,Multiplicity:1.67
0.001	0.001	0.001	0.997
0.001	0.997	0.001	0.001
0.001	0.001	0.001	0.997
0.001	0.997	0.001	0.001
0.001	0.001	0.001	0.997
0.001	0.001	0.997	0.001
0.001	0.799	0.100	0.100
0.997	0.001	0.001	0.001
0.001	0.001	0.001	0.997
0.001	0.997	0.001	0.001
0.899	0.001	0.099	0.001
0.001	0.997	0.001	0.001
>CCTGCTAACACA	19-CCTGCTAACACA	9.707677	-12.824835	0	T:89.0(1.83%),B:473.5(1.09%),P:1e-5	Tpos:293.9,Tstd:217.2,Bpos:242.0,Bstd:126.5,StrandBias:-0.3,Multiplicity:1.00
0.001	0.919	0.058	0.022
0.012	0.848	0.089	0.051
0.005	0.001	0.031	0.963
0.120	0.064	0.717	0.099
0.103	0.865	0.022	0.010
0.152	0.110	0.001	0.737
0.802	0.030	0.048	0.120
0.743	0.077	0.088	0.092
0.029	0.969	0.001	0.001
0.757	0.122	0.060	0.061
0.030	0.739	0.120	0.111
0.939	0.059	0.001	0.001
>TGACTGTGAGTG	20-TGACTGTGAGTG	12.355432	-10.551632	0	T:5.0(0.10%),B:3.6(0.01%),P:1e-4	Tpos:159.1,Tstd:108.5,Bpos:275.1,Bstd:87.0,StrandBias:-2.6,Multiplicity:2.80
0.100	0.100	0.100	0.700
0.100	0.100	0.700	0.100
0.700	0.100	0.100	0.100
0.100	0.700	0.100	0.100
0.100	0.100	0.100	0.700
0.100	0.100	0.700	0.100
0.100	0.100	0.100	0.700
0.100	0.100	0.700	0.100
0.700	0.100	0.100	0.100
0.100	0.100	0.700	0.100
0.100	0.100	0.100	0.700
0.100	0.100	0.700	0.100
>GTGTTAGAGGAT	21-GTGTTAGAGGAT	2.680726	-8.274871	0	T:119.0(2.45%),B:764.9(1.75%),P:1e-3	Tpos:280.2,Tstd:210.4,Bpos:243.6,Bstd:133.6,StrandBias:0.0,Multiplicity:1.12
0.001	0.001	0.997	0.001
0.001	0.001	0.001	0.997
0.001	0.001	0.997	0.001
0.001	0.054	0.054	0.891
0.001	0.001	0.054	0.944
0.997	0.001	0.001	0.001
0.054	0.001	0.944	0.001
0.997	0.001	0.001	0.001
0.001	0.001	0.997	0.001
0.001	0.001	0.997	0.001
0.997	0.001	0.001	0.001
0.001	0.001	0.001	0.997
>AATGAGTATACA	22-AATGAGTATACA	9.624084	-7.832865	0	T:4.0(0.08%),B:3.5(0.01%),P:1e-3	Tpos:159.1,Tstd:130.6,Bpos:213.6,Bstd:50.7,StrandBias:2.4,Multiplicity:4.75
0.929	0.001	0.001	0.069
0.997	0.001	0.001	0.001
0.001	0.001	0.001	0.997
0.001	0.001	0.997	0.001
0.997	0.001	0.001	0.001
0.001	0.001	0.997	0.001
0.001	0.001	0.001	0.997
0.997	0.001	0.001	0.001
0.001	0.001	0.001	0.997
0.997	0.001	0.001	0.001
0.001	0.997	0.001	0.001
0.964	0.001	0.001	0.034
>AAAGTACTGCAC	23-AAAGTACTGCAC	14.184163	-7.832865	0	T:4.0(0.08%),B:3.7(0.01%),P:1e-3	Tpos:159.4,Tstd:79.3,Bpos:193.5,Bstd:97.3,StrandBias:-1.6,Multiplicity:2.00
0.997	0.001	0.001	0.001
0.997	0.001	0.001	0.001
0.700	0.001	0.001	0.298
0.001	0.001	0.997	0.001
0.001	0.001	0.001	0.997
0.997	0.001	0.001	0.001
0.001	0.997	0.001	0.001
0.001	0.001	0.001	0.997
0.001	0.001	0.997	0.001
0.001	0.997	0.001	0.001
0.997	0.001	0.001	0.001
0.001	0.700	0.298	0.001
>TGATGTTACCAT	24-TGATGTTACCAT	-4.134016	-5.959614	0	T:630.0(12.98%),B:5087.8(11.67%),P:1e-2	Tpos:280.5,Tstd:227.6,Bpos:238.0,Bstd:138.8,StrandBias:-0.1,Multiplicity:1.15
0.001	0.001	0.001	0.997
0.001	0.001	0.997	0.001
0.997	0.001	0.001	0.001
0.001	0.001	0.001	0.997
0.020	0.001	0.978	0.001
0.001	0.001	0.001	0.997
0.001	0.001	0.001	0.997
0.997	0.001	0.001	0.001
0.001	0.997	0.001	0.001
0.001	0.997	0.001	0.001
0.978	0.001	0.020	0.001
0.001	0.001	0.001	0.997
>GTCTCAGTGTTG	25-GTCTCAGTGTTG	12.355432	-5.158500	0	T:2.0(0.04%),B:0.8(0.00%),P:1e-2	Tpos:181.7,Tstd:105.1,Bpos:423.0,Bstd:0.0,StrandBias:10.0,Multiplicity:3.00
0.100	0.100	0.700	0.100
0.100	0.100	0.100	0.700
0.100	0.700	0.100	0.100
0.100	0.100	0.100	0.700
0.100	0.700	0.100	0.100
0.700	0.100	0.100	0.100
0.100	0.100	0.700	0.100
0.100	0.100	0.100	0.700
0.100	0.100	0.700	0.100
0.100	0.100	0.100	0.700
0.100	0.100	0.100	0.700
0.100	0.100	0.700	0.100
