>HACTTCCTGT	1-HACTTCCTGT	7.641396	-471.588925	0	T:1554.0(32.02%),B:6368.8(14.60%),P:1e-204	Tpos:291.9,Tstd:228.3,Bpos:239.7,Bstd:141.6,StrandBias:0.0,Multiplicity:1.29
0.228	0.365	0.169	0.238
0.540	0.078	0.322	0.060
0.001	0.696	0.039	0.264
0.243	0.021	0.005	0.731
0.001	0.008	0.001	0.990
0.001	0.971	0.011	0.017
0.001	0.966	0.013	0.020
0.001	0.031	0.275	0.693
0.027	0.166	0.610	0.197
0.099	0.204	0.047	0.650
>ANGCGGAAGT	2-ANGCGGAAGT	7.017298	-217.884667	0	T:1239.0(25.53%),B:6200.3(14.22%),P:1e-94	Tpos:324.4,Tstd:265.4,Bpos:240.7,Bstd:150.5,StrandBias:-0.1,Multiplicity:1.16
0.496	0.122	0.268	0.115
0.170	0.306	0.301	0.223
0.123	0.229	0.628	0.020
0.252	0.698	0.037	0.013
0.122	0.004	0.870	0.004
0.018	0.015	0.966	0.001
0.972	0.014	0.010	0.004
0.874	0.009	0.116	0.001
0.198	0.073	0.634	0.095
0.001	0.319	0.016	0.664
>DGGGCGGGGC	3-DGGGCGGGGC	7.975248	-138.773209	0	T:1437.0(29.61%),B:8596.6(19.71%),P:1e-60	Tpos:328.8,Tstd:262.6,Bpos:239.0,Bstd:155.3,StrandBias:-0.0,Multiplicity:1.70
0.310	0.001	0.381	0.307
0.211	0.001	0.787	0.001
0.001	0.001	0.997	0.001
0.001	0.001	0.997	0.001
0.326	0.594	0.001	0.079
0.001	0.001	0.997	0.001
0.001	0.001	0.765	0.233
0.180	0.001	0.818	0.001
0.063	0.098	0.712	0.127
0.130	0.653	0.001	0.216
>CACTAGGTGG	4-CACTAGGTGG	8.606226	-121.679679	0	T:292.0(6.02%),B:929.0(2.13%),P:1e-52	Tpos:286.8,Tstd:248.5,Bpos:236.9,Bstd:141.0,StrandBias:-0.4,Multiplicity:1.02
0.001	0.997	0.001	0.001
0.981	0.001	0.001	0.017
0.001	0.891	0.096	0.012
0.053	0.093	0.001	0.853
0.997	0.001	0.001	0.001
0.012	0.028	0.959	0.001
0.200	0.025	0.774	0.001
0.041	0.001	0.175	0.783
0.001	0.001	0.997	0.001
0.007	0.004	0.970	0.019
>NNVTGACTCA	5-NNVTGACTCA	8.936428	-93.634383	0	T:503.0(10.36%),B:2384.2(5.47%),P:1e-40	Tpos:295.9,Tstd:244.9,Bpos:237.5,Bstd:141.8,StrandBias:-0.0,Multiplicity:1.10
0.235	0.306	0.245	0.213
0.255	0.193	0.247	0.305
0.326	0.262	0.367	0.046
0.001	0.001	0.001	0.997
0.001	0.001	0.997	0.001
0.997	0.001	0.001	0.001
0.001	0.596	0.402	0.001
0.001	0.001	0.001	0.997
0.001	0.997	0.001	0.001
0.997	0.001	0.001	0.001
>NTGTGGTTTK	6-NTGTGGTTTK	7.271007	-87.838723	0	T:811.0(16.71%),B:4601.5(10.55%),P:1e-38	Tpos:309.9,Tstd:292.8,Bpos:240.5,Bstd:146.0,StrandBias:-0.0,Multiplicity:1.14
0.205	0.254	0.249	0.292
0.118	0.022	0.118	0.742
0.001	0.032	0.943	0.024
0.079	0.164	0.076	0.681
0.028	0.001	0.762	0.209
0.008	0.001	0.966	0.025
0.001	0.198	0.170	0.631
0.031	0.156	0.059	0.754
0.222	0.068	0.187	0.523
0.206	0.121	0.389	0.285
>GTTTCCGTTT	7-GTTTCCGTTT	6.716572	-70.213645	0	T:1116.0(23.00%),B:7211.0(16.54%),P:1e-30	Tpos:307.1,Tstd:256.4,Bpos:241.4,Bstd:149.9,StrandBias:0.1,Multiplicity:1.25
0.064	0.130	0.696	0.110
0.039	0.051	0.066	0.844
0.030	0.033	0.036	0.901
0.026	0.051	0.075	0.848
0.031	0.815	0.091	0.063
0.111	0.729	0.080	0.080
0.075	0.090	0.773	0.062
0.077	0.078	0.024	0.821
0.038	0.105	0.051	0.806
0.100	0.054	0.076	0.770
>NRTBACGTGA	8-NRTBACGTGA	5.793276	-67.445787	0	T:409.0(8.43%),B:2020.2(4.63%),P:1e-29	Tpos:302.0,Tstd:256.3,Bpos:234.2,Bstd:152.0,StrandBias:-0.1,Multiplicity:1.07
0.206	0.283	0.235	0.276
0.311	0.152	0.441	0.096
0.283	0.080	0.017	0.620
0.032	0.357	0.367	0.244
0.910	0.009	0.028	0.053
0.163	0.476	0.203	0.158
0.198	0.110	0.648	0.044
0.085	0.066	0.258	0.591
0.230	0.265	0.421	0.084
0.501	0.047	0.233	0.219
>WTATGCAAAT	9-WTATGCAAAT	10.936519	-56.071024	0	T:80.0(1.65%),B:174.6(0.40%),P:1e-24	Tpos:298.0,Tstd:202.1,Bpos:244.8,Bstd:149.2,StrandBias:0.2,Multiplicity:1.08
0.374	0.071	0.198	0.357
0.037	0.007	0.011	0.945
0.958	0.037	0.004	0.001
0.012	0.013	0.001	0.974
0.004	0.001	0.994	0.001
0.001	0.979	0.001	0.019
0.968	0.001	0.001	0.030
0.981	0.001	0.017	0.001
0.996	0.002	0.001	0.001
0.036	0.013	0.021	0.930
>TTTTTTCCAC	10-TTTTTTCCAC	7.765236	-55.274007	0	T:428.0(8.82%),B:2288.5(5.25%),P:1e-24	Tpos:308.3,Tstd:295.1,Bpos:239.7,Bstd:147.7,StrandBias:0.1,Multiplicity:1.05
0.101	0.052	0.155	0.692
0.001	0.012	0.001	0.986
0.014	0.044	0.022	0.920
0.021	0.029	0.050	0.900
0.001	0.001	0.001	0.997
0.001	0.081	0.029	0.889
0.006	0.962	0.031	0.001
0.021	0.977	0.001	0.001
0.850	0.090	0.059	0.001
0.001	0.901	0.015	0.083
>CAGCCAATCA	11-CAGCCAATCA	7.501154	-50.919952	0	T:466.0(9.60%),B:2614.4(5.99%),P:1e-22	Tpos:315.7,Tstd:262.0,Bpos:237.2,Bstd:145.4,StrandBias:-0.3,Multiplicity:1.13
0.001	0.882	0.001	0.116
0.739	0.127	0.106	0.028
0.247	0.051	0.679	0.023
0.117	0.832	0.050	0.001
0.232	0.713	0.051	0.004
0.804	0.001	0.094	0.101
0.953	0.015	0.025	0.007
0.018	0.116	0.001	0.865
0.001	0.873	0.078	0.048
0.722	0.095	0.182	0.001
>GGTGGAAAAT	12-GGTGGAAAAT	9.363911	-46.002550	0	T:139.0(2.86%),B:509.9(1.17%),P:1e-19	Tpos:305.2,Tstd:246.2,Bpos:243.3,Bstd:139.7,StrandBias:0.3,Multiplicity:1.01
0.081	0.001	0.847	0.071
0.222	0.021	0.672	0.085
0.001	0.034	0.049	0.916
0.001	0.001	0.974	0.024
0.001	0.009	0.980	0.010
0.986	0.001	0.001	0.012
0.997	0.001	0.001	0.001
0.940	0.014	0.001	0.045
0.781	0.112	0.073	0.034
0.001	0.018	0.001	0.980
>CGAGCTGTTT	13-CGAGCTGTTT	6.417304	-45.300562	0	T:1204.0(24.81%),B:8469.9(19.42%),P:1e-19	Tpos:299.9,Tstd:253.1,Bpos:238.2,Bstd:144.7,StrandBias:-0.1,Multiplicity:1.15
0.142	0.670	0.106	0.082
0.092	0.063	0.771	0.074
0.815	0.056	0.081	0.048
0.040	0.072	0.830	0.058
0.065	0.829	0.060	0.046
0.064	0.056	0.041	0.839
0.090	0.078	0.760	0.072
0.059	0.087	0.041	0.813
0.069	0.071	0.046	0.814
0.042	0.061	0.034	0.863
>GTGTTTACAC	14-GTGTTTACAC	8.409064	-36.723483	0	T:141.0(2.91%),B:583.6(1.34%),P:1e-15	Tpos:297.6,Tstd:297.1,Bpos:243.1,Bstd:143.6,StrandBias:0.2,Multiplicity:1.03
0.010	0.167	0.570	0.253
0.024	0.043	0.033	0.900
0.182	0.020	0.735	0.063
0.153	0.011	0.198	0.638
0.092	0.001	0.262	0.645
0.001	0.001	0.006	0.992
0.640	0.063	0.023	0.274
0.259	0.571	0.051	0.119
0.765	0.036	0.007	0.192
0.081	0.494	0.228	0.197
>CTCTACTAGC	15-CTCTACTAGC	8.134496	-32.514252	0	T:153.0(3.15%),B:691.7(1.59%),P:1e-14	Tpos:317.4,Tstd:289.3,Bpos:246.2,Bstd:142.6,StrandBias:0.1,Multiplicity:1.03
0.098	0.783	0.118	0.001
0.135	0.128	0.061	0.676
0.160	0.833	0.006	0.001
0.151	0.027	0.001	0.821
0.960	0.001	0.038	0.001
0.006	0.885	0.108	0.001
0.093	0.006	0.170	0.731
0.796	0.129	0.051	0.024
0.008	0.001	0.825	0.166
0.051	0.867	0.067	0.015
>TGCGCATGCG	16-TGCGCATGCG	7.661285	-31.504022	0	T:344.0(7.09%),B:2020.1(4.63%),P:1e-13	Tpos:356.4,Tstd:288.8,Bpos:241.4,Bstd:171.1,StrandBias:-0.0,Multiplicity:1.32
0.037	0.080	0.159	0.724
0.052	0.069	0.804	0.075
0.075	0.848	0.042	0.035
0.062	0.054	0.822	0.062
0.045	0.864	0.011	0.080
0.728	0.110	0.089	0.073
0.059	0.057	0.167	0.717
0.043	0.089	0.851	0.017
0.070	0.852	0.026	0.052
0.062	0.070	0.798	0.070
>TTACGCTAGC	17-TTACGCTAGC	9.599908	-24.898477	0	T:38.0(0.78%),B:91.1(0.21%),P:1e-10	Tpos:347.3,Tstd:221.1,Bpos:240.6,Bstd:143.6,StrandBias:0.2,Multiplicity:1.00
0.001	0.044	0.071	0.884
0.001	0.298	0.147	0.554
0.954	0.044	0.001	0.001
0.001	0.983	0.015	0.001
0.001	0.018	0.912	0.069
0.001	0.958	0.040	0.001
0.001	0.033	0.001	0.965
0.835	0.001	0.001	0.163
0.001	0.001	0.997	0.001
0.001	0.947	0.051	0.001
>CGTTAGAGCC	18-CGTTAGAGCC	13.733869	-18.315869	0	T:10.0(0.21%),B:7.7(0.02%),P:1e-7	Tpos:353.3,Tstd:325.6,Bpos:217.5,Bstd:189.7,StrandBias:0.6,Multiplicity:1.00
0.001	0.997	0.001	0.001
0.001	0.001	0.997	0.001
0.095	0.001	0.001	0.903
0.001	0.001	0.001	0.997
0.997	0.001	0.001	0.001
0.001	0.001	0.997	0.001
0.997	0.001	0.001	0.001
0.001	0.001	0.997	0.001
0.001	0.997	0.001	0.001
0.001	0.997	0.001	0.001
>GACATACGCA	19-GACATACGCA	6.574476	-15.419466	0	T:16.0(0.33%),B:28.8(0.07%),P:1e-6	Tpos:222.8,Tstd:199.6,Bpos:284.2,Bstd:143.8,StrandBias:0.4,Multiplicity:1.00
0.001	0.001	0.997	0.001
0.997	0.001	0.001	0.001
0.001	0.997	0.001	0.001
0.700	0.298	0.001	0.001
0.001	0.001	0.001	0.997
0.997	0.001	0.001	0.001
0.001	0.997	0.001	0.001
0.001	0.001	0.997	0.001
0.001	0.734	0.264	0.001
0.997	0.001	0.001	0.001
>CTTCCGTTGG	20-CTTCCGTTGG	10.296193	-14.431941	0	T:8.0(0.16%),B:6.2(0.01%),P:1e-6	Tpos:215.5,Tstd:132.2,Bpos:310.1,Bstd:83.5,StrandBias:2.0,Multiplicity:1.25
0.100	0.700	0.100	0.100
0.100	0.100	0.100	0.700
0.100	0.100	0.100	0.700
0.100	0.700	0.100	0.100
0.100	0.700	0.100	0.100
0.100	0.100	0.700	0.100
0.100	0.100	0.100	0.700
0.100	0.100	0.100	0.700
0.100	0.100	0.700	0.100
0.100	0.100	0.700	0.100
>CCGTCGCTCC	21-CCGTCGCTCC	10.296193	-13.767419	0	T:15.0(0.31%),B:28.9(0.07%),P:1e-5	Tpos:248.3,Tstd:171.3,Bpos:271.6,Bstd:141.0,StrandBias:-1.0,Multiplicity:1.00
0.100	0.700	0.100	0.100
0.100	0.700	0.100	0.100
0.100	0.100	0.700	0.100
0.100	0.100	0.100	0.700
0.100	0.700	0.100	0.100
0.100	0.100	0.700	0.100
0.100	0.700	0.100	0.100
0.100	0.100	0.100	0.700
0.100	0.700	0.100	0.100
0.100	0.700	0.100	0.100
>CTAACACMTT	22-CTAACACMTT	10.907814	-10.404497	0	T:26.0(0.54%),B:93.2(0.21%),P:1e-4	Tpos:357.9,Tstd:364.9,Bpos:219.7,Bstd:131.5,StrandBias:-0.3,Multiplicity:1.04
0.001	0.997	0.001	0.001
0.001	0.001	0.001	0.997
0.997	0.001	0.001	0.001
0.732	0.001	0.001	0.266
0.001	0.997	0.001	0.001
0.997	0.001	0.001	0.001
0.001	0.997	0.001	0.001
0.444	0.318	0.238	0.001
0.001	0.158	0.001	0.840
0.001	0.001	0.001	0.997
>ATGAGTATAC	23-ATGAGTATAC	6.928147	-10.296475	0	T:11.0(0.23%),B:21.7(0.05%),P:1e-4	Tpos:188.3,Tstd:193.6,Bpos:253.9,Bstd:141.6,StrandBias:2.1,Multiplicity:2.36
0.997	0.001	0.001	0.001
0.051	0.001	0.001	0.947
0.001	0.001	0.997	0.001
0.997	0.001	0.001	0.001
0.001	0.001	0.997	0.001
0.001	0.001	0.001	0.997
0.997	0.001	0.001	0.001
0.001	0.001	0.001	0.997
0.997	0.001	0.001	0.001
0.001	0.997	0.001	0.001
>CAGGGGGATG	24-CAGGGGGATG	10.296193	-5.042357	0	T:16.0(0.33%),B:70.1(0.16%),P:1e-2	Tpos:255.8,Tstd:291.8,Bpos:221.6,Bstd:130.5,StrandBias:-2.8,Multiplicity:2.44
0.100	0.700	0.100	0.100
0.700	0.100	0.100	0.100
0.100	0.100	0.700	0.100
0.100	0.100	0.700	0.100
0.100	0.100	0.700	0.100
0.100	0.100	0.700	0.100
0.100	0.100	0.700	0.100
0.700	0.100	0.100	0.100
0.100	0.100	0.100	0.700
0.100	0.100	0.700	0.100
>TGATGTTACC	25-TGATGTTACC	6.404373	-4.893944	0	T:1165.0(24.01%),B:9824.4(22.53%),P:1e-2	Tpos:309.6,Tstd:271.3,Bpos:241.2,Bstd:140.2,StrandBias:0.1,Multiplicity:1.23
0.100	0.100	0.100	0.700
0.100	0.100	0.700	0.100
0.700	0.100	0.100	0.100
0.100	0.100	0.100	0.700
0.100	0.100	0.700	0.100
0.100	0.100	0.100	0.700
0.100	0.100	0.100	0.700
0.700	0.100	0.100	0.100
0.100	0.700	0.100	0.100
0.100	0.700	0.100	0.100
>NNACAGGAAGTN	1-NNACAGGAAGTN	8.541632	-456.049047	0	T:1273.0(26.23%),B:4696.4(10.77%),P:1e-198	Tpos:284.6,Tstd:229.1,Bpos:240.9,Bstd:139.7,StrandBias:-0.1,Multiplicity:1.23
0.308	0.218	0.242	0.231
0.320	0.194	0.298	0.187
0.588	0.054	0.357	0.001
0.224	0.539	0.236	0.001
0.997	0.001	0.001	0.001
0.001	0.001	0.997	0.001
0.001	0.001	0.997	0.001
0.997	0.001	0.001	0.001
0.741	0.001	0.001	0.257
0.348	0.001	0.650	0.001
0.096	0.289	0.148	0.468
0.214	0.214	0.343	0.228
>CCASTAGRKGGC	2-CCASTAGRKGGC	10.695622	-238.728127	0	T:314.0(6.47%),B:626.0(1.44%),P:1e-103	Tpos:278.4,Tstd:236.3,Bpos:237.2,Bstd:149.3,StrandBias:0.0,Multiplicity:1.03
0.240	0.758	0.001	0.001
0.001	0.997	0.001	0.001
0.720	0.001	0.001	0.278
0.001	0.567	0.431	0.001
0.215	0.294	0.001	0.490
0.997	0.001	0.001	0.001
0.001	0.001	0.997	0.001
0.465	0.023	0.511	0.001
0.001	0.001	0.552	0.446
0.001	0.001	0.997	0.001
0.134	0.001	0.798	0.067
0.276	0.594	0.030	0.100
>DGGGCGGGGCTT	3-DGGGCGGGGCTT	7.777700	-139.418250	0	T:1252.0(25.80%),B:7176.5(16.46%),P:1e-60	Tpos:323.1,Tstd:260.7,Bpos:237.2,Bstd:153.8,StrandBias:-0.1,Multiplicity:1.50
0.299	0.032	0.343	0.326
0.216	0.001	0.782	0.001
0.001	0.001	0.997	0.001
0.001	0.034	0.964	0.001
0.273	0.683	0.001	0.043
0.034	0.001	0.942	0.023
0.013	0.046	0.787	0.154
0.264	0.001	0.627	0.108
0.117	0.123	0.705	0.055
0.001	0.852	0.020	0.127
0.087	0.289	0.050	0.574
0.195	0.143	0.194	0.467
>AGGAAGTGGTTT	4-AGGAAGTGGTTT	8.599764	-134.410831	0	T:435.0(8.96%),B:1648.4(3.78%),P:1e-58	Tpos:259.1,Tstd:223.4,Bpos:236.7,Bstd:133.6,StrandBias:0.2,Multiplicity:1.06
0.655	0.205	0.127	0.013
0.001	0.001	0.865	0.133
0.046	0.008	0.886	0.060
0.926	0.001	0.001	0.072
0.542	0.013	0.063	0.382
0.152	0.001	0.765	0.082
0.035	0.001	0.001	0.963
0.001	0.001	0.969	0.029
0.115	0.155	0.578	0.152
0.002	0.048	0.109	0.841
0.039	0.196	0.234	0.531
0.062	0.174	0.158	0.606
>RNTBMTGAGTCA	5-RNTBMTGAGTCA	7.276485	-99.653186	0	T:663.0(13.66%),B:3402.1(7.80%),P:1e-43	Tpos:290.2,Tstd:241.8,Bpos:240.7,Bstd:140.2,StrandBias:0.0,Multiplicity:1.16
0.404	0.162	0.257	0.176
0.282	0.299	0.156	0.263
0.176	0.197	0.200	0.427
0.192	0.221	0.344	0.243
0.440	0.348	0.136	0.076
0.038	0.001	0.001	0.960
0.001	0.071	0.927	0.001
0.950	0.001	0.001	0.048
0.001	0.365	0.633	0.001
0.001	0.001	0.079	0.919
0.100	0.898	0.001	0.001
0.990	0.008	0.001	0.001
>SHWGTTTCCATT	6-SHWGTTTCCATT	7.739242	-60.875791	0	T:590.0(12.16%),B:3368.5(7.72%),P:1e-26	Tpos:312.8,Tstd:252.1,Bpos:242.5,Bstd:142.1,StrandBias:-0.1,Multiplicity:1.11
0.113	0.304	0.403	0.181
0.274	0.277	0.055	0.394
0.379	0.009	0.108	0.504
0.091	0.108	0.548	0.253
0.028	0.169	0.059	0.744
0.115	0.084	0.057	0.744
0.001	0.045	0.162	0.792
0.141	0.758	0.100	0.001
0.069	0.894	0.003	0.034
0.630	0.144	0.001	0.225
0.027	0.223	0.225	0.525
0.024	0.048	0.136	0.792
>HNGCGGAAAANV	7-HNGCGGAAAANV	5.005233	-54.775918	0	T:980.0(20.19%),B:6446.0(14.78%),P:1e-23	Tpos:324.1,Tstd:265.7,Bpos:241.1,Bstd:155.7,StrandBias:-0.1,Multiplicity:1.19
0.301	0.339	0.169	0.191
0.325	0.184	0.195	0.296
0.149	0.152	0.601	0.098
0.063	0.811	0.039	0.087
0.033	0.276	0.663	0.028
0.127	0.104	0.550	0.219
0.545	0.192	0.057	0.206
0.568	0.103	0.073	0.256
0.611	0.106	0.080	0.203
0.612	0.106	0.087	0.195
0.322	0.182	0.257	0.239
0.359	0.239	0.241	0.160
>GGGGGGGGGRGG	8-GGGGGGGGGRGG	7.218323	-53.598915	0	T:1284.0(26.46%),B:8917.8(20.45%),P:1e-23	Tpos:359.0,Tstd:304.8,Bpos:241.5,Bstd:146.5,StrandBias:0.1,Multiplicity:1.52
0.099	0.134	0.659	0.108
0.094	0.215	0.599	0.092
0.158	0.090	0.574	0.178
0.153	0.102	0.514	0.231
0.117	0.104	0.680	0.099
0.084	0.082	0.650	0.184
0.162	0.115	0.658	0.065
0.168	0.228	0.523	0.081
0.206	0.107	0.619	0.068
0.325	0.131	0.468	0.076
0.125	0.136	0.645	0.094
0.094	0.112	0.717	0.077
>CTCAAACCACAC	9-CTCAAACCACAC	9.016975	-46.076013	0	T:146.0(3.01%),B:548.5(1.26%),P:1e-20	Tpos:325.6,Tstd:268.1,Bpos:251.0,Bstd:139.7,StrandBias:0.4,Multiplicity:1.04
0.205	0.457	0.167	0.171
0.233	0.143	0.021	0.603
0.122	0.604	0.164	0.110
0.805	0.105	0.028	0.062
0.662	0.129	0.165	0.044
0.689	0.179	0.089	0.043
0.051	0.691	0.138	0.120
0.170	0.763	0.017	0.050
0.640	0.145	0.065	0.150
0.063	0.809	0.107	0.021
0.913	0.057	0.001	0.029
0.136	0.545	0.248	0.071
>HKTGATTGGCTG	10-HKTGATTGGCTG	8.953079	-43.224155	0	T:254.0(5.23%),B:1241.5(2.85%),P:1e-18	Tpos:315.4,Tstd:311.2,Bpos:239.7,Bstd:143.2,StrandBias:0.4,Multiplicity:1.05
0.241	0.382	0.089	0.288
0.092	0.173	0.422	0.313
0.001	0.053	0.061	0.885
0.001	0.132	0.851	0.016
0.692	0.045	0.140	0.123
0.077	0.104	0.199	0.620
0.036	0.005	0.042	0.917
0.008	0.001	0.980	0.011
0.114	0.025	0.850	0.011
0.001	0.872	0.083	0.044
0.128	0.015	0.066	0.791
0.001	0.099	0.813	0.087
>CTGCGCATGCGC	11-CTGCGCATGCGC	10.122179	-42.609013	0	T:199.0(4.10%),B:892.7(2.05%),P:1e-18	Tpos:338.1,Tstd:265.9,Bpos:240.8,Bstd:173.1,StrandBias:-0.1,Multiplicity:1.19
0.020	0.649	0.151	0.180
0.041	0.042	0.095	0.822
0.081	0.001	0.917	0.001
0.068	0.894	0.037	0.001
0.001	0.025	0.973	0.001
0.001	0.997	0.001	0.001
0.601	0.132	0.245	0.022
0.001	0.027	0.274	0.698
0.001	0.070	0.928	0.001
0.001	0.745	0.001	0.253
0.001	0.001	0.937	0.061
0.001	0.622	0.001	0.376
>ACTACAKTTCCC	12-ACTACAKTTCCC	10.807565	-41.018102	0	T:71.0(1.46%),B:183.3(0.42%),P:1e-17	Tpos:404.7,Tstd:297.1,Bpos:245.3,Bstd:168.6,StrandBias:-0.7,Multiplicity:1.10
0.726	0.204	0.010	0.060
0.119	0.847	0.001	0.033
0.067	0.058	0.033	0.842
0.705	0.178	0.033	0.084
0.196	0.571	0.024	0.209
0.866	0.033	0.100	0.001
0.175	0.001	0.448	0.376
0.001	0.256	0.160	0.583
0.101	0.068	0.001	0.830
0.033	0.928	0.002	0.037
0.033	0.909	0.001	0.057
0.024	0.832	0.001	0.143
>GCTTCCTRTCTG	13-GCTTCCTRTCTG	12.362529	-38.399206	0	T:56.0(1.15%),B:126.5(0.29%),P:1e-16	Tpos:262.0,Tstd:199.7,Bpos:250.8,Bstd:137.2,StrandBias:0.3,Multiplicity:1.00
0.001	0.061	0.762	0.176
0.001	0.997	0.001	0.001
0.001	0.001	0.001	0.997
0.001	0.001	0.001	0.997
0.001	0.834	0.001	0.164
0.237	0.683	0.001	0.079
0.001	0.001	0.077	0.921
0.371	0.208	0.419	0.001
0.001	0.001	0.001	0.997
0.001	0.802	0.196	0.001
0.393	0.001	0.001	0.605
0.001	0.001	0.997	0.001
>ACATATGCAAAT	14-ACATATGCAAAT	10.188350	-35.954278	0	T:65.0(1.34%),B:174.8(0.40%),P:1e-15	Tpos:286.1,Tstd:197.5,Bpos:249.4,Bstd:133.4,StrandBias:0.5,Multiplicity:1.05
0.721	0.062	0.128	0.089
0.087	0.731	0.137	0.045
0.798	0.060	0.030	0.112
0.057	0.060	0.036	0.847
0.918	0.010	0.065	0.007
0.150	0.023	0.050	0.777
0.073	0.011	0.846	0.070
0.106	0.778	0.037	0.079
0.857	0.060	0.015	0.068
0.937	0.011	0.022	0.030
0.916	0.059	0.024	0.001
0.041	0.037	0.045	0.877
>ACTTCCTGWCTT	15-ACTTCCTGWCTT	10.459720	-29.233609	0	T:122.0(2.51%),B:526.1(1.21%),P:1e-12	Tpos:259.6,Tstd:193.1,Bpos:235.6,Bstd:138.1,StrandBias:-0.1,Multiplicity:1.01
0.575	0.001	0.001	0.423
0.001	0.657	0.341	0.001
0.102	0.235	0.001	0.662
0.001	0.001	0.061	0.937
0.001	0.997	0.001	0.001
0.001	0.638	0.001	0.360
0.001	0.001	0.026	0.972
0.262	0.049	0.688	0.001
0.552	0.001	0.001	0.446
0.001	0.734	0.076	0.189
0.001	0.001	0.001	0.997
0.001	0.159	0.001	0.839
>TTKAWGTTTYMA	16-TTKAWGTTTYMA	9.604583	-22.986192	0	T:192.0(3.96%),B:1056.8(2.42%),P:1e-9	Tpos:321.0,Tstd:261.9,Bpos:242.2,Bstd:140.6,StrandBias:0.0,Multiplicity:1.02
0.001	0.001	0.001	0.997
0.001	0.001	0.001	0.997
0.167	0.001	0.416	0.416
0.506	0.283	0.001	0.210
0.406	0.001	0.122	0.470
0.001	0.001	0.997	0.001
0.321	0.001	0.001	0.677
0.001	0.385	0.001	0.613
0.283	0.160	0.114	0.443
0.024	0.403	0.022	0.551
0.544	0.454	0.001	0.001
0.997	0.001	0.001	0.001
>NNTGTTACSAKN	17-NNTGTTACSAKN	5.557870	-19.915877	0	T:1431.0(29.49%),B:11226.2(25.74%),P:1e-8	Tpos:294.0,Tstd:256.4,Bpos:240.5,Bstd:143.4,StrandBias:-0.1,Multiplicity:1.24
0.305	0.256	0.229	0.211
0.327	0.185	0.281	0.207
0.121	0.287	0.077	0.515
0.057	0.006	0.921	0.016
0.016	0.103	0.026	0.855
0.079	0.137	0.199	0.585
0.882	0.031	0.015	0.072
0.015	0.923	0.061	0.001
0.022	0.484	0.335	0.159
0.748	0.001	0.242	0.009
0.201	0.098	0.423	0.279
0.243	0.251	0.316	0.190
>TCTCTGCATCAC	18-TCTCTGCATCAC	14.068456	-13.117353	0	T:7.0(0.14%),B:5.5(0.01%),P:1e-5	Tpos:193.2,Tstd:89.8,Bpos:291.5,Bstd:114.7,StrandBias:0.6,Multiplicity:1.67
0.001	0.001	0.001	0.997
0.001	0.997	0.001	0.001
0.001	0.001	0.001	0.997
0.001	0.997	0.001	0.001
0.001	0.001	0.001	0.997
0.001	0.001	0.997	0.001
0.001	0.799	0.100	0.100
0.997	0.001	0.001	0.001
0.001	0.001	0.001	0.997
0.001	0.997	0.001	0.001
0.899	0.001	0.099	0.001
0.001	0.997	0.001	0.001
>CCTGCTAACACA	19-CCTGCTAACACA	9.707677	-12.824835	0	T:89.0(1.83%),B:473.5(1.09%),P:1e-5	Tpos:293.9,Tstd:217.2,Bpos:242.0,Bstd:126.5,StrandBias:-0.3,Multiplicity:1.00
0.001	0.919	0.058	0.022
0.012	0.848	0.089	0.051
0.005	0.001	0.031	0.963
0.120	0.064	0.717	0.099
0.103	0.865	0.022	0.010
0.152	0.110	0.001	0.737
0.802	0.030	0.048	0.120
0.743	0.077	0.088	0.092
0.029	0.969	0.001	0.001
0.757	0.122	0.060	0.061
0.030	0.739	0.120	0.111
0.939	0.059	0.001	0.001
>TGACTGTGAGTG	20-TGACTGTGAGTG	12.355432	-10.551632	0	T:5.0(0.10%),B:3.6(0.01%),P:1e-4	Tpos:159.1,Tstd:108.5,Bpos:275.1,Bstd:87.0,StrandBias:-2.6,Multiplicity:2.80
0.100	0.100	0.100	0.700
0.100	0.100	0.700	0.100
0.700	0.100	0.100	0.100
0.100	0.700	0.100	0.100
0.100	0.100	0.100	0.700
0.100	0.100	0.700	0.100
0.100	0.100	0.100	0.700
0.100	0.100	0.700	0.100
0.700	0.100	0.100	0.100
0.100	0.100	0.700	0.100
0.100	0.100	0.100	0.700
0.100	0.100	0.700	0.100
>GTGTTAGAGGAT	21-GTGTTAGAGGAT	2.680726	-8.274871	0	T:119.0(2.45%),B:764.9(1.75%),P:1e-3	Tpos:280.2,Tstd:210.4,Bpos:243.6,Bstd:133.6,StrandBias:0.0,Multiplicity:1.12
0.001	0.001	0.997	0.001
0.001	0.001	0.001	0.997
0.001	0.001	0.997	0.001
0.001	0.054	0.054	0.891
0.001	0.001	0.054	0.944
0.997	0.001	0.001	0.001
0.054	0.001	0.944	0.001
0.997	0.001	0.001	0.001
0.001	0.001	0.997	0.001
0.001	0.001	0.997	0.001
0.997	0.001	0.001	0.001
0.001	0.001	0.001	0.997
>AATGAGTATACA	22-AATGAGTATACA	9.624084	-7.832865	0	T:4.0(0.08%),B:3.5(0.01%),P:1e-3	Tpos:159.1,Tstd:130.6,Bpos:213.6,Bstd:50.7,StrandBias:2.4,Multiplicity:4.75
0.929	0.001	0.001	0.069
0.997	0.001	0.001	0.001
0.001	0.001	0.001	0.997
0.001	0.001	0.997	0.001
0.997	0.001	0.001	0.001
0.001	0.001	0.997	0.001
0.001	0.001	0.001	0.997
0.997	0.001	0.001	0.001
0.001	0.001	0.001	0.997
0.997	0.001	0.001	0.001
0.001	0.997	0.001	0.001
0.964	0.001	0.001	0.034
>AAAGTACTGCAC	23-AAAGTACTGCAC	14.184163	-7.832865	0	T:4.0(0.08%),B:3.7(0.01%),P:1e-3	Tpos:159.4,Tstd:79.3,Bpos:193.5,Bstd:97.3,StrandBias:-1.6,Multiplicity:2.00
0.997	0.001	0.001	0.001
0.997	0.001	0.001	0.001
0.700	0.001	0.001	0.298
0.001	0.001	0.997	0.001
0.001	0.001	0.001	0.997
0.997	0.001	0.001	0.001
0.001	0.997	0.001	0.001
0.001	0.001	0.001	0.997
0.001	0.001	0.997	0.001
0.001	0.997	0.001	0.001
0.997	0.001	0.001	0.001
0.001	0.700	0.298	0.001
>TGATGTTACCAT	24-TGATGTTACCAT	-4.134016	-5.959614	0	T:630.0(12.98%),B:5087.8(11.67%),P:1e-2	Tpos:280.5,Tstd:227.6,Bpos:238.0,Bstd:138.8,StrandBias:-0.1,Multiplicity:1.15
0.001	0.001	0.001	0.997
0.001	0.001	0.997	0.001
0.997	0.001	0.001	0.001
0.001	0.001	0.001	0.997
0.020	0.001	0.978	0.001
0.001	0.001	0.001	0.997
0.001	0.001	0.001	0.997
0.997	0.001	0.001	0.001
0.001	0.997	0.001	0.001
0.001	0.997	0.001	0.001
0.978	0.001	0.020	0.001
0.001	0.001	0.001	0.997
>GTCTCAGTGTTG	25-GTCTCAGTGTTG	12.355432	-5.158500	0	T:2.0(0.04%),B:0.8(0.00%),P:1e-2	Tpos:181.7,Tstd:105.1,Bpos:423.0,Bstd:0.0,StrandBias:10.0,Multiplicity:3.00
0.100	0.100	0.700	0.100
0.100	0.100	0.100	0.700
0.100	0.700	0.100	0.100
0.100	0.100	0.100	0.700
0.100	0.700	0.100	0.100
0.700	0.100	0.100	0.100
0.100	0.100	0.700	0.100
0.100	0.100	0.100	0.700
0.100	0.100	0.700	0.100
0.100	0.100	0.100	0.700
0.100	0.100	0.100	0.700
0.100	0.100	0.700	0.100
>ACAGGAAG	1-ACAGGAAG	7.639061	-312.767396	0	T:1427.0(29.40%),B:6666.7(15.29%),P:1e-135	Tpos:286.7,Tstd:230.5,Bpos:239.7,Bstd:142.0,StrandBias:-0.1,Multiplicity:1.25
0.890	0.001	0.108	0.001
0.001	0.997	0.001	0.001
0.947	0.051	0.001	0.001
0.001	0.001	0.997	0.001
0.001	0.001	0.997	0.001
0.997	0.001	0.001	0.001
0.887	0.001	0.001	0.111
0.201	0.001	0.797	0.001
>ACTTCCGC	2-ACTTCCGC	7.962283	-148.232753	0	T:748.0(15.41%),B:3497.3(8.02%),P:1e-64	Tpos:302.8,Tstd:252.6,Bpos:240.4,Bstd:143.3,StrandBias:0.2,Multiplicity:1.11
0.997	0.001	0.001	0.001
0.001	0.997	0.001	0.001
0.311	0.001	0.001	0.687
0.001	0.001	0.001	0.997
0.001	0.997	0.001	0.001
0.001	0.997	0.001	0.001
0.001	0.001	0.665	0.333
0.001	0.783	0.001	0.215
>DRCGGAAA	3-DRCGGAAA	5.629928	-119.081688	0	T:1503.0(30.97%),B:9412.1(21.58%),P:1e-51	Tpos:306.3,Tstd:255.7,Bpos:240.1,Bstd:149.5,StrandBias:-0.0,Multiplicity:1.29
0.256	0.118	0.286	0.341
0.338	0.232	0.399	0.031
0.115	0.585	0.001	0.299
0.001	0.130	0.868	0.001
0.125	0.146	0.645	0.084
0.605	0.016	0.001	0.378
0.810	0.001	0.123	0.066
0.639	0.068	0.292	0.001
>WGBTTACK	4-WGBTTACK	6.433604	-104.109300	0	T:1851.0(38.14%),B:12502.7(28.67%),P:1e-45	Tpos:297.2,Tstd:251.7,Bpos:240.8,Bstd:144.9,StrandBias:-0.1,Multiplicity:1.30
0.376	0.185	0.090	0.349
0.001	0.001	0.862	0.136
0.001	0.396	0.270	0.333
0.001	0.001	0.001	0.997
0.001	0.001	0.037	0.961
0.645	0.297	0.001	0.057
0.001	0.997	0.001	0.001
0.197	0.001	0.444	0.358
>TGACTCAT	5-TGACTCAT	9.034611	-94.048445	0	T:490.0(10.10%),B:2295.2(5.26%),P:1e-40	Tpos:300.1,Tstd:267.1,Bpos:237.2,Bstd:140.5,StrandBias:0.0,Multiplicity:1.09
0.001	0.001	0.001	0.997
0.001	0.001	0.997	0.001
0.997	0.001	0.001	0.001
0.001	0.749	0.249	0.001
0.001	0.001	0.001	0.997
0.001	0.997	0.001	0.001
0.997	0.001	0.001	0.001
0.001	0.213	0.174	0.612
>GGGCGGGR	6-GGGCGGGR	8.656476	-93.481845	0	T:1244.0(25.63%),B:7798.1(17.88%),P:1e-40	Tpos:350.8,Tstd:295.1,Bpos:237.8,Bstd:156.9,StrandBias:0.0,Multiplicity:1.66
0.197	0.001	0.801	0.001
0.001	0.001	0.997	0.001
0.001	0.001	0.997	0.001
0.332	0.657	0.010	0.001
0.001	0.001	0.997	0.001
0.001	0.001	0.997	0.001
0.227	0.010	0.762	0.001
0.306	0.172	0.438	0.084
>AAACCACA	7-AAACCACA	7.087733	-89.197827	0	T:526.0(10.84%),B:2580.1(5.92%),P:1e-38	Tpos:319.5,Tstd:292.8,Bpos:240.9,Bstd:144.7,StrandBias:0.0,Multiplicity:1.11
0.634	0.165	0.001	0.200
0.997	0.001	0.001	0.001
0.997	0.001	0.001	0.001
0.001	0.997	0.001	0.001
0.001	0.997	0.001	0.001
0.905	0.001	0.093	0.001
0.001	0.997	0.001	0.001
0.997	0.001	0.001	0.001
>GRCGTCAY	8-GRCGTCAY	5.524968	-67.108054	0	T:1073.0(22.11%),B:6932.4(15.90%),P:1e-29	Tpos:318.9,Tstd:267.4,Bpos:240.5,Bstd:158.3,StrandBias:0.0,Multiplicity:1.28
0.190	0.203	0.449	0.158
0.522	0.021	0.441	0.016
0.013	0.795	0.077	0.115
0.025	0.001	0.914	0.060
0.083	0.143	0.082	0.692
0.015	0.729	0.255	0.001
0.683	0.068	0.133	0.116
0.015	0.423	0.032	0.530
>GCTCCGCC	9-GCTCCGCC	6.108359	-59.908573	0	T:628.0(12.94%),B:3660.5(8.39%),P:1e-26	Tpos:344.9,Tstd:249.7,Bpos:240.7,Bstd:163.4,StrandBias:-0.0,Multiplicity:1.26
0.111	0.001	0.782	0.106
0.098	0.900	0.001	0.001
0.001	0.001	0.001	0.997
0.001	0.925	0.001	0.073
0.001	0.997	0.001	0.001
0.001	0.001	0.997	0.001
0.001	0.997	0.001	0.001
0.001	0.997	0.001	0.001
>TATGCAAA	10-TATGCAAA	8.236954	-47.256997	0	T:145.0(2.99%),B:535.5(1.23%),P:1e-20	Tpos:278.8,Tstd:223.9,Bpos:247.2,Bstd:142.9,StrandBias:0.1,Multiplicity:1.08
0.100	0.100	0.100	0.700
0.700	0.100	0.100	0.100
0.100	0.100	0.100	0.700
0.100	0.100	0.700	0.100
0.100	0.700	0.100	0.100
0.700	0.100	0.100	0.100
0.700	0.100	0.100	0.100
0.700	0.100	0.100	0.100
>CCACTAGW	11-CCACTAGW	5.544754	-43.403734	0	T:1440.0(29.67%),B:10477.5(24.03%),P:1e-18	Tpos:300.9,Tstd:273.3,Bpos:242.2,Bstd:145.6,StrandBias:0.0,Multiplicity:1.23
0.220	0.700	0.079	0.001
0.101	0.684	0.172	0.043
0.522	0.268	0.049	0.161
0.053	0.841	0.056	0.050
0.033	0.001	0.062	0.904
0.895	0.017	0.029	0.059
0.041	0.033	0.852	0.074
0.278	0.216	0.128	0.378
>GCCAATCA	12-GCCAATCA	7.374836	-43.211903	0	T:380.0(7.83%),B:2107.4(4.83%),P:1e-18	Tpos:304.6,Tstd:270.7,Bpos:237.3,Bstd:146.7,StrandBias:-0.5,Multiplicity:1.10
0.178	0.001	0.820	0.001
0.001	0.997	0.001	0.001
0.001	0.997	0.001	0.001
0.845	0.001	0.001	0.153
0.997	0.001	0.001	0.001
0.088	0.001	0.001	0.910
0.001	0.997	0.001	0.001
0.818	0.001	0.180	0.001
>AAACAGCT	13-AAACAGCT	7.266665	-42.562200	0	T:946.0(19.49%),B:6445.2(14.78%),P:1e-18	Tpos:293.1,Tstd:243.6,Bpos:235.5,Bstd:142.1,StrandBias:0.0,Multiplicity:1.13
0.963	0.001	0.001	0.035
0.719	0.001	0.279	0.001
0.724	0.001	0.001	0.274
0.048	0.694	0.141	0.117
0.738	0.205	0.056	0.001
0.109	0.037	0.784	0.070
0.001	0.997	0.001	0.001
0.215	0.001	0.001	0.783
>GCCACGCC	14-GCCACGCC	8.906499	-38.929438	0	T:317.0(6.53%),B:1721.0(3.95%),P:1e-16	Tpos:342.5,Tstd:254.3,Bpos:244.0,Bstd:162.8,StrandBias:0.1,Multiplicity:1.17
0.001	0.001	0.997	0.001
0.188	0.696	0.115	0.001
0.001	0.997	0.001	0.001
0.997	0.001	0.001	0.001
0.001	0.997	0.001	0.001
0.001	0.001	0.997	0.001
0.001	0.997	0.001	0.001
0.001	0.997	0.001	0.001
>TCGCGATA	15-TCGCGATA	5.665928	-34.437155	0	T:369.0(7.60%),B:2156.5(4.94%),P:1e-14	Tpos:324.4,Tstd:266.1,Bpos:235.8,Bstd:164.2,StrandBias:0.2,Multiplicity:1.10
0.163	0.117	0.026	0.694
0.129	0.838	0.018	0.015
0.026	0.001	0.972	0.001
0.001	0.997	0.001	0.001
0.001	0.051	0.947	0.001
0.973	0.025	0.001	0.001
0.017	0.001	0.261	0.721
0.868	0.001	0.048	0.083
>GGAGGGAG	16-GGAGGGAG	10.926606	-33.715074	0	T:479.0(9.87%),B:2986.4(6.85%),P:1e-14	Tpos:336.2,Tstd:311.1,Bpos:238.7,Bstd:139.9,StrandBias:-0.0,Multiplicity:1.11
0.001	0.001	0.997	0.001
0.001	0.001	0.997	0.001
0.997	0.001	0.001	0.001
0.001	0.131	0.867	0.001
0.001	0.001	0.997	0.001
0.001	0.001	0.997	0.001
0.997	0.001	0.001	0.001
0.001	0.001	0.997	0.001
>TTAAAAGC	17-TTAAAAGC	5.996346	-33.188158	0	T:1327.0(27.34%),B:9840.2(22.56%),P:1e-14	Tpos:304.5,Tstd:272.0,Bpos:241.0,Bstd:147.9,StrandBias:-0.0,Multiplicity:1.26
0.002	0.002	0.001	0.995
0.002	0.222	0.029	0.747
0.808	0.001	0.190	0.001
0.883	0.001	0.059	0.057
0.746	0.251	0.002	0.001
0.446	0.292	0.259	0.003
0.118	0.056	0.825	0.001
0.001	0.997	0.001	0.001
>GGGTGTGR	18-GGGTGTGR	6.007921	-31.766771	0	T:1925.0(39.67%),B:15012.6(34.42%),P:1e-13	Tpos:338.9,Tstd:292.2,Bpos:240.7,Bstd:144.5,StrandBias:-0.0,Multiplicity:1.55
0.080	0.110	0.746	0.064
0.002	0.367	0.612	0.019
0.001	0.066	0.885	0.048
0.052	0.001	0.190	0.757
0.041	0.048	0.843	0.068
0.226	0.001	0.142	0.631
0.245	0.187	0.543	0.025
0.437	0.070	0.327	0.167
>GCGCATGC	19-GCGCATGC	9.574699	-20.993118	0	T:164.0(3.38%),B:887.4(2.03%),P:1e-9	Tpos:304.9,Tstd:212.9,Bpos:235.9,Bstd:162.0,StrandBias:0.3,Multiplicity:1.15
0.001	0.001	0.997	0.001
0.001	0.997	0.001	0.001
0.001	0.001	0.997	0.001
0.001	0.997	0.001	0.001
0.844	0.001	0.001	0.154
0.265	0.001	0.001	0.733
0.001	0.001	0.997	0.001
0.001	0.997	0.001	0.001
>ATGGTAAC	20-ATGGTAAC	8.550877	-8.763684	0	T:160.0(3.30%),B:1068.7(2.45%),P:1e-3	Tpos:274.0,Tstd:227.7,Bpos:242.1,Bstd:143.8,StrandBias:-0.2,Multiplicity:1.23
0.997	0.001	0.001	0.001
0.001	0.001	0.001	0.997
0.001	0.001	0.997	0.001
0.001	0.001	0.997	0.001
0.001	0.287	0.001	0.711
0.997	0.001	0.001	0.001
0.997	0.001	0.001	0.001
0.001	0.885	0.001	0.113
>GAGTATAC	21-GAGTATAC	8.236954	-2.018448	0	T:21.0(0.43%),B:144.5(0.33%),P:1e0	Tpos:251.1,Tstd:273.4,Bpos:256.5,Bstd:134.3,StrandBias:1.2,Multiplicity:1.75
0.100	0.100	0.700	0.100
0.700	0.100	0.100	0.100
0.100	0.100	0.700	0.100
0.100	0.100	0.100	0.700
0.700	0.100	0.100	0.100
0.100	0.100	0.100	0.700
0.700	0.100	0.100	0.100
0.100	0.700	0.100	0.100
