Factor1: 0.7435358286291824
Factor2: 1.3449251017851378
