>AAACAAATATCA	9-TGATATTTGTTT	10.012222	-14.000238	0	T:10.0(4.35%),B:275.4(0.55%),P:1e-6
0.784	0.048	0.061	0.107
0.730	0.043	0.118	0.109
0.698	0.035	0.125	0.142
0.248	0.473	0.119	0.161
0.915	0.023	0.009	0.053
0.597	0.112	0.158	0.133
0.743	0.067	0.071	0.119
0.212	0.142	0.056	0.590
0.623	0.128	0.096	0.153
0.143	0.161	0.101	0.595
0.242	0.456	0.116	0.186
0.780	0.057	0.010	0.153
