Factor1: 0.7656820320894026
Factor2: 1.3060251619999355
