Factor1: 1.0132455471935071
Factor2: 0.9869276038466758
