Factor1: 0.9761864243615332
Factor2: 1.024394495809589
