>TAACCGCA	1-TAACCGCA	5.420368	-275.390685	0	T:2163.0(34.76%),B:9361.7(21.85%),P:1e-119	Tpos:289.0,Tstd:241.1,Bpos:236.5,Bstd:145.8,StrandBias:0.1,Multiplicity:1.18
0.150	0.077	0.050	0.723
0.579	0.094	0.193	0.134
0.840	0.074	0.059	0.027
0.041	0.852	0.035	0.072
0.030	0.881	0.043	0.046
0.256	0.025	0.675	0.044
0.056	0.819	0.052	0.073
0.638	0.120	0.109	0.133
>TGTGGTTT	2-TGTGGTTT	6.664298	-270.697843	0	T:1738.0(27.93%),B:6971.7(16.27%),P:1e-117	Tpos:300.9,Tstd:260.7,Bpos:235.7,Bstd:143.8,StrandBias:0.1,Multiplicity:1.26
0.032	0.039	0.055	0.874
0.001	0.001	0.978	0.020
0.001	0.033	0.016	0.950
0.024	0.001	0.974	0.001
0.001	0.001	0.997	0.001
0.001	0.054	0.018	0.927
0.018	0.035	0.001	0.946
0.217	0.030	0.051	0.702
>ATGAGTCA	3-ATGAGTCA	6.346085	-225.463624	0	T:1006.0(16.17%),B:3435.4(8.02%),P:1e-97	Tpos:269.9,Tstd:219.4,Bpos:239.0,Bstd:140.7,StrandBias:-0.0,Multiplicity:1.15
0.682	0.126	0.129	0.063
0.001	0.001	0.001	0.997
0.001	0.001	0.981	0.017
0.979	0.003	0.001	0.017
0.013	0.292	0.686	0.009
0.001	0.001	0.001	0.997
0.046	0.952	0.001	0.001
0.995	0.001	0.003	0.001
>MCGGAAAY	4-MCGGAAAY	5.205005	-217.459220	0	T:2518.0(40.47%),B:12104.5(28.25%),P:1e-94	Tpos:304.5,Tstd:251.0,Bpos:238.0,Bstd:142.5,StrandBias:-0.0,Multiplicity:1.21
0.256	0.372	0.213	0.158
0.240	0.443	0.120	0.197
0.001	0.204	0.794	0.001
0.214	0.148	0.566	0.072
0.627	0.240	0.001	0.132
0.854	0.001	0.018	0.127
0.563	0.062	0.309	0.066
0.056	0.343	0.112	0.489
>ACAGGAAG	5-ACAGGAAG	7.868099	-212.768428	0	T:1562.0(25.10%),B:6478.0(15.12%),P:1e-92	Tpos:296.5,Tstd:246.8,Bpos:237.2,Bstd:138.5,StrandBias:0.0,Multiplicity:1.21
0.887	0.001	0.111	0.001
0.001	0.997	0.001	0.001
0.930	0.068	0.001	0.001
0.001	0.001	0.997	0.001
0.001	0.001	0.997	0.001
0.997	0.001	0.001	0.001
0.832	0.021	0.001	0.146
0.194	0.001	0.804	0.001
>ACATCAAA	6-ACATCAAA	9.462579	-132.069267	0	T:577.0(9.27%),B:1923.7(4.49%),P:1e-57	Tpos:281.8,Tstd:224.8,Bpos:242.9,Bstd:142.5,StrandBias:0.3,Multiplicity:1.07
0.997	0.001	0.001	0.001
0.001	0.709	0.289	0.001
0.716	0.001	0.001	0.282
0.001	0.001	0.001	0.997
0.001	0.997	0.001	0.001
0.997	0.001	0.001	0.001
0.997	0.001	0.001	0.001
0.997	0.001	0.001	0.001
>BATCAAAG	7-BATCAAAG	5.800799	-120.941973	0	T:1666.0(26.78%),B:8065.2(18.82%),P:1e-52	Tpos:295.4,Tstd:242.5,Bpos:235.7,Bstd:142.6,StrandBias:-0.0,Multiplicity:1.21
0.009	0.393	0.250	0.348
0.773	0.001	0.001	0.225
0.001	0.001	0.001	0.997
0.001	0.736	0.262	0.001
0.997	0.001	0.001	0.001
0.997	0.001	0.001	0.001
0.997	0.001	0.001	0.001
0.001	0.001	0.997	0.001
>RYTTCCYC	8-RYTTCCYC	7.601768	-120.896292	0	T:1610.0(25.88%),B:7729.1(18.04%),P:1e-52	Tpos:310.7,Tstd:256.1,Bpos:233.8,Bstd:140.0,StrandBias:0.1,Multiplicity:1.20
0.571	0.001	0.427	0.001
0.188	0.480	0.001	0.332
0.118	0.001	0.001	0.880
0.001	0.131	0.001	0.867
0.001	0.997	0.001	0.001
0.001	0.951	0.047	0.001
0.008	0.488	0.062	0.443
0.001	0.806	0.133	0.060
>GGGYGGGG	9-GGGYGGGG	7.432826	-112.739889	0	T:1814.0(29.15%),B:9079.2(21.19%),P:1e-48	Tpos:320.9,Tstd:262.4,Bpos:235.3,Bstd:144.8,StrandBias:0.0,Multiplicity:1.57
0.004	0.001	0.994	0.001
0.001	0.001	0.997	0.001
0.001	0.001	0.997	0.001
0.001	0.492	0.001	0.506
0.001	0.001	0.997	0.001
0.001	0.001	0.619	0.379
0.093	0.001	0.905	0.001
0.007	0.006	0.899	0.088
>TTTCCGTT	10-TTTCCGTT	6.522417	-100.383321	0	T:1537.0(24.70%),B:7567.4(17.66%),P:1e-43	Tpos:306.0,Tstd:257.6,Bpos:237.2,Bstd:146.1,StrandBias:-0.1,Multiplicity:1.26
0.044	0.118	0.053	0.785
0.060	0.079	0.012	0.849
0.054	0.041	0.034	0.871
0.023	0.834	0.066	0.077
0.242	0.617	0.104	0.037
0.024	0.223	0.587	0.166
0.091	0.165	0.039	0.705
0.099	0.100	0.044	0.757
>GGGMGGAG	11-GGGMGGAG	5.412007	-88.456808	0	T:1935.0(31.10%),B:10213.3(23.83%),P:1e-38	Tpos:326.6,Tstd:285.1,Bpos:236.5,Bstd:141.3,StrandBias:-0.0,Multiplicity:1.42
0.001	0.001	0.997	0.001
0.001	0.001	0.997	0.001
0.001	0.001	0.997	0.001
0.459	0.539	0.001	0.001
0.001	0.001	0.997	0.001
0.001	0.001	0.997	0.001
0.979	0.001	0.019	0.001
0.001	0.001	0.600	0.398
>ACTTTCWG	12-ACTTTCWG	2.802495	-81.805024	0	T:1797.0(28.88%),B:9460.1(22.08%),P:1e-35	Tpos:308.3,Tstd:245.9,Bpos:234.7,Bstd:144.7,StrandBias:0.0,Multiplicity:1.18
0.665	0.001	0.333	0.001
0.001	0.997	0.001	0.001
0.001	0.001	0.001	0.997
0.001	0.001	0.001	0.997
0.001	0.001	0.001	0.997
0.001	0.997	0.001	0.001
0.410	0.001	0.246	0.343
0.001	0.384	0.614	0.001
>VRCGTGAY	13-VRCGTGAY	4.742893	-60.108697	0	T:1855.0(29.81%),B:10240.7(23.90%),P:1e-26	Tpos:315.3,Tstd:276.2,Bpos:235.0,Bstd:155.0,StrandBias:0.0,Multiplicity:1.38
0.258	0.340	0.397	0.005
0.397	0.059	0.523	0.021
0.032	0.881	0.054	0.033
0.086	0.053	0.822	0.039
0.113	0.128	0.137	0.622
0.155	0.191	0.412	0.242
0.548	0.016	0.063	0.373
0.080	0.403	0.086	0.430
>ATTTGCAT	14-ATTTGCAT	8.236954	-54.497856	0	T:205.0(3.29%),B:638.8(1.49%),P:1e-23	Tpos:286.8,Tstd:237.9,Bpos:241.5,Bstd:139.4,StrandBias:0.0,Multiplicity:1.07
0.700	0.100	0.100	0.100
0.100	0.100	0.100	0.700
0.100	0.100	0.100	0.700
0.100	0.100	0.100	0.700
0.100	0.100	0.700	0.100
0.100	0.700	0.100	0.100
0.700	0.100	0.100	0.100
0.100	0.100	0.100	0.700
>GCTGTTTA	15-GCTGTTTA	6.680689	-49.149534	0	T:1440.0(23.14%),B:7838.2(18.29%),P:1e-21	Tpos:296.8,Tstd:260.7,Bpos:236.5,Bstd:143.1,StrandBias:-0.0,Multiplicity:1.17
0.026	0.047	0.889	0.038
0.099	0.805	0.095	0.001
0.032	0.014	0.001	0.953
0.041	0.050	0.796	0.113
0.001	0.051	0.001	0.947
0.021	0.001	0.001	0.977
0.047	0.001	0.034	0.918
0.712	0.046	0.058	0.184
>CCAATCGG	16-CCAATCGG	6.448814	-37.132362	0	T:519.0(8.34%),B:2462.4(5.75%),P:1e-16	Tpos:312.0,Tstd:258.9,Bpos:235.7,Bstd:145.8,StrandBias:-0.2,Multiplicity:1.10
0.324	0.674	0.001	0.001
0.073	0.870	0.056	0.001
0.997	0.001	0.001	0.001
0.997	0.001	0.001	0.001
0.001	0.213	0.001	0.785
0.001	0.923	0.001	0.075
0.031	0.033	0.935	0.001
0.001	0.153	0.756	0.090
>CTGCGGAT	17-CTGCGGAT	8.896973	-31.366410	0	T:171.0(2.75%),B:625.2(1.46%),P:1e-13	Tpos:333.5,Tstd:336.3,Bpos:238.7,Bstd:150.7,StrandBias:0.5,Multiplicity:1.03
0.001	0.997	0.001	0.001
0.001	0.169	0.001	0.829
0.001	0.001	0.997	0.001
0.001	0.997	0.001	0.001
0.001	0.001	0.997	0.001
0.001	0.001	0.997	0.001
0.997	0.001	0.001	0.001
0.326	0.001	0.001	0.672
>CGCAGGCG	18-CGCAGGCG	8.483139	-30.667070	0	T:342.0(5.50%),B:1543.7(3.60%),P:1e-13	Tpos:335.2,Tstd:262.5,Bpos:235.0,Bstd:162.4,StrandBias:0.3,Multiplicity:1.17
0.001	0.997	0.001	0.001
0.001	0.001	0.997	0.001
0.001	0.997	0.001	0.001
0.997	0.001	0.001	0.001
0.087	0.001	0.790	0.122
0.001	0.001	0.997	0.001
0.001	0.863	0.001	0.135
0.001	0.001	0.997	0.001
>CCACTAGA	19-CCACTAGA	9.894908	-27.860147	0	T:210.0(3.38%),B:855.2(2.00%),P:1e-12	Tpos:266.5,Tstd:189.1,Bpos:239.9,Bstd:137.5,StrandBias:0.0,Multiplicity:1.04
0.001	0.997	0.001	0.001
0.001	0.997	0.001	0.001
0.997	0.001	0.001	0.001
0.001	0.997	0.001	0.001
0.001	0.001	0.001	0.997
0.997	0.001	0.001	0.001
0.001	0.001	0.997	0.001
0.689	0.001	0.309	0.001
>ACCAGGGG	20-ACCAGGGG	9.354524	-20.153824	0	T:219.0(3.52%),B:988.5(2.31%),P:1e-8	Tpos:284.7,Tstd:220.4,Bpos:238.8,Bstd:136.5,StrandBias:0.1,Multiplicity:1.02
0.997	0.001	0.001	0.001
0.001	0.997	0.001	0.001
0.001	0.997	0.001	0.001
0.997	0.001	0.001	0.001
0.001	0.001	0.997	0.001
0.001	0.001	0.997	0.001
0.001	0.180	0.818	0.001
0.001	0.001	0.997	0.001
