>GACAGGAAGT	1-GACAGGAAGT	8.308308	-362.568409	0	T:1470.0(23.63%),B:4925.0(11.49%),P:1e-157	Tpos:296.9,Tstd:237.9,Bpos:235.2,Bstd:136.1,StrandBias:-0.1,Multiplicity:1.18
0.289	0.151	0.447	0.114
0.592	0.001	0.406	0.001
0.035	0.679	0.285	0.001
0.997	0.001	0.001	0.001
0.001	0.001	0.997	0.001
0.001	0.001	0.997	0.001
0.997	0.001	0.001	0.001
0.787	0.001	0.001	0.211
0.366	0.001	0.632	0.001
0.001	0.224	0.001	0.774
>NNWAACCACA	2-NNWAACCACA	7.518746	-281.251840	0	T:867.0(13.93%),B:2480.1(5.79%),P:1e-122	Tpos:303.4,Tstd:264.4,Bpos:232.4,Bstd:140.1,StrandBias:-0.0,Multiplicity:1.12
0.206	0.223	0.303	0.268
0.234	0.207	0.336	0.222
0.510	0.048	0.044	0.398
0.906	0.001	0.044	0.049
0.942	0.002	0.055	0.001
0.001	0.969	0.001	0.029
0.030	0.968	0.001	0.001
0.897	0.041	0.059	0.003
0.026	0.954	0.019	0.001
0.852	0.016	0.082	0.050
>NKNTGASTCA	3-NKNTGASTCA	6.446815	-219.556740	0	T:1063.0(17.08%),B:3758.4(8.77%),P:1e-95	Tpos:268.3,Tstd:216.3,Bpos:238.8,Bstd:140.7,StrandBias:-0.0,Multiplicity:1.15
0.229	0.286	0.269	0.217
0.183	0.172	0.376	0.270
0.278	0.211	0.307	0.205
0.033	0.049	0.036	0.882
0.079	0.083	0.612	0.226
0.679	0.176	0.064	0.081
0.054	0.373	0.449	0.124
0.097	0.001	0.019	0.883
0.165	0.799	0.034	0.002
0.827	0.007	0.127	0.039
>CACATCAAAG	4-CACATCAAAG	7.803236	-183.078261	0	T:921.0(14.80%),B:3286.8(7.67%),P:1e-79	Tpos:284.6,Tstd:232.0,Bpos:237.9,Bstd:139.9,StrandBias:0.1,Multiplicity:1.14
0.196	0.423	0.180	0.201
0.676	0.054	0.068	0.202
0.122	0.506	0.337	0.035
0.850	0.001	0.015	0.134
0.104	0.045	0.001	0.850
0.001	0.845	0.153	0.001
0.941	0.001	0.036	0.022
0.906	0.025	0.052	0.017
0.937	0.001	0.030	0.032
0.109	0.132	0.758	0.001
>CCACTAGGTG	5-CCACTAGGTG	8.953302	-168.718440	0	T:295.0(4.74%),B:573.1(1.34%),P:1e-73	Tpos:258.4,Tstd:192.2,Bpos:238.8,Bstd:140.8,StrandBias:-0.2,Multiplicity:1.02
0.033	0.950	0.016	0.001
0.008	0.958	0.033	0.001
0.922	0.051	0.001	0.026
0.001	0.923	0.075	0.001
0.107	0.126	0.007	0.760
0.981	0.001	0.017	0.001
0.001	0.001	0.997	0.001
0.097	0.001	0.895	0.007
0.014	0.022	0.165	0.799
0.001	0.001	0.997	0.001
>GAAAGTGAAA	6-GAAAGTGAAA	8.244964	-144.827514	0	T:986.0(15.85%),B:3915.4(9.14%),P:1e-62	Tpos:316.6,Tstd:258.1,Bpos:234.8,Bstd:145.9,StrandBias:-0.0,Multiplicity:1.17
0.061	0.023	0.805	0.111
0.884	0.001	0.114	0.001
0.919	0.013	0.001	0.067
0.958	0.001	0.040	0.001
0.175	0.235	0.589	0.001
0.117	0.108	0.053	0.722
0.250	0.015	0.734	0.001
0.965	0.001	0.001	0.033
0.603	0.084	0.216	0.097
0.833	0.001	0.103	0.063
>NTGCGGTTAN	7-NTGCGGTTAN	3.893419	-141.551936	0	T:2877.0(46.24%),B:15411.0(35.96%),P:1e-61	Tpos:309.8,Tstd:263.1,Bpos:237.6,Bstd:146.8,StrandBias:-0.0,Multiplicity:1.38
0.234	0.293	0.237	0.237
0.156	0.158	0.144	0.542
0.139	0.148	0.558	0.155
0.140	0.570	0.126	0.164
0.152	0.144	0.555	0.149
0.144	0.137	0.558	0.161
0.156	0.141	0.131	0.572
0.156	0.143	0.150	0.551
0.523	0.140	0.162	0.175
0.278	0.240	0.234	0.248
>GGGRATTTCC	8-GGGRATTTCC	8.055160	-121.925889	0	T:552.0(8.87%),B:1866.2(4.35%),P:1e-52	Tpos:315.2,Tstd:267.2,Bpos:237.2,Bstd:134.5,StrandBias:0.3,Multiplicity:1.07
0.001	0.014	0.922	0.063
0.024	0.063	0.902	0.011
0.001	0.024	0.950	0.025
0.323	0.114	0.438	0.124
0.500	0.183	0.228	0.089
0.241	0.072	0.034	0.653
0.097	0.006	0.001	0.896
0.001	0.292	0.001	0.706
0.001	0.868	0.001	0.130
0.001	0.961	0.026	0.012
>TAGTTTCCGT	9-TAGTTTCCGT	5.770800	-106.944914	0	T:1017.0(16.35%),B:4445.7(10.37%),P:1e-46	Tpos:308.9,Tstd:257.2,Bpos:237.2,Bstd:147.1,StrandBias:-0.0,Multiplicity:1.13
0.153	0.176	0.147	0.524
0.530	0.097	0.174	0.199
0.149	0.135	0.612	0.104
0.132	0.097	0.138	0.633
0.123	0.040	0.111	0.726
0.173	0.097	0.076	0.654
0.137	0.618	0.110	0.135
0.156	0.547	0.119	0.178
0.134	0.080	0.616	0.170
0.147	0.174	0.157	0.522
>TNTGWTGTGG	10-TNTGWTGTGG	7.872727	-104.671257	0	T:261.0(4.19%),B:649.5(1.52%),P:1e-45	Tpos:276.2,Tstd:209.9,Bpos:243.7,Bstd:136.5,StrandBias:-0.0,Multiplicity:1.01
0.142	0.012	0.034	0.812
0.223	0.336	0.246	0.195
0.298	0.032	0.197	0.473
0.023	0.233	0.491	0.253
0.501	0.055	0.086	0.358
0.180	0.019	0.044	0.757
0.069	0.016	0.667	0.248
0.123	0.258	0.048	0.571
0.171	0.071	0.741	0.017
0.018	0.031	0.890	0.061
>RMGCCACGYM	11-RMGCCACGYM	6.555872	-89.288060	0	T:558.0(8.97%),B:2129.1(4.97%),P:1e-38	Tpos:298.3,Tstd:243.3,Bpos:236.7,Bstd:145.8,StrandBias:-0.1,Multiplicity:1.13
0.453	0.207	0.305	0.034
0.394	0.266	0.124	0.217
0.327	0.043	0.501	0.129
0.294	0.615	0.034	0.057
0.046	0.515	0.129	0.310
0.686	0.242	0.050	0.022
0.036	0.923	0.020	0.021
0.354	0.048	0.507	0.091
0.159	0.439	0.045	0.357
0.397	0.534	0.021	0.048
>GGCTTTAAAG	12-GGCTTTAAAG	8.509023	-70.269559	0	T:454.0(7.30%),B:1749.1(4.08%),P:1e-30	Tpos:291.0,Tstd:228.8,Bpos:236.3,Bstd:144.2,StrandBias:0.0,Multiplicity:1.04
0.172	0.193	0.416	0.219
0.137	0.221	0.447	0.195
0.001	0.787	0.164	0.048
0.001	0.001	0.001	0.997
0.001	0.001	0.009	0.989
0.001	0.298	0.001	0.700
0.667	0.001	0.251	0.081
0.901	0.001	0.097	0.001
0.907	0.001	0.091	0.001
0.001	0.001	0.997	0.001
>ACCACATCAA	13-ACCACATCAA	10.296193	-67.292602	0	T:45.0(0.72%),B:30.6(0.07%),P:1e-29	Tpos:259.2,Tstd:196.0,Bpos:305.3,Bstd:111.2,StrandBias:0.0,Multiplicity:1.00
0.700	0.100	0.100	0.100
0.100	0.700	0.100	0.100
0.100	0.700	0.100	0.100
0.700	0.100	0.100	0.100
0.100	0.700	0.100	0.100
0.700	0.100	0.100	0.100
0.100	0.100	0.100	0.700
0.100	0.700	0.100	0.100
0.700	0.100	0.100	0.100
0.700	0.100	0.100	0.100
>NATTTGCATN	14-NATTTGCATN	7.171953	-65.963621	0	T:253.0(4.07%),B:793.8(1.85%),P:1e-28	Tpos:287.9,Tstd:246.6,Bpos:240.0,Bstd:135.4,StrandBias:-0.1,Multiplicity:1.06
0.237	0.278	0.307	0.179
0.703	0.203	0.001	0.093
0.258	0.138	0.080	0.524
0.191	0.107	0.063	0.639
0.159	0.194	0.064	0.583
0.262	0.098	0.601	0.039
0.123	0.697	0.111	0.069
0.852	0.001	0.001	0.146
0.001	0.198	0.051	0.750
0.279	0.220	0.248	0.253
>CCAGCAGGCG	15-CCAGCAGGCG	7.168305	-58.702162	0	T:902.0(14.50%),B:4381.3(10.22%),P:1e-25	Tpos:320.3,Tstd:279.1,Bpos:232.1,Bstd:148.5,StrandBias:0.0,Multiplicity:1.20
0.062	0.804	0.067	0.067
0.082	0.792	0.059	0.067
0.757	0.089	0.050	0.104
0.106	0.048	0.780	0.066
0.083	0.737	0.115	0.065
0.824	0.034	0.099	0.043
0.042	0.056	0.806	0.096
0.095	0.107	0.777	0.021
0.036	0.832	0.105	0.027
0.051	0.025	0.895	0.029
>AAGAAAACAC	16-AAGAAAACAC	7.289960	-55.129833	0	T:847.0(13.61%),B:4110.1(9.59%),P:1e-23	Tpos:296.5,Tstd:229.3,Bpos:233.7,Bstd:144.2,StrandBias:-0.0,Multiplicity:1.09
0.751	0.050	0.120	0.079
0.723	0.117	0.045	0.115
0.088	0.039	0.843	0.030
0.800	0.105	0.044	0.051
0.741	0.097	0.078	0.084
0.856	0.045	0.035	0.064
0.811	0.057	0.066	0.066
0.089	0.789	0.030	0.092
0.817	0.076	0.036	0.071
0.038	0.874	0.048	0.040
>GGGGGGGGGG	17-GGGGGGGGGG	6.404373	-53.543313	0	T:2834.0(45.55%),B:16833.3(39.28%),P:1e-23	Tpos:337.2,Tstd:288.1,Bpos:235.9,Bstd:142.1,StrandBias:0.0,Multiplicity:2.10
0.100	0.100	0.700	0.100
0.100	0.100	0.700	0.100
0.100	0.100	0.700	0.100
0.100	0.100	0.700	0.100
0.100	0.100	0.700	0.100
0.100	0.100	0.700	0.100
0.100	0.100	0.700	0.100
0.100	0.100	0.700	0.100
0.100	0.100	0.700	0.100
0.100	0.100	0.700	0.100
>YHCTTCCGGT	18-YHCTTCCGGT	8.815353	-49.737419	0	T:233.0(3.74%),B:798.9(1.86%),P:1e-21	Tpos:291.7,Tstd:225.8,Bpos:233.0,Bstd:156.2,StrandBias:-0.1,Multiplicity:1.07
0.001	0.397	0.125	0.477
0.379	0.272	0.001	0.348
0.001	0.841	0.001	0.157
0.001	0.001	0.001	0.997
0.001	0.001	0.001	0.997
0.001	0.997	0.001	0.001
0.001	0.997	0.001	0.001
0.001	0.001	0.997	0.001
0.001	0.073	0.693	0.233
0.001	0.081	0.181	0.737
>SYGTMACGTK	19-SYGTMACGTK	6.571730	-44.419225	0	T:222.0(3.57%),B:781.0(1.82%),P:1e-19	Tpos:305.5,Tstd:265.9,Bpos:242.2,Bstd:151.3,StrandBias:0.0,Multiplicity:1.06
0.216	0.418	0.323	0.043
0.176	0.348	0.182	0.293
0.069	0.090	0.778	0.063
0.316	0.197	0.012	0.475
0.338	0.455	0.171	0.037
0.517	0.117	0.048	0.318
0.039	0.645	0.066	0.250
0.033	0.041	0.743	0.183
0.045	0.084	0.057	0.814
0.208	0.038	0.401	0.353
>CCAATCSGAB	20-CCAATCSGAB	6.454159	-35.151077	0	T:107.0(1.72%),B:303.0(0.71%),P:1e-15	Tpos:318.0,Tstd:252.2,Bpos:240.6,Bstd:148.2,StrandBias:0.0,Multiplicity:1.06
0.266	0.576	0.093	0.065
0.108	0.578	0.173	0.141
0.494	0.283	0.133	0.090
0.527	0.182	0.054	0.237
0.050	0.088	0.117	0.745
0.044	0.583	0.060	0.313
0.170	0.278	0.399	0.153
0.028	0.037	0.649	0.286
0.531	0.253	0.062	0.154
0.168	0.230	0.359	0.243
>TCGACCCACT	21-TCGACCCACT	9.875495	-17.150973	0	T:53.0(0.85%),B:156.7(0.37%),P:1e-7	Tpos:253.8,Tstd:227.6,Bpos:241.4,Bstd:132.4,StrandBias:0.9,Multiplicity:1.11
0.001	0.001	0.006	0.992
0.054	0.941	0.001	0.004
0.001	0.068	0.897	0.034
0.977	0.001	0.021	0.001
0.001	0.996	0.001	0.002
0.001	0.858	0.001	0.140
0.141	0.682	0.099	0.078
0.700	0.141	0.075	0.084
0.002	0.842	0.141	0.015
0.021	0.001	0.066	0.912
>CCTAAATAAG	22-CCTAAATAAG	10.296193	-15.758785	0	T:11.0(0.18%),B:9.7(0.02%),P:1e-6	Tpos:216.8,Tstd:136.1,Bpos:265.5,Bstd:88.2,StrandBias:0.3,Multiplicity:1.00
0.100	0.700	0.100	0.100
0.100	0.700	0.100	0.100
0.100	0.100	0.100	0.700
0.700	0.100	0.100	0.100
0.700	0.100	0.100	0.100
0.700	0.100	0.100	0.100
0.100	0.100	0.100	0.700
0.700	0.100	0.100	0.100
0.700	0.100	0.100	0.100
0.100	0.100	0.700	0.100
>GACCCTCGCT	23-GACCCTCGCT	8.875305	-15.581162	0	T:77.0(1.24%),B:278.9(0.65%),P:1e-6	Tpos:348.2,Tstd:301.3,Bpos:225.5,Bstd:152.0,StrandBias:0.7,Multiplicity:1.03
0.001	0.001	0.997	0.001
0.840	0.158	0.001	0.001
0.001	0.997	0.001	0.001
0.206	0.687	0.075	0.032
0.001	0.899	0.099	0.001
0.001	0.001	0.001	0.997
0.001	0.939	0.001	0.059
0.001	0.001	0.997	0.001
0.130	0.721	0.001	0.148
0.036	0.014	0.001	0.949
>AATGGCGCCA	24-AATGGCGCCA	11.723937	-13.812899	0	T:8.0(0.13%),B:5.1(0.01%),P:1e-5	Tpos:230.7,Tstd:107.1,Bpos:323.5,Bstd:90.2,StrandBias:-1.0,Multiplicity:1.00
0.877	0.001	0.001	0.121
0.997	0.001	0.001	0.001
0.001	0.001	0.001	0.997
0.001	0.001	0.997	0.001
0.001	0.001	0.997	0.001
0.001	0.997	0.001	0.001
0.001	0.001	0.997	0.001
0.001	0.997	0.001	0.001
0.001	0.997	0.001	0.001
0.997	0.001	0.001	0.001
>TACCACATCT	25-TACCACATCT	10.296193	-5.781300	0	T:12.0(0.19%),B:33.0(0.08%),P:1e-2	Tpos:244.1,Tstd:149.1,Bpos:218.8,Bstd:137.4,StrandBias:0.0,Multiplicity:1.50
0.100	0.100	0.100	0.700
0.700	0.100	0.100	0.100
0.100	0.700	0.100	0.100
0.100	0.700	0.100	0.100
0.700	0.100	0.100	0.100
0.100	0.700	0.100	0.100
0.700	0.100	0.100	0.100
0.100	0.100	0.100	0.700
0.100	0.700	0.100	0.100
0.100	0.100	0.100	0.700
>RACAGGAAGTDN	1-RACAGGAAGTDN	8.125115	-350.224307	0	T:1498.0(24.08%),B:5139.4(11.99%),P:1e-152	Tpos:292.5,Tstd:235.4,Bpos:233.8,Bstd:139.6,StrandBias:0.0,Multiplicity:1.21
0.381	0.198	0.258	0.162
0.629	0.001	0.286	0.084
0.202	0.543	0.190	0.065
0.997	0.001	0.001	0.001
0.001	0.001	0.997	0.001
0.162	0.001	0.835	0.002
0.997	0.001	0.001	0.001
0.739	0.001	0.003	0.257
0.299	0.114	0.586	0.001
0.025	0.291	0.071	0.613
0.237	0.131	0.345	0.287
0.301	0.201	0.317	0.181
>GCCCYCTRGTGG	2-GCCCYCTRGTGG	10.433071	-268.721301	0	T:313.0(5.03%),B:420.4(0.98%),P:1e-116	Tpos:263.1,Tstd:192.6,Bpos:225.5,Bstd:138.7,StrandBias:0.2,Multiplicity:1.02
0.126	0.001	0.805	0.068
0.109	0.837	0.001	0.053
0.039	0.927	0.020	0.014
0.399	0.589	0.011	0.001
0.001	0.534	0.010	0.455
0.038	0.960	0.001	0.001
0.105	0.053	0.086	0.756
0.388	0.020	0.412	0.180
0.001	0.308	0.690	0.001
0.062	0.066	0.001	0.871
0.001	0.001	0.997	0.001
0.030	0.020	0.858	0.092
>WAACCACARAVR	3-WAACCACARAVR	9.010431	-233.161417	0	T:575.0(9.24%),B:1431.3(3.34%),P:1e-101	Tpos:295.4,Tstd:239.9,Bpos:232.6,Bstd:139.0,StrandBias:0.2,Multiplicity:1.09
0.429	0.062	0.042	0.467
0.896	0.019	0.031	0.054
0.811	0.067	0.121	0.001
0.035	0.963	0.001	0.001
0.001	0.997	0.001	0.001
0.914	0.001	0.001	0.084
0.001	0.954	0.044	0.001
0.997	0.001	0.001	0.001
0.453	0.084	0.441	0.023
0.662	0.110	0.140	0.088
0.329	0.268	0.283	0.120
0.403	0.229	0.296	0.072
>DKNTGASTCANH	4-DKNTGASTCANH	5.679203	-221.503443	0	T:940.0(15.11%),B:3135.3(7.32%),P:1e-96	Tpos:269.2,Tstd:216.5,Bpos:238.5,Bstd:139.5,StrandBias:-0.0,Multiplicity:1.14
0.318	0.057	0.303	0.322
0.187	0.164	0.287	0.362
0.259	0.232	0.273	0.236
0.001	0.001	0.001	0.997
0.001	0.001	0.997	0.001
0.984	0.001	0.001	0.014
0.008	0.493	0.497	0.001
0.001	0.001	0.001	0.997
0.018	0.980	0.001	0.001
0.988	0.001	0.001	0.010
0.162	0.260	0.269	0.310
0.313	0.272	0.156	0.260
>ACTTTCACTTTC	5-ACTTTCACTTTC	9.762638	-192.471059	0	T:331.0(5.32%),B:635.3(1.48%),P:1e-83	Tpos:337.6,Tstd:276.1,Bpos:229.8,Bstd:143.5,StrandBias:0.2,Multiplicity:1.08
0.710	0.090	0.100	0.100
0.010	0.582	0.338	0.070
0.071	0.029	0.001	0.899
0.028	0.115	0.014	0.843
0.037	0.001	0.001	0.961
0.028	0.840	0.039	0.093
0.764	0.065	0.084	0.087
0.022	0.621	0.193	0.164
0.001	0.055	0.001	0.943
0.070	0.042	0.014	0.874
0.014	0.056	0.028	0.902
0.080	0.722	0.053	0.145
>NVTGTGGTTTNN	6-NVTGTGGTTTNN	6.815655	-189.743963	0	T:1488.0(23.92%),B:6270.6(14.63%),P:1e-82	Tpos:294.8,Tstd:243.5,Bpos:235.3,Bstd:139.6,StrandBias:0.2,Multiplicity:1.14
0.242	0.218	0.312	0.228
0.288	0.337	0.277	0.099
0.044	0.204	0.029	0.723
0.015	0.057	0.870	0.058
0.044	0.254	0.058	0.644
0.022	0.117	0.859	0.002
0.070	0.003	0.892	0.035
0.037	0.086	0.072	0.805
0.135	0.086	0.066	0.713
0.054	0.080	0.065	0.801
0.168	0.281	0.254	0.297
0.306	0.306	0.203	0.185
>CTTTGATGTGGT	7-CTTTGATGTGGT	8.302170	-178.615297	0	T:442.0(7.10%),B:1097.5(2.56%),P:1e-77	Tpos:283.2,Tstd:206.7,Bpos:237.3,Bstd:137.6,StrandBias:-0.0,Multiplicity:1.07
0.115	0.489	0.174	0.222
0.104	0.138	0.019	0.739
0.061	0.177	0.155	0.607
0.119	0.025	0.076	0.780
0.056	0.146	0.649	0.149
0.637	0.064	0.099	0.200
0.157	0.018	0.045	0.780
0.027	0.085	0.789	0.099
0.054	0.021	0.033	0.892
0.089	0.031	0.748	0.132
0.170	0.095	0.619	0.116
0.107	0.207	0.192	0.494
>GKGGGCGGGGCY	8-GKGGGCGGGGCY	8.257850	-150.936058	0	T:1625.0(26.12%),B:7455.1(17.40%),P:1e-65	Tpos:323.6,Tstd:259.0,Bpos:236.9,Bstd:144.2,StrandBias:0.0,Multiplicity:1.58
0.156	0.077	0.636	0.131
0.194	0.034	0.444	0.328
0.109	0.001	0.889	0.001
0.036	0.001	0.962	0.001
0.001	0.021	0.977	0.001
0.194	0.506	0.014	0.286
0.006	0.001	0.974	0.019
0.008	0.018	0.678	0.296
0.227	0.024	0.732	0.017
0.068	0.032	0.880	0.020
0.092	0.727	0.090	0.091
0.129	0.293	0.181	0.398
>KGGGRAATYCCC	9-KGGGRAATYCCC	9.771648	-144.220039	0	T:240.0(3.86%),B:448.4(1.05%),P:1e-62	Tpos:316.1,Tstd:242.7,Bpos:233.5,Bstd:131.9,StrandBias:-0.0,Multiplicity:1.06
0.190	0.039	0.409	0.362
0.001	0.001	0.767	0.231
0.030	0.001	0.968	0.001
0.014	0.001	0.984	0.001
0.573	0.001	0.425	0.001
0.997	0.001	0.001	0.001
0.523	0.110	0.158	0.209
0.139	0.164	0.135	0.562
0.076	0.395	0.038	0.491
0.023	0.966	0.001	0.010
0.063	0.935	0.001	0.001
0.236	0.716	0.015	0.033
>AAACATCAAAGC	10-AAACATCAAAGC	8.673286	-127.855937	0	T:509.0(8.18%),B:1626.2(3.79%),P:1e-55	Tpos:270.1,Tstd:207.9,Bpos:237.1,Bstd:140.8,StrandBias:0.2,Multiplicity:1.06
0.713	0.017	0.070	0.200
0.532	0.117	0.274	0.077
0.754	0.041	0.137	0.068
0.027	0.521	0.345	0.107
0.621	0.038	0.001	0.340
0.087	0.001	0.024	0.888
0.001	0.941	0.036	0.022
0.989	0.001	0.001	0.009
0.930	0.016	0.053	0.001
0.997	0.001	0.001	0.001
0.001	0.004	0.994	0.001
0.228	0.408	0.221	0.143
>AGTGAAACTGCA	11-AGTGAAACTGCA	8.771576	-67.998657	0	T:324.0(5.21%),B:1115.9(2.60%),P:1e-29	Tpos:281.8,Tstd:221.3,Bpos:239.4,Bstd:139.6,StrandBias:-0.2,Multiplicity:1.02
0.874	0.022	0.011	0.093
0.042	0.075	0.850	0.033
0.112	0.001	0.055	0.832
0.078	0.076	0.800	0.046
0.870	0.026	0.064	0.040
0.891	0.047	0.054	0.008
0.852	0.032	0.029	0.087
0.087	0.851	0.040	0.022
0.069	0.022	0.065	0.844
0.051	0.082	0.773	0.094
0.152	0.732	0.059	0.057
0.831	0.051	0.032	0.086
>GTTTTTTTTTCC	12-GTTTTTTTTTCC	8.646459	-67.290919	0	T:904.0(14.53%),B:4272.1(9.97%),P:1e-29	Tpos:330.1,Tstd:282.7,Bpos:233.3,Bstd:152.4,StrandBias:-0.0,Multiplicity:1.15
0.018	0.060	0.754	0.168
0.001	0.028	0.090	0.881
0.001	0.069	0.016	0.914
0.016	0.108	0.001	0.875
0.009	0.350	0.016	0.625
0.123	0.105	0.285	0.486
0.032	0.068	0.281	0.619
0.001	0.031	0.001	0.967
0.001	0.001	0.001	0.997
0.001	0.071	0.026	0.902
0.001	0.623	0.163	0.213
0.229	0.769	0.001	0.001
>TATGCAAATCMG	13-TATGCAAATCMG	10.166251	-62.332053	0	T:102.0(1.64%),B:190.7(0.44%),P:1e-27	Tpos:299.0,Tstd:214.2,Bpos:243.5,Bstd:130.6,StrandBias:0.2,Multiplicity:1.02
0.101	0.004	0.001	0.894
0.936	0.001	0.037	0.026
0.001	0.001	0.001	0.997
0.001	0.001	0.997	0.001
0.037	0.888	0.001	0.074
0.997	0.001	0.001	0.001
0.888	0.074	0.001	0.037
0.962	0.036	0.001	0.001
0.074	0.037	0.020	0.869
0.136	0.632	0.195	0.037
0.331	0.442	0.037	0.191
0.145	0.063	0.532	0.260
>GGGCGGGTTTTT	14-GGGCGGGTTTTT	9.420098	-51.028806	0	T:180.0(2.89%),B:544.6(1.27%),P:1e-22	Tpos:299.2,Tstd:218.1,Bpos:232.6,Bstd:145.6,StrandBias:-0.2,Multiplicity:1.02
0.079	0.001	0.803	0.117
0.021	0.021	0.957	0.001
0.021	0.042	0.880	0.057
0.096	0.882	0.021	0.001
0.163	0.021	0.609	0.207
0.001	0.001	0.957	0.041
0.015	0.043	0.769	0.173
0.015	0.124	0.085	0.776
0.021	0.001	0.360	0.618
0.001	0.274	0.036	0.689
0.021	0.136	0.020	0.823
0.001	0.118	0.156	0.725
>CTGAGGTGAATA	15-CTGAGGTGAATA	6.865423	-45.260962	0	T:1036.0(16.65%),B:5408.3(12.62%),P:1e-19	Tpos:301.2,Tstd:267.9,Bpos:235.7,Bstd:137.6,StrandBias:0.0,Multiplicity:1.12
0.075	0.742	0.071	0.112
0.111	0.055	0.047	0.787
0.081	0.094	0.759	0.066
0.782	0.050	0.081	0.087
0.063	0.051	0.774	0.112
0.095	0.070	0.732	0.103
0.048	0.028	0.084	0.840
0.100	0.086	0.727	0.087
0.766	0.086	0.091	0.057
0.728	0.092	0.087	0.093
0.142	0.097	0.078	0.683
0.684	0.134	0.086	0.096
>GTTGCCAWGGCA	16-GTTGCCAWGGCA	9.578081	-37.114394	0	T:168.0(2.70%),B:570.9(1.33%),P:1e-16	Tpos:264.4,Tstd:178.1,Bpos:239.3,Bstd:138.7,StrandBias:-0.1,Multiplicity:1.04
0.016	0.001	0.982	0.001
0.001	0.052	0.001	0.946
0.001	0.194	0.043	0.762
0.160	0.058	0.666	0.116
0.001	0.900	0.001	0.098
0.069	0.719	0.001	0.211
0.686	0.072	0.126	0.116
0.451	0.030	0.148	0.371
0.122	0.001	0.876	0.001
0.238	0.017	0.744	0.001
0.249	0.592	0.081	0.078
0.919	0.001	0.001	0.079
>CTGCGCATGCGC	17-CTGCGCATGCGC	8.829071	-35.695703	0	T:372.0(5.98%),B:1649.3(3.85%),P:1e-15	Tpos:331.8,Tstd:281.9,Bpos:234.8,Bstd:154.6,StrandBias:-0.2,Multiplicity:1.22
0.067	0.803	0.107	0.023
0.125	0.125	0.095	0.655
0.024	0.089	0.886	0.001
0.058	0.745	0.188	0.009
0.106	0.059	0.820	0.015
0.001	0.797	0.197	0.005
0.702	0.169	0.005	0.124
0.025	0.168	0.233	0.574
0.001	0.123	0.875	0.001
0.003	0.804	0.001	0.192
0.087	0.200	0.551	0.162
0.001	0.843	0.005	0.151
>CGAATATGGGTA	18-CGAATATGGGTA	10.409522	-20.758777	0	T:8.0(0.13%),B:2.5(0.01%),P:1e-9	Tpos:363.0,Tstd:231.2,Bpos:390.8,Bstd:32.6,StrandBias:2.8,Multiplicity:1.00
0.100	0.700	0.100	0.100
0.100	0.100	0.700	0.100
0.700	0.100	0.100	0.100
0.700	0.100	0.100	0.100
0.100	0.100	0.100	0.700
0.700	0.100	0.100	0.100
0.100	0.100	0.100	0.700
0.100	0.100	0.700	0.100
0.100	0.100	0.700	0.100
0.100	0.100	0.700	0.100
0.100	0.100	0.100	0.700
0.700	0.100	0.100	0.100
>GCTACAGTCTGG	19-GCTACAGTCTGG	12.355432	-17.437587	0	T:7.0(0.11%),B:3.0(0.01%),P:1e-7	Tpos:172.1,Tstd:88.5,Bpos:239.8,Bstd:118.3,StrandBias:1.3,Multiplicity:1.00
0.100	0.100	0.700	0.100
0.100	0.700	0.100	0.100
0.100	0.100	0.100	0.700
0.700	0.100	0.100	0.100
0.100	0.700	0.100	0.100
0.700	0.100	0.100	0.100
0.100	0.100	0.700	0.100
0.100	0.100	0.100	0.700
0.100	0.700	0.100	0.100
0.100	0.100	0.100	0.700
0.100	0.100	0.700	0.100
0.100	0.100	0.700	0.100
>AAGGCTTCTGGC	20-AAGGCTTCTGGC	12.355432	-17.437587	0	T:7.0(0.11%),B:2.7(0.01%),P:1e-7	Tpos:287.4,Tstd:138.1,Bpos:379.9,Bstd:51.3,StrandBias:-1.3,Multiplicity:1.00
0.700	0.100	0.100	0.100
0.700	0.100	0.100	0.100
0.100	0.100	0.700	0.100
0.100	0.100	0.700	0.100
0.100	0.700	0.100	0.100
0.100	0.100	0.100	0.700
0.100	0.100	0.100	0.700
0.100	0.700	0.100	0.100
0.100	0.100	0.100	0.700
0.100	0.100	0.700	0.100
0.100	0.100	0.700	0.100
0.100	0.700	0.100	0.100
>TGAGGTACTGTG	21-TGAGGTACTGTG	12.355432	-11.013554	0	T:4.0(0.06%),B:2.0(0.00%),P:1e-4	Tpos:146.3,Tstd:99.2,Bpos:393.0,Bstd:0.0,StrandBias:10.0,Multiplicity:2.50
0.100	0.100	0.100	0.700
0.100	0.100	0.700	0.100
0.700	0.100	0.100	0.100
0.100	0.100	0.700	0.100
0.100	0.100	0.700	0.100
0.100	0.100	0.100	0.700
0.700	0.100	0.100	0.100
0.100	0.700	0.100	0.100
0.100	0.100	0.100	0.700
0.100	0.100	0.700	0.100
0.100	0.100	0.100	0.700
0.100	0.100	0.700	0.100
>GGACACACCCTT	22-GGACACACCCTT	12.355432	-5.717938	0	T:3.0(0.05%),B:2.0(0.00%),P:1e-2	Tpos:125.0,Tstd:63.7,Bpos:233.3,Bstd:129.4,StrandBias:3.2,Multiplicity:3.33
0.100	0.100	0.700	0.100
0.100	0.100	0.700	0.100
0.700	0.100	0.100	0.100
0.100	0.700	0.100	0.100
0.700	0.100	0.100	0.100
0.100	0.700	0.100	0.100
0.700	0.100	0.100	0.100
0.100	0.700	0.100	0.100
0.100	0.700	0.100	0.100
0.100	0.700	0.100	0.100
0.100	0.100	0.100	0.700
0.100	0.100	0.100	0.700
>CCATAGAAATGC	23-CCATAGAAATGC	12.355432	-5.717938	0	T:3.0(0.05%),B:2.8(0.01%),P:1e-2	Tpos:100.9,Tstd:59.1,Bpos:428.7,Bstd:25.0,StrandBias:10.0,Multiplicity:2.33
0.100	0.700	0.100	0.100
0.100	0.700	0.100	0.100
0.700	0.100	0.100	0.100
0.100	0.100	0.100	0.700
0.700	0.100	0.100	0.100
0.100	0.100	0.700	0.100
0.700	0.100	0.100	0.100
0.700	0.100	0.100	0.100
0.700	0.100	0.100	0.100
0.100	0.100	0.100	0.700
0.100	0.100	0.700	0.100
0.100	0.700	0.100	0.100
>AGTGATGGAGAT	24-AGTGATGGAGAT	14.490517	-5.717938	0	T:3.0(0.05%),B:2.6(0.01%),P:1e-2	Tpos:172.4,Tstd:124.4,Bpos:371.4,Bstd:123.4,StrandBias:1.3,Multiplicity:2.33
0.997	0.001	0.001	0.001
0.001	0.001	0.997	0.001
0.001	0.001	0.001	0.997
0.001	0.001	0.997	0.001
0.997	0.001	0.001	0.001
0.001	0.001	0.001	0.997
0.121	0.001	0.877	0.001
0.001	0.001	0.997	0.001
0.997	0.001	0.001	0.001
0.001	0.001	0.997	0.001
0.997	0.001	0.001	0.001
0.001	0.001	0.001	0.997
>AGTGGCTGCAGT	25-AGTGGCTGCAGT	12.355432	-2.001392	0	T:1.0(0.02%),B:1.4(0.00%),P:1e0	Tpos:212.5,Tstd:70.0,Bpos:364.0,Bstd:0.0,StrandBias:10.0,Multiplicity:6.00
0.700	0.100	0.100	0.100
0.100	0.100	0.700	0.100
0.100	0.100	0.100	0.700
0.100	0.100	0.700	0.100
0.100	0.100	0.700	0.100
0.100	0.700	0.100	0.100
0.100	0.100	0.100	0.700
0.100	0.100	0.700	0.100
0.100	0.700	0.100	0.100
0.700	0.100	0.100	0.100
0.100	0.100	0.700	0.100
0.100	0.100	0.100	0.700
>TAACCGCA	1-TAACCGCA	5.420368	-275.390685	0	T:2163.0(34.76%),B:9361.7(21.85%),P:1e-119	Tpos:289.0,Tstd:241.1,Bpos:236.5,Bstd:145.8,StrandBias:0.1,Multiplicity:1.18
0.150	0.077	0.050	0.723
0.579	0.094	0.193	0.134
0.840	0.074	0.059	0.027
0.041	0.852	0.035	0.072
0.030	0.881	0.043	0.046
0.256	0.025	0.675	0.044
0.056	0.819	0.052	0.073
0.638	0.120	0.109	0.133
>TGTGGTTT	2-TGTGGTTT	6.664298	-270.697843	0	T:1738.0(27.93%),B:6971.7(16.27%),P:1e-117	Tpos:300.9,Tstd:260.7,Bpos:235.7,Bstd:143.8,StrandBias:0.1,Multiplicity:1.26
0.032	0.039	0.055	0.874
0.001	0.001	0.978	0.020
0.001	0.033	0.016	0.950
0.024	0.001	0.974	0.001
0.001	0.001	0.997	0.001
0.001	0.054	0.018	0.927
0.018	0.035	0.001	0.946
0.217	0.030	0.051	0.702
>ATGAGTCA	3-ATGAGTCA	6.346085	-225.463624	0	T:1006.0(16.17%),B:3435.4(8.02%),P:1e-97	Tpos:269.9,Tstd:219.4,Bpos:239.0,Bstd:140.7,StrandBias:-0.0,Multiplicity:1.15
0.682	0.126	0.129	0.063
0.001	0.001	0.001	0.997
0.001	0.001	0.981	0.017
0.979	0.003	0.001	0.017
0.013	0.292	0.686	0.009
0.001	0.001	0.001	0.997
0.046	0.952	0.001	0.001
0.995	0.001	0.003	0.001
>MCGGAAAY	4-MCGGAAAY	5.205005	-217.459220	0	T:2518.0(40.47%),B:12104.5(28.25%),P:1e-94	Tpos:304.5,Tstd:251.0,Bpos:238.0,Bstd:142.5,StrandBias:-0.0,Multiplicity:1.21
0.256	0.372	0.213	0.158
0.240	0.443	0.120	0.197
0.001	0.204	0.794	0.001
0.214	0.148	0.566	0.072
0.627	0.240	0.001	0.132
0.854	0.001	0.018	0.127
0.563	0.062	0.309	0.066
0.056	0.343	0.112	0.489
>ACAGGAAG	5-ACAGGAAG	7.868099	-212.768428	0	T:1562.0(25.10%),B:6478.0(15.12%),P:1e-92	Tpos:296.5,Tstd:246.8,Bpos:237.2,Bstd:138.5,StrandBias:0.0,Multiplicity:1.21
0.887	0.001	0.111	0.001
0.001	0.997	0.001	0.001
0.930	0.068	0.001	0.001
0.001	0.001	0.997	0.001
0.001	0.001	0.997	0.001
0.997	0.001	0.001	0.001
0.832	0.021	0.001	0.146
0.194	0.001	0.804	0.001
>ACATCAAA	6-ACATCAAA	9.462579	-132.069267	0	T:577.0(9.27%),B:1923.7(4.49%),P:1e-57	Tpos:281.8,Tstd:224.8,Bpos:242.9,Bstd:142.5,StrandBias:0.3,Multiplicity:1.07
0.997	0.001	0.001	0.001
0.001	0.709	0.289	0.001
0.716	0.001	0.001	0.282
0.001	0.001	0.001	0.997
0.001	0.997	0.001	0.001
0.997	0.001	0.001	0.001
0.997	0.001	0.001	0.001
0.997	0.001	0.001	0.001
>BATCAAAG	7-BATCAAAG	5.800799	-120.941973	0	T:1666.0(26.78%),B:8065.2(18.82%),P:1e-52	Tpos:295.4,Tstd:242.5,Bpos:235.7,Bstd:142.6,StrandBias:-0.0,Multiplicity:1.21
0.009	0.393	0.250	0.348
0.773	0.001	0.001	0.225
0.001	0.001	0.001	0.997
0.001	0.736	0.262	0.001
0.997	0.001	0.001	0.001
0.997	0.001	0.001	0.001
0.997	0.001	0.001	0.001
0.001	0.001	0.997	0.001
>RYTTCCYC	8-RYTTCCYC	7.601768	-120.896292	0	T:1610.0(25.88%),B:7729.1(18.04%),P:1e-52	Tpos:310.7,Tstd:256.1,Bpos:233.8,Bstd:140.0,StrandBias:0.1,Multiplicity:1.20
0.571	0.001	0.427	0.001
0.188	0.480	0.001	0.332
0.118	0.001	0.001	0.880
0.001	0.131	0.001	0.867
0.001	0.997	0.001	0.001
0.001	0.951	0.047	0.001
0.008	0.488	0.062	0.443
0.001	0.806	0.133	0.060
>GGGYGGGG	9-GGGYGGGG	7.432826	-112.739889	0	T:1814.0(29.15%),B:9079.2(21.19%),P:1e-48	Tpos:320.9,Tstd:262.4,Bpos:235.3,Bstd:144.8,StrandBias:0.0,Multiplicity:1.57
0.004	0.001	0.994	0.001
0.001	0.001	0.997	0.001
0.001	0.001	0.997	0.001
0.001	0.492	0.001	0.506
0.001	0.001	0.997	0.001
0.001	0.001	0.619	0.379
0.093	0.001	0.905	0.001
0.007	0.006	0.899	0.088
>TTTCCGTT	10-TTTCCGTT	6.522417	-100.383321	0	T:1537.0(24.70%),B:7567.4(17.66%),P:1e-43	Tpos:306.0,Tstd:257.6,Bpos:237.2,Bstd:146.1,StrandBias:-0.1,Multiplicity:1.26
0.044	0.118	0.053	0.785
0.060	0.079	0.012	0.849
0.054	0.041	0.034	0.871
0.023	0.834	0.066	0.077
0.242	0.617	0.104	0.037
0.024	0.223	0.587	0.166
0.091	0.165	0.039	0.705
0.099	0.100	0.044	0.757
>GGGMGGAG	11-GGGMGGAG	5.412007	-88.456808	0	T:1935.0(31.10%),B:10213.3(23.83%),P:1e-38	Tpos:326.6,Tstd:285.1,Bpos:236.5,Bstd:141.3,StrandBias:-0.0,Multiplicity:1.42
0.001	0.001	0.997	0.001
0.001	0.001	0.997	0.001
0.001	0.001	0.997	0.001
0.459	0.539	0.001	0.001
0.001	0.001	0.997	0.001
0.001	0.001	0.997	0.001
0.979	0.001	0.019	0.001
0.001	0.001	0.600	0.398
>ACTTTCWG	12-ACTTTCWG	2.802495	-81.805024	0	T:1797.0(28.88%),B:9460.1(22.08%),P:1e-35	Tpos:308.3,Tstd:245.9,Bpos:234.7,Bstd:144.7,StrandBias:0.0,Multiplicity:1.18
0.665	0.001	0.333	0.001
0.001	0.997	0.001	0.001
0.001	0.001	0.001	0.997
0.001	0.001	0.001	0.997
0.001	0.001	0.001	0.997
0.001	0.997	0.001	0.001
0.410	0.001	0.246	0.343
0.001	0.384	0.614	0.001
>VRCGTGAY	13-VRCGTGAY	4.742893	-60.108697	0	T:1855.0(29.81%),B:10240.7(23.90%),P:1e-26	Tpos:315.3,Tstd:276.2,Bpos:235.0,Bstd:155.0,StrandBias:0.0,Multiplicity:1.38
0.258	0.340	0.397	0.005
0.397	0.059	0.523	0.021
0.032	0.881	0.054	0.033
0.086	0.053	0.822	0.039
0.113	0.128	0.137	0.622
0.155	0.191	0.412	0.242
0.548	0.016	0.063	0.373
0.080	0.403	0.086	0.430
>ATTTGCAT	14-ATTTGCAT	8.236954	-54.497856	0	T:205.0(3.29%),B:638.8(1.49%),P:1e-23	Tpos:286.8,Tstd:237.9,Bpos:241.5,Bstd:139.4,StrandBias:0.0,Multiplicity:1.07
0.700	0.100	0.100	0.100
0.100	0.100	0.100	0.700
0.100	0.100	0.100	0.700
0.100	0.100	0.100	0.700
0.100	0.100	0.700	0.100
0.100	0.700	0.100	0.100
0.700	0.100	0.100	0.100
0.100	0.100	0.100	0.700
>GCTGTTTA	15-GCTGTTTA	6.680689	-49.149534	0	T:1440.0(23.14%),B:7838.2(18.29%),P:1e-21	Tpos:296.8,Tstd:260.7,Bpos:236.5,Bstd:143.1,StrandBias:-0.0,Multiplicity:1.17
0.026	0.047	0.889	0.038
0.099	0.805	0.095	0.001
0.032	0.014	0.001	0.953
0.041	0.050	0.796	0.113
0.001	0.051	0.001	0.947
0.021	0.001	0.001	0.977
0.047	0.001	0.034	0.918
0.712	0.046	0.058	0.184
>CCAATCGG	16-CCAATCGG	6.448814	-37.132362	0	T:519.0(8.34%),B:2462.4(5.75%),P:1e-16	Tpos:312.0,Tstd:258.9,Bpos:235.7,Bstd:145.8,StrandBias:-0.2,Multiplicity:1.10
0.324	0.674	0.001	0.001
0.073	0.870	0.056	0.001
0.997	0.001	0.001	0.001
0.997	0.001	0.001	0.001
0.001	0.213	0.001	0.785
0.001	0.923	0.001	0.075
0.031	0.033	0.935	0.001
0.001	0.153	0.756	0.090
>CTGCGGAT	17-CTGCGGAT	8.896973	-31.366410	0	T:171.0(2.75%),B:625.2(1.46%),P:1e-13	Tpos:333.5,Tstd:336.3,Bpos:238.7,Bstd:150.7,StrandBias:0.5,Multiplicity:1.03
0.001	0.997	0.001	0.001
0.001	0.169	0.001	0.829
0.001	0.001	0.997	0.001
0.001	0.997	0.001	0.001
0.001	0.001	0.997	0.001
0.001	0.001	0.997	0.001
0.997	0.001	0.001	0.001
0.326	0.001	0.001	0.672
>CGCAGGCG	18-CGCAGGCG	8.483139	-30.667070	0	T:342.0(5.50%),B:1543.7(3.60%),P:1e-13	Tpos:335.2,Tstd:262.5,Bpos:235.0,Bstd:162.4,StrandBias:0.3,Multiplicity:1.17
0.001	0.997	0.001	0.001
0.001	0.001	0.997	0.001
0.001	0.997	0.001	0.001
0.997	0.001	0.001	0.001
0.087	0.001	0.790	0.122
0.001	0.001	0.997	0.001
0.001	0.863	0.001	0.135
0.001	0.001	0.997	0.001
>CCACTAGA	19-CCACTAGA	9.894908	-27.860147	0	T:210.0(3.38%),B:855.2(2.00%),P:1e-12	Tpos:266.5,Tstd:189.1,Bpos:239.9,Bstd:137.5,StrandBias:0.0,Multiplicity:1.04
0.001	0.997	0.001	0.001
0.001	0.997	0.001	0.001
0.997	0.001	0.001	0.001
0.001	0.997	0.001	0.001
0.001	0.001	0.001	0.997
0.997	0.001	0.001	0.001
0.001	0.001	0.997	0.001
0.689	0.001	0.309	0.001
>ACCAGGGG	20-ACCAGGGG	9.354524	-20.153824	0	T:219.0(3.52%),B:988.5(2.31%),P:1e-8	Tpos:284.7,Tstd:220.4,Bpos:238.8,Bstd:136.5,StrandBias:0.1,Multiplicity:1.02
0.997	0.001	0.001	0.001
0.001	0.997	0.001	0.001
0.001	0.997	0.001	0.001
0.997	0.001	0.001	0.001
0.001	0.001	0.997	0.001
0.001	0.001	0.997	0.001
0.001	0.180	0.818	0.001
0.001	0.001	0.997	0.001
