>RACAGGAAGTDN	1-RACAGGAAGTDN	8.125115	-350.224307	0	T:1498.0(24.08%),B:5139.4(11.99%),P:1e-152	Tpos:292.5,Tstd:235.4,Bpos:233.8,Bstd:139.6,StrandBias:0.0,Multiplicity:1.21
0.381	0.198	0.258	0.162
0.629	0.001	0.286	0.084
0.202	0.543	0.190	0.065
0.997	0.001	0.001	0.001
0.001	0.001	0.997	0.001
0.162	0.001	0.835	0.002
0.997	0.001	0.001	0.001
0.739	0.001	0.003	0.257
0.299	0.114	0.586	0.001
0.025	0.291	0.071	0.613
0.237	0.131	0.345	0.287
0.301	0.201	0.317	0.181
>GCCCYCTRGTGG	2-GCCCYCTRGTGG	10.433071	-268.721301	0	T:313.0(5.03%),B:420.4(0.98%),P:1e-116	Tpos:263.1,Tstd:192.6,Bpos:225.5,Bstd:138.7,StrandBias:0.2,Multiplicity:1.02
0.126	0.001	0.805	0.068
0.109	0.837	0.001	0.053
0.039	0.927	0.020	0.014
0.399	0.589	0.011	0.001
0.001	0.534	0.010	0.455
0.038	0.960	0.001	0.001
0.105	0.053	0.086	0.756
0.388	0.020	0.412	0.180
0.001	0.308	0.690	0.001
0.062	0.066	0.001	0.871
0.001	0.001	0.997	0.001
0.030	0.020	0.858	0.092
>WAACCACARAVR	3-WAACCACARAVR	9.010431	-233.161417	0	T:575.0(9.24%),B:1431.3(3.34%),P:1e-101	Tpos:295.4,Tstd:239.9,Bpos:232.6,Bstd:139.0,StrandBias:0.2,Multiplicity:1.09
0.429	0.062	0.042	0.467
0.896	0.019	0.031	0.054
0.811	0.067	0.121	0.001
0.035	0.963	0.001	0.001
0.001	0.997	0.001	0.001
0.914	0.001	0.001	0.084
0.001	0.954	0.044	0.001
0.997	0.001	0.001	0.001
0.453	0.084	0.441	0.023
0.662	0.110	0.140	0.088
0.329	0.268	0.283	0.120
0.403	0.229	0.296	0.072
>DKNTGASTCANH	4-DKNTGASTCANH	5.679203	-221.503443	0	T:940.0(15.11%),B:3135.3(7.32%),P:1e-96	Tpos:269.2,Tstd:216.5,Bpos:238.5,Bstd:139.5,StrandBias:-0.0,Multiplicity:1.14
0.318	0.057	0.303	0.322
0.187	0.164	0.287	0.362
0.259	0.232	0.273	0.236
0.001	0.001	0.001	0.997
0.001	0.001	0.997	0.001
0.984	0.001	0.001	0.014
0.008	0.493	0.497	0.001
0.001	0.001	0.001	0.997
0.018	0.980	0.001	0.001
0.988	0.001	0.001	0.010
0.162	0.260	0.269	0.310
0.313	0.272	0.156	0.260
>ACTTTCACTTTC	5-ACTTTCACTTTC	9.762638	-192.471059	0	T:331.0(5.32%),B:635.3(1.48%),P:1e-83	Tpos:337.6,Tstd:276.1,Bpos:229.8,Bstd:143.5,StrandBias:0.2,Multiplicity:1.08
0.710	0.090	0.100	0.100
0.010	0.582	0.338	0.070
0.071	0.029	0.001	0.899
0.028	0.115	0.014	0.843
0.037	0.001	0.001	0.961
0.028	0.840	0.039	0.093
0.764	0.065	0.084	0.087
0.022	0.621	0.193	0.164
0.001	0.055	0.001	0.943
0.070	0.042	0.014	0.874
0.014	0.056	0.028	0.902
0.080	0.722	0.053	0.145
>NVTGTGGTTTNN	6-NVTGTGGTTTNN	6.815655	-189.743963	0	T:1488.0(23.92%),B:6270.6(14.63%),P:1e-82	Tpos:294.8,Tstd:243.5,Bpos:235.3,Bstd:139.6,StrandBias:0.2,Multiplicity:1.14
0.242	0.218	0.312	0.228
0.288	0.337	0.277	0.099
0.044	0.204	0.029	0.723
0.015	0.057	0.870	0.058
0.044	0.254	0.058	0.644
0.022	0.117	0.859	0.002
0.070	0.003	0.892	0.035
0.037	0.086	0.072	0.805
0.135	0.086	0.066	0.713
0.054	0.080	0.065	0.801
0.168	0.281	0.254	0.297
0.306	0.306	0.203	0.185
>CTTTGATGTGGT	7-CTTTGATGTGGT	8.302170	-178.615297	0	T:442.0(7.10%),B:1097.5(2.56%),P:1e-77	Tpos:283.2,Tstd:206.7,Bpos:237.3,Bstd:137.6,StrandBias:-0.0,Multiplicity:1.07
0.115	0.489	0.174	0.222
0.104	0.138	0.019	0.739
0.061	0.177	0.155	0.607
0.119	0.025	0.076	0.780
0.056	0.146	0.649	0.149
0.637	0.064	0.099	0.200
0.157	0.018	0.045	0.780
0.027	0.085	0.789	0.099
0.054	0.021	0.033	0.892
0.089	0.031	0.748	0.132
0.170	0.095	0.619	0.116
0.107	0.207	0.192	0.494
>GKGGGCGGGGCY	8-GKGGGCGGGGCY	8.257850	-150.936058	0	T:1625.0(26.12%),B:7455.1(17.40%),P:1e-65	Tpos:323.6,Tstd:259.0,Bpos:236.9,Bstd:144.2,StrandBias:0.0,Multiplicity:1.58
0.156	0.077	0.636	0.131
0.194	0.034	0.444	0.328
0.109	0.001	0.889	0.001
0.036	0.001	0.962	0.001
0.001	0.021	0.977	0.001
0.194	0.506	0.014	0.286
0.006	0.001	0.974	0.019
0.008	0.018	0.678	0.296
0.227	0.024	0.732	0.017
0.068	0.032	0.880	0.020
0.092	0.727	0.090	0.091
0.129	0.293	0.181	0.398
>KGGGRAATYCCC	9-KGGGRAATYCCC	9.771648	-144.220039	0	T:240.0(3.86%),B:448.4(1.05%),P:1e-62	Tpos:316.1,Tstd:242.7,Bpos:233.5,Bstd:131.9,StrandBias:-0.0,Multiplicity:1.06
0.190	0.039	0.409	0.362
0.001	0.001	0.767	0.231
0.030	0.001	0.968	0.001
0.014	0.001	0.984	0.001
0.573	0.001	0.425	0.001
0.997	0.001	0.001	0.001
0.523	0.110	0.158	0.209
0.139	0.164	0.135	0.562
0.076	0.395	0.038	0.491
0.023	0.966	0.001	0.010
0.063	0.935	0.001	0.001
0.236	0.716	0.015	0.033
>AAACATCAAAGC	10-AAACATCAAAGC	8.673286	-127.855937	0	T:509.0(8.18%),B:1626.2(3.79%),P:1e-55	Tpos:270.1,Tstd:207.9,Bpos:237.1,Bstd:140.8,StrandBias:0.2,Multiplicity:1.06
0.713	0.017	0.070	0.200
0.532	0.117	0.274	0.077
0.754	0.041	0.137	0.068
0.027	0.521	0.345	0.107
0.621	0.038	0.001	0.340
0.087	0.001	0.024	0.888
0.001	0.941	0.036	0.022
0.989	0.001	0.001	0.009
0.930	0.016	0.053	0.001
0.997	0.001	0.001	0.001
0.001	0.004	0.994	0.001
0.228	0.408	0.221	0.143
>AGTGAAACTGCA	11-AGTGAAACTGCA	8.771576	-67.998657	0	T:324.0(5.21%),B:1115.9(2.60%),P:1e-29	Tpos:281.8,Tstd:221.3,Bpos:239.4,Bstd:139.6,StrandBias:-0.2,Multiplicity:1.02
0.874	0.022	0.011	0.093
0.042	0.075	0.850	0.033
0.112	0.001	0.055	0.832
0.078	0.076	0.800	0.046
0.870	0.026	0.064	0.040
0.891	0.047	0.054	0.008
0.852	0.032	0.029	0.087
0.087	0.851	0.040	0.022
0.069	0.022	0.065	0.844
0.051	0.082	0.773	0.094
0.152	0.732	0.059	0.057
0.831	0.051	0.032	0.086
>GTTTTTTTTTCC	12-GTTTTTTTTTCC	8.646459	-67.290919	0	T:904.0(14.53%),B:4272.1(9.97%),P:1e-29	Tpos:330.1,Tstd:282.7,Bpos:233.3,Bstd:152.4,StrandBias:-0.0,Multiplicity:1.15
0.018	0.060	0.754	0.168
0.001	0.028	0.090	0.881
0.001	0.069	0.016	0.914
0.016	0.108	0.001	0.875
0.009	0.350	0.016	0.625
0.123	0.105	0.285	0.486
0.032	0.068	0.281	0.619
0.001	0.031	0.001	0.967
0.001	0.001	0.001	0.997
0.001	0.071	0.026	0.902
0.001	0.623	0.163	0.213
0.229	0.769	0.001	0.001
>TATGCAAATCMG	13-TATGCAAATCMG	10.166251	-62.332053	0	T:102.0(1.64%),B:190.7(0.44%),P:1e-27	Tpos:299.0,Tstd:214.2,Bpos:243.5,Bstd:130.6,StrandBias:0.2,Multiplicity:1.02
0.101	0.004	0.001	0.894
0.936	0.001	0.037	0.026
0.001	0.001	0.001	0.997
0.001	0.001	0.997	0.001
0.037	0.888	0.001	0.074
0.997	0.001	0.001	0.001
0.888	0.074	0.001	0.037
0.962	0.036	0.001	0.001
0.074	0.037	0.020	0.869
0.136	0.632	0.195	0.037
0.331	0.442	0.037	0.191
0.145	0.063	0.532	0.260
>GGGCGGGTTTTT	14-GGGCGGGTTTTT	9.420098	-51.028806	0	T:180.0(2.89%),B:544.6(1.27%),P:1e-22	Tpos:299.2,Tstd:218.1,Bpos:232.6,Bstd:145.6,StrandBias:-0.2,Multiplicity:1.02
0.079	0.001	0.803	0.117
0.021	0.021	0.957	0.001
0.021	0.042	0.880	0.057
0.096	0.882	0.021	0.001
0.163	0.021	0.609	0.207
0.001	0.001	0.957	0.041
0.015	0.043	0.769	0.173
0.015	0.124	0.085	0.776
0.021	0.001	0.360	0.618
0.001	0.274	0.036	0.689
0.021	0.136	0.020	0.823
0.001	0.118	0.156	0.725
>CTGAGGTGAATA	15-CTGAGGTGAATA	6.865423	-45.260962	0	T:1036.0(16.65%),B:5408.3(12.62%),P:1e-19	Tpos:301.2,Tstd:267.9,Bpos:235.7,Bstd:137.6,StrandBias:0.0,Multiplicity:1.12
0.075	0.742	0.071	0.112
0.111	0.055	0.047	0.787
0.081	0.094	0.759	0.066
0.782	0.050	0.081	0.087
0.063	0.051	0.774	0.112
0.095	0.070	0.732	0.103
0.048	0.028	0.084	0.840
0.100	0.086	0.727	0.087
0.766	0.086	0.091	0.057
0.728	0.092	0.087	0.093
0.142	0.097	0.078	0.683
0.684	0.134	0.086	0.096
>GTTGCCAWGGCA	16-GTTGCCAWGGCA	9.578081	-37.114394	0	T:168.0(2.70%),B:570.9(1.33%),P:1e-16	Tpos:264.4,Tstd:178.1,Bpos:239.3,Bstd:138.7,StrandBias:-0.1,Multiplicity:1.04
0.016	0.001	0.982	0.001
0.001	0.052	0.001	0.946
0.001	0.194	0.043	0.762
0.160	0.058	0.666	0.116
0.001	0.900	0.001	0.098
0.069	0.719	0.001	0.211
0.686	0.072	0.126	0.116
0.451	0.030	0.148	0.371
0.122	0.001	0.876	0.001
0.238	0.017	0.744	0.001
0.249	0.592	0.081	0.078
0.919	0.001	0.001	0.079
>CTGCGCATGCGC	17-CTGCGCATGCGC	8.829071	-35.695703	0	T:372.0(5.98%),B:1649.3(3.85%),P:1e-15	Tpos:331.8,Tstd:281.9,Bpos:234.8,Bstd:154.6,StrandBias:-0.2,Multiplicity:1.22
0.067	0.803	0.107	0.023
0.125	0.125	0.095	0.655
0.024	0.089	0.886	0.001
0.058	0.745	0.188	0.009
0.106	0.059	0.820	0.015
0.001	0.797	0.197	0.005
0.702	0.169	0.005	0.124
0.025	0.168	0.233	0.574
0.001	0.123	0.875	0.001
0.003	0.804	0.001	0.192
0.087	0.200	0.551	0.162
0.001	0.843	0.005	0.151
>CGAATATGGGTA	18-CGAATATGGGTA	10.409522	-20.758777	0	T:8.0(0.13%),B:2.5(0.01%),P:1e-9	Tpos:363.0,Tstd:231.2,Bpos:390.8,Bstd:32.6,StrandBias:2.8,Multiplicity:1.00
0.100	0.700	0.100	0.100
0.100	0.100	0.700	0.100
0.700	0.100	0.100	0.100
0.700	0.100	0.100	0.100
0.100	0.100	0.100	0.700
0.700	0.100	0.100	0.100
0.100	0.100	0.100	0.700
0.100	0.100	0.700	0.100
0.100	0.100	0.700	0.100
0.100	0.100	0.700	0.100
0.100	0.100	0.100	0.700
0.700	0.100	0.100	0.100
>GCTACAGTCTGG	19-GCTACAGTCTGG	12.355432	-17.437587	0	T:7.0(0.11%),B:3.0(0.01%),P:1e-7	Tpos:172.1,Tstd:88.5,Bpos:239.8,Bstd:118.3,StrandBias:1.3,Multiplicity:1.00
0.100	0.100	0.700	0.100
0.100	0.700	0.100	0.100
0.100	0.100	0.100	0.700
0.700	0.100	0.100	0.100
0.100	0.700	0.100	0.100
0.700	0.100	0.100	0.100
0.100	0.100	0.700	0.100
0.100	0.100	0.100	0.700
0.100	0.700	0.100	0.100
0.100	0.100	0.100	0.700
0.100	0.100	0.700	0.100
0.100	0.100	0.700	0.100
>AAGGCTTCTGGC	20-AAGGCTTCTGGC	12.355432	-17.437587	0	T:7.0(0.11%),B:2.7(0.01%),P:1e-7	Tpos:287.4,Tstd:138.1,Bpos:379.9,Bstd:51.3,StrandBias:-1.3,Multiplicity:1.00
0.700	0.100	0.100	0.100
0.700	0.100	0.100	0.100
0.100	0.100	0.700	0.100
0.100	0.100	0.700	0.100
0.100	0.700	0.100	0.100
0.100	0.100	0.100	0.700
0.100	0.100	0.100	0.700
0.100	0.700	0.100	0.100
0.100	0.100	0.100	0.700
0.100	0.100	0.700	0.100
0.100	0.100	0.700	0.100
0.100	0.700	0.100	0.100
>TGAGGTACTGTG	21-TGAGGTACTGTG	12.355432	-11.013554	0	T:4.0(0.06%),B:2.0(0.00%),P:1e-4	Tpos:146.3,Tstd:99.2,Bpos:393.0,Bstd:0.0,StrandBias:10.0,Multiplicity:2.50
0.100	0.100	0.100	0.700
0.100	0.100	0.700	0.100
0.700	0.100	0.100	0.100
0.100	0.100	0.700	0.100
0.100	0.100	0.700	0.100
0.100	0.100	0.100	0.700
0.700	0.100	0.100	0.100
0.100	0.700	0.100	0.100
0.100	0.100	0.100	0.700
0.100	0.100	0.700	0.100
0.100	0.100	0.100	0.700
0.100	0.100	0.700	0.100
>GGACACACCCTT	22-GGACACACCCTT	12.355432	-5.717938	0	T:3.0(0.05%),B:2.0(0.00%),P:1e-2	Tpos:125.0,Tstd:63.7,Bpos:233.3,Bstd:129.4,StrandBias:3.2,Multiplicity:3.33
0.100	0.100	0.700	0.100
0.100	0.100	0.700	0.100
0.700	0.100	0.100	0.100
0.100	0.700	0.100	0.100
0.700	0.100	0.100	0.100
0.100	0.700	0.100	0.100
0.700	0.100	0.100	0.100
0.100	0.700	0.100	0.100
0.100	0.700	0.100	0.100
0.100	0.700	0.100	0.100
0.100	0.100	0.100	0.700
0.100	0.100	0.100	0.700
>CCATAGAAATGC	23-CCATAGAAATGC	12.355432	-5.717938	0	T:3.0(0.05%),B:2.8(0.01%),P:1e-2	Tpos:100.9,Tstd:59.1,Bpos:428.7,Bstd:25.0,StrandBias:10.0,Multiplicity:2.33
0.100	0.700	0.100	0.100
0.100	0.700	0.100	0.100
0.700	0.100	0.100	0.100
0.100	0.100	0.100	0.700
0.700	0.100	0.100	0.100
0.100	0.100	0.700	0.100
0.700	0.100	0.100	0.100
0.700	0.100	0.100	0.100
0.700	0.100	0.100	0.100
0.100	0.100	0.100	0.700
0.100	0.100	0.700	0.100
0.100	0.700	0.100	0.100
>AGTGATGGAGAT	24-AGTGATGGAGAT	14.490517	-5.717938	0	T:3.0(0.05%),B:2.6(0.01%),P:1e-2	Tpos:172.4,Tstd:124.4,Bpos:371.4,Bstd:123.4,StrandBias:1.3,Multiplicity:2.33
0.997	0.001	0.001	0.001
0.001	0.001	0.997	0.001
0.001	0.001	0.001	0.997
0.001	0.001	0.997	0.001
0.997	0.001	0.001	0.001
0.001	0.001	0.001	0.997
0.121	0.001	0.877	0.001
0.001	0.001	0.997	0.001
0.997	0.001	0.001	0.001
0.001	0.001	0.997	0.001
0.997	0.001	0.001	0.001
0.001	0.001	0.001	0.997
>AGTGGCTGCAGT	25-AGTGGCTGCAGT	12.355432	-2.001392	0	T:1.0(0.02%),B:1.4(0.00%),P:1e0	Tpos:212.5,Tstd:70.0,Bpos:364.0,Bstd:0.0,StrandBias:10.0,Multiplicity:6.00
0.700	0.100	0.100	0.100
0.100	0.100	0.700	0.100
0.100	0.100	0.100	0.700
0.100	0.100	0.700	0.100
0.100	0.100	0.700	0.100
0.100	0.700	0.100	0.100
0.100	0.100	0.100	0.700
0.100	0.100	0.700	0.100
0.100	0.700	0.100	0.100
0.700	0.100	0.100	0.100
0.100	0.100	0.700	0.100
0.100	0.100	0.100	0.700
