>TTGWTGAGCTTT	1-AAAGCTCAWCAA	10.725661	-36.918048	0	T:18.0(0.35%),B:9.9(0.02%),P:1e-16
0.058	0.251	0.123	0.568
0.086	0.101	0.036	0.777
0.058	0.086	0.764	0.092
0.431	0.043	0.170	0.355
0.119	0.001	0.306	0.574
0.026	0.056	0.839	0.079
0.881	0.014	0.040	0.065
0.064	0.102	0.772	0.062
0.045	0.577	0.040	0.338
0.036	0.057	0.036	0.871
0.043	0.077	0.213	0.667
0.065	0.170	0.200	0.565
