>GTGAGGTGGAGA	10-TCTCCACCTCAC	9.693289	-19.351934	0	T:76.0(1.48%),B:316.7(0.71%),P:1e-8
0.038	0.080	0.807	0.075
0.106	0.048	0.079	0.767
0.067	0.044	0.869	0.020
0.797	0.019	0.114	0.070
0.048	0.001	0.950	0.001
0.051	0.122	0.750	0.077
0.072	0.019	0.059	0.850
0.075	0.019	0.850	0.056
0.051	0.070	0.846	0.033
0.930	0.001	0.037	0.032
0.075	0.105	0.782	0.038
0.808	0.084	0.038	0.070
