Factor1: 0.999350723654156
Factor2: 1.0006496981795034
