Factor1: 0.9718147018997846
Factor2: 1.0290027492330756
