Factor1: 1.067102877623009
Factor2: 0.9371167681859478
