>TYGTATGAGCTC	1-TYGTATGAGCTC,BestGuess:Bcl6+MA0463-1(0.356)	9.926850	-27.713407	0	T:15.0(6.52%),B:241.4(0.49%),P:1e-12
0.001	0.333	0.001	0.665
0.001	0.366	0.168	0.464
0.063	0.148	0.493	0.296
0.001	0.063	0.059	0.877
0.795	0.052	0.152	0.001
0.001	0.001	0.073	0.925
0.253	0.001	0.588	0.158
0.915	0.001	0.083	0.001
0.232	0.007	0.760	0.001
0.001	0.936	0.001	0.062
0.001	0.001	0.083	0.915
0.074	0.774	0.084	0.068
