>GAGCTCATACRA	1-TYGTATGAGCTC	9.926850	-27.713407	0	T:15.0(6.52%),B:241.4(0.49%),P:1e-12
0.068	0.084	0.774	0.074
0.915	0.083	0.001	0.001
0.062	0.001	0.936	0.001
0.001	0.760	0.007	0.232
0.001	0.083	0.001	0.915
0.158	0.588	0.001	0.253
0.925	0.073	0.001	0.001
0.001	0.152	0.052	0.795
0.877	0.059	0.063	0.001
0.296	0.493	0.148	0.063
0.464	0.168	0.366	0.001
0.665	0.001	0.333	0.001
