>ATAGGGACCACT	5-AGTGGTCCCTAT	11.283204	-27.291435	0	T:8.0(0.14%),B:1.9(0.00%),P:1e-11
0.729	0.095	0.054	0.122
0.001	0.001	0.164	0.834
0.710	0.001	0.136	0.153
0.128	0.001	0.762	0.109
0.190	0.001	0.592	0.217
0.140	0.041	0.672	0.147
0.837	0.027	0.068	0.068
0.192	0.574	0.095	0.139
0.068	0.890	0.001	0.041
0.863	0.068	0.001	0.068
0.245	0.454	0.014	0.287
0.340	0.013	0.001	0.646
