Factor1: 1.13600890956385
Factor2: 0.8802747862109039
