>ACAGGAARTG	1-ACAGGAARTG	7.521601	-291.926495	0	T:894.0(42.05%),B:9017.9(19.30%),P:1e-126	Tpos:305.7,Tstd:228.8,Bpos:243.3,Bstd:144.0,StrandBias:0.2,Multiplicity:1.35
0.528	0.100	0.340	0.032
0.120	0.612	0.267	0.001
0.793	0.164	0.039	0.004
0.001	0.001	0.997	0.001
0.001	0.013	0.984	0.002
0.997	0.001	0.001	0.001
0.822	0.005	0.001	0.172
0.403	0.052	0.544	0.001
0.046	0.280	0.052	0.622
0.174	0.147	0.502	0.177
>YTGTGGTTTN	2-YTGTGGTTTN	5.738299	-157.529999	0	T:690.0(32.46%),B:7868.0(16.84%),P:1e-68	Tpos:292.5,Tstd:230.7,Bpos:242.0,Bstd:147.1,StrandBias:-0.0,Multiplicity:1.29
0.164	0.304	0.152	0.380
0.128	0.101	0.166	0.605
0.105	0.133	0.569	0.193
0.131	0.145	0.150	0.574
0.135	0.103	0.679	0.083
0.050	0.033	0.783	0.134
0.027	0.254	0.133	0.586
0.078	0.180	0.137	0.605
0.158	0.171	0.206	0.464
0.299	0.217	0.247	0.237
>GHCMCGCCCH	3-GHCMCGCCCH	6.496149	-118.811055	0	T:601.0(28.27%),B:7150.1(15.30%),P:1e-51	Tpos:318.6,Tstd:237.3,Bpos:242.0,Bstd:154.1,StrandBias:0.1,Multiplicity:1.58
0.335	0.072	0.502	0.091
0.199	0.329	0.141	0.331
0.216	0.479	0.012	0.292
0.442	0.385	0.162	0.011
0.152	0.802	0.034	0.012
0.378	0.001	0.593	0.028
0.032	0.790	0.175	0.003
0.077	0.693	0.213	0.017
0.008	0.623	0.013	0.356
0.348	0.276	0.057	0.319
>MWACCACHAA	4-MWACCACHAA	6.219862	-68.305674	0	T:307.0(14.44%),B:3378.9(7.23%),P:1e-29	Tpos:248.9,Tstd:247.6,Bpos:241.7,Bstd:144.4,StrandBias:0.0,Multiplicity:1.06
0.446	0.310	0.237	0.008
0.418	0.186	0.119	0.278
0.485	0.202	0.301	0.012
0.016	0.963	0.011	0.010
0.128	0.473	0.256	0.144
0.446	0.139	0.268	0.148
0.205	0.632	0.017	0.146
0.318	0.275	0.136	0.271
0.482	0.241	0.156	0.120
0.939	0.011	0.029	0.021
>AACYGAAACC	5-AACYGAAACC	8.333855	-64.053532	0	T:194.0(9.13%),B:1759.0(3.76%),P:1e-27	Tpos:292.3,Tstd:222.2,Bpos:249.4,Bstd:149.8,StrandBias:0.4,Multiplicity:1.06
0.749	0.018	0.175	0.058
0.994	0.001	0.001	0.004
0.098	0.571	0.232	0.099
0.179	0.405	0.119	0.297
0.060	0.055	0.884	0.001
0.814	0.001	0.001	0.184
0.969	0.001	0.029	0.001
0.966	0.032	0.001	0.001
0.025	0.838	0.116	0.021
0.001	0.719	0.042	0.238
>AAACCACDAG	6-AAACCACDAG	6.257980	-54.729321	0	T:240.0(11.29%),B:2602.6(5.57%),P:1e-23	Tpos:291.3,Tstd:247.5,Bpos:240.8,Bstd:141.6,StrandBias:0.1,Multiplicity:1.02
0.575	0.109	0.279	0.037
0.406	0.183	0.184	0.227
0.454	0.230	0.293	0.023
0.182	0.542	0.035	0.241
0.120	0.718	0.048	0.114
0.442	0.216	0.166	0.176
0.121	0.746	0.027	0.106
0.353	0.189	0.212	0.246
0.415	0.176	0.201	0.208
0.019	0.028	0.923	0.030
>DVTGASTCAC	7-DVTGASTCAC	7.432926	-47.656720	0	T:244.0(11.48%),B:2816.8(6.03%),P:1e-20	Tpos:306.2,Tstd:248.7,Bpos:243.1,Bstd:139.9,StrandBias:0.0,Multiplicity:1.12
0.348	0.066	0.235	0.351
0.301	0.301	0.372	0.026
0.001	0.001	0.001	0.997
0.001	0.023	0.975	0.001
0.921	0.012	0.066	0.001
0.001	0.482	0.516	0.001
0.001	0.001	0.001	0.997
0.001	0.997	0.001	0.001
0.997	0.001	0.001	0.001
0.001	0.498	0.283	0.218
>BGTGACGTCA	8-BGTGACGTCA	6.307149	-44.721255	0	T:218.0(10.25%),B:2466.8(5.28%),P:1e-19	Tpos:283.4,Tstd:225.0,Bpos:246.4,Bstd:148.6,StrandBias:0.1,Multiplicity:1.07
0.136	0.236	0.317	0.311
0.280	0.113	0.455	0.152
0.224	0.001	0.065	0.710
0.016	0.180	0.741	0.063
0.648	0.001	0.149	0.202
0.125	0.573	0.038	0.264
0.185	0.243	0.417	0.155
0.245	0.047	0.150	0.558
0.157	0.671	0.092	0.080
0.585	0.107	0.055	0.253
>CGACCACATA	9-CGACCACATA	7.349090	-38.045031	0	T:120.0(5.64%),B:1114.4(2.39%),P:1e-16	Tpos:280.8,Tstd:213.6,Bpos:235.4,Bstd:149.5,StrandBias:-0.4,Multiplicity:1.03
0.072	0.778	0.052	0.098
0.059	0.041	0.861	0.039
0.834	0.125	0.028	0.013
0.056	0.776	0.083	0.085
0.104	0.735	0.102	0.059
0.796	0.085	0.026	0.093
0.048	0.858	0.028	0.066
0.840	0.053	0.066	0.041
0.130	0.047	0.079	0.744
0.786	0.141	0.026	0.047
>CGGAAAGTTC	10-CGGAAAGTTC	4.663458	-35.883976	0	T:605.0(28.46%),B:9813.6(21.00%),P:1e-15	Tpos:312.7,Tstd:247.8,Bpos:242.1,Bstd:150.8,StrandBias:0.1,Multiplicity:1.26
0.044	0.677	0.140	0.139
0.111	0.148	0.621	0.120
0.138	0.138	0.584	0.140
0.575	0.133	0.137	0.155
0.642	0.134	0.084	0.140
0.553	0.163	0.149	0.135
0.134	0.135	0.577	0.154
0.171	0.021	0.166	0.642
0.157	0.128	0.146	0.569
0.149	0.564	0.153	0.134
>GAAGCTCGGT	11-GAAGCTCGGT	9.524004	-31.563856	0	T:50.0(2.35%),B:299.8(0.64%),P:1e-13	Tpos:277.1,Tstd:188.5,Bpos:245.4,Bstd:149.3,StrandBias:-0.3,Multiplicity:1.00
0.001	0.030	0.968	0.001
0.639	0.128	0.181	0.052
0.970	0.001	0.001	0.028
0.001	0.001	0.899	0.099
0.001	0.997	0.001	0.001
0.001	0.001	0.001	0.997
0.001	0.958	0.001	0.040
0.040	0.079	0.880	0.001
0.067	0.017	0.880	0.036
0.001	0.093	0.104	0.802
>CGCGCCAAAA	12-CGCGCCAAAA	10.806555	-31.219778	0	T:17.0(0.80%),B:27.5(0.06%),P:1e-13	Tpos:332.8,Tstd:174.1,Bpos:240.4,Bstd:135.4,StrandBias:0.4,Multiplicity:1.00
0.001	0.997	0.001	0.001
0.001	0.183	0.815	0.001
0.041	0.922	0.036	0.001
0.149	0.029	0.821	0.001
0.001	0.937	0.061	0.001
0.001	0.867	0.131	0.001
0.911	0.001	0.087	0.001
0.997	0.001	0.001	0.001
0.997	0.001	0.001	0.001
0.854	0.041	0.001	0.104
>GAGTCATAAT	13-GAGTCATAAT	9.074221	-30.605026	0	T:55.0(2.59%),B:363.6(0.78%),P:1e-13	Tpos:242.3,Tstd:229.2,Bpos:242.4,Bstd:132.6,StrandBias:-0.1,Multiplicity:1.00
0.064	0.131	0.665	0.140
0.968	0.001	0.001	0.030
0.026	0.001	0.972	0.001
0.021	0.039	0.045	0.895
0.034	0.913	0.001	0.052
0.997	0.001	0.001	0.001
0.023	0.001	0.030	0.946
0.951	0.001	0.001	0.047
0.835	0.116	0.001	0.048
0.045	0.060	0.001	0.894
>CTGTGGTGAG	14-CTGTGGTGAG	9.575133	-30.413989	0	T:72.0(3.39%),B:572.4(1.23%),P:1e-13	Tpos:298.7,Tstd:248.6,Bpos:240.3,Bstd:147.6,StrandBias:0.7,Multiplicity:1.00
0.114	0.825	0.001	0.060
0.001	0.037	0.001	0.961
0.039	0.114	0.846	0.001
0.001	0.087	0.001	0.911
0.001	0.025	0.973	0.001
0.001	0.001	0.997	0.001
0.001	0.001	0.001	0.997
0.001	0.001	0.997	0.001
0.997	0.001	0.001	0.001
0.001	0.088	0.910	0.001
>ACGGATGTSD	15-ACGGATGTSD	8.392806	-29.309813	0	T:61.0(2.87%),B:447.9(0.96%),P:1e-12	Tpos:283.7,Tstd:219.6,Bpos:241.7,Bstd:151.6,StrandBias:-0.7,Multiplicity:1.06
0.525	0.336	0.102	0.037
0.093	0.868	0.024	0.015
0.001	0.071	0.900	0.028
0.080	0.099	0.710	0.111
0.888	0.059	0.035	0.018
0.193	0.001	0.007	0.799
0.037	0.091	0.800	0.072
0.032	0.018	0.007	0.943
0.003	0.420	0.540	0.037
0.320	0.050	0.356	0.274
>CGGTAGATTT	16-CGGTAGATTT	7.550995	-27.150318	0	T:67.0(3.15%),B:548.9(1.17%),P:1e-11	Tpos:316.1,Tstd:184.9,Bpos:257.6,Bstd:152.5,StrandBias:0.3,Multiplicity:1.02
0.030	0.882	0.048	0.040
0.025	0.072	0.878	0.025
0.096	0.075	0.765	0.064
0.044	0.037	0.128	0.791
0.805	0.063	0.034	0.098
0.148	0.101	0.697	0.054
0.845	0.034	0.047	0.074
0.114	0.024	0.064	0.798
0.070	0.096	0.072	0.762
0.087	0.044	0.083	0.786
>CTTGCGCGVG	17-CTTGCGCGVG	7.970198	-26.303592	0	T:107.0(5.03%),B:1128.5(2.42%),P:1e-11	Tpos:307.3,Tstd:219.5,Bpos:247.1,Bstd:171.1,StrandBias:-0.1,Multiplicity:1.17
0.001	0.678	0.320	0.001
0.207	0.059	0.001	0.733
0.313	0.001	0.001	0.685
0.001	0.001	0.736	0.262
0.203	0.795	0.001	0.001
0.001	0.001	0.997	0.001
0.249	0.682	0.068	0.001
0.001	0.157	0.841	0.001
0.349	0.377	0.273	0.001
0.176	0.013	0.810	0.001
>TATTACGABC	18-TATTACGABC	11.122499	-21.245408	0	T:8.0(0.38%),B:6.5(0.01%),P:1e-9	Tpos:206.8,Tstd:131.1,Bpos:221.2,Bstd:100.2,StrandBias:-1.6,Multiplicity:1.00
0.125	0.001	0.001	0.873
0.997	0.001	0.001	0.001
0.126	0.001	0.287	0.586
0.001	0.001	0.195	0.803
0.803	0.001	0.001	0.195
0.001	0.997	0.001	0.001
0.001	0.001	0.997	0.001
0.979	0.001	0.019	0.001
0.001	0.293	0.413	0.293
0.001	0.997	0.001	0.001
>CCGCTTATCT	19-CCGCTTATCT	9.407298	-20.603795	0	T:42.0(1.98%),B:309.1(0.66%),P:1e-8	Tpos:277.6,Tstd:193.8,Bpos:243.3,Bstd:137.9,StrandBias:-0.4,Multiplicity:1.00
0.001	0.943	0.055	0.001
0.019	0.875	0.001	0.105
0.097	0.097	0.647	0.159
0.001	0.997	0.001	0.001
0.001	0.001	0.001	0.997
0.001	0.001	0.065	0.933
0.883	0.077	0.039	0.001
0.001	0.001	0.001	0.997
0.102	0.896	0.001	0.001
0.121	0.060	0.001	0.818
>GCGCGAGATA	20-GCGCGAGATA	11.001575	-18.427166	0	T:11.0(0.52%),B:22.1(0.05%),P:1e-8	Tpos:265.7,Tstd:238.3,Bpos:223.2,Bstd:162.7,StrandBias:0.2,Multiplicity:1.18
0.001	0.001	0.997	0.001
0.001	0.742	0.001	0.256
0.001	0.001	0.997	0.001
0.256	0.593	0.001	0.150
0.001	0.001	0.997	0.001
0.997	0.001	0.001	0.001
0.001	0.001	0.997	0.001
0.742	0.001	0.001	0.256
0.197	0.001	0.001	0.801
0.776	0.222	0.001	0.001
>ATCTCCGGYC	21-ATCTCCGGYC	11.341665	-15.727912	0	T:16.0(0.75%),B:67.2(0.14%),P:1e-6	Tpos:329.1,Tstd:167.9,Bpos:243.7,Bstd:156.8,StrandBias:1.0,Multiplicity:1.69
0.997	0.001	0.001	0.001
0.001	0.001	0.001	0.997
0.001	0.641	0.272	0.086
0.001	0.001	0.001	0.997
0.001	0.997	0.001	0.001
0.001	0.899	0.099	0.001
0.001	0.001	0.997	0.001
0.001	0.261	0.737	0.001
0.001	0.544	0.001	0.454
0.001	0.997	0.001	0.001
>MCTGATYGAC	22-MCTGATYGAC	9.700614	-12.047242	0	T:19.0(0.89%),B:123.0(0.26%),P:1e-5	Tpos:282.5,Tstd:211.2,Bpos:239.7,Bstd:140.3,StrandBias:0.8,Multiplicity:1.00
0.476	0.522	0.001	0.001
0.001	0.997	0.001	0.001
0.001	0.001	0.001	0.997
0.001	0.001	0.997	0.001
0.997	0.001	0.001	0.001
0.072	0.027	0.001	0.900
0.001	0.464	0.001	0.534
0.001	0.001	0.997	0.001
0.997	0.001	0.001	0.001
0.001	0.997	0.001	0.001
>TCAGTCCGGC	23-TCAGTCCGGC	11.288369	-9.842812	0	T:12.0(0.56%),B:64.7(0.14%),P:1e-4	Tpos:251.1,Tstd:260.1,Bpos:254.3,Bstd:156.8,StrandBias:-0.5,Multiplicity:1.00
0.001	0.001	0.001	0.997
0.001	0.997	0.001	0.001
0.837	0.161	0.001	0.001
0.001	0.001	0.997	0.001
0.001	0.001	0.189	0.809
0.001	0.748	0.001	0.250
0.181	0.817	0.001	0.001
0.001	0.001	0.997	0.001
0.001	0.001	0.997	0.001
0.001	0.800	0.001	0.198
>AGTCRGGCSS	24-AGTCRGGCSS	8.999984	-8.501049	0	T:15.0(0.71%),B:109.3(0.23%),P:1e-3	Tpos:344.0,Tstd:253.2,Bpos:247.2,Bstd:137.9,StrandBias:-1.8,Multiplicity:1.92
0.997	0.001	0.001	0.001
0.415	0.001	0.583	0.001
0.234	0.001	0.001	0.764
0.211	0.551	0.191	0.047
0.463	0.128	0.351	0.058
0.229	0.206	0.564	0.001
0.035	0.001	0.963	0.001
0.109	0.697	0.134	0.060
0.056	0.539	0.404	0.001
0.043	0.384	0.446	0.127
>GATGTGTTAG	25-GATGTGTTAG	8.350283	-2.830814	0	T:53.0(2.49%),B:928.3(1.99%),P:1e-1	Tpos:404.8,Tstd:282.1,Bpos:249.3,Bstd:148.9,StrandBias:0.8,Multiplicity:1.49
0.100	0.100	0.700	0.100
0.700	0.100	0.100	0.100
0.100	0.100	0.100	0.700
0.100	0.100	0.700	0.100
0.100	0.100	0.100	0.700
0.100	0.100	0.700	0.100
0.100	0.100	0.100	0.700
0.100	0.100	0.100	0.700
0.700	0.100	0.100	0.100
0.100	0.100	0.700	0.100
