>AGGAAGTG	1-AGGAAGTG	7.723838	-200.832687	0	T:587.0(27.61%),B:5480.5(11.73%),P:1e-87	Tpos:295.6,Tstd:226.5,Bpos:241.6,Bstd:144.4,StrandBias:0.3,Multiplicity:1.21
0.936	0.062	0.001	0.001
0.001	0.001	0.997	0.001
0.001	0.001	0.997	0.001
0.997	0.001	0.001	0.001
0.887	0.001	0.001	0.111
0.286	0.001	0.712	0.001
0.001	0.001	0.001	0.997
0.106	0.001	0.892	0.001
>GCCGGAAG	2-GCCGGAAG	3.924954	-180.656819	0	T:794.0(37.35%),B:9208.0(19.71%),P:1e-78	Tpos:308.2,Tstd:238.2,Bpos:243.7,Bstd:146.3,StrandBias:0.1,Multiplicity:1.22
0.222	0.001	0.776	0.001
0.001	0.997	0.001	0.001
0.027	0.971	0.001	0.001
0.001	0.001	0.997	0.001
0.001	0.001	0.997	0.001
0.997	0.001	0.001	0.001
0.997	0.001	0.001	0.001
0.190	0.001	0.808	0.001
>AAACCACA	3-AAACCACA	7.639546	-149.265699	0	T:589.0(27.70%),B:6342.3(13.57%),P:1e-64	Tpos:286.3,Tstd:225.4,Bpos:242.0,Bstd:147.0,StrandBias:-0.1,Multiplicity:1.25
0.740	0.136	0.054	0.070
0.921	0.001	0.056	0.022
0.884	0.029	0.086	0.001
0.001	0.997	0.001	0.001
0.001	0.997	0.001	0.001
0.911	0.001	0.026	0.062
0.025	0.973	0.001	0.001
0.878	0.035	0.022	0.065
>TGTGGTTT	4-TGTGGTTT	5.821224	-115.042687	0	T:963.0(45.30%),B:13967.2(29.89%),P:1e-49	Tpos:298.1,Tstd:240.2,Bpos:242.7,Bstd:150.1,StrandBias:-0.1,Multiplicity:1.29
0.076	0.124	0.094	0.706
0.063	0.144	0.621	0.172
0.065	0.245	0.001	0.689
0.120	0.176	0.665	0.039
0.001	0.001	0.997	0.001
0.020	0.063	0.081	0.836
0.074	0.212	0.136	0.578
0.227	0.078	0.147	0.548
>TGAGTCAT	5-TGAGTCAT	7.034989	-60.127435	0	T:374.0(17.59%),B:4667.8(9.99%),P:1e-26	Tpos:292.3,Tstd:248.2,Bpos:240.3,Bstd:140.8,StrandBias:0.0,Multiplicity:1.15
0.019	0.073	0.014	0.894
0.001	0.001	0.955	0.043
0.915	0.037	0.001	0.047
0.020	0.084	0.862	0.034
0.001	0.001	0.001	0.997
0.056	0.926	0.017	0.001
0.987	0.001	0.011	0.001
0.001	0.224	0.059	0.716
>GGCGGGDC	6-GGCGGGDC	6.588690	-53.509237	0	T:733.0(34.48%),B:11551.4(24.72%),P:1e-23	Tpos:316.7,Tstd:234.3,Bpos:241.6,Bstd:155.7,StrandBias:-0.1,Multiplicity:1.66
0.001	0.001	0.997	0.001
0.001	0.001	0.997	0.001
0.001	0.840	0.001	0.158
0.001	0.001	0.997	0.001
0.001	0.001	0.600	0.398
0.259	0.001	0.739	0.001
0.352	0.001	0.349	0.298
0.001	0.846	0.001	0.152
>CCGCCCTA	7-CCGCCCTA	7.124762	-46.114594	0	T:408.0(19.19%),B:5671.1(12.14%),P:1e-20	Tpos:337.1,Tstd:235.7,Bpos:239.1,Bstd:154.6,StrandBias:0.2,Multiplicity:1.36
0.013	0.940	0.042	0.005
0.041	0.932	0.026	0.001
0.001	0.001	0.923	0.075
0.017	0.955	0.013	0.015
0.018	0.969	0.001	0.012
0.013	0.985	0.001	0.001
0.048	0.111	0.001	0.840
0.696	0.100	0.122	0.082
>ACCGAAAC	8-ACCGAAAC	5.281019	-33.436227	0	T:818.0(38.48%),B:14250.8(30.50%),P:1e-14	Tpos:307.3,Tstd:255.5,Bpos:243.2,Bstd:151.7,StrandBias:0.1,Multiplicity:1.38
0.782	0.070	0.066	0.082
0.133	0.612	0.160	0.095
0.056	0.669	0.153	0.122
0.165	0.072	0.704	0.059
0.873	0.034	0.057	0.036
0.816	0.049	0.074	0.061
0.799	0.114	0.041	0.046
0.108	0.754	0.087	0.051
>GACGTCAS	9-GACGTCAS	5.595504	-32.970630	0	T:479.0(22.53%),B:7499.9(16.05%),P:1e-14	Tpos:310.7,Tstd:248.4,Bpos:244.6,Bstd:156.7,StrandBias:-0.0,Multiplicity:1.23
0.025	0.372	0.528	0.075
0.556	0.001	0.241	0.202
0.001	0.997	0.001	0.001
0.001	0.001	0.997	0.001
0.001	0.074	0.001	0.924
0.001	0.687	0.076	0.236
0.870	0.001	0.001	0.128
0.167	0.414	0.312	0.107
>RGCGGAAR	10-RGCGGAAR	6.242583	-31.185175	0	T:431.0(20.27%),B:6663.2(14.26%),P:1e-13	Tpos:316.6,Tstd:239.8,Bpos:241.8,Bstd:156.4,StrandBias:0.4,Multiplicity:1.21
0.377	0.113	0.357	0.154
0.018	0.077	0.589	0.316
0.001	0.997	0.001	0.001
0.001	0.001	0.997	0.001
0.001	0.321	0.677	0.001
0.637	0.001	0.001	0.361
0.806	0.001	0.001	0.192
0.470	0.001	0.528	0.001
>TCACAMGT	11-TCACAMGT	8.147135	-31.065097	0	T:169.0(7.95%),B:1995.4(4.27%),P:1e-13	Tpos:278.9,Tstd:242.5,Bpos:242.8,Bstd:148.6,StrandBias:0.1,Multiplicity:1.05
0.001	0.001	0.001	0.997
0.001	0.630	0.368	0.001
0.724	0.001	0.274	0.001
0.001	0.951	0.001	0.047
0.823	0.001	0.001	0.175
0.448	0.550	0.001	0.001
0.001	0.270	0.499	0.230
0.001	0.001	0.001	0.997
>RCCAATCG	12-RCCAATCG	6.210294	-29.560116	0	T:202.0(9.50%),B:2580.6(5.52%),P:1e-12	Tpos:292.6,Tstd:215.4,Bpos:248.5,Bstd:147.9,StrandBias:-0.3,Multiplicity:1.14
0.385	0.001	0.451	0.163
0.172	0.472	0.141	0.215
0.073	0.449	0.241	0.237
0.937	0.033	0.026	0.004
0.900	0.098	0.001	0.001
0.013	0.093	0.001	0.893
0.231	0.583	0.087	0.099
0.294	0.001	0.606	0.099
>GGGTKGGA	13-GGGTKGGA	7.336236	-29.423589	0	T:786.0(36.97%),B:13826.5(29.59%),P:1e-12	Tpos:321.0,Tstd:251.7,Bpos:241.3,Bstd:144.6,StrandBias:0.2,Multiplicity:1.45
0.001	0.054	0.944	0.001
0.001	0.033	0.965	0.001
0.001	0.001	0.997	0.001
0.001	0.001	0.257	0.741
0.001	0.001	0.538	0.460
0.001	0.001	0.741	0.257
0.256	0.246	0.497	0.001
0.657	0.001	0.341	0.001
>CCCGCTAA	14-CCCGCTAA	6.713444	-18.105475	0	T:202.0(9.50%),B:2965.7(6.35%),P:1e-7	Tpos:340.7,Tstd:217.8,Bpos:241.9,Bstd:150.8,StrandBias:-0.3,Multiplicity:1.22
0.050	0.849	0.053	0.048
0.001	0.716	0.001	0.282
0.001	0.888	0.110	0.001
0.001	0.019	0.881	0.099
0.001	0.881	0.001	0.117
0.001	0.190	0.001	0.808
0.763	0.001	0.001	0.235
0.997	0.001	0.001	0.001
