>NCCACTTCCTGT	1-NCCACTTCCTGT	8.491299	-277.171527	0	T:639.0(30.06%),B:5260.3(11.26%),P:1e-120	Tpos:301.1,Tstd:228.3,Bpos:244.4,Bstd:143.5,StrandBias:-0.3,Multiplicity:1.24
0.223	0.269	0.236	0.273
0.170	0.421	0.163	0.246
0.178	0.428	0.190	0.204
0.518	0.123	0.271	0.088
0.001	0.658	0.001	0.340
0.150	0.001	0.001	0.848
0.001	0.001	0.001	0.997
0.001	0.990	0.001	0.008
0.001	0.997	0.001	0.001
0.001	0.009	0.031	0.959
0.001	0.251	0.603	0.145
0.021	0.324	0.075	0.580
>RNAAACCACAAA	2-RNAAACCACAAA	7.433107	-145.486097	0	T:560.0(26.34%),B:5941.7(12.72%),P:1e-63	Tpos:280.8,Tstd:222.4,Bpos:241.3,Bstd:147.5,StrandBias:-0.1,Multiplicity:1.23
0.309	0.157	0.390	0.144
0.166	0.255	0.311	0.268
0.484	0.133	0.129	0.254
0.767	0.001	0.134	0.098
0.773	0.054	0.172	0.001
0.001	0.997	0.001	0.001
0.001	0.997	0.001	0.001
0.922	0.027	0.001	0.050
0.085	0.866	0.048	0.001
0.797	0.114	0.001	0.088
0.514	0.153	0.200	0.133
0.522	0.276	0.053	0.149
>CCACYAGGGGGC	3-CCACYAGGGGGC	8.609974	-72.425221	0	T:201.0(9.45%),B:1737.7(3.72%),P:1e-31	Tpos:282.1,Tstd:219.4,Bpos:237.9,Bstd:140.2,StrandBias:-0.2,Multiplicity:1.04
0.100	0.761	0.048	0.091
0.001	0.997	0.001	0.001
0.850	0.148	0.001	0.001
0.126	0.690	0.130	0.054
0.171	0.326	0.033	0.471
0.816	0.048	0.129	0.007
0.018	0.001	0.963	0.018
0.271	0.001	0.595	0.133
0.001	0.018	0.710	0.271
0.250	0.001	0.684	0.065
0.259	0.045	0.684	0.012
0.093	0.761	0.032	0.114
>GGCCCCGCCCAH	4-GGCCCCGCCCAH	8.426596	-63.929437	0	T:420.0(19.76%),B:5356.6(11.46%),P:1e-27	Tpos:323.3,Tstd:240.7,Bpos:241.5,Bstd:153.2,StrandBias:0.1,Multiplicity:1.49
0.179	0.086	0.583	0.152
0.146	0.123	0.642	0.089
0.041	0.823	0.053	0.083
0.027	0.675	0.041	0.257
0.150	0.848	0.001	0.001
0.103	0.840	0.013	0.044
0.216	0.021	0.699	0.064
0.015	0.983	0.001	0.001
0.025	0.925	0.049	0.001
0.016	0.921	0.001	0.062
0.439	0.279	0.059	0.222
0.243	0.270	0.143	0.344
>TGACGTCACACG	5-TGACGTCACACG	7.321585	-47.368012	0	T:277.0(13.03%),B:3362.9(7.20%),P:1e-20	Tpos:298.9,Tstd:240.0,Bpos:242.8,Bstd:147.8,StrandBias:-0.1,Multiplicity:1.10
0.088	0.053	0.064	0.795
0.042	0.110	0.818	0.030
0.780	0.055	0.070	0.095
0.144	0.579	0.116	0.161
0.110	0.054	0.710	0.126
0.073	0.042	0.082	0.803
0.016	0.866	0.072	0.046
0.916	0.032	0.005	0.047
0.026	0.791	0.103	0.080
0.790	0.116	0.038	0.056
0.129	0.610	0.146	0.115
0.126	0.163	0.544	0.167
>AGGATGTGGTTG	6-AGGATGTGGTTG	10.834680	-45.512296	0	T:61.0(2.87%),B:311.9(0.67%),P:1e-19	Tpos:297.8,Tstd:193.9,Bpos:231.1,Bstd:142.0,StrandBias:0.5,Multiplicity:1.02
0.588	0.149	0.001	0.262
0.178	0.001	0.820	0.001
0.001	0.001	0.997	0.001
0.947	0.001	0.051	0.001
0.090	0.008	0.001	0.901
0.001	0.001	0.997	0.001
0.001	0.001	0.001	0.997
0.001	0.001	0.997	0.001
0.001	0.001	0.997	0.001
0.001	0.335	0.114	0.550
0.164	0.153	0.225	0.459
0.123	0.001	0.585	0.291
>CCACTTCCGCTT	7-CCACTTCCGCTT	9.624431	-44.075919	0	T:92.0(4.33%),B:667.1(1.43%),P:1e-19	Tpos:246.9,Tstd:170.1,Bpos:238.5,Bstd:148.5,StrandBias:0.0,Multiplicity:1.03
0.090	0.789	0.001	0.120
0.006	0.903	0.001	0.090
0.677	0.090	0.001	0.232
0.001	0.876	0.001	0.122
0.097	0.119	0.090	0.694
0.001	0.001	0.046	0.952
0.097	0.901	0.001	0.001
0.001	0.972	0.001	0.026
0.001	0.137	0.799	0.063
0.001	0.728	0.090	0.181
0.001	0.090	0.090	0.819
0.001	0.119	0.053	0.827
>TGAGGGTGTGGC	8-TGAGGGTGTGGC	9.186521	-38.125972	0	T:159.0(7.48%),B:1685.5(3.61%),P:1e-16	Tpos:283.9,Tstd:226.5,Bpos:248.2,Bstd:142.3,StrandBias:-0.0,Multiplicity:1.07
0.093	0.078	0.067	0.762
0.036	0.076	0.811	0.077
0.763	0.053	0.046	0.138
0.059	0.001	0.896	0.044
0.047	0.045	0.834	0.074
0.037	0.092	0.821	0.050
0.051	0.032	0.036	0.881
0.001	0.007	0.917	0.075
0.065	0.024	0.052	0.859
0.013	0.027	0.877	0.083
0.101	0.052	0.826	0.021
0.037	0.755	0.085	0.123
>ACCACACCCTGC	9-ACCACACCCTGC	12.649418	-36.283132	0	T:20.0(0.94%),B:32.0(0.07%),P:1e-15	Tpos:296.0,Tstd:122.5,Bpos:219.8,Bstd:136.6,StrandBias:0.0,Multiplicity:1.00
0.503	0.015	0.180	0.302
0.073	0.888	0.001	0.038
0.072	0.926	0.001	0.001
0.997	0.001	0.001	0.001
0.057	0.941	0.001	0.001
0.926	0.001	0.072	0.001
0.001	0.997	0.001	0.001
0.001	0.997	0.001	0.001
0.001	0.997	0.001	0.001
0.001	0.001	0.001	0.997
0.001	0.001	0.978	0.020
0.001	0.883	0.043	0.073
>TGTGAGTCACAG	10-TGTGAGTCACAG	7.262661	-31.194011	0	T:320.0(15.05%),B:4600.2(9.85%),P:1e-13	Tpos:302.5,Tstd:261.9,Bpos:241.9,Bstd:139.6,StrandBias:-0.0,Multiplicity:1.12
0.106	0.053	0.123	0.718
0.066	0.110	0.740	0.084
0.093	0.039	0.086	0.782
0.080	0.113	0.745	0.062
0.777	0.040	0.102	0.081
0.081	0.122	0.697	0.100
0.084	0.100	0.082	0.734
0.064	0.762	0.096	0.078
0.784	0.098	0.041	0.077
0.051	0.759	0.108	0.082
0.758	0.058	0.048	0.136
0.078	0.082	0.745	0.095
>CCAGACAGGAAA	11-CCAGACAGGAAA	12.315211	-30.966827	0	T:35.0(1.65%),B:154.8(0.33%),P:1e-13	Tpos:277.7,Tstd:172.6,Bpos:235.3,Bstd:128.3,StrandBias:0.1,Multiplicity:1.03
0.034	0.868	0.042	0.056
0.055	0.943	0.001	0.001
0.891	0.107	0.001	0.001
0.071	0.001	0.927	0.001
0.778	0.001	0.179	0.042
0.085	0.913	0.001	0.001
0.953	0.001	0.001	0.045
0.001	0.001	0.997	0.001
0.062	0.001	0.936	0.001
0.936	0.062	0.001	0.001
0.953	0.045	0.001	0.001
0.891	0.001	0.107	0.001
>AACAGAAAGCAT	12-AACAGAAAGCAT	10.307889	-25.788849	0	T:47.0(2.21%),B:316.1(0.68%),P:1e-11	Tpos:260.8,Tstd:289.8,Bpos:233.5,Bstd:141.7,StrandBias:-0.1,Multiplicity:1.10
0.850	0.121	0.028	0.001
0.997	0.001	0.001	0.001
0.026	0.864	0.001	0.109
0.685	0.244	0.001	0.070
0.001	0.001	0.938	0.060
0.736	0.001	0.061	0.202
0.661	0.061	0.217	0.061
0.997	0.001	0.001	0.001
0.061	0.314	0.624	0.001
0.001	0.932	0.019	0.048
0.769	0.169	0.061	0.001
0.001	0.001	0.001	0.997
>TGCTGACTCAGC	13-TGCTGACTCAGC	9.151964	-25.621419	0	T:119.0(5.60%),B:1326.1(2.84%),P:1e-11	Tpos:261.9,Tstd:209.6,Bpos:243.5,Bstd:137.8,StrandBias:0.2,Multiplicity:1.03
0.047	0.019	0.034	0.900
0.019	0.078	0.860	0.043
0.042	0.820	0.021	0.117
0.087	0.040	0.047	0.826
0.052	0.083	0.864	0.001
0.767	0.078	0.073	0.082
0.063	0.746	0.087	0.104
0.081	0.066	0.059	0.794
0.061	0.841	0.061	0.037
0.948	0.011	0.013	0.028
0.043	0.069	0.797	0.091
0.045	0.843	0.025	0.087
>AACAGCTTTTTC	14-AACAGCTTTTTC	9.134900	-22.212284	0	T:57.0(2.68%),B:481.6(1.03%),P:1e-9	Tpos:274.4,Tstd:271.7,Bpos:243.9,Bstd:138.5,StrandBias:-0.3,Multiplicity:1.04
0.524	0.211	0.164	0.101
0.707	0.118	0.103	0.072
0.059	0.785	0.001	0.155
0.707	0.001	0.119	0.173
0.036	0.083	0.740	0.141
0.116	0.632	0.203	0.049
0.127	0.104	0.091	0.678
0.062	0.059	0.264	0.615
0.010	0.051	0.067	0.872
0.137	0.196	0.071	0.596
0.060	0.240	0.067	0.633
0.103	0.745	0.050	0.102
>TCAAACTCTTCC	15-TCAAACTCTTCC	12.355432	-17.860640	0	T:7.0(0.33%),B:6.9(0.01%),P:1e-7	Tpos:211.9,Tstd:186.0,Bpos:209.5,Bstd:140.3,StrandBias:1.3,Multiplicity:1.00
0.100	0.100	0.100	0.700
0.100	0.700	0.100	0.100
0.700	0.100	0.100	0.100
0.700	0.100	0.100	0.100
0.700	0.100	0.100	0.100
0.100	0.700	0.100	0.100
0.100	0.100	0.100	0.700
0.100	0.700	0.100	0.100
0.100	0.100	0.100	0.700
0.100	0.100	0.100	0.700
0.100	0.700	0.100	0.100
0.100	0.700	0.100	0.100
>AACYATSCTTAC	16-AACYATSCTTAC	13.073273	-14.862624	0	T:5.0(0.24%),B:3.9(0.01%),P:1e-6	Tpos:112.0,Tstd:90.6,Bpos:297.2,Bstd:131.1,StrandBias:0.7,Multiplicity:1.60
0.997	0.001	0.001	0.001
0.997	0.001	0.001	0.001
0.001	0.997	0.001	0.001
0.001	0.566	0.001	0.432
0.997	0.001	0.001	0.001
0.001	0.001	0.001	0.997
0.001	0.432	0.566	0.001
0.001	0.997	0.001	0.001
0.001	0.001	0.001	0.997
0.022	0.091	0.001	0.886
0.997	0.001	0.001	0.001
0.001	0.997	0.001	0.001
>SBTTTGGTTTYG	17-SBTTTGGTTTYG	6.374951	-14.169405	0	T:489.0(23.00%),B:8778.8(18.79%),P:1e-6	Tpos:299.2,Tstd:234.5,Bpos:242.2,Bstd:149.7,StrandBias:-0.2,Multiplicity:1.20
0.135	0.379	0.291	0.195
0.155	0.338	0.208	0.298
0.145	0.001	0.108	0.746
0.040	0.001	0.004	0.955
0.070	0.126	0.036	0.768
0.157	0.190	0.631	0.022
0.041	0.003	0.948	0.008
0.032	0.158	0.007	0.803
0.118	0.127	0.262	0.492
0.144	0.069	0.093	0.694
0.092	0.322	0.193	0.394
0.338	0.018	0.492	0.152
>TGACTCCGCCTG	18-TGACTCCGCCTG	8.463612	-9.137414	0	T:112.0(5.27%),B:1706.8(3.65%),P:1e-3	Tpos:330.5,Tstd:228.3,Bpos:245.8,Bstd:144.9,StrandBias:-0.8,Multiplicity:1.09
0.100	0.100	0.100	0.700
0.100	0.100	0.700	0.100
0.700	0.100	0.100	0.100
0.100	0.700	0.100	0.100
0.100	0.100	0.100	0.700
0.100	0.700	0.100	0.100
0.100	0.700	0.100	0.100
0.100	0.100	0.700	0.100
0.100	0.700	0.100	0.100
0.100	0.700	0.100	0.100
0.100	0.100	0.100	0.700
0.100	0.100	0.700	0.100
>ATGTGTTAGAGG	19-ATGTGTTAGAGG	12.355432	-6.903940	0	T:2.0(0.09%),B:1.2(0.00%),P:1e-2	Tpos:395.1,Tstd:128.1,Bpos:439.0,Bstd:0.0,StrandBias:10.0,Multiplicity:12.00
0.700	0.100	0.100	0.100
0.100	0.100	0.100	0.700
0.100	0.100	0.700	0.100
0.100	0.100	0.100	0.700
0.100	0.100	0.700	0.100
0.100	0.100	0.100	0.700
0.100	0.100	0.100	0.700
0.700	0.100	0.100	0.100
0.100	0.100	0.700	0.100
0.700	0.100	0.100	0.100
0.100	0.100	0.700	0.100
0.100	0.100	0.700	0.100
>GGGCGGAGATGT	20-GGGCGGAGATGT	12.355432	-6.903940	0	T:2.0(0.09%),B:1.6(0.00%),P:1e-2	Tpos:378.4,Tstd:165.5,Bpos:196.3,Bstd:95.9,StrandBias:-3.6,Multiplicity:6.50
0.100	0.100	0.700	0.100
0.100	0.100	0.700	0.100
0.100	0.100	0.700	0.100
0.100	0.700	0.100	0.100
0.100	0.100	0.700	0.100
0.100	0.100	0.700	0.100
0.700	0.100	0.100	0.100
0.100	0.100	0.700	0.100
0.700	0.100	0.100	0.100
0.100	0.100	0.100	0.700
0.100	0.100	0.700	0.100
0.100	0.100	0.100	0.700
>AGTCAGGCCCAA	21-AGTCAGGCCCAA	12.355432	-5.547778	0	T:2.0(0.09%),B:2.6(0.01%),P:1e-2	Tpos:294.6,Tstd:62.2,Bpos:351.9,Bstd:109.2,StrandBias:-2.8,Multiplicity:4.00
0.700	0.100	0.100	0.100
0.100	0.100	0.700	0.100
0.100	0.100	0.100	0.700
0.100	0.700	0.100	0.100
0.700	0.100	0.100	0.100
0.100	0.100	0.700	0.100
0.100	0.100	0.700	0.100
0.100	0.700	0.100	0.100
0.100	0.700	0.100	0.100
0.100	0.700	0.100	0.100
0.700	0.100	0.100	0.100
0.700	0.100	0.100	0.100
>ACTAACYATAGA	22-ACTAACYATAGA	13.590571	-5.547778	0	T:2.0(0.09%),B:2.4(0.01%),P:1e-2	Tpos:196.5,Tstd:79.4,Bpos:82.3,Bstd:50.1,StrandBias:3.3,Multiplicity:5.50
0.997	0.001	0.001	0.001
0.001	0.997	0.001	0.001
0.001	0.001	0.001	0.997
0.997	0.001	0.001	0.001
0.908	0.001	0.001	0.090
0.001	0.997	0.001	0.001
0.001	0.453	0.001	0.545
0.997	0.001	0.001	0.001
0.001	0.001	0.001	0.997
0.997	0.001	0.001	0.001
0.001	0.001	0.997	0.001
0.997	0.001	0.001	0.001
>TCTTCTCTACAG	23-TCTTCTCTACAG	12.355432	-4.766865	0	T:2.0(0.09%),B:3.6(0.01%),P:1e-2	Tpos:252.9,Tstd:143.5,Bpos:172.8,Bstd:75.1,StrandBias:10.0,Multiplicity:8.00
0.100	0.100	0.100	0.700
0.100	0.700	0.100	0.100
0.100	0.100	0.100	0.700
0.100	0.100	0.100	0.700
0.100	0.700	0.100	0.100
0.100	0.100	0.100	0.700
0.100	0.700	0.100	0.100
0.100	0.100	0.100	0.700
0.700	0.100	0.100	0.100
0.100	0.700	0.100	0.100
0.700	0.100	0.100	0.100
0.100	0.100	0.700	0.100
>CACACCTGGGAG	24-CACACCTGGGAG	14.685159	-4.239664	0	T:3.0(0.14%),B:11.1(0.02%),P:1e-1	Tpos:204.4,Tstd:112.8,Bpos:195.8,Bstd:145.1,StrandBias:4.0,Multiplicity:5.67
0.001	0.997	0.001	0.001
0.997	0.001	0.001	0.001
0.001	0.997	0.001	0.001
0.997	0.001	0.001	0.001
0.001	0.997	0.001	0.001
0.001	0.851	0.001	0.147
0.001	0.001	0.001	0.997
0.001	0.001	0.997	0.001
0.001	0.001	0.997	0.001
0.001	0.001	0.997	0.001
0.997	0.001	0.001	0.001
0.001	0.001	0.997	0.001
>AGCCCTGAACAC	25-AGCCCTGAACAC	12.355432	-2.442025	0	T:1.0(0.05%),B:2.0(0.00%),P:1e-1	Tpos:150.4,Tstd:88.6,Bpos:330.9,Bstd:101.4,StrandBias:10.0,Multiplicity:7.00
0.700	0.100	0.100	0.100
0.100	0.100	0.700	0.100
0.100	0.700	0.100	0.100
0.100	0.700	0.100	0.100
0.100	0.700	0.100	0.100
0.100	0.100	0.100	0.700
0.100	0.100	0.700	0.100
0.700	0.100	0.100	0.100
0.700	0.100	0.100	0.100
0.100	0.700	0.100	0.100
0.700	0.100	0.100	0.100
0.100	0.700	0.100	0.100
