>ACAGGAARTG	1-ACAGGAARTG	7.521601	-291.926495	0	T:894.0(42.05%),B:9017.9(19.30%),P:1e-126	Tpos:305.7,Tstd:228.8,Bpos:243.3,Bstd:144.0,StrandBias:0.2,Multiplicity:1.35
0.528	0.100	0.340	0.032
0.120	0.612	0.267	0.001
0.793	0.164	0.039	0.004
0.001	0.001	0.997	0.001
0.001	0.013	0.984	0.002
0.997	0.001	0.001	0.001
0.822	0.005	0.001	0.172
0.403	0.052	0.544	0.001
0.046	0.280	0.052	0.622
0.174	0.147	0.502	0.177
>YTGTGGTTTN	2-YTGTGGTTTN	5.738299	-157.529999	0	T:690.0(32.46%),B:7868.0(16.84%),P:1e-68	Tpos:292.5,Tstd:230.7,Bpos:242.0,Bstd:147.1,StrandBias:-0.0,Multiplicity:1.29
0.164	0.304	0.152	0.380
0.128	0.101	0.166	0.605
0.105	0.133	0.569	0.193
0.131	0.145	0.150	0.574
0.135	0.103	0.679	0.083
0.050	0.033	0.783	0.134
0.027	0.254	0.133	0.586
0.078	0.180	0.137	0.605
0.158	0.171	0.206	0.464
0.299	0.217	0.247	0.237
>GHCMCGCCCH	3-GHCMCGCCCH	6.496149	-118.811055	0	T:601.0(28.27%),B:7150.1(15.30%),P:1e-51	Tpos:318.6,Tstd:237.3,Bpos:242.0,Bstd:154.1,StrandBias:0.1,Multiplicity:1.58
0.335	0.072	0.502	0.091
0.199	0.329	0.141	0.331
0.216	0.479	0.012	0.292
0.442	0.385	0.162	0.011
0.152	0.802	0.034	0.012
0.378	0.001	0.593	0.028
0.032	0.790	0.175	0.003
0.077	0.693	0.213	0.017
0.008	0.623	0.013	0.356
0.348	0.276	0.057	0.319
>MWACCACHAA	4-MWACCACHAA	6.219862	-68.305674	0	T:307.0(14.44%),B:3378.9(7.23%),P:1e-29	Tpos:248.9,Tstd:247.6,Bpos:241.7,Bstd:144.4,StrandBias:0.0,Multiplicity:1.06
0.446	0.310	0.237	0.008
0.418	0.186	0.119	0.278
0.485	0.202	0.301	0.012
0.016	0.963	0.011	0.010
0.128	0.473	0.256	0.144
0.446	0.139	0.268	0.148
0.205	0.632	0.017	0.146
0.318	0.275	0.136	0.271
0.482	0.241	0.156	0.120
0.939	0.011	0.029	0.021
>AACYGAAACC	5-AACYGAAACC	8.333855	-64.053532	0	T:194.0(9.13%),B:1759.0(3.76%),P:1e-27	Tpos:292.3,Tstd:222.2,Bpos:249.4,Bstd:149.8,StrandBias:0.4,Multiplicity:1.06
0.749	0.018	0.175	0.058
0.994	0.001	0.001	0.004
0.098	0.571	0.232	0.099
0.179	0.405	0.119	0.297
0.060	0.055	0.884	0.001
0.814	0.001	0.001	0.184
0.969	0.001	0.029	0.001
0.966	0.032	0.001	0.001
0.025	0.838	0.116	0.021
0.001	0.719	0.042	0.238
>AAACCACDAG	6-AAACCACDAG	6.257980	-54.729321	0	T:240.0(11.29%),B:2602.6(5.57%),P:1e-23	Tpos:291.3,Tstd:247.5,Bpos:240.8,Bstd:141.6,StrandBias:0.1,Multiplicity:1.02
0.575	0.109	0.279	0.037
0.406	0.183	0.184	0.227
0.454	0.230	0.293	0.023
0.182	0.542	0.035	0.241
0.120	0.718	0.048	0.114
0.442	0.216	0.166	0.176
0.121	0.746	0.027	0.106
0.353	0.189	0.212	0.246
0.415	0.176	0.201	0.208
0.019	0.028	0.923	0.030
>DVTGASTCAC	7-DVTGASTCAC	7.432926	-47.656720	0	T:244.0(11.48%),B:2816.8(6.03%),P:1e-20	Tpos:306.2,Tstd:248.7,Bpos:243.1,Bstd:139.9,StrandBias:0.0,Multiplicity:1.12
0.348	0.066	0.235	0.351
0.301	0.301	0.372	0.026
0.001	0.001	0.001	0.997
0.001	0.023	0.975	0.001
0.921	0.012	0.066	0.001
0.001	0.482	0.516	0.001
0.001	0.001	0.001	0.997
0.001	0.997	0.001	0.001
0.997	0.001	0.001	0.001
0.001	0.498	0.283	0.218
>BGTGACGTCA	8-BGTGACGTCA	6.307149	-44.721255	0	T:218.0(10.25%),B:2466.8(5.28%),P:1e-19	Tpos:283.4,Tstd:225.0,Bpos:246.4,Bstd:148.6,StrandBias:0.1,Multiplicity:1.07
0.136	0.236	0.317	0.311
0.280	0.113	0.455	0.152
0.224	0.001	0.065	0.710
0.016	0.180	0.741	0.063
0.648	0.001	0.149	0.202
0.125	0.573	0.038	0.264
0.185	0.243	0.417	0.155
0.245	0.047	0.150	0.558
0.157	0.671	0.092	0.080
0.585	0.107	0.055	0.253
>CGACCACATA	9-CGACCACATA	7.349090	-38.045031	0	T:120.0(5.64%),B:1114.4(2.39%),P:1e-16	Tpos:280.8,Tstd:213.6,Bpos:235.4,Bstd:149.5,StrandBias:-0.4,Multiplicity:1.03
0.072	0.778	0.052	0.098
0.059	0.041	0.861	0.039
0.834	0.125	0.028	0.013
0.056	0.776	0.083	0.085
0.104	0.735	0.102	0.059
0.796	0.085	0.026	0.093
0.048	0.858	0.028	0.066
0.840	0.053	0.066	0.041
0.130	0.047	0.079	0.744
0.786	0.141	0.026	0.047
>CGGAAAGTTC	10-CGGAAAGTTC	4.663458	-35.883976	0	T:605.0(28.46%),B:9813.6(21.00%),P:1e-15	Tpos:312.7,Tstd:247.8,Bpos:242.1,Bstd:150.8,StrandBias:0.1,Multiplicity:1.26
0.044	0.677	0.140	0.139
0.111	0.148	0.621	0.120
0.138	0.138	0.584	0.140
0.575	0.133	0.137	0.155
0.642	0.134	0.084	0.140
0.553	0.163	0.149	0.135
0.134	0.135	0.577	0.154
0.171	0.021	0.166	0.642
0.157	0.128	0.146	0.569
0.149	0.564	0.153	0.134
>GAAGCTCGGT	11-GAAGCTCGGT	9.524004	-31.563856	0	T:50.0(2.35%),B:299.8(0.64%),P:1e-13	Tpos:277.1,Tstd:188.5,Bpos:245.4,Bstd:149.3,StrandBias:-0.3,Multiplicity:1.00
0.001	0.030	0.968	0.001
0.639	0.128	0.181	0.052
0.970	0.001	0.001	0.028
0.001	0.001	0.899	0.099
0.001	0.997	0.001	0.001
0.001	0.001	0.001	0.997
0.001	0.958	0.001	0.040
0.040	0.079	0.880	0.001
0.067	0.017	0.880	0.036
0.001	0.093	0.104	0.802
>CGCGCCAAAA	12-CGCGCCAAAA	10.806555	-31.219778	0	T:17.0(0.80%),B:27.5(0.06%),P:1e-13	Tpos:332.8,Tstd:174.1,Bpos:240.4,Bstd:135.4,StrandBias:0.4,Multiplicity:1.00
0.001	0.997	0.001	0.001
0.001	0.183	0.815	0.001
0.041	0.922	0.036	0.001
0.149	0.029	0.821	0.001
0.001	0.937	0.061	0.001
0.001	0.867	0.131	0.001
0.911	0.001	0.087	0.001
0.997	0.001	0.001	0.001
0.997	0.001	0.001	0.001
0.854	0.041	0.001	0.104
>GAGTCATAAT	13-GAGTCATAAT	9.074221	-30.605026	0	T:55.0(2.59%),B:363.6(0.78%),P:1e-13	Tpos:242.3,Tstd:229.2,Bpos:242.4,Bstd:132.6,StrandBias:-0.1,Multiplicity:1.00
0.064	0.131	0.665	0.140
0.968	0.001	0.001	0.030
0.026	0.001	0.972	0.001
0.021	0.039	0.045	0.895
0.034	0.913	0.001	0.052
0.997	0.001	0.001	0.001
0.023	0.001	0.030	0.946
0.951	0.001	0.001	0.047
0.835	0.116	0.001	0.048
0.045	0.060	0.001	0.894
>CTGTGGTGAG	14-CTGTGGTGAG	9.575133	-30.413989	0	T:72.0(3.39%),B:572.4(1.23%),P:1e-13	Tpos:298.7,Tstd:248.6,Bpos:240.3,Bstd:147.6,StrandBias:0.7,Multiplicity:1.00
0.114	0.825	0.001	0.060
0.001	0.037	0.001	0.961
0.039	0.114	0.846	0.001
0.001	0.087	0.001	0.911
0.001	0.025	0.973	0.001
0.001	0.001	0.997	0.001
0.001	0.001	0.001	0.997
0.001	0.001	0.997	0.001
0.997	0.001	0.001	0.001
0.001	0.088	0.910	0.001
>ACGGATGTSD	15-ACGGATGTSD	8.392806	-29.309813	0	T:61.0(2.87%),B:447.9(0.96%),P:1e-12	Tpos:283.7,Tstd:219.6,Bpos:241.7,Bstd:151.6,StrandBias:-0.7,Multiplicity:1.06
0.525	0.336	0.102	0.037
0.093	0.868	0.024	0.015
0.001	0.071	0.900	0.028
0.080	0.099	0.710	0.111
0.888	0.059	0.035	0.018
0.193	0.001	0.007	0.799
0.037	0.091	0.800	0.072
0.032	0.018	0.007	0.943
0.003	0.420	0.540	0.037
0.320	0.050	0.356	0.274
>CGGTAGATTT	16-CGGTAGATTT	7.550995	-27.150318	0	T:67.0(3.15%),B:548.9(1.17%),P:1e-11	Tpos:316.1,Tstd:184.9,Bpos:257.6,Bstd:152.5,StrandBias:0.3,Multiplicity:1.02
0.030	0.882	0.048	0.040
0.025	0.072	0.878	0.025
0.096	0.075	0.765	0.064
0.044	0.037	0.128	0.791
0.805	0.063	0.034	0.098
0.148	0.101	0.697	0.054
0.845	0.034	0.047	0.074
0.114	0.024	0.064	0.798
0.070	0.096	0.072	0.762
0.087	0.044	0.083	0.786
>CTTGCGCGVG	17-CTTGCGCGVG	7.970198	-26.303592	0	T:107.0(5.03%),B:1128.5(2.42%),P:1e-11	Tpos:307.3,Tstd:219.5,Bpos:247.1,Bstd:171.1,StrandBias:-0.1,Multiplicity:1.17
0.001	0.678	0.320	0.001
0.207	0.059	0.001	0.733
0.313	0.001	0.001	0.685
0.001	0.001	0.736	0.262
0.203	0.795	0.001	0.001
0.001	0.001	0.997	0.001
0.249	0.682	0.068	0.001
0.001	0.157	0.841	0.001
0.349	0.377	0.273	0.001
0.176	0.013	0.810	0.001
>TATTACGABC	18-TATTACGABC	11.122499	-21.245408	0	T:8.0(0.38%),B:6.5(0.01%),P:1e-9	Tpos:206.8,Tstd:131.1,Bpos:221.2,Bstd:100.2,StrandBias:-1.6,Multiplicity:1.00
0.125	0.001	0.001	0.873
0.997	0.001	0.001	0.001
0.126	0.001	0.287	0.586
0.001	0.001	0.195	0.803
0.803	0.001	0.001	0.195
0.001	0.997	0.001	0.001
0.001	0.001	0.997	0.001
0.979	0.001	0.019	0.001
0.001	0.293	0.413	0.293
0.001	0.997	0.001	0.001
>CCGCTTATCT	19-CCGCTTATCT	9.407298	-20.603795	0	T:42.0(1.98%),B:309.1(0.66%),P:1e-8	Tpos:277.6,Tstd:193.8,Bpos:243.3,Bstd:137.9,StrandBias:-0.4,Multiplicity:1.00
0.001	0.943	0.055	0.001
0.019	0.875	0.001	0.105
0.097	0.097	0.647	0.159
0.001	0.997	0.001	0.001
0.001	0.001	0.001	0.997
0.001	0.001	0.065	0.933
0.883	0.077	0.039	0.001
0.001	0.001	0.001	0.997
0.102	0.896	0.001	0.001
0.121	0.060	0.001	0.818
>GCGCGAGATA	20-GCGCGAGATA	11.001575	-18.427166	0	T:11.0(0.52%),B:22.1(0.05%),P:1e-8	Tpos:265.7,Tstd:238.3,Bpos:223.2,Bstd:162.7,StrandBias:0.2,Multiplicity:1.18
0.001	0.001	0.997	0.001
0.001	0.742	0.001	0.256
0.001	0.001	0.997	0.001
0.256	0.593	0.001	0.150
0.001	0.001	0.997	0.001
0.997	0.001	0.001	0.001
0.001	0.001	0.997	0.001
0.742	0.001	0.001	0.256
0.197	0.001	0.001	0.801
0.776	0.222	0.001	0.001
>ATCTCCGGYC	21-ATCTCCGGYC	11.341665	-15.727912	0	T:16.0(0.75%),B:67.2(0.14%),P:1e-6	Tpos:329.1,Tstd:167.9,Bpos:243.7,Bstd:156.8,StrandBias:1.0,Multiplicity:1.69
0.997	0.001	0.001	0.001
0.001	0.001	0.001	0.997
0.001	0.641	0.272	0.086
0.001	0.001	0.001	0.997
0.001	0.997	0.001	0.001
0.001	0.899	0.099	0.001
0.001	0.001	0.997	0.001
0.001	0.261	0.737	0.001
0.001	0.544	0.001	0.454
0.001	0.997	0.001	0.001
>MCTGATYGAC	22-MCTGATYGAC	9.700614	-12.047242	0	T:19.0(0.89%),B:123.0(0.26%),P:1e-5	Tpos:282.5,Tstd:211.2,Bpos:239.7,Bstd:140.3,StrandBias:0.8,Multiplicity:1.00
0.476	0.522	0.001	0.001
0.001	0.997	0.001	0.001
0.001	0.001	0.001	0.997
0.001	0.001	0.997	0.001
0.997	0.001	0.001	0.001
0.072	0.027	0.001	0.900
0.001	0.464	0.001	0.534
0.001	0.001	0.997	0.001
0.997	0.001	0.001	0.001
0.001	0.997	0.001	0.001
>TCAGTCCGGC	23-TCAGTCCGGC	11.288369	-9.842812	0	T:12.0(0.56%),B:64.7(0.14%),P:1e-4	Tpos:251.1,Tstd:260.1,Bpos:254.3,Bstd:156.8,StrandBias:-0.5,Multiplicity:1.00
0.001	0.001	0.001	0.997
0.001	0.997	0.001	0.001
0.837	0.161	0.001	0.001
0.001	0.001	0.997	0.001
0.001	0.001	0.189	0.809
0.001	0.748	0.001	0.250
0.181	0.817	0.001	0.001
0.001	0.001	0.997	0.001
0.001	0.001	0.997	0.001
0.001	0.800	0.001	0.198
>AGTCRGGCSS	24-AGTCRGGCSS	8.999984	-8.501049	0	T:15.0(0.71%),B:109.3(0.23%),P:1e-3	Tpos:344.0,Tstd:253.2,Bpos:247.2,Bstd:137.9,StrandBias:-1.8,Multiplicity:1.92
0.997	0.001	0.001	0.001
0.415	0.001	0.583	0.001
0.234	0.001	0.001	0.764
0.211	0.551	0.191	0.047
0.463	0.128	0.351	0.058
0.229	0.206	0.564	0.001
0.035	0.001	0.963	0.001
0.109	0.697	0.134	0.060
0.056	0.539	0.404	0.001
0.043	0.384	0.446	0.127
>GATGTGTTAG	25-GATGTGTTAG	8.350283	-2.830814	0	T:53.0(2.49%),B:928.3(1.99%),P:1e-1	Tpos:404.8,Tstd:282.1,Bpos:249.3,Bstd:148.9,StrandBias:0.8,Multiplicity:1.49
0.100	0.100	0.700	0.100
0.700	0.100	0.100	0.100
0.100	0.100	0.100	0.700
0.100	0.100	0.700	0.100
0.100	0.100	0.100	0.700
0.100	0.100	0.700	0.100
0.100	0.100	0.100	0.700
0.100	0.100	0.100	0.700
0.700	0.100	0.100	0.100
0.100	0.100	0.700	0.100
>NCCACTTCCTGT	1-NCCACTTCCTGT	8.491299	-277.171527	0	T:639.0(30.06%),B:5260.3(11.26%),P:1e-120	Tpos:301.1,Tstd:228.3,Bpos:244.4,Bstd:143.5,StrandBias:-0.3,Multiplicity:1.24
0.223	0.269	0.236	0.273
0.170	0.421	0.163	0.246
0.178	0.428	0.190	0.204
0.518	0.123	0.271	0.088
0.001	0.658	0.001	0.340
0.150	0.001	0.001	0.848
0.001	0.001	0.001	0.997
0.001	0.990	0.001	0.008
0.001	0.997	0.001	0.001
0.001	0.009	0.031	0.959
0.001	0.251	0.603	0.145
0.021	0.324	0.075	0.580
>RNAAACCACAAA	2-RNAAACCACAAA	7.433107	-145.486097	0	T:560.0(26.34%),B:5941.7(12.72%),P:1e-63	Tpos:280.8,Tstd:222.4,Bpos:241.3,Bstd:147.5,StrandBias:-0.1,Multiplicity:1.23
0.309	0.157	0.390	0.144
0.166	0.255	0.311	0.268
0.484	0.133	0.129	0.254
0.767	0.001	0.134	0.098
0.773	0.054	0.172	0.001
0.001	0.997	0.001	0.001
0.001	0.997	0.001	0.001
0.922	0.027	0.001	0.050
0.085	0.866	0.048	0.001
0.797	0.114	0.001	0.088
0.514	0.153	0.200	0.133
0.522	0.276	0.053	0.149
>CCACYAGGGGGC	3-CCACYAGGGGGC	8.609974	-72.425221	0	T:201.0(9.45%),B:1737.7(3.72%),P:1e-31	Tpos:282.1,Tstd:219.4,Bpos:237.9,Bstd:140.2,StrandBias:-0.2,Multiplicity:1.04
0.100	0.761	0.048	0.091
0.001	0.997	0.001	0.001
0.850	0.148	0.001	0.001
0.126	0.690	0.130	0.054
0.171	0.326	0.033	0.471
0.816	0.048	0.129	0.007
0.018	0.001	0.963	0.018
0.271	0.001	0.595	0.133
0.001	0.018	0.710	0.271
0.250	0.001	0.684	0.065
0.259	0.045	0.684	0.012
0.093	0.761	0.032	0.114
>GGCCCCGCCCAH	4-GGCCCCGCCCAH	8.426596	-63.929437	0	T:420.0(19.76%),B:5356.6(11.46%),P:1e-27	Tpos:323.3,Tstd:240.7,Bpos:241.5,Bstd:153.2,StrandBias:0.1,Multiplicity:1.49
0.179	0.086	0.583	0.152
0.146	0.123	0.642	0.089
0.041	0.823	0.053	0.083
0.027	0.675	0.041	0.257
0.150	0.848	0.001	0.001
0.103	0.840	0.013	0.044
0.216	0.021	0.699	0.064
0.015	0.983	0.001	0.001
0.025	0.925	0.049	0.001
0.016	0.921	0.001	0.062
0.439	0.279	0.059	0.222
0.243	0.270	0.143	0.344
>TGACGTCACACG	5-TGACGTCACACG	7.321585	-47.368012	0	T:277.0(13.03%),B:3362.9(7.20%),P:1e-20	Tpos:298.9,Tstd:240.0,Bpos:242.8,Bstd:147.8,StrandBias:-0.1,Multiplicity:1.10
0.088	0.053	0.064	0.795
0.042	0.110	0.818	0.030
0.780	0.055	0.070	0.095
0.144	0.579	0.116	0.161
0.110	0.054	0.710	0.126
0.073	0.042	0.082	0.803
0.016	0.866	0.072	0.046
0.916	0.032	0.005	0.047
0.026	0.791	0.103	0.080
0.790	0.116	0.038	0.056
0.129	0.610	0.146	0.115
0.126	0.163	0.544	0.167
>AGGATGTGGTTG	6-AGGATGTGGTTG	10.834680	-45.512296	0	T:61.0(2.87%),B:311.9(0.67%),P:1e-19	Tpos:297.8,Tstd:193.9,Bpos:231.1,Bstd:142.0,StrandBias:0.5,Multiplicity:1.02
0.588	0.149	0.001	0.262
0.178	0.001	0.820	0.001
0.001	0.001	0.997	0.001
0.947	0.001	0.051	0.001
0.090	0.008	0.001	0.901
0.001	0.001	0.997	0.001
0.001	0.001	0.001	0.997
0.001	0.001	0.997	0.001
0.001	0.001	0.997	0.001
0.001	0.335	0.114	0.550
0.164	0.153	0.225	0.459
0.123	0.001	0.585	0.291
>CCACTTCCGCTT	7-CCACTTCCGCTT	9.624431	-44.075919	0	T:92.0(4.33%),B:667.1(1.43%),P:1e-19	Tpos:246.9,Tstd:170.1,Bpos:238.5,Bstd:148.5,StrandBias:0.0,Multiplicity:1.03
0.090	0.789	0.001	0.120
0.006	0.903	0.001	0.090
0.677	0.090	0.001	0.232
0.001	0.876	0.001	0.122
0.097	0.119	0.090	0.694
0.001	0.001	0.046	0.952
0.097	0.901	0.001	0.001
0.001	0.972	0.001	0.026
0.001	0.137	0.799	0.063
0.001	0.728	0.090	0.181
0.001	0.090	0.090	0.819
0.001	0.119	0.053	0.827
>TGAGGGTGTGGC	8-TGAGGGTGTGGC	9.186521	-38.125972	0	T:159.0(7.48%),B:1685.5(3.61%),P:1e-16	Tpos:283.9,Tstd:226.5,Bpos:248.2,Bstd:142.3,StrandBias:-0.0,Multiplicity:1.07
0.093	0.078	0.067	0.762
0.036	0.076	0.811	0.077
0.763	0.053	0.046	0.138
0.059	0.001	0.896	0.044
0.047	0.045	0.834	0.074
0.037	0.092	0.821	0.050
0.051	0.032	0.036	0.881
0.001	0.007	0.917	0.075
0.065	0.024	0.052	0.859
0.013	0.027	0.877	0.083
0.101	0.052	0.826	0.021
0.037	0.755	0.085	0.123
>ACCACACCCTGC	9-ACCACACCCTGC	12.649418	-36.283132	0	T:20.0(0.94%),B:32.0(0.07%),P:1e-15	Tpos:296.0,Tstd:122.5,Bpos:219.8,Bstd:136.6,StrandBias:0.0,Multiplicity:1.00
0.503	0.015	0.180	0.302
0.073	0.888	0.001	0.038
0.072	0.926	0.001	0.001
0.997	0.001	0.001	0.001
0.057	0.941	0.001	0.001
0.926	0.001	0.072	0.001
0.001	0.997	0.001	0.001
0.001	0.997	0.001	0.001
0.001	0.997	0.001	0.001
0.001	0.001	0.001	0.997
0.001	0.001	0.978	0.020
0.001	0.883	0.043	0.073
>TGTGAGTCACAG	10-TGTGAGTCACAG	7.262661	-31.194011	0	T:320.0(15.05%),B:4600.2(9.85%),P:1e-13	Tpos:302.5,Tstd:261.9,Bpos:241.9,Bstd:139.6,StrandBias:-0.0,Multiplicity:1.12
0.106	0.053	0.123	0.718
0.066	0.110	0.740	0.084
0.093	0.039	0.086	0.782
0.080	0.113	0.745	0.062
0.777	0.040	0.102	0.081
0.081	0.122	0.697	0.100
0.084	0.100	0.082	0.734
0.064	0.762	0.096	0.078
0.784	0.098	0.041	0.077
0.051	0.759	0.108	0.082
0.758	0.058	0.048	0.136
0.078	0.082	0.745	0.095
>CCAGACAGGAAA	11-CCAGACAGGAAA	12.315211	-30.966827	0	T:35.0(1.65%),B:154.8(0.33%),P:1e-13	Tpos:277.7,Tstd:172.6,Bpos:235.3,Bstd:128.3,StrandBias:0.1,Multiplicity:1.03
0.034	0.868	0.042	0.056
0.055	0.943	0.001	0.001
0.891	0.107	0.001	0.001
0.071	0.001	0.927	0.001
0.778	0.001	0.179	0.042
0.085	0.913	0.001	0.001
0.953	0.001	0.001	0.045
0.001	0.001	0.997	0.001
0.062	0.001	0.936	0.001
0.936	0.062	0.001	0.001
0.953	0.045	0.001	0.001
0.891	0.001	0.107	0.001
>AACAGAAAGCAT	12-AACAGAAAGCAT	10.307889	-25.788849	0	T:47.0(2.21%),B:316.1(0.68%),P:1e-11	Tpos:260.8,Tstd:289.8,Bpos:233.5,Bstd:141.7,StrandBias:-0.1,Multiplicity:1.10
0.850	0.121	0.028	0.001
0.997	0.001	0.001	0.001
0.026	0.864	0.001	0.109
0.685	0.244	0.001	0.070
0.001	0.001	0.938	0.060
0.736	0.001	0.061	0.202
0.661	0.061	0.217	0.061
0.997	0.001	0.001	0.001
0.061	0.314	0.624	0.001
0.001	0.932	0.019	0.048
0.769	0.169	0.061	0.001
0.001	0.001	0.001	0.997
>TGCTGACTCAGC	13-TGCTGACTCAGC	9.151964	-25.621419	0	T:119.0(5.60%),B:1326.1(2.84%),P:1e-11	Tpos:261.9,Tstd:209.6,Bpos:243.5,Bstd:137.8,StrandBias:0.2,Multiplicity:1.03
0.047	0.019	0.034	0.900
0.019	0.078	0.860	0.043
0.042	0.820	0.021	0.117
0.087	0.040	0.047	0.826
0.052	0.083	0.864	0.001
0.767	0.078	0.073	0.082
0.063	0.746	0.087	0.104
0.081	0.066	0.059	0.794
0.061	0.841	0.061	0.037
0.948	0.011	0.013	0.028
0.043	0.069	0.797	0.091
0.045	0.843	0.025	0.087
>AACAGCTTTTTC	14-AACAGCTTTTTC	9.134900	-22.212284	0	T:57.0(2.68%),B:481.6(1.03%),P:1e-9	Tpos:274.4,Tstd:271.7,Bpos:243.9,Bstd:138.5,StrandBias:-0.3,Multiplicity:1.04
0.524	0.211	0.164	0.101
0.707	0.118	0.103	0.072
0.059	0.785	0.001	0.155
0.707	0.001	0.119	0.173
0.036	0.083	0.740	0.141
0.116	0.632	0.203	0.049
0.127	0.104	0.091	0.678
0.062	0.059	0.264	0.615
0.010	0.051	0.067	0.872
0.137	0.196	0.071	0.596
0.060	0.240	0.067	0.633
0.103	0.745	0.050	0.102
>TCAAACTCTTCC	15-TCAAACTCTTCC	12.355432	-17.860640	0	T:7.0(0.33%),B:6.9(0.01%),P:1e-7	Tpos:211.9,Tstd:186.0,Bpos:209.5,Bstd:140.3,StrandBias:1.3,Multiplicity:1.00
0.100	0.100	0.100	0.700
0.100	0.700	0.100	0.100
0.700	0.100	0.100	0.100
0.700	0.100	0.100	0.100
0.700	0.100	0.100	0.100
0.100	0.700	0.100	0.100
0.100	0.100	0.100	0.700
0.100	0.700	0.100	0.100
0.100	0.100	0.100	0.700
0.100	0.100	0.100	0.700
0.100	0.700	0.100	0.100
0.100	0.700	0.100	0.100
>AACYATSCTTAC	16-AACYATSCTTAC	13.073273	-14.862624	0	T:5.0(0.24%),B:3.9(0.01%),P:1e-6	Tpos:112.0,Tstd:90.6,Bpos:297.2,Bstd:131.1,StrandBias:0.7,Multiplicity:1.60
0.997	0.001	0.001	0.001
0.997	0.001	0.001	0.001
0.001	0.997	0.001	0.001
0.001	0.566	0.001	0.432
0.997	0.001	0.001	0.001
0.001	0.001	0.001	0.997
0.001	0.432	0.566	0.001
0.001	0.997	0.001	0.001
0.001	0.001	0.001	0.997
0.022	0.091	0.001	0.886
0.997	0.001	0.001	0.001
0.001	0.997	0.001	0.001
>SBTTTGGTTTYG	17-SBTTTGGTTTYG	6.374951	-14.169405	0	T:489.0(23.00%),B:8778.8(18.79%),P:1e-6	Tpos:299.2,Tstd:234.5,Bpos:242.2,Bstd:149.7,StrandBias:-0.2,Multiplicity:1.20
0.135	0.379	0.291	0.195
0.155	0.338	0.208	0.298
0.145	0.001	0.108	0.746
0.040	0.001	0.004	0.955
0.070	0.126	0.036	0.768
0.157	0.190	0.631	0.022
0.041	0.003	0.948	0.008
0.032	0.158	0.007	0.803
0.118	0.127	0.262	0.492
0.144	0.069	0.093	0.694
0.092	0.322	0.193	0.394
0.338	0.018	0.492	0.152
>TGACTCCGCCTG	18-TGACTCCGCCTG	8.463612	-9.137414	0	T:112.0(5.27%),B:1706.8(3.65%),P:1e-3	Tpos:330.5,Tstd:228.3,Bpos:245.8,Bstd:144.9,StrandBias:-0.8,Multiplicity:1.09
0.100	0.100	0.100	0.700
0.100	0.100	0.700	0.100
0.700	0.100	0.100	0.100
0.100	0.700	0.100	0.100
0.100	0.100	0.100	0.700
0.100	0.700	0.100	0.100
0.100	0.700	0.100	0.100
0.100	0.100	0.700	0.100
0.100	0.700	0.100	0.100
0.100	0.700	0.100	0.100
0.100	0.100	0.100	0.700
0.100	0.100	0.700	0.100
>ATGTGTTAGAGG	19-ATGTGTTAGAGG	12.355432	-6.903940	0	T:2.0(0.09%),B:1.2(0.00%),P:1e-2	Tpos:395.1,Tstd:128.1,Bpos:439.0,Bstd:0.0,StrandBias:10.0,Multiplicity:12.00
0.700	0.100	0.100	0.100
0.100	0.100	0.100	0.700
0.100	0.100	0.700	0.100
0.100	0.100	0.100	0.700
0.100	0.100	0.700	0.100
0.100	0.100	0.100	0.700
0.100	0.100	0.100	0.700
0.700	0.100	0.100	0.100
0.100	0.100	0.700	0.100
0.700	0.100	0.100	0.100
0.100	0.100	0.700	0.100
0.100	0.100	0.700	0.100
>GGGCGGAGATGT	20-GGGCGGAGATGT	12.355432	-6.903940	0	T:2.0(0.09%),B:1.6(0.00%),P:1e-2	Tpos:378.4,Tstd:165.5,Bpos:196.3,Bstd:95.9,StrandBias:-3.6,Multiplicity:6.50
0.100	0.100	0.700	0.100
0.100	0.100	0.700	0.100
0.100	0.100	0.700	0.100
0.100	0.700	0.100	0.100
0.100	0.100	0.700	0.100
0.100	0.100	0.700	0.100
0.700	0.100	0.100	0.100
0.100	0.100	0.700	0.100
0.700	0.100	0.100	0.100
0.100	0.100	0.100	0.700
0.100	0.100	0.700	0.100
0.100	0.100	0.100	0.700
>AGTCAGGCCCAA	21-AGTCAGGCCCAA	12.355432	-5.547778	0	T:2.0(0.09%),B:2.6(0.01%),P:1e-2	Tpos:294.6,Tstd:62.2,Bpos:351.9,Bstd:109.2,StrandBias:-2.8,Multiplicity:4.00
0.700	0.100	0.100	0.100
0.100	0.100	0.700	0.100
0.100	0.100	0.100	0.700
0.100	0.700	0.100	0.100
0.700	0.100	0.100	0.100
0.100	0.100	0.700	0.100
0.100	0.100	0.700	0.100
0.100	0.700	0.100	0.100
0.100	0.700	0.100	0.100
0.100	0.700	0.100	0.100
0.700	0.100	0.100	0.100
0.700	0.100	0.100	0.100
>ACTAACYATAGA	22-ACTAACYATAGA	13.590571	-5.547778	0	T:2.0(0.09%),B:2.4(0.01%),P:1e-2	Tpos:196.5,Tstd:79.4,Bpos:82.3,Bstd:50.1,StrandBias:3.3,Multiplicity:5.50
0.997	0.001	0.001	0.001
0.001	0.997	0.001	0.001
0.001	0.001	0.001	0.997
0.997	0.001	0.001	0.001
0.908	0.001	0.001	0.090
0.001	0.997	0.001	0.001
0.001	0.453	0.001	0.545
0.997	0.001	0.001	0.001
0.001	0.001	0.001	0.997
0.997	0.001	0.001	0.001
0.001	0.001	0.997	0.001
0.997	0.001	0.001	0.001
>TCTTCTCTACAG	23-TCTTCTCTACAG	12.355432	-4.766865	0	T:2.0(0.09%),B:3.6(0.01%),P:1e-2	Tpos:252.9,Tstd:143.5,Bpos:172.8,Bstd:75.1,StrandBias:10.0,Multiplicity:8.00
0.100	0.100	0.100	0.700
0.100	0.700	0.100	0.100
0.100	0.100	0.100	0.700
0.100	0.100	0.100	0.700
0.100	0.700	0.100	0.100
0.100	0.100	0.100	0.700
0.100	0.700	0.100	0.100
0.100	0.100	0.100	0.700
0.700	0.100	0.100	0.100
0.100	0.700	0.100	0.100
0.700	0.100	0.100	0.100
0.100	0.100	0.700	0.100
>CACACCTGGGAG	24-CACACCTGGGAG	14.685159	-4.239664	0	T:3.0(0.14%),B:11.1(0.02%),P:1e-1	Tpos:204.4,Tstd:112.8,Bpos:195.8,Bstd:145.1,StrandBias:4.0,Multiplicity:5.67
0.001	0.997	0.001	0.001
0.997	0.001	0.001	0.001
0.001	0.997	0.001	0.001
0.997	0.001	0.001	0.001
0.001	0.997	0.001	0.001
0.001	0.851	0.001	0.147
0.001	0.001	0.001	0.997
0.001	0.001	0.997	0.001
0.001	0.001	0.997	0.001
0.001	0.001	0.997	0.001
0.997	0.001	0.001	0.001
0.001	0.001	0.997	0.001
>AGCCCTGAACAC	25-AGCCCTGAACAC	12.355432	-2.442025	0	T:1.0(0.05%),B:2.0(0.00%),P:1e-1	Tpos:150.4,Tstd:88.6,Bpos:330.9,Bstd:101.4,StrandBias:10.0,Multiplicity:7.00
0.700	0.100	0.100	0.100
0.100	0.100	0.700	0.100
0.100	0.700	0.100	0.100
0.100	0.700	0.100	0.100
0.100	0.700	0.100	0.100
0.100	0.100	0.100	0.700
0.100	0.100	0.700	0.100
0.700	0.100	0.100	0.100
0.700	0.100	0.100	0.100
0.100	0.700	0.100	0.100
0.700	0.100	0.100	0.100
0.100	0.700	0.100	0.100
>AGGAAGTG	1-AGGAAGTG	7.723838	-200.832687	0	T:587.0(27.61%),B:5480.5(11.73%),P:1e-87	Tpos:295.6,Tstd:226.5,Bpos:241.6,Bstd:144.4,StrandBias:0.3,Multiplicity:1.21
0.936	0.062	0.001	0.001
0.001	0.001	0.997	0.001
0.001	0.001	0.997	0.001
0.997	0.001	0.001	0.001
0.887	0.001	0.001	0.111
0.286	0.001	0.712	0.001
0.001	0.001	0.001	0.997
0.106	0.001	0.892	0.001
>GCCGGAAG	2-GCCGGAAG	3.924954	-180.656819	0	T:794.0(37.35%),B:9208.0(19.71%),P:1e-78	Tpos:308.2,Tstd:238.2,Bpos:243.7,Bstd:146.3,StrandBias:0.1,Multiplicity:1.22
0.222	0.001	0.776	0.001
0.001	0.997	0.001	0.001
0.027	0.971	0.001	0.001
0.001	0.001	0.997	0.001
0.001	0.001	0.997	0.001
0.997	0.001	0.001	0.001
0.997	0.001	0.001	0.001
0.190	0.001	0.808	0.001
>AAACCACA	3-AAACCACA	7.639546	-149.265699	0	T:589.0(27.70%),B:6342.3(13.57%),P:1e-64	Tpos:286.3,Tstd:225.4,Bpos:242.0,Bstd:147.0,StrandBias:-0.1,Multiplicity:1.25
0.740	0.136	0.054	0.070
0.921	0.001	0.056	0.022
0.884	0.029	0.086	0.001
0.001	0.997	0.001	0.001
0.001	0.997	0.001	0.001
0.911	0.001	0.026	0.062
0.025	0.973	0.001	0.001
0.878	0.035	0.022	0.065
>TGTGGTTT	4-TGTGGTTT	5.821224	-115.042687	0	T:963.0(45.30%),B:13967.2(29.89%),P:1e-49	Tpos:298.1,Tstd:240.2,Bpos:242.7,Bstd:150.1,StrandBias:-0.1,Multiplicity:1.29
0.076	0.124	0.094	0.706
0.063	0.144	0.621	0.172
0.065	0.245	0.001	0.689
0.120	0.176	0.665	0.039
0.001	0.001	0.997	0.001
0.020	0.063	0.081	0.836
0.074	0.212	0.136	0.578
0.227	0.078	0.147	0.548
>TGAGTCAT	5-TGAGTCAT	7.034989	-60.127435	0	T:374.0(17.59%),B:4667.8(9.99%),P:1e-26	Tpos:292.3,Tstd:248.2,Bpos:240.3,Bstd:140.8,StrandBias:0.0,Multiplicity:1.15
0.019	0.073	0.014	0.894
0.001	0.001	0.955	0.043
0.915	0.037	0.001	0.047
0.020	0.084	0.862	0.034
0.001	0.001	0.001	0.997
0.056	0.926	0.017	0.001
0.987	0.001	0.011	0.001
0.001	0.224	0.059	0.716
>GGCGGGDC	6-GGCGGGDC	6.588690	-53.509237	0	T:733.0(34.48%),B:11551.4(24.72%),P:1e-23	Tpos:316.7,Tstd:234.3,Bpos:241.6,Bstd:155.7,StrandBias:-0.1,Multiplicity:1.66
0.001	0.001	0.997	0.001
0.001	0.001	0.997	0.001
0.001	0.840	0.001	0.158
0.001	0.001	0.997	0.001
0.001	0.001	0.600	0.398
0.259	0.001	0.739	0.001
0.352	0.001	0.349	0.298
0.001	0.846	0.001	0.152
>CCGCCCTA	7-CCGCCCTA	7.124762	-46.114594	0	T:408.0(19.19%),B:5671.1(12.14%),P:1e-20	Tpos:337.1,Tstd:235.7,Bpos:239.1,Bstd:154.6,StrandBias:0.2,Multiplicity:1.36
0.013	0.940	0.042	0.005
0.041	0.932	0.026	0.001
0.001	0.001	0.923	0.075
0.017	0.955	0.013	0.015
0.018	0.969	0.001	0.012
0.013	0.985	0.001	0.001
0.048	0.111	0.001	0.840
0.696	0.100	0.122	0.082
>ACCGAAAC	8-ACCGAAAC	5.281019	-33.436227	0	T:818.0(38.48%),B:14250.8(30.50%),P:1e-14	Tpos:307.3,Tstd:255.5,Bpos:243.2,Bstd:151.7,StrandBias:0.1,Multiplicity:1.38
0.782	0.070	0.066	0.082
0.133	0.612	0.160	0.095
0.056	0.669	0.153	0.122
0.165	0.072	0.704	0.059
0.873	0.034	0.057	0.036
0.816	0.049	0.074	0.061
0.799	0.114	0.041	0.046
0.108	0.754	0.087	0.051
>GACGTCAS	9-GACGTCAS	5.595504	-32.970630	0	T:479.0(22.53%),B:7499.9(16.05%),P:1e-14	Tpos:310.7,Tstd:248.4,Bpos:244.6,Bstd:156.7,StrandBias:-0.0,Multiplicity:1.23
0.025	0.372	0.528	0.075
0.556	0.001	0.241	0.202
0.001	0.997	0.001	0.001
0.001	0.001	0.997	0.001
0.001	0.074	0.001	0.924
0.001	0.687	0.076	0.236
0.870	0.001	0.001	0.128
0.167	0.414	0.312	0.107
>RGCGGAAR	10-RGCGGAAR	6.242583	-31.185175	0	T:431.0(20.27%),B:6663.2(14.26%),P:1e-13	Tpos:316.6,Tstd:239.8,Bpos:241.8,Bstd:156.4,StrandBias:0.4,Multiplicity:1.21
0.377	0.113	0.357	0.154
0.018	0.077	0.589	0.316
0.001	0.997	0.001	0.001
0.001	0.001	0.997	0.001
0.001	0.321	0.677	0.001
0.637	0.001	0.001	0.361
0.806	0.001	0.001	0.192
0.470	0.001	0.528	0.001
>TCACAMGT	11-TCACAMGT	8.147135	-31.065097	0	T:169.0(7.95%),B:1995.4(4.27%),P:1e-13	Tpos:278.9,Tstd:242.5,Bpos:242.8,Bstd:148.6,StrandBias:0.1,Multiplicity:1.05
0.001	0.001	0.001	0.997
0.001	0.630	0.368	0.001
0.724	0.001	0.274	0.001
0.001	0.951	0.001	0.047
0.823	0.001	0.001	0.175
0.448	0.550	0.001	0.001
0.001	0.270	0.499	0.230
0.001	0.001	0.001	0.997
>RCCAATCG	12-RCCAATCG	6.210294	-29.560116	0	T:202.0(9.50%),B:2580.6(5.52%),P:1e-12	Tpos:292.6,Tstd:215.4,Bpos:248.5,Bstd:147.9,StrandBias:-0.3,Multiplicity:1.14
0.385	0.001	0.451	0.163
0.172	0.472	0.141	0.215
0.073	0.449	0.241	0.237
0.937	0.033	0.026	0.004
0.900	0.098	0.001	0.001
0.013	0.093	0.001	0.893
0.231	0.583	0.087	0.099
0.294	0.001	0.606	0.099
>GGGTKGGA	13-GGGTKGGA	7.336236	-29.423589	0	T:786.0(36.97%),B:13826.5(29.59%),P:1e-12	Tpos:321.0,Tstd:251.7,Bpos:241.3,Bstd:144.6,StrandBias:0.2,Multiplicity:1.45
0.001	0.054	0.944	0.001
0.001	0.033	0.965	0.001
0.001	0.001	0.997	0.001
0.001	0.001	0.257	0.741
0.001	0.001	0.538	0.460
0.001	0.001	0.741	0.257
0.256	0.246	0.497	0.001
0.657	0.001	0.341	0.001
>CCCGCTAA	14-CCCGCTAA	6.713444	-18.105475	0	T:202.0(9.50%),B:2965.7(6.35%),P:1e-7	Tpos:340.7,Tstd:217.8,Bpos:241.9,Bstd:150.8,StrandBias:-0.3,Multiplicity:1.22
0.050	0.849	0.053	0.048
0.001	0.716	0.001	0.282
0.001	0.888	0.110	0.001
0.001	0.019	0.881	0.099
0.001	0.881	0.001	0.117
0.001	0.190	0.001	0.808
0.763	0.001	0.001	0.235
0.997	0.001	0.001	0.001
