>AHTGATCTCACT	11-AGTGAGATCADT	11.925923	-16.833408	0	T:9.0(0.18%),B:6.9(0.02%),P:1e-7
0.746	0.037	0.124	0.093
0.278	0.387	0.050	0.285
0.022	0.025	0.012	0.941
0.034	0.071	0.822	0.073
0.602	0.059	0.075	0.264
0.050	0.038	0.066	0.846
0.074	0.747	0.062	0.117
0.026	0.050	0.037	0.887
0.050	0.850	0.025	0.075
0.795	0.062	0.050	0.093
0.258	0.528	0.074	0.140
0.112	0.074	0.050	0.764
