>TCTCCACCTCAC	10-TCTCCACCTCAC,BestGuess:Bcl6+PB0110-1(0.553)	9.693289	-19.351934	0	T:76.0(1.48%),B:316.7(0.71%),P:1e-8
0.070	0.038	0.084	0.808
0.038	0.782	0.105	0.075
0.032	0.037	0.001	0.930
0.033	0.846	0.070	0.051
0.056	0.850	0.019	0.075
0.850	0.059	0.019	0.072
0.077	0.750	0.122	0.051
0.001	0.950	0.001	0.048
0.070	0.114	0.019	0.797
0.020	0.869	0.044	0.067
0.767	0.079	0.048	0.106
0.075	0.807	0.080	0.038
