>TTTATASAATCT	2-TTTATASAATCT,BestGuess:Bcl6b+M0391(0.406)	10.638820	-32.435958	0	T:27.0(0.53%),B:33.4(0.07%),P:1e-14
0.079	0.019	0.034	0.868
0.050	0.014	0.290	0.646
0.257	0.053	0.049	0.641
0.629	0.013	0.034	0.324
0.016	0.280	0.206	0.499
0.826	0.013	0.113	0.048
0.169	0.365	0.265	0.201
0.660	0.013	0.009	0.318
0.839	0.063	0.080	0.018
0.073	0.012	0.081	0.834
0.050	0.641	0.292	0.017
0.053	0.247	0.003	0.697
