>GTGTACACTGGT	12-GTGTACACTGGT	9.706500	-16.187248	0	T:50.0(0.98%),B:188.6(0.42%),P:1e-7
0.077	0.056	0.802	0.065
0.043	0.001	0.064	0.892
0.044	0.086	0.833	0.037
0.120	0.034	0.056	0.790
0.810	0.086	0.103	0.001
0.086	0.785	0.043	0.086
0.720	0.107	0.001	0.172
0.080	0.800	0.077	0.043
0.043	0.001	0.021	0.935
0.043	0.001	0.934	0.022
0.043	0.001	0.913	0.043
0.056	0.086	0.065	0.793
