>TTTTTTTTTAAA	14-TTTAAAAAAAAA	9.567782	-14.387018	0	T:291.0(5.68%),B:1902.1(4.24%),P:1e-6
0.046	0.080	0.055	0.819
0.040	0.045	0.051	0.864
0.048	0.053	0.056	0.843
0.018	0.049	0.038	0.895
0.026	0.045	0.065	0.864
0.078	0.053	0.083	0.786
0.048	0.050	0.078	0.824
0.061	0.059	0.063	0.817
0.085	0.076	0.064	0.775
0.811	0.040	0.073	0.076
0.861	0.040	0.030	0.069
0.846	0.063	0.052	0.039
