>AGTGAGATCADT	11-AGTGAGATCADT,BestGuess:Bcl6b+M0391(0.324)	11.925923	-16.833408	0	T:9.0(0.18%),B:6.9(0.02%),P:1e-7
0.764	0.050	0.074	0.112
0.140	0.074	0.528	0.258
0.093	0.050	0.062	0.795
0.075	0.025	0.850	0.050
0.887	0.037	0.050	0.026
0.117	0.062	0.747	0.074
0.846	0.066	0.038	0.050
0.264	0.075	0.059	0.602
0.073	0.822	0.071	0.034
0.941	0.012	0.025	0.022
0.285	0.050	0.387	0.278
0.093	0.124	0.037	0.746
