>AAACCAGTGTTT	6-AAACACTGGTTT	9.362794	-22.859903	0	T:158.0(3.09%),B:802.3(1.79%),P:1e-9
0.841	0.079	0.005	0.075
0.769	0.080	0.064	0.087
0.826	0.019	0.068	0.087
0.088	0.765	0.073	0.074
0.055	0.857	0.033	0.055
0.886	0.001	0.013	0.100
0.072	0.058	0.796	0.074
0.066	0.001	0.065	0.868
0.093	0.106	0.767	0.034
0.049	0.001	0.001	0.949
0.075	0.068	0.086	0.771
0.046	0.051	0.001	0.902
