>TTTAAAAAAAAA	14-TTTAAAAAAAAA,BestGuess:Bcl6b+M0391(0.562)	9.567782	-14.387018	0	T:291.0(5.68%),B:1902.1(4.24%),P:1e-6
0.039	0.052	0.063	0.846
0.069	0.030	0.040	0.861
0.076	0.073	0.040	0.811
0.775	0.064	0.076	0.085
0.817	0.063	0.059	0.061
0.824	0.078	0.050	0.048
0.786	0.083	0.053	0.078
0.864	0.065	0.045	0.026
0.895	0.038	0.049	0.018
0.843	0.056	0.053	0.048
0.864	0.051	0.045	0.040
0.819	0.055	0.080	0.046
