Factor1: 1.068487133225011
Factor2: 0.9359027066443968
