Factor1: 0.918956071372066
Factor2: 1.0881912978788308
