Factor1: 0.9504728726817228
Factor2: 1.0521078809735394
