>NAMATGTATHAWN	Dmrtc2+M0635	5.574747	-5.785292	0	T:865.0(39.81%),B:17247.3(36.93%),P:1e-2
0.341	0.220	0.220	0.220
0.475	0.175	0.175	0.175
0.264	0.386	0.175	0.175
0.679	0.107	0.107	0.107
0.023	0.023	0.023	0.931
0.188	0.001	0.810	0.001
0.001	0.001	0.001	0.997
0.876	0.001	0.001	0.122
0.119	0.031	0.031	0.819
0.401	0.261	0.075	0.263
0.538	0.312	0.075	0.075
0.383	0.144	0.144	0.330
0.317	0.228	0.228	0.228
