>ACAGGAAGTG	1-ACAGGAAGTG	7.225392	-232.516429	0	T:952.0(36.62%),B:8710.6(18.72%),P:1e-100	Tpos:305.0,Tstd:242.7,Bpos:243.6,Bstd:143.0,StrandBias:-0.1,Multiplicity:1.34
0.698	0.066	0.162	0.074
0.114	0.660	0.173	0.053
0.912	0.041	0.037	0.010
0.016	0.031	0.940	0.013
0.041	0.020	0.928	0.011
0.948	0.030	0.009	0.013
0.744	0.018	0.027	0.211
0.131	0.035	0.833	0.001
0.057	0.146	0.062	0.735
0.159	0.139	0.606	0.096
>TGTGGTTTSG	2-TGTGGTTTSG	7.144358	-222.882859	0	T:741.0(28.50%),B:6018.6(12.93%),P:1e-96	Tpos:290.9,Tstd:248.3,Bpos:242.5,Bstd:148.4,StrandBias:-0.1,Multiplicity:1.21
0.153	0.001	0.090	0.756
0.095	0.020	0.787	0.098
0.125	0.101	0.053	0.721
0.001	0.006	0.877	0.116
0.001	0.001	0.983	0.015
0.005	0.176	0.207	0.612
0.001	0.193	0.001	0.805
0.265	0.079	0.157	0.498
0.176	0.345	0.310	0.169
0.193	0.167	0.401	0.240
>RGGGTGGRGC	3-RGGGTGGRGC	7.726225	-115.990013	0	T:848.0(32.62%),B:9339.8(20.07%),P:1e-50	Tpos:341.9,Tstd:286.9,Bpos:248.5,Bstd:148.0,StrandBias:0.0,Multiplicity:1.61
0.311	0.021	0.422	0.246
0.203	0.001	0.795	0.001
0.001	0.019	0.941	0.039
0.001	0.022	0.976	0.001
0.051	0.331	0.036	0.582
0.033	0.001	0.965	0.001
0.075	0.001	0.672	0.252
0.440	0.023	0.536	0.001
0.145	0.001	0.844	0.010
0.154	0.657	0.001	0.188
>KATGASTCAT	4-KATGASTCAT	9.202220	-105.880228	0	T:213.0(8.19%),B:1215.4(2.61%),P:1e-45	Tpos:301.4,Tstd:263.5,Bpos:235.9,Bstd:144.2,StrandBias:-0.1,Multiplicity:1.06
0.206	0.076	0.373	0.344
0.428	0.228	0.241	0.103
0.001	0.001	0.001	0.997
0.001	0.001	0.997	0.001
0.969	0.001	0.001	0.029
0.001	0.441	0.496	0.062
0.001	0.001	0.001	0.997
0.001	0.997	0.001	0.001
0.997	0.001	0.001	0.001
0.039	0.241	0.235	0.486
>CMGGAAACHR	5-CMGGAAACHR	7.360597	-104.605328	0	T:401.0(15.42%),B:3352.2(7.20%),P:1e-45	Tpos:287.7,Tstd:214.9,Bpos:247.3,Bstd:148.0,StrandBias:-0.1,Multiplicity:1.07
0.001	0.615	0.267	0.117
0.429	0.563	0.007	0.001
0.022	0.155	0.748	0.075
0.001	0.173	0.764	0.062
0.768	0.012	0.107	0.113
0.987	0.001	0.011	0.001
0.565	0.107	0.212	0.116
0.034	0.647	0.076	0.243
0.283	0.299	0.146	0.273
0.320	0.229	0.416	0.035
>AAACCGCAGA	6-AAACCGCAGA	4.908880	-103.087091	0	T:1268.0(48.77%),B:16400.8(35.25%),P:1e-44	Tpos:314.1,Tstd:272.0,Bpos:243.4,Bstd:148.6,StrandBias:0.2,Multiplicity:1.36
0.678	0.108	0.090	0.124
0.689	0.096	0.120	0.095
0.745	0.086	0.082	0.087
0.095	0.699	0.105	0.101
0.113	0.690	0.100	0.097
0.130	0.069	0.709	0.092
0.087	0.730	0.091	0.092
0.710	0.109	0.091	0.090
0.131	0.106	0.663	0.100
0.688	0.112	0.095	0.105
>TTTCGGTTTC	7-TTTCGGTTTC	7.877653	-69.526319	0	T:276.0(10.62%),B:2323.1(4.99%),P:1e-30	Tpos:322.9,Tstd:299.2,Bpos:244.5,Bstd:148.4,StrandBias:0.1,Multiplicity:1.12
0.057	0.017	0.033	0.893
0.038	0.054	0.074	0.834
0.056	0.089	0.122	0.733
0.027	0.808	0.071	0.094
0.181	0.071	0.652	0.096
0.067	0.144	0.670	0.119
0.026	0.047	0.026	0.901
0.029	0.068	0.050	0.853
0.050	0.059	0.049	0.842
0.055	0.819	0.088	0.038
>TTTGACTCAT	8-TTTGACTCAT	6.234569	-53.980210	0	T:149.0(5.73%),B:1040.4(2.24%),P:1e-23	Tpos:290.0,Tstd:215.4,Bpos:241.3,Bstd:142.5,StrandBias:0.2,Multiplicity:1.06
0.001	0.001	0.001	0.997
0.001	0.001	0.209	0.789
0.001	0.001	0.001	0.997
0.001	0.001	0.997	0.001
0.997	0.001	0.001	0.001
0.040	0.861	0.059	0.040
0.001	0.001	0.001	0.997
0.408	0.576	0.015	0.001
0.949	0.001	0.049	0.001
0.009	0.001	0.001	0.989
>GGGRWTTCCC	9-GGGRWTTCCC	8.839811	-53.183368	0	T:162.0(6.23%),B:1194.6(2.57%),P:1e-23	Tpos:345.3,Tstd:306.4,Bpos:241.1,Bstd:142.8,StrandBias:-0.1,Multiplicity:1.09
0.001	0.105	0.893	0.001
0.035	0.063	0.901	0.001
0.119	0.001	0.879	0.001
0.406	0.001	0.440	0.153
0.367	0.224	0.001	0.409
0.287	0.001	0.001	0.711
0.001	0.153	0.001	0.845
0.002	0.821	0.001	0.176
0.001	0.997	0.001	0.001
0.001	0.997	0.001	0.001
>GTHAYACCTA	10-GTHAYACCTA	7.205567	-44.170874	0	T:367.0(14.12%),B:4044.4(8.69%),P:1e-19	Tpos:294.2,Tstd:271.7,Bpos:242.8,Bstd:144.8,StrandBias:-0.1,Multiplicity:1.13
0.071	0.233	0.610	0.086
0.001	0.342	0.021	0.636
0.214	0.344	0.183	0.259
0.997	0.001	0.001	0.001
0.001	0.568	0.001	0.430
0.997	0.001	0.001	0.001
0.149	0.563	0.091	0.197
0.136	0.672	0.001	0.191
0.001	0.337	0.138	0.524
0.683	0.315	0.001	0.001
>TYTTACCACA	11-TYTTACCACA	7.646805	-43.798968	0	T:283.0(10.88%),B:2878.6(6.19%),P:1e-19	Tpos:291.1,Tstd:239.7,Bpos:241.9,Bstd:145.1,StrandBias:0.2,Multiplicity:1.08
0.080	0.078	0.071	0.771
0.188	0.315	0.082	0.416
0.048	0.056	0.141	0.755
0.029	0.272	0.266	0.433
0.941	0.022	0.001	0.036
0.052	0.760	0.187	0.001
0.001	0.957	0.040	0.002
0.900	0.001	0.098	0.001
0.060	0.631	0.147	0.162
0.813	0.049	0.122	0.016
>STAGDGGGCG	12-STAGDGGGCG	7.124500	-37.825143	0	T:205.0(7.88%),B:1958.2(4.21%),P:1e-16	Tpos:305.2,Tstd:302.1,Bpos:243.5,Bstd:148.9,StrandBias:0.0,Multiplicity:1.10
0.201	0.406	0.297	0.096
0.016	0.296	0.046	0.642
0.923	0.021	0.027	0.029
0.256	0.038	0.657	0.049
0.289	0.164	0.333	0.214
0.021	0.269	0.437	0.272
0.021	0.262	0.662	0.055
0.049	0.038	0.891	0.022
0.038	0.626	0.171	0.165
0.338	0.023	0.611	0.028
>CGCAACCAAT	13-CGCAACCAAT	9.537990	-35.505679	0	T:35.0(1.35%),B:107.8(0.23%),P:1e-15	Tpos:304.7,Tstd:172.3,Bpos:258.7,Bstd:131.3,StrandBias:-0.2,Multiplicity:1.03
0.027	0.934	0.001	0.038
0.001	0.001	0.983	0.015
0.051	0.859	0.001	0.089
0.743	0.255	0.001	0.001
0.741	0.115	0.143	0.001
0.074	0.836	0.089	0.001
0.001	0.997	0.001	0.001
0.957	0.041	0.001	0.001
0.942	0.001	0.001	0.056
0.001	0.001	0.001	0.997
>CCAATCAGCG	14-CCAATCAGCG	9.481562	-34.855428	0	T:82.0(3.15%),B:525.5(1.13%),P:1e-15	Tpos:320.8,Tstd:253.8,Bpos:248.6,Bstd:153.5,StrandBias:-0.1,Multiplicity:1.04
0.001	0.888	0.001	0.110
0.001	0.997	0.001	0.001
0.997	0.001	0.001	0.001
0.954	0.044	0.001	0.001
0.001	0.045	0.050	0.904
0.001	0.866	0.132	0.001
0.965	0.033	0.001	0.001
0.029	0.137	0.785	0.049
0.217	0.759	0.001	0.023
0.033	0.001	0.901	0.065
>TTACGTCACC	15-TTACGTCACC	6.533944	-33.807006	0	T:324.0(12.46%),B:3708.0(7.97%),P:1e-14	Tpos:297.0,Tstd:249.8,Bpos:240.6,Bstd:146.8,StrandBias:0.0,Multiplicity:1.08
0.069	0.035	0.057	0.839
0.060	0.063	0.152	0.725
0.810	0.070	0.067	0.053
0.073	0.829	0.059	0.039
0.070	0.049	0.811	0.070
0.049	0.052	0.025	0.874
0.067	0.816	0.046	0.071
0.823	0.064	0.075	0.038
0.089	0.760	0.069	0.082
0.131	0.720	0.059	0.090
>TCTWTYACAC	16-TCTWTYACAC	8.376378	-29.884543	0	T:176.0(6.77%),B:1735.8(3.73%),P:1e-12	Tpos:275.6,Tstd:235.6,Bpos:236.8,Bstd:150.1,StrandBias:-0.2,Multiplicity:1.02
0.116	0.001	0.311	0.572
0.001	0.997	0.001	0.001
0.080	0.001	0.204	0.715
0.532	0.001	0.001	0.466
0.001	0.001	0.001	0.997
0.186	0.434	0.090	0.289
0.622	0.001	0.175	0.202
0.001	0.693	0.305	0.001
0.997	0.001	0.001	0.001
0.001	0.997	0.001	0.001
>GTTACTTTCA	17-GTTACTTTCA	8.747605	-29.816163	0	T:139.0(5.35%),B:1256.0(2.70%),P:1e-12	Tpos:315.1,Tstd:247.5,Bpos:240.9,Bstd:151.5,StrandBias:0.1,Multiplicity:1.02
0.001	0.001	0.923	0.075
0.001	0.358	0.021	0.620
0.001	0.001	0.001	0.997
0.592	0.001	0.311	0.096
0.001	0.773	0.225	0.001
0.041	0.001	0.308	0.650
0.001	0.001	0.001	0.997
0.006	0.002	0.114	0.878
0.130	0.791	0.078	0.001
0.694	0.001	0.001	0.304
>TCCCGCCAAA	18-TCCCGCCAAA	9.374646	-28.472159	0	T:63.0(2.42%),B:391.9(0.84%),P:1e-12	Tpos:330.4,Tstd:318.2,Bpos:236.2,Bstd:151.2,StrandBias:-0.4,Multiplicity:1.10
0.180	0.018	0.026	0.776
0.001	0.997	0.001	0.001
0.001	0.898	0.100	0.001
0.001	0.997	0.001	0.001
0.101	0.001	0.776	0.122
0.001	0.971	0.027	0.001
0.057	0.897	0.045	0.001
0.971	0.001	0.027	0.001
0.935	0.063	0.001	0.001
0.951	0.015	0.033	0.001
>GATTATGCTC	19-GATTATGCTC	9.079154	-26.157752	0	T:59.0(2.27%),B:372.6(0.80%),P:1e-11	Tpos:257.7,Tstd:221.7,Bpos:234.3,Bstd:137.2,StrandBias:0.3,Multiplicity:1.02
0.247	0.126	0.626	0.001
0.930	0.001	0.001	0.068
0.001	0.001	0.001	0.997
0.001	0.178	0.001	0.820
0.807	0.001	0.001	0.191
0.285	0.001	0.001	0.713
0.166	0.099	0.734	0.001
0.124	0.874	0.001	0.001
0.081	0.001	0.001	0.917
0.035	0.963	0.001	0.001
>AAAATTTGCA	20-AAAATTTGCA	8.559317	-23.393212	0	T:109.0(4.19%),B:990.6(2.13%),P:1e-10	Tpos:297.5,Tstd:277.2,Bpos:250.5,Bstd:146.1,StrandBias:-0.1,Multiplicity:1.02
0.921	0.001	0.001	0.077
0.866	0.094	0.001	0.039
0.714	0.009	0.231	0.046
0.955	0.043	0.001	0.001
0.109	0.068	0.202	0.621
0.089	0.078	0.225	0.608
0.075	0.001	0.184	0.740
0.018	0.128	0.853	0.001
0.139	0.836	0.024	0.001
0.549	0.216	0.171	0.064
>AAKTTGCGTT	21-AAKTTGCGTT	10.374466	-23.164796	0	T:20.0(0.77%),B:54.5(0.12%),P:1e-10	Tpos:317.9,Tstd:353.3,Bpos:250.1,Bstd:135.7,StrandBias:-0.7,Multiplicity:1.00
0.798	0.200	0.001	0.001
0.997	0.001	0.001	0.001
0.001	0.247	0.443	0.309
0.001	0.001	0.001	0.997
0.001	0.001	0.001	0.997
0.001	0.001	0.716	0.282
0.001	0.997	0.001	0.001
0.001	0.001	0.997	0.001
0.001	0.152	0.001	0.846
0.001	0.001	0.192	0.806
>TCTGTGRTGT	22-TCTGTGRTGT	7.768295	-22.484185	0	T:410.0(15.77%),B:5409.2(11.62%),P:1e-9	Tpos:301.2,Tstd:251.8,Bpos:241.8,Bstd:148.0,StrandBias:-0.1,Multiplicity:1.12
0.226	0.001	0.026	0.747
0.174	0.596	0.229	0.001
0.001	0.001	0.318	0.680
0.001	0.001	0.997	0.001
0.290	0.001	0.001	0.708
0.001	0.001	0.997	0.001
0.373	0.096	0.395	0.136
0.001	0.029	0.001	0.969
0.001	0.001	0.997	0.001
0.001	0.237	0.001	0.761
>AAACCGAGAA	23-AAACCGAGAA	9.749828	-21.923247	0	T:59.0(2.27%),B:417.0(0.90%),P:1e-9	Tpos:265.3,Tstd:277.9,Bpos:237.8,Bstd:152.3,StrandBias:0.2,Multiplicity:1.00
0.825	0.001	0.173	0.001
0.934	0.001	0.064	0.001
0.939	0.001	0.001	0.059
0.001	0.582	0.001	0.416
0.001	0.825	0.001	0.173
0.001	0.001	0.910	0.088
0.874	0.001	0.001	0.124
0.001	0.001	0.997	0.001
0.714	0.284	0.001	0.001
0.997	0.001	0.001	0.001
>CAACTGAAAC	24-CAACTGAAAC	10.760696	-20.749184	0	T:43.0(1.65%),B:260.7(0.56%),P:1e-9	Tpos:316.4,Tstd:292.6,Bpos:241.7,Bstd:160.0,StrandBias:0.6,Multiplicity:1.00
0.001	0.997	0.001	0.001
0.997	0.001	0.001	0.001
0.997	0.001	0.001	0.001
0.001	0.795	0.001	0.203
0.001	0.001	0.001	0.997
0.001	0.001	0.836	0.162
0.626	0.163	0.210	0.001
0.997	0.001	0.001	0.001
0.997	0.001	0.001	0.001
0.110	0.756	0.133	0.001
>CCGTGCCTCA	25-CCGTGCCTCA	9.266400	-15.053144	0	T:58.0(2.23%),B:496.3(1.07%),P:1e-6	Tpos:325.2,Tstd:267.6,Bpos:237.9,Bstd:150.5,StrandBias:-1.2,Multiplicity:1.46
0.001	0.806	0.054	0.139
0.001	0.997	0.001	0.001
0.001	0.080	0.918	0.001
0.048	0.001	0.138	0.813
0.001	0.001	0.893	0.105
0.001	0.997	0.001	0.001
0.001	0.694	0.158	0.147
0.050	0.001	0.001	0.948
0.001	0.778	0.001	0.220
0.955	0.001	0.043	0.001
