>ACAGGAAGTG	1-ACAGGAAGTG	7.225392	-232.516429	0	T:952.0(36.62%),B:8710.6(18.72%),P:1e-100	Tpos:305.0,Tstd:242.7,Bpos:243.6,Bstd:143.0,StrandBias:-0.1,Multiplicity:1.34
0.698	0.066	0.162	0.074
0.114	0.660	0.173	0.053
0.912	0.041	0.037	0.010
0.016	0.031	0.940	0.013
0.041	0.020	0.928	0.011
0.948	0.030	0.009	0.013
0.744	0.018	0.027	0.211
0.131	0.035	0.833	0.001
0.057	0.146	0.062	0.735
0.159	0.139	0.606	0.096
>TGTGGTTTSG	2-TGTGGTTTSG	7.144358	-222.882859	0	T:741.0(28.50%),B:6018.6(12.93%),P:1e-96	Tpos:290.9,Tstd:248.3,Bpos:242.5,Bstd:148.4,StrandBias:-0.1,Multiplicity:1.21
0.153	0.001	0.090	0.756
0.095	0.020	0.787	0.098
0.125	0.101	0.053	0.721
0.001	0.006	0.877	0.116
0.001	0.001	0.983	0.015
0.005	0.176	0.207	0.612
0.001	0.193	0.001	0.805
0.265	0.079	0.157	0.498
0.176	0.345	0.310	0.169
0.193	0.167	0.401	0.240
>RGGGTGGRGC	3-RGGGTGGRGC	7.726225	-115.990013	0	T:848.0(32.62%),B:9339.8(20.07%),P:1e-50	Tpos:341.9,Tstd:286.9,Bpos:248.5,Bstd:148.0,StrandBias:0.0,Multiplicity:1.61
0.311	0.021	0.422	0.246
0.203	0.001	0.795	0.001
0.001	0.019	0.941	0.039
0.001	0.022	0.976	0.001
0.051	0.331	0.036	0.582
0.033	0.001	0.965	0.001
0.075	0.001	0.672	0.252
0.440	0.023	0.536	0.001
0.145	0.001	0.844	0.010
0.154	0.657	0.001	0.188
>KATGASTCAT	4-KATGASTCAT	9.202220	-105.880228	0	T:213.0(8.19%),B:1215.4(2.61%),P:1e-45	Tpos:301.4,Tstd:263.5,Bpos:235.9,Bstd:144.2,StrandBias:-0.1,Multiplicity:1.06
0.206	0.076	0.373	0.344
0.428	0.228	0.241	0.103
0.001	0.001	0.001	0.997
0.001	0.001	0.997	0.001
0.969	0.001	0.001	0.029
0.001	0.441	0.496	0.062
0.001	0.001	0.001	0.997
0.001	0.997	0.001	0.001
0.997	0.001	0.001	0.001
0.039	0.241	0.235	0.486
>CMGGAAACHR	5-CMGGAAACHR	7.360597	-104.605328	0	T:401.0(15.42%),B:3352.2(7.20%),P:1e-45	Tpos:287.7,Tstd:214.9,Bpos:247.3,Bstd:148.0,StrandBias:-0.1,Multiplicity:1.07
0.001	0.615	0.267	0.117
0.429	0.563	0.007	0.001
0.022	0.155	0.748	0.075
0.001	0.173	0.764	0.062
0.768	0.012	0.107	0.113
0.987	0.001	0.011	0.001
0.565	0.107	0.212	0.116
0.034	0.647	0.076	0.243
0.283	0.299	0.146	0.273
0.320	0.229	0.416	0.035
>AAACCGCAGA	6-AAACCGCAGA	4.908880	-103.087091	0	T:1268.0(48.77%),B:16400.8(35.25%),P:1e-44	Tpos:314.1,Tstd:272.0,Bpos:243.4,Bstd:148.6,StrandBias:0.2,Multiplicity:1.36
0.678	0.108	0.090	0.124
0.689	0.096	0.120	0.095
0.745	0.086	0.082	0.087
0.095	0.699	0.105	0.101
0.113	0.690	0.100	0.097
0.130	0.069	0.709	0.092
0.087	0.730	0.091	0.092
0.710	0.109	0.091	0.090
0.131	0.106	0.663	0.100
0.688	0.112	0.095	0.105
>TTTCGGTTTC	7-TTTCGGTTTC	7.877653	-69.526319	0	T:276.0(10.62%),B:2323.1(4.99%),P:1e-30	Tpos:322.9,Tstd:299.2,Bpos:244.5,Bstd:148.4,StrandBias:0.1,Multiplicity:1.12
0.057	0.017	0.033	0.893
0.038	0.054	0.074	0.834
0.056	0.089	0.122	0.733
0.027	0.808	0.071	0.094
0.181	0.071	0.652	0.096
0.067	0.144	0.670	0.119
0.026	0.047	0.026	0.901
0.029	0.068	0.050	0.853
0.050	0.059	0.049	0.842
0.055	0.819	0.088	0.038
>TTTGACTCAT	8-TTTGACTCAT	6.234569	-53.980210	0	T:149.0(5.73%),B:1040.4(2.24%),P:1e-23	Tpos:290.0,Tstd:215.4,Bpos:241.3,Bstd:142.5,StrandBias:0.2,Multiplicity:1.06
0.001	0.001	0.001	0.997
0.001	0.001	0.209	0.789
0.001	0.001	0.001	0.997
0.001	0.001	0.997	0.001
0.997	0.001	0.001	0.001
0.040	0.861	0.059	0.040
0.001	0.001	0.001	0.997
0.408	0.576	0.015	0.001
0.949	0.001	0.049	0.001
0.009	0.001	0.001	0.989
>GGGRWTTCCC	9-GGGRWTTCCC	8.839811	-53.183368	0	T:162.0(6.23%),B:1194.6(2.57%),P:1e-23	Tpos:345.3,Tstd:306.4,Bpos:241.1,Bstd:142.8,StrandBias:-0.1,Multiplicity:1.09
0.001	0.105	0.893	0.001
0.035	0.063	0.901	0.001
0.119	0.001	0.879	0.001
0.406	0.001	0.440	0.153
0.367	0.224	0.001	0.409
0.287	0.001	0.001	0.711
0.001	0.153	0.001	0.845
0.002	0.821	0.001	0.176
0.001	0.997	0.001	0.001
0.001	0.997	0.001	0.001
>GTHAYACCTA	10-GTHAYACCTA	7.205567	-44.170874	0	T:367.0(14.12%),B:4044.4(8.69%),P:1e-19	Tpos:294.2,Tstd:271.7,Bpos:242.8,Bstd:144.8,StrandBias:-0.1,Multiplicity:1.13
0.071	0.233	0.610	0.086
0.001	0.342	0.021	0.636
0.214	0.344	0.183	0.259
0.997	0.001	0.001	0.001
0.001	0.568	0.001	0.430
0.997	0.001	0.001	0.001
0.149	0.563	0.091	0.197
0.136	0.672	0.001	0.191
0.001	0.337	0.138	0.524
0.683	0.315	0.001	0.001
>TYTTACCACA	11-TYTTACCACA	7.646805	-43.798968	0	T:283.0(10.88%),B:2878.6(6.19%),P:1e-19	Tpos:291.1,Tstd:239.7,Bpos:241.9,Bstd:145.1,StrandBias:0.2,Multiplicity:1.08
0.080	0.078	0.071	0.771
0.188	0.315	0.082	0.416
0.048	0.056	0.141	0.755
0.029	0.272	0.266	0.433
0.941	0.022	0.001	0.036
0.052	0.760	0.187	0.001
0.001	0.957	0.040	0.002
0.900	0.001	0.098	0.001
0.060	0.631	0.147	0.162
0.813	0.049	0.122	0.016
>STAGDGGGCG	12-STAGDGGGCG	7.124500	-37.825143	0	T:205.0(7.88%),B:1958.2(4.21%),P:1e-16	Tpos:305.2,Tstd:302.1,Bpos:243.5,Bstd:148.9,StrandBias:0.0,Multiplicity:1.10
0.201	0.406	0.297	0.096
0.016	0.296	0.046	0.642
0.923	0.021	0.027	0.029
0.256	0.038	0.657	0.049
0.289	0.164	0.333	0.214
0.021	0.269	0.437	0.272
0.021	0.262	0.662	0.055
0.049	0.038	0.891	0.022
0.038	0.626	0.171	0.165
0.338	0.023	0.611	0.028
>CGCAACCAAT	13-CGCAACCAAT	9.537990	-35.505679	0	T:35.0(1.35%),B:107.8(0.23%),P:1e-15	Tpos:304.7,Tstd:172.3,Bpos:258.7,Bstd:131.3,StrandBias:-0.2,Multiplicity:1.03
0.027	0.934	0.001	0.038
0.001	0.001	0.983	0.015
0.051	0.859	0.001	0.089
0.743	0.255	0.001	0.001
0.741	0.115	0.143	0.001
0.074	0.836	0.089	0.001
0.001	0.997	0.001	0.001
0.957	0.041	0.001	0.001
0.942	0.001	0.001	0.056
0.001	0.001	0.001	0.997
>CCAATCAGCG	14-CCAATCAGCG	9.481562	-34.855428	0	T:82.0(3.15%),B:525.5(1.13%),P:1e-15	Tpos:320.8,Tstd:253.8,Bpos:248.6,Bstd:153.5,StrandBias:-0.1,Multiplicity:1.04
0.001	0.888	0.001	0.110
0.001	0.997	0.001	0.001
0.997	0.001	0.001	0.001
0.954	0.044	0.001	0.001
0.001	0.045	0.050	0.904
0.001	0.866	0.132	0.001
0.965	0.033	0.001	0.001
0.029	0.137	0.785	0.049
0.217	0.759	0.001	0.023
0.033	0.001	0.901	0.065
>TTACGTCACC	15-TTACGTCACC	6.533944	-33.807006	0	T:324.0(12.46%),B:3708.0(7.97%),P:1e-14	Tpos:297.0,Tstd:249.8,Bpos:240.6,Bstd:146.8,StrandBias:0.0,Multiplicity:1.08
0.069	0.035	0.057	0.839
0.060	0.063	0.152	0.725
0.810	0.070	0.067	0.053
0.073	0.829	0.059	0.039
0.070	0.049	0.811	0.070
0.049	0.052	0.025	0.874
0.067	0.816	0.046	0.071
0.823	0.064	0.075	0.038
0.089	0.760	0.069	0.082
0.131	0.720	0.059	0.090
>TCTWTYACAC	16-TCTWTYACAC	8.376378	-29.884543	0	T:176.0(6.77%),B:1735.8(3.73%),P:1e-12	Tpos:275.6,Tstd:235.6,Bpos:236.8,Bstd:150.1,StrandBias:-0.2,Multiplicity:1.02
0.116	0.001	0.311	0.572
0.001	0.997	0.001	0.001
0.080	0.001	0.204	0.715
0.532	0.001	0.001	0.466
0.001	0.001	0.001	0.997
0.186	0.434	0.090	0.289
0.622	0.001	0.175	0.202
0.001	0.693	0.305	0.001
0.997	0.001	0.001	0.001
0.001	0.997	0.001	0.001
>GTTACTTTCA	17-GTTACTTTCA	8.747605	-29.816163	0	T:139.0(5.35%),B:1256.0(2.70%),P:1e-12	Tpos:315.1,Tstd:247.5,Bpos:240.9,Bstd:151.5,StrandBias:0.1,Multiplicity:1.02
0.001	0.001	0.923	0.075
0.001	0.358	0.021	0.620
0.001	0.001	0.001	0.997
0.592	0.001	0.311	0.096
0.001	0.773	0.225	0.001
0.041	0.001	0.308	0.650
0.001	0.001	0.001	0.997
0.006	0.002	0.114	0.878
0.130	0.791	0.078	0.001
0.694	0.001	0.001	0.304
>TCCCGCCAAA	18-TCCCGCCAAA	9.374646	-28.472159	0	T:63.0(2.42%),B:391.9(0.84%),P:1e-12	Tpos:330.4,Tstd:318.2,Bpos:236.2,Bstd:151.2,StrandBias:-0.4,Multiplicity:1.10
0.180	0.018	0.026	0.776
0.001	0.997	0.001	0.001
0.001	0.898	0.100	0.001
0.001	0.997	0.001	0.001
0.101	0.001	0.776	0.122
0.001	0.971	0.027	0.001
0.057	0.897	0.045	0.001
0.971	0.001	0.027	0.001
0.935	0.063	0.001	0.001
0.951	0.015	0.033	0.001
>GATTATGCTC	19-GATTATGCTC	9.079154	-26.157752	0	T:59.0(2.27%),B:372.6(0.80%),P:1e-11	Tpos:257.7,Tstd:221.7,Bpos:234.3,Bstd:137.2,StrandBias:0.3,Multiplicity:1.02
0.247	0.126	0.626	0.001
0.930	0.001	0.001	0.068
0.001	0.001	0.001	0.997
0.001	0.178	0.001	0.820
0.807	0.001	0.001	0.191
0.285	0.001	0.001	0.713
0.166	0.099	0.734	0.001
0.124	0.874	0.001	0.001
0.081	0.001	0.001	0.917
0.035	0.963	0.001	0.001
>AAAATTTGCA	20-AAAATTTGCA	8.559317	-23.393212	0	T:109.0(4.19%),B:990.6(2.13%),P:1e-10	Tpos:297.5,Tstd:277.2,Bpos:250.5,Bstd:146.1,StrandBias:-0.1,Multiplicity:1.02
0.921	0.001	0.001	0.077
0.866	0.094	0.001	0.039
0.714	0.009	0.231	0.046
0.955	0.043	0.001	0.001
0.109	0.068	0.202	0.621
0.089	0.078	0.225	0.608
0.075	0.001	0.184	0.740
0.018	0.128	0.853	0.001
0.139	0.836	0.024	0.001
0.549	0.216	0.171	0.064
>AAKTTGCGTT	21-AAKTTGCGTT	10.374466	-23.164796	0	T:20.0(0.77%),B:54.5(0.12%),P:1e-10	Tpos:317.9,Tstd:353.3,Bpos:250.1,Bstd:135.7,StrandBias:-0.7,Multiplicity:1.00
0.798	0.200	0.001	0.001
0.997	0.001	0.001	0.001
0.001	0.247	0.443	0.309
0.001	0.001	0.001	0.997
0.001	0.001	0.001	0.997
0.001	0.001	0.716	0.282
0.001	0.997	0.001	0.001
0.001	0.001	0.997	0.001
0.001	0.152	0.001	0.846
0.001	0.001	0.192	0.806
>TCTGTGRTGT	22-TCTGTGRTGT	7.768295	-22.484185	0	T:410.0(15.77%),B:5409.2(11.62%),P:1e-9	Tpos:301.2,Tstd:251.8,Bpos:241.8,Bstd:148.0,StrandBias:-0.1,Multiplicity:1.12
0.226	0.001	0.026	0.747
0.174	0.596	0.229	0.001
0.001	0.001	0.318	0.680
0.001	0.001	0.997	0.001
0.290	0.001	0.001	0.708
0.001	0.001	0.997	0.001
0.373	0.096	0.395	0.136
0.001	0.029	0.001	0.969
0.001	0.001	0.997	0.001
0.001	0.237	0.001	0.761
>AAACCGAGAA	23-AAACCGAGAA	9.749828	-21.923247	0	T:59.0(2.27%),B:417.0(0.90%),P:1e-9	Tpos:265.3,Tstd:277.9,Bpos:237.8,Bstd:152.3,StrandBias:0.2,Multiplicity:1.00
0.825	0.001	0.173	0.001
0.934	0.001	0.064	0.001
0.939	0.001	0.001	0.059
0.001	0.582	0.001	0.416
0.001	0.825	0.001	0.173
0.001	0.001	0.910	0.088
0.874	0.001	0.001	0.124
0.001	0.001	0.997	0.001
0.714	0.284	0.001	0.001
0.997	0.001	0.001	0.001
>CAACTGAAAC	24-CAACTGAAAC	10.760696	-20.749184	0	T:43.0(1.65%),B:260.7(0.56%),P:1e-9	Tpos:316.4,Tstd:292.6,Bpos:241.7,Bstd:160.0,StrandBias:0.6,Multiplicity:1.00
0.001	0.997	0.001	0.001
0.997	0.001	0.001	0.001
0.997	0.001	0.001	0.001
0.001	0.795	0.001	0.203
0.001	0.001	0.001	0.997
0.001	0.001	0.836	0.162
0.626	0.163	0.210	0.001
0.997	0.001	0.001	0.001
0.997	0.001	0.001	0.001
0.110	0.756	0.133	0.001
>CCGTGCCTCA	25-CCGTGCCTCA	9.266400	-15.053144	0	T:58.0(2.23%),B:496.3(1.07%),P:1e-6	Tpos:325.2,Tstd:267.6,Bpos:237.9,Bstd:150.5,StrandBias:-1.2,Multiplicity:1.46
0.001	0.806	0.054	0.139
0.001	0.997	0.001	0.001
0.001	0.080	0.918	0.001
0.048	0.001	0.138	0.813
0.001	0.001	0.893	0.105
0.001	0.997	0.001	0.001
0.001	0.694	0.158	0.147
0.050	0.001	0.001	0.948
0.001	0.778	0.001	0.220
0.955	0.001	0.043	0.001
>DBYYTGTGGTTT	1-DBYYTGTGGTTT	7.945095	-254.427441	0	T:679.0(26.12%),B:4881.5(10.49%),P:1e-110	Tpos:288.3,Tstd:231.3,Bpos:242.1,Bstd:148.7,StrandBias:-0.1,Multiplicity:1.18
0.205	0.137	0.351	0.306
0.174	0.328	0.261	0.236
0.162	0.299	0.170	0.369
0.124	0.348	0.133	0.396
0.001	0.001	0.140	0.858
0.001	0.060	0.922	0.017
0.001	0.001	0.104	0.894
0.001	0.001	0.997	0.001
0.001	0.001	0.997	0.001
0.001	0.211	0.102	0.686
0.011	0.095	0.001	0.893
0.318	0.048	0.095	0.539
>RCAGGAAGTSRN	2-RCAGGAAGTSRN	8.256431	-225.913148	0	T:780.0(30.00%),B:6481.7(13.93%),P:1e-98	Tpos:304.7,Tstd:244.5,Bpos:243.6,Bstd:142.0,StrandBias:-0.1,Multiplicity:1.27
0.450	0.088	0.309	0.152
0.198	0.551	0.241	0.010
0.997	0.001	0.001	0.001
0.001	0.001	0.997	0.001
0.001	0.001	0.997	0.001
0.989	0.001	0.009	0.001
0.760	0.001	0.001	0.238
0.268	0.001	0.730	0.001
0.093	0.210	0.191	0.506
0.213	0.238	0.372	0.177
0.312	0.083	0.387	0.218
0.181	0.311	0.251	0.257
>AGTTTCAGTTTC	3-AGTTTCAGTTTC	8.405501	-109.318434	0	T:354.0(13.62%),B:2718.2(5.84%),P:1e-47	Tpos:303.9,Tstd:266.2,Bpos:238.4,Bstd:151.2,StrandBias:0.2,Multiplicity:1.15
0.681	0.001	0.242	0.076
0.001	0.209	0.666	0.124
0.001	0.012	0.050	0.937
0.006	0.011	0.028	0.955
0.016	0.138	0.084	0.762
0.001	0.871	0.006	0.122
0.793	0.001	0.026	0.180
0.058	0.205	0.679	0.058
0.013	0.100	0.022	0.865
0.019	0.054	0.001	0.926
0.052	0.102	0.045	0.801
0.104	0.510	0.164	0.222
>NDVTGASTCABA	4-NDVTGASTCABA	8.200661	-101.721373	0	T:317.0(12.19%),B:2379.1(5.11%),P:1e-44	Tpos:286.8,Tstd:251.8,Bpos:240.0,Bstd:141.4,StrandBias:0.1,Multiplicity:1.08
0.222	0.251	0.306	0.221
0.254	0.143	0.258	0.345
0.364	0.238	0.291	0.107
0.001	0.001	0.009	0.989
0.001	0.037	0.961	0.001
0.932	0.001	0.001	0.066
0.013	0.486	0.499	0.001
0.158	0.001	0.001	0.840
0.001	0.968	0.030	0.001
0.997	0.001	0.001	0.001
0.095	0.339	0.257	0.308
0.420	0.258	0.120	0.201
>NVCCCCRCCCMN	5-NVCCCCRCCCMN	8.293230	-100.048256	0	T:942.0(36.23%),B:11176.7(24.02%),P:1e-43	Tpos:354.7,Tstd:302.0,Bpos:246.6,Bstd:146.4,StrandBias:-0.1,Multiplicity:1.67
0.271	0.215	0.298	0.217
0.291	0.217	0.354	0.138
0.001	0.912	0.086	0.001
0.001	0.581	0.001	0.417
0.329	0.669	0.001	0.001
0.112	0.886	0.001	0.001
0.434	0.001	0.355	0.210
0.001	0.997	0.001	0.001
0.001	0.997	0.001	0.001
0.001	0.857	0.001	0.141
0.310	0.434	0.001	0.255
0.225	0.344	0.221	0.210
>RRGGRAAMCCCC	6-RRGGRAAMCCCC	8.763429	-70.127916	0	T:225.0(8.65%),B:1705.8(3.67%),P:1e-30	Tpos:277.8,Tstd:236.1,Bpos:238.3,Bstd:144.5,StrandBias:0.0,Multiplicity:1.06
0.291	0.094	0.423	0.192
0.384	0.001	0.516	0.099
0.211	0.001	0.787	0.001
0.023	0.001	0.975	0.001
0.487	0.001	0.511	0.001
0.997	0.001	0.001	0.001
0.997	0.001	0.001	0.001
0.373	0.333	0.122	0.172
0.133	0.581	0.180	0.106
0.302	0.696	0.001	0.001
0.171	0.642	0.090	0.097
0.098	0.758	0.037	0.107
>TAAACAGGAAAC	7-TAAACAGGAAAC	9.395608	-63.819373	0	T:174.0(6.69%),B:1205.2(2.59%),P:1e-27	Tpos:292.7,Tstd:290.4,Bpos:245.1,Bstd:145.6,StrandBias:-0.2,Multiplicity:1.05
0.062	0.081	0.102	0.755
0.814	0.027	0.080	0.079
0.727	0.116	0.094	0.063
0.900	0.048	0.051	0.001
0.063	0.757	0.090	0.090
0.923	0.001	0.001	0.075
0.052	0.001	0.862	0.085
0.059	0.069	0.820	0.052
0.910	0.001	0.049	0.040
0.863	0.036	0.045	0.056
0.913	0.001	0.085	0.001
0.038	0.755	0.103	0.104
>CACTAGGGGGCG	8-CACTAGGGGGCG	8.937031	-61.675091	0	T:135.0(5.19%),B:816.5(1.75%),P:1e-26	Tpos:308.8,Tstd:331.9,Bpos:247.5,Bstd:147.9,StrandBias:0.1,Multiplicity:1.07
0.063	0.859	0.061	0.017
0.874	0.092	0.014	0.020
0.048	0.788	0.147	0.017
0.073	0.141	0.035	0.751
0.836	0.052	0.053	0.059
0.033	0.001	0.965	0.001
0.148	0.034	0.753	0.065
0.014	0.011	0.799	0.176
0.001	0.017	0.965	0.017
0.051	0.001	0.883	0.065
0.039	0.824	0.017	0.120
0.186	0.034	0.711	0.069
>TCTGACCACATC	9-TCTGACCACATC	9.223589	-34.710833	0	T:121.0(4.65%),B:960.0(2.06%),P:1e-15	Tpos:246.9,Tstd:190.2,Bpos:245.5,Bstd:139.1,StrandBias:0.1,Multiplicity:1.04
0.054	0.058	0.046	0.842
0.015	0.861	0.077	0.047
0.048	0.015	0.030	0.907
0.030	0.099	0.736	0.135
0.807	0.070	0.022	0.101
0.066	0.816	0.082	0.036
0.016	0.905	0.023	0.056
0.784	0.051	0.113	0.052
0.035	0.907	0.024	0.034
0.852	0.052	0.042	0.054
0.039	0.043	0.122	0.796
0.027	0.791	0.102	0.080
>TGTGGSTGWGAC	10-TGTGGSTGWGAC	9.911548	-31.355886	0	T:73.0(2.81%),B:466.9(1.00%),P:1e-13	Tpos:268.8,Tstd:243.7,Bpos:241.3,Bstd:142.3,StrandBias:0.3,Multiplicity:1.09
0.246	0.031	0.070	0.653
0.025	0.326	0.628	0.021
0.054	0.015	0.036	0.895
0.075	0.011	0.883	0.031
0.305	0.024	0.634	0.037
0.049	0.516	0.414	0.021
0.046	0.037	0.046	0.871
0.244	0.037	0.664	0.055
0.447	0.044	0.031	0.478
0.064	0.275	0.587	0.074
0.875	0.044	0.036	0.045
0.119	0.549	0.030	0.302
>CTGATTGGCTGC	11-CTGATTGGCTGC	10.167923	-30.790020	0	T:47.0(1.81%),B:222.7(0.48%),P:1e-13	Tpos:294.0,Tstd:209.3,Bpos:243.7,Bstd:145.0,StrandBias:-0.3,Multiplicity:1.04
0.001	0.837	0.063	0.099
0.001	0.127	0.001	0.871
0.127	0.051	0.821	0.001
0.997	0.001	0.001	0.001
0.001	0.050	0.001	0.948
0.001	0.001	0.001	0.997
0.001	0.001	0.997	0.001
0.001	0.001	0.997	0.001
0.071	0.801	0.001	0.127
0.001	0.001	0.001	0.997
0.001	0.001	0.916	0.082
0.026	0.802	0.141	0.031
>AGKGTGKTGAGG	12-AGKGTGKTGAGG	9.536510	-30.539833	0	T:75.0(2.88%),B:495.8(1.07%),P:1e-13	Tpos:296.1,Tstd:259.8,Bpos:246.5,Bstd:151.8,StrandBias:-0.4,Multiplicity:1.03
0.678	0.290	0.017	0.015
0.183	0.157	0.464	0.195
0.018	0.012	0.503	0.467
0.176	0.141	0.551	0.132
0.165	0.007	0.107	0.721
0.018	0.001	0.714	0.267
0.006	0.016	0.509	0.469
0.015	0.007	0.244	0.734
0.189	0.068	0.586	0.157
0.551	0.018	0.031	0.400
0.015	0.001	0.781	0.203
0.016	0.008	0.953	0.023
>AGATAGCTTCCT	13-AGATAGCTTCCT	12.907836	-29.000875	0	T:19.0(0.73%),B:34.5(0.07%),P:1e-12	Tpos:199.8,Tstd:119.4,Bpos:213.0,Bstd:162.7,StrandBias:-0.7,Multiplicity:1.00
0.997	0.001	0.001	0.001
0.118	0.001	0.880	0.001
0.940	0.058	0.001	0.001
0.033	0.109	0.059	0.799
0.880	0.001	0.118	0.001
0.118	0.001	0.880	0.001
0.001	0.880	0.118	0.001
0.001	0.001	0.001	0.997
0.001	0.264	0.001	0.734
0.001	0.997	0.001	0.001
0.001	0.997	0.001	0.001
0.001	0.001	0.001	0.997
>GCTTCCKGTCTB	14-GCTTCCKGTCTB	9.893540	-27.773248	0	T:138.0(5.31%),B:1280.0(2.75%),P:1e-12	Tpos:286.0,Tstd:255.5,Bpos:243.2,Bstd:143.4,StrandBias:-0.4,Multiplicity:1.03
0.001	0.365	0.583	0.051
0.001	0.997	0.001	0.001
0.115	0.001	0.129	0.755
0.001	0.001	0.128	0.870
0.001	0.822	0.176	0.001
0.001	0.851	0.147	0.001
0.238	0.001	0.339	0.423
0.080	0.234	0.685	0.001
0.043	0.205	0.076	0.676
0.001	0.997	0.001	0.001
0.001	0.001	0.001	0.997
0.001	0.418	0.297	0.283
>GGGAGCGGTTTA	15-GGGAGCGGTTTA	8.741027	-27.733313	0	T:87.0(3.35%),B:659.4(1.42%),P:1e-12	Tpos:318.2,Tstd:281.0,Bpos:237.3,Bstd:147.8,StrandBias:-0.3,Multiplicity:1.01
0.001	0.001	0.938	0.060
0.030	0.001	0.952	0.017
0.035	0.177	0.787	0.001
0.870	0.001	0.044	0.085
0.092	0.054	0.823	0.031
0.208	0.619	0.092	0.081
0.017	0.048	0.848	0.087
0.081	0.109	0.809	0.001
0.001	0.088	0.010	0.901
0.031	0.031	0.087	0.851
0.061	0.077	0.053	0.809
0.798	0.078	0.051	0.073
>DAAAYWAGGTGT	16-DAAAYWAGGTGT	9.690622	-25.771401	0	T:64.0(2.46%),B:428.1(0.92%),P:1e-11	Tpos:262.9,Tstd:203.9,Bpos:235.3,Bstd:149.9,StrandBias:0.5,Multiplicity:1.00
0.322	0.001	0.295	0.382
0.646	0.001	0.352	0.001
0.852	0.013	0.134	0.001
0.766	0.121	0.001	0.112
0.197	0.317	0.137	0.349
0.318	0.199	0.132	0.351
0.873	0.001	0.001	0.125
0.001	0.065	0.933	0.001
0.001	0.057	0.665	0.277
0.001	0.001	0.001	0.997
0.001	0.094	0.736	0.169
0.001	0.001	0.001	0.997
>TGTGGCGCGCGC	17-TGTGGCGCGCGC	12.276279	-25.574026	0	T:20.0(0.77%),B:47.2(0.10%),P:1e-11	Tpos:244.0,Tstd:213.8,Bpos:271.6,Bstd:161.2,StrandBias:0.1,Multiplicity:1.05
0.001	0.074	0.001	0.924
0.001	0.265	0.733	0.001
0.103	0.001	0.112	0.784
0.001	0.001	0.997	0.001
0.001	0.265	0.733	0.001
0.001	0.997	0.001	0.001
0.001	0.132	0.866	0.001
0.001	0.997	0.001	0.001
0.001	0.001	0.997	0.001
0.001	0.997	0.001	0.001
0.149	0.149	0.701	0.001
0.001	0.997	0.001	0.001
>GGCGGGCTTTAG	18-GGCGGGCTTTAG	9.509218	-24.954894	0	T:57.0(2.19%),B:363.2(0.78%),P:1e-10	Tpos:299.2,Tstd:282.6,Bpos:245.6,Bstd:148.9,StrandBias:0.2,Multiplicity:1.02
0.109	0.093	0.725	0.073
0.046	0.149	0.759	0.046
0.094	0.764	0.048	0.094
0.029	0.001	0.847	0.123
0.047	0.093	0.859	0.001
0.046	0.069	0.884	0.001
0.139	0.813	0.047	0.001
0.048	0.048	0.001	0.903
0.001	0.046	0.001	0.952
0.001	0.137	0.001	0.861
0.748	0.001	0.132	0.119
0.047	0.093	0.859	0.001
>CCTGCGCGGTTT	19-CCTGCGCGGTTT	10.643789	-24.425947	0	T:17.0(0.65%),B:34.9(0.07%),P:1e-10	Tpos:228.1,Tstd:151.5,Bpos:274.2,Bstd:133.6,StrandBias:0.0,Multiplicity:1.00
0.001	0.997	0.001	0.001
0.001	0.846	0.001	0.152
0.152	0.118	0.001	0.729
0.001	0.001	0.997	0.001
0.001	0.997	0.001	0.001
0.152	0.001	0.846	0.001
0.001	0.997	0.001	0.001
0.152	0.001	0.729	0.118
0.001	0.001	0.997	0.001
0.001	0.001	0.001	0.997
0.001	0.001	0.001	0.997
0.001	0.001	0.001	0.997
>ATCTACAAAGGC	20-ATCTACAAAGGC	13.103200	-22.904121	0	T:14.0(0.54%),B:23.7(0.05%),P:1e-9	Tpos:175.7,Tstd:177.6,Bpos:203.1,Bstd:125.5,StrandBias:1.9,Multiplicity:1.00
0.800	0.051	0.046	0.103
0.001	0.001	0.001	0.997
0.001	0.997	0.001	0.001
0.001	0.001	0.001	0.997
0.784	0.067	0.046	0.103
0.001	0.896	0.102	0.001
0.997	0.001	0.001	0.001
0.727	0.067	0.103	0.103
0.997	0.001	0.001	0.001
0.001	0.001	0.997	0.001
0.103	0.001	0.793	0.103
0.001	0.997	0.001	0.001
>GCCMCCACCCCC	21-GCCMCCACCCCC	11.019592	-19.902286	0	T:81.0(3.12%),B:700.5(1.51%),P:1e-8	Tpos:354.7,Tstd:328.1,Bpos:238.3,Bstd:148.3,StrandBias:0.6,Multiplicity:1.02
0.001	0.001	0.938	0.060
0.001	0.992	0.001	0.006
0.185	0.775	0.001	0.039
0.404	0.420	0.001	0.175
0.005	0.993	0.001	0.001
0.011	0.740	0.001	0.248
0.997	0.001	0.001	0.001
0.001	0.941	0.057	0.001
0.315	0.561	0.001	0.123
0.073	0.508	0.104	0.315
0.001	0.997	0.001	0.001
0.001	0.997	0.001	0.001
>GTCATCCCCCTG	22-GTCATCCCCCTG	14.718678	-14.763468	0	T:4.0(0.15%),B:2.0(0.00%),P:1e-6	Tpos:345.9,Tstd:287.1,Bpos:310.1,Bstd:193.5,StrandBias:-3.9,Multiplicity:4.00
0.134	0.001	0.864	0.001
0.291	0.173	0.001	0.535
0.112	0.886	0.001	0.001
0.997	0.001	0.001	0.001
0.001	0.179	0.173	0.647
0.001	0.685	0.001	0.313
0.173	0.825	0.001	0.001
0.001	0.997	0.001	0.001
0.001	0.997	0.001	0.001
0.001	0.997	0.001	0.001
0.001	0.001	0.001	0.997
0.001	0.001	0.997	0.001
>TGTTTGTAAAGT	23-TGTTTGTAAAGT	12.355432	-13.860566	0	T:5.0(0.19%),B:3.8(0.01%),P:1e-6	Tpos:145.8,Tstd:112.0,Bpos:155.5,Bstd:76.6,StrandBias:-0.6,Multiplicity:1.00
0.100	0.100	0.100	0.700
0.100	0.100	0.700	0.100
0.100	0.100	0.100	0.700
0.100	0.100	0.100	0.700
0.100	0.100	0.100	0.700
0.100	0.100	0.700	0.100
0.100	0.100	0.100	0.700
0.700	0.100	0.100	0.100
0.700	0.100	0.100	0.100
0.700	0.100	0.100	0.100
0.100	0.100	0.700	0.100
0.100	0.100	0.100	0.700
>GCTGGGTATGAC	24-GCTGGGTATGAC	13.910229	-6.454410	0	T:3.0(0.12%),B:4.5(0.01%),P:1e-2	Tpos:90.0,Tstd:53.1,Bpos:206.3,Bstd:82.5,StrandBias:10.0,Multiplicity:3.67
0.001	0.001	0.997	0.001
0.001	0.997	0.001	0.001
0.001	0.001	0.001	0.997
0.001	0.001	0.997	0.001
0.001	0.001	0.997	0.001
0.001	0.001	0.925	0.073
0.001	0.001	0.001	0.997
0.997	0.001	0.001	0.001
0.001	0.001	0.073	0.925
0.001	0.001	0.997	0.001
0.997	0.001	0.001	0.001
0.001	0.997	0.001	0.001
>CATCTACAAGAC	25-CATCTACAAGAC	12.355432	-2.912426	0	T:1.0(0.04%),B:0.0(0.00%),P:1e-1	Tpos:258.8,Tstd:51.3,Bpos:0.0,Bstd:0.0,StrandBias:10.0,Multiplicity:8.00
0.100	0.700	0.100	0.100
0.700	0.100	0.100	0.100
0.100	0.100	0.100	0.700
0.100	0.700	0.100	0.100
0.100	0.100	0.100	0.700
0.700	0.100	0.100	0.100
0.100	0.700	0.100	0.100
0.700	0.100	0.100	0.100
0.700	0.100	0.100	0.100
0.100	0.100	0.700	0.100
0.700	0.100	0.100	0.100
0.100	0.700	0.100	0.100
>AAACCACA	1-AAACCACA	6.827188	-244.768019	0	T:1045.0(40.19%),B:9841.6(21.15%),P:1e-106	Tpos:290.9,Tstd:235.5,Bpos:241.6,Bstd:150.1,StrandBias:0.2,Multiplicity:1.34
0.752	0.093	0.028	0.127
0.968	0.001	0.030	0.001
0.835	0.045	0.119	0.001
0.001	0.997	0.001	0.001
0.024	0.974	0.001	0.001
0.914	0.032	0.027	0.027
0.023	0.975	0.001	0.001
0.906	0.039	0.010	0.045
>AGGAAGTG	2-AGGAAGTG	8.231072	-197.200735	0	T:658.0(25.31%),B:5298.8(11.39%),P:1e-85	Tpos:332.1,Tstd:290.7,Bpos:241.9,Bstd:141.1,StrandBias:0.1,Multiplicity:1.15
0.997	0.001	0.001	0.001
0.001	0.001	0.997	0.001
0.001	0.001	0.997	0.001
0.997	0.001	0.001	0.001
0.730	0.001	0.001	0.268
0.193	0.001	0.805	0.001
0.001	0.001	0.001	0.997
0.001	0.099	0.899	0.001
>CTTCCTGT	3-CTTCCTGT	7.608101	-142.786471	0	T:770.0(29.62%),B:7647.5(16.43%),P:1e-62	Tpos:296.2,Tstd:222.5,Bpos:244.0,Bstd:144.6,StrandBias:0.2,Multiplicity:1.28
0.001	0.831	0.001	0.167
0.121	0.001	0.001	0.877
0.001	0.001	0.001	0.997
0.001	0.997	0.001	0.001
0.001	0.997	0.001	0.001
0.001	0.001	0.051	0.947
0.001	0.161	0.837	0.001
0.001	0.001	0.001	0.997
>SGCGGTTW	4-SGCGGTTW	5.061120	-132.794859	0	T:974.0(37.46%),B:10870.6(23.36%),P:1e-57	Tpos:308.2,Tstd:269.7,Bpos:243.9,Bstd:155.2,StrandBias:0.0,Multiplicity:1.30
0.180	0.313	0.381	0.127
0.001	0.018	0.833	0.148
0.065	0.545	0.135	0.255
0.001	0.066	0.932	0.001
0.042	0.183	0.650	0.125
0.047	0.143	0.169	0.641
0.220	0.001	0.083	0.696
0.326	0.186	0.109	0.379
>ATGAGTCA	5-ATGAGTCA	9.476494	-89.980291	0	T:189.0(7.27%),B:1110.5(2.39%),P:1e-39	Tpos:285.0,Tstd:223.4,Bpos:236.6,Bstd:143.6,StrandBias:-0.1,Multiplicity:1.04
0.707	0.143	0.079	0.071
0.001	0.001	0.001	0.997
0.001	0.001	0.953	0.045
0.997	0.001	0.001	0.001
0.001	0.300	0.698	0.001
0.001	0.001	0.001	0.997
0.001	0.997	0.001	0.001
0.997	0.001	0.001	0.001
>GAGGAAAC	6-GAGGAAAC	6.084407	-79.700232	0	T:497.0(19.12%),B:5056.6(10.87%),P:1e-34	Tpos:306.8,Tstd:253.2,Bpos:245.7,Bstd:146.4,StrandBias:-0.1,Multiplicity:1.08
0.001	0.023	0.975	0.001
0.847	0.005	0.001	0.147
0.001	0.419	0.579	0.001
0.001	0.001	0.997	0.001
0.997	0.001	0.001	0.001
0.997	0.001	0.001	0.001
0.997	0.001	0.001	0.001
0.001	0.601	0.001	0.397
>CTCCGCCC	7-CTCCGCCC	7.007793	-72.246160	0	T:1037.0(39.88%),B:13539.8(29.10%),P:1e-31	Tpos:365.6,Tstd:311.7,Bpos:245.4,Bstd:148.0,StrandBias:-0.1,Multiplicity:1.92
0.043	0.904	0.016	0.037
0.076	0.206	0.001	0.717
0.001	0.949	0.018	0.032
0.001	0.997	0.001	0.001
0.180	0.030	0.685	0.105
0.001	0.997	0.001	0.001
0.001	0.981	0.001	0.017
0.010	0.932	0.026	0.032
>TKYGGTHD	8-TKYGGTHD	5.555065	-63.319202	0	T:397.0(15.27%),B:4018.7(8.64%),P:1e-27	Tpos:286.8,Tstd:228.4,Bpos:240.0,Bstd:144.2,StrandBias:-0.2,Multiplicity:1.08
0.165	0.206	0.158	0.471
0.001	0.179	0.444	0.376
0.001	0.559	0.001	0.439
0.001	0.181	0.817	0.001
0.359	0.001	0.639	0.001
0.250	0.001	0.001	0.748
0.372	0.298	0.061	0.269
0.372	0.023	0.315	0.290
>TTTCGGTT	9-TTTCGGTT	6.211305	-59.670582	0	T:323.0(12.42%),B:3092.4(6.65%),P:1e-25	Tpos:329.5,Tstd:297.5,Bpos:240.5,Bstd:154.2,StrandBias:0.1,Multiplicity:1.09
0.057	0.054	0.046	0.843
0.049	0.104	0.062	0.785
0.081	0.117	0.126	0.676
0.048	0.848	0.052	0.052
0.193	0.099	0.707	0.001
0.137	0.128	0.594	0.141
0.072	0.103	0.060	0.765
0.066	0.085	0.059	0.790
>GTGACTCA	10-GTGACTCA	7.463481	-57.004313	0	T:390.0(15.00%),B:4059.2(8.72%),P:1e-24	Tpos:298.2,Tstd:261.2,Bpos:244.4,Bstd:145.6,StrandBias:0.1,Multiplicity:1.11
0.001	0.111	0.887	0.001
0.001	0.001	0.001	0.997
0.001	0.001	0.997	0.001
0.997	0.001	0.001	0.001
0.001	0.929	0.001	0.069
0.001	0.001	0.001	0.997
0.132	0.605	0.262	0.001
0.944	0.001	0.054	0.001
>TGGGTGTG	11-TGGGTGTG	7.558369	-44.187996	0	T:502.0(19.31%),B:6031.4(12.96%),P:1e-19	Tpos:299.4,Tstd:270.8,Bpos:243.8,Bstd:148.9,StrandBias:0.1,Multiplicity:1.22
0.205	0.001	0.001	0.793
0.053	0.001	0.945	0.001
0.001	0.001	0.997	0.001
0.001	0.001	0.997	0.001
0.001	0.098	0.001	0.900
0.134	0.001	0.864	0.001
0.095	0.001	0.001	0.903
0.001	0.001	0.997	0.001
>ACGTCACC	12-ACGTCACC	7.250765	-42.966643	0	T:310.0(11.92%),B:3269.7(7.03%),P:1e-18	Tpos:320.1,Tstd:300.4,Bpos:242.8,Bstd:152.7,StrandBias:0.2,Multiplicity:1.16
0.826	0.075	0.079	0.020
0.044	0.954	0.001	0.001
0.054	0.115	0.830	0.001
0.027	0.001	0.001	0.971
0.034	0.907	0.001	0.058
0.997	0.001	0.001	0.001
0.013	0.827	0.143	0.017
0.053	0.708	0.180	0.059
>TGAAAGTA	13-TGAAAGTA	9.016508	-33.121049	0	T:190.0(7.31%),B:1854.3(3.99%),P:1e-14	Tpos:340.5,Tstd:243.8,Bpos:248.1,Bstd:146.1,StrandBias:0.2,Multiplicity:1.04
0.196	0.001	0.001	0.802
0.001	0.001	0.997	0.001
0.997	0.001	0.001	0.001
0.997	0.001	0.001	0.001
0.997	0.001	0.001	0.001
0.001	0.345	0.653	0.001
0.001	0.001	0.001	0.997
0.997	0.001	0.001	0.001
>AGCCAATC	14-AGCCAATC	8.312267	-20.091148	0	T:182.0(7.00%),B:2056.6(4.42%),P:1e-8	Tpos:299.5,Tstd:237.2,Bpos:244.4,Bstd:144.8,StrandBias:0.2,Multiplicity:1.16
0.778	0.053	0.168	0.001
0.101	0.001	0.897	0.001
0.001	0.997	0.001	0.001
0.001	0.997	0.001	0.001
0.997	0.001	0.001	0.001
0.997	0.001	0.001	0.001
0.001	0.001	0.001	0.997
0.001	0.803	0.195	0.001
