>AAACCACA	1-AAACCACA	6.827188	-244.768019	0	T:1045.0(40.19%),B:9841.6(21.15%),P:1e-106	Tpos:290.9,Tstd:235.5,Bpos:241.6,Bstd:150.1,StrandBias:0.2,Multiplicity:1.34
0.752	0.093	0.028	0.127
0.968	0.001	0.030	0.001
0.835	0.045	0.119	0.001
0.001	0.997	0.001	0.001
0.024	0.974	0.001	0.001
0.914	0.032	0.027	0.027
0.023	0.975	0.001	0.001
0.906	0.039	0.010	0.045
>AGGAAGTG	2-AGGAAGTG	8.231072	-197.200735	0	T:658.0(25.31%),B:5298.8(11.39%),P:1e-85	Tpos:332.1,Tstd:290.7,Bpos:241.9,Bstd:141.1,StrandBias:0.1,Multiplicity:1.15
0.997	0.001	0.001	0.001
0.001	0.001	0.997	0.001
0.001	0.001	0.997	0.001
0.997	0.001	0.001	0.001
0.730	0.001	0.001	0.268
0.193	0.001	0.805	0.001
0.001	0.001	0.001	0.997
0.001	0.099	0.899	0.001
>CTTCCTGT	3-CTTCCTGT	7.608101	-142.786471	0	T:770.0(29.62%),B:7647.5(16.43%),P:1e-62	Tpos:296.2,Tstd:222.5,Bpos:244.0,Bstd:144.6,StrandBias:0.2,Multiplicity:1.28
0.001	0.831	0.001	0.167
0.121	0.001	0.001	0.877
0.001	0.001	0.001	0.997
0.001	0.997	0.001	0.001
0.001	0.997	0.001	0.001
0.001	0.001	0.051	0.947
0.001	0.161	0.837	0.001
0.001	0.001	0.001	0.997
>SGCGGTTW	4-SGCGGTTW	5.061120	-132.794859	0	T:974.0(37.46%),B:10870.6(23.36%),P:1e-57	Tpos:308.2,Tstd:269.7,Bpos:243.9,Bstd:155.2,StrandBias:0.0,Multiplicity:1.30
0.180	0.313	0.381	0.127
0.001	0.018	0.833	0.148
0.065	0.545	0.135	0.255
0.001	0.066	0.932	0.001
0.042	0.183	0.650	0.125
0.047	0.143	0.169	0.641
0.220	0.001	0.083	0.696
0.326	0.186	0.109	0.379
>ATGAGTCA	5-ATGAGTCA	9.476494	-89.980291	0	T:189.0(7.27%),B:1110.5(2.39%),P:1e-39	Tpos:285.0,Tstd:223.4,Bpos:236.6,Bstd:143.6,StrandBias:-0.1,Multiplicity:1.04
0.707	0.143	0.079	0.071
0.001	0.001	0.001	0.997
0.001	0.001	0.953	0.045
0.997	0.001	0.001	0.001
0.001	0.300	0.698	0.001
0.001	0.001	0.001	0.997
0.001	0.997	0.001	0.001
0.997	0.001	0.001	0.001
>GAGGAAAC	6-GAGGAAAC	6.084407	-79.700232	0	T:497.0(19.12%),B:5056.6(10.87%),P:1e-34	Tpos:306.8,Tstd:253.2,Bpos:245.7,Bstd:146.4,StrandBias:-0.1,Multiplicity:1.08
0.001	0.023	0.975	0.001
0.847	0.005	0.001	0.147
0.001	0.419	0.579	0.001
0.001	0.001	0.997	0.001
0.997	0.001	0.001	0.001
0.997	0.001	0.001	0.001
0.997	0.001	0.001	0.001
0.001	0.601	0.001	0.397
>CTCCGCCC	7-CTCCGCCC	7.007793	-72.246160	0	T:1037.0(39.88%),B:13539.8(29.10%),P:1e-31	Tpos:365.6,Tstd:311.7,Bpos:245.4,Bstd:148.0,StrandBias:-0.1,Multiplicity:1.92
0.043	0.904	0.016	0.037
0.076	0.206	0.001	0.717
0.001	0.949	0.018	0.032
0.001	0.997	0.001	0.001
0.180	0.030	0.685	0.105
0.001	0.997	0.001	0.001
0.001	0.981	0.001	0.017
0.010	0.932	0.026	0.032
>TKYGGTHD	8-TKYGGTHD	5.555065	-63.319202	0	T:397.0(15.27%),B:4018.7(8.64%),P:1e-27	Tpos:286.8,Tstd:228.4,Bpos:240.0,Bstd:144.2,StrandBias:-0.2,Multiplicity:1.08
0.165	0.206	0.158	0.471
0.001	0.179	0.444	0.376
0.001	0.559	0.001	0.439
0.001	0.181	0.817	0.001
0.359	0.001	0.639	0.001
0.250	0.001	0.001	0.748
0.372	0.298	0.061	0.269
0.372	0.023	0.315	0.290
>TTTCGGTT	9-TTTCGGTT	6.211305	-59.670582	0	T:323.0(12.42%),B:3092.4(6.65%),P:1e-25	Tpos:329.5,Tstd:297.5,Bpos:240.5,Bstd:154.2,StrandBias:0.1,Multiplicity:1.09
0.057	0.054	0.046	0.843
0.049	0.104	0.062	0.785
0.081	0.117	0.126	0.676
0.048	0.848	0.052	0.052
0.193	0.099	0.707	0.001
0.137	0.128	0.594	0.141
0.072	0.103	0.060	0.765
0.066	0.085	0.059	0.790
>GTGACTCA	10-GTGACTCA	7.463481	-57.004313	0	T:390.0(15.00%),B:4059.2(8.72%),P:1e-24	Tpos:298.2,Tstd:261.2,Bpos:244.4,Bstd:145.6,StrandBias:0.1,Multiplicity:1.11
0.001	0.111	0.887	0.001
0.001	0.001	0.001	0.997
0.001	0.001	0.997	0.001
0.997	0.001	0.001	0.001
0.001	0.929	0.001	0.069
0.001	0.001	0.001	0.997
0.132	0.605	0.262	0.001
0.944	0.001	0.054	0.001
>TGGGTGTG	11-TGGGTGTG	7.558369	-44.187996	0	T:502.0(19.31%),B:6031.4(12.96%),P:1e-19	Tpos:299.4,Tstd:270.8,Bpos:243.8,Bstd:148.9,StrandBias:0.1,Multiplicity:1.22
0.205	0.001	0.001	0.793
0.053	0.001	0.945	0.001
0.001	0.001	0.997	0.001
0.001	0.001	0.997	0.001
0.001	0.098	0.001	0.900
0.134	0.001	0.864	0.001
0.095	0.001	0.001	0.903
0.001	0.001	0.997	0.001
>ACGTCACC	12-ACGTCACC	7.250765	-42.966643	0	T:310.0(11.92%),B:3269.7(7.03%),P:1e-18	Tpos:320.1,Tstd:300.4,Bpos:242.8,Bstd:152.7,StrandBias:0.2,Multiplicity:1.16
0.826	0.075	0.079	0.020
0.044	0.954	0.001	0.001
0.054	0.115	0.830	0.001
0.027	0.001	0.001	0.971
0.034	0.907	0.001	0.058
0.997	0.001	0.001	0.001
0.013	0.827	0.143	0.017
0.053	0.708	0.180	0.059
>TGAAAGTA	13-TGAAAGTA	9.016508	-33.121049	0	T:190.0(7.31%),B:1854.3(3.99%),P:1e-14	Tpos:340.5,Tstd:243.8,Bpos:248.1,Bstd:146.1,StrandBias:0.2,Multiplicity:1.04
0.196	0.001	0.001	0.802
0.001	0.001	0.997	0.001
0.997	0.001	0.001	0.001
0.997	0.001	0.001	0.001
0.997	0.001	0.001	0.001
0.001	0.345	0.653	0.001
0.001	0.001	0.001	0.997
0.997	0.001	0.001	0.001
>AGCCAATC	14-AGCCAATC	8.312267	-20.091148	0	T:182.0(7.00%),B:2056.6(4.42%),P:1e-8	Tpos:299.5,Tstd:237.2,Bpos:244.4,Bstd:144.8,StrandBias:0.2,Multiplicity:1.16
0.778	0.053	0.168	0.001
0.101	0.001	0.897	0.001
0.001	0.997	0.001	0.001
0.001	0.997	0.001	0.001
0.997	0.001	0.001	0.001
0.997	0.001	0.001	0.001
0.001	0.001	0.001	0.997
0.001	0.803	0.195	0.001
