>DBYYTGTGGTTT	1-DBYYTGTGGTTT	7.945095	-254.427441	0	T:679.0(26.12%),B:4881.5(10.49%),P:1e-110	Tpos:288.3,Tstd:231.3,Bpos:242.1,Bstd:148.7,StrandBias:-0.1,Multiplicity:1.18
0.205	0.137	0.351	0.306
0.174	0.328	0.261	0.236
0.162	0.299	0.170	0.369
0.124	0.348	0.133	0.396
0.001	0.001	0.140	0.858
0.001	0.060	0.922	0.017
0.001	0.001	0.104	0.894
0.001	0.001	0.997	0.001
0.001	0.001	0.997	0.001
0.001	0.211	0.102	0.686
0.011	0.095	0.001	0.893
0.318	0.048	0.095	0.539
>RCAGGAAGTSRN	2-RCAGGAAGTSRN	8.256431	-225.913148	0	T:780.0(30.00%),B:6481.7(13.93%),P:1e-98	Tpos:304.7,Tstd:244.5,Bpos:243.6,Bstd:142.0,StrandBias:-0.1,Multiplicity:1.27
0.450	0.088	0.309	0.152
0.198	0.551	0.241	0.010
0.997	0.001	0.001	0.001
0.001	0.001	0.997	0.001
0.001	0.001	0.997	0.001
0.989	0.001	0.009	0.001
0.760	0.001	0.001	0.238
0.268	0.001	0.730	0.001
0.093	0.210	0.191	0.506
0.213	0.238	0.372	0.177
0.312	0.083	0.387	0.218
0.181	0.311	0.251	0.257
>AGTTTCAGTTTC	3-AGTTTCAGTTTC	8.405501	-109.318434	0	T:354.0(13.62%),B:2718.2(5.84%),P:1e-47	Tpos:303.9,Tstd:266.2,Bpos:238.4,Bstd:151.2,StrandBias:0.2,Multiplicity:1.15
0.681	0.001	0.242	0.076
0.001	0.209	0.666	0.124
0.001	0.012	0.050	0.937
0.006	0.011	0.028	0.955
0.016	0.138	0.084	0.762
0.001	0.871	0.006	0.122
0.793	0.001	0.026	0.180
0.058	0.205	0.679	0.058
0.013	0.100	0.022	0.865
0.019	0.054	0.001	0.926
0.052	0.102	0.045	0.801
0.104	0.510	0.164	0.222
>NDVTGASTCABA	4-NDVTGASTCABA	8.200661	-101.721373	0	T:317.0(12.19%),B:2379.1(5.11%),P:1e-44	Tpos:286.8,Tstd:251.8,Bpos:240.0,Bstd:141.4,StrandBias:0.1,Multiplicity:1.08
0.222	0.251	0.306	0.221
0.254	0.143	0.258	0.345
0.364	0.238	0.291	0.107
0.001	0.001	0.009	0.989
0.001	0.037	0.961	0.001
0.932	0.001	0.001	0.066
0.013	0.486	0.499	0.001
0.158	0.001	0.001	0.840
0.001	0.968	0.030	0.001
0.997	0.001	0.001	0.001
0.095	0.339	0.257	0.308
0.420	0.258	0.120	0.201
>NVCCCCRCCCMN	5-NVCCCCRCCCMN	8.293230	-100.048256	0	T:942.0(36.23%),B:11176.7(24.02%),P:1e-43	Tpos:354.7,Tstd:302.0,Bpos:246.6,Bstd:146.4,StrandBias:-0.1,Multiplicity:1.67
0.271	0.215	0.298	0.217
0.291	0.217	0.354	0.138
0.001	0.912	0.086	0.001
0.001	0.581	0.001	0.417
0.329	0.669	0.001	0.001
0.112	0.886	0.001	0.001
0.434	0.001	0.355	0.210
0.001	0.997	0.001	0.001
0.001	0.997	0.001	0.001
0.001	0.857	0.001	0.141
0.310	0.434	0.001	0.255
0.225	0.344	0.221	0.210
>RRGGRAAMCCCC	6-RRGGRAAMCCCC	8.763429	-70.127916	0	T:225.0(8.65%),B:1705.8(3.67%),P:1e-30	Tpos:277.8,Tstd:236.1,Bpos:238.3,Bstd:144.5,StrandBias:0.0,Multiplicity:1.06
0.291	0.094	0.423	0.192
0.384	0.001	0.516	0.099
0.211	0.001	0.787	0.001
0.023	0.001	0.975	0.001
0.487	0.001	0.511	0.001
0.997	0.001	0.001	0.001
0.997	0.001	0.001	0.001
0.373	0.333	0.122	0.172
0.133	0.581	0.180	0.106
0.302	0.696	0.001	0.001
0.171	0.642	0.090	0.097
0.098	0.758	0.037	0.107
>TAAACAGGAAAC	7-TAAACAGGAAAC	9.395608	-63.819373	0	T:174.0(6.69%),B:1205.2(2.59%),P:1e-27	Tpos:292.7,Tstd:290.4,Bpos:245.1,Bstd:145.6,StrandBias:-0.2,Multiplicity:1.05
0.062	0.081	0.102	0.755
0.814	0.027	0.080	0.079
0.727	0.116	0.094	0.063
0.900	0.048	0.051	0.001
0.063	0.757	0.090	0.090
0.923	0.001	0.001	0.075
0.052	0.001	0.862	0.085
0.059	0.069	0.820	0.052
0.910	0.001	0.049	0.040
0.863	0.036	0.045	0.056
0.913	0.001	0.085	0.001
0.038	0.755	0.103	0.104
>CACTAGGGGGCG	8-CACTAGGGGGCG	8.937031	-61.675091	0	T:135.0(5.19%),B:816.5(1.75%),P:1e-26	Tpos:308.8,Tstd:331.9,Bpos:247.5,Bstd:147.9,StrandBias:0.1,Multiplicity:1.07
0.063	0.859	0.061	0.017
0.874	0.092	0.014	0.020
0.048	0.788	0.147	0.017
0.073	0.141	0.035	0.751
0.836	0.052	0.053	0.059
0.033	0.001	0.965	0.001
0.148	0.034	0.753	0.065
0.014	0.011	0.799	0.176
0.001	0.017	0.965	0.017
0.051	0.001	0.883	0.065
0.039	0.824	0.017	0.120
0.186	0.034	0.711	0.069
>TCTGACCACATC	9-TCTGACCACATC	9.223589	-34.710833	0	T:121.0(4.65%),B:960.0(2.06%),P:1e-15	Tpos:246.9,Tstd:190.2,Bpos:245.5,Bstd:139.1,StrandBias:0.1,Multiplicity:1.04
0.054	0.058	0.046	0.842
0.015	0.861	0.077	0.047
0.048	0.015	0.030	0.907
0.030	0.099	0.736	0.135
0.807	0.070	0.022	0.101
0.066	0.816	0.082	0.036
0.016	0.905	0.023	0.056
0.784	0.051	0.113	0.052
0.035	0.907	0.024	0.034
0.852	0.052	0.042	0.054
0.039	0.043	0.122	0.796
0.027	0.791	0.102	0.080
>TGTGGSTGWGAC	10-TGTGGSTGWGAC	9.911548	-31.355886	0	T:73.0(2.81%),B:466.9(1.00%),P:1e-13	Tpos:268.8,Tstd:243.7,Bpos:241.3,Bstd:142.3,StrandBias:0.3,Multiplicity:1.09
0.246	0.031	0.070	0.653
0.025	0.326	0.628	0.021
0.054	0.015	0.036	0.895
0.075	0.011	0.883	0.031
0.305	0.024	0.634	0.037
0.049	0.516	0.414	0.021
0.046	0.037	0.046	0.871
0.244	0.037	0.664	0.055
0.447	0.044	0.031	0.478
0.064	0.275	0.587	0.074
0.875	0.044	0.036	0.045
0.119	0.549	0.030	0.302
>CTGATTGGCTGC	11-CTGATTGGCTGC	10.167923	-30.790020	0	T:47.0(1.81%),B:222.7(0.48%),P:1e-13	Tpos:294.0,Tstd:209.3,Bpos:243.7,Bstd:145.0,StrandBias:-0.3,Multiplicity:1.04
0.001	0.837	0.063	0.099
0.001	0.127	0.001	0.871
0.127	0.051	0.821	0.001
0.997	0.001	0.001	0.001
0.001	0.050	0.001	0.948
0.001	0.001	0.001	0.997
0.001	0.001	0.997	0.001
0.001	0.001	0.997	0.001
0.071	0.801	0.001	0.127
0.001	0.001	0.001	0.997
0.001	0.001	0.916	0.082
0.026	0.802	0.141	0.031
>AGKGTGKTGAGG	12-AGKGTGKTGAGG	9.536510	-30.539833	0	T:75.0(2.88%),B:495.8(1.07%),P:1e-13	Tpos:296.1,Tstd:259.8,Bpos:246.5,Bstd:151.8,StrandBias:-0.4,Multiplicity:1.03
0.678	0.290	0.017	0.015
0.183	0.157	0.464	0.195
0.018	0.012	0.503	0.467
0.176	0.141	0.551	0.132
0.165	0.007	0.107	0.721
0.018	0.001	0.714	0.267
0.006	0.016	0.509	0.469
0.015	0.007	0.244	0.734
0.189	0.068	0.586	0.157
0.551	0.018	0.031	0.400
0.015	0.001	0.781	0.203
0.016	0.008	0.953	0.023
>AGATAGCTTCCT	13-AGATAGCTTCCT	12.907836	-29.000875	0	T:19.0(0.73%),B:34.5(0.07%),P:1e-12	Tpos:199.8,Tstd:119.4,Bpos:213.0,Bstd:162.7,StrandBias:-0.7,Multiplicity:1.00
0.997	0.001	0.001	0.001
0.118	0.001	0.880	0.001
0.940	0.058	0.001	0.001
0.033	0.109	0.059	0.799
0.880	0.001	0.118	0.001
0.118	0.001	0.880	0.001
0.001	0.880	0.118	0.001
0.001	0.001	0.001	0.997
0.001	0.264	0.001	0.734
0.001	0.997	0.001	0.001
0.001	0.997	0.001	0.001
0.001	0.001	0.001	0.997
>GCTTCCKGTCTB	14-GCTTCCKGTCTB	9.893540	-27.773248	0	T:138.0(5.31%),B:1280.0(2.75%),P:1e-12	Tpos:286.0,Tstd:255.5,Bpos:243.2,Bstd:143.4,StrandBias:-0.4,Multiplicity:1.03
0.001	0.365	0.583	0.051
0.001	0.997	0.001	0.001
0.115	0.001	0.129	0.755
0.001	0.001	0.128	0.870
0.001	0.822	0.176	0.001
0.001	0.851	0.147	0.001
0.238	0.001	0.339	0.423
0.080	0.234	0.685	0.001
0.043	0.205	0.076	0.676
0.001	0.997	0.001	0.001
0.001	0.001	0.001	0.997
0.001	0.418	0.297	0.283
>GGGAGCGGTTTA	15-GGGAGCGGTTTA	8.741027	-27.733313	0	T:87.0(3.35%),B:659.4(1.42%),P:1e-12	Tpos:318.2,Tstd:281.0,Bpos:237.3,Bstd:147.8,StrandBias:-0.3,Multiplicity:1.01
0.001	0.001	0.938	0.060
0.030	0.001	0.952	0.017
0.035	0.177	0.787	0.001
0.870	0.001	0.044	0.085
0.092	0.054	0.823	0.031
0.208	0.619	0.092	0.081
0.017	0.048	0.848	0.087
0.081	0.109	0.809	0.001
0.001	0.088	0.010	0.901
0.031	0.031	0.087	0.851
0.061	0.077	0.053	0.809
0.798	0.078	0.051	0.073
>DAAAYWAGGTGT	16-DAAAYWAGGTGT	9.690622	-25.771401	0	T:64.0(2.46%),B:428.1(0.92%),P:1e-11	Tpos:262.9,Tstd:203.9,Bpos:235.3,Bstd:149.9,StrandBias:0.5,Multiplicity:1.00
0.322	0.001	0.295	0.382
0.646	0.001	0.352	0.001
0.852	0.013	0.134	0.001
0.766	0.121	0.001	0.112
0.197	0.317	0.137	0.349
0.318	0.199	0.132	0.351
0.873	0.001	0.001	0.125
0.001	0.065	0.933	0.001
0.001	0.057	0.665	0.277
0.001	0.001	0.001	0.997
0.001	0.094	0.736	0.169
0.001	0.001	0.001	0.997
>TGTGGCGCGCGC	17-TGTGGCGCGCGC	12.276279	-25.574026	0	T:20.0(0.77%),B:47.2(0.10%),P:1e-11	Tpos:244.0,Tstd:213.8,Bpos:271.6,Bstd:161.2,StrandBias:0.1,Multiplicity:1.05
0.001	0.074	0.001	0.924
0.001	0.265	0.733	0.001
0.103	0.001	0.112	0.784
0.001	0.001	0.997	0.001
0.001	0.265	0.733	0.001
0.001	0.997	0.001	0.001
0.001	0.132	0.866	0.001
0.001	0.997	0.001	0.001
0.001	0.001	0.997	0.001
0.001	0.997	0.001	0.001
0.149	0.149	0.701	0.001
0.001	0.997	0.001	0.001
>GGCGGGCTTTAG	18-GGCGGGCTTTAG	9.509218	-24.954894	0	T:57.0(2.19%),B:363.2(0.78%),P:1e-10	Tpos:299.2,Tstd:282.6,Bpos:245.6,Bstd:148.9,StrandBias:0.2,Multiplicity:1.02
0.109	0.093	0.725	0.073
0.046	0.149	0.759	0.046
0.094	0.764	0.048	0.094
0.029	0.001	0.847	0.123
0.047	0.093	0.859	0.001
0.046	0.069	0.884	0.001
0.139	0.813	0.047	0.001
0.048	0.048	0.001	0.903
0.001	0.046	0.001	0.952
0.001	0.137	0.001	0.861
0.748	0.001	0.132	0.119
0.047	0.093	0.859	0.001
>CCTGCGCGGTTT	19-CCTGCGCGGTTT	10.643789	-24.425947	0	T:17.0(0.65%),B:34.9(0.07%),P:1e-10	Tpos:228.1,Tstd:151.5,Bpos:274.2,Bstd:133.6,StrandBias:0.0,Multiplicity:1.00
0.001	0.997	0.001	0.001
0.001	0.846	0.001	0.152
0.152	0.118	0.001	0.729
0.001	0.001	0.997	0.001
0.001	0.997	0.001	0.001
0.152	0.001	0.846	0.001
0.001	0.997	0.001	0.001
0.152	0.001	0.729	0.118
0.001	0.001	0.997	0.001
0.001	0.001	0.001	0.997
0.001	0.001	0.001	0.997
0.001	0.001	0.001	0.997
>ATCTACAAAGGC	20-ATCTACAAAGGC	13.103200	-22.904121	0	T:14.0(0.54%),B:23.7(0.05%),P:1e-9	Tpos:175.7,Tstd:177.6,Bpos:203.1,Bstd:125.5,StrandBias:1.9,Multiplicity:1.00
0.800	0.051	0.046	0.103
0.001	0.001	0.001	0.997
0.001	0.997	0.001	0.001
0.001	0.001	0.001	0.997
0.784	0.067	0.046	0.103
0.001	0.896	0.102	0.001
0.997	0.001	0.001	0.001
0.727	0.067	0.103	0.103
0.997	0.001	0.001	0.001
0.001	0.001	0.997	0.001
0.103	0.001	0.793	0.103
0.001	0.997	0.001	0.001
>GCCMCCACCCCC	21-GCCMCCACCCCC	11.019592	-19.902286	0	T:81.0(3.12%),B:700.5(1.51%),P:1e-8	Tpos:354.7,Tstd:328.1,Bpos:238.3,Bstd:148.3,StrandBias:0.6,Multiplicity:1.02
0.001	0.001	0.938	0.060
0.001	0.992	0.001	0.006
0.185	0.775	0.001	0.039
0.404	0.420	0.001	0.175
0.005	0.993	0.001	0.001
0.011	0.740	0.001	0.248
0.997	0.001	0.001	0.001
0.001	0.941	0.057	0.001
0.315	0.561	0.001	0.123
0.073	0.508	0.104	0.315
0.001	0.997	0.001	0.001
0.001	0.997	0.001	0.001
>GTCATCCCCCTG	22-GTCATCCCCCTG	14.718678	-14.763468	0	T:4.0(0.15%),B:2.0(0.00%),P:1e-6	Tpos:345.9,Tstd:287.1,Bpos:310.1,Bstd:193.5,StrandBias:-3.9,Multiplicity:4.00
0.134	0.001	0.864	0.001
0.291	0.173	0.001	0.535
0.112	0.886	0.001	0.001
0.997	0.001	0.001	0.001
0.001	0.179	0.173	0.647
0.001	0.685	0.001	0.313
0.173	0.825	0.001	0.001
0.001	0.997	0.001	0.001
0.001	0.997	0.001	0.001
0.001	0.997	0.001	0.001
0.001	0.001	0.001	0.997
0.001	0.001	0.997	0.001
>TGTTTGTAAAGT	23-TGTTTGTAAAGT	12.355432	-13.860566	0	T:5.0(0.19%),B:3.8(0.01%),P:1e-6	Tpos:145.8,Tstd:112.0,Bpos:155.5,Bstd:76.6,StrandBias:-0.6,Multiplicity:1.00
0.100	0.100	0.100	0.700
0.100	0.100	0.700	0.100
0.100	0.100	0.100	0.700
0.100	0.100	0.100	0.700
0.100	0.100	0.100	0.700
0.100	0.100	0.700	0.100
0.100	0.100	0.100	0.700
0.700	0.100	0.100	0.100
0.700	0.100	0.100	0.100
0.700	0.100	0.100	0.100
0.100	0.100	0.700	0.100
0.100	0.100	0.100	0.700
>GCTGGGTATGAC	24-GCTGGGTATGAC	13.910229	-6.454410	0	T:3.0(0.12%),B:4.5(0.01%),P:1e-2	Tpos:90.0,Tstd:53.1,Bpos:206.3,Bstd:82.5,StrandBias:10.0,Multiplicity:3.67
0.001	0.001	0.997	0.001
0.001	0.997	0.001	0.001
0.001	0.001	0.001	0.997
0.001	0.001	0.997	0.001
0.001	0.001	0.997	0.001
0.001	0.001	0.925	0.073
0.001	0.001	0.001	0.997
0.997	0.001	0.001	0.001
0.001	0.001	0.073	0.925
0.001	0.001	0.997	0.001
0.997	0.001	0.001	0.001
0.001	0.997	0.001	0.001
>CATCTACAAGAC	25-CATCTACAAGAC	12.355432	-2.912426	0	T:1.0(0.04%),B:0.0(0.00%),P:1e-1	Tpos:258.8,Tstd:51.3,Bpos:0.0,Bstd:0.0,StrandBias:10.0,Multiplicity:8.00
0.100	0.700	0.100	0.100
0.700	0.100	0.100	0.100
0.100	0.100	0.100	0.700
0.100	0.700	0.100	0.100
0.100	0.100	0.100	0.700
0.700	0.100	0.100	0.100
0.100	0.700	0.100	0.100
0.700	0.100	0.100	0.100
0.700	0.100	0.100	0.100
0.100	0.100	0.700	0.100
0.700	0.100	0.100	0.100
0.100	0.700	0.100	0.100
