>NYHACTTCCTGT	1-NYHACTTCCTGT	8.302105	-687.985086	0	T:1186.0(41.72%),B:6162.9(13.50%),P:1e-298	Tpos:261.9,Tstd:171.4,Bpos:229.3,Bstd:138.9,StrandBias:-0.1,Multiplicity:1.33
0.251	0.232	0.246	0.271
0.199	0.363	0.160	0.278
0.241	0.371	0.146	0.242
0.548	0.054	0.360	0.038
0.001	0.660	0.001	0.338
0.230	0.001	0.001	0.768
0.001	0.001	0.001	0.997
0.001	0.997	0.001	0.001
0.001	0.997	0.001	0.001
0.001	0.001	0.001	0.997
0.001	0.282	0.549	0.168
0.063	0.328	0.001	0.608
>WAMCCACATCCT	2-WAMCCACATCCT	10.653997	-227.041531	0	T:168.0(5.91%),B:300.8(0.66%),P:1e-98	Tpos:245.9,Tstd:148.2,Bpos:238.3,Bstd:131.2,StrandBias:0.4,Multiplicity:1.01
0.399	0.027	0.128	0.446
0.559	0.077	0.235	0.129
0.494	0.504	0.001	0.001
0.001	0.956	0.042	0.001
0.001	0.997	0.001	0.001
0.929	0.069	0.001	0.001
0.001	0.997	0.001	0.001
0.741	0.042	0.001	0.216
0.001	0.001	0.001	0.997
0.001	0.972	0.001	0.026
0.001	0.997	0.001	0.001
0.100	0.205	0.258	0.437
>NMDGAAACCACA	3-NMDGAAACCACA	8.311663	-172.531475	0	T:442.0(15.55%),B:2689.1(5.89%),P:1e-74	Tpos:280.6,Tstd:183.1,Bpos:228.1,Bstd:140.2,StrandBias:0.2,Multiplicity:1.14
0.331	0.204	0.259	0.206
0.359	0.357	0.129	0.155
0.370	0.001	0.281	0.348
0.211	0.219	0.386	0.183
0.554	0.188	0.001	0.257
0.907	0.001	0.091	0.001
0.939	0.001	0.059	0.001
0.001	0.997	0.001	0.001
0.001	0.997	0.001	0.001
0.987	0.001	0.001	0.011
0.001	0.997	0.001	0.001
0.935	0.001	0.001	0.063
>BRACTKCCTCHN	4-BRACTKCCTCHN	8.981448	-113.467383	0	T:350.0(12.31%),B:2342.9(5.13%),P:1e-49	Tpos:276.1,Tstd:185.4,Bpos:227.6,Bstd:139.0,StrandBias:0.1,Multiplicity:1.07
0.152	0.318	0.194	0.337
0.308	0.221	0.423	0.048
0.608	0.001	0.390	0.001
0.001	0.997	0.001	0.001
0.001	0.261	0.001	0.737
0.001	0.001	0.443	0.555
0.001	0.997	0.001	0.001
0.001	0.816	0.182	0.001
0.001	0.001	0.391	0.607
0.001	0.997	0.001	0.001
0.322	0.268	0.001	0.409
0.204	0.342	0.228	0.226
>VGCAGGAAACAK	5-VGCAGGAAACAK	9.088992	-107.853903	0	T:196.0(6.89%),B:928.8(2.03%),P:1e-46	Tpos:257.7,Tstd:159.6,Bpos:236.6,Bstd:137.5,StrandBias:-0.0,Multiplicity:1.03
0.355	0.297	0.312	0.036
0.192	0.040	0.707	0.061
0.049	0.900	0.036	0.015
0.671	0.220	0.108	0.001
0.007	0.109	0.848	0.036
0.001	0.072	0.718	0.209
0.963	0.001	0.035	0.001
0.976	0.001	0.001	0.022
0.963	0.035	0.001	0.001
0.001	0.997	0.001	0.001
0.439	0.129	0.220	0.211
0.191	0.100	0.361	0.348
>TTCCTTTGATGT	6-TTCCTTTGATGT	7.392167	-91.750863	0	T:738.0(25.96%),B:7371.5(16.15%),P:1e-39	Tpos:258.2,Tstd:190.9,Bpos:229.6,Bstd:140.1,StrandBias:0.2,Multiplicity:1.14
0.071	0.131	0.124	0.674
0.049	0.090	0.118	0.743
0.070	0.732	0.093	0.105
0.035	0.792	0.004	0.169
0.001	0.089	0.001	0.909
0.031	0.112	0.154	0.703
0.038	0.001	0.041	0.920
0.066	0.104	0.680	0.150
0.671	0.121	0.052	0.156
0.109	0.011	0.094	0.786
0.026	0.158	0.681	0.135
0.120	0.096	0.062	0.722
>DNACCGGAAGYR	7-DNACCGGAAGYR	7.632659	-82.718483	0	T:270.0(9.50%),B:1851.7(4.06%),P:1e-35	Tpos:268.4,Tstd:152.2,Bpos:231.6,Bstd:148.5,StrandBias:0.0,Multiplicity:1.11
0.306	0.101	0.325	0.268
0.313	0.326	0.184	0.178
0.600	0.081	0.136	0.183
0.094	0.792	0.081	0.033
0.001	0.868	0.130	0.001
0.077	0.008	0.900	0.015
0.031	0.017	0.885	0.067
0.960	0.008	0.031	0.001
0.892	0.041	0.001	0.066
0.066	0.041	0.892	0.001
0.165	0.300	0.175	0.360
0.383	0.147	0.283	0.188
>CAGGAAGGAAGT	8-CAGGAAGGAAGT	8.348005	-77.035984	0	T:293.0(10.31%),B:2166.0(4.74%),P:1e-33	Tpos:257.0,Tstd:190.5,Bpos:231.2,Bstd:132.5,StrandBias:0.1,Multiplicity:1.06
0.082	0.644	0.145	0.129
0.743	0.052	0.045	0.160
0.103	0.003	0.777	0.117
0.166	0.140	0.596	0.098
0.668	0.122	0.135	0.075
0.709	0.038	0.142	0.111
0.170	0.002	0.708	0.120
0.113	0.083	0.678	0.126
0.598	0.167	0.140	0.095
0.605	0.095	0.130	0.170
0.125	0.116	0.607	0.152
0.138	0.166	0.151	0.545
>GGGGGGGGGGGG	9-GGGGGGGGGGGG	7.461944	-64.585316	0	T:638.0(22.44%),B:6677.2(14.63%),P:1e-28	Tpos:284.3,Tstd:205.1,Bpos:229.5,Bstd:131.8,StrandBias:0.3,Multiplicity:1.26
0.129	0.080	0.627	0.164
0.193	0.063	0.588	0.156
0.222	0.071	0.502	0.205
0.096	0.062	0.621	0.221
0.102	0.050	0.643	0.205
0.096	0.049	0.570	0.285
0.110	0.012	0.650	0.228
0.135	0.065	0.566	0.234
0.128	0.057	0.681	0.134
0.161	0.063	0.691	0.085
0.158	0.088	0.657	0.097
0.103	0.108	0.684	0.105
>GTGACGTCAGAA	10-GTGACGTCAGAA	0.813018	-62.538206	0	T:298.0(10.48%),B:2428.6(5.32%),P:1e-27	Tpos:258.9,Tstd:186.1,Bpos:228.7,Bstd:141.1,StrandBias:0.2,Multiplicity:1.07
0.001	0.232	0.766	0.001
0.001	0.001	0.001	0.997
0.001	0.001	0.997	0.001
0.997	0.001	0.001	0.001
0.001	0.997	0.001	0.001
0.001	0.001	0.997	0.001
0.001	0.001	0.001	0.997
0.001	0.997	0.001	0.001
0.997	0.001	0.001	0.001
0.001	0.303	0.695	0.001
0.680	0.318	0.001	0.001
0.621	0.001	0.377	0.001
>AAGAGGAAGTGG	11-AAGAGGAAGTGG	9.850032	-57.881572	0	T:147.0(5.17%),B:875.4(1.92%),P:1e-25	Tpos:269.4,Tstd:212.7,Bpos:228.7,Bstd:137.3,StrandBias:-0.2,Multiplicity:1.02
0.674	0.060	0.265	0.001
0.804	0.001	0.194	0.001
0.019	0.149	0.759	0.073
0.499	0.001	0.235	0.265
0.172	0.001	0.623	0.204
0.186	0.022	0.625	0.167
0.713	0.001	0.285	0.001
0.609	0.001	0.235	0.155
0.006	0.098	0.895	0.001
0.314	0.001	0.179	0.506
0.101	0.001	0.897	0.001
0.112	0.099	0.788	0.001
>TTTGATGTGGTA	12-TTTGATGTGGTA	9.464950	-51.908480	0	T:103.0(3.62%),B:523.0(1.15%),P:1e-22	Tpos:268.5,Tstd:195.8,Bpos:224.8,Bstd:132.7,StrandBias:-0.3,Multiplicity:1.02
0.066	0.081	0.001	0.852
0.001	0.063	0.083	0.853
0.082	0.001	0.066	0.851
0.049	0.057	0.822	0.072
0.685	0.185	0.057	0.073
0.095	0.001	0.095	0.809
0.018	0.072	0.800	0.110
0.090	0.001	0.001	0.908
0.087	0.001	0.851	0.061
0.024	0.042	0.924	0.010
0.123	0.009	0.063	0.805
0.777	0.015	0.101	0.107
>GGGAAATGTAGT	13-GGGAAATGTAGT	12.826201	-49.004629	0	T:36.0(1.27%),B:66.7(0.15%),P:1e-21	Tpos:298.1,Tstd:181.4,Bpos:262.8,Bstd:155.7,StrandBias:0.1,Multiplicity:1.11
0.001	0.001	0.997	0.001
0.001	0.001	0.997	0.001
0.001	0.001	0.997	0.001
0.997	0.001	0.001	0.001
0.817	0.113	0.069	0.001
0.590	0.046	0.033	0.331
0.001	0.001	0.001	0.997
0.001	0.001	0.997	0.001
0.001	0.001	0.001	0.997
0.997	0.001	0.001	0.001
0.001	0.001	0.997	0.001
0.001	0.001	0.001	0.997
>TGGTTTGTGGTT	14-TGGTTTGTGGTT	9.718393	-47.272985	0	T:128.0(4.50%),B:793.0(1.74%),P:1e-20	Tpos:243.9,Tstd:195.3,Bpos:222.1,Bstd:145.9,StrandBias:0.4,Multiplicity:1.02
0.069	0.001	0.022	0.908
0.029	0.001	0.918	0.052
0.079	0.081	0.760	0.080
0.001	0.080	0.105	0.814
0.082	0.044	0.001	0.873
0.044	0.001	0.069	0.886
0.001	0.027	0.896	0.076
0.135	0.001	0.051	0.813
0.088	0.023	0.795	0.094
0.093	0.029	0.788	0.090
0.075	0.071	0.085	0.769
0.053	0.053	0.114	0.780
>AGATCAAAACAC	15-AGATCAAAACAC	9.027476	-38.307769	0	T:172.0(6.05%),B:1367.9(3.00%),P:1e-16	Tpos:295.1,Tstd:234.4,Bpos:227.5,Bstd:146.6,StrandBias:0.0,Multiplicity:1.04
0.818	0.001	0.038	0.143
0.152	0.001	0.772	0.075
0.735	0.119	0.064	0.082
0.199	0.078	0.157	0.566
0.085	0.619	0.085	0.211
0.885	0.001	0.001	0.113
0.746	0.093	0.121	0.040
0.977	0.021	0.001	0.001
0.895	0.021	0.062	0.022
0.210	0.755	0.034	0.001
0.997	0.001	0.001	0.001
0.090	0.632	0.122	0.156
>AGTCACGTGACA	16-AGTCACGTGACA	9.902036	-32.805329	0	T:63.0(2.22%),B:317.6(0.70%),P:1e-14	Tpos:283.1,Tstd:198.3,Bpos:228.4,Bstd:136.7,StrandBias:-0.7,Multiplicity:1.02
0.916	0.022	0.025	0.037
0.092	0.061	0.770	0.077
0.178	0.114	0.029	0.679
0.042	0.854	0.021	0.083
0.934	0.024	0.001	0.041
0.087	0.692	0.141	0.080
0.124	0.061	0.729	0.086
0.047	0.001	0.001	0.951
0.021	0.055	0.871	0.053
0.745	0.029	0.090	0.136
0.021	0.916	0.021	0.042
0.948	0.043	0.001	0.008
>AAACAGGAAAAC	17-AAACAGGAAAAC	11.604219	-32.343669	0	T:42.0(1.48%),B:154.2(0.34%),P:1e-14	Tpos:290.6,Tstd:169.3,Bpos:235.7,Bstd:148.4,StrandBias:-0.4,Multiplicity:1.00
0.997	0.001	0.001	0.001
0.844	0.001	0.154	0.001
0.997	0.001	0.001	0.001
0.001	0.982	0.016	0.001
0.997	0.001	0.001	0.001
0.001	0.001	0.890	0.108
0.001	0.001	0.915	0.083
0.807	0.001	0.191	0.001
0.997	0.001	0.001	0.001
0.857	0.083	0.059	0.001
0.958	0.001	0.040	0.001
0.081	0.787	0.091	0.041
>ATAAGAGGAGGG	18-ATAAGAGGAGGG	14.486222	-20.438892	0	T:7.0(0.25%),B:3.5(0.01%),P:1e-8	Tpos:212.4,Tstd:89.1,Bpos:208.0,Bstd:133.6,StrandBias:0.6,Multiplicity:1.43
0.997	0.001	0.001	0.001
0.001	0.001	0.001	0.997
0.997	0.001	0.001	0.001
0.997	0.001	0.001	0.001
0.001	0.001	0.997	0.001
0.858	0.001	0.140	0.001
0.001	0.001	0.997	0.001
0.001	0.001	0.997	0.001
0.997	0.001	0.001	0.001
0.001	0.001	0.858	0.140
0.001	0.001	0.997	0.001
0.001	0.001	0.997	0.001
>TAGCACTGCCTC	19-TAGCACTGCCTC	-3.117038	-16.612065	0	T:340.0(11.96%),B:4100.7(8.98%),P:1e-7	Tpos:276.0,Tstd:211.4,Bpos:225.3,Bstd:138.2,StrandBias:0.0,Multiplicity:1.17
0.001	0.001	0.001	0.997
0.997	0.001	0.001	0.001
0.001	0.001	0.997	0.001
0.001	0.997	0.001	0.001
0.997	0.001	0.001	0.001
0.001	0.946	0.001	0.052
0.001	0.052	0.001	0.946
0.001	0.001	0.997	0.001
0.001	0.997	0.001	0.001
0.001	0.997	0.001	0.001
0.001	0.001	0.001	0.997
0.001	0.997	0.001	0.001
>GATCTGCCAGTC	20-GATCTGCCAGTC	14.367555	-15.309992	0	T:5.0(0.18%),B:3.0(0.01%),P:1e-6	Tpos:244.9,Tstd:185.0,Bpos:234.8,Bstd:103.8,StrandBias:10.0,Multiplicity:2.00
0.001	0.001	0.997	0.001
0.997	0.001	0.001	0.001
0.001	0.001	0.001	0.997
0.001	0.997	0.001	0.001
0.001	0.001	0.001	0.997
0.001	0.001	0.997	0.001
0.001	0.891	0.001	0.107
0.001	0.997	0.001	0.001
0.997	0.001	0.001	0.001
0.001	0.001	0.997	0.001
0.001	0.001	0.001	0.997
0.001	0.997	0.001	0.001
>TGTTACTATAGA	21-TGTTACTATAGA	14.044390	-10.039505	0	T:4.0(0.14%),B:3.6(0.01%),P:1e-4	Tpos:364.7,Tstd:203.4,Bpos:234.7,Bstd:48.2,StrandBias:-2.5,Multiplicity:3.25
0.001	0.001	0.001	0.997
0.001	0.001	0.997	0.001
0.094	0.001	0.094	0.811
0.001	0.001	0.001	0.997
0.997	0.001	0.001	0.001
0.001	0.997	0.001	0.001
0.001	0.001	0.001	0.997
0.997	0.001	0.001	0.001
0.001	0.001	0.001	0.997
0.997	0.001	0.001	0.001
0.093	0.001	0.905	0.001
0.905	0.001	0.001	0.093
>TTGGCTGCACAC	22-TTGGCTGCACAC	-4.641582	-9.353046	0	T:907.0(31.90%),B:13090.0(28.67%),P:1e-4	Tpos:264.5,Tstd:202.0,Bpos:228.9,Bstd:138.3,StrandBias:0.1,Multiplicity:1.23
0.001	0.001	0.001	0.997
0.001	0.001	0.001	0.997
0.001	0.001	0.997	0.001
0.348	0.001	0.650	0.001
0.001	0.997	0.001	0.001
0.001	0.001	0.001	0.997
0.001	0.001	0.997	0.001
0.001	0.997	0.001	0.001
0.903	0.001	0.001	0.095
0.095	0.903	0.001	0.001
0.997	0.001	0.001	0.001
0.001	0.997	0.001	0.001
>CCACCATGTGTA	23-CCACCATGTGTA	13.802521	-8.135151	0	T:3.0(0.11%),B:2.5(0.01%),P:1e-3	Tpos:93.2,Tstd:73.6,Bpos:107.1,Bstd:52.4,StrandBias:10.0,Multiplicity:3.67
0.235	0.763	0.001	0.001
0.001	0.997	0.001	0.001
0.997	0.001	0.001	0.001
0.001	0.997	0.001	0.001
0.001	0.997	0.001	0.001
0.997	0.001	0.001	0.001
0.001	0.001	0.001	0.997
0.001	0.258	0.740	0.001
0.001	0.001	0.001	0.997
0.001	0.001	0.997	0.001
0.001	0.001	0.001	0.997
0.997	0.001	0.001	0.001
>GTGCCAATATTA	24-GTGCCAATATTA	13.718214	-8.135151	0	T:3.0(0.11%),B:2.1(0.00%),P:1e-3	Tpos:363.2,Tstd:237.7,Bpos:326.7,Bstd:57.3,StrandBias:2.2,Multiplicity:3.67
0.001	0.001	0.997	0.001
0.001	0.001	0.001	0.997
0.001	0.001	0.997	0.001
0.001	0.740	0.001	0.258
0.001	0.997	0.001	0.001
0.782	0.216	0.001	0.001
0.997	0.001	0.001	0.001
0.001	0.001	0.001	0.997
0.997	0.001	0.001	0.001
0.001	0.001	0.001	0.997
0.001	0.001	0.001	0.997
0.997	0.001	0.001	0.001
>TCCTACCTTGTT	25-TCCTACCTTGTT	14.788477	-8.135151	0	T:3.0(0.11%),B:2.1(0.00%),P:1e-3	Tpos:518.8,Tstd:135.6,Bpos:213.6,Bstd:34.8,StrandBias:3.6,Multiplicity:4.33
0.001	0.001	0.001	0.997
0.001	0.997	0.001	0.001
0.001	0.997	0.001	0.001
0.001	0.001	0.001	0.997
0.997	0.001	0.001	0.001
0.001	0.835	0.163	0.001
0.001	0.997	0.001	0.001
0.001	0.001	0.001	0.997
0.001	0.001	0.001	0.997
0.001	0.001	0.997	0.001
0.001	0.001	0.001	0.997
0.001	0.001	0.001	0.997
