>CACTTCCG	1-CACTTCCG	5.369906	-480.284720	0	T:1019.0(35.84%),B:5947.6(13.03%),P:1e-208	Tpos:272.3,Tstd:179.4,Bpos:228.8,Bstd:141.2,StrandBias:0.0,Multiplicity:1.27
0.002	0.709	0.001	0.288
0.997	0.001	0.001	0.001
0.001	0.634	0.001	0.364
0.325	0.001	0.001	0.673
0.001	0.001	0.001	0.997
0.001	0.997	0.001	0.001
0.001	0.997	0.001	0.001
0.001	0.001	0.971	0.027
>ACAGGAAG	2-ACAGGAAG	6.632971	-438.505734	0	T:1215.0(42.74%),B:8528.0(18.68%),P:1e-190	Tpos:263.2,Tstd:172.8,Bpos:229.8,Bstd:138.5,StrandBias:-0.0,Multiplicity:1.28
0.883	0.001	0.115	0.001
0.001	0.997	0.001	0.001
0.956	0.042	0.001	0.001
0.001	0.001	0.997	0.001
0.001	0.001	0.997	0.001
0.997	0.001	0.001	0.001
0.936	0.001	0.001	0.062
0.338	0.001	0.660	0.001
>GTTTCCGC	3-GTTTCCGC	3.837615	-242.702262	0	T:1134.0(39.89%),B:9900.6(21.69%),P:1e-105	Tpos:268.2,Tstd:184.5,Bpos:230.3,Bstd:143.0,StrandBias:-0.2,Multiplicity:1.19
0.001	0.001	0.997	0.001
0.001	0.192	0.001	0.806
0.001	0.001	0.001	0.997
0.001	0.001	0.001	0.997
0.001	0.997	0.001	0.001
0.001	0.997	0.001	0.001
0.001	0.001	0.892	0.106
0.001	0.889	0.044	0.066
>AAACCACA	4-AAACCACA	7.297596	-211.798545	0	T:649.0(22.83%),B:4456.0(9.76%),P:1e-91	Tpos:272.4,Tstd:182.5,Bpos:230.8,Bstd:142.7,StrandBias:-0.0,Multiplicity:1.19
0.717	0.079	0.001	0.203
0.903	0.001	0.095	0.001
0.997	0.001	0.001	0.001
0.001	0.997	0.001	0.001
0.001	0.997	0.001	0.001
0.952	0.001	0.046	0.001
0.001	0.997	0.001	0.001
0.890	0.001	0.037	0.072
>ACTTCCCT	5-ACTTCCCT	7.116352	-150.073032	0	T:534.0(18.78%),B:3899.2(8.54%),P:1e-65	Tpos:300.8,Tstd:233.5,Bpos:229.4,Bstd:139.3,StrandBias:0.1,Multiplicity:1.08
0.997	0.001	0.001	0.001
0.001	0.997	0.001	0.001
0.001	0.001	0.001	0.997
0.001	0.001	0.001	0.997
0.001	0.997	0.001	0.001
0.001	0.997	0.001	0.001
0.001	0.882	0.001	0.116
0.001	0.165	0.001	0.833
>HBACGTBA	6-HBACGTBA	5.267045	-89.293751	0	T:668.0(23.50%),B:6503.4(14.24%),P:1e-38	Tpos:289.7,Tstd:214.8,Bpos:229.8,Bstd:149.9,StrandBias:-0.0,Multiplicity:1.23
0.259	0.268	0.081	0.392
0.010	0.270	0.406	0.314
0.681	0.126	0.051	0.142
0.065	0.933	0.001	0.001
0.028	0.001	0.889	0.082
0.001	0.161	0.031	0.807
0.020	0.377	0.356	0.247
0.787	0.019	0.002	0.192
>GGGGGGGG	7-GGGGGGGG	8.278323	-69.329164	0	T:745.0(26.20%),B:8008.1(17.54%),P:1e-30	Tpos:278.4,Tstd:199.3,Bpos:228.3,Bstd:133.2,StrandBias:0.3,Multiplicity:1.44
0.001	0.001	0.997	0.001
0.025	0.001	0.932	0.042
0.054	0.001	0.786	0.159
0.121	0.001	0.641	0.237
0.001	0.001	0.884	0.114
0.066	0.001	0.848	0.085
0.032	0.001	0.935	0.032
0.028	0.001	0.970	0.001
>TRGGCGGR	8-TRGGCGGR	6.515490	-59.110904	0	T:647.0(22.76%),B:6943.6(15.21%),P:1e-25	Tpos:300.0,Tstd:235.4,Bpos:230.9,Bstd:152.8,StrandBias:0.1,Multiplicity:1.58
0.214	0.001	0.245	0.540
0.351	0.087	0.499	0.063
0.057	0.001	0.846	0.096
0.057	0.066	0.803	0.074
0.001	0.997	0.001	0.001
0.001	0.001	0.997	0.001
0.023	0.001	0.781	0.195
0.498	0.001	0.413	0.088
>AGATCAAA	9-AGATCAAA	5.534427	-58.767740	0	T:1273.0(44.78%),B:16055.5(35.17%),P:1e-25	Tpos:269.7,Tstd:211.9,Bpos:228.9,Bstd:138.7,StrandBias:-0.1,Multiplicity:1.43
0.758	0.093	0.071	0.078
0.061	0.192	0.688	0.059
0.729	0.092	0.020	0.159
0.080	0.029	0.107	0.784
0.091	0.646	0.187	0.076
0.855	0.045	0.025	0.075
0.704	0.073	0.135	0.088
0.844	0.075	0.051	0.030
>GCGBGKTT	10-GCGBGKTT	5.391219	-57.498337	0	T:942.0(33.13%),B:11155.5(24.43%),P:1e-24	Tpos:287.2,Tstd:216.2,Bpos:229.7,Bstd:147.0,StrandBias:0.0,Multiplicity:1.31
0.193	0.220	0.421	0.166
0.001	0.646	0.352	0.001
0.001	0.001	0.596	0.402
0.001	0.332	0.335	0.333
0.001	0.257	0.599	0.143
0.001	0.148	0.430	0.421
0.001	0.203	0.001	0.795
0.161	0.001	0.001	0.837
>VTTACGCA	11-VTTACGCA	6.101995	-52.725570	0	T:381.0(13.40%),B:3607.7(7.90%),P:1e-22	Tpos:274.1,Tstd:193.4,Bpos:235.7,Bstd:147.4,StrandBias:0.2,Multiplicity:1.08
0.301	0.322	0.374	0.003
0.001	0.155	0.001	0.843
0.056	0.001	0.136	0.807
0.631	0.093	0.147	0.129
0.184	0.814	0.001	0.001
0.001	0.001	0.997	0.001
0.118	0.766	0.048	0.068
0.956	0.001	0.001	0.042
>TTTGATGT	12-TTTGATGT	5.264237	-46.434802	0	T:1569.0(55.19%),B:21209.7(46.46%),P:1e-20	Tpos:270.8,Tstd:204.4,Bpos:227.8,Bstd:140.2,StrandBias:0.1,Multiplicity:1.52
0.057	0.069	0.098	0.776
0.023	0.130	0.086	0.761
0.067	0.067	0.022	0.844
0.029	0.072	0.825	0.074
0.743	0.032	0.090	0.135
0.234	0.019	0.116	0.631
0.070	0.018	0.826	0.086
0.093	0.145	0.082	0.680
>CSGATTGG	13-CSGATTGG	7.159775	-31.969341	0	T:218.0(7.67%),B:2021.2(4.43%),P:1e-13	Tpos:270.4,Tstd:191.5,Bpos:228.8,Bstd:138.0,StrandBias:0.5,Multiplicity:1.13
0.019	0.906	0.063	0.012
0.131	0.292	0.371	0.206
0.036	0.179	0.715	0.070
0.818	0.001	0.001	0.180
0.001	0.001	0.001	0.997
0.110	0.026	0.001	0.863
0.110	0.125	0.764	0.001
0.084	0.079	0.771	0.066
>TACNGTAS	14-TACNGTAS	5.978667	-27.716829	0	T:383.0(13.47%),B:4283.6(9.38%),P:1e-12	Tpos:260.4,Tstd:189.2,Bpos:229.4,Bstd:143.3,StrandBias:-0.0,Multiplicity:1.12
0.267	0.171	0.001	0.561
0.759	0.003	0.001	0.237
0.022	0.904	0.073	0.001
0.186	0.319	0.248	0.246
0.262	0.039	0.698	0.001
0.073	0.234	0.001	0.692
0.780	0.001	0.001	0.218
0.004	0.488	0.450	0.057
