>CACTTCCTGT	1-CACTTCCTGT	8.021828	-213.362557	0	T:674.0(32.19%),B:6641.8(14.45%),P:1e-92	Tpos:302.1,Tstd:236.9,Bpos:247.4,Bstd:147.6,StrandBias:-0.1,Multiplicity:1.29
0.192	0.402	0.205	0.201
0.627	0.001	0.274	0.098
0.001	0.685	0.001	0.313
0.134	0.001	0.001	0.864
0.001	0.001	0.001	0.997
0.001	0.997	0.001	0.001
0.001	0.997	0.001	0.001
0.001	0.001	0.099	0.899
0.020	0.172	0.635	0.173
0.061	0.361	0.058	0.520
>ACCGGAARTN	2-ACCGGAARTN	6.971568	-136.186860	0	T:728.0(34.77%),B:8982.8(19.55%),P:1e-59	Tpos:304.5,Tstd:256.1,Bpos:246.3,Bstd:153.7,StrandBias:-0.2,Multiplicity:1.20
0.499	0.227	0.021	0.254
0.249	0.473	0.096	0.182
0.315	0.673	0.011	0.001
0.001	0.001	0.997	0.001
0.001	0.001	0.997	0.001
0.888	0.001	0.001	0.110
0.997	0.001	0.001	0.001
0.467	0.021	0.511	0.001
0.183	0.134	0.200	0.484
0.302	0.256	0.279	0.163
>GGGYGGRGCB	3-GGGYGGRGCB	7.840308	-83.571115	0	T:648.0(30.95%),B:8876.7(19.32%),P:1e-36	Tpos:364.3,Tstd:288.5,Bpos:243.9,Bstd:163.3,StrandBias:-0.1,Multiplicity:1.79
0.219	0.001	0.779	0.001
0.001	0.001	0.997	0.001
0.001	0.001	0.997	0.001
0.138	0.493	0.001	0.368
0.001	0.001	0.997	0.001
0.052	0.083	0.578	0.287
0.424	0.001	0.574	0.001
0.273	0.001	0.616	0.110
0.103	0.610	0.001	0.286
0.180	0.360	0.247	0.213
>TGTGGTTTCG	4-TGTGGTTTCG	6.904917	-78.968516	0	T:492.0(23.50%),B:6207.5(13.51%),P:1e-34	Tpos:268.3,Tstd:214.2,Bpos:244.7,Bstd:149.4,StrandBias:-0.3,Multiplicity:1.19
0.085	0.096	0.130	0.689
0.039	0.030	0.852	0.079
0.075	0.155	0.097	0.673
0.032	0.032	0.878	0.058
0.031	0.046	0.892	0.031
0.042	0.132	0.116	0.710
0.034	0.044	0.097	0.825
0.145	0.042	0.050	0.763
0.208	0.396	0.229	0.167
0.079	0.196	0.458	0.268
>CCACTAGRGG	5-CCACTAGRGG	9.904258	-57.325646	0	T:88.0(4.20%),B:502.1(1.09%),P:1e-24	Tpos:290.2,Tstd:231.9,Bpos:244.6,Bstd:140.0,StrandBias:0.0,Multiplicity:1.02
0.150	0.848	0.001	0.001
0.001	0.997	0.001	0.001
0.997	0.001	0.001	0.001
0.049	0.949	0.001	0.001
0.159	0.081	0.001	0.759
0.997	0.001	0.001	0.001
0.001	0.001	0.997	0.001
0.528	0.001	0.470	0.001
0.001	0.184	0.563	0.252
0.001	0.001	0.997	0.001
>TTTCGCGCCA	6-TTTCGCGCCA	6.594254	-56.485296	0	T:319.0(15.23%),B:3831.5(8.34%),P:1e-24	Tpos:362.4,Tstd:309.9,Bpos:248.3,Bstd:171.0,StrandBias:0.1,Multiplicity:1.24
0.199	0.189	0.125	0.488
0.067	0.105	0.099	0.729
0.043	0.002	0.100	0.855
0.070	0.732	0.197	0.001
0.197	0.187	0.556	0.060
0.068	0.865	0.066	0.001
0.050	0.001	0.935	0.014
0.001	0.973	0.025	0.001
0.001	0.660	0.338	0.001
0.485	0.185	0.052	0.278
>CTGATTGGCT	7-CTGATTGGCT	7.027582	-54.912464	0	T:373.0(17.81%),B:4785.6(10.41%),P:1e-23	Tpos:294.9,Tstd:220.6,Bpos:241.8,Bstd:150.4,StrandBias:-0.0,Multiplicity:1.19
0.045	0.778	0.101	0.076
0.046	0.139	0.097	0.718
0.066	0.100	0.758	0.076
0.879	0.066	0.013	0.042
0.019	0.110	0.089	0.782
0.063	0.056	0.011	0.870
0.030	0.060	0.873	0.037
0.090	0.046	0.812	0.052
0.075	0.711	0.082	0.132
0.050	0.074	0.049	0.827
>WDRCGTMABN	8-WDRCGTMABN	5.992649	-54.736070	0	T:579.0(27.65%),B:8522.3(18.54%),P:1e-23	Tpos:309.4,Tstd:272.1,Bpos:247.0,Bstd:154.6,StrandBias:0.0,Multiplicity:1.19
0.412	0.001	0.251	0.335
0.223	0.193	0.220	0.364
0.554	0.001	0.444	0.001
0.229	0.544	0.001	0.226
0.047	0.029	0.923	0.001
0.054	0.001	0.001	0.944
0.324	0.472	0.203	0.001
0.980	0.018	0.001	0.001
0.064	0.377	0.315	0.243
0.229	0.310	0.256	0.205
>GKTTCCTCTV	9-GKTTCCTCTV	6.773575	-47.793455	0	T:241.0(11.51%),B:2762.1(6.01%),P:1e-20	Tpos:324.9,Tstd:298.5,Bpos:250.1,Bstd:143.4,StrandBias:0.2,Multiplicity:1.07
0.194	0.222	0.495	0.089
0.013	0.151	0.356	0.480
0.009	0.134	0.028	0.829
0.098	0.049	0.246	0.607
0.186	0.693	0.091	0.030
0.100	0.559	0.138	0.203
0.287	0.088	0.016	0.609
0.008	0.667	0.104	0.221
0.197	0.118	0.126	0.559
0.359	0.255	0.225	0.161
>RCGGATGTSK	10-RCGGATGTSK	8.639422	-45.442806	0	T:111.0(5.30%),B:889.9(1.94%),P:1e-19	Tpos:327.8,Tstd:231.3,Bpos:247.1,Bstd:149.6,StrandBias:0.4,Multiplicity:1.04
0.521	0.001	0.431	0.047
0.196	0.802	0.001	0.001
0.001	0.155	0.843	0.001
0.071	0.001	0.927	0.001
0.997	0.001	0.001	0.001
0.001	0.185	0.228	0.586
0.001	0.001	0.793	0.205
0.001	0.042	0.001	0.956
0.176	0.337	0.486	0.001
0.069	0.001	0.504	0.426
>TGAGTCABMN	11-TGAGTCABMN	7.460791	-42.912714	0	T:206.0(9.84%),B:2314.0(5.04%),P:1e-18	Tpos:258.7,Tstd:203.4,Bpos:242.0,Bstd:144.6,StrandBias:0.3,Multiplicity:1.07
0.073	0.057	0.072	0.798
0.041	0.110	0.829	0.020
0.838	0.068	0.010	0.084
0.123	0.338	0.527	0.012
0.049	0.059	0.021	0.871
0.013	0.864	0.056	0.067
0.884	0.021	0.056	0.039
0.091	0.344	0.242	0.324
0.432	0.496	0.037	0.035
0.217	0.280	0.320	0.183
>CTTKCGKTTY	12-CTTKCGKTTY	7.074154	-42.584198	0	T:110.0(5.25%),B:912.1(1.98%),P:1e-18	Tpos:293.3,Tstd:223.5,Bpos:246.8,Bstd:162.2,StrandBias:0.1,Multiplicity:1.01
0.214	0.494	0.264	0.029
0.253	0.120	0.039	0.588
0.001	0.005	0.003	0.991
0.018	0.242	0.297	0.443
0.006	0.964	0.009	0.021
0.303	0.025	0.658	0.014
0.215	0.164	0.374	0.247
0.197	0.080	0.264	0.459
0.041	0.272	0.207	0.481
0.015	0.426	0.022	0.537
>GCGCCCTCTA	13-GCGCCCTCTA	7.494206	-35.322950	0	T:90.0(4.30%),B:744.0(1.62%),P:1e-15	Tpos:381.7,Tstd:413.7,Bpos:239.3,Bstd:168.1,StrandBias:0.2,Multiplicity:1.05
0.023	0.208	0.618	0.151
0.032	0.732	0.014	0.222
0.145	0.039	0.695	0.121
0.054	0.561	0.142	0.243
0.097	0.778	0.036	0.089
0.169	0.486	0.315	0.030
0.240	0.148	0.165	0.447
0.255	0.695	0.020	0.030
0.182	0.042	0.018	0.758
0.627	0.016	0.237	0.120
>GAACCAATAG	14-GAACCAATAG	6.809701	-29.713602	0	T:245.0(11.70%),B:3311.9(7.21%),P:1e-12	Tpos:287.7,Tstd:229.7,Bpos:250.2,Bstd:147.0,StrandBias:-0.0,Multiplicity:1.11
0.056	0.108	0.745	0.091
0.794	0.082	0.084	0.040
0.771	0.064	0.110	0.055
0.037	0.837	0.067	0.059
0.039	0.822	0.051	0.088
0.802	0.030	0.041	0.127
0.793	0.091	0.078	0.038
0.048	0.057	0.074	0.821
0.840	0.073	0.026	0.061
0.066	0.086	0.790	0.058
>CGCGCGGTTT	15-CGCGCGGTTT	6.420357	-29.508534	0	T:239.0(11.41%),B:3213.4(6.99%),P:1e-12	Tpos:396.6,Tstd:294.2,Bpos:242.7,Bstd:179.4,StrandBias:-0.0,Multiplicity:1.27
0.116	0.691	0.084	0.109
0.106	0.096	0.686	0.112
0.095	0.696	0.117	0.092
0.088	0.110	0.710	0.092
0.079	0.730	0.107	0.084
0.107	0.096	0.681	0.116
0.089	0.123	0.689	0.099
0.117	0.107	0.097	0.679
0.101	0.104	0.090	0.705
0.094	0.080	0.093	0.733
>AAACGGCCGC	16-AAACGGCCGC	8.820461	-26.820339	0	T:47.0(2.24%),B:306.4(0.67%),P:1e-11	Tpos:379.0,Tstd:267.5,Bpos:242.9,Bstd:157.9,StrandBias:-1.4,Multiplicity:1.00
0.920	0.078	0.001	0.001
0.997	0.001	0.001	0.001
0.997	0.001	0.001	0.001
0.099	0.750	0.001	0.150
0.057	0.001	0.682	0.260
0.131	0.001	0.867	0.001
0.001	0.997	0.001	0.001
0.043	0.955	0.001	0.001
0.001	0.029	0.926	0.044
0.001	0.997	0.001	0.001
>AGCCTAGAGC	17-AGCCTAGAGC	9.299811	-26.797175	0	T:91.0(4.35%),B:883.0(1.92%),P:1e-11	Tpos:333.7,Tstd:286.4,Bpos:244.8,Bstd:150.5,StrandBias:-0.3,Multiplicity:1.04
0.882	0.001	0.116	0.001
0.001	0.001	0.997	0.001
0.001	0.868	0.050	0.081
0.001	0.997	0.001	0.001
0.145	0.001	0.084	0.770
0.923	0.001	0.075	0.001
0.001	0.051	0.947	0.001
0.997	0.001	0.001	0.001
0.171	0.001	0.804	0.024
0.104	0.851	0.044	0.001
>GACTCAGAAA	18-GACTCAGAAA	8.036552	-25.471520	0	T:107.0(5.11%),B:1144.0(2.49%),P:1e-11	Tpos:292.9,Tstd:233.2,Bpos:254.0,Bstd:146.5,StrandBias:-0.5,Multiplicity:1.11
0.071	0.059	0.739	0.131
0.549	0.238	0.124	0.089
0.207	0.481	0.159	0.153
0.237	0.138	0.155	0.471
0.215	0.537	0.130	0.118
0.696	0.058	0.024	0.222
0.001	0.246	0.752	0.001
0.802	0.015	0.001	0.182
0.859	0.115	0.008	0.018
0.754	0.215	0.014	0.017
>GTATGCAAAT	19-GTATGCAAAT	8.306427	-23.848683	0	T:63.0(3.01%),B:538.8(1.17%),P:1e-10	Tpos:305.0,Tstd:253.9,Bpos:242.3,Bstd:142.3,StrandBias:-0.1,Multiplicity:1.13
0.117	0.126	0.627	0.130
0.001	0.183	0.001	0.815
0.997	0.001	0.001	0.001
0.024	0.001	0.001	0.974
0.001	0.031	0.967	0.001
0.001	0.954	0.001	0.044
0.834	0.046	0.119	0.001
0.997	0.001	0.001	0.001
0.952	0.046	0.001	0.001
0.001	0.026	0.041	0.932
>TTGAACTGCA	20-TTGAACTGCA	10.173196	-22.232354	0	T:52.0(2.48%),B:415.2(0.90%),P:1e-9	Tpos:290.0,Tstd:266.0,Bpos:245.6,Bstd:145.7,StrandBias:0.4,Multiplicity:1.13
0.001	0.160	0.098	0.741
0.028	0.001	0.001	0.970
0.001	0.001	0.997	0.001
0.791	0.063	0.001	0.145
0.640	0.001	0.358	0.001
0.110	0.887	0.001	0.002
0.239	0.001	0.001	0.759
0.114	0.001	0.884	0.001
0.001	0.950	0.048	0.001
0.982	0.016	0.001	0.001
>TAATATGCAA	21-TAATATGCAA	10.544001	-21.339875	0	T:23.0(1.10%),B:99.4(0.22%),P:1e-9	Tpos:300.4,Tstd:209.7,Bpos:263.9,Bstd:133.2,StrandBias:0.5,Multiplicity:1.00
0.151	0.313	0.061	0.475
0.853	0.030	0.056	0.061
0.927	0.001	0.048	0.024
0.119	0.024	0.025	0.832
0.880	0.001	0.118	0.001
0.057	0.102	0.032	0.809
0.001	0.036	0.916	0.047
0.241	0.730	0.028	0.001
0.815	0.004	0.030	0.151
0.939	0.001	0.001	0.059
>GTCATCCCAA	22-GTCATCCCAA	9.418938	-16.072683	0	T:42.0(2.01%),B:364.1(0.79%),P:1e-6	Tpos:311.8,Tstd:275.1,Bpos:250.8,Bstd:142.9,StrandBias:-0.4,Multiplicity:1.32
0.001	0.001	0.997	0.001
0.001	0.001	0.001	0.997
0.001	0.840	0.001	0.158
0.997	0.001	0.001	0.001
0.310	0.001	0.050	0.639
0.001	0.946	0.001	0.052
0.001	0.787	0.211	0.001
0.001	0.824	0.174	0.001
0.652	0.346	0.001	0.001
0.800	0.198	0.001	0.001
>CTRGAAATGG	23-CTRGAAATGG	8.456888	-15.041069	0	T:68.0(3.25%),B:762.1(1.66%),P:1e-6	Tpos:299.5,Tstd:233.4,Bpos:251.0,Bstd:136.5,StrandBias:0.2,Multiplicity:1.01
0.133	0.865	0.001	0.001
0.001	0.001	0.203	0.795
0.459	0.204	0.336	0.001
0.001	0.037	0.961	0.001
0.997	0.001	0.001	0.001
0.861	0.001	0.001	0.137
0.997	0.001	0.001	0.001
0.001	0.001	0.001	0.997
0.001	0.001	0.997	0.001
0.001	0.001	0.997	0.001
>ACAHGTCAGM	24-ACAHGTCAGM	9.118660	-13.033063	0	T:28.0(1.34%),B:220.6(0.48%),P:1e-5	Tpos:264.8,Tstd:161.5,Bpos:240.6,Bstd:143.2,StrandBias:0.0,Multiplicity:1.00
0.848	0.117	0.001	0.034
0.001	0.701	0.001	0.297
0.616	0.139	0.001	0.244
0.271	0.352	0.120	0.257
0.018	0.321	0.514	0.147
0.001	0.001	0.107	0.891
0.298	0.700	0.001	0.001
0.833	0.001	0.001	0.165
0.001	0.001	0.997	0.001
0.406	0.320	0.083	0.191
>CTTTTTTTTW	25-CTTTTTTTTW	10.725429	-11.437404	0	T:153.0(7.31%),B:2353.1(5.12%),P:1e-4	Tpos:309.6,Tstd:221.0,Bpos:244.8,Bstd:165.9,StrandBias:-0.6,Multiplicity:1.07
0.001	0.572	0.031	0.396
0.001	0.008	0.062	0.929
0.001	0.001	0.001	0.997
0.028	0.083	0.079	0.810
0.001	0.301	0.001	0.697
0.057	0.048	0.001	0.894
0.001	0.001	0.001	0.997
0.001	0.001	0.087	0.911
0.131	0.001	0.080	0.788
0.411	0.063	0.001	0.525
