>CACTTCCTGT	1-CACTTCCTGT	8.021828	-213.362557	0	T:674.0(32.19%),B:6641.8(14.45%),P:1e-92	Tpos:302.1,Tstd:236.9,Bpos:247.4,Bstd:147.6,StrandBias:-0.1,Multiplicity:1.29
0.192	0.402	0.205	0.201
0.627	0.001	0.274	0.098
0.001	0.685	0.001	0.313
0.134	0.001	0.001	0.864
0.001	0.001	0.001	0.997
0.001	0.997	0.001	0.001
0.001	0.997	0.001	0.001
0.001	0.001	0.099	0.899
0.020	0.172	0.635	0.173
0.061	0.361	0.058	0.520
>ACCGGAARTN	2-ACCGGAARTN	6.971568	-136.186860	0	T:728.0(34.77%),B:8982.8(19.55%),P:1e-59	Tpos:304.5,Tstd:256.1,Bpos:246.3,Bstd:153.7,StrandBias:-0.2,Multiplicity:1.20
0.499	0.227	0.021	0.254
0.249	0.473	0.096	0.182
0.315	0.673	0.011	0.001
0.001	0.001	0.997	0.001
0.001	0.001	0.997	0.001
0.888	0.001	0.001	0.110
0.997	0.001	0.001	0.001
0.467	0.021	0.511	0.001
0.183	0.134	0.200	0.484
0.302	0.256	0.279	0.163
>GGGYGGRGCB	3-GGGYGGRGCB	7.840308	-83.571115	0	T:648.0(30.95%),B:8876.7(19.32%),P:1e-36	Tpos:364.3,Tstd:288.5,Bpos:243.9,Bstd:163.3,StrandBias:-0.1,Multiplicity:1.79
0.219	0.001	0.779	0.001
0.001	0.001	0.997	0.001
0.001	0.001	0.997	0.001
0.138	0.493	0.001	0.368
0.001	0.001	0.997	0.001
0.052	0.083	0.578	0.287
0.424	0.001	0.574	0.001
0.273	0.001	0.616	0.110
0.103	0.610	0.001	0.286
0.180	0.360	0.247	0.213
>TGTGGTTTCG	4-TGTGGTTTCG	6.904917	-78.968516	0	T:492.0(23.50%),B:6207.5(13.51%),P:1e-34	Tpos:268.3,Tstd:214.2,Bpos:244.7,Bstd:149.4,StrandBias:-0.3,Multiplicity:1.19
0.085	0.096	0.130	0.689
0.039	0.030	0.852	0.079
0.075	0.155	0.097	0.673
0.032	0.032	0.878	0.058
0.031	0.046	0.892	0.031
0.042	0.132	0.116	0.710
0.034	0.044	0.097	0.825
0.145	0.042	0.050	0.763
0.208	0.396	0.229	0.167
0.079	0.196	0.458	0.268
>CCACTAGRGG	5-CCACTAGRGG	9.904258	-57.325646	0	T:88.0(4.20%),B:502.1(1.09%),P:1e-24	Tpos:290.2,Tstd:231.9,Bpos:244.6,Bstd:140.0,StrandBias:0.0,Multiplicity:1.02
0.150	0.848	0.001	0.001
0.001	0.997	0.001	0.001
0.997	0.001	0.001	0.001
0.049	0.949	0.001	0.001
0.159	0.081	0.001	0.759
0.997	0.001	0.001	0.001
0.001	0.001	0.997	0.001
0.528	0.001	0.470	0.001
0.001	0.184	0.563	0.252
0.001	0.001	0.997	0.001
>TTTCGCGCCA	6-TTTCGCGCCA	6.594254	-56.485296	0	T:319.0(15.23%),B:3831.5(8.34%),P:1e-24	Tpos:362.4,Tstd:309.9,Bpos:248.3,Bstd:171.0,StrandBias:0.1,Multiplicity:1.24
0.199	0.189	0.125	0.488
0.067	0.105	0.099	0.729
0.043	0.002	0.100	0.855
0.070	0.732	0.197	0.001
0.197	0.187	0.556	0.060
0.068	0.865	0.066	0.001
0.050	0.001	0.935	0.014
0.001	0.973	0.025	0.001
0.001	0.660	0.338	0.001
0.485	0.185	0.052	0.278
>CTGATTGGCT	7-CTGATTGGCT	7.027582	-54.912464	0	T:373.0(17.81%),B:4785.6(10.41%),P:1e-23	Tpos:294.9,Tstd:220.6,Bpos:241.8,Bstd:150.4,StrandBias:-0.0,Multiplicity:1.19
0.045	0.778	0.101	0.076
0.046	0.139	0.097	0.718
0.066	0.100	0.758	0.076
0.879	0.066	0.013	0.042
0.019	0.110	0.089	0.782
0.063	0.056	0.011	0.870
0.030	0.060	0.873	0.037
0.090	0.046	0.812	0.052
0.075	0.711	0.082	0.132
0.050	0.074	0.049	0.827
>WDRCGTMABN	8-WDRCGTMABN	5.992649	-54.736070	0	T:579.0(27.65%),B:8522.3(18.54%),P:1e-23	Tpos:309.4,Tstd:272.1,Bpos:247.0,Bstd:154.6,StrandBias:0.0,Multiplicity:1.19
0.412	0.001	0.251	0.335
0.223	0.193	0.220	0.364
0.554	0.001	0.444	0.001
0.229	0.544	0.001	0.226
0.047	0.029	0.923	0.001
0.054	0.001	0.001	0.944
0.324	0.472	0.203	0.001
0.980	0.018	0.001	0.001
0.064	0.377	0.315	0.243
0.229	0.310	0.256	0.205
>GKTTCCTCTV	9-GKTTCCTCTV	6.773575	-47.793455	0	T:241.0(11.51%),B:2762.1(6.01%),P:1e-20	Tpos:324.9,Tstd:298.5,Bpos:250.1,Bstd:143.4,StrandBias:0.2,Multiplicity:1.07
0.194	0.222	0.495	0.089
0.013	0.151	0.356	0.480
0.009	0.134	0.028	0.829
0.098	0.049	0.246	0.607
0.186	0.693	0.091	0.030
0.100	0.559	0.138	0.203
0.287	0.088	0.016	0.609
0.008	0.667	0.104	0.221
0.197	0.118	0.126	0.559
0.359	0.255	0.225	0.161
>RCGGATGTSK	10-RCGGATGTSK	8.639422	-45.442806	0	T:111.0(5.30%),B:889.9(1.94%),P:1e-19	Tpos:327.8,Tstd:231.3,Bpos:247.1,Bstd:149.6,StrandBias:0.4,Multiplicity:1.04
0.521	0.001	0.431	0.047
0.196	0.802	0.001	0.001
0.001	0.155	0.843	0.001
0.071	0.001	0.927	0.001
0.997	0.001	0.001	0.001
0.001	0.185	0.228	0.586
0.001	0.001	0.793	0.205
0.001	0.042	0.001	0.956
0.176	0.337	0.486	0.001
0.069	0.001	0.504	0.426
>TGAGTCABMN	11-TGAGTCABMN	7.460791	-42.912714	0	T:206.0(9.84%),B:2314.0(5.04%),P:1e-18	Tpos:258.7,Tstd:203.4,Bpos:242.0,Bstd:144.6,StrandBias:0.3,Multiplicity:1.07
0.073	0.057	0.072	0.798
0.041	0.110	0.829	0.020
0.838	0.068	0.010	0.084
0.123	0.338	0.527	0.012
0.049	0.059	0.021	0.871
0.013	0.864	0.056	0.067
0.884	0.021	0.056	0.039
0.091	0.344	0.242	0.324
0.432	0.496	0.037	0.035
0.217	0.280	0.320	0.183
>CTTKCGKTTY	12-CTTKCGKTTY	7.074154	-42.584198	0	T:110.0(5.25%),B:912.1(1.98%),P:1e-18	Tpos:293.3,Tstd:223.5,Bpos:246.8,Bstd:162.2,StrandBias:0.1,Multiplicity:1.01
0.214	0.494	0.264	0.029
0.253	0.120	0.039	0.588
0.001	0.005	0.003	0.991
0.018	0.242	0.297	0.443
0.006	0.964	0.009	0.021
0.303	0.025	0.658	0.014
0.215	0.164	0.374	0.247
0.197	0.080	0.264	0.459
0.041	0.272	0.207	0.481
0.015	0.426	0.022	0.537
>GCGCCCTCTA	13-GCGCCCTCTA	7.494206	-35.322950	0	T:90.0(4.30%),B:744.0(1.62%),P:1e-15	Tpos:381.7,Tstd:413.7,Bpos:239.3,Bstd:168.1,StrandBias:0.2,Multiplicity:1.05
0.023	0.208	0.618	0.151
0.032	0.732	0.014	0.222
0.145	0.039	0.695	0.121
0.054	0.561	0.142	0.243
0.097	0.778	0.036	0.089
0.169	0.486	0.315	0.030
0.240	0.148	0.165	0.447
0.255	0.695	0.020	0.030
0.182	0.042	0.018	0.758
0.627	0.016	0.237	0.120
>GAACCAATAG	14-GAACCAATAG	6.809701	-29.713602	0	T:245.0(11.70%),B:3311.9(7.21%),P:1e-12	Tpos:287.7,Tstd:229.7,Bpos:250.2,Bstd:147.0,StrandBias:-0.0,Multiplicity:1.11
0.056	0.108	0.745	0.091
0.794	0.082	0.084	0.040
0.771	0.064	0.110	0.055
0.037	0.837	0.067	0.059
0.039	0.822	0.051	0.088
0.802	0.030	0.041	0.127
0.793	0.091	0.078	0.038
0.048	0.057	0.074	0.821
0.840	0.073	0.026	0.061
0.066	0.086	0.790	0.058
>CGCGCGGTTT	15-CGCGCGGTTT	6.420357	-29.508534	0	T:239.0(11.41%),B:3213.4(6.99%),P:1e-12	Tpos:396.6,Tstd:294.2,Bpos:242.7,Bstd:179.4,StrandBias:-0.0,Multiplicity:1.27
0.116	0.691	0.084	0.109
0.106	0.096	0.686	0.112
0.095	0.696	0.117	0.092
0.088	0.110	0.710	0.092
0.079	0.730	0.107	0.084
0.107	0.096	0.681	0.116
0.089	0.123	0.689	0.099
0.117	0.107	0.097	0.679
0.101	0.104	0.090	0.705
0.094	0.080	0.093	0.733
>AAACGGCCGC	16-AAACGGCCGC	8.820461	-26.820339	0	T:47.0(2.24%),B:306.4(0.67%),P:1e-11	Tpos:379.0,Tstd:267.5,Bpos:242.9,Bstd:157.9,StrandBias:-1.4,Multiplicity:1.00
0.920	0.078	0.001	0.001
0.997	0.001	0.001	0.001
0.997	0.001	0.001	0.001
0.099	0.750	0.001	0.150
0.057	0.001	0.682	0.260
0.131	0.001	0.867	0.001
0.001	0.997	0.001	0.001
0.043	0.955	0.001	0.001
0.001	0.029	0.926	0.044
0.001	0.997	0.001	0.001
>AGCCTAGAGC	17-AGCCTAGAGC	9.299811	-26.797175	0	T:91.0(4.35%),B:883.0(1.92%),P:1e-11	Tpos:333.7,Tstd:286.4,Bpos:244.8,Bstd:150.5,StrandBias:-0.3,Multiplicity:1.04
0.882	0.001	0.116	0.001
0.001	0.001	0.997	0.001
0.001	0.868	0.050	0.081
0.001	0.997	0.001	0.001
0.145	0.001	0.084	0.770
0.923	0.001	0.075	0.001
0.001	0.051	0.947	0.001
0.997	0.001	0.001	0.001
0.171	0.001	0.804	0.024
0.104	0.851	0.044	0.001
>GACTCAGAAA	18-GACTCAGAAA	8.036552	-25.471520	0	T:107.0(5.11%),B:1144.0(2.49%),P:1e-11	Tpos:292.9,Tstd:233.2,Bpos:254.0,Bstd:146.5,StrandBias:-0.5,Multiplicity:1.11
0.071	0.059	0.739	0.131
0.549	0.238	0.124	0.089
0.207	0.481	0.159	0.153
0.237	0.138	0.155	0.471
0.215	0.537	0.130	0.118
0.696	0.058	0.024	0.222
0.001	0.246	0.752	0.001
0.802	0.015	0.001	0.182
0.859	0.115	0.008	0.018
0.754	0.215	0.014	0.017
>GTATGCAAAT	19-GTATGCAAAT	8.306427	-23.848683	0	T:63.0(3.01%),B:538.8(1.17%),P:1e-10	Tpos:305.0,Tstd:253.9,Bpos:242.3,Bstd:142.3,StrandBias:-0.1,Multiplicity:1.13
0.117	0.126	0.627	0.130
0.001	0.183	0.001	0.815
0.997	0.001	0.001	0.001
0.024	0.001	0.001	0.974
0.001	0.031	0.967	0.001
0.001	0.954	0.001	0.044
0.834	0.046	0.119	0.001
0.997	0.001	0.001	0.001
0.952	0.046	0.001	0.001
0.001	0.026	0.041	0.932
>TTGAACTGCA	20-TTGAACTGCA	10.173196	-22.232354	0	T:52.0(2.48%),B:415.2(0.90%),P:1e-9	Tpos:290.0,Tstd:266.0,Bpos:245.6,Bstd:145.7,StrandBias:0.4,Multiplicity:1.13
0.001	0.160	0.098	0.741
0.028	0.001	0.001	0.970
0.001	0.001	0.997	0.001
0.791	0.063	0.001	0.145
0.640	0.001	0.358	0.001
0.110	0.887	0.001	0.002
0.239	0.001	0.001	0.759
0.114	0.001	0.884	0.001
0.001	0.950	0.048	0.001
0.982	0.016	0.001	0.001
>TAATATGCAA	21-TAATATGCAA	10.544001	-21.339875	0	T:23.0(1.10%),B:99.4(0.22%),P:1e-9	Tpos:300.4,Tstd:209.7,Bpos:263.9,Bstd:133.2,StrandBias:0.5,Multiplicity:1.00
0.151	0.313	0.061	0.475
0.853	0.030	0.056	0.061
0.927	0.001	0.048	0.024
0.119	0.024	0.025	0.832
0.880	0.001	0.118	0.001
0.057	0.102	0.032	0.809
0.001	0.036	0.916	0.047
0.241	0.730	0.028	0.001
0.815	0.004	0.030	0.151
0.939	0.001	0.001	0.059
>GTCATCCCAA	22-GTCATCCCAA	9.418938	-16.072683	0	T:42.0(2.01%),B:364.1(0.79%),P:1e-6	Tpos:311.8,Tstd:275.1,Bpos:250.8,Bstd:142.9,StrandBias:-0.4,Multiplicity:1.32
0.001	0.001	0.997	0.001
0.001	0.001	0.001	0.997
0.001	0.840	0.001	0.158
0.997	0.001	0.001	0.001
0.310	0.001	0.050	0.639
0.001	0.946	0.001	0.052
0.001	0.787	0.211	0.001
0.001	0.824	0.174	0.001
0.652	0.346	0.001	0.001
0.800	0.198	0.001	0.001
>CTRGAAATGG	23-CTRGAAATGG	8.456888	-15.041069	0	T:68.0(3.25%),B:762.1(1.66%),P:1e-6	Tpos:299.5,Tstd:233.4,Bpos:251.0,Bstd:136.5,StrandBias:0.2,Multiplicity:1.01
0.133	0.865	0.001	0.001
0.001	0.001	0.203	0.795
0.459	0.204	0.336	0.001
0.001	0.037	0.961	0.001
0.997	0.001	0.001	0.001
0.861	0.001	0.001	0.137
0.997	0.001	0.001	0.001
0.001	0.001	0.001	0.997
0.001	0.001	0.997	0.001
0.001	0.001	0.997	0.001
>ACAHGTCAGM	24-ACAHGTCAGM	9.118660	-13.033063	0	T:28.0(1.34%),B:220.6(0.48%),P:1e-5	Tpos:264.8,Tstd:161.5,Bpos:240.6,Bstd:143.2,StrandBias:0.0,Multiplicity:1.00
0.848	0.117	0.001	0.034
0.001	0.701	0.001	0.297
0.616	0.139	0.001	0.244
0.271	0.352	0.120	0.257
0.018	0.321	0.514	0.147
0.001	0.001	0.107	0.891
0.298	0.700	0.001	0.001
0.833	0.001	0.001	0.165
0.001	0.001	0.997	0.001
0.406	0.320	0.083	0.191
>CTTTTTTTTW	25-CTTTTTTTTW	10.725429	-11.437404	0	T:153.0(7.31%),B:2353.1(5.12%),P:1e-4	Tpos:309.6,Tstd:221.0,Bpos:244.8,Bstd:165.9,StrandBias:-0.6,Multiplicity:1.07
0.001	0.572	0.031	0.396
0.001	0.008	0.062	0.929
0.001	0.001	0.001	0.997
0.028	0.083	0.079	0.810
0.001	0.301	0.001	0.697
0.057	0.048	0.001	0.894
0.001	0.001	0.001	0.997
0.001	0.001	0.087	0.911
0.131	0.001	0.080	0.788
0.411	0.063	0.001	0.525
>VACAGGAAGTGG	1-VACAGGAAGTGG	8.797527	-214.116152	0	T:485.0(23.16%),B:3844.4(8.37%),P:1e-92	Tpos:297.0,Tstd:239.7,Bpos:248.2,Bstd:144.7,StrandBias:0.0,Multiplicity:1.22
0.311	0.275	0.282	0.132
0.595	0.021	0.260	0.124
0.121	0.578	0.294	0.007
0.997	0.001	0.001	0.001
0.001	0.001	0.997	0.001
0.001	0.001	0.997	0.001
0.997	0.001	0.001	0.001
0.782	0.001	0.001	0.216
0.255	0.001	0.743	0.001
0.132	0.219	0.001	0.648
0.182	0.216	0.380	0.222
0.259	0.102	0.429	0.210
>GCCCTCTAGTGG	2-GCCCTCTAGTGG	9.564382	-97.746111	0	T:140.0(6.69%),B:748.0(1.63%),P:1e-42	Tpos:268.9,Tstd:165.4,Bpos:241.3,Bstd:146.2,StrandBias:0.1,Multiplicity:1.02
0.109	0.025	0.779	0.087
0.108	0.799	0.092	0.001
0.001	0.871	0.001	0.127
0.222	0.763	0.001	0.014
0.046	0.384	0.026	0.544
0.001	0.957	0.001	0.041
0.019	0.001	0.001	0.979
0.769	0.015	0.115	0.101
0.026	0.143	0.755	0.076
0.157	0.015	0.109	0.719
0.001	0.001	0.948	0.050
0.045	0.045	0.753	0.157
>GGGCGGGGCCKB	3-GGGCGGGGCCKB	7.948968	-55.132046	0	T:510.0(24.36%),B:7223.7(15.72%),P:1e-23	Tpos:387.8,Tstd:301.3,Bpos:244.7,Bstd:164.2,StrandBias:0.1,Multiplicity:1.55
0.050	0.046	0.903	0.001
0.001	0.020	0.978	0.001
0.001	0.014	0.984	0.001
0.203	0.561	0.113	0.123
0.092	0.075	0.810	0.023
0.062	0.083	0.831	0.024
0.214	0.075	0.590	0.121
0.017	0.046	0.759	0.178
0.129	0.586	0.020	0.265
0.093	0.741	0.033	0.133
0.162	0.200	0.257	0.381
0.124	0.281	0.318	0.277
>GTTTCCTGTAAC	4-GTTTCCTGTAAC	9.069765	-45.306857	0	T:117.0(5.59%),B:969.5(2.11%),P:1e-19	Tpos:278.4,Tstd:214.6,Bpos:234.4,Bstd:142.5,StrandBias:0.0,Multiplicity:1.05
0.064	0.095	0.762	0.079
0.062	0.061	0.001	0.876
0.001	0.076	0.059	0.864
0.001	0.001	0.104	0.894
0.029	0.829	0.029	0.113
0.001	0.940	0.001	0.058
0.037	0.001	0.029	0.933
0.029	0.108	0.765	0.098
0.059	0.118	0.130	0.693
0.786	0.113	0.037	0.064
0.798	0.050	0.059	0.093
0.091	0.785	0.045	0.079
>CCAATCAGARAG	5-CCAATCAGARAG	10.141619	-37.542347	0	T:81.0(3.87%),B:602.8(1.31%),P:1e-16	Tpos:311.7,Tstd:257.9,Bpos:241.9,Bstd:146.7,StrandBias:0.1,Multiplicity:1.04
0.001	0.675	0.001	0.323
0.090	0.908	0.001	0.001
0.933	0.065	0.001	0.001
0.671	0.268	0.060	0.001
0.001	0.152	0.001	0.846
0.001	0.742	0.256	0.001
0.997	0.001	0.001	0.001
0.001	0.001	0.997	0.001
0.562	0.297	0.140	0.001
0.418	0.001	0.490	0.091
0.424	0.207	0.210	0.159
0.001	0.319	0.679	0.001
>GCCTGTGGTTTG	6-GCCTGTGGTTTG	9.206265	-34.582150	0	T:126.0(6.02%),B:1256.5(2.73%),P:1e-15	Tpos:287.6,Tstd:208.1,Bpos:238.4,Bstd:138.2,StrandBias:-0.2,Multiplicity:1.01
0.041	0.130	0.770	0.059
0.083	0.748	0.048	0.121
0.050	0.930	0.001	0.019
0.059	0.014	0.020	0.907
0.020	0.060	0.869	0.051
0.077	0.032	0.103	0.788
0.044	0.010	0.900	0.046
0.036	0.032	0.871	0.061
0.022	0.046	0.076	0.856
0.061	0.065	0.050	0.824
0.084	0.020	0.052	0.844
0.097	0.074	0.699	0.130
>ACACTTCCTGCC	7-ACACTTCCTGCC	6.183544	-33.918048	0	T:990.0(47.28%),B:17827.3(38.79%),P:1e-14	Tpos:319.1,Tstd:260.9,Bpos:248.0,Bstd:145.6,StrandBias:-0.0,Multiplicity:1.42
0.676	0.112	0.108	0.104
0.079	0.776	0.086	0.059
0.759	0.094	0.073	0.074
0.059	0.733	0.113	0.095
0.105	0.117	0.039	0.739
0.061	0.098	0.105	0.736
0.061	0.737	0.116	0.086
0.057	0.813	0.051	0.079
0.074	0.081	0.047	0.798
0.082	0.094	0.721	0.103
0.078	0.749	0.088	0.085
0.091	0.765	0.040	0.104
>AAATTTGCATAT	8-AAATTTGCATAT	9.371380	-33.884818	0	T:70.0(3.34%),B:507.2(1.10%),P:1e-14	Tpos:214.4,Tstd:133.7,Bpos:245.5,Bstd:140.1,StrandBias:-0.5,Multiplicity:1.04
0.859	0.042	0.001	0.098
0.615	0.205	0.064	0.116
0.704	0.213	0.032	0.051
0.001	0.023	0.047	0.929
0.014	0.001	0.014	0.971
0.072	0.001	0.023	0.904
0.058	0.059	0.835	0.048
0.039	0.959	0.001	0.001
0.847	0.023	0.001	0.129
0.169	0.066	0.225	0.540
0.686	0.194	0.024	0.096
0.137	0.156	0.048	0.659
>AGTTTCCCGCGC	9-AGTTTCCCGCGC	9.148332	-31.413186	0	T:73.0(3.49%),B:572.6(1.25%),P:1e-13	Tpos:386.0,Tstd:359.6,Bpos:235.9,Bstd:173.8,StrandBias:-0.2,Multiplicity:1.06
0.739	0.134	0.122	0.005
0.001	0.080	0.892	0.027
0.072	0.080	0.098	0.750
0.121	0.089	0.040	0.750
0.040	0.080	0.001	0.879
0.001	0.892	0.001	0.106
0.001	0.852	0.067	0.080
0.120	0.803	0.001	0.076
0.023	0.112	0.864	0.001
0.001	0.809	0.110	0.080
0.001	0.100	0.872	0.027
0.001	0.904	0.001	0.094
>CTAAGCCACACC	10-CTAAGCCACACC	7.029373	-31.079335	0	T:488.0(23.30%),B:7753.7(16.87%),P:1e-13	Tpos:303.9,Tstd:247.7,Bpos:245.8,Bstd:147.7,StrandBias:0.2,Multiplicity:1.18
0.061	0.756	0.081	0.102
0.131	0.128	0.076	0.665
0.642	0.134	0.142	0.082
0.756	0.052	0.125	0.067
0.111	0.115	0.711	0.063
0.080	0.775	0.083	0.062
0.077	0.831	0.031	0.061
0.712	0.138	0.039	0.111
0.054	0.815	0.052	0.079
0.711	0.076	0.084	0.129
0.048	0.832	0.078	0.042
0.092	0.797	0.016	0.095
>GCTAGCCAATCG	11-GCTAGCCAATCG	8.798078	-26.154821	0	T:63.0(3.01%),B:508.9(1.11%),P:1e-11	Tpos:346.5,Tstd:362.6,Bpos:252.7,Bstd:149.1,StrandBias:-0.6,Multiplicity:1.07
0.048	0.125	0.698	0.129
0.001	0.995	0.003	0.001
0.004	0.054	0.125	0.817
0.865	0.001	0.133	0.001
0.048	0.001	0.950	0.001
0.048	0.854	0.097	0.001
0.048	0.950	0.001	0.001
0.758	0.097	0.048	0.097
0.800	0.065	0.038	0.097
0.048	0.048	0.001	0.903
0.038	0.833	0.081	0.048
0.194	0.038	0.590	0.178
>AAACCGGAAGTG	12-AAACCGGAAGTG	11.022852	-24.840986	0	T:30.0(1.43%),B:143.4(0.31%),P:1e-10	Tpos:286.4,Tstd:198.4,Bpos:250.1,Bstd:141.9,StrandBias:-0.6,Multiplicity:1.00
0.663	0.243	0.001	0.093
0.997	0.001	0.001	0.001
0.666	0.332	0.001	0.001
0.384	0.614	0.001	0.001
0.001	0.772	0.080	0.147
0.048	0.001	0.950	0.001
0.001	0.001	0.997	0.001
0.997	0.001	0.001	0.001
0.997	0.001	0.001	0.001
0.144	0.093	0.762	0.001
0.001	0.001	0.231	0.767
0.001	0.167	0.831	0.001
>AGGAACCTCAAC	13-AGGAACCTCAAC	10.958957	-22.126295	0	T:16.0(0.76%),B:42.9(0.09%),P:1e-9	Tpos:272.2,Tstd:155.9,Bpos:244.4,Bstd:143.6,StrandBias:-1.1,Multiplicity:1.00
0.907	0.012	0.060	0.021
0.058	0.033	0.876	0.033
0.159	0.048	0.633	0.160
0.793	0.061	0.068	0.078
0.836	0.048	0.084	0.032
0.329	0.591	0.040	0.040
0.040	0.664	0.219	0.077
0.040	0.239	0.052	0.669
0.290	0.613	0.096	0.001
0.661	0.052	0.001	0.286
0.603	0.023	0.058	0.316
0.057	0.646	0.268	0.029
>GGCTGTGACGTC	14-GGCTGTGACGTC	9.606084	-21.705529	0	T:75.0(3.58%),B:738.7(1.61%),P:1e-9	Tpos:276.6,Tstd:199.6,Bpos:238.2,Bstd:147.2,StrandBias:-0.4,Multiplicity:1.04
0.065	0.001	0.904	0.030
0.106	0.065	0.770	0.059
0.076	0.874	0.005	0.045
0.030	0.091	0.030	0.849
0.001	0.174	0.799	0.026
0.045	0.001	0.080	0.874
0.001	0.089	0.909	0.001
0.935	0.051	0.001	0.013
0.108	0.685	0.069	0.138
0.069	0.125	0.665	0.141
0.064	0.066	0.001	0.869
0.001	0.833	0.110	0.056
>CTGGGAGTCAGA	15-CTGGGAGTCAGA	11.114954	-21.332589	0	T:29.0(1.38%),B:156.1(0.34%),P:1e-9	Tpos:252.3,Tstd:215.1,Bpos:248.3,Bstd:124.4,StrandBias:0.0,Multiplicity:1.00
0.001	0.997	0.001	0.001
0.001	0.001	0.089	0.909
0.090	0.001	0.819	0.090
0.052	0.001	0.905	0.042
0.001	0.001	0.997	0.001
0.909	0.001	0.089	0.001
0.053	0.039	0.848	0.060
0.021	0.017	0.064	0.898
0.001	0.867	0.042	0.090
0.997	0.001	0.001	0.001
0.046	0.001	0.952	0.001
0.920	0.047	0.032	0.001
>TCGCGATCGGAA	16-TCGCGATCGGAA	11.342961	-21.208139	0	T:9.0(0.43%),B:9.2(0.02%),P:1e-9	Tpos:215.5,Tstd:122.9,Bpos:240.7,Bstd:213.7,StrandBias:0.6,Multiplicity:1.11
0.001	0.001	0.136	0.862
0.001	0.997	0.001	0.001
0.001	0.001	0.862	0.136
0.001	0.862	0.136	0.001
0.273	0.158	0.568	0.001
0.590	0.136	0.273	0.001
0.001	0.001	0.001	0.997
0.001	0.862	0.136	0.001
0.001	0.001	0.997	0.001
0.001	0.157	0.841	0.001
0.727	0.136	0.136	0.001
0.862	0.136	0.001	0.001
>TTACAGTTTCAC	17-TTACAGTTTCAC	7.077554	-20.383601	0	T:301.0(14.37%),B:4693.8(10.21%),P:1e-8	Tpos:279.7,Tstd:208.2,Bpos:244.6,Bstd:148.6,StrandBias:0.2,Multiplicity:1.14
0.081	0.080	0.080	0.759
0.084	0.115	0.087	0.714
0.704	0.067	0.083	0.146
0.074	0.759	0.073	0.094
0.848	0.030	0.029	0.093
0.054	0.095	0.710	0.141
0.100	0.090	0.048	0.762
0.041	0.118	0.085	0.756
0.105	0.068	0.055	0.772
0.069	0.777	0.057	0.097
0.747	0.119	0.025	0.109
0.089	0.694	0.110	0.107
>ACTTCCTGTGCT	18-ACTTCCTGTGCT	10.438506	-20.023401	0	T:57.0(2.72%),B:511.6(1.11%),P:1e-8	Tpos:284.7,Tstd:215.9,Bpos:256.6,Bstd:140.2,StrandBias:-0.1,Multiplicity:1.03
0.656	0.155	0.073	0.116
0.001	0.856	0.001	0.142
0.001	0.013	0.001	0.985
0.143	0.049	0.001	0.807
0.043	0.778	0.058	0.121
0.107	0.771	0.001	0.121
0.001	0.001	0.042	0.956
0.192	0.092	0.673	0.043
0.042	0.001	0.151	0.806
0.085	0.001	0.853	0.061
0.022	0.849	0.115	0.014
0.027	0.001	0.001	0.971
>TTTAGGGATGGG	19-TTTAGGGATGGG	12.574152	-17.882811	0	T:12.0(0.57%),B:29.8(0.06%),P:1e-7	Tpos:254.2,Tstd:110.8,Bpos:261.2,Bstd:127.3,StrandBias:0.0,Multiplicity:1.00
0.001	0.001	0.001	0.997
0.001	0.100	0.032	0.867
0.149	0.001	0.001	0.849
0.849	0.001	0.001	0.149
0.345	0.001	0.653	0.001
0.001	0.001	0.849	0.149
0.001	0.001	0.997	0.001
0.898	0.100	0.001	0.001
0.001	0.001	0.149	0.849
0.149	0.001	0.849	0.001
0.001	0.001	0.997	0.001
0.001	0.302	0.696	0.001
>ATGACCACAAGG	20-ATGACCACAAGG	16.206144	-16.845149	0	T:5.0(0.24%),B:2.2(0.00%),P:1e-7	Tpos:261.5,Tstd:155.0,Bpos:59.6,Bstd:28.5,StrandBias:0.0,Multiplicity:1.00
0.997	0.001	0.001	0.001
0.001	0.001	0.001	0.997
0.001	0.001	0.997	0.001
0.997	0.001	0.001	0.001
0.001	0.997	0.001	0.001
0.001	0.997	0.001	0.001
0.819	0.001	0.001	0.179
0.001	0.819	0.179	0.001
0.997	0.001	0.001	0.001
0.997	0.001	0.001	0.001
0.001	0.001	0.997	0.001
0.001	0.001	0.997	0.001
>TTTGGGCTCCAG	21-TTTGGGCTCCAG	10.879617	-16.584585	0	T:42.0(2.01%),B:357.2(0.78%),P:1e-7	Tpos:293.0,Tstd:187.3,Bpos:242.7,Bstd:137.8,StrandBias:-0.6,Multiplicity:1.02
0.098	0.032	0.001	0.869
0.001	0.291	0.056	0.652
0.001	0.001	0.001	0.997
0.258	0.001	0.512	0.229
0.001	0.001	0.760	0.238
0.112	0.209	0.678	0.001
0.001	0.997	0.001	0.001
0.001	0.001	0.001	0.997
0.001	0.895	0.103	0.001
0.032	0.763	0.001	0.204
0.812	0.001	0.017	0.170
0.001	0.001	0.875	0.123
>CTGTAGACAAGG	22-CTGTAGACAAGG	12.355432	-15.571623	0	T:4.0(0.19%),B:1.9(0.00%),P:1e-6	Tpos:225.8,Tstd:67.2,Bpos:27.0,Bstd:0.0,StrandBias:0.0,Multiplicity:1.00
0.100	0.700	0.100	0.100
0.100	0.100	0.100	0.700
0.100	0.100	0.700	0.100
0.100	0.100	0.100	0.700
0.700	0.100	0.100	0.100
0.100	0.100	0.700	0.100
0.700	0.100	0.100	0.100
0.100	0.700	0.100	0.100
0.700	0.100	0.100	0.100
0.700	0.100	0.100	0.100
0.100	0.100	0.700	0.100
0.100	0.100	0.700	0.100
>AGCTAAGCCACA	23-AGCTAAGCCACA	6.517702	-14.082563	0	T:787.0(37.58%),B:14972.8(32.58%),P:1e-6	Tpos:308.6,Tstd:256.5,Bpos:247.8,Bstd:146.3,StrandBias:-0.0,Multiplicity:1.30
0.700	0.100	0.100	0.100
0.100	0.100	0.700	0.100
0.100	0.700	0.100	0.100
0.100	0.100	0.100	0.700
0.700	0.100	0.100	0.100
0.700	0.100	0.100	0.100
0.100	0.100	0.700	0.100
0.100	0.700	0.100	0.100
0.100	0.700	0.100	0.100
0.700	0.100	0.100	0.100
0.100	0.700	0.100	0.100
0.700	0.100	0.100	0.100
>DTTTTTTTTTTD	24-DTTTTTTTTTTD	10.250777	-12.523970	0	T:111.0(5.30%),B:1550.8(3.37%),P:1e-5	Tpos:314.7,Tstd:220.9,Bpos:245.9,Bstd:167.3,StrandBias:-0.8,Multiplicity:1.09
0.293	0.143	0.347	0.217
0.125	0.256	0.118	0.501
0.014	0.218	0.033	0.735
0.035	0.037	0.045	0.883
0.027	0.048	0.046	0.879
0.031	0.040	0.295	0.634
0.042	0.034	0.179	0.745
0.252	0.024	0.022	0.702
0.034	0.040	0.036	0.890
0.093	0.269	0.076	0.562
0.153	0.033	0.146	0.668
0.330	0.042	0.240	0.388
>GTCATCCCCCTG	25-GTCATCCCCCTG	16.407683	-10.135183	0	T:4.0(0.19%),B:4.8(0.01%),P:1e-4	Tpos:345.9,Tstd:287.1,Bpos:288.2,Bstd:137.3,StrandBias:-3.9,Multiplicity:4.00
0.001	0.001	0.997	0.001
0.001	0.001	0.001	0.997
0.001	0.997	0.001	0.001
0.997	0.001	0.001	0.001
0.001	0.001	0.001	0.997
0.001	0.823	0.001	0.175
0.001	0.997	0.001	0.001
0.001	0.997	0.001	0.001
0.001	0.997	0.001	0.001
0.001	0.997	0.001	0.001
0.001	0.001	0.001	0.997
0.001	0.001	0.997	0.001
>CAGGAAGT	1-CAGGAAGT	6.650954	-179.045694	0	T:824.0(39.35%),B:9775.1(21.27%),P:1e-77	Tpos:308.0,Tstd:254.5,Bpos:245.4,Bstd:145.2,StrandBias:0.2,Multiplicity:1.40
0.072	0.813	0.114	0.001
0.938	0.060	0.001	0.001
0.001	0.001	0.997	0.001
0.001	0.001	0.997	0.001
0.997	0.001	0.001	0.001
0.908	0.001	0.001	0.090
0.172	0.001	0.826	0.001
0.001	0.100	0.001	0.898
>ACCGGAWA	2-ACCGGAWA	5.038097	-120.650419	0	T:936.0(44.70%),B:13278.7(28.89%),P:1e-52	Tpos:293.3,Tstd:247.2,Bpos:245.5,Bstd:156.3,StrandBias:-0.1,Multiplicity:1.35
0.621	0.044	0.064	0.271
0.146	0.448	0.262	0.143
0.169	0.768	0.062	0.001
0.040	0.088	0.871	0.001
0.076	0.197	0.567	0.160
0.731	0.098	0.076	0.095
0.495	0.011	0.073	0.421
0.612	0.062	0.280	0.046
>TGTGGTTT	3-TGTGGTTT	7.218427	-73.896865	0	T:489.0(23.35%),B:6287.8(13.68%),P:1e-32	Tpos:277.8,Tstd:214.9,Bpos:247.1,Bstd:149.0,StrandBias:-0.2,Multiplicity:1.17
0.039	0.028	0.055	0.878
0.017	0.001	0.948	0.034
0.001	0.067	0.028	0.904
0.001	0.006	0.992	0.001
0.001	0.023	0.975	0.001
0.001	0.097	0.105	0.797
0.001	0.001	0.001	0.997
0.123	0.036	0.040	0.801
>CCCGCCCA	4-CCCGCCCA	7.189742	-53.511408	0	T:530.0(25.31%),B:7648.0(16.64%),P:1e-23	Tpos:350.2,Tstd:300.2,Bpos:245.9,Bstd:155.1,StrandBias:0.1,Multiplicity:1.30
0.001	0.588	0.001	0.410
0.360	0.638	0.001	0.001
0.001	0.997	0.001	0.001
0.137	0.001	0.861	0.001
0.001	0.997	0.001	0.001
0.001	0.997	0.001	0.001
0.001	0.706	0.001	0.292
0.997	0.001	0.001	0.001
>CCCGCCCT	5-CCCGCCCT	7.120438	-43.514512	0	T:657.0(31.38%),B:10477.4(22.80%),P:1e-18	Tpos:372.9,Tstd:298.1,Bpos:243.3,Bstd:168.2,StrandBias:0.0,Multiplicity:1.94
0.028	0.867	0.001	0.104
0.023	0.975	0.001	0.001
0.001	0.997	0.001	0.001
0.001	0.001	0.908	0.090
0.001	0.951	0.031	0.017
0.001	0.875	0.066	0.058
0.026	0.864	0.015	0.095
0.001	0.286	0.067	0.646
>GTGACTCA	6-GTGACTCA	7.386403	-43.193485	0	T:260.0(12.42%),B:3182.8(6.93%),P:1e-18	Tpos:278.1,Tstd:237.2,Bpos:242.6,Bstd:145.8,StrandBias:-0.0,Multiplicity:1.14
0.161	0.241	0.597	0.001
0.001	0.001	0.001	0.997
0.001	0.001	0.997	0.001
0.997	0.001	0.001	0.001
0.042	0.729	0.228	0.001
0.001	0.001	0.001	0.997
0.001	0.997	0.001	0.001
0.997	0.001	0.001	0.001
>CCAATVRG	7-CCAATVRG	6.877041	-38.819001	0	T:554.0(26.46%),B:8676.6(18.88%),P:1e-16	Tpos:305.5,Tstd:241.1,Bpos:246.3,Bstd:149.2,StrandBias:0.1,Multiplicity:1.28
0.001	0.990	0.002	0.007
0.039	0.924	0.015	0.022
0.991	0.001	0.007	0.001
0.784	0.214	0.001	0.001
0.001	0.001	0.001	0.997
0.393	0.267	0.339	0.001
0.477	0.006	0.515	0.002
0.378	0.008	0.590	0.024
>TACGTCAC	8-TACGTCAC	7.507088	-35.109622	0	T:169.0(8.07%),B:1900.0(4.13%),P:1e-15	Tpos:296.6,Tstd:228.0,Bpos:240.9,Bstd:158.1,StrandBias:0.2,Multiplicity:1.06
0.001	0.030	0.301	0.668
0.997	0.001	0.001	0.001
0.001	0.933	0.001	0.065
0.148	0.034	0.817	0.001
0.001	0.014	0.011	0.974
0.011	0.945	0.043	0.001
0.970	0.001	0.009	0.020
0.008	0.751	0.232	0.009
>AGATTGCG	9-AGATTGCG	7.186192	-24.117074	0	T:110.0(5.25%),B:1217.8(2.65%),P:1e-10	Tpos:334.2,Tstd:263.8,Bpos:240.3,Bstd:153.0,StrandBias:0.4,Multiplicity:1.03
0.853	0.025	0.060	0.062
0.014	0.010	0.975	0.001
0.892	0.001	0.094	0.013
0.013	0.001	0.033	0.953
0.112	0.075	0.001	0.812
0.047	0.034	0.918	0.001
0.034	0.964	0.001	0.001
0.158	0.030	0.775	0.037
>GCCCCGGA	10-GCCCCGGA	9.799922	-19.626759	0	T:136.0(6.49%),B:1751.5(3.81%),P:1e-8	Tpos:365.4,Tstd:263.1,Bpos:254.6,Bstd:181.6,StrandBias:-0.4,Multiplicity:1.15
0.001	0.001	0.997	0.001
0.001	0.997	0.001	0.001
0.001	0.997	0.001	0.001
0.001	0.717	0.281	0.001
0.001	0.997	0.001	0.001
0.001	0.001	0.997	0.001
0.001	0.001	0.997	0.001
0.997	0.001	0.001	0.001
>TTTGCATA	11-TTTGCATA	10.763251	-18.327402	0	T:57.0(2.72%),B:537.1(1.17%),P:1e-7	Tpos:282.0,Tstd:234.5,Bpos:242.0,Bstd:143.8,StrandBias:-0.2,Multiplicity:1.07
0.001	0.001	0.123	0.875
0.001	0.001	0.001	0.997
0.001	0.001	0.001	0.997
0.001	0.001	0.997	0.001
0.001	0.997	0.001	0.001
0.997	0.001	0.001	0.001
0.001	0.001	0.001	0.997
0.839	0.001	0.159	0.001
>TTCGCGCG	12-TTCGCGCG	5.961519	-17.552228	0	T:281.0(13.42%),B:4453.6(9.69%),P:1e-7	Tpos:397.3,Tstd:321.8,Bpos:246.6,Bstd:188.1,StrandBias:-0.0,Multiplicity:1.45
0.071	0.146	0.075	0.708
0.068	0.089	0.141	0.702
0.059	0.709	0.109	0.123
0.091	0.078	0.767	0.064
0.093	0.796	0.072	0.039
0.071	0.058	0.768	0.103
0.050	0.839	0.095	0.016
0.028	0.187	0.717	0.068
>ATTTCTAG	13-ATTTCTAG	9.096041	-14.327612	0	T:63.0(3.01%),B:700.7(1.52%),P:1e-6	Tpos:311.5,Tstd:254.3,Bpos:245.1,Bstd:139.8,StrandBias:-0.3,Multiplicity:1.00
0.997	0.001	0.001	0.001
0.001	0.001	0.001	0.997
0.001	0.001	0.001	0.997
0.001	0.001	0.001	0.997
0.001	0.997	0.001	0.001
0.001	0.001	0.139	0.859
0.997	0.001	0.001	0.001
0.001	0.001	0.997	0.001
>TTTTTTTT	14-TTTTTTTT	8.236954	-8.001600	0	T:192.0(9.17%),B:3290.7(7.16%),P:1e-3	Tpos:318.4,Tstd:227.9,Bpos:244.6,Bstd:165.0,StrandBias:-0.5,Multiplicity:1.10
0.100	0.100	0.100	0.700
0.100	0.100	0.100	0.700
0.100	0.100	0.100	0.700
0.100	0.100	0.100	0.700
0.100	0.100	0.100	0.700
0.100	0.100	0.100	0.700
0.100	0.100	0.100	0.700
0.100	0.100	0.100	0.700
