>VACAGGAAGTGG	1-VACAGGAAGTGG	8.797527	-214.116152	0	T:485.0(23.16%),B:3844.4(8.37%),P:1e-92	Tpos:297.0,Tstd:239.7,Bpos:248.2,Bstd:144.7,StrandBias:0.0,Multiplicity:1.22
0.311	0.275	0.282	0.132
0.595	0.021	0.260	0.124
0.121	0.578	0.294	0.007
0.997	0.001	0.001	0.001
0.001	0.001	0.997	0.001
0.001	0.001	0.997	0.001
0.997	0.001	0.001	0.001
0.782	0.001	0.001	0.216
0.255	0.001	0.743	0.001
0.132	0.219	0.001	0.648
0.182	0.216	0.380	0.222
0.259	0.102	0.429	0.210
>GCCCTCTAGTGG	2-GCCCTCTAGTGG	9.564382	-97.746111	0	T:140.0(6.69%),B:748.0(1.63%),P:1e-42	Tpos:268.9,Tstd:165.4,Bpos:241.3,Bstd:146.2,StrandBias:0.1,Multiplicity:1.02
0.109	0.025	0.779	0.087
0.108	0.799	0.092	0.001
0.001	0.871	0.001	0.127
0.222	0.763	0.001	0.014
0.046	0.384	0.026	0.544
0.001	0.957	0.001	0.041
0.019	0.001	0.001	0.979
0.769	0.015	0.115	0.101
0.026	0.143	0.755	0.076
0.157	0.015	0.109	0.719
0.001	0.001	0.948	0.050
0.045	0.045	0.753	0.157
>GGGCGGGGCCKB	3-GGGCGGGGCCKB	7.948968	-55.132046	0	T:510.0(24.36%),B:7223.7(15.72%),P:1e-23	Tpos:387.8,Tstd:301.3,Bpos:244.7,Bstd:164.2,StrandBias:0.1,Multiplicity:1.55
0.050	0.046	0.903	0.001
0.001	0.020	0.978	0.001
0.001	0.014	0.984	0.001
0.203	0.561	0.113	0.123
0.092	0.075	0.810	0.023
0.062	0.083	0.831	0.024
0.214	0.075	0.590	0.121
0.017	0.046	0.759	0.178
0.129	0.586	0.020	0.265
0.093	0.741	0.033	0.133
0.162	0.200	0.257	0.381
0.124	0.281	0.318	0.277
>GTTTCCTGTAAC	4-GTTTCCTGTAAC	9.069765	-45.306857	0	T:117.0(5.59%),B:969.5(2.11%),P:1e-19	Tpos:278.4,Tstd:214.6,Bpos:234.4,Bstd:142.5,StrandBias:0.0,Multiplicity:1.05
0.064	0.095	0.762	0.079
0.062	0.061	0.001	0.876
0.001	0.076	0.059	0.864
0.001	0.001	0.104	0.894
0.029	0.829	0.029	0.113
0.001	0.940	0.001	0.058
0.037	0.001	0.029	0.933
0.029	0.108	0.765	0.098
0.059	0.118	0.130	0.693
0.786	0.113	0.037	0.064
0.798	0.050	0.059	0.093
0.091	0.785	0.045	0.079
>CCAATCAGARAG	5-CCAATCAGARAG	10.141619	-37.542347	0	T:81.0(3.87%),B:602.8(1.31%),P:1e-16	Tpos:311.7,Tstd:257.9,Bpos:241.9,Bstd:146.7,StrandBias:0.1,Multiplicity:1.04
0.001	0.675	0.001	0.323
0.090	0.908	0.001	0.001
0.933	0.065	0.001	0.001
0.671	0.268	0.060	0.001
0.001	0.152	0.001	0.846
0.001	0.742	0.256	0.001
0.997	0.001	0.001	0.001
0.001	0.001	0.997	0.001
0.562	0.297	0.140	0.001
0.418	0.001	0.490	0.091
0.424	0.207	0.210	0.159
0.001	0.319	0.679	0.001
>GCCTGTGGTTTG	6-GCCTGTGGTTTG	9.206265	-34.582150	0	T:126.0(6.02%),B:1256.5(2.73%),P:1e-15	Tpos:287.6,Tstd:208.1,Bpos:238.4,Bstd:138.2,StrandBias:-0.2,Multiplicity:1.01
0.041	0.130	0.770	0.059
0.083	0.748	0.048	0.121
0.050	0.930	0.001	0.019
0.059	0.014	0.020	0.907
0.020	0.060	0.869	0.051
0.077	0.032	0.103	0.788
0.044	0.010	0.900	0.046
0.036	0.032	0.871	0.061
0.022	0.046	0.076	0.856
0.061	0.065	0.050	0.824
0.084	0.020	0.052	0.844
0.097	0.074	0.699	0.130
>ACACTTCCTGCC	7-ACACTTCCTGCC	6.183544	-33.918048	0	T:990.0(47.28%),B:17827.3(38.79%),P:1e-14	Tpos:319.1,Tstd:260.9,Bpos:248.0,Bstd:145.6,StrandBias:-0.0,Multiplicity:1.42
0.676	0.112	0.108	0.104
0.079	0.776	0.086	0.059
0.759	0.094	0.073	0.074
0.059	0.733	0.113	0.095
0.105	0.117	0.039	0.739
0.061	0.098	0.105	0.736
0.061	0.737	0.116	0.086
0.057	0.813	0.051	0.079
0.074	0.081	0.047	0.798
0.082	0.094	0.721	0.103
0.078	0.749	0.088	0.085
0.091	0.765	0.040	0.104
>AAATTTGCATAT	8-AAATTTGCATAT	9.371380	-33.884818	0	T:70.0(3.34%),B:507.2(1.10%),P:1e-14	Tpos:214.4,Tstd:133.7,Bpos:245.5,Bstd:140.1,StrandBias:-0.5,Multiplicity:1.04
0.859	0.042	0.001	0.098
0.615	0.205	0.064	0.116
0.704	0.213	0.032	0.051
0.001	0.023	0.047	0.929
0.014	0.001	0.014	0.971
0.072	0.001	0.023	0.904
0.058	0.059	0.835	0.048
0.039	0.959	0.001	0.001
0.847	0.023	0.001	0.129
0.169	0.066	0.225	0.540
0.686	0.194	0.024	0.096
0.137	0.156	0.048	0.659
>AGTTTCCCGCGC	9-AGTTTCCCGCGC	9.148332	-31.413186	0	T:73.0(3.49%),B:572.6(1.25%),P:1e-13	Tpos:386.0,Tstd:359.6,Bpos:235.9,Bstd:173.8,StrandBias:-0.2,Multiplicity:1.06
0.739	0.134	0.122	0.005
0.001	0.080	0.892	0.027
0.072	0.080	0.098	0.750
0.121	0.089	0.040	0.750
0.040	0.080	0.001	0.879
0.001	0.892	0.001	0.106
0.001	0.852	0.067	0.080
0.120	0.803	0.001	0.076
0.023	0.112	0.864	0.001
0.001	0.809	0.110	0.080
0.001	0.100	0.872	0.027
0.001	0.904	0.001	0.094
>CTAAGCCACACC	10-CTAAGCCACACC	7.029373	-31.079335	0	T:488.0(23.30%),B:7753.7(16.87%),P:1e-13	Tpos:303.9,Tstd:247.7,Bpos:245.8,Bstd:147.7,StrandBias:0.2,Multiplicity:1.18
0.061	0.756	0.081	0.102
0.131	0.128	0.076	0.665
0.642	0.134	0.142	0.082
0.756	0.052	0.125	0.067
0.111	0.115	0.711	0.063
0.080	0.775	0.083	0.062
0.077	0.831	0.031	0.061
0.712	0.138	0.039	0.111
0.054	0.815	0.052	0.079
0.711	0.076	0.084	0.129
0.048	0.832	0.078	0.042
0.092	0.797	0.016	0.095
>GCTAGCCAATCG	11-GCTAGCCAATCG	8.798078	-26.154821	0	T:63.0(3.01%),B:508.9(1.11%),P:1e-11	Tpos:346.5,Tstd:362.6,Bpos:252.7,Bstd:149.1,StrandBias:-0.6,Multiplicity:1.07
0.048	0.125	0.698	0.129
0.001	0.995	0.003	0.001
0.004	0.054	0.125	0.817
0.865	0.001	0.133	0.001
0.048	0.001	0.950	0.001
0.048	0.854	0.097	0.001
0.048	0.950	0.001	0.001
0.758	0.097	0.048	0.097
0.800	0.065	0.038	0.097
0.048	0.048	0.001	0.903
0.038	0.833	0.081	0.048
0.194	0.038	0.590	0.178
>AAACCGGAAGTG	12-AAACCGGAAGTG	11.022852	-24.840986	0	T:30.0(1.43%),B:143.4(0.31%),P:1e-10	Tpos:286.4,Tstd:198.4,Bpos:250.1,Bstd:141.9,StrandBias:-0.6,Multiplicity:1.00
0.663	0.243	0.001	0.093
0.997	0.001	0.001	0.001
0.666	0.332	0.001	0.001
0.384	0.614	0.001	0.001
0.001	0.772	0.080	0.147
0.048	0.001	0.950	0.001
0.001	0.001	0.997	0.001
0.997	0.001	0.001	0.001
0.997	0.001	0.001	0.001
0.144	0.093	0.762	0.001
0.001	0.001	0.231	0.767
0.001	0.167	0.831	0.001
>AGGAACCTCAAC	13-AGGAACCTCAAC	10.958957	-22.126295	0	T:16.0(0.76%),B:42.9(0.09%),P:1e-9	Tpos:272.2,Tstd:155.9,Bpos:244.4,Bstd:143.6,StrandBias:-1.1,Multiplicity:1.00
0.907	0.012	0.060	0.021
0.058	0.033	0.876	0.033
0.159	0.048	0.633	0.160
0.793	0.061	0.068	0.078
0.836	0.048	0.084	0.032
0.329	0.591	0.040	0.040
0.040	0.664	0.219	0.077
0.040	0.239	0.052	0.669
0.290	0.613	0.096	0.001
0.661	0.052	0.001	0.286
0.603	0.023	0.058	0.316
0.057	0.646	0.268	0.029
>GGCTGTGACGTC	14-GGCTGTGACGTC	9.606084	-21.705529	0	T:75.0(3.58%),B:738.7(1.61%),P:1e-9	Tpos:276.6,Tstd:199.6,Bpos:238.2,Bstd:147.2,StrandBias:-0.4,Multiplicity:1.04
0.065	0.001	0.904	0.030
0.106	0.065	0.770	0.059
0.076	0.874	0.005	0.045
0.030	0.091	0.030	0.849
0.001	0.174	0.799	0.026
0.045	0.001	0.080	0.874
0.001	0.089	0.909	0.001
0.935	0.051	0.001	0.013
0.108	0.685	0.069	0.138
0.069	0.125	0.665	0.141
0.064	0.066	0.001	0.869
0.001	0.833	0.110	0.056
>CTGGGAGTCAGA	15-CTGGGAGTCAGA	11.114954	-21.332589	0	T:29.0(1.38%),B:156.1(0.34%),P:1e-9	Tpos:252.3,Tstd:215.1,Bpos:248.3,Bstd:124.4,StrandBias:0.0,Multiplicity:1.00
0.001	0.997	0.001	0.001
0.001	0.001	0.089	0.909
0.090	0.001	0.819	0.090
0.052	0.001	0.905	0.042
0.001	0.001	0.997	0.001
0.909	0.001	0.089	0.001
0.053	0.039	0.848	0.060
0.021	0.017	0.064	0.898
0.001	0.867	0.042	0.090
0.997	0.001	0.001	0.001
0.046	0.001	0.952	0.001
0.920	0.047	0.032	0.001
>TCGCGATCGGAA	16-TCGCGATCGGAA	11.342961	-21.208139	0	T:9.0(0.43%),B:9.2(0.02%),P:1e-9	Tpos:215.5,Tstd:122.9,Bpos:240.7,Bstd:213.7,StrandBias:0.6,Multiplicity:1.11
0.001	0.001	0.136	0.862
0.001	0.997	0.001	0.001
0.001	0.001	0.862	0.136
0.001	0.862	0.136	0.001
0.273	0.158	0.568	0.001
0.590	0.136	0.273	0.001
0.001	0.001	0.001	0.997
0.001	0.862	0.136	0.001
0.001	0.001	0.997	0.001
0.001	0.157	0.841	0.001
0.727	0.136	0.136	0.001
0.862	0.136	0.001	0.001
>TTACAGTTTCAC	17-TTACAGTTTCAC	7.077554	-20.383601	0	T:301.0(14.37%),B:4693.8(10.21%),P:1e-8	Tpos:279.7,Tstd:208.2,Bpos:244.6,Bstd:148.6,StrandBias:0.2,Multiplicity:1.14
0.081	0.080	0.080	0.759
0.084	0.115	0.087	0.714
0.704	0.067	0.083	0.146
0.074	0.759	0.073	0.094
0.848	0.030	0.029	0.093
0.054	0.095	0.710	0.141
0.100	0.090	0.048	0.762
0.041	0.118	0.085	0.756
0.105	0.068	0.055	0.772
0.069	0.777	0.057	0.097
0.747	0.119	0.025	0.109
0.089	0.694	0.110	0.107
>ACTTCCTGTGCT	18-ACTTCCTGTGCT	10.438506	-20.023401	0	T:57.0(2.72%),B:511.6(1.11%),P:1e-8	Tpos:284.7,Tstd:215.9,Bpos:256.6,Bstd:140.2,StrandBias:-0.1,Multiplicity:1.03
0.656	0.155	0.073	0.116
0.001	0.856	0.001	0.142
0.001	0.013	0.001	0.985
0.143	0.049	0.001	0.807
0.043	0.778	0.058	0.121
0.107	0.771	0.001	0.121
0.001	0.001	0.042	0.956
0.192	0.092	0.673	0.043
0.042	0.001	0.151	0.806
0.085	0.001	0.853	0.061
0.022	0.849	0.115	0.014
0.027	0.001	0.001	0.971
>TTTAGGGATGGG	19-TTTAGGGATGGG	12.574152	-17.882811	0	T:12.0(0.57%),B:29.8(0.06%),P:1e-7	Tpos:254.2,Tstd:110.8,Bpos:261.2,Bstd:127.3,StrandBias:0.0,Multiplicity:1.00
0.001	0.001	0.001	0.997
0.001	0.100	0.032	0.867
0.149	0.001	0.001	0.849
0.849	0.001	0.001	0.149
0.345	0.001	0.653	0.001
0.001	0.001	0.849	0.149
0.001	0.001	0.997	0.001
0.898	0.100	0.001	0.001
0.001	0.001	0.149	0.849
0.149	0.001	0.849	0.001
0.001	0.001	0.997	0.001
0.001	0.302	0.696	0.001
>ATGACCACAAGG	20-ATGACCACAAGG	16.206144	-16.845149	0	T:5.0(0.24%),B:2.2(0.00%),P:1e-7	Tpos:261.5,Tstd:155.0,Bpos:59.6,Bstd:28.5,StrandBias:0.0,Multiplicity:1.00
0.997	0.001	0.001	0.001
0.001	0.001	0.001	0.997
0.001	0.001	0.997	0.001
0.997	0.001	0.001	0.001
0.001	0.997	0.001	0.001
0.001	0.997	0.001	0.001
0.819	0.001	0.001	0.179
0.001	0.819	0.179	0.001
0.997	0.001	0.001	0.001
0.997	0.001	0.001	0.001
0.001	0.001	0.997	0.001
0.001	0.001	0.997	0.001
>TTTGGGCTCCAG	21-TTTGGGCTCCAG	10.879617	-16.584585	0	T:42.0(2.01%),B:357.2(0.78%),P:1e-7	Tpos:293.0,Tstd:187.3,Bpos:242.7,Bstd:137.8,StrandBias:-0.6,Multiplicity:1.02
0.098	0.032	0.001	0.869
0.001	0.291	0.056	0.652
0.001	0.001	0.001	0.997
0.258	0.001	0.512	0.229
0.001	0.001	0.760	0.238
0.112	0.209	0.678	0.001
0.001	0.997	0.001	0.001
0.001	0.001	0.001	0.997
0.001	0.895	0.103	0.001
0.032	0.763	0.001	0.204
0.812	0.001	0.017	0.170
0.001	0.001	0.875	0.123
>CTGTAGACAAGG	22-CTGTAGACAAGG	12.355432	-15.571623	0	T:4.0(0.19%),B:1.9(0.00%),P:1e-6	Tpos:225.8,Tstd:67.2,Bpos:27.0,Bstd:0.0,StrandBias:0.0,Multiplicity:1.00
0.100	0.700	0.100	0.100
0.100	0.100	0.100	0.700
0.100	0.100	0.700	0.100
0.100	0.100	0.100	0.700
0.700	0.100	0.100	0.100
0.100	0.100	0.700	0.100
0.700	0.100	0.100	0.100
0.100	0.700	0.100	0.100
0.700	0.100	0.100	0.100
0.700	0.100	0.100	0.100
0.100	0.100	0.700	0.100
0.100	0.100	0.700	0.100
>AGCTAAGCCACA	23-AGCTAAGCCACA	6.517702	-14.082563	0	T:787.0(37.58%),B:14972.8(32.58%),P:1e-6	Tpos:308.6,Tstd:256.5,Bpos:247.8,Bstd:146.3,StrandBias:-0.0,Multiplicity:1.30
0.700	0.100	0.100	0.100
0.100	0.100	0.700	0.100
0.100	0.700	0.100	0.100
0.100	0.100	0.100	0.700
0.700	0.100	0.100	0.100
0.700	0.100	0.100	0.100
0.100	0.100	0.700	0.100
0.100	0.700	0.100	0.100
0.100	0.700	0.100	0.100
0.700	0.100	0.100	0.100
0.100	0.700	0.100	0.100
0.700	0.100	0.100	0.100
>DTTTTTTTTTTD	24-DTTTTTTTTTTD	10.250777	-12.523970	0	T:111.0(5.30%),B:1550.8(3.37%),P:1e-5	Tpos:314.7,Tstd:220.9,Bpos:245.9,Bstd:167.3,StrandBias:-0.8,Multiplicity:1.09
0.293	0.143	0.347	0.217
0.125	0.256	0.118	0.501
0.014	0.218	0.033	0.735
0.035	0.037	0.045	0.883
0.027	0.048	0.046	0.879
0.031	0.040	0.295	0.634
0.042	0.034	0.179	0.745
0.252	0.024	0.022	0.702
0.034	0.040	0.036	0.890
0.093	0.269	0.076	0.562
0.153	0.033	0.146	0.668
0.330	0.042	0.240	0.388
>GTCATCCCCCTG	25-GTCATCCCCCTG	16.407683	-10.135183	0	T:4.0(0.19%),B:4.8(0.01%),P:1e-4	Tpos:345.9,Tstd:287.1,Bpos:288.2,Bstd:137.3,StrandBias:-3.9,Multiplicity:4.00
0.001	0.001	0.997	0.001
0.001	0.001	0.001	0.997
0.001	0.997	0.001	0.001
0.997	0.001	0.001	0.001
0.001	0.001	0.001	0.997
0.001	0.823	0.001	0.175
0.001	0.997	0.001	0.001
0.001	0.997	0.001	0.001
0.001	0.997	0.001	0.001
0.001	0.997	0.001	0.001
0.001	0.001	0.001	0.997
0.001	0.001	0.997	0.001
