>CAGGAAGT	1-CAGGAAGT	6.650954	-179.045694	0	T:824.0(39.35%),B:9775.1(21.27%),P:1e-77	Tpos:308.0,Tstd:254.5,Bpos:245.4,Bstd:145.2,StrandBias:0.2,Multiplicity:1.40
0.072	0.813	0.114	0.001
0.938	0.060	0.001	0.001
0.001	0.001	0.997	0.001
0.001	0.001	0.997	0.001
0.997	0.001	0.001	0.001
0.908	0.001	0.001	0.090
0.172	0.001	0.826	0.001
0.001	0.100	0.001	0.898
>ACCGGAWA	2-ACCGGAWA	5.038097	-120.650419	0	T:936.0(44.70%),B:13278.7(28.89%),P:1e-52	Tpos:293.3,Tstd:247.2,Bpos:245.5,Bstd:156.3,StrandBias:-0.1,Multiplicity:1.35
0.621	0.044	0.064	0.271
0.146	0.448	0.262	0.143
0.169	0.768	0.062	0.001
0.040	0.088	0.871	0.001
0.076	0.197	0.567	0.160
0.731	0.098	0.076	0.095
0.495	0.011	0.073	0.421
0.612	0.062	0.280	0.046
>TGTGGTTT	3-TGTGGTTT	7.218427	-73.896865	0	T:489.0(23.35%),B:6287.8(13.68%),P:1e-32	Tpos:277.8,Tstd:214.9,Bpos:247.1,Bstd:149.0,StrandBias:-0.2,Multiplicity:1.17
0.039	0.028	0.055	0.878
0.017	0.001	0.948	0.034
0.001	0.067	0.028	0.904
0.001	0.006	0.992	0.001
0.001	0.023	0.975	0.001
0.001	0.097	0.105	0.797
0.001	0.001	0.001	0.997
0.123	0.036	0.040	0.801
>CCCGCCCA	4-CCCGCCCA	7.189742	-53.511408	0	T:530.0(25.31%),B:7648.0(16.64%),P:1e-23	Tpos:350.2,Tstd:300.2,Bpos:245.9,Bstd:155.1,StrandBias:0.1,Multiplicity:1.30
0.001	0.588	0.001	0.410
0.360	0.638	0.001	0.001
0.001	0.997	0.001	0.001
0.137	0.001	0.861	0.001
0.001	0.997	0.001	0.001
0.001	0.997	0.001	0.001
0.001	0.706	0.001	0.292
0.997	0.001	0.001	0.001
>CCCGCCCT	5-CCCGCCCT	7.120438	-43.514512	0	T:657.0(31.38%),B:10477.4(22.80%),P:1e-18	Tpos:372.9,Tstd:298.1,Bpos:243.3,Bstd:168.2,StrandBias:0.0,Multiplicity:1.94
0.028	0.867	0.001	0.104
0.023	0.975	0.001	0.001
0.001	0.997	0.001	0.001
0.001	0.001	0.908	0.090
0.001	0.951	0.031	0.017
0.001	0.875	0.066	0.058
0.026	0.864	0.015	0.095
0.001	0.286	0.067	0.646
>GTGACTCA	6-GTGACTCA	7.386403	-43.193485	0	T:260.0(12.42%),B:3182.8(6.93%),P:1e-18	Tpos:278.1,Tstd:237.2,Bpos:242.6,Bstd:145.8,StrandBias:-0.0,Multiplicity:1.14
0.161	0.241	0.597	0.001
0.001	0.001	0.001	0.997
0.001	0.001	0.997	0.001
0.997	0.001	0.001	0.001
0.042	0.729	0.228	0.001
0.001	0.001	0.001	0.997
0.001	0.997	0.001	0.001
0.997	0.001	0.001	0.001
>CCAATVRG	7-CCAATVRG	6.877041	-38.819001	0	T:554.0(26.46%),B:8676.6(18.88%),P:1e-16	Tpos:305.5,Tstd:241.1,Bpos:246.3,Bstd:149.2,StrandBias:0.1,Multiplicity:1.28
0.001	0.990	0.002	0.007
0.039	0.924	0.015	0.022
0.991	0.001	0.007	0.001
0.784	0.214	0.001	0.001
0.001	0.001	0.001	0.997
0.393	0.267	0.339	0.001
0.477	0.006	0.515	0.002
0.378	0.008	0.590	0.024
>TACGTCAC	8-TACGTCAC	7.507088	-35.109622	0	T:169.0(8.07%),B:1900.0(4.13%),P:1e-15	Tpos:296.6,Tstd:228.0,Bpos:240.9,Bstd:158.1,StrandBias:0.2,Multiplicity:1.06
0.001	0.030	0.301	0.668
0.997	0.001	0.001	0.001
0.001	0.933	0.001	0.065
0.148	0.034	0.817	0.001
0.001	0.014	0.011	0.974
0.011	0.945	0.043	0.001
0.970	0.001	0.009	0.020
0.008	0.751	0.232	0.009
>AGATTGCG	9-AGATTGCG	7.186192	-24.117074	0	T:110.0(5.25%),B:1217.8(2.65%),P:1e-10	Tpos:334.2,Tstd:263.8,Bpos:240.3,Bstd:153.0,StrandBias:0.4,Multiplicity:1.03
0.853	0.025	0.060	0.062
0.014	0.010	0.975	0.001
0.892	0.001	0.094	0.013
0.013	0.001	0.033	0.953
0.112	0.075	0.001	0.812
0.047	0.034	0.918	0.001
0.034	0.964	0.001	0.001
0.158	0.030	0.775	0.037
>GCCCCGGA	10-GCCCCGGA	9.799922	-19.626759	0	T:136.0(6.49%),B:1751.5(3.81%),P:1e-8	Tpos:365.4,Tstd:263.1,Bpos:254.6,Bstd:181.6,StrandBias:-0.4,Multiplicity:1.15
0.001	0.001	0.997	0.001
0.001	0.997	0.001	0.001
0.001	0.997	0.001	0.001
0.001	0.717	0.281	0.001
0.001	0.997	0.001	0.001
0.001	0.001	0.997	0.001
0.001	0.001	0.997	0.001
0.997	0.001	0.001	0.001
>TTTGCATA	11-TTTGCATA	10.763251	-18.327402	0	T:57.0(2.72%),B:537.1(1.17%),P:1e-7	Tpos:282.0,Tstd:234.5,Bpos:242.0,Bstd:143.8,StrandBias:-0.2,Multiplicity:1.07
0.001	0.001	0.123	0.875
0.001	0.001	0.001	0.997
0.001	0.001	0.001	0.997
0.001	0.001	0.997	0.001
0.001	0.997	0.001	0.001
0.997	0.001	0.001	0.001
0.001	0.001	0.001	0.997
0.839	0.001	0.159	0.001
>TTCGCGCG	12-TTCGCGCG	5.961519	-17.552228	0	T:281.0(13.42%),B:4453.6(9.69%),P:1e-7	Tpos:397.3,Tstd:321.8,Bpos:246.6,Bstd:188.1,StrandBias:-0.0,Multiplicity:1.45
0.071	0.146	0.075	0.708
0.068	0.089	0.141	0.702
0.059	0.709	0.109	0.123
0.091	0.078	0.767	0.064
0.093	0.796	0.072	0.039
0.071	0.058	0.768	0.103
0.050	0.839	0.095	0.016
0.028	0.187	0.717	0.068
>ATTTCTAG	13-ATTTCTAG	9.096041	-14.327612	0	T:63.0(3.01%),B:700.7(1.52%),P:1e-6	Tpos:311.5,Tstd:254.3,Bpos:245.1,Bstd:139.8,StrandBias:-0.3,Multiplicity:1.00
0.997	0.001	0.001	0.001
0.001	0.001	0.001	0.997
0.001	0.001	0.001	0.997
0.001	0.001	0.001	0.997
0.001	0.997	0.001	0.001
0.001	0.001	0.139	0.859
0.997	0.001	0.001	0.001
0.001	0.001	0.997	0.001
>TTTTTTTT	14-TTTTTTTT	8.236954	-8.001600	0	T:192.0(9.17%),B:3290.7(7.16%),P:1e-3	Tpos:318.4,Tstd:227.9,Bpos:244.6,Bstd:165.0,StrandBias:-0.5,Multiplicity:1.10
0.100	0.100	0.100	0.700
0.100	0.100	0.100	0.700
0.100	0.100	0.100	0.700
0.100	0.100	0.100	0.700
0.100	0.100	0.100	0.700
0.100	0.100	0.100	0.700
0.100	0.100	0.100	0.700
0.100	0.100	0.100	0.700
