>WAACCACADV	1-WAACCACADV	6.033550	-198.212482	0	T:412.0(33.88%),B:5714.2(12.12%),P:1e-86	Tpos:279.4,Tstd:177.1,Bpos:251.2,Bstd:148.1,StrandBias:-0.1,Multiplicity:1.27
0.429	0.151	0.010	0.411
0.564	0.161	0.202	0.073
0.594	0.117	0.267	0.022
0.128	0.664	0.012	0.196
0.055	0.702	0.181	0.062
0.548	0.122	0.258	0.072
0.030	0.700	0.080	0.190
0.646	0.208	0.054	0.092
0.241	0.156	0.330	0.273
0.325	0.321	0.191	0.163
>YRCTTCCTGT	2-YRCTTCCTGT	8.347856	-123.822706	0	T:317.0(26.07%),B:4856.7(10.30%),P:1e-53	Tpos:291.0,Tstd:183.9,Bpos:249.4,Bstd:146.6,StrandBias:0.0,Multiplicity:1.21
0.104	0.424	0.133	0.339
0.434	0.121	0.396	0.048
0.001	0.623	0.020	0.356
0.149	0.032	0.010	0.809
0.010	0.001	0.001	0.988
0.001	0.979	0.019	0.001
0.001	0.926	0.001	0.072
0.001	0.001	0.026	0.972
0.017	0.328	0.573	0.082
0.118	0.202	0.148	0.532
>AKRTGASTCA	3-AKRTGASTCA	8.469782	-96.712120	0	T:184.0(15.13%),B:2248.2(4.77%),P:1e-42	Tpos:277.9,Tstd:150.8,Bpos:244.8,Bstd:148.5,StrandBias:0.1,Multiplicity:1.12
0.406	0.243	0.244	0.107
0.219	0.112	0.286	0.383
0.477	0.106	0.372	0.045
0.001	0.001	0.001	0.997
0.031	0.066	0.848	0.055
0.997	0.001	0.001	0.001
0.016	0.424	0.421	0.139
0.001	0.001	0.001	0.997
0.001	0.982	0.016	0.001
0.997	0.001	0.001	0.001
>ASATCAAAGS	4-ASATCAAAGS	7.938662	-72.238497	0	T:225.0(18.50%),B:3754.3(7.96%),P:1e-31	Tpos:298.2,Tstd:192.0,Bpos:258.1,Bstd:147.3,StrandBias:0.2,Multiplicity:1.13
0.769	0.001	0.108	0.122
0.045	0.445	0.509	0.001
0.900	0.001	0.001	0.098
0.058	0.001	0.001	0.940
0.043	0.689	0.119	0.149
0.932	0.001	0.001	0.066
0.906	0.092	0.001	0.001
0.997	0.001	0.001	0.001
0.282	0.125	0.592	0.001
0.247	0.423	0.318	0.012
>TTRACACCTY	5-TTRACACCTY	8.106413	-67.674958	0	T:174.0(14.31%),B:2588.0(5.49%),P:1e-29	Tpos:278.1,Tstd:165.1,Bpos:250.8,Bstd:149.7,StrandBias:0.1,Multiplicity:1.11
0.001	0.186	0.240	0.573
0.097	0.001	0.001	0.901
0.395	0.229	0.374	0.001
0.751	0.001	0.111	0.137
0.001	0.997	0.001	0.001
0.997	0.001	0.001	0.001
0.001	0.988	0.010	0.001
0.109	0.679	0.078	0.134
0.048	0.193	0.001	0.758
0.103	0.497	0.001	0.399
>DGGGCGGRGC	6-DGGGCGGRGC	7.626204	-56.283071	0	T:463.0(38.08%),B:11636.8(24.68%),P:1e-24	Tpos:301.4,Tstd:204.5,Bpos:245.7,Bstd:152.5,StrandBias:-0.1,Multiplicity:1.71
0.293	0.118	0.329	0.260
0.401	0.001	0.597	0.001
0.001	0.001	0.997	0.001
0.001	0.001	0.997	0.001
0.247	0.554	0.001	0.198
0.218	0.001	0.780	0.001
0.139	0.001	0.667	0.193
0.378	0.001	0.491	0.130
0.001	0.001	0.997	0.001
0.067	0.554	0.001	0.378
>KGGGYGTKGY	7-KGGGYGTKGY	8.441301	-46.090489	0	T:226.0(18.59%),B:4620.1(9.80%),P:1e-20	Tpos:273.6,Tstd:225.2,Bpos:250.4,Bstd:153.4,StrandBias:0.1,Multiplicity:1.11
0.232	0.001	0.423	0.344
0.358	0.001	0.640	0.001
0.001	0.001	0.997	0.001
0.001	0.001	0.997	0.001
0.001	0.563	0.001	0.435
0.001	0.001	0.997	0.001
0.001	0.001	0.001	0.997
0.001	0.001	0.488	0.510
0.001	0.001	0.694	0.304
0.001	0.438	0.193	0.368
>GGTTTTCACC	8-GGTTTTCACC	7.478376	-41.875766	0	T:90.0(7.40%),B:1188.8(2.52%),P:1e-18	Tpos:299.4,Tstd:187.8,Bpos:254.2,Bstd:150.4,StrandBias:0.5,Multiplicity:1.07
0.057	0.058	0.851	0.034
0.082	0.039	0.713	0.166
0.186	0.218	0.028	0.568
0.023	0.047	0.020	0.910
0.256	0.116	0.052	0.576
0.219	0.148	0.129	0.504
0.146	0.566	0.035	0.253
0.474	0.247	0.249	0.030
0.023	0.685	0.229	0.063
0.275	0.591	0.027	0.107
>GCAAGDCAAC	9-GCAAGDCAAC	6.743981	-37.418931	0	T:76.0(6.25%),B:967.8(2.05%),P:1e-16	Tpos:269.7,Tstd:208.6,Bpos:247.8,Bstd:147.9,StrandBias:-0.7,Multiplicity:1.11
0.141	0.127	0.731	0.001
0.148	0.770	0.080	0.002
0.453	0.205	0.183	0.159
0.604	0.002	0.229	0.165
0.097	0.246	0.458	0.199
0.272	0.143	0.365	0.219
0.310	0.509	0.179	0.002
0.437	0.236	0.070	0.257
0.631	0.015	0.001	0.353
0.079	0.681	0.002	0.238
>TCAGACGTCA	10-TCAGACGTCA	6.113055	-35.011234	0	T:121.0(9.95%),B:2103.2(4.46%),P:1e-15	Tpos:288.0,Tstd:180.9,Bpos:248.4,Bstd:152.2,StrandBias:0.1,Multiplicity:1.06
0.190	0.131	0.153	0.526
0.155	0.510	0.172	0.163
0.563	0.160	0.118	0.159
0.133	0.205	0.548	0.114
0.578	0.122	0.142	0.158
0.122	0.733	0.001	0.144
0.171	0.145	0.568	0.116
0.107	0.054	0.180	0.659
0.051	0.666	0.138	0.145
0.576	0.175	0.064	0.185
>GTCATATCCG	11-GTCATATCCG	7.654373	-32.997308	0	T:70.0(5.76%),B:920.7(1.95%),P:1e-14	Tpos:265.2,Tstd:151.9,Bpos:252.2,Bstd:143.2,StrandBias:0.4,Multiplicity:1.04
0.170	0.080	0.647	0.103
0.084	0.024	0.062	0.830
0.054	0.822	0.123	0.001
0.958	0.012	0.019	0.011
0.068	0.066	0.028	0.838
0.719	0.038	0.067	0.176
0.021	0.040	0.103	0.836
0.084	0.819	0.049	0.048
0.081	0.708	0.082	0.129
0.021	0.027	0.830	0.122
>CACAGTGTAA	12-CACAGTGTAA	7.914717	-30.424833	0	T:131.0(10.77%),B:2520.6(5.35%),P:1e-13	Tpos:267.9,Tstd:200.4,Bpos:251.6,Bstd:154.9,StrandBias:-0.1,Multiplicity:1.08
0.033	0.862	0.054	0.051
0.890	0.031	0.021	0.058
0.041	0.780	0.123	0.056
0.853	0.063	0.022	0.062
0.048	0.053	0.871	0.028
0.053	0.099	0.080	0.768
0.110	0.087	0.780	0.023
0.085	0.116	0.059	0.740
0.680	0.149	0.054	0.117
0.788	0.017	0.140	0.055
>GGTGACTAAA	13-GGTGACTAAA	6.764074	-30.268807	0	T:108.0(8.88%),B:1908.9(4.05%),P:1e-13	Tpos:268.6,Tstd:151.8,Bpos:246.2,Bstd:146.8,StrandBias:-0.3,Multiplicity:1.07
0.122	0.221	0.551	0.106
0.231	0.068	0.532	0.169
0.141	0.001	0.045	0.813
0.197	0.051	0.647	0.105
0.676	0.196	0.063	0.065
0.051	0.708	0.134	0.107
0.088	0.001	0.102	0.809
0.580	0.138	0.123	0.159
0.505	0.019	0.257	0.219
0.513	0.139	0.151	0.197
>GTAACCAATC	14-GTAACCAATC	6.490185	-29.888265	0	T:212.0(17.43%),B:4917.8(10.43%),P:1e-12	Tpos:275.0,Tstd:191.7,Bpos:250.4,Bstd:146.8,StrandBias:0.2,Multiplicity:1.17
0.057	0.084	0.784	0.075
0.086	0.144	0.056	0.714
0.790	0.061	0.064	0.085
0.761	0.053	0.105	0.081
0.062	0.779	0.074	0.085
0.042	0.907	0.001	0.050
0.841	0.051	0.066	0.042
0.774	0.085	0.103	0.038
0.063	0.040	0.037	0.860
0.043	0.798	0.082	0.077
>CACAATAATA	15-CACAATAATA	10.491720	-28.230403	0	T:31.0(2.55%),B:236.4(0.50%),P:1e-12	Tpos:282.3,Tstd:178.4,Bpos:235.8,Bstd:136.8,StrandBias:1.6,Multiplicity:1.10
0.001	0.997	0.001	0.001
0.997	0.001	0.001	0.001
0.155	0.843	0.001	0.001
0.997	0.001	0.001	0.001
0.900	0.001	0.098	0.001
0.001	0.001	0.151	0.847
0.694	0.001	0.304	0.001
0.718	0.179	0.001	0.102
0.001	0.001	0.001	0.997
0.997	0.001	0.001	0.001
>GCTGTTTTTA	16-GCTGTTTTTA	7.429846	-27.504904	0	T:180.0(14.80%),B:4060.1(8.61%),P:1e-11	Tpos:271.4,Tstd:229.9,Bpos:249.9,Bstd:151.3,StrandBias:-0.0,Multiplicity:1.11
0.033	0.133	0.704	0.130
0.066	0.750	0.079	0.105
0.095	0.001	0.012	0.892
0.051	0.078	0.818	0.053
0.020	0.071	0.060	0.849
0.044	0.045	0.062	0.849
0.077	0.109	0.055	0.759
0.073	0.088	0.064	0.775
0.044	0.077	0.054	0.825
0.787	0.045	0.056	0.112
>GATTGGCCGG	17-GATTGGCCGG	7.451080	-24.484375	0	T:66.0(5.43%),B:1014.0(2.15%),P:1e-10	Tpos:315.8,Tstd:212.9,Bpos:247.2,Bstd:158.6,StrandBias:0.1,Multiplicity:1.12
0.060	0.100	0.760	0.080
0.840	0.069	0.078	0.013
0.058	0.046	0.050	0.846
0.088	0.026	0.017	0.869
0.058	0.047	0.779	0.116
0.083	0.056	0.835	0.026
0.120	0.665	0.058	0.157
0.038	0.829	0.071	0.062
0.068	0.115	0.788	0.029
0.101	0.044	0.800	0.055
>AAGTAGGTCA	18-AAGTAGGTCA	8.666703	-24.023561	0	T:27.0(2.22%),B:213.7(0.45%),P:1e-10	Tpos:262.8,Tstd:133.7,Bpos:230.4,Bstd:145.7,StrandBias:-0.2,Multiplicity:1.00
0.997	0.001	0.001	0.001
0.969	0.001	0.001	0.029
0.001	0.001	0.954	0.044
0.001	0.001	0.001	0.997
0.997	0.001	0.001	0.001
0.001	0.092	0.850	0.057
0.001	0.001	0.997	0.001
0.107	0.001	0.001	0.891
0.001	0.997	0.001	0.001
0.997	0.001	0.001	0.001
>CCAATCCACT	19-CCAATCCACT	10.296193	-22.551529	0	T:11.0(0.90%),B:26.8(0.06%),P:1e-9	Tpos:311.6,Tstd:172.6,Bpos:292.1,Bstd:129.0,StrandBias:3.3,Multiplicity:1.00
0.100	0.700	0.100	0.100
0.100	0.700	0.100	0.100
0.700	0.100	0.100	0.100
0.700	0.100	0.100	0.100
0.100	0.100	0.100	0.700
0.100	0.700	0.100	0.100
0.100	0.700	0.100	0.100
0.700	0.100	0.100	0.100
0.100	0.700	0.100	0.100
0.100	0.100	0.100	0.700
>ACACTAACTA	20-ACACTAACTA	8.932469	-22.192861	0	T:40.0(3.29%),B:477.1(1.01%),P:1e-9	Tpos:271.7,Tstd:177.0,Bpos:243.1,Bstd:147.9,StrandBias:0.3,Multiplicity:1.10
0.966	0.032	0.001	0.001
0.029	0.680	0.290	0.001
0.915	0.046	0.001	0.038
0.077	0.869	0.021	0.033
0.001	0.038	0.001	0.960
0.985	0.013	0.001	0.001
0.921	0.040	0.001	0.038
0.001	0.966	0.001	0.032
0.178	0.001	0.001	0.820
0.935	0.017	0.047	0.001
>TGATACACGC	21-TGATACACGC	11.315760	-20.963548	0	T:18.0(1.48%),B:106.7(0.23%),P:1e-9	Tpos:259.8,Tstd:147.6,Bpos:263.4,Bstd:160.8,StrandBias:2.3,Multiplicity:1.00
0.001	0.001	0.001	0.997
0.001	0.138	0.860	0.001
0.997	0.001	0.001	0.001
0.001	0.394	0.001	0.604
0.997	0.001	0.001	0.001
0.001	0.997	0.001	0.001
0.997	0.001	0.001	0.001
0.001	0.997	0.001	0.001
0.001	0.001	0.762	0.236
0.001	0.997	0.001	0.001
>AGTCCGGCCC	22-AGTCCGGCCC	10.163272	-14.661640	0	T:25.0(2.06%),B:295.8(0.63%),P:1e-6	Tpos:273.5,Tstd:150.4,Bpos:239.1,Bstd:148.8,StrandBias:-0.3,Multiplicity:1.24
0.997	0.001	0.001	0.001
0.001	0.001	0.991	0.007
0.075	0.001	0.254	0.670
0.002	0.730	0.100	0.168
0.090	0.902	0.007	0.001
0.049	0.007	0.907	0.037
0.151	0.167	0.666	0.016
0.001	0.997	0.001	0.001
0.001	0.948	0.050	0.001
0.002	0.996	0.001	0.001
>CACTGTAGGC	23-CACTGTAGGC	11.073142	-7.477546	0	T:12.0(0.99%),B:147.2(0.31%),P:1e-3	Tpos:244.8,Tstd:184.8,Bpos:257.3,Bstd:145.8,StrandBias:-0.6,Multiplicity:1.67
0.001	0.997	0.001	0.001
0.997	0.001	0.001	0.001
0.001	0.997	0.001	0.001
0.137	0.001	0.069	0.793
0.001	0.086	0.912	0.001
0.001	0.001	0.001	0.997
0.997	0.001	0.001	0.001
0.001	0.001	0.997	0.001
0.001	0.001	0.997	0.001
0.001	0.997	0.001	0.001
>ATGTCCTATG	24-ATGTCCTATG	10.296193	-5.897834	0	T:4.0(0.33%),B:22.3(0.05%),P:1e-2	Tpos:196.7,Tstd:145.7,Bpos:219.7,Bstd:151.0,StrandBias:-2.3,Multiplicity:3.00
0.700	0.100	0.100	0.100
0.100	0.100	0.100	0.700
0.100	0.100	0.700	0.100
0.100	0.100	0.100	0.700
0.100	0.700	0.100	0.100
0.100	0.700	0.100	0.100
0.100	0.100	0.100	0.700
0.700	0.100	0.100	0.100
0.100	0.100	0.100	0.700
0.100	0.100	0.700	0.100
>GCGGAGATGT	25-GCGGAGATGT	10.296193	-5.321288	0	T:3.0(0.25%),B:13.2(0.03%),P:1e-2	Tpos:317.7,Tstd:103.9,Bpos:217.7,Bstd:166.5,StrandBias:-2.6,Multiplicity:4.67
0.100	0.100	0.700	0.100
0.100	0.700	0.100	0.100
0.100	0.100	0.700	0.100
0.100	0.100	0.700	0.100
0.700	0.100	0.100	0.100
0.100	0.100	0.700	0.100
0.700	0.100	0.100	0.100
0.100	0.100	0.100	0.700
0.100	0.100	0.700	0.100
0.100	0.100	0.100	0.700
>BBYTGTGGTTWS	1-BBYTGTGGTTWS	8.269041	-127.195402	0	T:204.0(16.78%),B:2194.9(4.66%),P:1e-55	Tpos:280.3,Tstd:178.8,Bpos:249.2,Bstd:147.3,StrandBias:-0.0,Multiplicity:1.11
0.151	0.269	0.313	0.267
0.141	0.330	0.240	0.289
0.001	0.515	0.041	0.443
0.113	0.179	0.082	0.626
0.162	0.156	0.681	0.001
0.016	0.154	0.071	0.759
0.001	0.032	0.848	0.119
0.001	0.001	0.997	0.001
0.001	0.250	0.001	0.748
0.001	0.108	0.001	0.890
0.416	0.001	0.023	0.560
0.182	0.405	0.275	0.138
>NHCACTTCCTGT	2-NHCACTTCCTGT	8.808337	-113.568010	0	T:294.0(24.18%),B:4505.8(9.56%),P:1e-49	Tpos:274.1,Tstd:178.7,Bpos:246.6,Bstd:146.9,StrandBias:-0.1,Multiplicity:1.19
0.206	0.292	0.306	0.196
0.276	0.326	0.154	0.243
0.001	0.609	0.253	0.137
0.782	0.001	0.001	0.216
0.001	0.728	0.001	0.270
0.260	0.001	0.001	0.738
0.001	0.001	0.001	0.997
0.001	0.997	0.001	0.001
0.001	0.997	0.001	0.001
0.001	0.001	0.001	0.997
0.001	0.351	0.647	0.001
0.201	0.224	0.075	0.500
>NKATGASTCAKH	3-NKATGASTCAKH	9.723867	-87.132745	0	T:110.0(9.05%),B:936.0(1.99%),P:1e-37	Tpos:282.7,Tstd:166.4,Bpos:246.5,Bstd:150.8,StrandBias:0.4,Multiplicity:1.03
0.230	0.231	0.283	0.255
0.022	0.075	0.515	0.388
0.490	0.276	0.233	0.001
0.001	0.001	0.001	0.997
0.001	0.001	0.997	0.001
0.997	0.001	0.001	0.001
0.001	0.495	0.503	0.001
0.001	0.001	0.001	0.997
0.001	0.997	0.001	0.001
0.997	0.001	0.001	0.001
0.129	0.165	0.287	0.419
0.312	0.235	0.144	0.309
>AACCACATCAAA	4-AACCACATCAAA	7.324900	-83.389569	0	T:253.0(20.81%),B:4188.8(8.88%),P:1e-36	Tpos:285.4,Tstd:194.6,Bpos:249.6,Bstd:152.2,StrandBias:0.1,Multiplicity:1.16
0.752	0.115	0.064	0.069
0.706	0.116	0.117	0.061
0.122	0.719	0.104	0.055
0.081	0.826	0.034	0.059
0.813	0.074	0.056	0.057
0.083	0.805	0.064	0.048
0.779	0.082	0.029	0.110
0.105	0.083	0.120	0.692
0.068	0.756	0.103	0.073
0.776	0.091	0.041	0.092
0.678	0.114	0.130	0.078
0.700	0.062	0.128	0.110
>TCAGGATGTGGT	5-TCAGGATGTGGT	16.501556	-76.498276	0	T:14.0(1.15%),B:1.4(0.00%),P:1e-33	Tpos:230.1,Tstd:102.5,Bpos:202.0,Bstd:0.0,StrandBias:1.9,Multiplicity:1.00
0.094	0.001	0.001	0.904
0.001	0.997	0.001	0.001
0.997	0.001	0.001	0.001
0.001	0.001	0.997	0.001
0.001	0.001	0.997	0.001
0.997	0.001	0.001	0.001
0.001	0.001	0.001	0.997
0.001	0.001	0.997	0.001
0.001	0.001	0.001	0.997
0.001	0.001	0.997	0.001
0.001	0.001	0.997	0.001
0.001	0.001	0.001	0.997
>GTAATAGACKGC	6-GTAATAGACKGC	13.649032	-51.742016	0	T:10.0(0.82%),B:1.4(0.00%),P:1e-22	Tpos:193.5,Tstd:85.3,Bpos:33.0,Bstd:0.0,StrandBias:3.2,Multiplicity:1.00
0.001	0.001	0.997	0.001
0.001	0.001	0.001	0.997
0.997	0.001	0.001	0.001
0.997	0.001	0.001	0.001
0.001	0.001	0.001	0.997
0.997	0.001	0.001	0.001
0.001	0.001	0.997	0.001
0.997	0.001	0.001	0.001
0.001	0.837	0.001	0.161
0.162	0.162	0.323	0.353
0.001	0.001	0.997	0.001
0.001	0.997	0.001	0.001
>GAGGCGGAGCTT	7-GAGGCGGAGCTT	8.632224	-46.944654	0	T:228.0(18.75%),B:4645.1(9.85%),P:1e-20	Tpos:287.3,Tstd:195.3,Bpos:244.0,Bstd:150.3,StrandBias:-0.0,Multiplicity:1.23
0.001	0.088	0.807	0.104
0.721	0.001	0.277	0.001
0.132	0.001	0.833	0.034
0.023	0.113	0.863	0.001
0.316	0.628	0.001	0.055
0.206	0.001	0.746	0.047
0.001	0.001	0.997	0.001
0.671	0.001	0.312	0.016
0.032	0.001	0.966	0.001
0.001	0.873	0.001	0.125
0.062	0.350	0.016	0.572
0.148	0.052	0.239	0.561
>GGTTAACACCTC	8-GGTTAACACCTC	9.774323	-40.869870	0	T:37.0(3.04%),B:221.9(0.47%),P:1e-17	Tpos:298.7,Tstd:152.9,Bpos:222.4,Bstd:147.9,StrandBias:-0.1,Multiplicity:1.00
0.097	0.001	0.870	0.032
0.032	0.085	0.818	0.065
0.001	0.065	0.055	0.879
0.162	0.032	0.084	0.722
0.690	0.125	0.120	0.065
0.773	0.001	0.129	0.097
0.064	0.934	0.001	0.001
0.967	0.031	0.001	0.001
0.034	0.933	0.001	0.032
0.085	0.817	0.001	0.097
0.099	0.032	0.065	0.804
0.032	0.803	0.035	0.130
>WCTMACCACAGA	9-WCTMACCACAGA	7.038509	-40.505220	0	T:402.0(33.06%),B:10471.2(22.21%),P:1e-17	Tpos:273.1,Tstd:198.9,Bpos:250.3,Bstd:148.5,StrandBias:0.1,Multiplicity:1.25
0.386	0.183	0.159	0.272
0.028	0.815	0.093	0.064
0.241	0.073	0.007	0.679
0.385	0.347	0.151	0.118
0.868	0.076	0.038	0.018
0.238	0.577	0.152	0.033
0.022	0.964	0.001	0.013
0.789	0.110	0.007	0.094
0.125	0.486	0.236	0.152
0.959	0.001	0.007	0.033
0.064	0.071	0.798	0.067
0.515	0.232	0.097	0.156
>GTGACTCACACC	10-GTGACTCACACC	8.992230	-40.122317	0	T:81.0(6.66%),B:1025.8(2.18%),P:1e-17	Tpos:253.1,Tstd:132.0,Bpos:252.4,Bstd:158.4,StrandBias:-0.1,Multiplicity:1.09
0.064	0.123	0.741	0.072
0.012	0.040	0.001	0.947
0.020	0.018	0.927	0.035
0.825	0.041	0.070	0.064
0.040	0.790	0.133	0.037
0.101	0.011	0.020	0.868
0.061	0.821	0.108	0.010
0.927	0.033	0.020	0.020
0.020	0.830	0.062	0.088
0.811	0.046	0.104	0.039
0.062	0.749	0.097	0.092
0.123	0.770	0.040	0.067
>ACAGGAAGCAGC	11-ACAGGAAGCAGC	8.796291	-35.494354	0	T:142.0(11.68%),B:2645.6(5.61%),P:1e-15	Tpos:298.7,Tstd:209.6,Bpos:252.1,Bstd:148.7,StrandBias:0.3,Multiplicity:1.07
0.682	0.032	0.225	0.061
0.066	0.873	0.046	0.015
0.841	0.124	0.001	0.034
0.049	0.017	0.933	0.001
0.151	0.148	0.700	0.001
0.887	0.070	0.042	0.001
0.890	0.031	0.029	0.050
0.249	0.035	0.668	0.048
0.068	0.848	0.083	0.001
0.676	0.183	0.018	0.123
0.053	0.277	0.442	0.228
0.025	0.744	0.185	0.046
>TGTGTCTTGCAC	12-TGTGTCTTGCAC	14.455665	-32.422338	0	T:10.0(0.82%),B:7.8(0.02%),P:1e-14	Tpos:224.6,Tstd:85.5,Bpos:179.0,Bstd:121.2,StrandBias:10.0,Multiplicity:1.00
0.001	0.001	0.001	0.997
0.001	0.001	0.863	0.135
0.001	0.001	0.001	0.997
0.001	0.001	0.997	0.001
0.001	0.001	0.001	0.997
0.001	0.997	0.001	0.001
0.001	0.001	0.001	0.997
0.135	0.001	0.001	0.863
0.001	0.001	0.997	0.001
0.001	0.997	0.001	0.001
0.997	0.001	0.001	0.001
0.001	0.997	0.001	0.001
>TCAGATATCATS	13-TCAGATATCATS	12.074497	-29.464312	0	T:16.0(1.32%),B:45.5(0.10%),P:1e-12	Tpos:258.8,Tstd:101.1,Bpos:232.9,Bstd:124.3,StrandBias:3.9,Multiplicity:1.00
0.001	0.001	0.001	0.997
0.001	0.997	0.001	0.001
0.877	0.001	0.001	0.121
0.100	0.001	0.777	0.122
0.974	0.001	0.001	0.024
0.001	0.077	0.001	0.921
0.547	0.001	0.375	0.077
0.122	0.122	0.122	0.634
0.001	0.997	0.001	0.001
0.997	0.001	0.001	0.001
0.001	0.100	0.286	0.613
0.123	0.423	0.453	0.001
>GCGACCAATCAG	14-GCGACCAATCAG	7.806901	-29.377158	0	T:103.0(8.47%),B:1805.4(3.83%),P:1e-12	Tpos:299.3,Tstd:179.4,Bpos:253.3,Bstd:150.2,StrandBias:0.4,Multiplicity:1.09
0.060	0.153	0.708	0.079
0.129	0.533	0.174	0.164
0.183	0.144	0.566	0.107
0.642	0.127	0.125	0.106
0.072	0.769	0.091	0.068
0.059	0.854	0.035	0.052
0.807	0.072	0.033	0.088
0.765	0.074	0.053	0.108
0.065	0.061	0.083	0.791
0.015	0.899	0.068	0.018
0.848	0.021	0.042	0.089
0.065	0.075	0.819	0.041
>TCCAATCCACTC	15-TCCAATCCACTC	14.611158	-28.398994	0	T:9.0(0.74%),B:7.4(0.02%),P:1e-12	Tpos:291.8,Tstd:104.6,Bpos:322.1,Bstd:114.6,StrandBias:2.8,Multiplicity:1.00
0.001	0.163	0.001	0.835
0.001	0.997	0.001	0.001
0.001	0.997	0.001	0.001
0.997	0.001	0.001	0.001
0.997	0.001	0.001	0.001
0.001	0.001	0.001	0.997
0.001	0.997	0.001	0.001
0.001	0.835	0.001	0.163
0.997	0.001	0.001	0.001
0.001	0.997	0.001	0.001
0.001	0.001	0.001	0.997
0.001	0.997	0.001	0.001
>AATGTGGCCTTG	16-AATGTGGCCTTG	12.355432	-26.523527	0	T:7.0(0.58%),B:3.4(0.01%),P:1e-11	Tpos:257.4,Tstd:45.4,Bpos:199.1,Bstd:118.3,StrandBias:10.0,Multiplicity:1.00
0.700	0.100	0.100	0.100
0.700	0.100	0.100	0.100
0.100	0.100	0.100	0.700
0.100	0.100	0.700	0.100
0.100	0.100	0.100	0.700
0.100	0.100	0.700	0.100
0.100	0.100	0.700	0.100
0.100	0.700	0.100	0.100
0.100	0.700	0.100	0.100
0.100	0.100	0.100	0.700
0.100	0.100	0.100	0.700
0.100	0.100	0.700	0.100
>ATGTAGGCTGTG	17-ATGTAGGCTGTG	12.355432	-26.523527	0	T:7.0(0.58%),B:3.1(0.01%),P:1e-11	Tpos:280.4,Tstd:93.9,Bpos:147.8,Bstd:93.6,StrandBias:10.0,Multiplicity:1.00
0.700	0.100	0.100	0.100
0.100	0.100	0.100	0.700
0.100	0.100	0.700	0.100
0.100	0.100	0.100	0.700
0.700	0.100	0.100	0.100
0.100	0.100	0.700	0.100
0.100	0.100	0.700	0.100
0.100	0.700	0.100	0.100
0.100	0.100	0.100	0.700
0.100	0.100	0.700	0.100
0.100	0.100	0.100	0.700
0.100	0.100	0.700	0.100
>AGGAGDHDGTGG	18-AGGAGDHDGTGG	9.094058	-17.811545	0	T:64.0(5.26%),B:1149.3(2.44%),P:1e-7	Tpos:225.7,Tstd:149.6,Bpos:253.7,Bstd:147.0,StrandBias:-0.3,Multiplicity:1.02
0.843	0.040	0.069	0.048
0.048	0.026	0.879	0.047
0.149	0.026	0.786	0.039
0.619	0.031	0.308	0.042
0.190	0.275	0.527	0.008
0.295	0.038	0.389	0.277
0.378	0.315	0.030	0.278
0.351	0.001	0.294	0.354
0.005	0.076	0.627	0.292
0.046	0.049	0.070	0.835
0.027	0.015	0.679	0.279
0.055	0.245	0.665	0.035
>ACATCCTGCCTA	19-ACATCCTGCCTA	6.517702	-17.756858	0	T:487.0(40.05%),B:15324.3(32.50%),P:1e-7	Tpos:298.4,Tstd:211.9,Bpos:249.6,Bstd:145.7,StrandBias:0.3,Multiplicity:1.29
0.700	0.100	0.100	0.100
0.100	0.700	0.100	0.100
0.700	0.100	0.100	0.100
0.100	0.100	0.100	0.700
0.100	0.700	0.100	0.100
0.100	0.700	0.100	0.100
0.100	0.100	0.100	0.700
0.100	0.100	0.700	0.100
0.100	0.700	0.100	0.100
0.100	0.700	0.100	0.100
0.100	0.100	0.100	0.700
0.700	0.100	0.100	0.100
>ACTAACYATAGA	20-ACTAACYATAGA	-4.114775	-7.222686	0	T:102.0(8.39%),B:2859.2(6.06%),P:1e-3	Tpos:269.6,Tstd:236.5,Bpos:257.5,Bstd:145.6,StrandBias:0.1,Multiplicity:1.17
0.997	0.001	0.001	0.001
0.001	0.997	0.001	0.001
0.001	0.001	0.001	0.997
0.997	0.001	0.001	0.001
0.997	0.001	0.001	0.001
0.001	0.997	0.001	0.001
0.001	0.499	0.001	0.499
0.997	0.001	0.001	0.001
0.001	0.001	0.001	0.997
0.997	0.001	0.001	0.001
0.001	0.001	0.997	0.001
0.997	0.001	0.001	0.001
>CATCTCCGCCCT	21-CATCTCCGCCCT	6.517702	-6.831047	0	T:531.0(43.67%),B:18533.8(39.31%),P:1e-2	Tpos:289.9,Tstd:212.9,Bpos:248.7,Bstd:149.9,StrandBias:0.1,Multiplicity:1.52
0.100	0.700	0.100	0.100
0.700	0.100	0.100	0.100
0.100	0.100	0.100	0.700
0.100	0.700	0.100	0.100
0.100	0.100	0.100	0.700
0.100	0.700	0.100	0.100
0.100	0.700	0.100	0.100
0.100	0.100	0.700	0.100
0.100	0.700	0.100	0.100
0.100	0.700	0.100	0.100
0.100	0.700	0.100	0.100
0.100	0.100	0.100	0.700
>SSGCCTGACTGA	22-SSGCCTGACTGA	11.922672	-6.790723	0	T:6.0(0.49%),B:44.9(0.10%),P:1e-2	Tpos:320.0,Tstd:121.3,Bpos:205.1,Bstd:131.8,StrandBias:4.0,Multiplicity:2.83
0.082	0.400	0.517	0.001
0.001	0.565	0.432	0.002
0.082	0.001	0.916	0.001
0.001	0.997	0.001	0.001
0.001	0.749	0.085	0.165
0.001	0.082	0.001	0.916
0.001	0.001	0.997	0.001
0.751	0.083	0.083	0.083
0.001	0.916	0.001	0.082
0.001	0.001	0.082	0.916
0.001	0.001	0.997	0.001
0.916	0.082	0.001	0.001
>AGTGATCATAGG	23-AGTGATCATAGG	6.517702	-4.662208	0	T:333.0(27.38%),B:11514.4(24.42%),P:1e-2	Tpos:271.2,Tstd:200.9,Bpos:248.6,Bstd:146.2,StrandBias:0.2,Multiplicity:1.24
0.700	0.100	0.100	0.100
0.100	0.100	0.700	0.100
0.100	0.100	0.100	0.700
0.100	0.100	0.700	0.100
0.700	0.100	0.100	0.100
0.100	0.100	0.100	0.700
0.100	0.700	0.100	0.100
0.700	0.100	0.100	0.100
0.100	0.100	0.100	0.700
0.700	0.100	0.100	0.100
0.100	0.100	0.700	0.100
0.100	0.100	0.700	0.100
>NNNNNNNNNNNN	24-NNNNNNNNNNNN	-nan	0.000000	0	T:0.0(0.00%),B:0.0(0.00%),P:1e0	Tpos:0.0,Tstd:0.0,Bpos:0.0,Bstd:0.0,StrandBias:0.0,Multiplicity:1.00
-nan	-nan	-nan	-nan
-nan	-nan	-nan	-nan
-nan	-nan	-nan	-nan
-nan	-nan	-nan	-nan
-nan	-nan	-nan	-nan
-nan	-nan	-nan	-nan
-nan	-nan	-nan	-nan
-nan	-nan	-nan	-nan
-nan	-nan	-nan	-nan
-nan	-nan	-nan	-nan
-nan	-nan	-nan	-nan
-nan	-nan	-nan	-nan
>NNNNNNNNNNNN	25-NNNNNNNNNNNN	-nan	0.000000	0	T:0.0(0.00%),B:0.0(0.00%),P:1e0	Tpos:0.0,Tstd:0.0,Bpos:0.0,Bstd:0.0,StrandBias:0.0,Multiplicity:1.00
-nan	-nan	-nan	-nan
-nan	-nan	-nan	-nan
-nan	-nan	-nan	-nan
-nan	-nan	-nan	-nan
-nan	-nan	-nan	-nan
-nan	-nan	-nan	-nan
-nan	-nan	-nan	-nan
-nan	-nan	-nan	-nan
-nan	-nan	-nan	-nan
-nan	-nan	-nan	-nan
-nan	-nan	-nan	-nan
-nan	-nan	-nan	-nan
>WAACCACA	1-WAACCACA	8.599509	-156.543407	0	T:203.0(16.69%),B:1807.5(3.83%),P:1e-67	Tpos:278.5,Tstd:188.2,Bpos:257.2,Bstd:150.3,StrandBias:-0.1,Multiplicity:1.12
0.520	0.067	0.011	0.402
0.750	0.112	0.109	0.029
0.791	0.016	0.192	0.001
0.006	0.857	0.085	0.052
0.070	0.862	0.023	0.045
0.744	0.033	0.157	0.066
0.041	0.899	0.022	0.038
0.703	0.062	0.060	0.175
>AACCACAN	2-AACCACAN	6.136529	-108.767989	0	T:675.0(55.51%),B:16530.4(35.06%),P:1e-47	Tpos:281.6,Tstd:186.2,Bpos:249.9,Bstd:151.2,StrandBias:0.0,Multiplicity:1.49
0.527	0.187	0.163	0.123
0.933	0.001	0.065	0.001
0.001	0.997	0.001	0.001
0.001	0.976	0.001	0.022
0.871	0.001	0.127	0.001
0.001	0.895	0.001	0.103
0.671	0.106	0.109	0.114
0.245	0.171	0.267	0.316
>CACTTCCT	3-CACTTCCT	9.203794	-102.557256	0	T:278.0(22.86%),B:4355.2(9.24%),P:1e-44	Tpos:288.7,Tstd:163.1,Bpos:250.1,Bstd:149.1,StrandBias:-0.4,Multiplicity:1.14
0.001	0.997	0.001	0.001
0.997	0.001	0.001	0.001
0.001	0.773	0.001	0.225
0.312	0.001	0.001	0.686
0.001	0.001	0.001	0.997
0.001	0.997	0.001	0.001
0.001	0.997	0.001	0.001
0.001	0.001	0.001	0.997
>ACAGGAAG	4-ACAGGAAG	7.012268	-89.887199	0	T:270.0(22.20%),B:4463.5(9.47%),P:1e-39	Tpos:274.2,Tstd:188.4,Bpos:248.6,Bstd:147.3,StrandBias:0.1,Multiplicity:1.19
0.997	0.001	0.001	0.001
0.001	0.997	0.001	0.001
0.942	0.056	0.001	0.001
0.001	0.001	0.997	0.001
0.001	0.001	0.997	0.001
0.997	0.001	0.001	0.001
0.997	0.001	0.001	0.001
0.308	0.001	0.690	0.001
>TGAGTCAT	5-TGAGTCAT	9.058579	-83.088239	0	T:160.0(13.16%),B:1963.4(4.16%),P:1e-36	Tpos:280.1,Tstd:156.5,Bpos:243.6,Bstd:147.0,StrandBias:0.1,Multiplicity:1.12
0.001	0.001	0.001	0.997
0.001	0.001	0.983	0.015
0.968	0.013	0.001	0.018
0.024	0.259	0.681	0.036
0.001	0.001	0.001	0.997
0.017	0.981	0.001	0.001
0.988	0.001	0.010	0.001
0.026	0.210	0.118	0.646
>MAGCMACA	6-MAGCMACA	7.277457	-50.207929	0	T:387.0(31.83%),B:9425.4(19.99%),P:1e-21	Tpos:271.7,Tstd:181.1,Bpos:246.9,Bstd:150.6,StrandBias:0.1,Multiplicity:1.19
0.419	0.339	0.001	0.240
0.917	0.001	0.081	0.001
0.117	0.001	0.801	0.081
0.001	0.997	0.001	0.001
0.464	0.418	0.016	0.102
0.902	0.005	0.001	0.092
0.203	0.795	0.001	0.001
0.984	0.014	0.001	0.001
>AAGTGTCA	7-AAGTGTCA	4.474993	-46.869727	0	T:216.0(17.76%),B:4303.1(9.13%),P:1e-20	Tpos:274.6,Tstd:175.1,Bpos:246.6,Bstd:152.9,StrandBias:0.1,Multiplicity:1.17
0.997	0.001	0.001	0.001
0.874	0.001	0.124	0.001
0.001	0.001	0.997	0.001
0.001	0.001	0.001	0.997
0.001	0.001	0.997	0.001
0.001	0.001	0.001	0.997
0.001	0.872	0.011	0.116
0.997	0.001	0.001	0.001
>RGGCGTGG	8-RGGCGTGG	7.356750	-41.200453	0	T:351.0(28.87%),B:8731.4(18.52%),P:1e-17	Tpos:302.7,Tstd:216.5,Bpos:246.8,Bstd:163.3,StrandBias:0.0,Multiplicity:1.59
0.432	0.001	0.566	0.001
0.001	0.001	0.997	0.001
0.008	0.001	0.990	0.001
0.001	0.997	0.001	0.001
0.001	0.001	0.997	0.001
0.005	0.001	0.379	0.615
0.092	0.001	0.537	0.370
0.209	0.001	0.483	0.307
>GATCAAAG	9-GATCAAAG	8.311513	-39.232476	0	T:142.0(11.68%),B:2525.2(5.36%),P:1e-17	Tpos:292.4,Tstd:188.9,Bpos:256.3,Bstd:147.5,StrandBias:0.2,Multiplicity:1.15
0.042	0.113	0.826	0.019
0.971	0.001	0.001	0.027
0.050	0.001	0.033	0.916
0.022	0.852	0.125	0.001
0.949	0.001	0.022	0.028
0.930	0.038	0.001	0.031
0.968	0.003	0.028	0.001
0.149	0.001	0.849	0.001
>GGTGGRGC	10-GGTGGRGC	7.364863	-31.235633	0	T:308.0(25.33%),B:7906.2(16.77%),P:1e-13	Tpos:293.8,Tstd:190.8,Bpos:248.6,Bstd:151.1,StrandBias:0.1,Multiplicity:1.20
0.001	0.001	0.997	0.001
0.001	0.001	0.997	0.001
0.081	0.001	0.001	0.917
0.001	0.001	0.802	0.196
0.269	0.001	0.729	0.001
0.551	0.001	0.447	0.001
0.001	0.001	0.997	0.001
0.001	0.932	0.001	0.066
>GATTGGTT	11-GATTGGTT	6.503675	-29.110028	0	T:178.0(14.64%),B:3924.7(8.32%),P:1e-12	Tpos:265.1,Tstd:174.4,Bpos:248.8,Bstd:150.4,StrandBias:-0.1,Multiplicity:1.19
0.122	0.122	0.613	0.143
0.670	0.061	0.268	0.001
0.001	0.146	0.303	0.550
0.033	0.050	0.207	0.710
0.172	0.013	0.772	0.043
0.013	0.001	0.714	0.272
0.104	0.193	0.004	0.699
0.090	0.287	0.002	0.621
>AACKGAAA	12-AACKGAAA	4.969718	-25.797704	0	T:448.0(36.84%),B:13131.1(27.85%),P:1e-11	Tpos:286.4,Tstd:207.4,Bpos:245.5,Bstd:148.4,StrandBias:0.1,Multiplicity:1.38
0.720	0.062	0.169	0.049
0.432	0.165	0.171	0.232
0.217	0.425	0.215	0.143
0.192	0.073	0.424	0.310
0.103	0.099	0.681	0.117
0.630	0.204	0.100	0.066
0.554	0.140	0.125	0.181
0.557	0.082	0.323	0.038
>TTTCAAAG	13-TTTCAAAG	7.206559	-25.204104	0	T:276.0(22.70%),B:7241.0(15.36%),P:1e-10	Tpos:288.7,Tstd:207.1,Bpos:251.3,Bstd:151.0,StrandBias:0.1,Multiplicity:1.21
0.046	0.133	0.044	0.777
0.036	0.001	0.001	0.962
0.186	0.001	0.072	0.741
0.001	0.870	0.128	0.001
0.924	0.001	0.001	0.074
0.997	0.001	0.001	0.001
0.942	0.056	0.001	0.001
0.085	0.083	0.831	0.001
>GACTGACA	14-GACTGACA	6.885288	-23.933493	0	T:186.0(15.30%),B:4428.3(9.39%),P:1e-10	Tpos:256.8,Tstd:173.7,Bpos:250.7,Bstd:151.5,StrandBias:0.1,Multiplicity:1.18
0.138	0.001	0.860	0.001
0.870	0.128	0.001	0.001
0.001	0.997	0.001	0.001
0.001	0.001	0.001	0.997
0.001	0.141	0.857	0.001
0.997	0.001	0.001	0.001
0.001	0.892	0.001	0.106
0.997	0.001	0.001	0.001
>AGTTATCA	15-AGTTATCA	5.185191	-21.723216	0	T:529.0(43.50%),B:16461.8(34.91%),P:1e-9	Tpos:287.2,Tstd:217.7,Bpos:248.1,Bstd:148.7,StrandBias:0.0,Multiplicity:1.42
0.767	0.094	0.079	0.060
0.025	0.129	0.783	0.063
0.065	0.110	0.043	0.782
0.236	0.102	0.059	0.603
0.753	0.107	0.002	0.138
0.101	0.051	0.126	0.722
0.105	0.778	0.021	0.096
0.823	0.042	0.031	0.104
>NGGCGGAN	16-NGGCGGAN	5.130730	-21.375482	0	T:146.0(12.01%),B:3338.7(7.08%),P:1e-9	Tpos:335.4,Tstd:213.6,Bpos:246.1,Bstd:165.5,StrandBias:-0.3,Multiplicity:1.40
0.287	0.201	0.295	0.218
0.202	0.121	0.581	0.096
0.147	0.135	0.557	0.161
0.078	0.600	0.174	0.148
0.159	0.157	0.511	0.173
0.154	0.143	0.574	0.129
0.612	0.133	0.145	0.110
0.258	0.207	0.270	0.265
>TCACAAGG	17-TCACAAGG	8.351222	-14.362369	0	T:56.0(4.61%),B:1052.2(2.23%),P:1e-6	Tpos:260.5,Tstd:166.3,Bpos:250.1,Bstd:149.0,StrandBias:-0.3,Multiplicity:1.02
0.001	0.001	0.001	0.997
0.001	0.997	0.001	0.001
0.997	0.001	0.001	0.001
0.001	0.997	0.001	0.001
0.932	0.001	0.066	0.001
0.997	0.001	0.001	0.001
0.001	0.001	0.997	0.001
0.001	0.001	0.997	0.001
