>TGTGGTTT	1-TGTGGTTT	7.218699	-184.521686	0	T:712.0(28.16%),B:6343.7(13.67%),P:1e-80	Tpos:290.5,Tstd:274.5,Bpos:231.7,Bstd:141.8,StrandBias:-0.2,Multiplicity:1.24
0.036	0.007	0.046	0.911
0.001	0.001	0.961	0.037
0.025	0.043	0.029	0.903
0.001	0.001	0.997	0.001
0.001	0.001	0.997	0.001
0.001	0.047	0.001	0.951
0.023	0.075	0.026	0.876
0.185	0.047	0.100	0.668
>ACAGGAAG	2-ACAGGAAG	7.801733	-120.102670	0	T:672.0(26.58%),B:6880.5(14.82%),P:1e-52	Tpos:299.9,Tstd:244.4,Bpos:230.3,Bstd:136.7,StrandBias:-0.3,Multiplicity:1.22
0.886	0.001	0.112	0.001
0.001	0.997	0.001	0.001
0.936	0.062	0.001	0.001
0.001	0.001	0.997	0.001
0.001	0.001	0.997	0.001
0.997	0.001	0.001	0.001
0.914	0.001	0.001	0.084
0.246	0.001	0.752	0.001
>TGCGGTTA	3-TGCGGTTA	4.963789	-110.748168	0	T:1398.0(55.30%),B:18943.8(40.82%),P:1e-48	Tpos:301.6,Tstd:253.8,Bpos:232.2,Bstd:142.4,StrandBias:-0.1,Multiplicity:1.35
0.115	0.086	0.066	0.733
0.083	0.026	0.806	0.085
0.119	0.612	0.084	0.185
0.016	0.038	0.899	0.047
0.092	0.022	0.817	0.069
0.063	0.135	0.056	0.746
0.132	0.080	0.135	0.653
0.744	0.086	0.073	0.097
>ATGGGGCG	4-ATGGGGCG	3.891696	-68.982741	0	T:380.0(15.03%),B:3772.5(8.13%),P:1e-29	Tpos:321.6,Tstd:268.1,Bpos:237.0,Bstd:151.2,StrandBias:0.2,Multiplicity:1.23
0.997	0.001	0.001	0.001
0.001	0.001	0.412	0.586
0.333	0.001	0.664	0.002
0.001	0.001	0.921	0.077
0.001	0.001	0.997	0.001
0.001	0.001	0.997	0.001
0.001	0.997	0.001	0.001
0.001	0.001	0.997	0.001
>ACTTCCTC	5-ACTTCCTC	6.939907	-58.289903	0	T:383.0(15.15%),B:4039.0(8.70%),P:1e-25	Tpos:310.4,Tstd:279.1,Bpos:233.1,Bstd:138.6,StrandBias:0.0,Multiplicity:1.11
0.997	0.001	0.001	0.001
0.001	0.807	0.001	0.191
0.001	0.001	0.001	0.997
0.001	0.001	0.001	0.997
0.001	0.997	0.001	0.001
0.001	0.997	0.001	0.001
0.001	0.117	0.084	0.798
0.001	0.997	0.001	0.001
>TGTGGTAA	6-TGTGGTAA	6.766688	-49.627996	0	T:586.0(23.18%),B:7328.9(15.79%),P:1e-21	Tpos:266.1,Tstd:217.6,Bpos:232.4,Bstd:139.3,StrandBias:-0.0,Multiplicity:1.21
0.001	0.001	0.041	0.957
0.001	0.001	0.901	0.097
0.031	0.015	0.001	0.953
0.001	0.001	0.997	0.001
0.032	0.001	0.966	0.001
0.001	0.036	0.001	0.962
0.647	0.159	0.193	0.001
0.827	0.029	0.048	0.096
>TTTCGGTT	7-TTTCGGTT	6.132521	-48.274773	0	T:509.0(20.13%),B:6173.0(13.30%),P:1e-20	Tpos:309.1,Tstd:282.7,Bpos:230.1,Bstd:145.7,StrandBias:-0.2,Multiplicity:1.23
0.063	0.106	0.064	0.767
0.062	0.081	0.070	0.787
0.063	0.072	0.094	0.771
0.086	0.736	0.102	0.076
0.185	0.141	0.647	0.027
0.049	0.161	0.636	0.154
0.073	0.048	0.054	0.825
0.090	0.043	0.032	0.835
>TTACTCAT	8-TTACTCAT	6.785287	-44.508830	0	T:194.0(7.67%),B:1743.6(3.76%),P:1e-19	Tpos:271.6,Tstd:220.5,Bpos:235.0,Bstd:133.1,StrandBias:-0.3,Multiplicity:1.08
0.001	0.001	0.001	0.997
0.001	0.001	0.184	0.814
0.997	0.001	0.001	0.001
0.001	0.922	0.076	0.001
0.001	0.001	0.001	0.997
0.001	0.997	0.001	0.001
0.997	0.001	0.001	0.001
0.018	0.001	0.001	0.980
>CGGTTTTG	9-CGGTTTTG	4.642013	-44.324058	0	T:826.0(32.67%),B:11431.9(24.63%),P:1e-19	Tpos:305.3,Tstd:243.8,Bpos:233.0,Bstd:146.7,StrandBias:-0.0,Multiplicity:1.26
0.156	0.495	0.233	0.117
0.102	0.145	0.642	0.111
0.082	0.258	0.561	0.099
0.105	0.117	0.234	0.544
0.148	0.114	0.113	0.625
0.054	0.195	0.067	0.684
0.152	0.182	0.128	0.538
0.165	0.131	0.494	0.210
>CCCCGCCC	10-CCCCGCCC	8.835852	-39.591747	0	T:397.0(15.70%),B:4729.4(10.19%),P:1e-17	Tpos:343.6,Tstd:253.5,Bpos:233.9,Bstd:151.9,StrandBias:-0.1,Multiplicity:1.60
0.001	0.997	0.001	0.001
0.001	0.822	0.001	0.176
0.141	0.857	0.001	0.001
0.001	0.997	0.001	0.001
0.001	0.001	0.997	0.001
0.001	0.997	0.001	0.001
0.001	0.997	0.001	0.001
0.001	0.919	0.001	0.079
>ACGTGTCA	11-ACGTGTCA	6.152862	-26.448007	0	T:436.0(17.25%),B:5799.3(12.50%),P:1e-11	Tpos:307.5,Tstd:260.1,Bpos:231.8,Bstd:147.1,StrandBias:-0.0,Multiplicity:1.16
0.597	0.116	0.172	0.115
0.001	0.764	0.171	0.064
0.001	0.001	0.997	0.001
0.001	0.021	0.152	0.826
0.001	0.188	0.810	0.001
0.001	0.001	0.001	0.997
0.004	0.653	0.001	0.342
0.683	0.001	0.196	0.120
>TTGATGTG	12-TTGATGTG	10.782973	-24.983324	0	T:75.0(2.97%),B:572.2(1.23%),P:1e-10	Tpos:239.7,Tstd:171.5,Bpos:231.1,Bstd:131.0,StrandBias:-0.5,Multiplicity:1.04
0.001	0.247	0.001	0.751
0.001	0.001	0.001	0.997
0.001	0.001	0.997	0.001
0.997	0.001	0.001	0.001
0.001	0.001	0.001	0.997
0.001	0.001	0.997	0.001
0.001	0.001	0.001	0.997
0.001	0.001	0.997	0.001
>CCACTAGA	13-CCACTAGA	7.825617	-22.323296	0	T:111.0(4.39%),B:1062.4(2.29%),P:1e-9	Tpos:264.1,Tstd:215.1,Bpos:227.7,Bstd:134.5,StrandBias:-0.1,Multiplicity:1.05
0.001	0.734	0.264	0.001
0.001	0.832	0.053	0.114
0.997	0.001	0.001	0.001
0.001	0.997	0.001	0.001
0.001	0.001	0.001	0.997
0.997	0.001	0.001	0.001
0.001	0.001	0.997	0.001
0.997	0.001	0.001	0.001
>GAAATGAC	14-GAAATGAC	8.345644	-16.844576	0	T:113.0(4.47%),B:1207.3(2.60%),P:1e-7	Tpos:256.9,Tstd:259.4,Bpos:238.9,Bstd:132.0,StrandBias:-0.2,Multiplicity:1.02
0.001	0.001	0.997	0.001
0.798	0.200	0.001	0.001
0.916	0.001	0.001	0.082
0.997	0.001	0.001	0.001
0.001	0.001	0.001	0.997
0.001	0.001	0.997	0.001
0.997	0.001	0.001	0.001
0.001	0.997	0.001	0.001
