>CCCACTTCCTGT	1-CCCACTTCCTGT	8.888028	-175.468739	0	T:412.0(16.30%),B:2727.6(5.88%),P:1e-76	Tpos:310.9,Tstd:251.8,Bpos:230.1,Bstd:136.8,StrandBias:0.2,Multiplicity:1.11
0.237	0.445	0.190	0.128
0.216	0.535	0.001	0.248
0.046	0.639	0.077	0.238
0.740	0.095	0.112	0.053
0.001	0.803	0.018	0.178
0.284	0.032	0.018	0.666
0.001	0.004	0.001	0.994
0.037	0.893	0.001	0.069
0.001	0.997	0.001	0.001
0.001	0.001	0.001	0.997
0.013	0.211	0.596	0.180
0.140	0.289	0.038	0.533
>NWAACCACAARV	2-NWAACCACAARV	6.236392	-152.979521	0	T:1086.0(42.96%),B:12511.8(26.96%),P:1e-66	Tpos:283.8,Tstd:265.8,Bpos:230.2,Bstd:142.3,StrandBias:0.0,Multiplicity:1.28
0.278	0.270	0.214	0.237
0.391	0.168	0.114	0.327
0.883	0.059	0.001	0.057
0.860	0.060	0.079	0.001
0.054	0.944	0.001	0.001
0.001	0.997	0.001	0.001
0.726	0.026	0.143	0.105
0.163	0.794	0.024	0.019
0.830	0.024	0.083	0.063
0.540	0.200	0.169	0.091
0.370	0.174	0.333	0.123
0.282	0.228	0.352	0.138
>CCACCWGGTGGC	3-CCACCWGGTGGC	9.729531	-123.695983	0	T:162.0(6.41%),B:663.1(1.43%),P:1e-53	Tpos:262.4,Tstd:212.7,Bpos:235.5,Bstd:131.7,StrandBias:-0.0,Multiplicity:1.04
0.173	0.769	0.001	0.057
0.001	0.997	0.001	0.001
0.851	0.147	0.001	0.001
0.049	0.773	0.093	0.085
0.217	0.505	0.001	0.277
0.504	0.029	0.009	0.458
0.146	0.001	0.731	0.122
0.295	0.004	0.700	0.001
0.001	0.045	0.300	0.654
0.001	0.001	0.997	0.001
0.148	0.001	0.713	0.138
0.075	0.647	0.073	0.205
>TGAAACCACAAC	4-TGAAACCACAAC	7.133085	-118.096014	0	T:524.0(20.73%),B:4847.5(10.44%),P:1e-51	Tpos:297.0,Tstd:273.2,Bpos:231.2,Bstd:140.4,StrandBias:0.2,Multiplicity:1.20
0.135	0.070	0.117	0.678
0.096	0.115	0.703	0.086
0.738	0.099	0.072	0.091
0.757	0.076	0.093	0.074
0.807	0.065	0.074	0.054
0.088	0.773	0.067	0.072
0.074	0.813	0.026	0.087
0.824	0.053	0.040	0.083
0.087	0.774	0.082	0.057
0.803	0.102	0.038	0.057
0.670	0.118	0.113	0.099
0.151	0.662	0.098	0.089
>NTAACCACAGRN	5-NTAACCACAGRN	8.603945	-95.933775	0	T:260.0(10.28%),B:1848.1(3.98%),P:1e-41	Tpos:263.9,Tstd:207.1,Bpos:233.1,Bstd:138.5,StrandBias:0.3,Multiplicity:1.08
0.314	0.243	0.199	0.244
0.284	0.129	0.048	0.539
0.574	0.185	0.130	0.111
0.633	0.069	0.260	0.038
0.182	0.808	0.009	0.001
0.026	0.955	0.001	0.018
0.816	0.068	0.051	0.065
0.001	0.997	0.001	0.001
0.750	0.001	0.001	0.248
0.016	0.238	0.745	0.001
0.405	0.019	0.438	0.137
0.284	0.210	0.265	0.241
>GCGAAAGTGAAA	6-GCGAAAGTGAAA	8.150082	-63.252359	0	T:237.0(9.38%),B:1991.6(4.29%),P:1e-27	Tpos:302.2,Tstd:242.7,Bpos:229.6,Bstd:138.6,StrandBias:0.1,Multiplicity:1.09
0.043	0.107	0.777	0.073
0.171	0.560	0.095	0.174
0.076	0.115	0.731	0.078
0.839	0.040	0.072	0.049
0.870	0.078	0.051	0.001
0.856	0.024	0.062	0.058
0.051	0.015	0.910	0.024
0.091	0.001	0.022	0.886
0.013	0.011	0.975	0.001
0.875	0.014	0.062	0.049
0.795	0.059	0.122	0.024
0.935	0.024	0.040	0.001
>CCGCCCCGCCCT	7-CCGCCCCGCCCT	8.773361	-54.740630	0	T:392.0(15.51%),B:4250.1(9.16%),P:1e-23	Tpos:295.7,Tstd:212.2,Bpos:232.4,Bstd:143.4,StrandBias:0.1,Multiplicity:1.29
0.024	0.820	0.033	0.123
0.319	0.541	0.065	0.075
0.162	0.083	0.545	0.210
0.034	0.873	0.092	0.001
0.007	0.823	0.052	0.118
0.001	0.879	0.005	0.115
0.161	0.743	0.029	0.067
0.104	0.001	0.759	0.136
0.040	0.958	0.001	0.001
0.013	0.949	0.037	0.001
0.028	0.847	0.001	0.124
0.214	0.101	0.062	0.623
>GGGATTTCCCCG	8-GGGATTTCCCCG	8.677261	-50.979797	0	T:142.0(5.62%),B:1023.5(2.21%),P:1e-22	Tpos:345.2,Tstd:328.4,Bpos:232.2,Bstd:134.6,StrandBias:-0.1,Multiplicity:1.07
0.087	0.001	0.806	0.106
0.001	0.001	0.931	0.067
0.053	0.065	0.815	0.067
0.631	0.135	0.158	0.076
0.229	0.115	0.001	0.655
0.033	0.001	0.120	0.846
0.001	0.187	0.001	0.811
0.001	0.909	0.089	0.001
0.001	0.997	0.001	0.001
0.067	0.877	0.034	0.022
0.068	0.830	0.053	0.049
0.073	0.080	0.505	0.342
>NVAAACCACRKA	9-NVAAACCACRKA	4.310579	-44.223556	0	T:1672.0(66.14%),B:26596.4(57.30%),P:1e-19	Tpos:308.4,Tstd:265.9,Bpos:232.5,Bstd:141.5,StrandBias:0.0,Multiplicity:1.54
0.253	0.301	0.219	0.227
0.201	0.351	0.347	0.101
0.455	0.101	0.226	0.217
0.622	0.076	0.051	0.251
0.656	0.142	0.051	0.151
0.026	0.747	0.176	0.051
0.076	0.522	0.301	0.101
0.581	0.076	0.267	0.076
0.076	0.697	0.126	0.101
0.347	0.176	0.351	0.126
0.192	0.176	0.381	0.251
0.403	0.193	0.252	0.152
>ACTACAYTTCCC	10-ACTACAYTTCCC	10.603600	-40.263840	0	T:49.0(1.94%),B:191.7(0.41%),P:1e-17	Tpos:277.4,Tstd:173.2,Bpos:231.6,Bstd:141.9,StrandBias:0.3,Multiplicity:1.12
0.914	0.001	0.084	0.001
0.001	0.997	0.001	0.001
0.001	0.065	0.084	0.850
0.909	0.089	0.001	0.001
0.001	0.997	0.001	0.001
0.828	0.004	0.084	0.084
0.010	0.511	0.084	0.395
0.001	0.169	0.001	0.829
0.001	0.086	0.001	0.912
0.001	0.780	0.001	0.218
0.001	0.997	0.001	0.001
0.055	0.860	0.084	0.001
>AAGGCTCCGCCC	11-AAGGCTCCGCCC	8.752230	-40.104640	0	T:180.0(7.12%),B:1638.3(3.53%),P:1e-17	Tpos:323.4,Tstd:219.5,Bpos:235.0,Bstd:142.5,StrandBias:-0.1,Multiplicity:1.15
0.743	0.087	0.076	0.094
0.788	0.040	0.119	0.053
0.049	0.030	0.854	0.067
0.065	0.009	0.925	0.001
0.059	0.856	0.001	0.084
0.067	0.054	0.001	0.878
0.052	0.821	0.060	0.067
0.139	0.748	0.001	0.112
0.076	0.001	0.823	0.100
0.001	0.909	0.078	0.012
0.015	0.889	0.095	0.001
0.082	0.739	0.034	0.145
>RAATGAGTCATT	12-RAATGAGTCATT	9.570667	-38.638792	0	T:73.0(2.89%),B:413.6(0.89%),P:1e-16	Tpos:230.4,Tstd:175.4,Bpos:230.8,Bstd:130.6,StrandBias:-0.1,Multiplicity:1.01
0.316	0.081	0.381	0.221
0.623	0.091	0.285	0.001
0.567	0.263	0.069	0.101
0.023	0.001	0.026	0.950
0.001	0.001	0.954	0.044
0.983	0.001	0.001	0.015
0.001	0.379	0.619	0.001
0.061	0.001	0.001	0.937
0.001	0.974	0.024	0.001
0.974	0.001	0.001	0.024
0.117	0.123	0.121	0.639
0.001	0.269	0.251	0.479
>TRGCTTCCTGTC	13-TRGCTTCCTGTC	10.690534	-33.005833	0	T:55.0(2.18%),B:285.4(0.61%),P:1e-14	Tpos:293.3,Tstd:233.4,Bpos:245.3,Bstd:124.9,StrandBias:1.0,Multiplicity:1.04
0.050	0.085	0.001	0.864
0.541	0.001	0.457	0.001
0.001	0.123	0.875	0.001
0.001	0.844	0.001	0.154
0.079	0.001	0.001	0.919
0.079	0.001	0.027	0.893
0.159	0.837	0.003	0.001
0.001	0.839	0.159	0.001
0.001	0.079	0.001	0.919
0.001	0.001	0.981	0.017
0.001	0.001	0.114	0.884
0.141	0.702	0.029	0.128
>GCCACGCCCCCT	14-GCCACGCCCCCT	10.909386	-25.266343	0	T:44.0(1.74%),B:239.1(0.52%),P:1e-10	Tpos:278.1,Tstd:211.7,Bpos:228.9,Bstd:140.5,StrandBias:0.1,Multiplicity:1.07
0.001	0.001	0.960	0.038
0.070	0.926	0.003	0.001
0.142	0.856	0.001	0.001
0.912	0.001	0.001	0.086
0.086	0.912	0.001	0.001
0.061	0.001	0.790	0.148
0.346	0.652	0.001	0.001
0.001	0.997	0.001	0.001
0.001	0.929	0.001	0.069
0.061	0.850	0.087	0.002
0.003	0.660	0.002	0.335
0.135	0.001	0.116	0.748
>AGGTTTCACACW	15-AGGTTTCACACW	12.489523	-23.706274	0	T:18.0(0.71%),B:43.0(0.09%),P:1e-10	Tpos:356.1,Tstd:262.2,Bpos:231.5,Bstd:150.9,StrandBias:-0.7,Multiplicity:1.12
0.997	0.001	0.001	0.001
0.001	0.001	0.997	0.001
0.164	0.052	0.783	0.001
0.001	0.001	0.001	0.997
0.001	0.001	0.329	0.669
0.250	0.001	0.001	0.748
0.251	0.497	0.001	0.251
0.997	0.001	0.001	0.001
0.001	0.997	0.001	0.001
0.997	0.001	0.001	0.001
0.001	0.997	0.001	0.001
0.493	0.001	0.001	0.505
>CGGTTTCCTCAC	16-CGGTTTCCTCAC	8.897960	-23.499148	0	T:108.0(4.27%),B:1001.2(2.16%),P:1e-10	Tpos:278.8,Tstd:244.2,Bpos:226.4,Bstd:141.8,StrandBias:-0.0,Multiplicity:1.05
0.049	0.706	0.108	0.137
0.078	0.069	0.801	0.052
0.024	0.057	0.868	0.051
0.001	0.119	0.026	0.854
0.024	0.108	0.056	0.812
0.024	0.031	0.073	0.872
0.014	0.873	0.073	0.040
0.001	0.916	0.001	0.082
0.049	0.106	0.024	0.821
0.049	0.849	0.100	0.002
0.808	0.070	0.001	0.121
0.085	0.830	0.061	0.024
>CCGGAAGAGCCT	17-CCGGAAGAGCCT	12.819193	-18.967405	0	T:16.0(0.63%),B:44.6(0.10%),P:1e-8	Tpos:289.8,Tstd:215.8,Bpos:198.9,Bstd:136.3,StrandBias:0.4,Multiplicity:1.00
0.001	0.997	0.001	0.001
0.083	0.843	0.073	0.001
0.049	0.001	0.949	0.001
0.001	0.001	0.997	0.001
0.943	0.001	0.055	0.001
0.936	0.001	0.062	0.001
0.001	0.001	0.887	0.111
0.887	0.001	0.001	0.111
0.111	0.001	0.887	0.001
0.112	0.775	0.112	0.001
0.001	0.997	0.001	0.001
0.001	0.001	0.001	0.997
>TCCTCCTTGTGA	18-TCCTCCTTGTGA	14.800672	-17.593821	0	T:6.0(0.24%),B:3.1(0.01%),P:1e-7	Tpos:249.7,Tstd:109.0,Bpos:203.6,Bstd:47.1,StrandBias:-1.0,Multiplicity:1.00
0.001	0.001	0.001	0.997
0.001	0.997	0.001	0.001
0.001	0.997	0.001	0.001
0.165	0.001	0.001	0.833
0.001	0.997	0.001	0.001
0.001	0.997	0.001	0.001
0.001	0.001	0.001	0.997
0.001	0.001	0.001	0.997
0.001	0.001	0.997	0.001
0.001	0.001	0.001	0.997
0.001	0.001	0.997	0.001
0.997	0.001	0.001	0.001
>CACAGGGGAGGG	19-CACAGGGGAGGG	11.721872	-12.270641	0	T:13.0(0.51%),B:49.5(0.11%),P:1e-5	Tpos:178.3,Tstd:120.9,Bpos:201.2,Bstd:131.0,StrandBias:0.5,Multiplicity:1.58
0.001	0.926	0.001	0.072
0.997	0.001	0.001	0.001
0.001	0.997	0.001	0.001
0.948	0.001	0.050	0.001
0.001	0.001	0.997	0.001
0.001	0.001	0.997	0.001
0.001	0.001	0.997	0.001
0.001	0.001	0.997	0.001
0.997	0.001	0.001	0.001
0.001	0.001	0.997	0.001
0.081	0.001	0.755	0.163
0.001	0.001	0.997	0.001
>ACACCTCACCCA	20-ACACCTCACCCA	2.676446	-9.608342	0	T:193.0(7.63%),B:2678.0(5.77%),P:1e-4	Tpos:326.9,Tstd:312.1,Bpos:238.8,Bstd:136.4,StrandBias:-0.1,Multiplicity:1.08
0.997	0.001	0.001	0.001
0.001	0.997	0.001	0.001
0.997	0.001	0.001	0.001
0.001	0.997	0.001	0.001
0.001	0.997	0.001	0.001
0.001	0.001	0.001	0.997
0.001	0.997	0.001	0.001
0.890	0.001	0.108	0.001
0.001	0.997	0.001	0.001
0.001	0.997	0.001	0.001
0.001	0.997	0.001	0.001
0.997	0.001	0.001	0.001
>CAGTCACCTCAG	21-CAGTCACCTCAG	11.953789	-8.345166	0	T:8.0(0.32%),B:29.9(0.06%),P:1e-3	Tpos:184.7,Tstd:117.3,Bpos:247.4,Bstd:118.7,StrandBias:1.9,Multiplicity:2.00
0.001	0.890	0.001	0.108
0.997	0.001	0.001	0.001
0.001	0.001	0.914	0.084
0.001	0.001	0.001	0.997
0.108	0.890	0.001	0.001
0.997	0.001	0.001	0.001
0.001	0.997	0.001	0.001
0.001	0.997	0.001	0.001
0.001	0.001	0.001	0.997
0.001	0.997	0.001	0.001
0.997	0.001	0.001	0.001
0.001	0.108	0.890	0.001
>TGACCACACCCC	22-TGACCACACCCC	14.492173	-7.913512	0	T:4.0(0.16%),B:7.0(0.02%),P:1e-3	Tpos:328.7,Tstd:214.3,Bpos:221.9,Bstd:43.3,StrandBias:3.0,Multiplicity:2.25
0.001	0.001	0.001	0.997
0.001	0.001	0.997	0.001
0.997	0.001	0.001	0.001
0.001	0.857	0.001	0.141
0.001	0.997	0.001	0.001
0.997	0.001	0.001	0.001
0.001	0.857	0.141	0.001
0.997	0.001	0.001	0.001
0.001	0.997	0.001	0.001
0.001	0.997	0.001	0.001
0.001	0.997	0.001	0.001
0.001	0.997	0.001	0.001
>ACTGCTCAGTAA	23-ACTGCTCAGTAA	16.313121	-7.349407	0	T:3.0(0.12%),B:3.1(0.01%),P:1e-3	Tpos:173.2,Tstd:109.2,Bpos:260.8,Bstd:148.8,StrandBias:-1.0,Multiplicity:2.00
0.997	0.001	0.001	0.001
0.001	0.997	0.001	0.001
0.001	0.001	0.001	0.997
0.001	0.001	0.864	0.134
0.001	0.997	0.001	0.001
0.001	0.001	0.001	0.997
0.134	0.864	0.001	0.001
0.997	0.001	0.001	0.001
0.001	0.001	0.997	0.001
0.001	0.001	0.001	0.997
0.997	0.001	0.001	0.001
0.997	0.001	0.001	0.001
>TGAGGTACTGTG	24-TGAGGTACTGTG	12.355432	-6.550003	0	T:2.0(0.08%),B:1.8(0.00%),P:1e-2	Tpos:133.9,Tstd:66.2,Bpos:293.1,Bstd:5.2,StrandBias:10.0,Multiplicity:4.00
0.100	0.100	0.100	0.700
0.100	0.100	0.700	0.100
0.700	0.100	0.100	0.100
0.100	0.100	0.700	0.100
0.100	0.100	0.700	0.100
0.100	0.100	0.100	0.700
0.700	0.100	0.100	0.100
0.100	0.700	0.100	0.100
0.100	0.100	0.100	0.700
0.100	0.100	0.700	0.100
0.100	0.100	0.100	0.700
0.100	0.100	0.700	0.100
>TGCTAACACACT	25-TGCTAACACACT	14.376858	-6.526771	0	T:3.0(0.12%),B:4.5(0.01%),P:1e-2	Tpos:188.1,Tstd:96.1,Bpos:300.5,Bstd:115.3,StrandBias:3.0,Multiplicity:3.00
0.001	0.001	0.001	0.997
0.001	0.001	0.997	0.001
0.108	0.890	0.001	0.001
0.001	0.001	0.001	0.997
0.997	0.001	0.001	0.001
0.997	0.001	0.001	0.001
0.001	0.997	0.001	0.001
0.997	0.001	0.001	0.001
0.001	0.997	0.001	0.001
0.997	0.001	0.001	0.001
0.001	0.997	0.001	0.001
0.001	0.001	0.001	0.997
