>WAACCACARV	1-WAACCACARV	6.896645	-201.702396	0	T:822.0(32.52%),B:7598.4(16.37%),P:1e-87	Tpos:292.8,Tstd:271.1,Bpos:231.0,Bstd:141.5,StrandBias:0.1,Multiplicity:1.33
0.460	0.146	0.053	0.341
0.629	0.095	0.130	0.146
0.731	0.090	0.178	0.001
0.029	0.931	0.039	0.001
0.001	0.985	0.001	0.013
0.825	0.002	0.138	0.035
0.099	0.828	0.046	0.027
0.665	0.074	0.023	0.238
0.397	0.139	0.257	0.206
0.249	0.349	0.273	0.129
>ACAGGAAGTG	2-ACAGGAAGTG	8.241163	-177.033618	0	T:593.0(23.46%),B:4880.8(10.52%),P:1e-76	Tpos:295.7,Tstd:226.3,Bpos:234.7,Bstd:139.4,StrandBias:-0.1,Multiplicity:1.19
0.727	0.030	0.194	0.049
0.118	0.579	0.215	0.088
0.899	0.033	0.067	0.001
0.004	0.008	0.987	0.001
0.002	0.001	0.996	0.001
0.997	0.001	0.001	0.001
0.866	0.032	0.004	0.098
0.282	0.011	0.705	0.002
0.038	0.276	0.079	0.607
0.226	0.149	0.433	0.192
>CCACTAGGGG	3-CCACTAGGGG	9.190737	-94.665662	0	T:154.0(6.09%),B:765.0(1.65%),P:1e-41	Tpos:268.8,Tstd:192.4,Bpos:235.0,Bstd:136.6,StrandBias:-0.0,Multiplicity:1.01
0.045	0.941	0.001	0.013
0.001	0.997	0.001	0.001
0.929	0.001	0.040	0.030
0.015	0.983	0.001	0.001
0.064	0.196	0.001	0.739
0.997	0.001	0.001	0.001
0.001	0.001	0.997	0.001
0.169	0.001	0.807	0.023
0.001	0.001	0.648	0.350
0.001	0.001	0.997	0.001
>GAAAGHGAAA	4-GAAAGHGAAA	8.443085	-71.305443	0	T:364.0(14.40%),B:3509.9(7.56%),P:1e-30	Tpos:312.8,Tstd:240.2,Bpos:230.8,Bstd:143.3,StrandBias:0.1,Multiplicity:1.19
0.111	0.117	0.749	0.023
0.889	0.015	0.071	0.025
0.966	0.001	0.001	0.032
0.932	0.017	0.050	0.001
0.090	0.189	0.720	0.001
0.284	0.350	0.001	0.364
0.117	0.001	0.881	0.001
0.933	0.001	0.065	0.001
0.884	0.043	0.072	0.001
0.997	0.001	0.001	0.001
>GCCCCGCCCT	5-GCCCCGCCCT	7.831998	-70.357948	0	T:605.0(23.93%),B:7013.0(15.11%),P:1e-30	Tpos:315.3,Tstd:236.2,Bpos:232.7,Bstd:145.2,StrandBias:-0.1,Multiplicity:1.63
0.216	0.001	0.718	0.065
0.001	0.934	0.064	0.001
0.022	0.693	0.016	0.269
0.098	0.841	0.009	0.052
0.063	0.877	0.001	0.059
0.114	0.001	0.700	0.185
0.003	0.888	0.020	0.089
0.001	0.997	0.001	0.001
0.027	0.762	0.001	0.210
0.204	0.164	0.086	0.546
>ACCACATCCT	6-ACCACATCCT	9.937265	-57.288865	0	T:115.0(4.55%),B:673.7(1.45%),P:1e-24	Tpos:296.0,Tstd:249.4,Bpos:233.2,Bstd:137.4,StrandBias:0.7,Multiplicity:1.08
0.548	0.253	0.198	0.001
0.001	0.832	0.001	0.166
0.001	0.997	0.001	0.001
0.997	0.001	0.001	0.001
0.001	0.997	0.001	0.001
0.997	0.001	0.001	0.001
0.001	0.001	0.001	0.997
0.001	0.613	0.001	0.385
0.001	0.997	0.001	0.001
0.001	0.001	0.001	0.997
>GCGAACCACA	7-GCGAACCACA	6.241499	-50.568650	0	T:161.0(6.37%),B:1247.1(2.69%),P:1e-21	Tpos:273.1,Tstd:237.6,Bpos:234.3,Bstd:146.8,StrandBias:-0.1,Multiplicity:1.04
0.132	0.101	0.689	0.078
0.096	0.699	0.089	0.116
0.132	0.087	0.558	0.223
0.570	0.136	0.143	0.151
0.567	0.121	0.132	0.180
0.129	0.551	0.105	0.215
0.145	0.623	0.177	0.055
0.567	0.125	0.151	0.157
0.193	0.602	0.139	0.066
0.517	0.172	0.212	0.099
>ATGACTCATB	8-ATGACTCATB	8.665366	-48.280294	0	T:117.0(4.63%),B:777.6(1.68%),P:1e-20	Tpos:258.9,Tstd:209.7,Bpos:236.3,Bstd:128.7,StrandBias:-0.1,Multiplicity:1.03
0.432	0.279	0.207	0.082
0.028	0.001	0.001	0.970
0.001	0.042	0.641	0.316
0.878	0.001	0.001	0.120
0.052	0.603	0.337	0.008
0.001	0.008	0.059	0.932
0.112	0.872	0.008	0.008
0.909	0.028	0.001	0.062
0.288	0.001	0.163	0.548
0.136	0.283	0.276	0.305
>AGTCACCTCA	9-AGTCACCTCA	7.375651	-45.833193	0	T:384.0(15.19%),B:4358.6(9.39%),P:1e-19	Tpos:289.9,Tstd:253.2,Bpos:236.1,Bstd:137.9,StrandBias:-0.1,Multiplicity:1.11
0.703	0.142	0.026	0.129
0.001	0.018	0.905	0.076
0.043	0.144	0.001	0.812
0.118	0.728	0.032	0.122
0.935	0.001	0.021	0.043
0.016	0.835	0.001	0.148
0.131	0.678	0.088	0.103
0.067	0.011	0.152	0.770
0.024	0.952	0.001	0.023
0.701	0.150	0.088	0.061
>AAACCTCACG	10-AAACCTCACG	6.927612	-43.999422	0	T:396.0(15.66%),B:4586.5(9.88%),P:1e-19	Tpos:286.8,Tstd:264.6,Bpos:232.7,Bstd:140.9,StrandBias:0.1,Multiplicity:1.11
0.758	0.074	0.051	0.117
0.795	0.127	0.055	0.023
0.853	0.038	0.024	0.085
0.032	0.848	0.063	0.057
0.089	0.830	0.015	0.066
0.036	0.116	0.065	0.783
0.087	0.826	0.033	0.054
0.861	0.062	0.040	0.037
0.115	0.751	0.099	0.035
0.066	0.151	0.705	0.078
>GGGAAATHCC	11-GGGAAATHCC	8.508785	-42.527554	0	T:185.0(7.32%),B:1661.9(3.58%),P:1e-18	Tpos:330.3,Tstd:318.7,Bpos:230.8,Bstd:134.0,StrandBias:-0.2,Multiplicity:1.06
0.001	0.001	0.997	0.001
0.001	0.133	0.865	0.001
0.314	0.001	0.684	0.001
0.610	0.001	0.388	0.001
0.896	0.001	0.093	0.010
0.590	0.070	0.055	0.285
0.251	0.090	0.199	0.460
0.271	0.249	0.120	0.361
0.001	0.997	0.001	0.001
0.001	0.869	0.129	0.001
>CTCATGYGGT	12-CTCATGYGGT	8.859819	-38.390820	0	T:105.0(4.15%),B:752.5(1.62%),P:1e-16	Tpos:268.7,Tstd:178.6,Bpos:230.7,Bstd:137.4,StrandBias:-0.3,Multiplicity:1.01
0.001	0.997	0.001	0.001
0.001	0.271	0.001	0.727
0.194	0.671	0.001	0.134
0.916	0.082	0.001	0.001
0.001	0.087	0.001	0.911
0.001	0.145	0.853	0.001
0.009	0.484	0.001	0.506
0.001	0.001	0.997	0.001
0.153	0.001	0.733	0.113
0.003	0.153	0.139	0.705
>RTAWCCGCRC	13-RTAWCCGCRC	6.838225	-36.619630	0	T:159.0(6.29%),B:1428.8(3.08%),P:1e-15	Tpos:273.6,Tstd:212.6,Bpos:235.8,Bstd:147.1,StrandBias:0.2,Multiplicity:1.05
0.393	0.108	0.420	0.079
0.269	0.001	0.001	0.729
0.997	0.001	0.001	0.001
0.488	0.001	0.001	0.510
0.069	0.561	0.001	0.369
0.111	0.824	0.064	0.001
0.001	0.001	0.997	0.001
0.280	0.524	0.001	0.195
0.434	0.174	0.391	0.001
0.001	0.834	0.164	0.001
>TGAAACGCGA	14-TGAAACGCGA	6.956504	-36.242216	0	T:251.0(9.93%),B:2679.2(5.77%),P:1e-15	Tpos:287.4,Tstd:228.3,Bpos:231.7,Bstd:145.7,StrandBias:0.2,Multiplicity:1.04
0.064	0.056	0.063	0.817
0.122	0.011	0.794	0.073
0.904	0.054	0.035	0.007
0.834	0.094	0.045	0.027
0.798	0.081	0.065	0.056
0.105	0.796	0.054	0.045
0.086	0.132	0.749	0.033
0.099	0.703	0.098	0.100
0.061	0.064	0.779	0.096
0.833	0.012	0.097	0.058
>TAGGTGGCGM	15-TAGGTGGCGM	9.006679	-35.411983	0	T:60.0(2.37%),B:314.3(0.68%),P:1e-15	Tpos:345.3,Tstd:248.9,Bpos:245.6,Bstd:162.3,StrandBias:-0.1,Multiplicity:1.02
0.076	0.207	0.010	0.707
0.997	0.001	0.001	0.001
0.065	0.268	0.554	0.113
0.055	0.065	0.767	0.113
0.001	0.001	0.001	0.997
0.001	0.071	0.927	0.001
0.058	0.001	0.797	0.144
0.001	0.997	0.001	0.001
0.001	0.001	0.997	0.001
0.330	0.458	0.007	0.205
>GTGACACACC	16-GTGACACACC	7.354989	-32.505613	0	T:213.0(8.43%),B:2233.9(4.81%),P:1e-14	Tpos:290.4,Tstd:242.3,Bpos:233.3,Bstd:142.3,StrandBias:0.2,Multiplicity:1.07
0.087	0.050	0.796	0.067
0.058	0.073	0.031	0.838
0.070	0.075	0.823	0.032
0.737	0.110	0.068	0.085
0.026	0.789	0.135	0.050
0.787	0.050	0.123	0.040
0.074	0.772	0.067	0.087
0.827	0.085	0.063	0.025
0.060	0.838	0.081	0.021
0.071	0.802	0.081	0.046
>KTATACTCGC	17-KTATACTCGC	8.501579	-30.607735	0	T:50.0(1.98%),B:257.0(0.55%),P:1e-13	Tpos:255.7,Tstd:165.6,Bpos:234.2,Bstd:137.7,StrandBias:0.3,Multiplicity:1.02
0.091	0.095	0.422	0.392
0.002	0.217	0.001	0.780
0.595	0.001	0.001	0.403
0.049	0.272	0.099	0.580
0.895	0.103	0.001	0.001
0.001	0.997	0.001	0.001
0.320	0.001	0.001	0.678
0.001	0.997	0.001	0.001
0.187	0.001	0.811	0.001
0.001	0.548	0.179	0.272
>GAWNCGTAGT	18-GAWNCGTAGT	7.543524	-30.488348	0	T:57.0(2.25%),B:323.6(0.70%),P:1e-13	Tpos:323.0,Tstd:323.0,Bpos:221.8,Bstd:137.2,StrandBias:0.3,Multiplicity:1.05
0.219	0.219	0.533	0.029
0.617	0.041	0.019	0.323
0.398	0.186	0.023	0.393
0.256	0.257	0.281	0.206
0.018	0.569	0.045	0.368
0.240	0.020	0.691	0.049
0.063	0.026	0.352	0.559
0.657	0.224	0.065	0.054
0.068	0.090	0.810	0.032
0.024	0.039	0.054	0.883
>GGGGAGGRAG	19-GGGGAGGRAG	8.789052	-27.226121	0	T:186.0(7.36%),B:1979.4(4.26%),P:1e-11	Tpos:325.7,Tstd:291.4,Bpos:228.8,Bstd:136.3,StrandBias:0.2,Multiplicity:1.11
0.030	0.144	0.595	0.231
0.034	0.014	0.751	0.201
0.126	0.130	0.646	0.098
0.014	0.201	0.684	0.101
0.644	0.031	0.225	0.100
0.078	0.079	0.829	0.014
0.002	0.003	0.977	0.018
0.452	0.228	0.305	0.016
0.603	0.107	0.236	0.054
0.026	0.113	0.833	0.028
>SCGCAGTCCT	20-SCGCAGTCCT	8.893569	-24.548086	0	T:120.0(4.75%),B:1138.9(2.45%),P:1e-10	Tpos:312.0,Tstd:260.1,Bpos:232.5,Bstd:139.0,StrandBias:-0.5,Multiplicity:1.06
0.068	0.348	0.410	0.175
0.001	0.610	0.140	0.249
0.001	0.001	0.997	0.001
0.071	0.859	0.001	0.069
0.997	0.001	0.001	0.001
0.355	0.027	0.617	0.001
0.391	0.001	0.001	0.607
0.001	0.779	0.219	0.001
0.001	0.997	0.001	0.001
0.001	0.151	0.001	0.847
>GGTAACACCT	21-GGTAACACCT	7.142227	-23.504221	0	T:181.0(7.16%),B:2001.5(4.31%),P:1e-10	Tpos:267.4,Tstd:177.2,Bpos:232.2,Bstd:138.6,StrandBias:0.2,Multiplicity:1.06
0.100	0.065	0.734	0.101
0.031	0.074	0.838	0.057
0.056	0.064	0.051	0.829
0.774	0.066	0.066	0.094
0.831	0.034	0.053	0.082
0.069	0.783	0.075	0.073
0.808	0.093	0.062	0.037
0.058	0.822	0.067	0.053
0.031	0.837	0.102	0.030
0.071	0.101	0.075	0.753
>TGACTACGAC	22-TGACTACGAC	6.290484	-20.139026	0	T:60.0(2.37%),B:460.1(0.99%),P:1e-8	Tpos:304.8,Tstd:305.8,Bpos:233.4,Bstd:139.9,StrandBias:0.5,Multiplicity:1.03
0.041	0.001	0.001	0.957
0.001	0.001	0.997	0.001
0.709	0.289	0.001	0.001
0.001	0.997	0.001	0.001
0.001	0.001	0.001	0.997
0.997	0.001	0.001	0.001
0.145	0.853	0.001	0.001
0.001	0.001	0.997	0.001
0.994	0.001	0.001	0.004
0.093	0.905	0.001	0.001
>TGTGAGAAAA	23-TGTGAGAAAA	9.543179	-17.545769	0	T:94.0(3.72%),B:931.7(2.01%),P:1e-7	Tpos:250.6,Tstd:186.5,Bpos:243.3,Bstd:134.6,StrandBias:-0.3,Multiplicity:1.04
0.207	0.001	0.086	0.706
0.055	0.029	0.915	0.001
0.001	0.001	0.079	0.919
0.001	0.001	0.966	0.032
0.772	0.001	0.001	0.226
0.121	0.001	0.874	0.004
0.933	0.001	0.065	0.001
0.942	0.013	0.044	0.001
0.994	0.001	0.001	0.004
0.971	0.027	0.001	0.001
>CTCCTGCTAA	24-CTCCTGCTAA	11.141656	-8.776392	0	T:12.0(0.47%),B:60.8(0.13%),P:1e-3	Tpos:272.1,Tstd:138.9,Bpos:213.6,Bstd:126.3,StrandBias:1.8,Multiplicity:1.50
0.001	0.997	0.001	0.001
0.001	0.001	0.001	0.997
0.001	0.997	0.001	0.001
0.001	0.898	0.100	0.001
0.001	0.001	0.138	0.860
0.087	0.001	0.911	0.001
0.001	0.997	0.001	0.001
0.001	0.001	0.001	0.997
0.997	0.001	0.001	0.001
0.997	0.001	0.001	0.001
>CCCACTTCCTGT	1-CCCACTTCCTGT	8.888028	-175.468739	0	T:412.0(16.30%),B:2727.6(5.88%),P:1e-76	Tpos:310.9,Tstd:251.8,Bpos:230.1,Bstd:136.8,StrandBias:0.2,Multiplicity:1.11
0.237	0.445	0.190	0.128
0.216	0.535	0.001	0.248
0.046	0.639	0.077	0.238
0.740	0.095	0.112	0.053
0.001	0.803	0.018	0.178
0.284	0.032	0.018	0.666
0.001	0.004	0.001	0.994
0.037	0.893	0.001	0.069
0.001	0.997	0.001	0.001
0.001	0.001	0.001	0.997
0.013	0.211	0.596	0.180
0.140	0.289	0.038	0.533
>NWAACCACAARV	2-NWAACCACAARV	6.236392	-152.979521	0	T:1086.0(42.96%),B:12511.8(26.96%),P:1e-66	Tpos:283.8,Tstd:265.8,Bpos:230.2,Bstd:142.3,StrandBias:0.0,Multiplicity:1.28
0.278	0.270	0.214	0.237
0.391	0.168	0.114	0.327
0.883	0.059	0.001	0.057
0.860	0.060	0.079	0.001
0.054	0.944	0.001	0.001
0.001	0.997	0.001	0.001
0.726	0.026	0.143	0.105
0.163	0.794	0.024	0.019
0.830	0.024	0.083	0.063
0.540	0.200	0.169	0.091
0.370	0.174	0.333	0.123
0.282	0.228	0.352	0.138
>CCACCWGGTGGC	3-CCACCWGGTGGC	9.729531	-123.695983	0	T:162.0(6.41%),B:663.1(1.43%),P:1e-53	Tpos:262.4,Tstd:212.7,Bpos:235.5,Bstd:131.7,StrandBias:-0.0,Multiplicity:1.04
0.173	0.769	0.001	0.057
0.001	0.997	0.001	0.001
0.851	0.147	0.001	0.001
0.049	0.773	0.093	0.085
0.217	0.505	0.001	0.277
0.504	0.029	0.009	0.458
0.146	0.001	0.731	0.122
0.295	0.004	0.700	0.001
0.001	0.045	0.300	0.654
0.001	0.001	0.997	0.001
0.148	0.001	0.713	0.138
0.075	0.647	0.073	0.205
>TGAAACCACAAC	4-TGAAACCACAAC	7.133085	-118.096014	0	T:524.0(20.73%),B:4847.5(10.44%),P:1e-51	Tpos:297.0,Tstd:273.2,Bpos:231.2,Bstd:140.4,StrandBias:0.2,Multiplicity:1.20
0.135	0.070	0.117	0.678
0.096	0.115	0.703	0.086
0.738	0.099	0.072	0.091
0.757	0.076	0.093	0.074
0.807	0.065	0.074	0.054
0.088	0.773	0.067	0.072
0.074	0.813	0.026	0.087
0.824	0.053	0.040	0.083
0.087	0.774	0.082	0.057
0.803	0.102	0.038	0.057
0.670	0.118	0.113	0.099
0.151	0.662	0.098	0.089
>NTAACCACAGRN	5-NTAACCACAGRN	8.603945	-95.933775	0	T:260.0(10.28%),B:1848.1(3.98%),P:1e-41	Tpos:263.9,Tstd:207.1,Bpos:233.1,Bstd:138.5,StrandBias:0.3,Multiplicity:1.08
0.314	0.243	0.199	0.244
0.284	0.129	0.048	0.539
0.574	0.185	0.130	0.111
0.633	0.069	0.260	0.038
0.182	0.808	0.009	0.001
0.026	0.955	0.001	0.018
0.816	0.068	0.051	0.065
0.001	0.997	0.001	0.001
0.750	0.001	0.001	0.248
0.016	0.238	0.745	0.001
0.405	0.019	0.438	0.137
0.284	0.210	0.265	0.241
>GCGAAAGTGAAA	6-GCGAAAGTGAAA	8.150082	-63.252359	0	T:237.0(9.38%),B:1991.6(4.29%),P:1e-27	Tpos:302.2,Tstd:242.7,Bpos:229.6,Bstd:138.6,StrandBias:0.1,Multiplicity:1.09
0.043	0.107	0.777	0.073
0.171	0.560	0.095	0.174
0.076	0.115	0.731	0.078
0.839	0.040	0.072	0.049
0.870	0.078	0.051	0.001
0.856	0.024	0.062	0.058
0.051	0.015	0.910	0.024
0.091	0.001	0.022	0.886
0.013	0.011	0.975	0.001
0.875	0.014	0.062	0.049
0.795	0.059	0.122	0.024
0.935	0.024	0.040	0.001
>CCGCCCCGCCCT	7-CCGCCCCGCCCT	8.773361	-54.740630	0	T:392.0(15.51%),B:4250.1(9.16%),P:1e-23	Tpos:295.7,Tstd:212.2,Bpos:232.4,Bstd:143.4,StrandBias:0.1,Multiplicity:1.29
0.024	0.820	0.033	0.123
0.319	0.541	0.065	0.075
0.162	0.083	0.545	0.210
0.034	0.873	0.092	0.001
0.007	0.823	0.052	0.118
0.001	0.879	0.005	0.115
0.161	0.743	0.029	0.067
0.104	0.001	0.759	0.136
0.040	0.958	0.001	0.001
0.013	0.949	0.037	0.001
0.028	0.847	0.001	0.124
0.214	0.101	0.062	0.623
>GGGATTTCCCCG	8-GGGATTTCCCCG	8.677261	-50.979797	0	T:142.0(5.62%),B:1023.5(2.21%),P:1e-22	Tpos:345.2,Tstd:328.4,Bpos:232.2,Bstd:134.6,StrandBias:-0.1,Multiplicity:1.07
0.087	0.001	0.806	0.106
0.001	0.001	0.931	0.067
0.053	0.065	0.815	0.067
0.631	0.135	0.158	0.076
0.229	0.115	0.001	0.655
0.033	0.001	0.120	0.846
0.001	0.187	0.001	0.811
0.001	0.909	0.089	0.001
0.001	0.997	0.001	0.001
0.067	0.877	0.034	0.022
0.068	0.830	0.053	0.049
0.073	0.080	0.505	0.342
>NVAAACCACRKA	9-NVAAACCACRKA	4.310579	-44.223556	0	T:1672.0(66.14%),B:26596.4(57.30%),P:1e-19	Tpos:308.4,Tstd:265.9,Bpos:232.5,Bstd:141.5,StrandBias:0.0,Multiplicity:1.54
0.253	0.301	0.219	0.227
0.201	0.351	0.347	0.101
0.455	0.101	0.226	0.217
0.622	0.076	0.051	0.251
0.656	0.142	0.051	0.151
0.026	0.747	0.176	0.051
0.076	0.522	0.301	0.101
0.581	0.076	0.267	0.076
0.076	0.697	0.126	0.101
0.347	0.176	0.351	0.126
0.192	0.176	0.381	0.251
0.403	0.193	0.252	0.152
>ACTACAYTTCCC	10-ACTACAYTTCCC	10.603600	-40.263840	0	T:49.0(1.94%),B:191.7(0.41%),P:1e-17	Tpos:277.4,Tstd:173.2,Bpos:231.6,Bstd:141.9,StrandBias:0.3,Multiplicity:1.12
0.914	0.001	0.084	0.001
0.001	0.997	0.001	0.001
0.001	0.065	0.084	0.850
0.909	0.089	0.001	0.001
0.001	0.997	0.001	0.001
0.828	0.004	0.084	0.084
0.010	0.511	0.084	0.395
0.001	0.169	0.001	0.829
0.001	0.086	0.001	0.912
0.001	0.780	0.001	0.218
0.001	0.997	0.001	0.001
0.055	0.860	0.084	0.001
>AAGGCTCCGCCC	11-AAGGCTCCGCCC	8.752230	-40.104640	0	T:180.0(7.12%),B:1638.3(3.53%),P:1e-17	Tpos:323.4,Tstd:219.5,Bpos:235.0,Bstd:142.5,StrandBias:-0.1,Multiplicity:1.15
0.743	0.087	0.076	0.094
0.788	0.040	0.119	0.053
0.049	0.030	0.854	0.067
0.065	0.009	0.925	0.001
0.059	0.856	0.001	0.084
0.067	0.054	0.001	0.878
0.052	0.821	0.060	0.067
0.139	0.748	0.001	0.112
0.076	0.001	0.823	0.100
0.001	0.909	0.078	0.012
0.015	0.889	0.095	0.001
0.082	0.739	0.034	0.145
>RAATGAGTCATT	12-RAATGAGTCATT	9.570667	-38.638792	0	T:73.0(2.89%),B:413.6(0.89%),P:1e-16	Tpos:230.4,Tstd:175.4,Bpos:230.8,Bstd:130.6,StrandBias:-0.1,Multiplicity:1.01
0.316	0.081	0.381	0.221
0.623	0.091	0.285	0.001
0.567	0.263	0.069	0.101
0.023	0.001	0.026	0.950
0.001	0.001	0.954	0.044
0.983	0.001	0.001	0.015
0.001	0.379	0.619	0.001
0.061	0.001	0.001	0.937
0.001	0.974	0.024	0.001
0.974	0.001	0.001	0.024
0.117	0.123	0.121	0.639
0.001	0.269	0.251	0.479
>TRGCTTCCTGTC	13-TRGCTTCCTGTC	10.690534	-33.005833	0	T:55.0(2.18%),B:285.4(0.61%),P:1e-14	Tpos:293.3,Tstd:233.4,Bpos:245.3,Bstd:124.9,StrandBias:1.0,Multiplicity:1.04
0.050	0.085	0.001	0.864
0.541	0.001	0.457	0.001
0.001	0.123	0.875	0.001
0.001	0.844	0.001	0.154
0.079	0.001	0.001	0.919
0.079	0.001	0.027	0.893
0.159	0.837	0.003	0.001
0.001	0.839	0.159	0.001
0.001	0.079	0.001	0.919
0.001	0.001	0.981	0.017
0.001	0.001	0.114	0.884
0.141	0.702	0.029	0.128
>GCCACGCCCCCT	14-GCCACGCCCCCT	10.909386	-25.266343	0	T:44.0(1.74%),B:239.1(0.52%),P:1e-10	Tpos:278.1,Tstd:211.7,Bpos:228.9,Bstd:140.5,StrandBias:0.1,Multiplicity:1.07
0.001	0.001	0.960	0.038
0.070	0.926	0.003	0.001
0.142	0.856	0.001	0.001
0.912	0.001	0.001	0.086
0.086	0.912	0.001	0.001
0.061	0.001	0.790	0.148
0.346	0.652	0.001	0.001
0.001	0.997	0.001	0.001
0.001	0.929	0.001	0.069
0.061	0.850	0.087	0.002
0.003	0.660	0.002	0.335
0.135	0.001	0.116	0.748
>AGGTTTCACACW	15-AGGTTTCACACW	12.489523	-23.706274	0	T:18.0(0.71%),B:43.0(0.09%),P:1e-10	Tpos:356.1,Tstd:262.2,Bpos:231.5,Bstd:150.9,StrandBias:-0.7,Multiplicity:1.12
0.997	0.001	0.001	0.001
0.001	0.001	0.997	0.001
0.164	0.052	0.783	0.001
0.001	0.001	0.001	0.997
0.001	0.001	0.329	0.669
0.250	0.001	0.001	0.748
0.251	0.497	0.001	0.251
0.997	0.001	0.001	0.001
0.001	0.997	0.001	0.001
0.997	0.001	0.001	0.001
0.001	0.997	0.001	0.001
0.493	0.001	0.001	0.505
>CGGTTTCCTCAC	16-CGGTTTCCTCAC	8.897960	-23.499148	0	T:108.0(4.27%),B:1001.2(2.16%),P:1e-10	Tpos:278.8,Tstd:244.2,Bpos:226.4,Bstd:141.8,StrandBias:-0.0,Multiplicity:1.05
0.049	0.706	0.108	0.137
0.078	0.069	0.801	0.052
0.024	0.057	0.868	0.051
0.001	0.119	0.026	0.854
0.024	0.108	0.056	0.812
0.024	0.031	0.073	0.872
0.014	0.873	0.073	0.040
0.001	0.916	0.001	0.082
0.049	0.106	0.024	0.821
0.049	0.849	0.100	0.002
0.808	0.070	0.001	0.121
0.085	0.830	0.061	0.024
>CCGGAAGAGCCT	17-CCGGAAGAGCCT	12.819193	-18.967405	0	T:16.0(0.63%),B:44.6(0.10%),P:1e-8	Tpos:289.8,Tstd:215.8,Bpos:198.9,Bstd:136.3,StrandBias:0.4,Multiplicity:1.00
0.001	0.997	0.001	0.001
0.083	0.843	0.073	0.001
0.049	0.001	0.949	0.001
0.001	0.001	0.997	0.001
0.943	0.001	0.055	0.001
0.936	0.001	0.062	0.001
0.001	0.001	0.887	0.111
0.887	0.001	0.001	0.111
0.111	0.001	0.887	0.001
0.112	0.775	0.112	0.001
0.001	0.997	0.001	0.001
0.001	0.001	0.001	0.997
>TCCTCCTTGTGA	18-TCCTCCTTGTGA	14.800672	-17.593821	0	T:6.0(0.24%),B:3.1(0.01%),P:1e-7	Tpos:249.7,Tstd:109.0,Bpos:203.6,Bstd:47.1,StrandBias:-1.0,Multiplicity:1.00
0.001	0.001	0.001	0.997
0.001	0.997	0.001	0.001
0.001	0.997	0.001	0.001
0.165	0.001	0.001	0.833
0.001	0.997	0.001	0.001
0.001	0.997	0.001	0.001
0.001	0.001	0.001	0.997
0.001	0.001	0.001	0.997
0.001	0.001	0.997	0.001
0.001	0.001	0.001	0.997
0.001	0.001	0.997	0.001
0.997	0.001	0.001	0.001
>CACAGGGGAGGG	19-CACAGGGGAGGG	11.721872	-12.270641	0	T:13.0(0.51%),B:49.5(0.11%),P:1e-5	Tpos:178.3,Tstd:120.9,Bpos:201.2,Bstd:131.0,StrandBias:0.5,Multiplicity:1.58
0.001	0.926	0.001	0.072
0.997	0.001	0.001	0.001
0.001	0.997	0.001	0.001
0.948	0.001	0.050	0.001
0.001	0.001	0.997	0.001
0.001	0.001	0.997	0.001
0.001	0.001	0.997	0.001
0.001	0.001	0.997	0.001
0.997	0.001	0.001	0.001
0.001	0.001	0.997	0.001
0.081	0.001	0.755	0.163
0.001	0.001	0.997	0.001
>ACACCTCACCCA	20-ACACCTCACCCA	2.676446	-9.608342	0	T:193.0(7.63%),B:2678.0(5.77%),P:1e-4	Tpos:326.9,Tstd:312.1,Bpos:238.8,Bstd:136.4,StrandBias:-0.1,Multiplicity:1.08
0.997	0.001	0.001	0.001
0.001	0.997	0.001	0.001
0.997	0.001	0.001	0.001
0.001	0.997	0.001	0.001
0.001	0.997	0.001	0.001
0.001	0.001	0.001	0.997
0.001	0.997	0.001	0.001
0.890	0.001	0.108	0.001
0.001	0.997	0.001	0.001
0.001	0.997	0.001	0.001
0.001	0.997	0.001	0.001
0.997	0.001	0.001	0.001
>CAGTCACCTCAG	21-CAGTCACCTCAG	11.953789	-8.345166	0	T:8.0(0.32%),B:29.9(0.06%),P:1e-3	Tpos:184.7,Tstd:117.3,Bpos:247.4,Bstd:118.7,StrandBias:1.9,Multiplicity:2.00
0.001	0.890	0.001	0.108
0.997	0.001	0.001	0.001
0.001	0.001	0.914	0.084
0.001	0.001	0.001	0.997
0.108	0.890	0.001	0.001
0.997	0.001	0.001	0.001
0.001	0.997	0.001	0.001
0.001	0.997	0.001	0.001
0.001	0.001	0.001	0.997
0.001	0.997	0.001	0.001
0.997	0.001	0.001	0.001
0.001	0.108	0.890	0.001
>TGACCACACCCC	22-TGACCACACCCC	14.492173	-7.913512	0	T:4.0(0.16%),B:7.0(0.02%),P:1e-3	Tpos:328.7,Tstd:214.3,Bpos:221.9,Bstd:43.3,StrandBias:3.0,Multiplicity:2.25
0.001	0.001	0.001	0.997
0.001	0.001	0.997	0.001
0.997	0.001	0.001	0.001
0.001	0.857	0.001	0.141
0.001	0.997	0.001	0.001
0.997	0.001	0.001	0.001
0.001	0.857	0.141	0.001
0.997	0.001	0.001	0.001
0.001	0.997	0.001	0.001
0.001	0.997	0.001	0.001
0.001	0.997	0.001	0.001
0.001	0.997	0.001	0.001
>ACTGCTCAGTAA	23-ACTGCTCAGTAA	16.313121	-7.349407	0	T:3.0(0.12%),B:3.1(0.01%),P:1e-3	Tpos:173.2,Tstd:109.2,Bpos:260.8,Bstd:148.8,StrandBias:-1.0,Multiplicity:2.00
0.997	0.001	0.001	0.001
0.001	0.997	0.001	0.001
0.001	0.001	0.001	0.997
0.001	0.001	0.864	0.134
0.001	0.997	0.001	0.001
0.001	0.001	0.001	0.997
0.134	0.864	0.001	0.001
0.997	0.001	0.001	0.001
0.001	0.001	0.997	0.001
0.001	0.001	0.001	0.997
0.997	0.001	0.001	0.001
0.997	0.001	0.001	0.001
>TGAGGTACTGTG	24-TGAGGTACTGTG	12.355432	-6.550003	0	T:2.0(0.08%),B:1.8(0.00%),P:1e-2	Tpos:133.9,Tstd:66.2,Bpos:293.1,Bstd:5.2,StrandBias:10.0,Multiplicity:4.00
0.100	0.100	0.100	0.700
0.100	0.100	0.700	0.100
0.700	0.100	0.100	0.100
0.100	0.100	0.700	0.100
0.100	0.100	0.700	0.100
0.100	0.100	0.100	0.700
0.700	0.100	0.100	0.100
0.100	0.700	0.100	0.100
0.100	0.100	0.100	0.700
0.100	0.100	0.700	0.100
0.100	0.100	0.100	0.700
0.100	0.100	0.700	0.100
>TGCTAACACACT	25-TGCTAACACACT	14.376858	-6.526771	0	T:3.0(0.12%),B:4.5(0.01%),P:1e-2	Tpos:188.1,Tstd:96.1,Bpos:300.5,Bstd:115.3,StrandBias:3.0,Multiplicity:3.00
0.001	0.001	0.001	0.997
0.001	0.001	0.997	0.001
0.108	0.890	0.001	0.001
0.001	0.001	0.001	0.997
0.997	0.001	0.001	0.001
0.997	0.001	0.001	0.001
0.001	0.997	0.001	0.001
0.997	0.001	0.001	0.001
0.001	0.997	0.001	0.001
0.997	0.001	0.001	0.001
0.001	0.997	0.001	0.001
0.001	0.001	0.001	0.997
>TGTGGTTT	1-TGTGGTTT	7.218699	-184.521686	0	T:712.0(28.16%),B:6343.7(13.67%),P:1e-80	Tpos:290.5,Tstd:274.5,Bpos:231.7,Bstd:141.8,StrandBias:-0.2,Multiplicity:1.24
0.036	0.007	0.046	0.911
0.001	0.001	0.961	0.037
0.025	0.043	0.029	0.903
0.001	0.001	0.997	0.001
0.001	0.001	0.997	0.001
0.001	0.047	0.001	0.951
0.023	0.075	0.026	0.876
0.185	0.047	0.100	0.668
>ACAGGAAG	2-ACAGGAAG	7.801733	-120.102670	0	T:672.0(26.58%),B:6880.5(14.82%),P:1e-52	Tpos:299.9,Tstd:244.4,Bpos:230.3,Bstd:136.7,StrandBias:-0.3,Multiplicity:1.22
0.886	0.001	0.112	0.001
0.001	0.997	0.001	0.001
0.936	0.062	0.001	0.001
0.001	0.001	0.997	0.001
0.001	0.001	0.997	0.001
0.997	0.001	0.001	0.001
0.914	0.001	0.001	0.084
0.246	0.001	0.752	0.001
>TGCGGTTA	3-TGCGGTTA	4.963789	-110.748168	0	T:1398.0(55.30%),B:18943.8(40.82%),P:1e-48	Tpos:301.6,Tstd:253.8,Bpos:232.2,Bstd:142.4,StrandBias:-0.1,Multiplicity:1.35
0.115	0.086	0.066	0.733
0.083	0.026	0.806	0.085
0.119	0.612	0.084	0.185
0.016	0.038	0.899	0.047
0.092	0.022	0.817	0.069
0.063	0.135	0.056	0.746
0.132	0.080	0.135	0.653
0.744	0.086	0.073	0.097
>ATGGGGCG	4-ATGGGGCG	3.891696	-68.982741	0	T:380.0(15.03%),B:3772.5(8.13%),P:1e-29	Tpos:321.6,Tstd:268.1,Bpos:237.0,Bstd:151.2,StrandBias:0.2,Multiplicity:1.23
0.997	0.001	0.001	0.001
0.001	0.001	0.412	0.586
0.333	0.001	0.664	0.002
0.001	0.001	0.921	0.077
0.001	0.001	0.997	0.001
0.001	0.001	0.997	0.001
0.001	0.997	0.001	0.001
0.001	0.001	0.997	0.001
>ACTTCCTC	5-ACTTCCTC	6.939907	-58.289903	0	T:383.0(15.15%),B:4039.0(8.70%),P:1e-25	Tpos:310.4,Tstd:279.1,Bpos:233.1,Bstd:138.6,StrandBias:0.0,Multiplicity:1.11
0.997	0.001	0.001	0.001
0.001	0.807	0.001	0.191
0.001	0.001	0.001	0.997
0.001	0.001	0.001	0.997
0.001	0.997	0.001	0.001
0.001	0.997	0.001	0.001
0.001	0.117	0.084	0.798
0.001	0.997	0.001	0.001
>TGTGGTAA	6-TGTGGTAA	6.766688	-49.627996	0	T:586.0(23.18%),B:7328.9(15.79%),P:1e-21	Tpos:266.1,Tstd:217.6,Bpos:232.4,Bstd:139.3,StrandBias:-0.0,Multiplicity:1.21
0.001	0.001	0.041	0.957
0.001	0.001	0.901	0.097
0.031	0.015	0.001	0.953
0.001	0.001	0.997	0.001
0.032	0.001	0.966	0.001
0.001	0.036	0.001	0.962
0.647	0.159	0.193	0.001
0.827	0.029	0.048	0.096
>TTTCGGTT	7-TTTCGGTT	6.132521	-48.274773	0	T:509.0(20.13%),B:6173.0(13.30%),P:1e-20	Tpos:309.1,Tstd:282.7,Bpos:230.1,Bstd:145.7,StrandBias:-0.2,Multiplicity:1.23
0.063	0.106	0.064	0.767
0.062	0.081	0.070	0.787
0.063	0.072	0.094	0.771
0.086	0.736	0.102	0.076
0.185	0.141	0.647	0.027
0.049	0.161	0.636	0.154
0.073	0.048	0.054	0.825
0.090	0.043	0.032	0.835
>TTACTCAT	8-TTACTCAT	6.785287	-44.508830	0	T:194.0(7.67%),B:1743.6(3.76%),P:1e-19	Tpos:271.6,Tstd:220.5,Bpos:235.0,Bstd:133.1,StrandBias:-0.3,Multiplicity:1.08
0.001	0.001	0.001	0.997
0.001	0.001	0.184	0.814
0.997	0.001	0.001	0.001
0.001	0.922	0.076	0.001
0.001	0.001	0.001	0.997
0.001	0.997	0.001	0.001
0.997	0.001	0.001	0.001
0.018	0.001	0.001	0.980
>CGGTTTTG	9-CGGTTTTG	4.642013	-44.324058	0	T:826.0(32.67%),B:11431.9(24.63%),P:1e-19	Tpos:305.3,Tstd:243.8,Bpos:233.0,Bstd:146.7,StrandBias:-0.0,Multiplicity:1.26
0.156	0.495	0.233	0.117
0.102	0.145	0.642	0.111
0.082	0.258	0.561	0.099
0.105	0.117	0.234	0.544
0.148	0.114	0.113	0.625
0.054	0.195	0.067	0.684
0.152	0.182	0.128	0.538
0.165	0.131	0.494	0.210
>CCCCGCCC	10-CCCCGCCC	8.835852	-39.591747	0	T:397.0(15.70%),B:4729.4(10.19%),P:1e-17	Tpos:343.6,Tstd:253.5,Bpos:233.9,Bstd:151.9,StrandBias:-0.1,Multiplicity:1.60
0.001	0.997	0.001	0.001
0.001	0.822	0.001	0.176
0.141	0.857	0.001	0.001
0.001	0.997	0.001	0.001
0.001	0.001	0.997	0.001
0.001	0.997	0.001	0.001
0.001	0.997	0.001	0.001
0.001	0.919	0.001	0.079
>ACGTGTCA	11-ACGTGTCA	6.152862	-26.448007	0	T:436.0(17.25%),B:5799.3(12.50%),P:1e-11	Tpos:307.5,Tstd:260.1,Bpos:231.8,Bstd:147.1,StrandBias:-0.0,Multiplicity:1.16
0.597	0.116	0.172	0.115
0.001	0.764	0.171	0.064
0.001	0.001	0.997	0.001
0.001	0.021	0.152	0.826
0.001	0.188	0.810	0.001
0.001	0.001	0.001	0.997
0.004	0.653	0.001	0.342
0.683	0.001	0.196	0.120
>TTGATGTG	12-TTGATGTG	10.782973	-24.983324	0	T:75.0(2.97%),B:572.2(1.23%),P:1e-10	Tpos:239.7,Tstd:171.5,Bpos:231.1,Bstd:131.0,StrandBias:-0.5,Multiplicity:1.04
0.001	0.247	0.001	0.751
0.001	0.001	0.001	0.997
0.001	0.001	0.997	0.001
0.997	0.001	0.001	0.001
0.001	0.001	0.001	0.997
0.001	0.001	0.997	0.001
0.001	0.001	0.001	0.997
0.001	0.001	0.997	0.001
>CCACTAGA	13-CCACTAGA	7.825617	-22.323296	0	T:111.0(4.39%),B:1062.4(2.29%),P:1e-9	Tpos:264.1,Tstd:215.1,Bpos:227.7,Bstd:134.5,StrandBias:-0.1,Multiplicity:1.05
0.001	0.734	0.264	0.001
0.001	0.832	0.053	0.114
0.997	0.001	0.001	0.001
0.001	0.997	0.001	0.001
0.001	0.001	0.001	0.997
0.997	0.001	0.001	0.001
0.001	0.001	0.997	0.001
0.997	0.001	0.001	0.001
>GAAATGAC	14-GAAATGAC	8.345644	-16.844576	0	T:113.0(4.47%),B:1207.3(2.60%),P:1e-7	Tpos:256.9,Tstd:259.4,Bpos:238.9,Bstd:132.0,StrandBias:-0.2,Multiplicity:1.02
0.001	0.001	0.997	0.001
0.798	0.200	0.001	0.001
0.916	0.001	0.001	0.082
0.997	0.001	0.001	0.001
0.001	0.001	0.001	0.997
0.001	0.001	0.997	0.001
0.997	0.001	0.001	0.001
0.001	0.997	0.001	0.001
