>WAACCACARV	1-WAACCACARV	6.896645	-201.702396	0	T:822.0(32.52%),B:7598.4(16.37%),P:1e-87	Tpos:292.8,Tstd:271.1,Bpos:231.0,Bstd:141.5,StrandBias:0.1,Multiplicity:1.33
0.460	0.146	0.053	0.341
0.629	0.095	0.130	0.146
0.731	0.090	0.178	0.001
0.029	0.931	0.039	0.001
0.001	0.985	0.001	0.013
0.825	0.002	0.138	0.035
0.099	0.828	0.046	0.027
0.665	0.074	0.023	0.238
0.397	0.139	0.257	0.206
0.249	0.349	0.273	0.129
>ACAGGAAGTG	2-ACAGGAAGTG	8.241163	-177.033618	0	T:593.0(23.46%),B:4880.8(10.52%),P:1e-76	Tpos:295.7,Tstd:226.3,Bpos:234.7,Bstd:139.4,StrandBias:-0.1,Multiplicity:1.19
0.727	0.030	0.194	0.049
0.118	0.579	0.215	0.088
0.899	0.033	0.067	0.001
0.004	0.008	0.987	0.001
0.002	0.001	0.996	0.001
0.997	0.001	0.001	0.001
0.866	0.032	0.004	0.098
0.282	0.011	0.705	0.002
0.038	0.276	0.079	0.607
0.226	0.149	0.433	0.192
>CCACTAGGGG	3-CCACTAGGGG	9.190737	-94.665662	0	T:154.0(6.09%),B:765.0(1.65%),P:1e-41	Tpos:268.8,Tstd:192.4,Bpos:235.0,Bstd:136.6,StrandBias:-0.0,Multiplicity:1.01
0.045	0.941	0.001	0.013
0.001	0.997	0.001	0.001
0.929	0.001	0.040	0.030
0.015	0.983	0.001	0.001
0.064	0.196	0.001	0.739
0.997	0.001	0.001	0.001
0.001	0.001	0.997	0.001
0.169	0.001	0.807	0.023
0.001	0.001	0.648	0.350
0.001	0.001	0.997	0.001
>GAAAGHGAAA	4-GAAAGHGAAA	8.443085	-71.305443	0	T:364.0(14.40%),B:3509.9(7.56%),P:1e-30	Tpos:312.8,Tstd:240.2,Bpos:230.8,Bstd:143.3,StrandBias:0.1,Multiplicity:1.19
0.111	0.117	0.749	0.023
0.889	0.015	0.071	0.025
0.966	0.001	0.001	0.032
0.932	0.017	0.050	0.001
0.090	0.189	0.720	0.001
0.284	0.350	0.001	0.364
0.117	0.001	0.881	0.001
0.933	0.001	0.065	0.001
0.884	0.043	0.072	0.001
0.997	0.001	0.001	0.001
>GCCCCGCCCT	5-GCCCCGCCCT	7.831998	-70.357948	0	T:605.0(23.93%),B:7013.0(15.11%),P:1e-30	Tpos:315.3,Tstd:236.2,Bpos:232.7,Bstd:145.2,StrandBias:-0.1,Multiplicity:1.63
0.216	0.001	0.718	0.065
0.001	0.934	0.064	0.001
0.022	0.693	0.016	0.269
0.098	0.841	0.009	0.052
0.063	0.877	0.001	0.059
0.114	0.001	0.700	0.185
0.003	0.888	0.020	0.089
0.001	0.997	0.001	0.001
0.027	0.762	0.001	0.210
0.204	0.164	0.086	0.546
>ACCACATCCT	6-ACCACATCCT	9.937265	-57.288865	0	T:115.0(4.55%),B:673.7(1.45%),P:1e-24	Tpos:296.0,Tstd:249.4,Bpos:233.2,Bstd:137.4,StrandBias:0.7,Multiplicity:1.08
0.548	0.253	0.198	0.001
0.001	0.832	0.001	0.166
0.001	0.997	0.001	0.001
0.997	0.001	0.001	0.001
0.001	0.997	0.001	0.001
0.997	0.001	0.001	0.001
0.001	0.001	0.001	0.997
0.001	0.613	0.001	0.385
0.001	0.997	0.001	0.001
0.001	0.001	0.001	0.997
>GCGAACCACA	7-GCGAACCACA	6.241499	-50.568650	0	T:161.0(6.37%),B:1247.1(2.69%),P:1e-21	Tpos:273.1,Tstd:237.6,Bpos:234.3,Bstd:146.8,StrandBias:-0.1,Multiplicity:1.04
0.132	0.101	0.689	0.078
0.096	0.699	0.089	0.116
0.132	0.087	0.558	0.223
0.570	0.136	0.143	0.151
0.567	0.121	0.132	0.180
0.129	0.551	0.105	0.215
0.145	0.623	0.177	0.055
0.567	0.125	0.151	0.157
0.193	0.602	0.139	0.066
0.517	0.172	0.212	0.099
>ATGACTCATB	8-ATGACTCATB	8.665366	-48.280294	0	T:117.0(4.63%),B:777.6(1.68%),P:1e-20	Tpos:258.9,Tstd:209.7,Bpos:236.3,Bstd:128.7,StrandBias:-0.1,Multiplicity:1.03
0.432	0.279	0.207	0.082
0.028	0.001	0.001	0.970
0.001	0.042	0.641	0.316
0.878	0.001	0.001	0.120
0.052	0.603	0.337	0.008
0.001	0.008	0.059	0.932
0.112	0.872	0.008	0.008
0.909	0.028	0.001	0.062
0.288	0.001	0.163	0.548
0.136	0.283	0.276	0.305
>AGTCACCTCA	9-AGTCACCTCA	7.375651	-45.833193	0	T:384.0(15.19%),B:4358.6(9.39%),P:1e-19	Tpos:289.9,Tstd:253.2,Bpos:236.1,Bstd:137.9,StrandBias:-0.1,Multiplicity:1.11
0.703	0.142	0.026	0.129
0.001	0.018	0.905	0.076
0.043	0.144	0.001	0.812
0.118	0.728	0.032	0.122
0.935	0.001	0.021	0.043
0.016	0.835	0.001	0.148
0.131	0.678	0.088	0.103
0.067	0.011	0.152	0.770
0.024	0.952	0.001	0.023
0.701	0.150	0.088	0.061
>AAACCTCACG	10-AAACCTCACG	6.927612	-43.999422	0	T:396.0(15.66%),B:4586.5(9.88%),P:1e-19	Tpos:286.8,Tstd:264.6,Bpos:232.7,Bstd:140.9,StrandBias:0.1,Multiplicity:1.11
0.758	0.074	0.051	0.117
0.795	0.127	0.055	0.023
0.853	0.038	0.024	0.085
0.032	0.848	0.063	0.057
0.089	0.830	0.015	0.066
0.036	0.116	0.065	0.783
0.087	0.826	0.033	0.054
0.861	0.062	0.040	0.037
0.115	0.751	0.099	0.035
0.066	0.151	0.705	0.078
>GGGAAATHCC	11-GGGAAATHCC	8.508785	-42.527554	0	T:185.0(7.32%),B:1661.9(3.58%),P:1e-18	Tpos:330.3,Tstd:318.7,Bpos:230.8,Bstd:134.0,StrandBias:-0.2,Multiplicity:1.06
0.001	0.001	0.997	0.001
0.001	0.133	0.865	0.001
0.314	0.001	0.684	0.001
0.610	0.001	0.388	0.001
0.896	0.001	0.093	0.010
0.590	0.070	0.055	0.285
0.251	0.090	0.199	0.460
0.271	0.249	0.120	0.361
0.001	0.997	0.001	0.001
0.001	0.869	0.129	0.001
>CTCATGYGGT	12-CTCATGYGGT	8.859819	-38.390820	0	T:105.0(4.15%),B:752.5(1.62%),P:1e-16	Tpos:268.7,Tstd:178.6,Bpos:230.7,Bstd:137.4,StrandBias:-0.3,Multiplicity:1.01
0.001	0.997	0.001	0.001
0.001	0.271	0.001	0.727
0.194	0.671	0.001	0.134
0.916	0.082	0.001	0.001
0.001	0.087	0.001	0.911
0.001	0.145	0.853	0.001
0.009	0.484	0.001	0.506
0.001	0.001	0.997	0.001
0.153	0.001	0.733	0.113
0.003	0.153	0.139	0.705
>RTAWCCGCRC	13-RTAWCCGCRC	6.838225	-36.619630	0	T:159.0(6.29%),B:1428.8(3.08%),P:1e-15	Tpos:273.6,Tstd:212.6,Bpos:235.8,Bstd:147.1,StrandBias:0.2,Multiplicity:1.05
0.393	0.108	0.420	0.079
0.269	0.001	0.001	0.729
0.997	0.001	0.001	0.001
0.488	0.001	0.001	0.510
0.069	0.561	0.001	0.369
0.111	0.824	0.064	0.001
0.001	0.001	0.997	0.001
0.280	0.524	0.001	0.195
0.434	0.174	0.391	0.001
0.001	0.834	0.164	0.001
>TGAAACGCGA	14-TGAAACGCGA	6.956504	-36.242216	0	T:251.0(9.93%),B:2679.2(5.77%),P:1e-15	Tpos:287.4,Tstd:228.3,Bpos:231.7,Bstd:145.7,StrandBias:0.2,Multiplicity:1.04
0.064	0.056	0.063	0.817
0.122	0.011	0.794	0.073
0.904	0.054	0.035	0.007
0.834	0.094	0.045	0.027
0.798	0.081	0.065	0.056
0.105	0.796	0.054	0.045
0.086	0.132	0.749	0.033
0.099	0.703	0.098	0.100
0.061	0.064	0.779	0.096
0.833	0.012	0.097	0.058
>TAGGTGGCGM	15-TAGGTGGCGM	9.006679	-35.411983	0	T:60.0(2.37%),B:314.3(0.68%),P:1e-15	Tpos:345.3,Tstd:248.9,Bpos:245.6,Bstd:162.3,StrandBias:-0.1,Multiplicity:1.02
0.076	0.207	0.010	0.707
0.997	0.001	0.001	0.001
0.065	0.268	0.554	0.113
0.055	0.065	0.767	0.113
0.001	0.001	0.001	0.997
0.001	0.071	0.927	0.001
0.058	0.001	0.797	0.144
0.001	0.997	0.001	0.001
0.001	0.001	0.997	0.001
0.330	0.458	0.007	0.205
>GTGACACACC	16-GTGACACACC	7.354989	-32.505613	0	T:213.0(8.43%),B:2233.9(4.81%),P:1e-14	Tpos:290.4,Tstd:242.3,Bpos:233.3,Bstd:142.3,StrandBias:0.2,Multiplicity:1.07
0.087	0.050	0.796	0.067
0.058	0.073	0.031	0.838
0.070	0.075	0.823	0.032
0.737	0.110	0.068	0.085
0.026	0.789	0.135	0.050
0.787	0.050	0.123	0.040
0.074	0.772	0.067	0.087
0.827	0.085	0.063	0.025
0.060	0.838	0.081	0.021
0.071	0.802	0.081	0.046
>KTATACTCGC	17-KTATACTCGC	8.501579	-30.607735	0	T:50.0(1.98%),B:257.0(0.55%),P:1e-13	Tpos:255.7,Tstd:165.6,Bpos:234.2,Bstd:137.7,StrandBias:0.3,Multiplicity:1.02
0.091	0.095	0.422	0.392
0.002	0.217	0.001	0.780
0.595	0.001	0.001	0.403
0.049	0.272	0.099	0.580
0.895	0.103	0.001	0.001
0.001	0.997	0.001	0.001
0.320	0.001	0.001	0.678
0.001	0.997	0.001	0.001
0.187	0.001	0.811	0.001
0.001	0.548	0.179	0.272
>GAWNCGTAGT	18-GAWNCGTAGT	7.543524	-30.488348	0	T:57.0(2.25%),B:323.6(0.70%),P:1e-13	Tpos:323.0,Tstd:323.0,Bpos:221.8,Bstd:137.2,StrandBias:0.3,Multiplicity:1.05
0.219	0.219	0.533	0.029
0.617	0.041	0.019	0.323
0.398	0.186	0.023	0.393
0.256	0.257	0.281	0.206
0.018	0.569	0.045	0.368
0.240	0.020	0.691	0.049
0.063	0.026	0.352	0.559
0.657	0.224	0.065	0.054
0.068	0.090	0.810	0.032
0.024	0.039	0.054	0.883
>GGGGAGGRAG	19-GGGGAGGRAG	8.789052	-27.226121	0	T:186.0(7.36%),B:1979.4(4.26%),P:1e-11	Tpos:325.7,Tstd:291.4,Bpos:228.8,Bstd:136.3,StrandBias:0.2,Multiplicity:1.11
0.030	0.144	0.595	0.231
0.034	0.014	0.751	0.201
0.126	0.130	0.646	0.098
0.014	0.201	0.684	0.101
0.644	0.031	0.225	0.100
0.078	0.079	0.829	0.014
0.002	0.003	0.977	0.018
0.452	0.228	0.305	0.016
0.603	0.107	0.236	0.054
0.026	0.113	0.833	0.028
>SCGCAGTCCT	20-SCGCAGTCCT	8.893569	-24.548086	0	T:120.0(4.75%),B:1138.9(2.45%),P:1e-10	Tpos:312.0,Tstd:260.1,Bpos:232.5,Bstd:139.0,StrandBias:-0.5,Multiplicity:1.06
0.068	0.348	0.410	0.175
0.001	0.610	0.140	0.249
0.001	0.001	0.997	0.001
0.071	0.859	0.001	0.069
0.997	0.001	0.001	0.001
0.355	0.027	0.617	0.001
0.391	0.001	0.001	0.607
0.001	0.779	0.219	0.001
0.001	0.997	0.001	0.001
0.001	0.151	0.001	0.847
>GGTAACACCT	21-GGTAACACCT	7.142227	-23.504221	0	T:181.0(7.16%),B:2001.5(4.31%),P:1e-10	Tpos:267.4,Tstd:177.2,Bpos:232.2,Bstd:138.6,StrandBias:0.2,Multiplicity:1.06
0.100	0.065	0.734	0.101
0.031	0.074	0.838	0.057
0.056	0.064	0.051	0.829
0.774	0.066	0.066	0.094
0.831	0.034	0.053	0.082
0.069	0.783	0.075	0.073
0.808	0.093	0.062	0.037
0.058	0.822	0.067	0.053
0.031	0.837	0.102	0.030
0.071	0.101	0.075	0.753
>TGACTACGAC	22-TGACTACGAC	6.290484	-20.139026	0	T:60.0(2.37%),B:460.1(0.99%),P:1e-8	Tpos:304.8,Tstd:305.8,Bpos:233.4,Bstd:139.9,StrandBias:0.5,Multiplicity:1.03
0.041	0.001	0.001	0.957
0.001	0.001	0.997	0.001
0.709	0.289	0.001	0.001
0.001	0.997	0.001	0.001
0.001	0.001	0.001	0.997
0.997	0.001	0.001	0.001
0.145	0.853	0.001	0.001
0.001	0.001	0.997	0.001
0.994	0.001	0.001	0.004
0.093	0.905	0.001	0.001
>TGTGAGAAAA	23-TGTGAGAAAA	9.543179	-17.545769	0	T:94.0(3.72%),B:931.7(2.01%),P:1e-7	Tpos:250.6,Tstd:186.5,Bpos:243.3,Bstd:134.6,StrandBias:-0.3,Multiplicity:1.04
0.207	0.001	0.086	0.706
0.055	0.029	0.915	0.001
0.001	0.001	0.079	0.919
0.001	0.001	0.966	0.032
0.772	0.001	0.001	0.226
0.121	0.001	0.874	0.004
0.933	0.001	0.065	0.001
0.942	0.013	0.044	0.001
0.994	0.001	0.001	0.004
0.971	0.027	0.001	0.001
>CTCCTGCTAA	24-CTCCTGCTAA	11.141656	-8.776392	0	T:12.0(0.47%),B:60.8(0.13%),P:1e-3	Tpos:272.1,Tstd:138.9,Bpos:213.6,Bstd:126.3,StrandBias:1.8,Multiplicity:1.50
0.001	0.997	0.001	0.001
0.001	0.001	0.001	0.997
0.001	0.997	0.001	0.001
0.001	0.898	0.100	0.001
0.001	0.001	0.138	0.860
0.087	0.001	0.911	0.001
0.001	0.997	0.001	0.001
0.001	0.001	0.001	0.997
0.997	0.001	0.001	0.001
0.997	0.001	0.001	0.001
