>NBYACTTCCTGT	1-NBYACTTCCTGT	7.927629	-466.356075	0	T:1731.0(37.11%),B:8042.0(18.19%),P:1e-202	Tpos:300.9,Tstd:230.7,Bpos:240.0,Bstd:140.4,StrandBias:-0.0,Multiplicity:1.35
0.239	0.269	0.274	0.218
0.147	0.329	0.199	0.325
0.188	0.356	0.184	0.272
0.486	0.095	0.287	0.132
0.009	0.649	0.004	0.338
0.190	0.001	0.006	0.803
0.006	0.004	0.003	0.987
0.009	0.975	0.005	0.011
0.009	0.980	0.004	0.007
0.011	0.007	0.004	0.978
0.010	0.255	0.581	0.154
0.110	0.260	0.124	0.506
>NNBYTGTGGTTT	2-NNBYTGTGGTTT	6.714681	-359.444211	0	T:1705.0(36.55%),B:8717.2(19.72%),P:1e-156	Tpos:295.7,Tstd:240.9,Bpos:241.5,Bstd:143.3,StrandBias:-0.1,Multiplicity:1.34
0.191	0.230	0.330	0.250
0.192	0.253	0.320	0.235
0.175	0.249	0.222	0.354
0.137	0.287	0.183	0.393
0.078	0.043	0.188	0.691
0.001	0.123	0.739	0.137
0.135	0.035	0.135	0.695
0.001	0.001	0.997	0.001
0.001	0.014	0.962	0.023
0.001	0.168	0.259	0.572
0.220	0.188	0.001	0.591
0.254	0.098	0.225	0.423
>NAGGGTGTGGCH	3-NAGGGTGTGGCH	7.832737	-184.973307	0	T:1193.0(25.57%),B:6561.2(14.84%),P:1e-80	Tpos:308.0,Tstd:261.1,Bpos:241.1,Bstd:142.5,StrandBias:0.1,Multiplicity:1.23
0.296	0.256	0.253	0.196
0.584	0.001	0.130	0.285
0.082	0.001	0.916	0.001
0.128	0.001	0.870	0.001
0.135	0.064	0.800	0.001
0.001	0.110	0.075	0.814
0.001	0.003	0.931	0.065
0.137	0.024	0.266	0.573
0.042	0.001	0.901	0.056
0.138	0.053	0.781	0.028
0.113	0.549	0.139	0.199
0.271	0.294	0.026	0.408
>CCACTTCCGBTT	4-CCACTTCCGBTT	7.612003	-151.147238	0	T:884.0(18.95%),B:4634.9(10.49%),P:1e-65	Tpos:299.6,Tstd:242.5,Bpos:237.5,Bstd:145.1,StrandBias:-0.1,Multiplicity:1.11
0.206	0.529	0.041	0.224
0.058	0.567	0.034	0.341
0.685	0.107	0.066	0.142
0.001	0.788	0.001	0.210
0.103	0.090	0.006	0.801
0.001	0.001	0.001	0.997
0.001	0.997	0.001	0.001
0.200	0.771	0.026	0.003
0.027	0.298	0.587	0.088
0.140	0.277	0.313	0.270
0.073	0.288	0.100	0.539
0.001	0.223	0.111	0.665
>GCCCYCTRGTGG	5-GCCCYCTRGTGG	10.516269	-133.516592	0	T:202.0(4.33%),B:481.5(1.09%),P:1e-57	Tpos:265.3,Tstd:224.9,Bpos:256.8,Bstd:133.3,StrandBias:0.0,Multiplicity:1.02
0.033	0.001	0.829	0.137
0.110	0.888	0.001	0.001
0.001	0.899	0.067	0.033
0.313	0.628	0.058	0.001
0.066	0.431	0.001	0.502
0.001	0.997	0.001	0.001
0.001	0.058	0.019	0.922
0.464	0.021	0.346	0.169
0.033	0.284	0.682	0.001
0.073	0.045	0.001	0.881
0.001	0.001	0.997	0.001
0.067	0.067	0.808	0.058
>YAGTTTCWGTTT	6-YAGTTTCWGTTT	8.248912	-124.360861	0	T:767.0(16.44%),B:4071.7(9.21%),P:1e-54	Tpos:298.6,Tstd:233.5,Bpos:235.7,Bstd:148.9,StrandBias:0.0,Multiplicity:1.15
0.144	0.340	0.125	0.391
0.647	0.001	0.203	0.149
0.024	0.366	0.573	0.037
0.014	0.001	0.001	0.984
0.001	0.001	0.030	0.968
0.001	0.081	0.030	0.888
0.048	0.704	0.146	0.102
0.432	0.025	0.201	0.342
0.001	0.248	0.530	0.221
0.024	0.035	0.043	0.898
0.001	0.072	0.006	0.921
0.080	0.160	0.082	0.678
>NTGASTCANNNN	7-NTGASTCANNNN	8.650595	-105.251488	0	T:462.0(9.90%),B:2131.5(4.82%),P:1e-45	Tpos:279.4,Tstd:241.9,Bpos:237.6,Bstd:140.4,StrandBias:-0.0,Multiplicity:1.08
0.285	0.233	0.280	0.202
0.005	0.001	0.001	0.993
0.001	0.097	0.901	0.001
0.997	0.001	0.001	0.001
0.029	0.465	0.491	0.015
0.110	0.001	0.001	0.888
0.003	0.995	0.001	0.001
0.997	0.001	0.001	0.001
0.176	0.263	0.236	0.324
0.308	0.193	0.266	0.233
0.259	0.265	0.193	0.283
0.285	0.255	0.184	0.276
>GTTTCACTTTCA	8-GTTTCACTTTCA	10.004395	-95.957210	0	T:130.0(2.79%),B:281.9(0.64%),P:1e-41	Tpos:300.8,Tstd:279.3,Bpos:243.1,Bstd:149.0,StrandBias:-0.2,Multiplicity:1.02
0.068	0.042	0.814	0.076
0.047	0.054	0.070	0.829
0.053	0.065	0.074	0.808
0.035	0.041	0.036	0.888
0.034	0.881	0.018	0.067
0.844	0.032	0.036	0.088
0.044	0.693	0.164	0.099
0.051	0.032	0.026	0.891
0.046	0.041	0.019	0.894
0.043	0.061	0.049	0.847
0.026	0.808	0.099	0.067
0.807	0.049	0.056	0.088
>TAGGCTCCGCCC	9-TAGGCTCCGCCC	8.773582	-57.366232	0	T:447.0(9.58%),B:2527.4(5.72%),P:1e-24	Tpos:313.9,Tstd:228.1,Bpos:239.4,Bstd:145.7,StrandBias:-0.1,Multiplicity:1.11
0.161	0.303	0.075	0.460
0.589	0.080	0.214	0.117
0.001	0.001	0.910	0.088
0.082	0.042	0.867	0.009
0.059	0.883	0.028	0.030
0.037	0.065	0.001	0.897
0.001	0.866	0.132	0.001
0.118	0.697	0.028	0.157
0.071	0.116	0.550	0.263
0.014	0.967	0.018	0.001
0.001	0.932	0.059	0.008
0.041	0.703	0.060	0.196
>AGGGCGGGGTGA	10-AGGGCGGGGTGA	8.935253	-51.152753	0	T:336.0(7.20%),B:1798.2(4.07%),P:1e-22	Tpos:378.8,Tstd:279.4,Bpos:237.3,Bstd:148.0,StrandBias:0.1,Multiplicity:1.08
0.860	0.065	0.044	0.031
0.085	0.001	0.913	0.001
0.057	0.063	0.879	0.001
0.055	0.064	0.880	0.001
0.064	0.797	0.049	0.090
0.085	0.016	0.840	0.059
0.078	0.099	0.733	0.090
0.070	0.060	0.816	0.054
0.054	0.066	0.879	0.001
0.107	0.120	0.046	0.727
0.001	0.076	0.893	0.030
0.779	0.001	0.146	0.074
>GGGAAATCCCCT	11-GGGAAATCCCCT	7.278664	-45.505228	0	T:406.0(8.70%),B:2385.6(5.40%),P:1e-19	Tpos:325.8,Tstd:277.1,Bpos:236.8,Bstd:142.1,StrandBias:-0.0,Multiplicity:1.06
0.090	0.053	0.791	0.066
0.117	0.033	0.758	0.092
0.105	0.073	0.749	0.073
0.770	0.070	0.113	0.047
0.772	0.096	0.072	0.060
0.713	0.087	0.093	0.107
0.090	0.108	0.118	0.684
0.082	0.723	0.092	0.103
0.100	0.762	0.046	0.092
0.101	0.768	0.052	0.079
0.080	0.787	0.051	0.082
0.126	0.088	0.062	0.724
>GCGCGCGGAAAC	12-GCGCGCGGAAAC	8.809557	-41.624268	0	T:128.0(2.74%),B:500.7(1.13%),P:1e-18	Tpos:308.6,Tstd:268.6,Bpos:241.1,Bstd:164.3,StrandBias:0.6,Multiplicity:1.08
0.026	0.078	0.895	0.001
0.026	0.865	0.108	0.001
0.052	0.091	0.805	0.052
0.091	0.776	0.107	0.026
0.026	0.045	0.903	0.026
0.081	0.842	0.076	0.001
0.117	0.052	0.830	0.001
0.097	0.128	0.774	0.001
0.751	0.106	0.091	0.052
0.877	0.066	0.012	0.045
0.867	0.045	0.062	0.026
0.027	0.816	0.105	0.052
>TCCCDCCACTAA	13-TCCCDCCACTAA	9.494296	-40.061093	0	T:118.0(2.53%),B:451.5(1.02%),P:1e-17	Tpos:288.1,Tstd:196.8,Bpos:249.9,Bstd:135.1,StrandBias:0.3,Multiplicity:1.03
0.062	0.221	0.067	0.650
0.001	0.848	0.001	0.150
0.145	0.707	0.007	0.141
0.113	0.514	0.078	0.295
0.240	0.156	0.344	0.260
0.001	0.929	0.069	0.001
0.029	0.969	0.001	0.001
0.620	0.135	0.025	0.220
0.001	0.956	0.042	0.001
0.064	0.298	0.001	0.637
0.576	0.158	0.162	0.104
0.712	0.166	0.001	0.121
>ACCCGCCAATCA	14-ACCCGCCAATCA	8.638461	-36.003083	0	T:142.0(3.04%),B:627.4(1.42%),P:1e-15	Tpos:294.2,Tstd:210.9,Bpos:243.6,Bstd:141.3,StrandBias:0.3,Multiplicity:1.02
0.796	0.046	0.047	0.111
0.111	0.831	0.041	0.017
0.041	0.856	0.003	0.100
0.124	0.638	0.106	0.132
0.114	0.035	0.734	0.117
0.035	0.901	0.023	0.041
0.111	0.796	0.023	0.070
0.929	0.047	0.023	0.001
0.854	0.076	0.023	0.047
0.047	0.070	0.074	0.809
0.001	0.976	0.001	0.022
0.892	0.084	0.001	0.023
>GTAGCGCTGCCT	15-GTAGCGCTGCCT	6.489828	-32.772352	0	T:617.0(13.23%),B:4291.9(9.71%),P:1e-14	Tpos:302.4,Tstd:224.8,Bpos:239.3,Bstd:145.3,StrandBias:0.2,Multiplicity:1.11
0.063	0.285	0.576	0.076
0.081	0.019	0.001	0.899
0.961	0.001	0.001	0.037
0.114	0.038	0.753	0.095
0.076	0.748	0.057	0.119
0.342	0.095	0.544	0.019
0.095	0.734	0.076	0.095
0.001	0.343	0.076	0.580
0.038	0.114	0.791	0.057
0.038	0.828	0.039	0.095
0.286	0.556	0.063	0.095
0.076	0.114	0.038	0.772
>GGGCGCTCTTGC	16-GGGCGCTCTTGC	12.355432	-26.998389	0	T:9.0(0.19%),B:2.5(0.01%),P:1e-11	Tpos:303.3,Tstd:191.7,Bpos:50.0,Bstd:5.7,StrandBias:1.8,Multiplicity:1.00
0.100	0.100	0.700	0.100
0.100	0.100	0.700	0.100
0.100	0.100	0.700	0.100
0.100	0.700	0.100	0.100
0.100	0.100	0.700	0.100
0.100	0.700	0.100	0.100
0.100	0.100	0.100	0.700
0.100	0.700	0.100	0.100
0.100	0.100	0.100	0.700
0.100	0.100	0.100	0.700
0.100	0.100	0.700	0.100
0.100	0.700	0.100	0.100
>ACATCTCCGCCC	17-ACATCTCCGCCC	-0.435166	-26.747092	0	T:608.0(13.03%),B:4366.0(9.88%),P:1e-11	Tpos:322.9,Tstd:269.7,Bpos:238.9,Bstd:148.3,StrandBias:0.2,Multiplicity:1.21
0.898	0.001	0.100	0.001
0.001	0.997	0.001	0.001
0.954	0.001	0.044	0.001
0.001	0.001	0.044	0.954
0.001	0.997	0.001	0.001
0.001	0.001	0.001	0.997
0.001	0.997	0.001	0.001
0.001	0.997	0.001	0.001
0.001	0.001	0.997	0.001
0.001	0.997	0.001	0.001
0.001	0.997	0.001	0.001
0.001	0.997	0.001	0.001
>TTATGAATGTTT	18-TTATGAATGTTT	12.209036	-25.027087	0	T:11.0(0.24%),B:5.9(0.01%),P:1e-10	Tpos:336.3,Tstd:231.4,Bpos:302.4,Bstd:87.2,StrandBias:-0.3,Multiplicity:1.00
0.001	0.001	0.001	0.997
0.001	0.001	0.001	0.997
0.997	0.001	0.001	0.001
0.001	0.001	0.001	0.997
0.001	0.001	0.997	0.001
0.997	0.001	0.001	0.001
0.997	0.001	0.001	0.001
0.001	0.001	0.001	0.997
0.001	0.001	0.997	0.001
0.001	0.001	0.001	0.997
0.001	0.111	0.001	0.887
0.111	0.001	0.001	0.887
>CATCTACAAAAC	19-CATCTACAAAAC	13.342163	-16.120569	0	T:5.0(0.11%),B:1.9(0.00%),P:1e-7	Tpos:263.2,Tstd:91.4,Bpos:260.5,Bstd:110.8,StrandBias:1.6,Multiplicity:2.40
0.001	0.997	0.001	0.001
0.586	0.001	0.412	0.001
0.001	0.001	0.001	0.997
0.001	0.997	0.001	0.001
0.001	0.001	0.001	0.997
0.997	0.001	0.001	0.001
0.001	0.997	0.001	0.001
0.586	0.001	0.412	0.001
0.997	0.001	0.001	0.001
0.840	0.001	0.158	0.001
0.997	0.001	0.001	0.001
0.001	0.997	0.001	0.001
>TTCGGCCTGACT	20-TTCGGCCTGACT	13.463341	-12.742358	0	T:5.0(0.11%),B:2.5(0.01%),P:1e-5	Tpos:354.3,Tstd:299.9,Bpos:134.0,Bstd:60.5,StrandBias:3.3,Multiplicity:2.20
0.292	0.001	0.001	0.706
0.001	0.001	0.001	0.997
0.001	0.876	0.122	0.001
0.001	0.001	0.997	0.001
0.001	0.001	0.997	0.001
0.001	0.706	0.001	0.292
0.292	0.706	0.001	0.001
0.001	0.001	0.001	0.997
0.001	0.001	0.997	0.001
0.997	0.001	0.001	0.001
0.001	0.997	0.001	0.001
0.001	0.001	0.001	0.997
>ATGTGTTAGAGG	21-ATGTGTTAGAGG	12.355432	-12.258102	0	T:4.0(0.09%),B:1.5(0.00%),P:1e-5	Tpos:397.7,Tstd:143.8,Bpos:206.5,Bstd:33.5,StrandBias:10.0,Multiplicity:8.33
0.700	0.100	0.100	0.100
0.100	0.100	0.100	0.700
0.100	0.100	0.700	0.100
0.100	0.100	0.100	0.700
0.100	0.100	0.700	0.100
0.100	0.100	0.100	0.700
0.100	0.100	0.100	0.700
0.700	0.100	0.100	0.100
0.100	0.100	0.700	0.100
0.700	0.100	0.100	0.100
0.100	0.100	0.700	0.100
0.100	0.100	0.700	0.100
>GCTTGCTAACAG	22-GCTTGCTAACAG	2.596344	-11.915433	0	T:214.0(4.59%),B:1489.8(3.37%),P:1e-5	Tpos:292.5,Tstd:231.4,Bpos:234.8,Bstd:142.2,StrandBias:0.2,Multiplicity:1.04
0.001	0.001	0.997	0.001
0.001	0.997	0.001	0.001
0.093	0.001	0.001	0.905
0.001	0.001	0.001	0.997
0.001	0.001	0.997	0.001
0.001	0.997	0.001	0.001
0.001	0.001	0.001	0.997
0.997	0.001	0.001	0.001
0.997	0.001	0.001	0.001
0.093	0.905	0.001	0.001
0.997	0.001	0.001	0.001
0.001	0.001	0.997	0.001
>AGCAGGTCCTCC	23-AGCAGGTCCTCC	0.539185	-5.790595	0	T:336.0(7.20%),B:2742.1(6.20%),P:1e-2	Tpos:309.9,Tstd:247.7,Bpos:240.5,Bstd:139.1,StrandBias:0.1,Multiplicity:1.09
0.997	0.001	0.001	0.001
0.001	0.001	0.893	0.105
0.001	0.997	0.001	0.001
0.997	0.001	0.001	0.001
0.001	0.001	0.997	0.001
0.001	0.001	0.997	0.001
0.001	0.001	0.001	0.997
0.001	0.997	0.001	0.001
0.001	0.997	0.001	0.001
0.001	0.001	0.001	0.997
0.074	0.924	0.001	0.001
0.001	0.997	0.001	0.001
>GATGAGCTGTGT	24-GATGAGCTGTGT	12.355432	-3.201591	0	T:2.0(0.04%),B:3.5(0.01%),P:1e-1	Tpos:241.3,Tstd:138.0,Bpos:323.9,Bstd:105.1,StrandBias:-3.7,Multiplicity:7.00
0.100	0.100	0.700	0.100
0.700	0.100	0.100	0.100
0.100	0.100	0.100	0.700
0.100	0.100	0.700	0.100
0.700	0.100	0.100	0.100
0.100	0.100	0.700	0.100
0.100	0.700	0.100	0.100
0.100	0.100	0.100	0.700
0.100	0.100	0.700	0.100
0.100	0.100	0.100	0.700
0.100	0.100	0.700	0.100
0.100	0.100	0.100	0.700
>NNNNNNNNNNNN	25-NNNNNNNNNNNN	-nan	0.000000	0	T:0.0(0.00%),B:0.0(0.00%),P:1e0	Tpos:0.0,Tstd:0.0,Bpos:0.0,Bstd:0.0,StrandBias:0.0,Multiplicity:1.00
-nan	-nan	-nan	-nan
-nan	-nan	-nan	-nan
-nan	-nan	-nan	-nan
-nan	-nan	-nan	-nan
-nan	-nan	-nan	-nan
-nan	-nan	-nan	-nan
-nan	-nan	-nan	-nan
-nan	-nan	-nan	-nan
-nan	-nan	-nan	-nan
-nan	-nan	-nan	-nan
-nan	-nan	-nan	-nan
-nan	-nan	-nan	-nan
