>TGYGGTTW	1-TGYGGTTW	6.223907	-399.984774	0	T:1793.0(38.44%),B:9032.2(20.43%),P:1e-173	Tpos:298.7,Tstd:257.8,Bpos:242.6,Bstd:149.1,StrandBias:-0.1,Multiplicity:1.13
0.139	0.140	0.171	0.550
0.047	0.035	0.866	0.052
0.001	0.442	0.001	0.556
0.001	0.001	0.997	0.001
0.075	0.001	0.913	0.011
0.033	0.047	0.102	0.818
0.098	0.230	0.071	0.601
0.413	0.021	0.209	0.356
>AGGAAGTG	2-AGGAAGTG	7.727962	-376.162847	0	T:1366.0(29.28%),B:6116.4(13.84%),P:1e-163	Tpos:293.1,Tstd:220.7,Bpos:238.7,Bstd:143.5,StrandBias:0.2,Multiplicity:1.22
0.938	0.060	0.001	0.001
0.001	0.001	0.997	0.001
0.001	0.001	0.997	0.001
0.997	0.001	0.001	0.001
0.880	0.001	0.001	0.118
0.154	0.001	0.844	0.001
0.001	0.001	0.001	0.997
0.092	0.001	0.787	0.120
>AAACCACA	3-AAACCACA	7.079278	-367.162107	0	T:1650.0(35.37%),B:8235.7(18.63%),P:1e-159	Tpos:290.0,Tstd:233.0,Bpos:241.3,Bstd:145.3,StrandBias:0.1,Multiplicity:1.33
0.727	0.099	0.053	0.121
0.947	0.001	0.051	0.001
0.853	0.038	0.108	0.001
0.001	0.997	0.001	0.001
0.001	0.997	0.001	0.001
0.901	0.025	0.021	0.053
0.001	0.984	0.001	0.014
0.906	0.035	0.008	0.051
>GCTTCCGG	4-GCTTCCGG	6.702410	-278.518531	0	T:1544.0(33.10%),B:8251.0(18.67%),P:1e-120	Tpos:311.0,Tstd:246.1,Bpos:237.9,Bstd:142.6,StrandBias:-0.1,Multiplicity:1.16
0.062	0.176	0.761	0.001
0.001	0.934	0.001	0.064
0.001	0.001	0.001	0.997
0.001	0.001	0.001	0.997
0.001	0.997	0.001	0.001
0.001	0.997	0.001	0.001
0.001	0.001	0.739	0.259
0.001	0.001	0.997	0.001
>ACAGGAAG	5-ACAGGAAG	4.984984	-273.072590	0	T:1189.0(25.49%),B:5683.7(12.86%),P:1e-118	Tpos:294.8,Tstd:218.9,Bpos:237.8,Bstd:144.2,StrandBias:-0.1,Multiplicity:1.16
0.997	0.001	0.001	0.001
0.001	0.997	0.001	0.001
0.897	0.101	0.001	0.001
0.001	0.001	0.997	0.001
0.001	0.001	0.997	0.001
0.997	0.001	0.001	0.001
0.924	0.001	0.001	0.074
0.303	0.001	0.695	0.001
>ATGAGTCA	6-ATGAGTCA	6.570986	-109.541982	0	T:686.0(14.71%),B:3647.3(8.25%),P:1e-47	Tpos:277.0,Tstd:236.5,Bpos:237.9,Bstd:141.4,StrandBias:0.0,Multiplicity:1.12
0.696	0.104	0.113	0.087
0.001	0.001	0.001	0.997
0.001	0.001	0.997	0.001
0.997	0.001	0.001	0.001
0.001	0.274	0.724	0.001
0.001	0.001	0.001	0.997
0.058	0.940	0.001	0.001
0.997	0.001	0.001	0.001
>GGGCGGGG	7-GGGCGGGG	7.808732	-103.783772	0	T:1365.0(29.26%),B:9061.9(20.50%),P:1e-45	Tpos:330.3,Tstd:264.1,Bpos:238.2,Bstd:154.9,StrandBias:0.1,Multiplicity:1.81
0.218	0.001	0.688	0.093
0.001	0.020	0.978	0.001
0.001	0.001	0.997	0.001
0.001	0.741	0.001	0.257
0.001	0.001	0.997	0.001
0.001	0.001	0.803	0.195
0.313	0.001	0.629	0.057
0.312	0.001	0.618	0.069
>AACCGAAA	8-AACCGAAA	5.455794	-94.969357	0	T:1344.0(28.81%),B:9044.5(20.46%),P:1e-41	Tpos:303.1,Tstd:250.4,Bpos:240.2,Bstd:151.3,StrandBias:0.1,Multiplicity:1.27
0.805	0.024	0.054	0.117
0.820	0.066	0.068	0.046
0.159	0.563	0.133	0.145
0.001	0.769	0.072	0.158
0.068	0.099	0.804	0.029
0.666	0.127	0.121	0.086
0.812	0.044	0.088	0.056
0.768	0.098	0.082	0.052
>GGGGAAGC	9-GGGGAAGC	7.984787	-89.743844	0	T:1246.0(26.71%),B:8323.5(18.83%),P:1e-38	Tpos:317.4,Tstd:251.2,Bpos:240.3,Bstd:142.9,StrandBias:0.1,Multiplicity:1.19
0.001	0.001	0.997	0.001
0.395	0.001	0.603	0.001
0.001	0.001	0.997	0.001
0.001	0.001	0.997	0.001
0.696	0.001	0.001	0.302
0.997	0.001	0.001	0.001
0.422	0.001	0.576	0.001
0.001	0.590	0.001	0.408
>AGCCACAA	10-AGCCACAA	8.138555	-81.618118	0	T:473.0(10.14%),B:2430.1(5.50%),P:1e-35	Tpos:307.6,Tstd:269.5,Bpos:238.3,Bstd:144.3,StrandBias:-0.1,Multiplicity:1.03
0.693	0.062	0.244	0.001
0.001	0.140	0.858	0.001
0.001	0.997	0.001	0.001
0.001	0.997	0.001	0.001
0.997	0.001	0.001	0.001
0.001	0.997	0.001	0.001
0.997	0.001	0.001	0.001
0.997	0.001	0.001	0.001
>TGGGTGTT	11-TGGGTGTT	4.962979	-77.717171	0	T:785.0(16.83%),B:4807.3(10.88%),P:1e-33	Tpos:304.1,Tstd:255.2,Bpos:240.8,Bstd:145.8,StrandBias:0.0,Multiplicity:1.15
0.064	0.011	0.001	0.924
0.001	0.001	0.997	0.001
0.001	0.001	0.997	0.001
0.001	0.001	0.997	0.001
0.001	0.001	0.001	0.997
0.001	0.001	0.997	0.001
0.001	0.001	0.001	0.997
0.001	0.001	0.202	0.796
>CACACCAC	12-CACACCAC	7.421822	-49.887678	0	T:506.0(10.85%),B:3079.8(6.97%),P:1e-21	Tpos:274.2,Tstd:250.6,Bpos:235.8,Bstd:147.2,StrandBias:0.2,Multiplicity:1.08
0.001	0.997	0.001	0.001
0.838	0.001	0.001	0.160
0.001	0.997	0.001	0.001
0.997	0.001	0.001	0.001
0.001	0.997	0.001	0.001
0.001	0.997	0.001	0.001
0.967	0.001	0.001	0.031
0.001	0.997	0.001	0.001
>NTTAGCGN	13-NTTAGCGN	4.053715	-49.043801	0	T:920.0(19.72%),B:6431.3(14.55%),P:1e-21	Tpos:321.7,Tstd:253.2,Bpos:239.8,Bstd:159.9,StrandBias:0.0,Multiplicity:1.24
0.288	0.205	0.290	0.218
0.137	0.184	0.220	0.459
0.189	0.072	0.067	0.672
0.528	0.271	0.094	0.107
0.179	0.117	0.432	0.272
0.057	0.805	0.051	0.087
0.135	0.102	0.654	0.109
0.236	0.255	0.253	0.256
>TACACGCC	14-TACACGCC	5.900386	-48.742821	0	T:690.0(14.79%),B:4549.7(10.29%),P:1e-21	Tpos:338.2,Tstd:268.7,Bpos:238.7,Bstd:157.9,StrandBias:0.2,Multiplicity:1.26
0.114	0.001	0.357	0.528
0.859	0.001	0.001	0.139
0.001	0.613	0.001	0.385
0.634	0.364	0.001	0.001
0.001	0.997	0.001	0.001
0.001	0.001	0.997	0.001
0.085	0.913	0.001	0.001
0.001	0.997	0.001	0.001
>TACCGCGC	15-TACCGCGC	5.139185	-48.069071	0	T:872.0(18.69%),B:6053.7(13.70%),P:1e-20	Tpos:341.5,Tstd:282.4,Bpos:242.2,Bstd:163.0,StrandBias:0.1,Multiplicity:1.47
0.135	0.100	0.075	0.690
0.775	0.040	0.067	0.118
0.151	0.634	0.110	0.105
0.098	0.788	0.055	0.059
0.064	0.029	0.863	0.044
0.078	0.815	0.069	0.038
0.091	0.141	0.663	0.105
0.060	0.778	0.077	0.085
>GACGTCAA	16-GACGTCAA	5.588643	-45.893690	0	T:224.0(4.80%),B:1077.9(2.44%),P:1e-19	Tpos:301.2,Tstd:229.8,Bpos:237.8,Bstd:150.2,StrandBias:0.0,Multiplicity:1.05
0.001	0.001	0.931	0.067
0.997	0.001	0.001	0.001
0.001	0.997	0.001	0.001
0.001	0.001	0.997	0.001
0.001	0.001	0.001	0.997
0.001	0.997	0.001	0.001
0.997	0.001	0.001	0.001
0.790	0.079	0.062	0.069
>CTCCACCC	17-CTCCACCC	9.000441	-38.763728	0	T:413.0(8.85%),B:2542.2(5.75%),P:1e-16	Tpos:315.4,Tstd:260.0,Bpos:238.7,Bstd:145.3,StrandBias:0.0,Multiplicity:1.10
0.001	0.997	0.001	0.001
0.001	0.001	0.001	0.997
0.001	0.997	0.001	0.001
0.148	0.850	0.001	0.001
0.997	0.001	0.001	0.001
0.001	0.997	0.001	0.001
0.147	0.851	0.001	0.001
0.001	0.997	0.001	0.001
>CTGATTGG	18-CTGATTGG	8.248077	-34.726273	0	T:221.0(4.74%),B:1173.7(2.66%),P:1e-15	Tpos:302.1,Tstd:242.7,Bpos:239.9,Bstd:146.2,StrandBias:0.1,Multiplicity:1.08
0.001	0.770	0.001	0.228
0.001	0.001	0.069	0.929
0.001	0.001	0.997	0.001
0.997	0.001	0.001	0.001
0.001	0.001	0.001	0.997
0.001	0.087	0.001	0.911
0.001	0.050	0.948	0.001
0.001	0.001	0.997	0.001
>GCCCBCTA	19-GCCCBCTA	7.627548	-34.092989	0	T:326.0(6.99%),B:1952.2(4.42%),P:1e-14	Tpos:301.6,Tstd:257.2,Bpos:240.2,Bstd:140.1,StrandBias:0.2,Multiplicity:1.06
0.101	0.088	0.730	0.081
0.193	0.718	0.001	0.088
0.001	0.865	0.133	0.001
0.300	0.662	0.037	0.001
0.001	0.337	0.259	0.404
0.037	0.752	0.001	0.210
0.001	0.001	0.001	0.997
0.912	0.001	0.001	0.086
>AGGGTGAC	20-AGGGTGAC	8.682876	-25.168804	0	T:278.0(5.96%),B:1730.8(3.92%),P:1e-10	Tpos:319.7,Tstd:273.6,Bpos:242.5,Bstd:145.6,StrandBias:0.1,Multiplicity:1.06
0.997	0.001	0.001	0.001
0.001	0.001	0.997	0.001
0.001	0.001	0.997	0.001
0.001	0.001	0.997	0.001
0.001	0.120	0.001	0.878
0.001	0.001	0.997	0.001
0.764	0.001	0.001	0.234
0.001	0.997	0.001	0.001
>CACATCCG	21-CACATCCG	9.086883	-25.123788	0	T:78.0(1.67%),B:311.8(0.71%),P:1e-10	Tpos:264.7,Tstd:220.5,Bpos:235.3,Bstd:149.9,StrandBias:0.1,Multiplicity:1.03
0.001	0.821	0.001	0.177
0.997	0.001	0.001	0.001
0.001	0.997	0.001	0.001
0.997	0.001	0.001	0.001
0.001	0.001	0.001	0.997
0.113	0.885	0.001	0.001
0.001	0.874	0.124	0.001
0.001	0.001	0.997	0.001
>GCGCTACC	22-GCGCTACC	7.412567	-23.579196	0	T:236.0(5.06%),B:1435.9(3.25%),P:1e-10	Tpos:288.5,Tstd:220.4,Bpos:242.2,Bstd:145.7,StrandBias:0.2,Multiplicity:1.02
0.356	0.001	0.642	0.001
0.001	0.844	0.001	0.154
0.001	0.200	0.798	0.001
0.300	0.496	0.001	0.202
0.143	0.033	0.001	0.823
0.997	0.001	0.001	0.001
0.001	0.997	0.001	0.001
0.360	0.638	0.001	0.001
>GTGCGAAT	23-GTGCGAAT	8.236954	-11.851678	0	T:24.0(0.51%),B:80.0(0.18%),P:1e-5	Tpos:287.8,Tstd:215.1,Bpos:227.5,Bstd:154.1,StrandBias:0.7,Multiplicity:1.04
0.100	0.100	0.700	0.100
0.100	0.100	0.100	0.700
0.100	0.100	0.700	0.100
0.100	0.700	0.100	0.100
0.100	0.100	0.700	0.100
0.700	0.100	0.100	0.100
0.700	0.100	0.100	0.100
0.100	0.100	0.100	0.700
