>RCMGGAAGTG	1-RCMGGAAGTG	6.652197	-535.215003	0	T:1975.0(42.34%),B:9331.3(21.11%),P:1e-232	Tpos:296.3,Tstd:225.5,Bpos:237.9,Bstd:144.7,StrandBias:-0.0,Multiplicity:1.38
0.428	0.157	0.285	0.130
0.175	0.500	0.275	0.050
0.437	0.368	0.132	0.063
0.024	0.075	0.884	0.017
0.022	0.066	0.890	0.022
0.960	0.016	0.001	0.023
0.717	0.014	0.041	0.228
0.267	0.086	0.641	0.006
0.090	0.272	0.060	0.578
0.211	0.152	0.420	0.218
>TGTGGTTTNN	2-TGTGGTTTNN	7.102366	-379.463094	0	T:1699.0(36.42%),B:8497.6(19.23%),P:1e-164	Tpos:290.8,Tstd:234.8,Bpos:240.7,Bstd:145.1,StrandBias:-0.1,Multiplicity:1.32
0.103	0.019	0.084	0.794
0.017	0.001	0.925	0.057
0.114	0.073	0.073	0.740
0.001	0.001	0.997	0.001
0.001	0.001	0.997	0.001
0.001	0.158	0.129	0.712
0.001	0.093	0.001	0.905
0.183	0.084	0.145	0.588
0.223	0.241	0.286	0.250
0.209	0.297	0.272	0.222
>TTGTGGTTAA	3-TTGTGGTTAA	6.344885	-228.258133	0	T:1601.0(34.32%),B:9236.8(20.90%),P:1e-99	Tpos:292.4,Tstd:242.3,Bpos:239.7,Bstd:143.9,StrandBias:-0.0,Multiplicity:1.21
0.139	0.294	0.082	0.486
0.157	0.062	0.090	0.691
0.001	0.084	0.843	0.072
0.036	0.313	0.001	0.650
0.043	0.001	0.928	0.028
0.001	0.001	0.970	0.028
0.001	0.203	0.001	0.795
0.154	0.162	0.163	0.521
0.690	0.075	0.234	0.001
0.439	0.258	0.231	0.072
>DGGGCGKGGC	4-DGGGCGKGGC	7.652761	-224.641220	0	T:1278.0(27.40%),B:6779.7(15.34%),P:1e-97	Tpos:318.9,Tstd:251.3,Bpos:236.6,Bstd:152.7,StrandBias:0.1,Multiplicity:1.53
0.377	0.035	0.240	0.348
0.244	0.001	0.754	0.001
0.014	0.001	0.984	0.001
0.062	0.001	0.936	0.001
0.033	0.573	0.001	0.393
0.001	0.001	0.815	0.183
0.093	0.016	0.509	0.382
0.350	0.057	0.592	0.001
0.227	0.038	0.588	0.147
0.150	0.538	0.029	0.283
>GAAACCGCAA	5-GAAACCGCAA	5.742562	-113.222923	0	T:943.0(20.21%),B:5524.7(12.50%),P:1e-49	Tpos:314.3,Tstd:247.8,Bpos:243.8,Bstd:148.1,StrandBias:0.0,Multiplicity:1.10
0.161	0.168	0.649	0.022
0.567	0.164	0.158	0.111
0.714	0.087	0.152	0.047
0.624	0.098	0.201	0.077
0.191	0.539	0.097	0.173
0.172	0.568	0.076	0.184
0.096	0.171	0.609	0.124
0.072	0.592	0.145	0.191
0.518	0.152	0.140	0.190
0.568	0.157	0.126	0.149
>GAAACCGAAA	6-GAAACCGAAA	8.580943	-109.771304	0	T:645.0(13.83%),B:3350.3(7.58%),P:1e-47	Tpos:296.4,Tstd:240.0,Bpos:236.4,Bstd:151.6,StrandBias:-0.1,Multiplicity:1.14
0.200	0.231	0.561	0.008
0.997	0.001	0.001	0.001
0.931	0.001	0.067	0.001
0.990	0.001	0.008	0.001
0.142	0.723	0.134	0.001
0.175	0.598	0.001	0.226
0.177	0.001	0.821	0.001
0.828	0.001	0.170	0.001
0.767	0.001	0.231	0.001
0.988	0.001	0.001	0.010
>RTGAGTCACV	7-RTGAGTCACV	3.692592	-101.161210	0	T:601.0(12.88%),B:3129.0(7.08%),P:1e-43	Tpos:277.9,Tstd:240.5,Bpos:238.8,Bstd:140.5,StrandBias:0.0,Multiplicity:1.10
0.308	0.152	0.376	0.164
0.001	0.001	0.001	0.997
0.001	0.001	0.997	0.001
0.997	0.001	0.001	0.001
0.001	0.356	0.642	0.001
0.001	0.001	0.001	0.997
0.001	0.997	0.001	0.001
0.997	0.001	0.001	0.001
0.091	0.432	0.238	0.240
0.293	0.330	0.359	0.018
>YTGGTTKCTG	8-YTGGTTKCTG	8.442586	-89.802607	0	T:805.0(17.26%),B:4784.6(10.82%),P:1e-39	Tpos:277.2,Tstd:217.4,Bpos:234.9,Bstd:142.3,StrandBias:0.1,Multiplicity:1.11
0.120	0.387	0.236	0.258
0.001	0.001	0.001	0.997
0.001	0.001	0.997	0.001
0.001	0.050	0.948	0.001
0.001	0.001	0.001	0.997
0.169	0.001	0.329	0.501
0.246	0.001	0.425	0.328
0.001	0.957	0.041	0.001
0.230	0.258	0.001	0.511
0.001	0.001	0.600	0.398
>GAGGAAACMG	9-GAGGAAACMG	9.384606	-63.339534	0	T:263.0(5.64%),B:1180.3(2.67%),P:1e-27	Tpos:310.0,Tstd:241.5,Bpos:237.9,Bstd:137.3,StrandBias:0.2,Multiplicity:1.03
0.016	0.239	0.744	0.001
0.997	0.001	0.001	0.001
0.001	0.001	0.997	0.001
0.001	0.001	0.997	0.001
0.997	0.001	0.001	0.001
0.997	0.001	0.001	0.001
0.997	0.001	0.001	0.001
0.001	0.940	0.001	0.058
0.497	0.361	0.001	0.142
0.008	0.236	0.742	0.014
>TAGRTGGCGC	10-TAGRTGGCGC	7.594164	-59.852968	0	T:126.0(2.70%),B:390.6(0.88%),P:1e-25	Tpos:285.4,Tstd:259.7,Bpos:237.8,Bstd:145.9,StrandBias:-0.3,Multiplicity:1.05
0.192	0.203	0.107	0.498
0.646	0.036	0.258	0.060
0.305	0.023	0.650	0.022
0.290	0.219	0.428	0.063
0.017	0.024	0.329	0.630
0.196	0.067	0.668	0.069
0.285	0.021	0.654	0.040
0.087	0.817	0.069	0.027
0.276	0.006	0.619	0.099
0.198	0.562	0.190	0.050
>AATACCGCGC	11-AATACCGCGC	5.714397	-50.785797	0	T:460.0(9.86%),B:2715.7(6.14%),P:1e-22	Tpos:309.8,Tstd:256.2,Bpos:239.6,Bstd:150.5,StrandBias:0.1,Multiplicity:1.07
0.744	0.065	0.121	0.070
0.811	0.046	0.098	0.045
0.082	0.051	0.012	0.855
0.810	0.045	0.061	0.084
0.059	0.807	0.061	0.073
0.046	0.847	0.029	0.078
0.083	0.017	0.837	0.063
0.093	0.723	0.100	0.084
0.071	0.080	0.813	0.036
0.056	0.757	0.115	0.072
>CTGATTGGCT	12-CTGATTGGCT	8.355144	-50.028011	0	T:272.0(5.83%),B:1362.5(3.08%),P:1e-21	Tpos:294.9,Tstd:201.9,Bpos:241.4,Bstd:147.6,StrandBias:0.3,Multiplicity:1.14
0.001	0.716	0.047	0.236
0.001	0.329	0.086	0.584
0.001	0.302	0.696	0.001
0.997	0.001	0.001	0.001
0.001	0.001	0.033	0.965
0.001	0.113	0.001	0.885
0.001	0.001	0.997	0.001
0.001	0.001	0.997	0.001
0.001	0.622	0.045	0.332
0.001	0.106	0.045	0.848
>TGCGMAAGCG	13-TGCGMAAGCG	7.794607	-40.447536	0	T:252.0(5.40%),B:1326.1(3.00%),P:1e-17	Tpos:321.1,Tstd:243.4,Bpos:240.5,Bstd:155.0,StrandBias:-0.0,Multiplicity:1.11
0.001	0.001	0.001	0.997
0.221	0.001	0.777	0.001
0.001	0.997	0.001	0.001
0.093	0.001	0.819	0.087
0.345	0.444	0.211	0.001
0.760	0.001	0.001	0.238
0.434	0.247	0.107	0.213
0.001	0.001	0.997	0.001
0.133	0.680	0.186	0.001
0.001	0.001	0.997	0.001
>TGACGTAAYC	14-TGACGTAAYC	8.152084	-39.447545	0	T:117.0(2.51%),B:449.3(1.02%),P:1e-17	Tpos:283.1,Tstd:200.3,Bpos:235.2,Bstd:147.5,StrandBias:-0.1,Multiplicity:1.05
0.001	0.001	0.020	0.978
0.080	0.036	0.811	0.073
0.882	0.001	0.050	0.067
0.002	0.923	0.001	0.074
0.040	0.016	0.943	0.001
0.032	0.067	0.010	0.891
0.676	0.255	0.001	0.068
0.860	0.001	0.137	0.002
0.159	0.360	0.195	0.287
0.065	0.537	0.332	0.066
>ATCTCGCGCA	15-ATCTCGCGCA	11.068692	-34.169896	0	T:13.0(0.28%),B:4.7(0.01%),P:1e-14	Tpos:331.1,Tstd:188.4,Bpos:366.8,Bstd:22.5,StrandBias:0.5,Multiplicity:1.31
0.997	0.001	0.001	0.001
0.001	0.001	0.001	0.997
0.001	0.925	0.001	0.073
0.001	0.001	0.001	0.997
0.001	0.997	0.001	0.001
0.073	0.001	0.925	0.001
0.001	0.997	0.001	0.001
0.073	0.001	0.925	0.001
0.001	0.997	0.001	0.001
0.997	0.001	0.001	0.001
>TGRCTCGCTT	16-TGRCTCGCTT	8.716692	-30.730780	0	T:138.0(2.96%),B:646.2(1.46%),P:1e-13	Tpos:268.6,Tstd:203.1,Bpos:233.2,Bstd:140.0,StrandBias:0.2,Multiplicity:1.01
0.059	0.328	0.001	0.612
0.001	0.001	0.997	0.001
0.494	0.041	0.463	0.001
0.001	0.918	0.080	0.001
0.085	0.141	0.001	0.773
0.325	0.670	0.001	0.004
0.108	0.299	0.592	0.001
0.045	0.706	0.113	0.136
0.001	0.001	0.001	0.997
0.001	0.001	0.001	0.997
>NGACCGAGAN	17-NGACCGAGAN	5.125875	-27.430823	0	T:200.0(4.29%),B:1112.9(2.52%),P:1e-11	Tpos:320.6,Tstd:225.0,Bpos:244.1,Bstd:157.6,StrandBias:0.2,Multiplicity:1.07
0.225	0.302	0.228	0.245
0.157	0.150	0.533	0.160
0.555	0.151	0.143	0.151
0.146	0.547	0.154	0.153
0.128	0.553	0.157	0.162
0.135	0.133	0.586	0.146
0.552	0.171	0.130	0.147
0.174	0.137	0.530	0.159
0.562	0.144	0.138	0.156
0.258	0.244	0.218	0.279
>GCCCGCCCTT	18-GCCCGCCCTT	9.345487	-25.644925	0	T:158.0(3.39%),B:834.2(1.89%),P:1e-11	Tpos:315.0,Tstd:254.6,Bpos:232.2,Bstd:154.3,StrandBias:-0.0,Multiplicity:1.04
0.001	0.001	0.997	0.001
0.001	0.961	0.001	0.037
0.001	0.948	0.007	0.044
0.103	0.836	0.001	0.060
0.032	0.007	0.929	0.032
0.015	0.881	0.103	0.001
0.001	0.979	0.019	0.001
0.034	0.950	0.001	0.015
0.001	0.131	0.289	0.579
0.009	0.001	0.043	0.947
>CGCGCGCGAA	19-CGCGCGCGAA	6.529434	-23.027936	0	T:293.0(6.28%),B:1885.5(4.27%),P:1e-10	Tpos:359.6,Tstd:301.9,Bpos:238.5,Bstd:174.8,StrandBias:0.0,Multiplicity:1.42
0.109	0.617	0.103	0.171
0.018	0.094	0.840	0.048
0.079	0.645	0.167	0.109
0.079	0.094	0.703	0.124
0.111	0.700	0.085	0.104
0.095	0.115	0.728	0.062
0.058	0.605	0.253	0.084
0.176	0.176	0.509	0.139
0.462	0.173	0.217	0.148
0.519	0.180	0.140	0.161
>ACTTGAGAGA	20-ACTTGAGAGA	10.901485	-20.344318	0	T:55.0(1.18%),B:206.4(0.47%),P:1e-8	Tpos:281.3,Tstd:192.3,Bpos:243.2,Bstd:148.4,StrandBias:0.3,Multiplicity:1.04
0.997	0.001	0.001	0.001
0.001	0.997	0.001	0.001
0.001	0.001	0.046	0.952
0.066	0.001	0.001	0.932
0.162	0.001	0.836	0.001
0.935	0.001	0.001	0.063
0.001	0.001	0.997	0.001
0.797	0.201	0.001	0.001
0.169	0.001	0.829	0.001
0.588	0.410	0.001	0.001
>YKACTSWKCT	21-YKACTSWKCT	6.579574	-19.902871	0	T:150.0(3.22%),B:848.8(1.92%),P:1e-8	Tpos:318.6,Tstd:251.0,Bpos:235.8,Bstd:137.2,StrandBias:0.1,Multiplicity:1.09
0.198	0.261	0.148	0.393
0.131	0.163	0.373	0.333
0.617	0.093	0.140	0.150
0.020	0.832	0.076	0.072
0.128	0.071	0.088	0.713
0.058	0.485	0.337	0.119
0.492	0.102	0.061	0.346
0.076	0.086	0.466	0.373
0.119	0.512	0.059	0.310
0.232	0.151	0.194	0.423
>CAAHTCCGCC	22-CAAHTCCGCC	11.248319	-14.106566	0	T:24.0(0.51%),B:70.0(0.16%),P:1e-6	Tpos:310.2,Tstd:150.4,Bpos:270.3,Bstd:109.2,StrandBias:1.4,Multiplicity:1.61
0.001	0.997	0.001	0.001
0.997	0.001	0.001	0.001
0.734	0.001	0.001	0.264
0.323	0.284	0.001	0.392
0.001	0.001	0.001	0.997
0.001	0.997	0.001	0.001
0.001	0.997	0.001	0.001
0.001	0.001	0.997	0.001
0.001	0.997	0.001	0.001
0.001	0.997	0.001	0.001
>AACGGTGTTA	23-AACGGTGTTA	10.296193	-13.752893	0	T:6.0(0.13%),B:3.6(0.01%),P:1e-5	Tpos:203.5,Tstd:134.0,Bpos:310.0,Bstd:140.2,StrandBias:2.3,Multiplicity:1.00
0.700	0.100	0.100	0.100
0.700	0.100	0.100	0.100
0.100	0.700	0.100	0.100
0.100	0.100	0.700	0.100
0.100	0.100	0.700	0.100
0.100	0.100	0.100	0.700
0.100	0.100	0.700	0.100
0.100	0.100	0.100	0.700
0.100	0.100	0.100	0.700
0.700	0.100	0.100	0.100
>GTAGCACCGC	24-GTAGCACCGC	10.533073	-13.495656	0	T:20.0(0.43%),B:52.9(0.12%),P:1e-5	Tpos:303.7,Tstd:180.9,Bpos:239.2,Bstd:128.1,StrandBias:1.4,Multiplicity:2.05
0.303	0.001	0.695	0.001
0.001	0.001	0.001	0.997
0.997	0.001	0.001	0.001
0.001	0.001	0.744	0.254
0.001	0.665	0.333	0.001
0.997	0.001	0.001	0.001
0.001	0.997	0.001	0.001
0.001	0.892	0.001	0.106
0.001	0.001	0.997	0.001
0.001	0.997	0.001	0.001
>TAACACATCG	25-TAACACATCG	10.296193	-5.477892	0	T:3.0(0.06%),B:3.3(0.01%),P:1e-2	Tpos:375.8,Tstd:145.1,Bpos:152.6,Bstd:182.0,StrandBias:-2.3,Multiplicity:4.00
0.100	0.100	0.100	0.700
0.700	0.100	0.100	0.100
0.700	0.100	0.100	0.100
0.100	0.700	0.100	0.100
0.700	0.100	0.100	0.100
0.100	0.700	0.100	0.100
0.700	0.100	0.100	0.100
0.100	0.100	0.100	0.700
0.100	0.700	0.100	0.100
0.100	0.100	0.700	0.100
>NBYACTTCCTGT	1-NBYACTTCCTGT	7.927629	-466.356075	0	T:1731.0(37.11%),B:8042.0(18.19%),P:1e-202	Tpos:300.9,Tstd:230.7,Bpos:240.0,Bstd:140.4,StrandBias:-0.0,Multiplicity:1.35
0.239	0.269	0.274	0.218
0.147	0.329	0.199	0.325
0.188	0.356	0.184	0.272
0.486	0.095	0.287	0.132
0.009	0.649	0.004	0.338
0.190	0.001	0.006	0.803
0.006	0.004	0.003	0.987
0.009	0.975	0.005	0.011
0.009	0.980	0.004	0.007
0.011	0.007	0.004	0.978
0.010	0.255	0.581	0.154
0.110	0.260	0.124	0.506
>NNBYTGTGGTTT	2-NNBYTGTGGTTT	6.714681	-359.444211	0	T:1705.0(36.55%),B:8717.2(19.72%),P:1e-156	Tpos:295.7,Tstd:240.9,Bpos:241.5,Bstd:143.3,StrandBias:-0.1,Multiplicity:1.34
0.191	0.230	0.330	0.250
0.192	0.253	0.320	0.235
0.175	0.249	0.222	0.354
0.137	0.287	0.183	0.393
0.078	0.043	0.188	0.691
0.001	0.123	0.739	0.137
0.135	0.035	0.135	0.695
0.001	0.001	0.997	0.001
0.001	0.014	0.962	0.023
0.001	0.168	0.259	0.572
0.220	0.188	0.001	0.591
0.254	0.098	0.225	0.423
>NAGGGTGTGGCH	3-NAGGGTGTGGCH	7.832737	-184.973307	0	T:1193.0(25.57%),B:6561.2(14.84%),P:1e-80	Tpos:308.0,Tstd:261.1,Bpos:241.1,Bstd:142.5,StrandBias:0.1,Multiplicity:1.23
0.296	0.256	0.253	0.196
0.584	0.001	0.130	0.285
0.082	0.001	0.916	0.001
0.128	0.001	0.870	0.001
0.135	0.064	0.800	0.001
0.001	0.110	0.075	0.814
0.001	0.003	0.931	0.065
0.137	0.024	0.266	0.573
0.042	0.001	0.901	0.056
0.138	0.053	0.781	0.028
0.113	0.549	0.139	0.199
0.271	0.294	0.026	0.408
>CCACTTCCGBTT	4-CCACTTCCGBTT	7.612003	-151.147238	0	T:884.0(18.95%),B:4634.9(10.49%),P:1e-65	Tpos:299.6,Tstd:242.5,Bpos:237.5,Bstd:145.1,StrandBias:-0.1,Multiplicity:1.11
0.206	0.529	0.041	0.224
0.058	0.567	0.034	0.341
0.685	0.107	0.066	0.142
0.001	0.788	0.001	0.210
0.103	0.090	0.006	0.801
0.001	0.001	0.001	0.997
0.001	0.997	0.001	0.001
0.200	0.771	0.026	0.003
0.027	0.298	0.587	0.088
0.140	0.277	0.313	0.270
0.073	0.288	0.100	0.539
0.001	0.223	0.111	0.665
>GCCCYCTRGTGG	5-GCCCYCTRGTGG	10.516269	-133.516592	0	T:202.0(4.33%),B:481.5(1.09%),P:1e-57	Tpos:265.3,Tstd:224.9,Bpos:256.8,Bstd:133.3,StrandBias:0.0,Multiplicity:1.02
0.033	0.001	0.829	0.137
0.110	0.888	0.001	0.001
0.001	0.899	0.067	0.033
0.313	0.628	0.058	0.001
0.066	0.431	0.001	0.502
0.001	0.997	0.001	0.001
0.001	0.058	0.019	0.922
0.464	0.021	0.346	0.169
0.033	0.284	0.682	0.001
0.073	0.045	0.001	0.881
0.001	0.001	0.997	0.001
0.067	0.067	0.808	0.058
>YAGTTTCWGTTT	6-YAGTTTCWGTTT	8.248912	-124.360861	0	T:767.0(16.44%),B:4071.7(9.21%),P:1e-54	Tpos:298.6,Tstd:233.5,Bpos:235.7,Bstd:148.9,StrandBias:0.0,Multiplicity:1.15
0.144	0.340	0.125	0.391
0.647	0.001	0.203	0.149
0.024	0.366	0.573	0.037
0.014	0.001	0.001	0.984
0.001	0.001	0.030	0.968
0.001	0.081	0.030	0.888
0.048	0.704	0.146	0.102
0.432	0.025	0.201	0.342
0.001	0.248	0.530	0.221
0.024	0.035	0.043	0.898
0.001	0.072	0.006	0.921
0.080	0.160	0.082	0.678
>NTGASTCANNNN	7-NTGASTCANNNN	8.650595	-105.251488	0	T:462.0(9.90%),B:2131.5(4.82%),P:1e-45	Tpos:279.4,Tstd:241.9,Bpos:237.6,Bstd:140.4,StrandBias:-0.0,Multiplicity:1.08
0.285	0.233	0.280	0.202
0.005	0.001	0.001	0.993
0.001	0.097	0.901	0.001
0.997	0.001	0.001	0.001
0.029	0.465	0.491	0.015
0.110	0.001	0.001	0.888
0.003	0.995	0.001	0.001
0.997	0.001	0.001	0.001
0.176	0.263	0.236	0.324
0.308	0.193	0.266	0.233
0.259	0.265	0.193	0.283
0.285	0.255	0.184	0.276
>GTTTCACTTTCA	8-GTTTCACTTTCA	10.004395	-95.957210	0	T:130.0(2.79%),B:281.9(0.64%),P:1e-41	Tpos:300.8,Tstd:279.3,Bpos:243.1,Bstd:149.0,StrandBias:-0.2,Multiplicity:1.02
0.068	0.042	0.814	0.076
0.047	0.054	0.070	0.829
0.053	0.065	0.074	0.808
0.035	0.041	0.036	0.888
0.034	0.881	0.018	0.067
0.844	0.032	0.036	0.088
0.044	0.693	0.164	0.099
0.051	0.032	0.026	0.891
0.046	0.041	0.019	0.894
0.043	0.061	0.049	0.847
0.026	0.808	0.099	0.067
0.807	0.049	0.056	0.088
>TAGGCTCCGCCC	9-TAGGCTCCGCCC	8.773582	-57.366232	0	T:447.0(9.58%),B:2527.4(5.72%),P:1e-24	Tpos:313.9,Tstd:228.1,Bpos:239.4,Bstd:145.7,StrandBias:-0.1,Multiplicity:1.11
0.161	0.303	0.075	0.460
0.589	0.080	0.214	0.117
0.001	0.001	0.910	0.088
0.082	0.042	0.867	0.009
0.059	0.883	0.028	0.030
0.037	0.065	0.001	0.897
0.001	0.866	0.132	0.001
0.118	0.697	0.028	0.157
0.071	0.116	0.550	0.263
0.014	0.967	0.018	0.001
0.001	0.932	0.059	0.008
0.041	0.703	0.060	0.196
>AGGGCGGGGTGA	10-AGGGCGGGGTGA	8.935253	-51.152753	0	T:336.0(7.20%),B:1798.2(4.07%),P:1e-22	Tpos:378.8,Tstd:279.4,Bpos:237.3,Bstd:148.0,StrandBias:0.1,Multiplicity:1.08
0.860	0.065	0.044	0.031
0.085	0.001	0.913	0.001
0.057	0.063	0.879	0.001
0.055	0.064	0.880	0.001
0.064	0.797	0.049	0.090
0.085	0.016	0.840	0.059
0.078	0.099	0.733	0.090
0.070	0.060	0.816	0.054
0.054	0.066	0.879	0.001
0.107	0.120	0.046	0.727
0.001	0.076	0.893	0.030
0.779	0.001	0.146	0.074
>GGGAAATCCCCT	11-GGGAAATCCCCT	7.278664	-45.505228	0	T:406.0(8.70%),B:2385.6(5.40%),P:1e-19	Tpos:325.8,Tstd:277.1,Bpos:236.8,Bstd:142.1,StrandBias:-0.0,Multiplicity:1.06
0.090	0.053	0.791	0.066
0.117	0.033	0.758	0.092
0.105	0.073	0.749	0.073
0.770	0.070	0.113	0.047
0.772	0.096	0.072	0.060
0.713	0.087	0.093	0.107
0.090	0.108	0.118	0.684
0.082	0.723	0.092	0.103
0.100	0.762	0.046	0.092
0.101	0.768	0.052	0.079
0.080	0.787	0.051	0.082
0.126	0.088	0.062	0.724
>GCGCGCGGAAAC	12-GCGCGCGGAAAC	8.809557	-41.624268	0	T:128.0(2.74%),B:500.7(1.13%),P:1e-18	Tpos:308.6,Tstd:268.6,Bpos:241.1,Bstd:164.3,StrandBias:0.6,Multiplicity:1.08
0.026	0.078	0.895	0.001
0.026	0.865	0.108	0.001
0.052	0.091	0.805	0.052
0.091	0.776	0.107	0.026
0.026	0.045	0.903	0.026
0.081	0.842	0.076	0.001
0.117	0.052	0.830	0.001
0.097	0.128	0.774	0.001
0.751	0.106	0.091	0.052
0.877	0.066	0.012	0.045
0.867	0.045	0.062	0.026
0.027	0.816	0.105	0.052
>TCCCDCCACTAA	13-TCCCDCCACTAA	9.494296	-40.061093	0	T:118.0(2.53%),B:451.5(1.02%),P:1e-17	Tpos:288.1,Tstd:196.8,Bpos:249.9,Bstd:135.1,StrandBias:0.3,Multiplicity:1.03
0.062	0.221	0.067	0.650
0.001	0.848	0.001	0.150
0.145	0.707	0.007	0.141
0.113	0.514	0.078	0.295
0.240	0.156	0.344	0.260
0.001	0.929	0.069	0.001
0.029	0.969	0.001	0.001
0.620	0.135	0.025	0.220
0.001	0.956	0.042	0.001
0.064	0.298	0.001	0.637
0.576	0.158	0.162	0.104
0.712	0.166	0.001	0.121
>ACCCGCCAATCA	14-ACCCGCCAATCA	8.638461	-36.003083	0	T:142.0(3.04%),B:627.4(1.42%),P:1e-15	Tpos:294.2,Tstd:210.9,Bpos:243.6,Bstd:141.3,StrandBias:0.3,Multiplicity:1.02
0.796	0.046	0.047	0.111
0.111	0.831	0.041	0.017
0.041	0.856	0.003	0.100
0.124	0.638	0.106	0.132
0.114	0.035	0.734	0.117
0.035	0.901	0.023	0.041
0.111	0.796	0.023	0.070
0.929	0.047	0.023	0.001
0.854	0.076	0.023	0.047
0.047	0.070	0.074	0.809
0.001	0.976	0.001	0.022
0.892	0.084	0.001	0.023
>GTAGCGCTGCCT	15-GTAGCGCTGCCT	6.489828	-32.772352	0	T:617.0(13.23%),B:4291.9(9.71%),P:1e-14	Tpos:302.4,Tstd:224.8,Bpos:239.3,Bstd:145.3,StrandBias:0.2,Multiplicity:1.11
0.063	0.285	0.576	0.076
0.081	0.019	0.001	0.899
0.961	0.001	0.001	0.037
0.114	0.038	0.753	0.095
0.076	0.748	0.057	0.119
0.342	0.095	0.544	0.019
0.095	0.734	0.076	0.095
0.001	0.343	0.076	0.580
0.038	0.114	0.791	0.057
0.038	0.828	0.039	0.095
0.286	0.556	0.063	0.095
0.076	0.114	0.038	0.772
>GGGCGCTCTTGC	16-GGGCGCTCTTGC	12.355432	-26.998389	0	T:9.0(0.19%),B:2.5(0.01%),P:1e-11	Tpos:303.3,Tstd:191.7,Bpos:50.0,Bstd:5.7,StrandBias:1.8,Multiplicity:1.00
0.100	0.100	0.700	0.100
0.100	0.100	0.700	0.100
0.100	0.100	0.700	0.100
0.100	0.700	0.100	0.100
0.100	0.100	0.700	0.100
0.100	0.700	0.100	0.100
0.100	0.100	0.100	0.700
0.100	0.700	0.100	0.100
0.100	0.100	0.100	0.700
0.100	0.100	0.100	0.700
0.100	0.100	0.700	0.100
0.100	0.700	0.100	0.100
>ACATCTCCGCCC	17-ACATCTCCGCCC	-0.435166	-26.747092	0	T:608.0(13.03%),B:4366.0(9.88%),P:1e-11	Tpos:322.9,Tstd:269.7,Bpos:238.9,Bstd:148.3,StrandBias:0.2,Multiplicity:1.21
0.898	0.001	0.100	0.001
0.001	0.997	0.001	0.001
0.954	0.001	0.044	0.001
0.001	0.001	0.044	0.954
0.001	0.997	0.001	0.001
0.001	0.001	0.001	0.997
0.001	0.997	0.001	0.001
0.001	0.997	0.001	0.001
0.001	0.001	0.997	0.001
0.001	0.997	0.001	0.001
0.001	0.997	0.001	0.001
0.001	0.997	0.001	0.001
>TTATGAATGTTT	18-TTATGAATGTTT	12.209036	-25.027087	0	T:11.0(0.24%),B:5.9(0.01%),P:1e-10	Tpos:336.3,Tstd:231.4,Bpos:302.4,Bstd:87.2,StrandBias:-0.3,Multiplicity:1.00
0.001	0.001	0.001	0.997
0.001	0.001	0.001	0.997
0.997	0.001	0.001	0.001
0.001	0.001	0.001	0.997
0.001	0.001	0.997	0.001
0.997	0.001	0.001	0.001
0.997	0.001	0.001	0.001
0.001	0.001	0.001	0.997
0.001	0.001	0.997	0.001
0.001	0.001	0.001	0.997
0.001	0.111	0.001	0.887
0.111	0.001	0.001	0.887
>CATCTACAAAAC	19-CATCTACAAAAC	13.342163	-16.120569	0	T:5.0(0.11%),B:1.9(0.00%),P:1e-7	Tpos:263.2,Tstd:91.4,Bpos:260.5,Bstd:110.8,StrandBias:1.6,Multiplicity:2.40
0.001	0.997	0.001	0.001
0.586	0.001	0.412	0.001
0.001	0.001	0.001	0.997
0.001	0.997	0.001	0.001
0.001	0.001	0.001	0.997
0.997	0.001	0.001	0.001
0.001	0.997	0.001	0.001
0.586	0.001	0.412	0.001
0.997	0.001	0.001	0.001
0.840	0.001	0.158	0.001
0.997	0.001	0.001	0.001
0.001	0.997	0.001	0.001
>TTCGGCCTGACT	20-TTCGGCCTGACT	13.463341	-12.742358	0	T:5.0(0.11%),B:2.5(0.01%),P:1e-5	Tpos:354.3,Tstd:299.9,Bpos:134.0,Bstd:60.5,StrandBias:3.3,Multiplicity:2.20
0.292	0.001	0.001	0.706
0.001	0.001	0.001	0.997
0.001	0.876	0.122	0.001
0.001	0.001	0.997	0.001
0.001	0.001	0.997	0.001
0.001	0.706	0.001	0.292
0.292	0.706	0.001	0.001
0.001	0.001	0.001	0.997
0.001	0.001	0.997	0.001
0.997	0.001	0.001	0.001
0.001	0.997	0.001	0.001
0.001	0.001	0.001	0.997
>ATGTGTTAGAGG	21-ATGTGTTAGAGG	12.355432	-12.258102	0	T:4.0(0.09%),B:1.5(0.00%),P:1e-5	Tpos:397.7,Tstd:143.8,Bpos:206.5,Bstd:33.5,StrandBias:10.0,Multiplicity:8.33
0.700	0.100	0.100	0.100
0.100	0.100	0.100	0.700
0.100	0.100	0.700	0.100
0.100	0.100	0.100	0.700
0.100	0.100	0.700	0.100
0.100	0.100	0.100	0.700
0.100	0.100	0.100	0.700
0.700	0.100	0.100	0.100
0.100	0.100	0.700	0.100
0.700	0.100	0.100	0.100
0.100	0.100	0.700	0.100
0.100	0.100	0.700	0.100
>GCTTGCTAACAG	22-GCTTGCTAACAG	2.596344	-11.915433	0	T:214.0(4.59%),B:1489.8(3.37%),P:1e-5	Tpos:292.5,Tstd:231.4,Bpos:234.8,Bstd:142.2,StrandBias:0.2,Multiplicity:1.04
0.001	0.001	0.997	0.001
0.001	0.997	0.001	0.001
0.093	0.001	0.001	0.905
0.001	0.001	0.001	0.997
0.001	0.001	0.997	0.001
0.001	0.997	0.001	0.001
0.001	0.001	0.001	0.997
0.997	0.001	0.001	0.001
0.997	0.001	0.001	0.001
0.093	0.905	0.001	0.001
0.997	0.001	0.001	0.001
0.001	0.001	0.997	0.001
>AGCAGGTCCTCC	23-AGCAGGTCCTCC	0.539185	-5.790595	0	T:336.0(7.20%),B:2742.1(6.20%),P:1e-2	Tpos:309.9,Tstd:247.7,Bpos:240.5,Bstd:139.1,StrandBias:0.1,Multiplicity:1.09
0.997	0.001	0.001	0.001
0.001	0.001	0.893	0.105
0.001	0.997	0.001	0.001
0.997	0.001	0.001	0.001
0.001	0.001	0.997	0.001
0.001	0.001	0.997	0.001
0.001	0.001	0.001	0.997
0.001	0.997	0.001	0.001
0.001	0.997	0.001	0.001
0.001	0.001	0.001	0.997
0.074	0.924	0.001	0.001
0.001	0.997	0.001	0.001
>GATGAGCTGTGT	24-GATGAGCTGTGT	12.355432	-3.201591	0	T:2.0(0.04%),B:3.5(0.01%),P:1e-1	Tpos:241.3,Tstd:138.0,Bpos:323.9,Bstd:105.1,StrandBias:-3.7,Multiplicity:7.00
0.100	0.100	0.700	0.100
0.700	0.100	0.100	0.100
0.100	0.100	0.100	0.700
0.100	0.100	0.700	0.100
0.700	0.100	0.100	0.100
0.100	0.100	0.700	0.100
0.100	0.700	0.100	0.100
0.100	0.100	0.100	0.700
0.100	0.100	0.700	0.100
0.100	0.100	0.100	0.700
0.100	0.100	0.700	0.100
0.100	0.100	0.100	0.700
>NNNNNNNNNNNN	25-NNNNNNNNNNNN	-nan	0.000000	0	T:0.0(0.00%),B:0.0(0.00%),P:1e0	Tpos:0.0,Tstd:0.0,Bpos:0.0,Bstd:0.0,StrandBias:0.0,Multiplicity:1.00
-nan	-nan	-nan	-nan
-nan	-nan	-nan	-nan
-nan	-nan	-nan	-nan
-nan	-nan	-nan	-nan
-nan	-nan	-nan	-nan
-nan	-nan	-nan	-nan
-nan	-nan	-nan	-nan
-nan	-nan	-nan	-nan
-nan	-nan	-nan	-nan
-nan	-nan	-nan	-nan
-nan	-nan	-nan	-nan
-nan	-nan	-nan	-nan
>TGYGGTTW	1-TGYGGTTW	6.223907	-399.984774	0	T:1793.0(38.44%),B:9032.2(20.43%),P:1e-173	Tpos:298.7,Tstd:257.8,Bpos:242.6,Bstd:149.1,StrandBias:-0.1,Multiplicity:1.13
0.139	0.140	0.171	0.550
0.047	0.035	0.866	0.052
0.001	0.442	0.001	0.556
0.001	0.001	0.997	0.001
0.075	0.001	0.913	0.011
0.033	0.047	0.102	0.818
0.098	0.230	0.071	0.601
0.413	0.021	0.209	0.356
>AGGAAGTG	2-AGGAAGTG	7.727962	-376.162847	0	T:1366.0(29.28%),B:6116.4(13.84%),P:1e-163	Tpos:293.1,Tstd:220.7,Bpos:238.7,Bstd:143.5,StrandBias:0.2,Multiplicity:1.22
0.938	0.060	0.001	0.001
0.001	0.001	0.997	0.001
0.001	0.001	0.997	0.001
0.997	0.001	0.001	0.001
0.880	0.001	0.001	0.118
0.154	0.001	0.844	0.001
0.001	0.001	0.001	0.997
0.092	0.001	0.787	0.120
>AAACCACA	3-AAACCACA	7.079278	-367.162107	0	T:1650.0(35.37%),B:8235.7(18.63%),P:1e-159	Tpos:290.0,Tstd:233.0,Bpos:241.3,Bstd:145.3,StrandBias:0.1,Multiplicity:1.33
0.727	0.099	0.053	0.121
0.947	0.001	0.051	0.001
0.853	0.038	0.108	0.001
0.001	0.997	0.001	0.001
0.001	0.997	0.001	0.001
0.901	0.025	0.021	0.053
0.001	0.984	0.001	0.014
0.906	0.035	0.008	0.051
>GCTTCCGG	4-GCTTCCGG	6.702410	-278.518531	0	T:1544.0(33.10%),B:8251.0(18.67%),P:1e-120	Tpos:311.0,Tstd:246.1,Bpos:237.9,Bstd:142.6,StrandBias:-0.1,Multiplicity:1.16
0.062	0.176	0.761	0.001
0.001	0.934	0.001	0.064
0.001	0.001	0.001	0.997
0.001	0.001	0.001	0.997
0.001	0.997	0.001	0.001
0.001	0.997	0.001	0.001
0.001	0.001	0.739	0.259
0.001	0.001	0.997	0.001
>ACAGGAAG	5-ACAGGAAG	4.984984	-273.072590	0	T:1189.0(25.49%),B:5683.7(12.86%),P:1e-118	Tpos:294.8,Tstd:218.9,Bpos:237.8,Bstd:144.2,StrandBias:-0.1,Multiplicity:1.16
0.997	0.001	0.001	0.001
0.001	0.997	0.001	0.001
0.897	0.101	0.001	0.001
0.001	0.001	0.997	0.001
0.001	0.001	0.997	0.001
0.997	0.001	0.001	0.001
0.924	0.001	0.001	0.074
0.303	0.001	0.695	0.001
>ATGAGTCA	6-ATGAGTCA	6.570986	-109.541982	0	T:686.0(14.71%),B:3647.3(8.25%),P:1e-47	Tpos:277.0,Tstd:236.5,Bpos:237.9,Bstd:141.4,StrandBias:0.0,Multiplicity:1.12
0.696	0.104	0.113	0.087
0.001	0.001	0.001	0.997
0.001	0.001	0.997	0.001
0.997	0.001	0.001	0.001
0.001	0.274	0.724	0.001
0.001	0.001	0.001	0.997
0.058	0.940	0.001	0.001
0.997	0.001	0.001	0.001
>GGGCGGGG	7-GGGCGGGG	7.808732	-103.783772	0	T:1365.0(29.26%),B:9061.9(20.50%),P:1e-45	Tpos:330.3,Tstd:264.1,Bpos:238.2,Bstd:154.9,StrandBias:0.1,Multiplicity:1.81
0.218	0.001	0.688	0.093
0.001	0.020	0.978	0.001
0.001	0.001	0.997	0.001
0.001	0.741	0.001	0.257
0.001	0.001	0.997	0.001
0.001	0.001	0.803	0.195
0.313	0.001	0.629	0.057
0.312	0.001	0.618	0.069
>AACCGAAA	8-AACCGAAA	5.455794	-94.969357	0	T:1344.0(28.81%),B:9044.5(20.46%),P:1e-41	Tpos:303.1,Tstd:250.4,Bpos:240.2,Bstd:151.3,StrandBias:0.1,Multiplicity:1.27
0.805	0.024	0.054	0.117
0.820	0.066	0.068	0.046
0.159	0.563	0.133	0.145
0.001	0.769	0.072	0.158
0.068	0.099	0.804	0.029
0.666	0.127	0.121	0.086
0.812	0.044	0.088	0.056
0.768	0.098	0.082	0.052
>GGGGAAGC	9-GGGGAAGC	7.984787	-89.743844	0	T:1246.0(26.71%),B:8323.5(18.83%),P:1e-38	Tpos:317.4,Tstd:251.2,Bpos:240.3,Bstd:142.9,StrandBias:0.1,Multiplicity:1.19
0.001	0.001	0.997	0.001
0.395	0.001	0.603	0.001
0.001	0.001	0.997	0.001
0.001	0.001	0.997	0.001
0.696	0.001	0.001	0.302
0.997	0.001	0.001	0.001
0.422	0.001	0.576	0.001
0.001	0.590	0.001	0.408
>AGCCACAA	10-AGCCACAA	8.138555	-81.618118	0	T:473.0(10.14%),B:2430.1(5.50%),P:1e-35	Tpos:307.6,Tstd:269.5,Bpos:238.3,Bstd:144.3,StrandBias:-0.1,Multiplicity:1.03
0.693	0.062	0.244	0.001
0.001	0.140	0.858	0.001
0.001	0.997	0.001	0.001
0.001	0.997	0.001	0.001
0.997	0.001	0.001	0.001
0.001	0.997	0.001	0.001
0.997	0.001	0.001	0.001
0.997	0.001	0.001	0.001
>TGGGTGTT	11-TGGGTGTT	4.962979	-77.717171	0	T:785.0(16.83%),B:4807.3(10.88%),P:1e-33	Tpos:304.1,Tstd:255.2,Bpos:240.8,Bstd:145.8,StrandBias:0.0,Multiplicity:1.15
0.064	0.011	0.001	0.924
0.001	0.001	0.997	0.001
0.001	0.001	0.997	0.001
0.001	0.001	0.997	0.001
0.001	0.001	0.001	0.997
0.001	0.001	0.997	0.001
0.001	0.001	0.001	0.997
0.001	0.001	0.202	0.796
>CACACCAC	12-CACACCAC	7.421822	-49.887678	0	T:506.0(10.85%),B:3079.8(6.97%),P:1e-21	Tpos:274.2,Tstd:250.6,Bpos:235.8,Bstd:147.2,StrandBias:0.2,Multiplicity:1.08
0.001	0.997	0.001	0.001
0.838	0.001	0.001	0.160
0.001	0.997	0.001	0.001
0.997	0.001	0.001	0.001
0.001	0.997	0.001	0.001
0.001	0.997	0.001	0.001
0.967	0.001	0.001	0.031
0.001	0.997	0.001	0.001
>NTTAGCGN	13-NTTAGCGN	4.053715	-49.043801	0	T:920.0(19.72%),B:6431.3(14.55%),P:1e-21	Tpos:321.7,Tstd:253.2,Bpos:239.8,Bstd:159.9,StrandBias:0.0,Multiplicity:1.24
0.288	0.205	0.290	0.218
0.137	0.184	0.220	0.459
0.189	0.072	0.067	0.672
0.528	0.271	0.094	0.107
0.179	0.117	0.432	0.272
0.057	0.805	0.051	0.087
0.135	0.102	0.654	0.109
0.236	0.255	0.253	0.256
>TACACGCC	14-TACACGCC	5.900386	-48.742821	0	T:690.0(14.79%),B:4549.7(10.29%),P:1e-21	Tpos:338.2,Tstd:268.7,Bpos:238.7,Bstd:157.9,StrandBias:0.2,Multiplicity:1.26
0.114	0.001	0.357	0.528
0.859	0.001	0.001	0.139
0.001	0.613	0.001	0.385
0.634	0.364	0.001	0.001
0.001	0.997	0.001	0.001
0.001	0.001	0.997	0.001
0.085	0.913	0.001	0.001
0.001	0.997	0.001	0.001
>TACCGCGC	15-TACCGCGC	5.139185	-48.069071	0	T:872.0(18.69%),B:6053.7(13.70%),P:1e-20	Tpos:341.5,Tstd:282.4,Bpos:242.2,Bstd:163.0,StrandBias:0.1,Multiplicity:1.47
0.135	0.100	0.075	0.690
0.775	0.040	0.067	0.118
0.151	0.634	0.110	0.105
0.098	0.788	0.055	0.059
0.064	0.029	0.863	0.044
0.078	0.815	0.069	0.038
0.091	0.141	0.663	0.105
0.060	0.778	0.077	0.085
>GACGTCAA	16-GACGTCAA	5.588643	-45.893690	0	T:224.0(4.80%),B:1077.9(2.44%),P:1e-19	Tpos:301.2,Tstd:229.8,Bpos:237.8,Bstd:150.2,StrandBias:0.0,Multiplicity:1.05
0.001	0.001	0.931	0.067
0.997	0.001	0.001	0.001
0.001	0.997	0.001	0.001
0.001	0.001	0.997	0.001
0.001	0.001	0.001	0.997
0.001	0.997	0.001	0.001
0.997	0.001	0.001	0.001
0.790	0.079	0.062	0.069
>CTCCACCC	17-CTCCACCC	9.000441	-38.763728	0	T:413.0(8.85%),B:2542.2(5.75%),P:1e-16	Tpos:315.4,Tstd:260.0,Bpos:238.7,Bstd:145.3,StrandBias:0.0,Multiplicity:1.10
0.001	0.997	0.001	0.001
0.001	0.001	0.001	0.997
0.001	0.997	0.001	0.001
0.148	0.850	0.001	0.001
0.997	0.001	0.001	0.001
0.001	0.997	0.001	0.001
0.147	0.851	0.001	0.001
0.001	0.997	0.001	0.001
>CTGATTGG	18-CTGATTGG	8.248077	-34.726273	0	T:221.0(4.74%),B:1173.7(2.66%),P:1e-15	Tpos:302.1,Tstd:242.7,Bpos:239.9,Bstd:146.2,StrandBias:0.1,Multiplicity:1.08
0.001	0.770	0.001	0.228
0.001	0.001	0.069	0.929
0.001	0.001	0.997	0.001
0.997	0.001	0.001	0.001
0.001	0.001	0.001	0.997
0.001	0.087	0.001	0.911
0.001	0.050	0.948	0.001
0.001	0.001	0.997	0.001
>GCCCBCTA	19-GCCCBCTA	7.627548	-34.092989	0	T:326.0(6.99%),B:1952.2(4.42%),P:1e-14	Tpos:301.6,Tstd:257.2,Bpos:240.2,Bstd:140.1,StrandBias:0.2,Multiplicity:1.06
0.101	0.088	0.730	0.081
0.193	0.718	0.001	0.088
0.001	0.865	0.133	0.001
0.300	0.662	0.037	0.001
0.001	0.337	0.259	0.404
0.037	0.752	0.001	0.210
0.001	0.001	0.001	0.997
0.912	0.001	0.001	0.086
>AGGGTGAC	20-AGGGTGAC	8.682876	-25.168804	0	T:278.0(5.96%),B:1730.8(3.92%),P:1e-10	Tpos:319.7,Tstd:273.6,Bpos:242.5,Bstd:145.6,StrandBias:0.1,Multiplicity:1.06
0.997	0.001	0.001	0.001
0.001	0.001	0.997	0.001
0.001	0.001	0.997	0.001
0.001	0.001	0.997	0.001
0.001	0.120	0.001	0.878
0.001	0.001	0.997	0.001
0.764	0.001	0.001	0.234
0.001	0.997	0.001	0.001
>CACATCCG	21-CACATCCG	9.086883	-25.123788	0	T:78.0(1.67%),B:311.8(0.71%),P:1e-10	Tpos:264.7,Tstd:220.5,Bpos:235.3,Bstd:149.9,StrandBias:0.1,Multiplicity:1.03
0.001	0.821	0.001	0.177
0.997	0.001	0.001	0.001
0.001	0.997	0.001	0.001
0.997	0.001	0.001	0.001
0.001	0.001	0.001	0.997
0.113	0.885	0.001	0.001
0.001	0.874	0.124	0.001
0.001	0.001	0.997	0.001
>GCGCTACC	22-GCGCTACC	7.412567	-23.579196	0	T:236.0(5.06%),B:1435.9(3.25%),P:1e-10	Tpos:288.5,Tstd:220.4,Bpos:242.2,Bstd:145.7,StrandBias:0.2,Multiplicity:1.02
0.356	0.001	0.642	0.001
0.001	0.844	0.001	0.154
0.001	0.200	0.798	0.001
0.300	0.496	0.001	0.202
0.143	0.033	0.001	0.823
0.997	0.001	0.001	0.001
0.001	0.997	0.001	0.001
0.360	0.638	0.001	0.001
>GTGCGAAT	23-GTGCGAAT	8.236954	-11.851678	0	T:24.0(0.51%),B:80.0(0.18%),P:1e-5	Tpos:287.8,Tstd:215.1,Bpos:227.5,Bstd:154.1,StrandBias:0.7,Multiplicity:1.04
0.100	0.100	0.700	0.100
0.100	0.100	0.100	0.700
0.100	0.100	0.700	0.100
0.100	0.700	0.100	0.100
0.100	0.100	0.700	0.100
0.700	0.100	0.100	0.100
0.700	0.100	0.100	0.100
0.100	0.100	0.100	0.700
