>RCMGGAAGTG	1-RCMGGAAGTG	6.652197	-535.215003	0	T:1975.0(42.34%),B:9331.3(21.11%),P:1e-232	Tpos:296.3,Tstd:225.5,Bpos:237.9,Bstd:144.7,StrandBias:-0.0,Multiplicity:1.38
0.428	0.157	0.285	0.130
0.175	0.500	0.275	0.050
0.437	0.368	0.132	0.063
0.024	0.075	0.884	0.017
0.022	0.066	0.890	0.022
0.960	0.016	0.001	0.023
0.717	0.014	0.041	0.228
0.267	0.086	0.641	0.006
0.090	0.272	0.060	0.578
0.211	0.152	0.420	0.218
>TGTGGTTTNN	2-TGTGGTTTNN	7.102366	-379.463094	0	T:1699.0(36.42%),B:8497.6(19.23%),P:1e-164	Tpos:290.8,Tstd:234.8,Bpos:240.7,Bstd:145.1,StrandBias:-0.1,Multiplicity:1.32
0.103	0.019	0.084	0.794
0.017	0.001	0.925	0.057
0.114	0.073	0.073	0.740
0.001	0.001	0.997	0.001
0.001	0.001	0.997	0.001
0.001	0.158	0.129	0.712
0.001	0.093	0.001	0.905
0.183	0.084	0.145	0.588
0.223	0.241	0.286	0.250
0.209	0.297	0.272	0.222
>TTGTGGTTAA	3-TTGTGGTTAA	6.344885	-228.258133	0	T:1601.0(34.32%),B:9236.8(20.90%),P:1e-99	Tpos:292.4,Tstd:242.3,Bpos:239.7,Bstd:143.9,StrandBias:-0.0,Multiplicity:1.21
0.139	0.294	0.082	0.486
0.157	0.062	0.090	0.691
0.001	0.084	0.843	0.072
0.036	0.313	0.001	0.650
0.043	0.001	0.928	0.028
0.001	0.001	0.970	0.028
0.001	0.203	0.001	0.795
0.154	0.162	0.163	0.521
0.690	0.075	0.234	0.001
0.439	0.258	0.231	0.072
>DGGGCGKGGC	4-DGGGCGKGGC	7.652761	-224.641220	0	T:1278.0(27.40%),B:6779.7(15.34%),P:1e-97	Tpos:318.9,Tstd:251.3,Bpos:236.6,Bstd:152.7,StrandBias:0.1,Multiplicity:1.53
0.377	0.035	0.240	0.348
0.244	0.001	0.754	0.001
0.014	0.001	0.984	0.001
0.062	0.001	0.936	0.001
0.033	0.573	0.001	0.393
0.001	0.001	0.815	0.183
0.093	0.016	0.509	0.382
0.350	0.057	0.592	0.001
0.227	0.038	0.588	0.147
0.150	0.538	0.029	0.283
>GAAACCGCAA	5-GAAACCGCAA	5.742562	-113.222923	0	T:943.0(20.21%),B:5524.7(12.50%),P:1e-49	Tpos:314.3,Tstd:247.8,Bpos:243.8,Bstd:148.1,StrandBias:0.0,Multiplicity:1.10
0.161	0.168	0.649	0.022
0.567	0.164	0.158	0.111
0.714	0.087	0.152	0.047
0.624	0.098	0.201	0.077
0.191	0.539	0.097	0.173
0.172	0.568	0.076	0.184
0.096	0.171	0.609	0.124
0.072	0.592	0.145	0.191
0.518	0.152	0.140	0.190
0.568	0.157	0.126	0.149
>GAAACCGAAA	6-GAAACCGAAA	8.580943	-109.771304	0	T:645.0(13.83%),B:3350.3(7.58%),P:1e-47	Tpos:296.4,Tstd:240.0,Bpos:236.4,Bstd:151.6,StrandBias:-0.1,Multiplicity:1.14
0.200	0.231	0.561	0.008
0.997	0.001	0.001	0.001
0.931	0.001	0.067	0.001
0.990	0.001	0.008	0.001
0.142	0.723	0.134	0.001
0.175	0.598	0.001	0.226
0.177	0.001	0.821	0.001
0.828	0.001	0.170	0.001
0.767	0.001	0.231	0.001
0.988	0.001	0.001	0.010
>RTGAGTCACV	7-RTGAGTCACV	3.692592	-101.161210	0	T:601.0(12.88%),B:3129.0(7.08%),P:1e-43	Tpos:277.9,Tstd:240.5,Bpos:238.8,Bstd:140.5,StrandBias:0.0,Multiplicity:1.10
0.308	0.152	0.376	0.164
0.001	0.001	0.001	0.997
0.001	0.001	0.997	0.001
0.997	0.001	0.001	0.001
0.001	0.356	0.642	0.001
0.001	0.001	0.001	0.997
0.001	0.997	0.001	0.001
0.997	0.001	0.001	0.001
0.091	0.432	0.238	0.240
0.293	0.330	0.359	0.018
>YTGGTTKCTG	8-YTGGTTKCTG	8.442586	-89.802607	0	T:805.0(17.26%),B:4784.6(10.82%),P:1e-39	Tpos:277.2,Tstd:217.4,Bpos:234.9,Bstd:142.3,StrandBias:0.1,Multiplicity:1.11
0.120	0.387	0.236	0.258
0.001	0.001	0.001	0.997
0.001	0.001	0.997	0.001
0.001	0.050	0.948	0.001
0.001	0.001	0.001	0.997
0.169	0.001	0.329	0.501
0.246	0.001	0.425	0.328
0.001	0.957	0.041	0.001
0.230	0.258	0.001	0.511
0.001	0.001	0.600	0.398
>GAGGAAACMG	9-GAGGAAACMG	9.384606	-63.339534	0	T:263.0(5.64%),B:1180.3(2.67%),P:1e-27	Tpos:310.0,Tstd:241.5,Bpos:237.9,Bstd:137.3,StrandBias:0.2,Multiplicity:1.03
0.016	0.239	0.744	0.001
0.997	0.001	0.001	0.001
0.001	0.001	0.997	0.001
0.001	0.001	0.997	0.001
0.997	0.001	0.001	0.001
0.997	0.001	0.001	0.001
0.997	0.001	0.001	0.001
0.001	0.940	0.001	0.058
0.497	0.361	0.001	0.142
0.008	0.236	0.742	0.014
>TAGRTGGCGC	10-TAGRTGGCGC	7.594164	-59.852968	0	T:126.0(2.70%),B:390.6(0.88%),P:1e-25	Tpos:285.4,Tstd:259.7,Bpos:237.8,Bstd:145.9,StrandBias:-0.3,Multiplicity:1.05
0.192	0.203	0.107	0.498
0.646	0.036	0.258	0.060
0.305	0.023	0.650	0.022
0.290	0.219	0.428	0.063
0.017	0.024	0.329	0.630
0.196	0.067	0.668	0.069
0.285	0.021	0.654	0.040
0.087	0.817	0.069	0.027
0.276	0.006	0.619	0.099
0.198	0.562	0.190	0.050
>AATACCGCGC	11-AATACCGCGC	5.714397	-50.785797	0	T:460.0(9.86%),B:2715.7(6.14%),P:1e-22	Tpos:309.8,Tstd:256.2,Bpos:239.6,Bstd:150.5,StrandBias:0.1,Multiplicity:1.07
0.744	0.065	0.121	0.070
0.811	0.046	0.098	0.045
0.082	0.051	0.012	0.855
0.810	0.045	0.061	0.084
0.059	0.807	0.061	0.073
0.046	0.847	0.029	0.078
0.083	0.017	0.837	0.063
0.093	0.723	0.100	0.084
0.071	0.080	0.813	0.036
0.056	0.757	0.115	0.072
>CTGATTGGCT	12-CTGATTGGCT	8.355144	-50.028011	0	T:272.0(5.83%),B:1362.5(3.08%),P:1e-21	Tpos:294.9,Tstd:201.9,Bpos:241.4,Bstd:147.6,StrandBias:0.3,Multiplicity:1.14
0.001	0.716	0.047	0.236
0.001	0.329	0.086	0.584
0.001	0.302	0.696	0.001
0.997	0.001	0.001	0.001
0.001	0.001	0.033	0.965
0.001	0.113	0.001	0.885
0.001	0.001	0.997	0.001
0.001	0.001	0.997	0.001
0.001	0.622	0.045	0.332
0.001	0.106	0.045	0.848
>TGCGMAAGCG	13-TGCGMAAGCG	7.794607	-40.447536	0	T:252.0(5.40%),B:1326.1(3.00%),P:1e-17	Tpos:321.1,Tstd:243.4,Bpos:240.5,Bstd:155.0,StrandBias:-0.0,Multiplicity:1.11
0.001	0.001	0.001	0.997
0.221	0.001	0.777	0.001
0.001	0.997	0.001	0.001
0.093	0.001	0.819	0.087
0.345	0.444	0.211	0.001
0.760	0.001	0.001	0.238
0.434	0.247	0.107	0.213
0.001	0.001	0.997	0.001
0.133	0.680	0.186	0.001
0.001	0.001	0.997	0.001
>TGACGTAAYC	14-TGACGTAAYC	8.152084	-39.447545	0	T:117.0(2.51%),B:449.3(1.02%),P:1e-17	Tpos:283.1,Tstd:200.3,Bpos:235.2,Bstd:147.5,StrandBias:-0.1,Multiplicity:1.05
0.001	0.001	0.020	0.978
0.080	0.036	0.811	0.073
0.882	0.001	0.050	0.067
0.002	0.923	0.001	0.074
0.040	0.016	0.943	0.001
0.032	0.067	0.010	0.891
0.676	0.255	0.001	0.068
0.860	0.001	0.137	0.002
0.159	0.360	0.195	0.287
0.065	0.537	0.332	0.066
>ATCTCGCGCA	15-ATCTCGCGCA	11.068692	-34.169896	0	T:13.0(0.28%),B:4.7(0.01%),P:1e-14	Tpos:331.1,Tstd:188.4,Bpos:366.8,Bstd:22.5,StrandBias:0.5,Multiplicity:1.31
0.997	0.001	0.001	0.001
0.001	0.001	0.001	0.997
0.001	0.925	0.001	0.073
0.001	0.001	0.001	0.997
0.001	0.997	0.001	0.001
0.073	0.001	0.925	0.001
0.001	0.997	0.001	0.001
0.073	0.001	0.925	0.001
0.001	0.997	0.001	0.001
0.997	0.001	0.001	0.001
>TGRCTCGCTT	16-TGRCTCGCTT	8.716692	-30.730780	0	T:138.0(2.96%),B:646.2(1.46%),P:1e-13	Tpos:268.6,Tstd:203.1,Bpos:233.2,Bstd:140.0,StrandBias:0.2,Multiplicity:1.01
0.059	0.328	0.001	0.612
0.001	0.001	0.997	0.001
0.494	0.041	0.463	0.001
0.001	0.918	0.080	0.001
0.085	0.141	0.001	0.773
0.325	0.670	0.001	0.004
0.108	0.299	0.592	0.001
0.045	0.706	0.113	0.136
0.001	0.001	0.001	0.997
0.001	0.001	0.001	0.997
>NGACCGAGAN	17-NGACCGAGAN	5.125875	-27.430823	0	T:200.0(4.29%),B:1112.9(2.52%),P:1e-11	Tpos:320.6,Tstd:225.0,Bpos:244.1,Bstd:157.6,StrandBias:0.2,Multiplicity:1.07
0.225	0.302	0.228	0.245
0.157	0.150	0.533	0.160
0.555	0.151	0.143	0.151
0.146	0.547	0.154	0.153
0.128	0.553	0.157	0.162
0.135	0.133	0.586	0.146
0.552	0.171	0.130	0.147
0.174	0.137	0.530	0.159
0.562	0.144	0.138	0.156
0.258	0.244	0.218	0.279
>GCCCGCCCTT	18-GCCCGCCCTT	9.345487	-25.644925	0	T:158.0(3.39%),B:834.2(1.89%),P:1e-11	Tpos:315.0,Tstd:254.6,Bpos:232.2,Bstd:154.3,StrandBias:-0.0,Multiplicity:1.04
0.001	0.001	0.997	0.001
0.001	0.961	0.001	0.037
0.001	0.948	0.007	0.044
0.103	0.836	0.001	0.060
0.032	0.007	0.929	0.032
0.015	0.881	0.103	0.001
0.001	0.979	0.019	0.001
0.034	0.950	0.001	0.015
0.001	0.131	0.289	0.579
0.009	0.001	0.043	0.947
>CGCGCGCGAA	19-CGCGCGCGAA	6.529434	-23.027936	0	T:293.0(6.28%),B:1885.5(4.27%),P:1e-10	Tpos:359.6,Tstd:301.9,Bpos:238.5,Bstd:174.8,StrandBias:0.0,Multiplicity:1.42
0.109	0.617	0.103	0.171
0.018	0.094	0.840	0.048
0.079	0.645	0.167	0.109
0.079	0.094	0.703	0.124
0.111	0.700	0.085	0.104
0.095	0.115	0.728	0.062
0.058	0.605	0.253	0.084
0.176	0.176	0.509	0.139
0.462	0.173	0.217	0.148
0.519	0.180	0.140	0.161
>ACTTGAGAGA	20-ACTTGAGAGA	10.901485	-20.344318	0	T:55.0(1.18%),B:206.4(0.47%),P:1e-8	Tpos:281.3,Tstd:192.3,Bpos:243.2,Bstd:148.4,StrandBias:0.3,Multiplicity:1.04
0.997	0.001	0.001	0.001
0.001	0.997	0.001	0.001
0.001	0.001	0.046	0.952
0.066	0.001	0.001	0.932
0.162	0.001	0.836	0.001
0.935	0.001	0.001	0.063
0.001	0.001	0.997	0.001
0.797	0.201	0.001	0.001
0.169	0.001	0.829	0.001
0.588	0.410	0.001	0.001
>YKACTSWKCT	21-YKACTSWKCT	6.579574	-19.902871	0	T:150.0(3.22%),B:848.8(1.92%),P:1e-8	Tpos:318.6,Tstd:251.0,Bpos:235.8,Bstd:137.2,StrandBias:0.1,Multiplicity:1.09
0.198	0.261	0.148	0.393
0.131	0.163	0.373	0.333
0.617	0.093	0.140	0.150
0.020	0.832	0.076	0.072
0.128	0.071	0.088	0.713
0.058	0.485	0.337	0.119
0.492	0.102	0.061	0.346
0.076	0.086	0.466	0.373
0.119	0.512	0.059	0.310
0.232	0.151	0.194	0.423
>CAAHTCCGCC	22-CAAHTCCGCC	11.248319	-14.106566	0	T:24.0(0.51%),B:70.0(0.16%),P:1e-6	Tpos:310.2,Tstd:150.4,Bpos:270.3,Bstd:109.2,StrandBias:1.4,Multiplicity:1.61
0.001	0.997	0.001	0.001
0.997	0.001	0.001	0.001
0.734	0.001	0.001	0.264
0.323	0.284	0.001	0.392
0.001	0.001	0.001	0.997
0.001	0.997	0.001	0.001
0.001	0.997	0.001	0.001
0.001	0.001	0.997	0.001
0.001	0.997	0.001	0.001
0.001	0.997	0.001	0.001
>AACGGTGTTA	23-AACGGTGTTA	10.296193	-13.752893	0	T:6.0(0.13%),B:3.6(0.01%),P:1e-5	Tpos:203.5,Tstd:134.0,Bpos:310.0,Bstd:140.2,StrandBias:2.3,Multiplicity:1.00
0.700	0.100	0.100	0.100
0.700	0.100	0.100	0.100
0.100	0.700	0.100	0.100
0.100	0.100	0.700	0.100
0.100	0.100	0.700	0.100
0.100	0.100	0.100	0.700
0.100	0.100	0.700	0.100
0.100	0.100	0.100	0.700
0.100	0.100	0.100	0.700
0.700	0.100	0.100	0.100
>GTAGCACCGC	24-GTAGCACCGC	10.533073	-13.495656	0	T:20.0(0.43%),B:52.9(0.12%),P:1e-5	Tpos:303.7,Tstd:180.9,Bpos:239.2,Bstd:128.1,StrandBias:1.4,Multiplicity:2.05
0.303	0.001	0.695	0.001
0.001	0.001	0.001	0.997
0.997	0.001	0.001	0.001
0.001	0.001	0.744	0.254
0.001	0.665	0.333	0.001
0.997	0.001	0.001	0.001
0.001	0.997	0.001	0.001
0.001	0.892	0.001	0.106
0.001	0.001	0.997	0.001
0.001	0.997	0.001	0.001
>TAACACATCG	25-TAACACATCG	10.296193	-5.477892	0	T:3.0(0.06%),B:3.3(0.01%),P:1e-2	Tpos:375.8,Tstd:145.1,Bpos:152.6,Bstd:182.0,StrandBias:-2.3,Multiplicity:4.00
0.100	0.100	0.100	0.700
0.700	0.100	0.100	0.100
0.700	0.100	0.100	0.100
0.100	0.700	0.100	0.100
0.700	0.100	0.100	0.100
0.100	0.700	0.100	0.100
0.700	0.100	0.100	0.100
0.100	0.100	0.100	0.700
0.100	0.700	0.100	0.100
0.100	0.100	0.700	0.100
