Factor1: 0.9067658319564436
Factor2: 1.102820557146927
