Factor1: 1.0103610934938252
Factor2: 0.9897451578841021
