>RRAWMNTGTW	1-RRAWMNTGTW	5.848200	-28.031586	0	T:151.0(2.95%),B:702.8(1.57%),P:1e-12	Tpos:221.2,Tstd:219.6,Bpos:131.9,Bstd:73.3,StrandBias:0.2,Multiplicity:1.01
0.400	0.136	0.337	0.127
0.405	0.167	0.304	0.124
0.430	0.279	0.135	0.156
0.453	0.145	0.001	0.401
0.279	0.421	0.118	0.183
0.215	0.344	0.232	0.209
0.012	0.001	0.126	0.861
0.157	0.001	0.512	0.330
0.412	0.001	0.001	0.586
0.394	0.001	0.136	0.469
>TCCTTCTTAG	2-TCCTTCTTAG	7.465076	-26.476720	0	T:284.0(5.55%),B:1621.7(3.61%),P:1e-11	Tpos:203.2,Tstd:211.4,Bpos:133.1,Bstd:75.4,StrandBias:0.1,Multiplicity:1.03
0.044	0.055	0.049	0.852
0.121	0.695	0.112	0.072
0.065	0.773	0.127	0.035
0.016	0.035	0.085	0.864
0.064	0.052	0.049	0.835
0.046	0.755	0.141	0.058
0.062	0.057	0.069	0.812
0.101	0.045	0.030	0.824
0.817	0.035	0.100	0.048
0.049	0.090	0.778	0.083
>ACCCTGCAAA	3-ACCCTGCAAA	8.898870	-24.137315	0	T:128.0(2.50%),B:594.8(1.33%),P:1e-10	Tpos:180.3,Tstd:159.4,Bpos:134.7,Bstd:73.2,StrandBias:0.4,Multiplicity:1.02
0.929	0.046	0.001	0.024
0.011	0.987	0.001	0.001
0.053	0.926	0.001	0.020
0.023	0.787	0.048	0.142
0.110	0.001	0.001	0.888
0.001	0.001	0.960	0.038
0.001	0.857	0.141	0.001
0.997	0.001	0.001	0.001
0.741	0.205	0.039	0.015
0.922	0.007	0.070	0.001
>TAAACCCTTC	4-TAAACCCTTC	7.834239	-23.684836	0	T:242.0(4.73%),B:1367.4(3.05%),P:1e-10	Tpos:191.7,Tstd:174.8,Bpos:134.0,Bstd:75.6,StrandBias:-0.1,Multiplicity:1.04
0.170	0.054	0.030	0.746
0.794	0.001	0.113	0.092
0.927	0.004	0.068	0.001
0.937	0.005	0.035	0.023
0.085	0.855	0.003	0.057
0.002	0.842	0.148	0.008
0.142	0.552	0.087	0.219
0.250	0.001	0.116	0.633
0.033	0.001	0.029	0.937
0.012	0.794	0.013	0.181
>ATTCGCATAC	5-ATTCGCATAC	10.057329	-22.413304	0	T:17.0(0.33%),B:19.3(0.04%),P:1e-9	Tpos:192.1,Tstd:140.5,Bpos:171.5,Bstd:67.8,StrandBias:-0.2,Multiplicity:1.00
0.997	0.001	0.001	0.001
0.001	0.184	0.001	0.814
0.001	0.001	0.001	0.997
0.063	0.935	0.001	0.001
0.001	0.001	0.997	0.001
0.184	0.814	0.001	0.001
0.997	0.001	0.001	0.001
0.001	0.001	0.184	0.814
0.814	0.184	0.001	0.001
0.001	0.814	0.001	0.184
>CAGGACGCGC	6-CAGGACGCGC	10.308324	-21.569712	0	T:20.0(0.39%),B:29.0(0.06%),P:1e-9	Tpos:102.8,Tstd:86.6,Bpos:157.3,Bstd:67.4,StrandBias:-0.3,Multiplicity:1.00
0.001	0.997	0.001	0.001
0.997	0.001	0.001	0.001
0.001	0.001	0.997	0.001
0.001	0.143	0.855	0.001
0.997	0.001	0.001	0.001
0.001	0.915	0.083	0.001
0.001	0.001	0.894	0.104
0.083	0.833	0.083	0.001
0.327	0.001	0.500	0.172
0.001	0.997	0.001	0.001
>CAGTTATCAA	7-CAGTTATCAA	11.990742	-20.925174	0	T:17.0(0.33%),B:22.0(0.05%),P:1e-9	Tpos:206.5,Tstd:184.6,Bpos:133.2,Bstd:87.0,StrandBias:-0.2,Multiplicity:1.00
0.001	0.997	0.001	0.001
0.840	0.158	0.001	0.001
0.001	0.001	0.997	0.001
0.001	0.001	0.001	0.997
0.001	0.001	0.001	0.997
0.997	0.001	0.001	0.001
0.001	0.001	0.001	0.997
0.001	0.997	0.001	0.001
0.997	0.001	0.001	0.001
0.997	0.001	0.001	0.001
>TCAAAACTAT	8-TCAAAACTAT	9.064004	-17.825629	0	T:188.0(3.67%),B:1076.0(2.40%),P:1e-7	Tpos:199.3,Tstd:199.8,Bpos:140.0,Bstd:74.9,StrandBias:-0.1,Multiplicity:1.04
0.064	0.001	0.001	0.934
0.040	0.670	0.249	0.041
0.997	0.001	0.001	0.001
0.945	0.009	0.001	0.045
0.997	0.001	0.001	0.001
0.960	0.001	0.001	0.038
0.037	0.858	0.104	0.001
0.056	0.064	0.001	0.879
0.949	0.001	0.049	0.001
0.090	0.001	0.108	0.801
>AGTGATTAWC	9-AGTGATTAWC	8.696126	-17.457758	0	T:72.0(1.41%),B:307.3(0.68%),P:1e-7	Tpos:165.5,Tstd:129.4,Bpos:135.9,Bstd:75.1,StrandBias:0.1,Multiplicity:1.04
0.555	0.236	0.052	0.157
0.001	0.107	0.860	0.032
0.091	0.056	0.039	0.814
0.001	0.001	0.984	0.014
0.674	0.070	0.109	0.147
0.086	0.033	0.044	0.837
0.025	0.008	0.214	0.753
0.909	0.052	0.038	0.001
0.294	0.203	0.107	0.396
0.025	0.466	0.200	0.309
>YGGTCCCGAT	10-YGGTCCCGAT	9.522121	-17.447825	0	T:21.0(0.41%),B:41.7(0.09%),P:1e-7	Tpos:199.0,Tstd:136.0,Bpos:135.8,Bstd:67.9,StrandBias:0.1,Multiplicity:1.00
0.164	0.433	0.001	0.403
0.001	0.001	0.869	0.129
0.224	0.038	0.737	0.001
0.001	0.001	0.001	0.997
0.001	0.997	0.001	0.001
0.001	0.997	0.001	0.001
0.001	0.997	0.001	0.001
0.001	0.001	0.915	0.083
0.737	0.001	0.224	0.038
0.163	0.001	0.001	0.835
>TATCACCCAA	11-TATCACCCAA	6.928147	-17.022713	0	T:23.0(0.45%),B:50.8(0.11%),P:1e-7	Tpos:154.4,Tstd:134.8,Bpos:139.8,Bstd:78.3,StrandBias:1.0,Multiplicity:1.17
0.001	0.174	0.001	0.824
0.997	0.001	0.001	0.001
0.001	0.001	0.001	0.997
0.001	0.997	0.001	0.001
0.997	0.001	0.001	0.001
0.001	0.997	0.001	0.001
0.001	0.997	0.001	0.001
0.001	0.997	0.001	0.001
0.997	0.001	0.001	0.001
0.997	0.001	0.001	0.001
>CCTGCGTTCT	12-CCTGCGTTCT	6.960521	-16.534532	0	T:148.0(2.89%),B:815.3(1.82%),P:1e-7	Tpos:192.5,Tstd:166.2,Bpos:132.7,Bstd:75.7,StrandBias:0.2,Multiplicity:1.04
0.206	0.583	0.099	0.112
0.100	0.752	0.064	0.084
0.172	0.023	0.001	0.804
0.198	0.074	0.587	0.141
0.088	0.759	0.069	0.084
0.076	0.118	0.702	0.104
0.086	0.145	0.168	0.601
0.185	0.041	0.139	0.635
0.060	0.634	0.128	0.178
0.138	0.203	0.001	0.658
>TGATCTCATY	13-TGATCTCATY	10.329215	-16.030074	0	T:28.0(0.55%),B:76.0(0.17%),P:1e-6	Tpos:201.4,Tstd:152.1,Bpos:134.1,Bstd:74.8,StrandBias:-1.1,Multiplicity:1.43
0.001	0.001	0.001	0.997
0.045	0.001	0.953	0.001
0.997	0.001	0.001	0.001
0.001	0.001	0.001	0.997
0.001	0.997	0.001	0.001
0.001	0.026	0.257	0.716
0.001	0.997	0.001	0.001
0.850	0.001	0.148	0.001
0.001	0.100	0.001	0.898
0.001	0.487	0.001	0.511
>ACATTTTTCA	14-ACATTTTTCA	11.231458	-15.912455	0	T:45.0(0.88%),B:163.0(0.36%),P:1e-6	Tpos:241.7,Tstd:284.7,Bpos:133.5,Bstd:70.5,StrandBias:0.5,Multiplicity:1.02
0.997	0.001	0.001	0.001
0.001	0.744	0.254	0.001
0.892	0.001	0.001	0.106
0.001	0.001	0.001	0.997
0.001	0.001	0.001	0.997
0.001	0.001	0.001	0.997
0.001	0.001	0.001	0.997
0.001	0.001	0.001	0.997
0.001	0.997	0.001	0.001
0.932	0.001	0.066	0.001
>GCAGCCTGGT	15-GCAGCCTGGT	8.782331	-14.668821	0	T:42.0(0.82%),B:153.4(0.34%),P:1e-6	Tpos:188.0,Tstd:159.2,Bpos:133.9,Bstd:72.0,StrandBias:0.9,Multiplicity:1.45
0.001	0.101	0.897	0.001
0.001	0.997	0.001	0.001
0.907	0.001	0.091	0.001
0.001	0.001	0.997	0.001
0.074	0.859	0.066	0.001
0.048	0.950	0.001	0.001
0.062	0.001	0.037	0.900
0.001	0.066	0.932	0.001
0.001	0.001	0.997	0.001
0.001	0.001	0.001	0.997
>AAAAGAATTG	16-AAAAGAATTG	7.165732	-14.025174	0	T:587.0(11.46%),B:4236.9(9.44%),P:1e-6	Tpos:200.6,Tstd:191.9,Bpos:136.1,Bstd:76.0,StrandBias:-0.0,Multiplicity:1.09
0.763	0.063	0.069	0.105
0.910	0.027	0.043	0.020
0.827	0.023	0.085	0.065
0.782	0.071	0.071	0.076
0.082	0.069	0.784	0.065
0.785	0.050	0.078	0.087
0.711	0.066	0.129	0.094
0.038	0.024	0.102	0.836
0.069	0.082	0.082	0.767
0.094	0.056	0.842	0.008
>CTCGTGTTCC	17-CTCGTGTTCC	10.296193	-10.434010	0	T:5.0(0.10%),B:3.1(0.01%),P:1e-4	Tpos:134.6,Tstd:40.7,Bpos:172.9,Bstd:85.0,StrandBias:2.0,Multiplicity:1.00
0.100	0.700	0.100	0.100
0.100	0.100	0.100	0.700
0.100	0.700	0.100	0.100
0.100	0.100	0.700	0.100
0.100	0.100	0.100	0.700
0.100	0.100	0.700	0.100
0.100	0.100	0.100	0.700
0.100	0.100	0.100	0.700
0.100	0.700	0.100	0.100
0.100	0.700	0.100	0.100
>CCATGGTATM	18-CCATGGTATM	9.240002	-9.135387	0	T:35.0(0.68%),B:151.5(0.34%),P:1e-3	Tpos:177.7,Tstd:142.7,Bpos:121.3,Bstd:70.9,StrandBias:0.4,Multiplicity:1.63
0.287	0.539	0.018	0.156
0.103	0.829	0.067	0.001
0.746	0.118	0.135	0.001
0.004	0.068	0.058	0.870
0.001	0.053	0.857	0.089
0.001	0.001	0.946	0.052
0.100	0.048	0.001	0.851
0.479	0.253	0.210	0.059
0.001	0.068	0.312	0.619
0.452	0.311	0.056	0.181
>ATGTGATGGA	19-ATGTGATGGA	8.680381	-2.895732	0	T:9.0(0.18%),B:42.5(0.09%),P:1e-1	Tpos:157.8,Tstd:101.6,Bpos:139.0,Bstd:78.7,StrandBias:-2.8,Multiplicity:2.67
0.683	0.088	0.122	0.107
0.078	0.132	0.076	0.714
0.094	0.093	0.751	0.062
0.107	0.153	0.116	0.624
0.076	0.086	0.775	0.063
0.678	0.104	0.104	0.114
0.105	0.166	0.081	0.648
0.051	0.146	0.721	0.082
0.104	0.125	0.694	0.077
0.712	0.109	0.126	0.053
