>TGGTCCCTATGC	1-TGGTCCCTATGC	13.861999	-32.448249	0	T:9.0(0.18%),B:0.0(0.00%),P:1e-14	Tpos:174.6,Tstd:69.4,Bpos:0.0,Bstd:0.0,StrandBias:0.3,Multiplicity:1.00
0.001	0.166	0.001	0.832
0.001	0.001	0.997	0.001
0.001	0.001	0.997	0.001
0.001	0.166	0.001	0.832
0.001	0.997	0.001	0.001
0.001	0.997	0.001	0.001
0.001	0.997	0.001	0.001
0.166	0.001	0.001	0.832
0.997	0.001	0.001	0.001
0.001	0.001	0.001	0.997
0.166	0.001	0.667	0.166
0.166	0.832	0.001	0.001
>CTTGTTAGTGAT	2-CTTGTTAGTGAT	12.899553	-30.849773	0	T:17.0(0.33%),B:11.0(0.02%),P:1e-13	Tpos:163.1,Tstd:308.8,Bpos:127.9,Bstd:43.8,StrandBias:0.5,Multiplicity:1.00
0.001	0.825	0.087	0.087
0.001	0.001	0.001	0.997
0.001	0.001	0.001	0.997
0.001	0.087	0.911	0.001
0.001	0.087	0.087	0.825
0.001	0.001	0.001	0.997
0.911	0.087	0.001	0.001
0.088	0.175	0.562	0.175
0.001	0.001	0.001	0.997
0.197	0.001	0.801	0.001
0.997	0.001	0.001	0.001
0.001	0.001	0.001	0.997
>TAACTGGCGTCA	3-TAACTGGCGTCA	14.035762	-28.077433	0	T:8.0(0.16%),B:1.0(0.00%),P:1e-12	Tpos:77.6,Tstd:44.6,Bpos:73.0,Bstd:0.0,StrandBias:2.8,Multiplicity:1.00
0.001	0.001	0.001	0.997
0.799	0.001	0.199	0.001
0.997	0.001	0.001	0.001
0.001	0.997	0.001	0.001
0.001	0.001	0.001	0.997
0.001	0.001	0.997	0.001
0.001	0.200	0.599	0.200
0.199	0.799	0.001	0.001
0.001	0.199	0.799	0.001
0.001	0.001	0.001	0.997
0.001	0.997	0.001	0.001
0.997	0.001	0.001	0.001
>AGAAATGAAATC	4-AGAAATGAAATC	12.116526	-25.359380	0	T:34.0(0.66%),B:71.8(0.16%),P:1e-11	Tpos:177.7,Tstd:232.6,Bpos:131.5,Bstd:70.2,StrandBias:0.2,Multiplicity:1.00
0.898	0.001	0.061	0.040
0.060	0.084	0.855	0.001
0.915	0.001	0.001	0.083
0.950	0.001	0.048	0.001
0.997	0.001	0.001	0.001
0.014	0.001	0.001	0.984
0.029	0.061	0.909	0.001
0.915	0.083	0.001	0.001
0.831	0.001	0.084	0.084
0.959	0.001	0.001	0.039
0.001	0.084	0.048	0.867
0.001	0.908	0.015	0.076
>GTGGCCTCCCTG	5-GTGGCCTCCCTG	13.363623	-20.625591	0	T:12.0(0.23%),B:9.9(0.02%),P:1e-8	Tpos:129.3,Tstd:81.5,Bpos:152.4,Bstd:64.7,StrandBias:1.0,Multiplicity:1.00
0.001	0.034	0.964	0.001
0.101	0.001	0.001	0.897
0.001	0.101	0.824	0.074
0.074	0.001	0.851	0.074
0.001	0.897	0.001	0.101
0.001	0.897	0.001	0.101
0.001	0.001	0.001	0.997
0.001	0.866	0.074	0.059
0.001	0.997	0.001	0.001
0.001	0.897	0.001	0.101
0.101	0.001	0.001	0.897
0.001	0.001	0.997	0.001
>CAGTTAWTAAAT	6-CAGTTAWTAAAT	11.049278	-20.092659	0	T:42.0(0.82%),B:125.4(0.28%),P:1e-8	Tpos:155.4,Tstd:134.1,Bpos:149.6,Bstd:70.5,StrandBias:0.9,Multiplicity:1.00
0.376	0.622	0.001	0.001
0.891	0.054	0.054	0.001
0.022	0.001	0.659	0.318
0.001	0.039	0.108	0.852
0.039	0.054	0.054	0.853
0.830	0.001	0.168	0.001
0.434	0.001	0.054	0.511
0.026	0.054	0.001	0.919
0.826	0.001	0.057	0.116
0.862	0.078	0.059	0.001
0.871	0.124	0.004	0.001
0.001	0.001	0.001	0.997
>CTCTTGAAAAAA	7-CTCTTGAAAAAA	9.227751	-19.812008	0	T:223.0(4.36%),B:1293.7(2.88%),P:1e-8	Tpos:217.5,Tstd:200.5,Bpos:135.2,Bstd:75.1,StrandBias:0.3,Multiplicity:1.05
0.088	0.812	0.028	0.072
0.082	0.073	0.001	0.844
0.015	0.867	0.053	0.065
0.045	0.101	0.001	0.853
0.084	0.001	0.067	0.848
0.079	0.084	0.761	0.076
0.803	0.062	0.074	0.061
0.825	0.050	0.050	0.075
0.872	0.057	0.053	0.018
0.797	0.039	0.097	0.067
0.870	0.052	0.033	0.045
0.852	0.022	0.065	0.061
>TCTCCACCTCAC	8-TCTCCACCTCAC	12.870882	-19.758300	0	T:19.0(0.37%),B:30.0(0.07%),P:1e-8	Tpos:116.4,Tstd:69.5,Bpos:129.7,Bstd:71.3,StrandBias:-0.5,Multiplicity:1.00
0.001	0.059	0.001	0.939
0.001	0.997	0.001	0.001
0.001	0.001	0.001	0.997
0.001	0.997	0.001	0.001
0.001	0.997	0.001	0.001
0.895	0.001	0.001	0.103
0.103	0.793	0.103	0.001
0.103	0.895	0.001	0.001
0.001	0.059	0.001	0.939
0.075	0.746	0.178	0.001
0.968	0.030	0.001	0.001
0.001	0.923	0.001	0.075
>GGGACAGTAGCC	9-GGGACAGTAGCC	14.228010	-19.704385	0	T:6.0(0.12%),B:1.0(0.00%),P:1e-8	Tpos:151.0,Tstd:110.0,Bpos:162.0,Bstd:0.0,StrandBias:3.2,Multiplicity:1.67
0.001	0.001	0.997	0.001
0.120	0.001	0.878	0.001
0.001	0.001	0.997	0.001
0.997	0.001	0.001	0.001
0.001	0.997	0.001	0.001
0.997	0.001	0.001	0.001
0.001	0.001	0.997	0.001
0.001	0.001	0.001	0.997
0.878	0.001	0.001	0.120
0.001	0.001	0.878	0.120
0.001	0.997	0.001	0.001
0.001	0.997	0.001	0.001
>GCTTATTTTTTA	10-GCTTATTTTTTA	8.808438	-18.512833	0	T:320.0(6.25%),B:2028.8(4.52%),P:1e-8	Tpos:195.2,Tstd:183.4,Bpos:133.9,Bstd:74.1,StrandBias:-0.1,Multiplicity:1.03
0.046	0.049	0.863	0.042
0.083	0.811	0.035	0.071
0.063	0.041	0.001	0.895
0.047	0.041	0.034	0.878
0.788	0.094	0.048	0.070
0.061	0.022	0.032	0.885
0.081	0.038	0.057	0.824
0.104	0.053	0.053	0.790
0.045	0.069	0.036	0.850
0.068	0.077	0.070	0.785
0.057	0.046	0.055	0.842
0.795	0.059	0.082	0.064
>AGGGAAATTTTT	11-AGGGAAATTTTT	14.461886	-17.289874	0	T:8.0(0.16%),B:4.1(0.01%),P:1e-7	Tpos:134.9,Tstd:152.2,Bpos:84.0,Bstd:60.5,StrandBias:-0.7,Multiplicity:1.00
0.997	0.001	0.001	0.001
0.001	0.001	0.997	0.001
0.001	0.001	0.997	0.001
0.001	0.001	0.997	0.001
0.862	0.001	0.136	0.001
0.997	0.001	0.001	0.001
0.997	0.001	0.001	0.001
0.001	0.001	0.001	0.997
0.001	0.001	0.001	0.997
0.001	0.001	0.001	0.997
0.136	0.001	0.001	0.862
0.001	0.001	0.001	0.997
>TGTGGGTATACA	12-TGTGGGTATACA	7.768172	-16.818336	0	T:187.0(3.65%),B:1085.4(2.42%),P:1e-7	Tpos:193.3,Tstd:191.6,Bpos:136.0,Bstd:73.2,StrandBias:0.1,Multiplicity:1.04
0.079	0.032	0.061	0.828
0.075	0.102	0.730	0.093
0.083	0.033	0.061	0.823
0.120	0.028	0.750	0.102
0.122	0.041	0.689	0.148
0.111	0.107	0.684	0.098
0.103	0.096	0.079	0.722
0.766	0.060	0.093	0.081
0.092	0.105	0.094	0.709
0.761	0.063	0.082	0.094
0.105	0.711	0.097	0.087
0.829	0.071	0.037	0.063
>CATATCACCCAA	13-CATATCACCCAA	13.321406	-15.642879	0	T:6.0(0.12%),B:2.1(0.00%),P:1e-6	Tpos:165.9,Tstd:98.4,Bpos:166.9,Bstd:94.0,StrandBias:1.8,Multiplicity:1.50
0.001	0.850	0.148	0.001
0.553	0.001	0.297	0.149
0.001	0.001	0.001	0.997
0.997	0.001	0.001	0.001
0.148	0.001	0.001	0.850
0.001	0.997	0.001	0.001
0.997	0.001	0.001	0.001
0.001	0.997	0.001	0.001
0.001	0.997	0.001	0.001
0.001	0.997	0.001	0.001
0.997	0.001	0.001	0.001
0.997	0.001	0.001	0.001
>GTGAGATCAGTG	14-GTGAGATCAGTG	7.256098	-13.880089	0	T:341.0(6.66%),B:2298.6(5.12%),P:1e-6	Tpos:208.9,Tstd:225.7,Bpos:135.1,Bstd:74.0,StrandBias:0.1,Multiplicity:1.09
0.114	0.116	0.680	0.090
0.121	0.035	0.070	0.774
0.112	0.070	0.757	0.061
0.827	0.026	0.064	0.083
0.116	0.099	0.713	0.072
0.758	0.094	0.095	0.053
0.112	0.081	0.096	0.711
0.101	0.703	0.122	0.074
0.839	0.040	0.029	0.092
0.104	0.105	0.689	0.102
0.089	0.027	0.104	0.780
0.085	0.062	0.768	0.085
>GGAGKTRMTACA	15-GGAGKTRMTACA	12.486834	-13.207365	0	T:10.0(0.20%),B:13.0(0.03%),P:1e-5	Tpos:165.0,Tstd:105.2,Bpos:147.4,Bstd:78.2,StrandBias:1.9,Multiplicity:1.90
0.001	0.001	0.997	0.001
0.001	0.324	0.674	0.001
0.997	0.001	0.001	0.001
0.001	0.001	0.997	0.001
0.001	0.001	0.511	0.487
0.155	0.001	0.001	0.843
0.467	0.001	0.531	0.001
0.531	0.467	0.001	0.001
0.001	0.206	0.001	0.792
0.997	0.001	0.001	0.001
0.001	0.997	0.001	0.001
0.997	0.001	0.001	0.001
>CTGCAGCCTGGT	16-CTGCAGCCTGGT	13.519837	-12.955051	0	T:7.0(0.14%),B:5.8(0.01%),P:1e-5	Tpos:187.8,Tstd:137.3,Bpos:158.0,Bstd:77.1,StrandBias:2.9,Multiplicity:3.57
0.001	0.997	0.001	0.001
0.001	0.001	0.001	0.997
0.001	0.054	0.944	0.001
0.001	0.997	0.001	0.001
0.944	0.001	0.054	0.001
0.001	0.054	0.944	0.001
0.001	0.997	0.001	0.001
0.001	0.997	0.001	0.001
0.001	0.001	0.001	0.997
0.001	0.001	0.997	0.001
0.054	0.001	0.944	0.001
0.001	0.001	0.001	0.997
>TGAGATCAGTGC	17-TGAGATCAGTGC	6.771282	-11.943453	0	T:659.0(12.87%),B:4899.4(10.92%),P:1e-5	Tpos:194.7,Tstd:174.1,Bpos:134.3,Bstd:74.7,StrandBias:-0.1,Multiplicity:1.09
0.154	0.008	0.023	0.815
0.075	0.157	0.753	0.015
0.821	0.005	0.081	0.093
0.256	0.209	0.471	0.063
0.528	0.177	0.126	0.169
0.113	0.113	0.124	0.650
0.117	0.728	0.082	0.073
0.610	0.004	0.010	0.376
0.118	0.125	0.651	0.106
0.186	0.009	0.160	0.645
0.106	0.176	0.649	0.069
0.144	0.717	0.054	0.085
>CCTCTCCATCCA	18-CCTCTCCATCCA	12.355432	-9.271423	0	T:4.0(0.08%),B:2.1(0.00%),P:1e-4	Tpos:254.5,Tstd:164.5,Bpos:115.1,Bstd:7.2,StrandBias:-1.7,Multiplicity:3.25
0.100	0.700	0.100	0.100
0.100	0.700	0.100	0.100
0.100	0.100	0.100	0.700
0.100	0.700	0.100	0.100
0.100	0.100	0.100	0.700
0.100	0.700	0.100	0.100
0.100	0.700	0.100	0.100
0.700	0.100	0.100	0.100
0.100	0.100	0.100	0.700
0.100	0.700	0.100	0.100
0.100	0.700	0.100	0.100
0.700	0.100	0.100	0.100
>TCAGCCTCTGAC	19-TCAGCCTCTGAC	12.355432	-6.395267	0	T:3.0(0.06%),B:2.9(0.01%),P:1e-2	Tpos:64.5,Tstd:40.4,Bpos:131.3,Bstd:83.5,StrandBias:2.3,Multiplicity:2.00
0.100	0.100	0.100	0.700
0.100	0.700	0.100	0.100
0.700	0.100	0.100	0.100
0.100	0.100	0.700	0.100
0.100	0.700	0.100	0.100
0.100	0.700	0.100	0.100
0.100	0.100	0.100	0.700
0.100	0.700	0.100	0.100
0.100	0.100	0.100	0.700
0.100	0.100	0.700	0.100
0.700	0.100	0.100	0.100
0.100	0.700	0.100	0.100
>CATACTGTGATC	20-CATACTGTGATC	12.355432	-6.395267	0	T:3.0(0.06%),B:2.0(0.00%),P:1e-2	Tpos:81.6,Tstd:30.4,Bpos:179.9,Bstd:7.0,StrandBias:10.0,Multiplicity:1.67
0.100	0.700	0.100	0.100
0.700	0.100	0.100	0.100
0.100	0.100	0.100	0.700
0.700	0.100	0.100	0.100
0.100	0.700	0.100	0.100
0.100	0.100	0.100	0.700
0.100	0.100	0.700	0.100
0.100	0.100	0.100	0.700
0.100	0.100	0.700	0.100
0.700	0.100	0.100	0.100
0.100	0.100	0.100	0.700
0.100	0.700	0.100	0.100
>GTACTCACAGTC	21-GTACTCACAGTC	14.757321	-6.395267	0	T:3.0(0.06%),B:3.0(0.01%),P:1e-2	Tpos:97.7,Tstd:48.8,Bpos:110.6,Bstd:100.5,StrandBias:10.0,Multiplicity:2.00
0.001	0.001	0.997	0.001
0.001	0.001	0.158	0.840
0.997	0.001	0.001	0.001
0.001	0.997	0.001	0.001
0.001	0.001	0.001	0.997
0.001	0.997	0.001	0.001
0.997	0.001	0.001	0.001
0.001	0.997	0.001	0.001
0.997	0.001	0.001	0.001
0.001	0.001	0.997	0.001
0.001	0.001	0.001	0.997
0.001	0.997	0.001	0.001
>CCATGGTGTACA	22-CCATGGTGTACA	11.238775	-4.262517	0	T:4.0(0.08%),B:8.8(0.02%),P:1e-1	Tpos:193.5,Tstd:161.8,Bpos:106.3,Bstd:58.0,StrandBias:3.6,Multiplicity:3.25
0.121	0.683	0.100	0.096
0.092	0.827	0.019	0.062
0.780	0.100	0.035	0.085
0.073	0.046	0.083	0.798
0.069	0.035	0.794	0.102
0.100	0.077	0.723	0.100
0.054	0.035	0.119	0.792
0.123	0.065	0.693	0.119
0.096	0.092	0.070	0.742
0.705	0.096	0.098	0.101
0.088	0.692	0.143	0.077
0.772	0.050	0.065	0.113
>TCCATCACATCC	23-TCCATCACATCC	12.355432	-3.799193	0	T:2.0(0.04%),B:2.9(0.01%),P:1e-1	Tpos:172.5,Tstd:104.6,Bpos:147.2,Bstd:76.6,StrandBias:4.0,Multiplicity:8.50
0.100	0.100	0.100	0.700
0.100	0.700	0.100	0.100
0.100	0.700	0.100	0.100
0.700	0.100	0.100	0.100
0.100	0.100	0.100	0.700
0.100	0.700	0.100	0.100
0.700	0.100	0.100	0.100
0.100	0.700	0.100	0.100
0.700	0.100	0.100	0.100
0.100	0.100	0.100	0.700
0.100	0.700	0.100	0.100
0.100	0.700	0.100	0.100
>TCTGACTATCTA	24-TCTGACTATCTA	13.133008	-3.799193	0	T:2.0(0.04%),B:2.1(0.00%),P:1e-1	Tpos:121.2,Tstd:78.0,Bpos:188.9,Bstd:21.5,StrandBias:3.3,Multiplicity:5.50
0.001	0.001	0.001	0.997
0.001	0.997	0.001	0.001
0.001	0.320	0.001	0.678
0.097	0.001	0.901	0.001
0.997	0.001	0.001	0.001
0.001	0.997	0.001	0.001
0.001	0.001	0.001	0.997
0.997	0.001	0.001	0.001
0.001	0.001	0.001	0.997
0.001	0.997	0.001	0.001
0.001	0.001	0.001	0.997
0.997	0.001	0.001	0.001
>TGACCCCAGCAC	25-TGACCCCAGCAC	14.757321	-3.062456	0	T:2.0(0.04%),B:3.0(0.01%),P:1e-1	Tpos:145.7,Tstd:51.7,Bpos:199.4,Bstd:16.6,StrandBias:10.0,Multiplicity:3.00
0.001	0.001	0.001	0.997
0.001	0.001	0.997	0.001
0.997	0.001	0.001	0.001
0.001	0.997	0.001	0.001
0.001	0.997	0.001	0.001
0.001	0.997	0.001	0.001
0.001	0.997	0.001	0.001
0.840	0.001	0.001	0.158
0.001	0.001	0.997	0.001
0.001	0.997	0.001	0.001
0.997	0.001	0.001	0.001
0.001	0.997	0.001	0.001
