Factor1: 1.0561515129763561
Factor2: 0.9468338469561849
