Factor1: 0.9571837570362671
Factor2: 1.0447314767399574
