Factor1: 1.2132257506676034
Factor2: 0.8242489078802745
