Factor1: 1.0085755620919832
Factor2: 0.9914973528862849
