Factor1: 1.0480541862964334
Factor2: 0.9541491394960739
