Factor1: 1.1327809160517759
Factor2: 0.8827832335712593
