>AAACCACA	1-AAACCACA	6.856991	-189.528010	0	T:1062.0(30.32%),B:7738.6(17.05%),P:1e-82	Tpos:290.5,Tstd:249.1,Bpos:231.3,Bstd:137.2,StrandBias:0.0,Multiplicity:1.30
0.782	0.100	0.016	0.102
0.950	0.001	0.048	0.001
0.873	0.023	0.103	0.001
0.001	0.997	0.001	0.001
0.001	0.988	0.010	0.001
0.882	0.060	0.005	0.053
0.001	0.990	0.001	0.008
0.913	0.026	0.026	0.035
>ATGASTCA	2-ATGASTCA	8.162437	-167.748899	0	T:522.0(14.90%),B:2843.3(6.26%),P:1e-72	Tpos:270.8,Tstd:207.0,Bpos:233.6,Bstd:136.1,StrandBias:0.0,Multiplicity:1.12
0.714	0.001	0.284	0.001
0.001	0.001	0.001	0.997
0.001	0.001	0.997	0.001
0.997	0.001	0.001	0.001
0.001	0.494	0.504	0.001
0.001	0.001	0.001	0.997
0.154	0.844	0.001	0.001
0.997	0.001	0.001	0.001
>AGGAAGTG	3-AGGAAGTG	8.239930	-129.080217	0	T:637.0(18.18%),B:4297.7(9.47%),P:1e-56	Tpos:292.2,Tstd:242.8,Bpos:231.5,Bstd:136.0,StrandBias:-0.1,Multiplicity:1.14
0.997	0.001	0.001	0.001
0.001	0.001	0.997	0.001
0.001	0.001	0.997	0.001
0.997	0.001	0.001	0.001
0.997	0.001	0.001	0.001
0.214	0.001	0.784	0.001
0.001	0.085	0.001	0.913
0.082	0.001	0.916	0.001
>TTTCGGTT	4-TTTCGGTT	6.292804	-98.324197	0	T:1055.0(30.12%),B:9202.7(20.27%),P:1e-42	Tpos:298.5,Tstd:277.8,Bpos:230.6,Bstd:144.1,StrandBias:-0.1,Multiplicity:1.30
0.001	0.017	0.014	0.968
0.001	0.053	0.013	0.933
0.001	0.180	0.022	0.797
0.001	0.950	0.001	0.048
0.223	0.027	0.673	0.077
0.010	0.056	0.863	0.071
0.001	0.001	0.001	0.997
0.021	0.001	0.009	0.969
>ACCSGAAG	5-ACCSGAAG	6.346532	-94.122884	0	T:784.0(22.38%),B:6322.6(13.93%),P:1e-40	Tpos:295.4,Tstd:266.5,Bpos:224.7,Bstd:143.1,StrandBias:-0.0,Multiplicity:1.15
0.781	0.001	0.001	0.217
0.167	0.524	0.308	0.001
0.260	0.738	0.001	0.001
0.001	0.529	0.469	0.001
0.001	0.001	0.907	0.091
0.594	0.001	0.001	0.404
0.606	0.001	0.001	0.392
0.001	0.001	0.707	0.291
>GCCACGTC	6-GCCACGTC	3.631263	-81.779338	0	T:764.0(21.81%),B:6343.5(13.97%),P:1e-35	Tpos:305.9,Tstd:258.9,Bpos:231.1,Bstd:140.1,StrandBias:-0.0,Multiplicity:1.21
0.251	0.001	0.747	0.001
0.001	0.997	0.001	0.001
0.001	0.997	0.001	0.001
0.997	0.001	0.001	0.001
0.001	0.997	0.001	0.001
0.263	0.001	0.735	0.001
0.001	0.215	0.001	0.783
0.001	0.997	0.001	0.001
>STTCAACG	7-STTCAACG	5.192963	-69.218646	0	T:534.0(15.24%),B:4160.6(9.17%),P:1e-30	Tpos:283.3,Tstd:256.0,Bpos:233.6,Bstd:141.3,StrandBias:0.3,Multiplicity:1.13
0.001	0.420	0.340	0.239
0.001	0.001	0.001	0.997
0.001	0.001	0.001	0.997
0.384	0.614	0.001	0.001
0.997	0.001	0.001	0.001
0.997	0.001	0.001	0.001
0.019	0.979	0.001	0.001
0.001	0.001	0.997	0.001
>TCTGAAAC	8-TCTGAAAC	7.092321	-62.411136	0	T:758.0(21.64%),B:6694.3(14.75%),P:1e-27	Tpos:302.7,Tstd:255.7,Bpos:230.8,Bstd:139.3,StrandBias:-0.0,Multiplicity:1.15
0.054	0.001	0.043	0.902
0.032	0.779	0.127	0.062
0.001	0.094	0.032	0.873
0.001	0.024	0.974	0.001
0.952	0.046	0.001	0.001
0.934	0.064	0.001	0.001
0.775	0.001	0.200	0.024
0.001	0.935	0.063	0.001
>TTTGATCT	9-TTTGATCT	7.089345	-59.742407	0	T:218.0(6.22%),B:1267.6(2.79%),P:1e-25	Tpos:264.8,Tstd:218.6,Bpos:231.8,Bstd:137.5,StrandBias:-0.0,Multiplicity:1.04
0.001	0.001	0.001	0.997
0.001	0.001	0.001	0.997
0.001	0.001	0.001	0.997
0.001	0.001	0.997	0.001
0.997	0.001	0.001	0.001
0.001	0.001	0.001	0.997
0.001	0.690	0.308	0.001
0.001	0.001	0.027	0.971
>CAGGAAAC	10-CAGGAAAC	8.168489	-54.201770	0	T:364.0(10.39%),B:2700.9(5.95%),P:1e-23	Tpos:300.6,Tstd:266.7,Bpos:229.4,Bstd:136.9,StrandBias:0.4,Multiplicity:1.05
0.001	0.997	0.001	0.001
0.929	0.069	0.001	0.001
0.001	0.001	0.900	0.098
0.001	0.001	0.997	0.001
0.880	0.118	0.001	0.001
0.997	0.001	0.001	0.001
0.997	0.001	0.001	0.001
0.001	0.997	0.001	0.001
>CCGCCCTT	11-CCGCCCTT	6.423891	-53.190839	0	T:876.0(25.01%),B:8261.5(18.20%),P:1e-23	Tpos:332.0,Tstd:277.4,Bpos:230.8,Bstd:150.2,StrandBias:-0.1,Multiplicity:1.74
0.013	0.964	0.022	0.001
0.075	0.906	0.018	0.001
0.001	0.031	0.967	0.001
0.016	0.926	0.057	0.001
0.030	0.933	0.009	0.028
0.001	0.967	0.031	0.001
0.086	0.197	0.014	0.703
0.021	0.155	0.106	0.718
>ACGCAAAT	12-ACGCAAAT	7.489267	-46.561794	0	T:185.0(5.28%),B:1120.8(2.47%),P:1e-20	Tpos:295.9,Tstd:267.8,Bpos:227.7,Bstd:136.9,StrandBias:0.0,Multiplicity:1.07
0.590	0.001	0.408	0.001
0.001	0.788	0.001	0.210
0.001	0.001	0.997	0.001
0.001	0.827	0.171	0.001
0.590	0.001	0.407	0.002
0.872	0.126	0.001	0.001
0.758	0.182	0.001	0.059
0.001	0.115	0.001	0.883
>GCTACACC	13-GCTACACC	7.156188	-43.197821	0	T:294.0(8.39%),B:2188.4(4.82%),P:1e-18	Tpos:306.3,Tstd:265.4,Bpos:226.0,Bstd:143.3,StrandBias:0.3,Multiplicity:1.05
0.001	0.001	0.997	0.001
0.001	0.651	0.347	0.001
0.001	0.001	0.001	0.997
0.906	0.092	0.001	0.001
0.001	0.997	0.001	0.001
0.752	0.001	0.246	0.001
0.001	0.997	0.001	0.001
0.001	0.742	0.256	0.001
>TAGAGGGC	14-TAGAGGGC	8.251738	-42.083577	0	T:313.0(8.94%),B:2396.8(5.28%),P:1e-18	Tpos:299.8,Tstd:285.5,Bpos:229.7,Bstd:141.3,StrandBias:0.1,Multiplicity:1.06
0.142	0.001	0.001	0.856
0.997	0.001	0.001	0.001
0.110	0.001	0.888	0.001
0.898	0.100	0.001	0.001
0.001	0.001	0.997	0.001
0.001	0.088	0.779	0.132
0.001	0.001	0.997	0.001
0.001	0.997	0.001	0.001
>TCTAGTGG	15-TCTAGTGG	7.919951	-41.011937	0	T:204.0(5.82%),B:1358.0(2.99%),P:1e-17	Tpos:271.5,Tstd:194.6,Bpos:232.3,Bstd:137.3,StrandBias:-0.1,Multiplicity:1.03
0.001	0.115	0.001	0.883
0.334	0.664	0.001	0.001
0.001	0.001	0.001	0.997
0.997	0.001	0.001	0.001
0.001	0.001	0.997	0.001
0.001	0.256	0.001	0.742
0.001	0.248	0.750	0.001
0.001	0.001	0.997	0.001
>TGTGGTAA	16-TGTGGTAA	8.582092	-40.986785	0	T:230.0(6.57%),B:1602.2(3.53%),P:1e-17	Tpos:267.4,Tstd:209.3,Bpos:236.5,Bstd:137.5,StrandBias:0.2,Multiplicity:1.06
0.001	0.159	0.001	0.839
0.001	0.001	0.997	0.001
0.001	0.001	0.001	0.997
0.001	0.268	0.730	0.001
0.001	0.001	0.997	0.001
0.001	0.001	0.001	0.997
0.712	0.286	0.001	0.001
0.997	0.001	0.001	0.001
>AACGCGCC	17-AACGCGCC	6.625717	-40.250915	0	T:373.0(10.65%),B:3044.8(6.71%),P:1e-17	Tpos:328.0,Tstd:257.4,Bpos:236.9,Bstd:162.6,StrandBias:0.1,Multiplicity:1.24
0.936	0.046	0.001	0.017
0.760	0.035	0.158	0.047
0.058	0.911	0.001	0.030
0.074	0.113	0.812	0.001
0.001	0.981	0.001	0.017
0.001	0.145	0.853	0.001
0.001	0.905	0.052	0.042
0.026	0.877	0.020	0.077
>CGATTGGC	18-CGATTGGC	6.373987	-34.875617	0	T:489.0(13.96%),B:4413.3(9.72%),P:1e-15	Tpos:280.4,Tstd:203.6,Bpos:233.7,Bstd:137.7,StrandBias:0.2,Multiplicity:1.22
0.042	0.756	0.081	0.121
0.044	0.244	0.711	0.001
0.975	0.001	0.001	0.023
0.001	0.039	0.001	0.959
0.031	0.001	0.001	0.967
0.001	0.001	0.997	0.001
0.016	0.045	0.938	0.001
0.021	0.840	0.016	0.123
>TCTGCGGT	19-TCTGCGGT	8.434646	-33.679410	0	T:137.0(3.91%),B:842.6(1.86%),P:1e-14	Tpos:275.9,Tstd:225.5,Bpos:227.5,Bstd:148.4,StrandBias:-0.2,Multiplicity:1.04
0.161	0.001	0.001	0.837
0.001	0.852	0.146	0.001
0.001	0.001	0.100	0.898
0.001	0.001	0.997	0.001
0.001	0.997	0.001	0.001
0.001	0.001	0.997	0.001
0.001	0.001	0.997	0.001
0.001	0.001	0.001	0.997
>GGAATTTC	20-GGAATTTC	8.150179	-26.153153	0	T:306.0(8.74%),B:2649.8(5.84%),P:1e-11	Tpos:308.9,Tstd:248.3,Bpos:235.7,Bstd:135.0,StrandBias:0.1,Multiplicity:1.04
0.001	0.075	0.923	0.001
0.162	0.016	0.821	0.001
0.960	0.001	0.035	0.004
0.542	0.259	0.161	0.038
0.302	0.001	0.001	0.696
0.001	0.001	0.001	0.997
0.001	0.016	0.001	0.982
0.001	0.997	0.001	0.001
>TTATCTGG	21-TTATCTGG	8.208890	-23.654127	0	T:210.0(5.99%),B:1698.2(3.74%),P:1e-10	Tpos:296.1,Tstd:313.4,Bpos:228.4,Bstd:133.2,StrandBias:-0.1,Multiplicity:1.07
0.001	0.184	0.001	0.814
0.001	0.001	0.001	0.997
0.997	0.001	0.001	0.001
0.001	0.001	0.001	0.997
0.001	0.997	0.001	0.001
0.001	0.001	0.001	0.997
0.118	0.081	0.800	0.001
0.001	0.135	0.863	0.001
