>CCACTAGGGGGC	1-CCACTAGGGGGC	9.284589	-227.652619	0	T:325.0(9.28%),B:1018.9(2.24%),P:1e-98	Tpos:271.5,Tstd:249.7,Bpos:221.4,Bstd:131.4,StrandBias:-0.1,Multiplicity:1.05
0.066	0.861	0.038	0.035
0.010	0.988	0.001	0.001
0.766	0.102	0.024	0.108
0.021	0.758	0.178	0.043
0.157	0.272	0.008	0.563
0.752	0.011	0.134	0.103
0.010	0.001	0.981	0.008
0.259	0.032	0.698	0.011
0.021	0.035	0.580	0.364
0.016	0.001	0.973	0.010
0.074	0.053	0.851	0.022
0.159	0.657	0.085	0.099
>NCCACTTCCTGT	2-NCCACTTCCTGT	8.559420	-209.462273	0	T:655.0(18.70%),B:3615.7(7.97%),P:1e-90	Tpos:286.4,Tstd:230.3,Bpos:232.3,Bstd:132.1,StrandBias:-0.1,Multiplicity:1.13
0.265	0.299	0.220	0.217
0.176	0.609	0.142	0.073
0.124	0.637	0.109	0.130
0.822	0.084	0.001	0.093
0.001	0.785	0.061	0.153
0.183	0.029	0.001	0.787
0.001	0.001	0.001	0.997
0.001	0.976	0.001	0.022
0.001	0.997	0.001	0.001
0.001	0.001	0.027	0.971
0.015	0.255	0.655	0.075
0.143	0.215	0.069	0.573
>NNNTGASTCABA	3-NNNTGASTCABA	8.658796	-167.360764	0	T:379.0(10.82%),B:1699.0(3.74%),P:1e-72	Tpos:263.5,Tstd:193.5,Bpos:231.4,Bstd:134.0,StrandBias:0.1,Multiplicity:1.07
0.305	0.242	0.192	0.261
0.218	0.218	0.246	0.318
0.296	0.235	0.290	0.179
0.001	0.001	0.008	0.990
0.001	0.001	0.997	0.001
0.976	0.001	0.022	0.001
0.082	0.441	0.346	0.131
0.014	0.013	0.023	0.950
0.005	0.984	0.010	0.001
0.997	0.001	0.001	0.001
0.141	0.254	0.269	0.336
0.402	0.232	0.140	0.225
>AAACCACARANV	4-AAACCACARANV	7.677996	-148.898636	0	T:612.0(17.47%),B:3827.8(8.43%),P:1e-64	Tpos:284.8,Tstd:235.9,Bpos:234.9,Bstd:138.5,StrandBias:-0.0,Multiplicity:1.12
0.539	0.185	0.095	0.181
0.648	0.137	0.204	0.011
0.630	0.112	0.211	0.047
0.056	0.901	0.019	0.024
0.156	0.815	0.021	0.008
0.614	0.185	0.013	0.188
0.093	0.825	0.059	0.023
0.841	0.029	0.021	0.109
0.417	0.104	0.471	0.009
0.497	0.180	0.198	0.125
0.290	0.246	0.282	0.182
0.295	0.337	0.218	0.150
>AACCACATCAAA	5-AACCACATCAAA	9.164795	-127.125074	0	T:235.0(6.71%),B:906.8(2.00%),P:1e-55	Tpos:277.3,Tstd:243.9,Bpos:227.6,Bstd:137.3,StrandBias:0.4,Multiplicity:1.06
0.510	0.158	0.140	0.192
0.573	0.237	0.183	0.007
0.042	0.928	0.005	0.025
0.001	0.997	0.001	0.001
0.830	0.001	0.001	0.168
0.005	0.965	0.029	0.001
0.812	0.033	0.001	0.154
0.333	0.092	0.024	0.551
0.128	0.601	0.179	0.092
0.776	0.061	0.001	0.162
0.558	0.206	0.235	0.001
0.865	0.032	0.092	0.011
>GTTTCAGTTTCA	6-GTTTCAGTTTCA	8.960557	-123.916944	0	T:251.0(7.17%),B:1035.3(2.28%),P:1e-53	Tpos:324.2,Tstd:297.9,Bpos:222.8,Bstd:139.7,StrandBias:0.0,Multiplicity:1.07
0.019	0.110	0.776	0.095
0.027	0.046	0.113	0.814
0.046	0.017	0.069	0.868
0.012	0.033	0.001	0.954
0.027	0.797	0.017	0.159
0.815	0.022	0.077	0.086
0.072	0.137	0.753	0.038
0.024	0.001	0.016	0.959
0.017	0.068	0.056	0.859
0.051	0.037	0.065	0.847
0.001	0.760	0.110	0.129
0.718	0.089	0.052	0.141
>AGGGRAAACCCC	7-AGGGRAAACCCC	8.872730	-87.065169	0	T:239.0(6.82%),B:1196.1(2.63%),P:1e-37	Tpos:272.6,Tstd:223.1,Bpos:231.5,Bstd:131.1,StrandBias:0.1,Multiplicity:1.07
0.570	0.009	0.189	0.232
0.164	0.001	0.803	0.032
0.072	0.001	0.913	0.014
0.030	0.001	0.968	0.001
0.436	0.018	0.530	0.016
0.830	0.096	0.065	0.009
0.949	0.049	0.001	0.001
0.472	0.169	0.135	0.224
0.049	0.574	0.069	0.308
0.125	0.800	0.049	0.026
0.078	0.834	0.001	0.087
0.135	0.751	0.018	0.096
>NGGGGCGGGGNC	8-NGGGGCGGGGNC	7.697411	-64.372425	0	T:804.0(22.95%),B:7158.3(15.77%),P:1e-27	Tpos:327.6,Tstd:266.3,Bpos:229.8,Bstd:146.6,StrandBias:0.0,Multiplicity:1.72
0.213	0.179	0.298	0.310
0.200	0.108	0.462	0.230
0.218	0.048	0.672	0.062
0.007	0.028	0.960	0.005
0.015	0.001	0.977	0.007
0.006	0.878	0.001	0.115
0.001	0.001	0.997	0.001
0.030	0.005	0.939	0.026
0.149	0.055	0.623	0.173
0.089	0.058	0.651	0.202
0.332	0.280	0.188	0.200
0.128	0.407	0.243	0.222
>CTTTCATCTCKG	9-CTTTCATCTCKG	9.318323	-55.085924	0	T:176.0(5.02%),B:958.3(2.11%),P:1e-23	Tpos:295.4,Tstd:276.6,Bpos:225.2,Bstd:131.4,StrandBias:-0.1,Multiplicity:1.03
0.007	0.837	0.007	0.149
0.058	0.001	0.001	0.940
0.001	0.027	0.001	0.971
0.001	0.001	0.103	0.895
0.001	0.742	0.169	0.088
0.951	0.041	0.001	0.007
0.187	0.001	0.170	0.642
0.032	0.867	0.001	0.100
0.031	0.042	0.001	0.926
0.199	0.523	0.098	0.180
0.107	0.109	0.345	0.439
0.049	0.052	0.745	0.154
>CCGGAAATGACG	10-CCGGAAATGACG	8.655137	-53.496860	0	T:170.0(4.85%),B:923.3(2.03%),P:1e-23	Tpos:274.8,Tstd:219.1,Bpos:224.1,Bstd:140.6,StrandBias:0.1,Multiplicity:1.03
0.086	0.852	0.031	0.031
0.158	0.608	0.093	0.141
0.118	0.031	0.771	0.080
0.031	0.001	0.937	0.031
0.997	0.001	0.001	0.001
0.906	0.062	0.001	0.031
0.851	0.031	0.117	0.001
0.001	0.031	0.062	0.906
0.001	0.001	0.968	0.030
0.844	0.093	0.001	0.062
0.010	0.718	0.191	0.081
0.138	0.069	0.652	0.141
>GTGGTTTCCTGT	11-GTGGTTTCCTGT	9.310243	-53.349411	0	T:235.0(6.71%),B:1487.0(3.28%),P:1e-23	Tpos:263.5,Tstd:275.8,Bpos:232.6,Bstd:138.9,StrandBias:-0.6,Multiplicity:1.03
0.073	0.164	0.636	0.127
0.258	0.026	0.223	0.492
0.104	0.014	0.688	0.194
0.010	0.200	0.707	0.083
0.001	0.051	0.085	0.863
0.014	0.041	0.073	0.872
0.001	0.120	0.001	0.878
0.001	0.911	0.073	0.015
0.118	0.536	0.001	0.345
0.006	0.001	0.022	0.971
0.014	0.136	0.565	0.285
0.001	0.001	0.040	0.958
>NKGGGTGTGGDW	12-NKGGGTGTGGDW	8.311967	-51.325894	0	T:381.0(10.88%),B:2918.0(6.43%),P:1e-22	Tpos:297.4,Tstd:223.9,Bpos:228.8,Bstd:135.5,StrandBias:-0.1,Multiplicity:1.12
0.264	0.248	0.247	0.242
0.130	0.035	0.349	0.486
0.123	0.078	0.798	0.001
0.001	0.001	0.996	0.002
0.071	0.031	0.823	0.075
0.001	0.101	0.017	0.881
0.058	0.006	0.926	0.010
0.067	0.107	0.004	0.822
0.010	0.032	0.945	0.013
0.112	0.027	0.721	0.140
0.247	0.128	0.283	0.343
0.282	0.200	0.146	0.372
>TGAAACTAGTTT	13-TGAAACTAGTTT	9.662447	-32.365909	0	T:65.0(1.86%),B:272.0(0.60%),P:1e-14	Tpos:341.3,Tstd:331.6,Bpos:218.2,Bstd:142.7,StrandBias:-0.0,Multiplicity:1.05
0.018	0.018	0.071	0.893
0.036	0.019	0.813	0.132
0.855	0.036	0.060	0.049
0.854	0.098	0.047	0.001
0.832	0.054	0.078	0.036
0.038	0.806	0.085	0.071
0.072	0.086	0.041	0.801
0.811	0.036	0.031	0.122
0.033	0.088	0.819	0.060
0.132	0.036	0.036	0.796
0.036	0.045	0.099	0.820
0.018	0.010	0.067	0.905
>CCTGATTGGTTA	14-CCTGATTGGTTA	9.820790	-32.114037	0	T:72.0(2.06%),B:324.9(0.72%),P:1e-13	Tpos:267.3,Tstd:192.9,Bpos:236.0,Bstd:133.9,StrandBias:0.4,Multiplicity:1.03
0.001	0.618	0.051	0.330
0.001	0.845	0.046	0.108
0.001	0.001	0.001	0.997
0.093	0.046	0.768	0.093
0.953	0.045	0.001	0.001
0.001	0.046	0.067	0.886
0.001	0.001	0.173	0.825
0.092	0.001	0.906	0.001
0.001	0.081	0.826	0.092
0.001	0.267	0.138	0.594
0.001	0.156	0.001	0.842
0.821	0.001	0.177	0.001
>CATGTCAATCAA	15-CATGTCAATCAA	12.355432	-31.175092	0	T:8.0(0.23%),B:1.5(0.00%),P:1e-13	Tpos:253.6,Tstd:151.4,Bpos:265.7,Bstd:130.7,StrandBias:-0.7,Multiplicity:1.00
0.100	0.700	0.100	0.100
0.700	0.100	0.100	0.100
0.100	0.100	0.100	0.700
0.100	0.100	0.700	0.100
0.100	0.100	0.100	0.700
0.100	0.700	0.100	0.100
0.700	0.100	0.100	0.100
0.700	0.100	0.100	0.100
0.100	0.100	0.100	0.700
0.100	0.700	0.100	0.100
0.700	0.100	0.100	0.100
0.700	0.100	0.100	0.100
>AGCGATCTACAA	16-AGCGATCTACAA	12.355432	-31.175092	0	T:8.0(0.23%),B:0.0(0.00%),P:1e-13	Tpos:277.0,Tstd:104.6,Bpos:0.0,Bstd:0.0,StrandBias:-0.7,Multiplicity:1.00
0.700	0.100	0.100	0.100
0.100	0.100	0.700	0.100
0.100	0.700	0.100	0.100
0.100	0.100	0.700	0.100
0.700	0.100	0.100	0.100
0.100	0.100	0.100	0.700
0.100	0.700	0.100	0.100
0.100	0.100	0.100	0.700
0.700	0.100	0.100	0.100
0.100	0.700	0.100	0.100
0.700	0.100	0.100	0.100
0.700	0.100	0.100	0.100
>GGCGACATGGTG	17-GGCGACATGGTG	14.302951	-29.768082	0	T:9.0(0.26%),B:2.9(0.01%),P:1e-12	Tpos:237.9,Tstd:121.5,Bpos:348.5,Bstd:57.4,StrandBias:-1.0,Multiplicity:1.00
0.001	0.001	0.997	0.001
0.001	0.001	0.997	0.001
0.001	0.997	0.001	0.001
0.001	0.001	0.997	0.001
0.997	0.001	0.001	0.001
0.113	0.885	0.001	0.001
0.997	0.001	0.001	0.001
0.001	0.001	0.001	0.997
0.001	0.001	0.885	0.113
0.001	0.001	0.997	0.001
0.001	0.001	0.001	0.997
0.001	0.001	0.997	0.001
>GAACAAGGCACA	18-GAACAAGGCACA	14.259075	-29.671494	0	T:12.0(0.34%),B:6.1(0.01%),P:1e-12	Tpos:213.2,Tstd:109.5,Bpos:162.8,Bstd:109.4,StrandBias:-0.5,Multiplicity:1.00
0.096	0.096	0.807	0.001
0.997	0.001	0.001	0.001
0.997	0.001	0.001	0.001
0.001	0.997	0.001	0.001
0.997	0.001	0.001	0.001
0.997	0.001	0.001	0.001
0.001	0.001	0.997	0.001
0.001	0.001	0.997	0.001
0.001	0.997	0.001	0.001
0.997	0.001	0.001	0.001
0.001	0.997	0.001	0.001
0.997	0.001	0.001	0.001
>CCCCGTCCCRCT	19-CCCCGTCCCRCT	8.265647	-28.724926	0	T:70.0(2.00%),B:333.3(0.73%),P:1e-12	Tpos:284.2,Tstd:215.1,Bpos:242.2,Bstd:142.6,StrandBias:-0.2,Multiplicity:1.00
0.001	0.706	0.292	0.001
0.001	0.847	0.001	0.151
0.001	0.997	0.001	0.001
0.001	0.997	0.001	0.001
0.001	0.114	0.884	0.001
0.001	0.001	0.001	0.997
0.001	0.997	0.001	0.001
0.001	0.997	0.001	0.001
0.001	0.997	0.001	0.001
0.471	0.001	0.527	0.001
0.001	0.997	0.001	0.001
0.001	0.001	0.151	0.847
>CGGAAACGCCCT	20-CGGAAACGCCCT	10.409522	-24.293549	0	T:15.0(0.43%),B:18.3(0.04%),P:1e-10	Tpos:267.2,Tstd:181.7,Bpos:254.5,Bstd:116.7,StrandBias:-1.0,Multiplicity:1.00
0.100	0.700	0.100	0.100
0.100	0.100	0.700	0.100
0.100	0.100	0.700	0.100
0.700	0.100	0.100	0.100
0.700	0.100	0.100	0.100
0.700	0.100	0.100	0.100
0.100	0.700	0.100	0.100
0.100	0.100	0.700	0.100
0.100	0.700	0.100	0.100
0.100	0.700	0.100	0.100
0.100	0.700	0.100	0.100
0.100	0.100	0.100	0.700
>TCGGGTTGACTA	21-TCGGGTTGACTA	9.094290	-14.147527	0	T:11.0(0.31%),B:20.9(0.05%),P:1e-6	Tpos:242.7,Tstd:164.3,Bpos:205.3,Bstd:135.5,StrandBias:2.0,Multiplicity:2.00
0.183	0.001	0.001	0.815
0.001	0.793	0.205	0.001
0.001	0.001	0.997	0.001
0.001	0.001	0.997	0.001
0.055	0.001	0.943	0.001
0.250	0.001	0.022	0.727
0.001	0.001	0.001	0.997
0.001	0.001	0.997	0.001
0.997	0.001	0.001	0.001
0.001	0.997	0.001	0.001
0.001	0.001	0.001	0.997
0.997	0.001	0.001	0.001
>CGTGCTTTCCGT	22-CGTGCTTTCCGT	9.378902	-11.686428	0	T:7.0(0.20%),B:9.4(0.02%),P:1e-5	Tpos:143.8,Tstd:95.1,Bpos:275.4,Bstd:63.9,StrandBias:-1.4,Multiplicity:1.57
0.001	0.997	0.001	0.001
0.237	0.001	0.761	0.001
0.001	0.001	0.001	0.997
0.001	0.001	0.997	0.001
0.001	0.997	0.001	0.001
0.001	0.001	0.001	0.997
0.001	0.001	0.001	0.997
0.001	0.001	0.001	0.997
0.001	0.997	0.001	0.001
0.001	0.727	0.001	0.271
0.001	0.001	0.997	0.001
0.001	0.001	0.001	0.997
>TCAGCAGCTGGC	23-TCAGCAGCTGGC	11.600105	-11.093387	0	T:9.0(0.26%),B:18.3(0.04%),P:1e-4	Tpos:316.5,Tstd:239.9,Bpos:241.7,Bstd:140.7,StrandBias:2.3,Multiplicity:2.67
0.001	0.001	0.001	0.997
0.001	0.578	0.001	0.420
0.997	0.001	0.001	0.001
0.001	0.001	0.997	0.001
0.001	0.997	0.001	0.001
0.997	0.001	0.001	0.001
0.001	0.001	0.978	0.020
0.001	0.997	0.001	0.001
0.001	0.001	0.420	0.578
0.001	0.001	0.997	0.001
0.001	0.001	0.997	0.001
0.001	0.997	0.001	0.001
>TGCTAACAGTAC	24-TGCTAACAGTAC	14.302951	-9.216635	0	T:4.0(0.11%),B:3.3(0.01%),P:1e-4	Tpos:157.0,Tstd:141.8,Bpos:197.2,Bstd:41.8,StrandBias:1.8,Multiplicity:2.25
0.001	0.001	0.001	0.997
0.001	0.001	0.997	0.001
0.001	0.997	0.001	0.001
0.001	0.001	0.001	0.997
0.885	0.001	0.001	0.113
0.997	0.001	0.001	0.001
0.001	0.997	0.001	0.001
0.997	0.001	0.001	0.001
0.001	0.113	0.885	0.001
0.001	0.001	0.001	0.997
0.997	0.001	0.001	0.001
0.001	0.997	0.001	0.001
>TACTACTCAGCT	25-TACTACTCAGCT	12.355432	-2.600086	0	T:1.0(0.03%),B:0.9(0.00%),P:1e-1	Tpos:102.5,Tstd:49.5,Bpos:261.0,Bstd:0.0,StrandBias:10.0,Multiplicity:6.00
0.100	0.100	0.100	0.700
0.700	0.100	0.100	0.100
0.100	0.700	0.100	0.100
0.100	0.100	0.100	0.700
0.700	0.100	0.100	0.100
0.100	0.700	0.100	0.100
0.100	0.100	0.100	0.700
0.100	0.700	0.100	0.100
0.700	0.100	0.100	0.100
0.100	0.100	0.700	0.100
0.100	0.700	0.100	0.100
0.100	0.100	0.100	0.700
