>CAYTTCCTGT	1-CAYTTCCTGT	8.432761	-198.793053	0	T:773.0(22.07%),B:4778.9(10.53%),P:1e-86	Tpos:287.6,Tstd:221.5,Bpos:228.9,Bstd:135.4,StrandBias:0.0,Multiplicity:1.18
0.132	0.459	0.129	0.280
0.540	0.057	0.375	0.028
0.001	0.536	0.021	0.442
0.121	0.001	0.001	0.877
0.001	0.001	0.001	0.997
0.001	0.997	0.001	0.001
0.001	0.997	0.001	0.001
0.001	0.001	0.001	0.997
0.001	0.138	0.671	0.190
0.073	0.281	0.093	0.553
>TGTGGTTTNH	2-TGTGGTTTNH	8.086314	-194.159474	0	T:743.0(21.21%),B:4549.7(10.02%),P:1e-84	Tpos:286.2,Tstd:244.1,Bpos:233.1,Bstd:135.4,StrandBias:-0.1,Multiplicity:1.19
0.079	0.033	0.001	0.887
0.001	0.001	0.997	0.001
0.129	0.001	0.158	0.712
0.001	0.001	0.997	0.001
0.001	0.001	0.997	0.001
0.001	0.228	0.009	0.762
0.001	0.030	0.059	0.910
0.174	0.005	0.168	0.653
0.228	0.334	0.217	0.221
0.197	0.335	0.180	0.288
>TATGASTCAT	3-TATGASTCAT	7.117658	-178.191032	0	T:592.0(16.90%),B:3351.1(7.38%),P:1e-77	Tpos:264.5,Tstd:198.0,Bpos:231.0,Bstd:134.3,StrandBias:-0.1,Multiplicity:1.14
0.194	0.082	0.279	0.446
0.461	0.181	0.272	0.086
0.009	0.073	0.033	0.885
0.018	0.023	0.832	0.127
0.933	0.052	0.001	0.014
0.044	0.407	0.482	0.068
0.001	0.001	0.015	0.983
0.155	0.807	0.037	0.001
0.886	0.026	0.035	0.053
0.128	0.165	0.188	0.519
>CCCCCTAGTG	4-CCCCCTAGTG	7.544228	-165.390813	0	T:342.0(9.76%),B:1438.5(3.17%),P:1e-71	Tpos:269.0,Tstd:234.5,Bpos:227.7,Bstd:135.9,StrandBias:-0.0,Multiplicity:1.04
0.181	0.735	0.008	0.076
0.085	0.650	0.246	0.019
0.314	0.504	0.167	0.015
0.049	0.585	0.073	0.293
0.013	0.788	0.100	0.099
0.069	0.059	0.094	0.778
0.535	0.088	0.255	0.122
0.036	0.283	0.565	0.116
0.113	0.205	0.001	0.681
0.013	0.064	0.822	0.101
>WACCGGAAGN	5-WACCGGAAGN	6.588137	-124.600268	0	T:597.0(17.04%),B:3971.2(8.75%),P:1e-54	Tpos:290.3,Tstd:235.8,Bpos:227.6,Bstd:141.2,StrandBias:0.0,Multiplicity:1.08
0.419	0.124	0.158	0.299
0.791	0.022	0.066	0.121
0.041	0.746	0.169	0.044
0.225	0.773	0.001	0.001
0.080	0.001	0.918	0.001
0.105	0.071	0.656	0.168
0.759	0.054	0.034	0.153
0.671	0.125	0.025	0.179
0.156	0.134	0.633	0.077
0.277	0.256	0.216	0.251
>VASTTCAAAG	6-VASTTCAAAG	6.798725	-117.426046	0	T:1098.0(31.34%),B:9296.5(20.48%),P:1e-50	Tpos:284.2,Tstd:239.8,Bpos:232.1,Bstd:139.0,StrandBias:0.0,Multiplicity:1.28
0.286	0.288	0.299	0.128
0.644	0.079	0.111	0.166
0.016	0.392	0.456	0.137
0.351	0.072	0.027	0.550
0.067	0.001	0.018	0.914
0.122	0.692	0.185	0.001
0.966	0.001	0.001	0.032
0.935	0.001	0.063	0.001
0.997	0.001	0.001	0.001
0.189	0.118	0.627	0.066
>GTTTCAGTTT	7-GTTTCAGTTT	8.793738	-103.869924	0	T:282.0(8.05%),B:1404.1(3.09%),P:1e-45	Tpos:310.4,Tstd:281.0,Bpos:230.5,Bstd:143.0,StrandBias:-0.0,Multiplicity:1.08
0.001	0.072	0.842	0.085
0.001	0.067	0.001	0.931
0.001	0.001	0.032	0.966
0.001	0.016	0.029	0.954
0.001	0.990	0.008	0.001
0.789	0.004	0.100	0.107
0.012	0.167	0.771	0.050
0.001	0.001	0.001	0.997
0.034	0.001	0.010	0.955
0.042	0.052	0.001	0.905
>DCCCCGCCCM	8-DCCCCGCCCM	6.882554	-97.655986	0	T:957.0(27.32%),B:8126.9(17.90%),P:1e-42	Tpos:316.3,Tstd:259.1,Bpos:226.8,Bstd:145.1,StrandBias:-0.0,Multiplicity:1.69
0.295	0.007	0.417	0.281
0.220	0.470	0.003	0.307
0.155	0.438	0.132	0.275
0.299	0.460	0.179	0.062
0.001	0.997	0.001	0.001
0.332	0.002	0.505	0.161
0.001	0.997	0.001	0.001
0.001	0.959	0.039	0.001
0.224	0.477	0.035	0.265
0.431	0.319	0.011	0.240
>TCTGCGGTTT	9-TCTGCGGTTT	4.800011	-92.887127	0	T:1602.0(45.73%),B:15775.6(34.75%),P:1e-40	Tpos:305.9,Tstd:258.5,Bpos:232.8,Bstd:140.2,StrandBias:-0.0,Multiplicity:1.36
0.113	0.078	0.110	0.699
0.106	0.682	0.103	0.109
0.109	0.104	0.096	0.691
0.082	0.093	0.707	0.118
0.090	0.728	0.084	0.098
0.097	0.098	0.688	0.117
0.099	0.096	0.707	0.098
0.091	0.103	0.082	0.724
0.090	0.116	0.094	0.700
0.138	0.089	0.099	0.674
>ACCACATCCT	10-ACCACATCCT	9.039253	-72.896510	0	T:179.0(5.11%),B:838.5(1.85%),P:1e-31	Tpos:284.4,Tstd:249.5,Bpos:235.4,Bstd:131.5,StrandBias:0.2,Multiplicity:1.11
0.792	0.149	0.058	0.001
0.023	0.969	0.001	0.007
0.014	0.968	0.016	0.002
0.959	0.001	0.015	0.025
0.001	0.995	0.001	0.003
0.951	0.001	0.021	0.027
0.001	0.156	0.001	0.842
0.001	0.996	0.002	0.001
0.026	0.914	0.023	0.037
0.001	0.027	0.031	0.941
>GGGAAATYCC	11-GGGAAATYCC	8.564136	-64.667240	0	T:259.0(7.39%),B:1572.7(3.46%),P:1e-28	Tpos:303.1,Tstd:257.0,Bpos:232.7,Bstd:136.3,StrandBias:0.1,Multiplicity:1.10
0.046	0.011	0.942	0.001
0.001	0.001	0.969	0.029
0.001	0.001	0.976	0.022
0.594	0.001	0.404	0.001
0.997	0.001	0.001	0.001
0.758	0.122	0.014	0.106
0.065	0.181	0.244	0.510
0.001	0.438	0.116	0.445
0.032	0.966	0.001	0.001
0.113	0.789	0.041	0.057
>CGTTTCGTTT	12-CGTTTCGTTT	6.129147	-49.261529	0	T:776.0(22.15%),B:7230.6(15.93%),P:1e-21	Tpos:293.6,Tstd:275.9,Bpos:233.1,Bstd:146.1,StrandBias:0.0,Multiplicity:1.24
0.098	0.700	0.088	0.114
0.056	0.068	0.792	0.084
0.061	0.022	0.073	0.844
0.067	0.060	0.062	0.811
0.036	0.050	0.075	0.839
0.055	0.770	0.073	0.102
0.085	0.082	0.754	0.079
0.045	0.044	0.097	0.814
0.031	0.033	0.057	0.879
0.067	0.072	0.060	0.801
>AGCCAATCAG	13-AGCCAATCAG	7.295165	-37.299071	0	T:319.0(9.11%),B:2545.5(5.61%),P:1e-16	Tpos:285.5,Tstd:201.2,Bpos:231.7,Bstd:136.2,StrandBias:-0.1,Multiplicity:1.15
0.779	0.084	0.096	0.041
0.131	0.086	0.743	0.040
0.046	0.820	0.042	0.092
0.054	0.829	0.062	0.055
0.843	0.034	0.062	0.061
0.832	0.076	0.045	0.047
0.056	0.043	0.043	0.858
0.024	0.794	0.114	0.068
0.700	0.119	0.112	0.069
0.024	0.087	0.814	0.075
>CGTTACCACA	14-CGTTACCACA	8.614374	-35.233880	0	T:78.0(2.23%),B:348.0(0.77%),P:1e-15	Tpos:242.4,Tstd:234.5,Bpos:250.4,Bstd:135.8,StrandBias:-0.0,Multiplicity:1.03
0.087	0.836	0.076	0.001
0.168	0.063	0.673	0.096
0.001	0.022	0.083	0.894
0.001	0.031	0.084	0.884
0.873	0.001	0.125	0.001
0.026	0.943	0.001	0.030
0.037	0.961	0.001	0.001
0.644	0.152	0.107	0.097
0.026	0.828	0.001	0.145
0.774	0.020	0.186	0.020
>TACGCAAATG	15-TACGCAAATG	7.129564	-32.907066	0	T:231.0(6.59%),B:1738.3(3.83%),P:1e-14	Tpos:280.9,Tstd:208.0,Bpos:227.6,Bstd:138.8,StrandBias:-0.0,Multiplicity:1.06
0.041	0.068	0.092	0.799
0.868	0.043	0.031	0.058
0.079	0.821	0.008	0.092
0.057	0.026	0.817	0.100
0.078	0.686	0.132	0.104
0.835	0.086	0.051	0.028
0.880	0.058	0.029	0.033
0.865	0.031	0.087	0.017
0.083	0.063	0.077	0.777
0.100	0.150	0.662	0.088
>ACGTCATACG	16-ACGTCATACG	6.000739	-30.461440	0	T:303.0(8.65%),B:2519.7(5.55%),P:1e-13	Tpos:276.8,Tstd:198.7,Bpos:226.3,Bstd:142.0,StrandBias:0.2,Multiplicity:1.09
0.879	0.033	0.055	0.033
0.054	0.772	0.090	0.084
0.042	0.039	0.838	0.081
0.079	0.115	0.087	0.719
0.036	0.841	0.061	0.062
0.786	0.061	0.072	0.081
0.025	0.068	0.114	0.793
0.799	0.074	0.064	0.063
0.061	0.793	0.069	0.077
0.045	0.072	0.785	0.098
>AGAACACGCC	17-AGAACACGCC	9.041252	-29.350532	0	T:37.0(1.06%),B:107.2(0.24%),P:1e-12	Tpos:335.0,Tstd:148.2,Bpos:239.8,Bstd:155.0,StrandBias:0.7,Multiplicity:1.00
0.997	0.001	0.001	0.001
0.001	0.001	0.997	0.001
0.746	0.001	0.163	0.090
0.997	0.001	0.001	0.001
0.001	0.997	0.001	0.001
0.945	0.053	0.001	0.001
0.001	0.997	0.001	0.001
0.001	0.001	0.997	0.001
0.001	0.997	0.001	0.001
0.001	0.952	0.046	0.001
>AGTCKCARCT	18-AGTCKCARCT	6.401650	-27.036354	0	T:76.0(2.17%),B:393.1(0.87%),P:1e-11	Tpos:307.1,Tstd:291.2,Bpos:225.3,Bstd:141.3,StrandBias:-0.4,Multiplicity:1.01
0.420	0.113	0.220	0.247
0.193	0.255	0.486	0.067
0.050	0.071	0.066	0.813
0.063	0.615	0.154	0.168
0.175	0.209	0.362	0.255
0.042	0.458	0.230	0.270
0.708	0.102	0.076	0.114
0.403	0.074	0.487	0.035
0.125	0.438	0.155	0.282
0.222	0.286	0.044	0.448
>AACGTGGCGA	19-AACGTGGCGA	11.416219	-26.360873	0	T:12.0(0.34%),B:8.8(0.02%),P:1e-11	Tpos:293.4,Tstd:136.6,Bpos:227.4,Bstd:107.4,StrandBias:0.3,Multiplicity:1.00
0.895	0.001	0.103	0.001
0.997	0.001	0.001	0.001
0.001	0.997	0.001	0.001
0.001	0.001	0.997	0.001
0.001	0.001	0.001	0.997
0.001	0.001	0.997	0.001
0.001	0.001	0.997	0.001
0.001	0.997	0.001	0.001
0.001	0.001	0.997	0.001
0.861	0.001	0.001	0.137
>AGCGATCTAC	20-AGCGATCTAC	10.296193	-22.522838	0	T:8.0(0.23%),B:3.7(0.01%),P:1e-9	Tpos:277.2,Tstd:104.0,Bpos:127.6,Bstd:67.3,StrandBias:-0.7,Multiplicity:1.00
0.700	0.100	0.100	0.100
0.100	0.100	0.700	0.100
0.100	0.700	0.100	0.100
0.100	0.100	0.700	0.100
0.700	0.100	0.100	0.100
0.100	0.100	0.100	0.700
0.100	0.700	0.100	0.100
0.100	0.100	0.100	0.700
0.700	0.100	0.100	0.100
0.100	0.700	0.100	0.100
>HGMTWAMRGT	21-HGMTWAMRGT	6.382447	-22.399917	0	T:58.0(1.66%),B:289.2(0.64%),P:1e-9	Tpos:256.7,Tstd:218.2,Bpos:230.8,Bstd:136.2,StrandBias:0.3,Multiplicity:1.09
0.284	0.280	0.134	0.303
0.155	0.152	0.453	0.241
0.492	0.501	0.005	0.002
0.011	0.207	0.297	0.486
0.391	0.026	0.134	0.449
0.566	0.231	0.100	0.103
0.452	0.537	0.006	0.005
0.522	0.038	0.438	0.002
0.154	0.097	0.748	0.001
0.155	0.227	0.230	0.388
>GATAGGCCCG	22-GATAGGCCCG	12.009551	-20.289615	0	T:8.0(0.23%),B:4.2(0.01%),P:1e-8	Tpos:303.9,Tstd:103.5,Bpos:207.5,Bstd:153.2,StrandBias:0.0,Multiplicity:1.00
0.161	0.001	0.837	0.001
0.997	0.001	0.001	0.001
0.001	0.001	0.001	0.997
0.997	0.001	0.001	0.001
0.001	0.001	0.997	0.001
0.001	0.001	0.997	0.001
0.001	0.997	0.001	0.001
0.001	0.997	0.001	0.001
0.001	0.997	0.001	0.001
0.001	0.001	0.997	0.001
>TTACACCATM	23-TTACACCATM	10.174507	-18.695249	0	T:26.0(0.74%),B:85.9(0.19%),P:1e-8	Tpos:223.7,Tstd:153.8,Bpos:234.9,Bstd:129.9,StrandBias:-2.1,Multiplicity:1.00
0.001	0.001	0.216	0.782
0.140	0.001	0.001	0.858
0.808	0.001	0.001	0.190
0.135	0.737	0.127	0.001
0.819	0.168	0.001	0.012
0.072	0.926	0.001	0.001
0.010	0.942	0.046	0.002
0.746	0.126	0.122	0.006
0.001	0.001	0.001	0.997
0.501	0.380	0.001	0.118
>AGGAAACGCT	24-AGGAAACGCT	10.296193	-14.641953	0	T:11.0(0.31%),B:19.7(0.04%),P:1e-6	Tpos:395.5,Tstd:229.7,Bpos:242.3,Bstd:81.6,StrandBias:-0.7,Multiplicity:1.00
0.700	0.100	0.100	0.100
0.100	0.100	0.700	0.100
0.100	0.100	0.700	0.100
0.700	0.100	0.100	0.100
0.700	0.100	0.100	0.100
0.700	0.100	0.100	0.100
0.100	0.700	0.100	0.100
0.100	0.100	0.700	0.100
0.100	0.700	0.100	0.100
0.100	0.100	0.100	0.700
>AACAAGGCAC	25-AACAAGGCAC	10.296193	-12.571383	0	T:14.0(0.40%),B:39.8(0.09%),P:1e-5	Tpos:198.6,Tstd:109.6,Bpos:214.3,Bstd:129.7,StrandBias:0.0,Multiplicity:1.00
0.700	0.100	0.100	0.100
0.700	0.100	0.100	0.100
0.100	0.700	0.100	0.100
0.700	0.100	0.100	0.100
0.700	0.100	0.100	0.100
0.100	0.100	0.700	0.100
0.100	0.100	0.700	0.100
0.100	0.700	0.100	0.100
0.700	0.100	0.100	0.100
0.100	0.700	0.100	0.100
