>CAYTTCCTGT	1-CAYTTCCTGT	8.432761	-198.793053	0	T:773.0(22.07%),B:4778.9(10.53%),P:1e-86	Tpos:287.6,Tstd:221.5,Bpos:228.9,Bstd:135.4,StrandBias:0.0,Multiplicity:1.18
0.132	0.459	0.129	0.280
0.540	0.057	0.375	0.028
0.001	0.536	0.021	0.442
0.121	0.001	0.001	0.877
0.001	0.001	0.001	0.997
0.001	0.997	0.001	0.001
0.001	0.997	0.001	0.001
0.001	0.001	0.001	0.997
0.001	0.138	0.671	0.190
0.073	0.281	0.093	0.553
>TGTGGTTTNH	2-TGTGGTTTNH	8.086314	-194.159474	0	T:743.0(21.21%),B:4549.7(10.02%),P:1e-84	Tpos:286.2,Tstd:244.1,Bpos:233.1,Bstd:135.4,StrandBias:-0.1,Multiplicity:1.19
0.079	0.033	0.001	0.887
0.001	0.001	0.997	0.001
0.129	0.001	0.158	0.712
0.001	0.001	0.997	0.001
0.001	0.001	0.997	0.001
0.001	0.228	0.009	0.762
0.001	0.030	0.059	0.910
0.174	0.005	0.168	0.653
0.228	0.334	0.217	0.221
0.197	0.335	0.180	0.288
>TATGASTCAT	3-TATGASTCAT	7.117658	-178.191032	0	T:592.0(16.90%),B:3351.1(7.38%),P:1e-77	Tpos:264.5,Tstd:198.0,Bpos:231.0,Bstd:134.3,StrandBias:-0.1,Multiplicity:1.14
0.194	0.082	0.279	0.446
0.461	0.181	0.272	0.086
0.009	0.073	0.033	0.885
0.018	0.023	0.832	0.127
0.933	0.052	0.001	0.014
0.044	0.407	0.482	0.068
0.001	0.001	0.015	0.983
0.155	0.807	0.037	0.001
0.886	0.026	0.035	0.053
0.128	0.165	0.188	0.519
>CCCCCTAGTG	4-CCCCCTAGTG	7.544228	-165.390813	0	T:342.0(9.76%),B:1438.5(3.17%),P:1e-71	Tpos:269.0,Tstd:234.5,Bpos:227.7,Bstd:135.9,StrandBias:-0.0,Multiplicity:1.04
0.181	0.735	0.008	0.076
0.085	0.650	0.246	0.019
0.314	0.504	0.167	0.015
0.049	0.585	0.073	0.293
0.013	0.788	0.100	0.099
0.069	0.059	0.094	0.778
0.535	0.088	0.255	0.122
0.036	0.283	0.565	0.116
0.113	0.205	0.001	0.681
0.013	0.064	0.822	0.101
>WACCGGAAGN	5-WACCGGAAGN	6.588137	-124.600268	0	T:597.0(17.04%),B:3971.2(8.75%),P:1e-54	Tpos:290.3,Tstd:235.8,Bpos:227.6,Bstd:141.2,StrandBias:0.0,Multiplicity:1.08
0.419	0.124	0.158	0.299
0.791	0.022	0.066	0.121
0.041	0.746	0.169	0.044
0.225	0.773	0.001	0.001
0.080	0.001	0.918	0.001
0.105	0.071	0.656	0.168
0.759	0.054	0.034	0.153
0.671	0.125	0.025	0.179
0.156	0.134	0.633	0.077
0.277	0.256	0.216	0.251
>VASTTCAAAG	6-VASTTCAAAG	6.798725	-117.426046	0	T:1098.0(31.34%),B:9296.5(20.48%),P:1e-50	Tpos:284.2,Tstd:239.8,Bpos:232.1,Bstd:139.0,StrandBias:0.0,Multiplicity:1.28
0.286	0.288	0.299	0.128
0.644	0.079	0.111	0.166
0.016	0.392	0.456	0.137
0.351	0.072	0.027	0.550
0.067	0.001	0.018	0.914
0.122	0.692	0.185	0.001
0.966	0.001	0.001	0.032
0.935	0.001	0.063	0.001
0.997	0.001	0.001	0.001
0.189	0.118	0.627	0.066
>GTTTCAGTTT	7-GTTTCAGTTT	8.793738	-103.869924	0	T:282.0(8.05%),B:1404.1(3.09%),P:1e-45	Tpos:310.4,Tstd:281.0,Bpos:230.5,Bstd:143.0,StrandBias:-0.0,Multiplicity:1.08
0.001	0.072	0.842	0.085
0.001	0.067	0.001	0.931
0.001	0.001	0.032	0.966
0.001	0.016	0.029	0.954
0.001	0.990	0.008	0.001
0.789	0.004	0.100	0.107
0.012	0.167	0.771	0.050
0.001	0.001	0.001	0.997
0.034	0.001	0.010	0.955
0.042	0.052	0.001	0.905
>DCCCCGCCCM	8-DCCCCGCCCM	6.882554	-97.655986	0	T:957.0(27.32%),B:8126.9(17.90%),P:1e-42	Tpos:316.3,Tstd:259.1,Bpos:226.8,Bstd:145.1,StrandBias:-0.0,Multiplicity:1.69
0.295	0.007	0.417	0.281
0.220	0.470	0.003	0.307
0.155	0.438	0.132	0.275
0.299	0.460	0.179	0.062
0.001	0.997	0.001	0.001
0.332	0.002	0.505	0.161
0.001	0.997	0.001	0.001
0.001	0.959	0.039	0.001
0.224	0.477	0.035	0.265
0.431	0.319	0.011	0.240
>TCTGCGGTTT	9-TCTGCGGTTT	4.800011	-92.887127	0	T:1602.0(45.73%),B:15775.6(34.75%),P:1e-40	Tpos:305.9,Tstd:258.5,Bpos:232.8,Bstd:140.2,StrandBias:-0.0,Multiplicity:1.36
0.113	0.078	0.110	0.699
0.106	0.682	0.103	0.109
0.109	0.104	0.096	0.691
0.082	0.093	0.707	0.118
0.090	0.728	0.084	0.098
0.097	0.098	0.688	0.117
0.099	0.096	0.707	0.098
0.091	0.103	0.082	0.724
0.090	0.116	0.094	0.700
0.138	0.089	0.099	0.674
>ACCACATCCT	10-ACCACATCCT	9.039253	-72.896510	0	T:179.0(5.11%),B:838.5(1.85%),P:1e-31	Tpos:284.4,Tstd:249.5,Bpos:235.4,Bstd:131.5,StrandBias:0.2,Multiplicity:1.11
0.792	0.149	0.058	0.001
0.023	0.969	0.001	0.007
0.014	0.968	0.016	0.002
0.959	0.001	0.015	0.025
0.001	0.995	0.001	0.003
0.951	0.001	0.021	0.027
0.001	0.156	0.001	0.842
0.001	0.996	0.002	0.001
0.026	0.914	0.023	0.037
0.001	0.027	0.031	0.941
>GGGAAATYCC	11-GGGAAATYCC	8.564136	-64.667240	0	T:259.0(7.39%),B:1572.7(3.46%),P:1e-28	Tpos:303.1,Tstd:257.0,Bpos:232.7,Bstd:136.3,StrandBias:0.1,Multiplicity:1.10
0.046	0.011	0.942	0.001
0.001	0.001	0.969	0.029
0.001	0.001	0.976	0.022
0.594	0.001	0.404	0.001
0.997	0.001	0.001	0.001
0.758	0.122	0.014	0.106
0.065	0.181	0.244	0.510
0.001	0.438	0.116	0.445
0.032	0.966	0.001	0.001
0.113	0.789	0.041	0.057
>CGTTTCGTTT	12-CGTTTCGTTT	6.129147	-49.261529	0	T:776.0(22.15%),B:7230.6(15.93%),P:1e-21	Tpos:293.6,Tstd:275.9,Bpos:233.1,Bstd:146.1,StrandBias:0.0,Multiplicity:1.24
0.098	0.700	0.088	0.114
0.056	0.068	0.792	0.084
0.061	0.022	0.073	0.844
0.067	0.060	0.062	0.811
0.036	0.050	0.075	0.839
0.055	0.770	0.073	0.102
0.085	0.082	0.754	0.079
0.045	0.044	0.097	0.814
0.031	0.033	0.057	0.879
0.067	0.072	0.060	0.801
>AGCCAATCAG	13-AGCCAATCAG	7.295165	-37.299071	0	T:319.0(9.11%),B:2545.5(5.61%),P:1e-16	Tpos:285.5,Tstd:201.2,Bpos:231.7,Bstd:136.2,StrandBias:-0.1,Multiplicity:1.15
0.779	0.084	0.096	0.041
0.131	0.086	0.743	0.040
0.046	0.820	0.042	0.092
0.054	0.829	0.062	0.055
0.843	0.034	0.062	0.061
0.832	0.076	0.045	0.047
0.056	0.043	0.043	0.858
0.024	0.794	0.114	0.068
0.700	0.119	0.112	0.069
0.024	0.087	0.814	0.075
>CGTTACCACA	14-CGTTACCACA	8.614374	-35.233880	0	T:78.0(2.23%),B:348.0(0.77%),P:1e-15	Tpos:242.4,Tstd:234.5,Bpos:250.4,Bstd:135.8,StrandBias:-0.0,Multiplicity:1.03
0.087	0.836	0.076	0.001
0.168	0.063	0.673	0.096
0.001	0.022	0.083	0.894
0.001	0.031	0.084	0.884
0.873	0.001	0.125	0.001
0.026	0.943	0.001	0.030
0.037	0.961	0.001	0.001
0.644	0.152	0.107	0.097
0.026	0.828	0.001	0.145
0.774	0.020	0.186	0.020
>TACGCAAATG	15-TACGCAAATG	7.129564	-32.907066	0	T:231.0(6.59%),B:1738.3(3.83%),P:1e-14	Tpos:280.9,Tstd:208.0,Bpos:227.6,Bstd:138.8,StrandBias:-0.0,Multiplicity:1.06
0.041	0.068	0.092	0.799
0.868	0.043	0.031	0.058
0.079	0.821	0.008	0.092
0.057	0.026	0.817	0.100
0.078	0.686	0.132	0.104
0.835	0.086	0.051	0.028
0.880	0.058	0.029	0.033
0.865	0.031	0.087	0.017
0.083	0.063	0.077	0.777
0.100	0.150	0.662	0.088
>ACGTCATACG	16-ACGTCATACG	6.000739	-30.461440	0	T:303.0(8.65%),B:2519.7(5.55%),P:1e-13	Tpos:276.8,Tstd:198.7,Bpos:226.3,Bstd:142.0,StrandBias:0.2,Multiplicity:1.09
0.879	0.033	0.055	0.033
0.054	0.772	0.090	0.084
0.042	0.039	0.838	0.081
0.079	0.115	0.087	0.719
0.036	0.841	0.061	0.062
0.786	0.061	0.072	0.081
0.025	0.068	0.114	0.793
0.799	0.074	0.064	0.063
0.061	0.793	0.069	0.077
0.045	0.072	0.785	0.098
>AGAACACGCC	17-AGAACACGCC	9.041252	-29.350532	0	T:37.0(1.06%),B:107.2(0.24%),P:1e-12	Tpos:335.0,Tstd:148.2,Bpos:239.8,Bstd:155.0,StrandBias:0.7,Multiplicity:1.00
0.997	0.001	0.001	0.001
0.001	0.001	0.997	0.001
0.746	0.001	0.163	0.090
0.997	0.001	0.001	0.001
0.001	0.997	0.001	0.001
0.945	0.053	0.001	0.001
0.001	0.997	0.001	0.001
0.001	0.001	0.997	0.001
0.001	0.997	0.001	0.001
0.001	0.952	0.046	0.001
>AGTCKCARCT	18-AGTCKCARCT	6.401650	-27.036354	0	T:76.0(2.17%),B:393.1(0.87%),P:1e-11	Tpos:307.1,Tstd:291.2,Bpos:225.3,Bstd:141.3,StrandBias:-0.4,Multiplicity:1.01
0.420	0.113	0.220	0.247
0.193	0.255	0.486	0.067
0.050	0.071	0.066	0.813
0.063	0.615	0.154	0.168
0.175	0.209	0.362	0.255
0.042	0.458	0.230	0.270
0.708	0.102	0.076	0.114
0.403	0.074	0.487	0.035
0.125	0.438	0.155	0.282
0.222	0.286	0.044	0.448
>AACGTGGCGA	19-AACGTGGCGA	11.416219	-26.360873	0	T:12.0(0.34%),B:8.8(0.02%),P:1e-11	Tpos:293.4,Tstd:136.6,Bpos:227.4,Bstd:107.4,StrandBias:0.3,Multiplicity:1.00
0.895	0.001	0.103	0.001
0.997	0.001	0.001	0.001
0.001	0.997	0.001	0.001
0.001	0.001	0.997	0.001
0.001	0.001	0.001	0.997
0.001	0.001	0.997	0.001
0.001	0.001	0.997	0.001
0.001	0.997	0.001	0.001
0.001	0.001	0.997	0.001
0.861	0.001	0.001	0.137
>AGCGATCTAC	20-AGCGATCTAC	10.296193	-22.522838	0	T:8.0(0.23%),B:3.7(0.01%),P:1e-9	Tpos:277.2,Tstd:104.0,Bpos:127.6,Bstd:67.3,StrandBias:-0.7,Multiplicity:1.00
0.700	0.100	0.100	0.100
0.100	0.100	0.700	0.100
0.100	0.700	0.100	0.100
0.100	0.100	0.700	0.100
0.700	0.100	0.100	0.100
0.100	0.100	0.100	0.700
0.100	0.700	0.100	0.100
0.100	0.100	0.100	0.700
0.700	0.100	0.100	0.100
0.100	0.700	0.100	0.100
>HGMTWAMRGT	21-HGMTWAMRGT	6.382447	-22.399917	0	T:58.0(1.66%),B:289.2(0.64%),P:1e-9	Tpos:256.7,Tstd:218.2,Bpos:230.8,Bstd:136.2,StrandBias:0.3,Multiplicity:1.09
0.284	0.280	0.134	0.303
0.155	0.152	0.453	0.241
0.492	0.501	0.005	0.002
0.011	0.207	0.297	0.486
0.391	0.026	0.134	0.449
0.566	0.231	0.100	0.103
0.452	0.537	0.006	0.005
0.522	0.038	0.438	0.002
0.154	0.097	0.748	0.001
0.155	0.227	0.230	0.388
>GATAGGCCCG	22-GATAGGCCCG	12.009551	-20.289615	0	T:8.0(0.23%),B:4.2(0.01%),P:1e-8	Tpos:303.9,Tstd:103.5,Bpos:207.5,Bstd:153.2,StrandBias:0.0,Multiplicity:1.00
0.161	0.001	0.837	0.001
0.997	0.001	0.001	0.001
0.001	0.001	0.001	0.997
0.997	0.001	0.001	0.001
0.001	0.001	0.997	0.001
0.001	0.001	0.997	0.001
0.001	0.997	0.001	0.001
0.001	0.997	0.001	0.001
0.001	0.997	0.001	0.001
0.001	0.001	0.997	0.001
>TTACACCATM	23-TTACACCATM	10.174507	-18.695249	0	T:26.0(0.74%),B:85.9(0.19%),P:1e-8	Tpos:223.7,Tstd:153.8,Bpos:234.9,Bstd:129.9,StrandBias:-2.1,Multiplicity:1.00
0.001	0.001	0.216	0.782
0.140	0.001	0.001	0.858
0.808	0.001	0.001	0.190
0.135	0.737	0.127	0.001
0.819	0.168	0.001	0.012
0.072	0.926	0.001	0.001
0.010	0.942	0.046	0.002
0.746	0.126	0.122	0.006
0.001	0.001	0.001	0.997
0.501	0.380	0.001	0.118
>AGGAAACGCT	24-AGGAAACGCT	10.296193	-14.641953	0	T:11.0(0.31%),B:19.7(0.04%),P:1e-6	Tpos:395.5,Tstd:229.7,Bpos:242.3,Bstd:81.6,StrandBias:-0.7,Multiplicity:1.00
0.700	0.100	0.100	0.100
0.100	0.100	0.700	0.100
0.100	0.100	0.700	0.100
0.700	0.100	0.100	0.100
0.700	0.100	0.100	0.100
0.700	0.100	0.100	0.100
0.100	0.700	0.100	0.100
0.100	0.100	0.700	0.100
0.100	0.700	0.100	0.100
0.100	0.100	0.100	0.700
>AACAAGGCAC	25-AACAAGGCAC	10.296193	-12.571383	0	T:14.0(0.40%),B:39.8(0.09%),P:1e-5	Tpos:198.6,Tstd:109.6,Bpos:214.3,Bstd:129.7,StrandBias:0.0,Multiplicity:1.00
0.700	0.100	0.100	0.100
0.700	0.100	0.100	0.100
0.100	0.700	0.100	0.100
0.700	0.100	0.100	0.100
0.700	0.100	0.100	0.100
0.100	0.100	0.700	0.100
0.100	0.100	0.700	0.100
0.100	0.700	0.100	0.100
0.700	0.100	0.100	0.100
0.100	0.700	0.100	0.100
>CCACTAGGGGGC	1-CCACTAGGGGGC	9.284589	-227.652619	0	T:325.0(9.28%),B:1018.9(2.24%),P:1e-98	Tpos:271.5,Tstd:249.7,Bpos:221.4,Bstd:131.4,StrandBias:-0.1,Multiplicity:1.05
0.066	0.861	0.038	0.035
0.010	0.988	0.001	0.001
0.766	0.102	0.024	0.108
0.021	0.758	0.178	0.043
0.157	0.272	0.008	0.563
0.752	0.011	0.134	0.103
0.010	0.001	0.981	0.008
0.259	0.032	0.698	0.011
0.021	0.035	0.580	0.364
0.016	0.001	0.973	0.010
0.074	0.053	0.851	0.022
0.159	0.657	0.085	0.099
>NCCACTTCCTGT	2-NCCACTTCCTGT	8.559420	-209.462273	0	T:655.0(18.70%),B:3615.7(7.97%),P:1e-90	Tpos:286.4,Tstd:230.3,Bpos:232.3,Bstd:132.1,StrandBias:-0.1,Multiplicity:1.13
0.265	0.299	0.220	0.217
0.176	0.609	0.142	0.073
0.124	0.637	0.109	0.130
0.822	0.084	0.001	0.093
0.001	0.785	0.061	0.153
0.183	0.029	0.001	0.787
0.001	0.001	0.001	0.997
0.001	0.976	0.001	0.022
0.001	0.997	0.001	0.001
0.001	0.001	0.027	0.971
0.015	0.255	0.655	0.075
0.143	0.215	0.069	0.573
>NNNTGASTCABA	3-NNNTGASTCABA	8.658796	-167.360764	0	T:379.0(10.82%),B:1699.0(3.74%),P:1e-72	Tpos:263.5,Tstd:193.5,Bpos:231.4,Bstd:134.0,StrandBias:0.1,Multiplicity:1.07
0.305	0.242	0.192	0.261
0.218	0.218	0.246	0.318
0.296	0.235	0.290	0.179
0.001	0.001	0.008	0.990
0.001	0.001	0.997	0.001
0.976	0.001	0.022	0.001
0.082	0.441	0.346	0.131
0.014	0.013	0.023	0.950
0.005	0.984	0.010	0.001
0.997	0.001	0.001	0.001
0.141	0.254	0.269	0.336
0.402	0.232	0.140	0.225
>AAACCACARANV	4-AAACCACARANV	7.677996	-148.898636	0	T:612.0(17.47%),B:3827.8(8.43%),P:1e-64	Tpos:284.8,Tstd:235.9,Bpos:234.9,Bstd:138.5,StrandBias:-0.0,Multiplicity:1.12
0.539	0.185	0.095	0.181
0.648	0.137	0.204	0.011
0.630	0.112	0.211	0.047
0.056	0.901	0.019	0.024
0.156	0.815	0.021	0.008
0.614	0.185	0.013	0.188
0.093	0.825	0.059	0.023
0.841	0.029	0.021	0.109
0.417	0.104	0.471	0.009
0.497	0.180	0.198	0.125
0.290	0.246	0.282	0.182
0.295	0.337	0.218	0.150
>AACCACATCAAA	5-AACCACATCAAA	9.164795	-127.125074	0	T:235.0(6.71%),B:906.8(2.00%),P:1e-55	Tpos:277.3,Tstd:243.9,Bpos:227.6,Bstd:137.3,StrandBias:0.4,Multiplicity:1.06
0.510	0.158	0.140	0.192
0.573	0.237	0.183	0.007
0.042	0.928	0.005	0.025
0.001	0.997	0.001	0.001
0.830	0.001	0.001	0.168
0.005	0.965	0.029	0.001
0.812	0.033	0.001	0.154
0.333	0.092	0.024	0.551
0.128	0.601	0.179	0.092
0.776	0.061	0.001	0.162
0.558	0.206	0.235	0.001
0.865	0.032	0.092	0.011
>GTTTCAGTTTCA	6-GTTTCAGTTTCA	8.960557	-123.916944	0	T:251.0(7.17%),B:1035.3(2.28%),P:1e-53	Tpos:324.2,Tstd:297.9,Bpos:222.8,Bstd:139.7,StrandBias:0.0,Multiplicity:1.07
0.019	0.110	0.776	0.095
0.027	0.046	0.113	0.814
0.046	0.017	0.069	0.868
0.012	0.033	0.001	0.954
0.027	0.797	0.017	0.159
0.815	0.022	0.077	0.086
0.072	0.137	0.753	0.038
0.024	0.001	0.016	0.959
0.017	0.068	0.056	0.859
0.051	0.037	0.065	0.847
0.001	0.760	0.110	0.129
0.718	0.089	0.052	0.141
>AGGGRAAACCCC	7-AGGGRAAACCCC	8.872730	-87.065169	0	T:239.0(6.82%),B:1196.1(2.63%),P:1e-37	Tpos:272.6,Tstd:223.1,Bpos:231.5,Bstd:131.1,StrandBias:0.1,Multiplicity:1.07
0.570	0.009	0.189	0.232
0.164	0.001	0.803	0.032
0.072	0.001	0.913	0.014
0.030	0.001	0.968	0.001
0.436	0.018	0.530	0.016
0.830	0.096	0.065	0.009
0.949	0.049	0.001	0.001
0.472	0.169	0.135	0.224
0.049	0.574	0.069	0.308
0.125	0.800	0.049	0.026
0.078	0.834	0.001	0.087
0.135	0.751	0.018	0.096
>NGGGGCGGGGNC	8-NGGGGCGGGGNC	7.697411	-64.372425	0	T:804.0(22.95%),B:7158.3(15.77%),P:1e-27	Tpos:327.6,Tstd:266.3,Bpos:229.8,Bstd:146.6,StrandBias:0.0,Multiplicity:1.72
0.213	0.179	0.298	0.310
0.200	0.108	0.462	0.230
0.218	0.048	0.672	0.062
0.007	0.028	0.960	0.005
0.015	0.001	0.977	0.007
0.006	0.878	0.001	0.115
0.001	0.001	0.997	0.001
0.030	0.005	0.939	0.026
0.149	0.055	0.623	0.173
0.089	0.058	0.651	0.202
0.332	0.280	0.188	0.200
0.128	0.407	0.243	0.222
>CTTTCATCTCKG	9-CTTTCATCTCKG	9.318323	-55.085924	0	T:176.0(5.02%),B:958.3(2.11%),P:1e-23	Tpos:295.4,Tstd:276.6,Bpos:225.2,Bstd:131.4,StrandBias:-0.1,Multiplicity:1.03
0.007	0.837	0.007	0.149
0.058	0.001	0.001	0.940
0.001	0.027	0.001	0.971
0.001	0.001	0.103	0.895
0.001	0.742	0.169	0.088
0.951	0.041	0.001	0.007
0.187	0.001	0.170	0.642
0.032	0.867	0.001	0.100
0.031	0.042	0.001	0.926
0.199	0.523	0.098	0.180
0.107	0.109	0.345	0.439
0.049	0.052	0.745	0.154
>CCGGAAATGACG	10-CCGGAAATGACG	8.655137	-53.496860	0	T:170.0(4.85%),B:923.3(2.03%),P:1e-23	Tpos:274.8,Tstd:219.1,Bpos:224.1,Bstd:140.6,StrandBias:0.1,Multiplicity:1.03
0.086	0.852	0.031	0.031
0.158	0.608	0.093	0.141
0.118	0.031	0.771	0.080
0.031	0.001	0.937	0.031
0.997	0.001	0.001	0.001
0.906	0.062	0.001	0.031
0.851	0.031	0.117	0.001
0.001	0.031	0.062	0.906
0.001	0.001	0.968	0.030
0.844	0.093	0.001	0.062
0.010	0.718	0.191	0.081
0.138	0.069	0.652	0.141
>GTGGTTTCCTGT	11-GTGGTTTCCTGT	9.310243	-53.349411	0	T:235.0(6.71%),B:1487.0(3.28%),P:1e-23	Tpos:263.5,Tstd:275.8,Bpos:232.6,Bstd:138.9,StrandBias:-0.6,Multiplicity:1.03
0.073	0.164	0.636	0.127
0.258	0.026	0.223	0.492
0.104	0.014	0.688	0.194
0.010	0.200	0.707	0.083
0.001	0.051	0.085	0.863
0.014	0.041	0.073	0.872
0.001	0.120	0.001	0.878
0.001	0.911	0.073	0.015
0.118	0.536	0.001	0.345
0.006	0.001	0.022	0.971
0.014	0.136	0.565	0.285
0.001	0.001	0.040	0.958
>NKGGGTGTGGDW	12-NKGGGTGTGGDW	8.311967	-51.325894	0	T:381.0(10.88%),B:2918.0(6.43%),P:1e-22	Tpos:297.4,Tstd:223.9,Bpos:228.8,Bstd:135.5,StrandBias:-0.1,Multiplicity:1.12
0.264	0.248	0.247	0.242
0.130	0.035	0.349	0.486
0.123	0.078	0.798	0.001
0.001	0.001	0.996	0.002
0.071	0.031	0.823	0.075
0.001	0.101	0.017	0.881
0.058	0.006	0.926	0.010
0.067	0.107	0.004	0.822
0.010	0.032	0.945	0.013
0.112	0.027	0.721	0.140
0.247	0.128	0.283	0.343
0.282	0.200	0.146	0.372
>TGAAACTAGTTT	13-TGAAACTAGTTT	9.662447	-32.365909	0	T:65.0(1.86%),B:272.0(0.60%),P:1e-14	Tpos:341.3,Tstd:331.6,Bpos:218.2,Bstd:142.7,StrandBias:-0.0,Multiplicity:1.05
0.018	0.018	0.071	0.893
0.036	0.019	0.813	0.132
0.855	0.036	0.060	0.049
0.854	0.098	0.047	0.001
0.832	0.054	0.078	0.036
0.038	0.806	0.085	0.071
0.072	0.086	0.041	0.801
0.811	0.036	0.031	0.122
0.033	0.088	0.819	0.060
0.132	0.036	0.036	0.796
0.036	0.045	0.099	0.820
0.018	0.010	0.067	0.905
>CCTGATTGGTTA	14-CCTGATTGGTTA	9.820790	-32.114037	0	T:72.0(2.06%),B:324.9(0.72%),P:1e-13	Tpos:267.3,Tstd:192.9,Bpos:236.0,Bstd:133.9,StrandBias:0.4,Multiplicity:1.03
0.001	0.618	0.051	0.330
0.001	0.845	0.046	0.108
0.001	0.001	0.001	0.997
0.093	0.046	0.768	0.093
0.953	0.045	0.001	0.001
0.001	0.046	0.067	0.886
0.001	0.001	0.173	0.825
0.092	0.001	0.906	0.001
0.001	0.081	0.826	0.092
0.001	0.267	0.138	0.594
0.001	0.156	0.001	0.842
0.821	0.001	0.177	0.001
>CATGTCAATCAA	15-CATGTCAATCAA	12.355432	-31.175092	0	T:8.0(0.23%),B:1.5(0.00%),P:1e-13	Tpos:253.6,Tstd:151.4,Bpos:265.7,Bstd:130.7,StrandBias:-0.7,Multiplicity:1.00
0.100	0.700	0.100	0.100
0.700	0.100	0.100	0.100
0.100	0.100	0.100	0.700
0.100	0.100	0.700	0.100
0.100	0.100	0.100	0.700
0.100	0.700	0.100	0.100
0.700	0.100	0.100	0.100
0.700	0.100	0.100	0.100
0.100	0.100	0.100	0.700
0.100	0.700	0.100	0.100
0.700	0.100	0.100	0.100
0.700	0.100	0.100	0.100
>AGCGATCTACAA	16-AGCGATCTACAA	12.355432	-31.175092	0	T:8.0(0.23%),B:0.0(0.00%),P:1e-13	Tpos:277.0,Tstd:104.6,Bpos:0.0,Bstd:0.0,StrandBias:-0.7,Multiplicity:1.00
0.700	0.100	0.100	0.100
0.100	0.100	0.700	0.100
0.100	0.700	0.100	0.100
0.100	0.100	0.700	0.100
0.700	0.100	0.100	0.100
0.100	0.100	0.100	0.700
0.100	0.700	0.100	0.100
0.100	0.100	0.100	0.700
0.700	0.100	0.100	0.100
0.100	0.700	0.100	0.100
0.700	0.100	0.100	0.100
0.700	0.100	0.100	0.100
>GGCGACATGGTG	17-GGCGACATGGTG	14.302951	-29.768082	0	T:9.0(0.26%),B:2.9(0.01%),P:1e-12	Tpos:237.9,Tstd:121.5,Bpos:348.5,Bstd:57.4,StrandBias:-1.0,Multiplicity:1.00
0.001	0.001	0.997	0.001
0.001	0.001	0.997	0.001
0.001	0.997	0.001	0.001
0.001	0.001	0.997	0.001
0.997	0.001	0.001	0.001
0.113	0.885	0.001	0.001
0.997	0.001	0.001	0.001
0.001	0.001	0.001	0.997
0.001	0.001	0.885	0.113
0.001	0.001	0.997	0.001
0.001	0.001	0.001	0.997
0.001	0.001	0.997	0.001
>GAACAAGGCACA	18-GAACAAGGCACA	14.259075	-29.671494	0	T:12.0(0.34%),B:6.1(0.01%),P:1e-12	Tpos:213.2,Tstd:109.5,Bpos:162.8,Bstd:109.4,StrandBias:-0.5,Multiplicity:1.00
0.096	0.096	0.807	0.001
0.997	0.001	0.001	0.001
0.997	0.001	0.001	0.001
0.001	0.997	0.001	0.001
0.997	0.001	0.001	0.001
0.997	0.001	0.001	0.001
0.001	0.001	0.997	0.001
0.001	0.001	0.997	0.001
0.001	0.997	0.001	0.001
0.997	0.001	0.001	0.001
0.001	0.997	0.001	0.001
0.997	0.001	0.001	0.001
>CCCCGTCCCRCT	19-CCCCGTCCCRCT	8.265647	-28.724926	0	T:70.0(2.00%),B:333.3(0.73%),P:1e-12	Tpos:284.2,Tstd:215.1,Bpos:242.2,Bstd:142.6,StrandBias:-0.2,Multiplicity:1.00
0.001	0.706	0.292	0.001
0.001	0.847	0.001	0.151
0.001	0.997	0.001	0.001
0.001	0.997	0.001	0.001
0.001	0.114	0.884	0.001
0.001	0.001	0.001	0.997
0.001	0.997	0.001	0.001
0.001	0.997	0.001	0.001
0.001	0.997	0.001	0.001
0.471	0.001	0.527	0.001
0.001	0.997	0.001	0.001
0.001	0.001	0.151	0.847
>CGGAAACGCCCT	20-CGGAAACGCCCT	10.409522	-24.293549	0	T:15.0(0.43%),B:18.3(0.04%),P:1e-10	Tpos:267.2,Tstd:181.7,Bpos:254.5,Bstd:116.7,StrandBias:-1.0,Multiplicity:1.00
0.100	0.700	0.100	0.100
0.100	0.100	0.700	0.100
0.100	0.100	0.700	0.100
0.700	0.100	0.100	0.100
0.700	0.100	0.100	0.100
0.700	0.100	0.100	0.100
0.100	0.700	0.100	0.100
0.100	0.100	0.700	0.100
0.100	0.700	0.100	0.100
0.100	0.700	0.100	0.100
0.100	0.700	0.100	0.100
0.100	0.100	0.100	0.700
>TCGGGTTGACTA	21-TCGGGTTGACTA	9.094290	-14.147527	0	T:11.0(0.31%),B:20.9(0.05%),P:1e-6	Tpos:242.7,Tstd:164.3,Bpos:205.3,Bstd:135.5,StrandBias:2.0,Multiplicity:2.00
0.183	0.001	0.001	0.815
0.001	0.793	0.205	0.001
0.001	0.001	0.997	0.001
0.001	0.001	0.997	0.001
0.055	0.001	0.943	0.001
0.250	0.001	0.022	0.727
0.001	0.001	0.001	0.997
0.001	0.001	0.997	0.001
0.997	0.001	0.001	0.001
0.001	0.997	0.001	0.001
0.001	0.001	0.001	0.997
0.997	0.001	0.001	0.001
>CGTGCTTTCCGT	22-CGTGCTTTCCGT	9.378902	-11.686428	0	T:7.0(0.20%),B:9.4(0.02%),P:1e-5	Tpos:143.8,Tstd:95.1,Bpos:275.4,Bstd:63.9,StrandBias:-1.4,Multiplicity:1.57
0.001	0.997	0.001	0.001
0.237	0.001	0.761	0.001
0.001	0.001	0.001	0.997
0.001	0.001	0.997	0.001
0.001	0.997	0.001	0.001
0.001	0.001	0.001	0.997
0.001	0.001	0.001	0.997
0.001	0.001	0.001	0.997
0.001	0.997	0.001	0.001
0.001	0.727	0.001	0.271
0.001	0.001	0.997	0.001
0.001	0.001	0.001	0.997
>TCAGCAGCTGGC	23-TCAGCAGCTGGC	11.600105	-11.093387	0	T:9.0(0.26%),B:18.3(0.04%),P:1e-4	Tpos:316.5,Tstd:239.9,Bpos:241.7,Bstd:140.7,StrandBias:2.3,Multiplicity:2.67
0.001	0.001	0.001	0.997
0.001	0.578	0.001	0.420
0.997	0.001	0.001	0.001
0.001	0.001	0.997	0.001
0.001	0.997	0.001	0.001
0.997	0.001	0.001	0.001
0.001	0.001	0.978	0.020
0.001	0.997	0.001	0.001
0.001	0.001	0.420	0.578
0.001	0.001	0.997	0.001
0.001	0.001	0.997	0.001
0.001	0.997	0.001	0.001
>TGCTAACAGTAC	24-TGCTAACAGTAC	14.302951	-9.216635	0	T:4.0(0.11%),B:3.3(0.01%),P:1e-4	Tpos:157.0,Tstd:141.8,Bpos:197.2,Bstd:41.8,StrandBias:1.8,Multiplicity:2.25
0.001	0.001	0.001	0.997
0.001	0.001	0.997	0.001
0.001	0.997	0.001	0.001
0.001	0.001	0.001	0.997
0.885	0.001	0.001	0.113
0.997	0.001	0.001	0.001
0.001	0.997	0.001	0.001
0.997	0.001	0.001	0.001
0.001	0.113	0.885	0.001
0.001	0.001	0.001	0.997
0.997	0.001	0.001	0.001
0.001	0.997	0.001	0.001
>TACTACTCAGCT	25-TACTACTCAGCT	12.355432	-2.600086	0	T:1.0(0.03%),B:0.9(0.00%),P:1e-1	Tpos:102.5,Tstd:49.5,Bpos:261.0,Bstd:0.0,StrandBias:10.0,Multiplicity:6.00
0.100	0.100	0.100	0.700
0.700	0.100	0.100	0.100
0.100	0.700	0.100	0.100
0.100	0.100	0.100	0.700
0.700	0.100	0.100	0.100
0.100	0.700	0.100	0.100
0.100	0.100	0.100	0.700
0.100	0.700	0.100	0.100
0.700	0.100	0.100	0.100
0.100	0.100	0.700	0.100
0.100	0.700	0.100	0.100
0.100	0.100	0.100	0.700
>AAACCACA	1-AAACCACA	6.856991	-189.528010	0	T:1062.0(30.32%),B:7738.6(17.05%),P:1e-82	Tpos:290.5,Tstd:249.1,Bpos:231.3,Bstd:137.2,StrandBias:0.0,Multiplicity:1.30
0.782	0.100	0.016	0.102
0.950	0.001	0.048	0.001
0.873	0.023	0.103	0.001
0.001	0.997	0.001	0.001
0.001	0.988	0.010	0.001
0.882	0.060	0.005	0.053
0.001	0.990	0.001	0.008
0.913	0.026	0.026	0.035
>ATGASTCA	2-ATGASTCA	8.162437	-167.748899	0	T:522.0(14.90%),B:2843.3(6.26%),P:1e-72	Tpos:270.8,Tstd:207.0,Bpos:233.6,Bstd:136.1,StrandBias:0.0,Multiplicity:1.12
0.714	0.001	0.284	0.001
0.001	0.001	0.001	0.997
0.001	0.001	0.997	0.001
0.997	0.001	0.001	0.001
0.001	0.494	0.504	0.001
0.001	0.001	0.001	0.997
0.154	0.844	0.001	0.001
0.997	0.001	0.001	0.001
>AGGAAGTG	3-AGGAAGTG	8.239930	-129.080217	0	T:637.0(18.18%),B:4297.7(9.47%),P:1e-56	Tpos:292.2,Tstd:242.8,Bpos:231.5,Bstd:136.0,StrandBias:-0.1,Multiplicity:1.14
0.997	0.001	0.001	0.001
0.001	0.001	0.997	0.001
0.001	0.001	0.997	0.001
0.997	0.001	0.001	0.001
0.997	0.001	0.001	0.001
0.214	0.001	0.784	0.001
0.001	0.085	0.001	0.913
0.082	0.001	0.916	0.001
>TTTCGGTT	4-TTTCGGTT	6.292804	-98.324197	0	T:1055.0(30.12%),B:9202.7(20.27%),P:1e-42	Tpos:298.5,Tstd:277.8,Bpos:230.6,Bstd:144.1,StrandBias:-0.1,Multiplicity:1.30
0.001	0.017	0.014	0.968
0.001	0.053	0.013	0.933
0.001	0.180	0.022	0.797
0.001	0.950	0.001	0.048
0.223	0.027	0.673	0.077
0.010	0.056	0.863	0.071
0.001	0.001	0.001	0.997
0.021	0.001	0.009	0.969
>ACCSGAAG	5-ACCSGAAG	6.346532	-94.122884	0	T:784.0(22.38%),B:6322.6(13.93%),P:1e-40	Tpos:295.4,Tstd:266.5,Bpos:224.7,Bstd:143.1,StrandBias:-0.0,Multiplicity:1.15
0.781	0.001	0.001	0.217
0.167	0.524	0.308	0.001
0.260	0.738	0.001	0.001
0.001	0.529	0.469	0.001
0.001	0.001	0.907	0.091
0.594	0.001	0.001	0.404
0.606	0.001	0.001	0.392
0.001	0.001	0.707	0.291
>GCCACGTC	6-GCCACGTC	3.631263	-81.779338	0	T:764.0(21.81%),B:6343.5(13.97%),P:1e-35	Tpos:305.9,Tstd:258.9,Bpos:231.1,Bstd:140.1,StrandBias:-0.0,Multiplicity:1.21
0.251	0.001	0.747	0.001
0.001	0.997	0.001	0.001
0.001	0.997	0.001	0.001
0.997	0.001	0.001	0.001
0.001	0.997	0.001	0.001
0.263	0.001	0.735	0.001
0.001	0.215	0.001	0.783
0.001	0.997	0.001	0.001
>STTCAACG	7-STTCAACG	5.192963	-69.218646	0	T:534.0(15.24%),B:4160.6(9.17%),P:1e-30	Tpos:283.3,Tstd:256.0,Bpos:233.6,Bstd:141.3,StrandBias:0.3,Multiplicity:1.13
0.001	0.420	0.340	0.239
0.001	0.001	0.001	0.997
0.001	0.001	0.001	0.997
0.384	0.614	0.001	0.001
0.997	0.001	0.001	0.001
0.997	0.001	0.001	0.001
0.019	0.979	0.001	0.001
0.001	0.001	0.997	0.001
>TCTGAAAC	8-TCTGAAAC	7.092321	-62.411136	0	T:758.0(21.64%),B:6694.3(14.75%),P:1e-27	Tpos:302.7,Tstd:255.7,Bpos:230.8,Bstd:139.3,StrandBias:-0.0,Multiplicity:1.15
0.054	0.001	0.043	0.902
0.032	0.779	0.127	0.062
0.001	0.094	0.032	0.873
0.001	0.024	0.974	0.001
0.952	0.046	0.001	0.001
0.934	0.064	0.001	0.001
0.775	0.001	0.200	0.024
0.001	0.935	0.063	0.001
>TTTGATCT	9-TTTGATCT	7.089345	-59.742407	0	T:218.0(6.22%),B:1267.6(2.79%),P:1e-25	Tpos:264.8,Tstd:218.6,Bpos:231.8,Bstd:137.5,StrandBias:-0.0,Multiplicity:1.04
0.001	0.001	0.001	0.997
0.001	0.001	0.001	0.997
0.001	0.001	0.001	0.997
0.001	0.001	0.997	0.001
0.997	0.001	0.001	0.001
0.001	0.001	0.001	0.997
0.001	0.690	0.308	0.001
0.001	0.001	0.027	0.971
>CAGGAAAC	10-CAGGAAAC	8.168489	-54.201770	0	T:364.0(10.39%),B:2700.9(5.95%),P:1e-23	Tpos:300.6,Tstd:266.7,Bpos:229.4,Bstd:136.9,StrandBias:0.4,Multiplicity:1.05
0.001	0.997	0.001	0.001
0.929	0.069	0.001	0.001
0.001	0.001	0.900	0.098
0.001	0.001	0.997	0.001
0.880	0.118	0.001	0.001
0.997	0.001	0.001	0.001
0.997	0.001	0.001	0.001
0.001	0.997	0.001	0.001
>CCGCCCTT	11-CCGCCCTT	6.423891	-53.190839	0	T:876.0(25.01%),B:8261.5(18.20%),P:1e-23	Tpos:332.0,Tstd:277.4,Bpos:230.8,Bstd:150.2,StrandBias:-0.1,Multiplicity:1.74
0.013	0.964	0.022	0.001
0.075	0.906	0.018	0.001
0.001	0.031	0.967	0.001
0.016	0.926	0.057	0.001
0.030	0.933	0.009	0.028
0.001	0.967	0.031	0.001
0.086	0.197	0.014	0.703
0.021	0.155	0.106	0.718
>ACGCAAAT	12-ACGCAAAT	7.489267	-46.561794	0	T:185.0(5.28%),B:1120.8(2.47%),P:1e-20	Tpos:295.9,Tstd:267.8,Bpos:227.7,Bstd:136.9,StrandBias:0.0,Multiplicity:1.07
0.590	0.001	0.408	0.001
0.001	0.788	0.001	0.210
0.001	0.001	0.997	0.001
0.001	0.827	0.171	0.001
0.590	0.001	0.407	0.002
0.872	0.126	0.001	0.001
0.758	0.182	0.001	0.059
0.001	0.115	0.001	0.883
>GCTACACC	13-GCTACACC	7.156188	-43.197821	0	T:294.0(8.39%),B:2188.4(4.82%),P:1e-18	Tpos:306.3,Tstd:265.4,Bpos:226.0,Bstd:143.3,StrandBias:0.3,Multiplicity:1.05
0.001	0.001	0.997	0.001
0.001	0.651	0.347	0.001
0.001	0.001	0.001	0.997
0.906	0.092	0.001	0.001
0.001	0.997	0.001	0.001
0.752	0.001	0.246	0.001
0.001	0.997	0.001	0.001
0.001	0.742	0.256	0.001
>TAGAGGGC	14-TAGAGGGC	8.251738	-42.083577	0	T:313.0(8.94%),B:2396.8(5.28%),P:1e-18	Tpos:299.8,Tstd:285.5,Bpos:229.7,Bstd:141.3,StrandBias:0.1,Multiplicity:1.06
0.142	0.001	0.001	0.856
0.997	0.001	0.001	0.001
0.110	0.001	0.888	0.001
0.898	0.100	0.001	0.001
0.001	0.001	0.997	0.001
0.001	0.088	0.779	0.132
0.001	0.001	0.997	0.001
0.001	0.997	0.001	0.001
>TCTAGTGG	15-TCTAGTGG	7.919951	-41.011937	0	T:204.0(5.82%),B:1358.0(2.99%),P:1e-17	Tpos:271.5,Tstd:194.6,Bpos:232.3,Bstd:137.3,StrandBias:-0.1,Multiplicity:1.03
0.001	0.115	0.001	0.883
0.334	0.664	0.001	0.001
0.001	0.001	0.001	0.997
0.997	0.001	0.001	0.001
0.001	0.001	0.997	0.001
0.001	0.256	0.001	0.742
0.001	0.248	0.750	0.001
0.001	0.001	0.997	0.001
>TGTGGTAA	16-TGTGGTAA	8.582092	-40.986785	0	T:230.0(6.57%),B:1602.2(3.53%),P:1e-17	Tpos:267.4,Tstd:209.3,Bpos:236.5,Bstd:137.5,StrandBias:0.2,Multiplicity:1.06
0.001	0.159	0.001	0.839
0.001	0.001	0.997	0.001
0.001	0.001	0.001	0.997
0.001	0.268	0.730	0.001
0.001	0.001	0.997	0.001
0.001	0.001	0.001	0.997
0.712	0.286	0.001	0.001
0.997	0.001	0.001	0.001
>AACGCGCC	17-AACGCGCC	6.625717	-40.250915	0	T:373.0(10.65%),B:3044.8(6.71%),P:1e-17	Tpos:328.0,Tstd:257.4,Bpos:236.9,Bstd:162.6,StrandBias:0.1,Multiplicity:1.24
0.936	0.046	0.001	0.017
0.760	0.035	0.158	0.047
0.058	0.911	0.001	0.030
0.074	0.113	0.812	0.001
0.001	0.981	0.001	0.017
0.001	0.145	0.853	0.001
0.001	0.905	0.052	0.042
0.026	0.877	0.020	0.077
>CGATTGGC	18-CGATTGGC	6.373987	-34.875617	0	T:489.0(13.96%),B:4413.3(9.72%),P:1e-15	Tpos:280.4,Tstd:203.6,Bpos:233.7,Bstd:137.7,StrandBias:0.2,Multiplicity:1.22
0.042	0.756	0.081	0.121
0.044	0.244	0.711	0.001
0.975	0.001	0.001	0.023
0.001	0.039	0.001	0.959
0.031	0.001	0.001	0.967
0.001	0.001	0.997	0.001
0.016	0.045	0.938	0.001
0.021	0.840	0.016	0.123
>TCTGCGGT	19-TCTGCGGT	8.434646	-33.679410	0	T:137.0(3.91%),B:842.6(1.86%),P:1e-14	Tpos:275.9,Tstd:225.5,Bpos:227.5,Bstd:148.4,StrandBias:-0.2,Multiplicity:1.04
0.161	0.001	0.001	0.837
0.001	0.852	0.146	0.001
0.001	0.001	0.100	0.898
0.001	0.001	0.997	0.001
0.001	0.997	0.001	0.001
0.001	0.001	0.997	0.001
0.001	0.001	0.997	0.001
0.001	0.001	0.001	0.997
>GGAATTTC	20-GGAATTTC	8.150179	-26.153153	0	T:306.0(8.74%),B:2649.8(5.84%),P:1e-11	Tpos:308.9,Tstd:248.3,Bpos:235.7,Bstd:135.0,StrandBias:0.1,Multiplicity:1.04
0.001	0.075	0.923	0.001
0.162	0.016	0.821	0.001
0.960	0.001	0.035	0.004
0.542	0.259	0.161	0.038
0.302	0.001	0.001	0.696
0.001	0.001	0.001	0.997
0.001	0.016	0.001	0.982
0.001	0.997	0.001	0.001
>TTATCTGG	21-TTATCTGG	8.208890	-23.654127	0	T:210.0(5.99%),B:1698.2(3.74%),P:1e-10	Tpos:296.1,Tstd:313.4,Bpos:228.4,Bstd:133.2,StrandBias:-0.1,Multiplicity:1.07
0.001	0.184	0.001	0.814
0.001	0.001	0.001	0.997
0.997	0.001	0.001	0.001
0.001	0.001	0.001	0.997
0.001	0.997	0.001	0.001
0.001	0.001	0.001	0.997
0.118	0.081	0.800	0.001
0.001	0.135	0.863	0.001
