Factor1: 1.1761075752931998
Factor2: 0.8502623578040498
