>GCCMYCTRGTGG	1-GCCMYCTRGTGG	9.915725	-329.161546	0	T:316.0(9.18%),B:653.3(1.46%),P:1e-142	Tpos:251.8,Tstd:193.8,Bpos:233.8,Bstd:131.8,StrandBias:0.2,Multiplicity:1.02
0.052	0.001	0.882	0.065
0.125	0.827	0.014	0.034
0.001	0.997	0.001	0.001
0.504	0.494	0.001	0.001
0.001	0.539	0.001	0.459
0.001	0.955	0.001	0.043
0.023	0.001	0.001	0.975
0.407	0.001	0.442	0.149
0.001	0.311	0.615	0.073
0.057	0.001	0.001	0.941
0.001	0.001	0.997	0.001
0.001	0.001	0.956	0.042
>NVCACTTCCTGY	2-NVCACTTCCTGY	8.753878	-195.933740	0	T:542.0(15.74%),B:2781.2(6.23%),P:1e-85	Tpos:276.7,Tstd:217.1,Bpos:233.3,Bstd:134.2,StrandBias:-0.1,Multiplicity:1.16
0.246	0.227	0.222	0.305
0.247	0.342	0.228	0.183
0.117	0.684	0.047	0.152
0.828	0.100	0.034	0.038
0.001	0.793	0.001	0.205
0.031	0.007	0.001	0.961
0.001	0.028	0.036	0.935
0.001	0.967	0.001	0.031
0.001	0.997	0.001	0.001
0.001	0.001	0.001	0.997
0.001	0.198	0.682	0.119
0.014	0.444	0.080	0.461
>ACCGGAAGTGGT	3-ACCGGAAGTGGT	7.058853	-115.550324	0	T:515.0(14.96%),B:3317.5(7.43%),P:1e-50	Tpos:305.8,Tstd:262.4,Bpos:225.4,Bstd:143.3,StrandBias:0.0,Multiplicity:1.07
0.750	0.115	0.064	0.071
0.133	0.764	0.059	0.044
0.158	0.714	0.065	0.063
0.081	0.082	0.780	0.057
0.060	0.080	0.800	0.060
0.696	0.109	0.094	0.101
0.785	0.022	0.066	0.127
0.120	0.080	0.735	0.065
0.101	0.053	0.101	0.745
0.091	0.051	0.787	0.071
0.057	0.109	0.727	0.107
0.049	0.124	0.110	0.717
>TGAGTCASMRNC	4-TGAGTCASMRNC	8.931219	-97.827042	0	T:300.0(8.71%),B:1602.8(3.59%),P:1e-42	Tpos:273.4,Tstd:216.6,Bpos:233.4,Bstd:131.3,StrandBias:0.1,Multiplicity:1.39
0.001	0.001	0.001	0.997
0.001	0.001	0.997	0.001
0.997	0.001	0.001	0.001
0.001	0.341	0.657	0.001
0.001	0.001	0.001	0.997
0.001	0.997	0.001	0.001
0.997	0.001	0.001	0.001
0.001	0.439	0.325	0.235
0.353	0.478	0.001	0.168
0.359	0.187	0.340	0.114
0.184	0.268	0.260	0.288
0.141	0.492	0.083	0.284
>CACGCCCCGCCC	5-CACGCCCCGCCC	9.091576	-72.822145	0	T:455.0(13.22%),B:3313.0(7.42%),P:1e-31	Tpos:350.9,Tstd:293.6,Bpos:234.1,Bstd:152.6,StrandBias:-0.1,Multiplicity:1.33
0.051	0.779	0.125	0.045
0.715	0.137	0.042	0.106
0.105	0.707	0.103	0.085
0.079	0.051	0.809	0.061
0.039	0.899	0.022	0.040
0.044	0.860	0.054	0.042
0.040	0.926	0.015	0.019
0.047	0.897	0.016	0.040
0.034	0.063	0.753	0.150
0.032	0.917	0.025	0.026
0.047	0.835	0.060	0.058
0.030	0.909	0.002	0.059
>ATTGGCTCCGCC	6-ATTGGCTCCGCC	8.761281	-52.088296	0	T:165.0(4.79%),B:896.4(2.01%),P:1e-22	Tpos:306.1,Tstd:226.2,Bpos:235.7,Bstd:149.0,StrandBias:-0.1,Multiplicity:1.09
0.706	0.091	0.083	0.120
0.072	0.089	0.071	0.768
0.112	0.026	0.047	0.815
0.059	0.001	0.920	0.020
0.020	0.076	0.830	0.074
0.020	0.905	0.020	0.055
0.050	0.139	0.038	0.773
0.020	0.873	0.087	0.020
0.131	0.752	0.030	0.087
0.077	0.072	0.799	0.052
0.059	0.906	0.015	0.020
0.001	0.959	0.001	0.039
>GCCAATCAGAGC	7-GCCAATCAGAGC	9.889525	-51.054246	0	T:118.0(3.43%),B:535.4(1.20%),P:1e-22	Tpos:296.8,Tstd:231.8,Bpos:221.2,Bstd:148.1,StrandBias:-0.0,Multiplicity:1.04
0.144	0.081	0.742	0.033
0.001	0.997	0.001	0.001
0.001	0.997	0.001	0.001
0.817	0.181	0.001	0.001
0.795	0.069	0.001	0.135
0.001	0.001	0.019	0.979
0.001	0.890	0.108	0.001
0.865	0.001	0.133	0.001
0.175	0.081	0.743	0.001
0.647	0.096	0.224	0.033
0.117	0.001	0.881	0.001
0.050	0.609	0.165	0.176
>CGGCTTCCTGTT	8-CGGCTTCCTGTT	9.280165	-47.498503	0	T:187.0(5.43%),B:1129.5(2.53%),P:1e-20	Tpos:279.6,Tstd:205.7,Bpos:236.9,Bstd:141.7,StrandBias:-0.3,Multiplicity:1.02
0.141	0.612	0.136	0.111
0.104	0.084	0.751	0.061
0.027	0.067	0.842	0.064
0.058	0.787	0.061	0.094
0.066	0.058	0.001	0.875
0.054	0.001	0.027	0.918
0.054	0.911	0.001	0.034
0.001	0.925	0.027	0.047
0.056	0.044	0.027	0.873
0.001	0.116	0.834	0.049
0.037	0.051	0.083	0.829
0.067	0.049	0.052	0.832
>GGGGAAACCACA	9-GGGGAAACCACA	9.231380	-43.963323	0	T:149.0(4.33%),B:839.6(1.88%),P:1e-19	Tpos:316.8,Tstd:291.6,Bpos:232.1,Bstd:132.6,StrandBias:0.1,Multiplicity:1.03
0.077	0.031	0.801	0.091
0.099	0.056	0.779	0.066
0.049	0.040	0.869	0.042
0.033	0.058	0.823	0.086
0.895	0.028	0.064	0.013
0.856	0.021	0.051	0.072
0.825	0.052	0.057	0.066
0.077	0.826	0.061	0.036
0.031	0.940	0.019	0.010
0.797	0.101	0.056	0.046
0.068	0.789	0.075	0.068
0.805	0.115	0.025	0.055
>BATDCAAADRAR	10-BATDCAAADRAR	8.195984	-43.158835	0	T:35.0(1.02%),B:60.2(0.13%),P:1e-18	Tpos:257.5,Tstd:193.1,Bpos:217.8,Bstd:144.4,StrandBias:0.2,Multiplicity:1.03
0.001	0.400	0.281	0.318
0.521	0.289	0.001	0.189
0.327	0.048	0.121	0.504
0.258	0.001	0.399	0.342
0.225	0.518	0.001	0.256
0.850	0.117	0.032	0.001
0.701	0.167	0.001	0.131
0.597	0.138	0.114	0.151
0.313	0.001	0.291	0.395
0.309	0.230	0.380	0.082
0.682	0.001	0.137	0.180
0.319	0.117	0.453	0.111
>RVSGCGTGTTNN	11-RVSGCGTGTTNN	5.128985	-41.331707	0	T:554.0(16.09%),B:4969.2(11.12%),P:1e-17	Tpos:332.0,Tstd:279.6,Bpos:229.0,Bstd:160.3,StrandBias:-0.1,Multiplicity:1.18
0.250	0.192	0.365	0.193
0.348	0.249	0.230	0.173
0.116	0.440	0.387	0.058
0.154	0.077	0.577	0.192
0.077	0.787	0.058	0.078
0.135	0.039	0.749	0.077
0.096	0.287	0.116	0.501
0.230	0.020	0.558	0.192
0.249	0.058	0.020	0.673
0.249	0.077	0.096	0.578
0.268	0.214	0.211	0.307
0.250	0.192	0.288	0.270
>ACAACGTGGCGA	12-ACAACGTGGCGA	14.146584	-35.948886	0	T:9.0(0.26%),B:1.3(0.00%),P:1e-15	Tpos:244.1,Tstd:137.0,Bpos:203.0,Bstd:0.0,StrandBias:-1.8,Multiplicity:1.00
0.868	0.001	0.001	0.130
0.001	0.997	0.001	0.001
0.868	0.001	0.130	0.001
0.997	0.001	0.001	0.001
0.001	0.997	0.001	0.001
0.001	0.130	0.868	0.001
0.001	0.001	0.001	0.997
0.001	0.001	0.997	0.001
0.001	0.001	0.997	0.001
0.001	0.868	0.130	0.001
0.001	0.001	0.997	0.001
0.997	0.001	0.001	0.001
>GTTTCCATTACG	13-GTTTCCATTACG	10.250082	-33.233022	0	T:47.0(1.37%),B:150.9(0.34%),P:1e-14	Tpos:285.4,Tstd:283.7,Bpos:229.3,Bstd:136.7,StrandBias:0.5,Multiplicity:1.02
0.013	0.160	0.761	0.066
0.044	0.052	0.022	0.882
0.022	0.001	0.022	0.955
0.001	0.001	0.043	0.955
0.001	0.913	0.043	0.043
0.022	0.934	0.022	0.022
0.798	0.060	0.022	0.120
0.001	0.022	0.043	0.934
0.022	0.082	0.161	0.735
0.801	0.073	0.044	0.082
0.109	0.670	0.099	0.122
0.114	0.094	0.667	0.125
>KHTTCGCGCGNN	14-KHTTCGCGCGNN	4.797202	-30.991614	0	T:569.0(16.53%),B:5428.7(12.15%),P:1e-13	Tpos:373.4,Tstd:305.5,Bpos:232.4,Bstd:170.5,StrandBias:0.1,Multiplicity:1.44
0.216	0.131	0.284	0.369
0.227	0.231	0.183	0.359
0.233	0.079	0.061	0.627
0.257	0.138	0.035	0.570
0.146	0.612	0.148	0.094
0.096	0.114	0.650	0.140
0.174	0.540	0.081	0.205
0.164	0.166	0.492	0.179
0.079	0.746	0.061	0.114
0.157	0.096	0.633	0.114
0.222	0.292	0.244	0.242
0.184	0.271	0.275	0.270
>CTGCGCATGCGC	15-CTGCGCATGCGC	10.974985	-30.309597	0	T:96.0(2.79%),B:527.1(1.18%),P:1e-13	Tpos:349.9,Tstd:213.3,Bpos:236.9,Bstd:155.9,StrandBias:0.2,Multiplicity:1.12
0.113	0.503	0.063	0.321
0.001	0.008	0.017	0.974
0.130	0.074	0.795	0.001
0.003	0.995	0.001	0.001
0.001	0.001	0.921	0.077
0.001	0.765	0.160	0.074
0.564	0.343	0.015	0.078
0.001	0.081	0.099	0.819
0.001	0.001	0.997	0.001
0.001	0.926	0.001	0.072
0.001	0.001	0.997	0.001
0.001	0.965	0.001	0.033
>GCTGAAAGATTG	16-GCTGAAAGATTG	14.302951	-27.164156	0	T:10.0(0.29%),B:4.7(0.01%),P:1e-11	Tpos:275.3,Tstd:119.5,Bpos:229.2,Bstd:123.3,StrandBias:-0.6,Multiplicity:1.00
0.113	0.001	0.885	0.001
0.001	0.997	0.001	0.001
0.001	0.001	0.001	0.997
0.001	0.001	0.997	0.001
0.997	0.001	0.001	0.001
0.997	0.001	0.001	0.001
0.885	0.001	0.001	0.113
0.001	0.001	0.997	0.001
0.997	0.001	0.001	0.001
0.001	0.001	0.001	0.997
0.001	0.001	0.001	0.997
0.001	0.001	0.997	0.001
>GGTGACTCTCAG	17-GGTGACTCTCAG	14.038532	-22.027801	0	T:6.0(0.17%),B:1.9(0.00%),P:1e-9	Tpos:182.4,Tstd:144.7,Bpos:185.6,Bstd:118.9,StrandBias:0.8,Multiplicity:1.83
0.001	0.077	0.921	0.001
0.001	0.001	0.997	0.001
0.001	0.001	0.001	0.997
0.001	0.001	0.997	0.001
0.997	0.001	0.001	0.001
0.001	0.997	0.001	0.001
0.001	0.001	0.001	0.997
0.001	0.997	0.001	0.001
0.001	0.001	0.001	0.997
0.001	0.997	0.001	0.001
0.997	0.001	0.001	0.001
0.001	0.001	0.997	0.001
>ACAGCTGTGAGC	18-ACAGCTGTGAGC	8.749486	-19.334359	0	T:266.0(7.73%),B:2396.3(5.36%),P:1e-8	Tpos:284.5,Tstd:240.0,Bpos:236.1,Bstd:129.8,StrandBias:0.3,Multiplicity:1.05
0.495	0.228	0.038	0.239
0.154	0.778	0.045	0.023
0.580	0.017	0.001	0.402
0.001	0.021	0.977	0.001
0.008	0.939	0.031	0.022
0.027	0.001	0.001	0.971
0.001	0.114	0.728	0.157
0.112	0.097	0.201	0.590
0.057	0.157	0.711	0.075
0.766	0.001	0.130	0.103
0.021	0.030	0.923	0.026
0.163	0.704	0.063	0.070
>CCCTGAACACAG	19-CCCTGAACACAG	14.014392	-12.633856	0	T:6.0(0.17%),B:5.5(0.01%),P:1e-5	Tpos:172.8,Tstd:134.1,Bpos:282.1,Bstd:102.9,StrandBias:10.0,Multiplicity:2.17
0.001	0.842	0.001	0.156
0.001	0.997	0.001	0.001
0.001	0.909	0.089	0.001
0.001	0.001	0.001	0.997
0.001	0.001	0.997	0.001
0.997	0.001	0.001	0.001
0.997	0.001	0.001	0.001
0.001	0.997	0.001	0.001
0.997	0.001	0.001	0.001
0.001	0.997	0.001	0.001
0.997	0.001	0.001	0.001
0.001	0.001	0.997	0.001
>GGACAGCTGTGA	20-GGACAGCTGTGA	-4.114775	-10.092796	0	T:624.0(18.12%),B:6981.9(15.63%),P:1e-4	Tpos:316.6,Tstd:263.2,Bpos:234.6,Bstd:138.0,StrandBias:0.3,Multiplicity:1.15
0.001	0.001	0.997	0.001
0.001	0.001	0.997	0.001
0.997	0.001	0.001	0.001
0.001	0.997	0.001	0.001
0.997	0.001	0.001	0.001
0.001	0.001	0.997	0.001
0.001	0.997	0.001	0.001
0.001	0.001	0.116	0.882
0.001	0.001	0.997	0.001
0.001	0.001	0.001	0.997
0.001	0.001	0.997	0.001
0.997	0.001	0.001	0.001
>CTGTAGCACTGC	21-CTGTAGCACTGC	13.408299	-9.221578	0	T:4.0(0.12%),B:3.9(0.01%),P:1e-4	Tpos:356.1,Tstd:185.6,Bpos:205.6,Bstd:163.0,StrandBias:3.3,Multiplicity:5.50
0.001	0.997	0.001	0.001
0.001	0.001	0.001	0.997
0.001	0.001	0.997	0.001
0.041	0.001	0.001	0.957
0.997	0.001	0.001	0.001
0.001	0.001	0.997	0.001
0.001	0.997	0.001	0.001
0.997	0.001	0.001	0.001
0.001	0.997	0.001	0.001
0.001	0.001	0.001	0.997
0.001	0.001	0.997	0.001
0.001	0.997	0.001	0.001
>TCAGCAGCTGGC	22-TCAGCAGCTGGC	6.330473	-8.167751	0	T:98.0(2.85%),B:880.0(1.97%),P:1e-3	Tpos:273.8,Tstd:187.3,Bpos:227.7,Bstd:135.2,StrandBias:0.3,Multiplicity:1.17
0.001	0.001	0.001	0.997
0.001	0.997	0.001	0.001
0.956	0.001	0.001	0.042
0.001	0.001	0.997	0.001
0.001	0.997	0.001	0.001
0.997	0.001	0.001	0.001
0.001	0.001	0.890	0.108
0.001	0.997	0.001	0.001
0.001	0.001	0.001	0.997
0.001	0.001	0.997	0.001
0.081	0.001	0.917	0.001
0.001	0.997	0.001	0.001
>ATGAAGCAGGGT	23-ATGAAGCAGGGT	9.694726	-6.075473	0	T:4.0(0.12%),B:7.7(0.02%),P:1e-2	Tpos:519.4,Tstd:227.9,Bpos:230.4,Bstd:109.9,StrandBias:-1.2,Multiplicity:2.50
0.997	0.001	0.001	0.001
0.001	0.001	0.001	0.997
0.001	0.001	0.997	0.001
0.997	0.001	0.001	0.001
0.997	0.001	0.001	0.001
0.001	0.001	0.997	0.001
0.001	0.997	0.001	0.001
0.870	0.001	0.128	0.001
0.001	0.001	0.997	0.001
0.001	0.001	0.997	0.001
0.001	0.001	0.997	0.001
0.001	0.001	0.001	0.997
>ACACCATCTGTA	24-ACACCATCTGTA	12.355432	-4.535278	0	T:2.0(0.06%),B:2.4(0.01%),P:1e-1	Tpos:97.3,Tstd:48.6,Bpos:269.7,Bstd:79.8,StrandBias:10.0,Multiplicity:4.50
0.700	0.100	0.100	0.100
0.100	0.700	0.100	0.100
0.700	0.100	0.100	0.100
0.100	0.700	0.100	0.100
0.100	0.700	0.100	0.100
0.700	0.100	0.100	0.100
0.100	0.100	0.100	0.700
0.100	0.700	0.100	0.100
0.100	0.100	0.100	0.700
0.100	0.100	0.700	0.100
0.100	0.100	0.100	0.700
0.700	0.100	0.100	0.100
>CACTGTGAGGAT	25-CACTGTGAGGAT	16.520186	-2.601325	0	T:1.0(0.03%),B:1.2(0.00%),P:1e-1	Tpos:159.7,Tstd:90.6,Bpos:124.6,Bstd:21.4,StrandBias:10.0,Multiplicity:9.00
0.001	0.997	0.001	0.001
0.997	0.001	0.001	0.001
0.001	0.997	0.001	0.001
0.001	0.001	0.001	0.997
0.001	0.001	0.997	0.001
0.001	0.001	0.001	0.997
0.001	0.001	0.997	0.001
0.997	0.001	0.001	0.001
0.077	0.001	0.921	0.001
0.001	0.001	0.997	0.001
0.997	0.001	0.001	0.001
0.001	0.001	0.001	0.997
