>SAYTTCCKKY	1-SAYTTCCKKY	6.366623	-253.707261	0	T:1250.0(36.31%),B:8877.2(19.87%),P:1e-110	Tpos:287.7,Tstd:231.5,Bpos:234.5,Bstd:144.5,StrandBias:-0.0,Multiplicity:1.33
0.189	0.370	0.241	0.200
0.533	0.126	0.340	0.001
0.001	0.498	0.054	0.447
0.230	0.016	0.083	0.671
0.092	0.094	0.034	0.780
0.064	0.844	0.091	0.001
0.013	0.816	0.138	0.033
0.001	0.127	0.485	0.387
0.032	0.256	0.413	0.299
0.107	0.317	0.117	0.459
>CCMCCTAGTG	2-CCMCCTAGTG	5.471077	-166.697529	0	T:337.0(9.79%),B:1397.9(3.13%),P:1e-72	Tpos:269.6,Tstd:204.7,Bpos:238.2,Bstd:131.9,StrandBias:-0.0,Multiplicity:1.06
0.001	0.997	0.001	0.001
0.001	0.997	0.001	0.001
0.559	0.439	0.001	0.001
0.001	0.595	0.001	0.403
0.001	0.997	0.001	0.001
0.001	0.001	0.001	0.997
0.800	0.001	0.198	0.001
0.001	0.304	0.694	0.001
0.001	0.001	0.001	0.997
0.001	0.001	0.997	0.001
>NRCYCCGCCC	3-NRCYCCGCCC	5.886420	-95.800777	0	T:919.0(26.69%),B:7764.7(17.38%),P:1e-41	Tpos:351.3,Tstd:281.8,Bpos:234.3,Bstd:153.2,StrandBias:-0.0,Multiplicity:1.83
0.250	0.298	0.255	0.197
0.327	0.028	0.420	0.226
0.219	0.424	0.129	0.228
0.025	0.504	0.025	0.446
0.295	0.637	0.033	0.035
0.226	0.608	0.026	0.140
0.222	0.019	0.493	0.266
0.026	0.729	0.026	0.219
0.173	0.551	0.034	0.242
0.243	0.483	0.028	0.246
>TGASTCABMV	4-TGASTCABMV	7.790708	-94.484917	0	T:419.0(12.17%),B:2678.8(6.00%),P:1e-41	Tpos:272.3,Tstd:219.0,Bpos:232.6,Bstd:134.3,StrandBias:0.1,Multiplicity:1.13
0.125	0.001	0.001	0.873
0.001	0.020	0.897	0.082
0.997	0.001	0.001	0.001
0.088	0.473	0.410	0.030
0.001	0.001	0.001	0.997
0.007	0.991	0.001	0.001
0.997	0.001	0.001	0.001
0.022	0.314	0.289	0.375
0.412	0.362	0.077	0.149
0.244	0.341	0.251	0.164
>TTGCGGTTTA	5-TTGCGGTTTA	4.753692	-69.863049	0	T:1528.0(44.38%),B:15565.0(34.84%),P:1e-30	Tpos:309.6,Tstd:274.0,Bpos:231.7,Bstd:146.3,StrandBias:-0.0,Multiplicity:1.44
0.105	0.137	0.107	0.651
0.077	0.102	0.110	0.711
0.101	0.115	0.663	0.121
0.084	0.711	0.089	0.116
0.087	0.108	0.722	0.083
0.083	0.117	0.707	0.093
0.095	0.093	0.104	0.708
0.069	0.092	0.068	0.771
0.094	0.094	0.099	0.713
0.644	0.128	0.114	0.114
>AGCCAATCAG	6-AGCCAATCAG	8.387228	-66.034810	0	T:241.0(7.00%),B:1403.2(3.14%),P:1e-28	Tpos:305.5,Tstd:211.7,Bpos:227.7,Bstd:151.5,StrandBias:0.0,Multiplicity:1.18
0.589	0.144	0.155	0.112
0.315	0.001	0.617	0.067
0.001	0.997	0.001	0.001
0.001	0.829	0.169	0.001
0.951	0.047	0.001	0.001
0.997	0.001	0.001	0.001
0.001	0.042	0.001	0.956
0.001	0.920	0.078	0.001
0.705	0.141	0.133	0.021
0.129	0.180	0.661	0.030
>TTTCAAACGC	7-TTTCAAACGC	6.434045	-56.386535	0	T:736.0(21.38%),B:6608.0(14.79%),P:1e-24	Tpos:283.2,Tstd:253.9,Bpos:233.1,Bstd:145.9,StrandBias:0.1,Multiplicity:1.13
0.054	0.059	0.040	0.847
0.067	0.069	0.071	0.793
0.101	0.041	0.048	0.810
0.051	0.790	0.071	0.088
0.794	0.115	0.027	0.064
0.728	0.077	0.095	0.100
0.866	0.044	0.020	0.070
0.071	0.821	0.078	0.030
0.087	0.076	0.783	0.054
0.085	0.774	0.073	0.068
>TCGATTGGCG	8-TCGATTGGCG	6.748722	-50.944238	0	T:244.0(7.09%),B:1601.8(3.59%),P:1e-22	Tpos:336.5,Tstd:301.2,Bpos:232.0,Bstd:156.4,StrandBias:0.1,Multiplicity:1.10
0.051	0.054	0.077	0.818
0.085	0.763	0.066	0.086
0.046	0.055	0.784	0.115
0.769	0.069	0.083	0.079
0.109	0.029	0.080	0.782
0.083	0.091	0.026	0.800
0.061	0.054	0.807	0.078
0.052	0.078	0.854	0.016
0.068	0.834	0.041	0.057
0.051	0.048	0.794	0.107
>CTTTGAAGTG	9-CTTTGAAGTG	9.884493	-49.843771	0	T:141.0(4.10%),B:721.6(1.62%),P:1e-21	Tpos:257.1,Tstd:180.8,Bpos:230.8,Bstd:135.7,StrandBias:-0.1,Multiplicity:1.05
0.001	0.870	0.081	0.048
0.001	0.001	0.001	0.997
0.001	0.084	0.001	0.914
0.011	0.001	0.001	0.987
0.001	0.005	0.944	0.050
0.979	0.001	0.001	0.019
0.908	0.006	0.011	0.075
0.054	0.001	0.944	0.001
0.085	0.012	0.091	0.812
0.134	0.055	0.702	0.109
>TTATTTGCAT	10-TTATTTGCAT	8.949032	-46.044387	0	T:137.0(3.98%),B:721.2(1.61%),P:1e-19	Tpos:273.8,Tstd:221.0,Bpos:232.0,Bstd:135.0,StrandBias:0.2,Multiplicity:1.05
0.043	0.107	0.001	0.849
0.144	0.229	0.129	0.498
0.957	0.001	0.001	0.041
0.001	0.001	0.001	0.997
0.031	0.038	0.003	0.928
0.001	0.001	0.001	0.997
0.033	0.001	0.965	0.001
0.076	0.922	0.001	0.001
0.986	0.012	0.001	0.001
0.012	0.001	0.024	0.963
>TTTTCGCGCG	11-TTTTCGCGCG	4.817957	-43.493133	0	T:511.0(14.84%),B:4446.4(9.95%),P:1e-18	Tpos:366.5,Tstd:329.5,Bpos:229.8,Bstd:164.1,StrandBias:0.1,Multiplicity:1.35
0.121	0.109	0.101	0.669
0.100	0.100	0.085	0.715
0.101	0.093	0.091	0.715
0.091	0.088	0.098	0.723
0.123	0.669	0.105	0.103
0.109	0.102	0.688	0.101
0.112	0.686	0.115	0.087
0.114	0.086	0.718	0.082
0.092	0.697	0.108	0.103
0.097	0.110	0.722	0.071
>AASCGCCCTC	12-AASCGCCCTC	9.016864	-42.458419	0	T:122.0(3.54%),B:631.9(1.41%),P:1e-18	Tpos:337.3,Tstd:277.4,Bpos:226.9,Bstd:155.9,StrandBias:0.1,Multiplicity:1.03
0.807	0.092	0.100	0.001
0.903	0.095	0.001	0.001
0.001	0.426	0.572	0.001
0.008	0.989	0.001	0.002
0.001	0.001	0.997	0.001
0.001	0.962	0.001	0.036
0.158	0.786	0.001	0.055
0.243	0.755	0.001	0.001
0.223	0.002	0.124	0.651
0.001	0.606	0.203	0.190
>YGCGCATGCG	13-YGCGCATGCG	7.620618	-39.862285	0	T:267.0(7.75%),B:1980.6(4.43%),P:1e-17	Tpos:341.7,Tstd:261.9,Bpos:230.3,Bstd:163.1,StrandBias:0.1,Multiplicity:1.17
0.007	0.470	0.048	0.475
0.394	0.006	0.599	0.001
0.008	0.990	0.001	0.001
0.001	0.001	0.983	0.015
0.001	0.997	0.001	0.001
0.562	0.349	0.001	0.088
0.061	0.001	0.093	0.845
0.001	0.031	0.967	0.001
0.001	0.990	0.001	0.008
0.001	0.001	0.751	0.247
>AACGKAGCGA	14-AACGKAGCGA	8.466555	-37.970614	0	T:41.0(1.19%),B:100.4(0.22%),P:1e-16	Tpos:269.4,Tstd:182.2,Bpos:235.0,Bstd:155.1,StrandBias:-0.3,Multiplicity:1.00
0.940	0.038	0.021	0.001
0.965	0.001	0.033	0.001
0.230	0.733	0.036	0.001
0.240	0.012	0.720	0.028
0.193	0.022	0.352	0.433
0.393	0.240	0.149	0.217
0.085	0.066	0.764	0.085
0.047	0.818	0.061	0.074
0.167	0.032	0.763	0.038
0.634	0.253	0.036	0.077
>CATAGTTTCC	15-CATAGTTTCC	9.012967	-36.820962	0	T:100.0(2.90%),B:503.4(1.13%),P:1e-15	Tpos:230.8,Tstd:170.6,Bpos:239.2,Bstd:133.2,StrandBias:0.1,Multiplicity:1.03
0.014	0.923	0.001	0.062
0.997	0.001	0.001	0.001
0.126	0.001	0.001	0.872
0.908	0.001	0.001	0.090
0.077	0.121	0.650	0.152
0.001	0.001	0.001	0.997
0.001	0.001	0.027	0.971
0.001	0.063	0.020	0.916
0.008	0.930	0.014	0.048
0.001	0.918	0.080	0.001
>CACCCGTTTC	16-CACCCGTTTC	7.649219	-36.041762	0	T:173.0(5.02%),B:1139.1(2.55%),P:1e-15	Tpos:258.4,Tstd:211.6,Bpos:234.0,Bstd:138.0,StrandBias:-0.0,Multiplicity:1.02
0.052	0.845	0.029	0.074
0.871	0.039	0.078	0.012
0.056	0.673	0.083	0.188
0.089	0.773	0.070	0.068
0.067	0.757	0.069	0.107
0.031	0.127	0.832	0.010
0.062	0.070	0.081	0.787
0.113	0.040	0.045	0.802
0.083	0.040	0.024	0.853
0.065	0.819	0.031	0.085
>ATGTGACGTC	17-ATGTGACGTC	11.354448	-32.555175	0	T:15.0(0.44%),B:10.7(0.02%),P:1e-14	Tpos:272.4,Tstd:226.1,Bpos:194.6,Bstd:115.9,StrandBias:-0.6,Multiplicity:1.00
0.997	0.001	0.001	0.001
0.001	0.001	0.001	0.997
0.001	0.001	0.894	0.104
0.001	0.001	0.001	0.997
0.104	0.001	0.894	0.001
0.997	0.001	0.001	0.001
0.001	0.997	0.001	0.001
0.001	0.001	0.997	0.001
0.001	0.001	0.001	0.997
0.104	0.894	0.001	0.001
>TGACGTCAGT	18-TGACGTCAGT	7.418234	-32.481390	0	T:176.0(5.11%),B:1216.0(2.72%),P:1e-14	Tpos:284.2,Tstd:220.3,Bpos:228.7,Bstd:145.1,StrandBias:0.1,Multiplicity:1.02
0.066	0.057	0.075	0.802
0.044	0.056	0.819	0.081
0.825	0.035	0.052	0.088
0.090	0.806	0.040	0.064
0.060	0.042	0.841	0.057
0.032	0.058	0.024	0.886
0.065	0.815	0.062	0.058
0.698	0.068	0.082	0.152
0.040	0.108	0.768	0.084
0.076	0.097	0.082	0.745
>CGTTACCACA	19-CGTTACCACA	8.536535	-27.339443	0	T:79.0(2.29%),B:415.3(0.93%),P:1e-11	Tpos:224.8,Tstd:179.1,Bpos:239.4,Bstd:139.7,StrandBias:-0.3,Multiplicity:1.03
0.117	0.744	0.102	0.037
0.024	0.105	0.803	0.068
0.082	0.001	0.025	0.892
0.062	0.001	0.020	0.917
0.969	0.007	0.023	0.001
0.001	0.948	0.001	0.050
0.081	0.917	0.001	0.001
0.956	0.001	0.001	0.042
0.001	0.997	0.001	0.001
0.892	0.025	0.082	0.001
>AACGTTTCCG	20-AACGTTTCCG	9.111405	-26.150910	0	T:42.0(1.22%),B:151.8(0.34%),P:1e-11	Tpos:325.4,Tstd:322.8,Bpos:197.8,Bstd:156.9,StrandBias:-0.2,Multiplicity:1.00
0.927	0.071	0.001	0.001
0.903	0.001	0.001	0.095
0.038	0.843	0.060	0.059
0.096	0.050	0.832	0.022
0.001	0.001	0.058	0.940
0.001	0.001	0.001	0.997
0.001	0.001	0.095	0.903
0.096	0.831	0.001	0.072
0.001	0.951	0.001	0.047
0.041	0.022	0.936	0.001
>GGCGTGTTCT	21-GGCGTGTTCT	11.013271	-22.803480	0	T:30.0(0.87%),B:92.1(0.21%),P:1e-9	Tpos:327.3,Tstd:172.5,Bpos:250.3,Bstd:155.4,StrandBias:0.3,Multiplicity:1.00
0.069	0.128	0.802	0.001
0.001	0.001	0.997	0.001
0.001	0.997	0.001	0.001
0.001	0.001	0.997	0.001
0.001	0.001	0.001	0.997
0.001	0.001	0.997	0.001
0.001	0.001	0.139	0.859
0.001	0.001	0.001	0.997
0.001	0.997	0.001	0.001
0.001	0.001	0.001	0.997
>CAGCTGTCAG	22-CAGCTGTCAG	8.032224	-19.568552	0	T:226.0(6.56%),B:1959.7(4.39%),P:1e-8	Tpos:279.8,Tstd:242.7,Bpos:233.1,Bstd:130.7,StrandBias:0.5,Multiplicity:1.19
0.070	0.761	0.059	0.110
0.618	0.026	0.279	0.077
0.193	0.049	0.745	0.013
0.080	0.830	0.067	0.023
0.042	0.063	0.049	0.846
0.007	0.269	0.678	0.046
0.191	0.204	0.099	0.506
0.186	0.381	0.215	0.217
0.717	0.031	0.167	0.085
0.015	0.060	0.691	0.234
>CTTGTACATA	23-CTTGTACATA	10.716614	-9.401700	0	T:21.0(0.61%),B:103.1(0.23%),P:1e-4	Tpos:239.4,Tstd:191.6,Bpos:234.5,Bstd:124.8,StrandBias:-0.5,Multiplicity:1.38
0.001	0.997	0.001	0.001
0.001	0.001	0.001	0.997
0.125	0.001	0.001	0.873
0.307	0.001	0.691	0.001
0.001	0.001	0.001	0.997
0.997	0.001	0.001	0.001
0.001	0.997	0.001	0.001
0.600	0.398	0.001	0.001
0.001	0.001	0.153	0.845
0.997	0.001	0.001	0.001
>GTGCTACAGT	24-GTGCTACAGT	10.357529	-6.988904	0	T:12.0(0.35%),B:52.4(0.12%),P:1e-3	Tpos:298.1,Tstd:195.1,Bpos:231.4,Bstd:136.6,StrandBias:-2.3,Multiplicity:3.00
0.001	0.001	0.997	0.001
0.001	0.035	0.001	0.963
0.001	0.001	0.997	0.001
0.119	0.879	0.001	0.001
0.001	0.001	0.001	0.997
0.997	0.001	0.001	0.001
0.001	0.997	0.001	0.001
0.997	0.001	0.001	0.001
0.001	0.001	0.997	0.001
0.001	0.001	0.001	0.997
>TGTGTTCAGG	25-TGTGTTCAGG	11.562876	-6.280904	0	T:17.0(0.49%),B:97.3(0.22%),P:1e-2	Tpos:264.0,Tstd:240.9,Bpos:265.5,Bstd:127.0,StrandBias:-1.7,Multiplicity:1.47
0.001	0.001	0.001	0.997
0.001	0.001	0.997	0.001
0.001	0.001	0.001	0.997
0.103	0.001	0.895	0.001
0.001	0.001	0.001	0.997
0.001	0.001	0.001	0.997
0.001	0.997	0.001	0.001
0.997	0.001	0.001	0.001
0.001	0.001	0.997	0.001
0.001	0.001	0.997	0.001
>GCCMYCTRGTGG	1-GCCMYCTRGTGG	9.915725	-329.161546	0	T:316.0(9.18%),B:653.3(1.46%),P:1e-142	Tpos:251.8,Tstd:193.8,Bpos:233.8,Bstd:131.8,StrandBias:0.2,Multiplicity:1.02
0.052	0.001	0.882	0.065
0.125	0.827	0.014	0.034
0.001	0.997	0.001	0.001
0.504	0.494	0.001	0.001
0.001	0.539	0.001	0.459
0.001	0.955	0.001	0.043
0.023	0.001	0.001	0.975
0.407	0.001	0.442	0.149
0.001	0.311	0.615	0.073
0.057	0.001	0.001	0.941
0.001	0.001	0.997	0.001
0.001	0.001	0.956	0.042
>NVCACTTCCTGY	2-NVCACTTCCTGY	8.753878	-195.933740	0	T:542.0(15.74%),B:2781.2(6.23%),P:1e-85	Tpos:276.7,Tstd:217.1,Bpos:233.3,Bstd:134.2,StrandBias:-0.1,Multiplicity:1.16
0.246	0.227	0.222	0.305
0.247	0.342	0.228	0.183
0.117	0.684	0.047	0.152
0.828	0.100	0.034	0.038
0.001	0.793	0.001	0.205
0.031	0.007	0.001	0.961
0.001	0.028	0.036	0.935
0.001	0.967	0.001	0.031
0.001	0.997	0.001	0.001
0.001	0.001	0.001	0.997
0.001	0.198	0.682	0.119
0.014	0.444	0.080	0.461
>ACCGGAAGTGGT	3-ACCGGAAGTGGT	7.058853	-115.550324	0	T:515.0(14.96%),B:3317.5(7.43%),P:1e-50	Tpos:305.8,Tstd:262.4,Bpos:225.4,Bstd:143.3,StrandBias:0.0,Multiplicity:1.07
0.750	0.115	0.064	0.071
0.133	0.764	0.059	0.044
0.158	0.714	0.065	0.063
0.081	0.082	0.780	0.057
0.060	0.080	0.800	0.060
0.696	0.109	0.094	0.101
0.785	0.022	0.066	0.127
0.120	0.080	0.735	0.065
0.101	0.053	0.101	0.745
0.091	0.051	0.787	0.071
0.057	0.109	0.727	0.107
0.049	0.124	0.110	0.717
>TGAGTCASMRNC	4-TGAGTCASMRNC	8.931219	-97.827042	0	T:300.0(8.71%),B:1602.8(3.59%),P:1e-42	Tpos:273.4,Tstd:216.6,Bpos:233.4,Bstd:131.3,StrandBias:0.1,Multiplicity:1.39
0.001	0.001	0.001	0.997
0.001	0.001	0.997	0.001
0.997	0.001	0.001	0.001
0.001	0.341	0.657	0.001
0.001	0.001	0.001	0.997
0.001	0.997	0.001	0.001
0.997	0.001	0.001	0.001
0.001	0.439	0.325	0.235
0.353	0.478	0.001	0.168
0.359	0.187	0.340	0.114
0.184	0.268	0.260	0.288
0.141	0.492	0.083	0.284
>CACGCCCCGCCC	5-CACGCCCCGCCC	9.091576	-72.822145	0	T:455.0(13.22%),B:3313.0(7.42%),P:1e-31	Tpos:350.9,Tstd:293.6,Bpos:234.1,Bstd:152.6,StrandBias:-0.1,Multiplicity:1.33
0.051	0.779	0.125	0.045
0.715	0.137	0.042	0.106
0.105	0.707	0.103	0.085
0.079	0.051	0.809	0.061
0.039	0.899	0.022	0.040
0.044	0.860	0.054	0.042
0.040	0.926	0.015	0.019
0.047	0.897	0.016	0.040
0.034	0.063	0.753	0.150
0.032	0.917	0.025	0.026
0.047	0.835	0.060	0.058
0.030	0.909	0.002	0.059
>ATTGGCTCCGCC	6-ATTGGCTCCGCC	8.761281	-52.088296	0	T:165.0(4.79%),B:896.4(2.01%),P:1e-22	Tpos:306.1,Tstd:226.2,Bpos:235.7,Bstd:149.0,StrandBias:-0.1,Multiplicity:1.09
0.706	0.091	0.083	0.120
0.072	0.089	0.071	0.768
0.112	0.026	0.047	0.815
0.059	0.001	0.920	0.020
0.020	0.076	0.830	0.074
0.020	0.905	0.020	0.055
0.050	0.139	0.038	0.773
0.020	0.873	0.087	0.020
0.131	0.752	0.030	0.087
0.077	0.072	0.799	0.052
0.059	0.906	0.015	0.020
0.001	0.959	0.001	0.039
>GCCAATCAGAGC	7-GCCAATCAGAGC	9.889525	-51.054246	0	T:118.0(3.43%),B:535.4(1.20%),P:1e-22	Tpos:296.8,Tstd:231.8,Bpos:221.2,Bstd:148.1,StrandBias:-0.0,Multiplicity:1.04
0.144	0.081	0.742	0.033
0.001	0.997	0.001	0.001
0.001	0.997	0.001	0.001
0.817	0.181	0.001	0.001
0.795	0.069	0.001	0.135
0.001	0.001	0.019	0.979
0.001	0.890	0.108	0.001
0.865	0.001	0.133	0.001
0.175	0.081	0.743	0.001
0.647	0.096	0.224	0.033
0.117	0.001	0.881	0.001
0.050	0.609	0.165	0.176
>CGGCTTCCTGTT	8-CGGCTTCCTGTT	9.280165	-47.498503	0	T:187.0(5.43%),B:1129.5(2.53%),P:1e-20	Tpos:279.6,Tstd:205.7,Bpos:236.9,Bstd:141.7,StrandBias:-0.3,Multiplicity:1.02
0.141	0.612	0.136	0.111
0.104	0.084	0.751	0.061
0.027	0.067	0.842	0.064
0.058	0.787	0.061	0.094
0.066	0.058	0.001	0.875
0.054	0.001	0.027	0.918
0.054	0.911	0.001	0.034
0.001	0.925	0.027	0.047
0.056	0.044	0.027	0.873
0.001	0.116	0.834	0.049
0.037	0.051	0.083	0.829
0.067	0.049	0.052	0.832
>GGGGAAACCACA	9-GGGGAAACCACA	9.231380	-43.963323	0	T:149.0(4.33%),B:839.6(1.88%),P:1e-19	Tpos:316.8,Tstd:291.6,Bpos:232.1,Bstd:132.6,StrandBias:0.1,Multiplicity:1.03
0.077	0.031	0.801	0.091
0.099	0.056	0.779	0.066
0.049	0.040	0.869	0.042
0.033	0.058	0.823	0.086
0.895	0.028	0.064	0.013
0.856	0.021	0.051	0.072
0.825	0.052	0.057	0.066
0.077	0.826	0.061	0.036
0.031	0.940	0.019	0.010
0.797	0.101	0.056	0.046
0.068	0.789	0.075	0.068
0.805	0.115	0.025	0.055
>BATDCAAADRAR	10-BATDCAAADRAR	8.195984	-43.158835	0	T:35.0(1.02%),B:60.2(0.13%),P:1e-18	Tpos:257.5,Tstd:193.1,Bpos:217.8,Bstd:144.4,StrandBias:0.2,Multiplicity:1.03
0.001	0.400	0.281	0.318
0.521	0.289	0.001	0.189
0.327	0.048	0.121	0.504
0.258	0.001	0.399	0.342
0.225	0.518	0.001	0.256
0.850	0.117	0.032	0.001
0.701	0.167	0.001	0.131
0.597	0.138	0.114	0.151
0.313	0.001	0.291	0.395
0.309	0.230	0.380	0.082
0.682	0.001	0.137	0.180
0.319	0.117	0.453	0.111
>RVSGCGTGTTNN	11-RVSGCGTGTTNN	5.128985	-41.331707	0	T:554.0(16.09%),B:4969.2(11.12%),P:1e-17	Tpos:332.0,Tstd:279.6,Bpos:229.0,Bstd:160.3,StrandBias:-0.1,Multiplicity:1.18
0.250	0.192	0.365	0.193
0.348	0.249	0.230	0.173
0.116	0.440	0.387	0.058
0.154	0.077	0.577	0.192
0.077	0.787	0.058	0.078
0.135	0.039	0.749	0.077
0.096	0.287	0.116	0.501
0.230	0.020	0.558	0.192
0.249	0.058	0.020	0.673
0.249	0.077	0.096	0.578
0.268	0.214	0.211	0.307
0.250	0.192	0.288	0.270
>ACAACGTGGCGA	12-ACAACGTGGCGA	14.146584	-35.948886	0	T:9.0(0.26%),B:1.3(0.00%),P:1e-15	Tpos:244.1,Tstd:137.0,Bpos:203.0,Bstd:0.0,StrandBias:-1.8,Multiplicity:1.00
0.868	0.001	0.001	0.130
0.001	0.997	0.001	0.001
0.868	0.001	0.130	0.001
0.997	0.001	0.001	0.001
0.001	0.997	0.001	0.001
0.001	0.130	0.868	0.001
0.001	0.001	0.001	0.997
0.001	0.001	0.997	0.001
0.001	0.001	0.997	0.001
0.001	0.868	0.130	0.001
0.001	0.001	0.997	0.001
0.997	0.001	0.001	0.001
>GTTTCCATTACG	13-GTTTCCATTACG	10.250082	-33.233022	0	T:47.0(1.37%),B:150.9(0.34%),P:1e-14	Tpos:285.4,Tstd:283.7,Bpos:229.3,Bstd:136.7,StrandBias:0.5,Multiplicity:1.02
0.013	0.160	0.761	0.066
0.044	0.052	0.022	0.882
0.022	0.001	0.022	0.955
0.001	0.001	0.043	0.955
0.001	0.913	0.043	0.043
0.022	0.934	0.022	0.022
0.798	0.060	0.022	0.120
0.001	0.022	0.043	0.934
0.022	0.082	0.161	0.735
0.801	0.073	0.044	0.082
0.109	0.670	0.099	0.122
0.114	0.094	0.667	0.125
>KHTTCGCGCGNN	14-KHTTCGCGCGNN	4.797202	-30.991614	0	T:569.0(16.53%),B:5428.7(12.15%),P:1e-13	Tpos:373.4,Tstd:305.5,Bpos:232.4,Bstd:170.5,StrandBias:0.1,Multiplicity:1.44
0.216	0.131	0.284	0.369
0.227	0.231	0.183	0.359
0.233	0.079	0.061	0.627
0.257	0.138	0.035	0.570
0.146	0.612	0.148	0.094
0.096	0.114	0.650	0.140
0.174	0.540	0.081	0.205
0.164	0.166	0.492	0.179
0.079	0.746	0.061	0.114
0.157	0.096	0.633	0.114
0.222	0.292	0.244	0.242
0.184	0.271	0.275	0.270
>CTGCGCATGCGC	15-CTGCGCATGCGC	10.974985	-30.309597	0	T:96.0(2.79%),B:527.1(1.18%),P:1e-13	Tpos:349.9,Tstd:213.3,Bpos:236.9,Bstd:155.9,StrandBias:0.2,Multiplicity:1.12
0.113	0.503	0.063	0.321
0.001	0.008	0.017	0.974
0.130	0.074	0.795	0.001
0.003	0.995	0.001	0.001
0.001	0.001	0.921	0.077
0.001	0.765	0.160	0.074
0.564	0.343	0.015	0.078
0.001	0.081	0.099	0.819
0.001	0.001	0.997	0.001
0.001	0.926	0.001	0.072
0.001	0.001	0.997	0.001
0.001	0.965	0.001	0.033
>GCTGAAAGATTG	16-GCTGAAAGATTG	14.302951	-27.164156	0	T:10.0(0.29%),B:4.7(0.01%),P:1e-11	Tpos:275.3,Tstd:119.5,Bpos:229.2,Bstd:123.3,StrandBias:-0.6,Multiplicity:1.00
0.113	0.001	0.885	0.001
0.001	0.997	0.001	0.001
0.001	0.001	0.001	0.997
0.001	0.001	0.997	0.001
0.997	0.001	0.001	0.001
0.997	0.001	0.001	0.001
0.885	0.001	0.001	0.113
0.001	0.001	0.997	0.001
0.997	0.001	0.001	0.001
0.001	0.001	0.001	0.997
0.001	0.001	0.001	0.997
0.001	0.001	0.997	0.001
>GGTGACTCTCAG	17-GGTGACTCTCAG	14.038532	-22.027801	0	T:6.0(0.17%),B:1.9(0.00%),P:1e-9	Tpos:182.4,Tstd:144.7,Bpos:185.6,Bstd:118.9,StrandBias:0.8,Multiplicity:1.83
0.001	0.077	0.921	0.001
0.001	0.001	0.997	0.001
0.001	0.001	0.001	0.997
0.001	0.001	0.997	0.001
0.997	0.001	0.001	0.001
0.001	0.997	0.001	0.001
0.001	0.001	0.001	0.997
0.001	0.997	0.001	0.001
0.001	0.001	0.001	0.997
0.001	0.997	0.001	0.001
0.997	0.001	0.001	0.001
0.001	0.001	0.997	0.001
>ACAGCTGTGAGC	18-ACAGCTGTGAGC	8.749486	-19.334359	0	T:266.0(7.73%),B:2396.3(5.36%),P:1e-8	Tpos:284.5,Tstd:240.0,Bpos:236.1,Bstd:129.8,StrandBias:0.3,Multiplicity:1.05
0.495	0.228	0.038	0.239
0.154	0.778	0.045	0.023
0.580	0.017	0.001	0.402
0.001	0.021	0.977	0.001
0.008	0.939	0.031	0.022
0.027	0.001	0.001	0.971
0.001	0.114	0.728	0.157
0.112	0.097	0.201	0.590
0.057	0.157	0.711	0.075
0.766	0.001	0.130	0.103
0.021	0.030	0.923	0.026
0.163	0.704	0.063	0.070
>CCCTGAACACAG	19-CCCTGAACACAG	14.014392	-12.633856	0	T:6.0(0.17%),B:5.5(0.01%),P:1e-5	Tpos:172.8,Tstd:134.1,Bpos:282.1,Bstd:102.9,StrandBias:10.0,Multiplicity:2.17
0.001	0.842	0.001	0.156
0.001	0.997	0.001	0.001
0.001	0.909	0.089	0.001
0.001	0.001	0.001	0.997
0.001	0.001	0.997	0.001
0.997	0.001	0.001	0.001
0.997	0.001	0.001	0.001
0.001	0.997	0.001	0.001
0.997	0.001	0.001	0.001
0.001	0.997	0.001	0.001
0.997	0.001	0.001	0.001
0.001	0.001	0.997	0.001
>GGACAGCTGTGA	20-GGACAGCTGTGA	-4.114775	-10.092796	0	T:624.0(18.12%),B:6981.9(15.63%),P:1e-4	Tpos:316.6,Tstd:263.2,Bpos:234.6,Bstd:138.0,StrandBias:0.3,Multiplicity:1.15
0.001	0.001	0.997	0.001
0.001	0.001	0.997	0.001
0.997	0.001	0.001	0.001
0.001	0.997	0.001	0.001
0.997	0.001	0.001	0.001
0.001	0.001	0.997	0.001
0.001	0.997	0.001	0.001
0.001	0.001	0.116	0.882
0.001	0.001	0.997	0.001
0.001	0.001	0.001	0.997
0.001	0.001	0.997	0.001
0.997	0.001	0.001	0.001
>CTGTAGCACTGC	21-CTGTAGCACTGC	13.408299	-9.221578	0	T:4.0(0.12%),B:3.9(0.01%),P:1e-4	Tpos:356.1,Tstd:185.6,Bpos:205.6,Bstd:163.0,StrandBias:3.3,Multiplicity:5.50
0.001	0.997	0.001	0.001
0.001	0.001	0.001	0.997
0.001	0.001	0.997	0.001
0.041	0.001	0.001	0.957
0.997	0.001	0.001	0.001
0.001	0.001	0.997	0.001
0.001	0.997	0.001	0.001
0.997	0.001	0.001	0.001
0.001	0.997	0.001	0.001
0.001	0.001	0.001	0.997
0.001	0.001	0.997	0.001
0.001	0.997	0.001	0.001
>TCAGCAGCTGGC	22-TCAGCAGCTGGC	6.330473	-8.167751	0	T:98.0(2.85%),B:880.0(1.97%),P:1e-3	Tpos:273.8,Tstd:187.3,Bpos:227.7,Bstd:135.2,StrandBias:0.3,Multiplicity:1.17
0.001	0.001	0.001	0.997
0.001	0.997	0.001	0.001
0.956	0.001	0.001	0.042
0.001	0.001	0.997	0.001
0.001	0.997	0.001	0.001
0.997	0.001	0.001	0.001
0.001	0.001	0.890	0.108
0.001	0.997	0.001	0.001
0.001	0.001	0.001	0.997
0.001	0.001	0.997	0.001
0.081	0.001	0.917	0.001
0.001	0.997	0.001	0.001
>ATGAAGCAGGGT	23-ATGAAGCAGGGT	9.694726	-6.075473	0	T:4.0(0.12%),B:7.7(0.02%),P:1e-2	Tpos:519.4,Tstd:227.9,Bpos:230.4,Bstd:109.9,StrandBias:-1.2,Multiplicity:2.50
0.997	0.001	0.001	0.001
0.001	0.001	0.001	0.997
0.001	0.001	0.997	0.001
0.997	0.001	0.001	0.001
0.997	0.001	0.001	0.001
0.001	0.001	0.997	0.001
0.001	0.997	0.001	0.001
0.870	0.001	0.128	0.001
0.001	0.001	0.997	0.001
0.001	0.001	0.997	0.001
0.001	0.001	0.997	0.001
0.001	0.001	0.001	0.997
>ACACCATCTGTA	24-ACACCATCTGTA	12.355432	-4.535278	0	T:2.0(0.06%),B:2.4(0.01%),P:1e-1	Tpos:97.3,Tstd:48.6,Bpos:269.7,Bstd:79.8,StrandBias:10.0,Multiplicity:4.50
0.700	0.100	0.100	0.100
0.100	0.700	0.100	0.100
0.700	0.100	0.100	0.100
0.100	0.700	0.100	0.100
0.100	0.700	0.100	0.100
0.700	0.100	0.100	0.100
0.100	0.100	0.100	0.700
0.100	0.700	0.100	0.100
0.100	0.100	0.100	0.700
0.100	0.100	0.700	0.100
0.100	0.100	0.100	0.700
0.700	0.100	0.100	0.100
>CACTGTGAGGAT	25-CACTGTGAGGAT	16.520186	-2.601325	0	T:1.0(0.03%),B:1.2(0.00%),P:1e-1	Tpos:159.7,Tstd:90.6,Bpos:124.6,Bstd:21.4,StrandBias:10.0,Multiplicity:9.00
0.001	0.997	0.001	0.001
0.997	0.001	0.001	0.001
0.001	0.997	0.001	0.001
0.001	0.001	0.001	0.997
0.001	0.001	0.997	0.001
0.001	0.001	0.001	0.997
0.001	0.001	0.997	0.001
0.997	0.001	0.001	0.001
0.077	0.001	0.921	0.001
0.001	0.001	0.997	0.001
0.997	0.001	0.001	0.001
0.001	0.001	0.001	0.997
>CAGGAAGT	1-CAGGAAGT	5.281806	-192.713345	0	T:836.0(24.28%),B:5454.8(12.21%),P:1e-83	Tpos:293.1,Tstd:242.6,Bpos:233.0,Bstd:142.0,StrandBias:-0.0,Multiplicity:1.22
0.001	0.836	0.162	0.001
0.908	0.090	0.001	0.001
0.001	0.001	0.997	0.001
0.001	0.001	0.997	0.001
0.997	0.001	0.001	0.001
0.997	0.001	0.001	0.001
0.209	0.001	0.789	0.001
0.001	0.001	0.001	0.997
>ACGGAAAC	2-ACGGAAAC	5.872859	-95.335324	0	T:1017.0(29.54%),B:8861.6(19.84%),P:1e-41	Tpos:310.5,Tstd:271.9,Bpos:232.1,Bstd:149.6,StrandBias:0.1,Multiplicity:1.26
0.528	0.226	0.170	0.076
0.166	0.710	0.059	0.065
0.001	0.149	0.812	0.038
0.040	0.048	0.830	0.082
0.846	0.060	0.069	0.025
0.859	0.028	0.088	0.025
0.770	0.073	0.121	0.036
0.144	0.649	0.119	0.088
>NGCGGTTT	3-NGCGGTTT	4.405823	-92.827329	0	T:1105.0(32.09%),B:9912.4(22.19%),P:1e-40	Tpos:321.0,Tstd:261.9,Bpos:230.1,Bstd:155.1,StrandBias:-0.1,Multiplicity:1.30
0.188	0.240	0.243	0.329
0.095	0.219	0.445	0.241
0.036	0.701	0.070	0.193
0.112	0.136	0.686	0.066
0.144	0.227	0.539	0.090
0.158	0.070	0.146	0.626
0.142	0.101	0.120	0.637
0.187	0.128	0.179	0.506
>TGAGTCAC	4-TGAGTCAC	8.899234	-86.643122	0	T:372.0(10.80%),B:2340.0(5.24%),P:1e-37	Tpos:274.3,Tstd:216.8,Bpos:232.8,Bstd:134.4,StrandBias:0.2,Multiplicity:1.13
0.001	0.001	0.001	0.997
0.001	0.001	0.997	0.001
0.997	0.001	0.001	0.001
0.001	0.213	0.785	0.001
0.001	0.001	0.001	0.997
0.001	0.997	0.001	0.001
0.997	0.001	0.001	0.001
0.001	0.590	0.145	0.264
>CGCBNHWW	5-CGCBNHWW	4.484942	-74.965761	0	T:795.0(23.09%),B:6834.1(15.30%),P:1e-32	Tpos:356.7,Tstd:293.0,Bpos:227.6,Bstd:158.0,StrandBias:-0.1,Multiplicity:1.36
0.001	0.997	0.001	0.001
0.001	0.001	0.997	0.001
0.180	0.406	0.232	0.182
0.088	0.334	0.299	0.279
0.273	0.231	0.180	0.316
0.336	0.250	0.060	0.354
0.373	0.204	0.069	0.355
0.366	0.184	0.029	0.421
>ACTAGCGG	6-ACTAGCGG	5.976612	-70.171304	0	T:575.0(16.70%),B:4575.3(10.24%),P:1e-30	Tpos:298.2,Tstd:234.3,Bpos:231.1,Bstd:143.4,StrandBias:0.0,Multiplicity:1.11
0.932	0.001	0.043	0.024
0.023	0.874	0.092	0.011
0.001	0.001	0.001	0.997
0.997	0.001	0.001	0.001
0.057	0.125	0.817	0.001
0.036	0.798	0.165	0.001
0.101	0.082	0.754	0.063
0.067	0.024	0.908	0.001
>GGCGGRGC	7-GGCGGRGC	7.530054	-69.493197	0	T:620.0(18.01%),B:5060.5(11.33%),P:1e-30	Tpos:349.8,Tstd:284.3,Bpos:233.9,Bstd:161.3,StrandBias:0.2,Multiplicity:1.63
0.041	0.048	0.886	0.025
0.001	0.001	0.997	0.001
0.001	0.836	0.001	0.162
0.050	0.024	0.851	0.075
0.037	0.001	0.881	0.081
0.392	0.058	0.471	0.078
0.289	0.025	0.473	0.213
0.191	0.615	0.001	0.193
>KTWCSGTA	8-KTWCSGTA	5.027962	-67.937294	0	T:857.0(24.89%),B:7681.8(17.19%),P:1e-29	Tpos:329.9,Tstd:282.7,Bpos:232.1,Bstd:149.1,StrandBias:0.0,Multiplicity:1.18
0.131	0.106	0.456	0.307
0.256	0.146	0.021	0.577
0.506	0.043	0.001	0.450
0.001	0.997	0.001	0.001
0.001	0.485	0.472	0.042
0.143	0.001	0.855	0.001
0.300	0.001	0.101	0.598
0.701	0.100	0.001	0.198
>TAGRKGGC	9-TAGRKGGC	6.217441	-59.138347	0	T:406.0(11.79%),B:3042.3(6.81%),P:1e-25	Tpos:270.0,Tstd:190.3,Bpos:232.0,Bstd:141.7,StrandBias:-0.1,Multiplicity:1.08
0.001	0.026	0.001	0.972
0.997	0.001	0.001	0.001
0.001	0.001	0.997	0.001
0.473	0.001	0.525	0.001
0.001	0.001	0.429	0.569
0.001	0.001	0.997	0.001
0.001	0.001	0.997	0.001
0.001	0.997	0.001	0.001
>ACGTSACA	10-ACGTSACA	6.111959	-55.821087	0	T:493.0(14.32%),B:3991.5(8.93%),P:1e-24	Tpos:326.2,Tstd:264.4,Bpos:226.7,Bstd:152.6,StrandBias:0.1,Multiplicity:1.21
0.897	0.027	0.075	0.001
0.002	0.994	0.003	0.001
0.001	0.001	0.935	0.063
0.001	0.001	0.019	0.979
0.218	0.434	0.347	0.001
0.699	0.001	0.004	0.296
0.226	0.611	0.083	0.080
0.667	0.100	0.101	0.132
>ACGCAAAT	11-ACGCAAAT	6.270647	-53.346521	0	T:276.0(8.02%),B:1867.5(4.18%),P:1e-23	Tpos:308.7,Tstd:271.9,Bpos:230.5,Bstd:145.3,StrandBias:0.1,Multiplicity:1.08
0.880	0.001	0.001	0.118
0.001	0.918	0.001	0.080
0.001	0.001	0.997	0.001
0.198	0.800	0.001	0.001
0.845	0.001	0.153	0.001
0.955	0.001	0.001	0.043
0.795	0.001	0.001	0.203
0.001	0.194	0.001	0.804
>GTGGGTGG	12-GTGGGTGG	9.088821	-52.406007	0	T:530.0(15.39%),B:4451.2(9.96%),P:1e-22	Tpos:315.9,Tstd:253.2,Bpos:231.4,Bstd:140.0,StrandBias:-0.0,Multiplicity:1.17
0.001	0.001	0.997	0.001
0.001	0.001	0.001	0.997
0.001	0.001	0.997	0.001
0.001	0.001	0.997	0.001
0.001	0.001	0.997	0.001
0.285	0.138	0.001	0.576
0.001	0.001	0.997	0.001
0.001	0.001	0.997	0.001
>GTTTCCTT	13-GTTTCCTT	6.748414	-48.282567	0	T:1184.0(34.39%),B:12065.2(27.01%),P:1e-20	Tpos:294.5,Tstd:241.0,Bpos:231.4,Bstd:140.4,StrandBias:-0.1,Multiplicity:1.24
0.161	0.072	0.742	0.025
0.011	0.328	0.076	0.585
0.001	0.068	0.001	0.930
0.004	0.011	0.128	0.857
0.011	0.852	0.103	0.034
0.100	0.791	0.001	0.108
0.082	0.018	0.069	0.831
0.027	0.171	0.250	0.552
>TTCCCGCG	14-TTCCCGCG	7.533246	-43.084379	0	T:263.0(7.64%),B:1890.4(4.23%),P:1e-18	Tpos:373.8,Tstd:321.8,Bpos:227.4,Bstd:164.4,StrandBias:-0.1,Multiplicity:1.14
0.001	0.001	0.001	0.997
0.001	0.001	0.001	0.997
0.001	0.997	0.001	0.001
0.159	0.719	0.001	0.121
0.001	0.997	0.001	0.001
0.001	0.001	0.997	0.001
0.001	0.997	0.001	0.001
0.001	0.240	0.758	0.001
>TTWCCACT	15-TTWCCACT	7.344334	-42.803445	0	T:409.0(11.88%),B:3373.8(7.55%),P:1e-18	Tpos:280.0,Tstd:239.9,Bpos:230.5,Bstd:140.1,StrandBias:-0.2,Multiplicity:1.06
0.104	0.001	0.231	0.664
0.001	0.053	0.062	0.884
0.393	0.047	0.041	0.519
0.059	0.801	0.091	0.049
0.001	0.865	0.075	0.059
0.748	0.104	0.147	0.001
0.001	0.997	0.001	0.001
0.289	0.007	0.150	0.554
>CTTCAAAG	16-CTTCAAAG	8.583091	-42.087340	0	T:413.0(12.00%),B:3430.1(7.68%),P:1e-18	Tpos:287.8,Tstd:245.4,Bpos:232.5,Bstd:141.3,StrandBias:0.3,Multiplicity:1.13
0.001	0.811	0.001	0.187
0.155	0.001	0.001	0.843
0.001	0.001	0.001	0.997
0.121	0.877	0.001	0.001
0.997	0.001	0.001	0.001
0.997	0.001	0.001	0.001
0.997	0.001	0.001	0.001
0.001	0.001	0.997	0.001
>GATTGGCT	17-GATTGGCT	9.761831	-40.610137	0	T:160.0(4.65%),B:968.8(2.17%),P:1e-17	Tpos:294.8,Tstd:209.5,Bpos:223.8,Bstd:142.4,StrandBias:0.1,Multiplicity:1.10
0.001	0.119	0.879	0.001
0.997	0.001	0.001	0.001
0.001	0.001	0.001	0.997
0.001	0.001	0.001	0.997
0.001	0.001	0.997	0.001
0.001	0.001	0.997	0.001
0.001	0.660	0.001	0.338
0.001	0.093	0.001	0.905
>CGGATGTG	18-CGGATGTG	7.029127	-34.953026	0	T:257.0(7.46%),B:1964.5(4.40%),P:1e-15	Tpos:283.8,Tstd:224.1,Bpos:234.9,Bstd:141.7,StrandBias:0.1,Multiplicity:1.06
0.114	0.884	0.001	0.001
0.001	0.001	0.997	0.001
0.001	0.001	0.931	0.067
0.997	0.001	0.001	0.001
0.001	0.001	0.001	0.997
0.251	0.001	0.641	0.107
0.001	0.001	0.001	0.997
0.198	0.001	0.564	0.237
>TAGCGCSA	19-TAGCGCSA	6.390316	-34.152677	0	T:124.0(3.60%),B:725.5(1.62%),P:1e-14	Tpos:360.7,Tstd:302.2,Bpos:230.7,Bstd:163.7,StrandBias:0.0,Multiplicity:1.02
0.001	0.001	0.001	0.997
0.968	0.001	0.030	0.001
0.001	0.001	0.659	0.339
0.001	0.997	0.001	0.001
0.001	0.001	0.997	0.001
0.001	0.997	0.001	0.001
0.001	0.467	0.531	0.001
0.997	0.001	0.001	0.001
>CGTNTGAA	20-CGTNTGAA	2.093002	-30.298031	0	T:612.0(17.78%),B:5941.2(13.30%),P:1e-13	Tpos:303.2,Tstd:253.0,Bpos:229.2,Bstd:154.4,StrandBias:-0.1,Multiplicity:1.20
0.001	0.997	0.001	0.001
0.001	0.001	0.997	0.001
0.001	0.001	0.001	0.997
0.219	0.309	0.172	0.300
0.001	0.001	0.383	0.615
0.001	0.339	0.659	0.001
0.884	0.001	0.114	0.001
0.997	0.001	0.001	0.001
>TTTGATCT	21-TTTGATCT	9.698901	-17.236629	0	T:147.0(4.27%),B:1185.6(2.65%),P:1e-7	Tpos:294.9,Tstd:244.0,Bpos:228.3,Bstd:135.0,StrandBias:0.2,Multiplicity:1.04
0.001	0.001	0.001	0.997
0.001	0.254	0.001	0.744
0.001	0.001	0.001	0.997
0.001	0.001	0.997	0.001
0.997	0.001	0.001	0.001
0.001	0.001	0.001	0.997
0.001	0.997	0.001	0.001
0.001	0.001	0.001	0.997
>TTARCGAC	22-TTARCGAC	8.927566	-16.416807	0	T:72.0(2.09%),B:468.6(1.05%),P:1e-7	Tpos:256.2,Tstd:198.7,Bpos:227.3,Bstd:141.4,StrandBias:-0.6,Multiplicity:1.00
0.001	0.001	0.001	0.997
0.001	0.001	0.001	0.997
0.997	0.001	0.001	0.001
0.465	0.042	0.492	0.001
0.001	0.997	0.001	0.001
0.238	0.001	0.760	0.001
0.997	0.001	0.001	0.001
0.001	0.997	0.001	0.001
