>CAGGAAGT	1-CAGGAAGT	5.281806	-192.713345	0	T:836.0(24.28%),B:5454.8(12.21%),P:1e-83	Tpos:293.1,Tstd:242.6,Bpos:233.0,Bstd:142.0,StrandBias:-0.0,Multiplicity:1.22
0.001	0.836	0.162	0.001
0.908	0.090	0.001	0.001
0.001	0.001	0.997	0.001
0.001	0.001	0.997	0.001
0.997	0.001	0.001	0.001
0.997	0.001	0.001	0.001
0.209	0.001	0.789	0.001
0.001	0.001	0.001	0.997
>ACGGAAAC	2-ACGGAAAC	5.872859	-95.335324	0	T:1017.0(29.54%),B:8861.6(19.84%),P:1e-41	Tpos:310.5,Tstd:271.9,Bpos:232.1,Bstd:149.6,StrandBias:0.1,Multiplicity:1.26
0.528	0.226	0.170	0.076
0.166	0.710	0.059	0.065
0.001	0.149	0.812	0.038
0.040	0.048	0.830	0.082
0.846	0.060	0.069	0.025
0.859	0.028	0.088	0.025
0.770	0.073	0.121	0.036
0.144	0.649	0.119	0.088
>NGCGGTTT	3-NGCGGTTT	4.405823	-92.827329	0	T:1105.0(32.09%),B:9912.4(22.19%),P:1e-40	Tpos:321.0,Tstd:261.9,Bpos:230.1,Bstd:155.1,StrandBias:-0.1,Multiplicity:1.30
0.188	0.240	0.243	0.329
0.095	0.219	0.445	0.241
0.036	0.701	0.070	0.193
0.112	0.136	0.686	0.066
0.144	0.227	0.539	0.090
0.158	0.070	0.146	0.626
0.142	0.101	0.120	0.637
0.187	0.128	0.179	0.506
>TGAGTCAC	4-TGAGTCAC	8.899234	-86.643122	0	T:372.0(10.80%),B:2340.0(5.24%),P:1e-37	Tpos:274.3,Tstd:216.8,Bpos:232.8,Bstd:134.4,StrandBias:0.2,Multiplicity:1.13
0.001	0.001	0.001	0.997
0.001	0.001	0.997	0.001
0.997	0.001	0.001	0.001
0.001	0.213	0.785	0.001
0.001	0.001	0.001	0.997
0.001	0.997	0.001	0.001
0.997	0.001	0.001	0.001
0.001	0.590	0.145	0.264
>CGCBNHWW	5-CGCBNHWW	4.484942	-74.965761	0	T:795.0(23.09%),B:6834.1(15.30%),P:1e-32	Tpos:356.7,Tstd:293.0,Bpos:227.6,Bstd:158.0,StrandBias:-0.1,Multiplicity:1.36
0.001	0.997	0.001	0.001
0.001	0.001	0.997	0.001
0.180	0.406	0.232	0.182
0.088	0.334	0.299	0.279
0.273	0.231	0.180	0.316
0.336	0.250	0.060	0.354
0.373	0.204	0.069	0.355
0.366	0.184	0.029	0.421
>ACTAGCGG	6-ACTAGCGG	5.976612	-70.171304	0	T:575.0(16.70%),B:4575.3(10.24%),P:1e-30	Tpos:298.2,Tstd:234.3,Bpos:231.1,Bstd:143.4,StrandBias:0.0,Multiplicity:1.11
0.932	0.001	0.043	0.024
0.023	0.874	0.092	0.011
0.001	0.001	0.001	0.997
0.997	0.001	0.001	0.001
0.057	0.125	0.817	0.001
0.036	0.798	0.165	0.001
0.101	0.082	0.754	0.063
0.067	0.024	0.908	0.001
>GGCGGRGC	7-GGCGGRGC	7.530054	-69.493197	0	T:620.0(18.01%),B:5060.5(11.33%),P:1e-30	Tpos:349.8,Tstd:284.3,Bpos:233.9,Bstd:161.3,StrandBias:0.2,Multiplicity:1.63
0.041	0.048	0.886	0.025
0.001	0.001	0.997	0.001
0.001	0.836	0.001	0.162
0.050	0.024	0.851	0.075
0.037	0.001	0.881	0.081
0.392	0.058	0.471	0.078
0.289	0.025	0.473	0.213
0.191	0.615	0.001	0.193
>KTWCSGTA	8-KTWCSGTA	5.027962	-67.937294	0	T:857.0(24.89%),B:7681.8(17.19%),P:1e-29	Tpos:329.9,Tstd:282.7,Bpos:232.1,Bstd:149.1,StrandBias:0.0,Multiplicity:1.18
0.131	0.106	0.456	0.307
0.256	0.146	0.021	0.577
0.506	0.043	0.001	0.450
0.001	0.997	0.001	0.001
0.001	0.485	0.472	0.042
0.143	0.001	0.855	0.001
0.300	0.001	0.101	0.598
0.701	0.100	0.001	0.198
>TAGRKGGC	9-TAGRKGGC	6.217441	-59.138347	0	T:406.0(11.79%),B:3042.3(6.81%),P:1e-25	Tpos:270.0,Tstd:190.3,Bpos:232.0,Bstd:141.7,StrandBias:-0.1,Multiplicity:1.08
0.001	0.026	0.001	0.972
0.997	0.001	0.001	0.001
0.001	0.001	0.997	0.001
0.473	0.001	0.525	0.001
0.001	0.001	0.429	0.569
0.001	0.001	0.997	0.001
0.001	0.001	0.997	0.001
0.001	0.997	0.001	0.001
>ACGTSACA	10-ACGTSACA	6.111959	-55.821087	0	T:493.0(14.32%),B:3991.5(8.93%),P:1e-24	Tpos:326.2,Tstd:264.4,Bpos:226.7,Bstd:152.6,StrandBias:0.1,Multiplicity:1.21
0.897	0.027	0.075	0.001
0.002	0.994	0.003	0.001
0.001	0.001	0.935	0.063
0.001	0.001	0.019	0.979
0.218	0.434	0.347	0.001
0.699	0.001	0.004	0.296
0.226	0.611	0.083	0.080
0.667	0.100	0.101	0.132
>ACGCAAAT	11-ACGCAAAT	6.270647	-53.346521	0	T:276.0(8.02%),B:1867.5(4.18%),P:1e-23	Tpos:308.7,Tstd:271.9,Bpos:230.5,Bstd:145.3,StrandBias:0.1,Multiplicity:1.08
0.880	0.001	0.001	0.118
0.001	0.918	0.001	0.080
0.001	0.001	0.997	0.001
0.198	0.800	0.001	0.001
0.845	0.001	0.153	0.001
0.955	0.001	0.001	0.043
0.795	0.001	0.001	0.203
0.001	0.194	0.001	0.804
>GTGGGTGG	12-GTGGGTGG	9.088821	-52.406007	0	T:530.0(15.39%),B:4451.2(9.96%),P:1e-22	Tpos:315.9,Tstd:253.2,Bpos:231.4,Bstd:140.0,StrandBias:-0.0,Multiplicity:1.17
0.001	0.001	0.997	0.001
0.001	0.001	0.001	0.997
0.001	0.001	0.997	0.001
0.001	0.001	0.997	0.001
0.001	0.001	0.997	0.001
0.285	0.138	0.001	0.576
0.001	0.001	0.997	0.001
0.001	0.001	0.997	0.001
>GTTTCCTT	13-GTTTCCTT	6.748414	-48.282567	0	T:1184.0(34.39%),B:12065.2(27.01%),P:1e-20	Tpos:294.5,Tstd:241.0,Bpos:231.4,Bstd:140.4,StrandBias:-0.1,Multiplicity:1.24
0.161	0.072	0.742	0.025
0.011	0.328	0.076	0.585
0.001	0.068	0.001	0.930
0.004	0.011	0.128	0.857
0.011	0.852	0.103	0.034
0.100	0.791	0.001	0.108
0.082	0.018	0.069	0.831
0.027	0.171	0.250	0.552
>TTCCCGCG	14-TTCCCGCG	7.533246	-43.084379	0	T:263.0(7.64%),B:1890.4(4.23%),P:1e-18	Tpos:373.8,Tstd:321.8,Bpos:227.4,Bstd:164.4,StrandBias:-0.1,Multiplicity:1.14
0.001	0.001	0.001	0.997
0.001	0.001	0.001	0.997
0.001	0.997	0.001	0.001
0.159	0.719	0.001	0.121
0.001	0.997	0.001	0.001
0.001	0.001	0.997	0.001
0.001	0.997	0.001	0.001
0.001	0.240	0.758	0.001
>TTWCCACT	15-TTWCCACT	7.344334	-42.803445	0	T:409.0(11.88%),B:3373.8(7.55%),P:1e-18	Tpos:280.0,Tstd:239.9,Bpos:230.5,Bstd:140.1,StrandBias:-0.2,Multiplicity:1.06
0.104	0.001	0.231	0.664
0.001	0.053	0.062	0.884
0.393	0.047	0.041	0.519
0.059	0.801	0.091	0.049
0.001	0.865	0.075	0.059
0.748	0.104	0.147	0.001
0.001	0.997	0.001	0.001
0.289	0.007	0.150	0.554
>CTTCAAAG	16-CTTCAAAG	8.583091	-42.087340	0	T:413.0(12.00%),B:3430.1(7.68%),P:1e-18	Tpos:287.8,Tstd:245.4,Bpos:232.5,Bstd:141.3,StrandBias:0.3,Multiplicity:1.13
0.001	0.811	0.001	0.187
0.155	0.001	0.001	0.843
0.001	0.001	0.001	0.997
0.121	0.877	0.001	0.001
0.997	0.001	0.001	0.001
0.997	0.001	0.001	0.001
0.997	0.001	0.001	0.001
0.001	0.001	0.997	0.001
>GATTGGCT	17-GATTGGCT	9.761831	-40.610137	0	T:160.0(4.65%),B:968.8(2.17%),P:1e-17	Tpos:294.8,Tstd:209.5,Bpos:223.8,Bstd:142.4,StrandBias:0.1,Multiplicity:1.10
0.001	0.119	0.879	0.001
0.997	0.001	0.001	0.001
0.001	0.001	0.001	0.997
0.001	0.001	0.001	0.997
0.001	0.001	0.997	0.001
0.001	0.001	0.997	0.001
0.001	0.660	0.001	0.338
0.001	0.093	0.001	0.905
>CGGATGTG	18-CGGATGTG	7.029127	-34.953026	0	T:257.0(7.46%),B:1964.5(4.40%),P:1e-15	Tpos:283.8,Tstd:224.1,Bpos:234.9,Bstd:141.7,StrandBias:0.1,Multiplicity:1.06
0.114	0.884	0.001	0.001
0.001	0.001	0.997	0.001
0.001	0.001	0.931	0.067
0.997	0.001	0.001	0.001
0.001	0.001	0.001	0.997
0.251	0.001	0.641	0.107
0.001	0.001	0.001	0.997
0.198	0.001	0.564	0.237
>TAGCGCSA	19-TAGCGCSA	6.390316	-34.152677	0	T:124.0(3.60%),B:725.5(1.62%),P:1e-14	Tpos:360.7,Tstd:302.2,Bpos:230.7,Bstd:163.7,StrandBias:0.0,Multiplicity:1.02
0.001	0.001	0.001	0.997
0.968	0.001	0.030	0.001
0.001	0.001	0.659	0.339
0.001	0.997	0.001	0.001
0.001	0.001	0.997	0.001
0.001	0.997	0.001	0.001
0.001	0.467	0.531	0.001
0.997	0.001	0.001	0.001
>CGTNTGAA	20-CGTNTGAA	2.093002	-30.298031	0	T:612.0(17.78%),B:5941.2(13.30%),P:1e-13	Tpos:303.2,Tstd:253.0,Bpos:229.2,Bstd:154.4,StrandBias:-0.1,Multiplicity:1.20
0.001	0.997	0.001	0.001
0.001	0.001	0.997	0.001
0.001	0.001	0.001	0.997
0.219	0.309	0.172	0.300
0.001	0.001	0.383	0.615
0.001	0.339	0.659	0.001
0.884	0.001	0.114	0.001
0.997	0.001	0.001	0.001
>TTTGATCT	21-TTTGATCT	9.698901	-17.236629	0	T:147.0(4.27%),B:1185.6(2.65%),P:1e-7	Tpos:294.9,Tstd:244.0,Bpos:228.3,Bstd:135.0,StrandBias:0.2,Multiplicity:1.04
0.001	0.001	0.001	0.997
0.001	0.254	0.001	0.744
0.001	0.001	0.001	0.997
0.001	0.001	0.997	0.001
0.997	0.001	0.001	0.001
0.001	0.001	0.001	0.997
0.001	0.997	0.001	0.001
0.001	0.001	0.001	0.997
>TTARCGAC	22-TTARCGAC	8.927566	-16.416807	0	T:72.0(2.09%),B:468.6(1.05%),P:1e-7	Tpos:256.2,Tstd:198.7,Bpos:227.3,Bstd:141.4,StrandBias:-0.6,Multiplicity:1.00
0.001	0.001	0.001	0.997
0.001	0.001	0.001	0.997
0.997	0.001	0.001	0.001
0.465	0.042	0.492	0.001
0.001	0.997	0.001	0.001
0.238	0.001	0.760	0.001
0.997	0.001	0.001	0.001
0.001	0.997	0.001	0.001
