>SAYTTCCKKY	1-SAYTTCCKKY	6.366623	-253.707261	0	T:1250.0(36.31%),B:8877.2(19.87%),P:1e-110	Tpos:287.7,Tstd:231.5,Bpos:234.5,Bstd:144.5,StrandBias:-0.0,Multiplicity:1.33
0.189	0.370	0.241	0.200
0.533	0.126	0.340	0.001
0.001	0.498	0.054	0.447
0.230	0.016	0.083	0.671
0.092	0.094	0.034	0.780
0.064	0.844	0.091	0.001
0.013	0.816	0.138	0.033
0.001	0.127	0.485	0.387
0.032	0.256	0.413	0.299
0.107	0.317	0.117	0.459
>CCMCCTAGTG	2-CCMCCTAGTG	5.471077	-166.697529	0	T:337.0(9.79%),B:1397.9(3.13%),P:1e-72	Tpos:269.6,Tstd:204.7,Bpos:238.2,Bstd:131.9,StrandBias:-0.0,Multiplicity:1.06
0.001	0.997	0.001	0.001
0.001	0.997	0.001	0.001
0.559	0.439	0.001	0.001
0.001	0.595	0.001	0.403
0.001	0.997	0.001	0.001
0.001	0.001	0.001	0.997
0.800	0.001	0.198	0.001
0.001	0.304	0.694	0.001
0.001	0.001	0.001	0.997
0.001	0.001	0.997	0.001
>NRCYCCGCCC	3-NRCYCCGCCC	5.886420	-95.800777	0	T:919.0(26.69%),B:7764.7(17.38%),P:1e-41	Tpos:351.3,Tstd:281.8,Bpos:234.3,Bstd:153.2,StrandBias:-0.0,Multiplicity:1.83
0.250	0.298	0.255	0.197
0.327	0.028	0.420	0.226
0.219	0.424	0.129	0.228
0.025	0.504	0.025	0.446
0.295	0.637	0.033	0.035
0.226	0.608	0.026	0.140
0.222	0.019	0.493	0.266
0.026	0.729	0.026	0.219
0.173	0.551	0.034	0.242
0.243	0.483	0.028	0.246
>TGASTCABMV	4-TGASTCABMV	7.790708	-94.484917	0	T:419.0(12.17%),B:2678.8(6.00%),P:1e-41	Tpos:272.3,Tstd:219.0,Bpos:232.6,Bstd:134.3,StrandBias:0.1,Multiplicity:1.13
0.125	0.001	0.001	0.873
0.001	0.020	0.897	0.082
0.997	0.001	0.001	0.001
0.088	0.473	0.410	0.030
0.001	0.001	0.001	0.997
0.007	0.991	0.001	0.001
0.997	0.001	0.001	0.001
0.022	0.314	0.289	0.375
0.412	0.362	0.077	0.149
0.244	0.341	0.251	0.164
>TTGCGGTTTA	5-TTGCGGTTTA	4.753692	-69.863049	0	T:1528.0(44.38%),B:15565.0(34.84%),P:1e-30	Tpos:309.6,Tstd:274.0,Bpos:231.7,Bstd:146.3,StrandBias:-0.0,Multiplicity:1.44
0.105	0.137	0.107	0.651
0.077	0.102	0.110	0.711
0.101	0.115	0.663	0.121
0.084	0.711	0.089	0.116
0.087	0.108	0.722	0.083
0.083	0.117	0.707	0.093
0.095	0.093	0.104	0.708
0.069	0.092	0.068	0.771
0.094	0.094	0.099	0.713
0.644	0.128	0.114	0.114
>AGCCAATCAG	6-AGCCAATCAG	8.387228	-66.034810	0	T:241.0(7.00%),B:1403.2(3.14%),P:1e-28	Tpos:305.5,Tstd:211.7,Bpos:227.7,Bstd:151.5,StrandBias:0.0,Multiplicity:1.18
0.589	0.144	0.155	0.112
0.315	0.001	0.617	0.067
0.001	0.997	0.001	0.001
0.001	0.829	0.169	0.001
0.951	0.047	0.001	0.001
0.997	0.001	0.001	0.001
0.001	0.042	0.001	0.956
0.001	0.920	0.078	0.001
0.705	0.141	0.133	0.021
0.129	0.180	0.661	0.030
>TTTCAAACGC	7-TTTCAAACGC	6.434045	-56.386535	0	T:736.0(21.38%),B:6608.0(14.79%),P:1e-24	Tpos:283.2,Tstd:253.9,Bpos:233.1,Bstd:145.9,StrandBias:0.1,Multiplicity:1.13
0.054	0.059	0.040	0.847
0.067	0.069	0.071	0.793
0.101	0.041	0.048	0.810
0.051	0.790	0.071	0.088
0.794	0.115	0.027	0.064
0.728	0.077	0.095	0.100
0.866	0.044	0.020	0.070
0.071	0.821	0.078	0.030
0.087	0.076	0.783	0.054
0.085	0.774	0.073	0.068
>TCGATTGGCG	8-TCGATTGGCG	6.748722	-50.944238	0	T:244.0(7.09%),B:1601.8(3.59%),P:1e-22	Tpos:336.5,Tstd:301.2,Bpos:232.0,Bstd:156.4,StrandBias:0.1,Multiplicity:1.10
0.051	0.054	0.077	0.818
0.085	0.763	0.066	0.086
0.046	0.055	0.784	0.115
0.769	0.069	0.083	0.079
0.109	0.029	0.080	0.782
0.083	0.091	0.026	0.800
0.061	0.054	0.807	0.078
0.052	0.078	0.854	0.016
0.068	0.834	0.041	0.057
0.051	0.048	0.794	0.107
>CTTTGAAGTG	9-CTTTGAAGTG	9.884493	-49.843771	0	T:141.0(4.10%),B:721.6(1.62%),P:1e-21	Tpos:257.1,Tstd:180.8,Bpos:230.8,Bstd:135.7,StrandBias:-0.1,Multiplicity:1.05
0.001	0.870	0.081	0.048
0.001	0.001	0.001	0.997
0.001	0.084	0.001	0.914
0.011	0.001	0.001	0.987
0.001	0.005	0.944	0.050
0.979	0.001	0.001	0.019
0.908	0.006	0.011	0.075
0.054	0.001	0.944	0.001
0.085	0.012	0.091	0.812
0.134	0.055	0.702	0.109
>TTATTTGCAT	10-TTATTTGCAT	8.949032	-46.044387	0	T:137.0(3.98%),B:721.2(1.61%),P:1e-19	Tpos:273.8,Tstd:221.0,Bpos:232.0,Bstd:135.0,StrandBias:0.2,Multiplicity:1.05
0.043	0.107	0.001	0.849
0.144	0.229	0.129	0.498
0.957	0.001	0.001	0.041
0.001	0.001	0.001	0.997
0.031	0.038	0.003	0.928
0.001	0.001	0.001	0.997
0.033	0.001	0.965	0.001
0.076	0.922	0.001	0.001
0.986	0.012	0.001	0.001
0.012	0.001	0.024	0.963
>TTTTCGCGCG	11-TTTTCGCGCG	4.817957	-43.493133	0	T:511.0(14.84%),B:4446.4(9.95%),P:1e-18	Tpos:366.5,Tstd:329.5,Bpos:229.8,Bstd:164.1,StrandBias:0.1,Multiplicity:1.35
0.121	0.109	0.101	0.669
0.100	0.100	0.085	0.715
0.101	0.093	0.091	0.715
0.091	0.088	0.098	0.723
0.123	0.669	0.105	0.103
0.109	0.102	0.688	0.101
0.112	0.686	0.115	0.087
0.114	0.086	0.718	0.082
0.092	0.697	0.108	0.103
0.097	0.110	0.722	0.071
>AASCGCCCTC	12-AASCGCCCTC	9.016864	-42.458419	0	T:122.0(3.54%),B:631.9(1.41%),P:1e-18	Tpos:337.3,Tstd:277.4,Bpos:226.9,Bstd:155.9,StrandBias:0.1,Multiplicity:1.03
0.807	0.092	0.100	0.001
0.903	0.095	0.001	0.001
0.001	0.426	0.572	0.001
0.008	0.989	0.001	0.002
0.001	0.001	0.997	0.001
0.001	0.962	0.001	0.036
0.158	0.786	0.001	0.055
0.243	0.755	0.001	0.001
0.223	0.002	0.124	0.651
0.001	0.606	0.203	0.190
>YGCGCATGCG	13-YGCGCATGCG	7.620618	-39.862285	0	T:267.0(7.75%),B:1980.6(4.43%),P:1e-17	Tpos:341.7,Tstd:261.9,Bpos:230.3,Bstd:163.1,StrandBias:0.1,Multiplicity:1.17
0.007	0.470	0.048	0.475
0.394	0.006	0.599	0.001
0.008	0.990	0.001	0.001
0.001	0.001	0.983	0.015
0.001	0.997	0.001	0.001
0.562	0.349	0.001	0.088
0.061	0.001	0.093	0.845
0.001	0.031	0.967	0.001
0.001	0.990	0.001	0.008
0.001	0.001	0.751	0.247
>AACGKAGCGA	14-AACGKAGCGA	8.466555	-37.970614	0	T:41.0(1.19%),B:100.4(0.22%),P:1e-16	Tpos:269.4,Tstd:182.2,Bpos:235.0,Bstd:155.1,StrandBias:-0.3,Multiplicity:1.00
0.940	0.038	0.021	0.001
0.965	0.001	0.033	0.001
0.230	0.733	0.036	0.001
0.240	0.012	0.720	0.028
0.193	0.022	0.352	0.433
0.393	0.240	0.149	0.217
0.085	0.066	0.764	0.085
0.047	0.818	0.061	0.074
0.167	0.032	0.763	0.038
0.634	0.253	0.036	0.077
>CATAGTTTCC	15-CATAGTTTCC	9.012967	-36.820962	0	T:100.0(2.90%),B:503.4(1.13%),P:1e-15	Tpos:230.8,Tstd:170.6,Bpos:239.2,Bstd:133.2,StrandBias:0.1,Multiplicity:1.03
0.014	0.923	0.001	0.062
0.997	0.001	0.001	0.001
0.126	0.001	0.001	0.872
0.908	0.001	0.001	0.090
0.077	0.121	0.650	0.152
0.001	0.001	0.001	0.997
0.001	0.001	0.027	0.971
0.001	0.063	0.020	0.916
0.008	0.930	0.014	0.048
0.001	0.918	0.080	0.001
>CACCCGTTTC	16-CACCCGTTTC	7.649219	-36.041762	0	T:173.0(5.02%),B:1139.1(2.55%),P:1e-15	Tpos:258.4,Tstd:211.6,Bpos:234.0,Bstd:138.0,StrandBias:-0.0,Multiplicity:1.02
0.052	0.845	0.029	0.074
0.871	0.039	0.078	0.012
0.056	0.673	0.083	0.188
0.089	0.773	0.070	0.068
0.067	0.757	0.069	0.107
0.031	0.127	0.832	0.010
0.062	0.070	0.081	0.787
0.113	0.040	0.045	0.802
0.083	0.040	0.024	0.853
0.065	0.819	0.031	0.085
>ATGTGACGTC	17-ATGTGACGTC	11.354448	-32.555175	0	T:15.0(0.44%),B:10.7(0.02%),P:1e-14	Tpos:272.4,Tstd:226.1,Bpos:194.6,Bstd:115.9,StrandBias:-0.6,Multiplicity:1.00
0.997	0.001	0.001	0.001
0.001	0.001	0.001	0.997
0.001	0.001	0.894	0.104
0.001	0.001	0.001	0.997
0.104	0.001	0.894	0.001
0.997	0.001	0.001	0.001
0.001	0.997	0.001	0.001
0.001	0.001	0.997	0.001
0.001	0.001	0.001	0.997
0.104	0.894	0.001	0.001
>TGACGTCAGT	18-TGACGTCAGT	7.418234	-32.481390	0	T:176.0(5.11%),B:1216.0(2.72%),P:1e-14	Tpos:284.2,Tstd:220.3,Bpos:228.7,Bstd:145.1,StrandBias:0.1,Multiplicity:1.02
0.066	0.057	0.075	0.802
0.044	0.056	0.819	0.081
0.825	0.035	0.052	0.088
0.090	0.806	0.040	0.064
0.060	0.042	0.841	0.057
0.032	0.058	0.024	0.886
0.065	0.815	0.062	0.058
0.698	0.068	0.082	0.152
0.040	0.108	0.768	0.084
0.076	0.097	0.082	0.745
>CGTTACCACA	19-CGTTACCACA	8.536535	-27.339443	0	T:79.0(2.29%),B:415.3(0.93%),P:1e-11	Tpos:224.8,Tstd:179.1,Bpos:239.4,Bstd:139.7,StrandBias:-0.3,Multiplicity:1.03
0.117	0.744	0.102	0.037
0.024	0.105	0.803	0.068
0.082	0.001	0.025	0.892
0.062	0.001	0.020	0.917
0.969	0.007	0.023	0.001
0.001	0.948	0.001	0.050
0.081	0.917	0.001	0.001
0.956	0.001	0.001	0.042
0.001	0.997	0.001	0.001
0.892	0.025	0.082	0.001
>AACGTTTCCG	20-AACGTTTCCG	9.111405	-26.150910	0	T:42.0(1.22%),B:151.8(0.34%),P:1e-11	Tpos:325.4,Tstd:322.8,Bpos:197.8,Bstd:156.9,StrandBias:-0.2,Multiplicity:1.00
0.927	0.071	0.001	0.001
0.903	0.001	0.001	0.095
0.038	0.843	0.060	0.059
0.096	0.050	0.832	0.022
0.001	0.001	0.058	0.940
0.001	0.001	0.001	0.997
0.001	0.001	0.095	0.903
0.096	0.831	0.001	0.072
0.001	0.951	0.001	0.047
0.041	0.022	0.936	0.001
>GGCGTGTTCT	21-GGCGTGTTCT	11.013271	-22.803480	0	T:30.0(0.87%),B:92.1(0.21%),P:1e-9	Tpos:327.3,Tstd:172.5,Bpos:250.3,Bstd:155.4,StrandBias:0.3,Multiplicity:1.00
0.069	0.128	0.802	0.001
0.001	0.001	0.997	0.001
0.001	0.997	0.001	0.001
0.001	0.001	0.997	0.001
0.001	0.001	0.001	0.997
0.001	0.001	0.997	0.001
0.001	0.001	0.139	0.859
0.001	0.001	0.001	0.997
0.001	0.997	0.001	0.001
0.001	0.001	0.001	0.997
>CAGCTGTCAG	22-CAGCTGTCAG	8.032224	-19.568552	0	T:226.0(6.56%),B:1959.7(4.39%),P:1e-8	Tpos:279.8,Tstd:242.7,Bpos:233.1,Bstd:130.7,StrandBias:0.5,Multiplicity:1.19
0.070	0.761	0.059	0.110
0.618	0.026	0.279	0.077
0.193	0.049	0.745	0.013
0.080	0.830	0.067	0.023
0.042	0.063	0.049	0.846
0.007	0.269	0.678	0.046
0.191	0.204	0.099	0.506
0.186	0.381	0.215	0.217
0.717	0.031	0.167	0.085
0.015	0.060	0.691	0.234
>CTTGTACATA	23-CTTGTACATA	10.716614	-9.401700	0	T:21.0(0.61%),B:103.1(0.23%),P:1e-4	Tpos:239.4,Tstd:191.6,Bpos:234.5,Bstd:124.8,StrandBias:-0.5,Multiplicity:1.38
0.001	0.997	0.001	0.001
0.001	0.001	0.001	0.997
0.125	0.001	0.001	0.873
0.307	0.001	0.691	0.001
0.001	0.001	0.001	0.997
0.997	0.001	0.001	0.001
0.001	0.997	0.001	0.001
0.600	0.398	0.001	0.001
0.001	0.001	0.153	0.845
0.997	0.001	0.001	0.001
>GTGCTACAGT	24-GTGCTACAGT	10.357529	-6.988904	0	T:12.0(0.35%),B:52.4(0.12%),P:1e-3	Tpos:298.1,Tstd:195.1,Bpos:231.4,Bstd:136.6,StrandBias:-2.3,Multiplicity:3.00
0.001	0.001	0.997	0.001
0.001	0.035	0.001	0.963
0.001	0.001	0.997	0.001
0.119	0.879	0.001	0.001
0.001	0.001	0.001	0.997
0.997	0.001	0.001	0.001
0.001	0.997	0.001	0.001
0.997	0.001	0.001	0.001
0.001	0.001	0.997	0.001
0.001	0.001	0.001	0.997
>TGTGTTCAGG	25-TGTGTTCAGG	11.562876	-6.280904	0	T:17.0(0.49%),B:97.3(0.22%),P:1e-2	Tpos:264.0,Tstd:240.9,Bpos:265.5,Bstd:127.0,StrandBias:-1.7,Multiplicity:1.47
0.001	0.001	0.001	0.997
0.001	0.001	0.997	0.001
0.001	0.001	0.001	0.997
0.103	0.001	0.895	0.001
0.001	0.001	0.001	0.997
0.001	0.001	0.001	0.997
0.001	0.997	0.001	0.001
0.997	0.001	0.001	0.001
0.001	0.001	0.997	0.001
0.001	0.001	0.997	0.001
