Factor1: 1.0093329956114603
Factor2: 0.9907533037639298
