>CATATGCT	1-CATATGCT	7.257529	-17.295337	0	T:60.0(24.39%),B:5841.7(11.78%),P:1e-7	Tpos:379.2,Tstd:369.5,Bpos:216.1,Bstd:120.4,StrandBias:0.9,Multiplicity:1.27
0.001	0.655	0.001	0.343
0.915	0.083	0.001	0.001
0.001	0.001	0.104	0.894
0.997	0.001	0.001	0.001
0.065	0.001	0.001	0.933
0.001	0.121	0.766	0.112
0.001	0.997	0.001	0.001
0.270	0.102	0.001	0.627
>TCACTTGA	2-TCACTTGA	9.459372	-16.270305	0	T:27.0(10.98%),B:1659.6(3.35%),P:1e-7	Tpos:229.7,Tstd:212.8,Bpos:215.4,Bstd:127.0,StrandBias:-0.7,Multiplicity:1.07
0.001	0.001	0.048	0.950
0.001	0.933	0.001	0.065
0.997	0.001	0.001	0.001
0.027	0.971	0.001	0.001
0.001	0.001	0.001	0.997
0.001	0.001	0.001	0.997
0.001	0.265	0.733	0.001
0.866	0.076	0.057	0.001
>CGGTGTAC	3-CGGTGTAC	7.761363	-13.434051	0	T:7.0(2.85%),B:108.6(0.22%),P:1e-5	Tpos:122.1,Tstd:85.6,Bpos:205.5,Bstd:126.6,StrandBias:10.0,Multiplicity:1.00
0.001	0.997	0.001	0.001
0.001	0.001	0.997	0.001
0.001	0.001	0.997	0.001
0.001	0.191	0.001	0.807
0.191	0.001	0.807	0.001
0.001	0.001	0.001	0.997
0.997	0.001	0.001	0.001
0.001	0.997	0.001	0.001
>CGTGCSGC	4-CGTGCSGC	4.501265	-11.946117	0	T:57.0(23.17%),B:6374.4(12.85%),P:1e-5	Tpos:297.7,Tstd:266.8,Bpos:212.2,Bstd:124.3,StrandBias:0.1,Multiplicity:1.18
0.001	0.755	0.001	0.243
0.128	0.001	0.870	0.001
0.011	0.001	0.001	0.987
0.001	0.001	0.997	0.001
0.001	0.855	0.001	0.143
0.001	0.533	0.465	0.001
0.028	0.026	0.876	0.070
0.001	0.997	0.001	0.001
>CGGAAGTG	5-CGGAAGTG	8.438233	-6.258612	0	T:6.0(2.44%),B:256.1(0.52%),P:1e-2	Tpos:166.9,Tstd:157.0,Bpos:207.9,Bstd:121.6,StrandBias:0.0,Multiplicity:1.67
0.001	0.997	0.001	0.001
0.001	0.001	0.997	0.001
0.001	0.001	0.997	0.001
0.997	0.001	0.001	0.001
0.997	0.001	0.001	0.001
0.001	0.001	0.997	0.001
0.001	0.001	0.001	0.997
0.001	0.001	0.926	0.072
