Factor1: 1.0206956159469096
Factor2: 0.9797240081924815
