Factor1: 0.9741269826433254
Factor2: 1.02656021013448
