Factor1: 1.046200129977316
Factor2: 0.9558400647700971
