Factor1: 1.2859679663797978
Factor2: 0.7776243469074577
