Factor1: 1.2895709023102058
Factor2: 0.7754517399613676
