Factor1: 1.002505869933411
Factor2: 0.9975003937547244
