>ACAGGAAGYS	1-ACAGGAAGYS	8.273418	-223.559381	0	T:615.0(33.03%),B:6540.6(13.87%),P:1e-97	Tpos:293.6,Tstd:210.1,Bpos:239.8,Bstd:142.3,StrandBias:0.1,Multiplicity:1.27
0.525	0.122	0.336	0.017
0.246	0.461	0.292	0.001
0.997	0.001	0.001	0.001
0.001	0.001	0.997	0.001
0.001	0.001	0.997	0.001
0.997	0.001	0.001	0.001
0.649	0.001	0.001	0.349
0.412	0.020	0.567	0.001
0.097	0.415	0.001	0.487
0.152	0.284	0.400	0.163
>BTGTGGTTTN	2-BTGTGGTTTN	5.944280	-168.155810	0	T:799.0(42.91%),B:11210.6(23.77%),P:1e-73	Tpos:281.8,Tstd:234.3,Bpos:240.9,Bstd:147.0,StrandBias:-0.0,Multiplicity:1.45
0.146	0.255	0.250	0.348
0.196	0.123	0.093	0.588
0.048	0.076	0.695	0.181
0.197	0.127	0.104	0.572
0.095	0.016	0.888	0.001
0.001	0.001	0.986	0.012
0.001	0.261	0.120	0.618
0.139	0.208	0.217	0.436
0.235	0.111	0.210	0.444
0.340	0.217	0.227	0.216
>CACTTCCGGT	3-CACTTCCGGT	4.853252	-92.759759	0	T:933.0(50.11%),B:16491.2(34.96%),P:1e-40	Tpos:301.7,Tstd:248.1,Bpos:241.7,Bstd:148.1,StrandBias:-0.0,Multiplicity:1.36
0.110	0.643	0.126	0.121
0.681	0.102	0.102	0.115
0.077	0.758	0.076	0.089
0.114	0.112	0.075	0.699
0.102	0.089	0.078	0.731
0.105	0.690	0.110	0.095
0.093	0.752	0.071	0.084
0.086	0.129	0.685	0.100
0.096	0.106	0.676	0.122
0.098	0.097	0.120	0.685
>AGGGTGTGGC	4-AGGGTGTGGC	7.075559	-77.986192	0	T:522.0(28.03%),B:7865.1(16.67%),P:1e-33	Tpos:296.7,Tstd:246.4,Bpos:240.5,Bstd:149.3,StrandBias:0.0,Multiplicity:1.35
0.504	0.056	0.233	0.207
0.044	0.050	0.877	0.029
0.032	0.048	0.889	0.031
0.121	0.039	0.808	0.032
0.062	0.322	0.024	0.592
0.090	0.018	0.712	0.180
0.034	0.039	0.336	0.591
0.091	0.073	0.722	0.114
0.261	0.070	0.605	0.064
0.090	0.759	0.042	0.109
>AAACCGAAAC	5-AAACCGAAAC	6.497560	-60.263699	0	T:410.0(22.02%),B:6130.1(13.00%),P:1e-26	Tpos:285.3,Tstd:222.8,Bpos:238.4,Bstd:151.3,StrandBias:-0.0,Multiplicity:1.21
0.660	0.086	0.167	0.087
0.819	0.074	0.043	0.064
0.943	0.025	0.028	0.004
0.193	0.694	0.095	0.018
0.052	0.702	0.055	0.191
0.049	0.039	0.875	0.037
0.666	0.038	0.134	0.162
0.810	0.061	0.084	0.045
0.784	0.080	0.018	0.118
0.091	0.519	0.305	0.085
>TGTGASTCAC	6-TGTGASTCAC	7.429183	-43.499076	0	T:200.0(10.74%),B:2555.5(5.42%),P:1e-18	Tpos:288.7,Tstd:235.2,Bpos:235.6,Bstd:144.5,StrandBias:0.0,Multiplicity:1.14
0.278	0.018	0.268	0.437
0.265	0.216	0.494	0.025
0.001	0.001	0.017	0.981
0.018	0.001	0.964	0.017
0.945	0.001	0.053	0.001
0.041	0.504	0.454	0.001
0.011	0.001	0.027	0.961
0.029	0.969	0.001	0.001
0.918	0.021	0.060	0.001
0.030	0.516	0.221	0.233
>GAGTCATAAT	7-GAGTCATAAT	9.253896	-37.478019	0	T:46.0(2.47%),B:251.3(0.53%),P:1e-16	Tpos:247.4,Tstd:195.6,Bpos:226.4,Bstd:138.3,StrandBias:-0.1,Multiplicity:1.00
0.014	0.131	0.679	0.176
0.970	0.001	0.001	0.028
0.001	0.001	0.955	0.043
0.023	0.072	0.060	0.845
0.041	0.957	0.001	0.001
0.997	0.001	0.001	0.001
0.018	0.001	0.014	0.967
0.939	0.001	0.024	0.036
0.843	0.105	0.001	0.051
0.063	0.047	0.001	0.889
>TYKTGGTCTG	8-TYKTGGTCTG	7.347517	-35.926847	0	T:248.0(13.32%),B:3678.7(7.80%),P:1e-15	Tpos:325.5,Tstd:277.9,Bpos:237.8,Bstd:144.6,StrandBias:-0.0,Multiplicity:1.06
0.074	0.008	0.001	0.917
0.152	0.314	0.088	0.446
0.138	0.117	0.310	0.435
0.001	0.375	0.001	0.623
0.001	0.343	0.655	0.001
0.001	0.001	0.997	0.001
0.001	0.001	0.192	0.806
0.001	0.820	0.001	0.178
0.148	0.033	0.092	0.727
0.001	0.001	0.878	0.120
>CRACCACAGD	9-CRACCACAGD	7.136293	-34.943279	0	T:236.0(12.67%),B:3474.4(7.37%),P:1e-15	Tpos:305.4,Tstd:241.6,Bpos:237.7,Bstd:146.4,StrandBias:-0.0,Multiplicity:1.06
0.001	0.596	0.154	0.249
0.389	0.239	0.247	0.124
0.749	0.217	0.033	0.001
0.072	0.926	0.001	0.001
0.106	0.698	0.195	0.001
0.668	0.121	0.210	0.001
0.001	0.620	0.269	0.110
0.598	0.256	0.022	0.124
0.001	0.306	0.615	0.078
0.263	0.001	0.380	0.356
>GAAACAGCTG	10-GAAACAGCTG	7.530932	-27.316120	0	T:242.0(13.00%),B:3865.0(8.19%),P:1e-11	Tpos:315.2,Tstd:255.9,Bpos:235.9,Bstd:141.7,StrandBias:-0.1,Multiplicity:1.09
0.068	0.060	0.832	0.040
0.847	0.080	0.030	0.043
0.753	0.072	0.112	0.063
0.867	0.068	0.047	0.018
0.086	0.675	0.138	0.101
0.820	0.052	0.072	0.056
0.061	0.091	0.770	0.078
0.080	0.829	0.047	0.044
0.070	0.059	0.039	0.832
0.051	0.046	0.787	0.116
>HCACCACAGM	11-HCACCACAGM	9.701284	-27.160545	0	T:104.0(5.59%),B:1233.0(2.61%),P:1e-11	Tpos:358.4,Tstd:300.0,Bpos:234.5,Bstd:148.3,StrandBias:0.0,Multiplicity:1.00
0.351	0.258	0.001	0.390
0.001	0.997	0.001	0.001
0.781	0.217	0.001	0.001
0.134	0.778	0.001	0.087
0.001	0.931	0.067	0.001
0.819	0.042	0.080	0.059
0.001	0.997	0.001	0.001
0.997	0.001	0.001	0.001
0.001	0.001	0.648	0.350
0.537	0.461	0.001	0.001
>CGTGACGTCA	12-CGTGACGTCA	6.002928	-25.550901	0	T:142.0(7.63%),B:1956.3(4.15%),P:1e-11	Tpos:275.2,Tstd:197.6,Bpos:239.8,Bstd:151.5,StrandBias:-0.2,Multiplicity:1.14
0.168	0.477	0.174	0.181
0.147	0.108	0.596	0.149
0.141	0.131	0.128	0.600
0.105	0.123	0.606	0.166
0.609	0.108	0.139	0.144
0.119	0.696	0.080	0.105
0.161	0.136	0.563	0.140
0.168	0.153	0.080	0.599
0.160	0.583	0.152	0.105
0.663	0.135	0.055	0.147
>CTTCCTGGCG	13-CTTCCTGGCG	8.388148	-25.178321	0	T:122.0(6.55%),B:1597.4(3.39%),P:1e-10	Tpos:298.8,Tstd:269.4,Bpos:239.1,Bstd:148.1,StrandBias:-0.6,Multiplicity:1.07
0.164	0.689	0.095	0.052
0.131	0.073	0.013	0.783
0.081	0.063	0.016	0.840
0.029	0.891	0.053	0.027
0.038	0.842	0.048	0.072
0.103	0.035	0.009	0.853
0.054	0.057	0.791	0.098
0.180	0.035	0.697	0.088
0.009	0.880	0.053	0.058
0.054	0.117	0.748	0.081
>ATTCAAACTC	14-ATTCAAACTC	9.091753	-24.625723	0	T:64.0(3.44%),B:625.7(1.33%),P:1e-10	Tpos:332.1,Tstd:277.0,Bpos:253.9,Bstd:144.7,StrandBias:-0.3,Multiplicity:1.12
0.820	0.048	0.001	0.131
0.001	0.104	0.001	0.894
0.001	0.001	0.001	0.997
0.001	0.897	0.101	0.001
0.900	0.001	0.001	0.098
0.997	0.001	0.001	0.001
0.904	0.001	0.094	0.001
0.182	0.816	0.001	0.001
0.131	0.001	0.001	0.867
0.001	0.927	0.071	0.001
>TGGCCACAAA	15-TGGCCACAAA	10.333024	-23.453546	0	T:63.0(3.38%),B:628.6(1.33%),P:1e-10	Tpos:286.1,Tstd:194.6,Bpos:239.1,Bstd:142.6,StrandBias:-0.0,Multiplicity:1.03
0.001	0.001	0.001	0.997
0.068	0.001	0.833	0.098
0.001	0.001	0.997	0.001
0.001	0.852	0.001	0.146
0.001	0.997	0.001	0.001
0.856	0.001	0.001	0.142
0.001	0.997	0.001	0.001
0.780	0.127	0.092	0.001
0.543	0.001	0.379	0.077
0.708	0.205	0.086	0.001
>AGATGCTTAT	16-AGATGCTTAT	11.481802	-19.510769	0	T:17.0(0.91%),B:67.9(0.14%),P:1e-8	Tpos:227.8,Tstd:195.4,Bpos:243.7,Bstd:147.2,StrandBias:0.0,Multiplicity:1.00
0.997	0.001	0.001	0.001
0.001	0.001	0.997	0.001
0.997	0.001	0.001	0.001
0.001	0.001	0.001	0.997
0.160	0.001	0.838	0.001
0.001	0.885	0.113	0.001
0.001	0.001	0.001	0.997
0.001	0.001	0.001	0.997
0.997	0.001	0.001	0.001
0.001	0.001	0.001	0.997
>CAGGAAGGGG	17-CAGGAAGGGG	10.237575	-19.414033	0	T:113.0(6.07%),B:1590.5(3.37%),P:1e-8	Tpos:303.7,Tstd:260.4,Bpos:232.4,Bstd:149.0,StrandBias:0.0,Multiplicity:1.02
0.167	0.696	0.136	0.001
0.997	0.001	0.001	0.001
0.001	0.001	0.960	0.038
0.373	0.001	0.625	0.001
0.949	0.001	0.001	0.049
0.997	0.001	0.001	0.001
0.217	0.001	0.781	0.001
0.118	0.047	0.834	0.001
0.001	0.262	0.736	0.001
0.001	0.001	0.997	0.001
>GCCAATAGCG	18-GCCAATAGCG	9.694505	-18.897201	0	T:28.0(1.50%),B:189.6(0.40%),P:1e-8	Tpos:246.2,Tstd:146.2,Bpos:226.0,Bstd:138.7,StrandBias:-1.2,Multiplicity:1.07
0.001	0.001	0.997	0.001
0.001	0.997	0.001	0.001
0.001	0.997	0.001	0.001
0.942	0.056	0.001	0.001
0.930	0.068	0.001	0.001
0.081	0.028	0.001	0.890
0.952	0.001	0.046	0.001
0.001	0.180	0.818	0.001
0.001	0.895	0.064	0.040
0.077	0.032	0.643	0.248
>GTTGCGATGG	19-GTTGCGATGG	10.056062	-18.773806	0	T:36.0(1.93%),B:295.1(0.63%),P:1e-8	Tpos:230.8,Tstd:132.4,Bpos:247.2,Bstd:143.2,StrandBias:0.3,Multiplicity:1.00
0.081	0.066	0.852	0.001
0.059	0.001	0.001	0.939
0.091	0.001	0.079	0.829
0.001	0.001	0.997	0.001
0.129	0.856	0.001	0.014
0.001	0.204	0.695	0.100
0.997	0.001	0.001	0.001
0.001	0.001	0.091	0.907
0.001	0.001	0.997	0.001
0.001	0.001	0.997	0.001
>TTAGTCATGC	20-TTAGTCATGC	8.703895	-16.997007	0	T:69.0(3.71%),B:851.9(1.81%),P:1e-7	Tpos:321.5,Tstd:199.0,Bpos:242.1,Bstd:138.9,StrandBias:-0.7,Multiplicity:1.18
0.001	0.110	0.001	0.888
0.001	0.111	0.001	0.887
0.671	0.001	0.227	0.101
0.001	0.286	0.712	0.001
0.001	0.001	0.001	0.997
0.220	0.608	0.001	0.171
0.997	0.001	0.001	0.001
0.001	0.097	0.337	0.565
0.111	0.001	0.827	0.061
0.005	0.993	0.001	0.001
>GGTATATATA	21-GGTATATATA	7.183262	-16.377528	0	T:89.0(4.78%),B:1229.6(2.61%),P:1e-7	Tpos:326.4,Tstd:242.7,Bpos:236.0,Bstd:129.2,StrandBias:0.4,Multiplicity:1.04
0.093	0.071	0.757	0.079
0.130	0.061	0.757	0.052
0.050	0.041	0.050	0.859
0.808	0.095	0.050	0.047
0.065	0.033	0.104	0.798
0.834	0.047	0.051	0.068
0.048	0.088	0.078	0.786
0.786	0.124	0.052	0.038
0.069	0.073	0.088	0.770
0.855	0.041	0.046	0.058
>ATCTCCGCCC	22-ATCTCCGCCC	6.404373	-14.599022	0	T:634.0(34.05%),B:13580.4(28.79%),P:1e-6	Tpos:321.6,Tstd:261.6,Bpos:238.6,Bstd:147.8,StrandBias:0.1,Multiplicity:1.55
0.700	0.100	0.100	0.100
0.100	0.100	0.100	0.700
0.100	0.700	0.100	0.100
0.100	0.100	0.100	0.700
0.100	0.700	0.100	0.100
0.100	0.700	0.100	0.100
0.100	0.100	0.700	0.100
0.100	0.700	0.100	0.100
0.100	0.700	0.100	0.100
0.100	0.700	0.100	0.100
>TTKTGGTCGC	23-TTKTGGTCGC	8.277674	-12.093754	0	T:34.0(1.83%),B:361.5(0.77%),P:1e-5	Tpos:257.1,Tstd:180.5,Bpos:245.6,Bstd:146.8,StrandBias:0.8,Multiplicity:1.00
0.019	0.361	0.025	0.595
0.022	0.059	0.044	0.875
0.102	0.084	0.398	0.416
0.251	0.018	0.023	0.708
0.258	0.139	0.566	0.037
0.193	0.017	0.485	0.305
0.048	0.072	0.236	0.644
0.064	0.883	0.026	0.027
0.089	0.053	0.546	0.312
0.061	0.819	0.060	0.060
>CAGCCTGTGG	24-CAGCCTGTGG	10.227419	-9.621876	0	T:53.0(2.85%),B:754.9(1.60%),P:1e-4	Tpos:273.6,Tstd:262.0,Bpos:239.3,Bstd:140.1,StrandBias:0.0,Multiplicity:1.02
0.001	0.940	0.001	0.058
0.891	0.107	0.001	0.001
0.048	0.065	0.886	0.001
0.001	0.978	0.010	0.011
0.034	0.929	0.036	0.001
0.001	0.078	0.001	0.920
0.001	0.001	0.997	0.001
0.001	0.033	0.224	0.742
0.001	0.242	0.756	0.001
0.078	0.214	0.633	0.075
>GATGTGTTAG	25-GATGTGTTAG	10.296193	-2.963511	0	T:3.0(0.16%),B:21.5(0.05%),P:1e-1	Tpos:382.0,Tstd:136.8,Bpos:242.1,Bstd:125.8,StrandBias:4.6,Multiplicity:8.33
0.100	0.100	0.700	0.100
0.700	0.100	0.100	0.100
0.100	0.100	0.100	0.700
0.100	0.100	0.700	0.100
0.100	0.100	0.100	0.700
0.100	0.100	0.700	0.100
0.100	0.100	0.100	0.700
0.100	0.100	0.100	0.700
0.700	0.100	0.100	0.100
0.100	0.100	0.700	0.100
>NYCACTTCCTGT	1-NYCACTTCCTGT	8.471365	-233.937240	0	T:592.0(31.79%),B:5982.3(12.68%),P:1e-101	Tpos:301.6,Tstd:220.6,Bpos:239.7,Bstd:143.9,StrandBias:-0.2,Multiplicity:1.26
0.232	0.291	0.255	0.222
0.142	0.357	0.207	0.294
0.091	0.415	0.243	0.251
0.509	0.108	0.270	0.113
0.001	0.604	0.001	0.394
0.115	0.001	0.001	0.883
0.001	0.001	0.001	0.997
0.001	0.997	0.001	0.001
0.001	0.997	0.001	0.001
0.001	0.001	0.001	0.997
0.001	0.215	0.675	0.109
0.020	0.288	0.175	0.517
>AAACCACAAMNM	2-AAACCACAAMNM	8.334424	-151.133240	0	T:366.0(19.66%),B:3454.8(7.32%),P:1e-65	Tpos:289.7,Tstd:234.0,Bpos:241.2,Bstd:146.2,StrandBias:-0.1,Multiplicity:1.15
0.474	0.264	0.194	0.068
0.887	0.096	0.001	0.016
0.793	0.001	0.205	0.001
0.061	0.937	0.001	0.001
0.001	0.997	0.001	0.001
0.800	0.105	0.001	0.094
0.025	0.970	0.004	0.001
0.875	0.059	0.065	0.001
0.500	0.207	0.230	0.063
0.391	0.328	0.159	0.122
0.307	0.303	0.215	0.175
0.299	0.402	0.109	0.189
>AGRCCACACCCT	3-AGRCCACACCCT	9.290827	-60.145939	0	T:137.0(7.36%),B:1212.8(2.57%),P:1e-26	Tpos:284.7,Tstd:218.8,Bpos:239.3,Bstd:139.7,StrandBias:0.3,Multiplicity:1.03
0.495	0.193	0.001	0.312
0.006	0.123	0.550	0.321
0.313	0.205	0.396	0.086
0.070	0.766	0.012	0.152
0.023	0.975	0.001	0.001
0.855	0.001	0.071	0.073
0.001	0.960	0.001	0.038
0.717	0.128	0.078	0.077
0.001	0.671	0.081	0.247
0.009	0.792	0.082	0.117
0.001	0.824	0.001	0.174
0.107	0.126	0.001	0.766
>GAAACCGAAACC	4-GAAACCGAAACC	9.771032	-58.889788	0	T:95.0(5.10%),B:653.2(1.38%),P:1e-25	Tpos:286.9,Tstd:225.4,Bpos:250.1,Bstd:151.1,StrandBias:0.4,Multiplicity:1.10
0.095	0.260	0.619	0.026
0.974	0.001	0.001	0.024
0.876	0.067	0.019	0.038
0.868	0.001	0.101	0.030
0.148	0.721	0.130	0.001
0.264	0.487	0.001	0.248
0.199	0.062	0.582	0.157
0.894	0.038	0.049	0.019
0.839	0.009	0.151	0.001
0.919	0.065	0.001	0.015
0.154	0.638	0.118	0.090
0.105	0.665	0.001	0.229
>GTCACTTCCTGT	5-GTCACTTCCTGT	6.135411	-58.380404	0	T:620.0(33.30%),B:10669.9(22.62%),P:1e-25	Tpos:283.2,Tstd:208.9,Bpos:239.7,Bstd:141.9,StrandBias:0.0,Multiplicity:1.14
0.089	0.104	0.743	0.064
0.051	0.064	0.001	0.884
0.074	0.869	0.032	0.025
0.925	0.060	0.001	0.014
0.025	0.828	0.066	0.081
0.049	0.101	0.039	0.811
0.069	0.055	0.030	0.846
0.099	0.713	0.079	0.109
0.025	0.927	0.012	0.036
0.084	0.055	0.012	0.849
0.123	0.052	0.800	0.025
0.101	0.056	0.038	0.805
>CCACYAGGGGGC	6-CCACYAGGGGGC	9.248975	-55.064181	0	T:127.0(6.82%),B:1133.0(2.40%),P:1e-23	Tpos:252.0,Tstd:180.6,Bpos:247.4,Bstd:141.2,StrandBias:-0.3,Multiplicity:1.03
0.163	0.719	0.063	0.055
0.001	0.979	0.019	0.001
0.713	0.131	0.067	0.089
0.076	0.737	0.147	0.040
0.137	0.422	0.067	0.374
0.853	0.020	0.088	0.039
0.012	0.001	0.986	0.001
0.288	0.028	0.609	0.075
0.067	0.001	0.604	0.328
0.170	0.020	0.790	0.020
0.059	0.103	0.825	0.013
0.094	0.842	0.063	0.001
>AACGGAAGTGGT	7-AACGGAAGTGGT	9.359573	-49.236070	0	T:83.0(4.46%),B:593.7(1.26%),P:1e-21	Tpos:246.0,Tstd:150.8,Bpos:246.4,Bstd:142.7,StrandBias:0.7,Multiplicity:1.02
0.770	0.099	0.112	0.019
0.808	0.064	0.096	0.032
0.097	0.649	0.174	0.080
0.107	0.001	0.757	0.135
0.051	0.080	0.868	0.001
0.911	0.031	0.057	0.001
0.954	0.001	0.013	0.032
0.001	0.012	0.986	0.001
0.083	0.064	0.001	0.852
0.076	0.001	0.884	0.039
0.001	0.032	0.850	0.117
0.161	0.032	0.086	0.721
>ACTCTGTGGTAA	8-ACTCTGTGGTAA	7.305636	-42.351556	0	T:278.0(14.93%),B:4063.9(8.62%),P:1e-18	Tpos:280.3,Tstd:235.2,Bpos:238.8,Bstd:142.1,StrandBias:-0.1,Multiplicity:1.13
0.695	0.074	0.117	0.114
0.079	0.719	0.120	0.082
0.105	0.111	0.056	0.728
0.062	0.771	0.083	0.084
0.091	0.041	0.041	0.827
0.050	0.083	0.806	0.061
0.094	0.050	0.083	0.773
0.078	0.038	0.829	0.055
0.084	0.077	0.774	0.065
0.087	0.117	0.087	0.709
0.667	0.122	0.097	0.114
0.702	0.091	0.110	0.097
>CTTTTGTGGTCT	9-CTTTTGTGGTCT	9.163006	-42.007261	0	T:111.0(5.96%),B:1079.2(2.29%),P:1e-18	Tpos:250.9,Tstd:187.5,Bpos:232.1,Bstd:142.2,StrandBias:-0.1,Multiplicity:1.00
0.073	0.719	0.156	0.052
0.067	0.070	0.001	0.862
0.056	0.069	0.082	0.793
0.047	0.083	0.098	0.772
0.061	0.001	0.031	0.907
0.084	0.150	0.713	0.053
0.089	0.061	0.043	0.807
0.047	0.001	0.951	0.001
0.031	0.041	0.902	0.026
0.024	0.068	0.014	0.894
0.001	0.834	0.095	0.070
0.131	0.052	0.001	0.816
>TATGACTCAGCA	10-TATGACTCAGCA	9.464875	-37.567418	0	T:82.0(4.40%),B:710.1(1.51%),P:1e-16	Tpos:286.5,Tstd:279.6,Bpos:236.5,Bstd:137.4,StrandBias:0.1,Multiplicity:1.04
0.122	0.069	0.030	0.779
0.756	0.061	0.098	0.085
0.102	0.066	0.001	0.831
0.066	0.099	0.834	0.001
0.913	0.059	0.027	0.001
0.121	0.804	0.074	0.001
0.092	0.001	0.001	0.906
0.001	0.921	0.012	0.066
0.833	0.001	0.066	0.100
0.099	0.092	0.743	0.066
0.051	0.835	0.048	0.066
0.819	0.100	0.001	0.080
>ACATTTCCTGTT	11-ACATTTCCTGTT	8.807175	-35.289308	0	T:118.0(6.34%),B:1305.5(2.77%),P:1e-15	Tpos:285.4,Tstd:170.2,Bpos:240.4,Bstd:143.5,StrandBias:-0.4,Multiplicity:1.00
0.477	0.086	0.271	0.166
0.213	0.610	0.122	0.055
0.547	0.141	0.195	0.117
0.140	0.010	0.125	0.725
0.066	0.025	0.013	0.896
0.043	0.018	0.032	0.907
0.118	0.601	0.164	0.117
0.083	0.668	0.050	0.199
0.035	0.001	0.051	0.913
0.138	0.170	0.637	0.055
0.105	0.075	0.033	0.787
0.017	0.045	0.026	0.912
>AAAGGGCGGGGC	12-AAAGGGCGGGGC	9.678241	-33.300022	0	T:107.0(5.75%),B:1161.4(2.46%),P:1e-14	Tpos:274.5,Tstd:223.8,Bpos:244.1,Bstd:159.7,StrandBias:-0.1,Multiplicity:1.21
0.744	0.132	0.077	0.047
0.712	0.071	0.125	0.092
0.767	0.067	0.114	0.052
0.048	0.021	0.930	0.001
0.042	0.001	0.915	0.042
0.008	0.059	0.912	0.021
0.054	0.838	0.059	0.049
0.086	0.042	0.803	0.069
0.048	0.042	0.858	0.052
0.123	0.031	0.825	0.021
0.057	0.051	0.857	0.035
0.046	0.844	0.031	0.079
>GTGTGACGTCAC	13-GTGTGACGTCAC	8.285298	-23.420001	0	T:104.0(5.59%),B:1318.0(2.79%),P:1e-10	Tpos:268.7,Tstd:187.5,Bpos:240.7,Bstd:150.7,StrandBias:-0.2,Multiplicity:1.07
0.055	0.321	0.512	0.112
0.032	0.115	0.202	0.651
0.250	0.057	0.692	0.001
0.148	0.001	0.055	0.796
0.055	0.059	0.775	0.111
0.801	0.109	0.001	0.089
0.087	0.684	0.199	0.030
0.098	0.001	0.734	0.167
0.001	0.093	0.037	0.869
0.219	0.758	0.022	0.001
0.997	0.001	0.001	0.001
0.058	0.527	0.193	0.222
>YAGGCGGGGCGA	14-YAGGCGGGGCGA	0.208301	-21.874399	0	T:257.0(13.80%),B:4410.5(9.35%),P:1e-9	Tpos:351.4,Tstd:262.9,Bpos:242.7,Bstd:155.4,StrandBias:0.0,Multiplicity:1.33
0.001	0.459	0.082	0.459
0.997	0.001	0.001	0.001
0.001	0.001	0.997	0.001
0.001	0.001	0.997	0.001
0.001	0.997	0.001	0.001
0.001	0.001	0.997	0.001
0.001	0.001	0.997	0.001
0.001	0.001	0.997	0.001
0.001	0.001	0.997	0.001
0.001	0.997	0.001	0.001
0.001	0.001	0.997	0.001
0.917	0.001	0.081	0.001
>TCTAACTCTTCC	15-TCTAACTCTTCC	12.193370	-21.215221	0	T:18.0(0.97%),B:68.2(0.14%),P:1e-9	Tpos:190.2,Tstd:158.9,Bpos:213.0,Bstd:119.5,StrandBias:1.1,Multiplicity:1.00
0.091	0.006	0.194	0.709
0.001	0.992	0.006	0.001
0.105	0.001	0.001	0.893
0.870	0.007	0.116	0.007
0.944	0.001	0.054	0.001
0.113	0.885	0.001	0.001
0.001	0.001	0.001	0.997
0.001	0.844	0.154	0.001
0.001	0.001	0.001	0.997
0.127	0.187	0.003	0.683
0.001	0.992	0.001	0.006
0.001	0.908	0.001	0.090
>GACARGAAGTSA	16-GACARGAAGTSA	8.810930	-19.605924	0	T:83.0(4.46%),B:1036.9(2.20%),P:1e-8	Tpos:281.2,Tstd:234.3,Bpos:236.9,Bstd:133.0,StrandBias:-0.6,Multiplicity:1.00
0.003	0.008	0.988	0.001
0.642	0.014	0.013	0.331
0.131	0.564	0.304	0.001
0.742	0.240	0.001	0.017
0.256	0.177	0.404	0.163
0.251	0.206	0.535	0.008
0.458	0.307	0.234	0.001
0.618	0.001	0.043	0.338
0.013	0.005	0.957	0.025
0.262	0.007	0.266	0.465
0.222	0.337	0.416	0.025
0.621	0.339	0.021	0.019
>GATGTGTTAGAG	17-GATGTGTTAGAG	13.098161	-16.141197	0	T:4.0(0.21%),B:1.5(0.00%),P:1e-7	Tpos:373.7,Tstd:142.0,Bpos:216.0,Bstd:128.0,StrandBias:3.6,Multiplicity:6.50
0.001	0.001	0.997	0.001
0.997	0.001	0.001	0.001
0.001	0.001	0.001	0.997
0.001	0.001	0.997	0.001
0.001	0.001	0.031	0.967
0.001	0.001	0.997	0.001
0.001	0.001	0.001	0.997
0.001	0.001	0.001	0.997
0.997	0.001	0.001	0.001
0.001	0.001	0.997	0.001
0.967	0.001	0.001	0.031
0.001	0.001	0.997	0.001
>TTACTCCGCCTG	18-TTACTCCGCCTG	13.827428	-13.400058	0	T:4.0(0.21%),B:2.8(0.01%),P:1e-5	Tpos:408.2,Tstd:168.0,Bpos:345.0,Bstd:52.2,StrandBias:2.8,Multiplicity:2.00
0.001	0.001	0.001	0.997
0.001	0.001	0.393	0.605
0.997	0.001	0.001	0.001
0.001	0.696	0.001	0.302
0.001	0.001	0.302	0.696
0.001	0.696	0.001	0.302
0.001	0.997	0.001	0.001
0.001	0.001	0.997	0.001
0.302	0.696	0.001	0.001
0.001	0.997	0.001	0.001
0.001	0.001	0.001	0.997
0.001	0.001	0.997	0.001
>CAGGAGTGATTG	19-CAGGAGTGATTG	12.355432	-13.400058	0	T:4.0(0.21%),B:2.3(0.00%),P:1e-5	Tpos:179.5,Tstd:48.8,Bpos:200.5,Bstd:101.7,StrandBias:0.0,Multiplicity:1.00
0.100	0.700	0.100	0.100
0.700	0.100	0.100	0.100
0.100	0.100	0.700	0.100
0.100	0.100	0.700	0.100
0.700	0.100	0.100	0.100
0.100	0.100	0.700	0.100
0.100	0.100	0.100	0.700
0.100	0.100	0.700	0.100
0.700	0.100	0.100	0.100
0.100	0.100	0.100	0.700
0.100	0.100	0.100	0.700
0.100	0.100	0.700	0.100
>GGGCGGAGATGT	20-GGGCGGAGATGT	6.517702	-9.566311	0	T:648.0(34.80%),B:14463.1(30.66%),P:1e-4	Tpos:316.7,Tstd:259.8,Bpos:239.4,Bstd:145.9,StrandBias:0.0,Multiplicity:1.40
0.100	0.100	0.700	0.100
0.100	0.100	0.700	0.100
0.100	0.100	0.700	0.100
0.100	0.700	0.100	0.100
0.100	0.100	0.700	0.100
0.100	0.100	0.700	0.100
0.700	0.100	0.100	0.100
0.100	0.100	0.700	0.100
0.700	0.100	0.100	0.100
0.100	0.100	0.100	0.700
0.100	0.100	0.700	0.100
0.100	0.100	0.100	0.700
>AACCATGCTCAC	21-AACCATGCTCAC	12.355432	-7.184143	0	T:2.0(0.11%),B:1.7(0.00%),P:1e-3	Tpos:152.4,Tstd:93.1,Bpos:168.5,Bstd:14.7,StrandBias:10.0,Multiplicity:2.50
0.700	0.100	0.100	0.100
0.700	0.100	0.100	0.100
0.100	0.700	0.100	0.100
0.100	0.700	0.100	0.100
0.700	0.100	0.100	0.100
0.100	0.100	0.100	0.700
0.100	0.100	0.700	0.100
0.100	0.700	0.100	0.100
0.100	0.100	0.100	0.700
0.100	0.700	0.100	0.100
0.700	0.100	0.100	0.100
0.100	0.700	0.100	0.100
>TTGGGCCTGACT	22-TTGGGCCTGACT	12.355432	-5.039148	0	T:2.0(0.11%),B:3.3(0.01%),P:1e-2	Tpos:424.9,Tstd:313.7,Bpos:237.2,Bstd:92.1,StrandBias:10.0,Multiplicity:4.00
0.100	0.100	0.100	0.700
0.100	0.100	0.100	0.700
0.100	0.100	0.700	0.100
0.100	0.100	0.700	0.100
0.100	0.100	0.700	0.100
0.100	0.700	0.100	0.100
0.100	0.700	0.100	0.100
0.100	0.100	0.100	0.700
0.100	0.100	0.700	0.100
0.700	0.100	0.100	0.100
0.100	0.700	0.100	0.100
0.100	0.100	0.100	0.700
>ACTAACYATAGA	23-ACTAACYATAGA	15.907333	-3.251769	0	T:1.0(0.05%),B:1.2(0.00%),P:1e-1	Tpos:203.0,Tstd:80.4,Bpos:236.0,Bstd:25.2,StrandBias:10.0,Multiplicity:10.00
0.997	0.001	0.001	0.001
0.001	0.997	0.001	0.001
0.001	0.001	0.001	0.997
0.997	0.001	0.001	0.001
0.997	0.001	0.001	0.001
0.001	0.997	0.001	0.001
0.001	0.499	0.001	0.499
0.997	0.001	0.001	0.001
0.001	0.001	0.001	0.997
0.997	0.001	0.001	0.001
0.001	0.001	0.997	0.001
0.997	0.001	0.001	0.001
>TCACAGCATCTC	24-TCACAGCATCTC	12.355432	-2.192092	0	T:1.0(0.05%),B:3.2(0.01%),P:1e0	Tpos:463.5,Tstd:52.9,Bpos:388.3,Bstd:55.5,StrandBias:10.0,Multiplicity:6.00
0.100	0.100	0.100	0.700
0.100	0.700	0.100	0.100
0.700	0.100	0.100	0.100
0.100	0.700	0.100	0.100
0.700	0.100	0.100	0.100
0.100	0.100	0.700	0.100
0.100	0.700	0.100	0.100
0.700	0.100	0.100	0.100
0.100	0.100	0.100	0.700
0.100	0.700	0.100	0.100
0.100	0.100	0.100	0.700
0.100	0.700	0.100	0.100
>ACACCTGGGAGA	25-ACACCTGGGAGA	12.355432	-1.421113	0	T:1.0(0.05%),B:7.8(0.02%),P:1e0	Tpos:207.4,Tstd:113.4,Bpos:197.7,Bstd:139.7,StrandBias:10.0,Multiplicity:16.00
0.700	0.100	0.100	0.100
0.100	0.700	0.100	0.100
0.700	0.100	0.100	0.100
0.100	0.700	0.100	0.100
0.100	0.700	0.100	0.100
0.100	0.100	0.100	0.700
0.100	0.100	0.700	0.100
0.100	0.100	0.700	0.100
0.100	0.100	0.700	0.100
0.700	0.100	0.100	0.100
0.100	0.100	0.700	0.100
0.700	0.100	0.100	0.100
>TGTGGTTT	1-TGTGGTTT	7.184565	-158.985992	0	T:606.0(32.55%),B:7531.5(15.97%),P:1e-69	Tpos:287.2,Tstd:233.2,Bpos:240.7,Bstd:146.2,StrandBias:0.0,Multiplicity:1.32
0.040	0.020	0.024	0.916
0.001	0.001	0.997	0.001
0.082	0.011	0.001	0.906
0.001	0.005	0.993	0.001
0.001	0.001	0.997	0.001
0.001	0.090	0.029	0.880
0.030	0.071	0.022	0.877
0.073	0.056	0.142	0.729
>AGGAAGTG	2-AGGAAGTG	7.583261	-155.064648	0	T:546.0(29.32%),B:6482.7(13.74%),P:1e-67	Tpos:290.8,Tstd:209.8,Bpos:238.6,Bstd:141.8,StrandBias:0.3,Multiplicity:1.24
0.944	0.054	0.001	0.001
0.001	0.001	0.997	0.001
0.001	0.001	0.997	0.001
0.997	0.001	0.001	0.001
0.884	0.001	0.001	0.114
0.233	0.001	0.765	0.001
0.001	0.001	0.001	0.997
0.102	0.001	0.831	0.066
>GGTTTSGY	3-GGTTTSGY	6.153921	-79.689567	0	T:856.0(45.97%),B:15183.3(32.19%),P:1e-34	Tpos:290.2,Tstd:219.1,Bpos:239.2,Bstd:149.9,StrandBias:-0.0,Multiplicity:1.38
0.001	0.001	0.997	0.001
0.001	0.001	0.875	0.123
0.001	0.001	0.001	0.997
0.001	0.001	0.149	0.849
0.102	0.001	0.001	0.896
0.001	0.435	0.483	0.081
0.142	0.251	0.459	0.148
0.001	0.447	0.122	0.430
>CAGGAAGC	4-CAGGAAGC	7.479944	-68.125559	0	T:552.0(29.65%),B:8818.1(18.69%),P:1e-29	Tpos:290.6,Tstd:220.0,Bpos:239.4,Bstd:143.6,StrandBias:0.3,Multiplicity:1.23
0.001	0.997	0.001	0.001
0.851	0.147	0.001	0.001
0.001	0.001	0.997	0.001
0.001	0.001	0.997	0.001
0.997	0.001	0.001	0.001
0.997	0.001	0.001	0.001
0.113	0.001	0.885	0.001
0.099	0.689	0.211	0.001
>CCGGAAAT	5-CCGGAAAT	6.725416	-68.123163	0	T:276.0(14.82%),B:3359.6(7.12%),P:1e-29	Tpos:310.1,Tstd:239.8,Bpos:245.0,Bstd:150.2,StrandBias:0.1,Multiplicity:1.09
0.119	0.553	0.327	0.001
0.040	0.918	0.041	0.001
0.001	0.018	0.980	0.001
0.001	0.001	0.971	0.027
0.974	0.001	0.001	0.024
0.851	0.001	0.147	0.001
0.731	0.001	0.267	0.001
0.001	0.001	0.001	0.997
>ATGASTCA	6-ATGASTCA	6.316567	-57.464110	0	T:418.0(22.45%),B:6383.3(13.53%),P:1e-24	Tpos:281.4,Tstd:238.4,Bpos:237.6,Bstd:141.6,StrandBias:-0.0,Multiplicity:1.21
0.483	0.183	0.252	0.081
0.051	0.075	0.014	0.860
0.013	0.030	0.866	0.091
0.896	0.077	0.022	0.005
0.090	0.504	0.364	0.042
0.094	0.012	0.031	0.863
0.153	0.744	0.065	0.038
0.796	0.014	0.081	0.109
>MCGCCCHT	7-MCGCCCHT	7.113542	-44.976998	0	T:337.0(18.10%),B:5154.8(10.93%),P:1e-19	Tpos:325.5,Tstd:244.6,Bpos:241.8,Bstd:157.5,StrandBias:0.2,Multiplicity:1.43
0.536	0.423	0.001	0.040
0.001	0.997	0.001	0.001
0.001	0.001	0.997	0.001
0.001	0.997	0.001	0.001
0.001	0.997	0.001	0.001
0.001	0.809	0.001	0.189
0.378	0.313	0.001	0.308
0.180	0.001	0.136	0.683
>GGCGGGGC	8-GGCGGGGC	7.246537	-40.250371	0	T:404.0(21.70%),B:6723.2(14.25%),P:1e-17	Tpos:324.9,Tstd:264.8,Bpos:238.2,Bstd:157.3,StrandBias:-0.1,Multiplicity:1.49
0.001	0.001	0.928	0.070
0.001	0.001	0.997	0.001
0.001	0.818	0.001	0.180
0.001	0.001	0.997	0.001
0.001	0.001	0.872	0.126
0.163	0.001	0.835	0.001
0.001	0.001	0.997	0.001
0.001	0.910	0.001	0.088
>CTTACCAC	9-CTTACCAC	5.773996	-39.675044	0	T:532.0(28.57%),B:9542.5(20.23%),P:1e-17	Tpos:283.5,Tstd:231.1,Bpos:240.7,Bstd:145.8,StrandBias:0.1,Multiplicity:1.19
0.001	0.646	0.152	0.201
0.001	0.001	0.001	0.997
0.001	0.041	0.001	0.957
0.730	0.001	0.001	0.268
0.001	0.787	0.001	0.211
0.001	0.997	0.001	0.001
0.887	0.001	0.111	0.001
0.001	0.997	0.001	0.001
>TCRCACCY	10-TCRCACCY	5.763437	-39.398727	0	T:221.0(11.87%),B:3051.3(6.47%),P:1e-17	Tpos:306.3,Tstd:213.0,Bpos:243.7,Bstd:147.9,StrandBias:0.0,Multiplicity:1.09
0.001	0.001	0.001	0.997
0.001	0.980	0.018	0.001
0.519	0.001	0.479	0.001
0.001	0.997	0.001	0.001
0.997	0.001	0.001	0.001
0.001	0.997	0.001	0.001
0.001	0.997	0.001	0.001
0.001	0.470	0.001	0.528
>TGACCACA	11-TGACCACA	7.929256	-34.514010	0	T:210.0(11.28%),B:2983.1(6.32%),P:1e-14	Tpos:286.4,Tstd:229.7,Bpos:241.5,Bstd:140.2,StrandBias:0.0,Multiplicity:1.10
0.001	0.106	0.001	0.892
0.001	0.001	0.997	0.001
0.681	0.001	0.317	0.001
0.001	0.997	0.001	0.001
0.001	0.921	0.077	0.001
0.917	0.001	0.081	0.001
0.001	0.997	0.001	0.001
0.997	0.001	0.001	0.001
>GTTTCAGT	12-GTTTCAGT	7.916957	-29.467686	0	T:245.0(13.16%),B:3843.1(8.15%),P:1e-12	Tpos:311.3,Tstd:294.4,Bpos:241.5,Bstd:145.1,StrandBias:-0.1,Multiplicity:1.15
0.001	0.228	0.770	0.001
0.001	0.001	0.001	0.997
0.001	0.001	0.001	0.997
0.001	0.001	0.001	0.997
0.001	0.997	0.001	0.001
0.779	0.063	0.001	0.157
0.001	0.001	0.876	0.122
0.001	0.001	0.001	0.997
>GACGTCAT	13-GACGTCAT	6.906047	-24.310230	0	T:123.0(6.61%),B:1639.0(3.47%),P:1e-10	Tpos:295.5,Tstd:214.8,Bpos:241.4,Bstd:152.6,StrandBias:0.0,Multiplicity:1.08
0.060	0.068	0.831	0.041
0.934	0.064	0.001	0.001
0.001	0.997	0.001	0.001
0.036	0.001	0.931	0.032
0.040	0.001	0.021	0.938
0.035	0.961	0.001	0.003
0.975	0.023	0.001	0.001
0.057	0.294	0.066	0.583
>CGATTGGC	14-CGATTGGC	7.637387	-16.925174	0	T:96.0(5.16%),B:1344.7(2.85%),P:1e-7	Tpos:271.8,Tstd:195.2,Bpos:239.4,Bstd:144.1,StrandBias:0.2,Multiplicity:1.16
0.039	0.751	0.045	0.165
0.057	0.047	0.694	0.202
0.968	0.030	0.001	0.001
0.032	0.001	0.001	0.966
0.001	0.001	0.001	0.997
0.005	0.008	0.986	0.001
0.022	0.043	0.905	0.030
0.073	0.834	0.001	0.092
>GACGTGTT	15-GACGTGTT	7.272024	-16.394362	0	T:148.0(7.95%),B:2384.0(5.05%),P:1e-7	Tpos:313.0,Tstd:230.5,Bpos:239.5,Bstd:149.6,StrandBias:0.2,Multiplicity:1.18
0.001	0.001	0.868	0.130
0.997	0.001	0.001	0.001
0.001	0.795	0.135	0.069
0.001	0.001	0.997	0.001
0.234	0.001	0.001	0.764
0.097	0.001	0.659	0.243
0.001	0.057	0.207	0.735
0.001	0.001	0.001	0.997
