>ACAGGAAGYS	1-ACAGGAAGYS	8.273418	-223.559381	0	T:615.0(33.03%),B:6540.6(13.87%),P:1e-97	Tpos:293.6,Tstd:210.1,Bpos:239.8,Bstd:142.3,StrandBias:0.1,Multiplicity:1.27
0.525	0.122	0.336	0.017
0.246	0.461	0.292	0.001
0.997	0.001	0.001	0.001
0.001	0.001	0.997	0.001
0.001	0.001	0.997	0.001
0.997	0.001	0.001	0.001
0.649	0.001	0.001	0.349
0.412	0.020	0.567	0.001
0.097	0.415	0.001	0.487
0.152	0.284	0.400	0.163
>BTGTGGTTTN	2-BTGTGGTTTN	5.944280	-168.155810	0	T:799.0(42.91%),B:11210.6(23.77%),P:1e-73	Tpos:281.8,Tstd:234.3,Bpos:240.9,Bstd:147.0,StrandBias:-0.0,Multiplicity:1.45
0.146	0.255	0.250	0.348
0.196	0.123	0.093	0.588
0.048	0.076	0.695	0.181
0.197	0.127	0.104	0.572
0.095	0.016	0.888	0.001
0.001	0.001	0.986	0.012
0.001	0.261	0.120	0.618
0.139	0.208	0.217	0.436
0.235	0.111	0.210	0.444
0.340	0.217	0.227	0.216
>CACTTCCGGT	3-CACTTCCGGT	4.853252	-92.759759	0	T:933.0(50.11%),B:16491.2(34.96%),P:1e-40	Tpos:301.7,Tstd:248.1,Bpos:241.7,Bstd:148.1,StrandBias:-0.0,Multiplicity:1.36
0.110	0.643	0.126	0.121
0.681	0.102	0.102	0.115
0.077	0.758	0.076	0.089
0.114	0.112	0.075	0.699
0.102	0.089	0.078	0.731
0.105	0.690	0.110	0.095
0.093	0.752	0.071	0.084
0.086	0.129	0.685	0.100
0.096	0.106	0.676	0.122
0.098	0.097	0.120	0.685
>AGGGTGTGGC	4-AGGGTGTGGC	7.075559	-77.986192	0	T:522.0(28.03%),B:7865.1(16.67%),P:1e-33	Tpos:296.7,Tstd:246.4,Bpos:240.5,Bstd:149.3,StrandBias:0.0,Multiplicity:1.35
0.504	0.056	0.233	0.207
0.044	0.050	0.877	0.029
0.032	0.048	0.889	0.031
0.121	0.039	0.808	0.032
0.062	0.322	0.024	0.592
0.090	0.018	0.712	0.180
0.034	0.039	0.336	0.591
0.091	0.073	0.722	0.114
0.261	0.070	0.605	0.064
0.090	0.759	0.042	0.109
>AAACCGAAAC	5-AAACCGAAAC	6.497560	-60.263699	0	T:410.0(22.02%),B:6130.1(13.00%),P:1e-26	Tpos:285.3,Tstd:222.8,Bpos:238.4,Bstd:151.3,StrandBias:-0.0,Multiplicity:1.21
0.660	0.086	0.167	0.087
0.819	0.074	0.043	0.064
0.943	0.025	0.028	0.004
0.193	0.694	0.095	0.018
0.052	0.702	0.055	0.191
0.049	0.039	0.875	0.037
0.666	0.038	0.134	0.162
0.810	0.061	0.084	0.045
0.784	0.080	0.018	0.118
0.091	0.519	0.305	0.085
>TGTGASTCAC	6-TGTGASTCAC	7.429183	-43.499076	0	T:200.0(10.74%),B:2555.5(5.42%),P:1e-18	Tpos:288.7,Tstd:235.2,Bpos:235.6,Bstd:144.5,StrandBias:0.0,Multiplicity:1.14
0.278	0.018	0.268	0.437
0.265	0.216	0.494	0.025
0.001	0.001	0.017	0.981
0.018	0.001	0.964	0.017
0.945	0.001	0.053	0.001
0.041	0.504	0.454	0.001
0.011	0.001	0.027	0.961
0.029	0.969	0.001	0.001
0.918	0.021	0.060	0.001
0.030	0.516	0.221	0.233
>GAGTCATAAT	7-GAGTCATAAT	9.253896	-37.478019	0	T:46.0(2.47%),B:251.3(0.53%),P:1e-16	Tpos:247.4,Tstd:195.6,Bpos:226.4,Bstd:138.3,StrandBias:-0.1,Multiplicity:1.00
0.014	0.131	0.679	0.176
0.970	0.001	0.001	0.028
0.001	0.001	0.955	0.043
0.023	0.072	0.060	0.845
0.041	0.957	0.001	0.001
0.997	0.001	0.001	0.001
0.018	0.001	0.014	0.967
0.939	0.001	0.024	0.036
0.843	0.105	0.001	0.051
0.063	0.047	0.001	0.889
>TYKTGGTCTG	8-TYKTGGTCTG	7.347517	-35.926847	0	T:248.0(13.32%),B:3678.7(7.80%),P:1e-15	Tpos:325.5,Tstd:277.9,Bpos:237.8,Bstd:144.6,StrandBias:-0.0,Multiplicity:1.06
0.074	0.008	0.001	0.917
0.152	0.314	0.088	0.446
0.138	0.117	0.310	0.435
0.001	0.375	0.001	0.623
0.001	0.343	0.655	0.001
0.001	0.001	0.997	0.001
0.001	0.001	0.192	0.806
0.001	0.820	0.001	0.178
0.148	0.033	0.092	0.727
0.001	0.001	0.878	0.120
>CRACCACAGD	9-CRACCACAGD	7.136293	-34.943279	0	T:236.0(12.67%),B:3474.4(7.37%),P:1e-15	Tpos:305.4,Tstd:241.6,Bpos:237.7,Bstd:146.4,StrandBias:-0.0,Multiplicity:1.06
0.001	0.596	0.154	0.249
0.389	0.239	0.247	0.124
0.749	0.217	0.033	0.001
0.072	0.926	0.001	0.001
0.106	0.698	0.195	0.001
0.668	0.121	0.210	0.001
0.001	0.620	0.269	0.110
0.598	0.256	0.022	0.124
0.001	0.306	0.615	0.078
0.263	0.001	0.380	0.356
>GAAACAGCTG	10-GAAACAGCTG	7.530932	-27.316120	0	T:242.0(13.00%),B:3865.0(8.19%),P:1e-11	Tpos:315.2,Tstd:255.9,Bpos:235.9,Bstd:141.7,StrandBias:-0.1,Multiplicity:1.09
0.068	0.060	0.832	0.040
0.847	0.080	0.030	0.043
0.753	0.072	0.112	0.063
0.867	0.068	0.047	0.018
0.086	0.675	0.138	0.101
0.820	0.052	0.072	0.056
0.061	0.091	0.770	0.078
0.080	0.829	0.047	0.044
0.070	0.059	0.039	0.832
0.051	0.046	0.787	0.116
>HCACCACAGM	11-HCACCACAGM	9.701284	-27.160545	0	T:104.0(5.59%),B:1233.0(2.61%),P:1e-11	Tpos:358.4,Tstd:300.0,Bpos:234.5,Bstd:148.3,StrandBias:0.0,Multiplicity:1.00
0.351	0.258	0.001	0.390
0.001	0.997	0.001	0.001
0.781	0.217	0.001	0.001
0.134	0.778	0.001	0.087
0.001	0.931	0.067	0.001
0.819	0.042	0.080	0.059
0.001	0.997	0.001	0.001
0.997	0.001	0.001	0.001
0.001	0.001	0.648	0.350
0.537	0.461	0.001	0.001
>CGTGACGTCA	12-CGTGACGTCA	6.002928	-25.550901	0	T:142.0(7.63%),B:1956.3(4.15%),P:1e-11	Tpos:275.2,Tstd:197.6,Bpos:239.8,Bstd:151.5,StrandBias:-0.2,Multiplicity:1.14
0.168	0.477	0.174	0.181
0.147	0.108	0.596	0.149
0.141	0.131	0.128	0.600
0.105	0.123	0.606	0.166
0.609	0.108	0.139	0.144
0.119	0.696	0.080	0.105
0.161	0.136	0.563	0.140
0.168	0.153	0.080	0.599
0.160	0.583	0.152	0.105
0.663	0.135	0.055	0.147
>CTTCCTGGCG	13-CTTCCTGGCG	8.388148	-25.178321	0	T:122.0(6.55%),B:1597.4(3.39%),P:1e-10	Tpos:298.8,Tstd:269.4,Bpos:239.1,Bstd:148.1,StrandBias:-0.6,Multiplicity:1.07
0.164	0.689	0.095	0.052
0.131	0.073	0.013	0.783
0.081	0.063	0.016	0.840
0.029	0.891	0.053	0.027
0.038	0.842	0.048	0.072
0.103	0.035	0.009	0.853
0.054	0.057	0.791	0.098
0.180	0.035	0.697	0.088
0.009	0.880	0.053	0.058
0.054	0.117	0.748	0.081
>ATTCAAACTC	14-ATTCAAACTC	9.091753	-24.625723	0	T:64.0(3.44%),B:625.7(1.33%),P:1e-10	Tpos:332.1,Tstd:277.0,Bpos:253.9,Bstd:144.7,StrandBias:-0.3,Multiplicity:1.12
0.820	0.048	0.001	0.131
0.001	0.104	0.001	0.894
0.001	0.001	0.001	0.997
0.001	0.897	0.101	0.001
0.900	0.001	0.001	0.098
0.997	0.001	0.001	0.001
0.904	0.001	0.094	0.001
0.182	0.816	0.001	0.001
0.131	0.001	0.001	0.867
0.001	0.927	0.071	0.001
>TGGCCACAAA	15-TGGCCACAAA	10.333024	-23.453546	0	T:63.0(3.38%),B:628.6(1.33%),P:1e-10	Tpos:286.1,Tstd:194.6,Bpos:239.1,Bstd:142.6,StrandBias:-0.0,Multiplicity:1.03
0.001	0.001	0.001	0.997
0.068	0.001	0.833	0.098
0.001	0.001	0.997	0.001
0.001	0.852	0.001	0.146
0.001	0.997	0.001	0.001
0.856	0.001	0.001	0.142
0.001	0.997	0.001	0.001
0.780	0.127	0.092	0.001
0.543	0.001	0.379	0.077
0.708	0.205	0.086	0.001
>AGATGCTTAT	16-AGATGCTTAT	11.481802	-19.510769	0	T:17.0(0.91%),B:67.9(0.14%),P:1e-8	Tpos:227.8,Tstd:195.4,Bpos:243.7,Bstd:147.2,StrandBias:0.0,Multiplicity:1.00
0.997	0.001	0.001	0.001
0.001	0.001	0.997	0.001
0.997	0.001	0.001	0.001
0.001	0.001	0.001	0.997
0.160	0.001	0.838	0.001
0.001	0.885	0.113	0.001
0.001	0.001	0.001	0.997
0.001	0.001	0.001	0.997
0.997	0.001	0.001	0.001
0.001	0.001	0.001	0.997
>CAGGAAGGGG	17-CAGGAAGGGG	10.237575	-19.414033	0	T:113.0(6.07%),B:1590.5(3.37%),P:1e-8	Tpos:303.7,Tstd:260.4,Bpos:232.4,Bstd:149.0,StrandBias:0.0,Multiplicity:1.02
0.167	0.696	0.136	0.001
0.997	0.001	0.001	0.001
0.001	0.001	0.960	0.038
0.373	0.001	0.625	0.001
0.949	0.001	0.001	0.049
0.997	0.001	0.001	0.001
0.217	0.001	0.781	0.001
0.118	0.047	0.834	0.001
0.001	0.262	0.736	0.001
0.001	0.001	0.997	0.001
>GCCAATAGCG	18-GCCAATAGCG	9.694505	-18.897201	0	T:28.0(1.50%),B:189.6(0.40%),P:1e-8	Tpos:246.2,Tstd:146.2,Bpos:226.0,Bstd:138.7,StrandBias:-1.2,Multiplicity:1.07
0.001	0.001	0.997	0.001
0.001	0.997	0.001	0.001
0.001	0.997	0.001	0.001
0.942	0.056	0.001	0.001
0.930	0.068	0.001	0.001
0.081	0.028	0.001	0.890
0.952	0.001	0.046	0.001
0.001	0.180	0.818	0.001
0.001	0.895	0.064	0.040
0.077	0.032	0.643	0.248
>GTTGCGATGG	19-GTTGCGATGG	10.056062	-18.773806	0	T:36.0(1.93%),B:295.1(0.63%),P:1e-8	Tpos:230.8,Tstd:132.4,Bpos:247.2,Bstd:143.2,StrandBias:0.3,Multiplicity:1.00
0.081	0.066	0.852	0.001
0.059	0.001	0.001	0.939
0.091	0.001	0.079	0.829
0.001	0.001	0.997	0.001
0.129	0.856	0.001	0.014
0.001	0.204	0.695	0.100
0.997	0.001	0.001	0.001
0.001	0.001	0.091	0.907
0.001	0.001	0.997	0.001
0.001	0.001	0.997	0.001
>TTAGTCATGC	20-TTAGTCATGC	8.703895	-16.997007	0	T:69.0(3.71%),B:851.9(1.81%),P:1e-7	Tpos:321.5,Tstd:199.0,Bpos:242.1,Bstd:138.9,StrandBias:-0.7,Multiplicity:1.18
0.001	0.110	0.001	0.888
0.001	0.111	0.001	0.887
0.671	0.001	0.227	0.101
0.001	0.286	0.712	0.001
0.001	0.001	0.001	0.997
0.220	0.608	0.001	0.171
0.997	0.001	0.001	0.001
0.001	0.097	0.337	0.565
0.111	0.001	0.827	0.061
0.005	0.993	0.001	0.001
>GGTATATATA	21-GGTATATATA	7.183262	-16.377528	0	T:89.0(4.78%),B:1229.6(2.61%),P:1e-7	Tpos:326.4,Tstd:242.7,Bpos:236.0,Bstd:129.2,StrandBias:0.4,Multiplicity:1.04
0.093	0.071	0.757	0.079
0.130	0.061	0.757	0.052
0.050	0.041	0.050	0.859
0.808	0.095	0.050	0.047
0.065	0.033	0.104	0.798
0.834	0.047	0.051	0.068
0.048	0.088	0.078	0.786
0.786	0.124	0.052	0.038
0.069	0.073	0.088	0.770
0.855	0.041	0.046	0.058
>ATCTCCGCCC	22-ATCTCCGCCC	6.404373	-14.599022	0	T:634.0(34.05%),B:13580.4(28.79%),P:1e-6	Tpos:321.6,Tstd:261.6,Bpos:238.6,Bstd:147.8,StrandBias:0.1,Multiplicity:1.55
0.700	0.100	0.100	0.100
0.100	0.100	0.100	0.700
0.100	0.700	0.100	0.100
0.100	0.100	0.100	0.700
0.100	0.700	0.100	0.100
0.100	0.700	0.100	0.100
0.100	0.100	0.700	0.100
0.100	0.700	0.100	0.100
0.100	0.700	0.100	0.100
0.100	0.700	0.100	0.100
>TTKTGGTCGC	23-TTKTGGTCGC	8.277674	-12.093754	0	T:34.0(1.83%),B:361.5(0.77%),P:1e-5	Tpos:257.1,Tstd:180.5,Bpos:245.6,Bstd:146.8,StrandBias:0.8,Multiplicity:1.00
0.019	0.361	0.025	0.595
0.022	0.059	0.044	0.875
0.102	0.084	0.398	0.416
0.251	0.018	0.023	0.708
0.258	0.139	0.566	0.037
0.193	0.017	0.485	0.305
0.048	0.072	0.236	0.644
0.064	0.883	0.026	0.027
0.089	0.053	0.546	0.312
0.061	0.819	0.060	0.060
>CAGCCTGTGG	24-CAGCCTGTGG	10.227419	-9.621876	0	T:53.0(2.85%),B:754.9(1.60%),P:1e-4	Tpos:273.6,Tstd:262.0,Bpos:239.3,Bstd:140.1,StrandBias:0.0,Multiplicity:1.02
0.001	0.940	0.001	0.058
0.891	0.107	0.001	0.001
0.048	0.065	0.886	0.001
0.001	0.978	0.010	0.011
0.034	0.929	0.036	0.001
0.001	0.078	0.001	0.920
0.001	0.001	0.997	0.001
0.001	0.033	0.224	0.742
0.001	0.242	0.756	0.001
0.078	0.214	0.633	0.075
>GATGTGTTAG	25-GATGTGTTAG	10.296193	-2.963511	0	T:3.0(0.16%),B:21.5(0.05%),P:1e-1	Tpos:382.0,Tstd:136.8,Bpos:242.1,Bstd:125.8,StrandBias:4.6,Multiplicity:8.33
0.100	0.100	0.700	0.100
0.700	0.100	0.100	0.100
0.100	0.100	0.100	0.700
0.100	0.100	0.700	0.100
0.100	0.100	0.100	0.700
0.100	0.100	0.700	0.100
0.100	0.100	0.100	0.700
0.100	0.100	0.100	0.700
0.700	0.100	0.100	0.100
0.100	0.100	0.700	0.100
