>TGTGGTTT	1-TGTGGTTT	7.184565	-158.985992	0	T:606.0(32.55%),B:7531.5(15.97%),P:1e-69	Tpos:287.2,Tstd:233.2,Bpos:240.7,Bstd:146.2,StrandBias:0.0,Multiplicity:1.32
0.040	0.020	0.024	0.916
0.001	0.001	0.997	0.001
0.082	0.011	0.001	0.906
0.001	0.005	0.993	0.001
0.001	0.001	0.997	0.001
0.001	0.090	0.029	0.880
0.030	0.071	0.022	0.877
0.073	0.056	0.142	0.729
>AGGAAGTG	2-AGGAAGTG	7.583261	-155.064648	0	T:546.0(29.32%),B:6482.7(13.74%),P:1e-67	Tpos:290.8,Tstd:209.8,Bpos:238.6,Bstd:141.8,StrandBias:0.3,Multiplicity:1.24
0.944	0.054	0.001	0.001
0.001	0.001	0.997	0.001
0.001	0.001	0.997	0.001
0.997	0.001	0.001	0.001
0.884	0.001	0.001	0.114
0.233	0.001	0.765	0.001
0.001	0.001	0.001	0.997
0.102	0.001	0.831	0.066
>GGTTTSGY	3-GGTTTSGY	6.153921	-79.689567	0	T:856.0(45.97%),B:15183.3(32.19%),P:1e-34	Tpos:290.2,Tstd:219.1,Bpos:239.2,Bstd:149.9,StrandBias:-0.0,Multiplicity:1.38
0.001	0.001	0.997	0.001
0.001	0.001	0.875	0.123
0.001	0.001	0.001	0.997
0.001	0.001	0.149	0.849
0.102	0.001	0.001	0.896
0.001	0.435	0.483	0.081
0.142	0.251	0.459	0.148
0.001	0.447	0.122	0.430
>CAGGAAGC	4-CAGGAAGC	7.479944	-68.125559	0	T:552.0(29.65%),B:8818.1(18.69%),P:1e-29	Tpos:290.6,Tstd:220.0,Bpos:239.4,Bstd:143.6,StrandBias:0.3,Multiplicity:1.23
0.001	0.997	0.001	0.001
0.851	0.147	0.001	0.001
0.001	0.001	0.997	0.001
0.001	0.001	0.997	0.001
0.997	0.001	0.001	0.001
0.997	0.001	0.001	0.001
0.113	0.001	0.885	0.001
0.099	0.689	0.211	0.001
>CCGGAAAT	5-CCGGAAAT	6.725416	-68.123163	0	T:276.0(14.82%),B:3359.6(7.12%),P:1e-29	Tpos:310.1,Tstd:239.8,Bpos:245.0,Bstd:150.2,StrandBias:0.1,Multiplicity:1.09
0.119	0.553	0.327	0.001
0.040	0.918	0.041	0.001
0.001	0.018	0.980	0.001
0.001	0.001	0.971	0.027
0.974	0.001	0.001	0.024
0.851	0.001	0.147	0.001
0.731	0.001	0.267	0.001
0.001	0.001	0.001	0.997
>ATGASTCA	6-ATGASTCA	6.316567	-57.464110	0	T:418.0(22.45%),B:6383.3(13.53%),P:1e-24	Tpos:281.4,Tstd:238.4,Bpos:237.6,Bstd:141.6,StrandBias:-0.0,Multiplicity:1.21
0.483	0.183	0.252	0.081
0.051	0.075	0.014	0.860
0.013	0.030	0.866	0.091
0.896	0.077	0.022	0.005
0.090	0.504	0.364	0.042
0.094	0.012	0.031	0.863
0.153	0.744	0.065	0.038
0.796	0.014	0.081	0.109
>MCGCCCHT	7-MCGCCCHT	7.113542	-44.976998	0	T:337.0(18.10%),B:5154.8(10.93%),P:1e-19	Tpos:325.5,Tstd:244.6,Bpos:241.8,Bstd:157.5,StrandBias:0.2,Multiplicity:1.43
0.536	0.423	0.001	0.040
0.001	0.997	0.001	0.001
0.001	0.001	0.997	0.001
0.001	0.997	0.001	0.001
0.001	0.997	0.001	0.001
0.001	0.809	0.001	0.189
0.378	0.313	0.001	0.308
0.180	0.001	0.136	0.683
>GGCGGGGC	8-GGCGGGGC	7.246537	-40.250371	0	T:404.0(21.70%),B:6723.2(14.25%),P:1e-17	Tpos:324.9,Tstd:264.8,Bpos:238.2,Bstd:157.3,StrandBias:-0.1,Multiplicity:1.49
0.001	0.001	0.928	0.070
0.001	0.001	0.997	0.001
0.001	0.818	0.001	0.180
0.001	0.001	0.997	0.001
0.001	0.001	0.872	0.126
0.163	0.001	0.835	0.001
0.001	0.001	0.997	0.001
0.001	0.910	0.001	0.088
>CTTACCAC	9-CTTACCAC	5.773996	-39.675044	0	T:532.0(28.57%),B:9542.5(20.23%),P:1e-17	Tpos:283.5,Tstd:231.1,Bpos:240.7,Bstd:145.8,StrandBias:0.1,Multiplicity:1.19
0.001	0.646	0.152	0.201
0.001	0.001	0.001	0.997
0.001	0.041	0.001	0.957
0.730	0.001	0.001	0.268
0.001	0.787	0.001	0.211
0.001	0.997	0.001	0.001
0.887	0.001	0.111	0.001
0.001	0.997	0.001	0.001
>TCRCACCY	10-TCRCACCY	5.763437	-39.398727	0	T:221.0(11.87%),B:3051.3(6.47%),P:1e-17	Tpos:306.3,Tstd:213.0,Bpos:243.7,Bstd:147.9,StrandBias:0.0,Multiplicity:1.09
0.001	0.001	0.001	0.997
0.001	0.980	0.018	0.001
0.519	0.001	0.479	0.001
0.001	0.997	0.001	0.001
0.997	0.001	0.001	0.001
0.001	0.997	0.001	0.001
0.001	0.997	0.001	0.001
0.001	0.470	0.001	0.528
>TGACCACA	11-TGACCACA	7.929256	-34.514010	0	T:210.0(11.28%),B:2983.1(6.32%),P:1e-14	Tpos:286.4,Tstd:229.7,Bpos:241.5,Bstd:140.2,StrandBias:0.0,Multiplicity:1.10
0.001	0.106	0.001	0.892
0.001	0.001	0.997	0.001
0.681	0.001	0.317	0.001
0.001	0.997	0.001	0.001
0.001	0.921	0.077	0.001
0.917	0.001	0.081	0.001
0.001	0.997	0.001	0.001
0.997	0.001	0.001	0.001
>GTTTCAGT	12-GTTTCAGT	7.916957	-29.467686	0	T:245.0(13.16%),B:3843.1(8.15%),P:1e-12	Tpos:311.3,Tstd:294.4,Bpos:241.5,Bstd:145.1,StrandBias:-0.1,Multiplicity:1.15
0.001	0.228	0.770	0.001
0.001	0.001	0.001	0.997
0.001	0.001	0.001	0.997
0.001	0.001	0.001	0.997
0.001	0.997	0.001	0.001
0.779	0.063	0.001	0.157
0.001	0.001	0.876	0.122
0.001	0.001	0.001	0.997
>GACGTCAT	13-GACGTCAT	6.906047	-24.310230	0	T:123.0(6.61%),B:1639.0(3.47%),P:1e-10	Tpos:295.5,Tstd:214.8,Bpos:241.4,Bstd:152.6,StrandBias:0.0,Multiplicity:1.08
0.060	0.068	0.831	0.041
0.934	0.064	0.001	0.001
0.001	0.997	0.001	0.001
0.036	0.001	0.931	0.032
0.040	0.001	0.021	0.938
0.035	0.961	0.001	0.003
0.975	0.023	0.001	0.001
0.057	0.294	0.066	0.583
>CGATTGGC	14-CGATTGGC	7.637387	-16.925174	0	T:96.0(5.16%),B:1344.7(2.85%),P:1e-7	Tpos:271.8,Tstd:195.2,Bpos:239.4,Bstd:144.1,StrandBias:0.2,Multiplicity:1.16
0.039	0.751	0.045	0.165
0.057	0.047	0.694	0.202
0.968	0.030	0.001	0.001
0.032	0.001	0.001	0.966
0.001	0.001	0.001	0.997
0.005	0.008	0.986	0.001
0.022	0.043	0.905	0.030
0.073	0.834	0.001	0.092
>GACGTGTT	15-GACGTGTT	7.272024	-16.394362	0	T:148.0(7.95%),B:2384.0(5.05%),P:1e-7	Tpos:313.0,Tstd:230.5,Bpos:239.5,Bstd:149.6,StrandBias:0.2,Multiplicity:1.18
0.001	0.001	0.868	0.130
0.997	0.001	0.001	0.001
0.001	0.795	0.135	0.069
0.001	0.001	0.997	0.001
0.234	0.001	0.001	0.764
0.097	0.001	0.659	0.243
0.001	0.057	0.207	0.735
0.001	0.001	0.001	0.997
