>NYCACTTCCTGT	1-NYCACTTCCTGT	8.471365	-233.937240	0	T:592.0(31.79%),B:5982.3(12.68%),P:1e-101	Tpos:301.6,Tstd:220.6,Bpos:239.7,Bstd:143.9,StrandBias:-0.2,Multiplicity:1.26
0.232	0.291	0.255	0.222
0.142	0.357	0.207	0.294
0.091	0.415	0.243	0.251
0.509	0.108	0.270	0.113
0.001	0.604	0.001	0.394
0.115	0.001	0.001	0.883
0.001	0.001	0.001	0.997
0.001	0.997	0.001	0.001
0.001	0.997	0.001	0.001
0.001	0.001	0.001	0.997
0.001	0.215	0.675	0.109
0.020	0.288	0.175	0.517
>AAACCACAAMNM	2-AAACCACAAMNM	8.334424	-151.133240	0	T:366.0(19.66%),B:3454.8(7.32%),P:1e-65	Tpos:289.7,Tstd:234.0,Bpos:241.2,Bstd:146.2,StrandBias:-0.1,Multiplicity:1.15
0.474	0.264	0.194	0.068
0.887	0.096	0.001	0.016
0.793	0.001	0.205	0.001
0.061	0.937	0.001	0.001
0.001	0.997	0.001	0.001
0.800	0.105	0.001	0.094
0.025	0.970	0.004	0.001
0.875	0.059	0.065	0.001
0.500	0.207	0.230	0.063
0.391	0.328	0.159	0.122
0.307	0.303	0.215	0.175
0.299	0.402	0.109	0.189
>AGRCCACACCCT	3-AGRCCACACCCT	9.290827	-60.145939	0	T:137.0(7.36%),B:1212.8(2.57%),P:1e-26	Tpos:284.7,Tstd:218.8,Bpos:239.3,Bstd:139.7,StrandBias:0.3,Multiplicity:1.03
0.495	0.193	0.001	0.312
0.006	0.123	0.550	0.321
0.313	0.205	0.396	0.086
0.070	0.766	0.012	0.152
0.023	0.975	0.001	0.001
0.855	0.001	0.071	0.073
0.001	0.960	0.001	0.038
0.717	0.128	0.078	0.077
0.001	0.671	0.081	0.247
0.009	0.792	0.082	0.117
0.001	0.824	0.001	0.174
0.107	0.126	0.001	0.766
>GAAACCGAAACC	4-GAAACCGAAACC	9.771032	-58.889788	0	T:95.0(5.10%),B:653.2(1.38%),P:1e-25	Tpos:286.9,Tstd:225.4,Bpos:250.1,Bstd:151.1,StrandBias:0.4,Multiplicity:1.10
0.095	0.260	0.619	0.026
0.974	0.001	0.001	0.024
0.876	0.067	0.019	0.038
0.868	0.001	0.101	0.030
0.148	0.721	0.130	0.001
0.264	0.487	0.001	0.248
0.199	0.062	0.582	0.157
0.894	0.038	0.049	0.019
0.839	0.009	0.151	0.001
0.919	0.065	0.001	0.015
0.154	0.638	0.118	0.090
0.105	0.665	0.001	0.229
>GTCACTTCCTGT	5-GTCACTTCCTGT	6.135411	-58.380404	0	T:620.0(33.30%),B:10669.9(22.62%),P:1e-25	Tpos:283.2,Tstd:208.9,Bpos:239.7,Bstd:141.9,StrandBias:0.0,Multiplicity:1.14
0.089	0.104	0.743	0.064
0.051	0.064	0.001	0.884
0.074	0.869	0.032	0.025
0.925	0.060	0.001	0.014
0.025	0.828	0.066	0.081
0.049	0.101	0.039	0.811
0.069	0.055	0.030	0.846
0.099	0.713	0.079	0.109
0.025	0.927	0.012	0.036
0.084	0.055	0.012	0.849
0.123	0.052	0.800	0.025
0.101	0.056	0.038	0.805
>CCACYAGGGGGC	6-CCACYAGGGGGC	9.248975	-55.064181	0	T:127.0(6.82%),B:1133.0(2.40%),P:1e-23	Tpos:252.0,Tstd:180.6,Bpos:247.4,Bstd:141.2,StrandBias:-0.3,Multiplicity:1.03
0.163	0.719	0.063	0.055
0.001	0.979	0.019	0.001
0.713	0.131	0.067	0.089
0.076	0.737	0.147	0.040
0.137	0.422	0.067	0.374
0.853	0.020	0.088	0.039
0.012	0.001	0.986	0.001
0.288	0.028	0.609	0.075
0.067	0.001	0.604	0.328
0.170	0.020	0.790	0.020
0.059	0.103	0.825	0.013
0.094	0.842	0.063	0.001
>AACGGAAGTGGT	7-AACGGAAGTGGT	9.359573	-49.236070	0	T:83.0(4.46%),B:593.7(1.26%),P:1e-21	Tpos:246.0,Tstd:150.8,Bpos:246.4,Bstd:142.7,StrandBias:0.7,Multiplicity:1.02
0.770	0.099	0.112	0.019
0.808	0.064	0.096	0.032
0.097	0.649	0.174	0.080
0.107	0.001	0.757	0.135
0.051	0.080	0.868	0.001
0.911	0.031	0.057	0.001
0.954	0.001	0.013	0.032
0.001	0.012	0.986	0.001
0.083	0.064	0.001	0.852
0.076	0.001	0.884	0.039
0.001	0.032	0.850	0.117
0.161	0.032	0.086	0.721
>ACTCTGTGGTAA	8-ACTCTGTGGTAA	7.305636	-42.351556	0	T:278.0(14.93%),B:4063.9(8.62%),P:1e-18	Tpos:280.3,Tstd:235.2,Bpos:238.8,Bstd:142.1,StrandBias:-0.1,Multiplicity:1.13
0.695	0.074	0.117	0.114
0.079	0.719	0.120	0.082
0.105	0.111	0.056	0.728
0.062	0.771	0.083	0.084
0.091	0.041	0.041	0.827
0.050	0.083	0.806	0.061
0.094	0.050	0.083	0.773
0.078	0.038	0.829	0.055
0.084	0.077	0.774	0.065
0.087	0.117	0.087	0.709
0.667	0.122	0.097	0.114
0.702	0.091	0.110	0.097
>CTTTTGTGGTCT	9-CTTTTGTGGTCT	9.163006	-42.007261	0	T:111.0(5.96%),B:1079.2(2.29%),P:1e-18	Tpos:250.9,Tstd:187.5,Bpos:232.1,Bstd:142.2,StrandBias:-0.1,Multiplicity:1.00
0.073	0.719	0.156	0.052
0.067	0.070	0.001	0.862
0.056	0.069	0.082	0.793
0.047	0.083	0.098	0.772
0.061	0.001	0.031	0.907
0.084	0.150	0.713	0.053
0.089	0.061	0.043	0.807
0.047	0.001	0.951	0.001
0.031	0.041	0.902	0.026
0.024	0.068	0.014	0.894
0.001	0.834	0.095	0.070
0.131	0.052	0.001	0.816
>TATGACTCAGCA	10-TATGACTCAGCA	9.464875	-37.567418	0	T:82.0(4.40%),B:710.1(1.51%),P:1e-16	Tpos:286.5,Tstd:279.6,Bpos:236.5,Bstd:137.4,StrandBias:0.1,Multiplicity:1.04
0.122	0.069	0.030	0.779
0.756	0.061	0.098	0.085
0.102	0.066	0.001	0.831
0.066	0.099	0.834	0.001
0.913	0.059	0.027	0.001
0.121	0.804	0.074	0.001
0.092	0.001	0.001	0.906
0.001	0.921	0.012	0.066
0.833	0.001	0.066	0.100
0.099	0.092	0.743	0.066
0.051	0.835	0.048	0.066
0.819	0.100	0.001	0.080
>ACATTTCCTGTT	11-ACATTTCCTGTT	8.807175	-35.289308	0	T:118.0(6.34%),B:1305.5(2.77%),P:1e-15	Tpos:285.4,Tstd:170.2,Bpos:240.4,Bstd:143.5,StrandBias:-0.4,Multiplicity:1.00
0.477	0.086	0.271	0.166
0.213	0.610	0.122	0.055
0.547	0.141	0.195	0.117
0.140	0.010	0.125	0.725
0.066	0.025	0.013	0.896
0.043	0.018	0.032	0.907
0.118	0.601	0.164	0.117
0.083	0.668	0.050	0.199
0.035	0.001	0.051	0.913
0.138	0.170	0.637	0.055
0.105	0.075	0.033	0.787
0.017	0.045	0.026	0.912
>AAAGGGCGGGGC	12-AAAGGGCGGGGC	9.678241	-33.300022	0	T:107.0(5.75%),B:1161.4(2.46%),P:1e-14	Tpos:274.5,Tstd:223.8,Bpos:244.1,Bstd:159.7,StrandBias:-0.1,Multiplicity:1.21
0.744	0.132	0.077	0.047
0.712	0.071	0.125	0.092
0.767	0.067	0.114	0.052
0.048	0.021	0.930	0.001
0.042	0.001	0.915	0.042
0.008	0.059	0.912	0.021
0.054	0.838	0.059	0.049
0.086	0.042	0.803	0.069
0.048	0.042	0.858	0.052
0.123	0.031	0.825	0.021
0.057	0.051	0.857	0.035
0.046	0.844	0.031	0.079
>GTGTGACGTCAC	13-GTGTGACGTCAC	8.285298	-23.420001	0	T:104.0(5.59%),B:1318.0(2.79%),P:1e-10	Tpos:268.7,Tstd:187.5,Bpos:240.7,Bstd:150.7,StrandBias:-0.2,Multiplicity:1.07
0.055	0.321	0.512	0.112
0.032	0.115	0.202	0.651
0.250	0.057	0.692	0.001
0.148	0.001	0.055	0.796
0.055	0.059	0.775	0.111
0.801	0.109	0.001	0.089
0.087	0.684	0.199	0.030
0.098	0.001	0.734	0.167
0.001	0.093	0.037	0.869
0.219	0.758	0.022	0.001
0.997	0.001	0.001	0.001
0.058	0.527	0.193	0.222
>YAGGCGGGGCGA	14-YAGGCGGGGCGA	0.208301	-21.874399	0	T:257.0(13.80%),B:4410.5(9.35%),P:1e-9	Tpos:351.4,Tstd:262.9,Bpos:242.7,Bstd:155.4,StrandBias:0.0,Multiplicity:1.33
0.001	0.459	0.082	0.459
0.997	0.001	0.001	0.001
0.001	0.001	0.997	0.001
0.001	0.001	0.997	0.001
0.001	0.997	0.001	0.001
0.001	0.001	0.997	0.001
0.001	0.001	0.997	0.001
0.001	0.001	0.997	0.001
0.001	0.001	0.997	0.001
0.001	0.997	0.001	0.001
0.001	0.001	0.997	0.001
0.917	0.001	0.081	0.001
>TCTAACTCTTCC	15-TCTAACTCTTCC	12.193370	-21.215221	0	T:18.0(0.97%),B:68.2(0.14%),P:1e-9	Tpos:190.2,Tstd:158.9,Bpos:213.0,Bstd:119.5,StrandBias:1.1,Multiplicity:1.00
0.091	0.006	0.194	0.709
0.001	0.992	0.006	0.001
0.105	0.001	0.001	0.893
0.870	0.007	0.116	0.007
0.944	0.001	0.054	0.001
0.113	0.885	0.001	0.001
0.001	0.001	0.001	0.997
0.001	0.844	0.154	0.001
0.001	0.001	0.001	0.997
0.127	0.187	0.003	0.683
0.001	0.992	0.001	0.006
0.001	0.908	0.001	0.090
>GACARGAAGTSA	16-GACARGAAGTSA	8.810930	-19.605924	0	T:83.0(4.46%),B:1036.9(2.20%),P:1e-8	Tpos:281.2,Tstd:234.3,Bpos:236.9,Bstd:133.0,StrandBias:-0.6,Multiplicity:1.00
0.003	0.008	0.988	0.001
0.642	0.014	0.013	0.331
0.131	0.564	0.304	0.001
0.742	0.240	0.001	0.017
0.256	0.177	0.404	0.163
0.251	0.206	0.535	0.008
0.458	0.307	0.234	0.001
0.618	0.001	0.043	0.338
0.013	0.005	0.957	0.025
0.262	0.007	0.266	0.465
0.222	0.337	0.416	0.025
0.621	0.339	0.021	0.019
>GATGTGTTAGAG	17-GATGTGTTAGAG	13.098161	-16.141197	0	T:4.0(0.21%),B:1.5(0.00%),P:1e-7	Tpos:373.7,Tstd:142.0,Bpos:216.0,Bstd:128.0,StrandBias:3.6,Multiplicity:6.50
0.001	0.001	0.997	0.001
0.997	0.001	0.001	0.001
0.001	0.001	0.001	0.997
0.001	0.001	0.997	0.001
0.001	0.001	0.031	0.967
0.001	0.001	0.997	0.001
0.001	0.001	0.001	0.997
0.001	0.001	0.001	0.997
0.997	0.001	0.001	0.001
0.001	0.001	0.997	0.001
0.967	0.001	0.001	0.031
0.001	0.001	0.997	0.001
>TTACTCCGCCTG	18-TTACTCCGCCTG	13.827428	-13.400058	0	T:4.0(0.21%),B:2.8(0.01%),P:1e-5	Tpos:408.2,Tstd:168.0,Bpos:345.0,Bstd:52.2,StrandBias:2.8,Multiplicity:2.00
0.001	0.001	0.001	0.997
0.001	0.001	0.393	0.605
0.997	0.001	0.001	0.001
0.001	0.696	0.001	0.302
0.001	0.001	0.302	0.696
0.001	0.696	0.001	0.302
0.001	0.997	0.001	0.001
0.001	0.001	0.997	0.001
0.302	0.696	0.001	0.001
0.001	0.997	0.001	0.001
0.001	0.001	0.001	0.997
0.001	0.001	0.997	0.001
>CAGGAGTGATTG	19-CAGGAGTGATTG	12.355432	-13.400058	0	T:4.0(0.21%),B:2.3(0.00%),P:1e-5	Tpos:179.5,Tstd:48.8,Bpos:200.5,Bstd:101.7,StrandBias:0.0,Multiplicity:1.00
0.100	0.700	0.100	0.100
0.700	0.100	0.100	0.100
0.100	0.100	0.700	0.100
0.100	0.100	0.700	0.100
0.700	0.100	0.100	0.100
0.100	0.100	0.700	0.100
0.100	0.100	0.100	0.700
0.100	0.100	0.700	0.100
0.700	0.100	0.100	0.100
0.100	0.100	0.100	0.700
0.100	0.100	0.100	0.700
0.100	0.100	0.700	0.100
>GGGCGGAGATGT	20-GGGCGGAGATGT	6.517702	-9.566311	0	T:648.0(34.80%),B:14463.1(30.66%),P:1e-4	Tpos:316.7,Tstd:259.8,Bpos:239.4,Bstd:145.9,StrandBias:0.0,Multiplicity:1.40
0.100	0.100	0.700	0.100
0.100	0.100	0.700	0.100
0.100	0.100	0.700	0.100
0.100	0.700	0.100	0.100
0.100	0.100	0.700	0.100
0.100	0.100	0.700	0.100
0.700	0.100	0.100	0.100
0.100	0.100	0.700	0.100
0.700	0.100	0.100	0.100
0.100	0.100	0.100	0.700
0.100	0.100	0.700	0.100
0.100	0.100	0.100	0.700
>AACCATGCTCAC	21-AACCATGCTCAC	12.355432	-7.184143	0	T:2.0(0.11%),B:1.7(0.00%),P:1e-3	Tpos:152.4,Tstd:93.1,Bpos:168.5,Bstd:14.7,StrandBias:10.0,Multiplicity:2.50
0.700	0.100	0.100	0.100
0.700	0.100	0.100	0.100
0.100	0.700	0.100	0.100
0.100	0.700	0.100	0.100
0.700	0.100	0.100	0.100
0.100	0.100	0.100	0.700
0.100	0.100	0.700	0.100
0.100	0.700	0.100	0.100
0.100	0.100	0.100	0.700
0.100	0.700	0.100	0.100
0.700	0.100	0.100	0.100
0.100	0.700	0.100	0.100
>TTGGGCCTGACT	22-TTGGGCCTGACT	12.355432	-5.039148	0	T:2.0(0.11%),B:3.3(0.01%),P:1e-2	Tpos:424.9,Tstd:313.7,Bpos:237.2,Bstd:92.1,StrandBias:10.0,Multiplicity:4.00
0.100	0.100	0.100	0.700
0.100	0.100	0.100	0.700
0.100	0.100	0.700	0.100
0.100	0.100	0.700	0.100
0.100	0.100	0.700	0.100
0.100	0.700	0.100	0.100
0.100	0.700	0.100	0.100
0.100	0.100	0.100	0.700
0.100	0.100	0.700	0.100
0.700	0.100	0.100	0.100
0.100	0.700	0.100	0.100
0.100	0.100	0.100	0.700
>ACTAACYATAGA	23-ACTAACYATAGA	15.907333	-3.251769	0	T:1.0(0.05%),B:1.2(0.00%),P:1e-1	Tpos:203.0,Tstd:80.4,Bpos:236.0,Bstd:25.2,StrandBias:10.0,Multiplicity:10.00
0.997	0.001	0.001	0.001
0.001	0.997	0.001	0.001
0.001	0.001	0.001	0.997
0.997	0.001	0.001	0.001
0.997	0.001	0.001	0.001
0.001	0.997	0.001	0.001
0.001	0.499	0.001	0.499
0.997	0.001	0.001	0.001
0.001	0.001	0.001	0.997
0.997	0.001	0.001	0.001
0.001	0.001	0.997	0.001
0.997	0.001	0.001	0.001
>TCACAGCATCTC	24-TCACAGCATCTC	12.355432	-2.192092	0	T:1.0(0.05%),B:3.2(0.01%),P:1e0	Tpos:463.5,Tstd:52.9,Bpos:388.3,Bstd:55.5,StrandBias:10.0,Multiplicity:6.00
0.100	0.100	0.100	0.700
0.100	0.700	0.100	0.100
0.700	0.100	0.100	0.100
0.100	0.700	0.100	0.100
0.700	0.100	0.100	0.100
0.100	0.100	0.700	0.100
0.100	0.700	0.100	0.100
0.700	0.100	0.100	0.100
0.100	0.100	0.100	0.700
0.100	0.700	0.100	0.100
0.100	0.100	0.100	0.700
0.100	0.700	0.100	0.100
>ACACCTGGGAGA	25-ACACCTGGGAGA	12.355432	-1.421113	0	T:1.0(0.05%),B:7.8(0.02%),P:1e0	Tpos:207.4,Tstd:113.4,Bpos:197.7,Bstd:139.7,StrandBias:10.0,Multiplicity:16.00
0.700	0.100	0.100	0.100
0.100	0.700	0.100	0.100
0.700	0.100	0.100	0.100
0.100	0.700	0.100	0.100
0.100	0.700	0.100	0.100
0.100	0.100	0.100	0.700
0.100	0.100	0.700	0.100
0.100	0.100	0.700	0.100
0.100	0.100	0.700	0.100
0.700	0.100	0.100	0.100
0.100	0.100	0.700	0.100
0.700	0.100	0.100	0.100
