>ACAGGAAGTK	1-ACAGGAAGTK	7.800609	-341.412936	0	T:1369.0(29.96%),B:6565.6(14.81%),P:1e-148	Tpos:308.5,Tstd:242.1,Bpos:241.6,Bstd:143.0,StrandBias:-0.1,Multiplicity:1.27
0.495	0.109	0.213	0.183
0.118	0.600	0.221	0.061
0.784	0.186	0.029	0.001
0.001	0.002	0.996	0.001
0.001	0.001	0.997	0.001
0.997	0.001	0.001	0.001
0.780	0.035	0.001	0.184
0.354	0.022	0.623	0.001
0.044	0.385	0.001	0.570
0.145	0.103	0.431	0.321
>NNAAACCACA	2-NNAAACCACA	7.216419	-309.125203	0	T:1489.0(32.58%),B:7739.1(17.46%),P:1e-134	Tpos:290.0,Tstd:253.3,Bpos:241.7,Bstd:144.6,StrandBias:0.0,Multiplicity:1.30
0.268	0.200	0.244	0.288
0.297	0.270	0.277	0.156
0.572	0.132	0.001	0.295
0.777	0.014	0.119	0.090
0.871	0.001	0.127	0.001
0.001	0.997	0.001	0.001
0.001	0.997	0.001	0.001
0.802	0.041	0.061	0.096
0.082	0.916	0.001	0.001
0.899	0.063	0.001	0.037
>CTGTGGTRAG	3-CTGTGGTRAG	6.971075	-164.846761	0	T:1301.0(28.47%),B:7826.8(17.66%),P:1e-71	Tpos:284.8,Tstd:225.6,Bpos:240.0,Bstd:142.4,StrandBias:-0.0,Multiplicity:1.14
0.208	0.646	0.001	0.145
0.048	0.001	0.014	0.937
0.001	0.001	0.941	0.057
0.001	0.252	0.039	0.708
0.001	0.001	0.997	0.001
0.137	0.001	0.841	0.021
0.029	0.170	0.084	0.717
0.376	0.207	0.231	0.186
0.602	0.110	0.182	0.106
0.287	0.137	0.444	0.132
>GAAASYGAAA	4-GAAASYGAAA	7.557059	-144.117513	0	T:510.0(11.16%),B:2191.5(4.94%),P:1e-62	Tpos:320.4,Tstd:263.0,Bpos:233.2,Bstd:144.4,StrandBias:-0.1,Multiplicity:1.11
0.162	0.190	0.525	0.123
0.722	0.069	0.180	0.029
0.846	0.037	0.034	0.083
0.868	0.014	0.094	0.024
0.146	0.418	0.310	0.126
0.108	0.385	0.172	0.334
0.280	0.044	0.665	0.011
0.686	0.048	0.155	0.111
0.745	0.175	0.050	0.030
0.604	0.190	0.133	0.073
>TGASTCANAN	5-TGASTCANAN	7.428201	-129.725951	0	T:734.0(16.06%),B:3869.3(8.73%),P:1e-56	Tpos:282.1,Tstd:230.4,Bpos:245.6,Bstd:139.4,StrandBias:-0.0,Multiplicity:1.14
0.085	0.010	0.001	0.904
0.001	0.030	0.669	0.300
0.964	0.001	0.001	0.034
0.001	0.416	0.547	0.036
0.001	0.001	0.001	0.997
0.158	0.840	0.001	0.001
0.997	0.001	0.001	0.001
0.256	0.234	0.221	0.289
0.459	0.213	0.144	0.185
0.267	0.303	0.272	0.159
>CACCTAGTGG	6-CACCTAGTGG	9.512202	-117.618495	0	T:181.0(3.96%),B:448.3(1.01%),P:1e-51	Tpos:267.2,Tstd:196.0,Bpos:244.8,Bstd:144.8,StrandBias:-0.1,Multiplicity:1.02
0.001	0.997	0.001	0.001
0.821	0.168	0.001	0.010
0.012	0.821	0.012	0.155
0.001	0.997	0.001	0.001
0.001	0.017	0.001	0.981
0.837	0.013	0.122	0.028
0.006	0.082	0.897	0.015
0.016	0.001	0.009	0.974
0.001	0.049	0.949	0.001
0.001	0.009	0.948	0.042
>AAGTGAAAGT	7-AAGTGAAAGT	7.810105	-109.046033	0	T:722.0(15.80%),B:4010.8(9.05%),P:1e-47	Tpos:286.4,Tstd:248.0,Bpos:244.9,Bstd:146.8,StrandBias:0.0,Multiplicity:1.12
0.464	0.118	0.220	0.197
0.430	0.215	0.145	0.211
0.288	0.172	0.536	0.004
0.176	0.001	0.149	0.674
0.030	0.023	0.907	0.040
0.997	0.001	0.001	0.001
0.813	0.185	0.001	0.001
0.997	0.001	0.001	0.001
0.001	0.275	0.723	0.001
0.001	0.080	0.001	0.918
>CYCCKCCCHY	8-CYCCKCCCHY	7.285391	-79.356947	0	T:1217.0(26.63%),B:8481.5(19.14%),P:1e-34	Tpos:340.1,Tstd:269.8,Bpos:242.2,Bstd:149.9,StrandBias:-0.0,Multiplicity:1.64
0.161	0.512	0.070	0.257
0.078	0.337	0.163	0.423
0.121	0.764	0.055	0.060
0.040	0.901	0.047	0.012
0.234	0.040	0.428	0.297
0.053	0.780	0.067	0.100
0.033	0.901	0.032	0.034
0.039	0.633	0.014	0.314
0.261	0.363	0.036	0.341
0.172	0.373	0.221	0.234
>GGGGAWTYCC	9-GGGGAWTYCC	8.045508	-71.423370	0	T:408.0(8.93%),B:2132.6(4.81%),P:1e-31	Tpos:320.2,Tstd:267.2,Bpos:235.1,Bstd:137.5,StrandBias:0.2,Multiplicity:1.10
0.001	0.001	0.997	0.001
0.001	0.001	0.997	0.001
0.001	0.001	0.951	0.047
0.194	0.097	0.708	0.001
0.640	0.155	0.031	0.174
0.430	0.001	0.084	0.485
0.190	0.050	0.060	0.700
0.001	0.422	0.085	0.491
0.001	0.888	0.017	0.094
0.001	0.997	0.001	0.001
>NNTDWCGTVA	10-NNTDWCGTVA	5.252676	-64.669990	0	T:838.0(18.34%),B:5576.3(12.58%),P:1e-28	Tpos:301.1,Tstd:253.9,Bpos:238.1,Bstd:152.5,StrandBias:-0.0,Multiplicity:1.18
0.192	0.260	0.320	0.228
0.276	0.253	0.291	0.179
0.001	0.003	0.003	0.993
0.193	0.164	0.333	0.310
0.429	0.007	0.261	0.303
0.187	0.518	0.200	0.095
0.092	0.004	0.900	0.004
0.353	0.007	0.123	0.517
0.271	0.282	0.299	0.148
0.717	0.001	0.002	0.280
>GTTAACACCT	11-GTTAACACCT	7.115520	-57.849248	0	T:508.0(11.12%),B:3047.4(6.88%),P:1e-25	Tpos:320.6,Tstd:299.2,Bpos:239.7,Bstd:146.4,StrandBias:0.0,Multiplicity:1.09
0.024	0.147	0.700	0.129
0.035	0.099	0.109	0.757
0.068	0.032	0.050	0.850
0.734	0.102	0.120	0.044
0.811	0.064	0.074	0.051
0.059	0.858	0.057	0.026
0.779	0.044	0.062	0.115
0.052	0.830	0.081	0.037
0.031	0.870	0.046	0.053
0.078	0.047	0.058	0.817
>CCACATCAAA	12-CCACATCAAA	6.554028	-50.567280	0	T:263.0(5.75%),B:1326.5(2.99%),P:1e-21	Tpos:307.1,Tstd:209.8,Bpos:240.9,Bstd:139.3,StrandBias:-0.0,Multiplicity:1.03
0.043	0.534	0.179	0.244
0.098	0.580	0.096	0.226
0.733	0.001	0.171	0.095
0.224	0.599	0.073	0.104
0.471	0.159	0.176	0.195
0.167	0.185	0.022	0.626
0.237	0.475	0.042	0.246
0.680	0.228	0.044	0.048
0.420	0.206	0.209	0.165
0.605	0.152	0.195	0.048
>GTGTGWVACT	13-GTGTGWVACT	6.816832	-47.345351	0	T:374.0(8.18%),B:2172.2(4.90%),P:1e-20	Tpos:306.0,Tstd:250.5,Bpos:245.9,Bstd:145.7,StrandBias:-0.3,Multiplicity:1.10
0.355	0.040	0.569	0.036
0.021	0.016	0.348	0.615
0.138	0.207	0.618	0.037
0.297	0.224	0.001	0.478
0.068	0.224	0.562	0.146
0.462	0.026	0.009	0.503
0.267	0.349	0.293	0.091
0.711	0.029	0.230	0.030
0.028	0.615	0.150	0.207
0.026	0.368	0.013	0.593
>CGGTAGTTTT	14-CGGTAGTTTT	6.622155	-45.033757	0	T:586.0(12.82%),B:3879.0(8.75%),P:1e-19	Tpos:288.7,Tstd:243.5,Bpos:238.5,Bstd:148.6,StrandBias:0.1,Multiplicity:1.11
0.036	0.821	0.073	0.070
0.047	0.052	0.814	0.087
0.051	0.054	0.814	0.081
0.062	0.054	0.069	0.815
0.815	0.047	0.061	0.077
0.056	0.082	0.814	0.048
0.059	0.091	0.066	0.784
0.079	0.082	0.074	0.765
0.070	0.058	0.074	0.798
0.100	0.096	0.041	0.763
>GGGCGTGGCT	15-GGGCGTGGCT	8.736549	-44.799187	0	T:318.0(6.96%),B:1787.7(4.03%),P:1e-19	Tpos:305.4,Tstd:224.7,Bpos:241.8,Bstd:154.7,StrandBias:0.1,Multiplicity:1.13
0.157	0.001	0.841	0.001
0.001	0.001	0.955	0.043
0.012	0.016	0.971	0.001
0.040	0.755	0.037	0.168
0.020	0.020	0.959	0.001
0.021	0.001	0.001	0.977
0.001	0.004	0.989	0.006
0.026	0.042	0.902	0.030
0.006	0.904	0.001	0.089
0.077	0.112	0.001	0.810
>AACCGCGAAA	16-AACCGCGAAA	6.222551	-37.981795	0	T:553.0(12.10%),B:3746.8(8.45%),P:1e-16	Tpos:305.1,Tstd:249.9,Bpos:243.8,Bstd:157.9,StrandBias:0.2,Multiplicity:1.08
0.711	0.100	0.091	0.098
0.713	0.092	0.098	0.097
0.100	0.704	0.106	0.090
0.115	0.681	0.102	0.102
0.096	0.094	0.722	0.088
0.080	0.740	0.079	0.101
0.123	0.101	0.656	0.120
0.689	0.108	0.097	0.106
0.676	0.098	0.117	0.109
0.706	0.106	0.082	0.106
>GKAATGTACC	17-GKAATGTACC	10.897155	-23.627131	0	T:34.0(0.74%),B:84.8(0.19%),P:1e-10	Tpos:225.3,Tstd:191.4,Bpos:245.1,Bstd:152.6,StrandBias:-0.3,Multiplicity:1.00
0.001	0.001	0.997	0.001
0.001	0.001	0.502	0.496
0.997	0.001	0.001	0.001
0.635	0.001	0.001	0.363
0.322	0.001	0.001	0.676
0.001	0.001	0.997	0.001
0.001	0.104	0.001	0.894
0.997	0.001	0.001	0.001
0.001	0.997	0.001	0.001
0.001	0.997	0.001	0.001
>GATAGTATCA	18-GATAGTATCA	9.007385	-23.396548	0	T:51.0(1.12%),B:171.0(0.39%),P:1e-10	Tpos:275.3,Tstd:245.1,Bpos:257.6,Bstd:139.7,StrandBias:0.1,Multiplicity:1.00
0.137	0.001	0.845	0.017
0.901	0.001	0.001	0.097
0.001	0.005	0.001	0.993
0.856	0.001	0.142	0.001
0.001	0.107	0.891	0.001
0.001	0.076	0.001	0.922
0.971	0.001	0.001	0.027
0.017	0.107	0.001	0.875
0.001	0.971	0.027	0.001
0.787	0.037	0.107	0.069
>GCTAAGCGAG	19-GCTAAGCGAG	8.689651	-21.712709	0	T:74.0(1.62%),B:318.9(0.72%),P:1e-9	Tpos:292.5,Tstd:213.4,Bpos:251.6,Bstd:148.8,StrandBias:0.0,Multiplicity:1.01
0.001	0.001	0.921	0.077
0.045	0.804	0.016	0.135
0.001	0.023	0.010	0.966
0.976	0.001	0.001	0.022
0.851	0.078	0.014	0.057
0.037	0.078	0.828	0.057
0.075	0.840	0.030	0.055
0.068	0.001	0.925	0.006
0.972	0.026	0.001	0.001
0.045	0.027	0.927	0.001
>TCTGTTCCGR	20-TCTGTTCCGR	11.333632	-21.251692	0	T:29.0(0.63%),B:69.0(0.16%),P:1e-9	Tpos:267.1,Tstd:219.5,Bpos:256.4,Bstd:140.1,StrandBias:-0.6,Multiplicity:1.00
0.001	0.001	0.001	0.997
0.001	0.997	0.001	0.001
0.001	0.001	0.001	0.997
0.001	0.263	0.591	0.145
0.365	0.001	0.001	0.633
0.001	0.001	0.001	0.997
0.001	0.997	0.001	0.001
0.001	0.997	0.001	0.001
0.001	0.001	0.997	0.001
0.487	0.023	0.489	0.001
>AACCTAACGT	21-AACCTAACGT	10.280087	-19.578587	0	T:23.0(0.50%),B:48.4(0.11%),P:1e-8	Tpos:225.6,Tstd:185.7,Bpos:276.6,Bstd:130.2,StrandBias:-0.3,Multiplicity:1.00
0.997	0.001	0.001	0.001
0.897	0.001	0.033	0.069
0.001	0.997	0.001	0.001
0.001	0.966	0.001	0.032
0.069	0.012	0.069	0.850
0.966	0.001	0.032	0.001
0.822	0.069	0.069	0.040
0.034	0.915	0.050	0.001
0.001	0.001	0.789	0.209
0.069	0.001	0.069	0.861
>GTTACCGTGT	22-GTTACCGTGT	12.241353	-19.027341	0	T:10.0(0.22%),B:7.4(0.02%),P:1e-8	Tpos:220.7,Tstd:217.2,Bpos:279.0,Bstd:125.3,StrandBias:0.6,Multiplicity:1.00
0.001	0.001	0.997	0.001
0.001	0.001	0.001	0.997
0.001	0.001	0.001	0.997
0.997	0.001	0.001	0.001
0.001	0.997	0.001	0.001
0.001	0.997	0.001	0.001
0.001	0.001	0.997	0.001
0.001	0.001	0.001	0.997
0.001	0.203	0.795	0.001
0.001	0.001	0.001	0.997
>GTGAGTCACA	23-GTGAGTCACA	9.690862	-13.803780	0	T:104.0(2.28%),B:610.0(1.38%),P:1e-5	Tpos:332.3,Tstd:346.1,Bpos:231.3,Bstd:134.9,StrandBias:-0.1,Multiplicity:1.02
0.001	0.001	0.997	0.001
0.001	0.227	0.001	0.771
0.332	0.001	0.666	0.001
0.710	0.001	0.288	0.001
0.001	0.001	0.593	0.405
0.001	0.001	0.280	0.718
0.001	0.997	0.001	0.001
0.997	0.001	0.001	0.001
0.154	0.500	0.001	0.345
0.997	0.001	0.001	0.001
>TTGAGTCACG	24-TTGAGTCACG	10.153625	-13.578958	0	T:31.0(0.68%),B:111.9(0.25%),P:1e-5	Tpos:345.3,Tstd:375.4,Bpos:207.0,Bstd:136.4,StrandBias:-0.7,Multiplicity:1.00
0.285	0.001	0.105	0.609
0.001	0.001	0.001	0.997
0.001	0.105	0.701	0.193
0.860	0.001	0.001	0.138
0.193	0.001	0.728	0.078
0.001	0.057	0.001	0.941
0.001	0.765	0.233	0.001
0.997	0.001	0.001	0.001
0.001	0.997	0.001	0.001
0.001	0.001	0.997	0.001
>GTATACTCAT	25-GTATACTCAT	11.258880	-9.319330	0	T:9.0(0.20%),B:17.5(0.04%),P:1e-4	Tpos:235.5,Tstd:252.8,Bpos:226.3,Bstd:129.9,StrandBias:-1.6,Multiplicity:2.67
0.001	0.001	0.997	0.001
0.001	0.001	0.001	0.997
0.997	0.001	0.001	0.001
0.001	0.076	0.001	0.922
0.997	0.001	0.001	0.001
0.001	0.997	0.001	0.001
0.001	0.001	0.001	0.997
0.001	0.997	0.001	0.001
0.997	0.001	0.001	0.001
0.001	0.001	0.001	0.997
>ACAGGAAGTGRN	1-ACAGGAAGTGRN	8.112685	-340.249749	0	T:1262.0(27.61%),B:5807.9(13.10%),P:1e-147	Tpos:305.0,Tstd:243.6,Bpos:241.6,Bstd:141.6,StrandBias:-0.1,Multiplicity:1.26
0.614	0.047	0.308	0.031
0.177	0.502	0.286	0.035
0.949	0.001	0.049	0.001
0.001	0.001	0.997	0.001
0.096	0.001	0.902	0.001
0.997	0.001	0.001	0.001
0.854	0.001	0.001	0.144
0.276	0.039	0.684	0.001
0.062	0.283	0.001	0.654
0.236	0.098	0.497	0.169
0.300	0.188	0.396	0.116
0.267	0.236	0.226	0.270
>NCAAACCACARM	2-NCAAACCACARM	7.854814	-328.681303	0	T:1084.0(23.72%),B:4663.3(10.52%),P:1e-142	Tpos:304.7,Tstd:267.7,Bpos:241.3,Bstd:145.6,StrandBias:0.0,Multiplicity:1.20
0.324	0.203	0.178	0.295
0.203	0.409	0.207	0.181
0.508	0.177	0.035	0.280
0.770	0.001	0.161	0.068
0.771	0.110	0.118	0.001
0.001	0.973	0.020	0.006
0.001	0.997	0.001	0.001
0.980	0.001	0.018	0.001
0.007	0.991	0.001	0.001
0.867	0.001	0.001	0.131
0.384	0.095	0.371	0.150
0.299	0.354	0.165	0.182
>GAAASTGAAAGT	3-GAAASTGAAAGT	9.756752	-203.514091	0	T:323.0(7.07%),B:824.0(1.86%),P:1e-88	Tpos:300.4,Tstd:243.6,Bpos:233.5,Bstd:145.1,StrandBias:-0.0,Multiplicity:1.07
0.216	0.188	0.470	0.126
0.857	0.001	0.120	0.022
0.861	0.001	0.038	0.100
0.803	0.001	0.129	0.067
0.240	0.328	0.430	0.001
0.179	0.001	0.027	0.793
0.051	0.044	0.904	0.001
0.997	0.001	0.001	0.001
0.925	0.016	0.058	0.001
0.961	0.001	0.016	0.022
0.042	0.328	0.619	0.011
0.068	0.211	0.079	0.642
>CCACYAGGTGGC	4-CCACYAGGTGGC	9.003311	-129.093219	0	T:212.0(4.64%),B:554.0(1.25%),P:1e-56	Tpos:245.1,Tstd:181.6,Bpos:243.2,Bstd:139.7,StrandBias:-0.1,Multiplicity:1.01
0.079	0.852	0.066	0.003
0.056	0.896	0.004	0.044
0.675	0.106	0.036	0.183
0.045	0.720	0.121	0.114
0.202	0.407	0.103	0.288
0.502	0.092	0.137	0.269
0.084	0.103	0.661	0.152
0.269	0.075	0.649	0.007
0.066	0.095	0.303	0.536
0.126	0.031	0.763	0.080
0.124	0.012	0.721	0.143
0.153	0.637	0.091	0.119
>GAAACCGAAACC	5-GAAACCGAAACC	6.843697	-117.264613	0	T:1008.0(22.06%),B:6119.9(13.81%),P:1e-50	Tpos:317.5,Tstd:250.6,Bpos:239.0,Bstd:147.2,StrandBias:-0.1,Multiplicity:1.22
0.100	0.095	0.745	0.060
0.795	0.049	0.080	0.076
0.781	0.077	0.068	0.074
0.806	0.063	0.076	0.055
0.136	0.689	0.110	0.065
0.143	0.664	0.082	0.111
0.184	0.093	0.644	0.079
0.720	0.128	0.073	0.079
0.865	0.040	0.048	0.047
0.808	0.054	0.103	0.035
0.094	0.706	0.141	0.059
0.074	0.779	0.056	0.091
>DRNTGASTCATN	6-DRNTGASTCATN	3.503099	-105.770208	0	T:608.0(13.30%),B:3205.7(7.23%),P:1e-45	Tpos:288.4,Tstd:236.0,Bpos:244.8,Bstd:137.9,StrandBias:-0.0,Multiplicity:1.10
0.323	0.001	0.352	0.324
0.385	0.148	0.259	0.208
0.281	0.223	0.294	0.201
0.001	0.001	0.001	0.997
0.001	0.001	0.997	0.001
0.997	0.001	0.001	0.001
0.001	0.489	0.509	0.001
0.001	0.001	0.001	0.997
0.001	0.997	0.001	0.001
0.997	0.001	0.001	0.001
0.209	0.206	0.212	0.373
0.234	0.286	0.202	0.278
>GGGGAAANCCCC	7-GGGGAAANCCCC	9.239445	-100.701669	0	T:283.0(6.19%),B:1069.3(2.41%),P:1e-43	Tpos:317.6,Tstd:260.5,Bpos:237.2,Bstd:134.1,StrandBias:-0.1,Multiplicity:1.06
0.169	0.024	0.483	0.323
0.217	0.001	0.752	0.030
0.021	0.001	0.977	0.001
0.159	0.001	0.839	0.001
0.640	0.015	0.344	0.001
0.997	0.001	0.001	0.001
0.786	0.056	0.157	0.001
0.213	0.236	0.248	0.302
0.001	0.703	0.051	0.245
0.084	0.914	0.001	0.001
0.087	0.911	0.001	0.001
0.139	0.726	0.001	0.134
>AGGGGGCGGGGC	8-AGGGGGCGGGGC	8.813887	-79.733547	0	T:986.0(21.58%),B:6527.8(14.73%),P:1e-34	Tpos:341.8,Tstd:264.3,Bpos:241.9,Bstd:146.7,StrandBias:0.0,Multiplicity:1.48
0.523	0.132	0.167	0.178
0.061	0.009	0.806	0.124
0.208	0.001	0.539	0.252
0.104	0.001	0.878	0.017
0.002	0.001	0.991	0.006
0.056	0.001	0.942	0.001
0.201	0.533	0.045	0.221
0.050	0.001	0.937	0.012
0.014	0.001	0.761	0.224
0.075	0.001	0.892	0.032
0.140	0.073	0.682	0.105
0.117	0.648	0.148	0.087
>TGGGAAATGTAG	9-TGGGAAATGTAG	12.107631	-38.747748	0	T:51.0(1.12%),B:113.2(0.26%),P:1e-16	Tpos:295.9,Tstd:218.0,Bpos:229.1,Bstd:164.8,StrandBias:0.7,Multiplicity:1.08
0.001	0.001	0.001	0.997
0.055	0.001	0.904	0.040
0.001	0.001	0.958	0.040
0.001	0.001	0.943	0.055
0.958	0.040	0.001	0.001
0.889	0.032	0.078	0.001
0.747	0.047	0.001	0.205
0.055	0.001	0.001	0.943
0.001	0.001	0.997	0.001
0.001	0.001	0.016	0.982
0.941	0.001	0.032	0.026
0.001	0.001	0.997	0.001
>CACTTCCTCCCA	10-CACTTCCTCCCA	9.308857	-37.597513	0	T:296.0(6.48%),B:1718.8(3.88%),P:1e-16	Tpos:311.9,Tstd:309.6,Bpos:243.1,Bstd:142.7,StrandBias:-0.1,Multiplicity:1.02
0.046	0.869	0.069	0.016
0.835	0.059	0.032	0.074
0.049	0.809	0.093	0.049
0.066	0.069	0.068	0.797
0.005	0.086	0.065	0.844
0.045	0.805	0.077	0.073
0.049	0.890	0.015	0.046
0.075	0.027	0.085	0.813
0.071	0.845	0.021	0.063
0.039	0.803	0.059	0.099
0.061	0.932	0.001	0.006
0.827	0.031	0.078	0.064
>CACTTCCTCCTC	11-CACTTCCTCCTC	9.615592	-35.245441	0	T:246.0(5.38%),B:1377.9(3.11%),P:1e-15	Tpos:298.1,Tstd:254.0,Bpos:233.9,Bstd:138.4,StrandBias:0.4,Multiplicity:1.02
0.042	0.776	0.089	0.093
0.856	0.092	0.025	0.027
0.001	0.825	0.085	0.089
0.142	0.007	0.083	0.768
0.080	0.111	0.089	0.720
0.050	0.851	0.044	0.055
0.060	0.812	0.059	0.069
0.056	0.086	0.005	0.853
0.068	0.925	0.001	0.006
0.136	0.851	0.001	0.012
0.067	0.004	0.018	0.911
0.110	0.854	0.016	0.020
>AGTWACCDCCAC	12-AGTWACCDCCAC	8.857823	-33.982440	0	T:17.0(0.37%),B:10.2(0.02%),P:1e-14	Tpos:386.2,Tstd:251.5,Bpos:253.4,Bstd:111.5,StrandBias:0.5,Multiplicity:1.00
0.645	0.055	0.021	0.279
0.050	0.223	0.685	0.042
0.174	0.279	0.038	0.509
0.313	0.240	0.046	0.401
0.862	0.050	0.050	0.038
0.349	0.541	0.055	0.055
0.220	0.480	0.008	0.291
0.317	0.017	0.404	0.262
0.038	0.645	0.271	0.046
0.063	0.802	0.067	0.068
0.391	0.161	0.223	0.224
0.038	0.490	0.219	0.254
>TTGTGGTTTCCT	13-TTGTGGTTTCCT	9.876469	-33.722466	0	T:140.0(3.06%),B:649.0(1.46%),P:1e-14	Tpos:339.8,Tstd:248.1,Bpos:246.8,Bstd:144.6,StrandBias:-0.2,Multiplicity:1.03
0.176	0.001	0.001	0.822
0.101	0.155	0.063	0.681
0.110	0.186	0.680	0.024
0.001	0.001	0.029	0.969
0.102	0.030	0.796	0.072
0.159	0.210	0.630	0.001
0.030	0.132	0.010	0.828
0.001	0.040	0.067	0.892
0.030	0.001	0.047	0.922
0.030	0.882	0.001	0.087
0.001	0.915	0.001	0.083
0.016	0.001	0.001	0.982
>KGAAACAHSCTG	14-KGAAACAHSCTG	10.187861	-28.238366	0	T:128.0(2.80%),B:617.1(1.39%),P:1e-12	Tpos:320.7,Tstd:268.0,Bpos:241.4,Bstd:143.6,StrandBias:0.1,Multiplicity:1.00
0.001	0.001	0.514	0.484
0.001	0.001	0.997	0.001
0.997	0.001	0.001	0.001
0.581	0.417	0.001	0.001
0.997	0.001	0.001	0.001
0.001	0.997	0.001	0.001
0.573	0.275	0.151	0.001
0.325	0.245	0.126	0.304
0.001	0.408	0.449	0.142
0.301	0.514	0.109	0.076
0.001	0.001	0.001	0.997
0.001	0.001	0.997	0.001
>TTCCTGAGGTGA	15-TTCCTGAGGTGA	0.189290	-24.105627	0	T:492.0(10.77%),B:3551.4(8.01%),P:1e-10	Tpos:309.0,Tstd:285.7,Bpos:239.9,Bstd:138.1,StrandBias:0.1,Multiplicity:1.12
0.001	0.001	0.001	0.997
0.001	0.001	0.001	0.997
0.001	0.997	0.001	0.001
0.001	0.997	0.001	0.001
0.001	0.001	0.001	0.997
0.001	0.001	0.997	0.001
0.997	0.001	0.001	0.001
0.001	0.001	0.997	0.001
0.001	0.001	0.997	0.001
0.001	0.001	0.001	0.997
0.001	0.001	0.924	0.074
0.997	0.001	0.001	0.001
>CAACACCTCAGY	16-CAACACCTCAGY	7.914244	-24.013550	0	T:390.0(8.53%),B:2700.4(6.09%),P:1e-10	Tpos:289.2,Tstd:236.1,Bpos:244.3,Bstd:146.1,StrandBias:0.0,Multiplicity:1.07
0.001	0.997	0.001	0.001
0.737	0.212	0.050	0.001
0.785	0.001	0.145	0.069
0.091	0.656	0.001	0.252
0.771	0.001	0.221	0.007
0.036	0.787	0.176	0.001
0.262	0.663	0.001	0.074
0.112	0.001	0.130	0.757
0.088	0.810	0.001	0.101
0.997	0.001	0.001	0.001
0.191	0.001	0.645	0.163
0.221	0.436	0.055	0.289
>GTAACACCTCAC	17-GTAACACCTCAC	-6.731543	-23.568211	0	T:2265.0(49.56%),B:19855.6(44.80%),P:1e-10	Tpos:306.4,Tstd:255.8,Bpos:239.1,Bstd:144.7,StrandBias:-0.0,Multiplicity:1.45
0.001	0.001	0.997	0.001
0.079	0.001	0.001	0.919
0.997	0.001	0.001	0.001
0.997	0.001	0.001	0.001
0.001	0.997	0.001	0.001
0.997	0.001	0.001	0.001
0.001	0.997	0.001	0.001
0.001	0.997	0.001	0.001
0.001	0.001	0.001	0.997
0.001	0.997	0.001	0.001
0.919	0.001	0.079	0.001
0.001	0.997	0.001	0.001
>TGGTGACGTCAC	18-TGGTGACGTCAC	7.844597	-22.499914	0	T:341.0(7.46%),B:2330.1(5.26%),P:1e-9	Tpos:309.3,Tstd:234.4,Bpos:240.2,Bstd:141.6,StrandBias:-0.0,Multiplicity:1.12
0.207	0.115	0.101	0.577
0.056	0.038	0.864	0.042
0.226	0.125	0.648	0.001
0.046	0.013	0.010	0.931
0.040	0.072	0.875	0.013
0.908	0.001	0.085	0.006
0.087	0.465	0.243	0.206
0.212	0.088	0.586	0.114
0.027	0.056	0.026	0.891
0.027	0.916	0.017	0.040
0.906	0.053	0.040	0.001
0.050	0.570	0.136	0.244
>GGATCTAGGACT	19-GGATCTAGGACT	14.015326	-20.302258	0	T:6.0(0.13%),B:1.5(0.00%),P:1e-8	Tpos:511.5,Tstd:203.7,Bpos:92.0,Bstd:0.0,StrandBias:1.6,Multiplicity:2.00
0.293	0.001	0.705	0.001
0.001	0.001	0.997	0.001
0.742	0.256	0.001	0.001
0.001	0.001	0.001	0.997
0.001	0.997	0.001	0.001
0.001	0.001	0.001	0.997
0.997	0.001	0.001	0.001
0.001	0.001	0.997	0.001
0.001	0.001	0.997	0.001
0.997	0.001	0.001	0.001
0.001	0.997	0.001	0.001
0.001	0.001	0.001	0.997
>ACACAGTCTCCA	20-ACACAGTCTCCA	12.355432	-16.231398	0	T:6.0(0.13%),B:2.7(0.01%),P:1e-7	Tpos:226.0,Tstd:179.9,Bpos:141.6,Bstd:81.3,StrandBias:2.3,Multiplicity:1.00
0.700	0.100	0.100	0.100
0.100	0.700	0.100	0.100
0.700	0.100	0.100	0.100
0.100	0.700	0.100	0.100
0.700	0.100	0.100	0.100
0.100	0.100	0.700	0.100
0.100	0.100	0.100	0.700
0.100	0.700	0.100	0.100
0.100	0.100	0.100	0.700
0.100	0.700	0.100	0.100
0.100	0.700	0.100	0.100
0.700	0.100	0.100	0.100
>AATGAGTATACA	21-AATGAGTATACA	13.519837	-12.854805	0	T:5.0(0.11%),B:2.8(0.01%),P:1e-5	Tpos:139.9,Tstd:93.5,Bpos:292.3,Bstd:130.4,StrandBias:1.5,Multiplicity:3.00
0.944	0.001	0.001	0.054
0.997	0.001	0.001	0.001
0.001	0.001	0.001	0.997
0.001	0.001	0.997	0.001
0.997	0.001	0.001	0.001
0.001	0.001	0.997	0.001
0.001	0.054	0.001	0.944
0.944	0.001	0.054	0.001
0.001	0.001	0.001	0.997
0.997	0.001	0.001	0.001
0.001	0.944	0.001	0.054
0.997	0.001	0.001	0.001
>CTGCTAACACAC	22-CTGCTAACACAC	13.835272	-12.854805	0	T:5.0(0.11%),B:2.2(0.00%),P:1e-5	Tpos:179.7,Tstd:98.4,Bpos:355.2,Bstd:45.3,StrandBias:1.4,Multiplicity:2.20
0.001	0.997	0.001	0.001
0.001	0.001	0.001	0.997
0.001	0.001	0.997	0.001
0.001	0.925	0.001	0.073
0.001	0.001	0.001	0.997
0.997	0.001	0.001	0.001
0.925	0.073	0.001	0.001
0.073	0.925	0.001	0.001
0.997	0.001	0.001	0.001
0.001	0.997	0.001	0.001
0.997	0.001	0.001	0.001
0.001	0.997	0.001	0.001
>ACAGTGAGCCCT	23-ACAGTGAGCCCT	12.355432	-9.658738	0	T:4.0(0.09%),B:2.4(0.01%),P:1e-4	Tpos:273.3,Tstd:226.2,Bpos:220.7,Bstd:108.0,StrandBias:1.0,Multiplicity:2.25
0.700	0.100	0.100	0.100
0.100	0.700	0.100	0.100
0.700	0.100	0.100	0.100
0.100	0.100	0.700	0.100
0.100	0.100	0.100	0.700
0.100	0.100	0.700	0.100
0.700	0.100	0.100	0.100
0.100	0.100	0.700	0.100
0.100	0.700	0.100	0.100
0.100	0.700	0.100	0.100
0.100	0.700	0.100	0.100
0.100	0.100	0.100	0.700
>TGCACTGCAGGT	24-TGCACTGCAGGT	12.355432	-9.658738	0	T:4.0(0.09%),B:2.5(0.01%),P:1e-4	Tpos:258.8,Tstd:256.7,Bpos:165.3,Bstd:152.9,StrandBias:10.0,Multiplicity:2.00
0.100	0.100	0.100	0.700
0.100	0.100	0.700	0.100
0.100	0.700	0.100	0.100
0.700	0.100	0.100	0.100
0.100	0.700	0.100	0.100
0.100	0.100	0.100	0.700
0.100	0.100	0.700	0.100
0.100	0.700	0.100	0.100
0.700	0.100	0.100	0.100
0.100	0.100	0.700	0.100
0.100	0.100	0.700	0.100
0.100	0.100	0.100	0.700
>GCTGACTGCTGC	25-GCTGACTGCTGC	12.355432	-3.987153	0	T:2.0(0.04%),B:2.1(0.00%),P:1e-1	Tpos:116.7,Tstd:77.4,Bpos:386.1,Bstd:4.4,StrandBias:10.0,Multiplicity:3.00
0.100	0.100	0.700	0.100
0.100	0.700	0.100	0.100
0.100	0.100	0.100	0.700
0.100	0.100	0.700	0.100
0.700	0.100	0.100	0.100
0.100	0.700	0.100	0.100
0.100	0.100	0.100	0.700
0.100	0.100	0.700	0.100
0.100	0.700	0.100	0.100
0.100	0.100	0.100	0.700
0.100	0.100	0.700	0.100
0.100	0.700	0.100	0.100
>TGTGGTTW	1-TGTGGTTW	6.699536	-318.037910	0	T:1585.0(34.68%),B:8395.5(18.94%),P:1e-138	Tpos:290.2,Tstd:248.2,Bpos:241.9,Bstd:146.2,StrandBias:0.0,Multiplicity:1.32
0.126	0.113	0.084	0.677
0.010	0.075	0.804	0.111
0.096	0.143	0.046	0.715
0.031	0.077	0.891	0.001
0.009	0.001	0.980	0.010
0.001	0.039	0.006	0.954
0.135	0.146	0.118	0.601
0.425	0.001	0.193	0.381
>AGGAAGTG	2-AGGAAGTG	7.480261	-269.912064	0	T:1210.0(26.48%),B:6007.0(13.55%),P:1e-117	Tpos:308.0,Tstd:245.1,Bpos:241.7,Bstd:142.7,StrandBias:-0.1,Multiplicity:1.22
0.953	0.045	0.001	0.001
0.001	0.001	0.997	0.001
0.001	0.001	0.997	0.001
0.997	0.001	0.001	0.001
0.883	0.001	0.001	0.115
0.140	0.001	0.858	0.001
0.001	0.001	0.001	0.997
0.081	0.001	0.803	0.115
>ACCGGAAG	3-ACCGGAAG	6.583248	-172.691405	0	T:1260.0(27.57%),B:7398.2(16.69%),P:1e-74	Tpos:302.3,Tstd:234.0,Bpos:239.7,Bstd:149.7,StrandBias:-0.2,Multiplicity:1.22
0.643	0.001	0.176	0.180
0.171	0.661	0.101	0.067
0.167	0.831	0.001	0.001
0.023	0.028	0.948	0.001
0.001	0.017	0.981	0.001
0.767	0.098	0.120	0.015
0.847	0.150	0.001	0.002
0.268	0.001	0.730	0.001
>GCGGTTTC	4-GCGGTTTC	5.458276	-171.301432	0	T:1966.0(43.02%),B:13376.5(30.18%),P:1e-74	Tpos:312.5,Tstd:252.9,Bpos:241.7,Bstd:150.4,StrandBias:0.0,Multiplicity:1.32
0.110	0.092	0.731	0.067
0.120	0.561	0.149	0.170
0.082	0.048	0.807	0.063
0.089	0.065	0.772	0.074
0.061	0.039	0.028	0.872
0.056	0.093	0.048	0.803
0.129	0.011	0.050	0.810
0.095	0.648	0.121	0.136
>STGASTCA	5-STGASTCA	3.595410	-109.196381	0	T:562.0(12.30%),B:2840.5(6.41%),P:1e-47	Tpos:288.3,Tstd:245.4,Bpos:244.4,Bstd:139.2,StrandBias:-0.0,Multiplicity:1.10
0.024	0.548	0.427	0.001
0.001	0.001	0.001	0.997
0.001	0.001	0.997	0.001
0.997	0.001	0.001	0.001
0.001	0.566	0.432	0.001
0.001	0.001	0.001	0.997
0.001	0.997	0.001	0.001
0.997	0.001	0.001	0.001
>TTTCGGTT	6-TTTCGGTT	5.497453	-100.338570	0	T:877.0(19.19%),B:5318.2(12.00%),P:1e-43	Tpos:312.6,Tstd:249.9,Bpos:238.5,Bstd:149.1,StrandBias:-0.1,Multiplicity:1.17
0.081	0.141	0.053	0.725
0.154	0.023	0.104	0.719
0.068	0.218	0.087	0.627
0.141	0.660	0.078	0.121
0.163	0.323	0.476	0.037
0.015	0.320	0.505	0.160
0.128	0.071	0.185	0.616
0.184	0.127	0.148	0.541
>ASTTTCAC	7-ASTTTCAC	5.412904	-67.508960	0	T:1910.0(41.79%),B:14949.3(33.73%),P:1e-29	Tpos:301.2,Tstd:253.7,Bpos:240.6,Bstd:146.6,StrandBias:-0.0,Multiplicity:1.35
0.829	0.097	0.037	0.037
0.001	0.473	0.525	0.001
0.029	0.030	0.001	0.940
0.146	0.063	0.164	0.627
0.114	0.040	0.047	0.799
0.036	0.838	0.038	0.088
0.569	0.100	0.330	0.001
0.017	0.667	0.015	0.301
>CCCCGCCC	8-CCCCGCCC	8.881984	-67.367252	0	T:1026.0(22.45%),B:7095.5(16.01%),P:1e-29	Tpos:347.3,Tstd:270.5,Bpos:238.6,Bstd:151.2,StrandBias:-0.1,Multiplicity:1.63
0.039	0.889	0.001	0.071
0.001	0.824	0.001	0.174
0.001	0.997	0.001	0.001
0.001	0.997	0.001	0.001
0.001	0.001	0.784	0.214
0.001	0.997	0.001	0.001
0.001	0.997	0.001	0.001
0.001	0.917	0.001	0.081
>TGTGGCTT	9-TGTGGCTT	6.979268	-62.820512	0	T:1031.0(22.56%),B:7231.5(16.32%),P:1e-27	Tpos:296.3,Tstd:253.3,Bpos:243.3,Bstd:145.7,StrandBias:-0.1,Multiplicity:1.19
0.001	0.001	0.103	0.895
0.001	0.001	0.997	0.001
0.001	0.041	0.001	0.957
0.001	0.001	0.997	0.001
0.001	0.001	0.997	0.001
0.001	0.891	0.107	0.001
0.001	0.001	0.001	0.997
0.129	0.001	0.181	0.689
>AGGTGGAG	10-AGGTGGAG	7.369443	-56.373304	0	T:1590.0(34.79%),B:12319.7(27.80%),P:1e-24	Tpos:331.0,Tstd:258.1,Bpos:243.2,Bstd:144.9,StrandBias:-0.1,Multiplicity:1.44
0.603	0.001	0.395	0.001
0.009	0.087	0.903	0.001
0.001	0.001	0.997	0.001
0.021	0.400	0.001	0.578
0.001	0.193	0.805	0.001
0.001	0.001	0.819	0.179
0.601	0.001	0.397	0.001
0.002	0.001	0.891	0.106
>GGTGTGAC	11-GGTGTGAC	5.534737	-48.864375	0	T:568.0(12.43%),B:3663.0(8.26%),P:1e-21	Tpos:317.6,Tstd:242.8,Bpos:238.0,Bstd:155.9,StrandBias:-0.0,Multiplicity:1.13
0.001	0.001	0.997	0.001
0.001	0.001	0.997	0.001
0.001	0.123	0.001	0.875
0.001	0.001	0.997	0.001
0.001	0.001	0.001	0.997
0.001	0.001	0.997	0.001
0.748	0.001	0.032	0.219
0.001	0.997	0.001	0.001
>TTTCGTCA	12-TTTCGTCA	5.269419	-44.723214	0	T:255.0(5.58%),B:1331.5(3.00%),P:1e-19	Tpos:298.2,Tstd:251.1,Bpos:235.4,Bstd:157.1,StrandBias:-0.0,Multiplicity:1.07
0.001	0.001	0.001	0.997
0.001	0.359	0.118	0.522
0.026	0.001	0.357	0.616
0.001	0.981	0.009	0.009
0.001	0.001	0.997	0.001
0.001	0.001	0.001	0.997
0.001	0.997	0.001	0.001
0.997	0.001	0.001	0.001
>TTGTTGYG	13-TTGTTGYG	7.584871	-41.283802	0	T:555.0(12.14%),B:3698.0(8.34%),P:1e-17	Tpos:287.5,Tstd:233.2,Bpos:242.8,Bstd:151.0,StrandBias:0.1,Multiplicity:1.10
0.144	0.005	0.254	0.597
0.001	0.001	0.006	0.992
0.073	0.076	0.821	0.030
0.303	0.001	0.065	0.631
0.136	0.010	0.183	0.671
0.001	0.001	0.677	0.321
0.016	0.475	0.001	0.508
0.001	0.001	0.997	0.001
>AGGTGGCG	14-AGGTGGCG	8.236954	-35.586163	0	T:128.0(2.80%),B:555.6(1.25%),P:1e-15	Tpos:310.8,Tstd:247.9,Bpos:239.8,Bstd:159.3,StrandBias:0.3,Multiplicity:1.06
0.700	0.100	0.100	0.100
0.100	0.100	0.700	0.100
0.100	0.100	0.700	0.100
0.100	0.100	0.100	0.700
0.100	0.100	0.700	0.100
0.100	0.100	0.700	0.100
0.100	0.700	0.100	0.100
0.100	0.100	0.700	0.100
>WTTGGTTW	15-WTTGGTTW	3.535338	-34.965267	0	T:582.0(12.74%),B:4050.9(9.14%),P:1e-15	Tpos:306.2,Tstd:261.0,Bpos:242.1,Bstd:147.3,StrandBias:0.2,Multiplicity:1.12
0.368	0.163	0.001	0.468
0.001	0.001	0.001	0.997
0.001	0.001	0.001	0.997
0.001	0.001	0.997	0.001
0.001	0.001	0.997	0.001
0.001	0.001	0.001	0.997
0.001	0.001	0.001	0.997
0.533	0.001	0.001	0.465
>AGGTGTTA	16-AGGTGTTA	6.856988	-34.836398	0	T:412.0(9.02%),B:2663.5(6.01%),P:1e-15	Tpos:301.4,Tstd:246.7,Bpos:242.5,Bstd:147.2,StrandBias:-0.1,Multiplicity:1.09
0.997	0.001	0.001	0.001
0.001	0.074	0.924	0.001
0.001	0.001	0.997	0.001
0.001	0.031	0.001	0.967
0.001	0.001	0.997	0.001
0.001	0.001	0.001	0.997
0.084	0.231	0.171	0.514
0.997	0.001	0.001	0.001
>TTCCGCGA	17-TTCCGCGA	6.382961	-34.203103	0	T:490.0(10.72%),B:3306.5(7.46%),P:1e-14	Tpos:329.8,Tstd:264.9,Bpos:238.7,Bstd:155.7,StrandBias:0.1,Multiplicity:1.15
0.037	0.064	0.001	0.898
0.001	0.001	0.036	0.962
0.018	0.941	0.040	0.001
0.001	0.815	0.112	0.072
0.035	0.053	0.911	0.001
0.112	0.699	0.095	0.094
0.020	0.001	0.978	0.001
0.809	0.001	0.161	0.029
>CCACTAGA	18-CCACTAGA	8.689843	-29.309519	0	T:240.0(5.25%),B:1412.5(3.19%),P:1e-12	Tpos:304.0,Tstd:247.5,Bpos:235.3,Bstd:140.0,StrandBias:0.1,Multiplicity:1.06
0.147	0.739	0.113	0.001
0.001	0.997	0.001	0.001
0.997	0.001	0.001	0.001
0.001	0.997	0.001	0.001
0.001	0.001	0.001	0.997
0.997	0.001	0.001	0.001
0.001	0.001	0.997	0.001
0.817	0.001	0.001	0.181
