>ACAGGAAGTK	1-ACAGGAAGTK	7.800609	-341.412936	0	T:1369.0(29.96%),B:6565.6(14.81%),P:1e-148	Tpos:308.5,Tstd:242.1,Bpos:241.6,Bstd:143.0,StrandBias:-0.1,Multiplicity:1.27
0.495	0.109	0.213	0.183
0.118	0.600	0.221	0.061
0.784	0.186	0.029	0.001
0.001	0.002	0.996	0.001
0.001	0.001	0.997	0.001
0.997	0.001	0.001	0.001
0.780	0.035	0.001	0.184
0.354	0.022	0.623	0.001
0.044	0.385	0.001	0.570
0.145	0.103	0.431	0.321
>NNAAACCACA	2-NNAAACCACA	7.216419	-309.125203	0	T:1489.0(32.58%),B:7739.1(17.46%),P:1e-134	Tpos:290.0,Tstd:253.3,Bpos:241.7,Bstd:144.6,StrandBias:0.0,Multiplicity:1.30
0.268	0.200	0.244	0.288
0.297	0.270	0.277	0.156
0.572	0.132	0.001	0.295
0.777	0.014	0.119	0.090
0.871	0.001	0.127	0.001
0.001	0.997	0.001	0.001
0.001	0.997	0.001	0.001
0.802	0.041	0.061	0.096
0.082	0.916	0.001	0.001
0.899	0.063	0.001	0.037
>CTGTGGTRAG	3-CTGTGGTRAG	6.971075	-164.846761	0	T:1301.0(28.47%),B:7826.8(17.66%),P:1e-71	Tpos:284.8,Tstd:225.6,Bpos:240.0,Bstd:142.4,StrandBias:-0.0,Multiplicity:1.14
0.208	0.646	0.001	0.145
0.048	0.001	0.014	0.937
0.001	0.001	0.941	0.057
0.001	0.252	0.039	0.708
0.001	0.001	0.997	0.001
0.137	0.001	0.841	0.021
0.029	0.170	0.084	0.717
0.376	0.207	0.231	0.186
0.602	0.110	0.182	0.106
0.287	0.137	0.444	0.132
>GAAASYGAAA	4-GAAASYGAAA	7.557059	-144.117513	0	T:510.0(11.16%),B:2191.5(4.94%),P:1e-62	Tpos:320.4,Tstd:263.0,Bpos:233.2,Bstd:144.4,StrandBias:-0.1,Multiplicity:1.11
0.162	0.190	0.525	0.123
0.722	0.069	0.180	0.029
0.846	0.037	0.034	0.083
0.868	0.014	0.094	0.024
0.146	0.418	0.310	0.126
0.108	0.385	0.172	0.334
0.280	0.044	0.665	0.011
0.686	0.048	0.155	0.111
0.745	0.175	0.050	0.030
0.604	0.190	0.133	0.073
>TGASTCANAN	5-TGASTCANAN	7.428201	-129.725951	0	T:734.0(16.06%),B:3869.3(8.73%),P:1e-56	Tpos:282.1,Tstd:230.4,Bpos:245.6,Bstd:139.4,StrandBias:-0.0,Multiplicity:1.14
0.085	0.010	0.001	0.904
0.001	0.030	0.669	0.300
0.964	0.001	0.001	0.034
0.001	0.416	0.547	0.036
0.001	0.001	0.001	0.997
0.158	0.840	0.001	0.001
0.997	0.001	0.001	0.001
0.256	0.234	0.221	0.289
0.459	0.213	0.144	0.185
0.267	0.303	0.272	0.159
>CACCTAGTGG	6-CACCTAGTGG	9.512202	-117.618495	0	T:181.0(3.96%),B:448.3(1.01%),P:1e-51	Tpos:267.2,Tstd:196.0,Bpos:244.8,Bstd:144.8,StrandBias:-0.1,Multiplicity:1.02
0.001	0.997	0.001	0.001
0.821	0.168	0.001	0.010
0.012	0.821	0.012	0.155
0.001	0.997	0.001	0.001
0.001	0.017	0.001	0.981
0.837	0.013	0.122	0.028
0.006	0.082	0.897	0.015
0.016	0.001	0.009	0.974
0.001	0.049	0.949	0.001
0.001	0.009	0.948	0.042
>AAGTGAAAGT	7-AAGTGAAAGT	7.810105	-109.046033	0	T:722.0(15.80%),B:4010.8(9.05%),P:1e-47	Tpos:286.4,Tstd:248.0,Bpos:244.9,Bstd:146.8,StrandBias:0.0,Multiplicity:1.12
0.464	0.118	0.220	0.197
0.430	0.215	0.145	0.211
0.288	0.172	0.536	0.004
0.176	0.001	0.149	0.674
0.030	0.023	0.907	0.040
0.997	0.001	0.001	0.001
0.813	0.185	0.001	0.001
0.997	0.001	0.001	0.001
0.001	0.275	0.723	0.001
0.001	0.080	0.001	0.918
>CYCCKCCCHY	8-CYCCKCCCHY	7.285391	-79.356947	0	T:1217.0(26.63%),B:8481.5(19.14%),P:1e-34	Tpos:340.1,Tstd:269.8,Bpos:242.2,Bstd:149.9,StrandBias:-0.0,Multiplicity:1.64
0.161	0.512	0.070	0.257
0.078	0.337	0.163	0.423
0.121	0.764	0.055	0.060
0.040	0.901	0.047	0.012
0.234	0.040	0.428	0.297
0.053	0.780	0.067	0.100
0.033	0.901	0.032	0.034
0.039	0.633	0.014	0.314
0.261	0.363	0.036	0.341
0.172	0.373	0.221	0.234
>GGGGAWTYCC	9-GGGGAWTYCC	8.045508	-71.423370	0	T:408.0(8.93%),B:2132.6(4.81%),P:1e-31	Tpos:320.2,Tstd:267.2,Bpos:235.1,Bstd:137.5,StrandBias:0.2,Multiplicity:1.10
0.001	0.001	0.997	0.001
0.001	0.001	0.997	0.001
0.001	0.001	0.951	0.047
0.194	0.097	0.708	0.001
0.640	0.155	0.031	0.174
0.430	0.001	0.084	0.485
0.190	0.050	0.060	0.700
0.001	0.422	0.085	0.491
0.001	0.888	0.017	0.094
0.001	0.997	0.001	0.001
>NNTDWCGTVA	10-NNTDWCGTVA	5.252676	-64.669990	0	T:838.0(18.34%),B:5576.3(12.58%),P:1e-28	Tpos:301.1,Tstd:253.9,Bpos:238.1,Bstd:152.5,StrandBias:-0.0,Multiplicity:1.18
0.192	0.260	0.320	0.228
0.276	0.253	0.291	0.179
0.001	0.003	0.003	0.993
0.193	0.164	0.333	0.310
0.429	0.007	0.261	0.303
0.187	0.518	0.200	0.095
0.092	0.004	0.900	0.004
0.353	0.007	0.123	0.517
0.271	0.282	0.299	0.148
0.717	0.001	0.002	0.280
>GTTAACACCT	11-GTTAACACCT	7.115520	-57.849248	0	T:508.0(11.12%),B:3047.4(6.88%),P:1e-25	Tpos:320.6,Tstd:299.2,Bpos:239.7,Bstd:146.4,StrandBias:0.0,Multiplicity:1.09
0.024	0.147	0.700	0.129
0.035	0.099	0.109	0.757
0.068	0.032	0.050	0.850
0.734	0.102	0.120	0.044
0.811	0.064	0.074	0.051
0.059	0.858	0.057	0.026
0.779	0.044	0.062	0.115
0.052	0.830	0.081	0.037
0.031	0.870	0.046	0.053
0.078	0.047	0.058	0.817
>CCACATCAAA	12-CCACATCAAA	6.554028	-50.567280	0	T:263.0(5.75%),B:1326.5(2.99%),P:1e-21	Tpos:307.1,Tstd:209.8,Bpos:240.9,Bstd:139.3,StrandBias:-0.0,Multiplicity:1.03
0.043	0.534	0.179	0.244
0.098	0.580	0.096	0.226
0.733	0.001	0.171	0.095
0.224	0.599	0.073	0.104
0.471	0.159	0.176	0.195
0.167	0.185	0.022	0.626
0.237	0.475	0.042	0.246
0.680	0.228	0.044	0.048
0.420	0.206	0.209	0.165
0.605	0.152	0.195	0.048
>GTGTGWVACT	13-GTGTGWVACT	6.816832	-47.345351	0	T:374.0(8.18%),B:2172.2(4.90%),P:1e-20	Tpos:306.0,Tstd:250.5,Bpos:245.9,Bstd:145.7,StrandBias:-0.3,Multiplicity:1.10
0.355	0.040	0.569	0.036
0.021	0.016	0.348	0.615
0.138	0.207	0.618	0.037
0.297	0.224	0.001	0.478
0.068	0.224	0.562	0.146
0.462	0.026	0.009	0.503
0.267	0.349	0.293	0.091
0.711	0.029	0.230	0.030
0.028	0.615	0.150	0.207
0.026	0.368	0.013	0.593
>CGGTAGTTTT	14-CGGTAGTTTT	6.622155	-45.033757	0	T:586.0(12.82%),B:3879.0(8.75%),P:1e-19	Tpos:288.7,Tstd:243.5,Bpos:238.5,Bstd:148.6,StrandBias:0.1,Multiplicity:1.11
0.036	0.821	0.073	0.070
0.047	0.052	0.814	0.087
0.051	0.054	0.814	0.081
0.062	0.054	0.069	0.815
0.815	0.047	0.061	0.077
0.056	0.082	0.814	0.048
0.059	0.091	0.066	0.784
0.079	0.082	0.074	0.765
0.070	0.058	0.074	0.798
0.100	0.096	0.041	0.763
>GGGCGTGGCT	15-GGGCGTGGCT	8.736549	-44.799187	0	T:318.0(6.96%),B:1787.7(4.03%),P:1e-19	Tpos:305.4,Tstd:224.7,Bpos:241.8,Bstd:154.7,StrandBias:0.1,Multiplicity:1.13
0.157	0.001	0.841	0.001
0.001	0.001	0.955	0.043
0.012	0.016	0.971	0.001
0.040	0.755	0.037	0.168
0.020	0.020	0.959	0.001
0.021	0.001	0.001	0.977
0.001	0.004	0.989	0.006
0.026	0.042	0.902	0.030
0.006	0.904	0.001	0.089
0.077	0.112	0.001	0.810
>AACCGCGAAA	16-AACCGCGAAA	6.222551	-37.981795	0	T:553.0(12.10%),B:3746.8(8.45%),P:1e-16	Tpos:305.1,Tstd:249.9,Bpos:243.8,Bstd:157.9,StrandBias:0.2,Multiplicity:1.08
0.711	0.100	0.091	0.098
0.713	0.092	0.098	0.097
0.100	0.704	0.106	0.090
0.115	0.681	0.102	0.102
0.096	0.094	0.722	0.088
0.080	0.740	0.079	0.101
0.123	0.101	0.656	0.120
0.689	0.108	0.097	0.106
0.676	0.098	0.117	0.109
0.706	0.106	0.082	0.106
>GKAATGTACC	17-GKAATGTACC	10.897155	-23.627131	0	T:34.0(0.74%),B:84.8(0.19%),P:1e-10	Tpos:225.3,Tstd:191.4,Bpos:245.1,Bstd:152.6,StrandBias:-0.3,Multiplicity:1.00
0.001	0.001	0.997	0.001
0.001	0.001	0.502	0.496
0.997	0.001	0.001	0.001
0.635	0.001	0.001	0.363
0.322	0.001	0.001	0.676
0.001	0.001	0.997	0.001
0.001	0.104	0.001	0.894
0.997	0.001	0.001	0.001
0.001	0.997	0.001	0.001
0.001	0.997	0.001	0.001
>GATAGTATCA	18-GATAGTATCA	9.007385	-23.396548	0	T:51.0(1.12%),B:171.0(0.39%),P:1e-10	Tpos:275.3,Tstd:245.1,Bpos:257.6,Bstd:139.7,StrandBias:0.1,Multiplicity:1.00
0.137	0.001	0.845	0.017
0.901	0.001	0.001	0.097
0.001	0.005	0.001	0.993
0.856	0.001	0.142	0.001
0.001	0.107	0.891	0.001
0.001	0.076	0.001	0.922
0.971	0.001	0.001	0.027
0.017	0.107	0.001	0.875
0.001	0.971	0.027	0.001
0.787	0.037	0.107	0.069
>GCTAAGCGAG	19-GCTAAGCGAG	8.689651	-21.712709	0	T:74.0(1.62%),B:318.9(0.72%),P:1e-9	Tpos:292.5,Tstd:213.4,Bpos:251.6,Bstd:148.8,StrandBias:0.0,Multiplicity:1.01
0.001	0.001	0.921	0.077
0.045	0.804	0.016	0.135
0.001	0.023	0.010	0.966
0.976	0.001	0.001	0.022
0.851	0.078	0.014	0.057
0.037	0.078	0.828	0.057
0.075	0.840	0.030	0.055
0.068	0.001	0.925	0.006
0.972	0.026	0.001	0.001
0.045	0.027	0.927	0.001
>TCTGTTCCGR	20-TCTGTTCCGR	11.333632	-21.251692	0	T:29.0(0.63%),B:69.0(0.16%),P:1e-9	Tpos:267.1,Tstd:219.5,Bpos:256.4,Bstd:140.1,StrandBias:-0.6,Multiplicity:1.00
0.001	0.001	0.001	0.997
0.001	0.997	0.001	0.001
0.001	0.001	0.001	0.997
0.001	0.263	0.591	0.145
0.365	0.001	0.001	0.633
0.001	0.001	0.001	0.997
0.001	0.997	0.001	0.001
0.001	0.997	0.001	0.001
0.001	0.001	0.997	0.001
0.487	0.023	0.489	0.001
>AACCTAACGT	21-AACCTAACGT	10.280087	-19.578587	0	T:23.0(0.50%),B:48.4(0.11%),P:1e-8	Tpos:225.6,Tstd:185.7,Bpos:276.6,Bstd:130.2,StrandBias:-0.3,Multiplicity:1.00
0.997	0.001	0.001	0.001
0.897	0.001	0.033	0.069
0.001	0.997	0.001	0.001
0.001	0.966	0.001	0.032
0.069	0.012	0.069	0.850
0.966	0.001	0.032	0.001
0.822	0.069	0.069	0.040
0.034	0.915	0.050	0.001
0.001	0.001	0.789	0.209
0.069	0.001	0.069	0.861
>GTTACCGTGT	22-GTTACCGTGT	12.241353	-19.027341	0	T:10.0(0.22%),B:7.4(0.02%),P:1e-8	Tpos:220.7,Tstd:217.2,Bpos:279.0,Bstd:125.3,StrandBias:0.6,Multiplicity:1.00
0.001	0.001	0.997	0.001
0.001	0.001	0.001	0.997
0.001	0.001	0.001	0.997
0.997	0.001	0.001	0.001
0.001	0.997	0.001	0.001
0.001	0.997	0.001	0.001
0.001	0.001	0.997	0.001
0.001	0.001	0.001	0.997
0.001	0.203	0.795	0.001
0.001	0.001	0.001	0.997
>GTGAGTCACA	23-GTGAGTCACA	9.690862	-13.803780	0	T:104.0(2.28%),B:610.0(1.38%),P:1e-5	Tpos:332.3,Tstd:346.1,Bpos:231.3,Bstd:134.9,StrandBias:-0.1,Multiplicity:1.02
0.001	0.001	0.997	0.001
0.001	0.227	0.001	0.771
0.332	0.001	0.666	0.001
0.710	0.001	0.288	0.001
0.001	0.001	0.593	0.405
0.001	0.001	0.280	0.718
0.001	0.997	0.001	0.001
0.997	0.001	0.001	0.001
0.154	0.500	0.001	0.345
0.997	0.001	0.001	0.001
>TTGAGTCACG	24-TTGAGTCACG	10.153625	-13.578958	0	T:31.0(0.68%),B:111.9(0.25%),P:1e-5	Tpos:345.3,Tstd:375.4,Bpos:207.0,Bstd:136.4,StrandBias:-0.7,Multiplicity:1.00
0.285	0.001	0.105	0.609
0.001	0.001	0.001	0.997
0.001	0.105	0.701	0.193
0.860	0.001	0.001	0.138
0.193	0.001	0.728	0.078
0.001	0.057	0.001	0.941
0.001	0.765	0.233	0.001
0.997	0.001	0.001	0.001
0.001	0.997	0.001	0.001
0.001	0.001	0.997	0.001
>GTATACTCAT	25-GTATACTCAT	11.258880	-9.319330	0	T:9.0(0.20%),B:17.5(0.04%),P:1e-4	Tpos:235.5,Tstd:252.8,Bpos:226.3,Bstd:129.9,StrandBias:-1.6,Multiplicity:2.67
0.001	0.001	0.997	0.001
0.001	0.001	0.001	0.997
0.997	0.001	0.001	0.001
0.001	0.076	0.001	0.922
0.997	0.001	0.001	0.001
0.001	0.997	0.001	0.001
0.001	0.001	0.001	0.997
0.001	0.997	0.001	0.001
0.997	0.001	0.001	0.001
0.001	0.001	0.001	0.997
