>ACAGGAAGTGRN	1-ACAGGAAGTGRN	8.112685	-340.249749	0	T:1262.0(27.61%),B:5807.9(13.10%),P:1e-147	Tpos:305.0,Tstd:243.6,Bpos:241.6,Bstd:141.6,StrandBias:-0.1,Multiplicity:1.26
0.614	0.047	0.308	0.031
0.177	0.502	0.286	0.035
0.949	0.001	0.049	0.001
0.001	0.001	0.997	0.001
0.096	0.001	0.902	0.001
0.997	0.001	0.001	0.001
0.854	0.001	0.001	0.144
0.276	0.039	0.684	0.001
0.062	0.283	0.001	0.654
0.236	0.098	0.497	0.169
0.300	0.188	0.396	0.116
0.267	0.236	0.226	0.270
>NCAAACCACARM	2-NCAAACCACARM	7.854814	-328.681303	0	T:1084.0(23.72%),B:4663.3(10.52%),P:1e-142	Tpos:304.7,Tstd:267.7,Bpos:241.3,Bstd:145.6,StrandBias:0.0,Multiplicity:1.20
0.324	0.203	0.178	0.295
0.203	0.409	0.207	0.181
0.508	0.177	0.035	0.280
0.770	0.001	0.161	0.068
0.771	0.110	0.118	0.001
0.001	0.973	0.020	0.006
0.001	0.997	0.001	0.001
0.980	0.001	0.018	0.001
0.007	0.991	0.001	0.001
0.867	0.001	0.001	0.131
0.384	0.095	0.371	0.150
0.299	0.354	0.165	0.182
>GAAASTGAAAGT	3-GAAASTGAAAGT	9.756752	-203.514091	0	T:323.0(7.07%),B:824.0(1.86%),P:1e-88	Tpos:300.4,Tstd:243.6,Bpos:233.5,Bstd:145.1,StrandBias:-0.0,Multiplicity:1.07
0.216	0.188	0.470	0.126
0.857	0.001	0.120	0.022
0.861	0.001	0.038	0.100
0.803	0.001	0.129	0.067
0.240	0.328	0.430	0.001
0.179	0.001	0.027	0.793
0.051	0.044	0.904	0.001
0.997	0.001	0.001	0.001
0.925	0.016	0.058	0.001
0.961	0.001	0.016	0.022
0.042	0.328	0.619	0.011
0.068	0.211	0.079	0.642
>CCACYAGGTGGC	4-CCACYAGGTGGC	9.003311	-129.093219	0	T:212.0(4.64%),B:554.0(1.25%),P:1e-56	Tpos:245.1,Tstd:181.6,Bpos:243.2,Bstd:139.7,StrandBias:-0.1,Multiplicity:1.01
0.079	0.852	0.066	0.003
0.056	0.896	0.004	0.044
0.675	0.106	0.036	0.183
0.045	0.720	0.121	0.114
0.202	0.407	0.103	0.288
0.502	0.092	0.137	0.269
0.084	0.103	0.661	0.152
0.269	0.075	0.649	0.007
0.066	0.095	0.303	0.536
0.126	0.031	0.763	0.080
0.124	0.012	0.721	0.143
0.153	0.637	0.091	0.119
>GAAACCGAAACC	5-GAAACCGAAACC	6.843697	-117.264613	0	T:1008.0(22.06%),B:6119.9(13.81%),P:1e-50	Tpos:317.5,Tstd:250.6,Bpos:239.0,Bstd:147.2,StrandBias:-0.1,Multiplicity:1.22
0.100	0.095	0.745	0.060
0.795	0.049	0.080	0.076
0.781	0.077	0.068	0.074
0.806	0.063	0.076	0.055
0.136	0.689	0.110	0.065
0.143	0.664	0.082	0.111
0.184	0.093	0.644	0.079
0.720	0.128	0.073	0.079
0.865	0.040	0.048	0.047
0.808	0.054	0.103	0.035
0.094	0.706	0.141	0.059
0.074	0.779	0.056	0.091
>DRNTGASTCATN	6-DRNTGASTCATN	3.503099	-105.770208	0	T:608.0(13.30%),B:3205.7(7.23%),P:1e-45	Tpos:288.4,Tstd:236.0,Bpos:244.8,Bstd:137.9,StrandBias:-0.0,Multiplicity:1.10
0.323	0.001	0.352	0.324
0.385	0.148	0.259	0.208
0.281	0.223	0.294	0.201
0.001	0.001	0.001	0.997
0.001	0.001	0.997	0.001
0.997	0.001	0.001	0.001
0.001	0.489	0.509	0.001
0.001	0.001	0.001	0.997
0.001	0.997	0.001	0.001
0.997	0.001	0.001	0.001
0.209	0.206	0.212	0.373
0.234	0.286	0.202	0.278
>GGGGAAANCCCC	7-GGGGAAANCCCC	9.239445	-100.701669	0	T:283.0(6.19%),B:1069.3(2.41%),P:1e-43	Tpos:317.6,Tstd:260.5,Bpos:237.2,Bstd:134.1,StrandBias:-0.1,Multiplicity:1.06
0.169	0.024	0.483	0.323
0.217	0.001	0.752	0.030
0.021	0.001	0.977	0.001
0.159	0.001	0.839	0.001
0.640	0.015	0.344	0.001
0.997	0.001	0.001	0.001
0.786	0.056	0.157	0.001
0.213	0.236	0.248	0.302
0.001	0.703	0.051	0.245
0.084	0.914	0.001	0.001
0.087	0.911	0.001	0.001
0.139	0.726	0.001	0.134
>AGGGGGCGGGGC	8-AGGGGGCGGGGC	8.813887	-79.733547	0	T:986.0(21.58%),B:6527.8(14.73%),P:1e-34	Tpos:341.8,Tstd:264.3,Bpos:241.9,Bstd:146.7,StrandBias:0.0,Multiplicity:1.48
0.523	0.132	0.167	0.178
0.061	0.009	0.806	0.124
0.208	0.001	0.539	0.252
0.104	0.001	0.878	0.017
0.002	0.001	0.991	0.006
0.056	0.001	0.942	0.001
0.201	0.533	0.045	0.221
0.050	0.001	0.937	0.012
0.014	0.001	0.761	0.224
0.075	0.001	0.892	0.032
0.140	0.073	0.682	0.105
0.117	0.648	0.148	0.087
>TGGGAAATGTAG	9-TGGGAAATGTAG	12.107631	-38.747748	0	T:51.0(1.12%),B:113.2(0.26%),P:1e-16	Tpos:295.9,Tstd:218.0,Bpos:229.1,Bstd:164.8,StrandBias:0.7,Multiplicity:1.08
0.001	0.001	0.001	0.997
0.055	0.001	0.904	0.040
0.001	0.001	0.958	0.040
0.001	0.001	0.943	0.055
0.958	0.040	0.001	0.001
0.889	0.032	0.078	0.001
0.747	0.047	0.001	0.205
0.055	0.001	0.001	0.943
0.001	0.001	0.997	0.001
0.001	0.001	0.016	0.982
0.941	0.001	0.032	0.026
0.001	0.001	0.997	0.001
>CACTTCCTCCCA	10-CACTTCCTCCCA	9.308857	-37.597513	0	T:296.0(6.48%),B:1718.8(3.88%),P:1e-16	Tpos:311.9,Tstd:309.6,Bpos:243.1,Bstd:142.7,StrandBias:-0.1,Multiplicity:1.02
0.046	0.869	0.069	0.016
0.835	0.059	0.032	0.074
0.049	0.809	0.093	0.049
0.066	0.069	0.068	0.797
0.005	0.086	0.065	0.844
0.045	0.805	0.077	0.073
0.049	0.890	0.015	0.046
0.075	0.027	0.085	0.813
0.071	0.845	0.021	0.063
0.039	0.803	0.059	0.099
0.061	0.932	0.001	0.006
0.827	0.031	0.078	0.064
>CACTTCCTCCTC	11-CACTTCCTCCTC	9.615592	-35.245441	0	T:246.0(5.38%),B:1377.9(3.11%),P:1e-15	Tpos:298.1,Tstd:254.0,Bpos:233.9,Bstd:138.4,StrandBias:0.4,Multiplicity:1.02
0.042	0.776	0.089	0.093
0.856	0.092	0.025	0.027
0.001	0.825	0.085	0.089
0.142	0.007	0.083	0.768
0.080	0.111	0.089	0.720
0.050	0.851	0.044	0.055
0.060	0.812	0.059	0.069
0.056	0.086	0.005	0.853
0.068	0.925	0.001	0.006
0.136	0.851	0.001	0.012
0.067	0.004	0.018	0.911
0.110	0.854	0.016	0.020
>AGTWACCDCCAC	12-AGTWACCDCCAC	8.857823	-33.982440	0	T:17.0(0.37%),B:10.2(0.02%),P:1e-14	Tpos:386.2,Tstd:251.5,Bpos:253.4,Bstd:111.5,StrandBias:0.5,Multiplicity:1.00
0.645	0.055	0.021	0.279
0.050	0.223	0.685	0.042
0.174	0.279	0.038	0.509
0.313	0.240	0.046	0.401
0.862	0.050	0.050	0.038
0.349	0.541	0.055	0.055
0.220	0.480	0.008	0.291
0.317	0.017	0.404	0.262
0.038	0.645	0.271	0.046
0.063	0.802	0.067	0.068
0.391	0.161	0.223	0.224
0.038	0.490	0.219	0.254
>TTGTGGTTTCCT	13-TTGTGGTTTCCT	9.876469	-33.722466	0	T:140.0(3.06%),B:649.0(1.46%),P:1e-14	Tpos:339.8,Tstd:248.1,Bpos:246.8,Bstd:144.6,StrandBias:-0.2,Multiplicity:1.03
0.176	0.001	0.001	0.822
0.101	0.155	0.063	0.681
0.110	0.186	0.680	0.024
0.001	0.001	0.029	0.969
0.102	0.030	0.796	0.072
0.159	0.210	0.630	0.001
0.030	0.132	0.010	0.828
0.001	0.040	0.067	0.892
0.030	0.001	0.047	0.922
0.030	0.882	0.001	0.087
0.001	0.915	0.001	0.083
0.016	0.001	0.001	0.982
>KGAAACAHSCTG	14-KGAAACAHSCTG	10.187861	-28.238366	0	T:128.0(2.80%),B:617.1(1.39%),P:1e-12	Tpos:320.7,Tstd:268.0,Bpos:241.4,Bstd:143.6,StrandBias:0.1,Multiplicity:1.00
0.001	0.001	0.514	0.484
0.001	0.001	0.997	0.001
0.997	0.001	0.001	0.001
0.581	0.417	0.001	0.001
0.997	0.001	0.001	0.001
0.001	0.997	0.001	0.001
0.573	0.275	0.151	0.001
0.325	0.245	0.126	0.304
0.001	0.408	0.449	0.142
0.301	0.514	0.109	0.076
0.001	0.001	0.001	0.997
0.001	0.001	0.997	0.001
>TTCCTGAGGTGA	15-TTCCTGAGGTGA	0.189290	-24.105627	0	T:492.0(10.77%),B:3551.4(8.01%),P:1e-10	Tpos:309.0,Tstd:285.7,Bpos:239.9,Bstd:138.1,StrandBias:0.1,Multiplicity:1.12
0.001	0.001	0.001	0.997
0.001	0.001	0.001	0.997
0.001	0.997	0.001	0.001
0.001	0.997	0.001	0.001
0.001	0.001	0.001	0.997
0.001	0.001	0.997	0.001
0.997	0.001	0.001	0.001
0.001	0.001	0.997	0.001
0.001	0.001	0.997	0.001
0.001	0.001	0.001	0.997
0.001	0.001	0.924	0.074
0.997	0.001	0.001	0.001
>CAACACCTCAGY	16-CAACACCTCAGY	7.914244	-24.013550	0	T:390.0(8.53%),B:2700.4(6.09%),P:1e-10	Tpos:289.2,Tstd:236.1,Bpos:244.3,Bstd:146.1,StrandBias:0.0,Multiplicity:1.07
0.001	0.997	0.001	0.001
0.737	0.212	0.050	0.001
0.785	0.001	0.145	0.069
0.091	0.656	0.001	0.252
0.771	0.001	0.221	0.007
0.036	0.787	0.176	0.001
0.262	0.663	0.001	0.074
0.112	0.001	0.130	0.757
0.088	0.810	0.001	0.101
0.997	0.001	0.001	0.001
0.191	0.001	0.645	0.163
0.221	0.436	0.055	0.289
>GTAACACCTCAC	17-GTAACACCTCAC	-6.731543	-23.568211	0	T:2265.0(49.56%),B:19855.6(44.80%),P:1e-10	Tpos:306.4,Tstd:255.8,Bpos:239.1,Bstd:144.7,StrandBias:-0.0,Multiplicity:1.45
0.001	0.001	0.997	0.001
0.079	0.001	0.001	0.919
0.997	0.001	0.001	0.001
0.997	0.001	0.001	0.001
0.001	0.997	0.001	0.001
0.997	0.001	0.001	0.001
0.001	0.997	0.001	0.001
0.001	0.997	0.001	0.001
0.001	0.001	0.001	0.997
0.001	0.997	0.001	0.001
0.919	0.001	0.079	0.001
0.001	0.997	0.001	0.001
>TGGTGACGTCAC	18-TGGTGACGTCAC	7.844597	-22.499914	0	T:341.0(7.46%),B:2330.1(5.26%),P:1e-9	Tpos:309.3,Tstd:234.4,Bpos:240.2,Bstd:141.6,StrandBias:-0.0,Multiplicity:1.12
0.207	0.115	0.101	0.577
0.056	0.038	0.864	0.042
0.226	0.125	0.648	0.001
0.046	0.013	0.010	0.931
0.040	0.072	0.875	0.013
0.908	0.001	0.085	0.006
0.087	0.465	0.243	0.206
0.212	0.088	0.586	0.114
0.027	0.056	0.026	0.891
0.027	0.916	0.017	0.040
0.906	0.053	0.040	0.001
0.050	0.570	0.136	0.244
>GGATCTAGGACT	19-GGATCTAGGACT	14.015326	-20.302258	0	T:6.0(0.13%),B:1.5(0.00%),P:1e-8	Tpos:511.5,Tstd:203.7,Bpos:92.0,Bstd:0.0,StrandBias:1.6,Multiplicity:2.00
0.293	0.001	0.705	0.001
0.001	0.001	0.997	0.001
0.742	0.256	0.001	0.001
0.001	0.001	0.001	0.997
0.001	0.997	0.001	0.001
0.001	0.001	0.001	0.997
0.997	0.001	0.001	0.001
0.001	0.001	0.997	0.001
0.001	0.001	0.997	0.001
0.997	0.001	0.001	0.001
0.001	0.997	0.001	0.001
0.001	0.001	0.001	0.997
>ACACAGTCTCCA	20-ACACAGTCTCCA	12.355432	-16.231398	0	T:6.0(0.13%),B:2.7(0.01%),P:1e-7	Tpos:226.0,Tstd:179.9,Bpos:141.6,Bstd:81.3,StrandBias:2.3,Multiplicity:1.00
0.700	0.100	0.100	0.100
0.100	0.700	0.100	0.100
0.700	0.100	0.100	0.100
0.100	0.700	0.100	0.100
0.700	0.100	0.100	0.100
0.100	0.100	0.700	0.100
0.100	0.100	0.100	0.700
0.100	0.700	0.100	0.100
0.100	0.100	0.100	0.700
0.100	0.700	0.100	0.100
0.100	0.700	0.100	0.100
0.700	0.100	0.100	0.100
>AATGAGTATACA	21-AATGAGTATACA	13.519837	-12.854805	0	T:5.0(0.11%),B:2.8(0.01%),P:1e-5	Tpos:139.9,Tstd:93.5,Bpos:292.3,Bstd:130.4,StrandBias:1.5,Multiplicity:3.00
0.944	0.001	0.001	0.054
0.997	0.001	0.001	0.001
0.001	0.001	0.001	0.997
0.001	0.001	0.997	0.001
0.997	0.001	0.001	0.001
0.001	0.001	0.997	0.001
0.001	0.054	0.001	0.944
0.944	0.001	0.054	0.001
0.001	0.001	0.001	0.997
0.997	0.001	0.001	0.001
0.001	0.944	0.001	0.054
0.997	0.001	0.001	0.001
>CTGCTAACACAC	22-CTGCTAACACAC	13.835272	-12.854805	0	T:5.0(0.11%),B:2.2(0.00%),P:1e-5	Tpos:179.7,Tstd:98.4,Bpos:355.2,Bstd:45.3,StrandBias:1.4,Multiplicity:2.20
0.001	0.997	0.001	0.001
0.001	0.001	0.001	0.997
0.001	0.001	0.997	0.001
0.001	0.925	0.001	0.073
0.001	0.001	0.001	0.997
0.997	0.001	0.001	0.001
0.925	0.073	0.001	0.001
0.073	0.925	0.001	0.001
0.997	0.001	0.001	0.001
0.001	0.997	0.001	0.001
0.997	0.001	0.001	0.001
0.001	0.997	0.001	0.001
>ACAGTGAGCCCT	23-ACAGTGAGCCCT	12.355432	-9.658738	0	T:4.0(0.09%),B:2.4(0.01%),P:1e-4	Tpos:273.3,Tstd:226.2,Bpos:220.7,Bstd:108.0,StrandBias:1.0,Multiplicity:2.25
0.700	0.100	0.100	0.100
0.100	0.700	0.100	0.100
0.700	0.100	0.100	0.100
0.100	0.100	0.700	0.100
0.100	0.100	0.100	0.700
0.100	0.100	0.700	0.100
0.700	0.100	0.100	0.100
0.100	0.100	0.700	0.100
0.100	0.700	0.100	0.100
0.100	0.700	0.100	0.100
0.100	0.700	0.100	0.100
0.100	0.100	0.100	0.700
>TGCACTGCAGGT	24-TGCACTGCAGGT	12.355432	-9.658738	0	T:4.0(0.09%),B:2.5(0.01%),P:1e-4	Tpos:258.8,Tstd:256.7,Bpos:165.3,Bstd:152.9,StrandBias:10.0,Multiplicity:2.00
0.100	0.100	0.100	0.700
0.100	0.100	0.700	0.100
0.100	0.700	0.100	0.100
0.700	0.100	0.100	0.100
0.100	0.700	0.100	0.100
0.100	0.100	0.100	0.700
0.100	0.100	0.700	0.100
0.100	0.700	0.100	0.100
0.700	0.100	0.100	0.100
0.100	0.100	0.700	0.100
0.100	0.100	0.700	0.100
0.100	0.100	0.100	0.700
>GCTGACTGCTGC	25-GCTGACTGCTGC	12.355432	-3.987153	0	T:2.0(0.04%),B:2.1(0.00%),P:1e-1	Tpos:116.7,Tstd:77.4,Bpos:386.1,Bstd:4.4,StrandBias:10.0,Multiplicity:3.00
0.100	0.100	0.700	0.100
0.100	0.700	0.100	0.100
0.100	0.100	0.100	0.700
0.100	0.100	0.700	0.100
0.700	0.100	0.100	0.100
0.100	0.700	0.100	0.100
0.100	0.100	0.100	0.700
0.100	0.100	0.700	0.100
0.100	0.700	0.100	0.100
0.100	0.100	0.100	0.700
0.100	0.100	0.700	0.100
0.100	0.700	0.100	0.100
