>TGTGGTTW	1-TGTGGTTW	6.699536	-318.037910	0	T:1585.0(34.68%),B:8395.5(18.94%),P:1e-138	Tpos:290.2,Tstd:248.2,Bpos:241.9,Bstd:146.2,StrandBias:0.0,Multiplicity:1.32
0.126	0.113	0.084	0.677
0.010	0.075	0.804	0.111
0.096	0.143	0.046	0.715
0.031	0.077	0.891	0.001
0.009	0.001	0.980	0.010
0.001	0.039	0.006	0.954
0.135	0.146	0.118	0.601
0.425	0.001	0.193	0.381
>AGGAAGTG	2-AGGAAGTG	7.480261	-269.912064	0	T:1210.0(26.48%),B:6007.0(13.55%),P:1e-117	Tpos:308.0,Tstd:245.1,Bpos:241.7,Bstd:142.7,StrandBias:-0.1,Multiplicity:1.22
0.953	0.045	0.001	0.001
0.001	0.001	0.997	0.001
0.001	0.001	0.997	0.001
0.997	0.001	0.001	0.001
0.883	0.001	0.001	0.115
0.140	0.001	0.858	0.001
0.001	0.001	0.001	0.997
0.081	0.001	0.803	0.115
>ACCGGAAG	3-ACCGGAAG	6.583248	-172.691405	0	T:1260.0(27.57%),B:7398.2(16.69%),P:1e-74	Tpos:302.3,Tstd:234.0,Bpos:239.7,Bstd:149.7,StrandBias:-0.2,Multiplicity:1.22
0.643	0.001	0.176	0.180
0.171	0.661	0.101	0.067
0.167	0.831	0.001	0.001
0.023	0.028	0.948	0.001
0.001	0.017	0.981	0.001
0.767	0.098	0.120	0.015
0.847	0.150	0.001	0.002
0.268	0.001	0.730	0.001
>GCGGTTTC	4-GCGGTTTC	5.458276	-171.301432	0	T:1966.0(43.02%),B:13376.5(30.18%),P:1e-74	Tpos:312.5,Tstd:252.9,Bpos:241.7,Bstd:150.4,StrandBias:0.0,Multiplicity:1.32
0.110	0.092	0.731	0.067
0.120	0.561	0.149	0.170
0.082	0.048	0.807	0.063
0.089	0.065	0.772	0.074
0.061	0.039	0.028	0.872
0.056	0.093	0.048	0.803
0.129	0.011	0.050	0.810
0.095	0.648	0.121	0.136
>STGASTCA	5-STGASTCA	3.595410	-109.196381	0	T:562.0(12.30%),B:2840.5(6.41%),P:1e-47	Tpos:288.3,Tstd:245.4,Bpos:244.4,Bstd:139.2,StrandBias:-0.0,Multiplicity:1.10
0.024	0.548	0.427	0.001
0.001	0.001	0.001	0.997
0.001	0.001	0.997	0.001
0.997	0.001	0.001	0.001
0.001	0.566	0.432	0.001
0.001	0.001	0.001	0.997
0.001	0.997	0.001	0.001
0.997	0.001	0.001	0.001
>TTTCGGTT	6-TTTCGGTT	5.497453	-100.338570	0	T:877.0(19.19%),B:5318.2(12.00%),P:1e-43	Tpos:312.6,Tstd:249.9,Bpos:238.5,Bstd:149.1,StrandBias:-0.1,Multiplicity:1.17
0.081	0.141	0.053	0.725
0.154	0.023	0.104	0.719
0.068	0.218	0.087	0.627
0.141	0.660	0.078	0.121
0.163	0.323	0.476	0.037
0.015	0.320	0.505	0.160
0.128	0.071	0.185	0.616
0.184	0.127	0.148	0.541
>ASTTTCAC	7-ASTTTCAC	5.412904	-67.508960	0	T:1910.0(41.79%),B:14949.3(33.73%),P:1e-29	Tpos:301.2,Tstd:253.7,Bpos:240.6,Bstd:146.6,StrandBias:-0.0,Multiplicity:1.35
0.829	0.097	0.037	0.037
0.001	0.473	0.525	0.001
0.029	0.030	0.001	0.940
0.146	0.063	0.164	0.627
0.114	0.040	0.047	0.799
0.036	0.838	0.038	0.088
0.569	0.100	0.330	0.001
0.017	0.667	0.015	0.301
>CCCCGCCC	8-CCCCGCCC	8.881984	-67.367252	0	T:1026.0(22.45%),B:7095.5(16.01%),P:1e-29	Tpos:347.3,Tstd:270.5,Bpos:238.6,Bstd:151.2,StrandBias:-0.1,Multiplicity:1.63
0.039	0.889	0.001	0.071
0.001	0.824	0.001	0.174
0.001	0.997	0.001	0.001
0.001	0.997	0.001	0.001
0.001	0.001	0.784	0.214
0.001	0.997	0.001	0.001
0.001	0.997	0.001	0.001
0.001	0.917	0.001	0.081
>TGTGGCTT	9-TGTGGCTT	6.979268	-62.820512	0	T:1031.0(22.56%),B:7231.5(16.32%),P:1e-27	Tpos:296.3,Tstd:253.3,Bpos:243.3,Bstd:145.7,StrandBias:-0.1,Multiplicity:1.19
0.001	0.001	0.103	0.895
0.001	0.001	0.997	0.001
0.001	0.041	0.001	0.957
0.001	0.001	0.997	0.001
0.001	0.001	0.997	0.001
0.001	0.891	0.107	0.001
0.001	0.001	0.001	0.997
0.129	0.001	0.181	0.689
>AGGTGGAG	10-AGGTGGAG	7.369443	-56.373304	0	T:1590.0(34.79%),B:12319.7(27.80%),P:1e-24	Tpos:331.0,Tstd:258.1,Bpos:243.2,Bstd:144.9,StrandBias:-0.1,Multiplicity:1.44
0.603	0.001	0.395	0.001
0.009	0.087	0.903	0.001
0.001	0.001	0.997	0.001
0.021	0.400	0.001	0.578
0.001	0.193	0.805	0.001
0.001	0.001	0.819	0.179
0.601	0.001	0.397	0.001
0.002	0.001	0.891	0.106
>GGTGTGAC	11-GGTGTGAC	5.534737	-48.864375	0	T:568.0(12.43%),B:3663.0(8.26%),P:1e-21	Tpos:317.6,Tstd:242.8,Bpos:238.0,Bstd:155.9,StrandBias:-0.0,Multiplicity:1.13
0.001	0.001	0.997	0.001
0.001	0.001	0.997	0.001
0.001	0.123	0.001	0.875
0.001	0.001	0.997	0.001
0.001	0.001	0.001	0.997
0.001	0.001	0.997	0.001
0.748	0.001	0.032	0.219
0.001	0.997	0.001	0.001
>TTTCGTCA	12-TTTCGTCA	5.269419	-44.723214	0	T:255.0(5.58%),B:1331.5(3.00%),P:1e-19	Tpos:298.2,Tstd:251.1,Bpos:235.4,Bstd:157.1,StrandBias:-0.0,Multiplicity:1.07
0.001	0.001	0.001	0.997
0.001	0.359	0.118	0.522
0.026	0.001	0.357	0.616
0.001	0.981	0.009	0.009
0.001	0.001	0.997	0.001
0.001	0.001	0.001	0.997
0.001	0.997	0.001	0.001
0.997	0.001	0.001	0.001
>TTGTTGYG	13-TTGTTGYG	7.584871	-41.283802	0	T:555.0(12.14%),B:3698.0(8.34%),P:1e-17	Tpos:287.5,Tstd:233.2,Bpos:242.8,Bstd:151.0,StrandBias:0.1,Multiplicity:1.10
0.144	0.005	0.254	0.597
0.001	0.001	0.006	0.992
0.073	0.076	0.821	0.030
0.303	0.001	0.065	0.631
0.136	0.010	0.183	0.671
0.001	0.001	0.677	0.321
0.016	0.475	0.001	0.508
0.001	0.001	0.997	0.001
>AGGTGGCG	14-AGGTGGCG	8.236954	-35.586163	0	T:128.0(2.80%),B:555.6(1.25%),P:1e-15	Tpos:310.8,Tstd:247.9,Bpos:239.8,Bstd:159.3,StrandBias:0.3,Multiplicity:1.06
0.700	0.100	0.100	0.100
0.100	0.100	0.700	0.100
0.100	0.100	0.700	0.100
0.100	0.100	0.100	0.700
0.100	0.100	0.700	0.100
0.100	0.100	0.700	0.100
0.100	0.700	0.100	0.100
0.100	0.100	0.700	0.100
>WTTGGTTW	15-WTTGGTTW	3.535338	-34.965267	0	T:582.0(12.74%),B:4050.9(9.14%),P:1e-15	Tpos:306.2,Tstd:261.0,Bpos:242.1,Bstd:147.3,StrandBias:0.2,Multiplicity:1.12
0.368	0.163	0.001	0.468
0.001	0.001	0.001	0.997
0.001	0.001	0.001	0.997
0.001	0.001	0.997	0.001
0.001	0.001	0.997	0.001
0.001	0.001	0.001	0.997
0.001	0.001	0.001	0.997
0.533	0.001	0.001	0.465
>AGGTGTTA	16-AGGTGTTA	6.856988	-34.836398	0	T:412.0(9.02%),B:2663.5(6.01%),P:1e-15	Tpos:301.4,Tstd:246.7,Bpos:242.5,Bstd:147.2,StrandBias:-0.1,Multiplicity:1.09
0.997	0.001	0.001	0.001
0.001	0.074	0.924	0.001
0.001	0.001	0.997	0.001
0.001	0.031	0.001	0.967
0.001	0.001	0.997	0.001
0.001	0.001	0.001	0.997
0.084	0.231	0.171	0.514
0.997	0.001	0.001	0.001
>TTCCGCGA	17-TTCCGCGA	6.382961	-34.203103	0	T:490.0(10.72%),B:3306.5(7.46%),P:1e-14	Tpos:329.8,Tstd:264.9,Bpos:238.7,Bstd:155.7,StrandBias:0.1,Multiplicity:1.15
0.037	0.064	0.001	0.898
0.001	0.001	0.036	0.962
0.018	0.941	0.040	0.001
0.001	0.815	0.112	0.072
0.035	0.053	0.911	0.001
0.112	0.699	0.095	0.094
0.020	0.001	0.978	0.001
0.809	0.001	0.161	0.029
>CCACTAGA	18-CCACTAGA	8.689843	-29.309519	0	T:240.0(5.25%),B:1412.5(3.19%),P:1e-12	Tpos:304.0,Tstd:247.5,Bpos:235.3,Bstd:140.0,StrandBias:0.1,Multiplicity:1.06
0.147	0.739	0.113	0.001
0.001	0.997	0.001	0.001
0.997	0.001	0.001	0.001
0.001	0.997	0.001	0.001
0.001	0.001	0.001	0.997
0.997	0.001	0.001	0.001
0.001	0.001	0.997	0.001
0.817	0.001	0.001	0.181
