>KGGKKGGGGGTGGTTTGGGG	Rreb1+M1901	13.084598	-7.918319	0	T:87.0(1.42%),B:411.2(0.96%),P:1e-3
0.091	0.182	0.364	0.364
0.001	0.273	0.635	0.091
0.091	0.001	0.544	0.364
0.091	0.091	0.455	0.364
0.182	0.001	0.454	0.363
0.001	0.001	0.816	0.182
0.001	0.091	0.544	0.364
0.001	0.001	0.726	0.272
0.001	0.001	0.907	0.091
0.001	0.001	0.635	0.363
0.001	0.001	0.001	0.997
0.001	0.001	0.997	0.001
0.091	0.001	0.544	0.364
0.001	0.001	0.272	0.726
0.001	0.001	0.182	0.816
0.001	0.001	0.363	0.635
0.001	0.001	0.997	0.001
0.001	0.001	0.726	0.272
0.001	0.001	0.907	0.091
0.001	0.001	0.726	0.272
