>ATTTGCATDWCAATG	Pou5f1+M6133	10.296014	-19.307145	0	T:106.0(1.73%),B:399.9(0.93%),P:1e-8
0.597	0.121	0.118	0.164
0.033	0.042	0.030	0.895
0.042	0.188	0.018	0.752
0.276	0.001	0.012	0.711
0.191	0.082	0.709	0.018
0.142	0.856	0.001	0.001
0.989	0.009	0.001	0.001
0.106	0.030	0.012	0.852
0.324	0.142	0.233	0.300
0.558	0.021	0.012	0.409
0.076	0.524	0.342	0.058
0.893	0.039	0.001	0.067
0.910	0.033	0.021	0.036
0.382	0.015	0.021	0.582
0.342	0.064	0.506	0.088
