Factor1: 0.9487660485442299
Factor2: 1.054000616415799
