Factor1: 0.9346687281621014
Factor2: 1.069897782892942
