>YACTTCCTGT	1-YACTTCCTGT	7.577651	-797.783237	0	T:1731.0(39.78%),B:6555.7(14.90%),P:1e-346	Tpos:281.0,Tstd:199.8,Bpos:242.2,Bstd:146.7,StrandBias:-0.0,Multiplicity:1.31
0.170	0.418	0.113	0.299
0.690	0.049	0.216	0.045
0.007	0.768	0.014	0.211
0.075	0.006	0.010	0.909
0.011	0.001	0.019	0.969
0.003	0.976	0.013	0.008
0.018	0.967	0.014	0.001
0.009	0.022	0.068	0.901
0.015	0.181	0.702	0.102
0.050	0.212	0.037	0.701
>NCGGAARYNN	2-NCGGAARYNN	5.369292	-471.511828	0	T:2473.0(56.84%),B:15012.1(34.13%),P:1e-204	Tpos:289.7,Tstd:212.0,Bpos:241.4,Bstd:154.8,StrandBias:0.0,Multiplicity:1.40
0.289	0.271	0.291	0.149
0.325	0.638	0.036	0.001
0.019	0.007	0.965	0.009
0.206	0.273	0.508	0.013
0.969	0.014	0.003	0.014
0.607	0.009	0.012	0.372
0.330	0.213	0.453	0.004
0.207	0.268	0.151	0.374
0.306	0.235	0.255	0.204
0.225	0.278	0.312	0.185
>ACATCAAAGV	3-ACATCAAAGV	7.118902	-273.215582	0	T:1248.0(28.68%),B:6551.5(14.89%),P:1e-118	Tpos:267.7,Tstd:202.8,Bpos:242.4,Bstd:150.2,StrandBias:-0.0,Multiplicity:1.29
0.815	0.009	0.087	0.089
0.029	0.581	0.360	0.030
0.603	0.025	0.012	0.360
0.155	0.001	0.024	0.820
0.080	0.789	0.112	0.019
0.929	0.001	0.001	0.069
0.943	0.020	0.031	0.006
0.938	0.008	0.045	0.009
0.047	0.127	0.785	0.041
0.317	0.241	0.343	0.099
>ATGTGGTTWG	4-ATGTGGTTWG	7.903591	-120.775898	0	T:484.0(11.12%),B:2297.4(5.22%),P:1e-52	Tpos:273.0,Tstd:210.5,Bpos:242.4,Bstd:146.6,StrandBias:-0.0,Multiplicity:1.07
0.482	0.045	0.295	0.178
0.001	0.042	0.082	0.875
0.026	0.067	0.906	0.001
0.001	0.106	0.001	0.892
0.001	0.110	0.888	0.001
0.001	0.049	0.914	0.036
0.001	0.001	0.144	0.854
0.068	0.001	0.110	0.821
0.484	0.072	0.047	0.397
0.222	0.011	0.540	0.227
>KVTGACGTCA	5-KVTGACGTCA	5.584456	-116.601754	0	T:1097.0(25.21%),B:7154.7(16.26%),P:1e-50	Tpos:286.1,Tstd:212.2,Bpos:246.6,Bstd:149.3,StrandBias:-0.0,Multiplicity:1.22
0.159	0.088	0.318	0.435
0.311	0.270	0.369	0.050
0.126	0.072	0.037	0.765
0.114	0.189	0.588	0.109
0.787	0.064	0.096	0.053
0.033	0.824	0.009	0.134
0.115	0.003	0.837	0.045
0.044	0.043	0.020	0.893
0.150	0.525	0.254	0.071
0.649	0.044	0.186	0.121
>CGGAAACCAC	6-CGGAAACCAC	6.273123	-115.734501	0	T:1118.0(25.70%),B:7346.6(16.70%),P:1e-50	Tpos:302.4,Tstd:222.9,Bpos:245.5,Bstd:150.3,StrandBias:0.1,Multiplicity:1.21
0.149	0.671	0.087	0.093
0.124	0.088	0.704	0.084
0.113	0.131	0.667	0.089
0.728	0.076	0.079	0.117
0.790	0.063	0.061	0.086
0.733	0.092	0.101	0.074
0.105	0.651	0.127	0.117
0.116	0.675	0.094	0.115
0.682	0.105	0.132	0.081
0.098	0.700	0.099	0.103
>CGATCAAAGC	7-CGATCAAAGC	6.807975	-92.916004	0	T:686.0(15.77%),B:4110.9(9.35%),P:1e-40	Tpos:278.8,Tstd:198.8,Bpos:243.0,Bstd:151.6,StrandBias:0.1,Multiplicity:1.07
0.079	0.790	0.077	0.054
0.128	0.075	0.701	0.096
0.719	0.107	0.057	0.117
0.072	0.054	0.066	0.808
0.066	0.845	0.034	0.055
0.857	0.062	0.017	0.064
0.797	0.100	0.047	0.056
0.850	0.048	0.054	0.048
0.063	0.037	0.853	0.047
0.110	0.785	0.047	0.058
>CCCCCCCCCC	8-CCCCCCCCCC	5.780318	-90.735957	0	T:1438.0(33.05%),B:10627.7(24.16%),P:1e-39	Tpos:331.3,Tstd:248.6,Bpos:243.0,Bstd:142.8,StrandBias:-0.2,Multiplicity:1.49
0.144	0.576	0.129	0.151
0.145	0.579	0.136	0.140
0.130	0.599	0.128	0.143
0.134	0.614	0.121	0.131
0.134	0.634	0.106	0.126
0.132	0.617	0.117	0.134
0.136	0.620	0.114	0.130
0.131	0.596	0.129	0.144
0.131	0.591	0.133	0.145
0.142	0.575	0.131	0.152
>KRGGCGGNRY	9-KRGGCGGNRY	5.599973	-86.474186	0	T:1032.0(23.72%),B:7095.5(16.13%),P:1e-37	Tpos:302.5,Tstd:230.7,Bpos:240.2,Bstd:153.5,StrandBias:-0.1,Multiplicity:1.40
0.036	0.035	0.442	0.486
0.458	0.039	0.344	0.159
0.056	0.253	0.653	0.038
0.033	0.206	0.722	0.039
0.236	0.389	0.144	0.230
0.371	0.028	0.575	0.026
0.193	0.046	0.471	0.290
0.290	0.275	0.233	0.202
0.311	0.041	0.450	0.198
0.038	0.491	0.121	0.349
>CCACTAGAGG	10-CCACTAGAGG	8.244854	-81.610795	0	T:236.0(5.42%),B:945.3(2.15%),P:1e-35	Tpos:276.3,Tstd:216.9,Bpos:256.5,Bstd:139.3,StrandBias:-0.1,Multiplicity:1.02
0.001	0.982	0.010	0.007
0.012	0.949	0.018	0.021
0.994	0.001	0.004	0.001
0.001	0.904	0.094	0.001
0.039	0.029	0.042	0.890
0.997	0.001	0.001	0.001
0.001	0.009	0.982	0.008
0.698	0.039	0.262	0.001
0.001	0.001	0.778	0.220
0.001	0.041	0.900	0.058
>GCTGTTTAAA	11-GCTGTTTAAA	6.883275	-57.827626	0	T:880.0(20.23%),B:6326.6(14.38%),P:1e-25	Tpos:280.8,Tstd:219.1,Bpos:241.5,Bstd:153.1,StrandBias:0.1,Multiplicity:1.15
0.063	0.093	0.768	0.076
0.044	0.810	0.079	0.067
0.063	0.035	0.041	0.861
0.037	0.105	0.754	0.104
0.056	0.125	0.046	0.773
0.048	0.034	0.056	0.862
0.042	0.049	0.062	0.847
0.710	0.021	0.139	0.130
0.773	0.089	0.043	0.095
0.847	0.066	0.038	0.049
>CYVTRGYAAC	12-CYVTRGYAAC	6.986917	-52.190830	0	T:318.0(7.31%),B:1772.9(4.03%),P:1e-22	Tpos:272.6,Tstd:243.1,Bpos:245.9,Bstd:144.5,StrandBias:-0.1,Multiplicity:1.13
0.117	0.508	0.148	0.227
0.118	0.438	0.125	0.320
0.344	0.293	0.263	0.100
0.115	0.074	0.118	0.693
0.434	0.117	0.415	0.033
0.106	0.107	0.654	0.133
0.155	0.402	0.113	0.330
0.774	0.001	0.072	0.153
0.944	0.054	0.001	0.001
0.064	0.871	0.001	0.064
>CGTTACGCAG	13-CGTTACGCAG	6.307826	-48.777344	0	T:534.0(12.27%),B:3541.1(8.05%),P:1e-21	Tpos:299.7,Tstd:220.8,Bpos:238.7,Bstd:152.9,StrandBias:0.0,Multiplicity:1.07
0.069	0.774	0.058	0.099
0.077	0.111	0.645	0.167
0.041	0.061	0.028	0.870
0.061	0.039	0.073	0.827
0.815	0.071	0.047	0.067
0.069	0.831	0.030	0.070
0.130	0.092	0.667	0.111
0.047	0.847	0.038	0.068
0.858	0.064	0.005	0.073
0.038	0.063	0.872	0.027
>TTTGTACGCG	14-TTTGTACGCG	6.575644	-41.495535	0	T:345.0(7.93%),B:2122.7(4.83%),P:1e-18	Tpos:292.9,Tstd:216.8,Bpos:246.7,Bstd:158.2,StrandBias:-0.2,Multiplicity:1.04
0.051	0.086	0.055	0.808
0.062	0.068	0.072	0.798
0.063	0.043	0.086	0.808
0.059	0.073	0.792	0.076
0.043	0.074	0.064	0.819
0.843	0.026	0.050	0.081
0.100	0.737	0.079	0.084
0.091	0.061	0.766	0.082
0.100	0.819	0.040	0.041
0.043	0.092	0.817	0.048
>GAGGAAGCWG	15-GAGGAAGCWG	9.192480	-40.511332	0	T:490.0(11.26%),B:3324.4(7.56%),P:1e-17	Tpos:296.8,Tstd:241.0,Bpos:241.5,Bstd:145.7,StrandBias:0.1,Multiplicity:1.07
0.001	0.070	0.928	0.001
0.997	0.001	0.001	0.001
0.001	0.001	0.997	0.001
0.242	0.001	0.756	0.001
0.654	0.222	0.123	0.001
0.737	0.001	0.261	0.001
0.009	0.001	0.668	0.322
0.033	0.916	0.050	0.001
0.391	0.001	0.205	0.403
0.001	0.001	0.997	0.001
>GCTGACGTCA	16-GCTGACGTCA	7.713922	-36.938908	0	T:416.0(9.56%),B:2773.2(6.30%),P:1e-16	Tpos:277.2,Tstd:214.1,Bpos:241.7,Bstd:145.8,StrandBias:-0.2,Multiplicity:1.07
0.034	0.034	0.915	0.017
0.003	0.986	0.003	0.008
0.064	0.076	0.023	0.837
0.020	0.020	0.922	0.038
0.760	0.098	0.056	0.086
0.140	0.699	0.117	0.044
0.020	0.105	0.635	0.240
0.082	0.075	0.131	0.712
0.115	0.726	0.079	0.080
0.815	0.086	0.021	0.078
>STGWCAGCHG	17-STGWCAGCHG	5.468494	-36.249537	0	T:1511.0(34.73%),B:12762.8(29.01%),P:1e-15	Tpos:287.1,Tstd:233.8,Bpos:242.7,Bstd:147.5,StrandBias:-0.0,Multiplicity:1.28
0.187	0.390	0.265	0.158
0.038	0.083	0.026	0.853
0.188	0.171	0.604	0.037
0.294	0.234	0.050	0.422
0.165	0.503	0.297	0.035
0.831	0.019	0.088	0.062
0.280	0.182	0.439	0.099
0.129	0.510	0.273	0.088
0.257	0.366	0.133	0.244
0.233	0.056	0.455	0.257
>TACATTTCGC	18-TACATTTCGC	10.176519	-33.912175	0	T:46.0(1.06%),B:110.3(0.25%),P:1e-14	Tpos:351.9,Tstd:232.3,Bpos:233.0,Bstd:152.1,StrandBias:0.1,Multiplicity:1.02
0.001	0.173	0.137	0.689
0.586	0.137	0.173	0.104
0.001	0.997	0.001	0.001
0.917	0.001	0.001	0.081
0.001	0.001	0.001	0.997
0.001	0.001	0.001	0.997
0.050	0.001	0.001	0.948
0.001	0.997	0.001	0.001
0.001	0.092	0.906	0.001
0.095	0.903	0.001	0.001
>GTCATAMGCG	19-GTCATAMGCG	5.465099	-32.506406	0	T:1380.0(31.72%),B:11643.5(26.47%),P:1e-14	Tpos:305.2,Tstd:247.4,Bpos:240.8,Bstd:150.4,StrandBias:-0.0,Multiplicity:1.21
0.179	0.122	0.698	0.001
0.230	0.173	0.189	0.409
0.001	0.683	0.315	0.001
0.491	0.127	0.236	0.145
0.354	0.001	0.001	0.644
0.997	0.001	0.001	0.001
0.492	0.435	0.072	0.001
0.187	0.001	0.594	0.218
0.340	0.641	0.018	0.001
0.001	0.001	0.757	0.241
>AACGTRCGCC	20-AACGTRCGCC	10.813139	-30.607344	0	T:20.0(0.46%),B:20.8(0.05%),P:1e-13	Tpos:311.1,Tstd:206.7,Bpos:243.8,Bstd:105.2,StrandBias:-0.9,Multiplicity:1.00
0.997	0.001	0.001	0.001
0.997	0.001	0.001	0.001
0.001	0.748	0.250	0.001
0.226	0.001	0.772	0.001
0.001	0.001	0.226	0.772
0.452	0.001	0.546	0.001
0.001	0.997	0.001	0.001
0.001	0.001	0.997	0.001
0.001	0.997	0.001	0.001
0.001	0.714	0.284	0.001
>TTTCAAACGG	21-TTTCAAACGG	8.533285	-29.950130	0	T:60.0(1.38%),B:197.0(0.45%),P:1e-13	Tpos:237.4,Tstd:176.8,Bpos:248.2,Bstd:164.4,StrandBias:0.1,Multiplicity:1.00
0.063	0.001	0.073	0.863
0.024	0.001	0.085	0.890
0.001	0.073	0.063	0.863
0.123	0.761	0.043	0.073
0.890	0.085	0.001	0.024
0.935	0.063	0.001	0.001
0.898	0.001	0.100	0.001
0.001	0.904	0.009	0.086
0.001	0.074	0.924	0.001
0.001	0.001	0.997	0.001
>CATTCGGCTA	22-CATTCGGCTA	10.898439	-20.488761	0	T:13.0(0.30%),B:13.4(0.03%),P:1e-8	Tpos:301.8,Tstd:243.5,Bpos:218.8,Bstd:122.1,StrandBias:0.7,Multiplicity:1.00
0.001	0.997	0.001	0.001
0.997	0.001	0.001	0.001
0.001	0.308	0.053	0.638
0.001	0.001	0.001	0.997
0.001	0.997	0.001	0.001
0.001	0.001	0.997	0.001
0.001	0.001	0.997	0.001
0.001	0.997	0.001	0.001
0.001	0.001	0.001	0.997
0.997	0.001	0.001	0.001
>TCACGTGCGT	23-TCACGTGCGT	10.296193	-17.293285	0	T:7.0(0.16%),B:3.7(0.01%),P:1e-7	Tpos:257.4,Tstd:121.1,Bpos:64.0,Bstd:51.7,StrandBias:-1.3,Multiplicity:1.00
0.100	0.100	0.100	0.700
0.100	0.700	0.100	0.100
0.700	0.100	0.100	0.100
0.100	0.700	0.100	0.100
0.100	0.100	0.700	0.100
0.100	0.100	0.100	0.700
0.100	0.100	0.700	0.100
0.100	0.700	0.100	0.100
0.100	0.100	0.700	0.100
0.100	0.100	0.100	0.700
>CACCAGCGTT	24-CACCAGCGTT	10.296193	-10.286118	0	T:8.0(0.18%),B:12.1(0.03%),P:1e-4	Tpos:313.1,Tstd:182.0,Bpos:250.2,Bstd:135.1,StrandBias:0.0,Multiplicity:1.00
0.100	0.700	0.100	0.100
0.700	0.100	0.100	0.100
0.100	0.700	0.100	0.100
0.100	0.700	0.100	0.100
0.700	0.100	0.100	0.100
0.100	0.100	0.700	0.100
0.100	0.700	0.100	0.100
0.100	0.100	0.700	0.100
0.100	0.100	0.100	0.700
0.100	0.100	0.100	0.700
>CCATCGGTAC	25-CCATCGGTAC	10.980308	-8.451222	0	T:16.0(0.37%),B:56.0(0.13%),P:1e-3	Tpos:169.8,Tstd:134.9,Bpos:259.2,Bstd:147.8,StrandBias:1.2,Multiplicity:1.53
0.001	0.668	0.001	0.330
0.001	0.997	0.001	0.001
0.997	0.001	0.001	0.001
0.001	0.263	0.001	0.735
0.001	0.781	0.001	0.217
0.001	0.001	0.841	0.157
0.001	0.001	0.997	0.001
0.001	0.001	0.001	0.997
0.997	0.001	0.001	0.001
0.001	0.997	0.001	0.001
>ACAGGAAGTGNN	1-ACAGGAAGTGNN	8.229973	-801.882054	0	T:1568.0(36.04%),B:5454.7(12.40%),P:1e-348	Tpos:280.7,Tstd:199.0,Bpos:241.0,Bstd:146.3,StrandBias:0.1,Multiplicity:1.26
0.585	0.062	0.282	0.071
0.154	0.662	0.182	0.002
0.983	0.009	0.005	0.003
0.004	0.001	0.994	0.001
0.013	0.006	0.980	0.001
0.962	0.023	0.010	0.005
0.883	0.016	0.003	0.098
0.344	0.030	0.625	0.001
0.058	0.301	0.072	0.569
0.281	0.065	0.444	0.211
0.271	0.221	0.326	0.181
0.194	0.274	0.235	0.298
>CTTTGATSTYWN	2-CTTTGATSTYWN	8.168952	-147.846292	0	T:844.0(19.40%),B:4689.6(10.66%),P:1e-64	Tpos:276.5,Tstd:208.9,Bpos:241.6,Bstd:148.3,StrandBias:-0.0,Multiplicity:1.19
0.044	0.843	0.001	0.112
0.001	0.001	0.001	0.997
0.001	0.148	0.055	0.796
0.001	0.001	0.001	0.997
0.001	0.237	0.705	0.057
0.756	0.001	0.001	0.242
0.360	0.001	0.001	0.638
0.001	0.428	0.460	0.111
0.114	0.001	0.001	0.884
0.055	0.421	0.133	0.391
0.364	0.178	0.001	0.457
0.233	0.219	0.276	0.272
>CCACCAGGKGGC	3-CCACCAGGKGGC	9.872835	-145.769719	0	T:241.0(5.54%),B:661.3(1.50%),P:1e-63	Tpos:267.2,Tstd:213.5,Bpos:253.3,Bstd:143.2,StrandBias:0.1,Multiplicity:1.03
0.342	0.656	0.001	0.001
0.001	0.997	0.001	0.001
0.901	0.050	0.001	0.048
0.071	0.647	0.281	0.001
0.238	0.478	0.015	0.269
0.678	0.106	0.096	0.120
0.032	0.001	0.966	0.001
0.334	0.001	0.641	0.024
0.001	0.001	0.459	0.539
0.001	0.001	0.931	0.067
0.111	0.001	0.647	0.241
0.266	0.571	0.024	0.139
>WAACCACATCCK	4-WAACCACATCCK	11.738919	-113.053480	0	T:84.0(1.93%),B:95.0(0.22%),P:1e-49	Tpos:240.4,Tstd:144.7,Bpos:192.0,Bstd:128.2,StrandBias:0.6,Multiplicity:1.00
0.538	0.003	0.004	0.455
0.515	0.001	0.282	0.202
0.607	0.388	0.004	0.001
0.001	0.945	0.053	0.001
0.055	0.890	0.001	0.054
0.941	0.004	0.001	0.054
0.001	0.891	0.054	0.054
0.686	0.040	0.003	0.271
0.001	0.001	0.031	0.967
0.001	0.945	0.001	0.053
0.053	0.945	0.001	0.001
0.001	0.001	0.498	0.500
>TTTGATGTGGTT	5-TTTGATGTGGTT	7.171313	-104.189856	0	T:707.0(16.25%),B:4131.5(9.39%),P:1e-45	Tpos:268.8,Tstd:219.8,Bpos:244.4,Bstd:150.0,StrandBias:-0.0,Multiplicity:1.13
0.080	0.089	0.075	0.756
0.049	0.109	0.089	0.753
0.086	0.041	0.076	0.797
0.077	0.093	0.730	0.100
0.720	0.105	0.090	0.085
0.113	0.033	0.066	0.788
0.048	0.102	0.778	0.072
0.086	0.053	0.064	0.797
0.096	0.049	0.743	0.112
0.088	0.097	0.701	0.114
0.075	0.110	0.118	0.697
0.079	0.074	0.109	0.738
>GKGGGCGGRGCT	6-GKGGGCGGRGCT	6.497734	-99.460856	0	T:1115.0(25.63%),B:7586.2(17.25%),P:1e-43	Tpos:287.8,Tstd:219.7,Bpos:243.2,Bstd:148.8,StrandBias:-0.1,Multiplicity:1.37
0.235	0.179	0.558	0.028
0.180	0.001	0.447	0.372
0.354	0.001	0.644	0.001
0.001	0.001	0.997	0.001
0.001	0.001	0.997	0.001
0.274	0.541	0.001	0.184
0.011	0.001	0.987	0.001
0.001	0.001	0.907	0.091
0.341	0.014	0.471	0.175
0.113	0.001	0.885	0.001
0.001	0.997	0.001	0.001
0.091	0.318	0.001	0.590
>NACGAAACCACH	7-NACGAAACCACH	6.503017	-91.779063	0	T:702.0(16.13%),B:4253.9(9.67%),P:1e-39	Tpos:307.8,Tstd:237.8,Bpos:239.4,Bstd:150.2,StrandBias:-0.0,Multiplicity:1.10
0.330	0.242	0.226	0.201
0.657	0.122	0.111	0.110
0.193	0.483	0.174	0.151
0.176	0.151	0.537	0.136
0.655	0.133	0.112	0.100
0.685	0.117	0.115	0.083
0.663	0.107	0.134	0.096
0.144	0.603	0.141	0.112
0.125	0.699	0.069	0.107
0.685	0.110	0.084	0.121
0.120	0.639	0.136	0.105
0.364	0.236	0.156	0.244
>AAACAGGAAACC	8-AAACAGGAAACC	9.469543	-90.369443	0	T:231.0(5.31%),B:861.0(1.96%),P:1e-39	Tpos:291.7,Tstd:175.8,Bpos:234.2,Bstd:149.3,StrandBias:0.2,Multiplicity:1.04
0.811	0.070	0.078	0.041
0.793	0.083	0.085	0.039
0.813	0.056	0.081	0.050
0.075	0.795	0.098	0.032
0.935	0.008	0.016	0.041
0.060	0.039	0.856	0.045
0.032	0.049	0.891	0.028
0.862	0.064	0.046	0.028
0.849	0.028	0.045	0.078
0.801	0.074	0.070	0.055
0.143	0.756	0.053	0.048
0.046	0.845	0.064	0.045
>NVGTCACGTGMH	9-NVGTCACGTGMH	5.911920	-88.928322	0	T:836.0(19.21%),B:5389.5(12.25%),P:1e-38	Tpos:286.4,Tstd:213.2,Bpos:243.9,Bstd:154.3,StrandBias:0.1,Multiplicity:1.18
0.233	0.223	0.330	0.214
0.288	0.363	0.238	0.111
0.105	0.049	0.780	0.066
0.074	0.024	0.039	0.863
0.065	0.578	0.199	0.158
0.854	0.045	0.087	0.014
0.020	0.952	0.027	0.001
0.065	0.060	0.845	0.030
0.011	0.057	0.022	0.910
0.087	0.073	0.684	0.156
0.390	0.243	0.153	0.214
0.244	0.255	0.170	0.332
>CCCCCCCCCCCC	10-CCCCCCCCCCCC	7.683563	-87.424082	0	T:1098.0(25.24%),B:7652.5(17.40%),P:1e-37	Tpos:331.2,Tstd:246.3,Bpos:242.6,Bstd:141.3,StrandBias:-0.2,Multiplicity:1.34
0.060	0.884	0.009	0.047
0.083	0.793	0.053	0.071
0.083	0.792	0.039	0.086
0.057	0.863	0.025	0.055
0.094	0.826	0.021	0.059
0.122	0.823	0.020	0.035
0.121	0.842	0.022	0.015
0.141	0.827	0.010	0.022
0.120	0.794	0.024	0.062
0.099	0.843	0.001	0.057
0.075	0.844	0.024	0.057
0.065	0.870	0.031	0.034
>GCTTCAAAGAAA	11-GCTTCAAAGAAA	6.800222	-86.649658	0	T:1359.0(31.23%),B:9993.6(22.72%),P:1e-37	Tpos:289.8,Tstd:230.5,Bpos:241.5,Bstd:149.7,StrandBias:0.0,Multiplicity:1.21
0.087	0.107	0.720	0.086
0.079	0.754	0.069	0.098
0.106	0.081	0.035	0.778
0.094	0.059	0.094	0.753
0.090	0.719	0.096	0.095
0.787	0.080	0.046	0.087
0.736	0.078	0.108	0.078
0.819	0.023	0.093	0.065
0.094	0.081	0.750	0.075
0.747	0.082	0.088	0.083
0.721	0.100	0.103	0.076
0.716	0.098	0.105	0.081
>CGTCACTTCCGC	12-CGTCACTTCCGC	9.070125	-55.443804	0	T:161.0(3.70%),B:648.9(1.48%),P:1e-24	Tpos:304.9,Tstd:207.7,Bpos:262.3,Bstd:158.4,StrandBias:0.0,Multiplicity:1.02
0.080	0.812	0.054	0.054
0.073	0.181	0.602	0.144
0.055	0.065	0.048	0.832
0.054	0.874	0.054	0.018
0.821	0.043	0.079	0.057
0.018	0.875	0.036	0.071
0.089	0.060	0.013	0.838
0.001	0.048	0.035	0.916
0.001	0.963	0.018	0.018
0.062	0.870	0.018	0.050
0.077	0.089	0.766	0.068
0.036	0.836	0.092	0.036
>CTACATTTCCCA	13-CTACATTTCCCA	13.384531	-52.284603	0	T:30.0(0.69%),B:23.5(0.05%),P:1e-22	Tpos:306.0,Tstd:167.0,Bpos:192.8,Bstd:116.2,StrandBias:-0.1,Multiplicity:1.03
0.001	0.997	0.001	0.001
0.001	0.001	0.001	0.997
0.997	0.001	0.001	0.001
0.001	0.997	0.001	0.001
0.997	0.001	0.001	0.001
0.001	0.001	0.001	0.997
0.050	0.001	0.001	0.948
0.115	0.001	0.001	0.883
0.050	0.948	0.001	0.001
0.001	0.997	0.001	0.001
0.050	0.948	0.001	0.001
0.997	0.001	0.001	0.001
>GGTTAGATCTAA	14-GGTTAGATCTAA	7.204909	-48.386976	0	T:178.0(4.09%),B:809.9(1.84%),P:1e-21	Tpos:268.6,Tstd:230.3,Bpos:243.8,Bstd:138.9,StrandBias:-0.2,Multiplicity:1.04
0.144	0.076	0.636	0.144
0.107	0.163	0.588	0.142
0.126	0.116	0.111	0.647
0.125	0.139	0.128	0.608
0.713	0.001	0.130	0.156
0.128	0.129	0.625	0.118
0.653	0.121	0.125	0.101
0.001	0.016	0.169	0.814
0.097	0.635	0.129	0.139
0.165	0.105	0.001	0.729
0.606	0.139	0.150	0.105
0.665	0.100	0.115	0.120
>CAGACAGCACGC	15-CAGACAGCACGC	9.786748	-48.069651	0	T:129.0(2.96%),B:498.5(1.13%),P:1e-20	Tpos:295.0,Tstd:234.4,Bpos:243.0,Bstd:147.3,StrandBias:-0.0,Multiplicity:1.01
0.049	0.896	0.029	0.026
0.864	0.046	0.032	0.058
0.072	0.098	0.818	0.012
0.823	0.052	0.067	0.058
0.095	0.824	0.080	0.001
0.916	0.037	0.012	0.035
0.038	0.041	0.860	0.061
0.051	0.891	0.034	0.024
0.792	0.086	0.056	0.066
0.049	0.765	0.126	0.060
0.117	0.067	0.751	0.065
0.059	0.805	0.045	0.091
>TCTGACGTCATC	16-TCTGACGTCATC	9.092210	-46.807712	0	T:171.0(3.93%),B:775.5(1.76%),P:1e-20	Tpos:255.3,Tstd:177.2,Bpos:238.0,Bstd:136.7,StrandBias:-0.2,Multiplicity:1.03
0.055	0.005	0.041	0.899
0.016	0.902	0.058	0.024
0.074	0.016	0.016	0.894
0.026	0.016	0.904	0.054
0.851	0.071	0.039	0.039
0.073	0.763	0.097	0.067
0.108	0.063	0.654	0.175
0.045	0.032	0.074	0.849
0.033	0.924	0.001	0.042
0.793	0.087	0.016	0.104
0.049	0.102	0.097	0.752
0.066	0.823	0.045	0.066
>GACTGGCAGATC	17-GACTGGCAGATC	13.462055	-29.902132	0	T:13.0(0.30%),B:6.9(0.02%),P:1e-12	Tpos:227.6,Tstd:160.7,Bpos:236.1,Bstd:82.1,StrandBias:-1.7,Multiplicity:1.62
0.001	0.001	0.997	0.001
0.997	0.001	0.001	0.001
0.054	0.891	0.054	0.001
0.001	0.001	0.001	0.997
0.001	0.001	0.997	0.001
0.054	0.001	0.944	0.001
0.001	0.944	0.001	0.054
0.997	0.001	0.001	0.001
0.001	0.001	0.997	0.001
0.944	0.001	0.001	0.054
0.001	0.001	0.001	0.997
0.001	0.997	0.001	0.001
>GTGGTTCTTCCG	18-GTGGTTCTTCCG	13.774258	-28.906460	0	T:12.0(0.28%),B:5.5(0.01%),P:1e-12	Tpos:206.4,Tstd:89.9,Bpos:228.5,Bstd:107.0,StrandBias:1.4,Multiplicity:1.50
0.116	0.116	0.767	0.001
0.001	0.001	0.001	0.997
0.001	0.001	0.997	0.001
0.001	0.001	0.883	0.115
0.001	0.001	0.001	0.997
0.001	0.001	0.001	0.997
0.001	0.883	0.001	0.115
0.001	0.001	0.001	0.997
0.115	0.001	0.001	0.883
0.001	0.997	0.001	0.001
0.001	0.959	0.001	0.039
0.001	0.115	0.883	0.001
>TAKAGTAACATT	19-TAKAGTAACATT	12.448939	-24.811234	0	T:7.0(0.16%),B:1.9(0.00%),P:1e-10	Tpos:360.8,Tstd:172.7,Bpos:365.4,Bstd:98.4,StrandBias:3.7,Multiplicity:2.00
0.060	0.132	0.030	0.778
0.817	0.060	0.091	0.032
0.002	0.001	0.508	0.489
0.789	0.061	0.060	0.090
0.239	0.062	0.596	0.103
0.060	0.119	0.030	0.791
0.760	0.001	0.060	0.179
0.588	0.030	0.381	0.001
0.083	0.857	0.030	0.030
0.700	0.121	0.119	0.060
0.081	0.062	0.001	0.856
0.089	0.030	0.030	0.851
>TGTACAGATGGT	20-TGTACAGATGGT	13.622162	-13.056108	0	T:5.0(0.11%),B:2.7(0.01%),P:1e-5	Tpos:113.2,Tstd:81.6,Bpos:272.9,Bstd:173.5,StrandBias:-1.7,Multiplicity:2.60
0.001	0.001	0.001	0.997
0.001	0.001	0.997	0.001
0.001	0.001	0.001	0.997
0.997	0.001	0.001	0.001
0.001	0.997	0.001	0.001
0.941	0.057	0.001	0.001
0.001	0.001	0.997	0.001
0.997	0.001	0.001	0.001
0.001	0.001	0.001	0.997
0.001	0.001	0.941	0.057
0.057	0.001	0.941	0.001
0.001	0.001	0.001	0.997
>TGATGTTACCAT	21-TGATGTTACCAT	12.654020	-12.512584	0	T:4.0(0.09%),B:1.6(0.00%),P:1e-5	Tpos:226.9,Tstd:125.6,Bpos:333.3,Bstd:59.3,StrandBias:3.0,Multiplicity:6.75
0.001	0.001	0.001	0.997
0.001	0.001	0.997	0.001
0.997	0.001	0.001	0.001
0.001	0.001	0.001	0.997
0.001	0.020	0.959	0.020
0.001	0.001	0.001	0.997
0.001	0.001	0.019	0.979
0.997	0.001	0.001	0.001
0.001	0.997	0.001	0.001
0.001	0.997	0.001	0.001
0.979	0.001	0.001	0.019
0.001	0.001	0.001	0.997
>CAACACATGCAG	22-CAACACATGCAG	9.629452	-9.798158	0	T:11.0(0.25%),B:25.0(0.06%),P:1e-4	Tpos:502.3,Tstd:332.2,Bpos:239.2,Bstd:154.9,StrandBias:-3.0,Multiplicity:4.50
0.001	0.997	0.001	0.001
0.997	0.001	0.001	0.001
0.997	0.001	0.001	0.001
0.001	0.934	0.064	0.001
0.997	0.001	0.001	0.001
0.001	0.997	0.001	0.001
0.997	0.001	0.001	0.001
0.001	0.064	0.001	0.934
0.001	0.001	0.997	0.001
0.001	0.997	0.001	0.001
0.997	0.001	0.001	0.001
0.001	0.001	0.997	0.001
>ACTGTAGCACTG	23-ACTGTAGCACTG	13.593462	-8.275188	0	T:4.0(0.09%),B:3.5(0.01%),P:1e-3	Tpos:344.5,Tstd:242.3,Bpos:157.0,Bstd:113.3,StrandBias:3.4,Multiplicity:5.75
0.997	0.001	0.001	0.001
0.001	0.997	0.001	0.001
0.001	0.001	0.001	0.997
0.001	0.001	0.997	0.001
0.001	0.001	0.001	0.997
0.946	0.001	0.001	0.052
0.001	0.001	0.997	0.001
0.001	0.997	0.001	0.001
0.997	0.001	0.001	0.001
0.001	0.997	0.001	0.001
0.001	0.052	0.001	0.946
0.001	0.001	0.997	0.001
>TCTCAGCAACAC	24-TCTCAGCAACAC	12.355432	-5.736125	0	T:4.0(0.09%),B:6.5(0.01%),P:1e-2	Tpos:163.6,Tstd:144.9,Bpos:191.3,Bstd:118.1,StrandBias:10.0,Multiplicity:2.50
0.100	0.100	0.100	0.700
0.100	0.700	0.100	0.100
0.100	0.100	0.100	0.700
0.100	0.700	0.100	0.100
0.700	0.100	0.100	0.100
0.100	0.100	0.700	0.100
0.100	0.700	0.100	0.100
0.700	0.100	0.100	0.100
0.700	0.100	0.100	0.100
0.100	0.700	0.100	0.100
0.700	0.100	0.100	0.100
0.100	0.700	0.100	0.100
>ATTTAGCCCCAG	25-ATTTAGCCCCAG	9.441133	-3.370020	0	T:14.0(0.32%),B:81.8(0.19%),P:1e-1	Tpos:303.0,Tstd:246.1,Bpos:225.7,Bstd:144.4,StrandBias:1.5,Multiplicity:1.77
0.997	0.001	0.001	0.001
0.001	0.001	0.001	0.997
0.001	0.001	0.001	0.997
0.001	0.001	0.001	0.997
0.833	0.001	0.001	0.165
0.001	0.072	0.926	0.001
0.001	0.997	0.001	0.001
0.001	0.997	0.001	0.001
0.001	0.997	0.001	0.001
0.001	0.997	0.001	0.001
0.997	0.001	0.001	0.001
0.001	0.001	0.997	0.001
>CAGGAAGT	1-CAGGAAGT	6.839702	-612.233752	0	T:1981.0(45.53%),B:9544.2(21.70%),P:1e-265	Tpos:284.8,Tstd:203.1,Bpos:241.8,Bstd:144.8,StrandBias:0.1,Multiplicity:1.38
0.001	0.803	0.195	0.001
0.997	0.001	0.001	0.001
0.001	0.001	0.997	0.001
0.001	0.001	0.997	0.001
0.997	0.001	0.001	0.001
0.911	0.001	0.001	0.087
0.173	0.001	0.825	0.001
0.001	0.114	0.001	0.884
>NCTTCCGK	2-NCTTCCGK	5.713562	-406.401301	0	T:1942.0(44.63%),B:10920.9(24.83%),P:1e-176	Tpos:293.7,Tstd:214.4,Bpos:242.2,Bstd:159.7,StrandBias:0.1,Multiplicity:1.32
0.311	0.193	0.257	0.239
0.100	0.634	0.039	0.227
0.240	0.027	0.001	0.732
0.127	0.082	0.020	0.771
0.081	0.694	0.205	0.020
0.001	0.959	0.039	0.001
0.001	0.001	0.832	0.166
0.028	0.117	0.478	0.376
>ACAGGAAG	3-ACAGGAAG	7.609017	-273.087019	0	T:1245.0(28.61%),B:6529.9(14.84%),P:1e-118	Tpos:275.9,Tstd:213.0,Bpos:242.2,Bstd:147.5,StrandBias:0.0,Multiplicity:1.13
0.997	0.001	0.001	0.001
0.140	0.727	0.001	0.132
0.997	0.001	0.001	0.001
0.001	0.001	0.997	0.001
0.001	0.001	0.997	0.001
0.997	0.001	0.001	0.001
0.799	0.048	0.001	0.152
0.001	0.103	0.895	0.001
>TTTGATGT	4-TTTGATGT	5.865678	-157.372987	0	T:1847.0(42.45%),B:13145.4(29.88%),P:1e-68	Tpos:279.0,Tstd:221.4,Bpos:242.9,Bstd:147.2,StrandBias:0.0,Multiplicity:1.46
0.027	0.001	0.001	0.971
0.001	0.043	0.037	0.919
0.018	0.001	0.001	0.980
0.001	0.050	0.948	0.001
0.997	0.001	0.001	0.001
0.223	0.015	0.020	0.742
0.001	0.222	0.730	0.047
0.040	0.047	0.001	0.912
>AAACCACA	5-AAACCACA	3.846268	-155.923625	0	T:907.0(20.85%),B:5089.3(11.57%),P:1e-67	Tpos:289.6,Tstd:228.6,Bpos:242.6,Bstd:155.1,StrandBias:-0.1,Multiplicity:1.14
0.739	0.001	0.001	0.259
0.997	0.001	0.001	0.001
0.997	0.001	0.001	0.001
0.001	0.997	0.001	0.001
0.001	0.997	0.001	0.001
0.958	0.001	0.040	0.001
0.001	0.997	0.001	0.001
0.887	0.070	0.042	0.001
>GTGACGTA	6-GTGACGTA	5.333313	-153.067056	0	T:1007.0(23.14%),B:5914.4(13.44%),P:1e-66	Tpos:300.6,Tstd:221.6,Bpos:242.8,Bstd:161.7,StrandBias:-0.1,Multiplicity:1.25
0.269	0.072	0.658	0.001
0.001	0.001	0.001	0.997
0.001	0.170	0.726	0.103
0.997	0.001	0.001	0.001
0.001	0.997	0.001	0.001
0.001	0.001	0.997	0.001
0.001	0.276	0.001	0.722
0.418	0.171	0.253	0.158
>AKCGGAAM	7-AKCGGAAM	6.033623	-96.728121	0	T:1407.0(32.34%),B:10224.8(23.24%),P:1e-42	Tpos:307.6,Tstd:247.3,Bpos:242.6,Bstd:152.9,StrandBias:0.1,Multiplicity:1.23
0.687	0.001	0.106	0.206
0.182	0.067	0.432	0.319
0.193	0.805	0.001	0.001
0.001	0.142	0.856	0.001
0.001	0.081	0.691	0.227
0.932	0.001	0.001	0.066
0.997	0.001	0.001	0.001
0.518	0.480	0.001	0.001
>TTTGATCT	8-TTTGATCT	7.295188	-90.211537	0	T:842.0(19.35%),B:5419.2(12.32%),P:1e-39	Tpos:298.3,Tstd:233.1,Bpos:245.0,Bstd:146.5,StrandBias:0.1,Multiplicity:1.10
0.001	0.116	0.175	0.708
0.118	0.285	0.112	0.485
0.134	0.001	0.001	0.864
0.001	0.001	0.636	0.362
0.728	0.001	0.001	0.270
0.001	0.001	0.064	0.934
0.001	0.997	0.001	0.001
0.116	0.001	0.122	0.761
>GGGGGGGG	9-GGGGGGGG	8.274198	-88.696310	0	T:1472.0(33.83%),B:10981.6(24.96%),P:1e-38	Tpos:323.9,Tstd:248.9,Bpos:241.4,Bstd:143.8,StrandBias:0.1,Multiplicity:1.72
0.001	0.001	0.997	0.001
0.001	0.001	0.997	0.001
0.001	0.001	0.827	0.171
0.143	0.150	0.704	0.003
0.001	0.001	0.788	0.210
0.132	0.001	0.681	0.186
0.001	0.001	0.997	0.001
0.001	0.001	0.997	0.001
>TTTCAAAG	10-TTTCAAAG	7.988101	-62.563635	0	T:646.0(14.85%),B:4235.7(9.63%),P:1e-27	Tpos:284.3,Tstd:203.2,Bpos:239.7,Bstd:150.1,StrandBias:0.0,Multiplicity:1.09
0.001	0.001	0.081	0.917
0.124	0.001	0.078	0.797
0.001	0.001	0.001	0.997
0.001	0.831	0.167	0.001
0.997	0.001	0.001	0.001
0.997	0.001	0.001	0.001
0.974	0.024	0.001	0.001
0.001	0.130	0.868	0.001
>CTCCTCCC	11-CTCCTCCC	8.542214	-60.585284	0	T:838.0(19.26%),B:5903.1(13.42%),P:1e-26	Tpos:302.4,Tstd:224.2,Bpos:241.0,Bstd:150.1,StrandBias:0.0,Multiplicity:1.20
0.001	0.997	0.001	0.001
0.001	0.001	0.001	0.997
0.001	0.997	0.001	0.001
0.001	0.997	0.001	0.001
0.144	0.001	0.324	0.531
0.150	0.848	0.001	0.001
0.001	0.997	0.001	0.001
0.001	0.997	0.001	0.001
>RWAVGCGD	12-RWAVGCGD	4.867784	-57.895063	0	T:1962.0(45.09%),B:16421.6(37.33%),P:1e-25	Tpos:311.5,Tstd:245.4,Bpos:242.3,Bstd:162.6,StrandBias:-0.0,Multiplicity:1.77
0.410	0.150	0.269	0.171
0.419	0.001	0.152	0.428
0.772	0.001	0.001	0.226
0.302	0.292	0.397	0.008
0.001	0.303	0.652	0.044
0.001	0.997	0.001	0.001
0.001	0.001	0.997	0.001
0.319	0.062	0.319	0.300
>CGTGCGTA	13-CGTGCGTA	4.922838	-56.303491	0	T:1154.0(26.52%),B:8814.3(20.04%),P:1e-24	Tpos:319.8,Tstd:247.1,Bpos:243.4,Bstd:164.3,StrandBias:-0.1,Multiplicity:1.31
0.119	0.704	0.081	0.096
0.094	0.123	0.717	0.066
0.051	0.046	0.064	0.839
0.064	0.100	0.729	0.107
0.034	0.778	0.095	0.093
0.052	0.080	0.773	0.095
0.091	0.124	0.029	0.756
0.713	0.037	0.105	0.145
>CCGCCTCT	14-CCGCCTCT	6.309133	-51.402128	0	T:1824.0(41.92%),B:15276.1(34.73%),P:1e-22	Tpos:300.9,Tstd:234.4,Bpos:242.2,Bstd:148.3,StrandBias:0.1,Multiplicity:1.35
0.003	0.721	0.167	0.109
0.001	0.745	0.002	0.252
0.001	0.001	0.894	0.104
0.108	0.573	0.001	0.318
0.062	0.825	0.001	0.112
0.247	0.005	0.001	0.747
0.001	0.951	0.047	0.001
0.052	0.192	0.001	0.755
>CGTGTTTA	15-CGTGTTTA	6.924529	-48.790142	0	T:550.0(12.64%),B:3674.7(8.35%),P:1e-21	Tpos:285.3,Tstd:241.5,Bpos:243.4,Bstd:150.6,StrandBias:-0.2,Multiplicity:1.08
0.093	0.802	0.104	0.001
0.001	0.186	0.691	0.122
0.085	0.005	0.001	0.909
0.046	0.019	0.920	0.015
0.001	0.001	0.001	0.997
0.001	0.050	0.001	0.948
0.001	0.001	0.014	0.984
0.852	0.052	0.036	0.060
>TGCAGCTG	16-TGCAGCTG	8.683530	-43.506830	0	T:699.0(16.07%),B:5053.3(11.49%),P:1e-18	Tpos:291.4,Tstd:263.2,Bpos:244.2,Bstd:150.8,StrandBias:-0.1,Multiplicity:1.14
0.198	0.106	0.001	0.695
0.001	0.001	0.997	0.001
0.001	0.997	0.001	0.001
0.997	0.001	0.001	0.001
0.001	0.132	0.866	0.001
0.001	0.997	0.001	0.001
0.001	0.001	0.001	0.997
0.001	0.001	0.997	0.001
>TCWGMGCG	17-TCWGMGCG	6.006779	-37.825086	0	T:932.0(21.42%),B:7278.3(16.55%),P:1e-16	Tpos:314.2,Tstd:249.5,Bpos:244.8,Bstd:160.0,StrandBias:-0.1,Multiplicity:1.30
0.096	0.001	0.001	0.902
0.084	0.672	0.001	0.243
0.348	0.196	0.001	0.455
0.001	0.094	0.546	0.359
0.434	0.395	0.116	0.056
0.081	0.001	0.826	0.092
0.171	0.827	0.001	0.001
0.007	0.004	0.886	0.103
>ATGTGCGG	18-ATGTGCGG	6.132077	-34.721109	0	T:954.0(21.93%),B:7570.4(17.21%),P:1e-15	Tpos:312.7,Tstd:246.7,Bpos:243.8,Bstd:158.3,StrandBias:-0.1,Multiplicity:1.20
0.546	0.072	0.158	0.224
0.204	0.001	0.001	0.794
0.061	0.295	0.530	0.114
0.001	0.343	0.123	0.533
0.422	0.001	0.576	0.001
0.001	0.997	0.001	0.001
0.001	0.001	0.818	0.180
0.001	0.001	0.997	0.001
>CATGTGAC	19-CATGTGAC	8.236954	-24.650785	0	T:142.0(3.26%),B:783.1(1.78%),P:1e-10	Tpos:257.8,Tstd:152.4,Bpos:240.9,Bstd:138.2,StrandBias:0.1,Multiplicity:1.02
0.100	0.700	0.100	0.100
0.700	0.100	0.100	0.100
0.100	0.100	0.100	0.700
0.100	0.100	0.700	0.100
0.100	0.100	0.100	0.700
0.100	0.100	0.700	0.100
0.700	0.100	0.100	0.100
0.100	0.700	0.100	0.100
>TCGCGAGA	20-TCGCGAGA	7.285027	-23.004125	0	T:129.0(2.96%),B:706.0(1.60%),P:1e-9	Tpos:292.6,Tstd:217.8,Bpos:239.7,Bstd:163.0,StrandBias:-0.1,Multiplicity:1.07
0.001	0.001	0.001	0.997
0.001	0.897	0.001	0.101
0.001	0.001	0.997	0.001
0.001	0.898	0.001	0.100
0.001	0.148	0.850	0.001
0.997	0.001	0.001	0.001
0.038	0.001	0.888	0.073
0.863	0.135	0.001	0.001
>ACTGTAGT	21-ACTGTAGT	9.042635	-22.442130	0	T:235.0(5.40%),B:1544.2(3.51%),P:1e-9	Tpos:288.0,Tstd:213.4,Bpos:243.9,Bstd:144.0,StrandBias:-0.4,Multiplicity:1.05
0.814	0.001	0.001	0.184
0.284	0.714	0.001	0.001
0.001	0.001	0.001	0.997
0.001	0.001	0.997	0.001
0.001	0.001	0.001	0.997
0.997	0.001	0.001	0.001
0.001	0.001	0.997	0.001
0.001	0.001	0.001	0.997
