>YACTTCCTGT	1-YACTTCCTGT	7.577651	-797.783237	0	T:1731.0(39.78%),B:6555.7(14.90%),P:1e-346	Tpos:281.0,Tstd:199.8,Bpos:242.2,Bstd:146.7,StrandBias:-0.0,Multiplicity:1.31
0.170	0.418	0.113	0.299
0.690	0.049	0.216	0.045
0.007	0.768	0.014	0.211
0.075	0.006	0.010	0.909
0.011	0.001	0.019	0.969
0.003	0.976	0.013	0.008
0.018	0.967	0.014	0.001
0.009	0.022	0.068	0.901
0.015	0.181	0.702	0.102
0.050	0.212	0.037	0.701
>NCGGAARYNN	2-NCGGAARYNN	5.369292	-471.511828	0	T:2473.0(56.84%),B:15012.1(34.13%),P:1e-204	Tpos:289.7,Tstd:212.0,Bpos:241.4,Bstd:154.8,StrandBias:0.0,Multiplicity:1.40
0.289	0.271	0.291	0.149
0.325	0.638	0.036	0.001
0.019	0.007	0.965	0.009
0.206	0.273	0.508	0.013
0.969	0.014	0.003	0.014
0.607	0.009	0.012	0.372
0.330	0.213	0.453	0.004
0.207	0.268	0.151	0.374
0.306	0.235	0.255	0.204
0.225	0.278	0.312	0.185
>ACATCAAAGV	3-ACATCAAAGV	7.118902	-273.215582	0	T:1248.0(28.68%),B:6551.5(14.89%),P:1e-118	Tpos:267.7,Tstd:202.8,Bpos:242.4,Bstd:150.2,StrandBias:-0.0,Multiplicity:1.29
0.815	0.009	0.087	0.089
0.029	0.581	0.360	0.030
0.603	0.025	0.012	0.360
0.155	0.001	0.024	0.820
0.080	0.789	0.112	0.019
0.929	0.001	0.001	0.069
0.943	0.020	0.031	0.006
0.938	0.008	0.045	0.009
0.047	0.127	0.785	0.041
0.317	0.241	0.343	0.099
>ATGTGGTTWG	4-ATGTGGTTWG	7.903591	-120.775898	0	T:484.0(11.12%),B:2297.4(5.22%),P:1e-52	Tpos:273.0,Tstd:210.5,Bpos:242.4,Bstd:146.6,StrandBias:-0.0,Multiplicity:1.07
0.482	0.045	0.295	0.178
0.001	0.042	0.082	0.875
0.026	0.067	0.906	0.001
0.001	0.106	0.001	0.892
0.001	0.110	0.888	0.001
0.001	0.049	0.914	0.036
0.001	0.001	0.144	0.854
0.068	0.001	0.110	0.821
0.484	0.072	0.047	0.397
0.222	0.011	0.540	0.227
>KVTGACGTCA	5-KVTGACGTCA	5.584456	-116.601754	0	T:1097.0(25.21%),B:7154.7(16.26%),P:1e-50	Tpos:286.1,Tstd:212.2,Bpos:246.6,Bstd:149.3,StrandBias:-0.0,Multiplicity:1.22
0.159	0.088	0.318	0.435
0.311	0.270	0.369	0.050
0.126	0.072	0.037	0.765
0.114	0.189	0.588	0.109
0.787	0.064	0.096	0.053
0.033	0.824	0.009	0.134
0.115	0.003	0.837	0.045
0.044	0.043	0.020	0.893
0.150	0.525	0.254	0.071
0.649	0.044	0.186	0.121
>CGGAAACCAC	6-CGGAAACCAC	6.273123	-115.734501	0	T:1118.0(25.70%),B:7346.6(16.70%),P:1e-50	Tpos:302.4,Tstd:222.9,Bpos:245.5,Bstd:150.3,StrandBias:0.1,Multiplicity:1.21
0.149	0.671	0.087	0.093
0.124	0.088	0.704	0.084
0.113	0.131	0.667	0.089
0.728	0.076	0.079	0.117
0.790	0.063	0.061	0.086
0.733	0.092	0.101	0.074
0.105	0.651	0.127	0.117
0.116	0.675	0.094	0.115
0.682	0.105	0.132	0.081
0.098	0.700	0.099	0.103
>CGATCAAAGC	7-CGATCAAAGC	6.807975	-92.916004	0	T:686.0(15.77%),B:4110.9(9.35%),P:1e-40	Tpos:278.8,Tstd:198.8,Bpos:243.0,Bstd:151.6,StrandBias:0.1,Multiplicity:1.07
0.079	0.790	0.077	0.054
0.128	0.075	0.701	0.096
0.719	0.107	0.057	0.117
0.072	0.054	0.066	0.808
0.066	0.845	0.034	0.055
0.857	0.062	0.017	0.064
0.797	0.100	0.047	0.056
0.850	0.048	0.054	0.048
0.063	0.037	0.853	0.047
0.110	0.785	0.047	0.058
>CCCCCCCCCC	8-CCCCCCCCCC	5.780318	-90.735957	0	T:1438.0(33.05%),B:10627.7(24.16%),P:1e-39	Tpos:331.3,Tstd:248.6,Bpos:243.0,Bstd:142.8,StrandBias:-0.2,Multiplicity:1.49
0.144	0.576	0.129	0.151
0.145	0.579	0.136	0.140
0.130	0.599	0.128	0.143
0.134	0.614	0.121	0.131
0.134	0.634	0.106	0.126
0.132	0.617	0.117	0.134
0.136	0.620	0.114	0.130
0.131	0.596	0.129	0.144
0.131	0.591	0.133	0.145
0.142	0.575	0.131	0.152
>KRGGCGGNRY	9-KRGGCGGNRY	5.599973	-86.474186	0	T:1032.0(23.72%),B:7095.5(16.13%),P:1e-37	Tpos:302.5,Tstd:230.7,Bpos:240.2,Bstd:153.5,StrandBias:-0.1,Multiplicity:1.40
0.036	0.035	0.442	0.486
0.458	0.039	0.344	0.159
0.056	0.253	0.653	0.038
0.033	0.206	0.722	0.039
0.236	0.389	0.144	0.230
0.371	0.028	0.575	0.026
0.193	0.046	0.471	0.290
0.290	0.275	0.233	0.202
0.311	0.041	0.450	0.198
0.038	0.491	0.121	0.349
>CCACTAGAGG	10-CCACTAGAGG	8.244854	-81.610795	0	T:236.0(5.42%),B:945.3(2.15%),P:1e-35	Tpos:276.3,Tstd:216.9,Bpos:256.5,Bstd:139.3,StrandBias:-0.1,Multiplicity:1.02
0.001	0.982	0.010	0.007
0.012	0.949	0.018	0.021
0.994	0.001	0.004	0.001
0.001	0.904	0.094	0.001
0.039	0.029	0.042	0.890
0.997	0.001	0.001	0.001
0.001	0.009	0.982	0.008
0.698	0.039	0.262	0.001
0.001	0.001	0.778	0.220
0.001	0.041	0.900	0.058
>GCTGTTTAAA	11-GCTGTTTAAA	6.883275	-57.827626	0	T:880.0(20.23%),B:6326.6(14.38%),P:1e-25	Tpos:280.8,Tstd:219.1,Bpos:241.5,Bstd:153.1,StrandBias:0.1,Multiplicity:1.15
0.063	0.093	0.768	0.076
0.044	0.810	0.079	0.067
0.063	0.035	0.041	0.861
0.037	0.105	0.754	0.104
0.056	0.125	0.046	0.773
0.048	0.034	0.056	0.862
0.042	0.049	0.062	0.847
0.710	0.021	0.139	0.130
0.773	0.089	0.043	0.095
0.847	0.066	0.038	0.049
>CYVTRGYAAC	12-CYVTRGYAAC	6.986917	-52.190830	0	T:318.0(7.31%),B:1772.9(4.03%),P:1e-22	Tpos:272.6,Tstd:243.1,Bpos:245.9,Bstd:144.5,StrandBias:-0.1,Multiplicity:1.13
0.117	0.508	0.148	0.227
0.118	0.438	0.125	0.320
0.344	0.293	0.263	0.100
0.115	0.074	0.118	0.693
0.434	0.117	0.415	0.033
0.106	0.107	0.654	0.133
0.155	0.402	0.113	0.330
0.774	0.001	0.072	0.153
0.944	0.054	0.001	0.001
0.064	0.871	0.001	0.064
>CGTTACGCAG	13-CGTTACGCAG	6.307826	-48.777344	0	T:534.0(12.27%),B:3541.1(8.05%),P:1e-21	Tpos:299.7,Tstd:220.8,Bpos:238.7,Bstd:152.9,StrandBias:0.0,Multiplicity:1.07
0.069	0.774	0.058	0.099
0.077	0.111	0.645	0.167
0.041	0.061	0.028	0.870
0.061	0.039	0.073	0.827
0.815	0.071	0.047	0.067
0.069	0.831	0.030	0.070
0.130	0.092	0.667	0.111
0.047	0.847	0.038	0.068
0.858	0.064	0.005	0.073
0.038	0.063	0.872	0.027
>TTTGTACGCG	14-TTTGTACGCG	6.575644	-41.495535	0	T:345.0(7.93%),B:2122.7(4.83%),P:1e-18	Tpos:292.9,Tstd:216.8,Bpos:246.7,Bstd:158.2,StrandBias:-0.2,Multiplicity:1.04
0.051	0.086	0.055	0.808
0.062	0.068	0.072	0.798
0.063	0.043	0.086	0.808
0.059	0.073	0.792	0.076
0.043	0.074	0.064	0.819
0.843	0.026	0.050	0.081
0.100	0.737	0.079	0.084
0.091	0.061	0.766	0.082
0.100	0.819	0.040	0.041
0.043	0.092	0.817	0.048
>GAGGAAGCWG	15-GAGGAAGCWG	9.192480	-40.511332	0	T:490.0(11.26%),B:3324.4(7.56%),P:1e-17	Tpos:296.8,Tstd:241.0,Bpos:241.5,Bstd:145.7,StrandBias:0.1,Multiplicity:1.07
0.001	0.070	0.928	0.001
0.997	0.001	0.001	0.001
0.001	0.001	0.997	0.001
0.242	0.001	0.756	0.001
0.654	0.222	0.123	0.001
0.737	0.001	0.261	0.001
0.009	0.001	0.668	0.322
0.033	0.916	0.050	0.001
0.391	0.001	0.205	0.403
0.001	0.001	0.997	0.001
>GCTGACGTCA	16-GCTGACGTCA	7.713922	-36.938908	0	T:416.0(9.56%),B:2773.2(6.30%),P:1e-16	Tpos:277.2,Tstd:214.1,Bpos:241.7,Bstd:145.8,StrandBias:-0.2,Multiplicity:1.07
0.034	0.034	0.915	0.017
0.003	0.986	0.003	0.008
0.064	0.076	0.023	0.837
0.020	0.020	0.922	0.038
0.760	0.098	0.056	0.086
0.140	0.699	0.117	0.044
0.020	0.105	0.635	0.240
0.082	0.075	0.131	0.712
0.115	0.726	0.079	0.080
0.815	0.086	0.021	0.078
>STGWCAGCHG	17-STGWCAGCHG	5.468494	-36.249537	0	T:1511.0(34.73%),B:12762.8(29.01%),P:1e-15	Tpos:287.1,Tstd:233.8,Bpos:242.7,Bstd:147.5,StrandBias:-0.0,Multiplicity:1.28
0.187	0.390	0.265	0.158
0.038	0.083	0.026	0.853
0.188	0.171	0.604	0.037
0.294	0.234	0.050	0.422
0.165	0.503	0.297	0.035
0.831	0.019	0.088	0.062
0.280	0.182	0.439	0.099
0.129	0.510	0.273	0.088
0.257	0.366	0.133	0.244
0.233	0.056	0.455	0.257
>TACATTTCGC	18-TACATTTCGC	10.176519	-33.912175	0	T:46.0(1.06%),B:110.3(0.25%),P:1e-14	Tpos:351.9,Tstd:232.3,Bpos:233.0,Bstd:152.1,StrandBias:0.1,Multiplicity:1.02
0.001	0.173	0.137	0.689
0.586	0.137	0.173	0.104
0.001	0.997	0.001	0.001
0.917	0.001	0.001	0.081
0.001	0.001	0.001	0.997
0.001	0.001	0.001	0.997
0.050	0.001	0.001	0.948
0.001	0.997	0.001	0.001
0.001	0.092	0.906	0.001
0.095	0.903	0.001	0.001
>GTCATAMGCG	19-GTCATAMGCG	5.465099	-32.506406	0	T:1380.0(31.72%),B:11643.5(26.47%),P:1e-14	Tpos:305.2,Tstd:247.4,Bpos:240.8,Bstd:150.4,StrandBias:-0.0,Multiplicity:1.21
0.179	0.122	0.698	0.001
0.230	0.173	0.189	0.409
0.001	0.683	0.315	0.001
0.491	0.127	0.236	0.145
0.354	0.001	0.001	0.644
0.997	0.001	0.001	0.001
0.492	0.435	0.072	0.001
0.187	0.001	0.594	0.218
0.340	0.641	0.018	0.001
0.001	0.001	0.757	0.241
>AACGTRCGCC	20-AACGTRCGCC	10.813139	-30.607344	0	T:20.0(0.46%),B:20.8(0.05%),P:1e-13	Tpos:311.1,Tstd:206.7,Bpos:243.8,Bstd:105.2,StrandBias:-0.9,Multiplicity:1.00
0.997	0.001	0.001	0.001
0.997	0.001	0.001	0.001
0.001	0.748	0.250	0.001
0.226	0.001	0.772	0.001
0.001	0.001	0.226	0.772
0.452	0.001	0.546	0.001
0.001	0.997	0.001	0.001
0.001	0.001	0.997	0.001
0.001	0.997	0.001	0.001
0.001	0.714	0.284	0.001
>TTTCAAACGG	21-TTTCAAACGG	8.533285	-29.950130	0	T:60.0(1.38%),B:197.0(0.45%),P:1e-13	Tpos:237.4,Tstd:176.8,Bpos:248.2,Bstd:164.4,StrandBias:0.1,Multiplicity:1.00
0.063	0.001	0.073	0.863
0.024	0.001	0.085	0.890
0.001	0.073	0.063	0.863
0.123	0.761	0.043	0.073
0.890	0.085	0.001	0.024
0.935	0.063	0.001	0.001
0.898	0.001	0.100	0.001
0.001	0.904	0.009	0.086
0.001	0.074	0.924	0.001
0.001	0.001	0.997	0.001
>CATTCGGCTA	22-CATTCGGCTA	10.898439	-20.488761	0	T:13.0(0.30%),B:13.4(0.03%),P:1e-8	Tpos:301.8,Tstd:243.5,Bpos:218.8,Bstd:122.1,StrandBias:0.7,Multiplicity:1.00
0.001	0.997	0.001	0.001
0.997	0.001	0.001	0.001
0.001	0.308	0.053	0.638
0.001	0.001	0.001	0.997
0.001	0.997	0.001	0.001
0.001	0.001	0.997	0.001
0.001	0.001	0.997	0.001
0.001	0.997	0.001	0.001
0.001	0.001	0.001	0.997
0.997	0.001	0.001	0.001
>TCACGTGCGT	23-TCACGTGCGT	10.296193	-17.293285	0	T:7.0(0.16%),B:3.7(0.01%),P:1e-7	Tpos:257.4,Tstd:121.1,Bpos:64.0,Bstd:51.7,StrandBias:-1.3,Multiplicity:1.00
0.100	0.100	0.100	0.700
0.100	0.700	0.100	0.100
0.700	0.100	0.100	0.100
0.100	0.700	0.100	0.100
0.100	0.100	0.700	0.100
0.100	0.100	0.100	0.700
0.100	0.100	0.700	0.100
0.100	0.700	0.100	0.100
0.100	0.100	0.700	0.100
0.100	0.100	0.100	0.700
>CACCAGCGTT	24-CACCAGCGTT	10.296193	-10.286118	0	T:8.0(0.18%),B:12.1(0.03%),P:1e-4	Tpos:313.1,Tstd:182.0,Bpos:250.2,Bstd:135.1,StrandBias:0.0,Multiplicity:1.00
0.100	0.700	0.100	0.100
0.700	0.100	0.100	0.100
0.100	0.700	0.100	0.100
0.100	0.700	0.100	0.100
0.700	0.100	0.100	0.100
0.100	0.100	0.700	0.100
0.100	0.700	0.100	0.100
0.100	0.100	0.700	0.100
0.100	0.100	0.100	0.700
0.100	0.100	0.100	0.700
>CCATCGGTAC	25-CCATCGGTAC	10.980308	-8.451222	0	T:16.0(0.37%),B:56.0(0.13%),P:1e-3	Tpos:169.8,Tstd:134.9,Bpos:259.2,Bstd:147.8,StrandBias:1.2,Multiplicity:1.53
0.001	0.668	0.001	0.330
0.001	0.997	0.001	0.001
0.997	0.001	0.001	0.001
0.001	0.263	0.001	0.735
0.001	0.781	0.001	0.217
0.001	0.001	0.841	0.157
0.001	0.001	0.997	0.001
0.001	0.001	0.001	0.997
0.997	0.001	0.001	0.001
0.001	0.997	0.001	0.001
