Factor1: 0.9805578375860794
Factor2: 1.0198276549007907
