Factor1: 0.973879119124341
Factor2: 1.0268214816014818
