>ACAGGAAGTG	1-ACAGGAAGTG	7.582449	-298.488440	0	T:922.0(33.64%),B:6917.8(14.99%),P:1e-129	Tpos:287.8,Tstd:217.0,Bpos:242.9,Bstd:143.0,StrandBias:-0.0,Multiplicity:1.28
0.795	0.013	0.170	0.022
0.089	0.717	0.165	0.029
0.869	0.050	0.063	0.018
0.007	0.040	0.948	0.005
0.012	0.033	0.942	0.013
0.980	0.001	0.015	0.004
0.858	0.035	0.010	0.097
0.178	0.037	0.773	0.012
0.029	0.190	0.095	0.686
0.251	0.165	0.434	0.150
>GRGGGCGGGR	2-GRGGGCGGGR	9.614058	-91.213555	0	T:533.0(19.45%),B:4991.9(10.82%),P:1e-39	Tpos:343.0,Tstd:293.5,Bpos:240.2,Bstd:147.3,StrandBias:0.1,Multiplicity:1.44
0.340	0.001	0.658	0.001
0.357	0.001	0.419	0.223
0.001	0.001	0.997	0.001
0.001	0.001	0.997	0.001
0.001	0.001	0.997	0.001
0.240	0.758	0.001	0.001
0.001	0.001	0.997	0.001
0.001	0.001	0.997	0.001
0.297	0.001	0.701	0.001
0.452	0.001	0.546	0.001
>CCTCTAGTGG	3-CCTCTAGTGG	7.569736	-89.369773	0	T:229.0(8.35%),B:1438.4(3.12%),P:1e-38	Tpos:298.7,Tstd:261.7,Bpos:241.4,Bstd:139.7,StrandBias:0.1,Multiplicity:1.05
0.001	0.977	0.021	0.001
0.305	0.666	0.028	0.001
0.022	0.097	0.022	0.859
0.007	0.991	0.001	0.001
0.001	0.001	0.001	0.997
0.829	0.014	0.076	0.081
0.023	0.016	0.960	0.001
0.001	0.010	0.023	0.966
0.009	0.001	0.972	0.018
0.001	0.001	0.945	0.053
>NAAACCRCAN	4-NAAACCRCAN	6.437494	-77.645915	0	T:288.0(10.51%),B:2208.2(4.79%),P:1e-33	Tpos:303.3,Tstd:251.6,Bpos:245.4,Bstd:144.2,StrandBias:0.2,Multiplicity:1.12
0.264	0.279	0.196	0.261
0.494	0.189	0.071	0.246
0.782	0.009	0.124	0.085
0.611	0.214	0.132	0.043
0.126	0.805	0.063	0.006
0.105	0.662	0.115	0.118
0.438	0.139	0.422	0.001
0.122	0.782	0.089	0.007
0.484	0.197	0.165	0.153
0.268	0.237	0.269	0.226
>BVTGACTCAB	5-BVTGACTCAB	7.673142	-62.364859	0	T:333.0(12.15%),B:2980.9(6.46%),P:1e-27	Tpos:315.3,Tstd:279.8,Bpos:238.5,Bstd:138.1,StrandBias:-0.0,Multiplicity:1.13
0.177	0.345	0.255	0.223
0.302	0.309	0.334	0.054
0.001	0.094	0.003	0.902
0.001	0.001	0.997	0.001
0.979	0.001	0.001	0.019
0.127	0.559	0.308	0.006
0.060	0.001	0.001	0.938
0.180	0.818	0.001	0.001
0.947	0.006	0.024	0.023
0.111	0.302	0.219	0.368
>TGACGTCACG	6-TGACGTCACG	6.952710	-48.679025	0	T:336.0(12.26%),B:3286.0(7.12%),P:1e-21	Tpos:313.4,Tstd:251.2,Bpos:241.2,Bstd:141.5,StrandBias:0.1,Multiplicity:1.10
0.134	0.167	0.001	0.698
0.136	0.123	0.577	0.164
0.787	0.101	0.093	0.019
0.178	0.452	0.191	0.179
0.275	0.013	0.654	0.058
0.001	0.169	0.118	0.712
0.001	0.997	0.001	0.001
0.975	0.001	0.023	0.001
0.122	0.619	0.091	0.168
0.194	0.248	0.402	0.155
>GAACGGAAAC	7-GAACGGAAAC	6.264849	-48.637829	0	T:701.0(25.57%),B:8402.6(18.21%),P:1e-21	Tpos:320.9,Tstd:280.5,Bpos:239.2,Bstd:144.6,StrandBias:0.1,Multiplicity:1.24
0.100	0.081	0.723	0.096
0.760	0.076	0.080	0.084
0.813	0.051	0.033	0.103
0.131	0.736	0.060	0.073
0.068	0.036	0.833	0.063
0.078	0.055	0.795	0.072
0.879	0.047	0.014	0.060
0.892	0.046	0.012	0.050
0.812	0.033	0.094	0.061
0.096	0.765	0.050	0.089
>AAACCGCTAC	8-AAACCGCTAC	6.916071	-45.093531	0	T:240.0(8.76%),B:2139.2(4.64%),P:1e-19	Tpos:295.4,Tstd:226.9,Bpos:237.6,Bstd:146.9,StrandBias:0.0,Multiplicity:1.04
0.799	0.055	0.056	0.090
0.813	0.036	0.080	0.071
0.891	0.027	0.050	0.032
0.061	0.824	0.080	0.035
0.074	0.787	0.095	0.044
0.118	0.032	0.800	0.050
0.040	0.771	0.119	0.070
0.099	0.082	0.067	0.752
0.787	0.083	0.052	0.078
0.077	0.780	0.047	0.096
>GCGTAGCTTA	9-GCGTAGCTTA	6.597456	-41.164171	0	T:306.0(11.16%),B:3059.7(6.63%),P:1e-17	Tpos:308.2,Tstd:271.7,Bpos:238.5,Bstd:148.9,StrandBias:0.0,Multiplicity:1.06
0.087	0.055	0.821	0.037
0.048	0.805	0.078	0.069
0.071	0.055	0.837	0.037
0.056	0.091	0.131	0.722
0.851	0.059	0.045	0.045
0.070	0.030	0.823	0.077
0.060	0.786	0.083	0.071
0.013	0.062	0.086	0.839
0.074	0.109	0.095	0.722
0.798	0.050	0.055	0.097
>DTTTCCAYCG	10-DTTTCCAYCG	6.161011	-39.625755	0	T:255.0(9.30%),B:2432.3(5.27%),P:1e-17	Tpos:306.8,Tstd:278.5,Bpos:240.2,Bstd:140.3,StrandBias:-0.1,Multiplicity:1.04
0.247	0.126	0.281	0.346
0.019	0.078	0.270	0.633
0.015	0.106	0.023	0.856
0.105	0.010	0.256	0.629
0.184	0.669	0.082	0.065
0.211	0.563	0.034	0.192
0.506	0.144	0.153	0.197
0.163	0.443	0.092	0.302
0.211	0.489	0.064	0.236
0.171	0.206	0.447	0.176
>GAGCGAGCGW	11-GAGCGAGCGW	7.852552	-29.587162	0	T:168.0(6.13%),B:1537.3(3.33%),P:1e-12	Tpos:328.6,Tstd:271.4,Bpos:239.3,Bstd:159.5,StrandBias:-0.0,Multiplicity:1.12
0.061	0.039	0.819	0.081
0.881	0.117	0.001	0.001
0.001	0.380	0.618	0.001
0.001	0.828	0.015	0.156
0.001	0.057	0.897	0.045
0.799	0.042	0.018	0.141
0.001	0.054	0.944	0.001
0.100	0.680	0.001	0.219
0.048	0.175	0.694	0.083
0.561	0.001	0.001	0.437
>TAKTTCCGGA	12-TAKTTCCGGA	8.867614	-28.841168	0	T:51.0(1.86%),B:255.6(0.55%),P:1e-12	Tpos:333.9,Tstd:314.2,Bpos:241.6,Bstd:135.3,StrandBias:-0.2,Multiplicity:1.02
0.127	0.039	0.126	0.708
0.997	0.001	0.001	0.001
0.001	0.019	0.488	0.492
0.008	0.001	0.103	0.888
0.001	0.111	0.001	0.887
0.001	0.840	0.111	0.048
0.021	0.815	0.135	0.029
0.001	0.105	0.743	0.151
0.001	0.028	0.970	0.001
0.918	0.042	0.039	0.001
>VGGCGTGGCT	13-VGGCGTGGCT	7.727953	-27.717394	0	T:256.0(9.34%),B:2724.6(5.90%),P:1e-12	Tpos:337.9,Tstd:250.0,Bpos:236.1,Bstd:151.6,StrandBias:-0.1,Multiplicity:1.15
0.309	0.271	0.261	0.159
0.048	0.064	0.860	0.028
0.019	0.030	0.919	0.032
0.052	0.837	0.075	0.036
0.001	0.050	0.948	0.001
0.034	0.034	0.001	0.931
0.012	0.057	0.908	0.023
0.049	0.089	0.814	0.048
0.068	0.782	0.114	0.036
0.235	0.105	0.243	0.417
>GCGCTGTAGT	14-GCGCTGTAGT	9.088510	-27.595260	0	T:47.0(1.71%),B:229.7(0.50%),P:1e-11	Tpos:260.3,Tstd:177.3,Bpos:250.2,Bstd:145.5,StrandBias:0.4,Multiplicity:1.00
0.001	0.087	0.911	0.001
0.001	0.958	0.040	0.001
0.077	0.001	0.921	0.001
0.048	0.888	0.001	0.063
0.026	0.001	0.001	0.972
0.098	0.042	0.859	0.001
0.111	0.001	0.001	0.887
0.807	0.014	0.158	0.021
0.174	0.035	0.790	0.001
0.001	0.001	0.001	0.997
>TTGGTTTTTG	15-TTGGTTTTTG	7.151281	-26.184653	0	T:182.0(6.64%),B:1784.7(3.87%),P:1e-11	Tpos:304.3,Tstd:236.4,Bpos:238.9,Bstd:150.1,StrandBias:0.2,Multiplicity:1.11
0.178	0.212	0.047	0.563
0.161	0.173	0.144	0.522
0.115	0.133	0.559	0.193
0.029	0.199	0.615	0.157
0.031	0.038	0.039	0.892
0.166	0.016	0.187	0.631
0.064	0.176	0.030	0.730
0.040	0.206	0.193	0.561
0.168	0.038	0.196	0.598
0.102	0.029	0.637	0.232
>GCGRAGTSRA	16-GCGRAGTSRA	7.154235	-24.636940	0	T:111.0(4.05%),B:934.6(2.03%),P:1e-10	Tpos:301.3,Tstd:251.0,Bpos:233.3,Bstd:151.1,StrandBias:-0.3,Multiplicity:1.05
0.043	0.313	0.606	0.038
0.036	0.627	0.051	0.286
0.323	0.022	0.623	0.032
0.465	0.039	0.447	0.050
0.647	0.121	0.033	0.199
0.064	0.350	0.560	0.026
0.248	0.042	0.064	0.646
0.015	0.495	0.442	0.048
0.519	0.034	0.399	0.048
0.518	0.032	0.246	0.204
>ATCTATACGG	17-ATCTATACGG	9.877592	-24.347672	0	T:21.0(0.77%),B:53.3(0.12%),P:1e-10	Tpos:386.4,Tstd:330.0,Bpos:253.4,Bstd:118.2,StrandBias:0.9,Multiplicity:1.10
0.823	0.175	0.001	0.001
0.001	0.001	0.099	0.899
0.099	0.899	0.001	0.001
0.001	0.001	0.001	0.997
0.956	0.042	0.001	0.001
0.048	0.001	0.001	0.950
0.899	0.001	0.001	0.099
0.001	0.964	0.001	0.034
0.066	0.064	0.843	0.027
0.064	0.099	0.836	0.001
>ATTGGCGGCG	18-ATTGGCGGCG	8.389755	-24.317312	0	T:43.0(1.57%),B:217.7(0.47%),P:1e-10	Tpos:289.5,Tstd:185.7,Bpos:219.3,Bstd:152.2,StrandBias:0.0,Multiplicity:1.07
0.578	0.157	0.023	0.242
0.228	0.033	0.193	0.546
0.339	0.001	0.074	0.586
0.084	0.252	0.635	0.029
0.133	0.048	0.677	0.142
0.041	0.564	0.042	0.353
0.084	0.026	0.614	0.276
0.001	0.032	0.862	0.105
0.310	0.611	0.025	0.054
0.029	0.092	0.819	0.060
>KCTGATTGGC	19-KCTGATTGGC	9.950751	-24.295296	0	T:76.0(2.77%),B:543.2(1.18%),P:1e-10	Tpos:257.5,Tstd:280.8,Bpos:239.8,Bstd:143.2,StrandBias:-0.1,Multiplicity:1.08
0.195	0.016	0.358	0.431
0.001	0.755	0.216	0.028
0.001	0.063	0.001	0.935
0.060	0.159	0.774	0.007
0.877	0.019	0.103	0.001
0.001	0.001	0.001	0.997
0.019	0.001	0.052	0.928
0.001	0.001	0.997	0.001
0.001	0.001	0.997	0.001
0.319	0.617	0.063	0.001
>TGACACGTGT	20-TGACACGTGT	8.588680	-19.908806	0	T:45.0(1.64%),B:271.9(0.59%),P:1e-8	Tpos:325.0,Tstd:201.7,Bpos:238.0,Bstd:136.2,StrandBias:-0.2,Multiplicity:1.00
0.001	0.250	0.169	0.580
0.101	0.001	0.752	0.146
0.702	0.012	0.001	0.285
0.168	0.786	0.001	0.045
0.822	0.024	0.001	0.153
0.016	0.759	0.177	0.048
0.159	0.135	0.627	0.079
0.248	0.075	0.066	0.611
0.070	0.062	0.803	0.065
0.238	0.161	0.086	0.515
>GTAACACCGC	21-GTAACACCGC	10.500219	-17.753848	0	T:24.0(0.88%),B:100.8(0.22%),P:1e-7	Tpos:246.5,Tstd:175.7,Bpos:220.6,Bstd:143.7,StrandBias:0.9,Multiplicity:1.26
0.001	0.001	0.997	0.001
0.351	0.001	0.001	0.647
0.997	0.001	0.001	0.001
0.846	0.001	0.152	0.001
0.001	0.997	0.001	0.001
0.638	0.001	0.191	0.170
0.001	0.997	0.001	0.001
0.001	0.997	0.001	0.001
0.021	0.001	0.877	0.101
0.001	0.997	0.001	0.001
>TGCAKACGTC	22-TGCAKACGTC	11.272560	-16.708206	0	T:11.0(0.40%),B:20.5(0.04%),P:1e-7	Tpos:223.6,Tstd:154.9,Bpos:234.0,Bstd:141.3,StrandBias:-1.4,Multiplicity:1.00
0.001	0.001	0.233	0.765
0.001	0.001	0.997	0.001
0.001	0.765	0.001	0.233
0.997	0.001	0.001	0.001
0.001	0.001	0.453	0.545
0.686	0.001	0.001	0.312
0.001	0.997	0.001	0.001
0.001	0.001	0.997	0.001
0.001	0.233	0.001	0.765
0.001	0.997	0.001	0.001
>AACATCTCGT	23-AACATCTCGT	10.296193	-15.541522	0	T:5.0(0.18%),B:2.9(0.01%),P:1e-6	Tpos:365.6,Tstd:213.3,Bpos:323.7,Bstd:158.7,StrandBias:0.6,Multiplicity:1.00
0.700	0.100	0.100	0.100
0.700	0.100	0.100	0.100
0.100	0.700	0.100	0.100
0.700	0.100	0.100	0.100
0.100	0.100	0.100	0.700
0.100	0.700	0.100	0.100
0.100	0.100	0.100	0.700
0.100	0.700	0.100	0.100
0.100	0.100	0.700	0.100
0.100	0.100	0.100	0.700
>GTTATAGATT	24-GTTATAGATT	10.296193	-13.563430	0	T:5.0(0.18%),B:3.7(0.01%),P:1e-5	Tpos:270.4,Tstd:139.4,Bpos:221.3,Bstd:97.1,StrandBias:0.6,Multiplicity:1.00
0.100	0.100	0.700	0.100
0.100	0.100	0.100	0.700
0.100	0.100	0.100	0.700
0.700	0.100	0.100	0.100
0.100	0.100	0.100	0.700
0.700	0.100	0.100	0.100
0.100	0.100	0.700	0.100
0.700	0.100	0.100	0.100
0.100	0.100	0.100	0.700
0.100	0.100	0.100	0.700
>ATGAGTATAC	25-ATGAGTATAC	11.245635	-9.339696	0	T:7.0(0.26%),B:18.0(0.04%),P:1e-4	Tpos:154.8,Tstd:140.1,Bpos:254.9,Bstd:119.9,StrandBias:2.3,Multiplicity:2.57
0.997	0.001	0.001	0.001
0.075	0.001	0.001	0.923
0.001	0.001	0.997	0.001
0.997	0.001	0.001	0.001
0.001	0.001	0.997	0.001
0.001	0.001	0.001	0.997
0.997	0.001	0.001	0.001
0.001	0.001	0.001	0.997
0.997	0.001	0.001	0.001
0.001	0.997	0.001	0.001
