>DNACAGGAAGTG	1-DNACAGGAAGTG	8.235002	-301.270933	0	T:899.0(32.80%),B:6608.2(14.32%),P:1e-130	Tpos:294.1,Tstd:218.9,Bpos:242.7,Bstd:139.9,StrandBias:-0.1,Multiplicity:1.26
0.338	0.174	0.274	0.213
0.242	0.205	0.341	0.213
0.645	0.075	0.279	0.001
0.137	0.619	0.241	0.003
0.997	0.001	0.001	0.001
0.001	0.001	0.997	0.001
0.001	0.001	0.997	0.001
0.997	0.001	0.001	0.001
0.748	0.001	0.001	0.250
0.266	0.043	0.690	0.001
0.075	0.264	0.138	0.523
0.251	0.141	0.407	0.201
>GCCMCCTAGTGG	2-GCCMCCTAGTGG	11.041347	-131.780464	0	T:137.0(5.00%),B:402.7(0.87%),P:1e-57	Tpos:248.8,Tstd:182.2,Bpos:265.0,Bstd:132.2,StrandBias:0.0,Multiplicity:1.04
0.061	0.001	0.866	0.072
0.156	0.842	0.001	0.001
0.001	0.997	0.001	0.001
0.469	0.529	0.001	0.001
0.001	0.615	0.001	0.383
0.001	0.997	0.001	0.001
0.197	0.038	0.001	0.764
0.475	0.001	0.266	0.258
0.001	0.349	0.649	0.001
0.040	0.001	0.001	0.958
0.001	0.001	0.997	0.001
0.001	0.001	0.812	0.186
>AAGCCCCGCCCW	3-AAGCCCCGCCCW	8.051977	-73.860123	0	T:629.0(22.95%),B:6651.2(14.41%),P:1e-32	Tpos:313.7,Tstd:268.3,Bpos:238.3,Bstd:144.9,StrandBias:0.1,Multiplicity:1.41
0.451	0.196	0.103	0.251
0.496	0.061	0.319	0.124
0.095	0.001	0.868	0.036
0.001	0.902	0.033	0.064
0.069	0.724	0.022	0.185
0.146	0.739	0.001	0.114
0.166	0.753	0.004	0.077
0.123	0.028	0.646	0.203
0.032	0.940	0.001	0.027
0.001	0.984	0.011	0.004
0.001	0.814	0.009	0.176
0.419	0.251	0.009	0.320
>ACCTCCGCCCTB	4-ACCTCCGCCCTB	6.626799	-49.824133	0	T:603.0(22.00%),B:6934.6(15.03%),P:1e-21	Tpos:346.8,Tstd:287.9,Bpos:238.9,Bstd:155.2,StrandBias:-0.1,Multiplicity:1.29
0.476	0.308	0.020	0.195
0.032	0.482	0.298	0.189
0.255	0.461	0.001	0.282
0.001	0.001	0.049	0.949
0.163	0.501	0.132	0.204
0.001	0.997	0.001	0.001
0.001	0.001	0.997	0.001
0.063	0.486	0.256	0.195
0.361	0.637	0.001	0.001
0.001	0.551	0.072	0.376
0.173	0.261	0.120	0.447
0.078	0.315	0.315	0.291
>NNNVTGASTCAB	5-NNNVTGASTCAB	6.629093	-48.420026	0	T:359.0(13.10%),B:3592.8(7.79%),P:1e-21	Tpos:316.2,Tstd:285.1,Bpos:239.2,Bstd:137.2,StrandBias:-0.0,Multiplicity:1.16
0.282	0.215	0.235	0.268
0.288	0.199	0.264	0.249
0.273	0.225	0.290	0.211
0.281	0.331	0.300	0.088
0.040	0.032	0.050	0.878
0.060	0.070	0.788	0.082
0.822	0.055	0.060	0.063
0.212	0.372	0.378	0.037
0.072	0.076	0.057	0.795
0.063	0.734	0.140	0.063
0.820	0.047	0.040	0.093
0.055	0.265	0.382	0.298
>AAAACCACAAAC	6-AAAACCACAAAC	7.364258	-45.592630	0	T:458.0(16.71%),B:5005.2(10.85%),P:1e-19	Tpos:305.4,Tstd:268.1,Bpos:239.5,Bstd:151.0,StrandBias:0.1,Multiplicity:1.22
0.700	0.128	0.105	0.067
0.783	0.075	0.079	0.063
0.755	0.079	0.085	0.081
0.744	0.087	0.108	0.061
0.110	0.739	0.078	0.073
0.115	0.780	0.035	0.070
0.807	0.078	0.035	0.080
0.135	0.730	0.095	0.040
0.801	0.086	0.044	0.069
0.706	0.114	0.111	0.069
0.759	0.091	0.087	0.063
0.120	0.697	0.098	0.085
>AGGGGAATTTCC	7-AGGGGAATTTCC	9.312884	-41.882234	0	T:79.0(2.88%),B:408.6(0.89%),P:1e-18	Tpos:312.4,Tstd:267.8,Bpos:236.4,Bstd:133.8,StrandBias:0.9,Multiplicity:1.00
0.774	0.055	0.109	0.062
0.054	0.001	0.891	0.054
0.001	0.001	0.918	0.080
0.006	0.109	0.795	0.090
0.001	0.001	0.997	0.001
0.601	0.090	0.035	0.274
0.892	0.065	0.001	0.042
0.001	0.090	0.064	0.845
0.001	0.054	0.001	0.944
0.055	0.197	0.109	0.639
0.055	0.773	0.055	0.117
0.054	0.944	0.001	0.001
>ACTACMMTTCCC	8-ACTACMMTTCCC	11.192981	-37.691722	0	T:39.0(1.42%),B:118.9(0.26%),P:1e-16	Tpos:299.8,Tstd:175.8,Bpos:257.9,Bstd:150.7,StrandBias:-0.4,Multiplicity:1.05
0.910	0.001	0.088	0.001
0.089	0.821	0.089	0.001
0.079	0.093	0.090	0.738
0.626	0.195	0.178	0.001
0.001	0.997	0.001	0.001
0.386	0.267	0.179	0.168
0.410	0.366	0.001	0.224
0.001	0.378	0.001	0.620
0.001	0.090	0.001	0.908
0.001	0.954	0.001	0.044
0.304	0.650	0.001	0.045
0.001	0.858	0.001	0.140
>TGTTTCCATTAC	9-TGTTTCCATTAC	9.329272	-37.288432	0	T:114.0(4.16%),B:796.0(1.72%),P:1e-16	Tpos:256.7,Tstd:187.7,Bpos:242.9,Bstd:135.4,StrandBias:-0.1,Multiplicity:1.03
0.048	0.066	0.029	0.857
0.066	0.045	0.838	0.051
0.001	0.001	0.001	0.997
0.001	0.077	0.068	0.854
0.001	0.038	0.079	0.882
0.065	0.896	0.001	0.038
0.080	0.845	0.001	0.074
0.775	0.058	0.044	0.123
0.119	0.108	0.053	0.720
0.094	0.148	0.051	0.707
0.783	0.045	0.063	0.109
0.046	0.794	0.078	0.082
>CCCCCCCCCCCC	10-CCCCCCCCCCCC	9.133533	-36.303352	0	T:486.0(17.73%),B:5681.5(12.31%),P:1e-15	Tpos:362.3,Tstd:305.5,Bpos:237.7,Bstd:143.0,StrandBias:-0.3,Multiplicity:1.36
0.013	0.897	0.066	0.024
0.047	0.816	0.082	0.055
0.062	0.769	0.081	0.088
0.001	0.830	0.079	0.090
0.010	0.787	0.113	0.090
0.005	0.865	0.101	0.029
0.027	0.792	0.095	0.086
0.014	0.845	0.086	0.055
0.069	0.821	0.048	0.062
0.072	0.809	0.035	0.084
0.050	0.869	0.029	0.052
0.041	0.906	0.029	0.024
>GGAAASTATGAC	11-GGAAASTATGAC	10.937152	-34.355872	0	T:39.0(1.42%),B:131.9(0.29%),P:1e-14	Tpos:186.0,Tstd:101.7,Bpos:208.2,Bstd:135.9,StrandBias:-0.7,Multiplicity:1.00
0.001	0.001	0.944	0.054
0.001	0.001	0.997	0.001
0.997	0.001	0.001	0.001
0.997	0.001	0.001	0.001
0.799	0.071	0.126	0.004
0.104	0.367	0.458	0.071
0.104	0.001	0.223	0.672
0.748	0.071	0.180	0.001
0.001	0.001	0.125	0.873
0.197	0.001	0.801	0.001
0.928	0.070	0.001	0.001
0.001	0.854	0.074	0.071
>CACTTCCTCCTC	12-CACTTCCTCCTC	8.328410	-34.349010	0	T:221.0(8.06%),B:2108.2(4.57%),P:1e-14	Tpos:341.4,Tstd:307.9,Bpos:243.2,Bstd:141.8,StrandBias:-0.0,Multiplicity:1.09
0.077	0.641	0.183	0.099
0.674	0.086	0.101	0.139
0.069	0.590	0.130	0.211
0.195	0.081	0.065	0.659
0.113	0.160	0.078	0.649
0.043	0.789	0.086	0.082
0.058	0.775	0.015	0.152
0.203	0.145	0.119	0.533
0.209	0.695	0.034	0.062
0.162	0.692	0.018	0.128
0.139	0.067	0.088	0.706
0.181	0.677	0.050	0.092
>TGTAAACAAGAA	13-TGTAAACAAGAA	10.856193	-27.365938	0	T:25.0(0.91%),B:67.2(0.15%),P:1e-11	Tpos:275.1,Tstd:241.3,Bpos:265.3,Bstd:125.7,StrandBias:-0.1,Multiplicity:1.00
0.019	0.001	0.057	0.923
0.016	0.001	0.669	0.314
0.001	0.251	0.012	0.736
0.527	0.257	0.215	0.001
0.702	0.025	0.025	0.248
0.958	0.001	0.040	0.001
0.218	0.660	0.001	0.121
0.988	0.001	0.001	0.010
0.676	0.001	0.306	0.017
0.042	0.160	0.797	0.001
0.400	0.224	0.179	0.198
0.500	0.001	0.238	0.262
>AACCGAAAGAAA	14-AACCGAAAGAAA	12.490534	-26.766351	0	T:24.0(0.88%),B:63.6(0.14%),P:1e-11	Tpos:351.7,Tstd:302.9,Bpos:240.3,Bstd:124.9,StrandBias:0.5,Multiplicity:1.00
0.843	0.088	0.068	0.001
0.997	0.001	0.001	0.001
0.001	0.997	0.001	0.001
0.106	0.792	0.068	0.034
0.001	0.056	0.855	0.088
0.911	0.087	0.001	0.001
0.997	0.001	0.001	0.001
0.997	0.001	0.001	0.001
0.001	0.087	0.911	0.001
0.950	0.001	0.048	0.001
0.911	0.001	0.087	0.001
0.911	0.087	0.001	0.001
>CASHKCCYMYTT	15-CASHKCCYMYTT	8.957029	-26.729387	0	T:294.0(10.73%),B:3272.6(7.09%),P:1e-11	Tpos:296.6,Tstd:256.3,Bpos:236.6,Bstd:138.3,StrandBias:0.1,Multiplicity:1.09
0.001	0.750	0.001	0.248
0.997	0.001	0.001	0.001
0.001	0.480	0.456	0.063
0.369	0.319	0.001	0.311
0.269	0.001	0.299	0.431
0.001	0.636	0.001	0.362
0.229	0.462	0.001	0.308
0.001	0.493	0.001	0.505
0.509	0.489	0.001	0.001
0.001	0.546	0.001	0.452
0.001	0.001	0.168	0.830
0.001	0.001	0.001	0.997
>CGCGCGCGCACA	16-CGCGCGCGCACA	9.900304	-26.570841	0	T:86.0(3.14%),B:623.8(1.35%),P:1e-11	Tpos:407.5,Tstd:419.9,Bpos:253.3,Bstd:177.3,StrandBias:-0.2,Multiplicity:1.15
0.001	0.809	0.031	0.159
0.058	0.216	0.696	0.030
0.086	0.888	0.025	0.001
0.176	0.044	0.779	0.001
0.035	0.816	0.110	0.039
0.025	0.078	0.896	0.001
0.039	0.832	0.039	0.090
0.195	0.086	0.679	0.040
0.039	0.890	0.070	0.001
0.816	0.023	0.149	0.012
0.001	0.965	0.033	0.001
0.775	0.073	0.089	0.063
>GTCACGTGACCT	17-GTCACGTGACCT	9.277775	-24.502715	0	T:78.0(2.85%),B:562.8(1.22%),P:1e-10	Tpos:304.6,Tstd:269.3,Bpos:243.2,Bstd:149.3,StrandBias:0.1,Multiplicity:1.04
0.076	0.080	0.756	0.088
0.086	0.080	0.029	0.805
0.057	0.914	0.028	0.001
0.941	0.057	0.001	0.001
0.057	0.839	0.001	0.103
0.047	0.061	0.891	0.001
0.028	0.001	0.001	0.970
0.029	0.086	0.827	0.058
0.769	0.088	0.097	0.046
0.058	0.827	0.109	0.006
0.089	0.719	0.068	0.124
0.088	0.090	0.084	0.738
>ACGAGACACTAC	18-ACGAGACACTAC	10.704857	-23.159270	0	T:25.0(0.91%),B:82.8(0.18%),P:1e-10	Tpos:265.8,Tstd:222.2,Bpos:262.0,Bstd:144.1,StrandBias:-0.2,Multiplicity:1.00
0.997	0.001	0.001	0.001
0.137	0.773	0.089	0.001
0.067	0.219	0.580	0.134
0.929	0.001	0.001	0.069
0.001	0.067	0.865	0.067
0.932	0.001	0.066	0.001
0.070	0.862	0.067	0.001
0.952	0.001	0.001	0.046
0.067	0.664	0.268	0.001
0.001	0.003	0.067	0.929
0.671	0.067	0.100	0.162
0.001	0.865	0.133	0.001
>AAAGAGGAACCG	19-AAAGAGGAACCG	8.970871	-18.863350	0	T:100.0(3.65%),B:902.8(1.96%),P:1e-8	Tpos:321.1,Tstd:283.7,Bpos:237.6,Bstd:146.5,StrandBias:0.9,Multiplicity:1.11
0.807	0.122	0.070	0.001
0.915	0.068	0.015	0.002
0.896	0.001	0.078	0.025
0.110	0.070	0.819	0.001
0.841	0.001	0.080	0.078
0.080	0.001	0.828	0.091
0.053	0.109	0.759	0.079
0.877	0.070	0.052	0.001
0.790	0.001	0.129	0.080
0.001	0.934	0.026	0.039
0.136	0.766	0.039	0.059
0.109	0.083	0.727	0.081
>CTGTTGTGTCAC	20-CTGTTGTGTCAC	12.297225	-16.099591	0	T:20.0(0.73%),B:78.7(0.17%),P:1e-6	Tpos:389.7,Tstd:297.6,Bpos:261.4,Bstd:152.7,StrandBias:1.3,Multiplicity:2.10
0.001	0.772	0.001	0.226
0.085	0.001	0.001	0.913
0.001	0.001	0.997	0.001
0.001	0.001	0.001	0.997
0.001	0.001	0.321	0.677
0.001	0.001	0.933	0.065
0.085	0.001	0.213	0.701
0.001	0.001	0.997	0.001
0.190	0.141	0.001	0.668
0.001	0.997	0.001	0.001
0.997	0.001	0.001	0.001
0.001	0.683	0.315	0.001
>CGGTAGGGCTCG	21-CGGTAGGGCTCG	10.654989	-14.364423	0	T:13.0(0.47%),B:37.6(0.08%),P:1e-6	Tpos:309.7,Tstd:196.1,Bpos:261.2,Bstd:152.0,StrandBias:1.5,Multiplicity:1.15
0.108	0.709	0.112	0.071
0.102	0.081	0.679	0.138
0.061	0.088	0.802	0.049
0.114	0.158	0.106	0.622
0.757	0.068	0.103	0.072
0.048	0.046	0.850	0.056
0.113	0.051	0.782	0.054
0.057	0.105	0.761	0.077
0.024	0.852	0.074	0.050
0.081	0.090	0.064	0.765
0.066	0.738	0.098	0.098
0.089	0.100	0.683	0.128
>CAGACAGCATGT	22-CAGACAGCATGT	14.794593	-11.796316	0	T:4.0(0.15%),B:2.8(0.01%),P:1e-5	Tpos:152.2,Tstd:75.1,Bpos:261.7,Bstd:142.9,StrandBias:2.3,Multiplicity:1.50
0.001	0.997	0.001	0.001
0.997	0.001	0.001	0.001
0.001	0.001	0.997	0.001
0.997	0.001	0.001	0.001
0.001	0.997	0.001	0.001
0.997	0.001	0.001	0.001
0.001	0.001	0.997	0.001
0.001	0.997	0.001	0.001
0.834	0.001	0.164	0.001
0.001	0.001	0.001	0.997
0.001	0.001	0.997	0.001
0.001	0.001	0.001	0.997
>CTCCTGCTAACA	23-CTCCTGCTAACA	13.989451	-11.107557	0	T:5.0(0.18%),B:6.0(0.01%),P:1e-4	Tpos:241.4,Tstd:110.3,Bpos:177.8,Bstd:107.0,StrandBias:3.3,Multiplicity:2.20
0.001	0.997	0.001	0.001
0.001	0.001	0.001	0.997
0.001	0.997	0.001	0.001
0.001	0.997	0.001	0.001
0.001	0.088	0.001	0.910
0.001	0.088	0.910	0.001
0.001	0.997	0.001	0.001
0.001	0.001	0.088	0.910
0.997	0.001	0.001	0.001
0.997	0.001	0.001	0.001
0.001	0.997	0.001	0.001
0.997	0.001	0.001	0.001
>TGGGTGAGGTGT	24-TGGGTGAGGTGT	12.355432	-10.307751	0	T:3.0(0.11%),B:1.3(0.00%),P:1e-4	Tpos:218.2,Tstd:126.2,Bpos:342.3,Bstd:50.7,StrandBias:-3.0,Multiplicity:3.00
0.100	0.100	0.100	0.700
0.100	0.100	0.700	0.100
0.100	0.100	0.700	0.100
0.100	0.100	0.700	0.100
0.100	0.100	0.100	0.700
0.100	0.100	0.700	0.100
0.700	0.100	0.100	0.100
0.100	0.100	0.700	0.100
0.100	0.100	0.700	0.100
0.100	0.100	0.100	0.700
0.100	0.100	0.700	0.100
0.100	0.100	0.100	0.700
>AATGAGTATACA	25-AATGAGTATACA	13.268868	-6.379959	0	T:2.0(0.07%),B:1.8(0.00%),P:1e-2	Tpos:152.9,Tstd:88.3,Bpos:114.6,Bstd:17.6,StrandBias:4.1,Multiplicity:9.00
0.997	0.001	0.001	0.001
0.997	0.001	0.001	0.001
0.001	0.001	0.001	0.997
0.001	0.001	0.997	0.001
0.997	0.001	0.001	0.001
0.001	0.001	0.997	0.001
0.001	0.001	0.001	0.997
0.961	0.001	0.037	0.001
0.001	0.001	0.001	0.997
0.997	0.001	0.001	0.001
0.001	0.961	0.001	0.037
0.997	0.001	0.001	0.001
