>ACAGGAAG	1-ACAGGAAG	8.988173	-207.616263	0	T:636.0(23.20%),B:4585.0(9.94%),P:1e-90	Tpos:287.3,Tstd:218.2,Bpos:242.4,Bstd:140.1,StrandBias:-0.1,Multiplicity:1.22
0.997	0.001	0.001	0.001
0.001	0.997	0.001	0.001
0.956	0.042	0.001	0.001
0.001	0.001	0.997	0.001
0.001	0.001	0.997	0.001
0.997	0.001	0.001	0.001
0.835	0.001	0.001	0.163
0.202	0.001	0.796	0.001
>ACTTCCTC	2-ACTTCCTC	4.704916	-197.857376	0	T:897.0(32.73%),B:7934.4(17.19%),P:1e-85	Tpos:301.6,Tstd:242.5,Bpos:240.8,Bstd:143.7,StrandBias:-0.0,Multiplicity:1.19
0.997	0.001	0.001	0.001
0.001	0.874	0.001	0.124
0.001	0.001	0.001	0.997
0.001	0.001	0.001	0.997
0.001	0.997	0.001	0.001
0.001	0.997	0.001	0.001
0.001	0.001	0.134	0.864
0.001	0.669	0.227	0.103
>AACGGAAA	3-AACGGAAA	4.989574	-85.522760	0	T:1123.0(40.97%),B:13591.2(29.45%),P:1e-37	Tpos:318.0,Tstd:271.9,Bpos:237.9,Bstd:146.2,StrandBias:0.1,Multiplicity:1.32
0.585	0.077	0.241	0.097
0.461	0.286	0.232	0.022
0.127	0.538	0.123	0.212
0.001	0.196	0.683	0.120
0.172	0.144	0.547	0.137
0.652	0.153	0.149	0.046
0.691	0.116	0.099	0.094
0.647	0.150	0.194	0.009
>AAACCACA	4-AAACCACA	7.460713	-77.889302	0	T:369.0(13.46%),B:3160.2(6.85%),P:1e-33	Tpos:303.8,Tstd:273.7,Bpos:242.8,Bstd:144.6,StrandBias:0.2,Multiplicity:1.14
0.594	0.001	0.064	0.341
0.997	0.001	0.001	0.001
0.997	0.001	0.001	0.001
0.001	0.896	0.102	0.001
0.001	0.997	0.001	0.001
0.637	0.001	0.290	0.072
0.103	0.818	0.078	0.001
0.764	0.023	0.001	0.212
>YGCCMTCT	5-YGCCMTCT	7.953746	-52.166866	0	T:633.0(23.09%),B:7295.6(15.81%),P:1e-22	Tpos:316.2,Tstd:265.8,Bpos:240.8,Bstd:144.0,StrandBias:0.0,Multiplicity:1.21
0.001	0.452	0.001	0.546
0.001	0.001	0.997	0.001
0.158	0.793	0.048	0.001
0.009	0.921	0.069	0.001
0.428	0.570	0.001	0.001
0.001	0.351	0.001	0.647
0.068	0.881	0.050	0.001
0.001	0.001	0.001	0.997
>GGGGGGGG	6-GGGGGGGG	8.304684	-45.802176	0	T:740.0(27.00%),B:9081.8(19.68%),P:1e-19	Tpos:358.0,Tstd:304.8,Bpos:237.4,Bstd:148.1,StrandBias:0.2,Multiplicity:1.82
0.001	0.001	0.997	0.001
0.001	0.001	0.997	0.001
0.001	0.001	0.997	0.001
0.129	0.255	0.615	0.001
0.068	0.225	0.706	0.001
0.086	0.207	0.706	0.001
0.001	0.027	0.971	0.001
0.001	0.001	0.997	0.001
>TGAGTCAC	7-TGAGTCAC	5.566985	-45.725309	0	T:328.0(11.97%),B:3245.9(7.03%),P:1e-19	Tpos:302.6,Tstd:275.5,Bpos:237.4,Bstd:137.1,StrandBias:0.0,Multiplicity:1.16
0.001	0.001	0.001	0.997
0.001	0.001	0.997	0.001
0.997	0.001	0.001	0.001
0.001	0.271	0.722	0.006
0.001	0.001	0.001	0.997
0.001	0.997	0.001	0.001
0.997	0.001	0.001	0.001
0.270	0.706	0.009	0.015
>GCTCCGCC	8-GCTCCGCC	9.171172	-40.142681	0	T:199.0(7.26%),B:1726.1(3.74%),P:1e-17	Tpos:327.7,Tstd:245.3,Bpos:244.0,Bstd:159.1,StrandBias:-0.0,Multiplicity:1.16
0.169	0.001	0.720	0.110
0.001	0.997	0.001	0.001
0.001	0.001	0.001	0.997
0.001	0.997	0.001	0.001
0.001	0.997	0.001	0.001
0.001	0.001	0.997	0.001
0.001	0.997	0.001	0.001
0.114	0.884	0.001	0.001
>TGACGTCA	9-TGACGTCA	6.010577	-37.492488	0	T:359.0(13.10%),B:3861.5(8.37%),P:1e-16	Tpos:318.4,Tstd:252.6,Bpos:241.3,Bstd:144.2,StrandBias:0.0,Multiplicity:1.11
0.145	0.080	0.025	0.750
0.027	0.164	0.750	0.059
0.680	0.066	0.108	0.146
0.042	0.799	0.075	0.084
0.071	0.001	0.905	0.023
0.087	0.066	0.079	0.768
0.091	0.642	0.185	0.082
0.724	0.001	0.110	0.165
>TATGCAAA	10-TATGCAAA	8.236954	-29.585599	0	T:87.0(3.17%),B:598.8(1.30%),P:1e-12	Tpos:271.9,Tstd:219.7,Bpos:242.1,Bstd:146.4,StrandBias:0.0,Multiplicity:1.06
0.100	0.100	0.100	0.700
0.700	0.100	0.100	0.100
0.100	0.100	0.100	0.700
0.100	0.100	0.700	0.100
0.100	0.700	0.100	0.100
0.700	0.100	0.100	0.100
0.700	0.100	0.100	0.100
0.700	0.100	0.100	0.100
>ARACAGCW	11-ARACAGCW	7.753571	-26.237268	0	T:490.0(17.88%),B:6109.2(13.24%),P:1e-11	Tpos:281.5,Tstd:232.9,Bpos:237.5,Bstd:141.3,StrandBias:0.0,Multiplicity:1.12
0.869	0.001	0.001	0.129
0.438	0.001	0.560	0.001
0.997	0.001	0.001	0.001
0.001	0.997	0.001	0.001
0.921	0.001	0.077	0.001
0.001	0.030	0.968	0.001
0.001	0.997	0.001	0.001
0.428	0.001	0.014	0.557
>GCCACGCC	12-GCCACGCC	8.704862	-21.638868	0	T:148.0(5.40%),B:1448.3(3.14%),P:1e-9	Tpos:324.5,Tstd:253.5,Bpos:233.3,Bstd:162.5,StrandBias:0.0,Multiplicity:1.18
0.001	0.001	0.997	0.001
0.086	0.681	0.139	0.094
0.001	0.997	0.001	0.001
0.997	0.001	0.001	0.001
0.001	0.997	0.001	0.001
0.001	0.001	0.997	0.001
0.001	0.997	0.001	0.001
0.001	0.997	0.001	0.001
>GAGTATAC	13-GAGTATAC	8.236954	-2.697934	0	T:13.0(0.47%),B:136.2(0.30%),P:1e-1	Tpos:207.2,Tstd:170.7,Bpos:235.6,Bstd:137.8,StrandBias:2.5,Multiplicity:2.25
0.100	0.100	0.700	0.100
0.700	0.100	0.100	0.100
0.100	0.100	0.700	0.100
0.100	0.100	0.100	0.700
0.700	0.100	0.100	0.100
0.100	0.100	0.100	0.700
0.700	0.100	0.100	0.100
0.100	0.700	0.100	0.100
