Factor1: 0.9129358998831053
Factor2: 1.0953671557094473
