Factor1: 0.8906791293084211
Factor2: 1.1227387811101672
