>CTTTGATGTKNY	1-CTTTGATGTKNY	7.751052	-315.725035	0	T:688.0(29.86%),B:5014.5(10.78%),P:1e-137	Tpos:254.4,Tstd:171.0,Bpos:225.8,Bstd:139.4,StrandBias:0.0,Multiplicity:1.23
0.049	0.711	0.169	0.071
0.007	0.001	0.001	0.991
0.001	0.094	0.021	0.884
0.001	0.001	0.001	0.997
0.001	0.173	0.782	0.044
0.871	0.027	0.001	0.101
0.286	0.003	0.003	0.708
0.020	0.340	0.577	0.063
0.178	0.065	0.001	0.756
0.108	0.175	0.375	0.342
0.203	0.247	0.258	0.292
0.167	0.307	0.172	0.354
>RTGASTCABMNH	2-RTGASTCABMNH	6.651810	-286.683311	0	T:583.0(25.30%),B:3988.7(8.58%),P:1e-124	Tpos:250.2,Tstd:164.8,Bpos:230.3,Bstd:138.6,StrandBias:0.0,Multiplicity:1.16
0.429	0.191	0.361	0.018
0.001	0.001	0.001	0.997
0.001	0.001	0.997	0.001
0.997	0.001	0.001	0.001
0.001	0.554	0.444	0.001
0.001	0.001	0.001	0.997
0.073	0.925	0.001	0.001
0.997	0.001	0.001	0.001
0.064	0.280	0.297	0.358
0.327	0.322	0.177	0.174
0.225	0.276	0.304	0.195
0.252	0.284	0.140	0.324
>YAYTTCCTGTNH	3-YAYTTCCTGTNH	8.491395	-285.269532	0	T:678.0(29.43%),B:5206.1(11.19%),P:1e-123	Tpos:263.3,Tstd:167.6,Bpos:227.2,Bstd:134.2,StrandBias:0.0,Multiplicity:1.19
0.168	0.392	0.170	0.269
0.600	0.020	0.320	0.060
0.001	0.533	0.001	0.465
0.191	0.001	0.001	0.807
0.001	0.001	0.001	0.997
0.001	0.997	0.001	0.001
0.001	0.997	0.001	0.001
0.001	0.001	0.001	0.997
0.001	0.284	0.588	0.127
0.001	0.247	0.103	0.649
0.199	0.324	0.209	0.268
0.218	0.306	0.149	0.328
>WDATTTGCATAD	4-WDATTTGCATAD	7.861246	-192.489406	0	T:380.0(16.49%),B:2468.7(5.31%),P:1e-83	Tpos:248.0,Tstd:156.5,Bpos:227.9,Bstd:136.1,StrandBias:0.3,Multiplicity:1.12
0.298	0.079	0.200	0.422
0.238	0.182	0.217	0.363
0.688	0.046	0.001	0.265
0.001	0.001	0.001	0.997
0.001	0.001	0.001	0.997
0.044	0.001	0.001	0.954
0.110	0.235	0.654	0.001
0.001	0.997	0.001	0.001
0.997	0.001	0.001	0.001
0.001	0.001	0.001	0.997
0.780	0.125	0.094	0.001
0.350	0.091	0.252	0.307
>TCABAGTTTCCA	5-TCABAGTTTCCA	9.577785	-176.250282	0	T:155.0(6.73%),B:446.9(0.96%),P:1e-76	Tpos:258.5,Tstd:169.0,Bpos:226.4,Bstd:131.1,StrandBias:-0.3,Multiplicity:1.04
0.153	0.099	0.161	0.587
0.221	0.506	0.116	0.157
0.777	0.033	0.045	0.145
0.207	0.212	0.223	0.358
0.524	0.035	0.107	0.334
0.108	0.212	0.415	0.264
0.001	0.076	0.061	0.862
0.009	0.052	0.001	0.938
0.025	0.039	0.055	0.881
0.001	0.908	0.001	0.090
0.062	0.868	0.001	0.069
0.600	0.129	0.049	0.222
>ARTGGAAANWHH	6-ARTGGAAANWHH	10.615297	-142.736318	0	T:173.0(7.51%),B:723.5(1.56%),P:1e-61	Tpos:266.8,Tstd:189.9,Bpos:229.9,Bstd:139.9,StrandBias:-0.1,Multiplicity:1.04
0.997	0.001	0.001	0.001
0.472	0.093	0.434	0.001
0.001	0.001	0.030	0.968
0.001	0.001	0.997	0.001
0.001	0.001	0.997	0.001
0.997	0.001	0.001	0.001
0.997	0.001	0.001	0.001
0.997	0.001	0.001	0.001
0.317	0.286	0.226	0.171
0.355	0.090	0.103	0.452
0.274	0.281	0.138	0.306
0.281	0.326	0.009	0.384
>GCTTTTGAAGTC	7-GCTTTTGAAGTC	7.207518	-81.007361	0	T:427.0(18.53%),B:4622.8(9.94%),P:1e-35	Tpos:273.8,Tstd:177.3,Bpos:225.2,Bstd:142.7,StrandBias:0.1,Multiplicity:1.12
0.076	0.096	0.714	0.114
0.026	0.798	0.045	0.131
0.033	0.178	0.053	0.736
0.052	0.032	0.068	0.848
0.072	0.086	0.039	0.803
0.021	0.088	0.136	0.755
0.127	0.093	0.650	0.130
0.822	0.073	0.033	0.072
0.730	0.101	0.095	0.074
0.068	0.078	0.770	0.084
0.045	0.150	0.099	0.706
0.084	0.674	0.128	0.114
>AACMGCCCACAB	8-AACMGCCCACAB	9.591015	-68.477676	0	T:120.0(5.21%),B:698.3(1.50%),P:1e-29	Tpos:265.9,Tstd:200.6,Bpos:230.0,Bstd:133.3,StrandBias:-0.4,Multiplicity:1.02
0.658	0.068	0.009	0.265
0.559	0.053	0.162	0.226
0.037	0.961	0.001	0.001
0.429	0.493	0.001	0.077
0.260	0.001	0.645	0.094
0.001	0.978	0.020	0.001
0.001	0.836	0.001	0.162
0.001	0.997	0.001	0.001
0.997	0.001	0.001	0.001
0.001	0.978	0.020	0.001
0.524	0.229	0.064	0.183
0.021	0.396	0.250	0.333
>TGTGTGGGMRGV	9-TGTGTGGGMRGV	9.295783	-67.438818	0	T:207.0(8.98%),B:1733.4(3.73%),P:1e-29	Tpos:251.7,Tstd:171.1,Bpos:220.7,Bstd:140.7,StrandBias:-0.0,Multiplicity:1.02
0.155	0.001	0.001	0.843
0.001	0.001	0.976	0.022
0.189	0.045	0.077	0.689
0.001	0.001	0.901	0.097
0.001	0.001	0.308	0.690
0.374	0.001	0.624	0.001
0.058	0.113	0.828	0.001
0.001	0.001	0.997	0.001
0.343	0.491	0.001	0.165
0.449	0.001	0.475	0.075
0.194	0.001	0.804	0.001
0.316	0.289	0.292	0.103
>GCTTCCTGCCAG	10-GCTTCCTGCCAG	6.974068	-56.172134	0	T:465.0(20.18%),B:5832.7(12.54%),P:1e-24	Tpos:262.6,Tstd:187.0,Bpos:229.6,Bstd:138.5,StrandBias:-0.0,Multiplicity:1.14
0.124	0.123	0.624	0.129
0.093	0.693	0.108	0.106
0.120	0.136	0.068	0.676
0.097	0.116	0.161	0.626
0.091	0.651	0.134	0.124
0.110	0.707	0.063	0.120
0.131	0.057	0.068	0.744
0.088	0.125	0.658	0.129
0.129	0.602	0.139	0.130
0.129	0.673	0.075	0.123
0.689	0.078	0.076	0.157
0.111	0.130	0.656	0.103
>TCAGATGTGGTT	11-TCAGATGTGGTT	10.299673	-55.220746	0	T:67.0(2.91%),B:283.6(0.61%),P:1e-23	Tpos:241.7,Tstd:166.5,Bpos:229.1,Bstd:132.5,StrandBias:0.1,Multiplicity:1.02
0.188	0.268	0.041	0.503
0.001	0.700	0.001	0.298
0.664	0.001	0.001	0.334
0.039	0.028	0.907	0.026
0.731	0.001	0.065	0.203
0.100	0.001	0.014	0.885
0.001	0.001	0.960	0.038
0.001	0.001	0.038	0.960
0.025	0.001	0.935	0.039
0.001	0.039	0.917	0.043
0.039	0.031	0.031	0.899
0.059	0.040	0.039	0.862
>GGGGGTGGGGGT	12-GGGGGTGGGGGT	7.005694	-53.300786	0	T:617.0(26.78%),B:8503.6(18.29%),P:1e-23	Tpos:262.8,Tstd:193.6,Bpos:231.6,Bstd:134.0,StrandBias:0.1,Multiplicity:1.14
0.107	0.029	0.819	0.045
0.089	0.076	0.723	0.112
0.155	0.084	0.657	0.104
0.082	0.066	0.691	0.161
0.089	0.069	0.752	0.090
0.117	0.078	0.001	0.804
0.106	0.022	0.772	0.100
0.099	0.001	0.765	0.135
0.152	0.096	0.660	0.092
0.082	0.104	0.715	0.099
0.094	0.095	0.719	0.092
0.101	0.105	0.001	0.793
>CCCCCCCCCCCC	13-CCCCCCCCCCCC	6.517702	-47.287477	0	T:828.0(35.94%),B:12543.9(26.97%),P:1e-20	Tpos:280.5,Tstd:208.5,Bpos:229.2,Bstd:133.8,StrandBias:-0.1,Multiplicity:1.62
0.100	0.700	0.100	0.100
0.100	0.700	0.100	0.100
0.100	0.700	0.100	0.100
0.100	0.700	0.100	0.100
0.100	0.700	0.100	0.100
0.100	0.700	0.100	0.100
0.100	0.700	0.100	0.100
0.100	0.700	0.100	0.100
0.100	0.700	0.100	0.100
0.100	0.700	0.100	0.100
0.100	0.700	0.100	0.100
0.100	0.700	0.100	0.100
>ATTTGCATATTT	14-ATTTGCATATTT	9.478899	-46.484054	0	T:110.0(4.77%),B:793.7(1.71%),P:1e-20	Tpos:266.4,Tstd:176.5,Bpos:230.9,Bstd:138.1,StrandBias:0.4,Multiplicity:1.00
0.760	0.090	0.128	0.022
0.022	0.081	0.061	0.836
0.010	0.066	0.066	0.858
0.100	0.001	0.044	0.855
0.070	0.028	0.849	0.053
0.138	0.800	0.011	0.051
0.940	0.033	0.001	0.026
0.053	0.083	0.068	0.796
0.738	0.050	0.033	0.179
0.036	0.055	0.079	0.830
0.049	0.019	0.022	0.910
0.040	0.078	0.044	0.838
>GGGGAAAYCCCN	15-GGGGAAAYCCCN	8.970761	-42.148674	0	T:21.0(0.91%),B:25.3(0.05%),P:1e-18	Tpos:272.8,Tstd:125.5,Bpos:274.0,Bstd:110.0,StrandBias:-0.2,Multiplicity:1.00
0.037	0.013	0.904	0.046
0.225	0.009	0.484	0.282
0.287	0.010	0.672	0.031
0.026	0.037	0.751	0.186
0.972	0.009	0.009	0.010
0.643	0.014	0.218	0.125
0.616	0.182	0.178	0.024
0.031	0.326	0.190	0.453
0.240	0.417	0.148	0.195
0.206	0.459	0.127	0.207
0.200	0.408	0.160	0.232
0.181	0.271	0.294	0.254
>TGCCATGGCAAC	16-TGCCATGGCAAC	10.022258	-42.090961	0	T:66.0(2.86%),B:355.1(0.76%),P:1e-18	Tpos:290.1,Tstd:231.6,Bpos:241.1,Bstd:139.5,StrandBias:-0.0,Multiplicity:1.00
0.117	0.040	0.017	0.826
0.113	0.042	0.662	0.183
0.045	0.834	0.009	0.112
0.042	0.893	0.001	0.064
0.843	0.017	0.021	0.119
0.080	0.021	0.042	0.857
0.110	0.001	0.847	0.042
0.060	0.048	0.828	0.064
0.158	0.734	0.076	0.032
0.911	0.024	0.001	0.064
0.844	0.035	0.048	0.073
0.046	0.932	0.001	0.021
>AGDGRYRGRAAG	17-AGDGRYRGRAAG	10.541446	-37.949176	0	T:137.0(5.95%),B:1247.8(2.68%),P:1e-16	Tpos:267.5,Tstd:175.7,Bpos:231.3,Bstd:135.2,StrandBias:0.1,Multiplicity:1.01
0.742	0.001	0.256	0.001
0.001	0.001	0.997	0.001
0.292	0.001	0.396	0.311
0.001	0.001	0.997	0.001
0.445	0.001	0.553	0.001
0.001	0.457	0.001	0.541
0.482	0.001	0.516	0.001
0.001	0.001	0.997	0.001
0.485	0.001	0.513	0.001
0.997	0.001	0.001	0.001
0.997	0.001	0.001	0.001
0.259	0.281	0.458	0.001
>GCATGTGTTGTG	18-GCATGTGTTGTG	6.549023	-32.219979	0	T:648.0(28.12%),B:9930.9(21.35%),P:1e-13	Tpos:265.6,Tstd:179.8,Bpos:228.0,Bstd:141.1,StrandBias:0.1,Multiplicity:1.17
0.122	0.087	0.696	0.095
0.089	0.688	0.088	0.135
0.701	0.107	0.101	0.091
0.080	0.053	0.077	0.790
0.066	0.112	0.740	0.082
0.068	0.059	0.074	0.799
0.029	0.102	0.799	0.070
0.062	0.083	0.067	0.788
0.079	0.069	0.080	0.772
0.097	0.135	0.669	0.099
0.061	0.046	0.053	0.840
0.088	0.093	0.722	0.097
>AGTCTGCTGACG	19-AGTCTGCTGACG	9.621678	-32.013876	0	T:71.0(3.08%),B:496.7(1.07%),P:1e-13	Tpos:256.5,Tstd:197.4,Bpos:229.8,Bstd:132.9,StrandBias:0.3,Multiplicity:1.03
0.836	0.047	0.083	0.034
0.054	0.172	0.664	0.110
0.054	0.037	0.015	0.894
0.032	0.907	0.060	0.001
0.029	0.001	0.001	0.969
0.001	0.091	0.848	0.060
0.030	0.939	0.030	0.001
0.108	0.030	0.001	0.861
0.023	0.047	0.929	0.001
0.817	0.093	0.060	0.030
0.122	0.703	0.120	0.055
0.123	0.134	0.642	0.101
>TTTTTTTTGCCC	20-TTTTTTTTGCCC	11.938141	-23.373742	0	T:40.0(1.74%),B:237.0(0.51%),P:1e-10	Tpos:305.3,Tstd:202.2,Bpos:229.6,Bstd:151.7,StrandBias:0.9,Multiplicity:1.03
0.001	0.001	0.001	0.997
0.001	0.001	0.001	0.997
0.087	0.001	0.087	0.825
0.001	0.001	0.086	0.912
0.001	0.039	0.087	0.873
0.001	0.043	0.001	0.955
0.001	0.001	0.001	0.997
0.001	0.001	0.001	0.997
0.032	0.129	0.684	0.155
0.087	0.863	0.049	0.001
0.001	0.997	0.001	0.001
0.039	0.935	0.001	0.025
>TTGTTACCTTAG	21-TTGTTACCTTAG	-4.441910	-17.862600	0	T:868.0(37.67%),B:14981.1(32.21%),P:1e-7	Tpos:261.9,Tstd:182.7,Bpos:229.9,Bstd:139.5,StrandBias:0.1,Multiplicity:1.29
0.001	0.001	0.001	0.997
0.001	0.001	0.001	0.997
0.001	0.001	0.997	0.001
0.001	0.001	0.001	0.997
0.104	0.001	0.001	0.894
0.894	0.001	0.104	0.001
0.001	0.894	0.104	0.001
0.001	0.997	0.001	0.001
0.001	0.001	0.001	0.997
0.001	0.001	0.001	0.997
0.997	0.001	0.001	0.001
0.001	0.001	0.997	0.001
>AGTGTTACCTHA	22-AGTGTTACCTHA	7.155752	-15.773203	0	T:183.0(7.94%),B:2491.0(5.36%),P:1e-6	Tpos:259.0,Tstd:191.8,Bpos:231.3,Bstd:139.3,StrandBias:-0.0,Multiplicity:1.02
0.619	0.001	0.159	0.221
0.285	0.153	0.467	0.095
0.001	0.311	0.001	0.687
0.121	0.001	0.877	0.001
0.001	0.301	0.001	0.697
0.001	0.094	0.001	0.904
0.928	0.047	0.001	0.024
0.001	0.997	0.001	0.001
0.001	0.641	0.327	0.031
0.001	0.047	0.047	0.905
0.308	0.328	0.174	0.190
0.631	0.126	0.001	0.242
>GGGTCTGGGGAG	23-GGGTCTGGGGAG	16.599477	-13.049327	0	T:5.0(0.22%),B:4.0(0.01%),P:1e-5	Tpos:375.6,Tstd:209.9,Bpos:256.6,Bstd:115.3,StrandBias:-0.6,Multiplicity:1.00
0.001	0.001	0.997	0.001
0.001	0.001	0.997	0.001
0.001	0.001	0.997	0.001
0.001	0.001	0.001	0.997
0.001	0.997	0.001	0.001
0.001	0.001	0.001	0.997
0.001	0.001	0.997	0.001
0.001	0.001	0.997	0.001
0.001	0.001	0.997	0.001
0.001	0.001	0.997	0.001
0.997	0.001	0.001	0.001
0.001	0.001	0.997	0.001
>CTGCATGTGTTG	24-CTGCATGTGTTG	8.463612	-7.919273	0	T:148.0(6.42%),B:2245.8(4.83%),P:1e-3	Tpos:327.6,Tstd:254.8,Bpos:224.4,Bstd:140.2,StrandBias:0.3,Multiplicity:1.30
0.100	0.700	0.100	0.100
0.100	0.100	0.100	0.700
0.100	0.100	0.700	0.100
0.100	0.700	0.100	0.100
0.700	0.100	0.100	0.100
0.100	0.100	0.100	0.700
0.100	0.100	0.700	0.100
0.100	0.100	0.100	0.700
0.100	0.100	0.700	0.100
0.100	0.100	0.100	0.700
0.100	0.100	0.100	0.700
0.100	0.100	0.700	0.100
>CTCACACTTAGT	25-CTCACACTTAGT	14.569924	-6.736340	0	T:2.0(0.09%),B:1.9(0.00%),P:1e-2	Tpos:148.1,Tstd:40.7,Bpos:236.6,Bstd:69.3,StrandBias:10.0,Multiplicity:3.50
0.001	0.997	0.001	0.001
0.001	0.001	0.001	0.997
0.001	0.997	0.001	0.001
0.997	0.001	0.001	0.001
0.131	0.867	0.001	0.001
0.997	0.001	0.001	0.001
0.001	0.997	0.001	0.001
0.001	0.001	0.001	0.997
0.001	0.001	0.001	0.997
0.997	0.001	0.001	0.001
0.001	0.001	0.997	0.001
0.001	0.001	0.001	0.997
