>ACATCAAAGG	1-ACATCAAAGG	7.229595	-328.529697	0	T:761.0(33.03%),B:5835.0(12.55%),P:1e-142	Tpos:261.2,Tstd:177.3,Bpos:228.3,Bstd:136.9,StrandBias:0.1,Multiplicity:1.29
0.805	0.021	0.078	0.096
0.044	0.670	0.264	0.022
0.754	0.018	0.027	0.201
0.066	0.012	0.016	0.906
0.071	0.770	0.129	0.030
0.939	0.001	0.007	0.053
0.917	0.021	0.061	0.001
0.946	0.028	0.014	0.012
0.099	0.102	0.776	0.023
0.212	0.191	0.520	0.077
>NRYWTCCTGT	2-NRYWTCCTGT	5.926179	-287.112814	0	T:624.0(27.08%),B:4491.1(9.66%),P:1e-124	Tpos:252.0,Tstd:166.5,Bpos:229.0,Bstd:135.8,StrandBias:-0.0,Multiplicity:1.13
0.201	0.278	0.224	0.296
0.410	0.121	0.373	0.097
0.013	0.449	0.122	0.415
0.318	0.137	0.095	0.451
0.063	0.007	0.202	0.728
0.167	0.733	0.081	0.019
0.018	0.704	0.161	0.117
0.136	0.137	0.263	0.464
0.183	0.233	0.420	0.164
0.121	0.282	0.096	0.501
>VRMTGASTCA	3-VRMTGASTCA	6.541946	-270.856725	0	T:515.0(22.35%),B:3324.0(7.15%),P:1e-117	Tpos:255.1,Tstd:165.7,Bpos:230.7,Bstd:139.2,StrandBias:0.0,Multiplicity:1.15
0.252	0.370	0.223	0.155
0.277	0.161	0.362	0.200
0.390	0.248	0.236	0.125
0.076	0.051	0.068	0.805
0.046	0.053	0.700	0.201
0.839	0.060	0.039	0.062
0.078	0.403	0.452	0.067
0.043	0.043	0.139	0.775
0.121	0.643	0.113	0.123
0.808	0.046	0.085	0.061
>NAYGBAAANN	4-NAYGBAAANN	5.870797	-243.396582	0	T:838.0(36.37%),B:8024.9(17.26%),P:1e-105	Tpos:256.2,Tstd:166.4,Bpos:227.9,Bstd:138.9,StrandBias:-0.2,Multiplicity:1.27
0.243	0.185	0.238	0.334
0.564	0.119	0.101	0.216
0.159	0.446	0.036	0.359
0.012	0.018	0.932	0.038
0.011	0.385	0.330	0.274
0.838	0.083	0.001	0.078
0.717	0.099	0.014	0.170
0.715	0.104	0.063	0.118
0.245	0.254	0.208	0.292
0.254	0.220	0.239	0.288
>GCGTGGGYGG	5-GCGTGGGYGG	7.969086	-195.771409	0	T:487.0(21.14%),B:3731.4(8.02%),P:1e-85	Tpos:275.1,Tstd:185.8,Bpos:230.7,Bstd:137.5,StrandBias:0.1,Multiplicity:1.09
0.251	0.263	0.475	0.011
0.209	0.484	0.001	0.306
0.001	0.001	0.997	0.001
0.013	0.001	0.001	0.985
0.303	0.001	0.654	0.042
0.001	0.001	0.997	0.001
0.001	0.001	0.997	0.001
0.126	0.487	0.001	0.385
0.250	0.001	0.557	0.192
0.101	0.001	0.625	0.273
>AGTGGAAAAW	6-AGTGGAAAAW	9.198720	-94.428963	0	T:247.0(10.72%),B:1895.0(4.07%),P:1e-41	Tpos:242.8,Tstd:167.2,Bpos:231.3,Bstd:137.3,StrandBias:0.2,Multiplicity:1.09
0.508	0.171	0.097	0.224
0.001	0.148	0.746	0.105
0.001	0.001	0.053	0.945
0.001	0.001	0.997	0.001
0.001	0.001	0.997	0.001
0.997	0.001	0.001	0.001
0.997	0.001	0.001	0.001
0.997	0.001	0.001	0.001
0.452	0.249	0.145	0.155
0.562	0.001	0.001	0.436
>CTCTTTGAAG	7-CTCTTTGAAG	8.382231	-84.718259	0	T:274.0(11.89%),B:2367.2(5.09%),P:1e-36	Tpos:271.5,Tstd:191.6,Bpos:231.1,Bstd:144.6,StrandBias:-0.1,Multiplicity:1.07
0.238	0.523	0.173	0.066
0.001	0.001	0.274	0.724
0.001	0.986	0.012	0.001
0.001	0.001	0.001	0.997
0.001	0.001	0.001	0.997
0.097	0.167	0.001	0.735
0.194	0.068	0.737	0.001
0.904	0.094	0.001	0.001
0.923	0.001	0.075	0.001
0.118	0.166	0.715	0.001
>CGTTTTAAGT	8-CGTTTTAAGT	5.807313	-74.536658	0	T:928.0(40.28%),B:13324.0(28.65%),P:1e-32	Tpos:259.4,Tstd:177.2,Bpos:226.9,Bstd:144.7,StrandBias:0.0,Multiplicity:1.30
0.079	0.691	0.001	0.229
0.039	0.134	0.654	0.173
0.078	0.201	0.173	0.548
0.001	0.001	0.129	0.869
0.001	0.070	0.243	0.686
0.263	0.008	0.225	0.504
0.627	0.122	0.012	0.239
0.807	0.001	0.063	0.129
0.123	0.184	0.690	0.003
0.125	0.069	0.032	0.774
>AACCACATCW	9-AACCACATCW	9.094635	-67.151189	0	T:153.0(6.64%),B:1073.2(2.31%),P:1e-29	Tpos:254.5,Tstd:149.6,Bpos:231.7,Bstd:135.9,StrandBias:-0.5,Multiplicity:1.05
0.945	0.053	0.001	0.001
0.874	0.001	0.124	0.001
0.001	0.997	0.001	0.001
0.001	0.997	0.001	0.001
0.910	0.001	0.088	0.001
0.001	0.811	0.187	0.001
0.997	0.001	0.001	0.001
0.176	0.001	0.058	0.765
0.046	0.765	0.170	0.019
0.470	0.041	0.082	0.407
>CAGCTGATTA	10-CAGCTGATTA	6.542268	-52.063486	0	T:627.0(27.21%),B:8722.2(18.76%),P:1e-22	Tpos:261.0,Tstd:179.8,Bpos:228.5,Bstd:141.3,StrandBias:0.1,Multiplicity:1.23
0.040	0.852	0.058	0.050
0.790	0.097	0.053	0.060
0.065	0.031	0.798	0.106
0.073	0.834	0.042	0.051
0.054	0.078	0.024	0.844
0.089	0.077	0.791	0.043
0.801	0.090	0.032	0.077
0.078	0.084	0.099	0.739
0.058	0.060	0.121	0.761
0.794	0.081	0.051	0.074
>GGGGGGGGGG	11-GGGGGGGGGG	6.404373	-49.457474	0	T:840.0(36.46%),B:12671.4(27.25%),P:1e-21	Tpos:280.0,Tstd:206.6,Bpos:229.5,Bstd:133.4,StrandBias:0.1,Multiplicity:1.60
0.100	0.100	0.700	0.100
0.100	0.100	0.700	0.100
0.100	0.100	0.700	0.100
0.100	0.100	0.700	0.100
0.100	0.100	0.700	0.100
0.100	0.100	0.700	0.100
0.100	0.100	0.700	0.100
0.100	0.100	0.700	0.100
0.100	0.100	0.700	0.100
0.100	0.100	0.700	0.100
>GTTGCCATGG	12-GTTGCCATGG	9.851919	-48.339119	0	T:69.0(2.99%),B:341.8(0.74%),P:1e-20	Tpos:281.3,Tstd:231.4,Bpos:232.9,Bstd:135.3,StrandBias:0.0,Multiplicity:1.00
0.001	0.001	0.997	0.001
0.001	0.001	0.001	0.997
0.001	0.001	0.001	0.997
0.050	0.068	0.762	0.120
0.001	0.949	0.001	0.049
0.001	0.997	0.001	0.001
0.972	0.001	0.026	0.001
0.001	0.017	0.001	0.981
0.001	0.001	0.997	0.001
0.001	0.001	0.997	0.001
>TCGCTTTGTT	13-TCGCTTTGTT	6.861163	-45.251744	0	T:449.0(19.49%),B:5900.4(12.69%),P:1e-19	Tpos:267.5,Tstd:180.2,Bpos:232.6,Bstd:143.4,StrandBias:0.1,Multiplicity:1.12
0.101	0.162	0.058	0.679
0.057	0.826	0.021	0.096
0.036	0.111	0.689	0.164
0.097	0.800	0.044	0.059
0.037	0.092	0.020	0.851
0.025	0.047	0.093	0.835
0.040	0.046	0.077	0.837
0.128	0.029	0.808	0.035
0.068	0.048	0.007	0.877
0.032	0.101	0.058	0.809
>VTRTSACGTG	14-VTRTSACGTG	7.583852	-44.388685	0	T:172.0(7.47%),B:1616.3(3.48%),P:1e-19	Tpos:263.4,Tstd:150.8,Bpos:228.7,Bstd:148.0,StrandBias:-0.4,Multiplicity:1.08
0.205	0.334	0.351	0.111
0.290	0.001	0.192	0.517
0.299	0.260	0.427	0.014
0.001	0.001	0.158	0.840
0.041	0.505	0.453	0.001
0.997	0.001	0.001	0.001
0.001	0.884	0.001	0.114
0.057	0.093	0.831	0.019
0.017	0.030	0.048	0.905
0.254	0.001	0.744	0.001
>MRGCARACAG	15-MRGCARACAG	7.935338	-43.688332	0	T:446.0(19.36%),B:5901.4(12.69%),P:1e-18	Tpos:273.9,Tstd:186.3,Bpos:228.2,Bstd:142.5,StrandBias:0.1,Multiplicity:1.15
0.384	0.447	0.037	0.133
0.436	0.247	0.316	0.001
0.021	0.252	0.678	0.049
0.045	0.953	0.001	0.001
0.948	0.050	0.001	0.001
0.378	0.001	0.515	0.106
0.608	0.250	0.141	0.001
0.001	0.987	0.001	0.011
0.952	0.014	0.033	0.001
0.034	0.255	0.675	0.036
>WCTTTCAAAC	16-WCTTTCAAAC	7.822629	-39.388065	0	T:296.0(12.85%),B:3575.4(7.69%),P:1e-17	Tpos:269.2,Tstd:197.0,Bpos:229.4,Bstd:141.5,StrandBias:0.1,Multiplicity:1.09
0.455	0.128	0.074	0.343
0.001	0.949	0.001	0.049
0.081	0.001	0.001	0.917
0.001	0.011	0.069	0.919
0.034	0.041	0.160	0.765
0.104	0.558	0.060	0.278
0.690	0.220	0.001	0.089
0.890	0.001	0.001	0.108
0.732	0.158	0.109	0.001
0.001	0.876	0.122	0.001
>AADGBAAMHG	17-AADGBAAMHG	6.902247	-34.507471	0	T:283.0(12.28%),B:3506.4(7.54%),P:1e-14	Tpos:263.8,Tstd:186.3,Bpos:228.5,Bstd:144.2,StrandBias:-0.3,Multiplicity:1.07
0.880	0.045	0.039	0.036
0.675	0.260	0.030	0.035
0.342	0.039	0.291	0.328
0.142	0.048	0.500	0.310
0.147	0.346	0.218	0.289
0.688	0.126	0.047	0.139
0.830	0.087	0.043	0.040
0.405	0.348	0.019	0.228
0.281	0.312	0.043	0.365
0.193	0.080	0.680	0.047
>TGACTTCATC	18-TGACTTCATC	9.515877	-32.114599	0	T:95.0(4.12%),B:785.8(1.69%),P:1e-13	Tpos:218.4,Tstd:152.3,Bpos:231.7,Bstd:142.5,StrandBias:-0.3,Multiplicity:1.01
0.001	0.001	0.001	0.997
0.001	0.001	0.997	0.001
0.997	0.001	0.001	0.001
0.001	0.997	0.001	0.001
0.052	0.001	0.150	0.797
0.001	0.210	0.001	0.788
0.001	0.802	0.001	0.196
0.954	0.044	0.001	0.001
0.001	0.205	0.001	0.793
0.133	0.865	0.001	0.001
>GTTTACTCAT	19-GTTTACTCAT	9.138870	-31.434569	0	T:74.0(3.21%),B:537.8(1.16%),P:1e-13	Tpos:274.0,Tstd:170.2,Bpos:228.9,Bstd:136.3,StrandBias:-0.3,Multiplicity:1.01
0.068	0.038	0.782	0.112
0.001	0.049	0.001	0.949
0.001	0.001	0.047	0.951
0.022	0.048	0.001	0.929
0.842	0.001	0.030	0.127
0.073	0.925	0.001	0.001
0.001	0.001	0.001	0.997
0.001	0.997	0.001	0.001
0.818	0.070	0.061	0.051
0.001	0.095	0.001	0.903
>TGACGCAGCT	20-TGACGCAGCT	10.193155	-30.961156	0	T:51.0(2.21%),B:289.2(0.62%),P:1e-13	Tpos:233.0,Tstd:188.5,Bpos:219.1,Bstd:147.0,StrandBias:0.6,Multiplicity:1.00
0.065	0.099	0.001	0.835
0.001	0.014	0.984	0.001
0.989	0.009	0.001	0.001
0.022	0.897	0.001	0.080
0.165	0.062	0.772	0.001
0.001	0.997	0.001	0.001
0.987	0.001	0.001	0.011
0.001	0.001	0.943	0.055
0.050	0.899	0.050	0.001
0.001	0.022	0.001	0.976
>GTGGGGGGTG	21-GTGGGGGGTG	7.427630	-30.169287	0	T:244.0(10.59%),B:3009.0(6.47%),P:1e-13	Tpos:285.0,Tstd:235.0,Bpos:221.7,Bstd:141.5,StrandBias:-0.1,Multiplicity:1.02
0.001	0.033	0.965	0.001
0.009	0.098	0.001	0.892
0.212	0.133	0.654	0.001
0.135	0.048	0.771	0.046
0.058	0.192	0.709	0.041
0.177	0.048	0.757	0.018
0.001	0.380	0.611	0.008
0.015	0.018	0.966	0.001
0.058	0.001	0.001	0.940
0.001	0.053	0.738	0.208
>ANRTGACACA	22-ANRTGACACA	6.964720	-25.973399	0	T:235.0(10.20%),B:2993.0(6.44%),P:1e-11	Tpos:270.6,Tstd:200.9,Bpos:225.4,Bstd:135.2,StrandBias:0.1,Multiplicity:1.06
0.524	0.157	0.202	0.117
0.191	0.249	0.330	0.230
0.429	0.006	0.472	0.093
0.046	0.286	0.034	0.634
0.106	0.164	0.612	0.118
0.710	0.002	0.017	0.271
0.197	0.659	0.004	0.140
0.739	0.024	0.218	0.019
0.248	0.401	0.190	0.160
0.944	0.002	0.003	0.051
>TTAGTCAYCT	23-TTAGTCAYCT	9.753618	-25.461657	0	T:54.0(2.34%),B:370.4(0.80%),P:1e-11	Tpos:241.2,Tstd:160.5,Bpos:208.0,Bstd:141.0,StrandBias:-0.5,Multiplicity:1.00
0.009	0.018	0.001	0.972
0.049	0.088	0.019	0.844
0.953	0.032	0.014	0.001
0.001	0.026	0.945	0.028
0.017	0.026	0.001	0.956
0.031	0.919	0.040	0.010
0.869	0.053	0.001	0.077
0.001	0.483	0.001	0.515
0.026	0.637	0.176	0.161
0.010	0.138	0.001	0.851
>GATCTGACAG	24-GATCTGACAG	9.491800	-24.175934	0	T:74.0(3.21%),B:628.4(1.35%),P:1e-10	Tpos:242.1,Tstd:144.5,Bpos:229.6,Bstd:141.6,StrandBias:0.2,Multiplicity:1.03
0.001	0.116	0.882	0.001
0.792	0.164	0.023	0.021
0.036	0.011	0.001	0.952
0.001	0.984	0.001	0.014
0.001	0.001	0.001	0.997
0.036	0.094	0.836	0.034
0.980	0.018	0.001	0.001
0.001	0.907	0.091	0.001
0.924	0.001	0.001	0.074
0.227	0.012	0.746	0.015
>GCATGTGTTG	25-GCATGTGTTG	10.066584	-12.511619	0	T:29.0(1.26%),B:220.6(0.47%),P:1e-5	Tpos:432.0,Tstd:317.9,Bpos:229.6,Bstd:140.1,StrandBias:1.9,Multiplicity:2.28
0.001	0.001	0.997	0.001
0.001	0.997	0.001	0.001
0.800	0.136	0.063	0.001
0.001	0.001	0.001	0.997
0.001	0.155	0.843	0.001
0.034	0.001	0.001	0.964
0.001	0.001	0.997	0.001
0.001	0.001	0.001	0.997
0.001	0.001	0.001	0.997
0.001	0.001	0.997	0.001
>CTTTGATGTKNY	1-CTTTGATGTKNY	7.751052	-315.725035	0	T:688.0(29.86%),B:5014.5(10.78%),P:1e-137	Tpos:254.4,Tstd:171.0,Bpos:225.8,Bstd:139.4,StrandBias:0.0,Multiplicity:1.23
0.049	0.711	0.169	0.071
0.007	0.001	0.001	0.991
0.001	0.094	0.021	0.884
0.001	0.001	0.001	0.997
0.001	0.173	0.782	0.044
0.871	0.027	0.001	0.101
0.286	0.003	0.003	0.708
0.020	0.340	0.577	0.063
0.178	0.065	0.001	0.756
0.108	0.175	0.375	0.342
0.203	0.247	0.258	0.292
0.167	0.307	0.172	0.354
>RTGASTCABMNH	2-RTGASTCABMNH	6.651810	-286.683311	0	T:583.0(25.30%),B:3988.7(8.58%),P:1e-124	Tpos:250.2,Tstd:164.8,Bpos:230.3,Bstd:138.6,StrandBias:0.0,Multiplicity:1.16
0.429	0.191	0.361	0.018
0.001	0.001	0.001	0.997
0.001	0.001	0.997	0.001
0.997	0.001	0.001	0.001
0.001	0.554	0.444	0.001
0.001	0.001	0.001	0.997
0.073	0.925	0.001	0.001
0.997	0.001	0.001	0.001
0.064	0.280	0.297	0.358
0.327	0.322	0.177	0.174
0.225	0.276	0.304	0.195
0.252	0.284	0.140	0.324
>YAYTTCCTGTNH	3-YAYTTCCTGTNH	8.491395	-285.269532	0	T:678.0(29.43%),B:5206.1(11.19%),P:1e-123	Tpos:263.3,Tstd:167.6,Bpos:227.2,Bstd:134.2,StrandBias:0.0,Multiplicity:1.19
0.168	0.392	0.170	0.269
0.600	0.020	0.320	0.060
0.001	0.533	0.001	0.465
0.191	0.001	0.001	0.807
0.001	0.001	0.001	0.997
0.001	0.997	0.001	0.001
0.001	0.997	0.001	0.001
0.001	0.001	0.001	0.997
0.001	0.284	0.588	0.127
0.001	0.247	0.103	0.649
0.199	0.324	0.209	0.268
0.218	0.306	0.149	0.328
>WDATTTGCATAD	4-WDATTTGCATAD	7.861246	-192.489406	0	T:380.0(16.49%),B:2468.7(5.31%),P:1e-83	Tpos:248.0,Tstd:156.5,Bpos:227.9,Bstd:136.1,StrandBias:0.3,Multiplicity:1.12
0.298	0.079	0.200	0.422
0.238	0.182	0.217	0.363
0.688	0.046	0.001	0.265
0.001	0.001	0.001	0.997
0.001	0.001	0.001	0.997
0.044	0.001	0.001	0.954
0.110	0.235	0.654	0.001
0.001	0.997	0.001	0.001
0.997	0.001	0.001	0.001
0.001	0.001	0.001	0.997
0.780	0.125	0.094	0.001
0.350	0.091	0.252	0.307
>TCABAGTTTCCA	5-TCABAGTTTCCA	9.577785	-176.250282	0	T:155.0(6.73%),B:446.9(0.96%),P:1e-76	Tpos:258.5,Tstd:169.0,Bpos:226.4,Bstd:131.1,StrandBias:-0.3,Multiplicity:1.04
0.153	0.099	0.161	0.587
0.221	0.506	0.116	0.157
0.777	0.033	0.045	0.145
0.207	0.212	0.223	0.358
0.524	0.035	0.107	0.334
0.108	0.212	0.415	0.264
0.001	0.076	0.061	0.862
0.009	0.052	0.001	0.938
0.025	0.039	0.055	0.881
0.001	0.908	0.001	0.090
0.062	0.868	0.001	0.069
0.600	0.129	0.049	0.222
>ARTGGAAANWHH	6-ARTGGAAANWHH	10.615297	-142.736318	0	T:173.0(7.51%),B:723.5(1.56%),P:1e-61	Tpos:266.8,Tstd:189.9,Bpos:229.9,Bstd:139.9,StrandBias:-0.1,Multiplicity:1.04
0.997	0.001	0.001	0.001
0.472	0.093	0.434	0.001
0.001	0.001	0.030	0.968
0.001	0.001	0.997	0.001
0.001	0.001	0.997	0.001
0.997	0.001	0.001	0.001
0.997	0.001	0.001	0.001
0.997	0.001	0.001	0.001
0.317	0.286	0.226	0.171
0.355	0.090	0.103	0.452
0.274	0.281	0.138	0.306
0.281	0.326	0.009	0.384
>GCTTTTGAAGTC	7-GCTTTTGAAGTC	7.207518	-81.007361	0	T:427.0(18.53%),B:4622.8(9.94%),P:1e-35	Tpos:273.8,Tstd:177.3,Bpos:225.2,Bstd:142.7,StrandBias:0.1,Multiplicity:1.12
0.076	0.096	0.714	0.114
0.026	0.798	0.045	0.131
0.033	0.178	0.053	0.736
0.052	0.032	0.068	0.848
0.072	0.086	0.039	0.803
0.021	0.088	0.136	0.755
0.127	0.093	0.650	0.130
0.822	0.073	0.033	0.072
0.730	0.101	0.095	0.074
0.068	0.078	0.770	0.084
0.045	0.150	0.099	0.706
0.084	0.674	0.128	0.114
>AACMGCCCACAB	8-AACMGCCCACAB	9.591015	-68.477676	0	T:120.0(5.21%),B:698.3(1.50%),P:1e-29	Tpos:265.9,Tstd:200.6,Bpos:230.0,Bstd:133.3,StrandBias:-0.4,Multiplicity:1.02
0.658	0.068	0.009	0.265
0.559	0.053	0.162	0.226
0.037	0.961	0.001	0.001
0.429	0.493	0.001	0.077
0.260	0.001	0.645	0.094
0.001	0.978	0.020	0.001
0.001	0.836	0.001	0.162
0.001	0.997	0.001	0.001
0.997	0.001	0.001	0.001
0.001	0.978	0.020	0.001
0.524	0.229	0.064	0.183
0.021	0.396	0.250	0.333
>TGTGTGGGMRGV	9-TGTGTGGGMRGV	9.295783	-67.438818	0	T:207.0(8.98%),B:1733.4(3.73%),P:1e-29	Tpos:251.7,Tstd:171.1,Bpos:220.7,Bstd:140.7,StrandBias:-0.0,Multiplicity:1.02
0.155	0.001	0.001	0.843
0.001	0.001	0.976	0.022
0.189	0.045	0.077	0.689
0.001	0.001	0.901	0.097
0.001	0.001	0.308	0.690
0.374	0.001	0.624	0.001
0.058	0.113	0.828	0.001
0.001	0.001	0.997	0.001
0.343	0.491	0.001	0.165
0.449	0.001	0.475	0.075
0.194	0.001	0.804	0.001
0.316	0.289	0.292	0.103
>GCTTCCTGCCAG	10-GCTTCCTGCCAG	6.974068	-56.172134	0	T:465.0(20.18%),B:5832.7(12.54%),P:1e-24	Tpos:262.6,Tstd:187.0,Bpos:229.6,Bstd:138.5,StrandBias:-0.0,Multiplicity:1.14
0.124	0.123	0.624	0.129
0.093	0.693	0.108	0.106
0.120	0.136	0.068	0.676
0.097	0.116	0.161	0.626
0.091	0.651	0.134	0.124
0.110	0.707	0.063	0.120
0.131	0.057	0.068	0.744
0.088	0.125	0.658	0.129
0.129	0.602	0.139	0.130
0.129	0.673	0.075	0.123
0.689	0.078	0.076	0.157
0.111	0.130	0.656	0.103
>TCAGATGTGGTT	11-TCAGATGTGGTT	10.299673	-55.220746	0	T:67.0(2.91%),B:283.6(0.61%),P:1e-23	Tpos:241.7,Tstd:166.5,Bpos:229.1,Bstd:132.5,StrandBias:0.1,Multiplicity:1.02
0.188	0.268	0.041	0.503
0.001	0.700	0.001	0.298
0.664	0.001	0.001	0.334
0.039	0.028	0.907	0.026
0.731	0.001	0.065	0.203
0.100	0.001	0.014	0.885
0.001	0.001	0.960	0.038
0.001	0.001	0.038	0.960
0.025	0.001	0.935	0.039
0.001	0.039	0.917	0.043
0.039	0.031	0.031	0.899
0.059	0.040	0.039	0.862
>GGGGGTGGGGGT	12-GGGGGTGGGGGT	7.005694	-53.300786	0	T:617.0(26.78%),B:8503.6(18.29%),P:1e-23	Tpos:262.8,Tstd:193.6,Bpos:231.6,Bstd:134.0,StrandBias:0.1,Multiplicity:1.14
0.107	0.029	0.819	0.045
0.089	0.076	0.723	0.112
0.155	0.084	0.657	0.104
0.082	0.066	0.691	0.161
0.089	0.069	0.752	0.090
0.117	0.078	0.001	0.804
0.106	0.022	0.772	0.100
0.099	0.001	0.765	0.135
0.152	0.096	0.660	0.092
0.082	0.104	0.715	0.099
0.094	0.095	0.719	0.092
0.101	0.105	0.001	0.793
>CCCCCCCCCCCC	13-CCCCCCCCCCCC	6.517702	-47.287477	0	T:828.0(35.94%),B:12543.9(26.97%),P:1e-20	Tpos:280.5,Tstd:208.5,Bpos:229.2,Bstd:133.8,StrandBias:-0.1,Multiplicity:1.62
0.100	0.700	0.100	0.100
0.100	0.700	0.100	0.100
0.100	0.700	0.100	0.100
0.100	0.700	0.100	0.100
0.100	0.700	0.100	0.100
0.100	0.700	0.100	0.100
0.100	0.700	0.100	0.100
0.100	0.700	0.100	0.100
0.100	0.700	0.100	0.100
0.100	0.700	0.100	0.100
0.100	0.700	0.100	0.100
0.100	0.700	0.100	0.100
>ATTTGCATATTT	14-ATTTGCATATTT	9.478899	-46.484054	0	T:110.0(4.77%),B:793.7(1.71%),P:1e-20	Tpos:266.4,Tstd:176.5,Bpos:230.9,Bstd:138.1,StrandBias:0.4,Multiplicity:1.00
0.760	0.090	0.128	0.022
0.022	0.081	0.061	0.836
0.010	0.066	0.066	0.858
0.100	0.001	0.044	0.855
0.070	0.028	0.849	0.053
0.138	0.800	0.011	0.051
0.940	0.033	0.001	0.026
0.053	0.083	0.068	0.796
0.738	0.050	0.033	0.179
0.036	0.055	0.079	0.830
0.049	0.019	0.022	0.910
0.040	0.078	0.044	0.838
>GGGGAAAYCCCN	15-GGGGAAAYCCCN	8.970761	-42.148674	0	T:21.0(0.91%),B:25.3(0.05%),P:1e-18	Tpos:272.8,Tstd:125.5,Bpos:274.0,Bstd:110.0,StrandBias:-0.2,Multiplicity:1.00
0.037	0.013	0.904	0.046
0.225	0.009	0.484	0.282
0.287	0.010	0.672	0.031
0.026	0.037	0.751	0.186
0.972	0.009	0.009	0.010
0.643	0.014	0.218	0.125
0.616	0.182	0.178	0.024
0.031	0.326	0.190	0.453
0.240	0.417	0.148	0.195
0.206	0.459	0.127	0.207
0.200	0.408	0.160	0.232
0.181	0.271	0.294	0.254
>TGCCATGGCAAC	16-TGCCATGGCAAC	10.022258	-42.090961	0	T:66.0(2.86%),B:355.1(0.76%),P:1e-18	Tpos:290.1,Tstd:231.6,Bpos:241.1,Bstd:139.5,StrandBias:-0.0,Multiplicity:1.00
0.117	0.040	0.017	0.826
0.113	0.042	0.662	0.183
0.045	0.834	0.009	0.112
0.042	0.893	0.001	0.064
0.843	0.017	0.021	0.119
0.080	0.021	0.042	0.857
0.110	0.001	0.847	0.042
0.060	0.048	0.828	0.064
0.158	0.734	0.076	0.032
0.911	0.024	0.001	0.064
0.844	0.035	0.048	0.073
0.046	0.932	0.001	0.021
>AGDGRYRGRAAG	17-AGDGRYRGRAAG	10.541446	-37.949176	0	T:137.0(5.95%),B:1247.8(2.68%),P:1e-16	Tpos:267.5,Tstd:175.7,Bpos:231.3,Bstd:135.2,StrandBias:0.1,Multiplicity:1.01
0.742	0.001	0.256	0.001
0.001	0.001	0.997	0.001
0.292	0.001	0.396	0.311
0.001	0.001	0.997	0.001
0.445	0.001	0.553	0.001
0.001	0.457	0.001	0.541
0.482	0.001	0.516	0.001
0.001	0.001	0.997	0.001
0.485	0.001	0.513	0.001
0.997	0.001	0.001	0.001
0.997	0.001	0.001	0.001
0.259	0.281	0.458	0.001
>GCATGTGTTGTG	18-GCATGTGTTGTG	6.549023	-32.219979	0	T:648.0(28.12%),B:9930.9(21.35%),P:1e-13	Tpos:265.6,Tstd:179.8,Bpos:228.0,Bstd:141.1,StrandBias:0.1,Multiplicity:1.17
0.122	0.087	0.696	0.095
0.089	0.688	0.088	0.135
0.701	0.107	0.101	0.091
0.080	0.053	0.077	0.790
0.066	0.112	0.740	0.082
0.068	0.059	0.074	0.799
0.029	0.102	0.799	0.070
0.062	0.083	0.067	0.788
0.079	0.069	0.080	0.772
0.097	0.135	0.669	0.099
0.061	0.046	0.053	0.840
0.088	0.093	0.722	0.097
>AGTCTGCTGACG	19-AGTCTGCTGACG	9.621678	-32.013876	0	T:71.0(3.08%),B:496.7(1.07%),P:1e-13	Tpos:256.5,Tstd:197.4,Bpos:229.8,Bstd:132.9,StrandBias:0.3,Multiplicity:1.03
0.836	0.047	0.083	0.034
0.054	0.172	0.664	0.110
0.054	0.037	0.015	0.894
0.032	0.907	0.060	0.001
0.029	0.001	0.001	0.969
0.001	0.091	0.848	0.060
0.030	0.939	0.030	0.001
0.108	0.030	0.001	0.861
0.023	0.047	0.929	0.001
0.817	0.093	0.060	0.030
0.122	0.703	0.120	0.055
0.123	0.134	0.642	0.101
>TTTTTTTTGCCC	20-TTTTTTTTGCCC	11.938141	-23.373742	0	T:40.0(1.74%),B:237.0(0.51%),P:1e-10	Tpos:305.3,Tstd:202.2,Bpos:229.6,Bstd:151.7,StrandBias:0.9,Multiplicity:1.03
0.001	0.001	0.001	0.997
0.001	0.001	0.001	0.997
0.087	0.001	0.087	0.825
0.001	0.001	0.086	0.912
0.001	0.039	0.087	0.873
0.001	0.043	0.001	0.955
0.001	0.001	0.001	0.997
0.001	0.001	0.001	0.997
0.032	0.129	0.684	0.155
0.087	0.863	0.049	0.001
0.001	0.997	0.001	0.001
0.039	0.935	0.001	0.025
>TTGTTACCTTAG	21-TTGTTACCTTAG	-4.441910	-17.862600	0	T:868.0(37.67%),B:14981.1(32.21%),P:1e-7	Tpos:261.9,Tstd:182.7,Bpos:229.9,Bstd:139.5,StrandBias:0.1,Multiplicity:1.29
0.001	0.001	0.001	0.997
0.001	0.001	0.001	0.997
0.001	0.001	0.997	0.001
0.001	0.001	0.001	0.997
0.104	0.001	0.001	0.894
0.894	0.001	0.104	0.001
0.001	0.894	0.104	0.001
0.001	0.997	0.001	0.001
0.001	0.001	0.001	0.997
0.001	0.001	0.001	0.997
0.997	0.001	0.001	0.001
0.001	0.001	0.997	0.001
>AGTGTTACCTHA	22-AGTGTTACCTHA	7.155752	-15.773203	0	T:183.0(7.94%),B:2491.0(5.36%),P:1e-6	Tpos:259.0,Tstd:191.8,Bpos:231.3,Bstd:139.3,StrandBias:-0.0,Multiplicity:1.02
0.619	0.001	0.159	0.221
0.285	0.153	0.467	0.095
0.001	0.311	0.001	0.687
0.121	0.001	0.877	0.001
0.001	0.301	0.001	0.697
0.001	0.094	0.001	0.904
0.928	0.047	0.001	0.024
0.001	0.997	0.001	0.001
0.001	0.641	0.327	0.031
0.001	0.047	0.047	0.905
0.308	0.328	0.174	0.190
0.631	0.126	0.001	0.242
>GGGTCTGGGGAG	23-GGGTCTGGGGAG	16.599477	-13.049327	0	T:5.0(0.22%),B:4.0(0.01%),P:1e-5	Tpos:375.6,Tstd:209.9,Bpos:256.6,Bstd:115.3,StrandBias:-0.6,Multiplicity:1.00
0.001	0.001	0.997	0.001
0.001	0.001	0.997	0.001
0.001	0.001	0.997	0.001
0.001	0.001	0.001	0.997
0.001	0.997	0.001	0.001
0.001	0.001	0.001	0.997
0.001	0.001	0.997	0.001
0.001	0.001	0.997	0.001
0.001	0.001	0.997	0.001
0.001	0.001	0.997	0.001
0.997	0.001	0.001	0.001
0.001	0.001	0.997	0.001
>CTGCATGTGTTG	24-CTGCATGTGTTG	8.463612	-7.919273	0	T:148.0(6.42%),B:2245.8(4.83%),P:1e-3	Tpos:327.6,Tstd:254.8,Bpos:224.4,Bstd:140.2,StrandBias:0.3,Multiplicity:1.30
0.100	0.700	0.100	0.100
0.100	0.100	0.100	0.700
0.100	0.100	0.700	0.100
0.100	0.700	0.100	0.100
0.700	0.100	0.100	0.100
0.100	0.100	0.100	0.700
0.100	0.100	0.700	0.100
0.100	0.100	0.100	0.700
0.100	0.100	0.700	0.100
0.100	0.100	0.100	0.700
0.100	0.100	0.100	0.700
0.100	0.100	0.700	0.100
>CTCACACTTAGT	25-CTCACACTTAGT	14.569924	-6.736340	0	T:2.0(0.09%),B:1.9(0.00%),P:1e-2	Tpos:148.1,Tstd:40.7,Bpos:236.6,Bstd:69.3,StrandBias:10.0,Multiplicity:3.50
0.001	0.997	0.001	0.001
0.001	0.001	0.001	0.997
0.001	0.997	0.001	0.001
0.997	0.001	0.001	0.001
0.131	0.867	0.001	0.001
0.997	0.001	0.001	0.001
0.001	0.997	0.001	0.001
0.001	0.001	0.001	0.997
0.001	0.001	0.001	0.997
0.997	0.001	0.001	0.001
0.001	0.001	0.997	0.001
0.001	0.001	0.001	0.997
>SATCAAAG	1-SATCAAAG	6.686361	-269.628452	0	T:827.0(35.89%),B:7482.1(16.09%),P:1e-117	Tpos:260.9,Tstd:183.5,Bpos:228.8,Bstd:139.3,StrandBias:0.0,Multiplicity:1.32
0.088	0.395	0.434	0.084
0.550	0.044	0.075	0.331
0.113	0.020	0.026	0.841
0.093	0.751	0.140	0.016
0.898	0.001	0.028	0.073
0.812	0.043	0.119	0.026
0.970	0.019	0.009	0.002
0.081	0.126	0.787	0.006
>TGACTCAT	2-TGACTCAT	7.825422	-263.861318	0	T:473.0(20.53%),B:2904.9(6.25%),P:1e-114	Tpos:257.2,Tstd:162.5,Bpos:231.8,Bstd:138.5,StrandBias:-0.0,Multiplicity:1.14
0.001	0.001	0.001	0.997
0.001	0.001	0.976	0.022
0.997	0.001	0.001	0.001
0.001	0.746	0.252	0.001
0.030	0.001	0.012	0.957
0.029	0.969	0.001	0.001
0.997	0.001	0.001	0.001
0.052	0.167	0.169	0.612
>ACTTCCTG	3-ACTTCCTG	8.054805	-205.853866	0	T:643.0(27.91%),B:5706.0(12.27%),P:1e-89	Tpos:263.5,Tstd:168.7,Bpos:229.7,Bstd:133.4,StrandBias:0.1,Multiplicity:1.16
0.997	0.001	0.001	0.001
0.001	0.721	0.001	0.277
0.095	0.001	0.001	0.903
0.001	0.001	0.001	0.997
0.001	0.997	0.001	0.001
0.001	0.997	0.001	0.001
0.001	0.001	0.001	0.997
0.001	0.195	0.803	0.001
>ATTTCCAC	4-ATTTCCAC	3.421096	-190.651278	0	T:698.0(30.30%),B:6730.9(14.47%),P:1e-82	Tpos:264.8,Tstd:180.1,Bpos:228.7,Bstd:137.8,StrandBias:0.0,Multiplicity:1.22
0.627	0.001	0.331	0.041
0.001	0.001	0.001	0.997
0.001	0.001	0.001	0.997
0.001	0.001	0.001	0.997
0.001	0.997	0.001	0.001
0.001	0.997	0.001	0.001
0.689	0.001	0.309	0.001
0.001	0.688	0.001	0.310
>TTAGTMAY	5-TTAGTMAY	7.780674	-186.031882	0	T:581.0(25.22%),B:5110.2(10.99%),P:1e-80	Tpos:256.9,Tstd:167.6,Bpos:229.4,Bstd:138.9,StrandBias:-0.0,Multiplicity:1.10
0.001	0.001	0.001	0.997
0.001	0.001	0.406	0.592
0.997	0.001	0.001	0.001
0.001	0.423	0.575	0.001
0.001	0.001	0.001	0.997
0.571	0.427	0.001	0.001
0.997	0.001	0.001	0.001
0.048	0.399	0.176	0.377
>ATTTGCAT	6-ATTTGCAT	8.236954	-165.100206	0	T:203.0(8.81%),B:863.4(1.86%),P:1e-71	Tpos:253.4,Tstd:155.1,Bpos:225.1,Bstd:137.1,StrandBias:0.3,Multiplicity:1.08
0.700	0.100	0.100	0.100
0.100	0.100	0.100	0.700
0.100	0.100	0.100	0.700
0.100	0.100	0.100	0.700
0.100	0.100	0.700	0.100
0.100	0.700	0.100	0.100
0.700	0.100	0.100	0.100
0.100	0.100	0.100	0.700
>SMGGAAAC	7-SMGGAAAC	6.019810	-159.288540	0	T:1032.0(44.79%),B:12813.6(27.55%),P:1e-69	Tpos:261.0,Tstd:189.4,Bpos:229.3,Bstd:138.9,StrandBias:0.1,Multiplicity:1.22
0.001	0.402	0.464	0.133
0.377	0.339	0.214	0.071
0.001	0.239	0.759	0.001
0.090	0.055	0.678	0.177
0.896	0.065	0.001	0.038
0.809	0.001	0.055	0.135
0.612	0.001	0.386	0.001
0.065	0.657	0.001	0.277
>TATGCAAA	8-TATGCAAA	7.677207	-134.079053	0	T:428.0(18.58%),B:3731.7(8.02%),P:1e-58	Tpos:247.9,Tstd:167.4,Bpos:230.5,Bstd:138.4,StrandBias:0.1,Multiplicity:1.08
0.001	0.097	0.151	0.751
0.997	0.001	0.001	0.001
0.001	0.001	0.001	0.997
0.001	0.001	0.997	0.001
0.001	0.756	0.001	0.242
0.915	0.001	0.001	0.083
0.997	0.001	0.001	0.001
0.997	0.001	0.001	0.001
>GTGGGTGG	9-GTGGGTGG	7.522145	-121.130268	0	T:644.0(27.95%),B:7152.3(15.38%),P:1e-52	Tpos:274.0,Tstd:196.7,Bpos:230.9,Bstd:132.2,StrandBias:0.2,Multiplicity:1.37
0.001	0.001	0.997	0.001
0.001	0.001	0.200	0.798
0.152	0.038	0.803	0.007
0.001	0.008	0.990	0.001
0.001	0.001	0.997	0.001
0.374	0.045	0.010	0.571
0.001	0.001	0.997	0.001
0.001	0.001	0.997	0.001
>ACWTCARA	10-ACWTCARA	6.496965	-117.735035	0	T:850.0(36.89%),B:10644.9(22.89%),P:1e-51	Tpos:267.9,Tstd:182.0,Bpos:229.5,Bstd:141.6,StrandBias:-0.0,Multiplicity:1.28
0.840	0.001	0.158	0.001
0.001	0.876	0.063	0.060
0.410	0.138	0.038	0.414
0.065	0.001	0.266	0.668
0.234	0.564	0.067	0.135
0.674	0.001	0.001	0.324
0.491	0.006	0.417	0.085
0.721	0.001	0.009	0.269
>TGTGGTTT	11-TGTGGTTT	7.520367	-70.727662	0	T:247.0(10.72%),B:2214.0(4.76%),P:1e-30	Tpos:277.0,Tstd:166.5,Bpos:225.4,Bstd:139.7,StrandBias:0.2,Multiplicity:1.08
0.001	0.070	0.001	0.928
0.001	0.001	0.997	0.001
0.001	0.044	0.001	0.954
0.001	0.001	0.997	0.001
0.001	0.001	0.997	0.001
0.001	0.001	0.001	0.997
0.001	0.001	0.001	0.997
0.298	0.001	0.001	0.700
>CGTTTGAT	12-CGTTTGAT	6.226392	-67.626892	0	T:627.0(27.21%),B:8207.4(17.65%),P:1e-29	Tpos:256.9,Tstd:189.0,Bpos:228.1,Bstd:142.2,StrandBias:0.0,Multiplicity:1.13
0.024	0.974	0.001	0.001
0.092	0.001	0.617	0.290
0.039	0.001	0.013	0.947
0.001	0.048	0.022	0.929
0.044	0.001	0.001	0.954
0.061	0.065	0.873	0.001
0.881	0.091	0.001	0.027
0.067	0.014	0.001	0.918
>CCTTTGTT	13-CCTTTGTT	8.388667	-50.166450	0	T:385.0(16.71%),B:4700.5(10.11%),P:1e-21	Tpos:255.4,Tstd:163.9,Bpos:233.2,Bstd:140.6,StrandBias:-0.0,Multiplicity:1.12
0.080	0.556	0.174	0.190
0.001	0.997	0.001	0.001
0.001	0.001	0.041	0.957
0.001	0.001	0.001	0.997
0.001	0.001	0.001	0.997
0.001	0.001	0.997	0.001
0.001	0.001	0.001	0.997
0.001	0.001	0.128	0.870
>GCTGACAG	14-GCTGACAG	5.394198	-49.747156	0	T:1146.0(49.74%),B:18499.0(39.78%),P:1e-21	Tpos:260.9,Tstd:189.1,Bpos:228.3,Bstd:144.4,StrandBias:-0.0,Multiplicity:1.45
0.055	0.170	0.651	0.124
0.277	0.650	0.024	0.049
0.329	0.128	0.001	0.542
0.236	0.172	0.554	0.038
0.508	0.122	0.195	0.175
0.201	0.744	0.027	0.028
0.626	0.038	0.159	0.177
0.049	0.178	0.651	0.122
>CCBACGCA	15-CCBACGCA	6.635290	-49.028136	0	T:194.0(8.42%),B:1840.6(3.96%),P:1e-21	Tpos:269.5,Tstd:188.9,Bpos:228.6,Bstd:147.6,StrandBias:-0.0,Multiplicity:1.05
0.042	0.956	0.001	0.001
0.006	0.669	0.077	0.248
0.070	0.249	0.330	0.351
0.949	0.001	0.029	0.021
0.001	0.935	0.001	0.063
0.001	0.062	0.860	0.077
0.001	0.770	0.085	0.144
0.664	0.001	0.091	0.244
>TTTGAAAG	16-TTTGAAAG	6.821418	-48.889583	0	T:635.0(27.56%),B:8980.5(19.31%),P:1e-21	Tpos:267.7,Tstd:182.1,Bpos:229.0,Bstd:142.8,StrandBias:-0.1,Multiplicity:1.17
0.001	0.127	0.241	0.631
0.123	0.001	0.131	0.745
0.081	0.085	0.001	0.833
0.001	0.318	0.680	0.001
0.973	0.001	0.025	0.001
0.849	0.001	0.149	0.001
0.996	0.002	0.001	0.001
0.001	0.313	0.657	0.029
>RTBACGTR	17-RTBACGTR	5.681738	-45.506578	0	T:288.0(12.50%),B:3292.9(7.08%),P:1e-19	Tpos:269.8,Tstd:162.6,Bpos:227.5,Bstd:149.7,StrandBias:-0.2,Multiplicity:1.09
0.374	0.184	0.362	0.079
0.148	0.138	0.055	0.659
0.055	0.388	0.244	0.312
0.586	0.151	0.134	0.129
0.001	0.997	0.001	0.001
0.001	0.001	0.997	0.001
0.001	0.112	0.001	0.886
0.404	0.184	0.326	0.086
>CAGCTGCT	18-CAGCTGCT	7.501739	-40.583028	0	T:599.0(26.00%),B:8669.7(18.64%),P:1e-17	Tpos:266.8,Tstd:180.7,Bpos:226.8,Bstd:144.7,StrandBias:0.0,Multiplicity:1.20
0.001	0.997	0.001	0.001
0.944	0.001	0.001	0.054
0.001	0.064	0.873	0.062
0.038	0.960	0.001	0.001
0.055	0.001	0.001	0.943
0.001	0.001	0.997	0.001
0.111	0.737	0.001	0.151
0.096	0.056	0.136	0.712
