Factor1: 1.5384991973640296
Factor2: 0.6499840895031591
