Factor1: 0.9608137819845766
Factor2: 1.0407844045851236
