Factor1: 0.9969398787527439
Factor2: 1.003069514333288
