Factor1: 0.6782614009174202
Factor2: 1.474357819341324
