Factor1: 1.029472236063774
Factor2: 0.9713715095644909
