Factor1: 1.0212347534074289
Factor2: 0.9792067853776267
