Factor1: 1.060237508651853
Factor2: 0.94318489191309
