>CCGGTGTAAC	1-CCGGTGTAAC	12.357492	-34.479556	0	T:6.0(1.26%),B:1.1(0.00%),P:1e-14	Tpos:437.0,Tstd:101.8,Bpos:311.0,Bstd:0.0,StrandBias:10.0,Multiplicity:1.00
0.001	0.997	0.001	0.001
0.001	0.997	0.001	0.001
0.001	0.001	0.997	0.001
0.001	0.001	0.997	0.001
0.001	0.001	0.001	0.997
0.001	0.001	0.770	0.228
0.001	0.001	0.001	0.997
0.997	0.001	0.001	0.001
0.997	0.001	0.001	0.001
0.001	0.997	0.001	0.001
>CAAGTGACAA	2-CAAGTGACAA	7.651566	-28.319641	0	T:82.0(17.23%),B:3612.3(7.30%),P:1e-12	Tpos:267.3,Tstd:349.7,Bpos:216.3,Bstd:125.0,StrandBias:0.5,Multiplicity:1.13
0.001	0.944	0.054	0.001
0.659	0.001	0.100	0.240
0.849	0.001	0.070	0.080
0.001	0.114	0.884	0.001
0.034	0.001	0.001	0.964
0.001	0.064	0.727	0.208
0.673	0.157	0.106	0.064
0.162	0.672	0.086	0.080
0.853	0.145	0.001	0.001
0.774	0.056	0.072	0.098
>TGGCCCMAGG	3-TGGCCCMAGG	9.655855	-22.735124	0	T:30.0(6.30%),B:754.3(1.53%),P:1e-9	Tpos:394.8,Tstd:383.4,Bpos:218.9,Bstd:121.4,StrandBias:-0.9,Multiplicity:1.07
0.001	0.005	0.001	0.993
0.001	0.001	0.798	0.200
0.211	0.001	0.787	0.001
0.001	0.788	0.001	0.210
0.209	0.698	0.001	0.092
0.001	0.829	0.001	0.169
0.495	0.503	0.001	0.001
0.629	0.001	0.001	0.369
0.001	0.001	0.832	0.166
0.001	0.001	0.997	0.001
>AGTGCGAAAC	4-AGTGCGAAAC	10.296193	-21.772007	0	T:4.0(0.84%),B:2.0(0.00%),P:1e-9	Tpos:16.0,Tstd:0.0,Bpos:313.9,Bstd:76.5,StrandBias:10.0,Multiplicity:1.00
0.700	0.100	0.100	0.100
0.100	0.100	0.700	0.100
0.100	0.100	0.100	0.700
0.100	0.100	0.700	0.100
0.100	0.700	0.100	0.100
0.100	0.100	0.700	0.100
0.700	0.100	0.100	0.100
0.700	0.100	0.100	0.100
0.700	0.100	0.100	0.100
0.100	0.700	0.100	0.100
>GCTCCCTTAT	5-GCTCCCTTAT	9.774871	-20.069700	0	T:24.0(5.04%),B:554.1(1.12%),P:1e-8	Tpos:285.6,Tstd:207.0,Bpos:222.9,Bstd:122.6,StrandBias:1.0,Multiplicity:1.12
0.001	0.001	0.997	0.001
0.001	0.997	0.001	0.001
0.001	0.001	0.001	0.997
0.001	0.820	0.001	0.178
0.001	0.772	0.001	0.226
0.001	0.988	0.010	0.001
0.001	0.001	0.001	0.997
0.067	0.142	0.001	0.790
0.683	0.123	0.193	0.001
0.001	0.001	0.178	0.820
>ATGTAATGAA	6-ATGTAATGAA	8.276788	-19.715591	0	T:47.0(9.87%),B:1852.6(3.75%),P:1e-8	Tpos:312.1,Tstd:240.0,Bpos:217.8,Bstd:123.4,StrandBias:0.4,Multiplicity:1.17
0.816	0.037	0.117	0.030
0.027	0.001	0.050	0.922
0.066	0.043	0.890	0.001
0.035	0.001	0.001	0.963
0.927	0.034	0.001	0.038
0.964	0.001	0.001	0.034
0.020	0.001	0.036	0.943
0.058	0.043	0.825	0.074
0.897	0.052	0.001	0.050
0.925	0.073	0.001	0.001
>CTTGATTCAC	7-CTTGATTCAC	10.908033	-19.323204	0	T:13.0(2.73%),B:149.5(0.30%),P:1e-8	Tpos:278.9,Tstd:148.0,Bpos:210.0,Bstd:130.5,StrandBias:1.2,Multiplicity:1.00
0.001	0.997	0.001	0.001
0.001	0.001	0.001	0.997
0.001	0.001	0.123	0.875
0.001	0.001	0.997	0.001
0.997	0.001	0.001	0.001
0.112	0.001	0.069	0.818
0.117	0.001	0.001	0.881
0.001	0.997	0.001	0.001
0.997	0.001	0.001	0.001
0.001	0.997	0.001	0.001
>ACCACGGCAT	8-ACCACGGCAT	12.461536	-19.114461	0	T:5.0(1.05%),B:6.4(0.01%),P:1e-8	Tpos:72.8,Tstd:55.6,Bpos:249.6,Bstd:88.5,StrandBias:2.0,Multiplicity:1.00
0.997	0.001	0.001	0.001
0.001	0.997	0.001	0.001
0.001	0.997	0.001	0.001
0.997	0.001	0.001	0.001
0.001	0.997	0.001	0.001
0.001	0.253	0.745	0.001
0.001	0.001	0.997	0.001
0.001	0.997	0.001	0.001
0.997	0.001	0.001	0.001
0.001	0.001	0.001	0.997
>GTCCCAAACG	9-GTCCCAAACG	10.163678	-18.471239	0	T:9.0(1.89%),B:59.1(0.12%),P:1e-8	Tpos:117.7,Tstd:106.8,Bpos:209.5,Bstd:124.2,StrandBias:1.8,Multiplicity:1.00
0.001	0.001	0.997	0.001
0.370	0.001	0.001	0.628
0.001	0.681	0.001	0.317
0.001	0.997	0.001	0.001
0.001	0.997	0.001	0.001
0.765	0.233	0.001	0.001
0.605	0.001	0.317	0.077
0.997	0.001	0.001	0.001
0.001	0.997	0.001	0.001
0.001	0.001	0.997	0.001
>GTCCACTGCC	10-GTCCACTGCC	10.296193	-17.292286	0	T:7.0(1.47%),B:31.7(0.06%),P:1e-7	Tpos:240.6,Tstd:49.7,Bpos:223.4,Bstd:127.8,StrandBias:1.3,Multiplicity:1.00
0.100	0.100	0.700	0.100
0.100	0.100	0.100	0.700
0.100	0.700	0.100	0.100
0.100	0.700	0.100	0.100
0.700	0.100	0.100	0.100
0.100	0.700	0.100	0.100
0.100	0.100	0.100	0.700
0.100	0.100	0.700	0.100
0.100	0.700	0.100	0.100
0.100	0.700	0.100	0.100
>ATGCCCCAAG	11-ATGCCCCAAG	9.292309	-16.735272	0	T:23.0(4.83%),B:612.7(1.24%),P:1e-7	Tpos:305.5,Tstd:251.4,Bpos:214.9,Bstd:124.8,StrandBias:0.2,Multiplicity:1.13
0.827	0.045	0.064	0.064
0.216	0.001	0.047	0.736
0.001	0.065	0.880	0.054
0.055	0.943	0.001	0.001
0.001	0.997	0.001	0.001
0.001	0.908	0.001	0.090
0.001	0.920	0.001	0.078
0.997	0.001	0.001	0.001
0.997	0.001	0.001	0.001
0.047	0.001	0.851	0.101
>CTCATACCRA	12-CTCATACCRA	9.335048	-16.573636	0	T:17.0(3.57%),B:341.9(0.69%),P:1e-7	Tpos:187.9,Tstd:131.6,Bpos:217.7,Bstd:129.5,StrandBias:0.3,Multiplicity:1.06
0.001	0.842	0.156	0.001
0.285	0.001	0.001	0.713
0.001	0.997	0.001	0.001
0.997	0.001	0.001	0.001
0.001	0.076	0.001	0.922
0.967	0.001	0.031	0.001
0.135	0.843	0.001	0.021
0.098	0.654	0.247	0.001
0.543	0.001	0.455	0.001
0.982	0.001	0.016	0.001
>CCGTCTGACT	13-CCGTCTGACT	10.906112	-15.924943	0	T:7.0(1.47%),B:38.4(0.08%),P:1e-6	Tpos:251.0,Tstd:214.0,Bpos:245.4,Bstd:112.2,StrandBias:-1.3,Multiplicity:1.00
0.001	0.997	0.001	0.001
0.001	0.997	0.001	0.001
0.001	0.001	0.997	0.001
0.001	0.208	0.001	0.790
0.001	0.997	0.001	0.001
0.001	0.001	0.001	0.997
0.001	0.256	0.742	0.001
0.997	0.001	0.001	0.001
0.001	0.997	0.001	0.001
0.001	0.001	0.001	0.997
>GGTTTTCGCR	14-GGTTTTCGCR	11.370225	-15.735507	0	T:3.0(0.63%),B:1.1(0.00%),P:1e-6	Tpos:358.0,Tstd:0.0,Bpos:246.0,Bstd:0.0,StrandBias:10.0,Multiplicity:1.00
0.001	0.001	0.834	0.164
0.001	0.231	0.622	0.146
0.178	0.001	0.001	0.820
0.001	0.001	0.001	0.997
0.001	0.001	0.230	0.768
0.001	0.001	0.001	0.997
0.164	0.834	0.001	0.001
0.001	0.001	0.853	0.145
0.001	0.997	0.001	0.001
0.410	0.231	0.359	0.001
>GAYCSCTCCG	15-GAYCSCTCCG	10.394671	-15.262188	0	T:12.0(2.52%),B:177.5(0.36%),P:1e-6	Tpos:229.0,Tstd:123.0,Bpos:218.1,Bstd:125.5,StrandBias:2.3,Multiplicity:1.00
0.001	0.001	0.997	0.001
0.997	0.001	0.001	0.001
0.001	0.434	0.001	0.564
0.001	0.997	0.001	0.001
0.001	0.491	0.507	0.001
0.001	0.725	0.273	0.001
0.001	0.001	0.001	0.997
0.001	0.816	0.001	0.182
0.001	0.997	0.001	0.001
0.001	0.251	0.514	0.234
>ACGGGCCAGC	16-ACGGGCCAGC	10.296193	-14.643104	0	T:4.0(0.84%),B:6.2(0.01%),P:1e-6	Tpos:336.0,Tstd:0.0,Bpos:214.0,Bstd:102.9,StrandBias:10.0,Multiplicity:1.00
0.700	0.100	0.100	0.100
0.100	0.700	0.100	0.100
0.100	0.100	0.700	0.100
0.100	0.100	0.700	0.100
0.100	0.100	0.700	0.100
0.100	0.700	0.100	0.100
0.100	0.700	0.100	0.100
0.700	0.100	0.100	0.100
0.100	0.100	0.700	0.100
0.100	0.700	0.100	0.100
>RTGTGCGTCY	17-RTGTGCGTCY	10.401004	-14.503333	0	T:6.0(1.26%),B:29.9(0.06%),P:1e-6	Tpos:260.6,Tstd:127.7,Bpos:243.6,Bstd:123.3,StrandBias:0.4,Multiplicity:1.17
0.566	0.001	0.432	0.001
0.001	0.001	0.001	0.997
0.001	0.001	0.997	0.001
0.001	0.001	0.001	0.997
0.001	0.001	0.997	0.001
0.001	0.997	0.001	0.001
0.001	0.001	0.997	0.001
0.001	0.001	0.100	0.898
0.001	0.997	0.001	0.001
0.001	0.566	0.001	0.432
>AGATAGCGTG	18-AGATAGCGTG	11.125792	-14.289494	0	T:5.0(1.05%),B:16.4(0.03%),P:1e-6	Tpos:315.0,Tstd:139.4,Bpos:224.8,Bstd:135.7,StrandBias:2.0,Multiplicity:1.00
0.997	0.001	0.001	0.001
0.001	0.001	0.686	0.312
0.997	0.001	0.001	0.001
0.001	0.001	0.001	0.997
0.625	0.001	0.001	0.373
0.001	0.001	0.997	0.001
0.001	0.997	0.001	0.001
0.297	0.001	0.701	0.001
0.297	0.001	0.001	0.701
0.312	0.001	0.686	0.001
>AACCCTCTGG	19-AACCCTCTGG	13.619277	-13.760488	0	T:6.0(1.26%),B:33.0(0.07%),P:1e-5	Tpos:312.7,Tstd:145.2,Bpos:217.9,Bstd:111.7,StrandBias:10.0,Multiplicity:1.00
0.997	0.001	0.001	0.001
0.896	0.001	0.001	0.102
0.001	0.997	0.001	0.001
0.001	0.997	0.001	0.001
0.001	0.997	0.001	0.001
0.001	0.001	0.001	0.997
0.001	0.997	0.001	0.001
0.001	0.102	0.001	0.896
0.001	0.001	0.997	0.001
0.001	0.001	0.997	0.001
>TGGWTCGGTG	20-TGGWTCGGTG	11.320902	-13.663233	0	T:3.0(0.63%),B:2.6(0.01%),P:1e-5	Tpos:217.0,Tstd:0.0,Bpos:259.8,Bstd:125.6,StrandBias:10.0,Multiplicity:1.00
0.001	0.001	0.326	0.672
0.001	0.001	0.997	0.001
0.017	0.022	0.959	0.002
0.407	0.130	0.171	0.292
0.001	0.001	0.001	0.997
0.001	0.856	0.142	0.001
0.001	0.171	0.682	0.146
0.157	0.001	0.841	0.001
0.334	0.001	0.001	0.664
0.001	0.072	0.926	0.001
>ACCGAGTCCG	21-ACCGAGTCCG	10.296193	-13.663233	0	T:3.0(0.63%),B:2.3(0.00%),P:1e-5	Tpos:316.0,Tstd:0.0,Bpos:392.3,Bstd:13.0,StrandBias:10.0,Multiplicity:1.00
0.700	0.100	0.100	0.100
0.100	0.700	0.100	0.100
0.100	0.700	0.100	0.100
0.100	0.100	0.700	0.100
0.700	0.100	0.100	0.100
0.100	0.100	0.700	0.100
0.100	0.100	0.100	0.700
0.100	0.700	0.100	0.100
0.100	0.700	0.100	0.100
0.100	0.100	0.700	0.100
>AGTGAACWGT	22-AGTGAACWGT	8.454606	-13.417165	0	T:29.0(6.09%),B:1096.9(2.22%),P:1e-5	Tpos:165.4,Tstd:182.3,Bpos:216.6,Bstd:129.0,StrandBias:2.2,Multiplicity:1.17
0.486	0.177	0.059	0.279
0.020	0.315	0.615	0.050
0.197	0.001	0.144	0.658
0.001	0.024	0.824	0.151
0.629	0.001	0.329	0.041
0.917	0.028	0.001	0.054
0.020	0.740	0.001	0.239
0.490	0.155	0.001	0.355
0.038	0.041	0.609	0.312
0.248	0.001	0.013	0.738
>AATTACACCA	23-AATTACACCA	11.076566	-13.385890	0	T:11.0(2.31%),B:175.3(0.35%),P:1e-5	Tpos:127.8,Tstd:83.4,Bpos:212.7,Bstd:121.2,StrandBias:1.0,Multiplicity:1.09
0.997	0.001	0.001	0.001
0.997	0.001	0.001	0.001
0.111	0.001	0.001	0.887
0.001	0.001	0.001	0.997
0.997	0.001	0.001	0.001
0.001	0.997	0.001	0.001
0.900	0.098	0.001	0.001
0.001	0.997	0.001	0.001
0.001	0.819	0.179	0.001
0.902	0.096	0.001	0.001
>GTCACAGAGC	24-GTCACAGAGC	10.498639	-11.435852	0	T:12.0(2.52%),B:258.8(0.52%),P:1e-4	Tpos:219.9,Tstd:198.6,Bpos:203.6,Bstd:127.5,StrandBias:0.5,Multiplicity:1.00
0.010	0.001	0.792	0.197
0.001	0.326	0.001	0.672
0.001	0.978	0.020	0.001
0.613	0.001	0.155	0.231
0.101	0.897	0.001	0.001
0.761	0.237	0.001	0.001
0.001	0.087	0.911	0.001
0.922	0.001	0.076	0.001
0.001	0.001	0.971	0.027
0.001	0.770	0.153	0.076
>TAGGTCCATG	25-TAGGTCCATG	10.296193	-6.883929	0	T:3.0(0.63%),B:20.0(0.04%),P:1e-2	Tpos:173.4,Tstd:133.5,Bpos:203.0,Bstd:114.1,StrandBias:2.0,Multiplicity:1.67
0.100	0.100	0.100	0.700
0.700	0.100	0.100	0.100
0.100	0.100	0.700	0.100
0.100	0.100	0.700	0.100
0.100	0.100	0.100	0.700
0.100	0.700	0.100	0.100
0.100	0.700	0.100	0.100
0.700	0.100	0.100	0.100
0.100	0.100	0.100	0.700
0.100	0.100	0.700	0.100
