>CAATAGCGRTKGTGG	Zbtb4+M6540	9.598454	-5.796368	0	T:21.0(0.91%),B:214.6(0.46%),P:1e-2
0.026	0.793	0.180	0.001
0.588	0.155	0.180	0.077
0.870	0.077	0.052	0.001
0.077	0.026	0.259	0.638
0.637	0.001	0.361	0.001
0.190	0.001	0.808	0.001
0.001	0.670	0.001	0.328
0.001	0.001	0.997	0.001
0.380	0.001	0.387	0.232
0.001	0.026	0.224	0.750
0.188	0.109	0.395	0.307
0.026	0.001	0.827	0.146
0.001	0.329	0.180	0.491
0.087	0.026	0.886	0.001
0.272	0.142	0.445	0.142
