>NNWAACCACA	1-NNWAACCACA	6.525790	-664.434302	0	T:1729.0(68.83%),B:15355.7(33.28%),P:1e-288	Tpos:262.4,Tstd:177.2,Bpos:228.5,Bstd:146.5,StrandBias:-0.1,Multiplicity:1.71
0.261	0.235	0.254	0.251
0.243	0.272	0.224	0.261
0.437	0.092	0.094	0.376
0.609	0.101	0.093	0.197
0.748	0.129	0.122	0.001
0.001	0.997	0.001	0.001
0.001	0.997	0.001	0.001
0.781	0.001	0.001	0.217
0.001	0.997	0.001	0.001
0.709	0.130	0.054	0.107
>YCGGCCRCAG	2-YCGGCCRCAG	5.938410	-398.268198	0	T:1523.0(60.63%),B:15316.9(33.19%),P:1e-172	Tpos:255.2,Tstd:179.9,Bpos:227.9,Bstd:143.4,StrandBias:0.1,Multiplicity:1.27
0.194	0.327	0.134	0.345
0.184	0.479	0.144	0.193
0.320	0.001	0.505	0.174
0.306	0.058	0.635	0.001
0.001	0.997	0.001	0.001
0.001	0.997	0.001	0.001
0.554	0.001	0.444	0.001
0.001	0.997	0.001	0.001
0.997	0.001	0.001	0.001
0.368	0.035	0.596	0.001
>ACAGGAAGTG	3-ACAGGAAGTG	7.639840	-338.009129	0	T:867.0(34.51%),B:6457.8(14.00%),P:1e-146	Tpos:267.7,Tstd:192.0,Bpos:228.9,Bstd:138.7,StrandBias:0.0,Multiplicity:1.23
0.623	0.055	0.258	0.064
0.097	0.655	0.228	0.020
0.866	0.043	0.081	0.010
0.009	0.013	0.959	0.019
0.015	0.023	0.929	0.033
0.957	0.017	0.014	0.012
0.861	0.029	0.021	0.089
0.203	0.021	0.756	0.020
0.060	0.144	0.080	0.716
0.127	0.119	0.683	0.071
>TKTCACACCT	4-TKTCACACCT	6.842755	-204.883403	0	T:846.0(33.68%),B:7896.9(17.11%),P:1e-88	Tpos:263.9,Tstd:196.1,Bpos:228.6,Bstd:147.9,StrandBias:0.1,Multiplicity:1.27
0.200	0.184	0.214	0.403
0.164	0.160	0.279	0.398
0.016	0.114	0.035	0.835
0.141	0.596	0.202	0.061
0.701	0.014	0.117	0.168
0.023	0.948	0.003	0.026
0.860	0.028	0.101	0.011
0.019	0.908	0.072	0.001
0.060	0.700	0.056	0.184
0.059	0.184	0.052	0.705
>AGGATGTGGG	5-AGGATGTGGG	10.893390	-185.439919	0	T:147.0(5.85%),B:333.3(0.72%),P:1e-80	Tpos:237.5,Tstd:146.6,Bpos:220.3,Bstd:140.3,StrandBias:-0.5,Multiplicity:1.05
0.926	0.072	0.001	0.001
0.001	0.001	0.997	0.001
0.001	0.001	0.997	0.001
0.997	0.001	0.001	0.001
0.001	0.001	0.001	0.997
0.001	0.001	0.997	0.001
0.001	0.001	0.001	0.997
0.001	0.001	0.913	0.085
0.001	0.001	0.997	0.001
0.001	0.132	0.805	0.062
>NGTGGTTAVS	6-NGTGGTTAVS	6.136923	-183.760745	0	T:589.0(23.45%),B:4746.3(10.29%),P:1e-79	Tpos:259.4,Tstd:194.3,Bpos:223.3,Bstd:143.5,StrandBias:-0.1,Multiplicity:1.07
0.320	0.266	0.243	0.171
0.178	0.129	0.522	0.171
0.028	0.062	0.332	0.578
0.022	0.062	0.854	0.062
0.028	0.049	0.872	0.051
0.022	0.063	0.080	0.835
0.164	0.046	0.169	0.621
0.486	0.095	0.250	0.169
0.244	0.316	0.386	0.054
0.194	0.369	0.231	0.206
>TTGCGGTTTC	7-TTGCGGTTTC	6.508394	-143.174272	0	T:681.0(27.11%),B:6588.9(14.28%),P:1e-62	Tpos:264.8,Tstd:196.4,Bpos:230.1,Bstd:139.7,StrandBias:-0.0,Multiplicity:1.15
0.048	0.068	0.060	0.824
0.037	0.065	0.114	0.784
0.066	0.111	0.703	0.120
0.054	0.813	0.073	0.060
0.065	0.079	0.736	0.120
0.066	0.066	0.824	0.044
0.027	0.083	0.025	0.865
0.032	0.026	0.040	0.902
0.103	0.080	0.065	0.752
0.037	0.804	0.084	0.075
>RCCMCACCCN	8-RCCMCACCCN	6.244016	-122.420608	0	T:892.0(35.51%),B:10149.1(22.00%),P:1e-53	Tpos:256.3,Tstd:187.3,Bpos:227.3,Bstd:141.6,StrandBias:0.0,Multiplicity:1.31
0.363	0.087	0.385	0.165
0.219	0.624	0.035	0.122
0.159	0.535	0.139	0.167
0.357	0.408	0.092	0.143
0.202	0.652	0.001	0.145
0.558	0.029	0.240	0.173
0.002	0.746	0.242	0.010
0.218	0.716	0.004	0.062
0.026	0.755	0.037	0.182
0.262	0.221	0.230	0.287
>CGGTTTCCTG	9-CGGTTTCCTG	8.012839	-116.620403	0	T:545.0(21.70%),B:5162.8(11.19%),P:1e-50	Tpos:262.5,Tstd:177.0,Bpos:225.8,Bstd:138.2,StrandBias:-0.1,Multiplicity:1.10
0.075	0.560	0.049	0.316
0.074	0.118	0.500	0.308
0.067	0.100	0.810	0.023
0.001	0.414	0.001	0.584
0.001	0.001	0.001	0.997
0.118	0.013	0.001	0.868
0.029	0.969	0.001	0.001
0.024	0.928	0.024	0.024
0.001	0.001	0.171	0.827
0.060	0.269	0.663	0.008
>GTTTCAGTTT	10-GTTTCAGTTT	8.743010	-100.099782	0	T:228.0(9.08%),B:1455.3(3.15%),P:1e-43	Tpos:247.1,Tstd:156.8,Bpos:224.6,Bstd:144.8,StrandBias:-0.1,Multiplicity:1.06
0.001	0.068	0.898	0.033
0.001	0.042	0.018	0.939
0.001	0.001	0.039	0.959
0.001	0.001	0.001	0.997
0.001	0.997	0.001	0.001
0.896	0.001	0.001	0.102
0.001	0.132	0.792	0.075
0.001	0.018	0.034	0.947
0.001	0.013	0.001	0.985
0.055	0.032	0.023	0.890
>TATGACTCAT	11-TATGACTCAT	7.387703	-80.518744	0	T:370.0(14.73%),B:3427.9(7.43%),P:1e-34	Tpos:279.1,Tstd:222.6,Bpos:227.8,Bstd:139.8,StrandBias:0.1,Multiplicity:1.10
0.268	0.026	0.230	0.475
0.610	0.137	0.116	0.137
0.022	0.018	0.001	0.959
0.009	0.001	0.975	0.015
0.941	0.001	0.016	0.042
0.034	0.600	0.262	0.104
0.062	0.001	0.028	0.909
0.019	0.931	0.049	0.001
0.918	0.004	0.005	0.073
0.017	0.130	0.165	0.688
>CACCWCAGGA	12-CACCWCAGGA	8.559866	-68.364270	0	T:214.0(8.52%),B:1645.0(3.56%),P:1e-29	Tpos:269.8,Tstd:196.0,Bpos:229.3,Bstd:145.8,StrandBias:-0.2,Multiplicity:1.05
0.001	0.997	0.001	0.001
0.997	0.001	0.001	0.001
0.001	0.983	0.015	0.001
0.001	0.958	0.033	0.008
0.423	0.001	0.192	0.384
0.001	0.997	0.001	0.001
0.946	0.001	0.052	0.001
0.225	0.001	0.649	0.125
0.200	0.018	0.652	0.130
0.820	0.151	0.028	0.001
>NCGGHTAMMA	13-NCGGHTAMMA	6.757497	-66.427881	0	T:117.0(4.66%),B:621.2(1.35%),P:1e-28	Tpos:269.1,Tstd:188.4,Bpos:240.7,Bstd:146.8,StrandBias:-0.2,Multiplicity:1.02
0.267	0.221	0.330	0.182
0.017	0.651	0.044	0.288
0.055	0.298	0.603	0.044
0.237	0.085	0.651	0.027
0.267	0.288	0.030	0.415
0.203	0.026	0.037	0.734
0.896	0.035	0.026	0.043
0.428	0.288	0.114	0.170
0.457	0.469	0.048	0.027
0.603	0.057	0.025	0.315
>VGTGGTTTCR	14-VGTGGTTTCR	7.357392	-48.596301	0	T:118.0(4.70%),B:785.1(1.70%),P:1e-21	Tpos:245.6,Tstd:179.7,Bpos:224.8,Bstd:143.5,StrandBias:0.4,Multiplicity:1.00
0.381	0.243	0.335	0.041
0.149	0.192	0.467	0.193
0.067	0.281	0.084	0.568
0.131	0.045	0.616	0.208
0.150	0.237	0.575	0.038
0.043	0.063	0.066	0.828
0.261	0.001	0.045	0.693
0.052	0.058	0.016	0.874
0.049	0.751	0.021	0.179
0.306	0.114	0.432	0.149
>TTACTTTCAA	15-TTACTTTCAA	8.777718	-40.362109	0	T:117.0(4.66%),B:865.4(1.88%),P:1e-17	Tpos:246.6,Tstd:174.1,Bpos:226.8,Bstd:137.8,StrandBias:-0.1,Multiplicity:1.02
0.001	0.045	0.010	0.944
0.053	0.030	0.026	0.891
0.852	0.001	0.071	0.076
0.044	0.926	0.029	0.001
0.004	0.029	0.001	0.966
0.016	0.004	0.001	0.979
0.056	0.001	0.022	0.921
0.129	0.869	0.001	0.001
0.856	0.010	0.037	0.097
0.802	0.005	0.066	0.127
>SCGTTTCCTT	16-SCGTTTCCTT	7.884721	-39.688662	0	T:271.0(10.79%),B:2882.2(6.25%),P:1e-17	Tpos:267.7,Tstd:157.1,Bpos:231.0,Bstd:139.4,StrandBias:-0.3,Multiplicity:1.05
0.012	0.362	0.416	0.210
0.066	0.640	0.031	0.263
0.213	0.032	0.705	0.050
0.032	0.018	0.032	0.918
0.001	0.028	0.002	0.969
0.032	0.001	0.045	0.922
0.005	0.867	0.113	0.015
0.027	0.911	0.027	0.035
0.086	0.053	0.254	0.607
0.055	0.312	0.014	0.619
>ATACTTATCA	17-ATACTTATCA	7.475667	-37.931252	0	T:203.0(8.08%),B:1982.5(4.30%),P:1e-16	Tpos:271.2,Tstd:197.8,Bpos:229.1,Bstd:135.3,StrandBias:-0.0,Multiplicity:1.07
0.461	0.290	0.001	0.248
0.229	0.180	0.164	0.427
0.484	0.207	0.006	0.303
0.066	0.828	0.001	0.105
0.025	0.023	0.189	0.763
0.001	0.001	0.001	0.997
0.904	0.002	0.081	0.013
0.001	0.234	0.204	0.561
0.005	0.719	0.271	0.005
0.533	0.071	0.166	0.230
>GGGTTTCCCC	18-GGGTTTCCCC	9.253312	-30.992902	0	T:87.0(3.46%),B:636.1(1.38%),P:1e-13	Tpos:252.3,Tstd:167.0,Bpos:221.2,Bstd:144.4,StrandBias:-0.5,Multiplicity:1.08
0.001	0.001	0.997	0.001
0.028	0.001	0.892	0.079
0.059	0.042	0.892	0.007
0.001	0.169	0.211	0.619
0.029	0.001	0.155	0.815
0.027	0.006	0.001	0.966
0.039	0.959	0.001	0.001
0.095	0.903	0.001	0.001
0.010	0.988	0.001	0.001
0.001	0.997	0.001	0.001
>CTTCCCTTAT	19-CTTCCCTTAT	10.038789	-27.614703	0	T:35.0(1.39%),B:145.6(0.32%),P:1e-11	Tpos:262.0,Tstd:203.1,Bpos:234.2,Bstd:129.4,StrandBias:0.6,Multiplicity:1.00
0.001	0.997	0.001	0.001
0.177	0.005	0.001	0.817
0.098	0.001	0.001	0.900
0.001	0.873	0.125	0.001
0.001	0.997	0.001	0.001
0.001	0.731	0.267	0.001
0.001	0.001	0.401	0.597
0.001	0.001	0.001	0.997
0.997	0.001	0.001	0.001
0.001	0.001	0.001	0.997
>GTGGTATACC	20-GTGGTATACC	7.247693	-25.055627	0	T:76.0(3.03%),B:583.2(1.26%),P:1e-10	Tpos:265.3,Tstd:167.8,Bpos:236.6,Bstd:142.2,StrandBias:0.2,Multiplicity:1.04
0.107	0.083	0.703	0.107
0.199	0.158	0.118	0.525
0.188	0.014	0.740	0.058
0.120	0.088	0.576	0.216
0.133	0.105	0.176	0.586
0.635	0.135	0.132	0.098
0.116	0.097	0.112	0.675
0.814	0.087	0.098	0.001
0.077	0.732	0.123	0.068
0.083	0.730	0.062	0.125
>TTAGCACCTA	21-TTAGCACCTA	8.735252	-23.894198	0	T:62.0(2.47%),B:438.5(0.95%),P:1e-10	Tpos:270.5,Tstd:212.7,Bpos:235.4,Bstd:143.4,StrandBias:-1.0,Multiplicity:1.04
0.067	0.008	0.019	0.906
0.016	0.104	0.001	0.879
0.750	0.059	0.152	0.039
0.028	0.327	0.580	0.065
0.025	0.927	0.023	0.025
0.717	0.146	0.029	0.108
0.217	0.608	0.001	0.174
0.125	0.709	0.038	0.128
0.077	0.212	0.149	0.562
0.603	0.132	0.114	0.151
>ATTGCCGCTC	22-ATTGCCGCTC	10.296193	-15.969398	0	T:5.0(0.20%),B:2.9(0.01%),P:1e-6	Tpos:336.8,Tstd:190.9,Bpos:308.3,Bstd:104.8,StrandBias:2.0,Multiplicity:1.00
0.700	0.100	0.100	0.100
0.100	0.100	0.100	0.700
0.100	0.100	0.100	0.700
0.100	0.100	0.700	0.100
0.100	0.700	0.100	0.100
0.100	0.700	0.100	0.100
0.100	0.100	0.700	0.100
0.100	0.700	0.100	0.100
0.100	0.100	0.100	0.700
0.100	0.700	0.100	0.100
>AGCGCTAAGC	23-AGCGCTAAGC	8.445615	-13.625432	0	T:10.0(0.40%),B:24.6(0.05%),P:1e-5	Tpos:265.8,Tstd:146.4,Bpos:200.1,Bstd:101.4,StrandBias:-0.5,Multiplicity:1.20
0.997	0.001	0.001	0.001
0.001	0.019	0.979	0.001
0.001	0.997	0.001	0.001
0.001	0.001	0.997	0.001
0.001	0.601	0.001	0.397
0.001	0.001	0.001	0.997
0.997	0.001	0.001	0.001
0.997	0.001	0.001	0.001
0.397	0.001	0.566	0.036
0.001	0.997	0.001	0.001
>MTCTKTCCKA	24-MTCTKTCCKA	7.098384	-12.380890	0	T:54.0(2.15%),B:504.2(1.09%),P:1e-5	Tpos:225.4,Tstd:192.0,Bpos:235.1,Bstd:137.0,StrandBias:0.1,Multiplicity:1.00
0.546	0.430	0.021	0.003
0.018	0.023	0.003	0.956
0.321	0.494	0.019	0.166
0.228	0.114	0.064	0.594
0.076	0.107	0.426	0.390
0.152	0.156	0.124	0.568
0.005	0.523	0.193	0.279
0.229	0.380	0.170	0.221
0.002	0.076	0.508	0.414
0.559	0.205	0.122	0.114
>ATGACATTCG	25-ATGACATTCG	13.705793	-10.565614	0	T:3.0(0.12%),B:1.2(0.00%),P:1e-4	Tpos:344.0,Tstd:20.7,Bpos:174.1,Bstd:97.9,StrandBias:1.6,Multiplicity:1.33
0.997	0.001	0.001	0.001
0.001	0.001	0.001	0.997
0.001	0.120	0.878	0.001
0.997	0.001	0.001	0.001
0.001	0.997	0.001	0.001
0.997	0.001	0.001	0.001
0.001	0.001	0.001	0.997
0.001	0.001	0.001	0.997
0.001	0.997	0.001	0.001
0.001	0.001	0.997	0.001
>WAACCACANVVN	1-WAACCACANVVN	7.386572	-660.159961	0	T:1408.0(56.05%),B:10407.0(22.55%),P:1e-286	Tpos:260.7,Tstd:179.8,Bpos:230.3,Bstd:145.4,StrandBias:0.0,Multiplicity:1.48
0.345	0.197	0.066	0.393
0.468	0.172	0.253	0.107
0.572	0.189	0.238	0.001
0.001	0.997	0.001	0.001
0.001	0.997	0.001	0.001
0.997	0.001	0.001	0.001
0.001	0.997	0.001	0.001
0.891	0.001	0.001	0.107
0.295	0.146	0.277	0.282
0.217	0.350	0.239	0.195
0.272	0.351	0.238	0.140
0.235	0.229	0.195	0.340
>NNYACTTCCTGT	2-NNYACTTCCTGT	8.248090	-303.311290	0	T:814.0(32.40%),B:6166.1(13.36%),P:1e-131	Tpos:267.3,Tstd:194.3,Bpos:227.3,Bstd:135.9,StrandBias:-0.1,Multiplicity:1.22
0.289	0.204	0.266	0.241
0.180	0.323	0.208	0.289
0.141	0.375	0.213	0.271
0.523	0.146	0.207	0.124
0.001	0.608	0.001	0.390
0.175	0.001	0.001	0.823
0.001	0.001	0.001	0.997
0.001	0.956	0.015	0.028
0.001	0.997	0.001	0.001
0.001	0.018	0.001	0.980
0.001	0.217	0.548	0.234
0.126	0.339	0.041	0.495
>GAGGTGTGAAAC	3-GAGGTGTGAAAC	6.863277	-190.720325	0	T:871.0(34.67%),B:8485.3(18.39%),P:1e-82	Tpos:264.7,Tstd:187.8,Bpos:228.6,Bstd:145.5,StrandBias:0.0,Multiplicity:1.27
0.232	0.059	0.598	0.111
0.715	0.085	0.131	0.069
0.169	0.036	0.698	0.097
0.027	0.039	0.865	0.069
0.006	0.007	0.001	0.986
0.057	0.004	0.938	0.001
0.267	0.014	0.021	0.698
0.023	0.069	0.768	0.140
0.742	0.073	0.149	0.036
0.477	0.262	0.185	0.075
0.486	0.120	0.256	0.138
0.215	0.445	0.147	0.193
>KGTGGTTAACAN	4-KGTGGTTAACAN	7.080457	-156.830689	0	T:345.0(13.73%),B:2175.4(4.71%),P:1e-68	Tpos:267.3,Tstd:174.3,Bpos:225.7,Bstd:149.7,StrandBias:0.2,Multiplicity:1.06
0.209	0.131	0.298	0.363
0.107	0.104	0.663	0.126
0.104	0.039	0.095	0.762
0.098	0.044	0.755	0.103
0.109	0.101	0.685	0.105
0.087	0.107	0.111	0.695
0.122	0.092	0.112	0.674
0.651	0.115	0.118	0.116
0.658	0.117	0.119	0.106
0.111	0.689	0.122	0.078
0.768	0.096	0.015	0.121
0.267	0.220	0.259	0.254
>AAACCACAAAGH	5-AAACCACAAAGH	7.277636	-143.189967	0	T:754.0(30.02%),B:7632.4(16.54%),P:1e-62	Tpos:263.7,Tstd:194.3,Bpos:225.6,Bstd:142.0,StrandBias:-0.2,Multiplicity:1.14
0.450	0.262	0.169	0.119
0.784	0.061	0.001	0.154
0.718	0.147	0.081	0.054
0.024	0.845	0.013	0.118
0.033	0.904	0.001	0.062
0.729	0.094	0.011	0.166
0.039	0.773	0.146	0.042
0.701	0.198	0.001	0.100
0.707	0.209	0.083	0.001
0.955	0.001	0.014	0.030
0.056	0.035	0.895	0.014
0.357	0.263	0.139	0.241
>GTGGTTTGTGGT	6-GTGGTTTGTGGT	9.593979	-124.283266	0	T:183.0(7.29%),B:836.3(1.81%),P:1e-53	Tpos:247.8,Tstd:159.3,Bpos:232.1,Bstd:140.7,StrandBias:-0.1,Multiplicity:1.03
0.072	0.101	0.778	0.049
0.066	0.017	0.100	0.817
0.001	0.017	0.948	0.034
0.082	0.029	0.811	0.078
0.078	0.102	0.045	0.775
0.011	0.055	0.084	0.850
0.085	0.026	0.091	0.798
0.026	0.068	0.821	0.085
0.089	0.001	0.083	0.827
0.025	0.001	0.967	0.007
0.045	0.067	0.839	0.049
0.055	0.064	0.105	0.776
>TGAAAGTGAAAC	7-TGAAAGTGAAAC	9.334568	-99.690937	0	T:165.0(6.57%),B:832.9(1.80%),P:1e-43	Tpos:251.7,Tstd:169.6,Bpos:234.6,Bstd:141.4,StrandBias:0.4,Multiplicity:1.04
0.148	0.020	0.021	0.811
0.084	0.150	0.671	0.095
0.797	0.020	0.128	0.055
0.930	0.041	0.009	0.020
0.895	0.020	0.037	0.048
0.085	0.214	0.681	0.020
0.105	0.001	0.064	0.830
0.044	0.144	0.777	0.035
0.896	0.053	0.031	0.020
0.819	0.056	0.054	0.071
0.960	0.031	0.008	0.001
0.081	0.816	0.076	0.027
>GCCCCACCCTTC	8-GCCCCACCCTTC	7.660309	-90.223441	0	T:610.0(24.28%),B:6609.7(14.32%),P:1e-39	Tpos:270.8,Tstd:205.9,Bpos:227.8,Bstd:134.9,StrandBias:0.0,Multiplicity:1.19
0.114	0.076	0.598	0.212
0.042	0.829	0.019	0.110
0.021	0.809	0.048	0.122
0.219	0.742	0.001	0.038
0.040	0.923	0.001	0.036
0.747	0.071	0.086	0.096
0.011	0.913	0.032	0.044
0.022	0.930	0.030	0.018
0.007	0.989	0.001	0.003
0.203	0.180	0.053	0.564
0.183	0.111	0.177	0.529
0.078	0.741	0.121	0.060
>CAAACTGAAACT	9-CAAACTGAAACT	7.417309	-84.247490	0	T:355.0(14.13%),B:3168.6(6.87%),P:1e-36	Tpos:272.6,Tstd:197.8,Bpos:229.8,Bstd:143.0,StrandBias:0.0,Multiplicity:1.07
0.138	0.656	0.110	0.096
0.769	0.119	0.034	0.078
0.746	0.077	0.107	0.070
0.750	0.079	0.081	0.090
0.124	0.723	0.077	0.076
0.106	0.040	0.036	0.818
0.091	0.097	0.750	0.062
0.770	0.085	0.072	0.073
0.770	0.086	0.090	0.054
0.784	0.065	0.078	0.073
0.099	0.717	0.109	0.075
0.105	0.110	0.037	0.748
>CTGAGGTGTGGT	10-CTGAGGTGTGGT	7.230336	-71.217544	0	T:329.0(13.10%),B:3045.9(6.60%),P:1e-30	Tpos:267.9,Tstd:201.3,Bpos:229.3,Bstd:145.9,StrandBias:-0.1,Multiplicity:1.04
0.007	0.692	0.067	0.234
0.204	0.003	0.106	0.687
0.156	0.055	0.741	0.048
0.539	0.104	0.175	0.182
0.176	0.132	0.530	0.162
0.173	0.168	0.483	0.176
0.009	0.003	0.200	0.788
0.133	0.155	0.538	0.174
0.181	0.122	0.158	0.539
0.180	0.097	0.501	0.222
0.008	0.062	0.647	0.283
0.106	0.150	0.189	0.555
>ATGAGTCATTTC	11-ATGAGTCATTTC	7.347855	-49.984909	0	T:284.0(11.31%),B:2838.8(6.15%),P:1e-21	Tpos:277.7,Tstd:222.7,Bpos:228.4,Bstd:133.8,StrandBias:0.0,Multiplicity:1.07
0.659	0.132	0.098	0.111
0.098	0.036	0.059	0.807
0.081	0.103	0.732	0.084
0.784	0.036	0.049	0.131
0.067	0.133	0.715	0.085
0.078	0.062	0.051	0.809
0.080	0.768	0.099	0.053
0.790	0.094	0.037	0.079
0.068	0.097	0.119	0.716
0.096	0.087	0.067	0.750
0.093	0.082	0.071	0.754
0.094	0.716	0.088	0.102
>GGGGAAACCCCC	12-GGGGAAACCCCC	7.380089	-48.336831	0	T:297.0(11.82%),B:3052.3(6.61%),P:1e-20	Tpos:268.1,Tstd:186.9,Bpos:227.6,Bstd:138.9,StrandBias:0.2,Multiplicity:1.11
0.131	0.040	0.742	0.087
0.126	0.029	0.757	0.088
0.094	0.012	0.810	0.084
0.113	0.046	0.793	0.048
0.803	0.071	0.080	0.046
0.772	0.102	0.076	0.050
0.714	0.078	0.124	0.084
0.110	0.685	0.141	0.064
0.117	0.742	0.048	0.093
0.126	0.753	0.045	0.076
0.089	0.753	0.056	0.102
0.150	0.676	0.072	0.102
>AAAACCACGCTG	13-AAAACCACGCTG	9.124693	-41.911119	0	T:114.0(4.54%),B:813.2(1.76%),P:1e-18	Tpos:258.3,Tstd:180.1,Bpos:227.4,Bstd:140.7,StrandBias:0.3,Multiplicity:1.00
0.871	0.072	0.056	0.001
0.877	0.082	0.040	0.001
0.803	0.036	0.052	0.109
0.804	0.089	0.106	0.001
0.001	0.806	0.125	0.068
0.082	0.916	0.001	0.001
0.821	0.033	0.095	0.051
0.108	0.660	0.157	0.075
0.065	0.110	0.710	0.115
0.001	0.893	0.086	0.020
0.009	0.001	0.001	0.989
0.036	0.096	0.748	0.120
>TGTGGTAAAGGT	14-TGTGGTAAAGGT	12.906642	-41.737374	0	T:20.0(0.80%),B:20.9(0.05%),P:1e-18	Tpos:274.5,Tstd:99.8,Bpos:210.5,Bstd:107.1,StrandBias:-1.6,Multiplicity:1.05
0.001	0.001	0.001	0.997
0.001	0.001	0.997	0.001
0.001	0.001	0.001	0.997
0.001	0.001	0.997	0.001
0.069	0.001	0.929	0.001
0.053	0.001	0.001	0.945
0.997	0.001	0.001	0.001
0.929	0.069	0.001	0.001
0.929	0.001	0.001	0.069
0.039	0.001	0.890	0.070
0.251	0.054	0.694	0.001
0.069	0.001	0.001	0.929
>CTCCACACCTCC	15-CTCCACACCTCC	8.230342	-38.647395	0	T:306.0(12.18%),B:3409.1(7.39%),P:1e-16	Tpos:278.6,Tstd:194.9,Bpos:230.1,Bstd:138.9,StrandBias:0.1,Multiplicity:1.09
0.079	0.713	0.092	0.116
0.170	0.041	0.001	0.788
0.041	0.877	0.007	0.075
0.157	0.624	0.076	0.143
0.649	0.146	0.074	0.131
0.100	0.799	0.100	0.001
0.739	0.146	0.014	0.101
0.001	0.761	0.123	0.115
0.161	0.777	0.049	0.013
0.159	0.070	0.050	0.721
0.115	0.678	0.133	0.074
0.142	0.854	0.001	0.003
>AACCTCAAGGTT	16-AACCTCAAGGTT	9.954070	-34.047415	0	T:56.0(2.23%),B:287.1(0.62%),P:1e-14	Tpos:259.6,Tstd:130.5,Bpos:217.4,Bstd:123.4,StrandBias:-0.5,Multiplicity:1.02
0.829	0.099	0.036	0.036
0.683	0.185	0.046	0.086
0.065	0.796	0.053	0.086
0.053	0.841	0.046	0.060
0.023	0.052	0.001	0.924
0.023	0.913	0.041	0.023
0.977	0.012	0.001	0.010
0.804	0.041	0.080	0.075
0.084	0.001	0.898	0.017
0.102	0.018	0.821	0.059
0.001	0.091	0.129	0.779
0.024	0.150	0.087	0.739
>ACAGGAAACCTC	17-ACAGGAAACCTC	10.191103	-29.151716	0	T:63.0(2.51%),B:395.3(0.86%),P:1e-12	Tpos:246.9,Tstd:156.6,Bpos:234.6,Bstd:134.3,StrandBias:-0.2,Multiplicity:1.00
0.859	0.046	0.044	0.051
0.093	0.818	0.088	0.001
0.609	0.001	0.001	0.389
0.371	0.001	0.584	0.044
0.179	0.001	0.668	0.152
0.807	0.001	0.104	0.088
0.997	0.001	0.001	0.001
0.803	0.162	0.001	0.034
0.001	0.775	0.088	0.136
0.177	0.794	0.001	0.028
0.001	0.001	0.001	0.997
0.001	0.997	0.001	0.001
>BNAACCTCAGSB	18-BNAACCTCAGSB	7.666731	-28.452156	0	T:8.0(0.32%),B:2.2(0.00%),P:1e-12	Tpos:231.3,Tstd:120.2,Bpos:275.4,Bstd:13.9,StrandBias:0.3,Multiplicity:1.38
0.189	0.340	0.208	0.264
0.207	0.207	0.301	0.285
0.604	0.076	0.076	0.244
0.642	0.113	0.094	0.151
0.132	0.642	0.169	0.057
0.076	0.660	0.244	0.020
0.095	0.113	0.319	0.473
0.151	0.509	0.170	0.170
0.511	0.150	0.263	0.076
0.095	0.132	0.622	0.151
0.170	0.357	0.341	0.132
0.133	0.245	0.377	0.245
>AAGATGATTCAG	19-AAGATGATTCAG	13.534863	-23.750024	0	T:13.0(0.52%),B:18.3(0.04%),P:1e-10	Tpos:328.8,Tstd:155.5,Bpos:210.1,Bstd:134.4,StrandBias:3.6,Multiplicity:1.00
0.997	0.001	0.001	0.001
0.997	0.001	0.001	0.001
0.001	0.001	0.997	0.001
0.997	0.001	0.001	0.001
0.001	0.001	0.001	0.997
0.120	0.001	0.878	0.001
0.878	0.001	0.001	0.120
0.121	0.001	0.060	0.818
0.001	0.001	0.001	0.997
0.001	0.997	0.001	0.001
0.997	0.001	0.001	0.001
0.001	0.001	0.997	0.001
>AAACCATCCTAG	20-AAACCATCCTAG	14.492173	-14.624664	0	T:6.0(0.24%),B:5.3(0.01%),P:1e-6	Tpos:664.6,Tstd:456.5,Bpos:236.6,Bstd:96.7,StrandBias:1.0,Multiplicity:2.00
0.997	0.001	0.001	0.001
0.997	0.001	0.001	0.001
0.997	0.001	0.001	0.001
0.001	0.857	0.141	0.001
0.001	0.997	0.001	0.001
0.997	0.001	0.001	0.001
0.001	0.001	0.001	0.997
0.001	0.997	0.001	0.001
0.001	0.857	0.001	0.141
0.001	0.001	0.001	0.997
0.997	0.001	0.001	0.001
0.001	0.001	0.997	0.001
>CMCYACTCGTGS	21-CMCYACTCGTGS	8.310472	-13.719233	0	T:100.0(3.98%),B:1103.7(2.39%),P:1e-5	Tpos:256.7,Tstd:183.5,Bpos:226.0,Bstd:138.7,StrandBias:-0.2,Multiplicity:1.02
0.357	0.610	0.001	0.032
0.409	0.451	0.001	0.139
0.001	0.933	0.065	0.001
0.065	0.428	0.164	0.342
0.892	0.001	0.106	0.001
0.112	0.822	0.033	0.033
0.065	0.132	0.245	0.558
0.065	0.802	0.131	0.002
0.001	0.308	0.690	0.001
0.032	0.021	0.001	0.946
0.283	0.066	0.630	0.021
0.165	0.462	0.372	0.001
>GCCAACATGCAC	22-GCCAACATGCAC	13.980388	-12.593865	0	T:5.0(0.20%),B:4.6(0.01%),P:1e-5	Tpos:207.9,Tstd:65.0,Bpos:200.3,Bstd:64.7,StrandBias:-2.8,Multiplicity:1.60
0.001	0.001	0.997	0.001
0.001	0.997	0.001	0.001
0.294	0.704	0.001	0.001
0.997	0.001	0.001	0.001
0.997	0.001	0.001	0.001
0.001	0.997	0.001	0.001
0.997	0.001	0.001	0.001
0.001	0.230	0.001	0.768
0.001	0.001	0.997	0.001
0.230	0.768	0.001	0.001
0.768	0.001	0.001	0.230
0.230	0.539	0.001	0.230
>TGCAGTACATTG	23-TGCAGTACATTG	12.355432	-10.565614	0	T:3.0(0.12%),B:0.4(0.00%),P:1e-4	Tpos:115.1,Tstd:79.2,Bpos:260.0,Bstd:0.0,StrandBias:2.6,Multiplicity:2.33
0.100	0.100	0.100	0.700
0.100	0.100	0.700	0.100
0.100	0.700	0.100	0.100
0.700	0.100	0.100	0.100
0.100	0.100	0.700	0.100
0.100	0.100	0.100	0.700
0.700	0.100	0.100	0.100
0.100	0.700	0.100	0.100
0.700	0.100	0.100	0.100
0.100	0.100	0.100	0.700
0.100	0.100	0.100	0.700
0.100	0.100	0.700	0.100
>GTTAGTGTVGTG	24-GTTAGTGTVGTG	13.401795	-9.694973	0	T:6.0(0.24%),B:12.0(0.03%),P:1e-4	Tpos:210.1,Tstd:130.4,Bpos:217.4,Bstd:106.7,StrandBias:-1.4,Multiplicity:1.83
0.001	0.001	0.997	0.001
0.001	0.001	0.001	0.997
0.001	0.001	0.001	0.997
0.856	0.001	0.001	0.142
0.001	0.001	0.997	0.001
0.001	0.001	0.001	0.997
0.001	0.001	0.997	0.001
0.001	0.001	0.001	0.997
0.318	0.286	0.253	0.143
0.001	0.001	0.997	0.001
0.001	0.001	0.001	0.997
0.001	0.001	0.997	0.001
>ATGATGGCTCAG	25-ATGATGGCTCAG	16.420960	-5.200740	0	T:2.0(0.08%),B:2.0(0.00%),P:1e-2	Tpos:185.0,Tstd:98.7,Bpos:162.5,Bstd:6.8,StrandBias:-2.0,Multiplicity:2.50
0.997	0.001	0.001	0.001
0.001	0.001	0.001	0.997
0.001	0.001	0.997	0.001
0.997	0.001	0.001	0.001
0.001	0.001	0.001	0.997
0.001	0.001	0.997	0.001
0.001	0.001	0.997	0.001
0.001	0.834	0.001	0.164
0.001	0.001	0.001	0.997
0.001	0.997	0.001	0.001
0.997	0.001	0.001	0.001
0.001	0.001	0.997	0.001
>TAACCACA	1-TAACCACA	5.962660	-607.103978	0	T:1646.0(65.53%),B:14625.7(31.70%),P:1e-263	Tpos:261.8,Tstd:179.5,Bpos:229.0,Bstd:147.6,StrandBias:-0.0,Multiplicity:1.67
0.259	0.124	0.064	0.553
0.770	0.074	0.087	0.069
0.947	0.016	0.036	0.001
0.001	0.997	0.001	0.001
0.001	0.997	0.001	0.001
0.962	0.001	0.004	0.033
0.001	0.993	0.001	0.005
0.964	0.014	0.007	0.015
>TGYGGTBC	2-TGYGGTBC	2.693045	-434.791156	0	T:1831.0(72.89%),B:20288.1(43.97%),P:1e-188	Tpos:255.4,Tstd:188.5,Bpos:227.9,Bstd:145.6,StrandBias:-0.0,Multiplicity:1.34
0.001	0.001	0.001	0.997
0.001	0.001	0.997	0.001
0.001	0.487	0.001	0.511
0.001	0.001	0.997	0.001
0.001	0.001	0.997	0.001
0.001	0.209	0.001	0.789
0.001	0.354	0.258	0.387
0.149	0.566	0.104	0.181
>AAACCACT	3-AAACCACT	6.640560	-337.165339	0	T:1131.0(45.02%),B:10063.0(21.81%),P:1e-146	Tpos:266.3,Tstd:181.3,Bpos:228.1,Bstd:143.2,StrandBias:-0.1,Multiplicity:1.22
0.623	0.046	0.001	0.330
0.956	0.001	0.001	0.042
0.581	0.218	0.200	0.001
0.045	0.953	0.001	0.001
0.001	0.920	0.001	0.078
0.656	0.090	0.253	0.001
0.182	0.711	0.105	0.002
0.220	0.244	0.108	0.428
>CACTTCCT	4-CACTTCCT	8.488643	-285.707378	0	T:724.0(28.82%),B:5239.9(11.36%),P:1e-124	Tpos:267.2,Tstd:176.8,Bpos:227.7,Bstd:137.7,StrandBias:-0.1,Multiplicity:1.18
0.001	0.883	0.115	0.001
0.976	0.001	0.022	0.001
0.001	0.795	0.001	0.203
0.157	0.001	0.001	0.841
0.001	0.001	0.001	0.997
0.001	0.997	0.001	0.001
0.001	0.997	0.001	0.001
0.001	0.001	0.001	0.997
>TGTGGTCC	5-TGTGGTCC	5.943675	-248.055622	0	T:1402.0(55.81%),B:15785.5(34.21%),P:1e-107	Tpos:258.8,Tstd:192.4,Bpos:230.1,Bstd:140.8,StrandBias:0.0,Multiplicity:1.19
0.051	0.045	0.077	0.827
0.035	0.027	0.877	0.061
0.227	0.032	0.063	0.678
0.100	0.073	0.785	0.042
0.049	0.034	0.875	0.042
0.008	0.032	0.179	0.781
0.101	0.613	0.134	0.152
0.161	0.580	0.102	0.157
>CTTCCTGT	6-CTTCCTGT	8.448896	-203.019016	0	T:837.0(33.32%),B:7798.8(16.90%),P:1e-88	Tpos:275.0,Tstd:206.2,Bpos:227.3,Bstd:136.2,StrandBias:-0.0,Multiplicity:1.21
0.001	0.703	0.001	0.295
0.001	0.001	0.001	0.997
0.001	0.001	0.001	0.997
0.001	0.997	0.001	0.001
0.001	0.997	0.001	0.001
0.001	0.001	0.001	0.997
0.001	0.126	0.872	0.001
0.001	0.118	0.001	0.880
>TCACACCT	7-TCACACCT	6.895479	-184.502258	0	T:782.0(31.13%),B:7317.7(15.86%),P:1e-80	Tpos:267.1,Tstd:195.0,Bpos:228.4,Bstd:148.0,StrandBias:0.0,Multiplicity:1.26
0.071	0.141	0.006	0.782
0.175	0.610	0.204	0.011
0.770	0.040	0.053	0.137
0.080	0.890	0.006	0.024
0.762	0.114	0.089	0.035
0.041	0.842	0.034	0.083
0.060	0.762	0.048	0.130
0.081	0.282	0.048	0.589
>TTAGTTTC	8-TTAGTTTC	6.391279	-119.927262	0	T:996.0(39.65%),B:11860.9(25.71%),P:1e-52	Tpos:270.2,Tstd:183.2,Bpos:228.4,Bstd:140.8,StrandBias:-0.3,Multiplicity:1.24
0.071	0.075	0.162	0.692
0.001	0.243	0.129	0.627
0.688	0.036	0.275	0.001
0.001	0.171	0.827	0.001
0.001	0.001	0.015	0.983
0.034	0.001	0.001	0.964
0.090	0.001	0.008	0.901
0.001	0.997	0.001	0.001
>TGAGGTGA	9-TGAGGTGA	6.752660	-100.572654	0	T:822.0(32.72%),B:9584.1(20.77%),P:1e-43	Tpos:259.4,Tstd:186.5,Bpos:227.4,Bstd:145.0,StrandBias:0.1,Multiplicity:1.15
0.372	0.094	0.001	0.533
0.077	0.001	0.854	0.068
0.863	0.001	0.001	0.135
0.001	0.098	0.900	0.001
0.001	0.001	0.997	0.001
0.001	0.134	0.001	0.864
0.361	0.001	0.549	0.089
0.722	0.001	0.001	0.276
>TGASTCAT	10-TGASTCAT	6.485714	-82.689859	0	T:451.0(17.95%),B:4488.9(9.73%),P:1e-35	Tpos:281.0,Tstd:216.3,Bpos:227.3,Bstd:139.8,StrandBias:-0.1,Multiplicity:1.14
0.090	0.057	0.001	0.852
0.037	0.022	0.833	0.108
0.870	0.044	0.028	0.058
0.071	0.398	0.472	0.060
0.034	0.019	0.067	0.880
0.113	0.760	0.061	0.066
0.906	0.001	0.032	0.061
0.091	0.284	0.188	0.437
>CTTATCAC	11-CTTATCAC	6.678613	-68.386570	0	T:563.0(22.41%),B:6435.3(13.95%),P:1e-29	Tpos:286.1,Tstd:216.2,Bpos:228.8,Bstd:137.8,StrandBias:0.3,Multiplicity:1.11
0.001	0.787	0.158	0.054
0.001	0.047	0.001	0.951
0.001	0.001	0.001	0.997
0.830	0.092	0.050	0.028
0.001	0.001	0.001	0.997
0.001	0.997	0.001	0.001
0.774	0.001	0.006	0.219
0.046	0.744	0.090	0.120
>GTTTCAGT	12-GTTTCAGT	7.355418	-56.834026	0	T:258.0(10.27%),B:2362.8(5.12%),P:1e-24	Tpos:253.7,Tstd:176.5,Bpos:224.7,Bstd:142.7,StrandBias:-0.2,Multiplicity:1.07
0.001	0.001	0.997	0.001
0.001	0.001	0.001	0.997
0.001	0.001	0.001	0.997
0.001	0.001	0.001	0.997
0.001	0.997	0.001	0.001
0.880	0.082	0.037	0.001
0.001	0.219	0.657	0.123
0.001	0.001	0.001	0.997
>GGGTGGGG	13-GGGTGGGG	6.599902	-46.672476	0	T:590.0(23.49%),B:7496.4(16.25%),P:1e-20	Tpos:260.6,Tstd:197.2,Bpos:229.4,Bstd:137.6,StrandBias:0.0,Multiplicity:1.33
0.001	0.034	0.964	0.001
0.001	0.001	0.997	0.001
0.001	0.001	0.997	0.001
0.001	0.069	0.001	0.929
0.001	0.001	0.933	0.065
0.001	0.001	0.997	0.001
0.195	0.024	0.780	0.001
0.001	0.001	0.997	0.001
>AGGAAATA	14-AGGAAATA	7.543107	-34.146366	0	T:348.0(13.85%),B:4158.0(9.01%),P:1e-14	Tpos:253.5,Tstd:182.7,Bpos:228.1,Bstd:137.6,StrandBias:-0.1,Multiplicity:1.08
0.699	0.299	0.001	0.001
0.001	0.001	0.997	0.001
0.001	0.001	0.997	0.001
0.997	0.001	0.001	0.001
0.997	0.001	0.001	0.001
0.870	0.001	0.128	0.001
0.001	0.234	0.001	0.764
0.997	0.001	0.001	0.001
>CCCACAGA	15-CCCACAGA	9.606963	-33.244916	0	T:247.0(9.83%),B:2697.8(5.85%),P:1e-14	Tpos:250.3,Tstd:171.7,Bpos:228.6,Bstd:145.7,StrandBias:-0.1,Multiplicity:1.07
0.001	0.997	0.001	0.001
0.001	0.997	0.001	0.001
0.001	0.997	0.001	0.001
0.939	0.001	0.059	0.001
0.001	0.997	0.001	0.001
0.997	0.001	0.001	0.001
0.246	0.001	0.752	0.001
0.997	0.001	0.001	0.001
>CTTTCGCT	16-CTTTCGCT	6.458108	-33.025330	0	T:231.0(9.20%),B:2475.3(5.36%),P:1e-14	Tpos:245.3,Tstd:182.0,Bpos:232.7,Bstd:139.7,StrandBias:-0.2,Multiplicity:1.10
0.001	0.778	0.103	0.118
0.001	0.001	0.051	0.947
0.255	0.001	0.001	0.743
0.053	0.268	0.001	0.678
0.001	0.997	0.001	0.001
0.049	0.001	0.949	0.001
0.001	0.917	0.081	0.001
0.001	0.001	0.001	0.997
>ACGCCCTA	17-ACGCCCTA	6.658250	-29.363900	0	T:141.0(5.61%),B:1324.3(2.87%),P:1e-12	Tpos:266.0,Tstd:185.2,Bpos:222.9,Bstd:136.8,StrandBias:0.4,Multiplicity:1.04
0.746	0.140	0.001	0.113
0.001	0.997	0.001	0.001
0.001	0.001	0.997	0.001
0.001	0.997	0.001	0.001
0.001	0.997	0.001	0.001
0.001	0.617	0.345	0.037
0.320	0.001	0.001	0.678
0.643	0.001	0.001	0.355
>ACACAAYC	18-ACACAAYC	7.035559	-27.536790	0	T:273.0(10.87%),B:3235.6(7.01%),P:1e-11	Tpos:253.4,Tstd:180.7,Bpos:225.1,Bstd:148.1,StrandBias:-0.2,Multiplicity:1.07
0.997	0.001	0.001	0.001
0.029	0.969	0.001	0.001
0.851	0.001	0.147	0.001
0.001	0.997	0.001	0.001
0.715	0.276	0.008	0.001
0.955	0.043	0.001	0.001
0.001	0.466	0.001	0.532
0.001	0.997	0.001	0.001
>ATGACACA	19-ATGACACA	4.009087	-23.790896	0	T:238.0(9.47%),B:2828.5(6.13%),P:1e-10	Tpos:252.6,Tstd:193.9,Bpos:231.2,Bstd:145.3,StrandBias:-0.2,Multiplicity:1.06
0.997	0.001	0.001	0.001
0.001	0.001	0.001	0.997
0.001	0.001	0.856	0.142
0.997	0.001	0.001	0.001
0.001	0.997	0.001	0.001
0.997	0.001	0.001	0.001
0.001	0.997	0.001	0.001
0.809	0.001	0.189	0.001
>CCGCGGTA	20-CCGCGGTA	8.079221	-14.930630	0	T:45.0(1.79%),B:353.7(0.77%),P:1e-6	Tpos:240.9,Tstd:181.7,Bpos:240.0,Bstd:144.2,StrandBias:-0.5,Multiplicity:1.02
0.001	0.997	0.001	0.001
0.001	0.842	0.001	0.156
0.001	0.001	0.997	0.001
0.001	0.997	0.001	0.001
0.001	0.001	0.997	0.001
0.001	0.001	0.997	0.001
0.283	0.156	0.001	0.560
0.596	0.001	0.297	0.106
