>WAACCACANVVN	1-WAACCACANVVN	7.386572	-660.159961	0	T:1408.0(56.05%),B:10407.0(22.55%),P:1e-286	Tpos:260.7,Tstd:179.8,Bpos:230.3,Bstd:145.4,StrandBias:0.0,Multiplicity:1.48
0.345	0.197	0.066	0.393
0.468	0.172	0.253	0.107
0.572	0.189	0.238	0.001
0.001	0.997	0.001	0.001
0.001	0.997	0.001	0.001
0.997	0.001	0.001	0.001
0.001	0.997	0.001	0.001
0.891	0.001	0.001	0.107
0.295	0.146	0.277	0.282
0.217	0.350	0.239	0.195
0.272	0.351	0.238	0.140
0.235	0.229	0.195	0.340
>NNYACTTCCTGT	2-NNYACTTCCTGT	8.248090	-303.311290	0	T:814.0(32.40%),B:6166.1(13.36%),P:1e-131	Tpos:267.3,Tstd:194.3,Bpos:227.3,Bstd:135.9,StrandBias:-0.1,Multiplicity:1.22
0.289	0.204	0.266	0.241
0.180	0.323	0.208	0.289
0.141	0.375	0.213	0.271
0.523	0.146	0.207	0.124
0.001	0.608	0.001	0.390
0.175	0.001	0.001	0.823
0.001	0.001	0.001	0.997
0.001	0.956	0.015	0.028
0.001	0.997	0.001	0.001
0.001	0.018	0.001	0.980
0.001	0.217	0.548	0.234
0.126	0.339	0.041	0.495
>GAGGTGTGAAAC	3-GAGGTGTGAAAC	6.863277	-190.720325	0	T:871.0(34.67%),B:8485.3(18.39%),P:1e-82	Tpos:264.7,Tstd:187.8,Bpos:228.6,Bstd:145.5,StrandBias:0.0,Multiplicity:1.27
0.232	0.059	0.598	0.111
0.715	0.085	0.131	0.069
0.169	0.036	0.698	0.097
0.027	0.039	0.865	0.069
0.006	0.007	0.001	0.986
0.057	0.004	0.938	0.001
0.267	0.014	0.021	0.698
0.023	0.069	0.768	0.140
0.742	0.073	0.149	0.036
0.477	0.262	0.185	0.075
0.486	0.120	0.256	0.138
0.215	0.445	0.147	0.193
>KGTGGTTAACAN	4-KGTGGTTAACAN	7.080457	-156.830689	0	T:345.0(13.73%),B:2175.4(4.71%),P:1e-68	Tpos:267.3,Tstd:174.3,Bpos:225.7,Bstd:149.7,StrandBias:0.2,Multiplicity:1.06
0.209	0.131	0.298	0.363
0.107	0.104	0.663	0.126
0.104	0.039	0.095	0.762
0.098	0.044	0.755	0.103
0.109	0.101	0.685	0.105
0.087	0.107	0.111	0.695
0.122	0.092	0.112	0.674
0.651	0.115	0.118	0.116
0.658	0.117	0.119	0.106
0.111	0.689	0.122	0.078
0.768	0.096	0.015	0.121
0.267	0.220	0.259	0.254
>AAACCACAAAGH	5-AAACCACAAAGH	7.277636	-143.189967	0	T:754.0(30.02%),B:7632.4(16.54%),P:1e-62	Tpos:263.7,Tstd:194.3,Bpos:225.6,Bstd:142.0,StrandBias:-0.2,Multiplicity:1.14
0.450	0.262	0.169	0.119
0.784	0.061	0.001	0.154
0.718	0.147	0.081	0.054
0.024	0.845	0.013	0.118
0.033	0.904	0.001	0.062
0.729	0.094	0.011	0.166
0.039	0.773	0.146	0.042
0.701	0.198	0.001	0.100
0.707	0.209	0.083	0.001
0.955	0.001	0.014	0.030
0.056	0.035	0.895	0.014
0.357	0.263	0.139	0.241
>GTGGTTTGTGGT	6-GTGGTTTGTGGT	9.593979	-124.283266	0	T:183.0(7.29%),B:836.3(1.81%),P:1e-53	Tpos:247.8,Tstd:159.3,Bpos:232.1,Bstd:140.7,StrandBias:-0.1,Multiplicity:1.03
0.072	0.101	0.778	0.049
0.066	0.017	0.100	0.817
0.001	0.017	0.948	0.034
0.082	0.029	0.811	0.078
0.078	0.102	0.045	0.775
0.011	0.055	0.084	0.850
0.085	0.026	0.091	0.798
0.026	0.068	0.821	0.085
0.089	0.001	0.083	0.827
0.025	0.001	0.967	0.007
0.045	0.067	0.839	0.049
0.055	0.064	0.105	0.776
>TGAAAGTGAAAC	7-TGAAAGTGAAAC	9.334568	-99.690937	0	T:165.0(6.57%),B:832.9(1.80%),P:1e-43	Tpos:251.7,Tstd:169.6,Bpos:234.6,Bstd:141.4,StrandBias:0.4,Multiplicity:1.04
0.148	0.020	0.021	0.811
0.084	0.150	0.671	0.095
0.797	0.020	0.128	0.055
0.930	0.041	0.009	0.020
0.895	0.020	0.037	0.048
0.085	0.214	0.681	0.020
0.105	0.001	0.064	0.830
0.044	0.144	0.777	0.035
0.896	0.053	0.031	0.020
0.819	0.056	0.054	0.071
0.960	0.031	0.008	0.001
0.081	0.816	0.076	0.027
>GCCCCACCCTTC	8-GCCCCACCCTTC	7.660309	-90.223441	0	T:610.0(24.28%),B:6609.7(14.32%),P:1e-39	Tpos:270.8,Tstd:205.9,Bpos:227.8,Bstd:134.9,StrandBias:0.0,Multiplicity:1.19
0.114	0.076	0.598	0.212
0.042	0.829	0.019	0.110
0.021	0.809	0.048	0.122
0.219	0.742	0.001	0.038
0.040	0.923	0.001	0.036
0.747	0.071	0.086	0.096
0.011	0.913	0.032	0.044
0.022	0.930	0.030	0.018
0.007	0.989	0.001	0.003
0.203	0.180	0.053	0.564
0.183	0.111	0.177	0.529
0.078	0.741	0.121	0.060
>CAAACTGAAACT	9-CAAACTGAAACT	7.417309	-84.247490	0	T:355.0(14.13%),B:3168.6(6.87%),P:1e-36	Tpos:272.6,Tstd:197.8,Bpos:229.8,Bstd:143.0,StrandBias:0.0,Multiplicity:1.07
0.138	0.656	0.110	0.096
0.769	0.119	0.034	0.078
0.746	0.077	0.107	0.070
0.750	0.079	0.081	0.090
0.124	0.723	0.077	0.076
0.106	0.040	0.036	0.818
0.091	0.097	0.750	0.062
0.770	0.085	0.072	0.073
0.770	0.086	0.090	0.054
0.784	0.065	0.078	0.073
0.099	0.717	0.109	0.075
0.105	0.110	0.037	0.748
>CTGAGGTGTGGT	10-CTGAGGTGTGGT	7.230336	-71.217544	0	T:329.0(13.10%),B:3045.9(6.60%),P:1e-30	Tpos:267.9,Tstd:201.3,Bpos:229.3,Bstd:145.9,StrandBias:-0.1,Multiplicity:1.04
0.007	0.692	0.067	0.234
0.204	0.003	0.106	0.687
0.156	0.055	0.741	0.048
0.539	0.104	0.175	0.182
0.176	0.132	0.530	0.162
0.173	0.168	0.483	0.176
0.009	0.003	0.200	0.788
0.133	0.155	0.538	0.174
0.181	0.122	0.158	0.539
0.180	0.097	0.501	0.222
0.008	0.062	0.647	0.283
0.106	0.150	0.189	0.555
>ATGAGTCATTTC	11-ATGAGTCATTTC	7.347855	-49.984909	0	T:284.0(11.31%),B:2838.8(6.15%),P:1e-21	Tpos:277.7,Tstd:222.7,Bpos:228.4,Bstd:133.8,StrandBias:0.0,Multiplicity:1.07
0.659	0.132	0.098	0.111
0.098	0.036	0.059	0.807
0.081	0.103	0.732	0.084
0.784	0.036	0.049	0.131
0.067	0.133	0.715	0.085
0.078	0.062	0.051	0.809
0.080	0.768	0.099	0.053
0.790	0.094	0.037	0.079
0.068	0.097	0.119	0.716
0.096	0.087	0.067	0.750
0.093	0.082	0.071	0.754
0.094	0.716	0.088	0.102
>GGGGAAACCCCC	12-GGGGAAACCCCC	7.380089	-48.336831	0	T:297.0(11.82%),B:3052.3(6.61%),P:1e-20	Tpos:268.1,Tstd:186.9,Bpos:227.6,Bstd:138.9,StrandBias:0.2,Multiplicity:1.11
0.131	0.040	0.742	0.087
0.126	0.029	0.757	0.088
0.094	0.012	0.810	0.084
0.113	0.046	0.793	0.048
0.803	0.071	0.080	0.046
0.772	0.102	0.076	0.050
0.714	0.078	0.124	0.084
0.110	0.685	0.141	0.064
0.117	0.742	0.048	0.093
0.126	0.753	0.045	0.076
0.089	0.753	0.056	0.102
0.150	0.676	0.072	0.102
>AAAACCACGCTG	13-AAAACCACGCTG	9.124693	-41.911119	0	T:114.0(4.54%),B:813.2(1.76%),P:1e-18	Tpos:258.3,Tstd:180.1,Bpos:227.4,Bstd:140.7,StrandBias:0.3,Multiplicity:1.00
0.871	0.072	0.056	0.001
0.877	0.082	0.040	0.001
0.803	0.036	0.052	0.109
0.804	0.089	0.106	0.001
0.001	0.806	0.125	0.068
0.082	0.916	0.001	0.001
0.821	0.033	0.095	0.051
0.108	0.660	0.157	0.075
0.065	0.110	0.710	0.115
0.001	0.893	0.086	0.020
0.009	0.001	0.001	0.989
0.036	0.096	0.748	0.120
>TGTGGTAAAGGT	14-TGTGGTAAAGGT	12.906642	-41.737374	0	T:20.0(0.80%),B:20.9(0.05%),P:1e-18	Tpos:274.5,Tstd:99.8,Bpos:210.5,Bstd:107.1,StrandBias:-1.6,Multiplicity:1.05
0.001	0.001	0.001	0.997
0.001	0.001	0.997	0.001
0.001	0.001	0.001	0.997
0.001	0.001	0.997	0.001
0.069	0.001	0.929	0.001
0.053	0.001	0.001	0.945
0.997	0.001	0.001	0.001
0.929	0.069	0.001	0.001
0.929	0.001	0.001	0.069
0.039	0.001	0.890	0.070
0.251	0.054	0.694	0.001
0.069	0.001	0.001	0.929
>CTCCACACCTCC	15-CTCCACACCTCC	8.230342	-38.647395	0	T:306.0(12.18%),B:3409.1(7.39%),P:1e-16	Tpos:278.6,Tstd:194.9,Bpos:230.1,Bstd:138.9,StrandBias:0.1,Multiplicity:1.09
0.079	0.713	0.092	0.116
0.170	0.041	0.001	0.788
0.041	0.877	0.007	0.075
0.157	0.624	0.076	0.143
0.649	0.146	0.074	0.131
0.100	0.799	0.100	0.001
0.739	0.146	0.014	0.101
0.001	0.761	0.123	0.115
0.161	0.777	0.049	0.013
0.159	0.070	0.050	0.721
0.115	0.678	0.133	0.074
0.142	0.854	0.001	0.003
>AACCTCAAGGTT	16-AACCTCAAGGTT	9.954070	-34.047415	0	T:56.0(2.23%),B:287.1(0.62%),P:1e-14	Tpos:259.6,Tstd:130.5,Bpos:217.4,Bstd:123.4,StrandBias:-0.5,Multiplicity:1.02
0.829	0.099	0.036	0.036
0.683	0.185	0.046	0.086
0.065	0.796	0.053	0.086
0.053	0.841	0.046	0.060
0.023	0.052	0.001	0.924
0.023	0.913	0.041	0.023
0.977	0.012	0.001	0.010
0.804	0.041	0.080	0.075
0.084	0.001	0.898	0.017
0.102	0.018	0.821	0.059
0.001	0.091	0.129	0.779
0.024	0.150	0.087	0.739
>ACAGGAAACCTC	17-ACAGGAAACCTC	10.191103	-29.151716	0	T:63.0(2.51%),B:395.3(0.86%),P:1e-12	Tpos:246.9,Tstd:156.6,Bpos:234.6,Bstd:134.3,StrandBias:-0.2,Multiplicity:1.00
0.859	0.046	0.044	0.051
0.093	0.818	0.088	0.001
0.609	0.001	0.001	0.389
0.371	0.001	0.584	0.044
0.179	0.001	0.668	0.152
0.807	0.001	0.104	0.088
0.997	0.001	0.001	0.001
0.803	0.162	0.001	0.034
0.001	0.775	0.088	0.136
0.177	0.794	0.001	0.028
0.001	0.001	0.001	0.997
0.001	0.997	0.001	0.001
>BNAACCTCAGSB	18-BNAACCTCAGSB	7.666731	-28.452156	0	T:8.0(0.32%),B:2.2(0.00%),P:1e-12	Tpos:231.3,Tstd:120.2,Bpos:275.4,Bstd:13.9,StrandBias:0.3,Multiplicity:1.38
0.189	0.340	0.208	0.264
0.207	0.207	0.301	0.285
0.604	0.076	0.076	0.244
0.642	0.113	0.094	0.151
0.132	0.642	0.169	0.057
0.076	0.660	0.244	0.020
0.095	0.113	0.319	0.473
0.151	0.509	0.170	0.170
0.511	0.150	0.263	0.076
0.095	0.132	0.622	0.151
0.170	0.357	0.341	0.132
0.133	0.245	0.377	0.245
>AAGATGATTCAG	19-AAGATGATTCAG	13.534863	-23.750024	0	T:13.0(0.52%),B:18.3(0.04%),P:1e-10	Tpos:328.8,Tstd:155.5,Bpos:210.1,Bstd:134.4,StrandBias:3.6,Multiplicity:1.00
0.997	0.001	0.001	0.001
0.997	0.001	0.001	0.001
0.001	0.001	0.997	0.001
0.997	0.001	0.001	0.001
0.001	0.001	0.001	0.997
0.120	0.001	0.878	0.001
0.878	0.001	0.001	0.120
0.121	0.001	0.060	0.818
0.001	0.001	0.001	0.997
0.001	0.997	0.001	0.001
0.997	0.001	0.001	0.001
0.001	0.001	0.997	0.001
>AAACCATCCTAG	20-AAACCATCCTAG	14.492173	-14.624664	0	T:6.0(0.24%),B:5.3(0.01%),P:1e-6	Tpos:664.6,Tstd:456.5,Bpos:236.6,Bstd:96.7,StrandBias:1.0,Multiplicity:2.00
0.997	0.001	0.001	0.001
0.997	0.001	0.001	0.001
0.997	0.001	0.001	0.001
0.001	0.857	0.141	0.001
0.001	0.997	0.001	0.001
0.997	0.001	0.001	0.001
0.001	0.001	0.001	0.997
0.001	0.997	0.001	0.001
0.001	0.857	0.001	0.141
0.001	0.001	0.001	0.997
0.997	0.001	0.001	0.001
0.001	0.001	0.997	0.001
>CMCYACTCGTGS	21-CMCYACTCGTGS	8.310472	-13.719233	0	T:100.0(3.98%),B:1103.7(2.39%),P:1e-5	Tpos:256.7,Tstd:183.5,Bpos:226.0,Bstd:138.7,StrandBias:-0.2,Multiplicity:1.02
0.357	0.610	0.001	0.032
0.409	0.451	0.001	0.139
0.001	0.933	0.065	0.001
0.065	0.428	0.164	0.342
0.892	0.001	0.106	0.001
0.112	0.822	0.033	0.033
0.065	0.132	0.245	0.558
0.065	0.802	0.131	0.002
0.001	0.308	0.690	0.001
0.032	0.021	0.001	0.946
0.283	0.066	0.630	0.021
0.165	0.462	0.372	0.001
>GCCAACATGCAC	22-GCCAACATGCAC	13.980388	-12.593865	0	T:5.0(0.20%),B:4.6(0.01%),P:1e-5	Tpos:207.9,Tstd:65.0,Bpos:200.3,Bstd:64.7,StrandBias:-2.8,Multiplicity:1.60
0.001	0.001	0.997	0.001
0.001	0.997	0.001	0.001
0.294	0.704	0.001	0.001
0.997	0.001	0.001	0.001
0.997	0.001	0.001	0.001
0.001	0.997	0.001	0.001
0.997	0.001	0.001	0.001
0.001	0.230	0.001	0.768
0.001	0.001	0.997	0.001
0.230	0.768	0.001	0.001
0.768	0.001	0.001	0.230
0.230	0.539	0.001	0.230
>TGCAGTACATTG	23-TGCAGTACATTG	12.355432	-10.565614	0	T:3.0(0.12%),B:0.4(0.00%),P:1e-4	Tpos:115.1,Tstd:79.2,Bpos:260.0,Bstd:0.0,StrandBias:2.6,Multiplicity:2.33
0.100	0.100	0.100	0.700
0.100	0.100	0.700	0.100
0.100	0.700	0.100	0.100
0.700	0.100	0.100	0.100
0.100	0.100	0.700	0.100
0.100	0.100	0.100	0.700
0.700	0.100	0.100	0.100
0.100	0.700	0.100	0.100
0.700	0.100	0.100	0.100
0.100	0.100	0.100	0.700
0.100	0.100	0.100	0.700
0.100	0.100	0.700	0.100
>GTTAGTGTVGTG	24-GTTAGTGTVGTG	13.401795	-9.694973	0	T:6.0(0.24%),B:12.0(0.03%),P:1e-4	Tpos:210.1,Tstd:130.4,Bpos:217.4,Bstd:106.7,StrandBias:-1.4,Multiplicity:1.83
0.001	0.001	0.997	0.001
0.001	0.001	0.001	0.997
0.001	0.001	0.001	0.997
0.856	0.001	0.001	0.142
0.001	0.001	0.997	0.001
0.001	0.001	0.001	0.997
0.001	0.001	0.997	0.001
0.001	0.001	0.001	0.997
0.318	0.286	0.253	0.143
0.001	0.001	0.997	0.001
0.001	0.001	0.001	0.997
0.001	0.001	0.997	0.001
>ATGATGGCTCAG	25-ATGATGGCTCAG	16.420960	-5.200740	0	T:2.0(0.08%),B:2.0(0.00%),P:1e-2	Tpos:185.0,Tstd:98.7,Bpos:162.5,Bstd:6.8,StrandBias:-2.0,Multiplicity:2.50
0.997	0.001	0.001	0.001
0.001	0.001	0.001	0.997
0.001	0.001	0.997	0.001
0.997	0.001	0.001	0.001
0.001	0.001	0.001	0.997
0.001	0.001	0.997	0.001
0.001	0.001	0.997	0.001
0.001	0.834	0.001	0.164
0.001	0.001	0.001	0.997
0.001	0.997	0.001	0.001
0.997	0.001	0.001	0.001
0.001	0.001	0.997	0.001
