>TYGTATGAGCTC	1-TYGTATGAGCTC	10.002829	-25.872805	0	T:15.0(6.52%),B:275.9(0.55%),P:1e-11	Tpos:313.8,Tstd:191.7,Bpos:211.2,Bstd:135.3,StrandBias:1.5,Multiplicity:1.00
0.001	0.323	0.001	0.675
0.001	0.348	0.163	0.487
0.066	0.164	0.495	0.275
0.001	0.065	0.056	0.878
0.787	0.049	0.163	0.001
0.001	0.001	0.071	0.927
0.235	0.001	0.611	0.153
0.917	0.001	0.081	0.001
0.245	0.007	0.747	0.001
0.001	0.933	0.001	0.065
0.001	0.001	0.081	0.917
0.072	0.774	0.072	0.082
>ACTGGTCAGTCC	2-ACTGGTCAGTCC	11.311710	-25.566539	0	T:10.0(4.35%),B:80.6(0.16%),P:1e-11	Tpos:186.2,Tstd:96.1,Bpos:195.6,Bstd:122.8,StrandBias:0.6,Multiplicity:1.00
0.871	0.001	0.001	0.127
0.001	0.997	0.001	0.001
0.001	0.001	0.001	0.997
0.001	0.001	0.871	0.127
0.001	0.112	0.663	0.224
0.111	0.001	0.001	0.887
0.001	0.487	0.256	0.256
0.871	0.001	0.001	0.127
0.001	0.001	0.871	0.127
0.112	0.240	0.001	0.647
0.001	0.871	0.127	0.001
0.022	0.976	0.001	0.001
>AAATGTAATGAA	3-AAATGTAATGAA	13.286883	-23.946329	0	T:11.0(4.78%),B:129.4(0.26%),P:1e-10	Tpos:337.9,Tstd:211.4,Bpos:229.4,Bstd:114.8,StrandBias:0.3,Multiplicity:1.00
0.997	0.001	0.001	0.001
0.997	0.001	0.001	0.001
0.819	0.001	0.001	0.179
0.001	0.001	0.152	0.846
0.106	0.001	0.892	0.001
0.096	0.001	0.001	0.902
0.855	0.001	0.001	0.143
0.997	0.001	0.001	0.001
0.001	0.001	0.001	0.997
0.001	0.129	0.869	0.001
0.809	0.001	0.001	0.189
0.997	0.001	0.001	0.001
>TATACTACACTA	4-TATACTACACTA	14.051390	-23.684136	0	T:5.0(2.17%),B:5.6(0.01%),P:1e-10	Tpos:169.4,Tstd:89.9,Bpos:197.4,Bstd:126.4,StrandBias:2.0,Multiplicity:1.00
0.001	0.001	0.001	0.997
0.997	0.001	0.001	0.001
0.001	0.001	0.001	0.997
0.670	0.001	0.001	0.328
0.001	0.664	0.001	0.334
0.001	0.001	0.001	0.997
0.730	0.268	0.001	0.001
0.001	0.730	0.001	0.268
0.664	0.001	0.334	0.001
0.001	0.997	0.001	0.001
0.001	0.001	0.001	0.997
0.997	0.001	0.001	0.001
>TTCAACCTCATT	5-TTCAACCTCATT	14.558604	-21.629687	0	T:6.0(2.61%),B:18.3(0.04%),P:1e-9	Tpos:467.2,Tstd:668.7,Bpos:257.2,Bstd:124.0,StrandBias:-1.0,Multiplicity:1.00
0.001	0.001	0.001	0.997
0.001	0.001	0.001	0.997
0.001	0.997	0.001	0.001
0.765	0.001	0.001	0.233
0.997	0.001	0.001	0.001
0.001	0.778	0.001	0.220
0.233	0.765	0.001	0.001
0.001	0.001	0.001	0.997
0.001	0.997	0.001	0.001
0.997	0.001	0.001	0.001
0.001	0.001	0.001	0.997
0.001	0.001	0.001	0.997
>TGATATTTGTTT	6-TGATATTTGTTT	9.988902	-13.840776	0	T:10.0(4.35%),B:280.9(0.56%),P:1e-6	Tpos:245.9,Tstd:224.2,Bpos:225.0,Bstd:124.4,StrandBias:1.2,Multiplicity:1.00
0.137	0.045	0.078	0.740
0.147	0.118	0.537	0.198
0.622	0.113	0.135	0.130
0.132	0.093	0.098	0.677
0.620	0.093	0.114	0.173
0.113	0.086	0.093	0.708
0.127	0.136	0.110	0.627
0.073	0.046	0.066	0.815
0.151	0.129	0.533	0.187
0.116	0.132	0.072	0.680
0.092	0.108	0.087	0.713
0.109	0.090	0.073	0.728
>CCATKTCTGATA	7-CCATKTCTGATA	12.230908	-13.599885	0	T:6.0(2.61%),B:71.2(0.14%),P:1e-5	Tpos:187.0,Tstd:117.5,Bpos:210.5,Bstd:114.1,StrandBias:-0.7,Multiplicity:1.33
0.001	0.997	0.001	0.001
0.001	0.997	0.001	0.001
0.863	0.001	0.001	0.135
0.001	0.001	0.001	0.997
0.209	0.001	0.445	0.345
0.001	0.001	0.001	0.997
0.001	0.997	0.001	0.001
0.001	0.001	0.001	0.997
0.001	0.001	0.997	0.001
0.997	0.001	0.001	0.001
0.001	0.209	0.209	0.581
0.997	0.001	0.001	0.001
>AAAAGAACTAGG	8-AAAAGAACTAGG	12.355432	-5.378546	0	T:1.0(0.43%),B:1.0(0.00%),P:1e-2	Tpos:106.0,Tstd:25.3,Bpos:346.0,Bstd:0.0,StrandBias:10.0,Multiplicity:3.00
0.700	0.100	0.100	0.100
0.700	0.100	0.100	0.100
0.700	0.100	0.100	0.100
0.700	0.100	0.100	0.100
0.100	0.100	0.700	0.100
0.700	0.100	0.100	0.100
0.700	0.100	0.100	0.100
0.100	0.700	0.100	0.100
0.100	0.100	0.100	0.700
0.700	0.100	0.100	0.100
0.100	0.100	0.700	0.100
0.100	0.100	0.700	0.100
>GCGGCCGCGGCC	9-GCGGCCGCGGCC	15.741442	-5.378546	0	T:1.0(0.43%),B:1.0(0.00%),P:1e-2	Tpos:317.0,Tstd:0.0,Bpos:145.0,Bstd:0.0,StrandBias:10.0,Multiplicity:1.00
0.001	0.001	0.749	0.249
0.001	0.997	0.001	0.001
0.001	0.001	0.997	0.001
0.001	0.001	0.997	0.001
0.001	0.997	0.001	0.001
0.249	0.749	0.001	0.001
0.001	0.001	0.997	0.001
0.001	0.997	0.001	0.001
0.001	0.001	0.749	0.249
0.001	0.001	0.997	0.001
0.001	0.997	0.001	0.001
0.001	0.997	0.001	0.001
