>AATGAGTCAT	1-AATGAGTCAT	8.322806	-49.548488	0	T:57.0(18.69%),B:1948.0(3.98%),P:1e-21	Tpos:204.5,Tstd:139.5,Bpos:204.3,Bstd:120.3,StrandBias:-0.1,Multiplicity:1.19
0.638	0.059	0.007	0.296
0.587	0.206	0.111	0.096
0.001	0.001	0.050	0.948
0.001	0.121	0.877	0.001
0.800	0.001	0.001	0.198
0.053	0.157	0.789	0.001
0.001	0.032	0.001	0.966
0.001	0.997	0.001	0.001
0.949	0.001	0.001	0.049
0.230	0.161	0.142	0.467
>WAGATCAAAG	2-WAGATCAAAG	8.316919	-34.656632	0	T:29.0(9.51%),B:675.3(1.38%),P:1e-15	Tpos:241.7,Tstd:144.6,Bpos:207.0,Bstd:120.7,StrandBias:0.4,Multiplicity:1.03
0.437	0.200	0.014	0.350
0.771	0.054	0.092	0.083
0.073	0.334	0.572	0.021
0.878	0.022	0.077	0.023
0.167	0.014	0.001	0.818
0.248	0.436	0.253	0.063
0.777	0.113	0.044	0.066
0.587	0.335	0.039	0.039
0.658	0.001	0.184	0.157
0.034	0.253	0.636	0.077
>TGAGTTACTC	3-TGAGTTACTC	8.575627	-25.584747	0	T:36.0(11.80%),B:1497.0(3.06%),P:1e-11	Tpos:258.8,Tstd:125.3,Bpos:208.3,Bstd:123.7,StrandBias:0.7,Multiplicity:1.07
0.001	0.001	0.001	0.997
0.001	0.046	0.892	0.061
0.997	0.001	0.001	0.001
0.084	0.001	0.914	0.001
0.039	0.001	0.001	0.959
0.143	0.342	0.002	0.513
0.630	0.368	0.001	0.001
0.001	0.847	0.001	0.151
0.001	0.001	0.001	0.997
0.001	0.571	0.389	0.039
>TGTCTGCTAG	4-TGTCTGCTAG	9.925163	-25.483171	0	T:25.0(8.20%),B:719.4(1.47%),P:1e-11	Tpos:289.9,Tstd:271.9,Bpos:205.0,Bstd:121.8,StrandBias:0.2,Multiplicity:1.00
0.001	0.200	0.001	0.798
0.149	0.080	0.770	0.001
0.001	0.001	0.001	0.997
0.001	0.997	0.001	0.001
0.001	0.001	0.001	0.997
0.001	0.001	0.997	0.001
0.001	0.997	0.001	0.001
0.085	0.001	0.001	0.913
0.588	0.001	0.410	0.001
0.074	0.001	0.924	0.001
>CACAGGCTTT	5-CACAGGCTTT	8.391536	-24.027319	0	T:46.0(15.08%),B:2455.4(5.02%),P:1e-10	Tpos:217.8,Tstd:151.8,Bpos:206.5,Bstd:119.3,StrandBias:-0.3,Multiplicity:1.15
0.001	0.825	0.094	0.080
0.799	0.159	0.001	0.041
0.001	0.859	0.001	0.139
0.931	0.001	0.067	0.001
0.002	0.251	0.609	0.138
0.223	0.204	0.548	0.025
0.030	0.937	0.001	0.032
0.001	0.001	0.001	0.997
0.075	0.055	0.149	0.721
0.165	0.047	0.001	0.787
>HACTTTCCAC	6-HACTTTCCAC	7.321236	-20.591142	0	T:44.0(14.43%),B:2539.8(5.19%),P:1e-8	Tpos:264.0,Tstd:172.0,Bpos:206.2,Bstd:119.4,StrandBias:0.4,Multiplicity:1.11
0.349	0.254	0.138	0.259
0.520	0.088	0.123	0.269
0.263	0.585	0.060	0.092
0.001	0.223	0.001	0.775
0.001	0.257	0.001	0.741
0.108	0.221	0.062	0.609
0.013	0.886	0.050	0.051
0.250	0.685	0.001	0.064
0.708	0.036	0.036	0.220
0.065	0.647	0.068	0.220
>GGTTGTGGTT	7-GGTTGTGGTT	7.614419	-20.537722	0	T:47.0(15.41%),B:2837.7(5.80%),P:1e-8	Tpos:241.5,Tstd:171.9,Bpos:204.7,Bstd:123.1,StrandBias:0.1,Multiplicity:1.13
0.001	0.001	0.856	0.142
0.084	0.183	0.672	0.061
0.002	0.034	0.001	0.963
0.085	0.001	0.058	0.856
0.093	0.047	0.859	0.001
0.001	0.119	0.027	0.853
0.089	0.001	0.760	0.150
0.038	0.040	0.683	0.239
0.036	0.053	0.052	0.859
0.167	0.043	0.033	0.757
>GTGGGCGGGA	8-GTGGGCGGGA	7.133782	-20.250850	0	T:61.0(20.00%),B:4334.2(8.86%),P:1e-8	Tpos:239.9,Tstd:170.9,Bpos:202.7,Bstd:124.9,StrandBias:0.3,Multiplicity:1.15
0.001	0.079	0.790	0.130
0.048	0.065	0.069	0.818
0.014	0.049	0.798	0.139
0.057	0.133	0.720	0.090
0.056	0.082	0.848	0.014
0.082	0.782	0.046	0.090
0.088	0.044	0.837	0.031
0.100	0.097	0.733	0.070
0.062	0.081	0.825	0.032
0.862	0.017	0.060	0.061
>AMDGGGCGGG	9-AMDGGGCGGG	8.787754	-15.215174	0	T:29.0(9.51%),B:1563.3(3.20%),P:1e-6	Tpos:256.2,Tstd:163.0,Bpos:204.2,Bstd:118.4,StrandBias:0.0,Multiplicity:1.38
0.737	0.250	0.012	0.001
0.413	0.446	0.128	0.012
0.365	0.001	0.299	0.335
0.057	0.001	0.941	0.001
0.196	0.001	0.802	0.001
0.001	0.097	0.901	0.001
0.261	0.455	0.181	0.103
0.004	0.001	0.991	0.004
0.001	0.069	0.601	0.329
0.091	0.008	0.900	0.001
>ACAGGATSCC	10-ACAGGATSCC	11.758423	-10.425396	0	T:7.0(2.30%),B:137.4(0.28%),P:1e-4	Tpos:188.8,Tstd:143.6,Bpos:214.3,Bstd:112.0,StrandBias:2.0,Multiplicity:1.43
0.714	0.284	0.001	0.001
0.001	0.599	0.001	0.399
0.997	0.001	0.001	0.001
0.001	0.001	0.997	0.001
0.001	0.001	0.997	0.001
0.997	0.001	0.001	0.001
0.001	0.001	0.001	0.997
0.001	0.561	0.437	0.001
0.001	0.997	0.001	0.001
0.001	0.997	0.001	0.001
>TCTGCATCAC	11-TCTGCATCAC	8.860791	-9.482129	0	T:11.0(3.61%),B:416.9(0.85%),P:1e-4	Tpos:207.7,Tstd:87.9,Bpos:203.1,Bstd:120.2,StrandBias:2.0,Multiplicity:1.82
0.001	0.063	0.001	0.935
0.001	0.997	0.001	0.001
0.001	0.121	0.001	0.877
0.093	0.001	0.905	0.001
0.001	0.997	0.001	0.001
0.873	0.001	0.125	0.001
0.001	0.282	0.001	0.716
0.001	0.997	0.001	0.001
0.997	0.001	0.001	0.001
0.001	0.997	0.001	0.001
