>AATGAGTCAT	1-AATGAGTCAT	8.322806	-49.548488	0	T:57.0(18.69%),B:1948.0(3.98%),P:1e-21	Tpos:204.5,Tstd:139.5,Bpos:204.3,Bstd:120.3,StrandBias:-0.1,Multiplicity:1.19
0.638	0.059	0.007	0.296
0.587	0.206	0.111	0.096
0.001	0.001	0.050	0.948
0.001	0.121	0.877	0.001
0.800	0.001	0.001	0.198
0.053	0.157	0.789	0.001
0.001	0.032	0.001	0.966
0.001	0.997	0.001	0.001
0.949	0.001	0.001	0.049
0.230	0.161	0.142	0.467
>WAGATCAAAG	2-WAGATCAAAG	8.316919	-34.656632	0	T:29.0(9.51%),B:675.3(1.38%),P:1e-15	Tpos:241.7,Tstd:144.6,Bpos:207.0,Bstd:120.7,StrandBias:0.4,Multiplicity:1.03
0.437	0.200	0.014	0.350
0.771	0.054	0.092	0.083
0.073	0.334	0.572	0.021
0.878	0.022	0.077	0.023
0.167	0.014	0.001	0.818
0.248	0.436	0.253	0.063
0.777	0.113	0.044	0.066
0.587	0.335	0.039	0.039
0.658	0.001	0.184	0.157
0.034	0.253	0.636	0.077
>TGAGTTACTC	3-TGAGTTACTC	8.575627	-25.584747	0	T:36.0(11.80%),B:1497.0(3.06%),P:1e-11	Tpos:258.8,Tstd:125.3,Bpos:208.3,Bstd:123.7,StrandBias:0.7,Multiplicity:1.07
0.001	0.001	0.001	0.997
0.001	0.046	0.892	0.061
0.997	0.001	0.001	0.001
0.084	0.001	0.914	0.001
0.039	0.001	0.001	0.959
0.143	0.342	0.002	0.513
0.630	0.368	0.001	0.001
0.001	0.847	0.001	0.151
0.001	0.001	0.001	0.997
0.001	0.571	0.389	0.039
>TGTCTGCTAG	4-TGTCTGCTAG	9.925163	-25.483171	0	T:25.0(8.20%),B:719.4(1.47%),P:1e-11	Tpos:289.9,Tstd:271.9,Bpos:205.0,Bstd:121.8,StrandBias:0.2,Multiplicity:1.00
0.001	0.200	0.001	0.798
0.149	0.080	0.770	0.001
0.001	0.001	0.001	0.997
0.001	0.997	0.001	0.001
0.001	0.001	0.001	0.997
0.001	0.001	0.997	0.001
0.001	0.997	0.001	0.001
0.085	0.001	0.001	0.913
0.588	0.001	0.410	0.001
0.074	0.001	0.924	0.001
>CACAGGCTTT	5-CACAGGCTTT	8.391536	-24.027319	0	T:46.0(15.08%),B:2455.4(5.02%),P:1e-10	Tpos:217.8,Tstd:151.8,Bpos:206.5,Bstd:119.3,StrandBias:-0.3,Multiplicity:1.15
0.001	0.825	0.094	0.080
0.799	0.159	0.001	0.041
0.001	0.859	0.001	0.139
0.931	0.001	0.067	0.001
0.002	0.251	0.609	0.138
0.223	0.204	0.548	0.025
0.030	0.937	0.001	0.032
0.001	0.001	0.001	0.997
0.075	0.055	0.149	0.721
0.165	0.047	0.001	0.787
>HACTTTCCAC	6-HACTTTCCAC	7.321236	-20.591142	0	T:44.0(14.43%),B:2539.8(5.19%),P:1e-8	Tpos:264.0,Tstd:172.0,Bpos:206.2,Bstd:119.4,StrandBias:0.4,Multiplicity:1.11
0.349	0.254	0.138	0.259
0.520	0.088	0.123	0.269
0.263	0.585	0.060	0.092
0.001	0.223	0.001	0.775
0.001	0.257	0.001	0.741
0.108	0.221	0.062	0.609
0.013	0.886	0.050	0.051
0.250	0.685	0.001	0.064
0.708	0.036	0.036	0.220
0.065	0.647	0.068	0.220
>GGTTGTGGTT	7-GGTTGTGGTT	7.614419	-20.537722	0	T:47.0(15.41%),B:2837.7(5.80%),P:1e-8	Tpos:241.5,Tstd:171.9,Bpos:204.7,Bstd:123.1,StrandBias:0.1,Multiplicity:1.13
0.001	0.001	0.856	0.142
0.084	0.183	0.672	0.061
0.002	0.034	0.001	0.963
0.085	0.001	0.058	0.856
0.093	0.047	0.859	0.001
0.001	0.119	0.027	0.853
0.089	0.001	0.760	0.150
0.038	0.040	0.683	0.239
0.036	0.053	0.052	0.859
0.167	0.043	0.033	0.757
>GTGGGCGGGA	8-GTGGGCGGGA	7.133782	-20.250850	0	T:61.0(20.00%),B:4334.2(8.86%),P:1e-8	Tpos:239.9,Tstd:170.9,Bpos:202.7,Bstd:124.9,StrandBias:0.3,Multiplicity:1.15
0.001	0.079	0.790	0.130
0.048	0.065	0.069	0.818
0.014	0.049	0.798	0.139
0.057	0.133	0.720	0.090
0.056	0.082	0.848	0.014
0.082	0.782	0.046	0.090
0.088	0.044	0.837	0.031
0.100	0.097	0.733	0.070
0.062	0.081	0.825	0.032
0.862	0.017	0.060	0.061
>AMDGGGCGGG	9-AMDGGGCGGG	8.787754	-15.215174	0	T:29.0(9.51%),B:1563.3(3.20%),P:1e-6	Tpos:256.2,Tstd:163.0,Bpos:204.2,Bstd:118.4,StrandBias:0.0,Multiplicity:1.38
0.737	0.250	0.012	0.001
0.413	0.446	0.128	0.012
0.365	0.001	0.299	0.335
0.057	0.001	0.941	0.001
0.196	0.001	0.802	0.001
0.001	0.097	0.901	0.001
0.261	0.455	0.181	0.103
0.004	0.001	0.991	0.004
0.001	0.069	0.601	0.329
0.091	0.008	0.900	0.001
>ACAGGATSCC	10-ACAGGATSCC	11.758423	-10.425396	0	T:7.0(2.30%),B:137.4(0.28%),P:1e-4	Tpos:188.8,Tstd:143.6,Bpos:214.3,Bstd:112.0,StrandBias:2.0,Multiplicity:1.43
0.714	0.284	0.001	0.001
0.001	0.599	0.001	0.399
0.997	0.001	0.001	0.001
0.001	0.001	0.997	0.001
0.001	0.001	0.997	0.001
0.997	0.001	0.001	0.001
0.001	0.001	0.001	0.997
0.001	0.561	0.437	0.001
0.001	0.997	0.001	0.001
0.001	0.997	0.001	0.001
>TCTGCATCAC	11-TCTGCATCAC	8.860791	-9.482129	0	T:11.0(3.61%),B:416.9(0.85%),P:1e-4	Tpos:207.7,Tstd:87.9,Bpos:203.1,Bstd:120.2,StrandBias:2.0,Multiplicity:1.82
0.001	0.063	0.001	0.935
0.001	0.997	0.001	0.001
0.001	0.121	0.001	0.877
0.093	0.001	0.905	0.001
0.001	0.997	0.001	0.001
0.873	0.001	0.125	0.001
0.001	0.282	0.001	0.716
0.001	0.997	0.001	0.001
0.997	0.001	0.001	0.001
0.001	0.997	0.001	0.001
>TGATGAGTCATT	1-TGATGAGTCATT	7.027980	-24.324100	0	T:64.0(20.98%),B:4221.6(8.63%),P:1e-10	Tpos:197.9,Tstd:148.4,Bpos:208.1,Bstd:120.4,StrandBias:0.7,Multiplicity:1.16
0.090	0.094	0.081	0.735
0.119	0.139	0.635	0.107
0.628	0.136	0.118	0.118
0.084	0.043	0.052	0.821
0.036	0.016	0.886	0.062
0.742	0.022	0.114	0.122
0.082	0.110	0.655	0.153
0.083	0.059	0.033	0.825
0.124	0.778	0.058	0.040
0.827	0.079	0.022	0.072
0.001	0.049	0.203	0.747
0.075	0.099	0.101	0.725
>TCYCTACACCTC	2-TCYCTACACCTC	10.072149	-18.733714	0	T:17.0(5.57%),B:456.6(0.93%),P:1e-8	Tpos:214.9,Tstd:138.2,Bpos:213.5,Bstd:121.5,StrandBias:-0.2,Multiplicity:1.12
0.001	0.061	0.001	0.937
0.001	0.923	0.075	0.001
0.001	0.491	0.152	0.357
0.148	0.621	0.180	0.051
0.118	0.041	0.301	0.540
0.461	0.256	0.206	0.077
0.003	0.993	0.001	0.003
0.869	0.100	0.001	0.030
0.001	0.771	0.032	0.196
0.001	0.851	0.147	0.001
0.383	0.001	0.048	0.568
0.001	0.745	0.253	0.001
>CCMCRCCCTTTG	3-CCMCRCCCTTTG	8.410516	-18.629560	0	T:38.0(12.46%),B:2129.2(4.35%),P:1e-8	Tpos:223.1,Tstd:139.1,Bpos:207.8,Bstd:120.1,StrandBias:1.3,Multiplicity:1.30
0.192	0.667	0.001	0.140
0.050	0.734	0.215	0.001
0.466	0.375	0.158	0.001
0.178	0.738	0.001	0.083
0.421	0.001	0.525	0.053
0.001	0.567	0.105	0.327
0.001	0.893	0.001	0.105
0.001	0.773	0.105	0.121
0.001	0.015	0.001	0.983
0.001	0.111	0.066	0.822
0.001	0.001	0.090	0.908
0.001	0.283	0.715	0.001
>CTCTGCATCACA	4-CTCTGCATCACA	-4.429241	-14.758768	0	T:130.0(42.62%),B:14266.4(29.16%),P:1e-6	Tpos:245.5,Tstd:167.0,Bpos:205.8,Bstd:119.6,StrandBias:0.3,Multiplicity:1.38
0.001	0.997	0.001	0.001
0.001	0.156	0.001	0.842
0.001	0.997	0.001	0.001
0.001	0.001	0.001	0.997
0.001	0.001	0.997	0.001
0.136	0.862	0.001	0.001
0.800	0.001	0.198	0.001
0.001	0.001	0.001	0.997
0.001	0.997	0.001	0.001
0.997	0.001	0.001	0.001
0.001	0.997	0.001	0.001
0.997	0.001	0.001	0.001
>CTGTGTAATCAG	5-CTGTGTAATCAG	13.935579	-13.021315	0	T:4.0(1.31%),B:14.9(0.03%),P:1e-5	Tpos:170.1,Tstd:80.1,Bpos:211.1,Bstd:130.7,StrandBias:2.8,Multiplicity:2.00
0.001	0.997	0.001	0.001
0.001	0.001	0.001	0.997
0.001	0.001	0.878	0.120
0.001	0.001	0.001	0.997
0.001	0.001	0.823	0.175
0.001	0.001	0.001	0.997
0.997	0.001	0.001	0.001
0.847	0.001	0.151	0.001
0.001	0.001	0.001	0.997
0.001	0.823	0.001	0.175
0.997	0.001	0.001	0.001
0.001	0.001	0.997	0.001
>GAATGTGTCAAG	6-GAATGTGTCAAG	7.531550	-13.014035	0	T:42.0(13.77%),B:3104.2(6.34%),P:1e-5	Tpos:253.2,Tstd:162.3,Bpos:204.4,Bstd:119.1,StrandBias:-0.3,Multiplicity:1.23
0.179	0.073	0.671	0.077
0.779	0.094	0.022	0.105
0.680	0.167	0.097	0.056
0.075	0.028	0.219	0.678
0.125	0.056	0.742	0.077
0.173	0.028	0.023	0.776
0.001	0.166	0.731	0.102
0.077	0.072	0.043	0.808
0.072	0.750	0.149	0.029
0.870	0.024	0.001	0.105
0.756	0.099	0.121	0.024
0.130	0.028	0.765	0.077
>AGGCTGGGATAG	7-AGGCTGGGATAG	14.685446	-11.229462	0	T:3.0(0.98%),B:7.7(0.02%),P:1e-4	Tpos:122.0,Tstd:71.2,Bpos:177.2,Bstd:83.7,StrandBias:2.6,Multiplicity:2.33
0.997	0.001	0.001	0.001
0.001	0.001	0.997	0.001
0.001	0.001	0.997	0.001
0.001	0.997	0.001	0.001
0.001	0.001	0.179	0.819
0.001	0.001	0.997	0.001
0.001	0.001	0.819	0.179
0.001	0.001	0.997	0.001
0.997	0.001	0.001	0.001
0.001	0.001	0.001	0.997
0.997	0.001	0.001	0.001
0.001	0.001	0.997	0.001
>AGTTAAAGGGCG	8-AGTTAAAGGGCG	15.792555	-5.080837	0	T:1.0(0.33%),B:0.0(0.00%),P:1e-2	Tpos:106.0,Tstd:52.0,Bpos:0.0,Bstd:0.0,StrandBias:10.0,Multiplicity:2.00
0.666	0.001	0.332	0.001
0.001	0.001	0.997	0.001
0.001	0.001	0.001	0.997
0.001	0.001	0.001	0.997
0.997	0.001	0.001	0.001
0.997	0.001	0.001	0.001
0.997	0.001	0.001	0.001
0.001	0.001	0.997	0.001
0.001	0.001	0.997	0.001
0.001	0.001	0.997	0.001
0.332	0.666	0.001	0.001
0.001	0.001	0.997	0.001
>CGAGCCCTTTGC	9-CGAGCCCTTTGC	14.807602	-4.675318	0	T:2.0(0.66%),B:23.5(0.05%),P:1e-2	Tpos:183.7,Tstd:127.2,Bpos:206.3,Bstd:82.5,StrandBias:10.0,Multiplicity:1.50
0.001	0.997	0.001	0.001
0.407	0.001	0.591	0.001
0.591	0.001	0.407	0.001
0.001	0.001	0.997	0.001
0.001	0.997	0.001	0.001
0.001	0.997	0.001	0.001
0.001	0.997	0.001	0.001
0.001	0.001	0.001	0.997
0.001	0.001	0.001	0.997
0.001	0.001	0.001	0.997
0.001	0.001	0.997	0.001
0.001	0.997	0.001	0.001
>ATGAGTCA	1-ATGAGTCA	8.433496	-35.351872	0	T:54.0(17.70%),B:2413.9(4.93%),P:1e-15	Tpos:215.2,Tstd:126.4,Bpos:206.1,Bstd:123.2,StrandBias:-0.1,Multiplicity:1.13
0.597	0.192	0.092	0.119
0.001	0.001	0.001	0.997
0.001	0.001	0.989	0.009
0.944	0.001	0.001	0.054
0.020	0.306	0.647	0.027
0.001	0.001	0.001	0.997
0.001	0.997	0.001	0.001
0.985	0.001	0.013	0.001
>WATGGAAA	2-WATGGAAA	6.598064	-29.216534	0	T:99.0(32.46%),B:7628.9(15.59%),P:1e-12	Tpos:232.7,Tstd:158.8,Bpos:203.9,Bstd:119.4,StrandBias:-0.4,Multiplicity:1.26
0.354	0.001	0.226	0.419
0.951	0.001	0.047	0.001
0.001	0.052	0.001	0.946
0.001	0.001	0.871	0.127
0.001	0.174	0.824	0.001
0.997	0.001	0.001	0.001
0.997	0.001	0.001	0.001
0.997	0.001	0.001	0.001
>CTTTGATC	3-CTTTGATC	6.509362	-27.908325	0	T:96.0(31.48%),B:7432.5(15.19%),P:1e-12	Tpos:228.7,Tstd:145.5,Bpos:207.9,Bstd:120.8,StrandBias:0.4,Multiplicity:1.39
0.001	0.957	0.018	0.024
0.001	0.018	0.028	0.953
0.044	0.037	0.037	0.882
0.001	0.023	0.001	0.975
0.013	0.113	0.869	0.005
0.939	0.059	0.001	0.001
0.092	0.001	0.001	0.906
0.090	0.735	0.174	0.001
>GTGGGTGG	4-GTGGGTGG	8.272194	-25.124648	0	T:51.0(16.72%),B:2839.7(5.80%),P:1e-10	Tpos:269.5,Tstd:192.0,Bpos:204.3,Bstd:123.0,StrandBias:-0.4,Multiplicity:1.14
0.001	0.001	0.997	0.001
0.001	0.001	0.001	0.997
0.001	0.001	0.997	0.001
0.001	0.001	0.997	0.001
0.001	0.001	0.997	0.001
0.001	0.396	0.001	0.602
0.054	0.001	0.844	0.101
0.001	0.001	0.997	0.001
>GCAGAGCT	5-GCAGAGCT	8.755138	-18.954747	0	T:46.0(15.08%),B:2883.5(5.89%),P:1e-8	Tpos:216.2,Tstd:137.1,Bpos:206.1,Bstd:123.1,StrandBias:0.5,Multiplicity:1.07
0.001	0.001	0.997	0.001
0.001	0.860	0.001	0.138
0.997	0.001	0.001	0.001
0.001	0.001	0.997	0.001
0.879	0.001	0.119	0.001
0.001	0.001	0.810	0.188
0.001	0.997	0.001	0.001
0.001	0.001	0.001	0.997
>GACTAATT	6-GACTAATT	6.148210	-17.572611	0	T:63.0(20.66%),B:4889.3(9.99%),P:1e-7	Tpos:194.8,Tstd:120.3,Bpos:202.9,Bstd:120.3,StrandBias:-0.4,Multiplicity:1.23
0.041	0.059	0.799	0.101
0.734	0.126	0.088	0.052
0.048	0.825	0.087	0.040
0.228	0.032	0.094	0.646
0.716	0.194	0.053	0.037
0.813	0.047	0.133	0.007
0.084	0.105	0.022	0.789
0.051	0.169	0.078	0.702
>CGTCACGT	7-CGTCACGT	7.379228	-17.364222	0	T:28.0(9.18%),B:1324.5(2.71%),P:1e-7	Tpos:245.4,Tstd:132.7,Bpos:205.4,Bstd:131.8,StrandBias:0.1,Multiplicity:1.12
0.001	0.855	0.001	0.143
0.219	0.219	0.513	0.049
0.073	0.001	0.001	0.925
0.001	0.962	0.036	0.001
0.938	0.001	0.001	0.060
0.001	0.958	0.001	0.040
0.036	0.001	0.886	0.077
0.001	0.001	0.001	0.997
>CGCCCTTT	8-CGCCCTTT	7.905500	-15.502161	0	T:43.0(14.10%),B:2923.0(5.97%),P:1e-6	Tpos:201.8,Tstd:121.8,Bpos:206.6,Bstd:130.6,StrandBias:0.3,Multiplicity:1.35
0.001	0.997	0.001	0.001
0.001	0.001	0.997	0.001
0.001	0.997	0.001	0.001
0.001	0.997	0.001	0.001
0.001	0.951	0.036	0.012
0.001	0.423	0.001	0.575
0.001	0.313	0.001	0.685
0.001	0.001	0.152	0.846
