Factor1: 0.9932957129438305
Factor2: 1.006749537895718
