Factor1: 1.0077039463531718
Factor2: 0.9923549506965278
