Factor1: 1.0157344314105192
Factor2: 0.9845093058540211
