Factor1: 1.0790048657633804
Factor2: 0.9267798799892477
