>CCACATCAAA	1-CCACATCAAA	7.714135	-473.799638	0	T:536.0(21.40%),B:2013.8(4.33%),P:1e-205	Tpos:284.1,Tstd:175.2,Bpos:239.9,Bstd:146.2,StrandBias:0.1,Multiplicity:1.08
0.001	0.977	0.009	0.013
0.018	0.971	0.004	0.007
0.971	0.001	0.005	0.023
0.001	0.990	0.001	0.008
0.917	0.001	0.001	0.081
0.051	0.027	0.001	0.921
0.026	0.852	0.100	0.022
0.978	0.001	0.002	0.019
0.796	0.074	0.122	0.008
0.894	0.008	0.045	0.053
>NCWAACCACA	2-NCWAACCACA	6.706633	-413.123739	0	T:1383.0(55.21%),B:12993.3(27.91%),P:1e-179	Tpos:276.2,Tstd:193.0,Bpos:242.1,Bstd:149.4,StrandBias:-0.0,Multiplicity:1.48
0.292	0.196	0.300	0.212
0.199	0.437	0.230	0.134
0.436	0.109	0.001	0.454
0.615	0.063	0.174	0.148
0.724	0.150	0.125	0.001
0.001	0.997	0.001	0.001
0.001	0.997	0.001	0.001
0.752	0.001	0.091	0.156
0.035	0.963	0.001	0.001
0.850	0.029	0.033	0.088
>GASWTCAAAG	3-GASWTCAAAG	7.199574	-382.348340	0	T:1023.0(40.84%),B:8095.9(17.39%),P:1e-166	Tpos:280.0,Tstd:190.4,Bpos:240.5,Bstd:147.6,StrandBias:0.0,Multiplicity:1.29
0.216	0.131	0.453	0.200
0.593	0.079	0.158	0.170
0.109	0.401	0.429	0.061
0.481	0.001	0.038	0.479
0.071	0.001	0.001	0.927
0.001	0.801	0.197	0.001
0.997	0.001	0.001	0.001
0.997	0.001	0.001	0.001
0.997	0.001	0.001	0.001
0.109	0.001	0.889	0.001
>RAACCACVYC	4-RAACCACVYC	5.103856	-344.226730	0	T:1199.0(47.86%),B:11101.5(23.85%),P:1e-149	Tpos:270.5,Tstd:193.0,Bpos:243.9,Bstd:149.4,StrandBias:-0.2,Multiplicity:1.16
0.386	0.090	0.364	0.160
0.997	0.001	0.001	0.001
0.889	0.001	0.109	0.001
0.001	0.997	0.001	0.001
0.001	0.997	0.001	0.001
0.997	0.001	0.001	0.001
0.001	0.997	0.001	0.001
0.282	0.318	0.371	0.029
0.222	0.397	0.110	0.271
0.146	0.764	0.089	0.001
>DWATGASTCA	5-DWATGASTCA	8.558831	-289.421650	0	T:351.0(14.01%),B:1375.5(2.95%),P:1e-125	Tpos:250.6,Tstd:147.4,Bpos:243.1,Bstd:145.3,StrandBias:0.0,Multiplicity:1.07
0.315	0.062	0.319	0.304
0.348	0.012	0.222	0.418
0.781	0.045	0.074	0.100
0.001	0.001	0.001	0.997
0.001	0.001	0.997	0.001
0.997	0.001	0.001	0.001
0.001	0.533	0.465	0.001
0.001	0.001	0.001	0.997
0.008	0.990	0.001	0.001
0.997	0.001	0.001	0.001
>TKASTCABNN	6-TKASTCABNN	6.085523	-269.899721	0	T:660.0(26.35%),B:4689.2(10.07%),P:1e-117	Tpos:260.2,Tstd:190.0,Bpos:240.8,Bstd:149.5,StrandBias:-0.2,Multiplicity:1.11
0.221	0.192	0.153	0.434
0.107	0.024	0.459	0.409
0.676	0.113	0.047	0.164
0.172	0.368	0.438	0.022
0.109	0.177	0.033	0.681
0.129	0.791	0.050	0.030
0.873	0.040	0.019	0.068
0.099	0.319	0.283	0.299
0.267	0.287	0.182	0.265
0.229	0.275	0.259	0.238
>RCTTCCTGTB	7-RCTTCCTGTB	5.908956	-171.315753	0	T:897.0(35.81%),B:9323.0(20.03%),P:1e-74	Tpos:270.1,Tstd:194.7,Bpos:243.8,Bstd:146.0,StrandBias:-0.1,Multiplicity:1.23
0.292	0.184	0.414	0.110
0.112	0.474	0.182	0.232
0.164	0.038	0.147	0.651
0.107	0.067	0.171	0.655
0.087	0.664	0.114	0.135
0.132	0.610	0.083	0.175
0.087	0.061	0.129	0.723
0.120	0.188	0.486	0.207
0.109	0.283	0.091	0.517
0.086	0.382	0.298	0.234
>TTTCACTTTC	8-TTTCACTTTC	8.066769	-159.857785	0	T:410.0(16.37%),B:2899.6(6.23%),P:1e-69	Tpos:274.5,Tstd:187.6,Bpos:237.0,Bstd:153.1,StrandBias:0.2,Multiplicity:1.17
0.017	0.011	0.012	0.960
0.001	0.032	0.021	0.946
0.025	0.013	0.010	0.952
0.001	0.947	0.021	0.031
0.933	0.001	0.029	0.037
0.012	0.820	0.150	0.018
0.001	0.001	0.003	0.995
0.014	0.020	0.001	0.965
0.010	0.031	0.005	0.954
0.008	0.856	0.045	0.091
>GGRAAATMCC	9-GGRAAATMCC	8.439493	-124.457641	0	T:332.0(13.25%),B:2382.7(5.12%),P:1e-54	Tpos:266.5,Tstd:174.6,Bpos:241.0,Bstd:140.8,StrandBias:0.0,Multiplicity:1.09
0.001	0.001	0.874	0.124
0.001	0.001	0.997	0.001
0.411	0.001	0.560	0.028
0.659	0.001	0.339	0.001
0.997	0.001	0.001	0.001
0.500	0.115	0.234	0.151
0.232	0.266	0.021	0.482
0.309	0.458	0.001	0.232
0.001	0.997	0.001	0.001
0.001	0.997	0.001	0.001
>ACTTTCGCTT	10-ACTTTCGCTT	8.804474	-108.931550	0	T:161.0(6.43%),B:746.3(1.60%),P:1e-47	Tpos:275.2,Tstd:165.1,Bpos:236.9,Bstd:156.6,StrandBias:-0.2,Multiplicity:1.01
0.981	0.001	0.017	0.001
0.089	0.909	0.001	0.001
0.029	0.001	0.001	0.969
0.039	0.001	0.001	0.959
0.026	0.001	0.001	0.972
0.022	0.940	0.001	0.037
0.124	0.001	0.772	0.103
0.001	0.743	0.025	0.231
0.089	0.001	0.001	0.909
0.069	0.001	0.001	0.929
>TTCGTTATGA	11-TTCGTTATGA	6.884246	-60.729141	0	T:318.0(12.69%),B:3125.1(6.71%),P:1e-26	Tpos:261.5,Tstd:186.6,Bpos:240.0,Bstd:147.8,StrandBias:0.1,Multiplicity:1.09
0.035	0.074	0.066	0.825
0.040	0.071	0.032	0.857
0.037	0.790	0.055	0.118
0.104	0.020	0.841	0.035
0.090	0.079	0.065	0.766
0.108	0.032	0.069	0.791
0.756	0.123	0.027	0.094
0.118	0.020	0.067	0.795
0.064	0.077	0.757	0.102
0.831	0.092	0.054	0.023
>RWATGACTGT	12-RWATGACTGT	8.793612	-52.606682	0	T:203.0(8.10%),B:1749.6(3.76%),P:1e-22	Tpos:251.1,Tstd:157.4,Bpos:240.9,Bstd:141.2,StrandBias:0.2,Multiplicity:1.01
0.457	0.138	0.313	0.092
0.413	0.014	0.174	0.398
0.718	0.128	0.001	0.153
0.001	0.001	0.001	0.997
0.001	0.155	0.843	0.001
0.974	0.024	0.001	0.001
0.258	0.494	0.247	0.001
0.337	0.039	0.073	0.551
0.001	0.001	0.997	0.001
0.001	0.001	0.001	0.997
>GGGTGAAAGT	13-GGGTGAAAGT	6.817336	-43.971378	0	T:241.0(9.62%),B:2402.8(5.16%),P:1e-19	Tpos:248.7,Tstd:180.8,Bpos:248.1,Bstd:148.5,StrandBias:0.1,Multiplicity:1.08
0.094	0.124	0.685	0.097
0.203	0.220	0.485	0.092
0.078	0.139	0.579	0.204
0.192	0.088	0.116	0.604
0.009	0.037	0.776	0.178
0.655	0.192	0.079	0.074
0.457	0.207	0.181	0.155
0.785	0.042	0.110	0.063
0.055	0.211	0.596	0.138
0.069	0.168	0.112	0.651
>GCTGTTACTT	14-GCTGTTACTT	7.263040	-42.110542	0	T:286.0(11.42%),B:3073.5(6.60%),P:1e-18	Tpos:283.2,Tstd:243.9,Bpos:238.7,Bstd:147.3,StrandBias:-0.1,Multiplicity:1.06
0.129	0.051	0.781	0.039
0.041	0.834	0.053	0.072
0.059	0.065	0.122	0.754
0.045	0.101	0.788	0.066
0.108	0.047	0.033	0.812
0.063	0.040	0.076	0.821
0.777	0.035	0.129	0.059
0.055	0.889	0.039	0.017
0.055	0.029	0.156	0.760
0.083	0.042	0.084	0.791
>GCTTTGGTTT	15-GCTTTGGTTT	7.680279	-41.917893	0	T:187.0(7.47%),B:1718.3(3.69%),P:1e-18	Tpos:275.7,Tstd:180.7,Bpos:245.1,Bstd:156.6,StrandBias:-0.1,Multiplicity:1.07
0.190	0.014	0.569	0.227
0.048	0.633	0.006	0.313
0.255	0.059	0.200	0.485
0.186	0.151	0.011	0.652
0.062	0.027	0.370	0.541
0.164	0.084	0.549	0.203
0.001	0.293	0.609	0.097
0.007	0.001	0.004	0.988
0.083	0.204	0.068	0.645
0.017	0.175	0.203	0.605
>CTGAAACTCT	16-CTGAAACTCT	9.230580	-33.176900	0	T:130.0(5.19%),B:1133.0(2.43%),P:1e-14	Tpos:281.1,Tstd:227.0,Bpos:236.7,Bstd:147.9,StrandBias:-0.0,Multiplicity:1.01
0.030	0.842	0.090	0.038
0.068	0.001	0.039	0.892
0.005	0.001	0.993	0.001
0.987	0.001	0.001	0.011
0.915	0.077	0.001	0.007
0.975	0.007	0.001	0.017
0.001	0.827	0.082	0.090
0.011	0.088	0.014	0.887
0.034	0.734	0.200	0.032
0.036	0.018	0.001	0.945
>TAACTCAAGC	17-TAACTCAAGC	8.563308	-30.945802	0	T:87.0(3.47%),B:644.9(1.39%),P:1e-13	Tpos:278.6,Tstd:186.3,Bpos:244.4,Bstd:144.3,StrandBias:-0.2,Multiplicity:1.04
0.069	0.112	0.058	0.761
0.682	0.072	0.086	0.160
0.729	0.186	0.001	0.084
0.094	0.662	0.001	0.243
0.051	0.001	0.135	0.813
0.001	0.795	0.154	0.050
0.779	0.001	0.219	0.001
0.752	0.001	0.001	0.246
0.123	0.081	0.795	0.001
0.001	0.869	0.129	0.001
>TCCCCCCCCC	18-TCCCCCCCCC	7.020749	-29.093794	0	T:624.0(24.91%),B:8853.2(19.02%),P:1e-12	Tpos:273.2,Tstd:198.1,Bpos:238.9,Bstd:134.4,StrandBias:-0.1,Multiplicity:1.27
0.062	0.127	0.048	0.763
0.056	0.802	0.051	0.091
0.048	0.840	0.032	0.080
0.078	0.765	0.048	0.109
0.045	0.793	0.047	0.115
0.072	0.769	0.042	0.117
0.071	0.827	0.030	0.072
0.057	0.803	0.040	0.100
0.091	0.812	0.035	0.062
0.072	0.830	0.048	0.050
>GGGTATGACT	19-GGGTATGACT	6.404373	-29.092441	0	T:751.0(29.98%),B:11009.4(23.65%),P:1e-12	Tpos:268.4,Tstd:198.2,Bpos:241.0,Bstd:144.5,StrandBias:0.0,Multiplicity:1.23
0.100	0.100	0.700	0.100
0.100	0.100	0.700	0.100
0.100	0.100	0.700	0.100
0.100	0.100	0.100	0.700
0.700	0.100	0.100	0.100
0.100	0.100	0.100	0.700
0.100	0.100	0.700	0.100
0.700	0.100	0.100	0.100
0.100	0.700	0.100	0.100
0.100	0.100	0.100	0.700
>CTTTACGTGT	20-CTTTACGTGT	9.573250	-28.840625	0	T:39.0(1.56%),B:173.3(0.37%),P:1e-12	Tpos:316.5,Tstd:215.9,Bpos:245.7,Bstd:149.3,StrandBias:-0.2,Multiplicity:1.09
0.001	0.818	0.150	0.031
0.073	0.037	0.001	0.889
0.001	0.001	0.055	0.943
0.001	0.001	0.049	0.949
0.955	0.023	0.021	0.001
0.132	0.523	0.344	0.001
0.001	0.001	0.961	0.037
0.001	0.001	0.001	0.997
0.001	0.001	0.997	0.001
0.001	0.044	0.001	0.954
>CTGCGGGTTT	21-CTGCGGGTTT	10.207911	-27.466564	0	T:31.0(1.24%),B:116.1(0.25%),P:1e-11	Tpos:255.6,Tstd:159.2,Bpos:230.1,Bstd:140.1,StrandBias:0.8,Multiplicity:1.04
0.001	0.901	0.097	0.001
0.040	0.001	0.001	0.958
0.001	0.001	0.823	0.175
0.001	0.798	0.200	0.001
0.044	0.024	0.931	0.001
0.001	0.001	0.997	0.001
0.062	0.138	0.744	0.056
0.001	0.037	0.001	0.961
0.001	0.001	0.001	0.997
0.001	0.038	0.045	0.916
>SGTATGACTG	22-SGTATGACTG	8.325311	-26.796513	0	T:130.0(5.19%),B:1242.2(2.67%),P:1e-11	Tpos:263.6,Tstd:203.5,Bpos:232.3,Bstd:146.9,StrandBias:-0.1,Multiplicity:1.01
0.053	0.427	0.415	0.106
0.267	0.032	0.693	0.008
0.308	0.017	0.071	0.604
0.775	0.064	0.074	0.087
0.046	0.001	0.064	0.889
0.083	0.074	0.842	0.001
0.997	0.001	0.001	0.001
0.024	0.974	0.001	0.001
0.136	0.001	0.083	0.780
0.001	0.001	0.997	0.001
>AGCTCGCMGA	23-AGCTCGCMGA	8.492679	-21.185991	0	T:20.0(0.80%),B:63.1(0.14%),P:1e-9	Tpos:354.1,Tstd:186.0,Bpos:257.0,Bstd:126.1,StrandBias:0.0,Multiplicity:1.00
0.731	0.001	0.267	0.001
0.001	0.001	0.997	0.001
0.001	0.997	0.001	0.001
0.001	0.001	0.037	0.961
0.001	0.997	0.001	0.001
0.001	0.001	0.997	0.001
0.001	0.997	0.001	0.001
0.517	0.481	0.001	0.001
0.001	0.001	0.997	0.001
0.997	0.001	0.001	0.001
>CATATATTGC	24-CATATATTGC	10.296193	-17.664848	0	T:6.0(0.24%),B:3.8(0.01%),P:1e-7	Tpos:250.5,Tstd:168.5,Bpos:247.8,Bstd:111.6,StrandBias:1.0,Multiplicity:1.00
0.100	0.700	0.100	0.100
0.700	0.100	0.100	0.100
0.100	0.100	0.100	0.700
0.700	0.100	0.100	0.100
0.100	0.100	0.100	0.700
0.700	0.100	0.100	0.100
0.100	0.100	0.100	0.700
0.100	0.100	0.100	0.700
0.100	0.100	0.700	0.100
0.100	0.700	0.100	0.100
>TAGACACCCT	25-TAGACACCCT	11.647684	-17.651766	0	T:21.0(0.84%),B:86.3(0.19%),P:1e-7	Tpos:291.6,Tstd:175.7,Bpos:235.0,Bstd:141.4,StrandBias:-0.3,Multiplicity:1.10
0.001	0.001	0.001	0.997
0.997	0.001	0.001	0.001
0.001	0.001	0.997	0.001
0.860	0.138	0.001	0.001
0.001	0.810	0.001	0.188
0.997	0.001	0.001	0.001
0.001	0.997	0.001	0.001
0.001	0.997	0.001	0.001
0.001	0.997	0.001	0.001
0.001	0.001	0.001	0.997
>CTTTGATGTGGT	1-CTTTGATGTGGT	8.790761	-573.281979	0	T:514.0(20.52%),B:1467.9(3.15%),P:1e-248	Tpos:272.6,Tstd:169.5,Bpos:241.2,Bstd:145.1,StrandBias:0.1,Multiplicity:1.07
0.076	0.503	0.136	0.285
0.052	0.170	0.001	0.777
0.030	0.129	0.116	0.725
0.061	0.001	0.001	0.937
0.071	0.176	0.651	0.102
0.693	0.064	0.042	0.201
0.096	0.001	0.001	0.902
0.063	0.043	0.893	0.001
0.053	0.001	0.001	0.945
0.008	0.001	0.965	0.026
0.047	0.047	0.896	0.010
0.066	0.161	0.197	0.576
>AASATCAAAGGV	2-AASATCAAAGGV	8.246938	-420.871690	0	T:714.0(28.50%),B:3994.0(8.58%),P:1e-182	Tpos:278.8,Tstd:172.5,Bpos:241.8,Bstd:147.3,StrandBias:0.1,Multiplicity:1.18
0.466	0.173	0.195	0.166
0.706	0.001	0.157	0.136
0.152	0.458	0.367	0.023
0.730	0.001	0.001	0.268
0.054	0.001	0.023	0.922
0.001	0.749	0.236	0.014
0.997	0.001	0.001	0.001
0.997	0.001	0.001	0.001
0.997	0.001	0.001	0.001
0.168	0.072	0.759	0.001
0.214	0.204	0.424	0.159
0.304	0.334	0.252	0.110
>TTTGTGGTTTNN	3-TTTGTGGTTTNN	7.987816	-339.000426	0	T:717.0(28.62%),B:4693.1(10.08%),P:1e-147	Tpos:281.6,Tstd:182.5,Bpos:244.3,Bstd:151.8,StrandBias:-0.0,Multiplicity:1.17
0.061	0.214	0.219	0.506
0.048	0.313	0.164	0.475
0.032	0.001	0.015	0.952
0.004	0.007	0.911	0.078
0.148	0.045	0.026	0.781
0.009	0.001	0.967	0.023
0.004	0.051	0.899	0.046
0.001	0.179	0.089	0.731
0.026	0.077	0.029	0.868
0.196	0.051	0.121	0.632
0.186	0.284	0.234	0.297
0.188	0.278	0.276	0.258
>RKWHTGAGTCAY	4-RKWHTGAGTCAY	7.119391	-297.786546	0	T:690.0(27.54%),B:4766.4(10.24%),P:1e-129	Tpos:257.5,Tstd:162.6,Bpos:242.2,Bstd:146.8,StrandBias:-0.0,Multiplicity:1.16
0.390	0.134	0.270	0.207
0.202	0.168	0.385	0.246
0.275	0.143	0.175	0.407
0.338	0.259	0.164	0.239
0.062	0.001	0.004	0.933
0.001	0.053	0.826	0.120
0.927	0.001	0.001	0.071
0.007	0.356	0.636	0.001
0.002	0.001	0.004	0.993
0.062	0.908	0.029	0.001
0.997	0.001	0.001	0.001
0.153	0.252	0.217	0.377
>TGAAAGTGAAAS	5-TGAAAGTGAAAS	8.185332	-190.093972	0	T:541.0(21.60%),B:4122.9(8.86%),P:1e-82	Tpos:281.2,Tstd:177.2,Bpos:237.8,Bstd:150.6,StrandBias:0.0,Multiplicity:1.22
0.274	0.066	0.105	0.555
0.170	0.167	0.635	0.028
0.909	0.007	0.049	0.035
0.793	0.048	0.048	0.111
0.930	0.015	0.004	0.051
0.145	0.135	0.686	0.034
0.161	0.029	0.064	0.746
0.111	0.018	0.870	0.001
0.884	0.029	0.054	0.033
0.689	0.089	0.091	0.131
0.927	0.024	0.016	0.033
0.077	0.472	0.410	0.041
>WGGGGVTTYCCC	6-WGGGGVTTYCCC	8.121236	-169.520580	0	T:295.0(11.78%),B:1582.6(3.40%),P:1e-73	Tpos:268.7,Tstd:190.5,Bpos:243.2,Bstd:134.3,StrandBias:0.2,Multiplicity:1.08
0.349	0.080	0.155	0.415
0.082	0.001	0.916	0.001
0.101	0.001	0.873	0.025
0.001	0.021	0.852	0.126
0.281	0.009	0.594	0.116
0.375	0.241	0.248	0.137
0.372	0.001	0.001	0.626
0.172	0.136	0.189	0.503
0.001	0.456	0.013	0.530
0.054	0.877	0.001	0.068
0.105	0.760	0.001	0.134
0.129	0.760	0.001	0.110
>ACAGGAAGTGGN	7-ACAGGAAGTGGN	8.761968	-150.123040	0	T:590.0(23.55%),B:5290.6(11.37%),P:1e-65	Tpos:267.4,Tstd:181.5,Bpos:242.5,Bstd:144.9,StrandBias:0.1,Multiplicity:1.14
0.668	0.001	0.330	0.001
0.237	0.465	0.297	0.001
0.997	0.001	0.001	0.001
0.001	0.001	0.997	0.001
0.001	0.001	0.997	0.001
0.997	0.001	0.001	0.001
0.818	0.001	0.001	0.180
0.325	0.001	0.673	0.001
0.017	0.375	0.001	0.607
0.265	0.001	0.443	0.291
0.232	0.159	0.445	0.164
0.260	0.186	0.237	0.316
>AVAWGTGAAAGT	8-AVAWGTGAAAGT	8.588530	-124.667850	0	T:415.0(16.57%),B:3380.6(7.26%),P:1e-54	Tpos:290.2,Tstd:220.4,Bpos:242.5,Bstd:148.5,StrandBias:-0.2,Multiplicity:1.09
0.634	0.263	0.001	0.102
0.344	0.310	0.344	0.001
0.582	0.069	0.072	0.277
0.445	0.001	0.184	0.371
0.209	0.259	0.430	0.101
0.206	0.001	0.001	0.792
0.189	0.001	0.809	0.001
0.997	0.001	0.001	0.001
0.997	0.001	0.001	0.001
0.997	0.001	0.001	0.001
0.001	0.399	0.599	0.001
0.024	0.332	0.102	0.542
>TGTGGTTTCCTG	9-TGTGGTTTCCTG	7.587635	-90.032854	0	T:465.0(18.56%),B:4595.6(9.87%),P:1e-39	Tpos:273.7,Tstd:211.0,Bpos:239.8,Bstd:144.6,StrandBias:-0.1,Multiplicity:1.07
0.214	0.058	0.083	0.645
0.031	0.121	0.800	0.048
0.076	0.111	0.198	0.615
0.001	0.077	0.804	0.118
0.125	0.012	0.797	0.066
0.001	0.001	0.057	0.941
0.150	0.068	0.165	0.617
0.002	0.116	0.170	0.712
0.001	0.885	0.001	0.113
0.112	0.673	0.066	0.149
0.075	0.132	0.066	0.727
0.001	0.167	0.784	0.048
>TCAGATGTGGTT	10-TCAGATGTGGTT	9.225446	-87.608899	0	T:157.0(6.27%),B:853.9(1.83%),P:1e-38	Tpos:269.1,Tstd:172.9,Bpos:242.2,Bstd:147.8,StrandBias:0.2,Multiplicity:1.06
0.130	0.067	0.071	0.732
0.059	0.756	0.116	0.069
0.900	0.001	0.081	0.018
0.094	0.067	0.747	0.092
0.875	0.037	0.033	0.055
0.111	0.001	0.033	0.855
0.088	0.061	0.764	0.087
0.080	0.001	0.018	0.901
0.030	0.001	0.931	0.038
0.079	0.009	0.859	0.053
0.029	0.097	0.028	0.846
0.062	0.087	0.023	0.828
>GTGACTGTGGTT	11-GTGACTGTGGTT	6.951910	-84.006010	0	T:747.0(29.82%),B:8949.0(19.22%),P:1e-36	Tpos:273.3,Tstd:199.7,Bpos:237.7,Bstd:152.0,StrandBias:0.1,Multiplicity:1.18
0.083	0.084	0.739	0.094
0.153	0.025	0.062	0.760
0.088	0.080	0.749	0.083
0.727	0.098	0.102	0.073
0.091	0.726	0.130	0.053
0.093	0.035	0.030	0.842
0.061	0.082	0.764	0.093
0.084	0.055	0.085	0.776
0.090	0.033	0.774	0.103
0.100	0.101	0.672	0.127
0.068	0.090	0.107	0.735
0.081	0.084	0.097	0.738
>TGTGGTTTCCTC	12-TGTGGTTTCCTC	7.089923	-80.814206	0	T:574.0(22.91%),B:6368.2(13.68%),P:1e-35	Tpos:286.3,Tstd:201.3,Bpos:237.9,Bstd:146.9,StrandBias:0.1,Multiplicity:1.08
0.090	0.082	0.075	0.753
0.066	0.088	0.760	0.086
0.098	0.142	0.036	0.724
0.058	0.087	0.756	0.099
0.095	0.075	0.714	0.116
0.115	0.101	0.055	0.729
0.090	0.102	0.066	0.742
0.083	0.073	0.101	0.743
0.065	0.728	0.072	0.135
0.048	0.810	0.034	0.108
0.116	0.090	0.052	0.742
0.091	0.800	0.006	0.103
>GTTTCAGTATGA	13-GTTTCAGTATGA	9.913867	-77.208707	0	T:110.0(4.39%),B:494.2(1.06%),P:1e-33	Tpos:293.1,Tstd:210.9,Bpos:243.3,Bstd:149.9,StrandBias:-0.1,Multiplicity:1.01
0.094	0.108	0.751	0.047
0.076	0.098	0.001	0.825
0.001	0.113	0.001	0.885
0.076	0.001	0.019	0.904
0.042	0.842	0.051	0.065
0.887	0.001	0.025	0.087
0.123	0.077	0.723	0.077
0.083	0.088	0.059	0.770
0.681	0.118	0.090	0.111
0.001	0.001	0.001	0.997
0.097	0.001	0.877	0.025
0.855	0.077	0.067	0.001
>GTGGCTTCCTGT	14-GTGGCTTCCTGT	8.998474	-66.744106	0	T:248.0(9.90%),B:2102.7(4.52%),P:1e-28	Tpos:263.8,Tstd:186.6,Bpos:241.1,Bstd:143.5,StrandBias:-0.2,Multiplicity:1.05
0.051	0.065	0.808	0.076
0.049	0.063	0.052	0.836
0.001	0.001	0.937	0.061
0.066	0.044	0.772	0.118
0.024	0.834	0.034	0.108
0.023	0.092	0.067	0.818
0.019	0.047	0.067	0.867
0.063	0.793	0.056	0.088
0.087	0.836	0.017	0.060
0.023	0.017	0.001	0.959
0.013	0.087	0.802	0.098
0.062	0.088	0.106	0.744
>TTGCTTTGAAGG	15-TTGCTTTGAAGG	9.281036	-56.770072	0	T:190.0(7.58%),B:1528.1(3.28%),P:1e-24	Tpos:269.3,Tstd:181.2,Bpos:239.3,Bstd:147.8,StrandBias:0.1,Multiplicity:1.01
0.058	0.053	0.061	0.828
0.058	0.028	0.084	0.830
0.076	0.069	0.748	0.107
0.039	0.865	0.027	0.069
0.068	0.033	0.001	0.898
0.056	0.067	0.074	0.803
0.009	0.009	0.059	0.923
0.076	0.068	0.792	0.064
0.826	0.056	0.082	0.036
0.929	0.001	0.025	0.045
0.099	0.020	0.813	0.068
0.081	0.099	0.750	0.070
>CTGACTCATTTC	16-CTGACTCATTTC	7.779906	-47.354146	0	T:350.0(13.97%),B:3871.1(8.32%),P:1e-20	Tpos:287.4,Tstd:203.8,Bpos:240.1,Bstd:145.5,StrandBias:0.1,Multiplicity:1.06
0.050	0.763	0.186	0.001
0.339	0.001	0.001	0.659
0.172	0.109	0.611	0.108
0.549	0.275	0.127	0.049
0.049	0.860	0.032	0.059
0.129	0.001	0.001	0.869
0.001	0.819	0.113	0.067
0.926	0.010	0.001	0.063
0.036	0.001	0.094	0.869
0.125	0.149	0.001	0.725
0.111	0.001	0.015	0.873
0.010	0.925	0.064	0.001
>TGTGGTTAACCA	17-TGTGGTTAACCA	7.307478	-43.170626	0	T:100.0(3.99%),B:655.6(1.41%),P:1e-18	Tpos:248.0,Tstd:170.3,Bpos:246.3,Bstd:142.8,StrandBias:0.5,Multiplicity:1.00
0.159	0.134	0.165	0.542
0.108	0.163	0.566	0.163
0.143	0.103	0.160	0.594
0.160	0.015	0.645	0.180
0.123	0.168	0.576	0.133
0.145	0.199	0.115	0.541
0.164	0.175	0.149	0.512
0.530	0.127	0.125	0.218
0.528	0.120	0.196	0.156
0.169	0.515	0.199	0.117
0.099	0.738	0.013	0.150
0.658	0.143	0.020	0.179
>TTTGTGGGTTTG	18-TTTGTGGGTTTG	10.156518	-40.383615	0	T:85.0(3.39%),B:524.9(1.13%),P:1e-17	Tpos:272.0,Tstd:163.8,Bpos:243.6,Bstd:154.6,StrandBias:-0.6,Multiplicity:1.02
0.100	0.016	0.001	0.883
0.267	0.153	0.022	0.558
0.148	0.001	0.040	0.811
0.033	0.289	0.596	0.082
0.168	0.001	0.001	0.830
0.173	0.001	0.761	0.065
0.069	0.001	0.929	0.001
0.001	0.001	0.973	0.025
0.001	0.033	0.017	0.949
0.082	0.001	0.195	0.722
0.001	0.001	0.066	0.932
0.273	0.055	0.671	0.001
>AGTCATTTCAAA	19-AGTCATTTCAAA	7.640081	-39.932334	0	T:91.0(3.63%),B:591.4(1.27%),P:1e-17	Tpos:268.2,Tstd:178.0,Bpos:230.5,Bstd:143.7,StrandBias:0.0,Multiplicity:1.05
0.537	0.097	0.149	0.217
0.153	0.186	0.499	0.162
0.147	0.136	0.171	0.546
0.144	0.512	0.174	0.170
0.651	0.168	0.011	0.170
0.148	0.219	0.105	0.528
0.160	0.192	0.123	0.525
0.183	0.086	0.086	0.645
0.106	0.588	0.177	0.129
0.670	0.131	0.009	0.190
0.534	0.144	0.210	0.112
0.627	0.146	0.208	0.019
>CTGTTTCATTTG	20-CTGTTTCATTTG	9.144184	-37.784334	0	T:151.0(6.03%),B:1324.6(2.85%),P:1e-16	Tpos:267.3,Tstd:163.4,Bpos:236.5,Bstd:142.6,StrandBias:-0.2,Multiplicity:1.02
0.001	0.883	0.036	0.080
0.240	0.001	0.001	0.758
0.238	0.001	0.752	0.009
0.082	0.029	0.167	0.722
0.128	0.001	0.217	0.654
0.108	0.062	0.001	0.829
0.047	0.516	0.303	0.134
0.890	0.001	0.001	0.108
0.043	0.001	0.121	0.835
0.001	0.179	0.264	0.556
0.011	0.019	0.001	0.969
0.203	0.070	0.699	0.028
>ACTGCTTGGGTT	21-ACTGCTTGGGTT	11.345514	-30.130086	0	T:35.0(1.40%),B:135.0(0.29%),P:1e-13	Tpos:223.3,Tstd:152.8,Bpos:222.5,Bstd:152.3,StrandBias:-0.6,Multiplicity:1.00
0.611	0.043	0.345	0.001
0.031	0.925	0.043	0.001
0.110	0.001	0.001	0.888
0.001	0.035	0.963	0.001
0.001	0.891	0.001	0.107
0.001	0.023	0.001	0.975
0.055	0.001	0.043	0.901
0.252	0.001	0.637	0.110
0.001	0.001	0.905	0.093
0.001	0.055	0.878	0.066
0.001	0.001	0.001	0.997
0.001	0.001	0.257	0.741
>TTTTCACTTTWG	22-TTTTCACTTTWG	8.711992	-29.595823	0	T:140.0(5.59%),B:1322.8(2.84%),P:1e-12	Tpos:255.1,Tstd:180.0,Bpos:244.0,Bstd:145.4,StrandBias:0.0,Multiplicity:1.00
0.198	0.230	0.192	0.380
0.001	0.188	0.099	0.712
0.006	0.237	0.130	0.627
0.008	0.004	0.151	0.837
0.061	0.629	0.102	0.208
0.679	0.199	0.004	0.118
0.040	0.647	0.179	0.134
0.100	0.226	0.001	0.673
0.011	0.229	0.171	0.589
0.049	0.193	0.004	0.754
0.334	0.085	0.190	0.391
0.006	0.007	0.974	0.013
>TGACACCTAAAG	23-TGACACCTAAAG	11.159245	-22.125842	0	T:18.0(0.72%),B:47.8(0.10%),P:1e-9	Tpos:357.4,Tstd:137.2,Bpos:252.3,Bstd:141.4,StrandBias:0.0,Multiplicity:1.29
0.070	0.001	0.090	0.839
0.001	0.090	0.908	0.001
0.997	0.001	0.001	0.001
0.001	0.908	0.001	0.090
0.929	0.001	0.001	0.069
0.090	0.908	0.001	0.001
0.058	0.940	0.001	0.001
0.001	0.069	0.001	0.929
0.839	0.090	0.070	0.001
0.929	0.069	0.001	0.001
0.997	0.001	0.001	0.001
0.001	0.001	0.997	0.001
>CCCTCCCCTGTG	24-CCCTCCCCTGTG	8.463612	-13.775733	0	T:250.0(9.98%),B:3429.1(7.37%),P:1e-5	Tpos:266.1,Tstd:217.9,Bpos:243.4,Bstd:142.6,StrandBias:0.4,Multiplicity:1.12
0.100	0.700	0.100	0.100
0.100	0.700	0.100	0.100
0.100	0.700	0.100	0.100
0.100	0.100	0.100	0.700
0.100	0.700	0.100	0.100
0.100	0.700	0.100	0.100
0.100	0.700	0.100	0.100
0.100	0.700	0.100	0.100
0.100	0.100	0.100	0.700
0.100	0.100	0.700	0.100
0.100	0.100	0.100	0.700
0.100	0.100	0.700	0.100
>TGCTGGGTATGA	25-TGCTGGGTATGA	16.563741	-5.223101	0	T:2.0(0.08%),B:2.0(0.00%),P:1e-2	Tpos:104.8,Tstd:55.1,Bpos:144.3,Bstd:24.0,StrandBias:10.0,Multiplicity:8.50
0.001	0.001	0.001	0.997
0.036	0.001	0.962	0.001
0.001	0.997	0.001	0.001
0.001	0.001	0.001	0.997
0.001	0.001	0.997	0.001
0.001	0.001	0.997	0.001
0.001	0.001	0.997	0.001
0.001	0.001	0.001	0.997
0.997	0.001	0.001	0.001
0.001	0.001	0.001	0.997
0.001	0.001	0.997	0.001
0.997	0.001	0.001	0.001
>AAACCACA	1-AAACCACA	7.021503	-429.350472	0	T:1071.0(42.75%),B:8222.2(17.66%),P:1e-186	Tpos:273.8,Tstd:176.6,Bpos:242.5,Bstd:151.6,StrandBias:-0.0,Multiplicity:1.34
0.766	0.061	0.046	0.127
0.907	0.033	0.030	0.030
0.837	0.067	0.095	0.001
0.001	0.997	0.001	0.001
0.001	0.997	0.001	0.001
0.937	0.001	0.033	0.029
0.001	0.997	0.001	0.001
0.899	0.022	0.014	0.065
>TAACCACA	2-TAACCACA	6.668018	-361.400286	0	T:1072.0(42.79%),B:9020.2(19.38%),P:1e-156	Tpos:268.8,Tstd:194.1,Bpos:240.9,Bstd:147.7,StrandBias:-0.1,Multiplicity:1.16
0.180	0.078	0.063	0.679
0.489	0.035	0.198	0.279
0.767	0.114	0.118	0.001
0.001	0.989	0.001	0.009
0.001	0.908	0.037	0.054
0.867	0.001	0.130	0.002
0.027	0.841	0.001	0.131
0.683	0.072	0.170	0.075
>SATCAAAG	3-SATCAAAG	7.521489	-336.477914	0	T:783.0(31.26%),B:5501.7(11.82%),P:1e-146	Tpos:282.2,Tstd:185.8,Bpos:240.6,Bstd:148.7,StrandBias:0.0,Multiplicity:1.22
0.001	0.564	0.434	0.001
0.622	0.001	0.001	0.376
0.001	0.001	0.001	0.997
0.001	0.892	0.106	0.001
0.997	0.001	0.001	0.001
0.997	0.001	0.001	0.001
0.997	0.001	0.001	0.001
0.001	0.001	0.997	0.001
>TGYGGYYK	4-TGYGGYYK	6.695723	-275.840037	0	T:849.0(33.89%),B:7028.0(15.10%),P:1e-119	Tpos:264.3,Tstd:184.9,Bpos:241.1,Bstd:144.0,StrandBias:0.1,Multiplicity:1.09
0.035	0.103	0.150	0.712
0.001	0.044	0.954	0.001
0.001	0.528	0.001	0.470
0.233	0.097	0.625	0.045
0.013	0.001	0.985	0.001
0.001	0.471	0.136	0.392
0.084	0.347	0.076	0.493
0.168	0.124	0.297	0.411
>TGAGTCAT	5-TGAGTCAT	5.699633	-271.916458	0	T:809.0(32.30%),B:6545.8(14.06%),P:1e-118	Tpos:260.9,Tstd:174.4,Bpos:241.8,Bstd:146.9,StrandBias:-0.0,Multiplicity:1.20
0.001	0.005	0.010	0.984
0.001	0.001	0.953	0.045
0.980	0.001	0.001	0.018
0.001	0.292	0.692	0.015
0.001	0.001	0.001	0.997
0.016	0.982	0.001	0.001
0.991	0.001	0.007	0.001
0.066	0.101	0.106	0.727
>TGAGGTKG	6-TGAGGTKG	6.370813	-182.579602	0	T:953.0(38.04%),B:9961.5(21.40%),P:1e-79	Tpos:283.3,Tstd:191.7,Bpos:240.6,Bstd:149.4,StrandBias:0.0,Multiplicity:1.23
0.002	0.044	0.133	0.821
0.154	0.001	0.691	0.154
0.576	0.001	0.124	0.299
0.001	0.221	0.513	0.265
0.044	0.044	0.866	0.046
0.029	0.075	0.014	0.882
0.032	0.182	0.458	0.328
0.293	0.001	0.469	0.238
>AGATCAAA	7-AGATCAAA	6.234238	-179.020194	0	T:1281.0(51.14%),B:15343.7(32.96%),P:1e-77	Tpos:268.7,Tstd:185.2,Bpos:240.8,Bstd:148.7,StrandBias:-0.0,Multiplicity:1.41
0.773	0.047	0.045	0.135
0.262	0.128	0.509	0.101
0.791	0.058	0.050	0.101
0.017	0.150	0.126	0.707
0.107	0.689	0.182	0.022
0.854	0.001	0.036	0.109
0.743	0.102	0.091	0.064
0.939	0.023	0.020	0.018
>TATGACTC	8-TATGACTC	5.565755	-126.091490	0	T:400.0(15.97%),B:3175.1(6.82%),P:1e-54	Tpos:279.0,Tstd:208.4,Bpos:241.9,Bstd:146.4,StrandBias:-0.2,Multiplicity:1.04
0.029	0.001	0.001	0.969
0.997	0.001	0.001	0.001
0.001	0.001	0.001	0.997
0.001	0.001	0.997	0.001
0.997	0.001	0.001	0.001
0.001	0.997	0.001	0.001
0.001	0.001	0.001	0.997
0.148	0.711	0.140	0.001
>ACAGGAAG	9-ACAGGAAG	8.450748	-108.498722	0	T:680.0(27.15%),B:7327.9(15.74%),P:1e-47	Tpos:278.8,Tstd:197.0,Bpos:243.2,Bstd:146.0,StrandBias:-0.1,Multiplicity:1.17
0.997	0.001	0.001	0.001
0.001	0.826	0.172	0.001
0.997	0.001	0.001	0.001
0.001	0.001	0.997	0.001
0.001	0.001	0.997	0.001
0.997	0.001	0.001	0.001
0.997	0.001	0.001	0.001
0.189	0.088	0.722	0.001
>ACTTTCAC	10-ACTTTCAC	6.879486	-108.452894	0	T:742.0(29.62%),B:8264.9(17.75%),P:1e-47	Tpos:275.3,Tstd:199.8,Bpos:237.8,Bstd:149.3,StrandBias:0.1,Multiplicity:1.20
0.596	0.223	0.180	0.001
0.001	0.896	0.102	0.001
0.001	0.001	0.001	0.997
0.001	0.079	0.001	0.919
0.001	0.001	0.113	0.885
0.001	0.944	0.001	0.054
0.757	0.008	0.123	0.112
0.324	0.673	0.002	0.001
>AMSCGAAA	11-AMSCGAAA	7.526568	-100.721220	0	T:370.0(14.77%),B:3146.3(6.76%),P:1e-43	Tpos:271.4,Tstd:181.9,Bpos:238.2,Bstd:153.6,StrandBias:0.1,Multiplicity:1.14
0.997	0.001	0.001	0.001
0.547	0.413	0.005	0.035
0.001	0.512	0.479	0.008
0.001	0.650	0.001	0.348
0.001	0.142	0.856	0.001
0.579	0.206	0.001	0.214
0.664	0.001	0.334	0.001
0.947	0.051	0.001	0.001
>GTACTTTS	12-GTACTTTS	6.720402	-94.183521	0	T:892.0(35.61%),B:10991.9(23.61%),P:1e-40	Tpos:275.7,Tstd:207.4,Bpos:239.2,Bstd:147.5,StrandBias:0.0,Multiplicity:1.18
0.110	0.001	0.654	0.235
0.001	0.283	0.005	0.711
0.757	0.001	0.001	0.241
0.005	0.598	0.238	0.159
0.001	0.085	0.011	0.903
0.078	0.001	0.001	0.920
0.010	0.001	0.001	0.988
0.001	0.512	0.486	0.001
>GGGGGTTT	13-GGGGGTTT	6.866822	-56.606608	0	T:465.0(18.56%),B:5339.0(11.47%),P:1e-24	Tpos:270.2,Tstd:199.7,Bpos:237.6,Bstd:146.9,StrandBias:0.1,Multiplicity:1.12
0.090	0.010	0.825	0.075
0.001	0.049	0.949	0.001
0.001	0.069	0.774	0.156
0.001	0.019	0.952	0.028
0.185	0.089	0.594	0.132
0.001	0.001	0.001	0.997
0.001	0.001	0.001	0.997
0.001	0.043	0.001	0.955
>CCCCWCCC	14-CCCCWCCC	7.872079	-48.916211	0	T:773.0(30.86%),B:10498.6(22.55%),P:1e-21	Tpos:291.4,Tstd:209.9,Bpos:239.0,Bstd:141.0,StrandBias:-0.0,Multiplicity:1.46
0.001	0.997	0.001	0.001
0.001	0.812	0.001	0.186
0.363	0.635	0.001	0.001
0.001	0.997	0.001	0.001
0.421	0.001	0.235	0.344
0.001	0.997	0.001	0.001
0.001	0.997	0.001	0.001
0.001	0.997	0.001	0.001
>ACATCCTG	15-ACATCCTG	7.898176	-39.758356	0	T:262.0(10.46%),B:2786.2(5.99%),P:1e-17	Tpos:259.5,Tstd:173.3,Bpos:243.1,Bstd:142.7,StrandBias:-0.0,Multiplicity:1.04
0.997	0.001	0.001	0.001
0.001	0.887	0.001	0.111
0.931	0.001	0.067	0.001
0.001	0.001	0.001	0.997
0.001	0.997	0.001	0.001
0.001	0.997	0.001	0.001
0.001	0.078	0.094	0.827
0.001	0.001	0.846	0.152
>TVACACGT	16-TVACACGT	7.710831	-38.297732	0	T:368.0(14.69%),B:4385.3(9.42%),P:1e-16	Tpos:255.7,Tstd:185.4,Bpos:241.6,Bstd:153.9,StrandBias:0.1,Multiplicity:1.11
0.001	0.001	0.001	0.997
0.271	0.233	0.362	0.134
0.816	0.060	0.001	0.123
0.001	0.816	0.180	0.003
0.914	0.001	0.001	0.084
0.061	0.882	0.001	0.056
0.007	0.274	0.480	0.239
0.001	0.001	0.001	0.997
>GTGACTTW	17-GTGACTTW	7.403337	-30.992408	0	T:277.0(11.06%),B:3230.4(6.94%),P:1e-13	Tpos:275.8,Tstd:184.0,Bpos:232.9,Bstd:147.4,StrandBias:-0.0,Multiplicity:1.03
0.031	0.001	0.943	0.025
0.001	0.001	0.284	0.714
0.200	0.001	0.798	0.001
0.622	0.116	0.141	0.121
0.001	0.746	0.252	0.001
0.126	0.001	0.016	0.857
0.066	0.204	0.004	0.726
0.356	0.134	0.031	0.478
>ATTTGCAT	18-ATTTGCAT	8.056984	-21.171553	0	T:136.0(5.43%),B:1442.2(3.10%),P:1e-9	Tpos:291.1,Tstd:234.5,Bpos:243.3,Bstd:137.8,StrandBias:-0.2,Multiplicity:1.02
0.997	0.001	0.001	0.001
0.001	0.001	0.001	0.997
0.001	0.001	0.001	0.997
0.167	0.001	0.001	0.831
0.001	0.001	0.997	0.001
0.001	0.997	0.001	0.001
0.939	0.001	0.059	0.001
0.001	0.001	0.001	0.997
>AGCGGTTT	19-AGCGGTTT	10.137918	-18.432812	0	T:33.0(1.32%),B:189.9(0.41%),P:1e-8	Tpos:246.8,Tstd:172.0,Bpos:237.3,Bstd:157.6,StrandBias:-0.2,Multiplicity:1.00
0.997	0.001	0.001	0.001
0.001	0.001	0.604	0.394
0.001	0.997	0.001	0.001
0.001	0.001	0.997	0.001
0.001	0.001	0.997	0.001
0.001	0.001	0.001	0.997
0.001	0.001	0.001	0.997
0.001	0.001	0.001	0.997
>TGAGGTAA	20-TGAGGTAA	8.236954	-13.577494	0	T:63.0(2.51%),B:606.1(1.30%),P:1e-5	Tpos:222.5,Tstd:159.2,Bpos:246.7,Bstd:144.9,StrandBias:-0.2,Multiplicity:1.02
0.100	0.100	0.100	0.700
0.100	0.100	0.700	0.100
0.700	0.100	0.100	0.100
0.100	0.100	0.700	0.100
0.100	0.100	0.700	0.100
0.100	0.100	0.100	0.700
0.700	0.100	0.100	0.100
0.700	0.100	0.100	0.100
>GGTATGAC	21-GGTATGAC	8.236954	-12.108281	0	T:32.0(1.28%),B:241.1(0.52%),P:1e-5	Tpos:165.8,Tstd:124.1,Bpos:251.1,Bstd:141.0,StrandBias:2.3,Multiplicity:1.64
0.100	0.100	0.700	0.100
0.100	0.100	0.700	0.100
0.100	0.100	0.100	0.700
0.700	0.100	0.100	0.100
0.100	0.100	0.100	0.700
0.100	0.100	0.700	0.100
0.700	0.100	0.100	0.100
0.100	0.700	0.100	0.100
