>CTTTGATGTGGT	1-CTTTGATGTGGT	8.790761	-573.281979	0	T:514.0(20.52%),B:1467.9(3.15%),P:1e-248	Tpos:272.6,Tstd:169.5,Bpos:241.2,Bstd:145.1,StrandBias:0.1,Multiplicity:1.07
0.076	0.503	0.136	0.285
0.052	0.170	0.001	0.777
0.030	0.129	0.116	0.725
0.061	0.001	0.001	0.937
0.071	0.176	0.651	0.102
0.693	0.064	0.042	0.201
0.096	0.001	0.001	0.902
0.063	0.043	0.893	0.001
0.053	0.001	0.001	0.945
0.008	0.001	0.965	0.026
0.047	0.047	0.896	0.010
0.066	0.161	0.197	0.576
>AASATCAAAGGV	2-AASATCAAAGGV	8.246938	-420.871690	0	T:714.0(28.50%),B:3994.0(8.58%),P:1e-182	Tpos:278.8,Tstd:172.5,Bpos:241.8,Bstd:147.3,StrandBias:0.1,Multiplicity:1.18
0.466	0.173	0.195	0.166
0.706	0.001	0.157	0.136
0.152	0.458	0.367	0.023
0.730	0.001	0.001	0.268
0.054	0.001	0.023	0.922
0.001	0.749	0.236	0.014
0.997	0.001	0.001	0.001
0.997	0.001	0.001	0.001
0.997	0.001	0.001	0.001
0.168	0.072	0.759	0.001
0.214	0.204	0.424	0.159
0.304	0.334	0.252	0.110
>TTTGTGGTTTNN	3-TTTGTGGTTTNN	7.987816	-339.000426	0	T:717.0(28.62%),B:4693.1(10.08%),P:1e-147	Tpos:281.6,Tstd:182.5,Bpos:244.3,Bstd:151.8,StrandBias:-0.0,Multiplicity:1.17
0.061	0.214	0.219	0.506
0.048	0.313	0.164	0.475
0.032	0.001	0.015	0.952
0.004	0.007	0.911	0.078
0.148	0.045	0.026	0.781
0.009	0.001	0.967	0.023
0.004	0.051	0.899	0.046
0.001	0.179	0.089	0.731
0.026	0.077	0.029	0.868
0.196	0.051	0.121	0.632
0.186	0.284	0.234	0.297
0.188	0.278	0.276	0.258
>RKWHTGAGTCAY	4-RKWHTGAGTCAY	7.119391	-297.786546	0	T:690.0(27.54%),B:4766.4(10.24%),P:1e-129	Tpos:257.5,Tstd:162.6,Bpos:242.2,Bstd:146.8,StrandBias:-0.0,Multiplicity:1.16
0.390	0.134	0.270	0.207
0.202	0.168	0.385	0.246
0.275	0.143	0.175	0.407
0.338	0.259	0.164	0.239
0.062	0.001	0.004	0.933
0.001	0.053	0.826	0.120
0.927	0.001	0.001	0.071
0.007	0.356	0.636	0.001
0.002	0.001	0.004	0.993
0.062	0.908	0.029	0.001
0.997	0.001	0.001	0.001
0.153	0.252	0.217	0.377
>TGAAAGTGAAAS	5-TGAAAGTGAAAS	8.185332	-190.093972	0	T:541.0(21.60%),B:4122.9(8.86%),P:1e-82	Tpos:281.2,Tstd:177.2,Bpos:237.8,Bstd:150.6,StrandBias:0.0,Multiplicity:1.22
0.274	0.066	0.105	0.555
0.170	0.167	0.635	0.028
0.909	0.007	0.049	0.035
0.793	0.048	0.048	0.111
0.930	0.015	0.004	0.051
0.145	0.135	0.686	0.034
0.161	0.029	0.064	0.746
0.111	0.018	0.870	0.001
0.884	0.029	0.054	0.033
0.689	0.089	0.091	0.131
0.927	0.024	0.016	0.033
0.077	0.472	0.410	0.041
>WGGGGVTTYCCC	6-WGGGGVTTYCCC	8.121236	-169.520580	0	T:295.0(11.78%),B:1582.6(3.40%),P:1e-73	Tpos:268.7,Tstd:190.5,Bpos:243.2,Bstd:134.3,StrandBias:0.2,Multiplicity:1.08
0.349	0.080	0.155	0.415
0.082	0.001	0.916	0.001
0.101	0.001	0.873	0.025
0.001	0.021	0.852	0.126
0.281	0.009	0.594	0.116
0.375	0.241	0.248	0.137
0.372	0.001	0.001	0.626
0.172	0.136	0.189	0.503
0.001	0.456	0.013	0.530
0.054	0.877	0.001	0.068
0.105	0.760	0.001	0.134
0.129	0.760	0.001	0.110
>ACAGGAAGTGGN	7-ACAGGAAGTGGN	8.761968	-150.123040	0	T:590.0(23.55%),B:5290.6(11.37%),P:1e-65	Tpos:267.4,Tstd:181.5,Bpos:242.5,Bstd:144.9,StrandBias:0.1,Multiplicity:1.14
0.668	0.001	0.330	0.001
0.237	0.465	0.297	0.001
0.997	0.001	0.001	0.001
0.001	0.001	0.997	0.001
0.001	0.001	0.997	0.001
0.997	0.001	0.001	0.001
0.818	0.001	0.001	0.180
0.325	0.001	0.673	0.001
0.017	0.375	0.001	0.607
0.265	0.001	0.443	0.291
0.232	0.159	0.445	0.164
0.260	0.186	0.237	0.316
>AVAWGTGAAAGT	8-AVAWGTGAAAGT	8.588530	-124.667850	0	T:415.0(16.57%),B:3380.6(7.26%),P:1e-54	Tpos:290.2,Tstd:220.4,Bpos:242.5,Bstd:148.5,StrandBias:-0.2,Multiplicity:1.09
0.634	0.263	0.001	0.102
0.344	0.310	0.344	0.001
0.582	0.069	0.072	0.277
0.445	0.001	0.184	0.371
0.209	0.259	0.430	0.101
0.206	0.001	0.001	0.792
0.189	0.001	0.809	0.001
0.997	0.001	0.001	0.001
0.997	0.001	0.001	0.001
0.997	0.001	0.001	0.001
0.001	0.399	0.599	0.001
0.024	0.332	0.102	0.542
>TGTGGTTTCCTG	9-TGTGGTTTCCTG	7.587635	-90.032854	0	T:465.0(18.56%),B:4595.6(9.87%),P:1e-39	Tpos:273.7,Tstd:211.0,Bpos:239.8,Bstd:144.6,StrandBias:-0.1,Multiplicity:1.07
0.214	0.058	0.083	0.645
0.031	0.121	0.800	0.048
0.076	0.111	0.198	0.615
0.001	0.077	0.804	0.118
0.125	0.012	0.797	0.066
0.001	0.001	0.057	0.941
0.150	0.068	0.165	0.617
0.002	0.116	0.170	0.712
0.001	0.885	0.001	0.113
0.112	0.673	0.066	0.149
0.075	0.132	0.066	0.727
0.001	0.167	0.784	0.048
>TCAGATGTGGTT	10-TCAGATGTGGTT	9.225446	-87.608899	0	T:157.0(6.27%),B:853.9(1.83%),P:1e-38	Tpos:269.1,Tstd:172.9,Bpos:242.2,Bstd:147.8,StrandBias:0.2,Multiplicity:1.06
0.130	0.067	0.071	0.732
0.059	0.756	0.116	0.069
0.900	0.001	0.081	0.018
0.094	0.067	0.747	0.092
0.875	0.037	0.033	0.055
0.111	0.001	0.033	0.855
0.088	0.061	0.764	0.087
0.080	0.001	0.018	0.901
0.030	0.001	0.931	0.038
0.079	0.009	0.859	0.053
0.029	0.097	0.028	0.846
0.062	0.087	0.023	0.828
>GTGACTGTGGTT	11-GTGACTGTGGTT	6.951910	-84.006010	0	T:747.0(29.82%),B:8949.0(19.22%),P:1e-36	Tpos:273.3,Tstd:199.7,Bpos:237.7,Bstd:152.0,StrandBias:0.1,Multiplicity:1.18
0.083	0.084	0.739	0.094
0.153	0.025	0.062	0.760
0.088	0.080	0.749	0.083
0.727	0.098	0.102	0.073
0.091	0.726	0.130	0.053
0.093	0.035	0.030	0.842
0.061	0.082	0.764	0.093
0.084	0.055	0.085	0.776
0.090	0.033	0.774	0.103
0.100	0.101	0.672	0.127
0.068	0.090	0.107	0.735
0.081	0.084	0.097	0.738
>TGTGGTTTCCTC	12-TGTGGTTTCCTC	7.089923	-80.814206	0	T:574.0(22.91%),B:6368.2(13.68%),P:1e-35	Tpos:286.3,Tstd:201.3,Bpos:237.9,Bstd:146.9,StrandBias:0.1,Multiplicity:1.08
0.090	0.082	0.075	0.753
0.066	0.088	0.760	0.086
0.098	0.142	0.036	0.724
0.058	0.087	0.756	0.099
0.095	0.075	0.714	0.116
0.115	0.101	0.055	0.729
0.090	0.102	0.066	0.742
0.083	0.073	0.101	0.743
0.065	0.728	0.072	0.135
0.048	0.810	0.034	0.108
0.116	0.090	0.052	0.742
0.091	0.800	0.006	0.103
>GTTTCAGTATGA	13-GTTTCAGTATGA	9.913867	-77.208707	0	T:110.0(4.39%),B:494.2(1.06%),P:1e-33	Tpos:293.1,Tstd:210.9,Bpos:243.3,Bstd:149.9,StrandBias:-0.1,Multiplicity:1.01
0.094	0.108	0.751	0.047
0.076	0.098	0.001	0.825
0.001	0.113	0.001	0.885
0.076	0.001	0.019	0.904
0.042	0.842	0.051	0.065
0.887	0.001	0.025	0.087
0.123	0.077	0.723	0.077
0.083	0.088	0.059	0.770
0.681	0.118	0.090	0.111
0.001	0.001	0.001	0.997
0.097	0.001	0.877	0.025
0.855	0.077	0.067	0.001
>GTGGCTTCCTGT	14-GTGGCTTCCTGT	8.998474	-66.744106	0	T:248.0(9.90%),B:2102.7(4.52%),P:1e-28	Tpos:263.8,Tstd:186.6,Bpos:241.1,Bstd:143.5,StrandBias:-0.2,Multiplicity:1.05
0.051	0.065	0.808	0.076
0.049	0.063	0.052	0.836
0.001	0.001	0.937	0.061
0.066	0.044	0.772	0.118
0.024	0.834	0.034	0.108
0.023	0.092	0.067	0.818
0.019	0.047	0.067	0.867
0.063	0.793	0.056	0.088
0.087	0.836	0.017	0.060
0.023	0.017	0.001	0.959
0.013	0.087	0.802	0.098
0.062	0.088	0.106	0.744
>TTGCTTTGAAGG	15-TTGCTTTGAAGG	9.281036	-56.770072	0	T:190.0(7.58%),B:1528.1(3.28%),P:1e-24	Tpos:269.3,Tstd:181.2,Bpos:239.3,Bstd:147.8,StrandBias:0.1,Multiplicity:1.01
0.058	0.053	0.061	0.828
0.058	0.028	0.084	0.830
0.076	0.069	0.748	0.107
0.039	0.865	0.027	0.069
0.068	0.033	0.001	0.898
0.056	0.067	0.074	0.803
0.009	0.009	0.059	0.923
0.076	0.068	0.792	0.064
0.826	0.056	0.082	0.036
0.929	0.001	0.025	0.045
0.099	0.020	0.813	0.068
0.081	0.099	0.750	0.070
>CTGACTCATTTC	16-CTGACTCATTTC	7.779906	-47.354146	0	T:350.0(13.97%),B:3871.1(8.32%),P:1e-20	Tpos:287.4,Tstd:203.8,Bpos:240.1,Bstd:145.5,StrandBias:0.1,Multiplicity:1.06
0.050	0.763	0.186	0.001
0.339	0.001	0.001	0.659
0.172	0.109	0.611	0.108
0.549	0.275	0.127	0.049
0.049	0.860	0.032	0.059
0.129	0.001	0.001	0.869
0.001	0.819	0.113	0.067
0.926	0.010	0.001	0.063
0.036	0.001	0.094	0.869
0.125	0.149	0.001	0.725
0.111	0.001	0.015	0.873
0.010	0.925	0.064	0.001
>TGTGGTTAACCA	17-TGTGGTTAACCA	7.307478	-43.170626	0	T:100.0(3.99%),B:655.6(1.41%),P:1e-18	Tpos:248.0,Tstd:170.3,Bpos:246.3,Bstd:142.8,StrandBias:0.5,Multiplicity:1.00
0.159	0.134	0.165	0.542
0.108	0.163	0.566	0.163
0.143	0.103	0.160	0.594
0.160	0.015	0.645	0.180
0.123	0.168	0.576	0.133
0.145	0.199	0.115	0.541
0.164	0.175	0.149	0.512
0.530	0.127	0.125	0.218
0.528	0.120	0.196	0.156
0.169	0.515	0.199	0.117
0.099	0.738	0.013	0.150
0.658	0.143	0.020	0.179
>TTTGTGGGTTTG	18-TTTGTGGGTTTG	10.156518	-40.383615	0	T:85.0(3.39%),B:524.9(1.13%),P:1e-17	Tpos:272.0,Tstd:163.8,Bpos:243.6,Bstd:154.6,StrandBias:-0.6,Multiplicity:1.02
0.100	0.016	0.001	0.883
0.267	0.153	0.022	0.558
0.148	0.001	0.040	0.811
0.033	0.289	0.596	0.082
0.168	0.001	0.001	0.830
0.173	0.001	0.761	0.065
0.069	0.001	0.929	0.001
0.001	0.001	0.973	0.025
0.001	0.033	0.017	0.949
0.082	0.001	0.195	0.722
0.001	0.001	0.066	0.932
0.273	0.055	0.671	0.001
>AGTCATTTCAAA	19-AGTCATTTCAAA	7.640081	-39.932334	0	T:91.0(3.63%),B:591.4(1.27%),P:1e-17	Tpos:268.2,Tstd:178.0,Bpos:230.5,Bstd:143.7,StrandBias:0.0,Multiplicity:1.05
0.537	0.097	0.149	0.217
0.153	0.186	0.499	0.162
0.147	0.136	0.171	0.546
0.144	0.512	0.174	0.170
0.651	0.168	0.011	0.170
0.148	0.219	0.105	0.528
0.160	0.192	0.123	0.525
0.183	0.086	0.086	0.645
0.106	0.588	0.177	0.129
0.670	0.131	0.009	0.190
0.534	0.144	0.210	0.112
0.627	0.146	0.208	0.019
>CTGTTTCATTTG	20-CTGTTTCATTTG	9.144184	-37.784334	0	T:151.0(6.03%),B:1324.6(2.85%),P:1e-16	Tpos:267.3,Tstd:163.4,Bpos:236.5,Bstd:142.6,StrandBias:-0.2,Multiplicity:1.02
0.001	0.883	0.036	0.080
0.240	0.001	0.001	0.758
0.238	0.001	0.752	0.009
0.082	0.029	0.167	0.722
0.128	0.001	0.217	0.654
0.108	0.062	0.001	0.829
0.047	0.516	0.303	0.134
0.890	0.001	0.001	0.108
0.043	0.001	0.121	0.835
0.001	0.179	0.264	0.556
0.011	0.019	0.001	0.969
0.203	0.070	0.699	0.028
>ACTGCTTGGGTT	21-ACTGCTTGGGTT	11.345514	-30.130086	0	T:35.0(1.40%),B:135.0(0.29%),P:1e-13	Tpos:223.3,Tstd:152.8,Bpos:222.5,Bstd:152.3,StrandBias:-0.6,Multiplicity:1.00
0.611	0.043	0.345	0.001
0.031	0.925	0.043	0.001
0.110	0.001	0.001	0.888
0.001	0.035	0.963	0.001
0.001	0.891	0.001	0.107
0.001	0.023	0.001	0.975
0.055	0.001	0.043	0.901
0.252	0.001	0.637	0.110
0.001	0.001	0.905	0.093
0.001	0.055	0.878	0.066
0.001	0.001	0.001	0.997
0.001	0.001	0.257	0.741
>TTTTCACTTTWG	22-TTTTCACTTTWG	8.711992	-29.595823	0	T:140.0(5.59%),B:1322.8(2.84%),P:1e-12	Tpos:255.1,Tstd:180.0,Bpos:244.0,Bstd:145.4,StrandBias:0.0,Multiplicity:1.00
0.198	0.230	0.192	0.380
0.001	0.188	0.099	0.712
0.006	0.237	0.130	0.627
0.008	0.004	0.151	0.837
0.061	0.629	0.102	0.208
0.679	0.199	0.004	0.118
0.040	0.647	0.179	0.134
0.100	0.226	0.001	0.673
0.011	0.229	0.171	0.589
0.049	0.193	0.004	0.754
0.334	0.085	0.190	0.391
0.006	0.007	0.974	0.013
>TGACACCTAAAG	23-TGACACCTAAAG	11.159245	-22.125842	0	T:18.0(0.72%),B:47.8(0.10%),P:1e-9	Tpos:357.4,Tstd:137.2,Bpos:252.3,Bstd:141.4,StrandBias:0.0,Multiplicity:1.29
0.070	0.001	0.090	0.839
0.001	0.090	0.908	0.001
0.997	0.001	0.001	0.001
0.001	0.908	0.001	0.090
0.929	0.001	0.001	0.069
0.090	0.908	0.001	0.001
0.058	0.940	0.001	0.001
0.001	0.069	0.001	0.929
0.839	0.090	0.070	0.001
0.929	0.069	0.001	0.001
0.997	0.001	0.001	0.001
0.001	0.001	0.997	0.001
>CCCTCCCCTGTG	24-CCCTCCCCTGTG	8.463612	-13.775733	0	T:250.0(9.98%),B:3429.1(7.37%),P:1e-5	Tpos:266.1,Tstd:217.9,Bpos:243.4,Bstd:142.6,StrandBias:0.4,Multiplicity:1.12
0.100	0.700	0.100	0.100
0.100	0.700	0.100	0.100
0.100	0.700	0.100	0.100
0.100	0.100	0.100	0.700
0.100	0.700	0.100	0.100
0.100	0.700	0.100	0.100
0.100	0.700	0.100	0.100
0.100	0.700	0.100	0.100
0.100	0.100	0.100	0.700
0.100	0.100	0.700	0.100
0.100	0.100	0.100	0.700
0.100	0.100	0.700	0.100
>TGCTGGGTATGA	25-TGCTGGGTATGA	16.563741	-5.223101	0	T:2.0(0.08%),B:2.0(0.00%),P:1e-2	Tpos:104.8,Tstd:55.1,Bpos:144.3,Bstd:24.0,StrandBias:10.0,Multiplicity:8.50
0.001	0.001	0.001	0.997
0.036	0.001	0.962	0.001
0.001	0.997	0.001	0.001
0.001	0.001	0.001	0.997
0.001	0.001	0.997	0.001
0.001	0.001	0.997	0.001
0.001	0.001	0.997	0.001
0.001	0.001	0.001	0.997
0.997	0.001	0.001	0.001
0.001	0.001	0.001	0.997
0.001	0.001	0.997	0.001
0.997	0.001	0.001	0.001
