Factor1: 1.4144839751157514
Factor2: 0.706971600663181
