Factor1: 1.126347517378259
Factor2: 0.8878254575707224
