Factor1: 0.8413237284365199
Factor2: 1.1886031098378234
