Factor1: 1.0920525736861084
Factor2: 0.9157068295939303
