Factor1: 0.7756024497546307
Factor2: 1.2893203216626785
