>RNDVTGASTCAB	1-RNDVTGASTCAB	7.294518	-1569.451910	0	T:2382.0(25.39%),B:2735.1(6.86%),P:1e-681	Tpos:287.2,Tstd:208.7,Bpos:250.3,Bstd:147.0,StrandBias:-0.0,Multiplicity:1.19
0.273	0.178	0.352	0.198
0.294	0.190	0.241	0.275
0.304	0.124	0.305	0.266
0.345	0.218	0.334	0.103
0.037	0.003	0.016	0.944
0.018	0.031	0.851	0.100
0.926	0.008	0.014	0.052
0.043	0.478	0.412	0.067
0.101	0.021	0.001	0.877
0.129	0.753	0.082	0.036
0.851	0.041	0.002	0.106
0.111	0.290	0.251	0.348
>AAACCACADMCH	2-AAACCACADMCH	7.675500	-1199.210343	0	T:3212.0(34.24%),B:5640.5(14.15%),P:1e-520	Tpos:290.7,Tstd:217.3,Bpos:251.4,Bstd:152.9,StrandBias:-0.0,Multiplicity:1.26
0.491	0.222	0.054	0.233
0.692	0.065	0.200	0.043
0.644	0.164	0.191	0.001
0.003	0.994	0.002	0.001
0.003	0.995	0.001	0.001
0.909	0.018	0.001	0.072
0.051	0.917	0.031	0.001
0.880	0.066	0.001	0.053
0.341	0.187	0.280	0.192
0.379	0.301	0.200	0.120
0.229	0.380	0.207	0.185
0.309	0.271	0.146	0.275
>ACAGGAAGTGGN	3-ACAGGAAGTGGN	7.941059	-738.392369	0	T:3184.0(33.94%),B:6970.3(17.48%),P:1e-320	Tpos:292.0,Tstd:223.2,Bpos:248.7,Bstd:144.5,StrandBias:0.0,Multiplicity:1.27
0.533	0.103	0.254	0.110
0.135	0.561	0.268	0.036
0.997	0.001	0.001	0.001
0.001	0.001	0.997	0.001
0.001	0.001	0.997	0.001
0.997	0.001	0.001	0.001
0.721	0.001	0.001	0.277
0.315	0.001	0.683	0.001
0.051	0.193	0.125	0.631
0.254	0.104	0.484	0.158
0.223	0.175	0.425	0.177
0.209	0.291	0.262	0.238
>AGTTTCABTTTC	4-AGTTTCABTTTC	8.735014	-586.278584	0	T:1389.0(14.81%),B:2112.3(5.30%),P:1e-254	Tpos:294.6,Tstd:217.3,Bpos:248.6,Bstd:153.0,StrandBias:-0.1,Multiplicity:1.14
0.496	0.057	0.248	0.199
0.036	0.353	0.568	0.043
0.049	0.001	0.001	0.949
0.002	0.013	0.047	0.938
0.001	0.001	0.001	0.997
0.004	0.876	0.029	0.091
0.624	0.014	0.214	0.148
0.103	0.384	0.262	0.251
0.023	0.001	0.001	0.975
0.123	0.116	0.005	0.756
0.038	0.219	0.060	0.683
0.082	0.423	0.271	0.225
>AGWGGGYGGGGC	5-AGWGGGYGGGGC	6.766103	-292.587424	0	T:2278.0(24.29%),B:5908.3(14.82%),P:1e-127	Tpos:306.7,Tstd:234.4,Bpos:253.9,Bstd:147.3,StrandBias:0.0,Multiplicity:1.33
0.476	0.001	0.224	0.299
0.148	0.144	0.707	0.001
0.308	0.001	0.266	0.424
0.092	0.001	0.906	0.001
0.001	0.001	0.997	0.001
0.001	0.001	0.997	0.001
0.156	0.397	0.001	0.446
0.001	0.001	0.997	0.001
0.001	0.001	0.697	0.301
0.111	0.001	0.887	0.001
0.001	0.001	0.997	0.001
0.060	0.696	0.001	0.243
>GGGGGTTTCCCC	6-GGGGGTTTCCCC	8.166574	-273.460425	0	T:955.0(10.18%),B:1773.8(4.45%),P:1e-118	Tpos:295.1,Tstd:217.1,Bpos:256.4,Bstd:144.8,StrandBias:-0.1,Multiplicity:1.10
0.174	0.058	0.593	0.175
0.030	0.017	0.917	0.036
0.046	0.008	0.869	0.077
0.157	0.020	0.741	0.082
0.211	0.135	0.443	0.211
0.084	0.123	0.052	0.741
0.005	0.014	0.065	0.916
0.005	0.216	0.032	0.747
0.005	0.797	0.011	0.187
0.017	0.963	0.001	0.019
0.104	0.835	0.005	0.056
0.195	0.572	0.032	0.201
>NTTCACACCTHH	7-NTTCACACCTHH	8.155915	-264.641523	0	T:1130.0(12.05%),B:2310.0(5.79%),P:1e-114	Tpos:290.4,Tstd:216.0,Bpos:247.6,Bstd:155.1,StrandBias:0.2,Multiplicity:1.09
0.194	0.239	0.235	0.332
0.154	0.284	0.065	0.497
0.001	0.053	0.001	0.945
0.231	0.432	0.275	0.063
0.617	0.001	0.001	0.381
0.001	0.997	0.001	0.001
0.995	0.001	0.003	0.001
0.067	0.841	0.001	0.091
0.190	0.533	0.001	0.276
0.180	0.227	0.001	0.592
0.263	0.316	0.123	0.298
0.201	0.336	0.163	0.299
>CTTTGATGTGGB	8-CTTTGATGTGGB	8.538282	-236.949077	0	T:924.0(9.85%),B:1805.5(4.53%),P:1e-102	Tpos:278.5,Tstd:202.6,Bpos:255.0,Bstd:150.5,StrandBias:0.0,Multiplicity:1.06
0.012	0.522	0.225	0.241
0.004	0.128	0.006	0.862
0.029	0.205	0.222	0.544
0.059	0.001	0.001	0.939
0.076	0.264	0.650	0.010
0.753	0.001	0.075	0.171
0.178	0.010	0.029	0.783
0.001	0.129	0.864	0.006
0.056	0.001	0.040	0.903
0.030	0.001	0.902	0.067
0.099	0.004	0.736	0.161
0.027	0.356	0.258	0.359
>WGGTTAACCACW	9-WGGTTAACCACW	7.575830	-184.400528	0	T:911.0(9.71%),B:1965.4(4.93%),P:1e-80	Tpos:294.7,Tstd:216.9,Bpos:253.0,Bstd:154.7,StrandBias:-0.1,Multiplicity:1.05
0.313	0.058	0.198	0.431
0.082	0.008	0.775	0.135
0.081	0.097	0.730	0.092
0.042	0.079	0.081	0.798
0.057	0.046	0.083	0.814
0.769	0.084	0.054	0.093
0.822	0.063	0.071	0.044
0.089	0.771	0.078	0.062
0.068	0.881	0.001	0.050
0.866	0.045	0.005	0.084
0.072	0.775	0.090	0.063
0.424	0.219	0.047	0.310
>GGTTTCCTGTCT	10-GGTTTCCTGTCT	9.654212	-172.915764	0	T:524.0(5.59%),B:896.0(2.25%),P:1e-75	Tpos:293.4,Tstd:216.6,Bpos:243.4,Bstd:151.7,StrandBias:0.4,Multiplicity:1.02
0.113	0.001	0.805	0.081
0.039	0.013	0.920	0.028
0.010	0.163	0.006	0.821
0.001	0.009	0.144	0.846
0.026	0.004	0.028	0.942
0.029	0.828	0.062	0.081
0.025	0.793	0.019	0.163
0.014	0.001	0.034	0.951
0.048	0.320	0.586	0.046
0.098	0.211	0.055	0.636
0.068	0.552	0.212	0.168
0.162	0.294	0.025	0.519
>ATTTGCATANHN	11-ATTTGCATANHN	8.947199	-153.906961	0	T:402.0(4.29%),B:631.5(1.58%),P:1e-66	Tpos:291.2,Tstd:214.3,Bpos:249.4,Bstd:139.4,StrandBias:-0.2,Multiplicity:1.07
0.622	0.127	0.090	0.161
0.029	0.001	0.001	0.969
0.067	0.049	0.027	0.857
0.043	0.001	0.001	0.955
0.128	0.001	0.776	0.095
0.129	0.869	0.001	0.001
0.921	0.001	0.001	0.077
0.024	0.131	0.048	0.797
0.455	0.042	0.246	0.258
0.261	0.218	0.206	0.315
0.316	0.266	0.156	0.261
0.213	0.280	0.227	0.281
>TTATGACTAAGC	12-TTATGACTAAGC	9.325326	-127.426957	0	T:264.0(2.81%),B:357.8(0.90%),P:1e-55	Tpos:299.0,Tstd:232.2,Bpos:254.6,Bstd:137.6,StrandBias:0.2,Multiplicity:1.02
0.042	0.085	0.082	0.791
0.047	0.063	0.106	0.784
0.748	0.059	0.092	0.101
0.072	0.007	0.001	0.920
0.035	0.052	0.861	0.052
0.936	0.007	0.030	0.027
0.075	0.811	0.092	0.022
0.065	0.062	0.022	0.851
0.826	0.058	0.079	0.037
0.893	0.015	0.030	0.062
0.094	0.007	0.807	0.092
0.105	0.778	0.057	0.060
>TTTCGAAATGAC	13-TTTCGAAATGAC	9.487084	-101.412083	0	T:268.0(2.86%),B:424.5(1.06%),P:1e-44	Tpos:309.1,Tstd:215.1,Bpos:237.8,Bstd:152.1,StrandBias:0.1,Multiplicity:1.02
0.031	0.015	0.023	0.931
0.041	0.129	0.078	0.752
0.033	0.020	0.046	0.901
0.087	0.694	0.136	0.083
0.207	0.108	0.554	0.131
0.830	0.008	0.116	0.046
0.811	0.057	0.063	0.069
0.915	0.015	0.039	0.031
0.050	0.015	0.025	0.910
0.026	0.015	0.916	0.043
0.940	0.014	0.009	0.037
0.046	0.853	0.049	0.052
>GWCTCAGTGGTG	14-GWCTCAGTGGTG	6.546667	-76.198286	0	T:2148.0(22.90%),B:7160.5(17.96%),P:1e-33	Tpos:300.9,Tstd:234.7,Bpos:253.1,Bstd:154.2,StrandBias:-0.0,Multiplicity:1.16
0.079	0.030	0.890	0.001
0.448	0.056	0.055	0.442
0.051	0.678	0.100	0.171
0.377	0.032	0.020	0.571
0.101	0.806	0.001	0.092
0.543	0.102	0.112	0.243
0.001	0.030	0.929	0.040
0.051	0.010	0.063	0.876
0.097	0.051	0.822	0.030
0.112	0.038	0.809	0.041
0.001	0.050	0.010	0.939
0.117	0.051	0.792	0.040
>GGTTTTGGTTTC	15-GGTTTTGGTTTC	10.773229	-73.770855	0	T:256.0(2.73%),B:470.1(1.18%),P:1e-32	Tpos:275.0,Tstd:197.1,Bpos:237.3,Bstd:165.0,StrandBias:0.0,Multiplicity:1.06
0.396	0.001	0.578	0.025
0.001	0.241	0.757	0.001
0.001	0.001	0.001	0.997
0.001	0.094	0.031	0.874
0.001	0.001	0.001	0.997
0.050	0.001	0.019	0.930
0.001	0.019	0.973	0.007
0.020	0.001	0.655	0.324
0.001	0.001	0.001	0.997
0.001	0.013	0.001	0.985
0.001	0.286	0.001	0.712
0.001	0.679	0.206	0.114
>TGTGGCTAACAC	16-TGTGGCTAACAC	10.947893	-69.778370	0	T:72.0(0.77%),B:53.4(0.13%),P:1e-30	Tpos:217.7,Tstd:191.5,Bpos:247.4,Bstd:121.9,StrandBias:0.4,Multiplicity:1.08
0.029	0.001	0.033	0.937
0.055	0.162	0.616	0.167
0.011	0.011	0.033	0.945
0.011	0.018	0.960	0.011
0.066	0.203	0.580	0.151
0.001	0.584	0.177	0.238
0.029	0.022	0.011	0.938
0.678	0.024	0.280	0.018
0.553	0.146	0.132	0.169
0.148	0.592	0.249	0.011
0.874	0.053	0.055	0.018
0.247	0.713	0.029	0.011
>ACATCTCCGCCC	17-ACATCTCCGCCC	-2.771953	-59.730406	0	T:1744.0(18.59%),B:5814.8(14.58%),P:1e-25	Tpos:306.6,Tstd:248.8,Bpos:247.5,Bstd:151.7,StrandBias:0.0,Multiplicity:1.15
0.997	0.001	0.001	0.001
0.001	0.997	0.001	0.001
0.617	0.001	0.001	0.381
0.010	0.010	0.010	0.970
0.381	0.617	0.001	0.001
0.001	0.001	0.001	0.997
0.001	0.997	0.001	0.001
0.001	0.997	0.001	0.001
0.001	0.001	0.997	0.001
0.001	0.997	0.001	0.001
0.001	0.997	0.001	0.001
0.001	0.997	0.001	0.001
>TGTCTAGGCCTC	18-TGTCTAGGCCTC	13.011394	-49.329840	0	T:27.0(0.29%),B:8.3(0.02%),P:1e-21	Tpos:285.9,Tstd:152.2,Bpos:247.4,Bstd:169.1,StrandBias:1.8,Multiplicity:1.00
0.001	0.001	0.001	0.997
0.001	0.001	0.997	0.001
0.001	0.340	0.142	0.517
0.142	0.856	0.001	0.001
0.001	0.084	0.001	0.914
0.997	0.001	0.001	0.001
0.001	0.001	0.997	0.001
0.001	0.001	0.997	0.001
0.001	0.856	0.142	0.001
0.001	0.856	0.142	0.001
0.001	0.001	0.001	0.997
0.001	0.997	0.001	0.001
>GACCGCAGAGAC	19-GACCGCAGAGAC	13.488730	-46.648314	0	T:19.0(0.20%),B:3.7(0.01%),P:1e-20	Tpos:251.9,Tstd:249.6,Bpos:391.9,Bstd:61.4,StrandBias:1.5,Multiplicity:1.00
0.001	0.001	0.997	0.001
0.997	0.001	0.001	0.001
0.001	0.997	0.001	0.001
0.001	0.997	0.001	0.001
0.001	0.001	0.997	0.001
0.001	0.567	0.216	0.216
0.782	0.001	0.001	0.216
0.001	0.001	0.997	0.001
0.782	0.216	0.001	0.001
0.001	0.001	0.997	0.001
0.871	0.001	0.001	0.127
0.001	0.997	0.001	0.001
>TGCAAGGCTTCT	20-TGCAAGGCTTCT	11.285635	-41.408320	0	T:27.0(0.29%),B:11.6(0.03%),P:1e-17	Tpos:408.0,Tstd:198.0,Bpos:249.1,Bstd:118.7,StrandBias:-2.1,Multiplicity:1.00
0.093	0.061	0.092	0.754
0.089	0.059	0.755	0.097
0.059	0.768	0.078	0.095
0.794	0.041	0.077	0.088
0.751	0.064	0.113	0.072
0.099	0.059	0.773	0.069
0.123	0.082	0.710	0.085
0.064	0.773	0.052	0.111
0.113	0.101	0.078	0.708
0.090	0.091	0.078	0.741
0.064	0.739	0.121	0.076
0.091	0.101	0.072	0.736
>GCTGGGTATGAC	21-GCTGGGTATGAC	-4.151280	-30.420759	0	T:1895.0(20.20%),B:6876.5(17.25%),P:1e-13	Tpos:304.2,Tstd:244.7,Bpos:249.2,Bstd:146.8,StrandBias:0.1,Multiplicity:1.18
0.011	0.001	0.987	0.001
0.001	0.977	0.011	0.011
0.001	0.001	0.001	0.997
0.001	0.001	0.997	0.001
0.001	0.001	0.997	0.001
0.001	0.001	0.997	0.001
0.001	0.001	0.001	0.997
0.997	0.001	0.001	0.001
0.001	0.001	0.001	0.997
0.001	0.001	0.997	0.001
0.997	0.001	0.001	0.001
0.001	0.971	0.001	0.027
>CAGCAGCCTGAC	22-CAGCAGCCTGAC	12.355432	-29.190588	0	T:16.0(0.17%),B:5.5(0.01%),P:1e-12	Tpos:211.4,Tstd:112.6,Bpos:244.8,Bstd:115.7,StrandBias:-2.0,Multiplicity:1.00
0.100	0.700	0.100	0.100
0.700	0.100	0.100	0.100
0.100	0.100	0.700	0.100
0.100	0.700	0.100	0.100
0.700	0.100	0.100	0.100
0.100	0.100	0.700	0.100
0.100	0.700	0.100	0.100
0.100	0.700	0.100	0.100
0.100	0.100	0.100	0.700
0.100	0.100	0.700	0.100
0.700	0.100	0.100	0.100
0.100	0.700	0.100	0.100
>AATGAGTATACA	23-AATGAGTATACA	9.209817	-9.514163	0	T:10.0(0.11%),B:9.6(0.02%),P:1e-4	Tpos:184.7,Tstd:129.5,Bpos:334.6,Bstd:149.8,StrandBias:2.1,Multiplicity:2.60
0.997	0.001	0.001	0.001
0.997	0.001	0.001	0.001
0.001	0.001	0.001	0.997
0.001	0.001	0.617	0.381
0.997	0.001	0.001	0.001
0.001	0.001	0.997	0.001
0.001	0.001	0.001	0.997
0.617	0.001	0.381	0.001
0.001	0.001	0.001	0.997
0.997	0.001	0.001	0.001
0.001	0.992	0.001	0.006
0.997	0.001	0.001	0.001
>TGTGGAGGACCT	24-TGTGGAGGACCT	13.033536	-4.942046	0	T:5.0(0.05%),B:5.1(0.01%),P:1e-2	Tpos:243.7,Tstd:148.6,Bpos:321.7,Bstd:102.4,StrandBias:-3.0,Multiplicity:6.00
0.001	0.001	0.001	0.997
0.001	0.001	0.997	0.001
0.001	0.001	0.001	0.997
0.001	0.001	0.997	0.001
0.001	0.001	0.997	0.001
0.969	0.001	0.001	0.029
0.001	0.001	0.969	0.029
0.001	0.001	0.997	0.001
0.997	0.001	0.001	0.001
0.001	0.997	0.001	0.001
0.001	0.997	0.001	0.001
0.001	0.001	0.001	0.997
>NNNNNNNNNNNN	25-NNNNNNNNNNNN	-nan	0.000000	0	T:0.0(0.00%),B:0.0(0.00%),P:1e0	Tpos:0.0,Tstd:0.0,Bpos:0.0,Bstd:0.0,StrandBias:0.0,Multiplicity:1.00
-nan	-nan	-nan	-nan
-nan	-nan	-nan	-nan
-nan	-nan	-nan	-nan
-nan	-nan	-nan	-nan
-nan	-nan	-nan	-nan
-nan	-nan	-nan	-nan
-nan	-nan	-nan	-nan
-nan	-nan	-nan	-nan
-nan	-nan	-nan	-nan
-nan	-nan	-nan	-nan
-nan	-nan	-nan	-nan
-nan	-nan	-nan	-nan
