>TATGACTCAT	1-TATGACTCAT	7.621381	-1568.710016	0	T:2288.0(24.39%),B:2528.5(6.34%),P:1e-681	Tpos:288.1,Tstd:208.1,Bpos:249.3,Bstd:146.5,StrandBias:-0.0,Multiplicity:1.19
0.219	0.105	0.261	0.415
0.560	0.174	0.198	0.068
0.003	0.008	0.004	0.985
0.001	0.010	0.954	0.035
0.987	0.004	0.005	0.004
0.027	0.604	0.341	0.028
0.014	0.002	0.006	0.978
0.046	0.940	0.011	0.003
0.978	0.004	0.007	0.011
0.066	0.163	0.169	0.602
>NHTGTGGTTW	2-NHTGTGGTTW	6.216903	-1122.370237	0	T:5498.0(58.61%),B:13811.9(34.64%),P:1e-487	Tpos:292.4,Tstd:222.4,Bpos:249.1,Bstd:152.8,StrandBias:-0.0,Multiplicity:1.36
0.196	0.210	0.251	0.344
0.207	0.335	0.112	0.347
0.139	0.152	0.084	0.625
0.001	0.001	0.987	0.011
0.094	0.202	0.001	0.703
0.001	0.001	0.997	0.001
0.001	0.001	0.997	0.001
0.001	0.164	0.109	0.726
0.166	0.162	0.125	0.547
0.318	0.071	0.178	0.433
>NVTAACCACA	3-NVTAACCACA	7.276747	-1099.248000	0	T:2866.0(30.55%),B:4886.1(12.25%),P:1e-477	Tpos:288.4,Tstd:220.2,Bpos:252.3,Bstd:154.0,StrandBias:-0.0,Multiplicity:1.22
0.198	0.303	0.266	0.234
0.214	0.242	0.352	0.192
0.240	0.250	0.050	0.460
0.686	0.077	0.189	0.048
0.728	0.062	0.209	0.001
0.011	0.987	0.001	0.001
0.001	0.995	0.001	0.003
0.788	0.064	0.069	0.079
0.076	0.917	0.002	0.005
0.686	0.106	0.055	0.153
>CAYTTCCTGT	4-CAYTTCCTGT	8.316166	-712.826465	0	T:2512.0(26.78%),B:4925.2(12.35%),P:1e-309	Tpos:289.8,Tstd:220.4,Bpos:247.2,Bstd:146.3,StrandBias:-0.0,Multiplicity:1.20
0.153	0.472	0.186	0.189
0.661	0.067	0.271	0.001
0.001	0.516	0.046	0.437
0.275	0.001	0.001	0.723
0.001	0.001	0.001	0.997
0.001	0.997	0.001	0.001
0.001	0.997	0.001	0.001
0.001	0.001	0.001	0.997
0.001	0.222	0.620	0.157
0.001	0.216	0.001	0.782
>STTTCRBTTT	5-STTTCRBTTT	7.498950	-493.865446	0	T:2219.0(23.66%),B:4780.9(11.99%),P:1e-214	Tpos:296.7,Tstd:221.9,Bpos:247.9,Bstd:149.9,StrandBias:-0.1,Multiplicity:1.24
0.055	0.402	0.519	0.024
0.001	0.013	0.012	0.974
0.013	0.007	0.018	0.962
0.001	0.032	0.091	0.876
0.001	0.916	0.006	0.077
0.338	0.169	0.402	0.091
0.182	0.272	0.341	0.205
0.035	0.051	0.039	0.875
0.134	0.090	0.008	0.768
0.044	0.265	0.079	0.612
>WGGGCGGGGC	6-WGGGCGGGGC	7.766781	-359.323682	0	T:2280.0(24.31%),B:5563.4(13.95%),P:1e-156	Tpos:307.2,Tstd:230.0,Bpos:251.6,Bstd:150.4,StrandBias:-0.0,Multiplicity:1.38
0.328	0.013	0.230	0.429
0.124	0.001	0.874	0.001
0.001	0.001	0.997	0.001
0.001	0.001	0.997	0.001
0.121	0.512	0.031	0.336
0.053	0.001	0.945	0.001
0.001	0.001	0.605	0.393
0.244	0.001	0.687	0.068
0.085	0.001	0.727	0.187
0.114	0.668	0.001	0.217
>NKTCACACCT	7-NKTCACACCT	6.707241	-342.195917	0	T:3111.0(33.17%),B:8583.6(21.53%),P:1e-148	Tpos:290.3,Tstd:220.6,Bpos:250.9,Bstd:153.5,StrandBias:-0.0,Multiplicity:1.26
0.233	0.198	0.236	0.333
0.218	0.093	0.315	0.374
0.002	0.219	0.004	0.775
0.214	0.498	0.277	0.011
0.673	0.052	0.074	0.201
0.018	0.948	0.020	0.014
0.968	0.001	0.029	0.002
0.010	0.880	0.104	0.006
0.126	0.621	0.118	0.135
0.070	0.346	0.014	0.570
>NTNTTAGTCA	8-NTNTTAGTCA	7.005804	-275.593654	0	T:1188.0(12.67%),B:2441.4(6.12%),P:1e-119	Tpos:288.6,Tstd:212.7,Bpos:252.8,Bstd:154.0,StrandBias:-0.1,Multiplicity:1.08
0.269	0.171	0.245	0.315
0.071	0.001	0.282	0.646
0.231	0.287	0.261	0.221
0.001	0.001	0.001	0.997
0.001	0.001	0.001	0.997
0.997	0.001	0.001	0.001
0.001	0.338	0.660	0.001
0.001	0.001	0.001	0.997
0.001	0.997	0.001	0.001
0.997	0.001	0.001	0.001
>GGGGTTTCCC	9-GGGGTTTCCC	8.067498	-260.690352	0	T:686.0(7.31%),B:1087.4(2.73%),P:1e-113	Tpos:293.4,Tstd:216.2,Bpos:254.4,Bstd:146.1,StrandBias:-0.2,Multiplicity:1.07
0.001	0.026	0.972	0.001
0.001	0.001	0.933	0.065
0.001	0.001	0.988	0.010
0.140	0.021	0.773	0.066
0.065	0.047	0.050	0.838
0.001	0.001	0.001	0.997
0.001	0.065	0.018	0.916
0.001	0.849	0.011	0.139
0.013	0.982	0.004	0.001
0.038	0.956	0.005	0.001
>TCCDCCCACA	10-TCCDCCCACA	6.979905	-231.573427	0	T:1916.0(20.43%),B:5010.9(12.57%),P:1e-100	Tpos:302.4,Tstd:240.5,Bpos:249.5,Bstd:149.0,StrandBias:-0.0,Multiplicity:1.12
0.187	0.202	0.191	0.420
0.207	0.628	0.001	0.164
0.139	0.746	0.001	0.114
0.284	0.001	0.404	0.311
0.178	0.746	0.003	0.073
0.008	0.969	0.002	0.021
0.003	0.719	0.063	0.215
0.611	0.205	0.001	0.183
0.015	0.789	0.111	0.085
0.414	0.139	0.221	0.227
>CCACATCAAA	11-CCACATCAAA	8.186807	-217.112529	0	T:620.0(6.61%),B:1028.5(2.58%),P:1e-94	Tpos:280.5,Tstd:181.7,Bpos:248.6,Bstd:151.9,StrandBias:-0.1,Multiplicity:1.04
0.021	0.919	0.001	0.059
0.001	0.992	0.001	0.006
0.960	0.014	0.001	0.025
0.001	0.982	0.001	0.016
0.953	0.001	0.005	0.041
0.095	0.013	0.001	0.891
0.001	0.923	0.060	0.016
0.968	0.001	0.007	0.024
0.811	0.076	0.076	0.037
0.935	0.045	0.014	0.006
>AAGCGGAAAC	12-AAGCGGAAAC	7.689436	-187.282675	0	T:1489.0(15.87%),B:3814.3(9.57%),P:1e-81	Tpos:306.0,Tstd:229.9,Bpos:250.9,Bstd:147.9,StrandBias:-0.0,Multiplicity:1.08
0.539	0.169	0.097	0.195
0.973	0.001	0.025	0.001
0.041	0.295	0.631	0.033
0.153	0.505	0.116	0.226
0.047	0.003	0.831	0.119
0.092	0.004	0.903	0.001
0.997	0.001	0.001	0.001
0.997	0.001	0.001	0.001
0.836	0.001	0.162	0.001
0.218	0.626	0.061	0.095
>NYATGCAAAT	13-NYATGCAAAT	9.007514	-145.157156	0	T:442.0(4.71%),B:757.6(1.90%),P:1e-63	Tpos:292.5,Tstd:215.3,Bpos:250.6,Bstd:143.6,StrandBias:0.1,Multiplicity:1.07
0.273	0.219	0.199	0.310
0.197	0.342	0.001	0.460
0.933	0.001	0.017	0.049
0.052	0.009	0.120	0.819
0.023	0.056	0.894	0.027
0.032	0.733	0.117	0.118
0.956	0.001	0.003	0.040
0.988	0.001	0.001	0.010
0.927	0.020	0.001	0.052
0.194	0.030	0.073	0.703
>AAATGACTGT	14-AAATGACTGT	10.102311	-96.507235	0	T:276.0(2.94%),B:457.1(1.15%),P:1e-41	Tpos:281.9,Tstd:225.7,Bpos:240.8,Bstd:144.2,StrandBias:-0.1,Multiplicity:1.02
0.629	0.144	0.073	0.154
0.463	0.001	0.281	0.255
0.997	0.001	0.001	0.001
0.001	0.001	0.001	0.997
0.001	0.001	0.997	0.001
0.997	0.001	0.001	0.001
0.001	0.826	0.172	0.001
0.001	0.001	0.001	0.997
0.145	0.001	0.853	0.001
0.001	0.013	0.073	0.913
>MTGTGGTGAG	15-MTGTGGTGAG	7.778141	-92.095599	0	T:1128.0(12.03%),B:3205.0(8.04%),P:1e-39	Tpos:283.3,Tstd:222.2,Bpos:247.4,Bstd:150.4,StrandBias:-0.4,Multiplicity:1.09
0.403	0.363	0.035	0.199
0.277	0.001	0.001	0.721
0.091	0.001	0.715	0.193
0.001	0.199	0.001	0.799
0.001	0.001	0.997	0.001
0.106	0.001	0.892	0.001
0.001	0.089	0.062	0.848
0.001	0.001	0.997	0.001
0.963	0.001	0.035	0.001
0.001	0.415	0.583	0.001
>GGAAAGTCCC	16-GGAAAGTCCC	9.996469	-82.501576	0	T:162.0(1.73%),B:213.0(0.53%),P:1e-35	Tpos:307.8,Tstd:235.2,Bpos:254.9,Bstd:146.7,StrandBias:0.0,Multiplicity:1.01
0.001	0.035	0.894	0.070
0.001	0.001	0.997	0.001
0.997	0.001	0.001	0.001
0.997	0.001	0.001	0.001
0.997	0.001	0.001	0.001
0.001	0.145	0.853	0.001
0.001	0.001	0.121	0.877
0.184	0.814	0.001	0.001
0.001	0.997	0.001	0.001
0.001	0.997	0.001	0.001
>TTGYGAAACC	17-TTGYGAAACC	8.810596	-75.188472	0	T:331.0(3.53%),B:677.4(1.70%),P:1e-32	Tpos:293.0,Tstd:225.8,Bpos:251.4,Bstd:162.7,StrandBias:-0.1,Multiplicity:1.03
0.226	0.097	0.001	0.676
0.001	0.001	0.146	0.852
0.038	0.100	0.712	0.150
0.001	0.446	0.001	0.552
0.017	0.001	0.981	0.001
0.805	0.021	0.001	0.173
0.868	0.001	0.130	0.001
0.997	0.001	0.001	0.001
0.001	0.715	0.194	0.090
0.100	0.630	0.001	0.269
>GTGAATCASC	18-GTGAATCASC	6.832435	-66.574916	0	T:119.0(1.27%),B:146.2(0.37%),P:1e-28	Tpos:318.1,Tstd:232.7,Bpos:259.0,Bstd:152.4,StrandBias:0.4,Multiplicity:1.00
0.092	0.001	0.906	0.001
0.001	0.001	0.001	0.997
0.001	0.001	0.997	0.001
0.997	0.001	0.001	0.001
0.997	0.001	0.001	0.001
0.001	0.001	0.001	0.997
0.001	0.997	0.001	0.001
0.997	0.001	0.001	0.001
0.011	0.470	0.518	0.001
0.001	0.997	0.001	0.001
>TGACGTCATC	19-TGACGTCATC	8.174951	-64.465798	0	T:448.0(4.78%),B:1085.8(2.72%),P:1e-27	Tpos:311.0,Tstd:242.5,Bpos:247.5,Bstd:154.5,StrandBias:-0.0,Multiplicity:1.05
0.001	0.001	0.001	0.997
0.001	0.107	0.722	0.170
0.997	0.001	0.001	0.001
0.001	0.818	0.001	0.180
0.090	0.082	0.827	0.001
0.001	0.001	0.001	0.997
0.007	0.625	0.253	0.115
0.875	0.001	0.001	0.123
0.025	0.150	0.186	0.639
0.159	0.632	0.041	0.168
>ACGTGTCATA	20-ACGTGTCATA	7.382045	-55.533976	0	T:416.0(4.43%),B:1032.2(2.59%),P:1e-24	Tpos:287.8,Tstd:216.0,Bpos:248.1,Bstd:152.0,StrandBias:-0.1,Multiplicity:1.03
0.833	0.073	0.017	0.077
0.032	0.860	0.018	0.090
0.064	0.050	0.798	0.088
0.061	0.060	0.109	0.770
0.135	0.064	0.747	0.054
0.141	0.023	0.061	0.775
0.028	0.862	0.058	0.052
0.870	0.011	0.021	0.098
0.036	0.015	0.139	0.810
0.683	0.153	0.087	0.077
>GTCATACCCA	21-GTCATACCCA	6.404373	-51.581054	0	T:2942.0(31.36%),B:10681.8(26.79%),P:1e-22	Tpos:297.5,Tstd:236.7,Bpos:249.8,Bstd:150.1,StrandBias:-0.1,Multiplicity:1.20
0.100	0.100	0.700	0.100
0.100	0.100	0.100	0.700
0.100	0.700	0.100	0.100
0.700	0.100	0.100	0.100
0.100	0.100	0.100	0.700
0.700	0.100	0.100	0.100
0.100	0.700	0.100	0.100
0.100	0.700	0.100	0.100
0.100	0.700	0.100	0.100
0.700	0.100	0.100	0.100
>TATGTAAACG	22-TATGTAAACG	9.083347	-29.793851	0	T:10.0(0.11%),B:1.8(0.00%),P:1e-12	Tpos:234.1,Tstd:139.8,Bpos:303.8,Bstd:108.6,StrandBias:0.6,Multiplicity:1.00
0.098	0.123	0.157	0.622
0.756	0.102	0.079	0.063
0.078	0.188	0.172	0.562
0.126	0.096	0.673	0.105
0.123	0.118	0.136	0.623
0.749	0.085	0.048	0.118
0.628	0.099	0.131	0.142
0.606	0.172	0.116	0.106
0.010	0.918	0.036	0.036
0.005	0.021	0.866	0.108
>TCTCCGCCCW	23-TCTCCGCCCW	10.589865	-26.871226	0	T:84.0(0.90%),B:150.8(0.38%),P:1e-11	Tpos:322.3,Tstd:227.9,Bpos:259.1,Bstd:149.0,StrandBias:0.9,Multiplicity:1.19
0.004	0.036	0.074	0.886
0.212	0.561	0.036	0.191
0.001	0.001	0.001	0.997
0.111	0.787	0.063	0.039
0.135	0.863	0.001	0.001
0.322	0.001	0.676	0.001
0.038	0.960	0.001	0.001
0.102	0.858	0.001	0.039
0.001	0.978	0.003	0.018
0.434	0.094	0.039	0.433
>AGCGTGACTG	24-AGCGTGACTG	10.296193	-19.036156	0	T:11.0(0.12%),B:4.7(0.01%),P:1e-8	Tpos:312.4,Tstd:288.9,Bpos:304.4,Bstd:100.9,StrandBias:-0.3,Multiplicity:1.00
0.700	0.100	0.100	0.100
0.100	0.100	0.700	0.100
0.100	0.700	0.100	0.100
0.100	0.100	0.700	0.100
0.100	0.100	0.100	0.700
0.100	0.100	0.700	0.100
0.700	0.100	0.100	0.100
0.100	0.700	0.100	0.100
0.100	0.100	0.100	0.700
0.100	0.100	0.700	0.100
>AAAAAAAAAA	25-AAAAAAAAAA	10.588428	-16.847983	0	T:635.0(6.77%),B:2181.6(5.47%),P:1e-7	Tpos:293.5,Tstd:220.1,Bpos:252.3,Bstd:162.1,StrandBias:0.0,Multiplicity:1.07
0.811	0.001	0.001	0.187
0.963	0.001	0.001	0.035
0.940	0.001	0.001	0.058
0.997	0.001	0.001	0.001
0.997	0.001	0.001	0.001
0.997	0.001	0.001	0.001
0.997	0.001	0.001	0.001
0.957	0.041	0.001	0.001
0.997	0.001	0.001	0.001
0.886	0.001	0.112	0.001
