Factor1: 1.383856748144291
Factor2: 0.7226181476810882
