Factor1: 1.18246779596553
Factor2: 0.8456889933171191
