>AGMSTGCTGATTGGTCCA	Nfya+M1890	10.931233	-5.554734	0	T:48.0(0.60%),B:164.9(0.40%),P:1e-2
0.537	0.173	0.112	0.178
0.135	0.113	0.522	0.230
0.405	0.257	0.247	0.091
0.137	0.339	0.454	0.070
0.208	0.267	0.036	0.489
0.022	0.095	0.546	0.337
0.027	0.842	0.055	0.076
0.002	0.113	0.028	0.857
0.025	0.116	0.819	0.040
0.975	0.001	0.017	0.007
0.001	0.006	0.001	0.992
0.001	0.001	0.001	0.997
0.003	0.001	0.995	0.001
0.001	0.008	0.990	0.001
0.043	0.305	0.002	0.650
0.052	0.450	0.214	0.284
0.175	0.476	0.254	0.094
0.486	0.130	0.309	0.076
