Factor1: 0.9785732201863404
Factor2: 1.0218959392835003
