Factor1: 1.3652041846307015
Factor2: 0.732491162316872
