>TCTCACGCWAGYCSGGGG	Ahrr+M2917	11.7725648696478
0.333	0.000	0.000	0.667
0.000	0.556	0.333	0.111
0.111	0.111	0.111	0.667
0.000	1.000	0.000	0.000
1.000	0.000	0.000	0.000
0.000	1.000	0.000	0.000
0.000	0.000	1.000	0.000
0.000	1.000	0.000	0.000
0.333	0.111	0.222	0.333
1.000	0.000	0.000	0.000
0.000	0.444	0.556	0.000
0.111	0.444	0.111	0.333
0.000	0.556	0.000	0.444
0.111	0.333	0.333	0.222
0.000	0.222	0.778	0.000
0.333	0.111	0.556	0.000
0.333	0.000	0.667	0.000
0.111	0.222	0.667	0.000
