>RGGKCASKGTGACCT	Esr2+M2065	9.44867636203954
0.497	0.074	0.329	0.101
0.155	0.000	0.710	0.135
0.119	0.044	0.785	0.053
0.184	0.169	0.249	0.398
0.008	0.808	0.048	0.136
0.623	0.065	0.118	0.194
0.213	0.264	0.305	0.219
0.149	0.205	0.392	0.254
0.097	0.332	0.510	0.061
0.011	0.007	0.000	0.982
0.011	0.065	0.925	0.000
0.853	0.120	0.018	0.009
0.005	0.988	0.000	0.007
0.078	0.870	0.000	0.052
0.021	0.311	0.012	0.656
