>AGAASSTTCTAGAAR	Hsf1+M2288	9.968523294412277
0.502	0.080	0.391	0.027
0.022	0.009	0.969	0.000
0.924	0.018	0.022	0.036
0.831	0.040	0.071	0.058
0.253	0.298	0.276	0.173
0.200	0.324	0.280	0.196
0.080	0.067	0.027	0.827
0.049	0.013	0.107	0.831
0.000	1.000	0.000	0.000
0.004	0.396	0.031	0.569
0.640	0.027	0.316	0.018
0.000	0.009	0.987	0.004
0.902	0.036	0.049	0.013
0.796	0.053	0.116	0.036
0.276	0.249	0.364	0.111
