>AGRACATTYTGTYCT	Nr3c1+M1935	9.675439584846746
0.548	0.000	0.323	0.129
0.125	0.000	0.875	0.000
0.394	0.000	0.348	0.258
0.882	0.000	0.017	0.101
0.000	1.000	0.000	0.000
0.727	0.041	0.000	0.232
0.000	0.234	0.230	0.535
0.170	0.174	0.153	0.503
0.000	0.381	0.292	0.327
0.142	0.030	0.000	0.828
0.000	0.000	1.000	0.000
0.060	0.077	0.000	0.862
0.118	0.234	0.202	0.445
0.054	0.796	0.000	0.151
0.144	0.323	0.000	0.533
