>RKTGAMCTTGAACTTGAK	Nr6a1+M3339	12.540381020903128
0.270	0.189	0.378	0.162
0.216	0.162	0.378	0.243
0.027	0.027	0.027	0.919
0.054	0.000	0.946	0.000
0.892	0.054	0.027	0.027
0.486	0.459	0.027	0.027
0.081	0.919	0.000	0.000
0.000	0.000	0.027	0.973
0.000	0.000	0.000	1.000
0.000	0.000	1.000	0.000
1.000	0.000	0.000	0.000
0.622	0.351	0.027	0.000
0.000	0.973	0.000	0.027
0.027	0.027	0.000	0.946
0.027	0.108	0.027	0.838
0.027	0.135	0.757	0.081
0.622	0.189	0.135	0.054
0.135	0.216	0.405	0.243
