>KGCASTCATGCGTGACG	Pax9+M5711	12.515741848187735
0.170	0.128	0.266	0.436
0.000	0.115	0.582	0.304
0.063	0.900	0.002	0.035
0.936	0.000	0.062	0.002
0.129	0.279	0.412	0.180
0.000	0.132	0.000	0.868
0.001	0.715	0.284	0.001
0.979	0.000	0.021	0.000
0.371	0.004	0.027	0.598
0.000	0.164	0.836	0.000
0.000	1.000	0.000	0.000
0.065	0.000	0.935	0.000
0.000	0.001	0.021	0.978
0.043	0.000	0.957	0.000
0.973	0.002	0.004	0.021
0.003	0.997	0.000	0.000
0.061	0.295	0.605	0.039
