>ASTRGGTCACSGTGACCTAS	Pparg+M1894	13.202261885218451
0.714	0.036	0.000	0.250
0.179	0.214	0.429	0.179
0.036	0.000	0.179	0.786
0.464	0.000	0.429	0.107
0.107	0.000	0.893	0.000
0.000	0.000	0.964	0.036
0.036	0.000	0.179	0.786
0.036	0.714	0.179	0.071
0.893	0.071	0.000	0.036
0.143	0.643	0.071	0.143
0.214	0.357	0.250	0.179
0.143	0.143	0.536	0.179
0.036	0.000	0.036	0.929
0.000	0.107	0.821	0.071
0.821	0.143	0.036	0.000
0.036	0.929	0.000	0.036
0.000	0.964	0.036	0.000
0.000	0.321	0.000	0.679
0.893	0.000	0.000	0.107
0.107	0.500	0.286	0.107
