>GRACTACAAYTCCCAGMAKGC	Smarcc2+M4527	14.644054000858771
0.438	0.000	0.542	0.021
0.438	0.052	0.479	0.031
1.000	0.000	0.000	0.000
0.000	1.000	0.000	0.000
0.000	0.031	0.000	0.969
0.875	0.062	0.042	0.021
0.000	0.979	0.000	0.021
0.813	0.083	0.083	0.021
0.625	0.083	0.094	0.198
0.083	0.438	0.146	0.333
0.010	0.083	0.031	0.875
0.021	0.948	0.000	0.031
0.000	1.000	0.000	0.000
0.000	0.990	0.000	0.010
0.812	0.010	0.177	0.000
0.104	0.115	0.635	0.146
0.365	0.385	0.208	0.042
0.792	0.010	0.198	0.000
0.083	0.062	0.479	0.375
0.062	0.104	0.792	0.042
0.021	0.927	0.010	0.042
