>RGTGGGCGTGGY	Sp9+M5856	8.55442861095857
0.494	0.006	0.313	0.187
0.163	0.087	0.696	0.054
0.017	0.034	0.438	0.511
0.081	0.022	0.898	0.000
0.000	0.017	0.971	0.012
0.011	0.033	0.928	0.028
0.146	0.623	0.138	0.093
0.028	0.006	0.928	0.039
0.012	0.006	0.195	0.787
0.063	0.000	0.815	0.122
0.023	0.000	0.661	0.316
0.060	0.467	0.162	0.311
