>TTCATACTGGAGAGAAA	Zfp110+M4551	13.506395886796872
0.000	0.338	0.055	0.607
0.048	0.124	0.014	0.814
0.000	1.000	0.000	0.000
1.000	0.000	0.000	0.000
0.000	0.421	0.000	0.579
0.966	0.000	0.021	0.014
0.007	0.966	0.021	0.007
0.152	0.090	0.028	0.731
0.014	0.000	0.986	0.000
0.041	0.014	0.931	0.014
0.628	0.028	0.179	0.166
0.000	0.014	0.986	0.000
0.979	0.000	0.000	0.021
0.234	0.000	0.766	0.000
0.993	0.007	0.000	0.000
0.917	0.000	0.083	0.000
0.703	0.014	0.269	0.014
