Factor1: 1.4090215785029014
Factor2: 0.7097123388717083
