Factor1: 0.982983232584948
Factor2: 1.0173113506425773
