Factor1: 0.8827374552811691
Factor2: 1.1328396614613805
