Factor1: 0.9422898308730858
Factor2: 1.0612446056787457
