>TTGTATGAGCTC	1-TTGTATGAGCTC	10.230318	-26.266864	0	T:17.0(7.39%),B:375.5(0.76%),P:1e-11	Tpos:236.2,Tstd:144.9,Bpos:215.4,Bstd:125.2,StrandBias:0.9,Multiplicity:1.00
0.001	0.320	0.001	0.678
0.001	0.297	0.148	0.554
0.001	0.105	0.598	0.296
0.001	0.001	0.001	0.997
0.703	0.001	0.295	0.001
0.001	0.001	0.147	0.851
0.160	0.001	0.562	0.277
0.997	0.001	0.001	0.001
0.245	0.001	0.753	0.001
0.001	0.997	0.001	0.001
0.001	0.001	0.001	0.997
0.148	0.556	0.148	0.148
>AAATGTAATGAA	2-AAATGTAATGAA	13.621508	-25.445552	0	T:10.0(4.35%),B:81.5(0.16%),P:1e-11	Tpos:358.3,Tstd:211.1,Bpos:210.2,Bstd:116.2,StrandBias:0.0,Multiplicity:1.00
0.997	0.001	0.001	0.001
0.997	0.001	0.001	0.001
0.843	0.001	0.001	0.155
0.001	0.001	0.192	0.806
0.132	0.001	0.866	0.001
0.086	0.001	0.001	0.912
0.869	0.001	0.001	0.129
0.997	0.001	0.001	0.001
0.001	0.001	0.001	0.997
0.001	0.144	0.854	0.001
0.843	0.001	0.001	0.155
0.997	0.001	0.001	0.001
>TATACTACACTA	3-TATACTACACTA	13.994949	-24.795683	0	T:5.0(2.17%),B:4.1(0.01%),P:1e-10	Tpos:169.4,Tstd:89.9,Bpos:340.4,Bstd:77.5,StrandBias:2.0,Multiplicity:1.00
0.001	0.001	0.001	0.997
0.997	0.001	0.001	0.001
0.001	0.001	0.001	0.997
0.654	0.001	0.001	0.344
0.001	0.672	0.001	0.326
0.001	0.001	0.001	0.997
0.713	0.285	0.001	0.001
0.001	0.713	0.001	0.285
0.672	0.001	0.326	0.001
0.001	0.997	0.001	0.001
0.001	0.001	0.001	0.997
0.997	0.001	0.001	0.001
>CCTGCATGCTGA	4-CCTGCATGCTGA	11.925951	-22.677166	0	T:10.0(4.35%),B:108.4(0.22%),P:1e-9	Tpos:191.8,Tstd:108.9,Bpos:208.1,Bstd:125.9,StrandBias:1.4,Multiplicity:1.10
0.001	0.997	0.001	0.001
0.001	0.997	0.001	0.001
0.411	0.001	0.001	0.587
0.001	0.001	0.997	0.001
0.285	0.556	0.001	0.158
0.718	0.123	0.001	0.158
0.001	0.001	0.001	0.997
0.001	0.001	0.997	0.001
0.001	0.997	0.001	0.001
0.316	0.001	0.001	0.682
0.001	0.127	0.760	0.112
0.860	0.001	0.001	0.138
>AAGTGGGGCAGT	5-AAGTGGGGCAGT	14.517327	-22.008911	0	T:5.0(2.17%),B:7.1(0.01%),P:1e-9	Tpos:178.8,Tstd:89.1,Bpos:181.7,Bstd:111.8,StrandBias:-0.6,Multiplicity:1.00
0.997	0.001	0.001	0.001
0.997	0.001	0.001	0.001
0.001	0.001	0.997	0.001
0.257	0.001	0.001	0.741
0.001	0.001	0.997	0.001
0.001	0.001	0.997	0.001
0.001	0.001	0.997	0.001
0.001	0.001	0.997	0.001
0.001	0.773	0.225	0.001
0.997	0.001	0.001	0.001
0.001	0.001	0.997	0.001
0.257	0.001	0.001	0.741
>TKATATTTGTTT	6-TKATATTTGTTT	9.557028	-17.310197	0	T:52.0(22.61%),B:5057.4(10.17%),P:1e-7	Tpos:336.4,Tstd:324.9,Bpos:218.7,Bstd:122.9,StrandBias:0.0,Multiplicity:1.10
0.116	0.001	0.001	0.882
0.075	0.001	0.524	0.400
0.744	0.016	0.076	0.164
0.265	0.073	0.076	0.586
0.611	0.001	0.109	0.279
0.044	0.001	0.001	0.954
0.189	0.117	0.061	0.633
0.039	0.001	0.001	0.959
0.046	0.113	0.529	0.312
0.052	0.231	0.001	0.716
0.051	0.169	0.001	0.779
0.001	0.074	0.001	0.924
>GCCCCCACTCTC	7-GCCCCCACTCTC	12.355432	-15.860746	0	T:3.0(1.30%),B:2.9(0.01%),P:1e-6	Tpos:121.3,Tstd:66.0,Bpos:203.8,Bstd:124.6,StrandBias:10.0,Multiplicity:1.00
0.100	0.100	0.700	0.100
0.100	0.700	0.100	0.100
0.100	0.700	0.100	0.100
0.100	0.700	0.100	0.100
0.100	0.700	0.100	0.100
0.100	0.700	0.100	0.100
0.700	0.100	0.100	0.100
0.100	0.700	0.100	0.100
0.100	0.100	0.100	0.700
0.100	0.700	0.100	0.100
0.100	0.100	0.100	0.700
0.100	0.700	0.100	0.100
>CCATKTCTGATA	8-CCATKTCTGATA	12.897758	-14.984804	0	T:5.0(2.17%),B:29.5(0.06%),P:1e-6	Tpos:207.0,Tstd:112.2,Bpos:222.8,Bstd:108.2,StrandBias:-0.4,Multiplicity:1.40
0.001	0.997	0.001	0.001
0.001	0.997	0.001	0.001
0.731	0.001	0.001	0.267
0.001	0.001	0.001	0.997
0.001	0.001	0.569	0.429
0.001	0.001	0.001	0.997
0.001	0.997	0.001	0.001
0.001	0.001	0.001	0.997
0.001	0.001	0.997	0.001
0.997	0.001	0.001	0.001
0.001	0.001	0.161	0.837
0.997	0.001	0.001	0.001
>AAAAGAACTAGG	9-AAAAGAACTAGG	12.742129	-11.627982	0	T:5.0(2.17%),B:58.6(0.12%),P:1e-5	Tpos:103.3,Tstd:79.2,Bpos:254.6,Bstd:125.1,StrandBias:0.4,Multiplicity:1.40
0.676	0.322	0.001	0.001
0.700	0.298	0.001	0.001
0.997	0.001	0.001	0.001
0.997	0.001	0.001	0.001
0.001	0.001	0.997	0.001
0.997	0.001	0.001	0.001
0.845	0.153	0.001	0.001
0.298	0.700	0.001	0.001
0.001	0.001	0.001	0.997
0.862	0.001	0.001	0.136
0.001	0.001	0.997	0.001
0.001	0.001	0.997	0.001
