>CTCAACAGAG	1-CTCAACAGAG	6.888257	-19.035752	0	T:74.0(32.17%),B:8262.8(16.62%),P:1e-8	Tpos:304.0,Tstd:230.3,Bpos:219.3,Bstd:124.2,StrandBias:0.2,Multiplicity:1.30
0.001	0.830	0.048	0.121
0.097	0.033	0.001	0.869
0.080	0.784	0.095	0.041
0.762	0.044	0.036	0.158
0.777	0.112	0.054	0.057
0.079	0.827	0.066	0.028
0.864	0.001	0.001	0.134
0.058	0.137	0.804	0.001
0.835	0.001	0.044	0.120
0.126	0.172	0.658	0.044
>GAAGACATTC	2-GAAGACATTC	9.822766	-18.982158	0	T:18.0(7.83%),B:690.6(1.39%),P:1e-8	Tpos:333.2,Tstd:221.9,Bpos:217.0,Bstd:120.6,StrandBias:0.6,Multiplicity:1.11
0.088	0.001	0.803	0.108
0.878	0.001	0.120	0.001
0.872	0.001	0.001	0.126
0.072	0.001	0.926	0.001
0.949	0.001	0.001	0.049
0.196	0.802	0.001	0.001
0.895	0.001	0.001	0.103
0.001	0.001	0.114	0.884
0.001	0.001	0.001	0.997
0.001	0.997	0.001	0.001
>AATGGAACCT	3-AATGGAACCT	10.081645	-18.321761	0	T:16.0(6.96%),B:557.9(1.12%),P:1e-7	Tpos:425.8,Tstd:451.3,Bpos:224.0,Bstd:124.0,StrandBias:0.0,Multiplicity:1.00
0.908	0.001	0.001	0.090
0.997	0.001	0.001	0.001
0.001	0.001	0.183	0.815
0.001	0.001	0.997	0.001
0.058	0.105	0.836	0.001
0.910	0.001	0.001	0.088
0.904	0.001	0.001	0.094
0.001	0.873	0.054	0.072
0.001	0.924	0.001	0.074
0.001	0.095	0.001	0.903
>ATGCCCCAAG	4-ATGCCCCAAG	10.270322	-14.106216	0	T:11.0(4.78%),B:341.4(0.69%),P:1e-6	Tpos:222.5,Tstd:222.4,Bpos:218.1,Bstd:127.8,StrandBias:1.6,Multiplicity:1.09
0.889	0.001	0.001	0.109
0.360	0.001	0.103	0.536
0.001	0.108	0.890	0.001
0.099	0.899	0.001	0.001
0.001	0.997	0.001	0.001
0.001	0.890	0.001	0.108
0.001	0.997	0.001	0.001
0.997	0.001	0.001	0.001
0.997	0.001	0.001	0.001
0.001	0.001	0.997	0.001
>TAGGTCSATG	5-TAGGTCSATG	11.336803	-12.250451	0	T:4.0(1.74%),B:23.8(0.05%),P:1e-5	Tpos:179.5,Tstd:122.6,Bpos:240.7,Bstd:112.1,StrandBias:2.3,Multiplicity:1.50
0.001	0.001	0.167	0.831
0.997	0.001	0.001	0.001
0.001	0.389	0.609	0.001
0.001	0.001	0.988	0.010
0.001	0.001	0.001	0.997
0.001	0.818	0.001	0.180
0.001	0.429	0.569	0.001
0.831	0.001	0.001	0.167
0.001	0.001	0.191	0.807
0.001	0.001	0.807	0.191
>TTGTATGAGCTC	1-TTGTATGAGCTC	10.230318	-26.266864	0	T:17.0(7.39%),B:375.5(0.76%),P:1e-11	Tpos:236.2,Tstd:144.9,Bpos:215.4,Bstd:125.2,StrandBias:0.9,Multiplicity:1.00
0.001	0.320	0.001	0.678
0.001	0.297	0.148	0.554
0.001	0.105	0.598	0.296
0.001	0.001	0.001	0.997
0.703	0.001	0.295	0.001
0.001	0.001	0.147	0.851
0.160	0.001	0.562	0.277
0.997	0.001	0.001	0.001
0.245	0.001	0.753	0.001
0.001	0.997	0.001	0.001
0.001	0.001	0.001	0.997
0.148	0.556	0.148	0.148
>AAATGTAATGAA	2-AAATGTAATGAA	13.621508	-25.445552	0	T:10.0(4.35%),B:81.5(0.16%),P:1e-11	Tpos:358.3,Tstd:211.1,Bpos:210.2,Bstd:116.2,StrandBias:0.0,Multiplicity:1.00
0.997	0.001	0.001	0.001
0.997	0.001	0.001	0.001
0.843	0.001	0.001	0.155
0.001	0.001	0.192	0.806
0.132	0.001	0.866	0.001
0.086	0.001	0.001	0.912
0.869	0.001	0.001	0.129
0.997	0.001	0.001	0.001
0.001	0.001	0.001	0.997
0.001	0.144	0.854	0.001
0.843	0.001	0.001	0.155
0.997	0.001	0.001	0.001
>TATACTACACTA	3-TATACTACACTA	13.994949	-24.795683	0	T:5.0(2.17%),B:4.1(0.01%),P:1e-10	Tpos:169.4,Tstd:89.9,Bpos:340.4,Bstd:77.5,StrandBias:2.0,Multiplicity:1.00
0.001	0.001	0.001	0.997
0.997	0.001	0.001	0.001
0.001	0.001	0.001	0.997
0.654	0.001	0.001	0.344
0.001	0.672	0.001	0.326
0.001	0.001	0.001	0.997
0.713	0.285	0.001	0.001
0.001	0.713	0.001	0.285
0.672	0.001	0.326	0.001
0.001	0.997	0.001	0.001
0.001	0.001	0.001	0.997
0.997	0.001	0.001	0.001
>CCTGCATGCTGA	4-CCTGCATGCTGA	11.925951	-22.677166	0	T:10.0(4.35%),B:108.4(0.22%),P:1e-9	Tpos:191.8,Tstd:108.9,Bpos:208.1,Bstd:125.9,StrandBias:1.4,Multiplicity:1.10
0.001	0.997	0.001	0.001
0.001	0.997	0.001	0.001
0.411	0.001	0.001	0.587
0.001	0.001	0.997	0.001
0.285	0.556	0.001	0.158
0.718	0.123	0.001	0.158
0.001	0.001	0.001	0.997
0.001	0.001	0.997	0.001
0.001	0.997	0.001	0.001
0.316	0.001	0.001	0.682
0.001	0.127	0.760	0.112
0.860	0.001	0.001	0.138
>AAGTGGGGCAGT	5-AAGTGGGGCAGT	14.517327	-22.008911	0	T:5.0(2.17%),B:7.1(0.01%),P:1e-9	Tpos:178.8,Tstd:89.1,Bpos:181.7,Bstd:111.8,StrandBias:-0.6,Multiplicity:1.00
0.997	0.001	0.001	0.001
0.997	0.001	0.001	0.001
0.001	0.001	0.997	0.001
0.257	0.001	0.001	0.741
0.001	0.001	0.997	0.001
0.001	0.001	0.997	0.001
0.001	0.001	0.997	0.001
0.001	0.001	0.997	0.001
0.001	0.773	0.225	0.001
0.997	0.001	0.001	0.001
0.001	0.001	0.997	0.001
0.257	0.001	0.001	0.741
>TKATATTTGTTT	6-TKATATTTGTTT	9.557028	-17.310197	0	T:52.0(22.61%),B:5057.4(10.17%),P:1e-7	Tpos:336.4,Tstd:324.9,Bpos:218.7,Bstd:122.9,StrandBias:0.0,Multiplicity:1.10
0.116	0.001	0.001	0.882
0.075	0.001	0.524	0.400
0.744	0.016	0.076	0.164
0.265	0.073	0.076	0.586
0.611	0.001	0.109	0.279
0.044	0.001	0.001	0.954
0.189	0.117	0.061	0.633
0.039	0.001	0.001	0.959
0.046	0.113	0.529	0.312
0.052	0.231	0.001	0.716
0.051	0.169	0.001	0.779
0.001	0.074	0.001	0.924
>GCCCCCACTCTC	7-GCCCCCACTCTC	12.355432	-15.860746	0	T:3.0(1.30%),B:2.9(0.01%),P:1e-6	Tpos:121.3,Tstd:66.0,Bpos:203.8,Bstd:124.6,StrandBias:10.0,Multiplicity:1.00
0.100	0.100	0.700	0.100
0.100	0.700	0.100	0.100
0.100	0.700	0.100	0.100
0.100	0.700	0.100	0.100
0.100	0.700	0.100	0.100
0.100	0.700	0.100	0.100
0.700	0.100	0.100	0.100
0.100	0.700	0.100	0.100
0.100	0.100	0.100	0.700
0.100	0.700	0.100	0.100
0.100	0.100	0.100	0.700
0.100	0.700	0.100	0.100
>CCATKTCTGATA	8-CCATKTCTGATA	12.897758	-14.984804	0	T:5.0(2.17%),B:29.5(0.06%),P:1e-6	Tpos:207.0,Tstd:112.2,Bpos:222.8,Bstd:108.2,StrandBias:-0.4,Multiplicity:1.40
0.001	0.997	0.001	0.001
0.001	0.997	0.001	0.001
0.731	0.001	0.001	0.267
0.001	0.001	0.001	0.997
0.001	0.001	0.569	0.429
0.001	0.001	0.001	0.997
0.001	0.997	0.001	0.001
0.001	0.001	0.001	0.997
0.001	0.001	0.997	0.001
0.997	0.001	0.001	0.001
0.001	0.001	0.161	0.837
0.997	0.001	0.001	0.001
>AAAAGAACTAGG	9-AAAAGAACTAGG	12.742129	-11.627982	0	T:5.0(2.17%),B:58.6(0.12%),P:1e-5	Tpos:103.3,Tstd:79.2,Bpos:254.6,Bstd:125.1,StrandBias:0.4,Multiplicity:1.40
0.676	0.322	0.001	0.001
0.700	0.298	0.001	0.001
0.997	0.001	0.001	0.001
0.997	0.001	0.001	0.001
0.001	0.001	0.997	0.001
0.997	0.001	0.001	0.001
0.845	0.153	0.001	0.001
0.298	0.700	0.001	0.001
0.001	0.001	0.001	0.997
0.862	0.001	0.001	0.136
0.001	0.001	0.997	0.001
0.001	0.001	0.997	0.001
>CTGGTGAG	1-CTGGTGAG	7.122161	-17.940461	0	T:71.0(30.87%),B:7970.6(16.03%),P:1e-7	Tpos:366.7,Tstd:341.8,Bpos:217.4,Bstd:126.0,StrandBias:0.0,Multiplicity:1.25
0.001	0.654	0.001	0.344
0.124	0.001	0.001	0.874
0.001	0.001	0.997	0.001
0.001	0.001	0.596	0.402
0.001	0.001	0.001	0.997
0.001	0.095	0.903	0.001
0.997	0.001	0.001	0.001
0.124	0.001	0.874	0.001
>AAGAMTTC	2-AAGAMTTC	7.404665	-17.145354	0	T:58.0(25.22%),B:6008.9(12.08%),P:1e-7	Tpos:339.5,Tstd:239.3,Bpos:217.2,Bstd:126.7,StrandBias:0.3,Multiplicity:1.28
0.898	0.001	0.001	0.100
0.727	0.001	0.001	0.271
0.070	0.207	0.722	0.001
0.946	0.052	0.001	0.001
0.530	0.401	0.068	0.001
0.069	0.252	0.001	0.678
0.001	0.218	0.001	0.780
0.166	0.718	0.115	0.001
>CACTAGCA	3-CACTAGCA	5.448872	-16.587791	0	T:103.0(44.78%),B:14022.6(28.20%),P:1e-7	Tpos:291.9,Tstd:280.0,Bpos:217.7,Bstd:125.0,StrandBias:-0.2,Multiplicity:1.31
0.266	0.732	0.001	0.001
0.685	0.086	0.165	0.064
0.001	0.904	0.001	0.094
0.001	0.001	0.091	0.907
0.799	0.001	0.001	0.199
0.001	0.001	0.700	0.298
0.001	0.997	0.001	0.001
0.997	0.001	0.001	0.001
>GGTTCCAA	4-GGTTCCAA	6.544781	-15.356877	0	T:60.0(26.09%),B:6653.4(13.38%),P:1e-6	Tpos:353.1,Tstd:328.5,Bpos:220.3,Bstd:126.1,StrandBias:0.1,Multiplicity:1.15
0.197	0.001	0.766	0.036
0.162	0.205	0.572	0.061
0.003	0.054	0.024	0.919
0.132	0.104	0.037	0.727
0.037	0.841	0.066	0.056
0.004	0.906	0.001	0.089
0.674	0.261	0.003	0.062
0.620	0.065	0.118	0.197
>ACCCCTTA	5-ACCCCTTA	7.283383	-13.780165	0	T:36.0(15.65%),B:3240.7(6.52%),P:1e-5	Tpos:237.0,Tstd:265.1,Bpos:214.9,Bstd:126.2,StrandBias:0.0,Multiplicity:1.06
0.810	0.139	0.001	0.050
0.198	0.662	0.139	0.001
0.050	0.948	0.001	0.001
0.001	0.780	0.001	0.218
0.092	0.906	0.001	0.001
0.103	0.001	0.001	0.895
0.112	0.193	0.036	0.659
0.611	0.246	0.142	0.001
