Factor1: 0.9469778142883791
Factor2: 1.0559909481633054
