Factor1: 0.7327363191755321
Factor2: 1.3647474184508699
