Factor1: 1.0106636520617964
Factor2: 0.9894488616068854
