>ACMGGAAGTG	1-ACMGGAAGTG	6.992315	-1233.099972	0	T:2993.0(34.01%),B:5367.5(13.28%),P:1e-535	Tpos:287.2,Tstd:213.0,Bpos:249.9,Bstd:146.9,StrandBias:0.1,Multiplicity:1.22
0.484	0.111	0.219	0.186
0.231	0.462	0.266	0.042
0.429	0.461	0.109	0.001
0.045	0.033	0.921	0.001
0.077	0.021	0.868	0.034
0.922	0.001	0.064	0.013
0.610	0.057	0.007	0.326
0.317	0.074	0.608	0.001
0.001	0.261	0.136	0.602
0.169	0.159	0.484	0.188
>NNHAACCACA	2-NNHAACCACA	6.163596	-1107.121627	0	T:3289.0(37.37%),B:6673.0(16.51%),P:1e-480	Tpos:286.8,Tstd:216.2,Bpos:248.9,Bstd:151.7,StrandBias:-0.0,Multiplicity:1.29
0.274	0.196	0.272	0.259
0.212	0.289	0.251	0.247
0.339	0.225	0.123	0.313
0.553	0.028	0.286	0.133
0.593	0.184	0.222	0.001
0.001	0.987	0.004	0.008
0.072	0.785	0.092	0.051
0.605	0.073	0.249	0.073
0.047	0.802	0.038	0.113
0.446	0.142	0.221	0.191
>TGASTCATCN	3-TGASTCATCN	7.272260	-1091.998883	0	T:1970.0(22.38%),B:2767.5(6.85%),P:1e-474	Tpos:290.2,Tstd:215.1,Bpos:250.8,Bstd:150.4,StrandBias:0.0,Multiplicity:1.18
0.031	0.026	0.034	0.909
0.049	0.053	0.829	0.069
0.889	0.034	0.038	0.039
0.049	0.523	0.385	0.043
0.083	0.023	0.039	0.855
0.091	0.829	0.037	0.043
0.849	0.048	0.045	0.058
0.077	0.210	0.213	0.500
0.250	0.466	0.090	0.195
0.213	0.217	0.353	0.217
>ACCGGAAGTN	4-ACCGGAAGTN	6.392136	-1001.467045	0	T:4319.0(49.07%),B:10792.4(26.69%),P:1e-434	Tpos:293.0,Tstd:227.6,Bpos:250.2,Bstd:150.1,StrandBias:-0.0,Multiplicity:1.17
0.529	0.146	0.324	0.001
0.208	0.412	0.252	0.127
0.307	0.538	0.144	0.011
0.001	0.035	0.963	0.001
0.070	0.001	0.886	0.043
0.969	0.001	0.001	0.029
0.578	0.058	0.001	0.363
0.343	0.001	0.655	0.001
0.157	0.182	0.183	0.477
0.277	0.283	0.294	0.147
>BWGTTTCCTC	5-BWGTTTCCTC	7.723010	-594.285646	0	T:2990.0(33.97%),B:7496.9(18.54%),P:1e-258	Tpos:296.0,Tstd:233.2,Bpos:247.4,Bstd:148.1,StrandBias:0.0,Multiplicity:1.15
0.030	0.358	0.339	0.274
0.327	0.128	0.191	0.354
0.402	0.008	0.589	0.001
0.001	0.420	0.001	0.578
0.001	0.001	0.001	0.997
0.001	0.001	0.001	0.997
0.137	0.861	0.001	0.001
0.001	0.997	0.001	0.001
0.117	0.001	0.001	0.881
0.064	0.572	0.363	0.001
>GGGTGKGGCT	6-GGGTGKGGCT	7.247508	-406.690257	0	T:3010.0(34.20%),B:8528.5(21.09%),P:1e-176	Tpos:298.2,Tstd:234.5,Bpos:249.0,Bstd:150.4,StrandBias:0.0,Multiplicity:1.49
0.202	0.007	0.778	0.013
0.001	0.001	0.989	0.009
0.112	0.024	0.831	0.033
0.149	0.294	0.018	0.539
0.017	0.001	0.978	0.004
0.019	0.001	0.435	0.545
0.251	0.001	0.660	0.088
0.207	0.001	0.741	0.051
0.001	0.655	0.114	0.230
0.166	0.214	0.139	0.481
>AAAVYGAAAS	7-AAAVYGAAAS	5.976687	-363.133270	0	T:1961.0(22.28%),B:4873.7(12.05%),P:1e-157	Tpos:298.4,Tstd:231.5,Bpos:250.0,Bstd:155.6,StrandBias:0.1,Multiplicity:1.25
0.467	0.099	0.262	0.173
0.554	0.052	0.133	0.261
0.657	0.114	0.190	0.039
0.239	0.337	0.245	0.179
0.114	0.391	0.219	0.277
0.221	0.117	0.659	0.003
0.602	0.082	0.211	0.105
0.664	0.234	0.042	0.060
0.750	0.083	0.075	0.092
0.147	0.468	0.326	0.059
>CRAMACCTCA	8-CRAMACCTCA	6.705155	-328.188487	0	T:3429.0(38.96%),B:10709.4(26.49%),P:1e-142	Tpos:297.9,Tstd:230.5,Bpos:251.0,Bstd:153.6,StrandBias:-0.0,Multiplicity:1.24
0.299	0.502	0.162	0.037
0.339	0.175	0.331	0.155
0.545	0.160	0.082	0.213
0.471	0.460	0.063	0.006
0.997	0.001	0.001	0.001
0.022	0.870	0.107	0.001
0.028	0.970	0.001	0.001
0.332	0.001	0.080	0.587
0.162	0.761	0.071	0.006
0.663	0.269	0.001	0.067
>BTTCACACCT	9-BTTCACACCT	7.365536	-313.703224	0	T:2313.0(26.28%),B:6415.0(15.87%),P:1e-136	Tpos:297.3,Tstd:234.6,Bpos:248.7,Bstd:152.7,StrandBias:0.0,Multiplicity:1.21
0.158	0.237	0.343	0.262
0.225	0.164	0.187	0.425
0.001	0.001	0.001	0.997
0.256	0.449	0.294	0.001
0.524	0.001	0.200	0.275
0.001	0.997	0.001	0.001
0.997	0.001	0.001	0.001
0.017	0.981	0.001	0.001
0.166	0.550	0.001	0.283
0.234	0.213	0.001	0.552
>NHAASCCACA	10-NHAASCCACA	7.151186	-292.662193	0	T:2633.0(29.92%),B:7771.4(19.22%),P:1e-127	Tpos:286.7,Tstd:221.1,Bpos:249.2,Bstd:148.5,StrandBias:-0.0,Multiplicity:1.18
0.189	0.262	0.227	0.322
0.297	0.377	0.001	0.325
0.450	0.283	0.001	0.266
0.524	0.001	0.328	0.147
0.001	0.564	0.434	0.001
0.001	0.870	0.128	0.001
0.001	0.791	0.113	0.095
0.660	0.083	0.132	0.125
0.230	0.723	0.046	0.001
0.997	0.001	0.001	0.001
>RTGACTAAHH	11-RTGACTAAHH	7.070543	-188.675444	0	T:967.0(10.99%),B:2293.7(5.67%),P:1e-81	Tpos:294.6,Tstd:211.5,Bpos:242.4,Bstd:150.2,StrandBias:0.1,Multiplicity:1.07
0.407	0.199	0.307	0.087
0.029	0.047	0.040	0.884
0.055	0.024	0.865	0.056
0.812	0.076	0.080	0.032
0.008	0.551	0.395	0.046
0.097	0.096	0.055	0.752
0.867	0.026	0.079	0.028
0.733	0.048	0.116	0.103
0.273	0.209	0.177	0.340
0.219	0.353	0.161	0.268
>WBTTACCACW	12-WBTTACCACW	8.617247	-181.495191	0	T:1070.0(12.16%),B:2676.2(6.62%),P:1e-78	Tpos:282.8,Tstd:223.9,Bpos:249.5,Bstd:150.3,StrandBias:0.1,Multiplicity:1.10
0.389	0.079	0.101	0.430
0.001	0.367	0.259	0.373
0.001	0.001	0.001	0.997
0.001	0.242	0.001	0.756
0.705	0.001	0.001	0.293
0.001	0.899	0.001	0.099
0.001	0.997	0.001	0.001
0.997	0.001	0.001	0.001
0.001	0.997	0.001	0.001
0.432	0.167	0.001	0.400
>TGYGGTCAGM	13-TGYGGTCAGM	6.577558	-156.154023	0	T:1544.0(17.54%),B:4547.0(11.25%),P:1e-67	Tpos:304.0,Tstd:246.2,Bpos:249.1,Bstd:152.4,StrandBias:-0.0,Multiplicity:1.08
0.004	0.010	0.055	0.931
0.207	0.112	0.477	0.204
0.183	0.305	0.172	0.339
0.151	0.173	0.530	0.146
0.246	0.074	0.657	0.023
0.012	0.001	0.088	0.899
0.019	0.497	0.319	0.165
0.620	0.001	0.246	0.133
0.004	0.209	0.704	0.083
0.392	0.279	0.228	0.102
>AATTTGCATA	14-AATTTGCATA	7.273698	-135.020065	0	T:622.0(7.07%),B:1404.4(3.47%),P:1e-58	Tpos:284.7,Tstd:216.3,Bpos:246.8,Bstd:146.0,StrandBias:-0.3,Multiplicity:1.08
0.505	0.130	0.246	0.119
0.982	0.001	0.001	0.016
0.001	0.001	0.001	0.997
0.001	0.011	0.001	0.987
0.001	0.001	0.001	0.997
0.020	0.001	0.978	0.001
0.014	0.969	0.001	0.016
0.973	0.014	0.001	0.012
0.033	0.001	0.001	0.965
0.854	0.047	0.070	0.029
>GGGGAAACCC	15-GGGGAAACCC	8.002109	-104.543406	0	T:512.0(5.82%),B:1183.8(2.93%),P:1e-45	Tpos:313.2,Tstd:250.0,Bpos:244.1,Bstd:148.4,StrandBias:0.2,Multiplicity:1.06
0.025	0.008	0.921	0.046
0.001	0.001	0.969	0.029
0.001	0.001	0.981	0.017
0.126	0.023	0.842	0.009
0.989	0.001	0.001	0.009
0.997	0.001	0.001	0.001
0.764	0.114	0.089	0.033
0.107	0.742	0.001	0.150
0.040	0.942	0.001	0.017
0.001	0.982	0.001	0.016
>TGACGTCATC	16-TGACGTCATC	6.016869	-78.228383	0	T:858.0(9.75%),B:2561.7(6.34%),P:1e-33	Tpos:293.2,Tstd:227.8,Bpos:246.7,Bstd:151.8,StrandBias:-0.0,Multiplicity:1.08
0.168	0.105	0.117	0.610
0.082	0.157	0.576	0.185
0.666	0.097	0.116	0.121
0.106	0.570	0.144	0.180
0.144	0.151	0.627	0.078
0.078	0.129	0.110	0.683
0.171	0.557	0.132	0.140
0.674	0.064	0.105	0.157
0.128	0.187	0.191	0.494
0.157	0.523	0.154	0.166
>ATTGACCGCA	17-ATTGACCGCA	12.193997	-51.791861	0	T:18.0(0.20%),B:2.3(0.01%),P:1e-22	Tpos:217.2,Tstd:164.4,Bpos:308.5,Bstd:118.3,StrandBias:1.8,Multiplicity:1.00
0.997	0.001	0.001	0.001
0.001	0.001	0.001	0.997
0.199	0.001	0.001	0.799
0.001	0.001	0.997	0.001
0.997	0.001	0.001	0.001
0.001	0.997	0.001	0.001
0.001	0.997	0.001	0.001
0.001	0.001	0.997	0.001
0.001	0.997	0.001	0.001
0.970	0.001	0.001	0.028
>CTATTTTTAG	18-CTATTTTTAG	8.510756	-49.186926	0	T:232.0(2.64%),B:530.3(1.31%),P:1e-21	Tpos:310.1,Tstd:231.2,Bpos:244.9,Bstd:151.3,StrandBias:0.2,Multiplicity:1.04
0.043	0.635	0.193	0.129
0.001	0.035	0.064	0.900
0.820	0.012	0.074	0.094
0.139	0.012	0.033	0.816
0.160	0.056	0.010	0.774
0.020	0.153	0.082	0.745
0.178	0.058	0.160	0.604
0.119	0.168	0.162	0.551
0.685	0.023	0.255	0.037
0.069	0.061	0.833	0.037
>ACTCCKCCCA	19-ACTCCKCCCA	9.342920	-38.314841	0	T:137.0(1.56%),B:279.2(0.69%),P:1e-16	Tpos:311.2,Tstd:226.8,Bpos:259.7,Bstd:150.4,StrandBias:-0.2,Multiplicity:1.07
0.690	0.029	0.083	0.198
0.090	0.790	0.118	0.002
0.012	0.001	0.298	0.689
0.149	0.769	0.002	0.080
0.043	0.768	0.002	0.187
0.070	0.066	0.434	0.430
0.001	0.971	0.001	0.027
0.042	0.691	0.265	0.002
0.081	0.773	0.046	0.100
0.760	0.235	0.002	0.003
>ACACACCGAA	20-ACACACCGAA	10.296193	-34.479224	0	T:11.0(0.12%),B:1.5(0.00%),P:1e-14	Tpos:462.1,Tstd:202.7,Bpos:472.0,Bstd:0.0,StrandBias:0.0,Multiplicity:1.00
0.700	0.100	0.100	0.100
0.100	0.700	0.100	0.100
0.700	0.100	0.100	0.100
0.100	0.700	0.100	0.100
0.700	0.100	0.100	0.100
0.100	0.700	0.100	0.100
0.100	0.700	0.100	0.100
0.100	0.100	0.700	0.100
0.700	0.100	0.100	0.100
0.700	0.100	0.100	0.100
>ACCCGGCATA	21-ACCCGGCATA	10.453430	-33.774253	0	T:13.0(0.15%),B:2.9(0.01%),P:1e-14	Tpos:327.7,Tstd:229.2,Bpos:220.1,Bstd:172.4,StrandBias:3.0,Multiplicity:2.85
0.997	0.001	0.001	0.001
0.001	0.997	0.001	0.001
0.151	0.696	0.152	0.001
0.001	0.997	0.001	0.001
0.001	0.001	0.997	0.001
0.001	0.303	0.510	0.186
0.151	0.545	0.001	0.303
0.661	0.001	0.337	0.001
0.151	0.001	0.001	0.847
0.847	0.001	0.151	0.001
>TGACCTACTT	22-TGACCTACTT	12.052111	-31.129836	0	T:46.0(0.52%),B:54.5(0.13%),P:1e-13	Tpos:262.7,Tstd:116.3,Bpos:262.0,Bstd:147.2,StrandBias:-0.1,Multiplicity:1.10
0.001	0.001	0.001	0.997
0.001	0.001	0.997	0.001
0.997	0.001	0.001	0.001
0.001	0.997	0.001	0.001
0.001	0.997	0.001	0.001
0.001	0.001	0.001	0.997
0.997	0.001	0.001	0.001
0.168	0.830	0.001	0.001
0.001	0.001	0.001	0.997
0.001	0.001	0.001	0.997
>TTGGGCGTGT	23-TTGGGCGTGT	11.271952	-22.791964	0	T:11.0(0.12%),B:3.1(0.01%),P:1e-9	Tpos:310.4,Tstd:158.6,Bpos:162.1,Bstd:76.2,StrandBias:-0.3,Multiplicity:1.00
0.001	0.001	0.001	0.997
0.001	0.001	0.001	0.997
0.001	0.001	0.997	0.001
0.001	0.001	0.997	0.001
0.001	0.001	0.997	0.001
0.001	0.997	0.001	0.001
0.001	0.001	0.997	0.001
0.001	0.077	0.001	0.921
0.001	0.001	0.997	0.001
0.001	0.001	0.001	0.997
>ATGTGTTCGA	24-ATGTGTTCGA	9.032737	-15.224031	0	T:140.0(1.59%),B:407.9(1.01%),P:1e-6	Tpos:318.5,Tstd:186.5,Bpos:242.7,Bstd:151.5,StrandBias:0.7,Multiplicity:1.20
0.785	0.001	0.001	0.213
0.001	0.001	0.001	0.997
0.001	0.001	0.997	0.001
0.001	0.001	0.001	0.997
0.001	0.001	0.997	0.001
0.001	0.001	0.213	0.785
0.001	0.298	0.001	0.700
0.256	0.742	0.001	0.001
0.001	0.001	0.997	0.001
0.997	0.001	0.001	0.001
>CGGAGATGTC	25-CGGAGATGTC	6.928147	-9.883243	0	T:15.0(0.17%),B:20.4(0.05%),P:1e-4	Tpos:338.2,Tstd:207.4,Bpos:273.8,Bstd:104.3,StrandBias:-0.9,Multiplicity:1.67
0.001	0.997	0.001	0.001
0.001	0.001	0.997	0.001
0.001	0.001	0.997	0.001
0.997	0.001	0.001	0.001
0.001	0.001	0.997	0.001
0.997	0.001	0.001	0.001
0.001	0.001	0.001	0.997
0.001	0.001	0.934	0.064
0.001	0.001	0.001	0.997
0.001	0.997	0.001	0.001
