>NDVTGASTCAYH	1-NDVTGASTCAYH	7.473209	-1188.639824	0	T:1914.0(21.75%),B:2455.5(6.07%),P:1e-516	Tpos:289.6,Tstd:213.2,Bpos:249.0,Bstd:149.7,StrandBias:-0.0,Multiplicity:1.16
0.268	0.217	0.203	0.312
0.237	0.132	0.341	0.290
0.378	0.264	0.269	0.089
0.034	0.001	0.017	0.948
0.007	0.014	0.855	0.124
0.932	0.001	0.004	0.063
0.043	0.416	0.478	0.062
0.069	0.015	0.006	0.910
0.107	0.845	0.039	0.009
0.936	0.001	0.001	0.062
0.088	0.277	0.222	0.413
0.281	0.315	0.133	0.271
>NCCACTTCCTGT	2-NCCACTTCCTGT	8.146318	-1142.940713	0	T:2813.0(31.96%),B:5043.9(12.48%),P:1e-496	Tpos:286.3,Tstd:211.8,Bpos:249.4,Bstd:145.1,StrandBias:-0.1,Multiplicity:1.22
0.285	0.254	0.256	0.205
0.126	0.440	0.167	0.267
0.126	0.501	0.141	0.232
0.617	0.132	0.204	0.047
0.001	0.707	0.002	0.290
0.261	0.004	0.001	0.734
0.001	0.007	0.001	0.991
0.006	0.987	0.001	0.006
0.001	0.997	0.001	0.001
0.003	0.043	0.067	0.887
0.054	0.249	0.556	0.141
0.136	0.219	0.089	0.556
>AAACCACAVVSN	3-AAACCACAVVSN	7.284756	-1024.873363	0	T:3506.0(39.84%),B:7683.5(19.00%),P:1e-445	Tpos:287.1,Tstd:219.7,Bpos:249.3,Bstd:152.1,StrandBias:-0.1,Multiplicity:1.33
0.470	0.210	0.088	0.232
0.693	0.084	0.177	0.046
0.663	0.119	0.217	0.001
0.015	0.982	0.002	0.001
0.011	0.986	0.001	0.002
0.866	0.045	0.001	0.088
0.084	0.864	0.048	0.004
0.873	0.062	0.001	0.064
0.340	0.240	0.295	0.125
0.351	0.274	0.221	0.155
0.196	0.371	0.227	0.206
0.260	0.304	0.196	0.240
>NNAACCACAGDA	4-NNAACCACAGDA	7.381521	-557.425233	0	T:2041.0(23.19%),B:4350.4(10.76%),P:1e-242	Tpos:293.6,Tstd:230.7,Bpos:252.1,Bstd:152.9,StrandBias:0.1,Multiplicity:1.06
0.227	0.266	0.213	0.293
0.305	0.249	0.180	0.266
0.640	0.001	0.127	0.232
0.953	0.001	0.001	0.045
0.062	0.865	0.072	0.001
0.001	0.945	0.053	0.001
0.809	0.001	0.189	0.001
0.001	0.820	0.022	0.157
0.590	0.105	0.159	0.146
0.001	0.001	0.734	0.264
0.306	0.123	0.293	0.278
0.387	0.156	0.225	0.232
>AGTTTCRSTTTC	5-AGTTTCRSTTTC	8.701365	-390.015973	0	T:1144.0(13.00%),B:2116.8(5.24%),P:1e-169	Tpos:297.2,Tstd:235.1,Bpos:253.5,Bstd:156.0,StrandBias:-0.1,Multiplicity:1.16
0.547	0.029	0.288	0.136
0.042	0.330	0.565	0.063
0.034	0.017	0.019	0.930
0.022	0.002	0.041	0.935
0.004	0.046	0.027	0.923
0.040	0.779	0.029	0.152
0.465	0.019	0.318	0.198
0.062	0.333	0.424	0.182
0.003	0.036	0.033	0.928
0.031	0.002	0.007	0.960
0.004	0.123	0.001	0.872
0.054	0.578	0.224	0.144
>TTTCACACCTCY	6-TTTCACACCTCY	7.787695	-312.676968	0	T:1832.0(20.82%),B:4665.4(11.54%),P:1e-135	Tpos:288.0,Tstd:219.5,Bpos:247.3,Bstd:152.4,StrandBias:0.0,Multiplicity:1.17
0.140	0.184	0.256	0.419
0.119	0.184	0.266	0.431
0.040	0.070	0.002	0.888
0.165	0.692	0.135	0.008
0.705	0.007	0.002	0.286
0.001	0.997	0.001	0.001
0.997	0.001	0.001	0.001
0.023	0.963	0.013	0.001
0.171	0.657	0.001	0.171
0.107	0.130	0.001	0.762
0.120	0.468	0.144	0.268
0.195	0.314	0.076	0.414
>ACAGGAAACCGC	7-ACAGGAAACCGC	7.825467	-312.234534	0	T:1535.0(17.44%),B:3639.0(9.00%),P:1e-135	Tpos:291.6,Tstd:222.2,Bpos:247.9,Bstd:149.7,StrandBias:0.0,Multiplicity:1.09
0.675	0.120	0.138	0.067
0.131	0.707	0.120	0.042
0.868	0.038	0.016	0.078
0.068	0.004	0.841	0.087
0.078	0.082	0.804	0.036
0.864	0.033	0.085	0.018
0.844	0.099	0.040	0.017
0.786	0.046	0.120	0.048
0.029	0.833	0.090	0.048
0.170	0.627	0.049	0.154
0.195	0.163	0.476	0.165
0.110	0.681	0.110	0.099
>HRGCCCCRCCCH	8-HRGCCCCRCCCH	8.628702	-298.514610	0	T:1613.0(18.33%),B:3968.8(9.82%),P:1e-129	Tpos:299.2,Tstd:229.8,Bpos:248.6,Bstd:149.4,StrandBias:-0.3,Multiplicity:1.33
0.229	0.264	0.178	0.329
0.428	0.099	0.384	0.088
0.065	0.071	0.863	0.001
0.001	0.943	0.001	0.055
0.100	0.674	0.001	0.225
0.209	0.786	0.001	0.004
0.001	0.894	0.001	0.104
0.349	0.001	0.455	0.195
0.001	0.997	0.001	0.001
0.001	0.997	0.001	0.001
0.001	0.899	0.001	0.099
0.381	0.291	0.007	0.321
>TATGCAAATTAG	9-TATGCAAATTAG	8.698456	-160.354846	0	T:425.0(4.83%),B:728.0(1.80%),P:1e-69	Tpos:274.0,Tstd:204.6,Bpos:250.4,Bstd:145.5,StrandBias:0.1,Multiplicity:1.07
0.170	0.210	0.046	0.574
0.783	0.078	0.072	0.067
0.032	0.001	0.109	0.858
0.129	0.039	0.779	0.053
0.090	0.675	0.055	0.180
0.913	0.001	0.001	0.085
0.894	0.030	0.032	0.044
0.926	0.050	0.001	0.023
0.128	0.112	0.106	0.654
0.133	0.193	0.204	0.469
0.536	0.112	0.096	0.256
0.186	0.156	0.415	0.244
>ACTTCCTTCCTG	10-ACTTCCTTCCTG	9.715146	-151.188339	0	T:693.0(7.87%),B:1563.5(3.87%),P:1e-65	Tpos:278.0,Tstd:196.5,Bpos:250.6,Bstd:144.2,StrandBias:-0.1,Multiplicity:1.03
0.544	0.119	0.187	0.150
0.045	0.889	0.001	0.065
0.316	0.001	0.096	0.587
0.001	0.001	0.001	0.997
0.001	0.997	0.001	0.001
0.001	0.872	0.022	0.105
0.001	0.079	0.001	0.919
0.052	0.008	0.340	0.600
0.001	0.509	0.243	0.247
0.001	0.997	0.001	0.001
0.044	0.001	0.001	0.954
0.171	0.140	0.612	0.077
>GGGGRTTTCCCC	11-GGGGRTTTCCCC	8.796111	-120.560137	0	T:554.0(6.29%),B:1248.7(3.09%),P:1e-52	Tpos:310.2,Tstd:242.2,Bpos:252.4,Bstd:143.2,StrandBias:-0.2,Multiplicity:1.07
0.227	0.036	0.521	0.216
0.001	0.036	0.871	0.092
0.033	0.001	0.889	0.077
0.171	0.011	0.592	0.226
0.300	0.163	0.391	0.146
0.137	0.160	0.065	0.638
0.001	0.004	0.067	0.928
0.001	0.189	0.042	0.768
0.001	0.733	0.004	0.262
0.001	0.997	0.001	0.001
0.039	0.856	0.001	0.104
0.268	0.681	0.005	0.046
>AGATGACGTCAT	12-AGATGACGTCAT	9.203924	-60.835321	0	T:269.0(3.06%),B:597.7(1.48%),P:1e-26	Tpos:285.2,Tstd:217.1,Bpos:252.6,Bstd:145.7,StrandBias:-0.2,Multiplicity:1.05
0.623	0.057	0.132	0.188
0.044	0.001	0.889	0.066
0.778	0.047	0.089	0.086
0.028	0.001	0.028	0.943
0.028	0.014	0.957	0.001
0.904	0.001	0.001	0.094
0.057	0.601	0.087	0.255
0.142	0.078	0.717	0.063
0.057	0.029	0.011	0.903
0.043	0.928	0.015	0.014
0.921	0.055	0.001	0.023
0.071	0.177	0.140	0.612
>CAGCAGCCTGAC	13-CAGCAGCCTGAC	12.355432	-48.073263	0	T:19.0(0.22%),B:3.4(0.01%),P:1e-20	Tpos:226.4,Tstd:124.1,Bpos:141.1,Bstd:58.7,StrandBias:-1.9,Multiplicity:1.00
0.100	0.700	0.100	0.100
0.700	0.100	0.100	0.100
0.100	0.100	0.700	0.100
0.100	0.700	0.100	0.100
0.700	0.100	0.100	0.100
0.100	0.100	0.700	0.100
0.100	0.700	0.100	0.100
0.100	0.700	0.100	0.100
0.100	0.100	0.100	0.700
0.100	0.100	0.700	0.100
0.700	0.100	0.100	0.100
0.100	0.700	0.100	0.100
>ACTGTGTCTTGC	14-ACTGTGTCTTGC	16.485579	-46.749878	0	T:14.0(0.16%),B:1.5(0.00%),P:1e-20	Tpos:176.5,Tstd:88.8,Bpos:387.8,Bstd:92.0,StrandBias:10.0,Multiplicity:1.00
0.997	0.001	0.001	0.001
0.001	0.997	0.001	0.001
0.001	0.001	0.001	0.997
0.001	0.001	0.961	0.037
0.001	0.001	0.001	0.997
0.001	0.001	0.997	0.001
0.001	0.001	0.001	0.997
0.038	0.923	0.038	0.001
0.001	0.001	0.001	0.997
0.001	0.001	0.001	0.997
0.001	0.001	0.997	0.001
0.001	0.997	0.001	0.001
>GACCGCAGAGTC	15-GACCGCAGAGTC	13.501389	-46.749878	0	T:14.0(0.16%),B:1.3(0.00%),P:1e-20	Tpos:217.1,Tstd:112.3,Bpos:224.0,Bstd:0.0,StrandBias:2.6,Multiplicity:1.00
0.001	0.001	0.997	0.001
0.997	0.001	0.001	0.001
0.001	0.997	0.001	0.001
0.001	0.997	0.001	0.001
0.001	0.001	0.997	0.001
0.001	0.997	0.001	0.001
0.997	0.001	0.001	0.001
0.045	0.001	0.953	0.001
0.997	0.001	0.001	0.001
0.001	0.001	0.997	0.001
0.001	0.001	0.001	0.997
0.001	0.997	0.001	0.001
>AAGCCTTGCAGG	16-AAGCCTTGCAGG	13.181043	-43.160370	0	T:26.0(0.30%),B:10.4(0.03%),P:1e-18	Tpos:308.0,Tstd:146.2,Bpos:291.3,Bstd:154.2,StrandBias:1.4,Multiplicity:1.00
0.997	0.001	0.001	0.001
0.997	0.001	0.001	0.001
0.001	0.001	0.960	0.038
0.001	0.997	0.001	0.001
0.001	0.997	0.001	0.001
0.001	0.001	0.001	0.997
0.038	0.001	0.001	0.960
0.038	0.001	0.960	0.001
0.001	0.997	0.001	0.001
0.960	0.038	0.001	0.001
0.001	0.001	0.960	0.038
0.001	0.001	0.997	0.001
>AGAGGCCTGGAC	17-AGAGGCCTGGAC	12.355432	-40.791384	0	T:15.0(0.17%),B:2.2(0.01%),P:1e-17	Tpos:333.2,Tstd:67.7,Bpos:303.4,Bstd:121.5,StrandBias:-2.7,Multiplicity:1.00
0.700	0.100	0.100	0.100
0.100	0.100	0.700	0.100
0.700	0.100	0.100	0.100
0.100	0.100	0.700	0.100
0.100	0.100	0.700	0.100
0.100	0.700	0.100	0.100
0.100	0.700	0.100	0.100
0.100	0.100	0.100	0.700
0.100	0.100	0.700	0.100
0.100	0.100	0.700	0.100
0.700	0.100	0.100	0.100
0.100	0.700	0.100	0.100
>GTAGGCTGTGCT	18-GTAGGCTGTGCT	12.355432	-37.248399	0	T:14.0(0.16%),B:2.6(0.01%),P:1e-16	Tpos:270.3,Tstd:114.5,Bpos:364.3,Bstd:150.4,StrandBias:3.7,Multiplicity:1.00
0.100	0.100	0.700	0.100
0.100	0.100	0.100	0.700
0.700	0.100	0.100	0.100
0.100	0.100	0.700	0.100
0.100	0.100	0.700	0.100
0.100	0.700	0.100	0.100
0.100	0.100	0.100	0.700
0.100	0.100	0.700	0.100
0.100	0.100	0.100	0.700
0.100	0.100	0.700	0.100
0.100	0.700	0.100	0.100
0.100	0.100	0.100	0.700
>NNATCTCCGCNN	19-NNATCTCCGCNN	5.646703	-24.893173	0	T:403.0(4.58%),B:1312.8(3.25%),P:1e-10	Tpos:319.7,Tstd:245.7,Bpos:247.5,Bstd:153.6,StrandBias:0.0,Multiplicity:1.08
0.299	0.229	0.217	0.255
0.235	0.269	0.229	0.267
0.605	0.083	0.153	0.159
0.178	0.077	0.083	0.662
0.261	0.453	0.127	0.159
0.172	0.077	0.229	0.522
0.159	0.504	0.184	0.153
0.045	0.757	0.191	0.007
0.077	0.058	0.807	0.058
0.146	0.567	0.134	0.153
0.229	0.269	0.248	0.254
0.210	0.287	0.299	0.204
>ATGTGTTAGAGG	20-ATGTGTTAGAGG	12.651977	-22.998334	0	T:8.0(0.09%),B:1.9(0.00%),P:1e-9	Tpos:347.6,Tstd:145.9,Bpos:349.0,Bstd:79.9,StrandBias:10.0,Multiplicity:4.29
0.997	0.001	0.001	0.001
0.001	0.001	0.001	0.997
0.001	0.001	0.978	0.020
0.001	0.001	0.001	0.997
0.001	0.001	0.997	0.001
0.001	0.001	0.001	0.997
0.001	0.001	0.001	0.997
0.997	0.001	0.001	0.001
0.020	0.001	0.978	0.001
0.997	0.001	0.001	0.001
0.001	0.001	0.978	0.020
0.001	0.001	0.997	0.001
>CAGTGGTGAGTC	21-CAGTGGTGAGTC	11.812997	-20.719721	0	T:14.0(0.16%),B:7.9(0.02%),P:1e-8	Tpos:191.2,Tstd:134.0,Bpos:197.6,Bstd:106.8,StrandBias:-4.1,Multiplicity:2.57
0.001	0.997	0.001	0.001
0.997	0.001	0.001	0.001
0.022	0.001	0.976	0.001
0.001	0.001	0.001	0.997
0.385	0.001	0.613	0.001
0.385	0.001	0.613	0.001
0.001	0.001	0.001	0.997
0.001	0.001	0.997	0.001
0.997	0.001	0.001	0.001
0.001	0.001	0.997	0.001
0.001	0.001	0.001	0.997
0.001	0.997	0.001	0.001
>NNACCCGGCATV	22-NNACCCGGCATV	5.139915	-18.923731	0	T:748.0(8.50%),B:2791.5(6.90%),P:1e-8	Tpos:316.9,Tstd:249.3,Bpos:249.3,Bstd:156.1,StrandBias:0.1,Multiplicity:1.14
0.279	0.278	0.245	0.198
0.248	0.273	0.211	0.268
0.605	0.096	0.177	0.122
0.132	0.573	0.091	0.204
0.101	0.512	0.265	0.122
0.076	0.691	0.172	0.061
0.051	0.177	0.696	0.076
0.167	0.157	0.519	0.157
0.219	0.518	0.101	0.162
0.601	0.096	0.197	0.106
0.182	0.162	0.220	0.436
0.365	0.230	0.238	0.167
>CCCTGCATACAG	23-CCCTGCATACAG	12.339127	-9.586235	0	T:18.0(0.20%),B:28.3(0.07%),P:1e-4	Tpos:275.6,Tstd:148.2,Bpos:247.0,Bstd:135.4,StrandBias:-0.4,Multiplicity:1.00
0.113	0.885	0.001	0.001
0.088	0.543	0.001	0.368
0.008	0.671	0.177	0.144
0.336	0.086	0.023	0.555
0.043	0.005	0.945	0.007
0.001	0.956	0.001	0.042
0.798	0.141	0.043	0.018
0.061	0.031	0.194	0.714
0.719	0.229	0.001	0.051
0.043	0.907	0.007	0.043
0.928	0.043	0.020	0.009
0.027	0.046	0.926	0.001
>GTCCTCCACACA	24-GTCCTCCACACA	13.232092	-8.151100	0	T:6.0(0.07%),B:4.5(0.01%),P:1e-3	Tpos:210.1,Tstd:155.6,Bpos:174.5,Bstd:107.1,StrandBias:3.2,Multiplicity:3.33
0.001	0.001	0.997	0.001
0.001	0.001	0.001	0.997
0.001	0.997	0.001	0.001
0.001	0.961	0.037	0.001
0.001	0.001	0.001	0.997
0.001	0.997	0.001	0.001
0.001	0.997	0.001	0.001
0.997	0.001	0.001	0.001
0.001	0.997	0.001	0.001
0.961	0.001	0.037	0.001
0.001	0.997	0.001	0.001
0.961	0.001	0.037	0.001
>AATGAGTATACA	25-AATGAGTATACA	10.409522	-3.499330	0	T:21.0(0.24%),B:61.7(0.15%),P:1e-1	Tpos:192.9,Tstd:145.9,Bpos:251.4,Bstd:146.9,StrandBias:1.6,Multiplicity:1.80
0.700	0.100	0.100	0.100
0.700	0.100	0.100	0.100
0.100	0.100	0.100	0.700
0.100	0.100	0.700	0.100
0.700	0.100	0.100	0.100
0.100	0.100	0.700	0.100
0.100	0.100	0.100	0.700
0.700	0.100	0.100	0.100
0.100	0.100	0.100	0.700
0.700	0.100	0.100	0.100
0.100	0.700	0.100	0.100
0.700	0.100	0.100	0.100
