>ACTTCCTG	1-ACTTCCTG	6.474096	-120.079264	0	T:606.0(34.73%),B:8953.0(19.16%),P:1e-52	Tpos:294.2,Tstd:218.8,Bpos:236.2,Bstd:142.4,StrandBias:-0.1,Multiplicity:1.27
0.882	0.001	0.116	0.001
0.001	0.876	0.001	0.122
0.072	0.001	0.001	0.926
0.001	0.001	0.001	0.997
0.001	0.997	0.001	0.001
0.001	0.997	0.001	0.001
0.001	0.001	0.062	0.936
0.001	0.107	0.891	0.001
>GTGAGTCA	2-GTGAGTCA	6.246510	-55.008965	0	T:224.0(12.84%),B:2882.5(6.17%),P:1e-23	Tpos:267.5,Tstd:209.7,Bpos:236.6,Bstd:134.5,StrandBias:-0.1,Multiplicity:1.12
0.020	0.215	0.764	0.001
0.001	0.001	0.001	0.997
0.001	0.001	0.997	0.001
0.997	0.001	0.001	0.001
0.001	0.401	0.597	0.001
0.001	0.001	0.001	0.997
0.001	0.997	0.001	0.001
0.997	0.001	0.001	0.001
>GTTTCCGT	3-GTTTCCGT	6.969864	-37.767468	0	T:268.0(15.36%),B:4251.9(9.10%),P:1e-16	Tpos:296.8,Tstd:234.9,Bpos:231.3,Bstd:145.9,StrandBias:0.1,Multiplicity:1.16
0.001	0.045	0.914	0.040
0.012	0.057	0.001	0.930
0.001	0.023	0.001	0.975
0.031	0.001	0.001	0.967
0.031	0.907	0.041	0.021
0.135	0.863	0.001	0.001
0.092	0.001	0.796	0.111
0.001	0.203	0.053	0.743
>CACGTGAC	4-CACGTGAC	5.656883	-30.553729	0	T:431.0(24.70%),B:8217.0(17.59%),P:1e-13	Tpos:311.4,Tstd:264.7,Bpos:233.7,Bstd:143.7,StrandBias:-0.1,Multiplicity:1.21
0.033	0.965	0.001	0.001
0.939	0.042	0.018	0.001
0.076	0.841	0.049	0.034
0.001	0.091	0.907	0.001
0.028	0.033	0.001	0.938
0.018	0.038	0.915	0.029
0.947	0.025	0.027	0.001
0.001	0.701	0.077	0.221
>AGATCAAW	5-AGATCAAW	7.658226	-26.912276	0	T:120.0(6.88%),B:1606.0(3.44%),P:1e-11	Tpos:291.8,Tstd:245.3,Bpos:234.0,Bstd:138.4,StrandBias:0.2,Multiplicity:1.10
0.997	0.001	0.001	0.001
0.001	0.099	0.899	0.001
0.974	0.001	0.001	0.024
0.001	0.001	0.001	0.997
0.001	0.997	0.001	0.001
0.619	0.001	0.379	0.001
0.997	0.001	0.001	0.001
0.548	0.001	0.001	0.450
>CTCTAGTG	6-CTCTAGTG	7.729614	-25.075742	0	T:201.0(11.52%),B:3301.1(7.07%),P:1e-10	Tpos:264.2,Tstd:228.2,Bpos:235.7,Bstd:138.9,StrandBias:-0.1,Multiplicity:1.09
0.086	0.912	0.001	0.001
0.001	0.090	0.001	0.908
0.001	0.905	0.001	0.093
0.001	0.001	0.001	0.997
0.997	0.001	0.001	0.001
0.001	0.147	0.851	0.001
0.077	0.059	0.001	0.863
0.070	0.001	0.928	0.001
>CCCCCCCC	7-CCCCCCCC	8.796599	-24.838053	0	T:370.0(21.20%),B:7104.6(15.21%),P:1e-10	Tpos:326.0,Tstd:259.2,Bpos:235.8,Bstd:145.5,StrandBias:0.2,Multiplicity:1.48
0.001	0.914	0.001	0.084
0.001	0.997	0.001	0.001
0.001	0.648	0.130	0.221
0.001	0.621	0.226	0.152
0.001	0.814	0.184	0.001
0.001	0.997	0.001	0.001
0.001	0.997	0.001	0.001
0.001	0.997	0.001	0.001
>GBBKTTTY	8-GBBKTTTY	5.279550	-24.812660	0	T:653.0(37.42%),B:14005.0(29.97%),P:1e-10	Tpos:313.5,Tstd:263.8,Bpos:236.7,Bstd:150.1,StrandBias:0.0,Multiplicity:1.35
0.038	0.148	0.519	0.295
0.001	0.371	0.316	0.312
0.088	0.261	0.356	0.295
0.001	0.001	0.488	0.510
0.001	0.131	0.315	0.553
0.040	0.001	0.130	0.829
0.001	0.269	0.001	0.729
0.186	0.363	0.001	0.451
>GTGACTTA	9-GTGACTTA	6.406364	-22.153066	0	T:427.0(24.47%),B:8619.4(18.45%),P:1e-9	Tpos:300.6,Tstd:254.2,Bpos:235.5,Bstd:142.3,StrandBias:0.1,Multiplicity:1.21
0.027	0.097	0.875	0.001
0.001	0.082	0.041	0.876
0.030	0.028	0.941	0.001
0.772	0.001	0.226	0.001
0.057	0.877	0.027	0.039
0.001	0.032	0.034	0.933
0.074	0.001	0.097	0.828
0.894	0.054	0.001	0.051
>CTATGAAR	10-CTATGAAR	8.036006	-16.916230	0	T:206.0(11.81%),B:3775.8(8.08%),P:1e-7	Tpos:290.5,Tstd:258.8,Bpos:237.9,Bstd:142.4,StrandBias:-0.1,Multiplicity:1.13
0.001	0.992	0.001	0.006
0.001	0.001	0.178	0.820
0.566	0.107	0.001	0.326
0.001	0.001	0.001	0.997
0.001	0.001	0.997	0.001
0.711	0.001	0.001	0.287
0.592	0.406	0.001	0.001
0.573	0.001	0.425	0.001
>ATGCAAAT	11-ATGCAAAT	8.236954	-16.490577	0	T:56.0(3.21%),B:676.4(1.45%),P:1e-7	Tpos:623.0,Tstd:633.7,Bpos:239.0,Bstd:129.9,StrandBias:1.0,Multiplicity:1.75
0.700	0.100	0.100	0.100
0.100	0.100	0.100	0.700
0.100	0.100	0.700	0.100
0.100	0.700	0.100	0.100
0.700	0.100	0.100	0.100
0.700	0.100	0.100	0.100
0.700	0.100	0.100	0.100
0.100	0.100	0.100	0.700
