>GCCCTCTAGTGG	1-GCCCTCTAGTGG	9.961940	-122.261522	0	T:127.0(7.28%),B:600.0(1.28%),P:1e-53	Tpos:240.7,Tstd:190.6,Bpos:228.3,Bstd:138.3,StrandBias:0.2,Multiplicity:1.04
0.067	0.001	0.790	0.142
0.067	0.717	0.001	0.215
0.001	0.997	0.001	0.001
0.387	0.611	0.001	0.001
0.001	0.216	0.001	0.782
0.001	0.997	0.001	0.001
0.001	0.033	0.001	0.965
0.683	0.001	0.244	0.072
0.036	0.153	0.810	0.001
0.066	0.001	0.001	0.932
0.001	0.001	0.997	0.001
0.190	0.001	0.708	0.101
>ACTTCCTGTCYN	2-ACTTCCTGTCYN	8.066139	-110.128425	0	T:367.0(21.03%),B:4379.6(9.37%),P:1e-47	Tpos:288.3,Tstd:219.0,Bpos:235.0,Bstd:136.5,StrandBias:-0.1,Multiplicity:1.17
0.757	0.031	0.196	0.016
0.015	0.779	0.032	0.174
0.136	0.047	0.015	0.802
0.042	0.001	0.039	0.918
0.015	0.932	0.031	0.022
0.037	0.961	0.001	0.001
0.031	0.015	0.016	0.938
0.012	0.211	0.741	0.036
0.029	0.216	0.116	0.639
0.024	0.801	0.085	0.090
0.189	0.387	0.069	0.355
0.235	0.197	0.346	0.222
>BNVTGASTCABH	3-BNVTGASTCABH	7.163013	-59.720823	0	T:218.0(12.49%),B:2667.6(5.71%),P:1e-25	Tpos:262.1,Tstd:208.4,Bpos:235.3,Bstd:133.6,StrandBias:0.1,Multiplicity:1.10
0.060	0.347	0.318	0.276
0.241	0.210	0.295	0.254
0.271	0.304	0.285	0.139
0.046	0.045	0.030	0.879
0.018	0.025	0.867	0.090
0.858	0.093	0.036	0.013
0.023	0.502	0.411	0.064
0.053	0.011	0.068	0.868
0.096	0.805	0.043	0.056
0.917	0.008	0.045	0.030
0.045	0.222	0.368	0.364
0.291	0.244	0.154	0.311
>CMGTTTCCTCTT	4-CMGTTTCCTCTT	9.078550	-41.818674	0	T:138.0(7.91%),B:1603.0(3.43%),P:1e-18	Tpos:280.0,Tstd:200.1,Bpos:231.2,Bstd:140.2,StrandBias:-0.3,Multiplicity:1.09
0.078	0.653	0.268	0.001
0.343	0.437	0.001	0.219
0.118	0.271	0.485	0.125
0.053	0.254	0.119	0.574
0.001	0.001	0.001	0.997
0.001	0.100	0.001	0.898
0.001	0.832	0.034	0.133
0.347	0.651	0.001	0.001
0.172	0.001	0.257	0.570
0.156	0.419	0.216	0.209
0.001	0.190	0.144	0.665
0.001	0.001	0.001	0.997
>ACTTTCACTTTC	5-ACTTTCACTTTC	12.595696	-31.998025	0	T:22.0(1.26%),B:63.3(0.14%),P:1e-13	Tpos:250.0,Tstd:188.3,Bpos:189.6,Bstd:142.8,StrandBias:0.1,Multiplicity:1.05
0.902	0.044	0.001	0.053
0.001	0.997	0.001	0.001
0.001	0.001	0.097	0.901
0.097	0.001	0.001	0.901
0.058	0.001	0.001	0.940
0.001	0.997	0.001	0.001
0.818	0.001	0.001	0.180
0.001	0.946	0.001	0.052
0.001	0.001	0.001	0.997
0.001	0.001	0.097	0.901
0.001	0.097	0.001	0.901
0.098	0.842	0.001	0.059
>AATTCCGCTTGA	6-AATTCCGCTTGA	14.463871	-31.581976	0	T:7.0(0.40%),B:0.7(0.00%),P:1e-13	Tpos:111.3,Tstd:72.4,Bpos:437.0,Bstd:0.0,StrandBias:2.6,Multiplicity:1.00
0.807	0.001	0.001	0.191
0.997	0.001	0.001	0.001
0.001	0.001	0.001	0.997
0.001	0.001	0.001	0.997
0.001	0.997	0.001	0.001
0.001	0.997	0.001	0.001
0.001	0.001	0.997	0.001
0.001	0.997	0.001	0.001
0.001	0.192	0.192	0.615
0.001	0.001	0.001	0.997
0.001	0.001	0.997	0.001
0.997	0.001	0.001	0.001
>AAACCACAACAM	7-AAACCACAACAM	8.902816	-27.153499	0	T:29.0(1.66%),B:149.0(0.32%),P:1e-11	Tpos:207.5,Tstd:150.6,Bpos:237.2,Bstd:138.9,StrandBias:0.5,Multiplicity:1.04
0.700	0.297	0.001	0.002
0.592	0.001	0.018	0.389
0.997	0.001	0.001	0.001
0.001	0.997	0.001	0.001
0.001	0.997	0.001	0.001
0.997	0.001	0.001	0.001
0.001	0.997	0.001	0.001
0.997	0.001	0.001	0.001
0.662	0.018	0.001	0.319
0.022	0.976	0.001	0.001
0.997	0.001	0.001	0.001
0.552	0.446	0.001	0.001
>CAAGCCCCGCCC	8-CAAGCCCCGCCC	9.337767	-23.030087	0	T:149.0(8.54%),B:2291.7(4.90%),P:1e-10	Tpos:315.2,Tstd:263.4,Bpos:231.8,Bstd:154.0,StrandBias:0.2,Multiplicity:1.24
0.057	0.819	0.063	0.061
0.780	0.074	0.094	0.052
0.758	0.070	0.142	0.030
0.054	0.047	0.847	0.052
0.034	0.819	0.070	0.077
0.019	0.879	0.031	0.071
0.074	0.797	0.062	0.067
0.055	0.732	0.099	0.114
0.056	0.013	0.894	0.037
0.001	0.896	0.034	0.069
0.062	0.856	0.061	0.021
0.037	0.930	0.028	0.005
>GTCTCAGGGAGC	9-GTCTCAGGGAGC	14.818690	-21.975439	0	T:7.0(0.40%),B:4.0(0.01%),P:1e-9	Tpos:95.4,Tstd:46.5,Bpos:102.1,Bstd:51.0,StrandBias:10.0,Multiplicity:1.00
0.001	0.001	0.997	0.001
0.001	0.001	0.001	0.997
0.001	0.997	0.001	0.001
0.001	0.001	0.001	0.997
0.001	0.997	0.001	0.001
0.997	0.001	0.001	0.001
0.001	0.001	0.997	0.001
0.001	0.001	0.997	0.001
0.001	0.001	0.997	0.001
0.997	0.001	0.001	0.001
0.001	0.001	0.997	0.001
0.001	0.830	0.001	0.168
>GGGGGGGGGGGG	10-GGGGGGGGGGGG	8.946912	-21.848547	0	T:303.0(17.36%),B:5717.5(12.24%),P:1e-9	Tpos:329.3,Tstd:277.9,Bpos:237.5,Bstd:142.1,StrandBias:0.0,Multiplicity:1.31
0.005	0.029	0.932	0.034
0.009	0.066	0.784	0.141
0.001	0.106	0.765	0.128
0.001	0.150	0.728	0.121
0.130	0.120	0.718	0.032
0.179	0.077	0.743	0.001
0.001	0.107	0.743	0.149
0.095	0.028	0.698	0.179
0.196	0.036	0.762	0.006
0.144	0.013	0.789	0.054
0.248	0.001	0.750	0.001
0.086	0.073	0.726	0.115
>AAACCTCAAACC	11-AAACCTCAAACC	12.355432	-20.445910	0	T:7.0(0.40%),B:5.2(0.01%),P:1e-8	Tpos:150.1,Tstd:63.0,Bpos:263.4,Bstd:91.1,StrandBias:2.6,Multiplicity:1.00
0.700	0.100	0.100	0.100
0.700	0.100	0.100	0.100
0.700	0.100	0.100	0.100
0.100	0.700	0.100	0.100
0.100	0.700	0.100	0.100
0.100	0.100	0.100	0.700
0.100	0.700	0.100	0.100
0.700	0.100	0.100	0.100
0.700	0.100	0.100	0.100
0.700	0.100	0.100	0.100
0.100	0.700	0.100	0.100
0.100	0.700	0.100	0.100
>CCTGGCAGTTGC	12-CCTGGCAGTTGC	12.355432	-18.122299	0	T:6.0(0.34%),B:4.1(0.01%),P:1e-7	Tpos:301.0,Tstd:215.2,Bpos:160.5,Bstd:122.8,StrandBias:-2.3,Multiplicity:1.00
0.100	0.700	0.100	0.100
0.100	0.700	0.100	0.100
0.100	0.100	0.100	0.700
0.100	0.100	0.700	0.100
0.100	0.100	0.700	0.100
0.100	0.700	0.100	0.100
0.700	0.100	0.100	0.100
0.100	0.100	0.700	0.100
0.100	0.100	0.100	0.700
0.100	0.100	0.100	0.700
0.100	0.100	0.700	0.100
0.100	0.700	0.100	0.100
>GAAAAGAGCGGG	13-GAAAAGAGCGGG	12.355432	-17.826810	0	T:5.0(0.29%),B:2.0(0.00%),P:1e-7	Tpos:126.2,Tstd:48.3,Bpos:403.0,Bstd:0.0,StrandBias:10.0,Multiplicity:1.00
0.100	0.100	0.700	0.100
0.700	0.100	0.100	0.100
0.700	0.100	0.100	0.100
0.700	0.100	0.100	0.100
0.700	0.100	0.100	0.100
0.100	0.100	0.700	0.100
0.700	0.100	0.100	0.100
0.100	0.100	0.700	0.100
0.100	0.700	0.100	0.100
0.100	0.100	0.700	0.100
0.100	0.100	0.700	0.100
0.100	0.100	0.700	0.100
>GACTAACCGGAT	14-GACTAACCGGAT	10.409522	-17.826810	0	T:5.0(0.29%),B:2.7(0.01%),P:1e-7	Tpos:368.6,Tstd:437.8,Bpos:129.6,Bstd:69.8,StrandBias:2.0,Multiplicity:1.00
0.100	0.100	0.700	0.100
0.700	0.100	0.100	0.100
0.100	0.700	0.100	0.100
0.100	0.100	0.100	0.700
0.700	0.100	0.100	0.100
0.700	0.100	0.100	0.100
0.100	0.700	0.100	0.100
0.100	0.700	0.100	0.100
0.100	0.100	0.700	0.100
0.100	0.100	0.700	0.100
0.700	0.100	0.100	0.100
0.100	0.100	0.100	0.700
>GAGGCGCAGGGA	15-GAGGCGCAGGGA	15.088354	-17.826810	0	T:5.0(0.29%),B:2.7(0.01%),P:1e-7	Tpos:148.4,Tstd:35.2,Bpos:210.3,Bstd:55.8,StrandBias:2.0,Multiplicity:1.00
0.220	0.001	0.778	0.001
0.997	0.001	0.001	0.001
0.001	0.001	0.997	0.001
0.001	0.001	0.997	0.001
0.001	0.997	0.001	0.001
0.001	0.001	0.997	0.001
0.001	0.997	0.001	0.001
0.997	0.001	0.001	0.001
0.001	0.001	0.997	0.001
0.001	0.001	0.997	0.001
0.001	0.001	0.997	0.001
0.997	0.001	0.001	0.001
>SWHTYYAAGGAM	16-SWHTYYAAGGAM	8.279029	-17.299885	0	T:11.0(0.63%),B:30.7(0.07%),P:1e-7	Tpos:113.2,Tstd:88.6,Bpos:191.3,Bstd:124.3,StrandBias:1.7,Multiplicity:1.55
0.131	0.367	0.441	0.061
0.279	0.211	0.091	0.419
0.301	0.318	0.129	0.253
0.127	0.062	0.093	0.718
0.137	0.392	0.167	0.304
0.164	0.322	0.098	0.415
0.549	0.307	0.039	0.105
0.759	0.002	0.115	0.124
0.230	0.001	0.593	0.176
0.113	0.195	0.691	0.001
0.719	0.048	0.154	0.079
0.321	0.421	0.151	0.107
>TTTATGCAAATT	17-TTTATGCAAATT	12.846686	-15.229208	0	T:11.0(0.63%),B:37.0(0.08%),P:1e-6	Tpos:687.2,Tstd:741.3,Bpos:241.5,Bstd:146.1,StrandBias:3.1,Multiplicity:2.64
0.001	0.090	0.001	0.908
0.091	0.001	0.091	0.817
0.001	0.001	0.090	0.908
0.949	0.049	0.001	0.001
0.062	0.001	0.001	0.936
0.001	0.001	0.997	0.001
0.001	0.926	0.001	0.072
0.926	0.001	0.001	0.072
0.908	0.090	0.001	0.001
0.997	0.001	0.001	0.001
0.001	0.049	0.001	0.949
0.001	0.001	0.001	0.997
>ACACTGGTATTT	18-ACACTGGTATTT	11.906184	-12.037633	0	T:10.0(0.57%),B:42.1(0.09%),P:1e-5	Tpos:142.3,Tstd:129.6,Bpos:231.1,Bstd:146.6,StrandBias:-0.7,Multiplicity:1.30
0.997	0.001	0.001	0.001
0.001	0.997	0.001	0.001
0.997	0.001	0.001	0.001
0.001	0.997	0.001	0.001
0.232	0.001	0.001	0.766
0.001	0.001	0.997	0.001
0.001	0.001	0.997	0.001
0.001	0.001	0.001	0.997
0.943	0.055	0.001	0.001
0.001	0.001	0.232	0.766
0.001	0.001	0.232	0.766
0.232	0.001	0.001	0.766
>ACAACTCACCAC	19-ACAACTCACCAC	14.404257	-12.026154	0	T:4.0(0.23%),B:3.0(0.01%),P:1e-5	Tpos:85.6,Tstd:72.0,Bpos:116.6,Bstd:47.6,StrandBias:3.0,Multiplicity:2.25
0.997	0.001	0.001	0.001
0.001	0.997	0.001	0.001
0.997	0.001	0.001	0.001
0.997	0.001	0.001	0.001
0.001	0.997	0.001	0.001
0.001	0.001	0.001	0.997
0.001	0.887	0.001	0.111
0.997	0.001	0.001	0.001
0.001	0.997	0.001	0.001
0.001	0.997	0.001	0.001
0.997	0.001	0.001	0.001
0.001	0.997	0.001	0.001
>GTGTTAGAGGAT	20-GTGTTAGAGGAT	13.971393	-11.683799	0	T:3.0(0.17%),B:0.7(0.00%),P:1e-5	Tpos:241.8,Tstd:250.2,Bpos:321.0,Bstd:0.0,StrandBias:10.0,Multiplicity:4.00
0.001	0.001	0.997	0.001
0.001	0.001	0.001	0.997
0.001	0.001	0.997	0.001
0.001	0.001	0.001	0.997
0.001	0.001	0.001	0.997
0.926	0.072	0.001	0.001
0.001	0.001	0.997	0.001
0.997	0.001	0.001	0.001
0.001	0.001	0.997	0.001
0.001	0.001	0.997	0.001
0.997	0.001	0.001	0.001
0.001	0.001	0.001	0.997
>RRAAAAAAAAAA	21-RRAAAAAAAAAA	9.369531	-11.181084	0	T:209.0(11.98%),B:4186.8(8.96%),P:1e-4	Tpos:328.1,Tstd:240.6,Bpos:233.5,Bstd:157.8,StrandBias:0.5,Multiplicity:1.15
0.469	0.080	0.349	0.103
0.417	0.055	0.497	0.030
0.846	0.001	0.152	0.001
0.814	0.010	0.175	0.001
0.829	0.063	0.107	0.001
0.740	0.130	0.129	0.001
0.683	0.119	0.064	0.134
0.830	0.058	0.111	0.001
0.833	0.001	0.153	0.013
0.879	0.001	0.117	0.003
0.843	0.061	0.095	0.001
0.801	0.095	0.096	0.008
>GGTTACAACATA	22-GGTTACAACATA	9.438960	-10.522606	0	T:5.0(0.29%),B:9.4(0.02%),P:1e-4	Tpos:267.2,Tstd:92.5,Bpos:163.1,Bstd:137.0,StrandBias:3.2,Multiplicity:2.00
0.001	0.001	0.997	0.001
0.001	0.001	0.997	0.001
0.001	0.001	0.001	0.997
0.001	0.001	0.226	0.772
0.997	0.001	0.001	0.001
0.001	0.997	0.001	0.001
0.997	0.001	0.001	0.001
0.772	0.001	0.202	0.025
0.001	0.997	0.001	0.001
0.997	0.001	0.001	0.001
0.001	0.001	0.001	0.997
0.997	0.001	0.001	0.001
>CATARRAAGGCA	23-CATARRAAGGCA	13.224613	-10.522606	0	T:5.0(0.29%),B:9.5(0.02%),P:1e-4	Tpos:176.3,Tstd:148.6,Bpos:158.9,Bstd:132.1,StrandBias:0.3,Multiplicity:1.80
0.001	0.997	0.001	0.001
0.997	0.001	0.001	0.001
0.001	0.001	0.001	0.997
0.997	0.001	0.001	0.001
0.435	0.001	0.563	0.001
0.563	0.001	0.435	0.001
0.997	0.001	0.001	0.001
0.997	0.001	0.001	0.001
0.001	0.001	0.891	0.107
0.001	0.001	0.997	0.001
0.001	0.997	0.001	0.001
0.997	0.001	0.001	0.001
>GGTGTGCAGCTA	24-GGTGTGCAGCTA	15.088354	-9.632243	0	T:3.0(0.17%),B:2.1(0.00%),P:1e-4	Tpos:179.5,Tstd:119.0,Bpos:208.2,Bstd:75.0,StrandBias:10.0,Multiplicity:2.00
0.001	0.001	0.997	0.001
0.001	0.001	0.997	0.001
0.001	0.001	0.001	0.997
0.001	0.001	0.997	0.001
0.001	0.001	0.220	0.778
0.001	0.001	0.997	0.001
0.001	0.997	0.001	0.001
0.997	0.001	0.001	0.001
0.001	0.001	0.997	0.001
0.001	0.997	0.001	0.001
0.001	0.001	0.001	0.997
0.997	0.001	0.001	0.001
>ACACCCTTGCTC	25-ACACCCTTGCTC	12.355432	-2.631409	0	T:1.0(0.06%),B:2.6(0.01%),P:1e-1	Tpos:128.5,Tstd:71.0,Bpos:147.0,Bstd:115.4,StrandBias:10.0,Multiplicity:8.00
0.700	0.100	0.100	0.100
0.100	0.700	0.100	0.100
0.700	0.100	0.100	0.100
0.100	0.700	0.100	0.100
0.100	0.700	0.100	0.100
0.100	0.700	0.100	0.100
0.100	0.100	0.100	0.700
0.100	0.100	0.100	0.700
0.100	0.100	0.700	0.100
0.100	0.700	0.100	0.100
0.100	0.100	0.100	0.700
0.100	0.700	0.100	0.100
