>ACTTCCTGTY	1-ACTTCCTGTY	8.573280	-136.014454	0	T:359.0(20.57%),B:3781.2(8.09%),P:1e-59	Tpos:287.3,Tstd:207.6,Bpos:235.8,Bstd:139.0,StrandBias:0.0,Multiplicity:1.13
0.526	0.021	0.357	0.096
0.001	0.644	0.001	0.354
0.132	0.001	0.001	0.866
0.009	0.001	0.001	0.989
0.022	0.976	0.001	0.001
0.001	0.997	0.001	0.001
0.001	0.001	0.067	0.931
0.014	0.113	0.760	0.113
0.101	0.132	0.072	0.695
0.203	0.360	0.124	0.313
>CDRTGASTCA	2-CDRTGASTCA	7.920186	-61.192380	0	T:226.0(12.95%),B:2782.7(5.96%),P:1e-26	Tpos:268.8,Tstd:203.9,Bpos:234.8,Bstd:133.6,StrandBias:0.0,Multiplicity:1.12
0.098	0.498	0.307	0.098
0.215	0.132	0.328	0.325
0.441	0.190	0.368	0.001
0.001	0.001	0.001	0.997
0.001	0.001	0.932	0.066
0.997	0.001	0.001	0.001
0.048	0.407	0.487	0.059
0.001	0.001	0.001	0.997
0.001	0.997	0.001	0.001
0.997	0.001	0.001	0.001
>CMYCTAGTGG	3-CMYCTAGTGG	8.000890	-59.124859	0	T:171.0(9.80%),B:1851.4(3.96%),P:1e-25	Tpos:262.9,Tstd:210.3,Bpos:233.8,Bstd:133.6,StrandBias:0.2,Multiplicity:1.09
0.001	0.828	0.028	0.143
0.389	0.497	0.084	0.029
0.004	0.450	0.064	0.482
0.031	0.827	0.141	0.001
0.001	0.001	0.094	0.904
0.651	0.044	0.227	0.078
0.001	0.312	0.657	0.030
0.002	0.038	0.001	0.959
0.134	0.221	0.571	0.074
0.247	0.004	0.610	0.139
>ATTTCCTCCG	4-ATTTCCTCCG	7.306412	-54.410952	0	T:355.0(20.34%),B:5524.3(11.82%),P:1e-23	Tpos:316.0,Tstd:255.5,Bpos:235.1,Bstd:140.3,StrandBias:-0.0,Multiplicity:1.11
0.752	0.050	0.001	0.197
0.001	0.235	0.001	0.763
0.141	0.103	0.001	0.755
0.052	0.039	0.001	0.908
0.001	0.971	0.001	0.027
0.072	0.882	0.001	0.045
0.126	0.001	0.001	0.872
0.001	0.768	0.190	0.041
0.130	0.653	0.144	0.073
0.062	0.142	0.674	0.122
>AAACGGAAAC	5-AAACGGAAAC	7.513993	-43.108800	0	T:230.0(13.18%),B:3303.7(7.07%),P:1e-18	Tpos:279.3,Tstd:238.3,Bpos:233.3,Bstd:145.3,StrandBias:-0.3,Multiplicity:1.14
0.745	0.066	0.124	0.065
0.777	0.066	0.156	0.001
0.598	0.048	0.184	0.170
0.069	0.913	0.001	0.017
0.111	0.001	0.707	0.181
0.096	0.001	0.902	0.001
0.932	0.018	0.035	0.015
0.728	0.136	0.135	0.001
0.997	0.001	0.001	0.001
0.110	0.724	0.107	0.059
>CCGCCCACTT	6-CCGCCCACTT	8.276670	-37.197952	0	T:146.0(8.37%),B:1843.1(3.94%),P:1e-16	Tpos:308.8,Tstd:255.0,Bpos:237.7,Bstd:148.3,StrandBias:0.3,Multiplicity:1.05
0.028	0.929	0.042	0.001
0.041	0.874	0.042	0.043
0.028	0.001	0.970	0.001
0.123	0.875	0.001	0.001
0.039	0.926	0.001	0.034
0.001	0.997	0.001	0.001
0.997	0.001	0.001	0.001
0.001	0.974	0.024	0.001
0.018	0.164	0.020	0.798
0.037	0.313	0.001	0.649
>AACATSAAAG	7-AACATSAAAG	8.769017	-35.361465	0	T:143.0(8.19%),B:1830.7(3.92%),P:1e-15	Tpos:287.1,Tstd:261.9,Bpos:233.5,Bstd:139.1,StrandBias:-0.4,Multiplicity:1.09
0.584	0.357	0.001	0.058
0.614	0.001	0.001	0.384
0.001	0.740	0.258	0.001
0.992	0.001	0.001	0.006
0.019	0.001	0.001	0.979
0.222	0.342	0.435	0.001
0.996	0.001	0.002	0.001
0.997	0.001	0.001	0.001
0.997	0.001	0.001	0.001
0.115	0.017	0.830	0.038
>CCCCCCCCCC	8-CCCCCCCCCC	8.757489	-31.234056	0	T:389.0(22.29%),B:7205.7(15.42%),P:1e-13	Tpos:337.0,Tstd:273.2,Bpos:235.8,Bstd:143.2,StrandBias:0.0,Multiplicity:1.47
0.001	0.688	0.001	0.310
0.001	0.876	0.001	0.122
0.237	0.684	0.001	0.078
0.078	0.840	0.001	0.081
0.179	0.594	0.112	0.115
0.051	0.781	0.167	0.001
0.153	0.683	0.163	0.001
0.147	0.851	0.001	0.001
0.001	0.997	0.001	0.001
0.001	0.997	0.001	0.001
>CGTCACGTGA	9-CGTCACGTGA	4.882069	-29.733219	0	T:474.0(27.16%),B:9280.1(19.86%),P:1e-12	Tpos:296.7,Tstd:247.4,Bpos:236.9,Bstd:147.3,StrandBias:0.0,Multiplicity:1.23
0.131	0.641	0.111	0.117
0.120	0.086	0.711	0.083
0.117	0.095	0.098	0.690
0.085	0.722	0.109	0.084
0.741	0.096	0.075	0.088
0.086	0.707	0.116	0.091
0.083	0.099	0.682	0.136
0.092	0.101	0.081	0.726
0.090	0.101	0.692	0.117
0.689	0.105	0.084	0.122
>AGAGCTCTGC	10-AGAGCTCTGC	8.192359	-26.927085	0	T:230.0(13.18%),B:3848.9(8.24%),P:1e-11	Tpos:276.0,Tstd:225.0,Bpos:238.5,Bstd:136.9,StrandBias:-0.1,Multiplicity:1.10
0.808	0.001	0.187	0.004
0.037	0.001	0.956	0.006
0.874	0.001	0.073	0.052
0.237	0.001	0.697	0.065
0.001	0.997	0.001	0.001
0.188	0.151	0.067	0.594
0.025	0.791	0.183	0.001
0.137	0.082	0.001	0.780
0.031	0.001	0.841	0.127
0.102	0.754	0.048	0.096
>TTATGCAAAT	11-TTATGCAAAT	8.560268	-26.029913	0	T:71.0(4.07%),B:752.2(1.61%),P:1e-11	Tpos:553.0,Tstd:554.6,Bpos:239.7,Bstd:136.6,StrandBias:1.0,Multiplicity:1.53
0.321	0.008	0.063	0.608
0.017	0.001	0.083	0.899
0.997	0.001	0.001	0.001
0.001	0.001	0.012	0.986
0.001	0.011	0.987	0.001
0.001	0.945	0.026	0.028
0.960	0.001	0.001	0.038
0.997	0.001	0.001	0.001
0.956	0.001	0.019	0.024
0.001	0.073	0.034	0.892
>GGTTGCTAGG	12-GGTTGCTAGG	9.068122	-25.691786	0	T:73.0(4.18%),B:791.8(1.69%),P:1e-11	Tpos:277.4,Tstd:171.0,Bpos:247.7,Bstd:137.9,StrandBias:0.1,Multiplicity:1.01
0.030	0.031	0.938	0.001
0.053	0.001	0.945	0.001
0.001	0.001	0.188	0.810
0.022	0.051	0.001	0.926
0.040	0.001	0.924	0.035
0.065	0.933	0.001	0.001
0.029	0.049	0.001	0.921
0.716	0.040	0.243	0.001
0.041	0.001	0.924	0.034
0.001	0.001	0.997	0.001
>ARGCGAACGT	13-ARGCGAACGT	7.467169	-24.893958	0	T:91.0(5.21%),B:1119.6(2.40%),P:1e-10	Tpos:302.3,Tstd:262.1,Bpos:230.6,Bstd:149.3,StrandBias:-0.2,Multiplicity:1.05
0.600	0.033	0.001	0.366
0.368	0.113	0.333	0.186
0.001	0.001	0.997	0.001
0.001	0.823	0.045	0.131
0.001	0.001	0.997	0.001
0.997	0.001	0.001	0.001
0.956	0.001	0.042	0.001
0.301	0.585	0.113	0.001
0.001	0.001	0.886	0.112
0.001	0.001	0.001	0.997
>CCCGTTTSAA	14-CCCGTTTSAA	9.217314	-24.805679	0	T:35.0(2.01%),B:235.7(0.50%),P:1e-10	Tpos:289.1,Tstd:235.2,Bpos:241.8,Bstd:143.0,StrandBias:0.6,Multiplicity:1.03
0.110	0.888	0.001	0.001
0.001	0.670	0.328	0.001
0.001	0.997	0.001	0.001
0.001	0.001	0.808	0.190
0.318	0.001	0.001	0.680
0.001	0.246	0.001	0.752
0.001	0.001	0.138	0.860
0.001	0.522	0.476	0.001
0.997	0.001	0.001	0.001
0.834	0.001	0.001	0.164
>TAGCGGCATA	15-TAGCGGCATA	8.347563	-24.009894	0	T:36.0(2.06%),B:255.2(0.55%),P:1e-10	Tpos:323.5,Tstd:232.9,Bpos:237.1,Bstd:146.4,StrandBias:0.6,Multiplicity:1.03
0.001	0.172	0.001	0.826
0.815	0.044	0.140	0.001
0.066	0.075	0.763	0.096
0.155	0.694	0.150	0.001
0.155	0.008	0.836	0.001
0.134	0.001	0.626	0.239
0.097	0.580	0.001	0.322
0.547	0.001	0.259	0.193
0.001	0.001	0.001	0.997
0.903	0.095	0.001	0.001
>GGCGAGGCKT	16-GGCGAGGCKT	7.025320	-23.153865	0	T:162.0(9.28%),B:2554.6(5.47%),P:1e-10	Tpos:311.7,Tstd:292.6,Bpos:237.3,Bstd:152.2,StrandBias:0.2,Multiplicity:1.19
0.047	0.019	0.587	0.347
0.082	0.038	0.662	0.218
0.018	0.799	0.090	0.093
0.093	0.001	0.691	0.215
0.642	0.126	0.075	0.157
0.198	0.036	0.646	0.120
0.077	0.099	0.799	0.025
0.112	0.718	0.062	0.108
0.165	0.107	0.416	0.311
0.087	0.001	0.024	0.888
>GTTTACGTGA	17-GTTTACGTGA	6.764588	-22.501656	0	T:203.0(11.63%),B:3448.9(7.38%),P:1e-9	Tpos:291.0,Tstd:246.9,Bpos:233.6,Bstd:147.1,StrandBias:0.0,Multiplicity:1.09
0.091	0.028	0.846	0.035
0.055	0.059	0.063	0.823
0.078	0.073	0.068	0.781
0.015	0.044	0.072	0.869
0.738	0.093	0.084	0.085
0.108	0.767	0.063	0.062
0.073	0.065	0.764	0.098
0.050	0.046	0.083	0.821
0.073	0.055	0.804	0.068
0.796	0.028	0.128	0.048
>GTCTTTGAAG	18-GTCTTTGAAG	7.606780	-22.267608	0	T:154.0(8.83%),B:2420.6(5.18%),P:1e-9	Tpos:255.8,Tstd:213.0,Bpos:237.4,Bstd:142.0,StrandBias:0.0,Multiplicity:1.05
0.099	0.076	0.742	0.083
0.083	0.066	0.099	0.752
0.060	0.760	0.064	0.116
0.039	0.109	0.051	0.801
0.059	0.078	0.046	0.817
0.039	0.079	0.029	0.853
0.033	0.017	0.894	0.056
0.712	0.054	0.088	0.146
0.827	0.060	0.025	0.088
0.037	0.034	0.848	0.081
>CAAGCGGAAT	19-CAAGCGGAAT	10.296193	-22.217501	0	T:6.0(0.34%),B:2.8(0.01%),P:1e-9	Tpos:109.0,Tstd:68.6,Bpos:306.9,Bstd:131.0,StrandBias:-1.0,Multiplicity:1.00
0.100	0.700	0.100	0.100
0.700	0.100	0.100	0.100
0.700	0.100	0.100	0.100
0.100	0.100	0.700	0.100
0.100	0.700	0.100	0.100
0.100	0.100	0.700	0.100
0.100	0.100	0.700	0.100
0.700	0.100	0.100	0.100
0.700	0.100	0.100	0.100
0.100	0.100	0.100	0.700
>GCGTTCGGGG	20-GCGTTCGGGG	9.285972	-21.512066	0	T:58.0(3.32%),B:615.7(1.32%),P:1e-9	Tpos:377.6,Tstd:239.3,Bpos:234.5,Bstd:158.4,StrandBias:-0.8,Multiplicity:1.11
0.001	0.001	0.997	0.001
0.081	0.917	0.001	0.001
0.001	0.001	0.751	0.247
0.001	0.115	0.001	0.883
0.001	0.001	0.061	0.937
0.001	0.742	0.001	0.256
0.001	0.001	0.997	0.001
0.001	0.001	0.781	0.217
0.001	0.001	0.997	0.001
0.001	0.001	0.997	0.001
>TRGCAGCTGC	21-TRGCAGCTGC	5.778528	-17.821076	0	T:101.0(5.79%),B:1493.4(3.20%),P:1e-7	Tpos:305.6,Tstd:231.7,Bpos:243.2,Bstd:137.5,StrandBias:-0.1,Multiplicity:1.03
0.001	0.001	0.001	0.997
0.426	0.001	0.537	0.036
0.228	0.001	0.770	0.001
0.001	0.997	0.001	0.001
0.997	0.001	0.001	0.001
0.041	0.001	0.957	0.001
0.001	0.732	0.001	0.266
0.001	0.001	0.001	0.997
0.001	0.001	0.997	0.001
0.001	0.997	0.001	0.001
>YTTTCCTWTG	22-YTTTCCTWTG	7.053788	-17.296546	0	T:369.0(21.15%),B:7556.8(16.17%),P:1e-7	Tpos:288.7,Tstd:248.2,Bpos:238.1,Bstd:142.9,StrandBias:-0.1,Multiplicity:1.16
0.180	0.304	0.156	0.360
0.038	0.074	0.076	0.812
0.023	0.037	0.020	0.920
0.037	0.041	0.038	0.884
0.091	0.753	0.066	0.090
0.047	0.808	0.038	0.107
0.344	0.053	0.105	0.497
0.293	0.252	0.035	0.420
0.154	0.064	0.038	0.744
0.070	0.059	0.598	0.273
>TGACATCATA	23-TGACATCATA	10.421160	-15.309590	0	T:29.0(1.66%),B:253.2(0.54%),P:1e-6	Tpos:330.1,Tstd:332.6,Bpos:245.8,Bstd:129.0,StrandBias:0.6,Multiplicity:1.25
0.001	0.001	0.001	0.997
0.001	0.001	0.997	0.001
0.930	0.027	0.028	0.015
0.074	0.886	0.001	0.039
0.983	0.001	0.001	0.015
0.001	0.001	0.199	0.799
0.001	0.974	0.024	0.001
0.985	0.001	0.001	0.013
0.055	0.050	0.107	0.788
0.788	0.062	0.001	0.149
>GTTAGAGGAT	24-GTTAGAGGAT	9.429303	-4.561555	0	T:7.0(0.40%),B:63.9(0.14%),P:1e-1	Tpos:251.4,Tstd:240.1,Bpos:218.7,Bstd:137.0,StrandBias:4.0,Multiplicity:2.43
0.001	0.001	0.997	0.001
0.001	0.076	0.001	0.922
0.001	0.001	0.001	0.997
0.838	0.160	0.001	0.001
0.001	0.001	0.997	0.001
0.997	0.001	0.001	0.001
0.001	0.001	0.997	0.001
0.001	0.001	0.997	0.001
0.997	0.001	0.001	0.001
0.001	0.001	0.001	0.997
>GCAAGGGTGT	25-GCAAGGGTGT	6.928147	-3.000064	0	T:13.0(0.74%),B:206.9(0.44%),P:1e-1	Tpos:182.4,Tstd:97.9,Bpos:224.4,Bstd:132.6,StrandBias:-1.2,Multiplicity:1.54
0.001	0.001	0.997	0.001
0.001	0.933	0.001	0.065
0.997	0.001	0.001	0.001
0.997	0.001	0.001	0.001
0.001	0.001	0.997	0.001
0.001	0.001	0.997	0.001
0.001	0.001	0.997	0.001
0.001	0.001	0.001	0.997
0.001	0.001	0.997	0.001
0.001	0.001	0.001	0.997
>GCCCTCTAGTGG	1-GCCCTCTAGTGG	9.961940	-122.261522	0	T:127.0(7.28%),B:600.0(1.28%),P:1e-53	Tpos:240.7,Tstd:190.6,Bpos:228.3,Bstd:138.3,StrandBias:0.2,Multiplicity:1.04
0.067	0.001	0.790	0.142
0.067	0.717	0.001	0.215
0.001	0.997	0.001	0.001
0.387	0.611	0.001	0.001
0.001	0.216	0.001	0.782
0.001	0.997	0.001	0.001
0.001	0.033	0.001	0.965
0.683	0.001	0.244	0.072
0.036	0.153	0.810	0.001
0.066	0.001	0.001	0.932
0.001	0.001	0.997	0.001
0.190	0.001	0.708	0.101
>ACTTCCTGTCYN	2-ACTTCCTGTCYN	8.066139	-110.128425	0	T:367.0(21.03%),B:4379.6(9.37%),P:1e-47	Tpos:288.3,Tstd:219.0,Bpos:235.0,Bstd:136.5,StrandBias:-0.1,Multiplicity:1.17
0.757	0.031	0.196	0.016
0.015	0.779	0.032	0.174
0.136	0.047	0.015	0.802
0.042	0.001	0.039	0.918
0.015	0.932	0.031	0.022
0.037	0.961	0.001	0.001
0.031	0.015	0.016	0.938
0.012	0.211	0.741	0.036
0.029	0.216	0.116	0.639
0.024	0.801	0.085	0.090
0.189	0.387	0.069	0.355
0.235	0.197	0.346	0.222
>BNVTGASTCABH	3-BNVTGASTCABH	7.163013	-59.720823	0	T:218.0(12.49%),B:2667.6(5.71%),P:1e-25	Tpos:262.1,Tstd:208.4,Bpos:235.3,Bstd:133.6,StrandBias:0.1,Multiplicity:1.10
0.060	0.347	0.318	0.276
0.241	0.210	0.295	0.254
0.271	0.304	0.285	0.139
0.046	0.045	0.030	0.879
0.018	0.025	0.867	0.090
0.858	0.093	0.036	0.013
0.023	0.502	0.411	0.064
0.053	0.011	0.068	0.868
0.096	0.805	0.043	0.056
0.917	0.008	0.045	0.030
0.045	0.222	0.368	0.364
0.291	0.244	0.154	0.311
>CMGTTTCCTCTT	4-CMGTTTCCTCTT	9.078550	-41.818674	0	T:138.0(7.91%),B:1603.0(3.43%),P:1e-18	Tpos:280.0,Tstd:200.1,Bpos:231.2,Bstd:140.2,StrandBias:-0.3,Multiplicity:1.09
0.078	0.653	0.268	0.001
0.343	0.437	0.001	0.219
0.118	0.271	0.485	0.125
0.053	0.254	0.119	0.574
0.001	0.001	0.001	0.997
0.001	0.100	0.001	0.898
0.001	0.832	0.034	0.133
0.347	0.651	0.001	0.001
0.172	0.001	0.257	0.570
0.156	0.419	0.216	0.209
0.001	0.190	0.144	0.665
0.001	0.001	0.001	0.997
>ACTTTCACTTTC	5-ACTTTCACTTTC	12.595696	-31.998025	0	T:22.0(1.26%),B:63.3(0.14%),P:1e-13	Tpos:250.0,Tstd:188.3,Bpos:189.6,Bstd:142.8,StrandBias:0.1,Multiplicity:1.05
0.902	0.044	0.001	0.053
0.001	0.997	0.001	0.001
0.001	0.001	0.097	0.901
0.097	0.001	0.001	0.901
0.058	0.001	0.001	0.940
0.001	0.997	0.001	0.001
0.818	0.001	0.001	0.180
0.001	0.946	0.001	0.052
0.001	0.001	0.001	0.997
0.001	0.001	0.097	0.901
0.001	0.097	0.001	0.901
0.098	0.842	0.001	0.059
>AATTCCGCTTGA	6-AATTCCGCTTGA	14.463871	-31.581976	0	T:7.0(0.40%),B:0.7(0.00%),P:1e-13	Tpos:111.3,Tstd:72.4,Bpos:437.0,Bstd:0.0,StrandBias:2.6,Multiplicity:1.00
0.807	0.001	0.001	0.191
0.997	0.001	0.001	0.001
0.001	0.001	0.001	0.997
0.001	0.001	0.001	0.997
0.001	0.997	0.001	0.001
0.001	0.997	0.001	0.001
0.001	0.001	0.997	0.001
0.001	0.997	0.001	0.001
0.001	0.192	0.192	0.615
0.001	0.001	0.001	0.997
0.001	0.001	0.997	0.001
0.997	0.001	0.001	0.001
>AAACCACAACAM	7-AAACCACAACAM	8.902816	-27.153499	0	T:29.0(1.66%),B:149.0(0.32%),P:1e-11	Tpos:207.5,Tstd:150.6,Bpos:237.2,Bstd:138.9,StrandBias:0.5,Multiplicity:1.04
0.700	0.297	0.001	0.002
0.592	0.001	0.018	0.389
0.997	0.001	0.001	0.001
0.001	0.997	0.001	0.001
0.001	0.997	0.001	0.001
0.997	0.001	0.001	0.001
0.001	0.997	0.001	0.001
0.997	0.001	0.001	0.001
0.662	0.018	0.001	0.319
0.022	0.976	0.001	0.001
0.997	0.001	0.001	0.001
0.552	0.446	0.001	0.001
>CAAGCCCCGCCC	8-CAAGCCCCGCCC	9.337767	-23.030087	0	T:149.0(8.54%),B:2291.7(4.90%),P:1e-10	Tpos:315.2,Tstd:263.4,Bpos:231.8,Bstd:154.0,StrandBias:0.2,Multiplicity:1.24
0.057	0.819	0.063	0.061
0.780	0.074	0.094	0.052
0.758	0.070	0.142	0.030
0.054	0.047	0.847	0.052
0.034	0.819	0.070	0.077
0.019	0.879	0.031	0.071
0.074	0.797	0.062	0.067
0.055	0.732	0.099	0.114
0.056	0.013	0.894	0.037
0.001	0.896	0.034	0.069
0.062	0.856	0.061	0.021
0.037	0.930	0.028	0.005
>GTCTCAGGGAGC	9-GTCTCAGGGAGC	14.818690	-21.975439	0	T:7.0(0.40%),B:4.0(0.01%),P:1e-9	Tpos:95.4,Tstd:46.5,Bpos:102.1,Bstd:51.0,StrandBias:10.0,Multiplicity:1.00
0.001	0.001	0.997	0.001
0.001	0.001	0.001	0.997
0.001	0.997	0.001	0.001
0.001	0.001	0.001	0.997
0.001	0.997	0.001	0.001
0.997	0.001	0.001	0.001
0.001	0.001	0.997	0.001
0.001	0.001	0.997	0.001
0.001	0.001	0.997	0.001
0.997	0.001	0.001	0.001
0.001	0.001	0.997	0.001
0.001	0.830	0.001	0.168
>GGGGGGGGGGGG	10-GGGGGGGGGGGG	8.946912	-21.848547	0	T:303.0(17.36%),B:5717.5(12.24%),P:1e-9	Tpos:329.3,Tstd:277.9,Bpos:237.5,Bstd:142.1,StrandBias:0.0,Multiplicity:1.31
0.005	0.029	0.932	0.034
0.009	0.066	0.784	0.141
0.001	0.106	0.765	0.128
0.001	0.150	0.728	0.121
0.130	0.120	0.718	0.032
0.179	0.077	0.743	0.001
0.001	0.107	0.743	0.149
0.095	0.028	0.698	0.179
0.196	0.036	0.762	0.006
0.144	0.013	0.789	0.054
0.248	0.001	0.750	0.001
0.086	0.073	0.726	0.115
>AAACCTCAAACC	11-AAACCTCAAACC	12.355432	-20.445910	0	T:7.0(0.40%),B:5.2(0.01%),P:1e-8	Tpos:150.1,Tstd:63.0,Bpos:263.4,Bstd:91.1,StrandBias:2.6,Multiplicity:1.00
0.700	0.100	0.100	0.100
0.700	0.100	0.100	0.100
0.700	0.100	0.100	0.100
0.100	0.700	0.100	0.100
0.100	0.700	0.100	0.100
0.100	0.100	0.100	0.700
0.100	0.700	0.100	0.100
0.700	0.100	0.100	0.100
0.700	0.100	0.100	0.100
0.700	0.100	0.100	0.100
0.100	0.700	0.100	0.100
0.100	0.700	0.100	0.100
>CCTGGCAGTTGC	12-CCTGGCAGTTGC	12.355432	-18.122299	0	T:6.0(0.34%),B:4.1(0.01%),P:1e-7	Tpos:301.0,Tstd:215.2,Bpos:160.5,Bstd:122.8,StrandBias:-2.3,Multiplicity:1.00
0.100	0.700	0.100	0.100
0.100	0.700	0.100	0.100
0.100	0.100	0.100	0.700
0.100	0.100	0.700	0.100
0.100	0.100	0.700	0.100
0.100	0.700	0.100	0.100
0.700	0.100	0.100	0.100
0.100	0.100	0.700	0.100
0.100	0.100	0.100	0.700
0.100	0.100	0.100	0.700
0.100	0.100	0.700	0.100
0.100	0.700	0.100	0.100
>GAAAAGAGCGGG	13-GAAAAGAGCGGG	12.355432	-17.826810	0	T:5.0(0.29%),B:2.0(0.00%),P:1e-7	Tpos:126.2,Tstd:48.3,Bpos:403.0,Bstd:0.0,StrandBias:10.0,Multiplicity:1.00
0.100	0.100	0.700	0.100
0.700	0.100	0.100	0.100
0.700	0.100	0.100	0.100
0.700	0.100	0.100	0.100
0.700	0.100	0.100	0.100
0.100	0.100	0.700	0.100
0.700	0.100	0.100	0.100
0.100	0.100	0.700	0.100
0.100	0.700	0.100	0.100
0.100	0.100	0.700	0.100
0.100	0.100	0.700	0.100
0.100	0.100	0.700	0.100
>GACTAACCGGAT	14-GACTAACCGGAT	10.409522	-17.826810	0	T:5.0(0.29%),B:2.7(0.01%),P:1e-7	Tpos:368.6,Tstd:437.8,Bpos:129.6,Bstd:69.8,StrandBias:2.0,Multiplicity:1.00
0.100	0.100	0.700	0.100
0.700	0.100	0.100	0.100
0.100	0.700	0.100	0.100
0.100	0.100	0.100	0.700
0.700	0.100	0.100	0.100
0.700	0.100	0.100	0.100
0.100	0.700	0.100	0.100
0.100	0.700	0.100	0.100
0.100	0.100	0.700	0.100
0.100	0.100	0.700	0.100
0.700	0.100	0.100	0.100
0.100	0.100	0.100	0.700
>GAGGCGCAGGGA	15-GAGGCGCAGGGA	15.088354	-17.826810	0	T:5.0(0.29%),B:2.7(0.01%),P:1e-7	Tpos:148.4,Tstd:35.2,Bpos:210.3,Bstd:55.8,StrandBias:2.0,Multiplicity:1.00
0.220	0.001	0.778	0.001
0.997	0.001	0.001	0.001
0.001	0.001	0.997	0.001
0.001	0.001	0.997	0.001
0.001	0.997	0.001	0.001
0.001	0.001	0.997	0.001
0.001	0.997	0.001	0.001
0.997	0.001	0.001	0.001
0.001	0.001	0.997	0.001
0.001	0.001	0.997	0.001
0.001	0.001	0.997	0.001
0.997	0.001	0.001	0.001
>SWHTYYAAGGAM	16-SWHTYYAAGGAM	8.279029	-17.299885	0	T:11.0(0.63%),B:30.7(0.07%),P:1e-7	Tpos:113.2,Tstd:88.6,Bpos:191.3,Bstd:124.3,StrandBias:1.7,Multiplicity:1.55
0.131	0.367	0.441	0.061
0.279	0.211	0.091	0.419
0.301	0.318	0.129	0.253
0.127	0.062	0.093	0.718
0.137	0.392	0.167	0.304
0.164	0.322	0.098	0.415
0.549	0.307	0.039	0.105
0.759	0.002	0.115	0.124
0.230	0.001	0.593	0.176
0.113	0.195	0.691	0.001
0.719	0.048	0.154	0.079
0.321	0.421	0.151	0.107
>TTTATGCAAATT	17-TTTATGCAAATT	12.846686	-15.229208	0	T:11.0(0.63%),B:37.0(0.08%),P:1e-6	Tpos:687.2,Tstd:741.3,Bpos:241.5,Bstd:146.1,StrandBias:3.1,Multiplicity:2.64
0.001	0.090	0.001	0.908
0.091	0.001	0.091	0.817
0.001	0.001	0.090	0.908
0.949	0.049	0.001	0.001
0.062	0.001	0.001	0.936
0.001	0.001	0.997	0.001
0.001	0.926	0.001	0.072
0.926	0.001	0.001	0.072
0.908	0.090	0.001	0.001
0.997	0.001	0.001	0.001
0.001	0.049	0.001	0.949
0.001	0.001	0.001	0.997
>ACACTGGTATTT	18-ACACTGGTATTT	11.906184	-12.037633	0	T:10.0(0.57%),B:42.1(0.09%),P:1e-5	Tpos:142.3,Tstd:129.6,Bpos:231.1,Bstd:146.6,StrandBias:-0.7,Multiplicity:1.30
0.997	0.001	0.001	0.001
0.001	0.997	0.001	0.001
0.997	0.001	0.001	0.001
0.001	0.997	0.001	0.001
0.232	0.001	0.001	0.766
0.001	0.001	0.997	0.001
0.001	0.001	0.997	0.001
0.001	0.001	0.001	0.997
0.943	0.055	0.001	0.001
0.001	0.001	0.232	0.766
0.001	0.001	0.232	0.766
0.232	0.001	0.001	0.766
>ACAACTCACCAC	19-ACAACTCACCAC	14.404257	-12.026154	0	T:4.0(0.23%),B:3.0(0.01%),P:1e-5	Tpos:85.6,Tstd:72.0,Bpos:116.6,Bstd:47.6,StrandBias:3.0,Multiplicity:2.25
0.997	0.001	0.001	0.001
0.001	0.997	0.001	0.001
0.997	0.001	0.001	0.001
0.997	0.001	0.001	0.001
0.001	0.997	0.001	0.001
0.001	0.001	0.001	0.997
0.001	0.887	0.001	0.111
0.997	0.001	0.001	0.001
0.001	0.997	0.001	0.001
0.001	0.997	0.001	0.001
0.997	0.001	0.001	0.001
0.001	0.997	0.001	0.001
>GTGTTAGAGGAT	20-GTGTTAGAGGAT	13.971393	-11.683799	0	T:3.0(0.17%),B:0.7(0.00%),P:1e-5	Tpos:241.8,Tstd:250.2,Bpos:321.0,Bstd:0.0,StrandBias:10.0,Multiplicity:4.00
0.001	0.001	0.997	0.001
0.001	0.001	0.001	0.997
0.001	0.001	0.997	0.001
0.001	0.001	0.001	0.997
0.001	0.001	0.001	0.997
0.926	0.072	0.001	0.001
0.001	0.001	0.997	0.001
0.997	0.001	0.001	0.001
0.001	0.001	0.997	0.001
0.001	0.001	0.997	0.001
0.997	0.001	0.001	0.001
0.001	0.001	0.001	0.997
>RRAAAAAAAAAA	21-RRAAAAAAAAAA	9.369531	-11.181084	0	T:209.0(11.98%),B:4186.8(8.96%),P:1e-4	Tpos:328.1,Tstd:240.6,Bpos:233.5,Bstd:157.8,StrandBias:0.5,Multiplicity:1.15
0.469	0.080	0.349	0.103
0.417	0.055	0.497	0.030
0.846	0.001	0.152	0.001
0.814	0.010	0.175	0.001
0.829	0.063	0.107	0.001
0.740	0.130	0.129	0.001
0.683	0.119	0.064	0.134
0.830	0.058	0.111	0.001
0.833	0.001	0.153	0.013
0.879	0.001	0.117	0.003
0.843	0.061	0.095	0.001
0.801	0.095	0.096	0.008
>GGTTACAACATA	22-GGTTACAACATA	9.438960	-10.522606	0	T:5.0(0.29%),B:9.4(0.02%),P:1e-4	Tpos:267.2,Tstd:92.5,Bpos:163.1,Bstd:137.0,StrandBias:3.2,Multiplicity:2.00
0.001	0.001	0.997	0.001
0.001	0.001	0.997	0.001
0.001	0.001	0.001	0.997
0.001	0.001	0.226	0.772
0.997	0.001	0.001	0.001
0.001	0.997	0.001	0.001
0.997	0.001	0.001	0.001
0.772	0.001	0.202	0.025
0.001	0.997	0.001	0.001
0.997	0.001	0.001	0.001
0.001	0.001	0.001	0.997
0.997	0.001	0.001	0.001
>CATARRAAGGCA	23-CATARRAAGGCA	13.224613	-10.522606	0	T:5.0(0.29%),B:9.5(0.02%),P:1e-4	Tpos:176.3,Tstd:148.6,Bpos:158.9,Bstd:132.1,StrandBias:0.3,Multiplicity:1.80
0.001	0.997	0.001	0.001
0.997	0.001	0.001	0.001
0.001	0.001	0.001	0.997
0.997	0.001	0.001	0.001
0.435	0.001	0.563	0.001
0.563	0.001	0.435	0.001
0.997	0.001	0.001	0.001
0.997	0.001	0.001	0.001
0.001	0.001	0.891	0.107
0.001	0.001	0.997	0.001
0.001	0.997	0.001	0.001
0.997	0.001	0.001	0.001
>GGTGTGCAGCTA	24-GGTGTGCAGCTA	15.088354	-9.632243	0	T:3.0(0.17%),B:2.1(0.00%),P:1e-4	Tpos:179.5,Tstd:119.0,Bpos:208.2,Bstd:75.0,StrandBias:10.0,Multiplicity:2.00
0.001	0.001	0.997	0.001
0.001	0.001	0.997	0.001
0.001	0.001	0.001	0.997
0.001	0.001	0.997	0.001
0.001	0.001	0.220	0.778
0.001	0.001	0.997	0.001
0.001	0.997	0.001	0.001
0.997	0.001	0.001	0.001
0.001	0.001	0.997	0.001
0.001	0.997	0.001	0.001
0.001	0.001	0.001	0.997
0.997	0.001	0.001	0.001
>ACACCCTTGCTC	25-ACACCCTTGCTC	12.355432	-2.631409	0	T:1.0(0.06%),B:2.6(0.01%),P:1e-1	Tpos:128.5,Tstd:71.0,Bpos:147.0,Bstd:115.4,StrandBias:10.0,Multiplicity:8.00
0.700	0.100	0.100	0.100
0.100	0.700	0.100	0.100
0.700	0.100	0.100	0.100
0.100	0.700	0.100	0.100
0.100	0.700	0.100	0.100
0.100	0.700	0.100	0.100
0.100	0.100	0.100	0.700
0.100	0.100	0.100	0.700
0.100	0.100	0.700	0.100
0.100	0.700	0.100	0.100
0.100	0.100	0.100	0.700
0.100	0.700	0.100	0.100
>ACTTCCTG	1-ACTTCCTG	6.474096	-120.079264	0	T:606.0(34.73%),B:8953.0(19.16%),P:1e-52	Tpos:294.2,Tstd:218.8,Bpos:236.2,Bstd:142.4,StrandBias:-0.1,Multiplicity:1.27
0.882	0.001	0.116	0.001
0.001	0.876	0.001	0.122
0.072	0.001	0.001	0.926
0.001	0.001	0.001	0.997
0.001	0.997	0.001	0.001
0.001	0.997	0.001	0.001
0.001	0.001	0.062	0.936
0.001	0.107	0.891	0.001
>GTGAGTCA	2-GTGAGTCA	6.246510	-55.008965	0	T:224.0(12.84%),B:2882.5(6.17%),P:1e-23	Tpos:267.5,Tstd:209.7,Bpos:236.6,Bstd:134.5,StrandBias:-0.1,Multiplicity:1.12
0.020	0.215	0.764	0.001
0.001	0.001	0.001	0.997
0.001	0.001	0.997	0.001
0.997	0.001	0.001	0.001
0.001	0.401	0.597	0.001
0.001	0.001	0.001	0.997
0.001	0.997	0.001	0.001
0.997	0.001	0.001	0.001
>GTTTCCGT	3-GTTTCCGT	6.969864	-37.767468	0	T:268.0(15.36%),B:4251.9(9.10%),P:1e-16	Tpos:296.8,Tstd:234.9,Bpos:231.3,Bstd:145.9,StrandBias:0.1,Multiplicity:1.16
0.001	0.045	0.914	0.040
0.012	0.057	0.001	0.930
0.001	0.023	0.001	0.975
0.031	0.001	0.001	0.967
0.031	0.907	0.041	0.021
0.135	0.863	0.001	0.001
0.092	0.001	0.796	0.111
0.001	0.203	0.053	0.743
>CACGTGAC	4-CACGTGAC	5.656883	-30.553729	0	T:431.0(24.70%),B:8217.0(17.59%),P:1e-13	Tpos:311.4,Tstd:264.7,Bpos:233.7,Bstd:143.7,StrandBias:-0.1,Multiplicity:1.21
0.033	0.965	0.001	0.001
0.939	0.042	0.018	0.001
0.076	0.841	0.049	0.034
0.001	0.091	0.907	0.001
0.028	0.033	0.001	0.938
0.018	0.038	0.915	0.029
0.947	0.025	0.027	0.001
0.001	0.701	0.077	0.221
>AGATCAAW	5-AGATCAAW	7.658226	-26.912276	0	T:120.0(6.88%),B:1606.0(3.44%),P:1e-11	Tpos:291.8,Tstd:245.3,Bpos:234.0,Bstd:138.4,StrandBias:0.2,Multiplicity:1.10
0.997	0.001	0.001	0.001
0.001	0.099	0.899	0.001
0.974	0.001	0.001	0.024
0.001	0.001	0.001	0.997
0.001	0.997	0.001	0.001
0.619	0.001	0.379	0.001
0.997	0.001	0.001	0.001
0.548	0.001	0.001	0.450
>CTCTAGTG	6-CTCTAGTG	7.729614	-25.075742	0	T:201.0(11.52%),B:3301.1(7.07%),P:1e-10	Tpos:264.2,Tstd:228.2,Bpos:235.7,Bstd:138.9,StrandBias:-0.1,Multiplicity:1.09
0.086	0.912	0.001	0.001
0.001	0.090	0.001	0.908
0.001	0.905	0.001	0.093
0.001	0.001	0.001	0.997
0.997	0.001	0.001	0.001
0.001	0.147	0.851	0.001
0.077	0.059	0.001	0.863
0.070	0.001	0.928	0.001
>CCCCCCCC	7-CCCCCCCC	8.796599	-24.838053	0	T:370.0(21.20%),B:7104.6(15.21%),P:1e-10	Tpos:326.0,Tstd:259.2,Bpos:235.8,Bstd:145.5,StrandBias:0.2,Multiplicity:1.48
0.001	0.914	0.001	0.084
0.001	0.997	0.001	0.001
0.001	0.648	0.130	0.221
0.001	0.621	0.226	0.152
0.001	0.814	0.184	0.001
0.001	0.997	0.001	0.001
0.001	0.997	0.001	0.001
0.001	0.997	0.001	0.001
>GBBKTTTY	8-GBBKTTTY	5.279550	-24.812660	0	T:653.0(37.42%),B:14005.0(29.97%),P:1e-10	Tpos:313.5,Tstd:263.8,Bpos:236.7,Bstd:150.1,StrandBias:0.0,Multiplicity:1.35
0.038	0.148	0.519	0.295
0.001	0.371	0.316	0.312
0.088	0.261	0.356	0.295
0.001	0.001	0.488	0.510
0.001	0.131	0.315	0.553
0.040	0.001	0.130	0.829
0.001	0.269	0.001	0.729
0.186	0.363	0.001	0.451
>GTGACTTA	9-GTGACTTA	6.406364	-22.153066	0	T:427.0(24.47%),B:8619.4(18.45%),P:1e-9	Tpos:300.6,Tstd:254.2,Bpos:235.5,Bstd:142.3,StrandBias:0.1,Multiplicity:1.21
0.027	0.097	0.875	0.001
0.001	0.082	0.041	0.876
0.030	0.028	0.941	0.001
0.772	0.001	0.226	0.001
0.057	0.877	0.027	0.039
0.001	0.032	0.034	0.933
0.074	0.001	0.097	0.828
0.894	0.054	0.001	0.051
>CTATGAAR	10-CTATGAAR	8.036006	-16.916230	0	T:206.0(11.81%),B:3775.8(8.08%),P:1e-7	Tpos:290.5,Tstd:258.8,Bpos:237.9,Bstd:142.4,StrandBias:-0.1,Multiplicity:1.13
0.001	0.992	0.001	0.006
0.001	0.001	0.178	0.820
0.566	0.107	0.001	0.326
0.001	0.001	0.001	0.997
0.001	0.001	0.997	0.001
0.711	0.001	0.001	0.287
0.592	0.406	0.001	0.001
0.573	0.001	0.425	0.001
>ATGCAAAT	11-ATGCAAAT	8.236954	-16.490577	0	T:56.0(3.21%),B:676.4(1.45%),P:1e-7	Tpos:623.0,Tstd:633.7,Bpos:239.0,Bstd:129.9,StrandBias:1.0,Multiplicity:1.75
0.700	0.100	0.100	0.100
0.100	0.100	0.100	0.700
0.100	0.100	0.700	0.100
0.100	0.700	0.100	0.100
0.700	0.100	0.100	0.100
0.700	0.100	0.100	0.100
0.700	0.100	0.100	0.100
0.100	0.100	0.100	0.700
