>ACTTCCTGTY	1-ACTTCCTGTY	8.573280	-136.014454	0	T:359.0(20.57%),B:3781.2(8.09%),P:1e-59	Tpos:287.3,Tstd:207.6,Bpos:235.8,Bstd:139.0,StrandBias:0.0,Multiplicity:1.13
0.526	0.021	0.357	0.096
0.001	0.644	0.001	0.354
0.132	0.001	0.001	0.866
0.009	0.001	0.001	0.989
0.022	0.976	0.001	0.001
0.001	0.997	0.001	0.001
0.001	0.001	0.067	0.931
0.014	0.113	0.760	0.113
0.101	0.132	0.072	0.695
0.203	0.360	0.124	0.313
>CDRTGASTCA	2-CDRTGASTCA	7.920186	-61.192380	0	T:226.0(12.95%),B:2782.7(5.96%),P:1e-26	Tpos:268.8,Tstd:203.9,Bpos:234.8,Bstd:133.6,StrandBias:0.0,Multiplicity:1.12
0.098	0.498	0.307	0.098
0.215	0.132	0.328	0.325
0.441	0.190	0.368	0.001
0.001	0.001	0.001	0.997
0.001	0.001	0.932	0.066
0.997	0.001	0.001	0.001
0.048	0.407	0.487	0.059
0.001	0.001	0.001	0.997
0.001	0.997	0.001	0.001
0.997	0.001	0.001	0.001
>CMYCTAGTGG	3-CMYCTAGTGG	8.000890	-59.124859	0	T:171.0(9.80%),B:1851.4(3.96%),P:1e-25	Tpos:262.9,Tstd:210.3,Bpos:233.8,Bstd:133.6,StrandBias:0.2,Multiplicity:1.09
0.001	0.828	0.028	0.143
0.389	0.497	0.084	0.029
0.004	0.450	0.064	0.482
0.031	0.827	0.141	0.001
0.001	0.001	0.094	0.904
0.651	0.044	0.227	0.078
0.001	0.312	0.657	0.030
0.002	0.038	0.001	0.959
0.134	0.221	0.571	0.074
0.247	0.004	0.610	0.139
>ATTTCCTCCG	4-ATTTCCTCCG	7.306412	-54.410952	0	T:355.0(20.34%),B:5524.3(11.82%),P:1e-23	Tpos:316.0,Tstd:255.5,Bpos:235.1,Bstd:140.3,StrandBias:-0.0,Multiplicity:1.11
0.752	0.050	0.001	0.197
0.001	0.235	0.001	0.763
0.141	0.103	0.001	0.755
0.052	0.039	0.001	0.908
0.001	0.971	0.001	0.027
0.072	0.882	0.001	0.045
0.126	0.001	0.001	0.872
0.001	0.768	0.190	0.041
0.130	0.653	0.144	0.073
0.062	0.142	0.674	0.122
>AAACGGAAAC	5-AAACGGAAAC	7.513993	-43.108800	0	T:230.0(13.18%),B:3303.7(7.07%),P:1e-18	Tpos:279.3,Tstd:238.3,Bpos:233.3,Bstd:145.3,StrandBias:-0.3,Multiplicity:1.14
0.745	0.066	0.124	0.065
0.777	0.066	0.156	0.001
0.598	0.048	0.184	0.170
0.069	0.913	0.001	0.017
0.111	0.001	0.707	0.181
0.096	0.001	0.902	0.001
0.932	0.018	0.035	0.015
0.728	0.136	0.135	0.001
0.997	0.001	0.001	0.001
0.110	0.724	0.107	0.059
>CCGCCCACTT	6-CCGCCCACTT	8.276670	-37.197952	0	T:146.0(8.37%),B:1843.1(3.94%),P:1e-16	Tpos:308.8,Tstd:255.0,Bpos:237.7,Bstd:148.3,StrandBias:0.3,Multiplicity:1.05
0.028	0.929	0.042	0.001
0.041	0.874	0.042	0.043
0.028	0.001	0.970	0.001
0.123	0.875	0.001	0.001
0.039	0.926	0.001	0.034
0.001	0.997	0.001	0.001
0.997	0.001	0.001	0.001
0.001	0.974	0.024	0.001
0.018	0.164	0.020	0.798
0.037	0.313	0.001	0.649
>AACATSAAAG	7-AACATSAAAG	8.769017	-35.361465	0	T:143.0(8.19%),B:1830.7(3.92%),P:1e-15	Tpos:287.1,Tstd:261.9,Bpos:233.5,Bstd:139.1,StrandBias:-0.4,Multiplicity:1.09
0.584	0.357	0.001	0.058
0.614	0.001	0.001	0.384
0.001	0.740	0.258	0.001
0.992	0.001	0.001	0.006
0.019	0.001	0.001	0.979
0.222	0.342	0.435	0.001
0.996	0.001	0.002	0.001
0.997	0.001	0.001	0.001
0.997	0.001	0.001	0.001
0.115	0.017	0.830	0.038
>CCCCCCCCCC	8-CCCCCCCCCC	8.757489	-31.234056	0	T:389.0(22.29%),B:7205.7(15.42%),P:1e-13	Tpos:337.0,Tstd:273.2,Bpos:235.8,Bstd:143.2,StrandBias:0.0,Multiplicity:1.47
0.001	0.688	0.001	0.310
0.001	0.876	0.001	0.122
0.237	0.684	0.001	0.078
0.078	0.840	0.001	0.081
0.179	0.594	0.112	0.115
0.051	0.781	0.167	0.001
0.153	0.683	0.163	0.001
0.147	0.851	0.001	0.001
0.001	0.997	0.001	0.001
0.001	0.997	0.001	0.001
>CGTCACGTGA	9-CGTCACGTGA	4.882069	-29.733219	0	T:474.0(27.16%),B:9280.1(19.86%),P:1e-12	Tpos:296.7,Tstd:247.4,Bpos:236.9,Bstd:147.3,StrandBias:0.0,Multiplicity:1.23
0.131	0.641	0.111	0.117
0.120	0.086	0.711	0.083
0.117	0.095	0.098	0.690
0.085	0.722	0.109	0.084
0.741	0.096	0.075	0.088
0.086	0.707	0.116	0.091
0.083	0.099	0.682	0.136
0.092	0.101	0.081	0.726
0.090	0.101	0.692	0.117
0.689	0.105	0.084	0.122
>AGAGCTCTGC	10-AGAGCTCTGC	8.192359	-26.927085	0	T:230.0(13.18%),B:3848.9(8.24%),P:1e-11	Tpos:276.0,Tstd:225.0,Bpos:238.5,Bstd:136.9,StrandBias:-0.1,Multiplicity:1.10
0.808	0.001	0.187	0.004
0.037	0.001	0.956	0.006
0.874	0.001	0.073	0.052
0.237	0.001	0.697	0.065
0.001	0.997	0.001	0.001
0.188	0.151	0.067	0.594
0.025	0.791	0.183	0.001
0.137	0.082	0.001	0.780
0.031	0.001	0.841	0.127
0.102	0.754	0.048	0.096
>TTATGCAAAT	11-TTATGCAAAT	8.560268	-26.029913	0	T:71.0(4.07%),B:752.2(1.61%),P:1e-11	Tpos:553.0,Tstd:554.6,Bpos:239.7,Bstd:136.6,StrandBias:1.0,Multiplicity:1.53
0.321	0.008	0.063	0.608
0.017	0.001	0.083	0.899
0.997	0.001	0.001	0.001
0.001	0.001	0.012	0.986
0.001	0.011	0.987	0.001
0.001	0.945	0.026	0.028
0.960	0.001	0.001	0.038
0.997	0.001	0.001	0.001
0.956	0.001	0.019	0.024
0.001	0.073	0.034	0.892
>GGTTGCTAGG	12-GGTTGCTAGG	9.068122	-25.691786	0	T:73.0(4.18%),B:791.8(1.69%),P:1e-11	Tpos:277.4,Tstd:171.0,Bpos:247.7,Bstd:137.9,StrandBias:0.1,Multiplicity:1.01
0.030	0.031	0.938	0.001
0.053	0.001	0.945	0.001
0.001	0.001	0.188	0.810
0.022	0.051	0.001	0.926
0.040	0.001	0.924	0.035
0.065	0.933	0.001	0.001
0.029	0.049	0.001	0.921
0.716	0.040	0.243	0.001
0.041	0.001	0.924	0.034
0.001	0.001	0.997	0.001
>ARGCGAACGT	13-ARGCGAACGT	7.467169	-24.893958	0	T:91.0(5.21%),B:1119.6(2.40%),P:1e-10	Tpos:302.3,Tstd:262.1,Bpos:230.6,Bstd:149.3,StrandBias:-0.2,Multiplicity:1.05
0.600	0.033	0.001	0.366
0.368	0.113	0.333	0.186
0.001	0.001	0.997	0.001
0.001	0.823	0.045	0.131
0.001	0.001	0.997	0.001
0.997	0.001	0.001	0.001
0.956	0.001	0.042	0.001
0.301	0.585	0.113	0.001
0.001	0.001	0.886	0.112
0.001	0.001	0.001	0.997
>CCCGTTTSAA	14-CCCGTTTSAA	9.217314	-24.805679	0	T:35.0(2.01%),B:235.7(0.50%),P:1e-10	Tpos:289.1,Tstd:235.2,Bpos:241.8,Bstd:143.0,StrandBias:0.6,Multiplicity:1.03
0.110	0.888	0.001	0.001
0.001	0.670	0.328	0.001
0.001	0.997	0.001	0.001
0.001	0.001	0.808	0.190
0.318	0.001	0.001	0.680
0.001	0.246	0.001	0.752
0.001	0.001	0.138	0.860
0.001	0.522	0.476	0.001
0.997	0.001	0.001	0.001
0.834	0.001	0.001	0.164
>TAGCGGCATA	15-TAGCGGCATA	8.347563	-24.009894	0	T:36.0(2.06%),B:255.2(0.55%),P:1e-10	Tpos:323.5,Tstd:232.9,Bpos:237.1,Bstd:146.4,StrandBias:0.6,Multiplicity:1.03
0.001	0.172	0.001	0.826
0.815	0.044	0.140	0.001
0.066	0.075	0.763	0.096
0.155	0.694	0.150	0.001
0.155	0.008	0.836	0.001
0.134	0.001	0.626	0.239
0.097	0.580	0.001	0.322
0.547	0.001	0.259	0.193
0.001	0.001	0.001	0.997
0.903	0.095	0.001	0.001
>GGCGAGGCKT	16-GGCGAGGCKT	7.025320	-23.153865	0	T:162.0(9.28%),B:2554.6(5.47%),P:1e-10	Tpos:311.7,Tstd:292.6,Bpos:237.3,Bstd:152.2,StrandBias:0.2,Multiplicity:1.19
0.047	0.019	0.587	0.347
0.082	0.038	0.662	0.218
0.018	0.799	0.090	0.093
0.093	0.001	0.691	0.215
0.642	0.126	0.075	0.157
0.198	0.036	0.646	0.120
0.077	0.099	0.799	0.025
0.112	0.718	0.062	0.108
0.165	0.107	0.416	0.311
0.087	0.001	0.024	0.888
>GTTTACGTGA	17-GTTTACGTGA	6.764588	-22.501656	0	T:203.0(11.63%),B:3448.9(7.38%),P:1e-9	Tpos:291.0,Tstd:246.9,Bpos:233.6,Bstd:147.1,StrandBias:0.0,Multiplicity:1.09
0.091	0.028	0.846	0.035
0.055	0.059	0.063	0.823
0.078	0.073	0.068	0.781
0.015	0.044	0.072	0.869
0.738	0.093	0.084	0.085
0.108	0.767	0.063	0.062
0.073	0.065	0.764	0.098
0.050	0.046	0.083	0.821
0.073	0.055	0.804	0.068
0.796	0.028	0.128	0.048
>GTCTTTGAAG	18-GTCTTTGAAG	7.606780	-22.267608	0	T:154.0(8.83%),B:2420.6(5.18%),P:1e-9	Tpos:255.8,Tstd:213.0,Bpos:237.4,Bstd:142.0,StrandBias:0.0,Multiplicity:1.05
0.099	0.076	0.742	0.083
0.083	0.066	0.099	0.752
0.060	0.760	0.064	0.116
0.039	0.109	0.051	0.801
0.059	0.078	0.046	0.817
0.039	0.079	0.029	0.853
0.033	0.017	0.894	0.056
0.712	0.054	0.088	0.146
0.827	0.060	0.025	0.088
0.037	0.034	0.848	0.081
>CAAGCGGAAT	19-CAAGCGGAAT	10.296193	-22.217501	0	T:6.0(0.34%),B:2.8(0.01%),P:1e-9	Tpos:109.0,Tstd:68.6,Bpos:306.9,Bstd:131.0,StrandBias:-1.0,Multiplicity:1.00
0.100	0.700	0.100	0.100
0.700	0.100	0.100	0.100
0.700	0.100	0.100	0.100
0.100	0.100	0.700	0.100
0.100	0.700	0.100	0.100
0.100	0.100	0.700	0.100
0.100	0.100	0.700	0.100
0.700	0.100	0.100	0.100
0.700	0.100	0.100	0.100
0.100	0.100	0.100	0.700
>GCGTTCGGGG	20-GCGTTCGGGG	9.285972	-21.512066	0	T:58.0(3.32%),B:615.7(1.32%),P:1e-9	Tpos:377.6,Tstd:239.3,Bpos:234.5,Bstd:158.4,StrandBias:-0.8,Multiplicity:1.11
0.001	0.001	0.997	0.001
0.081	0.917	0.001	0.001
0.001	0.001	0.751	0.247
0.001	0.115	0.001	0.883
0.001	0.001	0.061	0.937
0.001	0.742	0.001	0.256
0.001	0.001	0.997	0.001
0.001	0.001	0.781	0.217
0.001	0.001	0.997	0.001
0.001	0.001	0.997	0.001
>TRGCAGCTGC	21-TRGCAGCTGC	5.778528	-17.821076	0	T:101.0(5.79%),B:1493.4(3.20%),P:1e-7	Tpos:305.6,Tstd:231.7,Bpos:243.2,Bstd:137.5,StrandBias:-0.1,Multiplicity:1.03
0.001	0.001	0.001	0.997
0.426	0.001	0.537	0.036
0.228	0.001	0.770	0.001
0.001	0.997	0.001	0.001
0.997	0.001	0.001	0.001
0.041	0.001	0.957	0.001
0.001	0.732	0.001	0.266
0.001	0.001	0.001	0.997
0.001	0.001	0.997	0.001
0.001	0.997	0.001	0.001
>YTTTCCTWTG	22-YTTTCCTWTG	7.053788	-17.296546	0	T:369.0(21.15%),B:7556.8(16.17%),P:1e-7	Tpos:288.7,Tstd:248.2,Bpos:238.1,Bstd:142.9,StrandBias:-0.1,Multiplicity:1.16
0.180	0.304	0.156	0.360
0.038	0.074	0.076	0.812
0.023	0.037	0.020	0.920
0.037	0.041	0.038	0.884
0.091	0.753	0.066	0.090
0.047	0.808	0.038	0.107
0.344	0.053	0.105	0.497
0.293	0.252	0.035	0.420
0.154	0.064	0.038	0.744
0.070	0.059	0.598	0.273
>TGACATCATA	23-TGACATCATA	10.421160	-15.309590	0	T:29.0(1.66%),B:253.2(0.54%),P:1e-6	Tpos:330.1,Tstd:332.6,Bpos:245.8,Bstd:129.0,StrandBias:0.6,Multiplicity:1.25
0.001	0.001	0.001	0.997
0.001	0.001	0.997	0.001
0.930	0.027	0.028	0.015
0.074	0.886	0.001	0.039
0.983	0.001	0.001	0.015
0.001	0.001	0.199	0.799
0.001	0.974	0.024	0.001
0.985	0.001	0.001	0.013
0.055	0.050	0.107	0.788
0.788	0.062	0.001	0.149
>GTTAGAGGAT	24-GTTAGAGGAT	9.429303	-4.561555	0	T:7.0(0.40%),B:63.9(0.14%),P:1e-1	Tpos:251.4,Tstd:240.1,Bpos:218.7,Bstd:137.0,StrandBias:4.0,Multiplicity:2.43
0.001	0.001	0.997	0.001
0.001	0.076	0.001	0.922
0.001	0.001	0.001	0.997
0.838	0.160	0.001	0.001
0.001	0.001	0.997	0.001
0.997	0.001	0.001	0.001
0.001	0.001	0.997	0.001
0.001	0.001	0.997	0.001
0.997	0.001	0.001	0.001
0.001	0.001	0.001	0.997
>GCAAGGGTGT	25-GCAAGGGTGT	6.928147	-3.000064	0	T:13.0(0.74%),B:206.9(0.44%),P:1e-1	Tpos:182.4,Tstd:97.9,Bpos:224.4,Bstd:132.6,StrandBias:-1.2,Multiplicity:1.54
0.001	0.001	0.997	0.001
0.001	0.933	0.001	0.065
0.997	0.001	0.001	0.001
0.997	0.001	0.001	0.001
0.001	0.001	0.997	0.001
0.001	0.001	0.997	0.001
0.001	0.001	0.997	0.001
0.001	0.001	0.001	0.997
0.001	0.001	0.997	0.001
0.001	0.001	0.001	0.997
