>CAGGAAGT	1-CAGGAAGT	6.577113	-633.556841	0	T:2692.0(47.76%),B:11086.6(25.73%),P:1e-275	Tpos:287.0,Tstd:211.6,Bpos:243.2,Bstd:146.1,StrandBias:0.1,Multiplicity:1.42
0.057	0.780	0.162	0.001
0.997	0.001	0.001	0.001
0.001	0.001	0.997	0.001
0.001	0.001	0.997	0.001
0.997	0.001	0.001	0.001
0.896	0.001	0.001	0.102
0.162	0.001	0.836	0.001
0.001	0.098	0.001	0.900
>CTTTGATC	2-CTTTGATC	6.662411	-424.079538	0	T:1886.0(33.46%),B:7514.8(17.44%),P:1e-184	Tpos:280.3,Tstd:198.7,Bpos:237.5,Bstd:148.0,StrandBias:-0.1,Multiplicity:1.24
0.001	0.985	0.005	0.009
0.001	0.026	0.001	0.972
0.001	0.022	0.001	0.976
0.034	0.001	0.001	0.964
0.001	0.115	0.802	0.082
0.911	0.001	0.001	0.087
0.124	0.001	0.001	0.874
0.049	0.629	0.203	0.119
>ACATCAAA	3-ACATCAAA	8.891817	-351.319068	0	T:788.0(13.98%),B:2081.1(4.83%),P:1e-152	Tpos:274.6,Tstd:213.4,Bpos:240.4,Bstd:153.8,StrandBias:0.0,Multiplicity:1.10
0.906	0.015	0.043	0.036
0.033	0.709	0.257	0.001
0.789	0.001	0.008	0.202
0.001	0.001	0.001	0.997
0.001	0.951	0.047	0.001
0.989	0.001	0.001	0.009
0.949	0.024	0.026	0.001
0.961	0.001	0.020	0.018
>AMCGGAAR	4-AMCGGAAR	6.263348	-348.732816	0	T:2670.0(47.37%),B:13201.0(30.63%),P:1e-151	Tpos:299.5,Tstd:240.8,Bpos:239.7,Bstd:151.5,StrandBias:-0.1,Multiplicity:1.33
0.740	0.004	0.071	0.185
0.509	0.488	0.002	0.001
0.110	0.736	0.153	0.001
0.059	0.055	0.885	0.001
0.001	0.039	0.959	0.001
0.837	0.001	0.125	0.037
0.974	0.001	0.001	0.024
0.454	0.001	0.544	0.001
>AAACCACA	5-AAACCACA	6.492273	-300.708637	0	T:750.0(13.31%),B:2112.7(4.90%),P:1e-130	Tpos:295.0,Tstd:212.5,Bpos:244.2,Bstd:149.3,StrandBias:-0.1,Multiplicity:1.11
0.809	0.001	0.001	0.189
0.997	0.001	0.001	0.001
0.997	0.001	0.001	0.001
0.001	0.997	0.001	0.001
0.001	0.997	0.001	0.001
0.941	0.001	0.057	0.001
0.001	0.997	0.001	0.001
0.949	0.001	0.049	0.001
>KGCGGTTT	6-KGCGGTTT	5.393299	-181.054856	0	T:2991.0(53.07%),B:17502.5(40.61%),P:1e-78	Tpos:306.3,Tstd:250.6,Bpos:242.3,Bstd:152.1,StrandBias:0.0,Multiplicity:1.49
0.075	0.001	0.423	0.501
0.001	0.101	0.743	0.155
0.001	0.716	0.057	0.226
0.002	0.001	0.935	0.062
0.001	0.090	0.805	0.104
0.001	0.001	0.414	0.584
0.001	0.086	0.001	0.912
0.210	0.001	0.228	0.561
>CTTTCAAA	7-CTTTCAAA	6.457272	-148.545304	0	T:1809.0(32.10%),B:9583.3(22.24%),P:1e-64	Tpos:288.0,Tstd:217.0,Bpos:240.5,Bstd:149.4,StrandBias:-0.0,Multiplicity:1.19
0.108	0.812	0.029	0.051
0.016	0.037	0.024	0.923
0.001	0.021	0.035	0.943
0.001	0.001	0.049	0.949
0.001	0.779	0.219	0.001
0.997	0.001	0.001	0.001
0.930	0.031	0.001	0.038
0.772	0.027	0.200	0.001
>GGGGGGGG	8-GGGGGGGG	7.586454	-106.895651	0	T:2034.0(36.09%),B:11766.3(27.30%),P:1e-46	Tpos:316.5,Tstd:243.8,Bpos:242.3,Bstd:142.8,StrandBias:0.0,Multiplicity:1.73
0.001	0.001	0.997	0.001
0.036	0.001	0.962	0.001
0.055	0.001	0.809	0.135
0.126	0.063	0.661	0.150
0.094	0.001	0.796	0.109
0.100	0.001	0.801	0.098
0.030	0.001	0.968	0.001
0.001	0.001	0.997	0.001
>RTSACGTG	9-RTSACGTG	6.224559	-103.081127	0	T:1040.0(18.45%),B:5144.4(11.94%),P:1e-44	Tpos:293.3,Tstd:222.1,Bpos:240.1,Bstd:156.4,StrandBias:0.0,Multiplicity:1.15
0.263	0.119	0.413	0.204
0.377	0.001	0.001	0.621
0.068	0.396	0.492	0.044
0.997	0.001	0.001	0.001
0.001	0.895	0.001	0.103
0.001	0.001	0.997	0.001
0.091	0.001	0.036	0.872
0.112	0.140	0.550	0.198
>ACATCAGA	10-ACATCAGA	6.612867	-89.802782	0	T:1323.0(23.47%),B:7168.5(16.63%),P:1e-39	Tpos:285.1,Tstd:234.3,Bpos:243.9,Bstd:145.0,StrandBias:-0.1,Multiplicity:1.20
0.997	0.001	0.001	0.001
0.023	0.800	0.176	0.001
0.739	0.092	0.084	0.085
0.096	0.001	0.001	0.902
0.081	0.917	0.001	0.001
0.935	0.001	0.001	0.063
0.001	0.133	0.841	0.025
0.997	0.001	0.001	0.001
>AYWTCCGC	11-AYWTCCGC	5.942109	-81.539425	0	T:1280.0(22.71%),B:7011.7(16.27%),P:1e-35	Tpos:315.1,Tstd:256.6,Bpos:242.9,Bstd:154.4,StrandBias:-0.0,Multiplicity:1.26
0.844	0.001	0.003	0.152
0.068	0.449	0.166	0.316
0.369	0.201	0.001	0.429
0.001	0.045	0.003	0.951
0.001	0.844	0.154	0.001
0.001	0.929	0.069	0.001
0.001	0.117	0.881	0.001
0.085	0.817	0.001	0.097
>AGAGGGCG	12-AGAGGGCG	7.276383	-75.621684	0	T:633.0(11.23%),B:2947.2(6.84%),P:1e-32	Tpos:312.2,Tstd:246.6,Bpos:243.0,Bstd:157.1,StrandBias:0.1,Multiplicity:1.13
0.997	0.001	0.001	0.001
0.142	0.071	0.786	0.001
0.793	0.001	0.205	0.001
0.001	0.001	0.997	0.001
0.001	0.001	0.912	0.086
0.001	0.001	0.841	0.157
0.001	0.997	0.001	0.001
0.001	0.001	0.997	0.001
>CGCCTCCT	13-CGCCTCCT	6.732135	-60.255723	0	T:911.0(16.16%),B:4910.8(11.40%),P:1e-26	Tpos:318.2,Tstd:244.5,Bpos:238.9,Bstd:156.4,StrandBias:0.0,Multiplicity:1.17
0.001	0.903	0.001	0.095
0.001	0.001	0.997	0.001
0.001	0.997	0.001	0.001
0.056	0.942	0.001	0.001
0.083	0.001	0.001	0.915
0.155	0.767	0.077	0.001
0.058	0.854	0.032	0.056
0.125	0.001	0.001	0.873
>TACAAAGC	14-TACAAAGC	5.398710	-59.872255	0	T:1221.0(21.66%),B:6990.6(16.22%),P:1e-26	Tpos:288.4,Tstd:215.0,Bpos:241.8,Bstd:150.0,StrandBias:-0.1,Multiplicity:1.15
0.001	0.101	0.001	0.897
0.942	0.001	0.056	0.001
0.319	0.644	0.036	0.001
0.997	0.001	0.001	0.001
0.997	0.001	0.001	0.001
0.997	0.001	0.001	0.001
0.001	0.001	0.997	0.001
0.001	0.997	0.001	0.001
>TGCGGTAA	15-TGCGGTAA	6.785014	-56.208380	0	T:437.0(7.75%),B:1985.6(4.61%),P:1e-24	Tpos:281.3,Tstd:215.5,Bpos:237.5,Bstd:148.7,StrandBias:-0.1,Multiplicity:1.06
0.196	0.001	0.001	0.802
0.256	0.001	0.742	0.001
0.001	0.947	0.001	0.051
0.001	0.173	0.825	0.001
0.001	0.001	0.997	0.001
0.141	0.134	0.001	0.724
0.954	0.001	0.044	0.001
0.914	0.001	0.001	0.084
>CGTGCGTW	16-CGTGCGTW	4.754235	-54.608997	0	T:817.0(14.50%),B:4386.3(10.18%),P:1e-23	Tpos:323.8,Tstd:267.4,Bpos:245.3,Bstd:162.5,StrandBias:0.1,Multiplicity:1.15
0.166	0.462	0.187	0.185
0.119	0.086	0.614	0.181
0.080	0.166	0.137	0.617
0.166	0.043	0.623	0.168
0.090	0.526	0.206	0.178
0.059	0.157	0.516	0.268
0.185	0.027	0.113	0.675
0.412	0.066	0.259	0.262
>AAACAAAG	17-AAACAAAG	4.161567	-51.614608	0	T:780.0(13.84%),B:4193.9(9.73%),P:1e-22	Tpos:276.4,Tstd:205.2,Bpos:241.1,Bstd:154.6,StrandBias:0.2,Multiplicity:1.06
0.659	0.339	0.001	0.001
0.997	0.001	0.001	0.001
0.997	0.001	0.001	0.001
0.001	0.997	0.001	0.001
0.997	0.001	0.001	0.001
0.997	0.001	0.001	0.001
0.997	0.001	0.001	0.001
0.001	0.001	0.997	0.001
>AGCGTCAT	18-AGCGTCAT	5.881134	-49.418886	0	T:419.0(7.43%),B:1953.0(4.53%),P:1e-21	Tpos:296.4,Tstd:223.9,Bpos:247.1,Bstd:164.6,StrandBias:0.3,Multiplicity:1.03
0.536	0.001	0.084	0.379
0.169	0.001	0.829	0.001
0.001	0.997	0.001	0.001
0.001	0.001	0.997	0.001
0.001	0.001	0.001	0.997
0.001	0.997	0.001	0.001
0.745	0.001	0.253	0.001
0.314	0.049	0.001	0.636
>TCTAGTGG	19-TCTAGTGG	7.948923	-36.637992	0	T:305.0(5.41%),B:1415.1(3.28%),P:1e-15	Tpos:290.9,Tstd:228.0,Bpos:243.2,Bstd:144.3,StrandBias:0.1,Multiplicity:1.04
0.001	0.298	0.001	0.700
0.001	0.862	0.001	0.136
0.001	0.001	0.001	0.997
0.997	0.001	0.001	0.001
0.001	0.001	0.997	0.001
0.001	0.103	0.001	0.895
0.001	0.081	0.917	0.001
0.001	0.001	0.997	0.001
>TGCAGCTG	20-TGCAGCTG	9.307404	-31.046505	0	T:632.0(11.21%),B:3584.0(8.32%),P:1e-13	Tpos:292.3,Tstd:244.4,Bpos:242.2,Bstd:150.8,StrandBias:-0.1,Multiplicity:1.11
0.200	0.001	0.168	0.631
0.001	0.001	0.997	0.001
0.001	0.997	0.001	0.001
0.997	0.001	0.001	0.001
0.001	0.001	0.997	0.001
0.001	0.997	0.001	0.001
0.001	0.001	0.001	0.997
0.142	0.001	0.856	0.001
>GAACTACA	21-GAACTACA	8.743718	-28.484565	0	T:290.0(5.15%),B:1423.3(3.30%),P:1e-12	Tpos:289.0,Tstd:221.8,Bpos:240.8,Bstd:147.1,StrandBias:0.1,Multiplicity:1.06
0.001	0.001	0.997	0.001
0.776	0.001	0.222	0.001
0.847	0.001	0.001	0.151
0.001	0.997	0.001	0.001
0.001	0.001	0.001	0.997
0.997	0.001	0.001	0.001
0.001	0.997	0.001	0.001
0.829	0.001	0.001	0.169
>CAGCCAAT	22-CAGCCAAT	8.550891	-20.138486	0	T:259.0(4.60%),B:1348.1(3.13%),P:1e-8	Tpos:302.9,Tstd:271.8,Bpos:236.5,Bstd:145.4,StrandBias:-0.4,Multiplicity:1.08
0.001	0.849	0.149	0.001
0.887	0.001	0.111	0.001
0.001	0.001	0.997	0.001
0.001	0.997	0.001	0.001
0.001	0.997	0.001	0.001
0.850	0.001	0.148	0.001
0.997	0.001	0.001	0.001
0.001	0.001	0.001	0.997
