>RRACAGGAAGTG	1-RRACAGGAAGTG	8.382151	-866.998896	0	T:1937.0(34.37%),B:5513.2(12.79%),P:1e-376	Tpos:281.4,Tstd:195.1,Bpos:242.1,Bstd:147.1,StrandBias:0.1,Multiplicity:1.22
0.377	0.179	0.292	0.152
0.348	0.145	0.340	0.167
0.559	0.051	0.377	0.013
0.116	0.674	0.197	0.013
0.965	0.033	0.001	0.001
0.009	0.001	0.989	0.001
0.001	0.001	0.997	0.001
0.997	0.001	0.001	0.001
0.853	0.001	0.001	0.145
0.328	0.006	0.665	0.001
0.072	0.318	0.001	0.609
0.222	0.194	0.377	0.207
>CTTTGATGTKNT	2-CTTTGATGTKNT	7.714569	-509.427407	0	T:1382.0(24.52%),B:4242.8(9.85%),P:1e-221	Tpos:277.0,Tstd:203.6,Bpos:239.8,Bstd:149.9,StrandBias:-0.0,Multiplicity:1.22
0.031	0.776	0.083	0.110
0.013	0.074	0.001	0.912
0.001	0.060	0.086	0.853
0.016	0.001	0.001	0.982
0.014	0.115	0.836	0.035
0.863	0.022	0.018	0.097
0.270	0.001	0.026	0.703
0.013	0.299	0.646	0.042
0.066	0.048	0.002	0.884
0.059	0.163	0.416	0.363
0.204	0.208	0.328	0.260
0.120	0.258	0.173	0.449
>ANDGAAACCACA	3-ANDGAAACCACA	7.955614	-293.650804	0	T:996.0(17.67%),B:3357.5(7.79%),P:1e-127	Tpos:286.5,Tstd:210.9,Bpos:241.8,Bstd:144.3,StrandBias:-0.0,Multiplicity:1.13
0.519	0.093	0.268	0.120
0.255	0.312	0.209	0.224
0.246	0.090	0.318	0.346
0.200	0.215	0.424	0.161
0.610	0.170	0.001	0.219
0.997	0.001	0.001	0.001
0.854	0.144	0.001	0.001
0.001	0.997	0.001	0.001
0.056	0.942	0.001	0.001
0.916	0.019	0.001	0.064
0.066	0.920	0.013	0.001
0.756	0.081	0.001	0.162
>GCCCYCTAGTGG	4-GCCCYCTAGTGG	10.057347	-204.424124	0	T:276.0(4.90%),B:477.7(1.11%),P:1e-88	Tpos:296.7,Tstd:236.2,Bpos:251.5,Bstd:136.2,StrandBias:0.1,Multiplicity:1.02
0.082	0.082	0.643	0.193
0.100	0.818	0.001	0.081
0.001	0.972	0.001	0.026
0.402	0.596	0.001	0.001
0.001	0.543	0.027	0.429
0.001	0.997	0.001	0.001
0.102	0.001	0.001	0.896
0.703	0.100	0.167	0.030
0.001	0.172	0.826	0.001
0.001	0.046	0.027	0.926
0.001	0.001	0.997	0.001
0.030	0.001	0.851	0.118
>BMCTTCCTGCHW	5-BMCTTCCTGCHW	8.719051	-141.890286	0	T:447.0(7.93%),B:1416.2(3.29%),P:1e-61	Tpos:281.0,Tstd:216.7,Bpos:239.1,Bstd:135.0,StrandBias:0.2,Multiplicity:1.02
0.132	0.303	0.310	0.254
0.474	0.349	0.144	0.034
0.027	0.936	0.017	0.020
0.014	0.022	0.082	0.882
0.082	0.024	0.027	0.867
0.231	0.723	0.019	0.027
0.041	0.780	0.163	0.016
0.016	0.118	0.200	0.666
0.208	0.020	0.573	0.199
0.040	0.575	0.353	0.032
0.264	0.282	0.132	0.322
0.287	0.201	0.140	0.373
>CCCCCCCCCCCC	6-CCCCCCCCCCCC	7.236985	-101.979464	0	T:1410.0(25.02%),B:7564.3(17.55%),P:1e-44	Tpos:319.4,Tstd:238.8,Bpos:243.9,Bstd:141.3,StrandBias:-0.1,Multiplicity:1.36
0.048	0.858	0.042	0.052
0.060	0.835	0.052	0.053
0.051	0.840	0.042	0.067
0.055	0.861	0.033	0.051
0.090	0.826	0.030	0.054
0.105	0.814	0.019	0.062
0.102	0.826	0.024	0.048
0.092	0.823	0.028	0.057
0.083	0.819	0.041	0.057
0.089	0.814	0.042	0.055
0.079	0.826	0.046	0.049
0.045	0.859	0.048	0.048
>GCTTTGAAAGCA	7-GCTTTGAAAGCA	6.955459	-89.071246	0	T:997.0(17.69%),B:5049.2(11.72%),P:1e-38	Tpos:286.6,Tstd:208.6,Bpos:241.0,Bstd:147.8,StrandBias:0.1,Multiplicity:1.09
0.088	0.085	0.733	0.094
0.098	0.739	0.073	0.090
0.060	0.092	0.042	0.806
0.068	0.095	0.088	0.749
0.099	0.039	0.067	0.795
0.088	0.112	0.712	0.088
0.748	0.097	0.074	0.081
0.766	0.076	0.092	0.066
0.780	0.052	0.101	0.067
0.083	0.081	0.728	0.108
0.109	0.718	0.083	0.090
0.725	0.103	0.060	0.112
>GKRGGCGGRGCT	8-GKRGGCGGRGCT	8.617286	-78.740811	0	T:599.0(10.63%),B:2710.1(6.29%),P:1e-34	Tpos:303.6,Tstd:233.1,Bpos:245.8,Bstd:149.0,StrandBias:-0.1,Multiplicity:1.21
0.009	0.207	0.757	0.027
0.081	0.004	0.416	0.500
0.517	0.001	0.473	0.009
0.001	0.001	0.997	0.001
0.116	0.006	0.877	0.001
0.347	0.589	0.001	0.063
0.001	0.001	0.997	0.001
0.093	0.004	0.724	0.179
0.343	0.114	0.425	0.118
0.091	0.157	0.510	0.242
0.128	0.664	0.099	0.109
0.026	0.157	0.001	0.816
>CTGTGATGTGGT	9-CTGTGATGTGGT	8.842433	-62.028845	0	T:355.0(6.30%),B:1457.2(3.38%),P:1e-26	Tpos:285.9,Tstd:242.5,Bpos:235.2,Bstd:147.9,StrandBias:0.1,Multiplicity:1.02
0.112	0.681	0.097	0.110
0.212	0.015	0.001	0.772
0.093	0.149	0.757	0.001
0.185	0.016	0.008	0.791
0.035	0.147	0.794	0.024
0.505	0.176	0.318	0.001
0.028	0.037	0.018	0.917
0.030	0.001	0.915	0.054
0.183	0.015	0.016	0.786
0.102	0.016	0.851	0.031
0.001	0.019	0.800	0.180
0.025	0.313	0.047	0.615
>GCTTCAAAGAAA	10-GCTTCAAAGAAA	8.978072	-58.437279	0	T:234.0(4.15%),B:832.5(1.93%),P:1e-25	Tpos:281.2,Tstd:200.4,Bpos:238.6,Bstd:156.7,StrandBias:0.1,Multiplicity:1.02
0.001	0.001	0.648	0.350
0.001	0.997	0.001	0.001
0.001	0.001	0.001	0.997
0.033	0.001	0.001	0.965
0.001	0.997	0.001	0.001
0.855	0.001	0.001	0.143
0.997	0.001	0.001	0.001
0.997	0.001	0.001	0.001
0.176	0.143	0.680	0.001
0.691	0.051	0.019	0.239
0.731	0.216	0.050	0.003
0.532	0.225	0.195	0.048
>YKYKGTTTAAAG	11-YKYKGTTTAAAG	7.874362	-53.463480	0	T:595.0(10.56%),B:2982.7(6.92%),P:1e-23	Tpos:277.6,Tstd:216.7,Bpos:239.6,Bstd:147.3,StrandBias:0.2,Multiplicity:1.05
0.001	0.507	0.049	0.443
0.001	0.173	0.386	0.439
0.198	0.267	0.156	0.380
0.236	0.001	0.388	0.375
0.001	0.001	0.997	0.001
0.001	0.001	0.135	0.863
0.295	0.035	0.001	0.669
0.001	0.142	0.001	0.856
0.744	0.001	0.206	0.049
0.762	0.236	0.001	0.001
0.541	0.050	0.312	0.097
0.297	0.001	0.701	0.001
>ACTACAKTTCCC	12-ACTACAKTTCCC	11.678207	-52.673733	0	T:71.0(1.26%),B:125.3(0.29%),P:1e-22	Tpos:286.9,Tstd:221.1,Bpos:243.8,Bstd:155.1,StrandBias:0.0,Multiplicity:1.07
0.703	0.001	0.295	0.001
0.001	0.874	0.001	0.124
0.001	0.001	0.001	0.997
0.997	0.001	0.001	0.001
0.001	0.997	0.001	0.001
0.937	0.001	0.001	0.061
0.257	0.001	0.331	0.412
0.096	0.240	0.001	0.663
0.268	0.001	0.001	0.730
0.001	0.705	0.001	0.293
0.001	0.997	0.001	0.001
0.001	0.937	0.001	0.061
>CACTTTCGTTTT	13-CACTTTCGTTTT	9.209111	-52.622687	0	T:246.0(4.36%),B:936.0(2.17%),P:1e-22	Tpos:267.8,Tstd:192.1,Bpos:243.0,Bstd:152.7,StrandBias:0.1,Multiplicity:1.05
0.018	0.882	0.037	0.063
0.843	0.067	0.061	0.029
0.038	0.846	0.091	0.025
0.011	0.072	0.022	0.895
0.057	0.074	0.035	0.834
0.014	0.081	0.025	0.880
0.081	0.724	0.068	0.127
0.149	0.134	0.607	0.110
0.015	0.041	0.063	0.881
0.018	0.055	0.024	0.903
0.014	0.024	0.018	0.944
0.066	0.065	0.100	0.769
>GWTTCACTTCAT	14-GWTTCACTTCAT	12.621163	-42.279925	0	T:29.0(0.51%),B:23.5(0.05%),P:1e-18	Tpos:270.2,Tstd:171.1,Bpos:240.9,Bstd:108.9,StrandBias:0.4,Multiplicity:1.00
0.001	0.001	0.884	0.114
0.470	0.001	0.001	0.528
0.001	0.001	0.084	0.914
0.114	0.001	0.114	0.771
0.001	0.997	0.001	0.001
0.997	0.001	0.001	0.001
0.001	0.769	0.229	0.001
0.001	0.001	0.001	0.997
0.001	0.001	0.001	0.997
0.001	0.658	0.001	0.340
0.585	0.413	0.001	0.001
0.229	0.062	0.001	0.708
>TTGTGTTGACTG	15-TTGTGTTGACTG	12.509630	-39.314186	0	T:30.0(0.53%),B:28.9(0.07%),P:1e-17	Tpos:311.9,Tstd:153.0,Bpos:241.1,Bstd:113.5,StrandBias:0.1,Multiplicity:1.00
0.001	0.001	0.001	0.997
0.060	0.001	0.001	0.938
0.001	0.060	0.938	0.001
0.060	0.001	0.001	0.938
0.001	0.026	0.913	0.060
0.042	0.042	0.001	0.915
0.001	0.001	0.042	0.956
0.001	0.001	0.950	0.048
0.956	0.001	0.042	0.001
0.001	0.938	0.060	0.001
0.060	0.001	0.001	0.938
0.001	0.001	0.670	0.328
>TGGCCACATCCT	16-TGGCCACATCCT	11.982865	-32.963540	0	T:16.0(0.28%),B:7.3(0.02%),P:1e-14	Tpos:269.8,Tstd:193.8,Bpos:238.6,Bstd:100.3,StrandBias:-0.5,Multiplicity:1.00
0.001	0.001	0.001	0.997
0.001	0.001	0.997	0.001
0.001	0.317	0.681	0.001
0.001	0.997	0.001	0.001
0.001	0.997	0.001	0.001
0.997	0.001	0.001	0.001
0.001	0.997	0.001	0.001
0.997	0.001	0.001	0.001
0.001	0.001	0.001	0.997
0.031	0.967	0.001	0.001
0.001	0.997	0.001	0.001
0.001	0.001	0.001	0.997
>CTCAGCAACACA	17-CTCAGCAACACA	6.500766	-31.529603	0	T:2025.0(35.93%),B:13444.3(31.20%),P:1e-13	Tpos:291.5,Tstd:223.5,Bpos:241.0,Bstd:148.4,StrandBias:-0.0,Multiplicity:1.25
0.137	0.727	0.073	0.063
0.104	0.151	0.043	0.702
0.137	0.634	0.164	0.065
0.753	0.033	0.001	0.213
0.120	0.228	0.651	0.001
0.105	0.520	0.110	0.265
0.534	0.207	0.063	0.196
0.696	0.077	0.170	0.057
0.094	0.730	0.113	0.063
0.680	0.111	0.026	0.183
0.267	0.577	0.126	0.030
0.997	0.001	0.001	0.001
>CGTGATGTTACC	18-CGTGATGTTACC	-6.384106	-29.818531	0	T:3023.0(53.64%),B:21006.9(48.75%),P:1e-12	Tpos:298.2,Tstd:244.0,Bpos:241.5,Bstd:147.1,StrandBias:-0.0,Multiplicity:1.46
0.001	0.825	0.001	0.173
0.001	0.001	0.997	0.001
0.001	0.001	0.001	0.997
0.001	0.001	0.997	0.001
0.594	0.404	0.001	0.001
0.001	0.001	0.001	0.997
0.001	0.001	0.997	0.001
0.001	0.001	0.001	0.997
0.001	0.001	0.001	0.997
0.997	0.001	0.001	0.001
0.001	0.594	0.001	0.404
0.001	0.997	0.001	0.001
>GACTGGCAGATC	19-GACTGGCAGATC	13.811812	-28.254825	0	T:12.0(0.21%),B:5.0(0.01%),P:1e-12	Tpos:236.4,Tstd:174.7,Bpos:147.4,Bstd:63.6,StrandBias:-1.1,Multiplicity:1.33
0.001	0.001	0.997	0.001
0.997	0.001	0.001	0.001
0.071	0.927	0.001	0.001
0.001	0.001	0.001	0.997
0.001	0.001	0.997	0.001
0.001	0.001	0.997	0.001
0.001	0.997	0.001	0.001
0.997	0.001	0.001	0.001
0.001	0.001	0.997	0.001
0.927	0.001	0.071	0.001
0.001	0.001	0.001	0.997
0.071	0.927	0.001	0.001
>TCATTGATGTTA	20-TCATTGATGTTA	13.511468	-26.999067	0	T:8.0(0.14%),B:1.1(0.00%),P:1e-11	Tpos:217.8,Tstd:211.2,Bpos:253.6,Bstd:69.7,StrandBias:0.7,Multiplicity:1.00
0.001	0.119	0.001	0.879
0.120	0.788	0.001	0.091
0.959	0.039	0.001	0.001
0.001	0.001	0.015	0.983
0.001	0.001	0.001	0.997
0.001	0.001	0.947	0.051
0.863	0.001	0.016	0.120
0.119	0.001	0.001	0.879
0.119	0.001	0.879	0.001
0.001	0.120	0.084	0.795
0.001	0.001	0.001	0.997
0.997	0.001	0.001	0.001
>AGTGTGTTATCT	21-AGTGTGTTATCT	-4.167283	-21.990379	0	T:1185.0(21.03%),B:7666.2(17.79%),P:1e-9	Tpos:291.0,Tstd:230.0,Bpos:243.2,Bstd:146.5,StrandBias:-0.0,Multiplicity:1.16
0.997	0.001	0.001	0.001
0.001	0.001	0.997	0.001
0.001	0.052	0.001	0.946
0.001	0.001	0.946	0.052
0.001	0.001	0.001	0.997
0.001	0.001	0.997	0.001
0.001	0.001	0.001	0.997
0.001	0.001	0.001	0.997
0.997	0.001	0.001	0.001
0.001	0.001	0.001	0.997
0.001	0.997	0.001	0.001
0.001	0.001	0.001	0.997
>TCWAMTCTACTT	22-TCWAMTCTACTT	10.864164	-18.535124	0	T:49.0(0.87%),B:147.1(0.34%),P:1e-8	Tpos:295.6,Tstd:203.3,Bpos:245.0,Bstd:153.2,StrandBias:0.2,Multiplicity:1.03
0.001	0.001	0.050	0.948
0.050	0.948	0.001	0.001
0.484	0.001	0.001	0.514
0.789	0.001	0.001	0.209
0.508	0.490	0.001	0.001
0.001	0.001	0.406	0.592
0.218	0.536	0.245	0.001
0.001	0.001	0.001	0.997
0.997	0.001	0.001	0.001
0.001	0.615	0.001	0.383
0.001	0.001	0.253	0.745
0.001	0.001	0.001	0.997
>CAACACATGCAG	23-CAACACATGCAG	-4.114775	-14.680034	0	T:895.0(15.88%),B:5850.8(13.58%),P:1e-6	Tpos:309.7,Tstd:247.6,Bpos:240.9,Bstd:148.1,StrandBias:-0.1,Multiplicity:1.15
0.001	0.997	0.001	0.001
0.997	0.001	0.001	0.001
0.997	0.001	0.001	0.001
0.001	0.997	0.001	0.001
0.997	0.001	0.001	0.001
0.001	0.997	0.001	0.001
0.954	0.001	0.044	0.001
0.001	0.001	0.001	0.997
0.001	0.001	0.997	0.001
0.001	0.997	0.001	0.001
0.997	0.001	0.001	0.001
0.001	0.001	0.997	0.001
>ACACCATCTGTA	24-ACACCATCTGTA	13.695590	-11.711562	0	T:5.0(0.09%),B:2.8(0.01%),P:1e-5	Tpos:121.1,Tstd:96.1,Bpos:221.3,Bstd:73.5,StrandBias:2.5,Multiplicity:2.60
0.997	0.001	0.001	0.001
0.001	0.936	0.062	0.001
0.997	0.001	0.001	0.001
0.001	0.997	0.001	0.001
0.001	0.997	0.001	0.001
0.997	0.001	0.001	0.001
0.001	0.001	0.001	0.997
0.001	0.997	0.001	0.001
0.062	0.001	0.001	0.936
0.001	0.001	0.997	0.001
0.062	0.001	0.001	0.936
0.997	0.001	0.001	0.001
>TCTCAGCAACAC	25-TCTCAGCAACAC	2.704149	-10.988609	0	T:391.0(6.94%),B:2420.7(5.62%),P:1e-4	Tpos:275.0,Tstd:211.4,Bpos:243.1,Bstd:149.1,StrandBias:0.1,Multiplicity:1.06
0.001	0.001	0.083	0.915
0.001	0.997	0.001	0.001
0.001	0.001	0.001	0.997
0.001	0.997	0.001	0.001
0.997	0.001	0.001	0.001
0.001	0.001	0.997	0.001
0.001	0.997	0.001	0.001
0.997	0.001	0.001	0.001
0.997	0.001	0.001	0.001
0.001	0.997	0.001	0.001
0.997	0.001	0.001	0.001
0.001	0.997	0.001	0.001
