>CACTTCCTGT	1-CACTTCCTGT	7.725917	-838.712685	0	T:2088.0(37.05%),B:6412.0(14.88%),P:1e-364	Tpos:281.6,Tstd:201.3,Bpos:240.5,Bstd:146.6,StrandBias:-0.0,Multiplicity:1.26
0.192	0.411	0.138	0.258
0.714	0.030	0.196	0.060
0.003	0.758	0.021	0.218
0.110	0.015	0.019	0.856
0.005	0.005	0.014	0.976
0.007	0.966	0.011	0.016
0.018	0.963	0.014	0.005
0.011	0.021	0.043	0.925
0.005	0.155	0.747	0.093
0.052	0.251	0.011	0.686
>NASATCAAAG	2-NASATCAAAG	7.240634	-554.441703	0	T:1866.0(33.11%),B:6594.9(15.30%),P:1e-240	Tpos:274.8,Tstd:203.2,Bpos:240.6,Bstd:149.4,StrandBias:0.0,Multiplicity:1.32
0.218	0.289	0.239	0.254
0.713	0.048	0.146	0.093
0.050	0.462	0.436	0.053
0.639	0.014	0.014	0.333
0.092	0.001	0.017	0.890
0.119	0.702	0.106	0.073
0.953	0.001	0.003	0.043
0.918	0.001	0.077	0.004
0.898	0.004	0.085	0.013
0.063	0.090	0.790	0.057
>CAYTTCCTGV	3-CAYTTCCTGV	7.373373	-285.291640	0	T:1488.0(26.40%),B:6158.5(14.29%),P:1e-123	Tpos:293.4,Tstd:217.9,Bpos:245.7,Bstd:146.2,StrandBias:-0.1,Multiplicity:1.12
0.001	0.540	0.221	0.238
0.869	0.001	0.129	0.001
0.001	0.495	0.001	0.503
0.001	0.001	0.001	0.997
0.001	0.001	0.001	0.997
0.001	0.997	0.001	0.001
0.001	0.997	0.001	0.001
0.001	0.001	0.230	0.768
0.026	0.301	0.463	0.210
0.363	0.356	0.280	0.001
>NNHAACCACR	4-NNHAACCACR	7.231258	-284.078605	0	T:807.0(14.32%),B:2457.5(5.70%),P:1e-123	Tpos:291.1,Tstd:213.9,Bpos:245.7,Bstd:146.7,StrandBias:-0.1,Multiplicity:1.12
0.275	0.291	0.222	0.211
0.204	0.283	0.300	0.214
0.383	0.250	0.047	0.320
0.780	0.061	0.014	0.145
0.841	0.068	0.049	0.042
0.104	0.780	0.056	0.060
0.109	0.765	0.081	0.045
0.781	0.047	0.106	0.066
0.284	0.666	0.024	0.026
0.448	0.015	0.371	0.166
>TNWGATGTGG	5-TNWGATGTGG	7.441889	-169.652008	0	T:274.0(4.86%),B:555.1(1.29%),P:1e-73	Tpos:279.1,Tstd:187.9,Bpos:241.6,Bstd:138.8,StrandBias:-0.1,Multiplicity:1.03
0.043	0.175	0.032	0.750
0.199	0.328	0.221	0.253
0.384	0.049	0.050	0.517
0.072	0.297	0.570	0.061
0.533	0.034	0.065	0.368
0.205	0.240	0.035	0.520
0.042	0.037	0.856	0.065
0.092	0.239	0.156	0.513
0.180	0.239	0.534	0.047
0.249	0.050	0.690	0.011
>AACGGAAACC	6-AACGGAAACC	6.300889	-145.411466	0	T:2334.0(41.41%),B:13264.3(30.78%),P:1e-63	Tpos:296.9,Tstd:240.0,Bpos:242.6,Bstd:149.3,StrandBias:0.1,Multiplicity:1.34
0.668	0.074	0.141	0.117
0.697	0.131	0.132	0.040
0.244	0.485	0.159	0.112
0.249	0.015	0.529	0.207
0.051	0.153	0.779	0.017
0.866	0.027	0.064	0.043
0.968	0.009	0.009	0.014
0.818	0.023	0.150	0.009
0.051	0.652	0.170	0.127
0.178	0.626	0.076	0.120
>DRGGCGGADN	7-DRGGCGGADN	5.620349	-123.045474	0	T:1509.0(26.77%),B:7923.3(18.39%),P:1e-53	Tpos:318.4,Tstd:255.4,Bpos:241.2,Bstd:154.2,StrandBias:0.1,Multiplicity:1.51
0.308	0.032	0.315	0.345
0.395	0.034	0.410	0.161
0.238	0.023	0.494	0.244
0.035	0.028	0.906	0.031
0.246	0.540	0.034	0.180
0.027	0.012	0.928	0.033
0.028	0.147	0.563	0.262
0.440	0.062	0.245	0.253
0.250	0.053	0.351	0.346
0.238	0.310	0.177	0.275
>CCCCCCCCCC	8-CCCCCCCCCC	6.591822	-119.670549	0	T:1548.0(27.47%),B:8229.9(19.10%),P:1e-51	Tpos:317.3,Tstd:239.6,Bpos:242.1,Bstd:139.8,StrandBias:-0.1,Multiplicity:1.39
0.032	0.645	0.026	0.297
0.168	0.501	0.035	0.296
0.100	0.660	0.035	0.205
0.156	0.582	0.031	0.231
0.148	0.587	0.046	0.219
0.153	0.635	0.021	0.191
0.223	0.723	0.011	0.043
0.231	0.491	0.048	0.230
0.210	0.590	0.035	0.165
0.145	0.569	0.036	0.250
>CTTTCAAAGC	9-CTTTCAAAGC	6.600348	-100.004856	0	T:1677.0(29.76%),B:9400.5(21.81%),P:1e-43	Tpos:293.7,Tstd:221.0,Bpos:243.0,Bstd:149.5,StrandBias:-0.1,Multiplicity:1.23
0.039	0.795	0.098	0.068
0.065	0.078	0.067	0.790
0.058	0.075	0.035	0.832
0.053	0.028	0.083	0.836
0.061	0.711	0.167	0.061
0.893	0.016	0.025	0.066
0.788	0.095	0.062	0.055
0.863	0.036	0.049	0.052
0.065	0.093	0.770	0.072
0.102	0.727	0.090	0.081
>TAGAGGGCGC	10-TAGAGGGCGC	6.285130	-80.675399	0	T:469.0(8.32%),B:1938.2(4.50%),P:1e-35	Tpos:314.4,Tstd:250.4,Bpos:242.8,Bstd:154.4,StrandBias:0.2,Multiplicity:1.09
0.206	0.177	0.156	0.460
0.649	0.073	0.118	0.160
0.220	0.098	0.614	0.068
0.621	0.068	0.214	0.097
0.148	0.049	0.679	0.124
0.126	0.250	0.479	0.145
0.130	0.134	0.635	0.101
0.186	0.600	0.097	0.117
0.199	0.151	0.618	0.032
0.085	0.530	0.273	0.112
>CGCGTGTTTA	11-CGCGTGTTTA	4.369620	-74.580856	0	T:1963.0(34.83%),B:11872.3(27.55%),P:1e-32	Tpos:307.2,Tstd:252.0,Bpos:244.1,Bstd:156.2,StrandBias:-0.0,Multiplicity:1.29
0.122	0.611	0.132	0.135
0.135	0.122	0.616	0.127
0.122	0.592	0.143	0.143
0.114	0.146	0.595	0.145
0.128	0.132	0.138	0.602
0.120	0.129	0.605	0.146
0.129	0.132	0.126	0.613
0.129	0.131	0.137	0.603
0.161	0.124	0.132	0.583
0.578	0.131	0.138	0.153
>TGACGTCATC	12-TGACGTCATC	7.422033	-73.921477	0	T:464.0(8.23%),B:1969.9(4.57%),P:1e-32	Tpos:293.0,Tstd:229.4,Bpos:242.2,Bstd:148.0,StrandBias:-0.0,Multiplicity:1.05
0.172	0.082	0.001	0.745
0.086	0.089	0.786	0.039
0.997	0.001	0.001	0.001
0.001	0.997	0.001	0.001
0.070	0.001	0.777	0.152
0.076	0.006	0.080	0.838
0.147	0.757	0.065	0.031
0.649	0.013	0.001	0.337
0.089	0.181	0.215	0.515
0.235	0.464	0.112	0.189
>TTTTGAAGTC	13-TTTTGAAGTC	8.948974	-59.865860	0	T:339.0(6.01%),B:1386.9(3.22%),P:1e-25	Tpos:275.2,Tstd:210.4,Bpos:237.3,Bstd:146.6,StrandBias:-0.0,Multiplicity:1.03
0.001	0.001	0.170	0.828
0.146	0.001	0.001	0.852
0.001	0.001	0.001	0.997
0.267	0.001	0.001	0.731
0.001	0.235	0.763	0.001
0.804	0.001	0.001	0.194
0.997	0.001	0.001	0.001
0.129	0.001	0.869	0.001
0.001	0.001	0.242	0.756
0.001	0.474	0.215	0.309
>TAGATCTAAS	14-TAGATCTAAS	5.679266	-59.491897	0	T:616.0(10.93%),B:3034.6(7.04%),P:1e-25	Tpos:284.6,Tstd:236.8,Bpos:243.1,Bstd:145.3,StrandBias:0.0,Multiplicity:1.05
0.238	0.186	0.184	0.392
0.592	0.136	0.115	0.157
0.143	0.241	0.507	0.109
0.494	0.333	0.074	0.099
0.087	0.128	0.284	0.501
0.073	0.680	0.166	0.081
0.029	0.156	0.062	0.753
0.467	0.086	0.264	0.183
0.527	0.247	0.086	0.140
0.220	0.293	0.420	0.067
>CACCAGGTGG	15-CACCAGGTGG	9.867450	-50.839926	0	T:141.0(2.50%),B:418.0(0.97%),P:1e-22	Tpos:272.7,Tstd:196.1,Bpos:244.9,Bstd:139.6,StrandBias:-0.2,Multiplicity:1.06
0.001	0.854	0.121	0.024
0.992	0.001	0.006	0.001
0.003	0.868	0.128	0.001
0.124	0.537	0.001	0.338
0.676	0.001	0.001	0.322
0.001	0.001	0.997	0.001
0.132	0.001	0.866	0.001
0.001	0.123	0.134	0.742
0.001	0.049	0.949	0.001
0.103	0.001	0.658	0.238
>CAGCTAGCTG	16-CAGCTAGCTG	7.826536	-44.578291	0	T:441.0(7.82%),B:2143.7(4.97%),P:1e-19	Tpos:311.1,Tstd:279.0,Bpos:242.6,Bstd:148.4,StrandBias:-0.0,Multiplicity:1.06
0.033	0.881	0.058	0.028
0.666	0.115	0.077	0.142
0.001	0.057	0.940	0.002
0.126	0.737	0.001	0.136
0.031	0.095	0.037	0.837
0.732	0.015	0.082	0.171
0.047	0.068	0.736	0.149
0.082	0.857	0.060	0.001
0.063	0.050	0.125	0.762
0.026	0.030	0.869	0.075
>CGCCAATCAC	17-CGCCAATCAC	6.929311	-42.313969	0	T:422.0(7.49%),B:2055.7(4.77%),P:1e-18	Tpos:292.7,Tstd:231.1,Bpos:242.3,Bstd:146.6,StrandBias:0.0,Multiplicity:1.07
0.093	0.759	0.125	0.023
0.049	0.035	0.868	0.048
0.034	0.739	0.093	0.134
0.105	0.768	0.060	0.067
0.819	0.049	0.057	0.075
0.799	0.104	0.037	0.060
0.062	0.037	0.027	0.874
0.052	0.850	0.030	0.068
0.816	0.063	0.057	0.064
0.130	0.714	0.055	0.101
>KTTTGTTACG	18-KTTTGTTACG	6.923807	-26.113349	0	T:94.0(1.67%),B:324.7(0.75%),P:1e-11	Tpos:311.4,Tstd:231.3,Bpos:245.6,Bstd:160.2,StrandBias:-0.6,Multiplicity:1.00
0.062	0.202	0.302	0.433
0.045	0.041	0.032	0.882
0.093	0.040	0.072	0.795
0.050	0.109	0.113	0.728
0.069	0.146	0.574	0.211
0.243	0.156	0.064	0.537
0.175	0.210	0.199	0.417
0.417	0.208	0.187	0.188
0.111	0.529	0.211	0.149
0.202	0.071	0.549	0.178
>CCGGTTACGG	19-CCGGTTACGG	10.724879	-23.227495	0	T:18.0(0.32%),B:18.5(0.04%),P:1e-10	Tpos:283.9,Tstd:239.5,Bpos:275.2,Bstd:127.8,StrandBias:1.0,Multiplicity:1.00
0.001	0.997	0.001	0.001
0.001	0.997	0.001	0.001
0.001	0.001	0.997	0.001
0.001	0.001	0.695	0.303
0.001	0.001	0.001	0.997
0.001	0.001	0.340	0.658
0.997	0.001	0.001	0.001
0.123	0.875	0.001	0.001
0.213	0.001	0.785	0.001
0.001	0.001	0.997	0.001
>GATAATAMAC	20-GATAATAMAC	8.662564	-22.392172	0	T:153.0(2.71%),B:675.5(1.57%),P:1e-9	Tpos:274.4,Tstd:237.1,Bpos:247.8,Bstd:141.3,StrandBias:0.2,Multiplicity:1.10
0.075	0.001	0.923	0.001
0.726	0.272	0.001	0.001
0.001	0.001	0.001	0.997
0.997	0.001	0.001	0.001
0.756	0.001	0.242	0.001
0.001	0.129	0.211	0.659
0.997	0.001	0.001	0.001
0.458	0.540	0.001	0.001
0.617	0.001	0.001	0.381
0.001	0.997	0.001	0.001
>ACGACACGTG	21-ACGACACGTG	9.008721	-22.272853	0	T:88.0(1.56%),B:318.4(0.74%),P:1e-9	Tpos:378.8,Tstd:287.5,Bpos:241.4,Bstd:151.9,StrandBias:-1.1,Multiplicity:1.48
0.731	0.120	0.148	0.001
0.001	0.910	0.088	0.001
0.362	0.001	0.626	0.011
0.488	0.223	0.288	0.001
0.001	0.914	0.084	0.001
0.849	0.001	0.149	0.001
0.139	0.859	0.001	0.001
0.338	0.001	0.660	0.001
0.001	0.001	0.001	0.997
0.112	0.001	0.747	0.140
>CACTCCTACC	22-CACTCCTACC	10.717611	-18.929262	0	T:25.0(0.44%),B:46.8(0.11%),P:1e-8	Tpos:212.9,Tstd:143.0,Bpos:224.6,Bstd:160.4,StrandBias:0.0,Multiplicity:1.00
0.001	0.997	0.001	0.001
0.997	0.001	0.001	0.001
0.001	0.997	0.001	0.001
0.001	0.001	0.001	0.997
0.001	0.997	0.001	0.001
0.001	0.948	0.050	0.001
0.001	0.001	0.001	0.997
0.997	0.001	0.001	0.001
0.001	0.997	0.001	0.001
0.001	0.882	0.116	0.001
>TGATGTTACC	23-TGATGTTACC	-0.041878	-17.087600	0	T:1527.0(27.09%),B:10336.7(23.99%),P:1e-7	Tpos:288.4,Tstd:236.7,Bpos:241.8,Bstd:143.4,StrandBias:0.0,Multiplicity:1.18
0.001	0.001	0.001	0.997
0.001	0.001	0.997	0.001
0.997	0.001	0.001	0.001
0.001	0.064	0.001	0.934
0.001	0.001	0.997	0.001
0.001	0.001	0.001	0.997
0.001	0.001	0.001	0.997
0.997	0.001	0.001	0.001
0.001	0.997	0.001	0.001
0.001	0.997	0.001	0.001
>AATTGGTAGC	24-AATTGGTAGC	7.525356	-16.470585	0	T:16.0(0.28%),B:22.6(0.05%),P:1e-7	Tpos:250.2,Tstd:199.5,Bpos:276.1,Bstd:110.4,StrandBias:0.0,Multiplicity:1.00
0.565	0.107	0.159	0.169
0.647	0.066	0.166	0.121
0.102	0.097	0.137	0.664
0.071	0.315	0.042	0.572
0.100	0.285	0.509	0.106
0.087	0.158	0.676	0.079
0.103	0.079	0.114	0.704
0.476	0.223	0.144	0.157
0.176	0.115	0.607	0.102
0.110	0.582	0.126	0.182
>TCAGACGAGA	25-TCAGACGAGA	10.296193	-13.519631	0	T:7.0(0.12%),B:4.2(0.01%),P:1e-5	Tpos:358.6,Tstd:342.6,Bpos:303.6,Bstd:143.0,StrandBias:1.3,Multiplicity:1.00
0.100	0.100	0.100	0.700
0.100	0.700	0.100	0.100
0.700	0.100	0.100	0.100
0.100	0.100	0.700	0.100
0.700	0.100	0.100	0.100
0.100	0.700	0.100	0.100
0.100	0.100	0.700	0.100
0.700	0.100	0.100	0.100
0.100	0.100	0.700	0.100
0.700	0.100	0.100	0.100
