>ACATCAAAGV	1-ACATCAAAGV	7.613143	-780.045938	0	T:1444.0(31.30%),B:4493.1(10.14%),P:1e-338	Tpos:265.1,Tstd:177.7,Bpos:230.2,Bstd:143.4,StrandBias:0.0,Multiplicity:1.27
0.694	0.036	0.156	0.114
0.050	0.602	0.294	0.054
0.760	0.001	0.003	0.236
0.084	0.001	0.001	0.914
0.037	0.805	0.131	0.027
0.956	0.001	0.001	0.042
0.902	0.058	0.033	0.007
0.961	0.001	0.037	0.001
0.111	0.095	0.774	0.020
0.378	0.234	0.320	0.068
>TGAGTCATCG	2-TGAGTCATCG	6.819108	-520.987866	0	T:1029.0(22.30%),B:3230.1(7.29%),P:1e-226	Tpos:253.8,Tstd:163.7,Bpos:232.7,Bstd:142.4,StrandBias:0.0,Multiplicity:1.17
0.019	0.023	0.005	0.953
0.023	0.008	0.926	0.043
0.973	0.014	0.007	0.006
0.016	0.261	0.714	0.009
0.020	0.008	0.009	0.963
0.038	0.937	0.017	0.008
0.989	0.009	0.001	0.001
0.014	0.150	0.145	0.691
0.198	0.434	0.131	0.237
0.164	0.184	0.422	0.231
>CACTTCCTGT	3-CACTTCCTGT	8.672931	-313.740191	0	T:974.0(21.11%),B:3991.0(9.01%),P:1e-136	Tpos:263.7,Tstd:181.0,Bpos:239.1,Bstd:141.0,StrandBias:0.1,Multiplicity:1.12
0.140	0.483	0.165	0.213
0.742	0.001	0.256	0.001
0.001	0.610	0.014	0.375
0.069	0.001	0.001	0.929
0.001	0.001	0.001	0.997
0.001	0.997	0.001	0.001
0.001	0.997	0.001	0.001
0.001	0.001	0.010	0.988
0.001	0.234	0.686	0.079
0.001	0.280	0.047	0.672
>CCACATCAAA	4-CCACATCAAA	8.488173	-294.032459	0	T:520.0(11.27%),B:1447.2(3.27%),P:1e-127	Tpos:274.4,Tstd:176.7,Bpos:234.9,Bstd:138.3,StrandBias:-0.3,Multiplicity:1.04
0.001	0.997	0.001	0.001
0.001	0.975	0.022	0.002
0.986	0.001	0.012	0.001
0.001	0.997	0.001	0.001
0.909	0.001	0.025	0.065
0.074	0.001	0.045	0.880
0.058	0.594	0.174	0.174
0.907	0.001	0.001	0.091
0.798	0.028	0.173	0.001
0.648	0.001	0.145	0.206
>CTTTGAAGTK	5-CTTTGAAGTK	6.947078	-273.172812	0	T:1457.0(31.58%),B:7750.6(17.50%),P:1e-118	Tpos:269.1,Tstd:186.6,Bpos:236.9,Bstd:145.3,StrandBias:0.1,Multiplicity:1.21
0.024	0.780	0.036	0.160
0.001	0.048	0.001	0.950
0.001	0.031	0.001	0.967
0.017	0.001	0.001	0.981
0.062	0.106	0.620	0.212
0.826	0.026	0.001	0.147
0.766	0.099	0.106	0.029
0.077	0.193	0.488	0.242
0.178	0.266	0.105	0.451
0.173	0.112	0.402	0.314
>GYGTGGGYGK	6-GYGTGGGYGK	7.652559	-241.628111	0	T:943.0(20.44%),B:4297.3(9.70%),P:1e-104	Tpos:270.7,Tstd:180.3,Bpos:237.0,Bstd:149.3,StrandBias:0.1,Multiplicity:1.15
0.213	0.260	0.526	0.001
0.182	0.401	0.044	0.372
0.001	0.001	0.997	0.001
0.001	0.001	0.001	0.997
0.309	0.001	0.679	0.011
0.093	0.001	0.886	0.020
0.001	0.001	0.997	0.001
0.214	0.386	0.041	0.359
0.090	0.056	0.656	0.198
0.147	0.001	0.483	0.369
>TTATGCAAAT	7-TTATGCAAAT	7.679945	-231.005106	0	T:456.0(9.88%),B:1371.6(3.10%),P:1e-100	Tpos:253.8,Tstd:171.1,Bpos:237.2,Bstd:141.3,StrandBias:0.1,Multiplicity:1.10
0.209	0.133	0.180	0.478
0.035	0.030	0.044	0.891
0.989	0.001	0.001	0.009
0.008	0.021	0.001	0.970
0.001	0.001	0.997	0.001
0.001	0.985	0.001	0.013
0.997	0.001	0.001	0.001
0.997	0.001	0.001	0.001
0.977	0.001	0.003	0.019
0.021	0.016	0.045	0.918
>GGGAAACCCC	8-GGGAAACCCC	8.705010	-186.219397	0	T:469.0(10.16%),B:1656.5(3.74%),P:1e-80	Tpos:248.3,Tstd:164.2,Bpos:233.5,Bstd:135.3,StrandBias:0.1,Multiplicity:1.09
0.006	0.001	0.916	0.077
0.001	0.001	0.997	0.001
0.344	0.010	0.645	0.001
0.748	0.001	0.250	0.001
0.997	0.001	0.001	0.001
0.605	0.022	0.144	0.229
0.217	0.403	0.144	0.237
0.084	0.751	0.001	0.164
0.015	0.983	0.001	0.001
0.001	0.997	0.001	0.001
>KARTGGAAAC	9-KARTGGAAAC	7.683516	-139.559449	0	T:830.0(17.99%),B:4424.1(9.99%),P:1e-60	Tpos:269.1,Tstd:183.9,Bpos:236.1,Bstd:141.5,StrandBias:-0.0,Multiplicity:1.12
0.209	0.198	0.223	0.370
0.656	0.140	0.103	0.101
0.504	0.028	0.436	0.032
0.128	0.047	0.027	0.798
0.076	0.031	0.854	0.039
0.026	0.008	0.963	0.003
0.997	0.001	0.001	0.001
0.997	0.001	0.001	0.001
0.997	0.001	0.001	0.001
0.127	0.726	0.070	0.077
>TGAGTCACTG	10-TGAGTCACTG	7.106262	-124.962965	0	T:1060.0(22.97%),B:6358.9(14.36%),P:1e-54	Tpos:272.5,Tstd:199.4,Bpos:234.7,Bstd:144.5,StrandBias:-0.0,Multiplicity:1.14
0.045	0.001	0.167	0.787
0.001	0.143	0.694	0.162
0.788	0.112	0.001	0.099
0.104	0.001	0.836	0.059
0.017	0.044	0.001	0.938
0.172	0.661	0.112	0.055
0.995	0.001	0.001	0.003
0.064	0.846	0.089	0.001
0.160	0.058	0.001	0.781
0.039	0.089	0.677	0.195
>MYTASTCATH	11-MYTASTCATH	6.353416	-107.979329	0	T:324.0(7.02%),B:1257.3(2.84%),P:1e-46	Tpos:254.3,Tstd:183.9,Bpos:232.1,Bstd:142.5,StrandBias:-0.1,Multiplicity:1.04
0.392	0.354	0.106	0.148
0.192	0.283	0.132	0.393
0.089	0.286	0.189	0.436
0.730	0.110	0.055	0.105
0.098	0.306	0.424	0.173
0.065	0.028	0.090	0.817
0.086	0.834	0.057	0.023
0.619	0.065	0.262	0.054
0.081	0.155	0.305	0.459
0.297	0.315	0.159	0.229
>BTATCAAAGG	12-BTATCAAAGG	7.645544	-86.670518	0	T:657.0(14.24%),B:3755.8(8.48%),P:1e-37	Tpos:248.8,Tstd:180.7,Bpos:233.9,Bstd:145.5,StrandBias:-0.0,Multiplicity:1.04
0.001	0.351	0.363	0.285
0.246	0.001	0.054	0.699
0.553	0.001	0.057	0.389
0.180	0.001	0.029	0.790
0.001	0.801	0.197	0.001
0.983	0.001	0.005	0.011
0.997	0.001	0.001	0.001
0.997	0.001	0.001	0.001
0.001	0.121	0.877	0.001
0.014	0.263	0.642	0.081
>NVTGACGTCA	13-NVTGACGTCA	6.410563	-82.334909	0	T:675.0(14.63%),B:3949.3(8.92%),P:1e-35	Tpos:264.9,Tstd:181.6,Bpos:235.5,Bstd:147.4,StrandBias:-0.1,Multiplicity:1.11
0.220	0.246	0.236	0.297
0.314	0.259	0.393	0.035
0.234	0.001	0.001	0.764
0.077	0.291	0.511	0.121
0.911	0.087	0.001	0.001
0.018	0.669	0.150	0.163
0.209	0.083	0.599	0.109
0.001	0.001	0.156	0.842
0.067	0.488	0.303	0.142
0.620	0.055	0.001	0.324
>MRACAGCTGT	14-MRACAGCTGT	7.254356	-80.508125	0	T:1190.0(25.79%),B:8140.2(18.38%),P:1e-34	Tpos:267.7,Tstd:195.4,Bpos:233.4,Bstd:142.1,StrandBias:-0.2,Multiplicity:1.15
0.570	0.428	0.001	0.001
0.428	0.137	0.307	0.128
0.524	0.069	0.182	0.225
0.001	0.837	0.161	0.001
0.997	0.001	0.001	0.001
0.001	0.250	0.595	0.154
0.220	0.778	0.001	0.001
0.057	0.001	0.001	0.941
0.001	0.192	0.806	0.001
0.261	0.259	0.056	0.425
>CTTTCACTTT	15-CTTTCACTTT	8.769573	-78.693259	0	T:423.0(9.17%),B:2140.6(4.83%),P:1e-34	Tpos:278.0,Tstd:198.8,Bpos:237.6,Bstd:146.1,StrandBias:0.2,Multiplicity:1.05
0.001	0.639	0.271	0.089
0.001	0.001	0.001	0.997
0.001	0.125	0.001	0.873
0.066	0.001	0.100	0.833
0.069	0.871	0.001	0.059
0.741	0.001	0.158	0.100
0.001	0.774	0.001	0.224
0.001	0.001	0.001	0.997
0.122	0.001	0.001	0.876
0.136	0.218	0.001	0.645
>GTTGTGGTTA	16-GTTGTGGTTA	9.541463	-78.040775	0	T:161.0(3.49%),B:496.5(1.12%),P:1e-33	Tpos:275.5,Tstd:171.9,Bpos:228.8,Bstd:138.6,StrandBias:-0.2,Multiplicity:1.00
0.001	0.064	0.751	0.184
0.018	0.078	0.087	0.817
0.001	0.001	0.001	0.997
0.001	0.125	0.873	0.001
0.001	0.001	0.001	0.997
0.001	0.001	0.926	0.072
0.014	0.042	0.910	0.034
0.001	0.001	0.001	0.997
0.001	0.001	0.001	0.997
0.797	0.016	0.001	0.186
>CCCCCCCCCC	17-CCCCCCCCCC	6.404373	-78.019459	0	T:1907.0(41.33%),B:14493.3(32.72%),P:1e-33	Tpos:283.8,Tstd:204.5,Bpos:234.2,Bstd:140.3,StrandBias:0.1,Multiplicity:1.83
0.100	0.700	0.100	0.100
0.100	0.700	0.100	0.100
0.100	0.700	0.100	0.100
0.100	0.700	0.100	0.100
0.100	0.700	0.100	0.100
0.100	0.700	0.100	0.100
0.100	0.700	0.100	0.100
0.100	0.700	0.100	0.100
0.100	0.700	0.100	0.100
0.100	0.700	0.100	0.100
>TTACGWAAGC	18-TTACGWAAGC	6.939525	-70.749522	0	T:668.0(14.48%),B:4060.9(9.17%),P:1e-30	Tpos:284.7,Tstd:206.0,Bpos:237.3,Bstd:145.4,StrandBias:0.0,Multiplicity:1.10
0.205	0.001	0.001	0.793
0.036	0.001	0.198	0.765
0.487	0.081	0.177	0.255
0.001	0.662	0.001	0.336
0.174	0.001	0.824	0.001
0.505	0.124	0.001	0.370
0.856	0.142	0.001	0.001
0.864	0.001	0.061	0.074
0.086	0.001	0.912	0.001
0.165	0.440	0.182	0.213
>GGTTTTTTTT	19-GGTTTTTTTT	6.874468	-53.662913	0	T:1136.0(24.62%),B:8256.5(18.64%),P:1e-23	Tpos:282.5,Tstd:203.3,Bpos:236.8,Bstd:150.3,StrandBias:0.0,Multiplicity:1.23
0.041	0.059	0.850	0.050
0.031	0.076	0.862	0.031
0.044	0.078	0.138	0.740
0.084	0.031	0.061	0.824
0.057	0.057	0.084	0.802
0.016	0.046	0.101	0.837
0.042	0.058	0.113	0.787
0.093	0.079	0.083	0.745
0.095	0.057	0.086	0.762
0.084	0.059	0.061	0.796
>CCATRGCGAC	20-CCATRGCGAC	9.890744	-39.075030	0	T:91.0(1.97%),B:308.0(0.70%),P:1e-16	Tpos:262.0,Tstd:154.9,Bpos:231.8,Bstd:147.0,StrandBias:0.3,Multiplicity:1.18
0.037	0.961	0.001	0.001
0.012	0.576	0.001	0.411
0.558	0.124	0.292	0.026
0.001	0.080	0.096	0.823
0.488	0.096	0.415	0.001
0.015	0.125	0.858	0.002
0.001	0.924	0.001	0.074
0.417	0.001	0.576	0.006
0.893	0.001	0.049	0.057
0.001	0.997	0.001	0.001
>TCAAAACCGC	21-TCAAAACCGC	8.336130	-38.618469	0	T:94.0(2.04%),B:328.0(0.74%),P:1e-16	Tpos:286.5,Tstd:215.2,Bpos:226.9,Bstd:142.8,StrandBias:0.5,Multiplicity:1.01
0.092	0.127	0.142	0.639
0.164	0.575	0.014	0.247
0.636	0.047	0.044	0.273
0.635	0.119	0.213	0.033
0.709	0.103	0.144	0.044
0.941	0.022	0.018	0.019
0.125	0.824	0.038	0.013
0.010	0.692	0.180	0.118
0.222	0.097	0.626	0.055
0.210	0.775	0.003	0.012
>ATTTGAAKGY	22-ATTTGAAKGY	7.720592	-34.485906	0	T:580.0(12.57%),B:4002.1(9.04%),P:1e-14	Tpos:261.3,Tstd:195.8,Bpos:235.4,Bstd:138.7,StrandBias:0.1,Multiplicity:1.09
0.574	0.001	0.155	0.270
0.001	0.001	0.001	0.997
0.272	0.181	0.001	0.546
0.001	0.001	0.001	0.997
0.330	0.001	0.668	0.001
0.997	0.001	0.001	0.001
0.759	0.239	0.001	0.001
0.001	0.163	0.388	0.448
0.001	0.236	0.762	0.001
0.055	0.379	0.171	0.395
>GCTTAGCAAC	23-GCTTAGCAAC	9.664697	-34.459626	0	T:92.0(1.99%),B:339.0(0.77%),P:1e-14	Tpos:281.7,Tstd:181.9,Bpos:221.6,Bstd:148.5,StrandBias:-0.2,Multiplicity:1.00
0.019	0.123	0.800	0.058
0.014	0.921	0.064	0.001
0.027	0.082	0.001	0.890
0.098	0.001	0.001	0.900
0.997	0.001	0.001	0.001
0.021	0.001	0.977	0.001
0.001	0.904	0.058	0.037
0.946	0.015	0.038	0.001
0.979	0.001	0.019	0.001
0.001	0.795	0.203	0.001
>AAGGGCGTGG	24-AAGGGCGTGG	10.296193	-14.174487	0	T:12.0(0.26%),B:18.8(0.04%),P:1e-6	Tpos:200.4,Tstd:111.4,Bpos:231.5,Bstd:118.4,StrandBias:1.0,Multiplicity:1.00
0.700	0.100	0.100	0.100
0.700	0.100	0.100	0.100
0.100	0.100	0.700	0.100
0.100	0.100	0.700	0.100
0.100	0.100	0.700	0.100
0.100	0.700	0.100	0.100
0.100	0.100	0.700	0.100
0.100	0.100	0.100	0.700
0.100	0.100	0.700	0.100
0.100	0.100	0.700	0.100
>CTGGTTAGTG	25-CTGGTTAGTG	11.342312	-5.838240	0	T:10.0(0.22%),B:33.2(0.08%),P:1e-2	Tpos:307.4,Tstd:299.3,Bpos:276.4,Bstd:143.0,StrandBias:1.6,Multiplicity:2.00
0.001	0.997	0.001	0.001
0.001	0.131	0.001	0.867
0.001	0.001	0.997	0.001
0.001	0.001	0.997	0.001
0.001	0.001	0.001	0.997
0.001	0.001	0.001	0.997
0.997	0.001	0.001	0.001
0.001	0.001	0.997	0.001
0.001	0.095	0.001	0.903
0.001	0.001	0.997	0.001
