>CATCAAAG	1-CATCAAAG	6.578035	-574.333038	0	T:1548.0(33.55%),B:6153.3(13.89%),P:1e-249	Tpos:264.3,Tstd:178.3,Bpos:234.3,Bstd:143.1,StrandBias:-0.0,Multiplicity:1.28
0.030	0.690	0.255	0.025
0.722	0.001	0.014	0.263
0.023	0.001	0.001	0.975
0.016	0.917	0.066	0.001
0.997	0.001	0.001	0.001
0.997	0.001	0.001	0.001
0.986	0.001	0.012	0.001
0.025	0.029	0.945	0.001
>ATGAGTCA	2-ATGAGTCA	6.429173	-488.627722	0	T:1085.0(23.52%),B:3700.0(8.35%),P:1e-212	Tpos:254.4,Tstd:166.9,Bpos:231.7,Bstd:144.2,StrandBias:-0.0,Multiplicity:1.18
0.689	0.118	0.146	0.047
0.001	0.002	0.001	0.996
0.001	0.001	0.968	0.030
0.995	0.003	0.001	0.001
0.014	0.290	0.686	0.010
0.001	0.001	0.001	0.997
0.021	0.977	0.001	0.001
0.996	0.001	0.002	0.001
>VTGACTCA	3-VTGACTCA	6.284776	-390.802994	0	T:1606.0(34.81%),B:7825.3(17.67%),P:1e-169	Tpos:277.4,Tstd:204.8,Bpos:235.4,Bstd:143.2,StrandBias:-0.1,Multiplicity:1.15
0.343	0.269	0.242	0.146
0.001	0.125	0.061	0.813
0.001	0.028	0.572	0.399
0.895	0.103	0.001	0.001
0.183	0.426	0.245	0.146
0.001	0.001	0.257	0.741
0.397	0.601	0.001	0.001
0.997	0.001	0.001	0.001
>CYTTTGWW	4-CYTTTGWW	6.922967	-311.823359	0	T:1693.0(36.69%),B:9200.7(20.77%),P:1e-135	Tpos:272.2,Tstd:187.6,Bpos:234.9,Bstd:145.0,StrandBias:-0.1,Multiplicity:1.20
0.001	0.586	0.339	0.074
0.083	0.363	0.184	0.370
0.015	0.001	0.030	0.954
0.001	0.014	0.113	0.872
0.092	0.001	0.001	0.906
0.061	0.039	0.899	0.001
0.461	0.206	0.001	0.333
0.489	0.001	0.050	0.460
>ATTTGCAT	5-ATTTGCAT	8.236954	-211.118396	0	T:313.0(6.78%),B:744.0(1.68%),P:1e-91	Tpos:258.4,Tstd:171.6,Bpos:236.4,Bstd:137.9,StrandBias:0.0,Multiplicity:1.06
0.700	0.100	0.100	0.100
0.100	0.100	0.100	0.700
0.100	0.100	0.100	0.700
0.100	0.100	0.100	0.700
0.100	0.100	0.700	0.100
0.100	0.700	0.100	0.100
0.700	0.100	0.100	0.100
0.100	0.100	0.100	0.700
>CCACCCMC	6-CCACCCMC	6.794426	-199.502300	0	T:1740.0(37.71%),B:10875.4(24.55%),P:1e-86	Tpos:279.7,Tstd:199.4,Bpos:234.8,Bstd:141.3,StrandBias:0.0,Multiplicity:1.50
0.342	0.620	0.001	0.037
0.065	0.767	0.001	0.167
0.559	0.001	0.301	0.139
0.001	0.997	0.001	0.001
0.001	0.925	0.073	0.001
0.001	0.858	0.036	0.105
0.571	0.427	0.001	0.001
0.061	0.827	0.003	0.109
>ACAGGAAG	7-ACAGGAAG	7.437749	-197.968805	0	T:1550.0(33.59%),B:9325.0(21.05%),P:1e-85	Tpos:268.6,Tstd:192.4,Bpos:237.6,Bstd:141.3,StrandBias:-0.0,Multiplicity:1.25
0.867	0.001	0.131	0.001
0.001	0.890	0.108	0.001
0.997	0.001	0.001	0.001
0.001	0.001	0.997	0.001
0.001	0.001	0.997	0.001
0.997	0.001	0.001	0.001
0.893	0.001	0.001	0.105
0.252	0.001	0.746	0.001
>AAACCRCA	8-AAACCRCA	6.537145	-181.108392	0	T:1108.0(24.01%),B:6047.9(13.65%),P:1e-78	Tpos:276.9,Tstd:210.6,Bpos:237.2,Bstd:144.1,StrandBias:-0.1,Multiplicity:1.16
0.699	0.001	0.036	0.264
0.746	0.001	0.101	0.152
0.862	0.118	0.001	0.019
0.001	0.997	0.001	0.001
0.001	0.864	0.103	0.032
0.379	0.100	0.520	0.001
0.097	0.861	0.001	0.041
0.609	0.001	0.250	0.140
>CCACATCA	9-CCACATCA	6.837506	-156.872877	0	T:638.0(13.83%),B:2909.5(6.57%),P:1e-68	Tpos:263.0,Tstd:181.0,Bpos:231.8,Bstd:142.5,StrandBias:-0.1,Multiplicity:1.07
0.001	0.997	0.001	0.001
0.001	0.997	0.001	0.001
0.997	0.001	0.001	0.001
0.001	0.997	0.001	0.001
0.927	0.001	0.071	0.001
0.132	0.001	0.001	0.866
0.001	0.880	0.118	0.001
0.997	0.001	0.001	0.001
>CCTTTTAA	10-CCTTTTAA	7.120885	-140.151138	0	T:1402.0(30.39%),B:8904.1(20.10%),P:1e-60	Tpos:275.0,Tstd:205.8,Bpos:235.7,Bstd:144.1,StrandBias:-0.0,Multiplicity:1.19
0.001	0.583	0.288	0.128
0.001	0.997	0.001	0.001
0.001	0.001	0.001	0.997
0.001	0.001	0.001	0.997
0.001	0.001	0.001	0.997
0.001	0.384	0.001	0.614
0.997	0.001	0.001	0.001
0.608	0.001	0.001	0.390
>TATGCAAA	11-TATGCAAA	9.702831	-138.506211	0	T:456.0(9.88%),B:1866.7(4.21%),P:1e-60	Tpos:247.0,Tstd:170.2,Bpos:241.7,Bstd:140.2,StrandBias:0.2,Multiplicity:1.08
0.001	0.001	0.001	0.997
0.997	0.001	0.001	0.001
0.001	0.001	0.001	0.997
0.001	0.001	0.997	0.001
0.001	0.476	0.255	0.268
0.997	0.001	0.001	0.001
0.997	0.001	0.001	0.001
0.997	0.001	0.001	0.001
>GATCWAAC	12-GATCWAAC	7.620941	-135.079007	0	T:661.0(14.33%),B:3256.5(7.35%),P:1e-58	Tpos:260.6,Tstd:204.8,Bpos:232.0,Bstd:137.9,StrandBias:0.1,Multiplicity:1.09
0.001	0.001	0.997	0.001
0.997	0.001	0.001	0.001
0.001	0.001	0.001	0.997
0.001	0.997	0.001	0.001
0.531	0.001	0.001	0.467
0.716	0.001	0.282	0.001
0.997	0.001	0.001	0.001
0.001	0.758	0.240	0.001
>AACGGAAA	13-AACGGAAA	4.075740	-123.572522	0	T:955.0(20.70%),B:5556.9(12.55%),P:1e-53	Tpos:270.9,Tstd:197.5,Bpos:234.1,Bstd:143.3,StrandBias:0.1,Multiplicity:1.15
0.997	0.001	0.001	0.001
0.685	0.001	0.313	0.001
0.001	0.915	0.019	0.065
0.001	0.001	0.997	0.001
0.001	0.001	0.997	0.001
0.997	0.001	0.001	0.001
0.997	0.001	0.001	0.001
0.997	0.001	0.001	0.001
>TGTTTCCT	14-TGTTTCCT	7.794142	-90.084605	0	T:924.0(20.03%),B:5785.5(13.06%),P:1e-39	Tpos:275.5,Tstd:197.3,Bpos:233.0,Bstd:143.7,StrandBias:0.3,Multiplicity:1.10
0.001	0.090	0.001	0.908
0.001	0.001	0.997	0.001
0.001	0.001	0.072	0.926
0.001	0.001	0.001	0.997
0.001	0.001	0.001	0.997
0.103	0.895	0.001	0.001
0.165	0.761	0.073	0.001
0.159	0.001	0.001	0.839
>TTACGTCA	15-TTACGTCA	6.662293	-82.172690	0	T:610.0(13.22%),B:3459.2(7.81%),P:1e-35	Tpos:264.0,Tstd:197.6,Bpos:236.1,Bstd:147.5,StrandBias:0.0,Multiplicity:1.14
0.143	0.144	0.001	0.712
0.259	0.114	0.217	0.410
0.621	0.001	0.210	0.168
0.001	0.997	0.001	0.001
0.316	0.041	0.642	0.001
0.001	0.001	0.001	0.997
0.083	0.747	0.169	0.001
0.737	0.001	0.001	0.261
>TGTCAGCK	16-TGTCAGCK	3.697321	-78.029879	0	T:1411.0(30.58%),B:10082.6(22.76%),P:1e-33	Tpos:266.6,Tstd:194.6,Bpos:236.2,Bstd:143.6,StrandBias:-0.1,Multiplicity:1.23
0.113	0.001	0.001	0.885
0.001	0.001	0.997	0.001
0.117	0.001	0.001	0.881
0.001	0.997	0.001	0.001
0.997	0.001	0.001	0.001
0.001	0.001	0.799	0.199
0.001	0.997	0.001	0.001
0.001	0.001	0.452	0.546
>CACGTGAC	17-CACGTGAC	6.685064	-69.226441	0	T:772.0(16.73%),B:4905.4(11.08%),P:1e-30	Tpos:268.5,Tstd:187.8,Bpos:232.3,Bstd:147.7,StrandBias:0.2,Multiplicity:1.10
0.061	0.937	0.001	0.001
0.938	0.001	0.015	0.046
0.001	0.807	0.082	0.110
0.001	0.043	0.955	0.001
0.001	0.001	0.001	0.997
0.028	0.056	0.915	0.001
0.947	0.001	0.001	0.051
0.029	0.682	0.127	0.162
>AAACAGCT	18-AAACAGCT	6.707209	-63.874377	0	T:1457.0(31.58%),B:10809.3(24.40%),P:1e-27	Tpos:271.8,Tstd:198.6,Bpos:233.4,Bstd:144.9,StrandBias:-0.1,Multiplicity:1.24
0.800	0.092	0.031	0.077
0.997	0.001	0.001	0.001
0.890	0.037	0.043	0.030
0.027	0.909	0.063	0.001
0.895	0.001	0.012	0.092
0.060	0.050	0.846	0.044
0.001	0.936	0.028	0.035
0.001	0.168	0.021	0.810
>CACTTCAA	19-CACTTCAA	8.236954	-60.012665	0	T:159.0(3.45%),B:576.5(1.30%),P:1e-26	Tpos:289.0,Tstd:166.3,Bpos:241.2,Bstd:147.9,StrandBias:0.0,Multiplicity:1.02
0.100	0.700	0.100	0.100
0.700	0.100	0.100	0.100
0.100	0.700	0.100	0.100
0.100	0.100	0.100	0.700
0.100	0.100	0.100	0.700
0.100	0.700	0.100	0.100
0.700	0.100	0.100	0.100
0.700	0.100	0.100	0.100
>CCTACGCA	20-CCTACGCA	3.981850	-59.143895	0	T:279.0(6.05%),B:1339.6(3.02%),P:1e-25	Tpos:279.7,Tstd:202.6,Bpos:232.1,Bstd:152.8,StrandBias:0.2,Multiplicity:1.06
0.001	0.997	0.001	0.001
0.001	0.997	0.001	0.001
0.001	0.165	0.001	0.833
0.997	0.001	0.001	0.001
0.001	0.997	0.001	0.001
0.001	0.001	0.997	0.001
0.001	0.997	0.001	0.001
0.883	0.001	0.001	0.115
>GGGGATTT	21-GGGGATTT	8.482779	-53.581982	0	T:374.0(8.11%),B:2069.1(4.67%),P:1e-23	Tpos:261.4,Tstd:184.3,Bpos:237.5,Bstd:137.9,StrandBias:-0.0,Multiplicity:1.07
0.001	0.001	0.997	0.001
0.001	0.001	0.997	0.001
0.001	0.001	0.997	0.001
0.001	0.001	0.997	0.001
0.786	0.212	0.001	0.001
0.260	0.001	0.001	0.738
0.001	0.001	0.001	0.997
0.001	0.129	0.001	0.869
>GGCGGGGC	22-GGCGGGGC	8.415849	-38.497194	0	T:433.0(9.38%),B:2737.5(6.18%),P:1e-16	Tpos:290.2,Tstd:204.3,Bpos:231.1,Bstd:157.3,StrandBias:-0.1,Multiplicity:1.36
0.001	0.001	0.997	0.001
0.001	0.001	0.997	0.001
0.001	0.997	0.001	0.001
0.001	0.001	0.997	0.001
0.172	0.001	0.695	0.132
0.001	0.001	0.997	0.001
0.001	0.001	0.997	0.001
0.001	0.897	0.001	0.101
>GCTAAGCA	23-GCTAAGCA	7.091134	-32.349497	0	T:440.0(9.54%),B:2905.6(6.56%),P:1e-14	Tpos:267.6,Tstd:190.0,Bpos:234.3,Bstd:144.9,StrandBias:-0.0,Multiplicity:1.07
0.001	0.001	0.997	0.001
0.001	0.997	0.001	0.001
0.001	0.067	0.001	0.931
0.997	0.001	0.001	0.001
0.997	0.001	0.001	0.001
0.001	0.001	0.581	0.417
0.001	0.666	0.001	0.332
0.997	0.001	0.001	0.001
>ACTTTCAC	24-ACTTTCAC	9.920469	-22.853390	0	T:187.0(4.05%),B:1093.8(2.47%),P:1e-9	Tpos:275.4,Tstd:193.7,Bpos:231.4,Bstd:148.1,StrandBias:0.4,Multiplicity:1.07
0.997	0.001	0.001	0.001
0.001	0.681	0.317	0.001
0.001	0.001	0.001	0.997
0.001	0.001	0.001	0.997
0.001	0.001	0.001	0.997
0.001	0.997	0.001	0.001
0.997	0.001	0.001	0.001
0.001	0.997	0.001	0.001
>AAAAAAAA	25-AAAAAAAA	10.644368	-12.316166	0	T:500.0(10.84%),B:3946.6(8.91%),P:1e-5	Tpos:289.9,Tstd:228.6,Bpos:239.9,Bstd:159.4,StrandBias:0.0,Multiplicity:1.11
0.861	0.001	0.137	0.001
0.888	0.001	0.110	0.001
0.997	0.001	0.001	0.001
0.997	0.001	0.001	0.001
0.997	0.001	0.001	0.001
0.997	0.001	0.001	0.001
0.997	0.001	0.001	0.001
0.850	0.148	0.001	0.001
