>NWWMGACACGTGM	Hes2+M0199	6.614484126613078
0.214	0.214	0.214	0.357
0.341	0.197	0.197	0.264
0.341	0.197	0.197	0.264
0.245	0.333	0.245	0.177
0.083	0.152	0.682	0.083
0.603	0.000	0.397	0.000
0.282	0.718	0.000	0.000
0.930	0.000	0.070	0.000
0.174	0.754	0.036	0.036
0.123	0.053	0.771	0.053
0.053	0.053	0.053	0.841
0.143	0.073	0.711	0.073
0.238	0.428	0.167	0.167
