>MTGAACTTYYYTGACCYY	Nr1i3+M6387	10.818854382738314
0.317	0.358	0.142	0.183
0.076	0.141	0.072	0.711
0.221	0.072	0.707	0.000
0.719	0.000	0.106	0.175
0.722	0.213	0.065	0.000
0.000	0.962	0.000	0.038
0.000	0.095	0.000	0.905
0.034	0.312	0.072	0.582
0.137	0.266	0.198	0.399
0.163	0.388	0.194	0.255
0.160	0.357	0.163	0.319
0.000	0.000	0.072	0.928
0.110	0.068	0.821	0.000
0.966	0.034	0.000	0.000
0.133	0.726	0.141	0.000
0.072	0.749	0.000	0.179
0.000	0.468	0.076	0.456
0.183	0.494	0.000	0.323
