>TGACCTTTSBCCTR	Ppard+M6432	9.089855986785857
0.059	0.196	0.009	0.736
0.118	0.062	0.727	0.093
0.745	0.062	0.043	0.149
0.056	0.882	0.000	0.062
0.037	0.963	0.000	0.000
0.056	0.062	0.000	0.882
0.056	0.168	0.217	0.559
0.056	0.000	0.180	0.764
0.211	0.242	0.373	0.174
0.174	0.242	0.242	0.342
0.112	0.770	0.062	0.056
0.000	0.938	0.062	0.000
0.062	0.205	0.000	0.733
0.469	0.084	0.363	0.084
