>WRACCGCAAACCGCAR	RUNX3+M5791	11.395955180194532
0.346	0.180	0.101	0.373
0.499	0.111	0.277	0.112
0.814	0.080	0.092	0.014
0.011	0.968	0.014	0.008
0.010	0.961	0.020	0.009
0.180	0.015	0.790	0.015
0.014	0.947	0.020	0.019
0.879	0.024	0.027	0.069
0.754	0.023	0.196	0.026
0.844	0.058	0.077	0.020
0.044	0.908	0.030	0.019
0.027	0.921	0.027	0.025
0.289	0.049	0.639	0.024
0.039	0.891	0.033	0.037
0.701	0.087	0.148	0.064
0.436	0.133	0.279	0.152
