>RRAAAGAGGAAGTGR	Sfpi1+M1907	10.030473616625583
0.392	0.164	0.276	0.168
0.425	0.124	0.346	0.106
0.612	0.052	0.216	0.120
0.663	0.049	0.189	0.099
0.607	0.008	0.180	0.204
0.197	0.127	0.675	0.000
0.712	0.050	0.230	0.007
0.075	0.000	0.925	0.000
0.000	0.000	1.000	0.000
0.999	0.000	0.001	0.000
1.000	0.000	0.000	0.000
0.054	0.159	0.787	0.000
0.129	0.051	0.053	0.767
0.061	0.189	0.714	0.036
0.344	0.189	0.330	0.138
