>KRCATGTCYRGACATGTM	Trp73+M6106	11.178268117215753
0.188	0.044	0.431	0.337
0.463	0.012	0.459	0.066
0.003	0.983	0.013	0.001
0.572	0.009	0.402	0.017
0.179	0.022	0.011	0.788
0.000	0.000	1.000	0.000
0.038	0.121	0.012	0.828
0.076	0.589	0.033	0.301
0.206	0.298	0.203	0.293
0.366	0.193	0.254	0.187
0.210	0.060	0.624	0.105
0.809	0.006	0.176	0.009
0.000	0.997	0.002	0.001
0.699	0.049	0.018	0.234
0.021	0.058	0.013	0.909
0.000	0.000	1.000	0.000
0.020	0.326	0.042	0.612
0.321	0.338	0.027	0.314
