>TTTCGCYTGGCMSGTCA	Zbtb49+M5959	12.556017266215752
0.000	0.052	0.000	0.948
0.000	0.000	0.000	1.000
0.088	0.257	0.106	0.550
0.001	0.725	0.004	0.270
0.012	0.006	0.968	0.014
0.000	1.000	0.000	0.000
0.004	0.493	0.128	0.375
0.013	0.005	0.060	0.922
0.015	0.001	0.980	0.004
0.216	0.040	0.685	0.060
0.069	0.837	0.041	0.052
0.452	0.323	0.223	0.003
0.000	0.423	0.408	0.168
0.002	0.000	0.998	0.000
0.000	0.040	0.002	0.958
0.000	1.000	0.000	0.000
0.786	0.001	0.074	0.139
