>STCGTGTTRTGGGAAAG	Zfp282+M5970	12.422095713277873
0.176	0.334	0.338	0.152
0.143	0.200	0.133	0.523
0.293	0.675	0.000	0.032
0.009	0.009	0.977	0.005
0.024	0.007	0.149	0.820
0.014	0.018	0.959	0.009
0.007	0.000	0.000	0.993
0.171	0.104	0.008	0.717
0.463	0.007	0.485	0.044
0.081	0.000	0.381	0.538
0.010	0.014	0.976	0.000
0.005	0.000	0.995	0.000
0.000	0.009	0.991	0.000
0.979	0.008	0.005	0.008
0.942	0.019	0.000	0.039
0.849	0.016	0.047	0.088
0.144	0.160	0.628	0.067
