>KCRCMGCGGGGGGTC	Zic4+M5965	9.803207471447227
0.255	0.101	0.341	0.302
0.186	0.729	0.073	0.012
0.383	0.158	0.275	0.185
0.012	0.937	0.003	0.048
0.477	0.260	0.118	0.144
0.285	0.071	0.638	0.007
0.011	0.796	0.011	0.182
0.324	0.002	0.667	0.007
0.004	0.000	0.960	0.037
0.000	0.000	0.997	0.003
0.071	0.058	0.712	0.159
0.044	0.036	0.858	0.062
0.029	0.016	0.861	0.094
0.004	0.288	0.150	0.558
0.251	0.548	0.124	0.077
