Factor1: 1.1534164673249712
Factor2: 0.8669895292194172
