Factor1: 0.950361946335618
Factor2: 1.052230683115814
