Factor1: 0.9809673960221761
Factor2: 1.0194018721264366
