Factor1: 0.991055996623121
Factor2: 1.009024720507573
