Factor1: 1.0606152990418998
Factor2: 0.9428489301477576
