Factor1: 1.0372905218874726
Factor2: 0.9640500697725279
