Factor1: 1.0029657402636267
Factor2: 0.9970430293433065
