>GTCTTSYYAC	1-GTCTTSYYAC	8.686598	-24.954667	0	T:117.0(2.29%),B:518.6(1.16%),P:1e-10	Tpos:179.3,Tstd:141.1,Bpos:141.3,Bstd:76.9,StrandBias:0.3,Multiplicity:1.01
0.001	0.001	0.997	0.001
0.001	0.038	0.344	0.617
0.001	0.860	0.001	0.138
0.021	0.107	0.001	0.871
0.021	0.203	0.001	0.775
0.001	0.513	0.485	0.001
0.001	0.494	0.093	0.412
0.016	0.555	0.004	0.425
0.832	0.001	0.166	0.001
0.107	0.891	0.001	0.001
>TGTCAAAACT	2-TGTCAAAACT	7.739111	-24.689705	0	T:132.0(2.58%),B:614.7(1.37%),P:1e-10	Tpos:181.8,Tstd:147.6,Bpos:132.9,Bstd:75.0,StrandBias:0.3,Multiplicity:1.02
0.207	0.067	0.189	0.537
0.005	0.268	0.468	0.259
0.303	0.001	0.030	0.666
0.001	0.979	0.019	0.001
0.567	0.339	0.005	0.089
0.506	0.270	0.001	0.223
0.460	0.206	0.248	0.085
0.588	0.097	0.001	0.314
0.001	0.978	0.020	0.001
0.264	0.183	0.001	0.552
>CCTGCDTTCT	3-CCTGCDTTCT	8.094419	-22.587707	0	T:219.0(4.28%),B:1222.6(2.72%),P:1e-9	Tpos:193.0,Tstd:191.0,Bpos:137.1,Bstd:75.4,StrandBias:0.3,Multiplicity:1.02
0.001	0.777	0.221	0.001
0.092	0.448	0.275	0.185
0.152	0.001	0.001	0.846
0.227	0.001	0.771	0.001
0.241	0.498	0.167	0.094
0.270	0.042	0.369	0.319
0.031	0.142	0.001	0.826
0.001	0.263	0.081	0.655
0.146	0.840	0.013	0.001
0.001	0.050	0.001	0.948
>TTAATCACTG	4-TTAATCACTG	6.125116	-22.285229	0	T:406.0(7.93%),B:2593.2(5.78%),P:1e-9	Tpos:184.0,Tstd:170.6,Bpos:135.1,Bstd:75.7,StrandBias:-0.0,Multiplicity:1.05
0.165	0.107	0.108	0.620
0.110	0.122	0.083	0.685
0.577	0.112	0.150	0.161
0.594	0.091	0.165	0.150
0.207	0.077	0.171	0.545
0.170	0.532	0.155	0.143
0.604	0.105	0.105	0.186
0.088	0.648	0.114	0.150
0.102	0.145	0.176	0.577
0.155	0.106	0.590	0.149
>WAKGTTTTGG	5-WAKGTTTTGG	7.017706	-22.149246	0	T:115.0(2.25%),B:531.8(1.18%),P:1e-9	Tpos:173.7,Tstd:148.2,Bpos:139.6,Bstd:74.5,StrandBias:0.3,Multiplicity:1.04
0.399	0.034	0.065	0.502
0.482	0.244	0.232	0.041
0.212	0.029	0.420	0.339
0.302	0.180	0.466	0.051
0.035	0.230	0.265	0.470
0.045	0.070	0.052	0.833
0.130	0.266	0.129	0.475
0.141	0.041	0.067	0.751
0.034	0.049	0.614	0.303
0.349	0.027	0.576	0.048
>TGCGTGCAGC	6-TGCGTGCAGC	8.755576	-21.376631	0	T:29.0(0.57%),B:62.7(0.14%),P:1e-9	Tpos:178.2,Tstd:166.9,Bpos:129.9,Bstd:75.8,StrandBias:0.3,Multiplicity:1.00
0.066	0.001	0.086	0.847
0.196	0.051	0.631	0.122
0.093	0.728	0.155	0.024
0.076	0.111	0.748	0.065
0.001	0.066	0.168	0.765
0.122	0.001	0.799	0.078
0.028	0.659	0.235	0.078
0.894	0.028	0.001	0.077
0.001	0.039	0.667	0.293
0.218	0.567	0.176	0.039
>GGTAGTCTTA	7-GGTAGTCTTA	11.770286	-20.135253	0	T:14.0(0.27%),B:14.9(0.03%),P:1e-8	Tpos:198.2,Tstd:196.9,Bpos:131.4,Bstd:71.3,StrandBias:0.8,Multiplicity:1.00
0.001	0.156	0.842	0.001
0.001	0.001	0.997	0.001
0.001	0.001	0.001	0.997
0.997	0.001	0.001	0.001
0.001	0.001	0.997	0.001
0.188	0.001	0.001	0.810
0.001	0.997	0.001	0.001
0.001	0.001	0.001	0.997
0.001	0.001	0.001	0.997
0.997	0.001	0.001	0.001
>AGGATTCTTT	8-AGGATTCTTT	7.425009	-19.290390	0	T:383.0(7.48%),B:2486.5(5.54%),P:1e-8	Tpos:192.9,Tstd:179.7,Bpos:136.5,Bstd:75.1,StrandBias:-0.1,Multiplicity:1.07
0.802	0.051	0.103	0.044
0.085	0.079	0.732	0.104
0.132	0.058	0.749	0.061
0.858	0.069	0.031	0.042
0.079	0.041	0.069	0.811
0.043	0.054	0.036	0.867
0.095	0.755	0.052	0.098
0.083	0.078	0.053	0.786
0.037	0.050	0.089	0.824
0.058	0.046	0.074	0.822
>TATCACCCAA	9-TATCACCCAA	9.589381	-18.389143	0	T:60.0(1.17%),B:230.5(0.51%),P:1e-7	Tpos:212.7,Tstd:186.1,Bpos:128.2,Bstd:74.5,StrandBias:0.7,Multiplicity:1.08
0.169	0.208	0.071	0.552
0.997	0.001	0.001	0.001
0.001	0.001	0.001	0.997
0.001	0.997	0.001	0.001
0.997	0.001	0.001	0.001
0.001	0.997	0.001	0.001
0.001	0.997	0.001	0.001
0.001	0.997	0.001	0.001
0.997	0.001	0.001	0.001
0.660	0.138	0.201	0.001
>TAGCTATACA	10-TAGCTATACA	6.911561	-17.141126	0	T:459.0(8.96%),B:3125.2(6.96%),P:1e-7	Tpos:207.5,Tstd:215.1,Bpos:136.2,Bstd:75.5,StrandBias:0.1,Multiplicity:1.09
0.057	0.085	0.037	0.821
0.768	0.062	0.074	0.096
0.085	0.072	0.781	0.062
0.082	0.752	0.099	0.067
0.076	0.045	0.063	0.816
0.743	0.101	0.061	0.095
0.075	0.058	0.028	0.839
0.790	0.062	0.076	0.072
0.076	0.823	0.050	0.051
0.871	0.050	0.024	0.055
>CAGATGAGCC	11-CAGATGAGCC	10.296193	-12.914436	0	T:13.0(0.25%),B:22.7(0.05%),P:1e-5	Tpos:154.1,Tstd:120.7,Bpos:113.6,Bstd:75.1,StrandBias:-0.2,Multiplicity:1.00
0.100	0.700	0.100	0.100
0.700	0.100	0.100	0.100
0.100	0.100	0.700	0.100
0.700	0.100	0.100	0.100
0.100	0.100	0.100	0.700
0.100	0.100	0.700	0.100
0.700	0.100	0.100	0.100
0.100	0.100	0.700	0.100
0.100	0.700	0.100	0.100
0.100	0.700	0.100	0.100
>CTCGTGTTCC	12-CTCGTGTTCC	10.296193	-12.367224	0	T:5.0(0.10%),B:2.9(0.01%),P:1e-5	Tpos:134.6,Tstd:40.7,Bpos:129.3,Bstd:67.5,StrandBias:2.0,Multiplicity:1.00
0.100	0.700	0.100	0.100
0.100	0.100	0.100	0.700
0.100	0.700	0.100	0.100
0.100	0.100	0.700	0.100
0.100	0.100	0.100	0.700
0.100	0.100	0.700	0.100
0.100	0.100	0.100	0.700
0.100	0.100	0.100	0.700
0.100	0.700	0.100	0.100
0.100	0.700	0.100	0.100
>ACGGTTGCTT	13-ACGGTTGCTT	10.296193	-12.367224	0	T:5.0(0.10%),B:2.9(0.01%),P:1e-5	Tpos:106.6,Tstd:27.4,Bpos:148.9,Bstd:77.6,StrandBias:-0.6,Multiplicity:1.00
0.700	0.100	0.100	0.100
0.100	0.700	0.100	0.100
0.100	0.100	0.700	0.100
0.100	0.100	0.700	0.100
0.100	0.100	0.100	0.700
0.100	0.100	0.100	0.700
0.100	0.100	0.700	0.100
0.100	0.700	0.100	0.100
0.100	0.100	0.100	0.700
0.100	0.100	0.100	0.700
>CGATCAGTGC	14-CGATCAGTGC	12.269474	-8.390061	0	T:3.0(0.06%),B:2.0(0.00%),P:1e-3	Tpos:116.3,Tstd:81.3,Bpos:60.5,Bstd:2.5,StrandBias:10.0,Multiplicity:1.00
0.139	0.859	0.001	0.001
0.001	0.001	0.997	0.001
0.997	0.001	0.001	0.001
0.001	0.001	0.001	0.997
0.001	0.997	0.001	0.001
0.585	0.413	0.001	0.001
0.001	0.001	0.997	0.001
0.001	0.413	0.001	0.585
0.001	0.001	0.997	0.001
0.001	0.997	0.001	0.001
>CTATCTACCA	15-CTATCTACCA	10.296193	-4.506455	0	T:6.0(0.12%),B:16.1(0.04%),P:1e-1	Tpos:114.0,Tstd:56.0,Bpos:123.1,Bstd:68.1,StrandBias:2.3,Multiplicity:2.00
0.100	0.700	0.100	0.100
0.100	0.100	0.100	0.700
0.700	0.100	0.100	0.100
0.100	0.100	0.100	0.700
0.100	0.700	0.100	0.100
0.100	0.100	0.100	0.700
0.700	0.100	0.100	0.100
0.100	0.700	0.100	0.100
0.100	0.700	0.100	0.100
0.700	0.100	0.100	0.100
>ATGTGATGGA	16-ATGTGATGGA	11.715638	-2.319117	0	T:7.0(0.14%),B:34.6(0.08%),P:1e-1	Tpos:164.5,Tstd:101.6,Bpos:146.9,Bstd:76.5,StrandBias:-2.7,Multiplicity:3.14
0.997	0.001	0.001	0.001
0.001	0.001	0.001	0.997
0.001	0.001	0.997	0.001
0.001	0.001	0.001	0.997
0.001	0.001	0.997	0.001
0.997	0.001	0.001	0.001
0.001	0.001	0.001	0.997
0.001	0.120	0.878	0.001
0.001	0.001	0.997	0.001
0.997	0.001	0.001	0.001
>TGGTGTACAC	17-TGGTGTACAC	10.296193	-1.294314	0	T:2.0(0.04%),B:9.7(0.02%),P:1e0	Tpos:130.1,Tstd:74.0,Bpos:98.6,Bstd:61.4,StrandBias:10.0,Multiplicity:4.50
0.100	0.100	0.100	0.700
0.100	0.100	0.700	0.100
0.100	0.100	0.700	0.100
0.100	0.100	0.100	0.700
0.100	0.100	0.700	0.100
0.100	0.100	0.100	0.700
0.700	0.100	0.100	0.100
0.100	0.700	0.100	0.100
0.700	0.100	0.100	0.100
0.100	0.700	0.100	0.100
