>ACAGGAARTG	1-ACAGGAARTG	7.371839	-546.253749	0	T:1718.0(37.36%),B:7444.0(17.00%),P:1e-237	Tpos:303.2,Tstd:235.2,Bpos:244.8,Bstd:149.3,StrandBias:0.1,Multiplicity:1.31
0.475	0.134	0.283	0.108
0.121	0.635	0.243	0.001
0.575	0.336	0.088	0.001
0.049	0.001	0.949	0.001
0.017	0.001	0.981	0.001
0.997	0.001	0.001	0.001
0.732	0.028	0.002	0.238
0.401	0.065	0.533	0.001
0.058	0.327	0.061	0.554
0.240	0.168	0.408	0.185
>NAAACCACAD	2-NAAACCACAD	7.233008	-216.548829	0	T:1253.0(27.25%),B:6716.3(15.34%),P:1e-94	Tpos:290.7,Tstd:226.6,Bpos:243.6,Bstd:147.1,StrandBias:0.0,Multiplicity:1.23
0.231	0.311	0.256	0.202
0.558	0.195	0.100	0.147
0.961	0.001	0.037	0.001
0.634	0.194	0.171	0.001
0.001	0.997	0.001	0.001
0.001	0.992	0.001	0.006
0.680	0.037	0.201	0.082
0.036	0.962	0.001	0.001
0.643	0.180	0.001	0.176
0.341	0.164	0.302	0.194
>GCCCCGCCCY	3-GCCCCGCCCY	7.290628	-183.477118	0	T:1377.0(29.94%),B:8049.8(18.38%),P:1e-79	Tpos:340.5,Tstd:269.5,Bpos:246.5,Bstd:155.1,StrandBias:0.0,Multiplicity:1.67
0.127	0.001	0.849	0.023
0.001	0.861	0.001	0.137
0.001	0.601	0.001	0.397
0.051	0.947	0.001	0.001
0.001	0.997	0.001	0.001
0.221	0.001	0.723	0.055
0.001	0.997	0.001	0.001
0.001	0.997	0.001	0.001
0.001	0.855	0.001	0.143
0.237	0.412	0.001	0.349
>CGGTTTCCTC	4-CGGTTTCCTC	7.079941	-122.393200	0	T:993.0(21.59%),B:5821.8(13.29%),P:1e-53	Tpos:327.1,Tstd:264.5,Bpos:244.9,Bstd:150.3,StrandBias:-0.2,Multiplicity:1.13
0.100	0.418	0.259	0.223
0.212	0.014	0.706	0.068
0.122	0.017	0.792	0.069
0.042	0.037	0.001	0.920
0.073	0.116	0.006	0.805
0.092	0.001	0.071	0.836
0.078	0.739	0.182	0.001
0.001	0.997	0.001	0.001
0.012	0.014	0.323	0.651
0.001	0.503	0.305	0.191
>CCACATCCKC	5-CCACATCCKC	8.638133	-109.758018	0	T:176.0(3.83%),B:443.6(1.01%),P:1e-47	Tpos:292.5,Tstd:227.7,Bpos:246.6,Bstd:139.4,StrandBias:-0.4,Multiplicity:1.14
0.001	0.997	0.001	0.001
0.001	0.612	0.001	0.386
0.997	0.001	0.001	0.001
0.001	0.997	0.001	0.001
0.997	0.001	0.001	0.001
0.001	0.001	0.001	0.997
0.001	0.997	0.001	0.001
0.001	0.997	0.001	0.001
0.001	0.001	0.449	0.549
0.001	0.942	0.020	0.037
>GVTGACTCAS	6-GVTGACTCAS	4.313030	-94.232479	0	T:470.0(10.22%),B:2296.9(5.24%),P:1e-40	Tpos:282.8,Tstd:242.5,Bpos:245.7,Bstd:141.7,StrandBias:0.0,Multiplicity:1.11
0.203	0.111	0.464	0.221
0.396	0.304	0.299	0.001
0.001	0.001	0.001	0.997
0.001	0.001	0.997	0.001
0.997	0.001	0.001	0.001
0.001	0.620	0.378	0.001
0.001	0.001	0.001	0.997
0.001	0.997	0.001	0.001
0.997	0.001	0.001	0.001
0.001	0.514	0.414	0.071
>SYGATTGGYD	7-SYGATTGGYD	6.734094	-85.709029	0	T:381.0(8.28%),B:1772.4(4.05%),P:1e-37	Tpos:297.6,Tstd:221.1,Bpos:245.7,Bstd:157.8,StrandBias:0.0,Multiplicity:1.21
0.013	0.428	0.288	0.272
0.152	0.370	0.167	0.311
0.026	0.175	0.586	0.213
0.837	0.037	0.045	0.081
0.036	0.047	0.062	0.855
0.033	0.073	0.018	0.876
0.112	0.299	0.553	0.036
0.186	0.041	0.737	0.036
0.160	0.419	0.122	0.300
0.222	0.163	0.250	0.364
>CGCCMYCTRG	8-CGCCMYCTRG	8.537654	-74.440940	0	T:483.0(10.50%),B:2594.4(5.92%),P:1e-32	Tpos:300.1,Tstd:251.9,Bpos:242.6,Bstd:148.4,StrandBias:0.1,Multiplicity:1.07
0.001	0.620	0.001	0.378
0.001	0.001	0.997	0.001
0.001	0.997	0.001	0.001
0.001	0.997	0.001	0.001
0.449	0.549	0.001	0.001
0.091	0.477	0.001	0.431
0.157	0.736	0.001	0.106
0.001	0.001	0.044	0.954
0.427	0.001	0.454	0.117
0.001	0.358	0.640	0.001
>GAAACCGAAA	9-GAAACCGAAA	7.327299	-73.861887	0	T:633.0(13.76%),B:3715.5(8.48%),P:1e-32	Tpos:305.8,Tstd:246.3,Bpos:243.5,Bstd:150.2,StrandBias:-0.3,Multiplicity:1.12
0.077	0.082	0.808	0.033
0.804	0.056	0.115	0.025
0.868	0.056	0.047	0.029
0.863	0.023	0.068	0.046
0.098	0.728	0.144	0.030
0.095	0.678	0.056	0.171
0.075	0.071	0.811	0.043
0.784	0.045	0.122	0.049
0.816	0.069	0.080	0.035
0.845	0.058	0.060	0.037
>GTGACGTMAT	10-GTGACGTMAT	7.731690	-65.371182	0	T:347.0(7.55%),B:1731.8(3.95%),P:1e-28	Tpos:293.1,Tstd:241.9,Bpos:245.4,Bstd:147.8,StrandBias:-0.0,Multiplicity:1.07
0.099	0.089	0.732	0.080
0.001	0.052	0.001	0.946
0.001	0.109	0.889	0.001
0.997	0.001	0.001	0.001
0.001	0.756	0.001	0.242
0.001	0.074	0.924	0.001
0.097	0.001	0.001	0.901
0.539	0.457	0.003	0.001
0.679	0.081	0.001	0.239
0.001	0.169	0.323	0.507
>ATTTCGCGCC	11-ATTTCGCGCC	4.738358	-62.812842	0	T:1185.0(25.77%),B:8399.4(19.18%),P:1e-27	Tpos:343.9,Tstd:284.2,Bpos:245.4,Bstd:156.7,StrandBias:-0.0,Multiplicity:1.31
0.684	0.088	0.111	0.117
0.094	0.099	0.100	0.707
0.107	0.112	0.084	0.697
0.105	0.094	0.078	0.723
0.119	0.705	0.101	0.075
0.091	0.120	0.690	0.099
0.087	0.724	0.099	0.090
0.113	0.102	0.691	0.094
0.123	0.679	0.109	0.089
0.109	0.700	0.074	0.117
>CAGGAAGGAA	12-CAGGAAGGAA	8.578388	-56.573689	0	T:478.0(10.39%),B:2783.7(6.36%),P:1e-24	Tpos:299.2,Tstd:226.0,Bpos:243.2,Bstd:141.9,StrandBias:-0.1,Multiplicity:1.07
0.053	0.517	0.125	0.305
0.639	0.359	0.001	0.001
0.090	0.001	0.908	0.001
0.093	0.001	0.905	0.001
0.868	0.001	0.130	0.001
0.675	0.271	0.005	0.049
0.001	0.001	0.997	0.001
0.001	0.001	0.915	0.083
0.900	0.001	0.001	0.098
0.674	0.001	0.153	0.172
>BCGCGCGAAW	13-BCGCGCGAAW	5.661632	-52.961623	0	T:432.0(9.39%),B:2488.3(5.68%),P:1e-23	Tpos:406.6,Tstd:335.6,Bpos:249.5,Bstd:170.7,StrandBias:-0.0,Multiplicity:1.28
0.073	0.311	0.305	0.311
0.019	0.696	0.155	0.130
0.011	0.145	0.690	0.154
0.007	0.699	0.152	0.142
0.132	0.161	0.704	0.003
0.156	0.665	0.171	0.008
0.140	0.162	0.541	0.157
0.649	0.128	0.151	0.072
0.567	0.134	0.152	0.147
0.448	0.106	0.001	0.445
>NDYNRCGKTD	14-NDYNRCGKTD	4.440691	-49.604285	0	T:1625.0(35.33%),B:12597.7(28.76%),P:1e-21	Tpos:331.0,Tstd:282.8,Bpos:245.7,Bstd:159.8,StrandBias:0.0,Multiplicity:1.37
0.227	0.257	0.190	0.326
0.312	0.117	0.298	0.274
0.045	0.320	0.177	0.458
0.295	0.213	0.220	0.272
0.516	0.007	0.404	0.073
0.010	0.988	0.001	0.001
0.001	0.022	0.976	0.001
0.201	0.141	0.280	0.377
0.238	0.079	0.230	0.453
0.294	0.141	0.251	0.315
>TRCGCWTGCG	15-TRCGCWTGCG	8.690544	-40.272748	0	T:134.0(2.91%),B:548.6(1.25%),P:1e-17	Tpos:325.2,Tstd:221.0,Bpos:246.6,Bstd:171.8,StrandBias:0.1,Multiplicity:1.14
0.014	0.216	0.199	0.571
0.362	0.144	0.493	0.001
0.110	0.855	0.016	0.019
0.023	0.034	0.868	0.075
0.114	0.822	0.035	0.029
0.391	0.196	0.070	0.343
0.205	0.001	0.127	0.667
0.079	0.109	0.748	0.064
0.036	0.847	0.001	0.116
0.001	0.102	0.780	0.117
>ACATCTCGGT	16-ACATCTCGGT	10.397637	-24.262743	0	T:48.0(1.04%),B:148.8(0.34%),P:1e-10	Tpos:302.7,Tstd:229.5,Bpos:251.3,Bstd:152.0,StrandBias:0.3,Multiplicity:1.02
0.737	0.001	0.261	0.001
0.121	0.608	0.270	0.001
0.878	0.120	0.001	0.001
0.001	0.001	0.381	0.617
0.001	0.893	0.022	0.084
0.001	0.001	0.001	0.997
0.001	0.782	0.001	0.216
0.001	0.001	0.997	0.001
0.001	0.049	0.851	0.099
0.001	0.001	0.001	0.997
>GCGCGTAKAC	17-GCGCGTAKAC	11.402475	-23.488052	0	T:9.0(0.20%),B:3.8(0.01%),P:1e-10	Tpos:261.8,Tstd:149.3,Bpos:171.7,Bstd:186.1,StrandBias:0.3,Multiplicity:1.00
0.001	0.001	0.758	0.240
0.001	0.758	0.240	0.001
0.001	0.001	0.582	0.416
0.001	0.997	0.001	0.001
0.001	0.001	0.997	0.001
0.001	0.001	0.001	0.997
0.997	0.001	0.001	0.001
0.176	0.001	0.342	0.482
0.997	0.001	0.001	0.001
0.001	0.758	0.001	0.240
>ATCACGTTCT	18-ATCACGTTCT	6.938115	-23.201499	0	T:217.0(4.72%),B:1304.4(2.98%),P:1e-10	Tpos:298.0,Tstd:243.3,Bpos:248.5,Bstd:144.9,StrandBias:-0.0,Multiplicity:1.07
0.573	0.119	0.117	0.191
0.096	0.126	0.171	0.607
0.013	0.841	0.046	0.100
0.424	0.085	0.225	0.265
0.195	0.445	0.243	0.117
0.155	0.224	0.411	0.211
0.098	0.157	0.221	0.524
0.114	0.256	0.049	0.581
0.001	0.875	0.036	0.088
0.088	0.084	0.038	0.790
>TGGCAACGAA	19-TGGCAACGAA	10.296193	-20.130476	0	T:8.0(0.17%),B:3.2(0.01%),P:1e-8	Tpos:386.5,Tstd:309.9,Bpos:256.9,Bstd:103.9,StrandBias:0.0,Multiplicity:1.00
0.100	0.100	0.100	0.700
0.100	0.100	0.700	0.100
0.100	0.100	0.700	0.100
0.100	0.700	0.100	0.100
0.700	0.100	0.100	0.100
0.700	0.100	0.100	0.100
0.100	0.700	0.100	0.100
0.100	0.100	0.700	0.100
0.700	0.100	0.100	0.100
0.700	0.100	0.100	0.100
>GTGACGGCGT	20-GTGACGGCGT	10.296193	-17.531470	0	T:9.0(0.20%),B:6.5(0.01%),P:1e-7	Tpos:216.1,Tstd:130.7,Bpos:225.0,Bstd:151.3,StrandBias:0.3,Multiplicity:1.00
0.100	0.100	0.700	0.100
0.100	0.100	0.100	0.700
0.100	0.100	0.700	0.100
0.700	0.100	0.100	0.100
0.100	0.700	0.100	0.100
0.100	0.100	0.700	0.100
0.100	0.100	0.700	0.100
0.100	0.700	0.100	0.100
0.100	0.100	0.700	0.100
0.100	0.100	0.100	0.700
>AAAAAAAAAA	21-AAAAAAAAAA	9.426231	-14.961385	0	T:619.0(13.46%),B:4852.3(11.08%),P:1e-6	Tpos:331.3,Tstd:290.3,Bpos:249.0,Bstd:164.4,StrandBias:0.0,Multiplicity:1.25
0.493	0.246	0.001	0.260
0.997	0.001	0.001	0.001
0.724	0.001	0.274	0.001
0.909	0.001	0.089	0.001
0.823	0.018	0.158	0.001
0.747	0.251	0.001	0.001
0.739	0.259	0.001	0.001
0.704	0.294	0.001	0.001
0.997	0.001	0.001	0.001
0.865	0.001	0.133	0.001
>TGTTAGAGGG	22-TGTTAGAGGG	6.404373	-8.121763	0	T:1427.0(31.03%),B:12574.3(28.71%),P:1e-3	Tpos:321.8,Tstd:259.6,Bpos:243.4,Bstd:142.9,StrandBias:0.2,Multiplicity:1.23
0.100	0.100	0.100	0.700
0.100	0.100	0.700	0.100
0.100	0.100	0.100	0.700
0.100	0.100	0.100	0.700
0.700	0.100	0.100	0.100
0.100	0.100	0.700	0.100
0.700	0.100	0.100	0.100
0.100	0.100	0.700	0.100
0.100	0.100	0.700	0.100
0.100	0.100	0.700	0.100
>GRATVACGTT	23-GRATVACGTT	8.585723	-7.801977	0	T:33.0(0.72%),B:163.4(0.37%),P:1e-3	Tpos:306.6,Tstd:175.0,Bpos:229.8,Bstd:153.5,StrandBias:0.3,Multiplicity:1.05
0.001	0.212	0.495	0.292
0.486	0.042	0.389	0.083
0.829	0.042	0.004	0.125
0.041	0.001	0.183	0.775
0.350	0.309	0.257	0.083
0.783	0.042	0.129	0.046
0.001	0.997	0.001	0.001
0.001	0.001	0.997	0.001
0.087	0.215	0.042	0.656
0.129	0.001	0.087	0.783
>ACAGCTCATC	24-ACAGCTCATC	10.296193	-2.579437	0	T:10.0(0.22%),B:56.6(0.13%),P:1e-1	Tpos:278.0,Tstd:185.1,Bpos:190.2,Bstd:120.6,StrandBias:3.3,Multiplicity:2.20
0.700	0.100	0.100	0.100
0.100	0.700	0.100	0.100
0.700	0.100	0.100	0.100
0.100	0.100	0.700	0.100
0.100	0.700	0.100	0.100
0.100	0.100	0.100	0.700
0.100	0.700	0.100	0.100
0.700	0.100	0.100	0.100
0.100	0.100	0.100	0.700
0.100	0.700	0.100	0.100
>GCAGTGCTAC	25-GCAGTGCTAC	10.296193	-2.070570	0	T:5.0(0.11%),B:25.9(0.06%),P:1e0	Tpos:338.3,Tstd:171.2,Bpos:188.5,Bstd:137.9,StrandBias:-3.3,Multiplicity:4.40
0.100	0.100	0.700	0.100
0.100	0.700	0.100	0.100
0.700	0.100	0.100	0.100
0.100	0.100	0.700	0.100
0.100	0.100	0.100	0.700
0.100	0.100	0.700	0.100
0.100	0.700	0.100	0.100
0.100	0.100	0.100	0.700
0.700	0.100	0.100	0.100
0.100	0.700	0.100	0.100
>NCCACTTCCTGT	1-NCCACTTCCTGT	7.861120	-526.615628	0	T:1652.0(35.92%),B:7109.3(16.23%),P:1e-228	Tpos:298.0,Tstd:231.9,Bpos:246.0,Bstd:144.8,StrandBias:-0.1,Multiplicity:1.33
0.231	0.280	0.269	0.219
0.188	0.410	0.167	0.235
0.154	0.440	0.177	0.229
0.566	0.124	0.210	0.100
0.006	0.660	0.034	0.300
0.202	0.002	0.006	0.790
0.002	0.008	0.001	0.989
0.001	0.993	0.005	0.001
0.001	0.964	0.001	0.034
0.001	0.020	0.133	0.846
0.011	0.237	0.614	0.138
0.105	0.310	0.100	0.485
>GCCCYCTAGTGG	2-GCCCYCTAGTGG	11.030463	-205.872608	0	T:213.0(4.63%),B:348.5(0.80%),P:1e-89	Tpos:251.2,Tstd:180.6,Bpos:238.2,Bstd:140.5,StrandBias:0.1,Multiplicity:1.01
0.001	0.001	0.839	0.159
0.156	0.842	0.001	0.001
0.001	0.997	0.001	0.001
0.419	0.579	0.001	0.001
0.070	0.453	0.001	0.476
0.001	0.997	0.001	0.001
0.001	0.001	0.001	0.997
0.640	0.001	0.209	0.150
0.001	0.261	0.658	0.080
0.035	0.042	0.001	0.922
0.034	0.001	0.964	0.001
0.001	0.001	0.842	0.156
>NHAACCACADNN	3-NHAACCACADNN	8.478723	-187.292905	0	T:945.0(20.55%),B:4743.0(10.83%),P:1e-81	Tpos:281.6,Tstd:215.7,Bpos:244.4,Bstd:144.0,StrandBias:0.1,Multiplicity:1.15
0.204	0.246	0.266	0.284
0.350	0.221	0.170	0.259
0.997	0.001	0.001	0.001
0.608	0.001	0.390	0.001
0.001	0.997	0.001	0.001
0.001	0.997	0.001	0.001
0.997	0.001	0.001	0.001
0.186	0.812	0.001	0.001
0.981	0.017	0.001	0.001
0.345	0.174	0.286	0.195
0.279	0.283	0.279	0.158
0.233	0.338	0.208	0.220
>NVDGGGCGGGGC	4-NVDGGGCGGGGC	8.142820	-176.579116	0	T:1457.0(31.68%),B:8776.9(20.04%),P:1e-76	Tpos:339.0,Tstd:270.9,Bpos:246.2,Bstd:153.4,StrandBias:-0.1,Multiplicity:1.62
0.285	0.218	0.195	0.303
0.226	0.251	0.354	0.169
0.338	0.001	0.352	0.309
0.141	0.001	0.857	0.001
0.001	0.001	0.997	0.001
0.001	0.001	0.997	0.001
0.098	0.531	0.001	0.370
0.001	0.001	0.997	0.001
0.001	0.071	0.803	0.125
0.390	0.001	0.608	0.001
0.196	0.001	0.802	0.001
0.264	0.493	0.001	0.242
>BNCMCCGCSYCT	5-BNCMCCGCSYCT	7.125859	-78.760663	0	T:804.0(17.48%),B:4967.1(11.34%),P:1e-34	Tpos:345.6,Tstd:279.2,Bpos:239.5,Bstd:161.1,StrandBias:0.2,Multiplicity:1.20
0.155	0.327	0.235	0.283
0.182	0.233	0.301	0.284
0.256	0.472	0.156	0.116
0.535	0.444	0.001	0.020
0.321	0.671	0.007	0.001
0.001	0.997	0.001	0.001
0.001	0.001	0.997	0.001
0.031	0.755	0.035	0.179
0.109	0.451	0.348	0.092
0.201	0.468	0.001	0.329
0.119	0.546	0.046	0.289
0.001	0.001	0.001	0.997
>BNRGTTTCCTTH	6-BNRGTTTCCTTH	9.001686	-77.352302	0	T:539.0(11.72%),B:2967.1(6.77%),P:1e-33	Tpos:299.1,Tstd:270.9,Bpos:247.9,Bstd:148.1,StrandBias:-0.3,Multiplicity:1.07
0.182	0.228	0.368	0.222
0.234	0.284	0.222	0.261
0.327	0.001	0.446	0.226
0.001	0.220	0.778	0.001
0.001	0.001	0.025	0.973
0.001	0.060	0.001	0.938
0.001	0.001	0.001	0.997
0.001	0.789	0.001	0.209
0.001	0.997	0.001	0.001
0.001	0.001	0.001	0.997
0.001	0.312	0.219	0.467
0.349	0.276	0.128	0.247
>AGTTTCGGTTTC	7-AGTTTCGGTTTC	9.275778	-70.835155	0	T:173.0(3.76%),B:591.9(1.35%),P:1e-30	Tpos:280.3,Tstd:208.6,Bpos:251.7,Bstd:143.6,StrandBias:0.0,Multiplicity:1.04
0.836	0.014	0.095	0.055
0.014	0.085	0.823	0.078
0.082	0.062	0.031	0.825
0.014	0.030	0.033	0.923
0.029	0.084	0.045	0.842
0.049	0.632	0.131	0.188
0.130	0.075	0.701	0.094
0.067	0.088	0.755	0.090
0.051	0.014	0.023	0.912
0.001	0.025	0.031	0.943
0.001	0.088	0.014	0.897
0.029	0.917	0.029	0.025
>CTGATTGGTTAG	8-CTGATTGGTTAG	9.199632	-57.363726	0	T:151.0(3.28%),B:541.1(1.24%),P:1e-24	Tpos:338.5,Tstd:259.3,Bpos:249.3,Bstd:151.8,StrandBias:0.1,Multiplicity:1.10
0.043	0.788	0.076	0.093
0.090	0.011	0.043	0.856
0.033	0.112	0.827	0.028
0.773	0.103	0.104	0.020
0.013	0.038	0.076	0.873
0.032	0.001	0.110	0.857
0.030	0.043	0.807	0.120
0.011	0.063	0.882	0.044
0.049	0.094	0.043	0.814
0.022	0.045	0.109	0.824
0.842	0.037	0.075	0.046
0.076	0.035	0.863	0.026
>GTGACGTCABSD	9-GTGACGTCABSD	8.295101	-54.069482	0	T:357.0(7.76%),B:1924.6(4.39%),P:1e-23	Tpos:296.8,Tstd:244.0,Bpos:247.4,Bstd:143.0,StrandBias:0.1,Multiplicity:1.05
0.275	0.115	0.554	0.056
0.001	0.016	0.032	0.951
0.001	0.092	0.858	0.049
0.991	0.001	0.001	0.007
0.082	0.662	0.001	0.255
0.205	0.228	0.456	0.110
0.001	0.001	0.001	0.997
0.028	0.943	0.028	0.001
0.850	0.069	0.001	0.080
0.001	0.287	0.323	0.389
0.137	0.364	0.320	0.179
0.226	0.121	0.345	0.309
>KTGCGCATGCGC	10-KTGCGCATGCGC	10.448891	-52.893699	0	T:170.0(3.70%),B:680.6(1.55%),P:1e-22	Tpos:327.6,Tstd:222.6,Bpos:238.1,Bstd:171.6,StrandBias:-0.1,Multiplicity:1.16
0.023	0.143	0.385	0.448
0.120	0.109	0.207	0.564
0.073	0.001	0.925	0.001
0.040	0.958	0.001	0.001
0.001	0.001	0.997	0.001
0.001	0.718	0.280	0.001
0.486	0.237	0.001	0.276
0.031	0.001	0.354	0.614
0.001	0.001	0.997	0.001
0.222	0.776	0.001	0.001
0.001	0.001	0.997	0.001
0.001	0.822	0.001	0.176
>CGGATTTCGCGC	11-CGGATTTCGCGC	10.560045	-51.040994	0	T:54.0(1.17%),B:94.0(0.21%),P:1e-22	Tpos:438.1,Tstd:385.9,Bpos:279.6,Bstd:172.5,StrandBias:-0.1,Multiplicity:1.00
0.001	0.963	0.001	0.035
0.035	0.071	0.893	0.001
0.035	0.012	0.952	0.001
0.622	0.206	0.098	0.074
0.001	0.035	0.146	0.818
0.035	0.158	0.001	0.806
0.036	0.072	0.134	0.758
0.001	0.783	0.145	0.071
0.001	0.150	0.742	0.107
0.072	0.856	0.036	0.036
0.035	0.001	0.963	0.001
0.072	0.856	0.036	0.036
>ACGCKAAGAGCA	12-ACGCKAAGAGCA	13.090762	-34.872328	0	T:11.0(0.24%),B:2.3(0.01%),P:1e-15	Tpos:247.7,Tstd:127.0,Bpos:188.4,Bstd:44.9,StrandBias:0.3,Multiplicity:1.00
0.997	0.001	0.001	0.001
0.001	0.997	0.001	0.001
0.001	0.001	0.997	0.001
0.001	0.997	0.001	0.001
0.001	0.173	0.413	0.413
0.997	0.001	0.001	0.001
0.997	0.001	0.001	0.001
0.001	0.001	0.997	0.001
0.826	0.172	0.001	0.001
0.001	0.001	0.997	0.001
0.001	0.997	0.001	0.001
0.997	0.001	0.001	0.001
>GCGGATGGCGGG	13-GCGGATGGCGGG	14.319699	-27.043138	0	T:9.0(0.20%),B:2.6(0.01%),P:1e-11	Tpos:255.3,Tstd:121.7,Bpos:383.1,Bstd:7.6,StrandBias:-0.3,Multiplicity:1.00
0.001	0.001	0.997	0.001
0.001	0.997	0.001	0.001
0.001	0.001	0.997	0.001
0.001	0.001	0.997	0.001
0.997	0.001	0.001	0.001
0.001	0.001	0.001	0.997
0.001	0.001	0.997	0.001
0.001	0.001	0.997	0.001
0.001	0.997	0.001	0.001
0.001	0.001	0.997	0.001
0.001	0.102	0.896	0.001
0.001	0.001	0.997	0.001
>GGAACACCTTCA	14-GGAACACCTTCA	12.355432	-23.281289	0	T:8.0(0.17%),B:2.9(0.01%),P:1e-10	Tpos:283.4,Tstd:92.0,Bpos:158.3,Bstd:137.5,StrandBias:0.7,Multiplicity:1.00
0.100	0.100	0.700	0.100
0.100	0.100	0.700	0.100
0.700	0.100	0.100	0.100
0.700	0.100	0.100	0.100
0.100	0.700	0.100	0.100
0.700	0.100	0.100	0.100
0.100	0.700	0.100	0.100
0.100	0.700	0.100	0.100
0.100	0.100	0.100	0.700
0.100	0.100	0.100	0.700
0.100	0.700	0.100	0.100
0.700	0.100	0.100	0.100
>TAACGTCGAKGG	15-TAACGTCGAKGG	12.190593	-16.145489	0	T:5.0(0.11%),B:1.8(0.00%),P:1e-7	Tpos:250.2,Tstd:165.1,Bpos:285.9,Bstd:56.5,StrandBias:0.6,Multiplicity:1.00
0.134	0.001	0.001	0.864
0.626	0.001	0.001	0.372
0.626	0.001	0.001	0.372
0.001	0.997	0.001	0.001
0.372	0.001	0.626	0.001
0.135	0.001	0.118	0.746
0.237	0.761	0.001	0.001
0.237	0.001	0.761	0.001
0.997	0.001	0.001	0.001
0.001	0.118	0.373	0.508
0.001	0.016	0.982	0.001
0.001	0.001	0.997	0.001
>GTGTGGAGGACC	16-GTGTGGAGGACC	-0.286134	-16.003130	0	T:418.0(9.09%),B:3086.4(7.05%),P:1e-6	Tpos:297.9,Tstd:249.5,Bpos:244.7,Bstd:144.5,StrandBias:-0.4,Multiplicity:1.08
0.001	0.001	0.997	0.001
0.001	0.001	0.001	0.997
0.001	0.001	0.997	0.001
0.001	0.001	0.001	0.997
0.001	0.001	0.997	0.001
0.001	0.001	0.997	0.001
0.952	0.001	0.001	0.046
0.001	0.001	0.997	0.001
0.001	0.001	0.997	0.001
0.997	0.001	0.001	0.001
0.001	0.997	0.001	0.001
0.001	0.997	0.001	0.001
>TTTTTTTTTTTT	17-TTTTTTTTTTTT	11.390157	-15.077720	0	T:161.0(3.50%),B:1010.0(2.31%),P:1e-6	Tpos:332.6,Tstd:287.2,Bpos:248.7,Bstd:168.0,StrandBias:-0.1,Multiplicity:1.04
0.037	0.155	0.159	0.649
0.040	0.054	0.035	0.871
0.031	0.123	0.034	0.812
0.050	0.081	0.026	0.843
0.042	0.187	0.030	0.741
0.030	0.242	0.060	0.668
0.031	0.228	0.150	0.591
0.027	0.192	0.104	0.677
0.036	0.242	0.024	0.698
0.100	0.196	0.059	0.645
0.027	0.227	0.034	0.712
0.170	0.041	0.170	0.619
>TAGCACTGCCTC	18-TAGCACTGCCTC	-0.374673	-12.656209	0	T:563.0(12.24%),B:4452.1(10.17%),P:1e-5	Tpos:318.2,Tstd:275.1,Bpos:248.0,Bstd:143.5,StrandBias:0.3,Multiplicity:1.15
0.001	0.001	0.001	0.997
0.997	0.001	0.001	0.001
0.001	0.001	0.997	0.001
0.001	0.997	0.001	0.001
0.997	0.001	0.001	0.001
0.001	0.997	0.001	0.001
0.001	0.044	0.001	0.954
0.001	0.001	0.997	0.001
0.001	0.954	0.044	0.001
0.001	0.997	0.001	0.001
0.001	0.001	0.001	0.997
0.001	0.997	0.001	0.001
>GCCTGACTGACA	19-GCCTGACTGACA	11.261962	-12.228474	0	T:11.0(0.24%),B:18.6(0.04%),P:1e-5	Tpos:354.4,Tstd:285.6,Bpos:218.5,Bstd:146.7,StrandBias:1.3,Multiplicity:1.91
0.001	0.001	0.997	0.001
0.001	0.997	0.001	0.001
0.001	0.997	0.001	0.001
0.001	0.001	0.001	0.997
0.001	0.001	0.997	0.001
0.997	0.001	0.001	0.001
0.001	0.997	0.001	0.001
0.001	0.001	0.001	0.997
0.001	0.081	0.917	0.001
0.939	0.001	0.059	0.001
0.001	0.997	0.001	0.001
0.997	0.001	0.001	0.001
>TCAGCAACACAC	20-TCAGCAACACAC	13.982710	-9.588863	0	T:4.0(0.09%),B:2.1(0.00%),P:1e-4	Tpos:104.7,Tstd:67.3,Bpos:261.2,Bstd:21.0,StrandBias:3.2,Multiplicity:2.50
0.001	0.001	0.001	0.997
0.001	0.997	0.001	0.001
0.997	0.001	0.001	0.001
0.001	0.001	0.997	0.001
0.001	0.997	0.001	0.001
0.997	0.001	0.001	0.001
0.997	0.001	0.001	0.001
0.001	0.997	0.001	0.001
0.919	0.001	0.001	0.079
0.001	0.919	0.001	0.079
0.997	0.001	0.001	0.001
0.001	0.997	0.001	0.001
>ACCATCCGAACA	21-ACCATCCGAACA	10.177665	-9.474590	0	T:5.0(0.11%),B:4.6(0.01%),P:1e-4	Tpos:101.5,Tstd:53.9,Bpos:228.1,Bstd:52.0,StrandBias:2.5,Multiplicity:2.60
0.997	0.001	0.001	0.001
0.001	0.997	0.001	0.001
0.001	0.997	0.001	0.001
0.997	0.001	0.001	0.001
0.001	0.001	0.001	0.997
0.001	0.978	0.001	0.020
0.001	0.704	0.001	0.294
0.001	0.001	0.997	0.001
0.724	0.001	0.001	0.274
0.997	0.001	0.001	0.001
0.001	0.997	0.001	0.001
0.997	0.001	0.001	0.001
>GCACTGCCTCCA	22-GCACTGCCTCCA	11.222005	-9.247662	0	T:14.0(0.30%),B:39.8(0.09%),P:1e-4	Tpos:236.8,Tstd:162.0,Bpos:259.2,Bstd:153.5,StrandBias:0.5,Multiplicity:1.00
0.066	0.050	0.709	0.175
0.105	0.761	0.072	0.062
0.814	0.054	0.050	0.082
0.119	0.761	0.064	0.056
0.071	0.051	0.049	0.829
0.043	0.217	0.667	0.073
0.059	0.761	0.092	0.088
0.065	0.818	0.053	0.064
0.250	0.238	0.023	0.489
0.100	0.792	0.040	0.068
0.112	0.779	0.030	0.079
0.821	0.104	0.025	0.050
>TCATCACAGCTA	23-TCATCACAGCTA	9.628381	-7.619824	0	T:5.0(0.11%),B:6.4(0.01%),P:1e-3	Tpos:231.3,Tstd:182.3,Bpos:279.8,Bstd:134.1,StrandBias:10.0,Multiplicity:3.20
0.001	0.001	0.001	0.997
0.001	0.997	0.001	0.001
0.997	0.001	0.001	0.001
0.001	0.001	0.001	0.997
0.001	0.997	0.001	0.001
0.997	0.001	0.001	0.001
0.001	0.997	0.001	0.001
0.933	0.001	0.065	0.001
0.001	0.244	0.754	0.001
0.001	0.997	0.001	0.001
0.001	0.001	0.001	0.997
0.997	0.001	0.001	0.001
>CATCTACAAGAC	24-CATCTACAAGAC	14.149074	-5.270441	0	T:2.0(0.04%),B:1.7(0.00%),P:1e-2	Tpos:231.7,Tstd:90.6,Bpos:153.0,Bstd:0.0,StrandBias:3.0,Multiplicity:4.50
0.001	0.997	0.001	0.001
0.997	0.001	0.001	0.001
0.001	0.001	0.001	0.997
0.001	0.997	0.001	0.001
0.001	0.001	0.001	0.997
0.997	0.001	0.001	0.001
0.001	0.997	0.001	0.001
0.997	0.001	0.001	0.001
0.997	0.001	0.001	0.001
0.001	0.001	0.997	0.001
0.912	0.086	0.001	0.001
0.001	0.997	0.001	0.001
>TGGGACAGCTGT	25-TGGGACAGCTGT	12.355432	-3.953196	0	T:2.0(0.04%),B:2.5(0.01%),P:1e-1	Tpos:175.9,Tstd:64.5,Bpos:285.4,Bstd:94.8,StrandBias:10.0,Multiplicity:4.50
0.100	0.100	0.100	0.700
0.100	0.100	0.700	0.100
0.100	0.100	0.700	0.100
0.100	0.100	0.700	0.100
0.700	0.100	0.100	0.100
0.100	0.700	0.100	0.100
0.700	0.100	0.100	0.100
0.100	0.100	0.700	0.100
0.100	0.700	0.100	0.100
0.100	0.100	0.100	0.700
0.100	0.100	0.700	0.100
0.100	0.100	0.100	0.700
>CAGGAAGT	1-CAGGAAGT	6.696935	-408.353751	0	T:2246.0(48.84%),B:12653.2(28.89%),P:1e-177	Tpos:308.2,Tstd:243.4,Bpos:243.7,Bstd:149.9,StrandBias:0.1,Multiplicity:1.50
0.069	0.549	0.381	0.001
0.553	0.395	0.051	0.001
0.001	0.018	0.980	0.001
0.001	0.001	0.963	0.035
0.983	0.001	0.001	0.015
0.815	0.001	0.001	0.183
0.407	0.001	0.591	0.001
0.001	0.342	0.089	0.568
>WAACCACA	2-WAACCACA	7.044414	-186.593793	0	T:1203.0(26.16%),B:6659.0(15.20%),P:1e-81	Tpos:284.9,Tstd:226.8,Bpos:242.2,Bstd:148.9,StrandBias:0.0,Multiplicity:1.22
0.387	0.136	0.104	0.373
0.805	0.023	0.125	0.047
0.660	0.148	0.191	0.001
0.001	0.990	0.008	0.001
0.001	0.858	0.069	0.072
0.707	0.027	0.216	0.050
0.049	0.914	0.007	0.030
0.697	0.117	0.031	0.155
>ACAGGAAG	3-ACAGGAAG	8.236954	-169.707549	0	T:514.0(11.18%),B:2004.4(4.58%),P:1e-73	Tpos:262.4,Tstd:193.3,Bpos:253.7,Bstd:142.5,StrandBias:-0.0,Multiplicity:1.07
0.700	0.100	0.100	0.100
0.100	0.700	0.100	0.100
0.700	0.100	0.100	0.100
0.100	0.100	0.700	0.100
0.100	0.100	0.700	0.100
0.700	0.100	0.100	0.100
0.700	0.100	0.100	0.100
0.100	0.100	0.700	0.100
>GAGGATGT	4-GAGGATGT	7.743914	-132.747848	0	T:961.0(20.90%),B:5444.5(12.43%),P:1e-57	Tpos:319.4,Tstd:274.4,Bpos:243.9,Bstd:144.3,StrandBias:0.2,Multiplicity:1.15
0.359	0.001	0.603	0.037
0.625	0.373	0.001	0.001
0.001	0.038	0.960	0.001
0.001	0.062	0.936	0.001
0.965	0.001	0.001	0.033
0.204	0.001	0.190	0.605
0.083	0.008	0.908	0.001
0.001	0.021	0.001	0.977
>TTTBCGDH	5-TTTBCGDH	5.514933	-130.767871	0	T:1245.0(27.07%),B:7697.9(17.58%),P:1e-56	Tpos:345.2,Tstd:291.6,Bpos:245.6,Bstd:162.5,StrandBias:0.0,Multiplicity:1.22
0.001	0.310	0.192	0.498
0.299	0.001	0.001	0.699
0.423	0.001	0.001	0.575
0.001	0.363	0.332	0.304
0.001	0.997	0.001	0.001
0.001	0.001	0.997	0.001
0.298	0.001	0.375	0.325
0.258	0.222	0.153	0.366
>GGCGGGRH	6-GGCGGGRH	7.670621	-86.428640	0	T:1029.0(22.37%),B:6642.7(15.17%),P:1e-37	Tpos:360.5,Tstd:280.2,Bpos:245.1,Bstd:166.1,StrandBias:-0.1,Multiplicity:1.83
0.001	0.001	0.945	0.053
0.001	0.033	0.945	0.021
0.001	0.817	0.001	0.181
0.001	0.001	0.960	0.038
0.001	0.001	0.897	0.101
0.355	0.041	0.579	0.025
0.350	0.049	0.494	0.108
0.257	0.368	0.063	0.313
>GACGTMAT	7-GACGTMAT	4.963348	-82.836067	0	T:1252.0(27.22%),B:8552.1(19.53%),P:1e-35	Tpos:332.7,Tstd:271.1,Bpos:244.9,Bstd:159.4,StrandBias:-0.0,Multiplicity:1.33
0.067	0.287	0.488	0.158
0.566	0.079	0.268	0.087
0.001	0.928	0.025	0.046
0.037	0.001	0.931	0.031
0.032	0.022	0.089	0.857
0.305	0.428	0.199	0.068
0.760	0.080	0.104	0.056
0.007	0.290	0.218	0.485
>RTGAGTCA	8-RTGAGTCA	8.596281	-82.218425	0	T:487.0(10.59%),B:2536.1(5.79%),P:1e-35	Tpos:278.7,Tstd:237.4,Bpos:243.8,Bstd:142.1,StrandBias:0.0,Multiplicity:1.12
0.285	0.280	0.434	0.001
0.001	0.001	0.001	0.997
0.001	0.001	0.997	0.001
0.997	0.001	0.001	0.001
0.001	0.295	0.703	0.001
0.001	0.001	0.001	0.997
0.001	0.997	0.001	0.001
0.997	0.001	0.001	0.001
>SGCGGKAA	9-SGCGGKAA	5.949761	-67.944309	0	T:901.0(19.59%),B:5926.0(13.53%),P:1e-29	Tpos:358.8,Tstd:299.4,Bpos:242.5,Bstd:170.2,StrandBias:-0.0,Multiplicity:1.45
0.058	0.544	0.397	0.001
0.001	0.001	0.997	0.001
0.001	0.997	0.001	0.001
0.001	0.001	0.997	0.001
0.128	0.294	0.503	0.075
0.001	0.001	0.512	0.486
0.649	0.001	0.001	0.349
0.629	0.001	0.025	0.345
>CCACGCCC	10-CCACGCCC	8.805591	-62.157829	0	T:583.0(12.68%),B:3502.0(8.00%),P:1e-26	Tpos:345.8,Tstd:284.0,Bpos:245.5,Bstd:152.2,StrandBias:0.2,Multiplicity:1.18
0.001	0.997	0.001	0.001
0.001	0.997	0.001	0.001
0.997	0.001	0.001	0.001
0.001	0.997	0.001	0.001
0.307	0.001	0.691	0.001
0.001	0.997	0.001	0.001
0.001	0.997	0.001	0.001
0.001	0.848	0.001	0.150
>GGGTGGAG	11-GGGTGGAG	8.974844	-57.767929	0	T:971.0(21.11%),B:6703.6(15.31%),P:1e-25	Tpos:327.4,Tstd:279.4,Bpos:244.2,Bstd:148.0,StrandBias:0.1,Multiplicity:1.30
0.001	0.001	0.997	0.001
0.001	0.001	0.997	0.001
0.001	0.001	0.997	0.001
0.001	0.001	0.001	0.997
0.001	0.001	0.997	0.001
0.001	0.001	0.997	0.001
0.571	0.052	0.376	0.001
0.215	0.001	0.783	0.001
>CCGATTGG	12-CCGATTGG	5.872246	-57.727114	0	T:842.0(18.31%),B:5637.4(12.87%),P:1e-25	Tpos:316.7,Tstd:250.2,Bpos:244.6,Bstd:151.5,StrandBias:-0.0,Multiplicity:1.25
0.014	0.658	0.169	0.159
0.115	0.669	0.036	0.180
0.001	0.037	0.734	0.228
0.815	0.001	0.064	0.120
0.059	0.050	0.143	0.748
0.082	0.027	0.050	0.841
0.065	0.143	0.689	0.103
0.032	0.084	0.850	0.034
>TTACCACA	13-TTACCACA	6.237255	-53.561639	0	T:1063.0(23.11%),B:7571.2(17.29%),P:1e-23	Tpos:296.9,Tstd:253.4,Bpos:246.8,Bstd:143.7,StrandBias:0.2,Multiplicity:1.18
0.023	0.041	0.001	0.935
0.001	0.211	0.206	0.582
0.946	0.001	0.052	0.001
0.030	0.968	0.001	0.001
0.001	0.959	0.001	0.039
0.954	0.001	0.012	0.033
0.028	0.935	0.001	0.036
0.941	0.001	0.031	0.027
>AGCGWTAA	14-AGCGWTAA	1.924565	-42.542521	0	T:708.0(15.39%),B:4847.2(11.07%),P:1e-18	Tpos:328.5,Tstd:263.4,Bpos:248.6,Bstd:158.4,StrandBias:0.0,Multiplicity:1.11
0.500	0.001	0.311	0.188
0.001	0.001	0.997	0.001
0.001	0.997	0.001	0.001
0.001	0.001	0.997	0.001
0.520	0.001	0.001	0.478
0.407	0.001	0.001	0.591
0.997	0.001	0.001	0.001
0.635	0.001	0.363	0.001
>TTTCACTT	15-TTTCACTT	9.127826	-37.432433	0	T:308.0(6.70%),B:1778.9(4.06%),P:1e-16	Tpos:308.2,Tstd:252.2,Bpos:244.8,Bstd:150.1,StrandBias:0.1,Multiplicity:1.04
0.001	0.001	0.073	0.925
0.001	0.147	0.001	0.851
0.001	0.001	0.001	0.997
0.001	0.997	0.001	0.001
0.772	0.226	0.001	0.001
0.006	0.759	0.234	0.001
0.001	0.001	0.001	0.997
0.001	0.001	0.001	0.997
>TCGGTTAT	16-TCGGTTAT	6.985879	-34.536384	0	T:102.0(2.22%),B:394.3(0.90%),P:1e-14	Tpos:314.0,Tstd:253.2,Bpos:242.4,Bstd:157.5,StrandBias:0.1,Multiplicity:1.01
0.171	0.001	0.001	0.827
0.001	0.997	0.001	0.001
0.001	0.124	0.874	0.001
0.001	0.001	0.900	0.098
0.001	0.001	0.001	0.997
0.001	0.001	0.001	0.997
0.997	0.001	0.001	0.001
0.123	0.001	0.001	0.875
>AATAGCGC	17-AATAGCGC	6.511600	-33.976564	0	T:541.0(11.76%),B:3663.9(8.37%),P:1e-14	Tpos:331.9,Tstd:279.9,Bpos:241.9,Bstd:162.7,StrandBias:-0.2,Multiplicity:1.19
0.585	0.001	0.413	0.001
0.706	0.156	0.137	0.001
0.001	0.032	0.179	0.788
0.604	0.018	0.213	0.165
0.001	0.001	0.997	0.001
0.079	0.919	0.001	0.001
0.002	0.032	0.965	0.001
0.001	0.952	0.006	0.041
>GCGCCTAA	18-GCGCCTAA	8.626164	-33.454234	0	T:106.0(2.30%),B:425.4(0.97%),P:1e-14	Tpos:355.0,Tstd:264.7,Bpos:248.9,Bstd:169.9,StrandBias:-0.4,Multiplicity:1.02
0.357	0.001	0.641	0.001
0.001	0.997	0.001	0.001
0.001	0.001	0.997	0.001
0.320	0.678	0.001	0.001
0.001	0.997	0.001	0.001
0.242	0.001	0.001	0.756
0.997	0.001	0.001	0.001
0.997	0.001	0.001	0.001
>GCGAATKC	19-GCGAATKC	7.567962	-30.706012	0	T:189.0(4.11%),B:999.1(2.28%),P:1e-13	Tpos:319.6,Tstd:217.0,Bpos:245.0,Bstd:163.5,StrandBias:0.0,Multiplicity:1.08
0.080	0.001	0.897	0.022
0.001	0.997	0.001	0.001
0.001	0.001	0.997	0.001
0.869	0.129	0.001	0.001
0.780	0.001	0.045	0.174
0.001	0.001	0.001	0.997
0.221	0.031	0.376	0.372
0.120	0.878	0.001	0.001
>AAAMCAAA	20-AAAMCAAA	6.385942	-25.181081	0	T:1006.0(21.87%),B:7875.2(17.98%),P:1e-10	Tpos:308.7,Tstd:262.4,Bpos:244.8,Bstd:155.1,StrandBias:0.0,Multiplicity:1.28
0.997	0.001	0.001	0.001
0.997	0.001	0.001	0.001
0.997	0.001	0.001	0.001
0.516	0.482	0.001	0.001
0.028	0.970	0.001	0.001
0.891	0.010	0.098	0.001
0.997	0.001	0.001	0.001
0.592	0.022	0.385	0.001
>GCCCKCTA	21-GCCCKCTA	7.400089	-23.999066	0	T:159.0(3.46%),B:866.0(1.98%),P:1e-10	Tpos:310.6,Tstd:237.8,Bpos:241.0,Bstd:150.5,StrandBias:0.4,Multiplicity:1.04
0.110	0.183	0.683	0.024
0.110	0.864	0.001	0.025
0.001	0.808	0.190	0.001
0.121	0.711	0.124	0.044
0.001	0.089	0.468	0.443
0.073	0.785	0.081	0.061
0.109	0.100	0.001	0.790
0.947	0.001	0.007	0.045
>CCRATCCG	22-CCRATCCG	7.023240	-23.210408	0	T:101.0(2.20%),B:473.4(1.08%),P:1e-10	Tpos:349.6,Tstd:313.2,Bpos:256.0,Bstd:162.3,StrandBias:0.5,Multiplicity:1.02
0.001	0.997	0.001	0.001
0.044	0.954	0.001	0.001
0.504	0.001	0.494	0.001
0.997	0.001	0.001	0.001
0.001	0.001	0.001	0.997
0.214	0.784	0.001	0.001
0.001	0.997	0.001	0.001
0.001	0.001	0.997	0.001
>CATCTCCG	23-CATCTCCG	8.752921	-20.806379	0	T:109.0(2.37%),B:550.6(1.26%),P:1e-9	Tpos:313.4,Tstd:243.3,Bpos:241.8,Bstd:147.7,StrandBias:-0.1,Multiplicity:1.20
0.001	0.876	0.001	0.122
0.997	0.001	0.001	0.001
0.001	0.001	0.001	0.997
0.001	0.997	0.001	0.001
0.001	0.001	0.001	0.997
0.192	0.806	0.001	0.001
0.001	0.997	0.001	0.001
0.001	0.001	0.997	0.001
>GCGCGCGC	24-GCGCGCGC	8.236954	-20.390833	0	T:167.0(3.63%),B:971.5(2.22%),P:1e-8	Tpos:369.0,Tstd:329.9,Bpos:250.5,Bstd:184.2,StrandBias:0.0,Multiplicity:1.09
0.100	0.100	0.700	0.100
0.100	0.700	0.100	0.100
0.100	0.100	0.700	0.100
0.100	0.700	0.100	0.100
0.100	0.100	0.700	0.100
0.100	0.700	0.100	0.100
0.100	0.100	0.700	0.100
0.100	0.700	0.100	0.100
