>ACAGGAARTG	1-ACAGGAARTG	7.371839	-546.253749	0	T:1718.0(37.36%),B:7444.0(17.00%),P:1e-237	Tpos:303.2,Tstd:235.2,Bpos:244.8,Bstd:149.3,StrandBias:0.1,Multiplicity:1.31
0.475	0.134	0.283	0.108
0.121	0.635	0.243	0.001
0.575	0.336	0.088	0.001
0.049	0.001	0.949	0.001
0.017	0.001	0.981	0.001
0.997	0.001	0.001	0.001
0.732	0.028	0.002	0.238
0.401	0.065	0.533	0.001
0.058	0.327	0.061	0.554
0.240	0.168	0.408	0.185
>NAAACCACAD	2-NAAACCACAD	7.233008	-216.548829	0	T:1253.0(27.25%),B:6716.3(15.34%),P:1e-94	Tpos:290.7,Tstd:226.6,Bpos:243.6,Bstd:147.1,StrandBias:0.0,Multiplicity:1.23
0.231	0.311	0.256	0.202
0.558	0.195	0.100	0.147
0.961	0.001	0.037	0.001
0.634	0.194	0.171	0.001
0.001	0.997	0.001	0.001
0.001	0.992	0.001	0.006
0.680	0.037	0.201	0.082
0.036	0.962	0.001	0.001
0.643	0.180	0.001	0.176
0.341	0.164	0.302	0.194
>GCCCCGCCCY	3-GCCCCGCCCY	7.290628	-183.477118	0	T:1377.0(29.94%),B:8049.8(18.38%),P:1e-79	Tpos:340.5,Tstd:269.5,Bpos:246.5,Bstd:155.1,StrandBias:0.0,Multiplicity:1.67
0.127	0.001	0.849	0.023
0.001	0.861	0.001	0.137
0.001	0.601	0.001	0.397
0.051	0.947	0.001	0.001
0.001	0.997	0.001	0.001
0.221	0.001	0.723	0.055
0.001	0.997	0.001	0.001
0.001	0.997	0.001	0.001
0.001	0.855	0.001	0.143
0.237	0.412	0.001	0.349
>CGGTTTCCTC	4-CGGTTTCCTC	7.079941	-122.393200	0	T:993.0(21.59%),B:5821.8(13.29%),P:1e-53	Tpos:327.1,Tstd:264.5,Bpos:244.9,Bstd:150.3,StrandBias:-0.2,Multiplicity:1.13
0.100	0.418	0.259	0.223
0.212	0.014	0.706	0.068
0.122	0.017	0.792	0.069
0.042	0.037	0.001	0.920
0.073	0.116	0.006	0.805
0.092	0.001	0.071	0.836
0.078	0.739	0.182	0.001
0.001	0.997	0.001	0.001
0.012	0.014	0.323	0.651
0.001	0.503	0.305	0.191
>CCACATCCKC	5-CCACATCCKC	8.638133	-109.758018	0	T:176.0(3.83%),B:443.6(1.01%),P:1e-47	Tpos:292.5,Tstd:227.7,Bpos:246.6,Bstd:139.4,StrandBias:-0.4,Multiplicity:1.14
0.001	0.997	0.001	0.001
0.001	0.612	0.001	0.386
0.997	0.001	0.001	0.001
0.001	0.997	0.001	0.001
0.997	0.001	0.001	0.001
0.001	0.001	0.001	0.997
0.001	0.997	0.001	0.001
0.001	0.997	0.001	0.001
0.001	0.001	0.449	0.549
0.001	0.942	0.020	0.037
>GVTGACTCAS	6-GVTGACTCAS	4.313030	-94.232479	0	T:470.0(10.22%),B:2296.9(5.24%),P:1e-40	Tpos:282.8,Tstd:242.5,Bpos:245.7,Bstd:141.7,StrandBias:0.0,Multiplicity:1.11
0.203	0.111	0.464	0.221
0.396	0.304	0.299	0.001
0.001	0.001	0.001	0.997
0.001	0.001	0.997	0.001
0.997	0.001	0.001	0.001
0.001	0.620	0.378	0.001
0.001	0.001	0.001	0.997
0.001	0.997	0.001	0.001
0.997	0.001	0.001	0.001
0.001	0.514	0.414	0.071
>SYGATTGGYD	7-SYGATTGGYD	6.734094	-85.709029	0	T:381.0(8.28%),B:1772.4(4.05%),P:1e-37	Tpos:297.6,Tstd:221.1,Bpos:245.7,Bstd:157.8,StrandBias:0.0,Multiplicity:1.21
0.013	0.428	0.288	0.272
0.152	0.370	0.167	0.311
0.026	0.175	0.586	0.213
0.837	0.037	0.045	0.081
0.036	0.047	0.062	0.855
0.033	0.073	0.018	0.876
0.112	0.299	0.553	0.036
0.186	0.041	0.737	0.036
0.160	0.419	0.122	0.300
0.222	0.163	0.250	0.364
>CGCCMYCTRG	8-CGCCMYCTRG	8.537654	-74.440940	0	T:483.0(10.50%),B:2594.4(5.92%),P:1e-32	Tpos:300.1,Tstd:251.9,Bpos:242.6,Bstd:148.4,StrandBias:0.1,Multiplicity:1.07
0.001	0.620	0.001	0.378
0.001	0.001	0.997	0.001
0.001	0.997	0.001	0.001
0.001	0.997	0.001	0.001
0.449	0.549	0.001	0.001
0.091	0.477	0.001	0.431
0.157	0.736	0.001	0.106
0.001	0.001	0.044	0.954
0.427	0.001	0.454	0.117
0.001	0.358	0.640	0.001
>GAAACCGAAA	9-GAAACCGAAA	7.327299	-73.861887	0	T:633.0(13.76%),B:3715.5(8.48%),P:1e-32	Tpos:305.8,Tstd:246.3,Bpos:243.5,Bstd:150.2,StrandBias:-0.3,Multiplicity:1.12
0.077	0.082	0.808	0.033
0.804	0.056	0.115	0.025
0.868	0.056	0.047	0.029
0.863	0.023	0.068	0.046
0.098	0.728	0.144	0.030
0.095	0.678	0.056	0.171
0.075	0.071	0.811	0.043
0.784	0.045	0.122	0.049
0.816	0.069	0.080	0.035
0.845	0.058	0.060	0.037
>GTGACGTMAT	10-GTGACGTMAT	7.731690	-65.371182	0	T:347.0(7.55%),B:1731.8(3.95%),P:1e-28	Tpos:293.1,Tstd:241.9,Bpos:245.4,Bstd:147.8,StrandBias:-0.0,Multiplicity:1.07
0.099	0.089	0.732	0.080
0.001	0.052	0.001	0.946
0.001	0.109	0.889	0.001
0.997	0.001	0.001	0.001
0.001	0.756	0.001	0.242
0.001	0.074	0.924	0.001
0.097	0.001	0.001	0.901
0.539	0.457	0.003	0.001
0.679	0.081	0.001	0.239
0.001	0.169	0.323	0.507
>ATTTCGCGCC	11-ATTTCGCGCC	4.738358	-62.812842	0	T:1185.0(25.77%),B:8399.4(19.18%),P:1e-27	Tpos:343.9,Tstd:284.2,Bpos:245.4,Bstd:156.7,StrandBias:-0.0,Multiplicity:1.31
0.684	0.088	0.111	0.117
0.094	0.099	0.100	0.707
0.107	0.112	0.084	0.697
0.105	0.094	0.078	0.723
0.119	0.705	0.101	0.075
0.091	0.120	0.690	0.099
0.087	0.724	0.099	0.090
0.113	0.102	0.691	0.094
0.123	0.679	0.109	0.089
0.109	0.700	0.074	0.117
>CAGGAAGGAA	12-CAGGAAGGAA	8.578388	-56.573689	0	T:478.0(10.39%),B:2783.7(6.36%),P:1e-24	Tpos:299.2,Tstd:226.0,Bpos:243.2,Bstd:141.9,StrandBias:-0.1,Multiplicity:1.07
0.053	0.517	0.125	0.305
0.639	0.359	0.001	0.001
0.090	0.001	0.908	0.001
0.093	0.001	0.905	0.001
0.868	0.001	0.130	0.001
0.675	0.271	0.005	0.049
0.001	0.001	0.997	0.001
0.001	0.001	0.915	0.083
0.900	0.001	0.001	0.098
0.674	0.001	0.153	0.172
>BCGCGCGAAW	13-BCGCGCGAAW	5.661632	-52.961623	0	T:432.0(9.39%),B:2488.3(5.68%),P:1e-23	Tpos:406.6,Tstd:335.6,Bpos:249.5,Bstd:170.7,StrandBias:-0.0,Multiplicity:1.28
0.073	0.311	0.305	0.311
0.019	0.696	0.155	0.130
0.011	0.145	0.690	0.154
0.007	0.699	0.152	0.142
0.132	0.161	0.704	0.003
0.156	0.665	0.171	0.008
0.140	0.162	0.541	0.157
0.649	0.128	0.151	0.072
0.567	0.134	0.152	0.147
0.448	0.106	0.001	0.445
>NDYNRCGKTD	14-NDYNRCGKTD	4.440691	-49.604285	0	T:1625.0(35.33%),B:12597.7(28.76%),P:1e-21	Tpos:331.0,Tstd:282.8,Bpos:245.7,Bstd:159.8,StrandBias:0.0,Multiplicity:1.37
0.227	0.257	0.190	0.326
0.312	0.117	0.298	0.274
0.045	0.320	0.177	0.458
0.295	0.213	0.220	0.272
0.516	0.007	0.404	0.073
0.010	0.988	0.001	0.001
0.001	0.022	0.976	0.001
0.201	0.141	0.280	0.377
0.238	0.079	0.230	0.453
0.294	0.141	0.251	0.315
>TRCGCWTGCG	15-TRCGCWTGCG	8.690544	-40.272748	0	T:134.0(2.91%),B:548.6(1.25%),P:1e-17	Tpos:325.2,Tstd:221.0,Bpos:246.6,Bstd:171.8,StrandBias:0.1,Multiplicity:1.14
0.014	0.216	0.199	0.571
0.362	0.144	0.493	0.001
0.110	0.855	0.016	0.019
0.023	0.034	0.868	0.075
0.114	0.822	0.035	0.029
0.391	0.196	0.070	0.343
0.205	0.001	0.127	0.667
0.079	0.109	0.748	0.064
0.036	0.847	0.001	0.116
0.001	0.102	0.780	0.117
>ACATCTCGGT	16-ACATCTCGGT	10.397637	-24.262743	0	T:48.0(1.04%),B:148.8(0.34%),P:1e-10	Tpos:302.7,Tstd:229.5,Bpos:251.3,Bstd:152.0,StrandBias:0.3,Multiplicity:1.02
0.737	0.001	0.261	0.001
0.121	0.608	0.270	0.001
0.878	0.120	0.001	0.001
0.001	0.001	0.381	0.617
0.001	0.893	0.022	0.084
0.001	0.001	0.001	0.997
0.001	0.782	0.001	0.216
0.001	0.001	0.997	0.001
0.001	0.049	0.851	0.099
0.001	0.001	0.001	0.997
>GCGCGTAKAC	17-GCGCGTAKAC	11.402475	-23.488052	0	T:9.0(0.20%),B:3.8(0.01%),P:1e-10	Tpos:261.8,Tstd:149.3,Bpos:171.7,Bstd:186.1,StrandBias:0.3,Multiplicity:1.00
0.001	0.001	0.758	0.240
0.001	0.758	0.240	0.001
0.001	0.001	0.582	0.416
0.001	0.997	0.001	0.001
0.001	0.001	0.997	0.001
0.001	0.001	0.001	0.997
0.997	0.001	0.001	0.001
0.176	0.001	0.342	0.482
0.997	0.001	0.001	0.001
0.001	0.758	0.001	0.240
>ATCACGTTCT	18-ATCACGTTCT	6.938115	-23.201499	0	T:217.0(4.72%),B:1304.4(2.98%),P:1e-10	Tpos:298.0,Tstd:243.3,Bpos:248.5,Bstd:144.9,StrandBias:-0.0,Multiplicity:1.07
0.573	0.119	0.117	0.191
0.096	0.126	0.171	0.607
0.013	0.841	0.046	0.100
0.424	0.085	0.225	0.265
0.195	0.445	0.243	0.117
0.155	0.224	0.411	0.211
0.098	0.157	0.221	0.524
0.114	0.256	0.049	0.581
0.001	0.875	0.036	0.088
0.088	0.084	0.038	0.790
>TGGCAACGAA	19-TGGCAACGAA	10.296193	-20.130476	0	T:8.0(0.17%),B:3.2(0.01%),P:1e-8	Tpos:386.5,Tstd:309.9,Bpos:256.9,Bstd:103.9,StrandBias:0.0,Multiplicity:1.00
0.100	0.100	0.100	0.700
0.100	0.100	0.700	0.100
0.100	0.100	0.700	0.100
0.100	0.700	0.100	0.100
0.700	0.100	0.100	0.100
0.700	0.100	0.100	0.100
0.100	0.700	0.100	0.100
0.100	0.100	0.700	0.100
0.700	0.100	0.100	0.100
0.700	0.100	0.100	0.100
>GTGACGGCGT	20-GTGACGGCGT	10.296193	-17.531470	0	T:9.0(0.20%),B:6.5(0.01%),P:1e-7	Tpos:216.1,Tstd:130.7,Bpos:225.0,Bstd:151.3,StrandBias:0.3,Multiplicity:1.00
0.100	0.100	0.700	0.100
0.100	0.100	0.100	0.700
0.100	0.100	0.700	0.100
0.700	0.100	0.100	0.100
0.100	0.700	0.100	0.100
0.100	0.100	0.700	0.100
0.100	0.100	0.700	0.100
0.100	0.700	0.100	0.100
0.100	0.100	0.700	0.100
0.100	0.100	0.100	0.700
>AAAAAAAAAA	21-AAAAAAAAAA	9.426231	-14.961385	0	T:619.0(13.46%),B:4852.3(11.08%),P:1e-6	Tpos:331.3,Tstd:290.3,Bpos:249.0,Bstd:164.4,StrandBias:0.0,Multiplicity:1.25
0.493	0.246	0.001	0.260
0.997	0.001	0.001	0.001
0.724	0.001	0.274	0.001
0.909	0.001	0.089	0.001
0.823	0.018	0.158	0.001
0.747	0.251	0.001	0.001
0.739	0.259	0.001	0.001
0.704	0.294	0.001	0.001
0.997	0.001	0.001	0.001
0.865	0.001	0.133	0.001
>TGTTAGAGGG	22-TGTTAGAGGG	6.404373	-8.121763	0	T:1427.0(31.03%),B:12574.3(28.71%),P:1e-3	Tpos:321.8,Tstd:259.6,Bpos:243.4,Bstd:142.9,StrandBias:0.2,Multiplicity:1.23
0.100	0.100	0.100	0.700
0.100	0.100	0.700	0.100
0.100	0.100	0.100	0.700
0.100	0.100	0.100	0.700
0.700	0.100	0.100	0.100
0.100	0.100	0.700	0.100
0.700	0.100	0.100	0.100
0.100	0.100	0.700	0.100
0.100	0.100	0.700	0.100
0.100	0.100	0.700	0.100
>GRATVACGTT	23-GRATVACGTT	8.585723	-7.801977	0	T:33.0(0.72%),B:163.4(0.37%),P:1e-3	Tpos:306.6,Tstd:175.0,Bpos:229.8,Bstd:153.5,StrandBias:0.3,Multiplicity:1.05
0.001	0.212	0.495	0.292
0.486	0.042	0.389	0.083
0.829	0.042	0.004	0.125
0.041	0.001	0.183	0.775
0.350	0.309	0.257	0.083
0.783	0.042	0.129	0.046
0.001	0.997	0.001	0.001
0.001	0.001	0.997	0.001
0.087	0.215	0.042	0.656
0.129	0.001	0.087	0.783
>ACAGCTCATC	24-ACAGCTCATC	10.296193	-2.579437	0	T:10.0(0.22%),B:56.6(0.13%),P:1e-1	Tpos:278.0,Tstd:185.1,Bpos:190.2,Bstd:120.6,StrandBias:3.3,Multiplicity:2.20
0.700	0.100	0.100	0.100
0.100	0.700	0.100	0.100
0.700	0.100	0.100	0.100
0.100	0.100	0.700	0.100
0.100	0.700	0.100	0.100
0.100	0.100	0.100	0.700
0.100	0.700	0.100	0.100
0.700	0.100	0.100	0.100
0.100	0.100	0.100	0.700
0.100	0.700	0.100	0.100
>GCAGTGCTAC	25-GCAGTGCTAC	10.296193	-2.070570	0	T:5.0(0.11%),B:25.9(0.06%),P:1e0	Tpos:338.3,Tstd:171.2,Bpos:188.5,Bstd:137.9,StrandBias:-3.3,Multiplicity:4.40
0.100	0.100	0.700	0.100
0.100	0.700	0.100	0.100
0.700	0.100	0.100	0.100
0.100	0.100	0.700	0.100
0.100	0.100	0.100	0.700
0.100	0.100	0.700	0.100
0.100	0.700	0.100	0.100
0.100	0.100	0.100	0.700
0.700	0.100	0.100	0.100
0.100	0.700	0.100	0.100
