>CAGGAAGT	1-CAGGAAGT	6.696935	-408.353751	0	T:2246.0(48.84%),B:12653.2(28.89%),P:1e-177	Tpos:308.2,Tstd:243.4,Bpos:243.7,Bstd:149.9,StrandBias:0.1,Multiplicity:1.50
0.069	0.549	0.381	0.001
0.553	0.395	0.051	0.001
0.001	0.018	0.980	0.001
0.001	0.001	0.963	0.035
0.983	0.001	0.001	0.015
0.815	0.001	0.001	0.183
0.407	0.001	0.591	0.001
0.001	0.342	0.089	0.568
>WAACCACA	2-WAACCACA	7.044414	-186.593793	0	T:1203.0(26.16%),B:6659.0(15.20%),P:1e-81	Tpos:284.9,Tstd:226.8,Bpos:242.2,Bstd:148.9,StrandBias:0.0,Multiplicity:1.22
0.387	0.136	0.104	0.373
0.805	0.023	0.125	0.047
0.660	0.148	0.191	0.001
0.001	0.990	0.008	0.001
0.001	0.858	0.069	0.072
0.707	0.027	0.216	0.050
0.049	0.914	0.007	0.030
0.697	0.117	0.031	0.155
>ACAGGAAG	3-ACAGGAAG	8.236954	-169.707549	0	T:514.0(11.18%),B:2004.4(4.58%),P:1e-73	Tpos:262.4,Tstd:193.3,Bpos:253.7,Bstd:142.5,StrandBias:-0.0,Multiplicity:1.07
0.700	0.100	0.100	0.100
0.100	0.700	0.100	0.100
0.700	0.100	0.100	0.100
0.100	0.100	0.700	0.100
0.100	0.100	0.700	0.100
0.700	0.100	0.100	0.100
0.700	0.100	0.100	0.100
0.100	0.100	0.700	0.100
>GAGGATGT	4-GAGGATGT	7.743914	-132.747848	0	T:961.0(20.90%),B:5444.5(12.43%),P:1e-57	Tpos:319.4,Tstd:274.4,Bpos:243.9,Bstd:144.3,StrandBias:0.2,Multiplicity:1.15
0.359	0.001	0.603	0.037
0.625	0.373	0.001	0.001
0.001	0.038	0.960	0.001
0.001	0.062	0.936	0.001
0.965	0.001	0.001	0.033
0.204	0.001	0.190	0.605
0.083	0.008	0.908	0.001
0.001	0.021	0.001	0.977
>TTTBCGDH	5-TTTBCGDH	5.514933	-130.767871	0	T:1245.0(27.07%),B:7697.9(17.58%),P:1e-56	Tpos:345.2,Tstd:291.6,Bpos:245.6,Bstd:162.5,StrandBias:0.0,Multiplicity:1.22
0.001	0.310	0.192	0.498
0.299	0.001	0.001	0.699
0.423	0.001	0.001	0.575
0.001	0.363	0.332	0.304
0.001	0.997	0.001	0.001
0.001	0.001	0.997	0.001
0.298	0.001	0.375	0.325
0.258	0.222	0.153	0.366
>GGCGGGRH	6-GGCGGGRH	7.670621	-86.428640	0	T:1029.0(22.37%),B:6642.7(15.17%),P:1e-37	Tpos:360.5,Tstd:280.2,Bpos:245.1,Bstd:166.1,StrandBias:-0.1,Multiplicity:1.83
0.001	0.001	0.945	0.053
0.001	0.033	0.945	0.021
0.001	0.817	0.001	0.181
0.001	0.001	0.960	0.038
0.001	0.001	0.897	0.101
0.355	0.041	0.579	0.025
0.350	0.049	0.494	0.108
0.257	0.368	0.063	0.313
>GACGTMAT	7-GACGTMAT	4.963348	-82.836067	0	T:1252.0(27.22%),B:8552.1(19.53%),P:1e-35	Tpos:332.7,Tstd:271.1,Bpos:244.9,Bstd:159.4,StrandBias:-0.0,Multiplicity:1.33
0.067	0.287	0.488	0.158
0.566	0.079	0.268	0.087
0.001	0.928	0.025	0.046
0.037	0.001	0.931	0.031
0.032	0.022	0.089	0.857
0.305	0.428	0.199	0.068
0.760	0.080	0.104	0.056
0.007	0.290	0.218	0.485
>RTGAGTCA	8-RTGAGTCA	8.596281	-82.218425	0	T:487.0(10.59%),B:2536.1(5.79%),P:1e-35	Tpos:278.7,Tstd:237.4,Bpos:243.8,Bstd:142.1,StrandBias:0.0,Multiplicity:1.12
0.285	0.280	0.434	0.001
0.001	0.001	0.001	0.997
0.001	0.001	0.997	0.001
0.997	0.001	0.001	0.001
0.001	0.295	0.703	0.001
0.001	0.001	0.001	0.997
0.001	0.997	0.001	0.001
0.997	0.001	0.001	0.001
>SGCGGKAA	9-SGCGGKAA	5.949761	-67.944309	0	T:901.0(19.59%),B:5926.0(13.53%),P:1e-29	Tpos:358.8,Tstd:299.4,Bpos:242.5,Bstd:170.2,StrandBias:-0.0,Multiplicity:1.45
0.058	0.544	0.397	0.001
0.001	0.001	0.997	0.001
0.001	0.997	0.001	0.001
0.001	0.001	0.997	0.001
0.128	0.294	0.503	0.075
0.001	0.001	0.512	0.486
0.649	0.001	0.001	0.349
0.629	0.001	0.025	0.345
>CCACGCCC	10-CCACGCCC	8.805591	-62.157829	0	T:583.0(12.68%),B:3502.0(8.00%),P:1e-26	Tpos:345.8,Tstd:284.0,Bpos:245.5,Bstd:152.2,StrandBias:0.2,Multiplicity:1.18
0.001	0.997	0.001	0.001
0.001	0.997	0.001	0.001
0.997	0.001	0.001	0.001
0.001	0.997	0.001	0.001
0.307	0.001	0.691	0.001
0.001	0.997	0.001	0.001
0.001	0.997	0.001	0.001
0.001	0.848	0.001	0.150
>GGGTGGAG	11-GGGTGGAG	8.974844	-57.767929	0	T:971.0(21.11%),B:6703.6(15.31%),P:1e-25	Tpos:327.4,Tstd:279.4,Bpos:244.2,Bstd:148.0,StrandBias:0.1,Multiplicity:1.30
0.001	0.001	0.997	0.001
0.001	0.001	0.997	0.001
0.001	0.001	0.997	0.001
0.001	0.001	0.001	0.997
0.001	0.001	0.997	0.001
0.001	0.001	0.997	0.001
0.571	0.052	0.376	0.001
0.215	0.001	0.783	0.001
>CCGATTGG	12-CCGATTGG	5.872246	-57.727114	0	T:842.0(18.31%),B:5637.4(12.87%),P:1e-25	Tpos:316.7,Tstd:250.2,Bpos:244.6,Bstd:151.5,StrandBias:-0.0,Multiplicity:1.25
0.014	0.658	0.169	0.159
0.115	0.669	0.036	0.180
0.001	0.037	0.734	0.228
0.815	0.001	0.064	0.120
0.059	0.050	0.143	0.748
0.082	0.027	0.050	0.841
0.065	0.143	0.689	0.103
0.032	0.084	0.850	0.034
>TTACCACA	13-TTACCACA	6.237255	-53.561639	0	T:1063.0(23.11%),B:7571.2(17.29%),P:1e-23	Tpos:296.9,Tstd:253.4,Bpos:246.8,Bstd:143.7,StrandBias:0.2,Multiplicity:1.18
0.023	0.041	0.001	0.935
0.001	0.211	0.206	0.582
0.946	0.001	0.052	0.001
0.030	0.968	0.001	0.001
0.001	0.959	0.001	0.039
0.954	0.001	0.012	0.033
0.028	0.935	0.001	0.036
0.941	0.001	0.031	0.027
>AGCGWTAA	14-AGCGWTAA	1.924565	-42.542521	0	T:708.0(15.39%),B:4847.2(11.07%),P:1e-18	Tpos:328.5,Tstd:263.4,Bpos:248.6,Bstd:158.4,StrandBias:0.0,Multiplicity:1.11
0.500	0.001	0.311	0.188
0.001	0.001	0.997	0.001
0.001	0.997	0.001	0.001
0.001	0.001	0.997	0.001
0.520	0.001	0.001	0.478
0.407	0.001	0.001	0.591
0.997	0.001	0.001	0.001
0.635	0.001	0.363	0.001
>TTTCACTT	15-TTTCACTT	9.127826	-37.432433	0	T:308.0(6.70%),B:1778.9(4.06%),P:1e-16	Tpos:308.2,Tstd:252.2,Bpos:244.8,Bstd:150.1,StrandBias:0.1,Multiplicity:1.04
0.001	0.001	0.073	0.925
0.001	0.147	0.001	0.851
0.001	0.001	0.001	0.997
0.001	0.997	0.001	0.001
0.772	0.226	0.001	0.001
0.006	0.759	0.234	0.001
0.001	0.001	0.001	0.997
0.001	0.001	0.001	0.997
>TCGGTTAT	16-TCGGTTAT	6.985879	-34.536384	0	T:102.0(2.22%),B:394.3(0.90%),P:1e-14	Tpos:314.0,Tstd:253.2,Bpos:242.4,Bstd:157.5,StrandBias:0.1,Multiplicity:1.01
0.171	0.001	0.001	0.827
0.001	0.997	0.001	0.001
0.001	0.124	0.874	0.001
0.001	0.001	0.900	0.098
0.001	0.001	0.001	0.997
0.001	0.001	0.001	0.997
0.997	0.001	0.001	0.001
0.123	0.001	0.001	0.875
>AATAGCGC	17-AATAGCGC	6.511600	-33.976564	0	T:541.0(11.76%),B:3663.9(8.37%),P:1e-14	Tpos:331.9,Tstd:279.9,Bpos:241.9,Bstd:162.7,StrandBias:-0.2,Multiplicity:1.19
0.585	0.001	0.413	0.001
0.706	0.156	0.137	0.001
0.001	0.032	0.179	0.788
0.604	0.018	0.213	0.165
0.001	0.001	0.997	0.001
0.079	0.919	0.001	0.001
0.002	0.032	0.965	0.001
0.001	0.952	0.006	0.041
>GCGCCTAA	18-GCGCCTAA	8.626164	-33.454234	0	T:106.0(2.30%),B:425.4(0.97%),P:1e-14	Tpos:355.0,Tstd:264.7,Bpos:248.9,Bstd:169.9,StrandBias:-0.4,Multiplicity:1.02
0.357	0.001	0.641	0.001
0.001	0.997	0.001	0.001
0.001	0.001	0.997	0.001
0.320	0.678	0.001	0.001
0.001	0.997	0.001	0.001
0.242	0.001	0.001	0.756
0.997	0.001	0.001	0.001
0.997	0.001	0.001	0.001
>GCGAATKC	19-GCGAATKC	7.567962	-30.706012	0	T:189.0(4.11%),B:999.1(2.28%),P:1e-13	Tpos:319.6,Tstd:217.0,Bpos:245.0,Bstd:163.5,StrandBias:0.0,Multiplicity:1.08
0.080	0.001	0.897	0.022
0.001	0.997	0.001	0.001
0.001	0.001	0.997	0.001
0.869	0.129	0.001	0.001
0.780	0.001	0.045	0.174
0.001	0.001	0.001	0.997
0.221	0.031	0.376	0.372
0.120	0.878	0.001	0.001
>AAAMCAAA	20-AAAMCAAA	6.385942	-25.181081	0	T:1006.0(21.87%),B:7875.2(17.98%),P:1e-10	Tpos:308.7,Tstd:262.4,Bpos:244.8,Bstd:155.1,StrandBias:0.0,Multiplicity:1.28
0.997	0.001	0.001	0.001
0.997	0.001	0.001	0.001
0.997	0.001	0.001	0.001
0.516	0.482	0.001	0.001
0.028	0.970	0.001	0.001
0.891	0.010	0.098	0.001
0.997	0.001	0.001	0.001
0.592	0.022	0.385	0.001
>GCCCKCTA	21-GCCCKCTA	7.400089	-23.999066	0	T:159.0(3.46%),B:866.0(1.98%),P:1e-10	Tpos:310.6,Tstd:237.8,Bpos:241.0,Bstd:150.5,StrandBias:0.4,Multiplicity:1.04
0.110	0.183	0.683	0.024
0.110	0.864	0.001	0.025
0.001	0.808	0.190	0.001
0.121	0.711	0.124	0.044
0.001	0.089	0.468	0.443
0.073	0.785	0.081	0.061
0.109	0.100	0.001	0.790
0.947	0.001	0.007	0.045
>CCRATCCG	22-CCRATCCG	7.023240	-23.210408	0	T:101.0(2.20%),B:473.4(1.08%),P:1e-10	Tpos:349.6,Tstd:313.2,Bpos:256.0,Bstd:162.3,StrandBias:0.5,Multiplicity:1.02
0.001	0.997	0.001	0.001
0.044	0.954	0.001	0.001
0.504	0.001	0.494	0.001
0.997	0.001	0.001	0.001
0.001	0.001	0.001	0.997
0.214	0.784	0.001	0.001
0.001	0.997	0.001	0.001
0.001	0.001	0.997	0.001
>CATCTCCG	23-CATCTCCG	8.752921	-20.806379	0	T:109.0(2.37%),B:550.6(1.26%),P:1e-9	Tpos:313.4,Tstd:243.3,Bpos:241.8,Bstd:147.7,StrandBias:-0.1,Multiplicity:1.20
0.001	0.876	0.001	0.122
0.997	0.001	0.001	0.001
0.001	0.001	0.001	0.997
0.001	0.997	0.001	0.001
0.001	0.001	0.001	0.997
0.192	0.806	0.001	0.001
0.001	0.997	0.001	0.001
0.001	0.001	0.997	0.001
>GCGCGCGC	24-GCGCGCGC	8.236954	-20.390833	0	T:167.0(3.63%),B:971.5(2.22%),P:1e-8	Tpos:369.0,Tstd:329.9,Bpos:250.5,Bstd:184.2,StrandBias:0.0,Multiplicity:1.09
0.100	0.100	0.700	0.100
0.100	0.700	0.100	0.100
0.100	0.100	0.700	0.100
0.100	0.700	0.100	0.100
0.100	0.100	0.700	0.100
0.100	0.700	0.100	0.100
0.100	0.100	0.700	0.100
0.100	0.700	0.100	0.100
