>NCCACTTCCTGT	1-NCCACTTCCTGT	7.861120	-526.615628	0	T:1652.0(35.92%),B:7109.3(16.23%),P:1e-228	Tpos:298.0,Tstd:231.9,Bpos:246.0,Bstd:144.8,StrandBias:-0.1,Multiplicity:1.33
0.231	0.280	0.269	0.219
0.188	0.410	0.167	0.235
0.154	0.440	0.177	0.229
0.566	0.124	0.210	0.100
0.006	0.660	0.034	0.300
0.202	0.002	0.006	0.790
0.002	0.008	0.001	0.989
0.001	0.993	0.005	0.001
0.001	0.964	0.001	0.034
0.001	0.020	0.133	0.846
0.011	0.237	0.614	0.138
0.105	0.310	0.100	0.485
>GCCCYCTAGTGG	2-GCCCYCTAGTGG	11.030463	-205.872608	0	T:213.0(4.63%),B:348.5(0.80%),P:1e-89	Tpos:251.2,Tstd:180.6,Bpos:238.2,Bstd:140.5,StrandBias:0.1,Multiplicity:1.01
0.001	0.001	0.839	0.159
0.156	0.842	0.001	0.001
0.001	0.997	0.001	0.001
0.419	0.579	0.001	0.001
0.070	0.453	0.001	0.476
0.001	0.997	0.001	0.001
0.001	0.001	0.001	0.997
0.640	0.001	0.209	0.150
0.001	0.261	0.658	0.080
0.035	0.042	0.001	0.922
0.034	0.001	0.964	0.001
0.001	0.001	0.842	0.156
>NHAACCACADNN	3-NHAACCACADNN	8.478723	-187.292905	0	T:945.0(20.55%),B:4743.0(10.83%),P:1e-81	Tpos:281.6,Tstd:215.7,Bpos:244.4,Bstd:144.0,StrandBias:0.1,Multiplicity:1.15
0.204	0.246	0.266	0.284
0.350	0.221	0.170	0.259
0.997	0.001	0.001	0.001
0.608	0.001	0.390	0.001
0.001	0.997	0.001	0.001
0.001	0.997	0.001	0.001
0.997	0.001	0.001	0.001
0.186	0.812	0.001	0.001
0.981	0.017	0.001	0.001
0.345	0.174	0.286	0.195
0.279	0.283	0.279	0.158
0.233	0.338	0.208	0.220
>NVDGGGCGGGGC	4-NVDGGGCGGGGC	8.142820	-176.579116	0	T:1457.0(31.68%),B:8776.9(20.04%),P:1e-76	Tpos:339.0,Tstd:270.9,Bpos:246.2,Bstd:153.4,StrandBias:-0.1,Multiplicity:1.62
0.285	0.218	0.195	0.303
0.226	0.251	0.354	0.169
0.338	0.001	0.352	0.309
0.141	0.001	0.857	0.001
0.001	0.001	0.997	0.001
0.001	0.001	0.997	0.001
0.098	0.531	0.001	0.370
0.001	0.001	0.997	0.001
0.001	0.071	0.803	0.125
0.390	0.001	0.608	0.001
0.196	0.001	0.802	0.001
0.264	0.493	0.001	0.242
>BNCMCCGCSYCT	5-BNCMCCGCSYCT	7.125859	-78.760663	0	T:804.0(17.48%),B:4967.1(11.34%),P:1e-34	Tpos:345.6,Tstd:279.2,Bpos:239.5,Bstd:161.1,StrandBias:0.2,Multiplicity:1.20
0.155	0.327	0.235	0.283
0.182	0.233	0.301	0.284
0.256	0.472	0.156	0.116
0.535	0.444	0.001	0.020
0.321	0.671	0.007	0.001
0.001	0.997	0.001	0.001
0.001	0.001	0.997	0.001
0.031	0.755	0.035	0.179
0.109	0.451	0.348	0.092
0.201	0.468	0.001	0.329
0.119	0.546	0.046	0.289
0.001	0.001	0.001	0.997
>BNRGTTTCCTTH	6-BNRGTTTCCTTH	9.001686	-77.352302	0	T:539.0(11.72%),B:2967.1(6.77%),P:1e-33	Tpos:299.1,Tstd:270.9,Bpos:247.9,Bstd:148.1,StrandBias:-0.3,Multiplicity:1.07
0.182	0.228	0.368	0.222
0.234	0.284	0.222	0.261
0.327	0.001	0.446	0.226
0.001	0.220	0.778	0.001
0.001	0.001	0.025	0.973
0.001	0.060	0.001	0.938
0.001	0.001	0.001	0.997
0.001	0.789	0.001	0.209
0.001	0.997	0.001	0.001
0.001	0.001	0.001	0.997
0.001	0.312	0.219	0.467
0.349	0.276	0.128	0.247
>AGTTTCGGTTTC	7-AGTTTCGGTTTC	9.275778	-70.835155	0	T:173.0(3.76%),B:591.9(1.35%),P:1e-30	Tpos:280.3,Tstd:208.6,Bpos:251.7,Bstd:143.6,StrandBias:0.0,Multiplicity:1.04
0.836	0.014	0.095	0.055
0.014	0.085	0.823	0.078
0.082	0.062	0.031	0.825
0.014	0.030	0.033	0.923
0.029	0.084	0.045	0.842
0.049	0.632	0.131	0.188
0.130	0.075	0.701	0.094
0.067	0.088	0.755	0.090
0.051	0.014	0.023	0.912
0.001	0.025	0.031	0.943
0.001	0.088	0.014	0.897
0.029	0.917	0.029	0.025
>CTGATTGGTTAG	8-CTGATTGGTTAG	9.199632	-57.363726	0	T:151.0(3.28%),B:541.1(1.24%),P:1e-24	Tpos:338.5,Tstd:259.3,Bpos:249.3,Bstd:151.8,StrandBias:0.1,Multiplicity:1.10
0.043	0.788	0.076	0.093
0.090	0.011	0.043	0.856
0.033	0.112	0.827	0.028
0.773	0.103	0.104	0.020
0.013	0.038	0.076	0.873
0.032	0.001	0.110	0.857
0.030	0.043	0.807	0.120
0.011	0.063	0.882	0.044
0.049	0.094	0.043	0.814
0.022	0.045	0.109	0.824
0.842	0.037	0.075	0.046
0.076	0.035	0.863	0.026
>GTGACGTCABSD	9-GTGACGTCABSD	8.295101	-54.069482	0	T:357.0(7.76%),B:1924.6(4.39%),P:1e-23	Tpos:296.8,Tstd:244.0,Bpos:247.4,Bstd:143.0,StrandBias:0.1,Multiplicity:1.05
0.275	0.115	0.554	0.056
0.001	0.016	0.032	0.951
0.001	0.092	0.858	0.049
0.991	0.001	0.001	0.007
0.082	0.662	0.001	0.255
0.205	0.228	0.456	0.110
0.001	0.001	0.001	0.997
0.028	0.943	0.028	0.001
0.850	0.069	0.001	0.080
0.001	0.287	0.323	0.389
0.137	0.364	0.320	0.179
0.226	0.121	0.345	0.309
>KTGCGCATGCGC	10-KTGCGCATGCGC	10.448891	-52.893699	0	T:170.0(3.70%),B:680.6(1.55%),P:1e-22	Tpos:327.6,Tstd:222.6,Bpos:238.1,Bstd:171.6,StrandBias:-0.1,Multiplicity:1.16
0.023	0.143	0.385	0.448
0.120	0.109	0.207	0.564
0.073	0.001	0.925	0.001
0.040	0.958	0.001	0.001
0.001	0.001	0.997	0.001
0.001	0.718	0.280	0.001
0.486	0.237	0.001	0.276
0.031	0.001	0.354	0.614
0.001	0.001	0.997	0.001
0.222	0.776	0.001	0.001
0.001	0.001	0.997	0.001
0.001	0.822	0.001	0.176
>CGGATTTCGCGC	11-CGGATTTCGCGC	10.560045	-51.040994	0	T:54.0(1.17%),B:94.0(0.21%),P:1e-22	Tpos:438.1,Tstd:385.9,Bpos:279.6,Bstd:172.5,StrandBias:-0.1,Multiplicity:1.00
0.001	0.963	0.001	0.035
0.035	0.071	0.893	0.001
0.035	0.012	0.952	0.001
0.622	0.206	0.098	0.074
0.001	0.035	0.146	0.818
0.035	0.158	0.001	0.806
0.036	0.072	0.134	0.758
0.001	0.783	0.145	0.071
0.001	0.150	0.742	0.107
0.072	0.856	0.036	0.036
0.035	0.001	0.963	0.001
0.072	0.856	0.036	0.036
>ACGCKAAGAGCA	12-ACGCKAAGAGCA	13.090762	-34.872328	0	T:11.0(0.24%),B:2.3(0.01%),P:1e-15	Tpos:247.7,Tstd:127.0,Bpos:188.4,Bstd:44.9,StrandBias:0.3,Multiplicity:1.00
0.997	0.001	0.001	0.001
0.001	0.997	0.001	0.001
0.001	0.001	0.997	0.001
0.001	0.997	0.001	0.001
0.001	0.173	0.413	0.413
0.997	0.001	0.001	0.001
0.997	0.001	0.001	0.001
0.001	0.001	0.997	0.001
0.826	0.172	0.001	0.001
0.001	0.001	0.997	0.001
0.001	0.997	0.001	0.001
0.997	0.001	0.001	0.001
>GCGGATGGCGGG	13-GCGGATGGCGGG	14.319699	-27.043138	0	T:9.0(0.20%),B:2.6(0.01%),P:1e-11	Tpos:255.3,Tstd:121.7,Bpos:383.1,Bstd:7.6,StrandBias:-0.3,Multiplicity:1.00
0.001	0.001	0.997	0.001
0.001	0.997	0.001	0.001
0.001	0.001	0.997	0.001
0.001	0.001	0.997	0.001
0.997	0.001	0.001	0.001
0.001	0.001	0.001	0.997
0.001	0.001	0.997	0.001
0.001	0.001	0.997	0.001
0.001	0.997	0.001	0.001
0.001	0.001	0.997	0.001
0.001	0.102	0.896	0.001
0.001	0.001	0.997	0.001
>GGAACACCTTCA	14-GGAACACCTTCA	12.355432	-23.281289	0	T:8.0(0.17%),B:2.9(0.01%),P:1e-10	Tpos:283.4,Tstd:92.0,Bpos:158.3,Bstd:137.5,StrandBias:0.7,Multiplicity:1.00
0.100	0.100	0.700	0.100
0.100	0.100	0.700	0.100
0.700	0.100	0.100	0.100
0.700	0.100	0.100	0.100
0.100	0.700	0.100	0.100
0.700	0.100	0.100	0.100
0.100	0.700	0.100	0.100
0.100	0.700	0.100	0.100
0.100	0.100	0.100	0.700
0.100	0.100	0.100	0.700
0.100	0.700	0.100	0.100
0.700	0.100	0.100	0.100
>TAACGTCGAKGG	15-TAACGTCGAKGG	12.190593	-16.145489	0	T:5.0(0.11%),B:1.8(0.00%),P:1e-7	Tpos:250.2,Tstd:165.1,Bpos:285.9,Bstd:56.5,StrandBias:0.6,Multiplicity:1.00
0.134	0.001	0.001	0.864
0.626	0.001	0.001	0.372
0.626	0.001	0.001	0.372
0.001	0.997	0.001	0.001
0.372	0.001	0.626	0.001
0.135	0.001	0.118	0.746
0.237	0.761	0.001	0.001
0.237	0.001	0.761	0.001
0.997	0.001	0.001	0.001
0.001	0.118	0.373	0.508
0.001	0.016	0.982	0.001
0.001	0.001	0.997	0.001
>GTGTGGAGGACC	16-GTGTGGAGGACC	-0.286134	-16.003130	0	T:418.0(9.09%),B:3086.4(7.05%),P:1e-6	Tpos:297.9,Tstd:249.5,Bpos:244.7,Bstd:144.5,StrandBias:-0.4,Multiplicity:1.08
0.001	0.001	0.997	0.001
0.001	0.001	0.001	0.997
0.001	0.001	0.997	0.001
0.001	0.001	0.001	0.997
0.001	0.001	0.997	0.001
0.001	0.001	0.997	0.001
0.952	0.001	0.001	0.046
0.001	0.001	0.997	0.001
0.001	0.001	0.997	0.001
0.997	0.001	0.001	0.001
0.001	0.997	0.001	0.001
0.001	0.997	0.001	0.001
>TTTTTTTTTTTT	17-TTTTTTTTTTTT	11.390157	-15.077720	0	T:161.0(3.50%),B:1010.0(2.31%),P:1e-6	Tpos:332.6,Tstd:287.2,Bpos:248.7,Bstd:168.0,StrandBias:-0.1,Multiplicity:1.04
0.037	0.155	0.159	0.649
0.040	0.054	0.035	0.871
0.031	0.123	0.034	0.812
0.050	0.081	0.026	0.843
0.042	0.187	0.030	0.741
0.030	0.242	0.060	0.668
0.031	0.228	0.150	0.591
0.027	0.192	0.104	0.677
0.036	0.242	0.024	0.698
0.100	0.196	0.059	0.645
0.027	0.227	0.034	0.712
0.170	0.041	0.170	0.619
>TAGCACTGCCTC	18-TAGCACTGCCTC	-0.374673	-12.656209	0	T:563.0(12.24%),B:4452.1(10.17%),P:1e-5	Tpos:318.2,Tstd:275.1,Bpos:248.0,Bstd:143.5,StrandBias:0.3,Multiplicity:1.15
0.001	0.001	0.001	0.997
0.997	0.001	0.001	0.001
0.001	0.001	0.997	0.001
0.001	0.997	0.001	0.001
0.997	0.001	0.001	0.001
0.001	0.997	0.001	0.001
0.001	0.044	0.001	0.954
0.001	0.001	0.997	0.001
0.001	0.954	0.044	0.001
0.001	0.997	0.001	0.001
0.001	0.001	0.001	0.997
0.001	0.997	0.001	0.001
>GCCTGACTGACA	19-GCCTGACTGACA	11.261962	-12.228474	0	T:11.0(0.24%),B:18.6(0.04%),P:1e-5	Tpos:354.4,Tstd:285.6,Bpos:218.5,Bstd:146.7,StrandBias:1.3,Multiplicity:1.91
0.001	0.001	0.997	0.001
0.001	0.997	0.001	0.001
0.001	0.997	0.001	0.001
0.001	0.001	0.001	0.997
0.001	0.001	0.997	0.001
0.997	0.001	0.001	0.001
0.001	0.997	0.001	0.001
0.001	0.001	0.001	0.997
0.001	0.081	0.917	0.001
0.939	0.001	0.059	0.001
0.001	0.997	0.001	0.001
0.997	0.001	0.001	0.001
>TCAGCAACACAC	20-TCAGCAACACAC	13.982710	-9.588863	0	T:4.0(0.09%),B:2.1(0.00%),P:1e-4	Tpos:104.7,Tstd:67.3,Bpos:261.2,Bstd:21.0,StrandBias:3.2,Multiplicity:2.50
0.001	0.001	0.001	0.997
0.001	0.997	0.001	0.001
0.997	0.001	0.001	0.001
0.001	0.001	0.997	0.001
0.001	0.997	0.001	0.001
0.997	0.001	0.001	0.001
0.997	0.001	0.001	0.001
0.001	0.997	0.001	0.001
0.919	0.001	0.001	0.079
0.001	0.919	0.001	0.079
0.997	0.001	0.001	0.001
0.001	0.997	0.001	0.001
>ACCATCCGAACA	21-ACCATCCGAACA	10.177665	-9.474590	0	T:5.0(0.11%),B:4.6(0.01%),P:1e-4	Tpos:101.5,Tstd:53.9,Bpos:228.1,Bstd:52.0,StrandBias:2.5,Multiplicity:2.60
0.997	0.001	0.001	0.001
0.001	0.997	0.001	0.001
0.001	0.997	0.001	0.001
0.997	0.001	0.001	0.001
0.001	0.001	0.001	0.997
0.001	0.978	0.001	0.020
0.001	0.704	0.001	0.294
0.001	0.001	0.997	0.001
0.724	0.001	0.001	0.274
0.997	0.001	0.001	0.001
0.001	0.997	0.001	0.001
0.997	0.001	0.001	0.001
>GCACTGCCTCCA	22-GCACTGCCTCCA	11.222005	-9.247662	0	T:14.0(0.30%),B:39.8(0.09%),P:1e-4	Tpos:236.8,Tstd:162.0,Bpos:259.2,Bstd:153.5,StrandBias:0.5,Multiplicity:1.00
0.066	0.050	0.709	0.175
0.105	0.761	0.072	0.062
0.814	0.054	0.050	0.082
0.119	0.761	0.064	0.056
0.071	0.051	0.049	0.829
0.043	0.217	0.667	0.073
0.059	0.761	0.092	0.088
0.065	0.818	0.053	0.064
0.250	0.238	0.023	0.489
0.100	0.792	0.040	0.068
0.112	0.779	0.030	0.079
0.821	0.104	0.025	0.050
>TCATCACAGCTA	23-TCATCACAGCTA	9.628381	-7.619824	0	T:5.0(0.11%),B:6.4(0.01%),P:1e-3	Tpos:231.3,Tstd:182.3,Bpos:279.8,Bstd:134.1,StrandBias:10.0,Multiplicity:3.20
0.001	0.001	0.001	0.997
0.001	0.997	0.001	0.001
0.997	0.001	0.001	0.001
0.001	0.001	0.001	0.997
0.001	0.997	0.001	0.001
0.997	0.001	0.001	0.001
0.001	0.997	0.001	0.001
0.933	0.001	0.065	0.001
0.001	0.244	0.754	0.001
0.001	0.997	0.001	0.001
0.001	0.001	0.001	0.997
0.997	0.001	0.001	0.001
>CATCTACAAGAC	24-CATCTACAAGAC	14.149074	-5.270441	0	T:2.0(0.04%),B:1.7(0.00%),P:1e-2	Tpos:231.7,Tstd:90.6,Bpos:153.0,Bstd:0.0,StrandBias:3.0,Multiplicity:4.50
0.001	0.997	0.001	0.001
0.997	0.001	0.001	0.001
0.001	0.001	0.001	0.997
0.001	0.997	0.001	0.001
0.001	0.001	0.001	0.997
0.997	0.001	0.001	0.001
0.001	0.997	0.001	0.001
0.997	0.001	0.001	0.001
0.997	0.001	0.001	0.001
0.001	0.001	0.997	0.001
0.912	0.086	0.001	0.001
0.001	0.997	0.001	0.001
>TGGGACAGCTGT	25-TGGGACAGCTGT	12.355432	-3.953196	0	T:2.0(0.04%),B:2.5(0.01%),P:1e-1	Tpos:175.9,Tstd:64.5,Bpos:285.4,Bstd:94.8,StrandBias:10.0,Multiplicity:4.50
0.100	0.100	0.100	0.700
0.100	0.100	0.700	0.100
0.100	0.100	0.700	0.100
0.100	0.100	0.700	0.100
0.700	0.100	0.100	0.100
0.100	0.700	0.100	0.100
0.700	0.100	0.100	0.100
0.100	0.100	0.700	0.100
0.100	0.700	0.100	0.100
0.100	0.100	0.100	0.700
0.100	0.100	0.700	0.100
0.100	0.100	0.100	0.700
