Factor1: 1.463174802661888
Factor2: 0.683445339668743
