>ACAGGAAGTG	1-ACAGGAAGTG	7.039930	-133.583107	0	T:441.0(26.19%),B:5474.6(11.80%),P:1e-58	Tpos:284.4,Tstd:231.4,Bpos:240.9,Bstd:142.7,StrandBias:0.2,Multiplicity:1.17
0.571	0.081	0.265	0.083
0.186	0.607	0.143	0.064
0.732	0.107	0.118	0.043
0.050	0.231	0.712	0.007
0.063	0.028	0.840	0.069
0.866	0.020	0.094	0.020
0.692	0.092	0.067	0.149
0.202	0.179	0.569	0.050
0.007	0.315	0.070	0.608
0.190	0.181	0.419	0.210
>CCMCCTRGTG	2-CCMCCTRGTG	10.615363	-73.918892	0	T:90.0(5.34%),B:520.5(1.12%),P:1e-32	Tpos:282.2,Tstd:206.1,Bpos:245.0,Bstd:137.4,StrandBias:0.1,Multiplicity:1.02
0.001	0.997	0.001	0.001
0.001	0.997	0.001	0.001
0.550	0.448	0.001	0.001
0.001	0.658	0.001	0.340
0.001	0.997	0.001	0.001
0.214	0.001	0.001	0.784
0.487	0.001	0.511	0.001
0.001	0.001	0.997	0.001
0.001	0.001	0.001	0.997
0.001	0.001	0.997	0.001
>GTTTCCGTTM	3-GTTTCCGTTM	6.179100	-55.992691	0	T:496.0(29.45%),B:8828.3(19.03%),P:1e-24	Tpos:295.5,Tstd:250.5,Bpos:239.5,Bstd:145.2,StrandBias:0.0,Multiplicity:1.22
0.075	0.084	0.652	0.189
0.097	0.074	0.038	0.791
0.006	0.024	0.007	0.963
0.005	0.088	0.009	0.898
0.112	0.795	0.068	0.025
0.112	0.521	0.257	0.110
0.220	0.059	0.449	0.271
0.113	0.153	0.236	0.497
0.164	0.170	0.229	0.437
0.371	0.250	0.182	0.197
>DRTGASTCAY	4-DRTGASTCAY	4.458480	-49.183033	0	T:203.0(12.05%),B:2703.8(5.83%),P:1e-21	Tpos:294.4,Tstd:231.0,Bpos:239.4,Bstd:135.7,StrandBias:-0.0,Multiplicity:1.13
0.321	0.001	0.374	0.304
0.437	0.126	0.437	0.001
0.001	0.001	0.001	0.997
0.001	0.001	0.997	0.001
0.997	0.001	0.001	0.001
0.001	0.519	0.386	0.094
0.001	0.001	0.001	0.997
0.001	0.997	0.001	0.001
0.997	0.001	0.001	0.001
0.001	0.346	0.222	0.432
>ARCTCCGCCC	5-ARCTCCGCCC	7.804810	-48.816882	0	T:415.0(24.64%),B:7241.2(15.61%),P:1e-21	Tpos:345.2,Tstd:272.5,Bpos:236.9,Bstd:154.3,StrandBias:-0.1,Multiplicity:1.58
0.464	0.274	0.261	0.001
0.501	0.001	0.385	0.113
0.145	0.679	0.068	0.108
0.001	0.317	0.017	0.665
0.001	0.997	0.001	0.001
0.087	0.911	0.001	0.001
0.111	0.001	0.821	0.067
0.001	0.978	0.020	0.001
0.001	0.997	0.001	0.001
0.001	0.935	0.036	0.028
>ACATCAAAGG	6-ACATCAAAGG	6.377107	-39.801665	0	T:331.0(19.66%),B:5695.5(12.28%),P:1e-17	Tpos:293.5,Tstd:233.4,Bpos:239.0,Bstd:140.0,StrandBias:0.0,Multiplicity:1.18
0.523	0.167	0.080	0.230
0.146	0.620	0.184	0.050
0.471	0.076	0.149	0.304
0.147	0.101	0.121	0.631
0.112	0.714	0.108	0.066
0.848	0.054	0.026	0.072
0.666	0.133	0.151	0.050
0.750	0.102	0.069	0.079
0.060	0.151	0.595	0.194
0.282	0.109	0.468	0.141
>CGGACCGTAA	7-CGGACCGTAA	6.190921	-33.752111	0	T:117.0(6.95%),B:1436.8(3.10%),P:1e-14	Tpos:259.8,Tstd:167.3,Bpos:233.8,Bstd:158.2,StrandBias:0.2,Multiplicity:1.06
0.207	0.526	0.117	0.150
0.145	0.170	0.461	0.224
0.192	0.072	0.688	0.048
0.673	0.096	0.162	0.069
0.144	0.688	0.055	0.113
0.175	0.701	0.049	0.075
0.192	0.067	0.684	0.057
0.112	0.125	0.173	0.590
0.664	0.073	0.045	0.218
0.655	0.109	0.115	0.121
>GAACCAATCA	8-GAACCAATCA	8.345219	-31.888249	0	T:83.0(4.93%),B:876.4(1.89%),P:1e-13	Tpos:298.9,Tstd:236.1,Bpos:237.5,Bstd:141.2,StrandBias:0.1,Multiplicity:1.05
0.001	0.187	0.806	0.006
0.687	0.125	0.185	0.003
0.703	0.066	0.114	0.117
0.001	0.997	0.001	0.001
0.001	0.762	0.236	0.001
0.817	0.001	0.181	0.001
0.878	0.001	0.045	0.076
0.144	0.041	0.001	0.814
0.155	0.826	0.001	0.018
0.729	0.001	0.267	0.003
>TATTTGCATG	9-TATTTGCATG	8.517239	-31.570572	0	T:76.0(4.51%),B:766.9(1.65%),P:1e-13	Tpos:272.4,Tstd:295.4,Bpos:233.5,Bstd:140.7,StrandBias:0.2,Multiplicity:1.01
0.097	0.193	0.015	0.695
0.939	0.001	0.049	0.011
0.001	0.001	0.001	0.997
0.001	0.013	0.001	0.985
0.155	0.001	0.001	0.843
0.001	0.008	0.990	0.001
0.011	0.973	0.001	0.015
0.981	0.017	0.001	0.001
0.020	0.001	0.018	0.961
0.151	0.001	0.813	0.035
>SCGTGTABMA	10-SCGTGTABMA	6.478965	-31.228743	0	T:59.0(3.50%),B:507.7(1.09%),P:1e-13	Tpos:291.0,Tstd:204.7,Bpos:239.4,Bstd:144.4,StrandBias:-0.3,Multiplicity:1.02
0.005	0.345	0.426	0.224
0.089	0.552	0.345	0.014
0.002	0.142	0.845	0.011
0.018	0.059	0.178	0.745
0.203	0.174	0.419	0.205
0.034	0.187	0.035	0.744
0.492	0.126	0.156	0.225
0.005	0.296	0.395	0.304
0.374	0.403	0.044	0.180
0.500	0.174	0.295	0.031
>CSCGCCAAAT	11-CSCGCCAAAT	8.490408	-29.422421	0	T:36.0(2.14%),B:216.1(0.47%),P:1e-12	Tpos:421.9,Tstd:406.2,Bpos:244.7,Bstd:161.4,StrandBias:-0.2,Multiplicity:1.03
0.054	0.691	0.230	0.025
0.002	0.515	0.451	0.032
0.018	0.904	0.077	0.001
0.247	0.121	0.605	0.027
0.001	0.628	0.084	0.287
0.086	0.811	0.080	0.023
0.908	0.013	0.046	0.033
0.600	0.232	0.104	0.064
0.660	0.242	0.055	0.043
0.199	0.285	0.024	0.493
>TCACCTAGGC	12-TCACCTAGGC	8.567864	-29.415471	0	T:69.0(4.10%),B:686.5(1.48%),P:1e-12	Tpos:300.9,Tstd:202.1,Bpos:234.1,Bstd:141.2,StrandBias:0.2,Multiplicity:1.06
0.001	0.001	0.125	0.873
0.001	0.927	0.071	0.001
0.693	0.090	0.152	0.065
0.114	0.574	0.001	0.311
0.383	0.540	0.049	0.028
0.202	0.001	0.001	0.796
0.582	0.259	0.133	0.026
0.001	0.158	0.840	0.001
0.076	0.001	0.838	0.085
0.078	0.618	0.197	0.107
>GTTGGCGCTA	13-GTTGGCGCTA	9.811484	-28.750425	0	T:25.0(1.48%),B:103.1(0.22%),P:1e-12	Tpos:244.7,Tstd:254.7,Bpos:248.1,Bstd:148.3,StrandBias:0.5,Multiplicity:1.00
0.001	0.069	0.826	0.104
0.123	0.001	0.052	0.824
0.001	0.001	0.001	0.997
0.001	0.001	0.997	0.001
0.103	0.001	0.895	0.001
0.001	0.967	0.031	0.001
0.001	0.117	0.862	0.020
0.001	0.997	0.001	0.001
0.001	0.043	0.046	0.910
0.804	0.001	0.016	0.179
>GTNTCCTTTC	14-GTNTCCTTTC	7.040479	-28.727895	0	T:387.0(22.98%),B:7510.3(16.19%),P:1e-12	Tpos:303.2,Tstd:244.0,Bpos:237.8,Bstd:141.6,StrandBias:0.0,Multiplicity:1.15
0.134	0.074	0.791	0.001
0.234	0.051	0.040	0.675
0.165	0.265	0.276	0.295
0.313	0.055	0.011	0.621
0.018	0.959	0.022	0.001
0.087	0.571	0.288	0.054
0.001	0.001	0.001	0.997
0.001	0.227	0.001	0.771
0.001	0.223	0.001	0.775
0.001	0.997	0.001	0.001
>AAGCGCGTGC	15-AAGCGCGTGC	6.151302	-28.361615	0	T:358.0(21.26%),B:6839.1(14.74%),P:1e-12	Tpos:335.9,Tstd:261.0,Bpos:238.8,Bstd:165.3,StrandBias:0.1,Multiplicity:1.32
0.752	0.121	0.093	0.034
0.692	0.093	0.168	0.047
0.071	0.072	0.751	0.106
0.137	0.663	0.067	0.133
0.107	0.134	0.678	0.081
0.077	0.730	0.054	0.139
0.068	0.214	0.566	0.152
0.129	0.188	0.135	0.548
0.083	0.151	0.740	0.026
0.091	0.712	0.088	0.109
>GCCGGTCCTA	16-GCCGGTCCTA	8.326882	-24.486725	0	T:57.0(3.38%),B:568.1(1.22%),P:1e-10	Tpos:272.8,Tstd:217.8,Bpos:245.4,Bstd:147.3,StrandBias:-0.2,Multiplicity:1.04
0.135	0.001	0.863	0.001
0.001	0.893	0.105	0.001
0.094	0.652	0.175	0.079
0.037	0.001	0.961	0.001
0.001	0.060	0.938	0.001
0.001	0.080	0.001	0.918
0.001	0.997	0.001	0.001
0.001	0.997	0.001	0.001
0.001	0.001	0.001	0.997
0.906	0.014	0.030	0.050
>CCAATGATAG	17-CCAATGATAG	9.817856	-23.099681	0	T:31.0(1.84%),B:206.2(0.44%),P:1e-10	Tpos:281.0,Tstd:193.1,Bpos:240.4,Bstd:139.3,StrandBias:-1.1,Multiplicity:1.00
0.001	0.997	0.001	0.001
0.001	0.831	0.167	0.001
0.955	0.043	0.001	0.001
0.914	0.084	0.001	0.001
0.123	0.001	0.001	0.875
0.061	0.001	0.937	0.001
0.960	0.001	0.038	0.001
0.001	0.176	0.065	0.758
0.967	0.001	0.031	0.001
0.001	0.001	0.932	0.066
>GGCAGTTTTG	18-GGCAGTTTTG	8.595793	-22.360825	0	T:61.0(3.62%),B:670.0(1.44%),P:1e-9	Tpos:326.2,Tstd:222.5,Bpos:233.5,Bstd:140.8,StrandBias:-0.2,Multiplicity:1.05
0.086	0.215	0.552	0.147
0.178	0.114	0.707	0.001
0.210	0.728	0.036	0.026
0.985	0.013	0.001	0.001
0.037	0.283	0.671	0.009
0.058	0.022	0.101	0.819
0.200	0.145	0.189	0.466
0.054	0.212	0.128	0.606
0.010	0.041	0.001	0.948
0.001	0.012	0.777	0.210
>GCGACTCTCA	19-GCGACTCTCA	9.355627	-17.918252	0	T:34.0(2.02%),B:302.3(0.65%),P:1e-7	Tpos:323.3,Tstd:250.0,Bpos:234.7,Bstd:150.4,StrandBias:1.0,Multiplicity:1.15
0.025	0.050	0.754	0.171
0.001	0.853	0.001	0.145
0.001	0.001	0.929	0.069
0.943	0.055	0.001	0.001
0.036	0.725	0.109	0.130
0.029	0.001	0.001	0.969
0.001	0.829	0.001	0.169
0.121	0.001	0.001	0.877
0.001	0.997	0.001	0.001
0.997	0.001	0.001	0.001
>CTGTGTTCAG	20-CTGTGTTCAG	10.296193	-2.742401	0	T:8.0(0.48%),B:116.4(0.25%),P:1e-1	Tpos:161.1,Tstd:131.4,Bpos:236.8,Bstd:119.7,StrandBias:-2.2,Multiplicity:2.12
0.100	0.700	0.100	0.100
0.100	0.100	0.100	0.700
0.100	0.100	0.700	0.100
0.100	0.100	0.100	0.700
0.100	0.100	0.700	0.100
0.100	0.100	0.100	0.700
0.100	0.100	0.100	0.700
0.100	0.700	0.100	0.100
0.700	0.100	0.100	0.100
0.100	0.100	0.700	0.100
