>ACAGGAAGTG	1-ACAGGAAGTG	7.039930	-133.583107	0	T:441.0(26.19%),B:5474.6(11.80%),P:1e-58	Tpos:284.4,Tstd:231.4,Bpos:240.9,Bstd:142.7,StrandBias:0.2,Multiplicity:1.17
0.571	0.081	0.265	0.083
0.186	0.607	0.143	0.064
0.732	0.107	0.118	0.043
0.050	0.231	0.712	0.007
0.063	0.028	0.840	0.069
0.866	0.020	0.094	0.020
0.692	0.092	0.067	0.149
0.202	0.179	0.569	0.050
0.007	0.315	0.070	0.608
0.190	0.181	0.419	0.210
>CCMCCTRGTG	2-CCMCCTRGTG	10.615363	-73.918892	0	T:90.0(5.34%),B:520.5(1.12%),P:1e-32	Tpos:282.2,Tstd:206.1,Bpos:245.0,Bstd:137.4,StrandBias:0.1,Multiplicity:1.02
0.001	0.997	0.001	0.001
0.001	0.997	0.001	0.001
0.550	0.448	0.001	0.001
0.001	0.658	0.001	0.340
0.001	0.997	0.001	0.001
0.214	0.001	0.001	0.784
0.487	0.001	0.511	0.001
0.001	0.001	0.997	0.001
0.001	0.001	0.001	0.997
0.001	0.001	0.997	0.001
>GTTTCCGTTM	3-GTTTCCGTTM	6.179100	-55.992691	0	T:496.0(29.45%),B:8828.3(19.03%),P:1e-24	Tpos:295.5,Tstd:250.5,Bpos:239.5,Bstd:145.2,StrandBias:0.0,Multiplicity:1.22
0.075	0.084	0.652	0.189
0.097	0.074	0.038	0.791
0.006	0.024	0.007	0.963
0.005	0.088	0.009	0.898
0.112	0.795	0.068	0.025
0.112	0.521	0.257	0.110
0.220	0.059	0.449	0.271
0.113	0.153	0.236	0.497
0.164	0.170	0.229	0.437
0.371	0.250	0.182	0.197
>DRTGASTCAY	4-DRTGASTCAY	4.458480	-49.183033	0	T:203.0(12.05%),B:2703.8(5.83%),P:1e-21	Tpos:294.4,Tstd:231.0,Bpos:239.4,Bstd:135.7,StrandBias:-0.0,Multiplicity:1.13
0.321	0.001	0.374	0.304
0.437	0.126	0.437	0.001
0.001	0.001	0.001	0.997
0.001	0.001	0.997	0.001
0.997	0.001	0.001	0.001
0.001	0.519	0.386	0.094
0.001	0.001	0.001	0.997
0.001	0.997	0.001	0.001
0.997	0.001	0.001	0.001
0.001	0.346	0.222	0.432
>ARCTCCGCCC	5-ARCTCCGCCC	7.804810	-48.816882	0	T:415.0(24.64%),B:7241.2(15.61%),P:1e-21	Tpos:345.2,Tstd:272.5,Bpos:236.9,Bstd:154.3,StrandBias:-0.1,Multiplicity:1.58
0.464	0.274	0.261	0.001
0.501	0.001	0.385	0.113
0.145	0.679	0.068	0.108
0.001	0.317	0.017	0.665
0.001	0.997	0.001	0.001
0.087	0.911	0.001	0.001
0.111	0.001	0.821	0.067
0.001	0.978	0.020	0.001
0.001	0.997	0.001	0.001
0.001	0.935	0.036	0.028
>ACATCAAAGG	6-ACATCAAAGG	6.377107	-39.801665	0	T:331.0(19.66%),B:5695.5(12.28%),P:1e-17	Tpos:293.5,Tstd:233.4,Bpos:239.0,Bstd:140.0,StrandBias:0.0,Multiplicity:1.18
0.523	0.167	0.080	0.230
0.146	0.620	0.184	0.050
0.471	0.076	0.149	0.304
0.147	0.101	0.121	0.631
0.112	0.714	0.108	0.066
0.848	0.054	0.026	0.072
0.666	0.133	0.151	0.050
0.750	0.102	0.069	0.079
0.060	0.151	0.595	0.194
0.282	0.109	0.468	0.141
>CGGACCGTAA	7-CGGACCGTAA	6.190921	-33.752111	0	T:117.0(6.95%),B:1436.8(3.10%),P:1e-14	Tpos:259.8,Tstd:167.3,Bpos:233.8,Bstd:158.2,StrandBias:0.2,Multiplicity:1.06
0.207	0.526	0.117	0.150
0.145	0.170	0.461	0.224
0.192	0.072	0.688	0.048
0.673	0.096	0.162	0.069
0.144	0.688	0.055	0.113
0.175	0.701	0.049	0.075
0.192	0.067	0.684	0.057
0.112	0.125	0.173	0.590
0.664	0.073	0.045	0.218
0.655	0.109	0.115	0.121
>GAACCAATCA	8-GAACCAATCA	8.345219	-31.888249	0	T:83.0(4.93%),B:876.4(1.89%),P:1e-13	Tpos:298.9,Tstd:236.1,Bpos:237.5,Bstd:141.2,StrandBias:0.1,Multiplicity:1.05
0.001	0.187	0.806	0.006
0.687	0.125	0.185	0.003
0.703	0.066	0.114	0.117
0.001	0.997	0.001	0.001
0.001	0.762	0.236	0.001
0.817	0.001	0.181	0.001
0.878	0.001	0.045	0.076
0.144	0.041	0.001	0.814
0.155	0.826	0.001	0.018
0.729	0.001	0.267	0.003
>TATTTGCATG	9-TATTTGCATG	8.517239	-31.570572	0	T:76.0(4.51%),B:766.9(1.65%),P:1e-13	Tpos:272.4,Tstd:295.4,Bpos:233.5,Bstd:140.7,StrandBias:0.2,Multiplicity:1.01
0.097	0.193	0.015	0.695
0.939	0.001	0.049	0.011
0.001	0.001	0.001	0.997
0.001	0.013	0.001	0.985
0.155	0.001	0.001	0.843
0.001	0.008	0.990	0.001
0.011	0.973	0.001	0.015
0.981	0.017	0.001	0.001
0.020	0.001	0.018	0.961
0.151	0.001	0.813	0.035
>SCGTGTABMA	10-SCGTGTABMA	6.478965	-31.228743	0	T:59.0(3.50%),B:507.7(1.09%),P:1e-13	Tpos:291.0,Tstd:204.7,Bpos:239.4,Bstd:144.4,StrandBias:-0.3,Multiplicity:1.02
0.005	0.345	0.426	0.224
0.089	0.552	0.345	0.014
0.002	0.142	0.845	0.011
0.018	0.059	0.178	0.745
0.203	0.174	0.419	0.205
0.034	0.187	0.035	0.744
0.492	0.126	0.156	0.225
0.005	0.296	0.395	0.304
0.374	0.403	0.044	0.180
0.500	0.174	0.295	0.031
>CSCGCCAAAT	11-CSCGCCAAAT	8.490408	-29.422421	0	T:36.0(2.14%),B:216.1(0.47%),P:1e-12	Tpos:421.9,Tstd:406.2,Bpos:244.7,Bstd:161.4,StrandBias:-0.2,Multiplicity:1.03
0.054	0.691	0.230	0.025
0.002	0.515	0.451	0.032
0.018	0.904	0.077	0.001
0.247	0.121	0.605	0.027
0.001	0.628	0.084	0.287
0.086	0.811	0.080	0.023
0.908	0.013	0.046	0.033
0.600	0.232	0.104	0.064
0.660	0.242	0.055	0.043
0.199	0.285	0.024	0.493
>TCACCTAGGC	12-TCACCTAGGC	8.567864	-29.415471	0	T:69.0(4.10%),B:686.5(1.48%),P:1e-12	Tpos:300.9,Tstd:202.1,Bpos:234.1,Bstd:141.2,StrandBias:0.2,Multiplicity:1.06
0.001	0.001	0.125	0.873
0.001	0.927	0.071	0.001
0.693	0.090	0.152	0.065
0.114	0.574	0.001	0.311
0.383	0.540	0.049	0.028
0.202	0.001	0.001	0.796
0.582	0.259	0.133	0.026
0.001	0.158	0.840	0.001
0.076	0.001	0.838	0.085
0.078	0.618	0.197	0.107
>GTTGGCGCTA	13-GTTGGCGCTA	9.811484	-28.750425	0	T:25.0(1.48%),B:103.1(0.22%),P:1e-12	Tpos:244.7,Tstd:254.7,Bpos:248.1,Bstd:148.3,StrandBias:0.5,Multiplicity:1.00
0.001	0.069	0.826	0.104
0.123	0.001	0.052	0.824
0.001	0.001	0.001	0.997
0.001	0.001	0.997	0.001
0.103	0.001	0.895	0.001
0.001	0.967	0.031	0.001
0.001	0.117	0.862	0.020
0.001	0.997	0.001	0.001
0.001	0.043	0.046	0.910
0.804	0.001	0.016	0.179
>GTNTCCTTTC	14-GTNTCCTTTC	7.040479	-28.727895	0	T:387.0(22.98%),B:7510.3(16.19%),P:1e-12	Tpos:303.2,Tstd:244.0,Bpos:237.8,Bstd:141.6,StrandBias:0.0,Multiplicity:1.15
0.134	0.074	0.791	0.001
0.234	0.051	0.040	0.675
0.165	0.265	0.276	0.295
0.313	0.055	0.011	0.621
0.018	0.959	0.022	0.001
0.087	0.571	0.288	0.054
0.001	0.001	0.001	0.997
0.001	0.227	0.001	0.771
0.001	0.223	0.001	0.775
0.001	0.997	0.001	0.001
>AAGCGCGTGC	15-AAGCGCGTGC	6.151302	-28.361615	0	T:358.0(21.26%),B:6839.1(14.74%),P:1e-12	Tpos:335.9,Tstd:261.0,Bpos:238.8,Bstd:165.3,StrandBias:0.1,Multiplicity:1.32
0.752	0.121	0.093	0.034
0.692	0.093	0.168	0.047
0.071	0.072	0.751	0.106
0.137	0.663	0.067	0.133
0.107	0.134	0.678	0.081
0.077	0.730	0.054	0.139
0.068	0.214	0.566	0.152
0.129	0.188	0.135	0.548
0.083	0.151	0.740	0.026
0.091	0.712	0.088	0.109
>GCCGGTCCTA	16-GCCGGTCCTA	8.326882	-24.486725	0	T:57.0(3.38%),B:568.1(1.22%),P:1e-10	Tpos:272.8,Tstd:217.8,Bpos:245.4,Bstd:147.3,StrandBias:-0.2,Multiplicity:1.04
0.135	0.001	0.863	0.001
0.001	0.893	0.105	0.001
0.094	0.652	0.175	0.079
0.037	0.001	0.961	0.001
0.001	0.060	0.938	0.001
0.001	0.080	0.001	0.918
0.001	0.997	0.001	0.001
0.001	0.997	0.001	0.001
0.001	0.001	0.001	0.997
0.906	0.014	0.030	0.050
>CCAATGATAG	17-CCAATGATAG	9.817856	-23.099681	0	T:31.0(1.84%),B:206.2(0.44%),P:1e-10	Tpos:281.0,Tstd:193.1,Bpos:240.4,Bstd:139.3,StrandBias:-1.1,Multiplicity:1.00
0.001	0.997	0.001	0.001
0.001	0.831	0.167	0.001
0.955	0.043	0.001	0.001
0.914	0.084	0.001	0.001
0.123	0.001	0.001	0.875
0.061	0.001	0.937	0.001
0.960	0.001	0.038	0.001
0.001	0.176	0.065	0.758
0.967	0.001	0.031	0.001
0.001	0.001	0.932	0.066
>GGCAGTTTTG	18-GGCAGTTTTG	8.595793	-22.360825	0	T:61.0(3.62%),B:670.0(1.44%),P:1e-9	Tpos:326.2,Tstd:222.5,Bpos:233.5,Bstd:140.8,StrandBias:-0.2,Multiplicity:1.05
0.086	0.215	0.552	0.147
0.178	0.114	0.707	0.001
0.210	0.728	0.036	0.026
0.985	0.013	0.001	0.001
0.037	0.283	0.671	0.009
0.058	0.022	0.101	0.819
0.200	0.145	0.189	0.466
0.054	0.212	0.128	0.606
0.010	0.041	0.001	0.948
0.001	0.012	0.777	0.210
>GCGACTCTCA	19-GCGACTCTCA	9.355627	-17.918252	0	T:34.0(2.02%),B:302.3(0.65%),P:1e-7	Tpos:323.3,Tstd:250.0,Bpos:234.7,Bstd:150.4,StrandBias:1.0,Multiplicity:1.15
0.025	0.050	0.754	0.171
0.001	0.853	0.001	0.145
0.001	0.001	0.929	0.069
0.943	0.055	0.001	0.001
0.036	0.725	0.109	0.130
0.029	0.001	0.001	0.969
0.001	0.829	0.001	0.169
0.121	0.001	0.001	0.877
0.001	0.997	0.001	0.001
0.997	0.001	0.001	0.001
>CTGTGTTCAG	20-CTGTGTTCAG	10.296193	-2.742401	0	T:8.0(0.48%),B:116.4(0.25%),P:1e-1	Tpos:161.1,Tstd:131.4,Bpos:236.8,Bstd:119.7,StrandBias:-2.2,Multiplicity:2.12
0.100	0.700	0.100	0.100
0.100	0.100	0.100	0.700
0.100	0.100	0.700	0.100
0.100	0.100	0.100	0.700
0.100	0.100	0.700	0.100
0.100	0.100	0.100	0.700
0.100	0.100	0.100	0.700
0.100	0.700	0.100	0.100
0.700	0.100	0.100	0.100
0.100	0.100	0.700	0.100
>GCCCCCTAGTGG	1-GCCCCCTAGTGG	9.870730	-159.527886	0	T:156.0(9.26%),B:708.2(1.53%),P:1e-69	Tpos:265.3,Tstd:218.0,Bpos:240.5,Bstd:139.1,StrandBias:0.1,Multiplicity:1.03
0.174	0.001	0.752	0.073
0.127	0.836	0.036	0.001
0.001	0.997	0.001	0.001
0.303	0.695	0.001	0.001
0.036	0.642	0.001	0.321
0.001	0.997	0.001	0.001
0.001	0.151	0.094	0.754
0.569	0.001	0.209	0.221
0.001	0.226	0.772	0.001
0.083	0.001	0.001	0.915
0.001	0.001	0.997	0.001
0.065	0.064	0.822	0.049
>NAMAGGAAGTGN	2-NAMAGGAAGTGN	9.310189	-86.911422	0	T:233.0(13.84%),B:2504.1(5.40%),P:1e-37	Tpos:283.4,Tstd:215.5,Bpos:241.9,Bstd:141.0,StrandBias:0.1,Multiplicity:1.10
0.336	0.220	0.246	0.198
0.431	0.162	0.233	0.174
0.324	0.451	0.224	0.001
0.997	0.001	0.001	0.001
0.001	0.001	0.997	0.001
0.001	0.001	0.997	0.001
0.987	0.001	0.011	0.001
0.863	0.001	0.135	0.001
0.391	0.001	0.607	0.001
0.156	0.001	0.001	0.842
0.255	0.001	0.480	0.264
0.255	0.191	0.301	0.253
>GCTTCCTGTTKA	3-GCTTCCTGTTKA	8.474648	-83.425187	0	T:324.0(19.24%),B:4255.5(9.17%),P:1e-36	Tpos:296.4,Tstd:243.9,Bpos:236.8,Bstd:139.8,StrandBias:-0.4,Multiplicity:1.10
0.125	0.001	0.751	0.123
0.111	0.581	0.015	0.293
0.048	0.001	0.001	0.950
0.001	0.001	0.001	0.997
0.001	0.856	0.001	0.142
0.001	0.997	0.001	0.001
0.001	0.001	0.001	0.997
0.001	0.169	0.811	0.019
0.015	0.347	0.013	0.625
0.264	0.182	0.069	0.486
0.197	0.136	0.283	0.385
0.410	0.182	0.250	0.158
>TVTGAGTCACCC	4-TVTGAGTCACCC	8.418954	-48.793306	0	T:147.0(8.73%),B:1675.1(3.61%),P:1e-21	Tpos:302.0,Tstd:228.1,Bpos:236.3,Bstd:136.8,StrandBias:0.1,Multiplicity:1.07
0.174	0.205	0.232	0.389
0.410	0.267	0.301	0.021
0.102	0.011	0.041	0.846
0.049	0.167	0.720	0.064
0.904	0.001	0.001	0.094
0.019	0.305	0.561	0.115
0.018	0.080	0.048	0.854
0.001	0.978	0.001	0.020
0.982	0.001	0.008	0.009
0.011	0.506	0.272	0.211
0.258	0.693	0.001	0.048
0.188	0.492	0.096	0.225
>GGGCGGGGCTTC	5-GGGCGGGGCTTC	8.469839	-37.583424	0	T:216.0(12.83%),B:3281.3(7.07%),P:1e-16	Tpos:344.0,Tstd:251.2,Bpos:235.9,Bstd:153.7,StrandBias:0.2,Multiplicity:1.22
0.115	0.016	0.801	0.068
0.054	0.056	0.818	0.072
0.001	0.107	0.860	0.032
0.102	0.590	0.101	0.207
0.163	0.089	0.545	0.203
0.105	0.011	0.738	0.146
0.143	0.050	0.705	0.102
0.058	0.133	0.692	0.117
0.021	0.677	0.086	0.216
0.095	0.160	0.122	0.623
0.109	0.174	0.191	0.526
0.015	0.602	0.329	0.054
>AGGATGTGGTTT	6-AGGATGTGGTTT	9.099987	-32.985436	0	T:90.0(5.34%),B:975.8(2.10%),P:1e-14	Tpos:308.7,Tstd:219.4,Bpos:239.8,Bstd:135.3,StrandBias:-0.1,Multiplicity:1.04
0.871	0.001	0.048	0.080
0.062	0.078	0.754	0.106
0.071	0.046	0.804	0.079
0.713	0.097	0.091	0.099
0.061	0.078	0.052	0.809
0.032	0.020	0.921	0.027
0.027	0.001	0.039	0.933
0.039	0.031	0.903	0.027
0.001	0.001	0.900	0.098
0.066	0.082	0.070	0.782
0.061	0.134	0.071	0.734
0.057	0.001	0.110	0.832
>AGCTGATTTGTA	7-AGCTGATTTGTA	9.068266	-32.867010	0	T:70.0(4.16%),B:652.3(1.41%),P:1e-14	Tpos:215.0,Tstd:166.8,Bpos:241.8,Bstd:140.1,StrandBias:-0.6,Multiplicity:1.00
0.908	0.001	0.023	0.068
0.047	0.019	0.854	0.080
0.040	0.925	0.019	0.016
0.090	0.023	0.001	0.886
0.095	0.135	0.746	0.024
0.783	0.093	0.035	0.089
0.024	0.066	0.038	0.872
0.001	0.091	0.060	0.848
0.090	0.038	0.085	0.787
0.092	0.052	0.855	0.001
0.071	0.100	0.077	0.752
0.791	0.054	0.096	0.059
>CTTCAAAGGTTG	8-CTTCAAAGGTTG	11.594702	-31.989592	0	T:18.0(1.07%),B:38.4(0.08%),P:1e-13	Tpos:356.9,Tstd:324.2,Bpos:204.4,Bstd:163.7,StrandBias:0.0,Multiplicity:1.11
0.105	0.893	0.001	0.001
0.105	0.001	0.001	0.893
0.105	0.001	0.001	0.893
0.001	0.997	0.001	0.001
0.997	0.001	0.001	0.001
0.934	0.001	0.064	0.001
0.997	0.001	0.001	0.001
0.001	0.001	0.997	0.001
0.106	0.106	0.703	0.085
0.001	0.052	0.001	0.946
0.001	0.001	0.072	0.926
0.106	0.085	0.808	0.001
>TCATAGTTTCCA	9-TCATAGTTTCCA	9.855212	-31.340815	0	T:56.0(3.33%),B:462.7(1.00%),P:1e-13	Tpos:211.5,Tstd:128.6,Bpos:234.9,Bstd:141.5,StrandBias:-0.1,Multiplicity:1.04
0.065	0.078	0.072	0.785
0.050	0.807	0.054	0.089
0.820	0.100	0.020	0.060
0.043	0.122	0.155	0.680
0.689	0.141	0.071	0.099
0.095	0.016	0.742	0.147
0.015	0.001	0.024	0.960
0.001	0.001	0.059	0.939
0.024	0.073	0.001	0.902
0.053	0.868	0.001	0.078
0.001	0.997	0.001	0.001
0.816	0.095	0.030	0.059
>GCGTGGGTGGGG	10-GCGTGGGTGGGG	10.100128	-31.214438	0	T:125.0(7.42%),B:1642.6(3.54%),P:1e-13	Tpos:335.5,Tstd:263.5,Bpos:232.1,Bstd:142.8,StrandBias:0.4,Multiplicity:1.06
0.042	0.050	0.835	0.073
0.084	0.663	0.092	0.161
0.061	0.061	0.855	0.023
0.122	0.048	0.094	0.736
0.057	0.028	0.914	0.001
0.024	0.047	0.859	0.070
0.047	0.023	0.907	0.023
0.065	0.078	0.074	0.783
0.055	0.055	0.867	0.023
0.057	0.023	0.883	0.037
0.064	0.011	0.911	0.014
0.079	0.041	0.793	0.087
>GATGYTGTKTGT	11-GATGYTGTKTGT	10.112512	-28.865834	0	T:55.0(3.27%),B:477.3(1.03%),P:1e-12	Tpos:256.2,Tstd:219.8,Bpos:235.5,Bstd:139.0,StrandBias:-0.9,Multiplicity:1.07
0.001	0.001	0.817	0.181
0.828	0.170	0.001	0.001
0.137	0.001	0.107	0.755
0.001	0.001	0.997	0.001
0.105	0.506	0.001	0.388
0.001	0.001	0.001	0.997
0.001	0.001	0.587	0.411
0.001	0.001	0.140	0.858
0.151	0.075	0.439	0.335
0.001	0.001	0.263	0.735
0.001	0.058	0.940	0.001
0.001	0.169	0.131	0.699
>TCTTTGATGTGG	12-TCTTTGATGTGG	7.955608	-24.655255	0	T:130.0(7.72%),B:1915.9(4.13%),P:1e-10	Tpos:275.9,Tstd:197.5,Bpos:240.2,Bstd:141.2,StrandBias:0.1,Multiplicity:1.02
0.084	0.176	0.052	0.688
0.146	0.715	0.084	0.055
0.100	0.065	0.051	0.784
0.102	0.105	0.092	0.701
0.075	0.093	0.059	0.773
0.147	0.053	0.747	0.053
0.720	0.089	0.111	0.080
0.079	0.059	0.052	0.810
0.021	0.117	0.844	0.018
0.085	0.042	0.059	0.814
0.073	0.059	0.758	0.110
0.122	0.187	0.648	0.043
>GCTSCTCCACCC	13-GCTSCTCCACCC	11.010118	-24.512361	0	T:33.0(1.96%),B:219.8(0.47%),P:1e-10	Tpos:328.0,Tstd:260.4,Bpos:236.6,Bstd:148.0,StrandBias:-1.0,Multiplicity:1.00
0.267	0.217	0.464	0.053
0.036	0.822	0.069	0.073
0.052	0.036	0.179	0.733
0.048	0.432	0.303	0.217
0.024	0.586	0.001	0.389
0.011	0.219	0.035	0.735
0.033	0.951	0.012	0.004
0.024	0.614	0.131	0.231
0.717	0.017	0.239	0.027
0.001	0.884	0.062	0.053
0.034	0.909	0.004	0.053
0.206	0.762	0.005	0.027
>CAAAGGCTCTGA	14-CAAAGGCTCTGA	14.187473	-24.040965	0	T:11.0(0.65%),B:16.6(0.04%),P:1e-10	Tpos:307.8,Tstd:203.4,Bpos:296.0,Bstd:131.3,StrandBias:-0.5,Multiplicity:1.09
0.001	0.997	0.001	0.001
0.997	0.001	0.001	0.001
0.997	0.001	0.001	0.001
0.997	0.001	0.001	0.001
0.001	0.001	0.997	0.001
0.001	0.001	0.997	0.001
0.001	0.843	0.001	0.155
0.125	0.001	0.001	0.873
0.001	0.997	0.001	0.001
0.001	0.001	0.001	0.997
0.001	0.001	0.843	0.155
0.997	0.001	0.001	0.001
>GGCGGAGCTCAG	15-GGCGGAGCTCAG	10.191141	-23.307063	0	T:46.0(2.73%),B:413.5(0.89%),P:1e-10	Tpos:346.5,Tstd:286.7,Bpos:236.4,Bstd:153.0,StrandBias:-0.1,Multiplicity:1.04
0.029	0.001	0.932	0.038
0.044	0.072	0.855	0.029
0.114	0.713	0.101	0.072
0.107	0.026	0.803	0.064
0.058	0.086	0.840	0.016
0.838	0.073	0.066	0.023
0.043	0.053	0.856	0.048
0.023	0.905	0.034	0.038
0.087	0.057	0.017	0.839
0.108	0.755	0.065	0.072
0.777	0.076	0.087	0.060
0.043	0.039	0.895	0.023
>NNCGCGCCAARC	16-NNCGCGCCAARC	5.534445	-23.113262	0	T:339.0(20.13%),B:6675.3(14.39%),P:1e-10	Tpos:380.8,Tstd:300.2,Bpos:235.1,Bstd:169.6,StrandBias:-0.1,Multiplicity:1.52
0.227	0.322	0.183	0.269
0.222	0.285	0.225	0.269
0.077	0.759	0.079	0.085
0.144	0.072	0.753	0.031
0.036	0.868	0.013	0.083
0.098	0.009	0.875	0.018
0.148	0.653	0.077	0.122
0.248	0.512	0.055	0.185
0.674	0.023	0.103	0.200
0.708	0.177	0.049	0.066
0.404	0.194	0.259	0.142
0.220	0.377	0.210	0.193
>TGACTCCGCCCT	17-TGACTCCGCCCT	13.280692	-22.611860	0	T:16.0(0.95%),B:51.4(0.11%),P:1e-9	Tpos:281.4,Tstd:156.1,Bpos:210.1,Bstd:161.1,StrandBias:-0.2,Multiplicity:1.06
0.093	0.185	0.001	0.721
0.001	0.001	0.997	0.001
0.813	0.001	0.001	0.185
0.001	0.997	0.001	0.001
0.001	0.001	0.001	0.997
0.001	0.997	0.001	0.001
0.001	0.948	0.001	0.050
0.001	0.001	0.879	0.119
0.001	0.997	0.001	0.001
0.001	0.997	0.001	0.001
0.001	0.997	0.001	0.001
0.291	0.073	0.001	0.635
>TTTACGGGCGAT	18-TTTACGGGCGAT	10.409522	-21.403786	0	T:5.0(0.30%),B:1.7(0.00%),P:1e-9	Tpos:375.6,Tstd:109.1,Bpos:225.7,Bstd:137.6,StrandBias:0.6,Multiplicity:1.00
0.100	0.100	0.100	0.700
0.100	0.100	0.100	0.700
0.100	0.100	0.100	0.700
0.700	0.100	0.100	0.100
0.100	0.700	0.100	0.100
0.100	0.100	0.700	0.100
0.100	0.100	0.700	0.100
0.100	0.100	0.700	0.100
0.100	0.700	0.100	0.100
0.100	0.100	0.700	0.100
0.700	0.100	0.100	0.100
0.100	0.100	0.100	0.700
>AAGTAAGTGGAA	19-AAGTAAGTGGAA	12.955031	-20.998443	0	T:13.0(0.77%),B:34.1(0.07%),P:1e-9	Tpos:179.0,Tstd:126.1,Bpos:242.7,Bstd:138.6,StrandBias:0.2,Multiplicity:1.00
0.727	0.084	0.084	0.105
0.997	0.001	0.001	0.001
0.105	0.072	0.822	0.001
0.001	0.083	0.001	0.915
0.997	0.001	0.001	0.001
0.894	0.001	0.001	0.104
0.001	0.001	0.997	0.001
0.064	0.001	0.105	0.830
0.001	0.001	0.894	0.104
0.001	0.001	0.997	0.001
0.997	0.001	0.001	0.001
0.915	0.001	0.001	0.083
>TTTTTTTTACCC	20-TTTTTTTTACCC	9.644525	-20.993844	0	T:93.0(5.52%),B:1285.3(2.77%),P:1e-9	Tpos:298.5,Tstd:214.4,Bpos:233.3,Bstd:157.7,StrandBias:-0.1,Multiplicity:1.01
0.056	0.090	0.001	0.853
0.018	0.051	0.025	0.906
0.090	0.026	0.056	0.828
0.028	0.052	0.026	0.894
0.054	0.045	0.067	0.834
0.067	0.018	0.051	0.864
0.084	0.033	0.001	0.882
0.061	0.042	0.048	0.849
0.692	0.097	0.109	0.102
0.109	0.780	0.016	0.095
0.049	0.889	0.026	0.036
0.186	0.737	0.022	0.055
>GCCGAGCATACT	21-GCCGAGCATACT	11.257949	-20.186809	0	T:19.0(1.13%),B:89.4(0.19%),P:1e-8	Tpos:242.7,Tstd:216.0,Bpos:251.5,Bstd:151.4,StrandBias:-0.3,Multiplicity:1.05
0.001	0.001	0.997	0.001
0.001	0.918	0.080	0.001
0.169	0.601	0.001	0.229
0.181	0.126	0.692	0.001
0.873	0.001	0.001	0.125
0.081	0.162	0.756	0.001
0.001	0.997	0.001	0.001
0.780	0.001	0.001	0.218
0.121	0.001	0.001	0.877
0.603	0.058	0.338	0.001
0.001	0.997	0.001	0.001
0.001	0.080	0.001	0.918
>TTGGCACAGCCT	22-TTGGCACAGCCT	15.088354	-17.968169	0	T:5.0(0.30%),B:2.3(0.00%),P:1e-7	Tpos:336.4,Tstd:145.4,Bpos:268.0,Bstd:49.7,StrandBias:2.0,Multiplicity:1.00
0.001	0.001	0.001	0.997
0.001	0.001	0.001	0.997
0.001	0.001	0.997	0.001
0.001	0.001	0.997	0.001
0.001	0.997	0.001	0.001
0.997	0.001	0.001	0.001
0.001	0.997	0.001	0.001
0.997	0.001	0.001	0.001
0.001	0.220	0.778	0.001
0.001	0.997	0.001	0.001
0.001	0.997	0.001	0.001
0.001	0.001	0.001	0.997
>AGCCAATGANAG	23-AGCCAATGANAG	9.361452	-17.644762	0	T:20.0(1.19%),B:116.5(0.25%),P:1e-7	Tpos:215.8,Tstd:129.4,Bpos:229.5,Bstd:141.9,StrandBias:0.1,Multiplicity:1.05
0.575	0.006	0.201	0.218
0.212	0.002	0.576	0.210
0.131	0.574	0.283	0.012
0.166	0.821	0.004	0.009
0.626	0.135	0.100	0.139
0.622	0.026	0.345	0.007
0.226	0.011	0.191	0.572
0.008	0.090	0.897	0.005
0.588	0.033	0.183	0.196
0.198	0.283	0.246	0.273
0.656	0.014	0.019	0.311
0.224	0.023	0.604	0.149
>GCTGAGAGTTAC	24-GCTGAGAGTTAC	14.149866	-15.970937	0	T:5.0(0.30%),B:3.6(0.01%),P:1e-6	Tpos:191.3,Tstd:156.7,Bpos:206.7,Bstd:126.4,StrandBias:-1.2,Multiplicity:2.00
0.001	0.001	0.997	0.001
0.001	0.997	0.001	0.001
0.230	0.001	0.001	0.768
0.335	0.001	0.663	0.001
0.997	0.001	0.001	0.001
0.001	0.001	0.997	0.001
0.997	0.001	0.001	0.001
0.001	0.335	0.663	0.001
0.001	0.001	0.001	0.997
0.001	0.328	0.001	0.670
0.997	0.001	0.001	0.001
0.230	0.768	0.001	0.001
>AGCCCTGAACAC	25-AGCCCTGAACAC	12.355432	-1.795923	0	T:1.0(0.06%),B:5.4(0.01%),P:1e0	Tpos:150.4,Tstd:88.6,Bpos:294.2,Bstd:150.6,StrandBias:10.0,Multiplicity:7.00
0.700	0.100	0.100	0.100
0.100	0.100	0.700	0.100
0.100	0.700	0.100	0.100
0.100	0.700	0.100	0.100
0.100	0.700	0.100	0.100
0.100	0.100	0.100	0.700
0.100	0.100	0.700	0.100
0.700	0.100	0.100	0.100
0.700	0.100	0.100	0.100
0.100	0.700	0.100	0.100
0.700	0.100	0.100	0.100
0.100	0.700	0.100	0.100
>ACAGGAAA	1-ACAGGAAA	4.874514	-91.301836	0	T:494.0(29.33%),B:7584.2(16.35%),P:1e-39	Tpos:281.2,Tstd:219.4,Bpos:235.6,Bstd:143.0,StrandBias:0.2,Multiplicity:1.19
0.986	0.001	0.012	0.001
0.001	0.997	0.001	0.001
0.761	0.237	0.001	0.001
0.001	0.001	0.997	0.001
0.001	0.001	0.997	0.001
0.997	0.001	0.001	0.001
0.997	0.001	0.001	0.001
0.713	0.001	0.285	0.001
>AGGAAGTG	2-AGGAAGTG	7.955758	-75.517276	0	T:376.0(22.33%),B:5506.0(11.87%),P:1e-32	Tpos:304.2,Tstd:255.7,Bpos:238.2,Bstd:141.5,StrandBias:0.1,Multiplicity:1.13
0.997	0.001	0.001	0.001
0.001	0.026	0.972	0.001
0.001	0.001	0.997	0.001
0.997	0.001	0.001	0.001
0.888	0.001	0.001	0.110
0.245	0.001	0.753	0.001
0.001	0.074	0.001	0.924
0.001	0.001	0.913	0.085
>TGAGTCAT	3-TGAGTCAT	6.324772	-49.262569	0	T:305.0(18.11%),B:4785.7(10.31%),P:1e-21	Tpos:292.3,Tstd:239.0,Bpos:239.1,Bstd:137.2,StrandBias:0.1,Multiplicity:1.16
0.001	0.001	0.001	0.997
0.034	0.038	0.876	0.052
0.997	0.001	0.001	0.001
0.013	0.190	0.755	0.042
0.001	0.001	0.001	0.997
0.032	0.955	0.012	0.001
0.977	0.001	0.021	0.001
0.001	0.219	0.132	0.648
>ATTTGCGT	4-ATTTGCGT	6.475895	-42.361671	0	T:181.0(10.75%),B:2444.2(5.27%),P:1e-18	Tpos:314.6,Tstd:269.6,Bpos:237.1,Bstd:154.0,StrandBias:0.2,Multiplicity:1.04
0.866	0.001	0.132	0.001
0.001	0.001	0.096	0.902
0.001	0.001	0.109	0.889
0.001	0.301	0.001	0.697
0.001	0.211	0.733	0.055
0.001	0.997	0.001	0.001
0.081	0.001	0.917	0.001
0.001	0.001	0.001	0.997
>TGCGGTTT	5-TGCGGTTT	5.001396	-41.962686	0	T:747.0(44.36%),B:15753.9(33.95%),P:1e-18	Tpos:325.3,Tstd:265.0,Bpos:237.7,Bstd:154.7,StrandBias:-0.1,Multiplicity:1.48
0.176	0.150	0.156	0.518
0.048	0.088	0.782	0.082
0.034	0.789	0.060	0.117
0.096	0.057	0.803	0.044
0.075	0.116	0.723	0.086
0.052	0.085	0.087	0.776
0.026	0.046	0.094	0.834
0.088	0.054	0.075	0.783
>ACTAGRKG	6-ACTAGRKG	8.437651	-38.036047	0	T:111.0(6.59%),B:1245.7(2.68%),P:1e-16	Tpos:298.7,Tstd:236.2,Bpos:240.4,Bstd:140.6,StrandBias:-0.2,Multiplicity:1.02
0.911	0.087	0.001	0.001
0.070	0.928	0.001	0.001
0.127	0.001	0.001	0.871
0.884	0.114	0.001	0.001
0.001	0.127	0.797	0.075
0.370	0.079	0.458	0.093
0.001	0.109	0.470	0.420
0.154	0.001	0.781	0.064
>GGGCGGAG	7-GGGCGGAG	7.901502	-37.066438	0	T:429.0(25.48%),B:8084.5(17.42%),P:1e-16	Tpos:347.1,Tstd:259.4,Bpos:237.7,Bstd:157.4,StrandBias:0.1,Multiplicity:1.65
0.001	0.001	0.809	0.189
0.001	0.037	0.961	0.001
0.027	0.001	0.971	0.001
0.001	0.800	0.001	0.198
0.001	0.001	0.997	0.001
0.001	0.001	0.997	0.001
0.505	0.098	0.333	0.064
0.310	0.001	0.582	0.107
>GCGCCAAW	8-GCGCCAAW	5.054803	-36.763352	0	T:482.0(28.62%),B:9372.5(20.20%),P:1e-15	Tpos:349.7,Tstd:291.2,Bpos:238.5,Bstd:162.5,StrandBias:-0.0,Multiplicity:1.52
0.010	0.066	0.834	0.090
0.058	0.866	0.001	0.075
0.042	0.051	0.906	0.001
0.274	0.533	0.075	0.118
0.355	0.552	0.048	0.045
0.689	0.029	0.025	0.257
0.502	0.103	0.198	0.197
0.328	0.175	0.022	0.475
>CGTCAAAG	9-CGTCAAAG	7.113023	-36.005417	0	T:209.0(12.41%),B:3185.7(6.87%),P:1e-15	Tpos:294.8,Tstd:245.5,Bpos:239.8,Bstd:144.3,StrandBias:0.2,Multiplicity:1.10
0.135	0.628	0.114	0.123
0.131	0.056	0.668	0.145
0.079	0.045	0.045	0.831
0.149	0.737	0.076	0.038
0.917	0.018	0.015	0.050
0.688	0.153	0.084	0.075
0.842	0.067	0.027	0.064
0.162	0.047	0.700	0.091
>TTTCCACT	10-TTTCCACT	6.915057	-31.935344	0	T:340.0(20.19%),B:6240.6(13.45%),P:1e-13	Tpos:309.1,Tstd:255.4,Bpos:237.3,Bstd:142.4,StrandBias:-0.0,Multiplicity:1.16
0.001	0.001	0.096	0.902
0.001	0.001	0.001	0.997
0.074	0.001	0.001	0.924
0.001	0.997	0.001	0.001
0.074	0.897	0.028	0.001
0.876	0.001	0.001	0.122
0.001	0.848	0.001	0.150
0.001	0.106	0.001	0.892
>TGATTGGT	11-TGATTGGT	7.838965	-29.542046	0	T:105.0(6.24%),B:1307.0(2.82%),P:1e-12	Tpos:305.1,Tstd:277.6,Bpos:233.5,Bstd:142.4,StrandBias:0.1,Multiplicity:1.10
0.001	0.061	0.001	0.937
0.112	0.001	0.886	0.001
0.997	0.001	0.001	0.001
0.001	0.001	0.001	0.997
0.001	0.001	0.001	0.997
0.001	0.066	0.932	0.001
0.001	0.001	0.997	0.001
0.220	0.001	0.001	0.778
>GTTACGGT	12-GTTACGGT	6.141140	-24.791489	0	T:182.0(10.81%),B:2998.7(6.46%),P:1e-10	Tpos:294.6,Tstd:253.5,Bpos:239.0,Bstd:153.1,StrandBias:-0.1,Multiplicity:1.07
0.009	0.069	0.921	0.001
0.001	0.025	0.058	0.916
0.001	0.001	0.110	0.888
0.808	0.173	0.018	0.001
0.049	0.882	0.001	0.068
0.046	0.050	0.829	0.075
0.038	0.053	0.843	0.066
0.019	0.045	0.001	0.935
