>ACAGGAAA	1-ACAGGAAA	4.874514	-91.301836	0	T:494.0(29.33%),B:7584.2(16.35%),P:1e-39	Tpos:281.2,Tstd:219.4,Bpos:235.6,Bstd:143.0,StrandBias:0.2,Multiplicity:1.19
0.986	0.001	0.012	0.001
0.001	0.997	0.001	0.001
0.761	0.237	0.001	0.001
0.001	0.001	0.997	0.001
0.001	0.001	0.997	0.001
0.997	0.001	0.001	0.001
0.997	0.001	0.001	0.001
0.713	0.001	0.285	0.001
>AGGAAGTG	2-AGGAAGTG	7.955758	-75.517276	0	T:376.0(22.33%),B:5506.0(11.87%),P:1e-32	Tpos:304.2,Tstd:255.7,Bpos:238.2,Bstd:141.5,StrandBias:0.1,Multiplicity:1.13
0.997	0.001	0.001	0.001
0.001	0.026	0.972	0.001
0.001	0.001	0.997	0.001
0.997	0.001	0.001	0.001
0.888	0.001	0.001	0.110
0.245	0.001	0.753	0.001
0.001	0.074	0.001	0.924
0.001	0.001	0.913	0.085
>TGAGTCAT	3-TGAGTCAT	6.324772	-49.262569	0	T:305.0(18.11%),B:4785.7(10.31%),P:1e-21	Tpos:292.3,Tstd:239.0,Bpos:239.1,Bstd:137.2,StrandBias:0.1,Multiplicity:1.16
0.001	0.001	0.001	0.997
0.034	0.038	0.876	0.052
0.997	0.001	0.001	0.001
0.013	0.190	0.755	0.042
0.001	0.001	0.001	0.997
0.032	0.955	0.012	0.001
0.977	0.001	0.021	0.001
0.001	0.219	0.132	0.648
>ATTTGCGT	4-ATTTGCGT	6.475895	-42.361671	0	T:181.0(10.75%),B:2444.2(5.27%),P:1e-18	Tpos:314.6,Tstd:269.6,Bpos:237.1,Bstd:154.0,StrandBias:0.2,Multiplicity:1.04
0.866	0.001	0.132	0.001
0.001	0.001	0.096	0.902
0.001	0.001	0.109	0.889
0.001	0.301	0.001	0.697
0.001	0.211	0.733	0.055
0.001	0.997	0.001	0.001
0.081	0.001	0.917	0.001
0.001	0.001	0.001	0.997
>TGCGGTTT	5-TGCGGTTT	5.001396	-41.962686	0	T:747.0(44.36%),B:15753.9(33.95%),P:1e-18	Tpos:325.3,Tstd:265.0,Bpos:237.7,Bstd:154.7,StrandBias:-0.1,Multiplicity:1.48
0.176	0.150	0.156	0.518
0.048	0.088	0.782	0.082
0.034	0.789	0.060	0.117
0.096	0.057	0.803	0.044
0.075	0.116	0.723	0.086
0.052	0.085	0.087	0.776
0.026	0.046	0.094	0.834
0.088	0.054	0.075	0.783
>ACTAGRKG	6-ACTAGRKG	8.437651	-38.036047	0	T:111.0(6.59%),B:1245.7(2.68%),P:1e-16	Tpos:298.7,Tstd:236.2,Bpos:240.4,Bstd:140.6,StrandBias:-0.2,Multiplicity:1.02
0.911	0.087	0.001	0.001
0.070	0.928	0.001	0.001
0.127	0.001	0.001	0.871
0.884	0.114	0.001	0.001
0.001	0.127	0.797	0.075
0.370	0.079	0.458	0.093
0.001	0.109	0.470	0.420
0.154	0.001	0.781	0.064
>GGGCGGAG	7-GGGCGGAG	7.901502	-37.066438	0	T:429.0(25.48%),B:8084.5(17.42%),P:1e-16	Tpos:347.1,Tstd:259.4,Bpos:237.7,Bstd:157.4,StrandBias:0.1,Multiplicity:1.65
0.001	0.001	0.809	0.189
0.001	0.037	0.961	0.001
0.027	0.001	0.971	0.001
0.001	0.800	0.001	0.198
0.001	0.001	0.997	0.001
0.001	0.001	0.997	0.001
0.505	0.098	0.333	0.064
0.310	0.001	0.582	0.107
>GCGCCAAW	8-GCGCCAAW	5.054803	-36.763352	0	T:482.0(28.62%),B:9372.5(20.20%),P:1e-15	Tpos:349.7,Tstd:291.2,Bpos:238.5,Bstd:162.5,StrandBias:-0.0,Multiplicity:1.52
0.010	0.066	0.834	0.090
0.058	0.866	0.001	0.075
0.042	0.051	0.906	0.001
0.274	0.533	0.075	0.118
0.355	0.552	0.048	0.045
0.689	0.029	0.025	0.257
0.502	0.103	0.198	0.197
0.328	0.175	0.022	0.475
>CGTCAAAG	9-CGTCAAAG	7.113023	-36.005417	0	T:209.0(12.41%),B:3185.7(6.87%),P:1e-15	Tpos:294.8,Tstd:245.5,Bpos:239.8,Bstd:144.3,StrandBias:0.2,Multiplicity:1.10
0.135	0.628	0.114	0.123
0.131	0.056	0.668	0.145
0.079	0.045	0.045	0.831
0.149	0.737	0.076	0.038
0.917	0.018	0.015	0.050
0.688	0.153	0.084	0.075
0.842	0.067	0.027	0.064
0.162	0.047	0.700	0.091
>TTTCCACT	10-TTTCCACT	6.915057	-31.935344	0	T:340.0(20.19%),B:6240.6(13.45%),P:1e-13	Tpos:309.1,Tstd:255.4,Bpos:237.3,Bstd:142.4,StrandBias:-0.0,Multiplicity:1.16
0.001	0.001	0.096	0.902
0.001	0.001	0.001	0.997
0.074	0.001	0.001	0.924
0.001	0.997	0.001	0.001
0.074	0.897	0.028	0.001
0.876	0.001	0.001	0.122
0.001	0.848	0.001	0.150
0.001	0.106	0.001	0.892
>TGATTGGT	11-TGATTGGT	7.838965	-29.542046	0	T:105.0(6.24%),B:1307.0(2.82%),P:1e-12	Tpos:305.1,Tstd:277.6,Bpos:233.5,Bstd:142.4,StrandBias:0.1,Multiplicity:1.10
0.001	0.061	0.001	0.937
0.112	0.001	0.886	0.001
0.997	0.001	0.001	0.001
0.001	0.001	0.001	0.997
0.001	0.001	0.001	0.997
0.001	0.066	0.932	0.001
0.001	0.001	0.997	0.001
0.220	0.001	0.001	0.778
>GTTACGGT	12-GTTACGGT	6.141140	-24.791489	0	T:182.0(10.81%),B:2998.7(6.46%),P:1e-10	Tpos:294.6,Tstd:253.5,Bpos:239.0,Bstd:153.1,StrandBias:-0.1,Multiplicity:1.07
0.009	0.069	0.921	0.001
0.001	0.025	0.058	0.916
0.001	0.001	0.110	0.888
0.808	0.173	0.018	0.001
0.049	0.882	0.001	0.068
0.046	0.050	0.829	0.075
0.038	0.053	0.843	0.066
0.019	0.045	0.001	0.935
