>CCCGCWTNNWACGAA	Cenpb+M5320	9.615804	-4.863794	0	T:6.0(0.42%),B:56.4(0.12%),P:1e-2
0.098	0.796	0.001	0.105
0.017	0.957	0.001	0.025
0.001	0.995	0.001	0.003
0.028	0.030	0.908	0.034
0.001	0.583	0.149	0.267
0.396	0.113	0.206	0.286
0.047	0.069	0.001	0.883
0.306	0.294	0.207	0.193
0.232	0.317	0.265	0.187
0.389	0.147	0.136	0.328
0.536	0.101	0.276	0.087
0.048	0.933	0.002	0.017
0.133	0.013	0.853	0.001
0.686	0.072	0.008	0.234
0.910	0.047	0.010	0.033
