Factor1: 1.1463891155033437
Factor2: 0.8723041648567376
