>TYYYRWTATGACTCA	BATF+M4452	9.130131364819645
0.034	0.024	0.122	0.820
0.122	0.426	0.064	0.388
0.120	0.302	0.078	0.500
0.180	0.444	0.118	0.258
0.298	0.106	0.474	0.122
0.382	0.128	0.178	0.312
0.326	0.010	0.088	0.576
0.612	0.122	0.030	0.236
0.000	0.000	0.000	1.000
0.000	0.030	0.902	0.068
0.968	0.000	0.008	0.024
0.058	0.554	0.358	0.030
0.028	0.008	0.000	0.964
0.156	0.612	0.194	0.038
0.710	0.014	0.098	0.178
