>VKGYGTGGGYGGRKS	Egr2+M2274	8.557883229307699
0.201	0.201	0.495	0.102
0.150	0.160	0.242	0.448
0.073	0.091	0.835	0.000
0.166	0.465	0.000	0.369
0.000	0.000	1.000	0.000
0.000	0.000	0.150	0.850
0.062	0.000	0.938	0.000
0.000	0.000	0.878	0.122
0.000	0.000	1.000	0.000
0.157	0.483	0.000	0.360
0.027	0.000	0.952	0.021
0.058	0.052	0.579	0.311
0.233	0.173	0.459	0.135
0.216	0.144	0.369	0.270
0.172	0.234	0.459	0.136
