>RRRACAGGAAGTGGK	Ets1+M1922	9.320357634204322
0.269	0.253	0.337	0.142
0.381	0.165	0.290	0.164
0.325	0.234	0.363	0.078
0.622	0.033	0.310	0.035
0.063	0.761	0.176	0.000
0.916	0.084	0.000	0.000
0.000	0.000	1.000	0.000
0.000	0.000	1.000	0.000
1.000	0.000	0.000	0.000
0.824	0.000	0.000	0.176
0.191	0.002	0.807	0.000
0.065	0.241	0.063	0.631
0.228	0.100	0.532	0.141
0.171	0.131	0.621	0.078
0.187	0.225	0.358	0.231
