>WKTGCTGACGTMAGCAYW	Mafb+M6047	11.658878398196643
0.434	0.110	0.105	0.351
0.261	0.198	0.274	0.266
0.049	0.287	0.016	0.647
0.012	0.012	0.973	0.003
0.137	0.846	0.003	0.013
0.064	0.033	0.017	0.886
0.073	0.026	0.831	0.070
0.973	0.004	0.018	0.004
0.005	0.802	0.053	0.140
0.121	0.045	0.825	0.009
0.024	0.069	0.012	0.895
0.483	0.442	0.025	0.051
0.720	0.028	0.121	0.131
0.046	0.006	0.846	0.102
0.003	0.961	0.019	0.017
0.797	0.013	0.085	0.105
0.224	0.262	0.231	0.282
0.313	0.096	0.167	0.423
