>WKCTAAAAATAGMWY	Mef2a+M1884	9.656022675219079
0.327	0.100	0.257	0.316
0.115	0.101	0.424	0.360
0.079	0.800	0.022	0.099
0.000	0.321	0.000	0.679
0.864	0.046	0.010	0.081
0.684	0.000	0.081	0.235
0.939	0.000	0.026	0.035
0.918	0.003	0.000	0.079
0.944	0.000	0.000	0.056
0.004	0.000	0.000	0.996
0.999	0.000	0.000	0.001
0.157	0.033	0.788	0.022
0.399	0.429	0.076	0.096
0.360	0.278	0.075	0.288
0.234	0.305	0.138	0.323
