>SYYRGCCAATCASRR	Pbx3+M4473	7.895102491717756
0.202	0.212	0.382	0.204
0.142	0.380	0.234	0.244
0.106	0.498	0.176	0.220
0.356	0.100	0.366	0.178
0.220	0.078	0.608	0.094
0.004	0.844	0.008	0.144
0.002	0.998	0.000	0.000
0.952	0.022	0.000	0.026
0.834	0.098	0.064	0.004
0.000	0.038	0.002	0.960
0.146	0.522	0.294	0.038
0.560	0.050	0.390	0.000
0.202	0.220	0.484	0.094
0.400	0.240	0.260	0.100
0.324	0.112	0.414	0.150
