>TGACCTCYSWTGACCTTT	Rara+M6066	13.195874672962088
0.000	0.000	0.006	0.994
0.005	0.019	0.976	0.000
0.974	0.021	0.000	0.005
0.056	0.940	0.000	0.005
0.000	0.995	0.000	0.005
0.000	0.211	0.006	0.783
0.024	0.620	0.014	0.341
0.080	0.349	0.179	0.392
0.209	0.398	0.282	0.112
0.312	0.062	0.271	0.354
0.005	0.015	0.005	0.975
0.015	0.000	0.985	0.000
0.985	0.015	0.000	0.000
0.038	0.962	0.000	0.000
0.000	0.996	0.000	0.004
0.000	0.124	0.011	0.866
0.017	0.222	0.017	0.744
0.085	0.045	0.141	0.729
