>SCTGTTGCCAGGSMR	Rfx5+M2309	9.268179323777982
0.096	0.320	0.359	0.225
0.095	0.565	0.093	0.247
0.259	0.000	0.202	0.539
0.000	0.000	1.000	0.000
0.000	0.000	0.046	0.954
0.000	0.081	0.128	0.790
0.167	0.105	0.728	0.000
0.028	0.908	0.000	0.063
0.000	0.523	0.000	0.477
0.785	0.000	0.215	0.000
0.116	0.016	0.561	0.307
0.000	0.000	0.953	0.047
0.183	0.332	0.483	0.002
0.418	0.223	0.206	0.154
0.360	0.145	0.406	0.089
