>SSSRGGGGGCGGGRC	Sp2+M2314	9.274343647987527
0.187	0.250	0.442	0.120
0.152	0.242	0.471	0.135
0.203	0.238	0.425	0.134
0.368	0.193	0.329	0.111
0.297	0.059	0.576	0.068
0.168	0.000	0.709	0.122
0.343	0.000	0.657	0.000
0.018	0.000	0.982	0.000
0.000	0.000	1.000	0.000
0.138	0.759	0.000	0.103
0.026	0.000	0.974	0.000
0.000	0.004	0.996	0.000
0.147	0.001	0.822	0.031
0.343	0.152	0.481	0.023
0.145	0.610	0.150	0.095
