>MKRRGRYTTCCRGGAAAKGRR	Stat1+M4547	10.443099524712958
0.367	0.250	0.234	0.150
0.173	0.252	0.273	0.301
0.201	0.178	0.493	0.129
0.308	0.103	0.313	0.276
0.091	0.257	0.521	0.131
0.339	0.131	0.301	0.229
0.129	0.266	0.121	0.484
0.000	0.000	0.000	1.000
0.000	0.005	0.077	0.918
0.110	0.860	0.016	0.014
0.028	0.643	0.019	0.311
0.306	0.119	0.388	0.187
0.121	0.000	0.871	0.007
0.012	0.000	0.923	0.065
0.986	0.014	0.000	0.000
0.986	0.000	0.000	0.014
0.540	0.131	0.213	0.117
0.152	0.182	0.264	0.402
0.154	0.152	0.584	0.110
0.301	0.166	0.470	0.063
0.229	0.182	0.374	0.215
