>GGTGTGAWWTCACACC	Tbx21+M5889	11.627610117057824
0.147	0.100	0.658	0.095
0.012	0.029	0.933	0.026
0.005	0.094	0.008	0.893
0.005	0.002	0.990	0.003
0.094	0.153	0.010	0.742
0.064	0.050	0.729	0.157
0.961	0.003	0.025	0.011
0.385	0.198	0.080	0.338
0.313	0.109	0.170	0.408
0.018	0.016	0.007	0.959
0.212	0.614	0.112	0.062
0.721	0.012	0.178	0.089
0.002	0.989	0.005	0.005
0.874	0.006	0.115	0.005
0.026	0.931	0.034	0.008
0.086	0.626	0.108	0.180
