>GAGTTCATMGGGTTCA	Vdr+M6109	12.177499827919423
0.252	0.081	0.662	0.005
0.575	0.000	0.425	0.000
0.000	0.005	0.995	0.000
0.002	0.005	0.151	0.842
0.007	0.005	0.024	0.964
0.000	0.967	0.006	0.028
0.816	0.000	0.157	0.028
0.047	0.346	0.031	0.575
0.257	0.447	0.049	0.247
0.102	0.067	0.827	0.004
0.325	0.000	0.675	0.000
0.000	0.000	0.998	0.002
0.000	0.000	0.094	0.906
0.003	0.005	0.015	0.977
0.000	0.945	0.011	0.043
0.896	0.009	0.081	0.015
