Factor1: 0.7393207350357032
Factor2: 1.3525929310662577
