Factor1: 1.0102136160286086
Factor2: 0.9898896472324717
