>CTTTGATGTGGT	1-CTTTGATGTGGT	9.066466	-644.823540	0	T:518.0(17.52%),B:1053.0(2.29%),P:1e-280	Tpos:272.5,Tstd:168.3,Bpos:239.2,Bstd:146.2,StrandBias:-0.0,Multiplicity:1.06
0.049	0.505	0.152	0.294
0.075	0.124	0.001	0.800
0.071	0.150	0.058	0.721
0.063	0.001	0.001	0.935
0.068	0.130	0.678	0.124
0.788	0.020	0.051	0.141
0.078	0.001	0.008	0.913
0.058	0.071	0.870	0.001
0.035	0.001	0.001	0.963
0.004	0.001	0.924	0.071
0.068	0.011	0.909	0.012
0.095	0.167	0.131	0.607
>HBYCTTTGATST	2-HBYCTTTGATST	7.661308	-601.546706	0	T:1113.0(37.65%),B:5783.8(12.58%),P:1e-261	Tpos:274.1,Tstd:181.7,Bpos:238.2,Bstd:149.9,StrandBias:0.0,Multiplicity:1.23
0.251	0.210	0.187	0.352
0.169	0.252	0.230	0.349
0.094	0.399	0.203	0.304
0.004	0.808	0.001	0.187
0.001	0.015	0.001	0.983
0.001	0.055	0.029	0.915
0.001	0.001	0.001	0.997
0.066	0.184	0.644	0.106
0.870	0.028	0.045	0.057
0.368	0.001	0.034	0.597
0.043	0.471	0.479	0.006
0.179	0.151	0.070	0.600
>RAAACCACARVN	3-RAAACCACARVN	8.070911	-469.218184	0	T:916.0(30.99%),B:4798.9(10.43%),P:1e-203	Tpos:283.2,Tstd:183.0,Bpos:242.1,Bstd:149.4,StrandBias:0.0,Multiplicity:1.15
0.314	0.176	0.338	0.172
0.742	0.187	0.070	0.001
0.894	0.044	0.061	0.001
0.653	0.131	0.215	0.001
0.012	0.986	0.001	0.001
0.001	0.997	0.001	0.001
0.900	0.001	0.001	0.098
0.051	0.939	0.004	0.006
0.741	0.097	0.001	0.161
0.393	0.109	0.318	0.180
0.331	0.266	0.266	0.136
0.284	0.290	0.217	0.209
>RDKATGACTCAK	4-RDKATGACTCAK	7.451232	-394.977611	0	T:750.0(25.37%),B:3765.2(8.19%),P:1e-171	Tpos:258.9,Tstd:169.3,Bpos:240.7,Bstd:151.1,StrandBias:-0.0,Multiplicity:1.19
0.247	0.198	0.372	0.183
0.256	0.141	0.265	0.338
0.201	0.099	0.302	0.398
0.455	0.179	0.257	0.109
0.001	0.001	0.001	0.997
0.001	0.001	0.877	0.121
0.995	0.003	0.001	0.001
0.020	0.588	0.369	0.023
0.025	0.001	0.022	0.952
0.168	0.796	0.035	0.001
0.864	0.070	0.001	0.065
0.145	0.209	0.259	0.386
>AAAGTGAAAGTG	5-AAAGTGAAAGTG	7.817688	-194.146954	0	T:794.0(26.86%),B:6114.7(13.30%),P:1e-84	Tpos:284.2,Tstd:191.0,Bpos:236.9,Bstd:150.1,StrandBias:-0.1,Multiplicity:1.25
0.719	0.079	0.150	0.052
0.799	0.035	0.031	0.135
0.807	0.031	0.135	0.027
0.225	0.129	0.645	0.001
0.135	0.010	0.036	0.819
0.039	0.087	0.847	0.027
0.937	0.024	0.007	0.032
0.862	0.001	0.120	0.017
0.980	0.001	0.001	0.018
0.120	0.270	0.607	0.003
0.199	0.167	0.067	0.567
0.273	0.071	0.551	0.105
>TGGGGATTCCCC	6-TGGGGATTCCCC	7.528815	-117.390504	0	T:324.0(10.96%),B:1970.5(4.28%),P:1e-50	Tpos:272.6,Tstd:198.5,Bpos:237.1,Bstd:139.5,StrandBias:-0.2,Multiplicity:1.07
0.183	0.044	0.034	0.739
0.019	0.025	0.903	0.053
0.041	0.025	0.918	0.016
0.031	0.012	0.924	0.033
0.128	0.024	0.819	0.029
0.703	0.105	0.096	0.096
0.107	0.064	0.055	0.774
0.017	0.055	0.123	0.805
0.012	0.789	0.038	0.161
0.030	0.872	0.025	0.073
0.054	0.890	0.025	0.031
0.057	0.869	0.012	0.062
>ACCACAGGAAGT	7-ACCACAGGAAGT	8.221772	-116.854359	0	T:366.0(12.38%),B:2391.6(5.20%),P:1e-50	Tpos:280.7,Tstd:213.0,Bpos:234.6,Bstd:149.9,StrandBias:-0.2,Multiplicity:1.02
0.563	0.080	0.201	0.156
0.170	0.473	0.208	0.149
0.165	0.685	0.014	0.136
0.819	0.136	0.012	0.033
0.212	0.612	0.143	0.033
0.897	0.001	0.101	0.001
0.176	0.001	0.693	0.130
0.163	0.046	0.672	0.119
0.711	0.183	0.082	0.024
0.673	0.001	0.143	0.183
0.082	0.184	0.733	0.001
0.097	0.216	0.148	0.539
>TTGTGGTTAGTG	8-TTGTGGTTAGTG	8.672577	-110.044600	0	T:288.0(9.74%),B:1694.2(3.68%),P:1e-47	Tpos:252.4,Tstd:194.5,Bpos:240.2,Bstd:149.8,StrandBias:-0.2,Multiplicity:1.12
0.017	0.175	0.100	0.708
0.043	0.019	0.064	0.874
0.023	0.024	0.913	0.040
0.077	0.009	0.023	0.891
0.032	0.019	0.846	0.103
0.034	0.119	0.820	0.027
0.017	0.005	0.020	0.958
0.037	0.203	0.183	0.577
0.770	0.009	0.059	0.162
0.144	0.049	0.699	0.108
0.087	0.020	0.178	0.715
0.173	0.065	0.659	0.103
>AGGATGTGGTTA	9-AGGATGTGGTTA	7.618370	-94.356763	0	T:242.0(8.19%),B:1403.8(3.05%),P:1e-40	Tpos:276.6,Tstd:194.2,Bpos:232.5,Bstd:143.4,StrandBias:0.0,Multiplicity:1.05
0.547	0.029	0.188	0.236
0.312	0.011	0.632	0.045
0.221	0.074	0.573	0.132
0.490	0.215	0.151	0.144
0.234	0.018	0.129	0.619
0.135	0.046	0.731	0.088
0.192	0.005	0.063	0.740
0.131	0.001	0.729	0.139
0.062	0.175	0.590	0.173
0.038	0.178	0.204	0.580
0.233	0.165	0.157	0.445
0.504	0.153	0.219	0.124
>TCAGATGTGGTT	10-TCAGATGTGGTT	9.331791	-74.470214	0	T:158.0(5.35%),B:810.7(1.76%),P:1e-32	Tpos:258.1,Tstd:172.4,Bpos:248.8,Bstd:140.4,StrandBias:0.4,Multiplicity:1.06
0.094	0.047	0.076	0.783
0.001	0.901	0.063	0.035
0.920	0.014	0.057	0.009
0.072	0.080	0.781	0.067
0.836	0.065	0.040	0.059
0.065	0.022	0.067	0.846
0.067	0.057	0.838	0.038
0.066	0.039	0.030	0.865
0.022	0.030	0.875	0.073
0.060	0.056	0.812	0.072
0.026	0.156	0.040	0.778
0.099	0.068	0.065	0.768
>TGTGGTTTCCTG	11-TGTGGTTTCCTG	8.399174	-70.396598	0	T:196.0(6.63%),B:1191.4(2.59%),P:1e-30	Tpos:263.3,Tstd:188.9,Bpos:239.9,Bstd:144.3,StrandBias:-0.2,Multiplicity:1.02
0.042	0.202	0.174	0.582
0.043	0.200	0.539	0.218
0.223	0.017	0.156	0.604
0.040	0.086	0.704	0.170
0.131	0.020	0.627	0.222
0.075	0.187	0.156	0.582
0.180	0.153	0.077	0.590
0.048	0.051	0.202	0.699
0.002	0.841	0.102	0.055
0.119	0.564	0.084	0.233
0.186	0.101	0.119	0.594
0.004	0.229	0.579	0.188
>NCTTTCACTTTV	12-NCTTTCACTTTV	6.857707	-70.143951	0	T:215.0(7.27%),B:1378.3(3.00%),P:1e-30	Tpos:263.0,Tstd:202.7,Bpos:233.3,Bstd:146.8,StrandBias:-0.4,Multiplicity:1.02
0.231	0.286	0.215	0.268
0.278	0.519	0.037	0.166
0.289	0.256	0.001	0.454
0.180	0.036	0.276	0.508
0.208	0.189	0.154	0.449
0.260	0.482	0.220	0.038
0.515	0.179	0.017	0.289
0.223	0.524	0.213	0.040
0.005	0.017	0.013	0.965
0.002	0.260	0.267	0.470
0.296	0.009	0.040	0.655
0.248	0.270	0.318	0.165
>CCTTTCATCTCT	13-CCTTTCATCTCT	9.546394	-56.842700	0	T:217.0(7.34%),B:1552.4(3.38%),P:1e-24	Tpos:286.8,Tstd:206.1,Bpos:241.1,Bstd:145.9,StrandBias:-0.0,Multiplicity:1.02
0.078	0.727	0.079	0.116
0.082	0.845	0.013	0.060
0.078	0.098	0.001	0.823
0.033	0.106	0.070	0.791
0.057	0.001	0.075	0.867
0.073	0.821	0.065	0.041
0.868	0.024	0.042	0.066
0.062	0.089	0.058	0.791
0.083	0.799	0.026	0.092
0.001	0.072	0.001	0.926
0.001	0.888	0.081	0.030
0.109	0.036	0.001	0.854
>GCAGGAAACCGC	14-GCAGGAAACCGC	9.727742	-54.724275	0	T:120.0(4.06%),B:631.8(1.37%),P:1e-23	Tpos:253.6,Tstd:176.5,Bpos:233.3,Bstd:141.5,StrandBias:-0.3,Multiplicity:1.03
0.139	0.017	0.843	0.001
0.090	0.671	0.206	0.033
0.997	0.001	0.001	0.001
0.020	0.001	0.946	0.033
0.102	0.001	0.864	0.033
0.799	0.058	0.110	0.033
0.866	0.078	0.055	0.001
0.828	0.001	0.170	0.001
0.053	0.840	0.001	0.106
0.307	0.548	0.087	0.058
0.223	0.041	0.670	0.066
0.116	0.728	0.008	0.148
>GGTTTTGTGGTA	15-GGTTTTGTGGTA	9.915444	-48.242485	0	T:62.0(2.10%),B:214.7(0.47%),P:1e-20	Tpos:254.5,Tstd:174.9,Bpos:231.6,Bstd:148.2,StrandBias:0.6,Multiplicity:1.00
0.013	0.050	0.883	0.054
0.017	0.106	0.815	0.062
0.080	0.126	0.043	0.751
0.001	0.044	0.064	0.891
0.083	0.092	0.038	0.787
0.071	0.073	0.055	0.801
0.026	0.066	0.825	0.083
0.097	0.017	0.033	0.853
0.050	0.017	0.841	0.092
0.030	0.029	0.924	0.017
0.100	0.036	0.067	0.797
0.834	0.059	0.024	0.083
>CTTTGATCTCTT	16-CTTTGATCTCTT	8.281137	-46.903144	0	T:102.0(3.45%),B:535.5(1.16%),P:1e-20	Tpos:315.6,Tstd:211.4,Bpos:248.6,Bstd:148.9,StrandBias:-0.6,Multiplicity:1.02
0.137	0.561	0.177	0.125
0.140	0.074	0.032	0.754
0.096	0.165	0.221	0.518
0.208	0.039	0.117	0.636
0.128	0.053	0.634	0.185
0.450	0.197	0.156	0.197
0.140	0.111	0.208	0.541
0.150	0.436	0.171	0.243
0.166	0.165	0.004	0.665
0.103	0.524	0.146	0.227
0.109	0.008	0.004	0.879
0.112	0.150	0.184	0.554
>TTTGAAATGAGT	17-TTTGAAATGAGT	8.879552	-45.554676	0	T:220.0(7.44%),B:1742.4(3.79%),P:1e-19	Tpos:295.7,Tstd:219.9,Bpos:237.3,Bstd:146.1,StrandBias:0.1,Multiplicity:1.11
0.067	0.061	0.046	0.826
0.018	0.083	0.046	0.853
0.071	0.035	0.077	0.817
0.058	0.037	0.804	0.101
0.910	0.060	0.001	0.029
0.814	0.038	0.050	0.098
0.836	0.056	0.054	0.054
0.101	0.001	0.048	0.850
0.073	0.056	0.806	0.065
0.865	0.037	0.059	0.039
0.058	0.065	0.817	0.060
0.051	0.089	0.054	0.806
>GGAAGATCAAAC	18-GGAAGATCAAAC	14.310631	-42.623959	0	T:10.0(0.34%),B:1.8(0.00%),P:1e-18	Tpos:272.7,Tstd:130.0,Bpos:348.0,Bstd:0.0,StrandBias:0.6,Multiplicity:1.00
0.114	0.001	0.884	0.001
0.001	0.001	0.997	0.001
0.997	0.001	0.001	0.001
0.884	0.114	0.001	0.001
0.001	0.001	0.997	0.001
0.997	0.001	0.001	0.001
0.001	0.001	0.001	0.997
0.001	0.997	0.001	0.001
0.997	0.001	0.001	0.001
0.997	0.001	0.001	0.001
0.997	0.001	0.001	0.001
0.001	0.997	0.001	0.001
>CTAAGAGGAAGT	19-CTAAGAGGAAGT	9.214505	-40.851229	0	T:158.0(5.35%),B:1139.8(2.48%),P:1e-17	Tpos:274.8,Tstd:205.2,Bpos:242.2,Bstd:146.3,StrandBias:0.1,Multiplicity:1.05
0.027	0.791	0.064	0.118
0.065	0.056	0.064	0.815
0.744	0.105	0.083	0.068
0.877	0.001	0.032	0.090
0.100	0.071	0.828	0.001
0.916	0.015	0.040	0.029
0.053	0.015	0.905	0.027
0.027	0.107	0.782	0.084
0.832	0.062	0.053	0.053
0.878	0.015	0.037	0.070
0.086	0.078	0.824	0.012
0.093	0.051	0.041	0.815
>YTTTNACTTTCT	20-YTTTNACTTTCT	8.443601	-40.260385	0	T:413.0(13.97%),B:4176.3(9.08%),P:1e-17	Tpos:300.0,Tstd:228.8,Bpos:242.3,Bstd:146.2,StrandBias:0.2,Multiplicity:1.08
0.238	0.429	0.001	0.332
0.210	0.008	0.078	0.704
0.001	0.001	0.344	0.654
0.001	0.006	0.331	0.662
0.209	0.347	0.227	0.216
0.732	0.207	0.033	0.028
0.032	0.966	0.001	0.001
0.005	0.118	0.034	0.843
0.001	0.048	0.064	0.887
0.047	0.308	0.063	0.582
0.001	0.986	0.012	0.001
0.001	0.207	0.001	0.791
>CCCCCCCCCCCC	21-CCCCCCCCCCCC	7.193320	-39.850098	0	T:786.0(26.59%),B:9213.6(20.03%),P:1e-17	Tpos:281.4,Tstd:197.4,Bpos:240.3,Bstd:135.8,StrandBias:-0.2,Multiplicity:1.30
0.040	0.546	0.159	0.255
0.074	0.693	0.047	0.186
0.089	0.736	0.007	0.168
0.235	0.712	0.001	0.052
0.040	0.770	0.064	0.126
0.180	0.495	0.002	0.322
0.074	0.780	0.001	0.145
0.083	0.881	0.011	0.025
0.119	0.815	0.020	0.046
0.189	0.644	0.049	0.118
0.061	0.847	0.019	0.073
0.169	0.535	0.116	0.180
>AGGTACTTTCCC	22-AGGTACTTTCCC	10.799957	-38.363829	0	T:38.0(1.29%),B:101.9(0.22%),P:1e-16	Tpos:196.5,Tstd:129.4,Bpos:231.1,Bstd:133.0,StrandBias:0.7,Multiplicity:1.00
0.815	0.001	0.123	0.061
0.001	0.001	0.997	0.001
0.161	0.001	0.837	0.001
0.001	0.047	0.029	0.923
0.877	0.001	0.061	0.061
0.064	0.573	0.301	0.062
0.062	0.062	0.123	0.753
0.188	0.001	0.001	0.810
0.001	0.249	0.001	0.749
0.126	0.872	0.001	0.001
0.001	0.937	0.001	0.061
0.127	0.743	0.001	0.129
>GGGGGGGGGGCG	23-GGGGGGGGGGCG	7.011684	-23.854000	0	T:576.0(19.49%),B:6921.8(15.05%),P:1e-10	Tpos:297.2,Tstd:224.6,Bpos:246.0,Bstd:147.3,StrandBias:-0.0,Multiplicity:1.22
0.095	0.025	0.795	0.085
0.077	0.044	0.763	0.116
0.147	0.104	0.654	0.095
0.109	0.074	0.736	0.081
0.119	0.105	0.688	0.088
0.107	0.125	0.661	0.107
0.124	0.058	0.738	0.080
0.120	0.033	0.782	0.065
0.048	0.086	0.797	0.069
0.069	0.047	0.835	0.049
0.014	0.849	0.034	0.103
0.099	0.089	0.703	0.109
>CTCCCCCCCCCC	24-CTCCCCCCCCCC	9.074060	-19.816673	0	T:161.0(5.45%),B:1533.5(3.33%),P:1e-8	Tpos:276.3,Tstd:202.2,Bpos:249.2,Bstd:147.3,StrandBias:0.5,Multiplicity:1.00
0.001	0.872	0.001	0.126
0.011	0.007	0.112	0.870
0.022	0.732	0.232	0.014
0.246	0.437	0.082	0.235
0.168	0.547	0.282	0.003
0.006	0.642	0.248	0.104
0.154	0.458	0.170	0.218
0.209	0.419	0.127	0.245
0.021	0.524	0.339	0.116
0.008	0.723	0.147	0.122
0.001	0.843	0.006	0.150
0.328	0.650	0.006	0.016
>TGCTGGGTATGA	25-TGCTGGGTATGA	12.355432	-4.881589	0	T:2.0(0.07%),B:2.9(0.01%),P:1e-2	Tpos:104.8,Tstd:55.1,Bpos:270.8,Bstd:99.8,StrandBias:10.0,Multiplicity:8.50
0.100	0.100	0.100	0.700
0.100	0.100	0.700	0.100
0.100	0.700	0.100	0.100
0.100	0.100	0.100	0.700
0.100	0.100	0.700	0.100
0.100	0.100	0.700	0.100
0.100	0.100	0.700	0.100
0.100	0.100	0.100	0.700
0.700	0.100	0.100	0.100
0.100	0.100	0.100	0.700
0.100	0.100	0.700	0.100
0.700	0.100	0.100	0.100
