Factor1: 1.6332272562509638
Factor2: 0.6122846628799702
