Factor1: 1.2328972458716925
Factor2: 0.8110976022928589
