Factor1: 0.8466556732886167
Factor2: 1.1811176981969038
