>HACTTCCTGY	1-HACTTCCTGY	7.779373	-138.866152	0	T:553.0(25.15%),B:5756.5(12.27%),P:1e-60	Tpos:294.5,Tstd:227.2,Bpos:238.7,Bstd:142.1,StrandBias:0.1,Multiplicity:1.21
0.267	0.375	0.096	0.262
0.637	0.044	0.258	0.061
0.005	0.757	0.001	0.237
0.234	0.001	0.063	0.702
0.012	0.030	0.001	0.957
0.066	0.929	0.001	0.004
0.001	0.971	0.001	0.027
0.045	0.043	0.020	0.892
0.098	0.072	0.622	0.208
0.114	0.325	0.105	0.455
>VTGAGTCATH	2-VTGAGTCATH	8.368369	-101.376911	0	T:176.0(8.00%),B:1075.3(2.29%),P:1e-44	Tpos:286.3,Tstd:237.0,Bpos:239.9,Bstd:139.6,StrandBias:-0.3,Multiplicity:1.05
0.356	0.211	0.312	0.121
0.024	0.133	0.019	0.824
0.040	0.046	0.783	0.131
0.875	0.001	0.013	0.111
0.067	0.273	0.578	0.082
0.001	0.001	0.001	0.997
0.074	0.924	0.001	0.001
0.923	0.001	0.075	0.001
0.128	0.202	0.144	0.526
0.325	0.302	0.112	0.262
>AAVTGAAAST	3-AAVTGAAAST	6.575958	-100.563859	0	T:458.0(20.83%),B:4982.1(10.62%),P:1e-43	Tpos:306.2,Tstd:235.4,Bpos:238.2,Bstd:144.7,StrandBias:-0.1,Multiplicity:1.20
0.596	0.041	0.188	0.175
0.509	0.093	0.191	0.207
0.231	0.305	0.308	0.156
0.177	0.163	0.195	0.465
0.038	0.035	0.748	0.179
0.777	0.153	0.031	0.039
0.777	0.034	0.160	0.029
0.884	0.047	0.032	0.037
0.054	0.460	0.460	0.026
0.173	0.163	0.213	0.451
>NRAAACCACA	4-NRAAACCACA	8.790589	-96.602423	0	T:238.0(10.82%),B:1863.8(3.97%),P:1e-41	Tpos:293.4,Tstd:223.1,Bpos:239.0,Bstd:146.4,StrandBias:-0.1,Multiplicity:1.08
0.249	0.207	0.284	0.260
0.296	0.129	0.425	0.150
0.656	0.002	0.001	0.341
0.997	0.001	0.001	0.001
0.898	0.092	0.001	0.009
0.040	0.958	0.001	0.001
0.001	0.997	0.001	0.001
0.984	0.001	0.014	0.001
0.001	0.997	0.001	0.001
0.921	0.001	0.001	0.077
>GGGGAWTTCC	5-GGGGAWTTCC	7.864584	-58.723779	0	T:235.0(10.69%),B:2373.9(5.06%),P:1e-25	Tpos:312.1,Tstd:242.0,Bpos:235.6,Bstd:138.1,StrandBias:-0.0,Multiplicity:1.10
0.001	0.023	0.844	0.132
0.008	0.063	0.928	0.001
0.001	0.001	0.997	0.001
0.286	0.001	0.523	0.190
0.707	0.110	0.139	0.044
0.455	0.034	0.001	0.510
0.305	0.067	0.119	0.509
0.037	0.241	0.001	0.721
0.001	0.773	0.001	0.225
0.001	0.955	0.043	0.001
>CCACATCAAA	6-CCACATCAAA	8.500751	-57.466591	0	T:135.0(6.14%),B:1022.1(2.18%),P:1e-24	Tpos:312.8,Tstd:243.6,Bpos:239.2,Bstd:144.0,StrandBias:0.2,Multiplicity:1.02
0.001	0.997	0.001	0.001
0.001	0.925	0.001	0.073
0.941	0.001	0.057	0.001
0.024	0.916	0.008	0.052
0.846	0.001	0.001	0.152
0.026	0.001	0.035	0.938
0.010	0.941	0.048	0.001
0.997	0.001	0.001	0.001
0.836	0.053	0.065	0.046
0.959	0.001	0.039	0.001
>CWTCAAAGWC	7-CWTCAAAGWC	9.308985	-53.384659	0	T:162.0(7.37%),B:1425.7(3.04%),P:1e-23	Tpos:307.5,Tstd:233.1,Bpos:240.7,Bstd:141.5,StrandBias:0.2,Multiplicity:1.05
0.001	0.512	0.168	0.319
0.412	0.167	0.001	0.420
0.001	0.001	0.001	0.997
0.001	0.754	0.001	0.244
0.997	0.001	0.001	0.001
0.997	0.001	0.001	0.001
0.997	0.001	0.001	0.001
0.001	0.001	0.997	0.001
0.312	0.138	0.142	0.408
0.339	0.534	0.001	0.126
>AGCAAACCAC	8-AGCAAACCAC	6.783610	-50.863768	0	T:498.0(22.65%),B:6929.1(14.77%),P:1e-22	Tpos:306.7,Tstd:251.2,Bpos:236.5,Bstd:142.9,StrandBias:-0.1,Multiplicity:1.15
0.819	0.075	0.075	0.031
0.063	0.078	0.778	0.081
0.056	0.796	0.115	0.033
0.795	0.084	0.060	0.061
0.845	0.052	0.048	0.055
0.743	0.131	0.063	0.063
0.118	0.741	0.069	0.072
0.060	0.803	0.081	0.056
0.870	0.030	0.041	0.059
0.076	0.818	0.066	0.040
>CACCTAGTGG	9-CACCTAGTGG	9.175150	-50.580229	0	T:101.0(4.59%),B:687.7(1.47%),P:1e-21	Tpos:247.4,Tstd:228.3,Bpos:242.4,Bstd:135.8,StrandBias:0.5,Multiplicity:1.04
0.001	0.997	0.001	0.001
0.740	0.235	0.018	0.007
0.027	0.860	0.005	0.108
0.001	0.971	0.021	0.007
0.001	0.036	0.001	0.962
0.796	0.001	0.102	0.101
0.001	0.004	0.994	0.001
0.043	0.018	0.001	0.938
0.001	0.044	0.954	0.001
0.009	0.009	0.902	0.080
>AGAAACCGCG	10-AGAAACCGCG	6.688920	-40.396674	0	T:354.0(16.10%),B:4741.8(10.11%),P:1e-17	Tpos:332.8,Tstd:285.0,Bpos:238.6,Bstd:151.5,StrandBias:-0.1,Multiplicity:1.15
0.801	0.030	0.077	0.092
0.041	0.074	0.812	0.073
0.800	0.082	0.046	0.072
0.806	0.051	0.088	0.055
0.800	0.069	0.056	0.075
0.054	0.847	0.054	0.045
0.043	0.824	0.046	0.087
0.105	0.105	0.738	0.052
0.066	0.828	0.072	0.034
0.065	0.076	0.753	0.106
>TTTGCGGTTG	11-TTTGCGGTTG	6.761808	-39.808957	0	T:393.0(17.87%),B:5442.3(11.60%),P:1e-17	Tpos:294.7,Tstd:236.1,Bpos:237.2,Bstd:146.9,StrandBias:0.2,Multiplicity:1.08
0.085	0.086	0.077	0.752
0.034	0.105	0.042	0.819
0.123	0.029	0.091	0.757
0.025	0.064	0.847	0.064
0.035	0.826	0.083	0.056
0.064	0.074	0.765	0.097
0.066	0.046	0.761	0.127
0.049	0.113	0.084	0.754
0.085	0.059	0.033	0.823
0.019	0.067	0.904	0.010
>TCATTTCCGC	12-TCATTTCCGC	5.967965	-38.417854	0	T:274.0(12.46%),B:3443.4(7.34%),P:1e-16	Tpos:324.1,Tstd:255.3,Bpos:243.1,Bstd:142.2,StrandBias:0.1,Multiplicity:1.07
0.163	0.140	0.168	0.529
0.141	0.542	0.172	0.145
0.549	0.177	0.161	0.113
0.117	0.086	0.125	0.672
0.099	0.113	0.122	0.666
0.103	0.165	0.176	0.556
0.132	0.592	0.129	0.147
0.107	0.668	0.086	0.139
0.163	0.089	0.581	0.167
0.081	0.627	0.099	0.193
>RRTNWCGTSA	13-RRTNWCGTSA	6.767669	-35.804838	0	T:148.0(6.73%),B:1516.1(3.23%),P:1e-15	Tpos:302.7,Tstd:229.1,Bpos:236.8,Bstd:152.3,StrandBias:0.1,Multiplicity:1.05
0.329	0.001	0.450	0.220
0.473	0.016	0.350	0.161
0.001	0.001	0.300	0.698
0.233	0.296	0.249	0.222
0.421	0.001	0.134	0.444
0.115	0.770	0.114	0.001
0.004	0.041	0.954	0.001
0.073	0.001	0.069	0.857
0.232	0.326	0.441	0.001
0.530	0.170	0.001	0.299
>GGGGGGGGGG	14-GGGGGGGGGG	7.223349	-29.140558	0	T:539.0(24.51%),B:8577.8(18.29%),P:1e-12	Tpos:334.4,Tstd:291.1,Bpos:241.9,Bstd:142.8,StrandBias:0.0,Multiplicity:1.54
0.083	0.044	0.803	0.070
0.077	0.035	0.825	0.063
0.101	0.056	0.785	0.058
0.082	0.038	0.817	0.063
0.088	0.055	0.809	0.048
0.092	0.056	0.783	0.069
0.073	0.102	0.777	0.048
0.081	0.059	0.792	0.068
0.091	0.050	0.826	0.033
0.069	0.078	0.787	0.066
>AACAGACGTT	15-AACAGACGTT	6.837838	-25.565081	0	T:219.0(9.96%),B:2905.9(6.20%),P:1e-11	Tpos:287.7,Tstd:233.7,Bpos:240.9,Bstd:149.4,StrandBias:0.0,Multiplicity:1.07
0.800	0.081	0.064	0.055
0.779	0.081	0.061	0.079
0.098	0.745	0.077	0.080
0.823	0.057	0.021	0.099
0.085	0.048	0.808	0.059
0.771	0.093	0.093	0.043
0.050	0.866	0.049	0.035
0.025	0.047	0.839	0.089
0.092	0.073	0.072	0.763
0.034	0.034	0.117	0.815
>GCCACRCCCT	16-GCCACRCCCT	10.212365	-25.408622	0	T:62.0(2.82%),B:490.5(1.05%),P:1e-11	Tpos:257.4,Tstd:229.3,Bpos:240.7,Bstd:151.3,StrandBias:0.7,Multiplicity:1.18
0.001	0.001	0.997	0.001
0.186	0.812	0.001	0.001
0.288	0.710	0.001	0.001
0.997	0.001	0.001	0.001
0.001	0.997	0.001	0.001
0.573	0.001	0.425	0.001
0.001	0.997	0.001	0.001
0.001	0.907	0.091	0.001
0.084	0.914	0.001	0.001
0.001	0.096	0.001	0.902
>TTGAGTCACG	17-TTGAGTCACG	9.830603	-23.819760	0	T:35.0(1.59%),B:194.6(0.41%),P:1e-10	Tpos:246.3,Tstd:275.2,Bpos:245.3,Bstd:141.3,StrandBias:-0.2,Multiplicity:1.00
0.001	0.001	0.001	0.997
0.001	0.001	0.001	0.997
0.001	0.001	0.879	0.119
0.896	0.001	0.047	0.056
0.039	0.001	0.959	0.001
0.001	0.046	0.001	0.952
0.095	0.853	0.051	0.001
0.904	0.001	0.094	0.001
0.001	0.930	0.020	0.049
0.001	0.164	0.716	0.119
>ACGCTGCGGT	18-ACGCTGCGGT	9.094690	-23.444182	0	T:51.0(2.32%),B:377.3(0.80%),P:1e-10	Tpos:314.8,Tstd:228.0,Bpos:250.9,Bstd:159.1,StrandBias:0.0,Multiplicity:1.02
0.986	0.012	0.001	0.001
0.053	0.850	0.051	0.046
0.038	0.030	0.704	0.228
0.001	0.997	0.001	0.001
0.065	0.001	0.001	0.933
0.001	0.001	0.997	0.001
0.024	0.974	0.001	0.001
0.057	0.060	0.882	0.001
0.001	0.024	0.974	0.001
0.154	0.001	0.092	0.753
>CTSAGTSATG	19-CTSAGTSATG	9.827732	-19.905819	0	T:61.0(2.77%),B:552.7(1.18%),P:1e-8	Tpos:245.8,Tstd:176.4,Bpos:233.8,Bstd:131.8,StrandBias:0.2,Multiplicity:1.19
0.001	0.997	0.001	0.001
0.001	0.001	0.001	0.997
0.133	0.434	0.301	0.133
0.866	0.132	0.001	0.001
0.001	0.001	0.947	0.051
0.001	0.132	0.001	0.866
0.132	0.496	0.370	0.001
0.943	0.001	0.055	0.001
0.001	0.132	0.001	0.866
0.001	0.191	0.807	0.001
>TTAGCAGCTG	20-TTAGCAGCTG	9.885443	-18.885669	0	T:73.0(3.32%),B:738.3(1.57%),P:1e-8	Tpos:257.8,Tstd:182.6,Bpos:244.8,Bstd:138.4,StrandBias:0.1,Multiplicity:1.03
0.074	0.036	0.001	0.889
0.058	0.095	0.001	0.846
0.614	0.001	0.079	0.306
0.001	0.001	0.997	0.001
0.001	0.997	0.001	0.001
0.997	0.001	0.001	0.001
0.001	0.001	0.942	0.056
0.066	0.932	0.001	0.001
0.001	0.139	0.001	0.859
0.085	0.001	0.913	0.001
>KTAGGTGSCA	21-KTAGGTGSCA	8.457138	-15.923384	0	T:20.0(0.91%),B:100.6(0.21%),P:1e-6	Tpos:282.3,Tstd:222.6,Bpos:217.0,Bstd:135.9,StrandBias:-0.4,Multiplicity:1.05
0.024	0.051	0.451	0.473
0.087	0.064	0.099	0.750
0.658	0.203	0.043	0.096
0.040	0.315	0.500	0.145
0.027	0.043	0.828	0.102
0.017	0.062	0.072	0.849
0.037	0.344	0.577	0.042
0.132	0.351	0.413	0.105
0.107	0.480	0.178	0.235
0.563	0.043	0.035	0.359
>GAGGTGAMAA	22-GAGGTGAMAA	9.351164	-15.637467	0	T:62.0(2.82%),B:639.1(1.36%),P:1e-6	Tpos:299.9,Tstd:260.1,Bpos:240.7,Bstd:135.5,StrandBias:-0.2,Multiplicity:1.11
0.016	0.001	0.982	0.001
0.997	0.001	0.001	0.001
0.001	0.001	0.723	0.275
0.013	0.001	0.985	0.001
0.001	0.095	0.017	0.887
0.001	0.001	0.909	0.089
0.813	0.001	0.001	0.185
0.454	0.439	0.036	0.070
0.620	0.001	0.001	0.378
0.986	0.012	0.001	0.001
>AAATGAAAGA	23-AAATGAAAGA	8.983796	-15.193670	0	T:162.0(7.37%),B:2288.6(4.88%),P:1e-6	Tpos:270.4,Tstd:227.1,Bpos:236.1,Bstd:139.1,StrandBias:-0.0,Multiplicity:1.02
0.900	0.001	0.001	0.098
0.747	0.033	0.207	0.013
0.997	0.001	0.001	0.001
0.137	0.048	0.126	0.689
0.235	0.173	0.529	0.063
0.986	0.001	0.009	0.004
0.525	0.199	0.235	0.041
0.935	0.063	0.001	0.001
0.059	0.085	0.855	0.001
0.845	0.074	0.065	0.016
>TAGAAACGCA	24-TAGAAACGCA	9.175656	-13.035716	0	T:44.0(2.00%),B:428.0(0.91%),P:1e-5	Tpos:251.9,Tstd:209.5,Bpos:244.5,Bstd:149.3,StrandBias:0.5,Multiplicity:1.14
0.001	0.001	0.043	0.955
0.997	0.001	0.001	0.001
0.001	0.001	0.997	0.001
0.832	0.001	0.039	0.128
0.969	0.001	0.029	0.001
0.953	0.001	0.001	0.045
0.001	0.554	0.102	0.343
0.037	0.001	0.898	0.064
0.001	0.997	0.001	0.001
0.871	0.001	0.127	0.001
>GACTACATCG	25-GACTACATCG	10.296193	-12.723105	0	T:4.0(0.18%),B:2.5(0.01%),P:1e-5	Tpos:275.5,Tstd:90.9,Bpos:312.9,Bstd:133.6,StrandBias:1.6,Multiplicity:1.00
0.100	0.100	0.700	0.100
0.700	0.100	0.100	0.100
0.100	0.700	0.100	0.100
0.100	0.100	0.100	0.700
0.700	0.100	0.100	0.100
0.100	0.700	0.100	0.100
0.700	0.100	0.100	0.100
0.100	0.100	0.100	0.700
0.100	0.700	0.100	0.100
0.100	0.100	0.700	0.100
