>HACTTCCTGY	1-HACTTCCTGY	7.779373	-138.866152	0	T:553.0(25.15%),B:5756.5(12.27%),P:1e-60	Tpos:294.5,Tstd:227.2,Bpos:238.7,Bstd:142.1,StrandBias:0.1,Multiplicity:1.21
0.267	0.375	0.096	0.262
0.637	0.044	0.258	0.061
0.005	0.757	0.001	0.237
0.234	0.001	0.063	0.702
0.012	0.030	0.001	0.957
0.066	0.929	0.001	0.004
0.001	0.971	0.001	0.027
0.045	0.043	0.020	0.892
0.098	0.072	0.622	0.208
0.114	0.325	0.105	0.455
>VTGAGTCATH	2-VTGAGTCATH	8.368369	-101.376911	0	T:176.0(8.00%),B:1075.3(2.29%),P:1e-44	Tpos:286.3,Tstd:237.0,Bpos:239.9,Bstd:139.6,StrandBias:-0.3,Multiplicity:1.05
0.356	0.211	0.312	0.121
0.024	0.133	0.019	0.824
0.040	0.046	0.783	0.131
0.875	0.001	0.013	0.111
0.067	0.273	0.578	0.082
0.001	0.001	0.001	0.997
0.074	0.924	0.001	0.001
0.923	0.001	0.075	0.001
0.128	0.202	0.144	0.526
0.325	0.302	0.112	0.262
>AAVTGAAAST	3-AAVTGAAAST	6.575958	-100.563859	0	T:458.0(20.83%),B:4982.1(10.62%),P:1e-43	Tpos:306.2,Tstd:235.4,Bpos:238.2,Bstd:144.7,StrandBias:-0.1,Multiplicity:1.20
0.596	0.041	0.188	0.175
0.509	0.093	0.191	0.207
0.231	0.305	0.308	0.156
0.177	0.163	0.195	0.465
0.038	0.035	0.748	0.179
0.777	0.153	0.031	0.039
0.777	0.034	0.160	0.029
0.884	0.047	0.032	0.037
0.054	0.460	0.460	0.026
0.173	0.163	0.213	0.451
>NRAAACCACA	4-NRAAACCACA	8.790589	-96.602423	0	T:238.0(10.82%),B:1863.8(3.97%),P:1e-41	Tpos:293.4,Tstd:223.1,Bpos:239.0,Bstd:146.4,StrandBias:-0.1,Multiplicity:1.08
0.249	0.207	0.284	0.260
0.296	0.129	0.425	0.150
0.656	0.002	0.001	0.341
0.997	0.001	0.001	0.001
0.898	0.092	0.001	0.009
0.040	0.958	0.001	0.001
0.001	0.997	0.001	0.001
0.984	0.001	0.014	0.001
0.001	0.997	0.001	0.001
0.921	0.001	0.001	0.077
>GGGGAWTTCC	5-GGGGAWTTCC	7.864584	-58.723779	0	T:235.0(10.69%),B:2373.9(5.06%),P:1e-25	Tpos:312.1,Tstd:242.0,Bpos:235.6,Bstd:138.1,StrandBias:-0.0,Multiplicity:1.10
0.001	0.023	0.844	0.132
0.008	0.063	0.928	0.001
0.001	0.001	0.997	0.001
0.286	0.001	0.523	0.190
0.707	0.110	0.139	0.044
0.455	0.034	0.001	0.510
0.305	0.067	0.119	0.509
0.037	0.241	0.001	0.721
0.001	0.773	0.001	0.225
0.001	0.955	0.043	0.001
>CCACATCAAA	6-CCACATCAAA	8.500751	-57.466591	0	T:135.0(6.14%),B:1022.1(2.18%),P:1e-24	Tpos:312.8,Tstd:243.6,Bpos:239.2,Bstd:144.0,StrandBias:0.2,Multiplicity:1.02
0.001	0.997	0.001	0.001
0.001	0.925	0.001	0.073
0.941	0.001	0.057	0.001
0.024	0.916	0.008	0.052
0.846	0.001	0.001	0.152
0.026	0.001	0.035	0.938
0.010	0.941	0.048	0.001
0.997	0.001	0.001	0.001
0.836	0.053	0.065	0.046
0.959	0.001	0.039	0.001
>CWTCAAAGWC	7-CWTCAAAGWC	9.308985	-53.384659	0	T:162.0(7.37%),B:1425.7(3.04%),P:1e-23	Tpos:307.5,Tstd:233.1,Bpos:240.7,Bstd:141.5,StrandBias:0.2,Multiplicity:1.05
0.001	0.512	0.168	0.319
0.412	0.167	0.001	0.420
0.001	0.001	0.001	0.997
0.001	0.754	0.001	0.244
0.997	0.001	0.001	0.001
0.997	0.001	0.001	0.001
0.997	0.001	0.001	0.001
0.001	0.001	0.997	0.001
0.312	0.138	0.142	0.408
0.339	0.534	0.001	0.126
>AGCAAACCAC	8-AGCAAACCAC	6.783610	-50.863768	0	T:498.0(22.65%),B:6929.1(14.77%),P:1e-22	Tpos:306.7,Tstd:251.2,Bpos:236.5,Bstd:142.9,StrandBias:-0.1,Multiplicity:1.15
0.819	0.075	0.075	0.031
0.063	0.078	0.778	0.081
0.056	0.796	0.115	0.033
0.795	0.084	0.060	0.061
0.845	0.052	0.048	0.055
0.743	0.131	0.063	0.063
0.118	0.741	0.069	0.072
0.060	0.803	0.081	0.056
0.870	0.030	0.041	0.059
0.076	0.818	0.066	0.040
>CACCTAGTGG	9-CACCTAGTGG	9.175150	-50.580229	0	T:101.0(4.59%),B:687.7(1.47%),P:1e-21	Tpos:247.4,Tstd:228.3,Bpos:242.4,Bstd:135.8,StrandBias:0.5,Multiplicity:1.04
0.001	0.997	0.001	0.001
0.740	0.235	0.018	0.007
0.027	0.860	0.005	0.108
0.001	0.971	0.021	0.007
0.001	0.036	0.001	0.962
0.796	0.001	0.102	0.101
0.001	0.004	0.994	0.001
0.043	0.018	0.001	0.938
0.001	0.044	0.954	0.001
0.009	0.009	0.902	0.080
>AGAAACCGCG	10-AGAAACCGCG	6.688920	-40.396674	0	T:354.0(16.10%),B:4741.8(10.11%),P:1e-17	Tpos:332.8,Tstd:285.0,Bpos:238.6,Bstd:151.5,StrandBias:-0.1,Multiplicity:1.15
0.801	0.030	0.077	0.092
0.041	0.074	0.812	0.073
0.800	0.082	0.046	0.072
0.806	0.051	0.088	0.055
0.800	0.069	0.056	0.075
0.054	0.847	0.054	0.045
0.043	0.824	0.046	0.087
0.105	0.105	0.738	0.052
0.066	0.828	0.072	0.034
0.065	0.076	0.753	0.106
>TTTGCGGTTG	11-TTTGCGGTTG	6.761808	-39.808957	0	T:393.0(17.87%),B:5442.3(11.60%),P:1e-17	Tpos:294.7,Tstd:236.1,Bpos:237.2,Bstd:146.9,StrandBias:0.2,Multiplicity:1.08
0.085	0.086	0.077	0.752
0.034	0.105	0.042	0.819
0.123	0.029	0.091	0.757
0.025	0.064	0.847	0.064
0.035	0.826	0.083	0.056
0.064	0.074	0.765	0.097
0.066	0.046	0.761	0.127
0.049	0.113	0.084	0.754
0.085	0.059	0.033	0.823
0.019	0.067	0.904	0.010
>TCATTTCCGC	12-TCATTTCCGC	5.967965	-38.417854	0	T:274.0(12.46%),B:3443.4(7.34%),P:1e-16	Tpos:324.1,Tstd:255.3,Bpos:243.1,Bstd:142.2,StrandBias:0.1,Multiplicity:1.07
0.163	0.140	0.168	0.529
0.141	0.542	0.172	0.145
0.549	0.177	0.161	0.113
0.117	0.086	0.125	0.672
0.099	0.113	0.122	0.666
0.103	0.165	0.176	0.556
0.132	0.592	0.129	0.147
0.107	0.668	0.086	0.139
0.163	0.089	0.581	0.167
0.081	0.627	0.099	0.193
>RRTNWCGTSA	13-RRTNWCGTSA	6.767669	-35.804838	0	T:148.0(6.73%),B:1516.1(3.23%),P:1e-15	Tpos:302.7,Tstd:229.1,Bpos:236.8,Bstd:152.3,StrandBias:0.1,Multiplicity:1.05
0.329	0.001	0.450	0.220
0.473	0.016	0.350	0.161
0.001	0.001	0.300	0.698
0.233	0.296	0.249	0.222
0.421	0.001	0.134	0.444
0.115	0.770	0.114	0.001
0.004	0.041	0.954	0.001
0.073	0.001	0.069	0.857
0.232	0.326	0.441	0.001
0.530	0.170	0.001	0.299
>GGGGGGGGGG	14-GGGGGGGGGG	7.223349	-29.140558	0	T:539.0(24.51%),B:8577.8(18.29%),P:1e-12	Tpos:334.4,Tstd:291.1,Bpos:241.9,Bstd:142.8,StrandBias:0.0,Multiplicity:1.54
0.083	0.044	0.803	0.070
0.077	0.035	0.825	0.063
0.101	0.056	0.785	0.058
0.082	0.038	0.817	0.063
0.088	0.055	0.809	0.048
0.092	0.056	0.783	0.069
0.073	0.102	0.777	0.048
0.081	0.059	0.792	0.068
0.091	0.050	0.826	0.033
0.069	0.078	0.787	0.066
>AACAGACGTT	15-AACAGACGTT	6.837838	-25.565081	0	T:219.0(9.96%),B:2905.9(6.20%),P:1e-11	Tpos:287.7,Tstd:233.7,Bpos:240.9,Bstd:149.4,StrandBias:0.0,Multiplicity:1.07
0.800	0.081	0.064	0.055
0.779	0.081	0.061	0.079
0.098	0.745	0.077	0.080
0.823	0.057	0.021	0.099
0.085	0.048	0.808	0.059
0.771	0.093	0.093	0.043
0.050	0.866	0.049	0.035
0.025	0.047	0.839	0.089
0.092	0.073	0.072	0.763
0.034	0.034	0.117	0.815
>GCCACRCCCT	16-GCCACRCCCT	10.212365	-25.408622	0	T:62.0(2.82%),B:490.5(1.05%),P:1e-11	Tpos:257.4,Tstd:229.3,Bpos:240.7,Bstd:151.3,StrandBias:0.7,Multiplicity:1.18
0.001	0.001	0.997	0.001
0.186	0.812	0.001	0.001
0.288	0.710	0.001	0.001
0.997	0.001	0.001	0.001
0.001	0.997	0.001	0.001
0.573	0.001	0.425	0.001
0.001	0.997	0.001	0.001
0.001	0.907	0.091	0.001
0.084	0.914	0.001	0.001
0.001	0.096	0.001	0.902
>TTGAGTCACG	17-TTGAGTCACG	9.830603	-23.819760	0	T:35.0(1.59%),B:194.6(0.41%),P:1e-10	Tpos:246.3,Tstd:275.2,Bpos:245.3,Bstd:141.3,StrandBias:-0.2,Multiplicity:1.00
0.001	0.001	0.001	0.997
0.001	0.001	0.001	0.997
0.001	0.001	0.879	0.119
0.896	0.001	0.047	0.056
0.039	0.001	0.959	0.001
0.001	0.046	0.001	0.952
0.095	0.853	0.051	0.001
0.904	0.001	0.094	0.001
0.001	0.930	0.020	0.049
0.001	0.164	0.716	0.119
>ACGCTGCGGT	18-ACGCTGCGGT	9.094690	-23.444182	0	T:51.0(2.32%),B:377.3(0.80%),P:1e-10	Tpos:314.8,Tstd:228.0,Bpos:250.9,Bstd:159.1,StrandBias:0.0,Multiplicity:1.02
0.986	0.012	0.001	0.001
0.053	0.850	0.051	0.046
0.038	0.030	0.704	0.228
0.001	0.997	0.001	0.001
0.065	0.001	0.001	0.933
0.001	0.001	0.997	0.001
0.024	0.974	0.001	0.001
0.057	0.060	0.882	0.001
0.001	0.024	0.974	0.001
0.154	0.001	0.092	0.753
>CTSAGTSATG	19-CTSAGTSATG	9.827732	-19.905819	0	T:61.0(2.77%),B:552.7(1.18%),P:1e-8	Tpos:245.8,Tstd:176.4,Bpos:233.8,Bstd:131.8,StrandBias:0.2,Multiplicity:1.19
0.001	0.997	0.001	0.001
0.001	0.001	0.001	0.997
0.133	0.434	0.301	0.133
0.866	0.132	0.001	0.001
0.001	0.001	0.947	0.051
0.001	0.132	0.001	0.866
0.132	0.496	0.370	0.001
0.943	0.001	0.055	0.001
0.001	0.132	0.001	0.866
0.001	0.191	0.807	0.001
>TTAGCAGCTG	20-TTAGCAGCTG	9.885443	-18.885669	0	T:73.0(3.32%),B:738.3(1.57%),P:1e-8	Tpos:257.8,Tstd:182.6,Bpos:244.8,Bstd:138.4,StrandBias:0.1,Multiplicity:1.03
0.074	0.036	0.001	0.889
0.058	0.095	0.001	0.846
0.614	0.001	0.079	0.306
0.001	0.001	0.997	0.001
0.001	0.997	0.001	0.001
0.997	0.001	0.001	0.001
0.001	0.001	0.942	0.056
0.066	0.932	0.001	0.001
0.001	0.139	0.001	0.859
0.085	0.001	0.913	0.001
>KTAGGTGSCA	21-KTAGGTGSCA	8.457138	-15.923384	0	T:20.0(0.91%),B:100.6(0.21%),P:1e-6	Tpos:282.3,Tstd:222.6,Bpos:217.0,Bstd:135.9,StrandBias:-0.4,Multiplicity:1.05
0.024	0.051	0.451	0.473
0.087	0.064	0.099	0.750
0.658	0.203	0.043	0.096
0.040	0.315	0.500	0.145
0.027	0.043	0.828	0.102
0.017	0.062	0.072	0.849
0.037	0.344	0.577	0.042
0.132	0.351	0.413	0.105
0.107	0.480	0.178	0.235
0.563	0.043	0.035	0.359
>GAGGTGAMAA	22-GAGGTGAMAA	9.351164	-15.637467	0	T:62.0(2.82%),B:639.1(1.36%),P:1e-6	Tpos:299.9,Tstd:260.1,Bpos:240.7,Bstd:135.5,StrandBias:-0.2,Multiplicity:1.11
0.016	0.001	0.982	0.001
0.997	0.001	0.001	0.001
0.001	0.001	0.723	0.275
0.013	0.001	0.985	0.001
0.001	0.095	0.017	0.887
0.001	0.001	0.909	0.089
0.813	0.001	0.001	0.185
0.454	0.439	0.036	0.070
0.620	0.001	0.001	0.378
0.986	0.012	0.001	0.001
>AAATGAAAGA	23-AAATGAAAGA	8.983796	-15.193670	0	T:162.0(7.37%),B:2288.6(4.88%),P:1e-6	Tpos:270.4,Tstd:227.1,Bpos:236.1,Bstd:139.1,StrandBias:-0.0,Multiplicity:1.02
0.900	0.001	0.001	0.098
0.747	0.033	0.207	0.013
0.997	0.001	0.001	0.001
0.137	0.048	0.126	0.689
0.235	0.173	0.529	0.063
0.986	0.001	0.009	0.004
0.525	0.199	0.235	0.041
0.935	0.063	0.001	0.001
0.059	0.085	0.855	0.001
0.845	0.074	0.065	0.016
>TAGAAACGCA	24-TAGAAACGCA	9.175656	-13.035716	0	T:44.0(2.00%),B:428.0(0.91%),P:1e-5	Tpos:251.9,Tstd:209.5,Bpos:244.5,Bstd:149.3,StrandBias:0.5,Multiplicity:1.14
0.001	0.001	0.043	0.955
0.997	0.001	0.001	0.001
0.001	0.001	0.997	0.001
0.832	0.001	0.039	0.128
0.969	0.001	0.029	0.001
0.953	0.001	0.001	0.045
0.001	0.554	0.102	0.343
0.037	0.001	0.898	0.064
0.001	0.997	0.001	0.001
0.871	0.001	0.127	0.001
>GACTACATCG	25-GACTACATCG	10.296193	-12.723105	0	T:4.0(0.18%),B:2.5(0.01%),P:1e-5	Tpos:275.5,Tstd:90.9,Bpos:312.9,Bstd:133.6,StrandBias:1.6,Multiplicity:1.00
0.100	0.100	0.700	0.100
0.700	0.100	0.100	0.100
0.100	0.700	0.100	0.100
0.100	0.100	0.100	0.700
0.700	0.100	0.100	0.100
0.100	0.700	0.100	0.100
0.700	0.100	0.100	0.100
0.100	0.100	0.100	0.700
0.100	0.700	0.100	0.100
0.100	0.100	0.700	0.100
>ACAGGAAGTGGT	1-ACAGGAAGTGGT	9.301656	-118.040878	0	T:233.0(10.60%),B:1574.1(3.36%),P:1e-51	Tpos:271.2,Tstd:201.6,Bpos:240.7,Bstd:142.3,StrandBias:0.4,Multiplicity:1.08
0.671	0.074	0.140	0.115
0.202	0.681	0.075	0.042
0.997	0.001	0.001	0.001
0.023	0.001	0.975	0.001
0.011	0.001	0.923	0.065
0.909	0.089	0.001	0.001
0.672	0.042	0.047	0.239
0.044	0.012	0.943	0.001
0.057	0.052	0.011	0.880
0.072	0.030	0.691	0.207
0.110	0.260	0.460	0.170
0.188	0.078	0.170	0.564
>ACTTTCACTTTC	2-ACTTTCACTTTC	10.475854	-114.175534	0	T:119.0(5.41%),B:446.8(0.95%),P:1e-49	Tpos:303.5,Tstd:248.4,Bpos:240.9,Bstd:143.7,StrandBias:0.4,Multiplicity:1.04
0.629	0.053	0.159	0.159
0.019	0.754	0.218	0.009
0.001	0.001	0.001	0.997
0.001	0.168	0.001	0.830
0.039	0.015	0.001	0.945
0.050	0.936	0.001	0.013
0.879	0.031	0.001	0.089
0.001	0.617	0.237	0.145
0.158	0.001	0.001	0.840
0.001	0.001	0.001	0.997
0.001	0.206	0.001	0.792
0.103	0.607	0.065	0.225
>KCCMCCTDSTGG	3-KCCMCCTDSTGG	9.022222	-89.702921	0	T:126.0(5.73%),B:642.1(1.37%),P:1e-38	Tpos:213.6,Tstd:109.6,Bpos:253.9,Bstd:132.9,StrandBias:0.5,Multiplicity:1.03
0.192	0.154	0.372	0.282
0.218	0.554	0.121	0.107
0.049	0.884	0.001	0.066
0.455	0.473	0.024	0.048
0.016	0.565	0.037	0.382
0.103	0.686	0.085	0.126
0.057	0.170	0.036	0.737
0.299	0.027	0.387	0.288
0.021	0.441	0.511	0.027
0.158	0.062	0.025	0.755
0.090	0.018	0.843	0.049
0.075	0.192	0.545	0.188
>NDSTGASTCATH	4-NDSTGASTCATH	4.461319	-89.670258	0	T:294.0(13.37%),B:2712.6(5.78%),P:1e-38	Tpos:275.0,Tstd:229.0,Bpos:241.5,Bstd:139.3,StrandBias:-0.0,Multiplicity:1.11
0.202	0.286	0.201	0.311
0.238	0.027	0.355	0.380
0.188	0.406	0.320	0.086
0.001	0.001	0.001	0.997
0.001	0.001	0.997	0.001
0.997	0.001	0.001	0.001
0.001	0.501	0.497	0.001
0.001	0.001	0.001	0.997
0.001	0.997	0.001	0.001
0.997	0.001	0.001	0.001
0.001	0.255	0.279	0.465
0.386	0.288	0.001	0.325
>AVGGAAACCACA	5-AVGGAAACCACA	8.475968	-81.577288	0	T:267.0(12.14%),B:2455.8(5.24%),P:1e-35	Tpos:293.0,Tstd:243.8,Bpos:237.2,Bstd:146.4,StrandBias:0.1,Multiplicity:1.05
0.631	0.158	0.165	0.046
0.272	0.255	0.342	0.131
0.297	0.044	0.555	0.104
0.121	0.119	0.618	0.142
0.847	0.001	0.073	0.079
0.948	0.004	0.047	0.001
0.801	0.065	0.102	0.032
0.003	0.866	0.089	0.042
0.001	0.852	0.001	0.146
0.897	0.083	0.019	0.001
0.069	0.824	0.088	0.019
0.810	0.084	0.001	0.105
>AGGGGAATTCCC	6-AGGGGAATTCCC	10.159198	-77.914244	0	T:96.0(4.37%),B:432.1(0.92%),P:1e-33	Tpos:291.3,Tstd:195.9,Bpos:241.2,Bstd:134.9,StrandBias:-0.1,Multiplicity:1.03
0.498	0.001	0.238	0.262
0.095	0.001	0.903	0.001
0.001	0.001	0.967	0.031
0.001	0.001	0.997	0.001
0.356	0.001	0.642	0.001
0.752	0.001	0.246	0.001
0.648	0.001	0.148	0.203
0.287	0.102	0.140	0.471
0.001	0.384	0.081	0.534
0.001	0.878	0.001	0.120
0.001	0.997	0.001	0.001
0.290	0.708	0.001	0.001
>TTTGATGTGGTT	7-TTTGATGTGGTT	9.290324	-51.828902	0	T:123.0(5.59%),B:938.8(2.00%),P:1e-22	Tpos:264.3,Tstd:208.7,Bpos:236.0,Bstd:149.0,StrandBias:0.0,Multiplicity:1.02
0.084	0.047	0.030	0.839
0.043	0.090	0.085	0.782
0.058	0.001	0.066	0.875
0.030	0.017	0.885	0.068
0.792	0.062	0.090	0.056
0.064	0.034	0.075	0.827
0.034	0.043	0.871	0.052
0.017	0.017	0.013	0.953
0.122	0.006	0.806	0.066
0.040	0.033	0.850	0.077
0.092	0.075	0.069	0.764
0.073	0.084	0.081	0.762
>CTTAGCAGCCTC	8-CTTAGCAGCCTC	11.441465	-36.102064	0	T:25.0(1.14%),B:57.5(0.12%),P:1e-15	Tpos:252.6,Tstd:261.7,Bpos:257.8,Bstd:137.0,StrandBias:-1.1,Multiplicity:1.00
0.094	0.811	0.001	0.094
0.001	0.001	0.209	0.789
0.117	0.001	0.001	0.881
0.904	0.094	0.001	0.001
0.001	0.001	0.997	0.001
0.001	0.997	0.001	0.001
0.997	0.001	0.001	0.001
0.001	0.001	0.997	0.001
0.001	0.810	0.188	0.001
0.168	0.822	0.007	0.003
0.001	0.074	0.386	0.539
0.001	0.904	0.001	0.094
>AGGAAACACCCT	9-AGGAAACACCCT	9.180096	-33.487092	0	T:119.0(5.41%),B:1139.9(2.43%),P:1e-14	Tpos:290.3,Tstd:224.0,Bpos:231.4,Bstd:141.9,StrandBias:-0.0,Multiplicity:1.03
0.791	0.040	0.100	0.069
0.061	0.020	0.885	0.034
0.078	0.069	0.833	0.020
0.923	0.075	0.001	0.001
0.911	0.008	0.033	0.048
0.767	0.068	0.090	0.075
0.086	0.814	0.040	0.060
0.700	0.074	0.070	0.156
0.078	0.762	0.086	0.074
0.045	0.859	0.037	0.059
0.021	0.910	0.020	0.049
0.091	0.060	0.001	0.848
>CTCAACCACAGA	10-CTCAACCACAGA	12.822654	-29.477013	0	T:20.0(0.91%),B:45.6(0.10%),P:1e-12	Tpos:280.1,Tstd:166.7,Bpos:228.6,Bstd:136.7,StrandBias:-0.3,Multiplicity:1.00
0.001	0.795	0.090	0.114
0.001	0.066	0.001	0.932
0.156	0.777	0.001	0.066
0.875	0.048	0.001	0.076
0.932	0.035	0.032	0.001
0.048	0.903	0.048	0.001
0.001	0.997	0.001	0.001
0.909	0.089	0.001	0.001
0.001	0.997	0.001	0.001
0.997	0.001	0.001	0.001
0.058	0.001	0.940	0.001
0.997	0.001	0.001	0.001
>GTTGCTYTGGTG	11-GTTGCTYTGGTG	11.091793	-28.980205	0	T:45.0(2.05%),B:258.4(0.55%),P:1e-12	Tpos:295.5,Tstd:278.4,Bpos:229.8,Bstd:139.2,StrandBias:-0.3,Multiplicity:1.02
0.153	0.001	0.654	0.192
0.001	0.329	0.065	0.605
0.221	0.001	0.001	0.777
0.001	0.133	0.865	0.001
0.001	0.997	0.001	0.001
0.001	0.001	0.001	0.997
0.001	0.409	0.233	0.357
0.001	0.001	0.174	0.824
0.001	0.001	0.941	0.057
0.001	0.033	0.898	0.068
0.001	0.001	0.099	0.899
0.001	0.184	0.656	0.159
>TTTTAACAACAA	12-TTTTAACAACAA	12.879877	-27.597703	0	T:19.0(0.86%),B:44.3(0.09%),P:1e-11	Tpos:245.1,Tstd:179.4,Bpos:266.8,Bstd:130.6,StrandBias:-0.8,Multiplicity:1.00
0.001	0.001	0.001	0.997
0.001	0.101	0.001	0.897
0.101	0.001	0.001	0.897
0.001	0.001	0.001	0.997
0.897	0.001	0.001	0.101
0.897	0.001	0.001	0.101
0.187	0.811	0.001	0.001
0.940	0.058	0.001	0.001
0.919	0.079	0.001	0.001
0.001	0.940	0.058	0.001
0.897	0.001	0.001	0.101
0.997	0.001	0.001	0.001
>TGGAAAGTACCT	13-TGGAAAGTACCT	12.975407	-27.594116	0	T:17.0(0.77%),B:33.6(0.07%),P:1e-11	Tpos:223.0,Tstd:177.1,Bpos:254.2,Bstd:114.8,StrandBias:0.2,Multiplicity:1.00
0.129	0.001	0.001	0.869
0.001	0.001	0.997	0.001
0.001	0.001	0.997	0.001
0.897	0.001	0.101	0.001
0.997	0.001	0.001	0.001
0.869	0.001	0.001	0.129
0.001	0.001	0.997	0.001
0.060	0.067	0.001	0.872
0.851	0.102	0.001	0.046
0.129	0.869	0.001	0.001
0.001	0.997	0.001	0.001
0.129	0.001	0.001	0.869
>AAGCTGAAAGGA	14-AAGCTGAAAGGA	8.740535	-26.257732	0	T:127.0(5.78%),B:1394.3(2.97%),P:1e-11	Tpos:321.1,Tstd:223.4,Bpos:236.9,Bstd:138.4,StrandBias:-0.1,Multiplicity:1.05
0.655	0.128	0.163	0.054
0.639	0.047	0.197	0.117
0.147	0.069	0.613	0.171
0.228	0.568	0.114	0.090
0.237	0.001	0.028	0.734
0.142	0.078	0.746	0.034
0.752	0.052	0.059	0.137
0.723	0.110	0.113	0.054
0.765	0.020	0.173	0.042
0.213	0.025	0.594	0.168
0.087	0.254	0.631	0.028
0.773	0.091	0.088	0.048
>TTTCACTACAGA	15-TTTCACTACAGA	8.653429	-25.535860	0	T:119.0(5.41%),B:1288.9(2.75%),P:1e-11	Tpos:319.8,Tstd:259.6,Bpos:239.7,Bstd:139.1,StrandBias:-0.1,Multiplicity:1.03
0.037	0.091	0.041	0.831
0.021	0.071	0.022	0.886
0.099	0.067	0.033	0.801
0.076	0.777	0.099	0.048
0.828	0.066	0.041	0.065
0.018	0.869	0.058	0.055
0.057	0.073	0.021	0.849
0.757	0.073	0.050	0.120
0.115	0.741	0.123	0.021
0.946	0.001	0.001	0.052
0.034	0.096	0.849	0.021
0.870	0.087	0.002	0.041
>CATTGATCTCGT	16-CATTGATCTCGT	13.945261	-24.986358	0	T:6.0(0.27%),B:0.0(0.00%),P:1e-10	Tpos:258.8,Tstd:172.3,Bpos:0.0,Bstd:0.0,StrandBias:2.3,Multiplicity:1.00
0.001	0.997	0.001	0.001
0.826	0.001	0.001	0.172
0.001	0.001	0.001	0.997
0.001	0.172	0.001	0.826
0.001	0.172	0.826	0.001
0.997	0.001	0.001	0.001
0.001	0.001	0.001	0.997
0.001	0.826	0.001	0.172
0.172	0.001	0.001	0.826
0.001	0.997	0.001	0.001
0.001	0.135	0.863	0.001
0.001	0.001	0.001	0.997
>CCCCCCCCCCCC	17-CCCCCCCCCCCC	9.293141	-24.626190	0	T:298.0(13.55%),B:4319.8(9.21%),P:1e-10	Tpos:329.7,Tstd:289.3,Bpos:242.2,Bstd:141.1,StrandBias:-0.1,Multiplicity:1.29
0.072	0.821	0.047	0.060
0.056	0.820	0.046	0.078
0.048	0.866	0.035	0.051
0.059	0.841	0.046	0.054
0.060	0.836	0.051	0.053
0.076	0.818	0.049	0.057
0.054	0.818	0.046	0.082
0.054	0.846	0.043	0.057
0.049	0.860	0.051	0.040
0.048	0.832	0.051	0.069
0.066	0.813	0.060	0.061
0.065	0.836	0.037	0.062
>GTGACGTCACGG	18-GTGACGTCACGG	9.780476	-21.872899	0	T:51.0(2.32%),B:395.2(0.84%),P:1e-9	Tpos:343.6,Tstd:283.6,Bpos:241.7,Bstd:142.9,StrandBias:0.4,Multiplicity:1.06
0.042	0.043	0.855	0.060
0.030	0.030	0.060	0.880
0.030	0.030	0.939	0.001
0.849	0.060	0.090	0.001
0.131	0.727	0.082	0.060
0.058	0.024	0.828	0.090
0.030	0.001	0.055	0.914
0.001	0.909	0.030	0.060
0.969	0.001	0.001	0.029
0.081	0.726	0.073	0.120
0.105	0.083	0.616	0.196
0.045	0.044	0.795	0.116
>CTCCCCTCACGC	19-CTCCCCTCACGC	12.927716	-21.573109	0	T:17.0(0.77%),B:49.7(0.11%),P:1e-9	Tpos:348.4,Tstd:234.8,Bpos:282.2,Bstd:135.9,StrandBias:-0.7,Multiplicity:1.06
0.001	0.997	0.001	0.001
0.001	0.001	0.120	0.878
0.001	0.997	0.001	0.001
0.001	0.845	0.001	0.153
0.153	0.845	0.001	0.001
0.001	0.997	0.001	0.001
0.001	0.001	0.273	0.725
0.001	0.997	0.001	0.001
0.927	0.001	0.001	0.071
0.001	0.997	0.001	0.001
0.001	0.224	0.774	0.001
0.001	0.997	0.001	0.001
>AAGGACACACCC	20-AAGGACACACCC	2.789976	-14.354198	0	T:47.0(2.14%),B:447.9(0.96%),P:1e-6	Tpos:301.9,Tstd:310.5,Bpos:244.9,Bstd:135.9,StrandBias:0.3,Multiplicity:1.20
0.997	0.001	0.001	0.001
0.997	0.001	0.001	0.001
0.001	0.001	0.928	0.070
0.001	0.001	0.997	0.001
0.997	0.001	0.001	0.001
0.001	0.997	0.001	0.001
0.997	0.001	0.001	0.001
0.001	0.997	0.001	0.001
0.997	0.001	0.001	0.001
0.001	0.997	0.001	0.001
0.001	0.997	0.001	0.001
0.001	0.997	0.001	0.001
>TTTCCTGAGGTG	21-TTTCCTGAGGTG	8.463612	-7.662904	0	T:171.0(7.78%),B:2820.1(6.01%),P:1e-3	Tpos:298.4,Tstd:265.0,Bpos:239.4,Bstd:141.4,StrandBias:0.2,Multiplicity:1.08
0.100	0.100	0.100	0.700
0.100	0.100	0.100	0.700
0.100	0.100	0.100	0.700
0.100	0.700	0.100	0.100
0.100	0.700	0.100	0.100
0.100	0.100	0.100	0.700
0.100	0.100	0.700	0.100
0.700	0.100	0.100	0.100
0.100	0.100	0.700	0.100
0.100	0.100	0.700	0.100
0.100	0.100	0.100	0.700
0.100	0.100	0.700	0.100
>ACAGTGAGCCCT	22-ACAGTGAGCCCT	12.355432	-6.954156	0	T:3.0(0.14%),B:4.5(0.01%),P:1e-3	Tpos:315.5,Tstd:219.0,Bpos:170.7,Bstd:111.7,StrandBias:2.8,Multiplicity:2.67
0.700	0.100	0.100	0.100
0.100	0.700	0.100	0.100
0.700	0.100	0.100	0.100
0.100	0.100	0.700	0.100
0.100	0.100	0.100	0.700
0.100	0.100	0.700	0.100
0.700	0.100	0.100	0.100
0.100	0.100	0.700	0.100
0.100	0.700	0.100	0.100
0.100	0.700	0.100	0.100
0.100	0.700	0.100	0.100
0.100	0.100	0.100	0.700
>TGCATCACAGGC	23-TGCATCACAGGC	14.606201	-6.954156	0	T:3.0(0.14%),B:4.7(0.01%),P:1e-3	Tpos:296.4,Tstd:111.9,Bpos:325.8,Bstd:178.0,StrandBias:3.0,Multiplicity:3.00
0.001	0.001	0.001	0.997
0.001	0.001	0.997	0.001
0.001	0.997	0.001	0.001
0.997	0.001	0.001	0.001
0.001	0.001	0.001	0.997
0.001	0.997	0.001	0.001
0.997	0.001	0.001	0.001
0.001	0.997	0.001	0.001
0.836	0.001	0.001	0.162
0.001	0.001	0.997	0.001
0.001	0.001	0.836	0.162
0.001	0.997	0.001	0.001
>GGCTCAGTGATG	24-GGCTCAGTGATG	10.409522	-5.167694	0	T:16.0(0.73%),B:164.7(0.35%),P:1e-2	Tpos:208.2,Tstd:158.7,Bpos:237.7,Bstd:137.8,StrandBias:1.5,Multiplicity:1.69
0.100	0.100	0.700	0.100
0.100	0.100	0.700	0.100
0.100	0.700	0.100	0.100
0.100	0.100	0.100	0.700
0.100	0.700	0.100	0.100
0.700	0.100	0.100	0.100
0.100	0.100	0.700	0.100
0.100	0.100	0.100	0.700
0.100	0.100	0.700	0.100
0.700	0.100	0.100	0.100
0.100	0.100	0.100	0.700
0.100	0.100	0.700	0.100
>CCATCACCATAG	25-CCATCACCATAG	12.355432	-3.083377	0	T:1.0(0.05%),B:1.8(0.00%),P:1e-1	Tpos:61.0,Tstd:29.7,Bpos:182.1,Bstd:149.2,StrandBias:10.0,Multiplicity:5.00
0.100	0.700	0.100	0.100
0.100	0.700	0.100	0.100
0.700	0.100	0.100	0.100
0.100	0.100	0.100	0.700
0.100	0.700	0.100	0.100
0.700	0.100	0.100	0.100
0.100	0.700	0.100	0.100
0.100	0.700	0.100	0.100
0.700	0.100	0.100	0.100
0.100	0.100	0.100	0.700
0.700	0.100	0.100	0.100
0.100	0.100	0.700	0.100
>AAGGAARC	1-AAGGAARC	6.019089	-103.922070	0	T:826.0(37.56%),B:11242.2(23.97%),P:1e-45	Tpos:294.3,Tstd:231.6,Bpos:239.4,Bstd:142.3,StrandBias:-0.1,Multiplicity:1.32
0.936	0.062	0.001	0.001
0.626	0.372	0.001	0.001
0.001	0.001	0.997	0.001
0.001	0.001	0.997	0.001
0.997	0.001	0.001	0.001
0.997	0.001	0.001	0.001
0.564	0.001	0.434	0.001
0.001	0.621	0.001	0.377
>TGTGGTTT	2-TGTGGTTT	6.680250	-98.886178	0	T:257.0(11.69%),B:2081.2(4.44%),P:1e-42	Tpos:301.4,Tstd:229.8,Bpos:238.1,Bstd:148.1,StrandBias:0.2,Multiplicity:1.08
0.001	0.001	0.001	0.997
0.001	0.001	0.997	0.001
0.001	0.045	0.001	0.953
0.001	0.001	0.997	0.001
0.001	0.001	0.997	0.001
0.001	0.001	0.001	0.997
0.001	0.001	0.001	0.997
0.275	0.001	0.001	0.723
>TGACTCAT	3-TGACTCAT	9.590050	-96.448102	0	T:175.0(7.96%),B:1106.9(2.36%),P:1e-41	Tpos:291.2,Tstd:224.3,Bpos:243.6,Bstd:136.8,StrandBias:0.0,Multiplicity:1.08
0.001	0.001	0.001	0.997
0.001	0.001	0.997	0.001
0.997	0.001	0.001	0.001
0.001	0.664	0.334	0.001
0.001	0.001	0.001	0.997
0.001	0.997	0.001	0.001
0.997	0.001	0.001	0.001
0.075	0.109	0.136	0.680
>TGAGTAAC	4-TGAGTAAC	6.614084	-67.959213	0	T:430.0(19.55%),B:5253.2(11.20%),P:1e-29	Tpos:278.8,Tstd:235.6,Bpos:241.8,Bstd:143.5,StrandBias:-0.4,Multiplicity:1.10
0.043	0.010	0.001	0.946
0.001	0.001	0.979	0.019
0.967	0.012	0.020	0.001
0.001	0.048	0.926	0.025
0.001	0.032	0.001	0.966
0.501	0.271	0.193	0.035
0.916	0.001	0.061	0.022
0.001	0.859	0.001	0.139
>GDTGTGGT	5-GDTGTGGT	6.319082	-58.006824	0	T:766.0(34.83%),B:11635.9(24.81%),P:1e-25	Tpos:303.0,Tstd:246.8,Bpos:238.2,Bstd:142.4,StrandBias:0.1,Multiplicity:1.24
0.012	0.202	0.785	0.001
0.315	0.137	0.261	0.287
0.001	0.057	0.001	0.941
0.067	0.025	0.890	0.018
0.041	0.118	0.001	0.840
0.001	0.096	0.837	0.066
0.066	0.077	0.763	0.094
0.001	0.247	0.097	0.655
>GTTTCMKY	6-GTTTCMKY	5.517561	-44.407855	0	T:425.0(19.33%),B:5850.5(12.47%),P:1e-19	Tpos:320.0,Tstd:281.6,Bpos:238.6,Bstd:146.7,StrandBias:-0.0,Multiplicity:1.10
0.141	0.130	0.558	0.171
0.001	0.100	0.150	0.749
0.031	0.084	0.014	0.871
0.192	0.020	0.125	0.663
0.182	0.422	0.166	0.230
0.308	0.453	0.071	0.168
0.138	0.115	0.365	0.382
0.176	0.317	0.093	0.414
>TTTSACTA	7-TTTSACTA	7.373716	-42.000747	0	T:221.0(10.05%),B:2497.0(5.32%),P:1e-18	Tpos:330.4,Tstd:277.3,Bpos:236.9,Bstd:142.7,StrandBias:0.1,Multiplicity:1.09
0.001	0.001	0.001	0.997
0.001	0.001	0.001	0.997
0.001	0.001	0.001	0.997
0.001	0.516	0.482	0.001
0.698	0.001	0.300	0.001
0.001	0.997	0.001	0.001
0.001	0.001	0.122	0.876
0.920	0.001	0.001	0.078
>ATTTCCNC	8-ATTTCCNC	6.453687	-37.049656	0	T:339.0(15.42%),B:4590.6(9.79%),P:1e-16	Tpos:348.4,Tstd:298.9,Bpos:240.2,Bstd:145.5,StrandBias:0.1,Multiplicity:1.13
0.953	0.001	0.001	0.045
0.018	0.001	0.001	0.980
0.001	0.001	0.001	0.997
0.040	0.001	0.013	0.946
0.016	0.969	0.001	0.014
0.001	0.939	0.059	0.001
0.194	0.282	0.310	0.215
0.001	0.959	0.039	0.001
>CTTCCGGT	9-CTTCCGGT	6.272970	-36.472702	0	T:159.0(7.23%),B:1666.3(3.55%),P:1e-15	Tpos:290.2,Tstd:226.2,Bpos:236.1,Bstd:152.6,StrandBias:-0.4,Multiplicity:1.05
0.001	0.912	0.001	0.086
0.001	0.001	0.001	0.997
0.001	0.001	0.001	0.997
0.001	0.789	0.001	0.209
0.001	0.997	0.001	0.001
0.001	0.001	0.997	0.001
0.001	0.001	0.877	0.121
0.001	0.001	0.001	0.997
>CTTTGAAG	10-CTTTGAAG	8.364777	-35.086861	0	T:204.0(9.28%),B:2391.3(5.10%),P:1e-15	Tpos:297.3,Tstd:250.7,Bpos:239.6,Bstd:143.0,StrandBias:-0.3,Multiplicity:1.05
0.001	0.997	0.001	0.001
0.001	0.001	0.001	0.997
0.001	0.001	0.001	0.997
0.001	0.001	0.001	0.997
0.100	0.001	0.898	0.001
0.997	0.001	0.001	0.001
0.667	0.001	0.001	0.331
0.001	0.001	0.997	0.001
>GGGGGGGG	11-GGGGGGGG	8.500506	-30.166063	0	T:624.0(28.38%),B:10158.1(21.66%),P:1e-13	Tpos:332.4,Tstd:280.6,Bpos:241.4,Bstd:146.4,StrandBias:0.0,Multiplicity:1.68
0.001	0.001	0.997	0.001
0.001	0.001	0.997	0.001
0.001	0.001	0.997	0.001
0.228	0.185	0.586	0.001
0.001	0.215	0.783	0.001
0.166	0.204	0.629	0.001
0.001	0.001	0.997	0.001
0.001	0.001	0.997	0.001
>MGACTTTC	12-MGACTTTC	6.247368	-29.158243	0	T:263.0(11.96%),B:3539.2(7.55%),P:1e-12	Tpos:311.4,Tstd:257.5,Bpos:239.2,Bstd:149.3,StrandBias:0.0,Multiplicity:1.16
0.513	0.485	0.001	0.001
0.105	0.025	0.869	0.001
0.997	0.001	0.001	0.001
0.001	0.997	0.001	0.001
0.001	0.001	0.374	0.624
0.001	0.001	0.001	0.997
0.001	0.001	0.001	0.997
0.001	0.997	0.001	0.001
>ACATCCTG	13-ACATCCTG	8.503665	-28.148242	0	T:184.0(8.37%),B:2247.5(4.79%),P:1e-12	Tpos:346.4,Tstd:261.6,Bpos:237.6,Bstd:142.7,StrandBias:-0.0,Multiplicity:1.08
0.997	0.001	0.001	0.001
0.001	0.997	0.001	0.001
0.892	0.001	0.106	0.001
0.001	0.275	0.001	0.723
0.001	0.997	0.001	0.001
0.001	0.997	0.001	0.001
0.001	0.001	0.001	0.997
0.001	0.001	0.997	0.001
>TTTKATCT	14-TTTKATCT	7.914567	-27.248769	0	T:191.0(8.69%),B:2386.7(5.09%),P:1e-11	Tpos:313.2,Tstd:248.9,Bpos:242.6,Bstd:136.1,StrandBias:-0.5,Multiplicity:1.09
0.005	0.001	0.001	0.993
0.238	0.243	0.001	0.518
0.001	0.173	0.001	0.825
0.001	0.067	0.451	0.481
0.873	0.001	0.125	0.001
0.007	0.214	0.001	0.778
0.125	0.873	0.001	0.001
0.069	0.001	0.179	0.751
>CACGTGAT	15-CACGTGAT	5.885483	-24.505343	0	T:497.0(22.60%),B:8017.5(17.09%),P:1e-10	Tpos:301.4,Tstd:257.2,Bpos:238.7,Bstd:145.2,StrandBias:0.0,Multiplicity:1.20
0.001	0.972	0.001	0.026
0.933	0.001	0.001	0.065
0.001	0.975	0.023	0.001
0.001	0.180	0.818	0.001
0.001	0.001	0.104	0.894
0.001	0.026	0.972	0.001
0.563	0.001	0.342	0.094
0.001	0.418	0.001	0.580
