>ACAGGAAGTGGT	1-ACAGGAAGTGGT	9.301656	-118.040878	0	T:233.0(10.60%),B:1574.1(3.36%),P:1e-51	Tpos:271.2,Tstd:201.6,Bpos:240.7,Bstd:142.3,StrandBias:0.4,Multiplicity:1.08
0.671	0.074	0.140	0.115
0.202	0.681	0.075	0.042
0.997	0.001	0.001	0.001
0.023	0.001	0.975	0.001
0.011	0.001	0.923	0.065
0.909	0.089	0.001	0.001
0.672	0.042	0.047	0.239
0.044	0.012	0.943	0.001
0.057	0.052	0.011	0.880
0.072	0.030	0.691	0.207
0.110	0.260	0.460	0.170
0.188	0.078	0.170	0.564
>ACTTTCACTTTC	2-ACTTTCACTTTC	10.475854	-114.175534	0	T:119.0(5.41%),B:446.8(0.95%),P:1e-49	Tpos:303.5,Tstd:248.4,Bpos:240.9,Bstd:143.7,StrandBias:0.4,Multiplicity:1.04
0.629	0.053	0.159	0.159
0.019	0.754	0.218	0.009
0.001	0.001	0.001	0.997
0.001	0.168	0.001	0.830
0.039	0.015	0.001	0.945
0.050	0.936	0.001	0.013
0.879	0.031	0.001	0.089
0.001	0.617	0.237	0.145
0.158	0.001	0.001	0.840
0.001	0.001	0.001	0.997
0.001	0.206	0.001	0.792
0.103	0.607	0.065	0.225
>KCCMCCTDSTGG	3-KCCMCCTDSTGG	9.022222	-89.702921	0	T:126.0(5.73%),B:642.1(1.37%),P:1e-38	Tpos:213.6,Tstd:109.6,Bpos:253.9,Bstd:132.9,StrandBias:0.5,Multiplicity:1.03
0.192	0.154	0.372	0.282
0.218	0.554	0.121	0.107
0.049	0.884	0.001	0.066
0.455	0.473	0.024	0.048
0.016	0.565	0.037	0.382
0.103	0.686	0.085	0.126
0.057	0.170	0.036	0.737
0.299	0.027	0.387	0.288
0.021	0.441	0.511	0.027
0.158	0.062	0.025	0.755
0.090	0.018	0.843	0.049
0.075	0.192	0.545	0.188
>NDSTGASTCATH	4-NDSTGASTCATH	4.461319	-89.670258	0	T:294.0(13.37%),B:2712.6(5.78%),P:1e-38	Tpos:275.0,Tstd:229.0,Bpos:241.5,Bstd:139.3,StrandBias:-0.0,Multiplicity:1.11
0.202	0.286	0.201	0.311
0.238	0.027	0.355	0.380
0.188	0.406	0.320	0.086
0.001	0.001	0.001	0.997
0.001	0.001	0.997	0.001
0.997	0.001	0.001	0.001
0.001	0.501	0.497	0.001
0.001	0.001	0.001	0.997
0.001	0.997	0.001	0.001
0.997	0.001	0.001	0.001
0.001	0.255	0.279	0.465
0.386	0.288	0.001	0.325
>AVGGAAACCACA	5-AVGGAAACCACA	8.475968	-81.577288	0	T:267.0(12.14%),B:2455.8(5.24%),P:1e-35	Tpos:293.0,Tstd:243.8,Bpos:237.2,Bstd:146.4,StrandBias:0.1,Multiplicity:1.05
0.631	0.158	0.165	0.046
0.272	0.255	0.342	0.131
0.297	0.044	0.555	0.104
0.121	0.119	0.618	0.142
0.847	0.001	0.073	0.079
0.948	0.004	0.047	0.001
0.801	0.065	0.102	0.032
0.003	0.866	0.089	0.042
0.001	0.852	0.001	0.146
0.897	0.083	0.019	0.001
0.069	0.824	0.088	0.019
0.810	0.084	0.001	0.105
>AGGGGAATTCCC	6-AGGGGAATTCCC	10.159198	-77.914244	0	T:96.0(4.37%),B:432.1(0.92%),P:1e-33	Tpos:291.3,Tstd:195.9,Bpos:241.2,Bstd:134.9,StrandBias:-0.1,Multiplicity:1.03
0.498	0.001	0.238	0.262
0.095	0.001	0.903	0.001
0.001	0.001	0.967	0.031
0.001	0.001	0.997	0.001
0.356	0.001	0.642	0.001
0.752	0.001	0.246	0.001
0.648	0.001	0.148	0.203
0.287	0.102	0.140	0.471
0.001	0.384	0.081	0.534
0.001	0.878	0.001	0.120
0.001	0.997	0.001	0.001
0.290	0.708	0.001	0.001
>TTTGATGTGGTT	7-TTTGATGTGGTT	9.290324	-51.828902	0	T:123.0(5.59%),B:938.8(2.00%),P:1e-22	Tpos:264.3,Tstd:208.7,Bpos:236.0,Bstd:149.0,StrandBias:0.0,Multiplicity:1.02
0.084	0.047	0.030	0.839
0.043	0.090	0.085	0.782
0.058	0.001	0.066	0.875
0.030	0.017	0.885	0.068
0.792	0.062	0.090	0.056
0.064	0.034	0.075	0.827
0.034	0.043	0.871	0.052
0.017	0.017	0.013	0.953
0.122	0.006	0.806	0.066
0.040	0.033	0.850	0.077
0.092	0.075	0.069	0.764
0.073	0.084	0.081	0.762
>CTTAGCAGCCTC	8-CTTAGCAGCCTC	11.441465	-36.102064	0	T:25.0(1.14%),B:57.5(0.12%),P:1e-15	Tpos:252.6,Tstd:261.7,Bpos:257.8,Bstd:137.0,StrandBias:-1.1,Multiplicity:1.00
0.094	0.811	0.001	0.094
0.001	0.001	0.209	0.789
0.117	0.001	0.001	0.881
0.904	0.094	0.001	0.001
0.001	0.001	0.997	0.001
0.001	0.997	0.001	0.001
0.997	0.001	0.001	0.001
0.001	0.001	0.997	0.001
0.001	0.810	0.188	0.001
0.168	0.822	0.007	0.003
0.001	0.074	0.386	0.539
0.001	0.904	0.001	0.094
>AGGAAACACCCT	9-AGGAAACACCCT	9.180096	-33.487092	0	T:119.0(5.41%),B:1139.9(2.43%),P:1e-14	Tpos:290.3,Tstd:224.0,Bpos:231.4,Bstd:141.9,StrandBias:-0.0,Multiplicity:1.03
0.791	0.040	0.100	0.069
0.061	0.020	0.885	0.034
0.078	0.069	0.833	0.020
0.923	0.075	0.001	0.001
0.911	0.008	0.033	0.048
0.767	0.068	0.090	0.075
0.086	0.814	0.040	0.060
0.700	0.074	0.070	0.156
0.078	0.762	0.086	0.074
0.045	0.859	0.037	0.059
0.021	0.910	0.020	0.049
0.091	0.060	0.001	0.848
>CTCAACCACAGA	10-CTCAACCACAGA	12.822654	-29.477013	0	T:20.0(0.91%),B:45.6(0.10%),P:1e-12	Tpos:280.1,Tstd:166.7,Bpos:228.6,Bstd:136.7,StrandBias:-0.3,Multiplicity:1.00
0.001	0.795	0.090	0.114
0.001	0.066	0.001	0.932
0.156	0.777	0.001	0.066
0.875	0.048	0.001	0.076
0.932	0.035	0.032	0.001
0.048	0.903	0.048	0.001
0.001	0.997	0.001	0.001
0.909	0.089	0.001	0.001
0.001	0.997	0.001	0.001
0.997	0.001	0.001	0.001
0.058	0.001	0.940	0.001
0.997	0.001	0.001	0.001
>GTTGCTYTGGTG	11-GTTGCTYTGGTG	11.091793	-28.980205	0	T:45.0(2.05%),B:258.4(0.55%),P:1e-12	Tpos:295.5,Tstd:278.4,Bpos:229.8,Bstd:139.2,StrandBias:-0.3,Multiplicity:1.02
0.153	0.001	0.654	0.192
0.001	0.329	0.065	0.605
0.221	0.001	0.001	0.777
0.001	0.133	0.865	0.001
0.001	0.997	0.001	0.001
0.001	0.001	0.001	0.997
0.001	0.409	0.233	0.357
0.001	0.001	0.174	0.824
0.001	0.001	0.941	0.057
0.001	0.033	0.898	0.068
0.001	0.001	0.099	0.899
0.001	0.184	0.656	0.159
>TTTTAACAACAA	12-TTTTAACAACAA	12.879877	-27.597703	0	T:19.0(0.86%),B:44.3(0.09%),P:1e-11	Tpos:245.1,Tstd:179.4,Bpos:266.8,Bstd:130.6,StrandBias:-0.8,Multiplicity:1.00
0.001	0.001	0.001	0.997
0.001	0.101	0.001	0.897
0.101	0.001	0.001	0.897
0.001	0.001	0.001	0.997
0.897	0.001	0.001	0.101
0.897	0.001	0.001	0.101
0.187	0.811	0.001	0.001
0.940	0.058	0.001	0.001
0.919	0.079	0.001	0.001
0.001	0.940	0.058	0.001
0.897	0.001	0.001	0.101
0.997	0.001	0.001	0.001
>TGGAAAGTACCT	13-TGGAAAGTACCT	12.975407	-27.594116	0	T:17.0(0.77%),B:33.6(0.07%),P:1e-11	Tpos:223.0,Tstd:177.1,Bpos:254.2,Bstd:114.8,StrandBias:0.2,Multiplicity:1.00
0.129	0.001	0.001	0.869
0.001	0.001	0.997	0.001
0.001	0.001	0.997	0.001
0.897	0.001	0.101	0.001
0.997	0.001	0.001	0.001
0.869	0.001	0.001	0.129
0.001	0.001	0.997	0.001
0.060	0.067	0.001	0.872
0.851	0.102	0.001	0.046
0.129	0.869	0.001	0.001
0.001	0.997	0.001	0.001
0.129	0.001	0.001	0.869
>AAGCTGAAAGGA	14-AAGCTGAAAGGA	8.740535	-26.257732	0	T:127.0(5.78%),B:1394.3(2.97%),P:1e-11	Tpos:321.1,Tstd:223.4,Bpos:236.9,Bstd:138.4,StrandBias:-0.1,Multiplicity:1.05
0.655	0.128	0.163	0.054
0.639	0.047	0.197	0.117
0.147	0.069	0.613	0.171
0.228	0.568	0.114	0.090
0.237	0.001	0.028	0.734
0.142	0.078	0.746	0.034
0.752	0.052	0.059	0.137
0.723	0.110	0.113	0.054
0.765	0.020	0.173	0.042
0.213	0.025	0.594	0.168
0.087	0.254	0.631	0.028
0.773	0.091	0.088	0.048
>TTTCACTACAGA	15-TTTCACTACAGA	8.653429	-25.535860	0	T:119.0(5.41%),B:1288.9(2.75%),P:1e-11	Tpos:319.8,Tstd:259.6,Bpos:239.7,Bstd:139.1,StrandBias:-0.1,Multiplicity:1.03
0.037	0.091	0.041	0.831
0.021	0.071	0.022	0.886
0.099	0.067	0.033	0.801
0.076	0.777	0.099	0.048
0.828	0.066	0.041	0.065
0.018	0.869	0.058	0.055
0.057	0.073	0.021	0.849
0.757	0.073	0.050	0.120
0.115	0.741	0.123	0.021
0.946	0.001	0.001	0.052
0.034	0.096	0.849	0.021
0.870	0.087	0.002	0.041
>CATTGATCTCGT	16-CATTGATCTCGT	13.945261	-24.986358	0	T:6.0(0.27%),B:0.0(0.00%),P:1e-10	Tpos:258.8,Tstd:172.3,Bpos:0.0,Bstd:0.0,StrandBias:2.3,Multiplicity:1.00
0.001	0.997	0.001	0.001
0.826	0.001	0.001	0.172
0.001	0.001	0.001	0.997
0.001	0.172	0.001	0.826
0.001	0.172	0.826	0.001
0.997	0.001	0.001	0.001
0.001	0.001	0.001	0.997
0.001	0.826	0.001	0.172
0.172	0.001	0.001	0.826
0.001	0.997	0.001	0.001
0.001	0.135	0.863	0.001
0.001	0.001	0.001	0.997
>CCCCCCCCCCCC	17-CCCCCCCCCCCC	9.293141	-24.626190	0	T:298.0(13.55%),B:4319.8(9.21%),P:1e-10	Tpos:329.7,Tstd:289.3,Bpos:242.2,Bstd:141.1,StrandBias:-0.1,Multiplicity:1.29
0.072	0.821	0.047	0.060
0.056	0.820	0.046	0.078
0.048	0.866	0.035	0.051
0.059	0.841	0.046	0.054
0.060	0.836	0.051	0.053
0.076	0.818	0.049	0.057
0.054	0.818	0.046	0.082
0.054	0.846	0.043	0.057
0.049	0.860	0.051	0.040
0.048	0.832	0.051	0.069
0.066	0.813	0.060	0.061
0.065	0.836	0.037	0.062
>GTGACGTCACGG	18-GTGACGTCACGG	9.780476	-21.872899	0	T:51.0(2.32%),B:395.2(0.84%),P:1e-9	Tpos:343.6,Tstd:283.6,Bpos:241.7,Bstd:142.9,StrandBias:0.4,Multiplicity:1.06
0.042	0.043	0.855	0.060
0.030	0.030	0.060	0.880
0.030	0.030	0.939	0.001
0.849	0.060	0.090	0.001
0.131	0.727	0.082	0.060
0.058	0.024	0.828	0.090
0.030	0.001	0.055	0.914
0.001	0.909	0.030	0.060
0.969	0.001	0.001	0.029
0.081	0.726	0.073	0.120
0.105	0.083	0.616	0.196
0.045	0.044	0.795	0.116
>CTCCCCTCACGC	19-CTCCCCTCACGC	12.927716	-21.573109	0	T:17.0(0.77%),B:49.7(0.11%),P:1e-9	Tpos:348.4,Tstd:234.8,Bpos:282.2,Bstd:135.9,StrandBias:-0.7,Multiplicity:1.06
0.001	0.997	0.001	0.001
0.001	0.001	0.120	0.878
0.001	0.997	0.001	0.001
0.001	0.845	0.001	0.153
0.153	0.845	0.001	0.001
0.001	0.997	0.001	0.001
0.001	0.001	0.273	0.725
0.001	0.997	0.001	0.001
0.927	0.001	0.001	0.071
0.001	0.997	0.001	0.001
0.001	0.224	0.774	0.001
0.001	0.997	0.001	0.001
>AAGGACACACCC	20-AAGGACACACCC	2.789976	-14.354198	0	T:47.0(2.14%),B:447.9(0.96%),P:1e-6	Tpos:301.9,Tstd:310.5,Bpos:244.9,Bstd:135.9,StrandBias:0.3,Multiplicity:1.20
0.997	0.001	0.001	0.001
0.997	0.001	0.001	0.001
0.001	0.001	0.928	0.070
0.001	0.001	0.997	0.001
0.997	0.001	0.001	0.001
0.001	0.997	0.001	0.001
0.997	0.001	0.001	0.001
0.001	0.997	0.001	0.001
0.997	0.001	0.001	0.001
0.001	0.997	0.001	0.001
0.001	0.997	0.001	0.001
0.001	0.997	0.001	0.001
>TTTCCTGAGGTG	21-TTTCCTGAGGTG	8.463612	-7.662904	0	T:171.0(7.78%),B:2820.1(6.01%),P:1e-3	Tpos:298.4,Tstd:265.0,Bpos:239.4,Bstd:141.4,StrandBias:0.2,Multiplicity:1.08
0.100	0.100	0.100	0.700
0.100	0.100	0.100	0.700
0.100	0.100	0.100	0.700
0.100	0.700	0.100	0.100
0.100	0.700	0.100	0.100
0.100	0.100	0.100	0.700
0.100	0.100	0.700	0.100
0.700	0.100	0.100	0.100
0.100	0.100	0.700	0.100
0.100	0.100	0.700	0.100
0.100	0.100	0.100	0.700
0.100	0.100	0.700	0.100
>ACAGTGAGCCCT	22-ACAGTGAGCCCT	12.355432	-6.954156	0	T:3.0(0.14%),B:4.5(0.01%),P:1e-3	Tpos:315.5,Tstd:219.0,Bpos:170.7,Bstd:111.7,StrandBias:2.8,Multiplicity:2.67
0.700	0.100	0.100	0.100
0.100	0.700	0.100	0.100
0.700	0.100	0.100	0.100
0.100	0.100	0.700	0.100
0.100	0.100	0.100	0.700
0.100	0.100	0.700	0.100
0.700	0.100	0.100	0.100
0.100	0.100	0.700	0.100
0.100	0.700	0.100	0.100
0.100	0.700	0.100	0.100
0.100	0.700	0.100	0.100
0.100	0.100	0.100	0.700
>TGCATCACAGGC	23-TGCATCACAGGC	14.606201	-6.954156	0	T:3.0(0.14%),B:4.7(0.01%),P:1e-3	Tpos:296.4,Tstd:111.9,Bpos:325.8,Bstd:178.0,StrandBias:3.0,Multiplicity:3.00
0.001	0.001	0.001	0.997
0.001	0.001	0.997	0.001
0.001	0.997	0.001	0.001
0.997	0.001	0.001	0.001
0.001	0.001	0.001	0.997
0.001	0.997	0.001	0.001
0.997	0.001	0.001	0.001
0.001	0.997	0.001	0.001
0.836	0.001	0.001	0.162
0.001	0.001	0.997	0.001
0.001	0.001	0.836	0.162
0.001	0.997	0.001	0.001
>GGCTCAGTGATG	24-GGCTCAGTGATG	10.409522	-5.167694	0	T:16.0(0.73%),B:164.7(0.35%),P:1e-2	Tpos:208.2,Tstd:158.7,Bpos:237.7,Bstd:137.8,StrandBias:1.5,Multiplicity:1.69
0.100	0.100	0.700	0.100
0.100	0.100	0.700	0.100
0.100	0.700	0.100	0.100
0.100	0.100	0.100	0.700
0.100	0.700	0.100	0.100
0.700	0.100	0.100	0.100
0.100	0.100	0.700	0.100
0.100	0.100	0.100	0.700
0.100	0.100	0.700	0.100
0.700	0.100	0.100	0.100
0.100	0.100	0.100	0.700
0.100	0.100	0.700	0.100
>CCATCACCATAG	25-CCATCACCATAG	12.355432	-3.083377	0	T:1.0(0.05%),B:1.8(0.00%),P:1e-1	Tpos:61.0,Tstd:29.7,Bpos:182.1,Bstd:149.2,StrandBias:10.0,Multiplicity:5.00
0.100	0.700	0.100	0.100
0.100	0.700	0.100	0.100
0.700	0.100	0.100	0.100
0.100	0.100	0.100	0.700
0.100	0.700	0.100	0.100
0.700	0.100	0.100	0.100
0.100	0.700	0.100	0.100
0.100	0.700	0.100	0.100
0.700	0.100	0.100	0.100
0.100	0.100	0.100	0.700
0.700	0.100	0.100	0.100
0.100	0.100	0.700	0.100
