>AAGGAARC	1-AAGGAARC	6.019089	-103.922070	0	T:826.0(37.56%),B:11242.2(23.97%),P:1e-45	Tpos:294.3,Tstd:231.6,Bpos:239.4,Bstd:142.3,StrandBias:-0.1,Multiplicity:1.32
0.936	0.062	0.001	0.001
0.626	0.372	0.001	0.001
0.001	0.001	0.997	0.001
0.001	0.001	0.997	0.001
0.997	0.001	0.001	0.001
0.997	0.001	0.001	0.001
0.564	0.001	0.434	0.001
0.001	0.621	0.001	0.377
>TGTGGTTT	2-TGTGGTTT	6.680250	-98.886178	0	T:257.0(11.69%),B:2081.2(4.44%),P:1e-42	Tpos:301.4,Tstd:229.8,Bpos:238.1,Bstd:148.1,StrandBias:0.2,Multiplicity:1.08
0.001	0.001	0.001	0.997
0.001	0.001	0.997	0.001
0.001	0.045	0.001	0.953
0.001	0.001	0.997	0.001
0.001	0.001	0.997	0.001
0.001	0.001	0.001	0.997
0.001	0.001	0.001	0.997
0.275	0.001	0.001	0.723
>TGACTCAT	3-TGACTCAT	9.590050	-96.448102	0	T:175.0(7.96%),B:1106.9(2.36%),P:1e-41	Tpos:291.2,Tstd:224.3,Bpos:243.6,Bstd:136.8,StrandBias:0.0,Multiplicity:1.08
0.001	0.001	0.001	0.997
0.001	0.001	0.997	0.001
0.997	0.001	0.001	0.001
0.001	0.664	0.334	0.001
0.001	0.001	0.001	0.997
0.001	0.997	0.001	0.001
0.997	0.001	0.001	0.001
0.075	0.109	0.136	0.680
>TGAGTAAC	4-TGAGTAAC	6.614084	-67.959213	0	T:430.0(19.55%),B:5253.2(11.20%),P:1e-29	Tpos:278.8,Tstd:235.6,Bpos:241.8,Bstd:143.5,StrandBias:-0.4,Multiplicity:1.10
0.043	0.010	0.001	0.946
0.001	0.001	0.979	0.019
0.967	0.012	0.020	0.001
0.001	0.048	0.926	0.025
0.001	0.032	0.001	0.966
0.501	0.271	0.193	0.035
0.916	0.001	0.061	0.022
0.001	0.859	0.001	0.139
>GDTGTGGT	5-GDTGTGGT	6.319082	-58.006824	0	T:766.0(34.83%),B:11635.9(24.81%),P:1e-25	Tpos:303.0,Tstd:246.8,Bpos:238.2,Bstd:142.4,StrandBias:0.1,Multiplicity:1.24
0.012	0.202	0.785	0.001
0.315	0.137	0.261	0.287
0.001	0.057	0.001	0.941
0.067	0.025	0.890	0.018
0.041	0.118	0.001	0.840
0.001	0.096	0.837	0.066
0.066	0.077	0.763	0.094
0.001	0.247	0.097	0.655
>GTTTCMKY	6-GTTTCMKY	5.517561	-44.407855	0	T:425.0(19.33%),B:5850.5(12.47%),P:1e-19	Tpos:320.0,Tstd:281.6,Bpos:238.6,Bstd:146.7,StrandBias:-0.0,Multiplicity:1.10
0.141	0.130	0.558	0.171
0.001	0.100	0.150	0.749
0.031	0.084	0.014	0.871
0.192	0.020	0.125	0.663
0.182	0.422	0.166	0.230
0.308	0.453	0.071	0.168
0.138	0.115	0.365	0.382
0.176	0.317	0.093	0.414
>TTTSACTA	7-TTTSACTA	7.373716	-42.000747	0	T:221.0(10.05%),B:2497.0(5.32%),P:1e-18	Tpos:330.4,Tstd:277.3,Bpos:236.9,Bstd:142.7,StrandBias:0.1,Multiplicity:1.09
0.001	0.001	0.001	0.997
0.001	0.001	0.001	0.997
0.001	0.001	0.001	0.997
0.001	0.516	0.482	0.001
0.698	0.001	0.300	0.001
0.001	0.997	0.001	0.001
0.001	0.001	0.122	0.876
0.920	0.001	0.001	0.078
>ATTTCCNC	8-ATTTCCNC	6.453687	-37.049656	0	T:339.0(15.42%),B:4590.6(9.79%),P:1e-16	Tpos:348.4,Tstd:298.9,Bpos:240.2,Bstd:145.5,StrandBias:0.1,Multiplicity:1.13
0.953	0.001	0.001	0.045
0.018	0.001	0.001	0.980
0.001	0.001	0.001	0.997
0.040	0.001	0.013	0.946
0.016	0.969	0.001	0.014
0.001	0.939	0.059	0.001
0.194	0.282	0.310	0.215
0.001	0.959	0.039	0.001
>CTTCCGGT	9-CTTCCGGT	6.272970	-36.472702	0	T:159.0(7.23%),B:1666.3(3.55%),P:1e-15	Tpos:290.2,Tstd:226.2,Bpos:236.1,Bstd:152.6,StrandBias:-0.4,Multiplicity:1.05
0.001	0.912	0.001	0.086
0.001	0.001	0.001	0.997
0.001	0.001	0.001	0.997
0.001	0.789	0.001	0.209
0.001	0.997	0.001	0.001
0.001	0.001	0.997	0.001
0.001	0.001	0.877	0.121
0.001	0.001	0.001	0.997
>CTTTGAAG	10-CTTTGAAG	8.364777	-35.086861	0	T:204.0(9.28%),B:2391.3(5.10%),P:1e-15	Tpos:297.3,Tstd:250.7,Bpos:239.6,Bstd:143.0,StrandBias:-0.3,Multiplicity:1.05
0.001	0.997	0.001	0.001
0.001	0.001	0.001	0.997
0.001	0.001	0.001	0.997
0.001	0.001	0.001	0.997
0.100	0.001	0.898	0.001
0.997	0.001	0.001	0.001
0.667	0.001	0.001	0.331
0.001	0.001	0.997	0.001
>GGGGGGGG	11-GGGGGGGG	8.500506	-30.166063	0	T:624.0(28.38%),B:10158.1(21.66%),P:1e-13	Tpos:332.4,Tstd:280.6,Bpos:241.4,Bstd:146.4,StrandBias:0.0,Multiplicity:1.68
0.001	0.001	0.997	0.001
0.001	0.001	0.997	0.001
0.001	0.001	0.997	0.001
0.228	0.185	0.586	0.001
0.001	0.215	0.783	0.001
0.166	0.204	0.629	0.001
0.001	0.001	0.997	0.001
0.001	0.001	0.997	0.001
>MGACTTTC	12-MGACTTTC	6.247368	-29.158243	0	T:263.0(11.96%),B:3539.2(7.55%),P:1e-12	Tpos:311.4,Tstd:257.5,Bpos:239.2,Bstd:149.3,StrandBias:0.0,Multiplicity:1.16
0.513	0.485	0.001	0.001
0.105	0.025	0.869	0.001
0.997	0.001	0.001	0.001
0.001	0.997	0.001	0.001
0.001	0.001	0.374	0.624
0.001	0.001	0.001	0.997
0.001	0.001	0.001	0.997
0.001	0.997	0.001	0.001
>ACATCCTG	13-ACATCCTG	8.503665	-28.148242	0	T:184.0(8.37%),B:2247.5(4.79%),P:1e-12	Tpos:346.4,Tstd:261.6,Bpos:237.6,Bstd:142.7,StrandBias:-0.0,Multiplicity:1.08
0.997	0.001	0.001	0.001
0.001	0.997	0.001	0.001
0.892	0.001	0.106	0.001
0.001	0.275	0.001	0.723
0.001	0.997	0.001	0.001
0.001	0.997	0.001	0.001
0.001	0.001	0.001	0.997
0.001	0.001	0.997	0.001
>TTTKATCT	14-TTTKATCT	7.914567	-27.248769	0	T:191.0(8.69%),B:2386.7(5.09%),P:1e-11	Tpos:313.2,Tstd:248.9,Bpos:242.6,Bstd:136.1,StrandBias:-0.5,Multiplicity:1.09
0.005	0.001	0.001	0.993
0.238	0.243	0.001	0.518
0.001	0.173	0.001	0.825
0.001	0.067	0.451	0.481
0.873	0.001	0.125	0.001
0.007	0.214	0.001	0.778
0.125	0.873	0.001	0.001
0.069	0.001	0.179	0.751
>CACGTGAT	15-CACGTGAT	5.885483	-24.505343	0	T:497.0(22.60%),B:8017.5(17.09%),P:1e-10	Tpos:301.4,Tstd:257.2,Bpos:238.7,Bstd:145.2,StrandBias:0.0,Multiplicity:1.20
0.001	0.972	0.001	0.026
0.933	0.001	0.001	0.065
0.001	0.975	0.023	0.001
0.001	0.180	0.818	0.001
0.001	0.001	0.104	0.894
0.001	0.026	0.972	0.001
0.563	0.001	0.342	0.094
0.001	0.418	0.001	0.580
