Factor1: 1.1066513749751403
Factor2: 0.9036269439618814
