Factor1: 1.0271732091111845
Factor2: 0.9735456407252897
