Factor1: 0.8409962552898247
Factor2: 1.1890659366317602
