Factor1: 0.9978065770670627
Factor2: 1.002198244613084
