>GGGACAKWWGCC	17-GGGACAKWWGCC	10.473251	-14.200763	0	T:16.0(0.31%),B:30.8(0.07%),P:1e-6
0.052	0.025	0.625	0.298
0.281	0.001	0.694	0.024
0.064	0.041	0.845	0.050
0.878	0.025	0.050	0.047
0.401	0.560	0.014	0.025
0.893	0.025	0.008	0.074
0.023	0.058	0.486	0.434
0.481	0.052	0.025	0.442
0.402	0.001	0.076	0.521
0.041	0.050	0.600	0.309
0.047	0.608	0.055	0.290
0.382	0.576	0.017	0.025
