Factor1: 0.9725025425788023
Factor2: 1.0282749465603287
