Factor1: 0.9730055152850249
Factor2: 1.0277434035993818
