>AACAGGAAGT	1-AACAGGAAGT	6.943995	-210.875404	0	T:768.0(22.72%),B:4812.5(10.55%),P:1e-91	Tpos:289.1,Tstd:227.5,Bpos:238.6,Bstd:140.1,StrandBias:0.0,Multiplicity:1.16
0.651	0.192	0.099	0.058
0.888	0.001	0.110	0.001
0.019	0.944	0.036	0.001
0.979	0.019	0.001	0.001
0.001	0.001	0.997	0.001
0.001	0.001	0.997	0.001
0.984	0.001	0.006	0.009
0.931	0.001	0.001	0.067
0.130	0.018	0.851	0.001
0.001	0.168	0.001	0.830
>GGWAACCACA	2-GGWAACCACA	7.399242	-200.441291	0	T:819.0(24.23%),B:5422.6(11.89%),P:1e-87	Tpos:301.4,Tstd:259.8,Bpos:236.2,Bstd:142.7,StrandBias:0.1,Multiplicity:1.21
0.235	0.109	0.463	0.192
0.232	0.190	0.424	0.153
0.484	0.098	0.039	0.379
0.945	0.011	0.010	0.034
0.825	0.001	0.173	0.001
0.001	0.978	0.001	0.020
0.001	0.994	0.001	0.004
0.837	0.084	0.078	0.001
0.098	0.880	0.021	0.001
0.644	0.179	0.051	0.126
>WVTGASTCAT	3-WVTGASTCAT	7.496639	-126.086818	0	T:482.0(14.26%),B:3018.8(6.62%),P:1e-54	Tpos:265.8,Tstd:207.9,Bpos:241.9,Bstd:135.9,StrandBias:-0.1,Multiplicity:1.13
0.343	0.100	0.187	0.369
0.325	0.228	0.289	0.159
0.021	0.001	0.011	0.967
0.093	0.025	0.741	0.141
0.977	0.001	0.011	0.011
0.024	0.477	0.456	0.042
0.011	0.018	0.023	0.948
0.112	0.841	0.040	0.007
0.919	0.017	0.009	0.055
0.166	0.204	0.158	0.472
>CACATCAAAG	4-CACATCAAAG	6.786923	-108.857724	0	T:885.0(26.18%),B:7446.0(16.32%),P:1e-47	Tpos:288.5,Tstd:231.2,Bpos:235.7,Bstd:140.2,StrandBias:0.1,Multiplicity:1.23
0.263	0.497	0.181	0.059
0.764	0.056	0.136	0.044
0.064	0.650	0.213	0.073
0.634	0.060	0.076	0.230
0.074	0.030	0.014	0.882
0.013	0.763	0.209	0.015
0.875	0.001	0.036	0.088
0.823	0.080	0.074	0.023
0.899	0.053	0.047	0.001
0.088	0.118	0.781	0.013
>CCCCTGGTGG	5-CCCCTGGTGG	10.079371	-108.330277	0	T:253.0(7.49%),B:1197.5(2.62%),P:1e-47	Tpos:247.8,Tstd:183.2,Bpos:228.6,Bstd:135.3,StrandBias:0.3,Multiplicity:1.03
0.001	0.982	0.001	0.016
0.412	0.586	0.001	0.001
0.024	0.589	0.001	0.386
0.001	0.997	0.001	0.001
0.001	0.001	0.001	0.997
0.201	0.001	0.566	0.232
0.001	0.286	0.712	0.001
0.001	0.001	0.001	0.997
0.001	0.001	0.969	0.029
0.001	0.001	0.918	0.080
>GCTCCGCCCM	6-GCTCCGCCCM	7.843185	-89.394555	0	T:563.0(16.66%),B:4301.5(9.43%),P:1e-38	Tpos:328.6,Tstd:241.7,Bpos:235.4,Bstd:151.1,StrandBias:-0.4,Multiplicity:1.67
0.211	0.001	0.671	0.117
0.080	0.624	0.082	0.214
0.024	0.362	0.034	0.580
0.294	0.656	0.030	0.020
0.001	0.953	0.043	0.003
0.097	0.001	0.843	0.059
0.051	0.946	0.001	0.002
0.009	0.960	0.001	0.030
0.001	0.823	0.001	0.175
0.363	0.301	0.132	0.204
>GGGAAATCCC	7-GGGAAATCCC	7.973211	-78.547959	0	T:298.0(8.82%),B:1841.6(4.04%),P:1e-34	Tpos:326.6,Tstd:303.3,Bpos:231.8,Bstd:135.0,StrandBias:-0.2,Multiplicity:1.11
0.048	0.017	0.884	0.051
0.059	0.021	0.919	0.001
0.299	0.042	0.638	0.021
0.659	0.020	0.320	0.001
0.961	0.001	0.037	0.001
0.527	0.124	0.107	0.242
0.175	0.143	0.180	0.502
0.142	0.543	0.095	0.220
0.118	0.753	0.013	0.116
0.051	0.894	0.049	0.006
>GAAAGTGAAA	8-GAAAGTGAAA	7.654542	-78.061305	0	T:505.0(14.94%),B:3880.1(8.50%),P:1e-33	Tpos:310.1,Tstd:254.3,Bpos:234.5,Bstd:145.7,StrandBias:0.2,Multiplicity:1.13
0.105	0.120	0.734	0.041
0.842	0.045	0.084	0.029
0.832	0.045	0.060	0.063
0.806	0.069	0.100	0.025
0.110	0.106	0.722	0.062
0.089	0.137	0.065	0.709
0.114	0.066	0.776	0.044
0.890	0.049	0.024	0.037
0.838	0.042	0.090	0.030
0.857	0.066	0.050	0.027
>AGGAAATGCG	9-AGGAAATGCG	6.293542	-58.022901	0	T:341.0(10.09%),B:2519.7(5.52%),P:1e-25	Tpos:291.6,Tstd:226.7,Bpos:238.7,Bstd:144.0,StrandBias:0.1,Multiplicity:1.06
0.571	0.178	0.164	0.087
0.218	0.092	0.494	0.196
0.067	0.115	0.649	0.169
0.521	0.177	0.081	0.221
0.777	0.059	0.061	0.103
0.583	0.183	0.119	0.115
0.063	0.128	0.120	0.689
0.156	0.076	0.656	0.112
0.072	0.812	0.053	0.063
0.089	0.042	0.784	0.085
>YGTGGTTAGC	10-YGTGGTTAGC	6.314462	-51.165941	0	T:151.0(4.47%),B:822.6(1.80%),P:1e-22	Tpos:243.6,Tstd:182.9,Bpos:240.1,Bstd:138.9,StrandBias:-0.3,Multiplicity:1.08
0.117	0.304	0.214	0.365
0.185	0.125	0.570	0.120
0.135	0.252	0.086	0.527
0.098	0.102	0.636	0.164
0.107	0.196	0.504	0.193
0.074	0.029	0.129	0.768
0.156	0.167	0.115	0.562
0.568	0.175	0.137	0.120
0.093	0.098	0.651	0.158
0.204	0.412	0.182	0.202
>ATGCAAATBA	11-ATGCAAATBA	9.035861	-45.715166	0	T:185.0(5.47%),B:1177.5(2.58%),P:1e-19	Tpos:289.4,Tstd:234.2,Bpos:237.8,Bstd:132.9,StrandBias:0.1,Multiplicity:1.07
0.992	0.001	0.006	0.001
0.023	0.001	0.001	0.975
0.007	0.001	0.981	0.011
0.013	0.651	0.087	0.249
0.906	0.041	0.001	0.052
0.956	0.003	0.040	0.001
0.957	0.006	0.030	0.007
0.163	0.073	0.156	0.608
0.155	0.273	0.216	0.356
0.647	0.177	0.018	0.158
>TASCTCTGCG	12-TASCTCTGCG	6.866197	-41.813198	0	T:179.0(5.30%),B:1168.1(2.56%),P:1e-18	Tpos:311.5,Tstd:256.7,Bpos:241.2,Bstd:145.2,StrandBias:0.1,Multiplicity:1.04
0.287	0.077	0.062	0.574
0.438	0.194	0.121	0.247
0.200	0.366	0.307	0.127
0.153	0.456	0.135	0.255
0.277	0.148	0.009	0.566
0.013	0.516	0.228	0.243
0.242	0.044	0.005	0.709
0.008	0.014	0.966	0.012
0.139	0.692	0.005	0.164
0.321	0.006	0.666	0.007
>GGTTTCKGYT	13-GGTTTCKGYT	6.506130	-40.155106	0	T:241.0(7.13%),B:1792.3(3.93%),P:1e-17	Tpos:281.8,Tstd:241.5,Bpos:237.6,Bstd:151.0,StrandBias:0.4,Multiplicity:1.08
0.256	0.025	0.437	0.282
0.017	0.128	0.818	0.037
0.017	0.127	0.224	0.632
0.015	0.032	0.209	0.744
0.191	0.023	0.024	0.762
0.123	0.447	0.136	0.294
0.148	0.199	0.389	0.263
0.231	0.103	0.435	0.232
0.172	0.304	0.114	0.410
0.138	0.141	0.249	0.472
>GCGGTTTAGA	14-GCGGTTTAGA	7.270415	-39.092901	0	T:283.0(8.37%),B:2239.8(4.91%),P:1e-16	Tpos:292.0,Tstd:224.1,Bpos:234.5,Bstd:145.3,StrandBias:-0.0,Multiplicity:1.07
0.219	0.013	0.753	0.015
0.165	0.743	0.029	0.063
0.038	0.016	0.867	0.079
0.044	0.097	0.779	0.080
0.001	0.198	0.001	0.800
0.056	0.001	0.063	0.880
0.042	0.135	0.110	0.713
0.823	0.001	0.001	0.175
0.118	0.116	0.715	0.051
0.979	0.001	0.019	0.001
>TAGGCTGCTC	15-TAGGCTGCTC	7.431339	-38.024568	0	T:357.0(10.56%),B:3048.0(6.68%),P:1e-16	Tpos:313.5,Tstd:265.3,Bpos:239.3,Bstd:141.7,StrandBias:-0.1,Multiplicity:1.09
0.097	0.075	0.138	0.690
0.837	0.051	0.067	0.045
0.033	0.088	0.830	0.049
0.063	0.051	0.848	0.038
0.059	0.832	0.036	0.073
0.026	0.100	0.107	0.767
0.047	0.044	0.877	0.032
0.054	0.834	0.043	0.069
0.067	0.106	0.088	0.739
0.070	0.755	0.097	0.078
>GAGGGGGAGT	16-GAGGGGGAGT	9.535913	-36.516332	0	T:153.0(4.53%),B:991.4(2.17%),P:1e-15	Tpos:302.0,Tstd:236.5,Bpos:229.8,Bstd:140.4,StrandBias:0.2,Multiplicity:1.07
0.007	0.035	0.918	0.040
0.909	0.077	0.013	0.001
0.001	0.018	0.980	0.001
0.071	0.001	0.927	0.001
0.068	0.138	0.775	0.019
0.027	0.006	0.966	0.001
0.027	0.125	0.839	0.009
0.951	0.047	0.001	0.001
0.001	0.043	0.955	0.001
0.039	0.018	0.142	0.801
>GRAGGKAGGG	17-GRAGGKAGGG	9.583610	-32.017952	0	T:197.0(5.83%),B:1480.0(3.24%),P:1e-13	Tpos:334.6,Tstd:274.5,Bpos:234.7,Bstd:140.8,StrandBias:0.3,Multiplicity:1.09
0.084	0.001	0.914	0.001
0.345	0.001	0.449	0.205
0.629	0.369	0.001	0.001
0.001	0.001	0.997	0.001
0.001	0.001	0.997	0.001
0.169	0.001	0.454	0.375
0.785	0.162	0.001	0.052
0.001	0.001	0.997	0.001
0.001	0.306	0.636	0.057
0.266	0.001	0.493	0.240
>AGGGCGATAW	18-AGGGCGATAW	6.553609	-31.386189	0	T:37.0(1.09%),B:104.1(0.23%),P:1e-13	Tpos:307.3,Tstd:249.4,Bpos:237.7,Bstd:120.4,StrandBias:0.4,Multiplicity:1.00
0.506	0.171	0.052	0.271
0.143	0.031	0.620	0.206
0.174	0.201	0.469	0.155
0.332	0.088	0.577	0.003
0.257	0.671	0.018	0.054
0.081	0.231	0.628	0.060
0.592	0.156	0.169	0.083
0.267	0.242	0.001	0.490
0.483	0.037	0.243	0.237
0.230	0.212	0.195	0.363
>TYGAAATGAC	19-TYGAAATGAC	10.097785	-27.842626	0	T:67.0(1.98%),B:330.4(0.72%),P:1e-12	Tpos:298.4,Tstd:226.6,Bpos:223.8,Bstd:133.1,StrandBias:-0.1,Multiplicity:1.02
0.001	0.001	0.001	0.997
0.001	0.427	0.189	0.383
0.001	0.001	0.960	0.038
0.984	0.014	0.001	0.001
0.997	0.001	0.001	0.001
0.801	0.157	0.001	0.041
0.001	0.001	0.312	0.686
0.019	0.240	0.740	0.001
0.907	0.001	0.001	0.091
0.001	0.614	0.001	0.384
>CGCTGKTGCC	20-CGCTGKTGCC	10.584523	-27.734615	0	T:38.0(1.12%),B:124.3(0.27%),P:1e-12	Tpos:292.4,Tstd:204.5,Bpos:236.5,Bstd:146.6,StrandBias:0.6,Multiplicity:1.03
0.141	0.857	0.001	0.001
0.001	0.001	0.997	0.001
0.001	0.741	0.001	0.257
0.001	0.001	0.001	0.997
0.063	0.001	0.935	0.001
0.001	0.001	0.563	0.435
0.051	0.001	0.136	0.812
0.001	0.001	0.997	0.001
0.159	0.839	0.001	0.001
0.001	0.997	0.001	0.001
>CGAGACAGCC	21-CGAGACAGCC	9.093850	-26.013715	0	T:92.0(2.72%),B:557.3(1.22%),P:1e-11	Tpos:388.1,Tstd:339.6,Bpos:237.5,Bstd:136.6,StrandBias:0.2,Multiplicity:1.02
0.094	0.904	0.001	0.001
0.001	0.059	0.939	0.001
0.896	0.001	0.094	0.009
0.001	0.001	0.997	0.001
0.744	0.132	0.117	0.007
0.001	0.862	0.136	0.001
0.909	0.023	0.001	0.067
0.052	0.023	0.924	0.001
0.079	0.858	0.062	0.001
0.010	0.973	0.016	0.001
>GTTGCAAAGC	22-GTTGCAAAGC	9.326348	-23.036765	0	T:101.0(2.99%),B:674.3(1.48%),P:1e-10	Tpos:278.5,Tstd:228.7,Bpos:251.4,Bstd:145.8,StrandBias:-0.1,Multiplicity:1.02
0.064	0.042	0.626	0.268
0.001	0.049	0.064	0.886
0.001	0.001	0.027	0.971
0.040	0.031	0.928	0.001
0.065	0.836	0.042	0.057
0.971	0.001	0.001	0.027
0.931	0.001	0.067	0.001
0.963	0.001	0.035	0.001
0.057	0.001	0.911	0.031
0.027	0.971	0.001	0.001
>TABATACSAC	23-TABATACSAC	8.218277	-22.165143	0	T:38.0(1.12%),B:151.2(0.33%),P:1e-9	Tpos:268.2,Tstd:174.1,Bpos:254.7,Bstd:138.8,StrandBias:-0.3,Multiplicity:1.08
0.074	0.135	0.023	0.768
0.732	0.198	0.008	0.062
0.030	0.334	0.249	0.388
0.758	0.074	0.041	0.127
0.134	0.256	0.041	0.569
0.681	0.289	0.021	0.009
0.068	0.808	0.075	0.049
0.001	0.493	0.413	0.093
0.604	0.058	0.337	0.001
0.126	0.628	0.061	0.185
>GTTCATAACA	24-GTTCATAACA	9.283255	-21.164218	0	T:64.0(1.89%),B:362.8(0.80%),P:1e-9	Tpos:305.2,Tstd:281.7,Bpos:229.3,Bstd:145.3,StrandBias:0.2,Multiplicity:1.02
0.034	0.044	0.861	0.061
0.001	0.031	0.001	0.967
0.001	0.001	0.001	0.997
0.001	0.997	0.001	0.001
0.671	0.108	0.177	0.044
0.001	0.068	0.001	0.930
0.997	0.001	0.001	0.001
0.907	0.091	0.001	0.001
0.117	0.769	0.085	0.029
0.891	0.041	0.001	0.067
>TCGTRMKATG	25-TCGTRMKATG	6.494123	-17.361399	0	T:36.0(1.07%),B:166.0(0.36%),P:1e-7	Tpos:200.1,Tstd:167.8,Bpos:234.5,Bstd:147.0,StrandBias:-0.3,Multiplicity:1.00
0.077	0.293	0.148	0.482
0.271	0.604	0.064	0.061
0.088	0.134	0.650	0.128
0.110	0.330	0.052	0.508
0.304	0.079	0.438	0.179
0.333	0.353	0.135	0.179
0.110	0.113	0.327	0.450
0.825	0.035	0.084	0.056
0.047	0.134	0.126	0.693
0.226	0.149	0.535	0.090
