>AACAGGAAGT	1-AACAGGAAGT	6.943995	-210.875404	0	T:768.0(22.72%),B:4812.5(10.55%),P:1e-91	Tpos:289.1,Tstd:227.5,Bpos:238.6,Bstd:140.1,StrandBias:0.0,Multiplicity:1.16
0.651	0.192	0.099	0.058
0.888	0.001	0.110	0.001
0.019	0.944	0.036	0.001
0.979	0.019	0.001	0.001
0.001	0.001	0.997	0.001
0.001	0.001	0.997	0.001
0.984	0.001	0.006	0.009
0.931	0.001	0.001	0.067
0.130	0.018	0.851	0.001
0.001	0.168	0.001	0.830
>GGWAACCACA	2-GGWAACCACA	7.399242	-200.441291	0	T:819.0(24.23%),B:5422.6(11.89%),P:1e-87	Tpos:301.4,Tstd:259.8,Bpos:236.2,Bstd:142.7,StrandBias:0.1,Multiplicity:1.21
0.235	0.109	0.463	0.192
0.232	0.190	0.424	0.153
0.484	0.098	0.039	0.379
0.945	0.011	0.010	0.034
0.825	0.001	0.173	0.001
0.001	0.978	0.001	0.020
0.001	0.994	0.001	0.004
0.837	0.084	0.078	0.001
0.098	0.880	0.021	0.001
0.644	0.179	0.051	0.126
>WVTGASTCAT	3-WVTGASTCAT	7.496639	-126.086818	0	T:482.0(14.26%),B:3018.8(6.62%),P:1e-54	Tpos:265.8,Tstd:207.9,Bpos:241.9,Bstd:135.9,StrandBias:-0.1,Multiplicity:1.13
0.343	0.100	0.187	0.369
0.325	0.228	0.289	0.159
0.021	0.001	0.011	0.967
0.093	0.025	0.741	0.141
0.977	0.001	0.011	0.011
0.024	0.477	0.456	0.042
0.011	0.018	0.023	0.948
0.112	0.841	0.040	0.007
0.919	0.017	0.009	0.055
0.166	0.204	0.158	0.472
>CACATCAAAG	4-CACATCAAAG	6.786923	-108.857724	0	T:885.0(26.18%),B:7446.0(16.32%),P:1e-47	Tpos:288.5,Tstd:231.2,Bpos:235.7,Bstd:140.2,StrandBias:0.1,Multiplicity:1.23
0.263	0.497	0.181	0.059
0.764	0.056	0.136	0.044
0.064	0.650	0.213	0.073
0.634	0.060	0.076	0.230
0.074	0.030	0.014	0.882
0.013	0.763	0.209	0.015
0.875	0.001	0.036	0.088
0.823	0.080	0.074	0.023
0.899	0.053	0.047	0.001
0.088	0.118	0.781	0.013
>CCCCTGGTGG	5-CCCCTGGTGG	10.079371	-108.330277	0	T:253.0(7.49%),B:1197.5(2.62%),P:1e-47	Tpos:247.8,Tstd:183.2,Bpos:228.6,Bstd:135.3,StrandBias:0.3,Multiplicity:1.03
0.001	0.982	0.001	0.016
0.412	0.586	0.001	0.001
0.024	0.589	0.001	0.386
0.001	0.997	0.001	0.001
0.001	0.001	0.001	0.997
0.201	0.001	0.566	0.232
0.001	0.286	0.712	0.001
0.001	0.001	0.001	0.997
0.001	0.001	0.969	0.029
0.001	0.001	0.918	0.080
>GCTCCGCCCM	6-GCTCCGCCCM	7.843185	-89.394555	0	T:563.0(16.66%),B:4301.5(9.43%),P:1e-38	Tpos:328.6,Tstd:241.7,Bpos:235.4,Bstd:151.1,StrandBias:-0.4,Multiplicity:1.67
0.211	0.001	0.671	0.117
0.080	0.624	0.082	0.214
0.024	0.362	0.034	0.580
0.294	0.656	0.030	0.020
0.001	0.953	0.043	0.003
0.097	0.001	0.843	0.059
0.051	0.946	0.001	0.002
0.009	0.960	0.001	0.030
0.001	0.823	0.001	0.175
0.363	0.301	0.132	0.204
>GGGAAATCCC	7-GGGAAATCCC	7.973211	-78.547959	0	T:298.0(8.82%),B:1841.6(4.04%),P:1e-34	Tpos:326.6,Tstd:303.3,Bpos:231.8,Bstd:135.0,StrandBias:-0.2,Multiplicity:1.11
0.048	0.017	0.884	0.051
0.059	0.021	0.919	0.001
0.299	0.042	0.638	0.021
0.659	0.020	0.320	0.001
0.961	0.001	0.037	0.001
0.527	0.124	0.107	0.242
0.175	0.143	0.180	0.502
0.142	0.543	0.095	0.220
0.118	0.753	0.013	0.116
0.051	0.894	0.049	0.006
>GAAAGTGAAA	8-GAAAGTGAAA	7.654542	-78.061305	0	T:505.0(14.94%),B:3880.1(8.50%),P:1e-33	Tpos:310.1,Tstd:254.3,Bpos:234.5,Bstd:145.7,StrandBias:0.2,Multiplicity:1.13
0.105	0.120	0.734	0.041
0.842	0.045	0.084	0.029
0.832	0.045	0.060	0.063
0.806	0.069	0.100	0.025
0.110	0.106	0.722	0.062
0.089	0.137	0.065	0.709
0.114	0.066	0.776	0.044
0.890	0.049	0.024	0.037
0.838	0.042	0.090	0.030
0.857	0.066	0.050	0.027
>AGGAAATGCG	9-AGGAAATGCG	6.293542	-58.022901	0	T:341.0(10.09%),B:2519.7(5.52%),P:1e-25	Tpos:291.6,Tstd:226.7,Bpos:238.7,Bstd:144.0,StrandBias:0.1,Multiplicity:1.06
0.571	0.178	0.164	0.087
0.218	0.092	0.494	0.196
0.067	0.115	0.649	0.169
0.521	0.177	0.081	0.221
0.777	0.059	0.061	0.103
0.583	0.183	0.119	0.115
0.063	0.128	0.120	0.689
0.156	0.076	0.656	0.112
0.072	0.812	0.053	0.063
0.089	0.042	0.784	0.085
>YGTGGTTAGC	10-YGTGGTTAGC	6.314462	-51.165941	0	T:151.0(4.47%),B:822.6(1.80%),P:1e-22	Tpos:243.6,Tstd:182.9,Bpos:240.1,Bstd:138.9,StrandBias:-0.3,Multiplicity:1.08
0.117	0.304	0.214	0.365
0.185	0.125	0.570	0.120
0.135	0.252	0.086	0.527
0.098	0.102	0.636	0.164
0.107	0.196	0.504	0.193
0.074	0.029	0.129	0.768
0.156	0.167	0.115	0.562
0.568	0.175	0.137	0.120
0.093	0.098	0.651	0.158
0.204	0.412	0.182	0.202
>ATGCAAATBA	11-ATGCAAATBA	9.035861	-45.715166	0	T:185.0(5.47%),B:1177.5(2.58%),P:1e-19	Tpos:289.4,Tstd:234.2,Bpos:237.8,Bstd:132.9,StrandBias:0.1,Multiplicity:1.07
0.992	0.001	0.006	0.001
0.023	0.001	0.001	0.975
0.007	0.001	0.981	0.011
0.013	0.651	0.087	0.249
0.906	0.041	0.001	0.052
0.956	0.003	0.040	0.001
0.957	0.006	0.030	0.007
0.163	0.073	0.156	0.608
0.155	0.273	0.216	0.356
0.647	0.177	0.018	0.158
>TASCTCTGCG	12-TASCTCTGCG	6.866197	-41.813198	0	T:179.0(5.30%),B:1168.1(2.56%),P:1e-18	Tpos:311.5,Tstd:256.7,Bpos:241.2,Bstd:145.2,StrandBias:0.1,Multiplicity:1.04
0.287	0.077	0.062	0.574
0.438	0.194	0.121	0.247
0.200	0.366	0.307	0.127
0.153	0.456	0.135	0.255
0.277	0.148	0.009	0.566
0.013	0.516	0.228	0.243
0.242	0.044	0.005	0.709
0.008	0.014	0.966	0.012
0.139	0.692	0.005	0.164
0.321	0.006	0.666	0.007
>GGTTTCKGYT	13-GGTTTCKGYT	6.506130	-40.155106	0	T:241.0(7.13%),B:1792.3(3.93%),P:1e-17	Tpos:281.8,Tstd:241.5,Bpos:237.6,Bstd:151.0,StrandBias:0.4,Multiplicity:1.08
0.256	0.025	0.437	0.282
0.017	0.128	0.818	0.037
0.017	0.127	0.224	0.632
0.015	0.032	0.209	0.744
0.191	0.023	0.024	0.762
0.123	0.447	0.136	0.294
0.148	0.199	0.389	0.263
0.231	0.103	0.435	0.232
0.172	0.304	0.114	0.410
0.138	0.141	0.249	0.472
>GCGGTTTAGA	14-GCGGTTTAGA	7.270415	-39.092901	0	T:283.0(8.37%),B:2239.8(4.91%),P:1e-16	Tpos:292.0,Tstd:224.1,Bpos:234.5,Bstd:145.3,StrandBias:-0.0,Multiplicity:1.07
0.219	0.013	0.753	0.015
0.165	0.743	0.029	0.063
0.038	0.016	0.867	0.079
0.044	0.097	0.779	0.080
0.001	0.198	0.001	0.800
0.056	0.001	0.063	0.880
0.042	0.135	0.110	0.713
0.823	0.001	0.001	0.175
0.118	0.116	0.715	0.051
0.979	0.001	0.019	0.001
>TAGGCTGCTC	15-TAGGCTGCTC	7.431339	-38.024568	0	T:357.0(10.56%),B:3048.0(6.68%),P:1e-16	Tpos:313.5,Tstd:265.3,Bpos:239.3,Bstd:141.7,StrandBias:-0.1,Multiplicity:1.09
0.097	0.075	0.138	0.690
0.837	0.051	0.067	0.045
0.033	0.088	0.830	0.049
0.063	0.051	0.848	0.038
0.059	0.832	0.036	0.073
0.026	0.100	0.107	0.767
0.047	0.044	0.877	0.032
0.054	0.834	0.043	0.069
0.067	0.106	0.088	0.739
0.070	0.755	0.097	0.078
>GAGGGGGAGT	16-GAGGGGGAGT	9.535913	-36.516332	0	T:153.0(4.53%),B:991.4(2.17%),P:1e-15	Tpos:302.0,Tstd:236.5,Bpos:229.8,Bstd:140.4,StrandBias:0.2,Multiplicity:1.07
0.007	0.035	0.918	0.040
0.909	0.077	0.013	0.001
0.001	0.018	0.980	0.001
0.071	0.001	0.927	0.001
0.068	0.138	0.775	0.019
0.027	0.006	0.966	0.001
0.027	0.125	0.839	0.009
0.951	0.047	0.001	0.001
0.001	0.043	0.955	0.001
0.039	0.018	0.142	0.801
>GRAGGKAGGG	17-GRAGGKAGGG	9.583610	-32.017952	0	T:197.0(5.83%),B:1480.0(3.24%),P:1e-13	Tpos:334.6,Tstd:274.5,Bpos:234.7,Bstd:140.8,StrandBias:0.3,Multiplicity:1.09
0.084	0.001	0.914	0.001
0.345	0.001	0.449	0.205
0.629	0.369	0.001	0.001
0.001	0.001	0.997	0.001
0.001	0.001	0.997	0.001
0.169	0.001	0.454	0.375
0.785	0.162	0.001	0.052
0.001	0.001	0.997	0.001
0.001	0.306	0.636	0.057
0.266	0.001	0.493	0.240
>AGGGCGATAW	18-AGGGCGATAW	6.553609	-31.386189	0	T:37.0(1.09%),B:104.1(0.23%),P:1e-13	Tpos:307.3,Tstd:249.4,Bpos:237.7,Bstd:120.4,StrandBias:0.4,Multiplicity:1.00
0.506	0.171	0.052	0.271
0.143	0.031	0.620	0.206
0.174	0.201	0.469	0.155
0.332	0.088	0.577	0.003
0.257	0.671	0.018	0.054
0.081	0.231	0.628	0.060
0.592	0.156	0.169	0.083
0.267	0.242	0.001	0.490
0.483	0.037	0.243	0.237
0.230	0.212	0.195	0.363
>TYGAAATGAC	19-TYGAAATGAC	10.097785	-27.842626	0	T:67.0(1.98%),B:330.4(0.72%),P:1e-12	Tpos:298.4,Tstd:226.6,Bpos:223.8,Bstd:133.1,StrandBias:-0.1,Multiplicity:1.02
0.001	0.001	0.001	0.997
0.001	0.427	0.189	0.383
0.001	0.001	0.960	0.038
0.984	0.014	0.001	0.001
0.997	0.001	0.001	0.001
0.801	0.157	0.001	0.041
0.001	0.001	0.312	0.686
0.019	0.240	0.740	0.001
0.907	0.001	0.001	0.091
0.001	0.614	0.001	0.384
>CGCTGKTGCC	20-CGCTGKTGCC	10.584523	-27.734615	0	T:38.0(1.12%),B:124.3(0.27%),P:1e-12	Tpos:292.4,Tstd:204.5,Bpos:236.5,Bstd:146.6,StrandBias:0.6,Multiplicity:1.03
0.141	0.857	0.001	0.001
0.001	0.001	0.997	0.001
0.001	0.741	0.001	0.257
0.001	0.001	0.001	0.997
0.063	0.001	0.935	0.001
0.001	0.001	0.563	0.435
0.051	0.001	0.136	0.812
0.001	0.001	0.997	0.001
0.159	0.839	0.001	0.001
0.001	0.997	0.001	0.001
>CGAGACAGCC	21-CGAGACAGCC	9.093850	-26.013715	0	T:92.0(2.72%),B:557.3(1.22%),P:1e-11	Tpos:388.1,Tstd:339.6,Bpos:237.5,Bstd:136.6,StrandBias:0.2,Multiplicity:1.02
0.094	0.904	0.001	0.001
0.001	0.059	0.939	0.001
0.896	0.001	0.094	0.009
0.001	0.001	0.997	0.001
0.744	0.132	0.117	0.007
0.001	0.862	0.136	0.001
0.909	0.023	0.001	0.067
0.052	0.023	0.924	0.001
0.079	0.858	0.062	0.001
0.010	0.973	0.016	0.001
>GTTGCAAAGC	22-GTTGCAAAGC	9.326348	-23.036765	0	T:101.0(2.99%),B:674.3(1.48%),P:1e-10	Tpos:278.5,Tstd:228.7,Bpos:251.4,Bstd:145.8,StrandBias:-0.1,Multiplicity:1.02
0.064	0.042	0.626	0.268
0.001	0.049	0.064	0.886
0.001	0.001	0.027	0.971
0.040	0.031	0.928	0.001
0.065	0.836	0.042	0.057
0.971	0.001	0.001	0.027
0.931	0.001	0.067	0.001
0.963	0.001	0.035	0.001
0.057	0.001	0.911	0.031
0.027	0.971	0.001	0.001
>TABATACSAC	23-TABATACSAC	8.218277	-22.165143	0	T:38.0(1.12%),B:151.2(0.33%),P:1e-9	Tpos:268.2,Tstd:174.1,Bpos:254.7,Bstd:138.8,StrandBias:-0.3,Multiplicity:1.08
0.074	0.135	0.023	0.768
0.732	0.198	0.008	0.062
0.030	0.334	0.249	0.388
0.758	0.074	0.041	0.127
0.134	0.256	0.041	0.569
0.681	0.289	0.021	0.009
0.068	0.808	0.075	0.049
0.001	0.493	0.413	0.093
0.604	0.058	0.337	0.001
0.126	0.628	0.061	0.185
>GTTCATAACA	24-GTTCATAACA	9.283255	-21.164218	0	T:64.0(1.89%),B:362.8(0.80%),P:1e-9	Tpos:305.2,Tstd:281.7,Bpos:229.3,Bstd:145.3,StrandBias:0.2,Multiplicity:1.02
0.034	0.044	0.861	0.061
0.001	0.031	0.001	0.967
0.001	0.001	0.001	0.997
0.001	0.997	0.001	0.001
0.671	0.108	0.177	0.044
0.001	0.068	0.001	0.930
0.997	0.001	0.001	0.001
0.907	0.091	0.001	0.001
0.117	0.769	0.085	0.029
0.891	0.041	0.001	0.067
>TCGTRMKATG	25-TCGTRMKATG	6.494123	-17.361399	0	T:36.0(1.07%),B:166.0(0.36%),P:1e-7	Tpos:200.1,Tstd:167.8,Bpos:234.5,Bstd:147.0,StrandBias:-0.3,Multiplicity:1.00
0.077	0.293	0.148	0.482
0.271	0.604	0.064	0.061
0.088	0.134	0.650	0.128
0.110	0.330	0.052	0.508
0.304	0.079	0.438	0.179
0.333	0.353	0.135	0.179
0.110	0.113	0.327	0.450
0.825	0.035	0.084	0.056
0.047	0.134	0.126	0.693
0.226	0.149	0.535	0.090
>BYACTTCCTGTB	1-BYACTTCCTGTB	8.438211	-227.819380	0	T:837.0(24.76%),B:5298.2(11.61%),P:1e-98	Tpos:297.1,Tstd:235.9,Bpos:235.4,Bstd:137.9,StrandBias:-0.1,Multiplicity:1.17
0.133	0.349	0.215	0.303
0.163	0.328	0.167	0.342
0.490	0.083	0.316	0.111
0.001	0.553	0.059	0.387
0.171	0.001	0.001	0.827
0.001	0.001	0.001	0.997
0.001	0.932	0.001	0.066
0.001	0.997	0.001	0.001
0.001	0.001	0.009	0.989
0.001	0.221	0.644	0.134
0.017	0.271	0.001	0.711
0.099	0.265	0.315	0.322
>CCACCAGGTGGC	2-CCACCAGGTGGC	9.927927	-143.929562	0	T:203.0(6.01%),B:651.2(1.43%),P:1e-62	Tpos:251.5,Tstd:177.5,Bpos:241.2,Bstd:139.5,StrandBias:-0.2,Multiplicity:1.03
0.061	0.863	0.054	0.022
0.001	0.988	0.001	0.010
0.887	0.054	0.044	0.015
0.011	0.757	0.185	0.047
0.088	0.660	0.071	0.181
0.743	0.001	0.070	0.186
0.035	0.034	0.849	0.082
0.240	0.023	0.736	0.001
0.034	0.021	0.264	0.681
0.001	0.007	0.962	0.030
0.105	0.008	0.757	0.130
0.059	0.841	0.052	0.048
>AGGTTGTGGTTT	3-AGGTTGTGGTTT	8.280348	-124.656717	0	T:470.0(13.91%),B:2922.9(6.41%),P:1e-54	Tpos:316.1,Tstd:278.5,Bpos:236.9,Bstd:144.4,StrandBias:-0.0,Multiplicity:1.17
0.539	0.001	0.220	0.240
0.090	0.063	0.718	0.129
0.174	0.158	0.504	0.164
0.192	0.229	0.094	0.485
0.008	0.008	0.007	0.977
0.001	0.012	0.831	0.156
0.038	0.001	0.105	0.856
0.023	0.001	0.880	0.096
0.126	0.017	0.829	0.028
0.018	0.112	0.024	0.846
0.001	0.035	0.063	0.901
0.109	0.004	0.066	0.821
>VAAAVTGAAASH	4-VAAAVTGAAASH	8.170277	-114.490860	0	T:190.0(5.62%),B:701.1(1.54%),P:1e-49	Tpos:326.0,Tstd:255.8,Bpos:237.7,Bstd:144.7,StrandBias:0.1,Multiplicity:1.05
0.357	0.316	0.300	0.026
0.763	0.078	0.077	0.082
0.597	0.058	0.052	0.293
0.690	0.080	0.143	0.087
0.366	0.305	0.288	0.041
0.078	0.264	0.059	0.599
0.126	0.119	0.634	0.121
0.779	0.066	0.067	0.088
0.739	0.089	0.106	0.066
0.805	0.046	0.073	0.076
0.055	0.416	0.480	0.049
0.298	0.293	0.111	0.298
>GGGGAAATCCCC	5-GGGGAAATCCCC	9.178880	-111.081512	0	T:217.0(6.42%),B:908.9(1.99%),P:1e-48	Tpos:274.3,Tstd:220.2,Bpos:238.1,Bstd:130.3,StrandBias:-0.5,Multiplicity:1.06
0.195	0.001	0.545	0.259
0.164	0.001	0.764	0.071
0.021	0.001	0.977	0.001
0.217	0.028	0.744	0.011
0.846	0.001	0.152	0.001
0.997	0.001	0.001	0.001
0.752	0.035	0.174	0.039
0.104	0.214	0.146	0.536
0.113	0.612	0.102	0.173
0.061	0.886	0.001	0.052
0.081	0.880	0.001	0.038
0.148	0.654	0.062	0.136
>CTTTGATGTGGT	6-CTTTGATGTGGT	9.955634	-103.743190	0	T:141.0(4.17%),B:437.9(0.96%),P:1e-45	Tpos:290.9,Tstd:218.2,Bpos:230.6,Bstd:136.9,StrandBias:0.0,Multiplicity:1.02
0.088	0.670	0.139	0.103
0.080	0.093	0.001	0.826
0.101	0.126	0.045	0.728
0.085	0.001	0.060	0.854
0.049	0.065	0.762	0.124
0.777	0.085	0.005	0.133
0.017	0.001	0.001	0.981
0.001	0.017	0.981	0.001
0.001	0.001	0.020	0.978
0.001	0.001	0.997	0.001
0.090	0.142	0.722	0.046
0.049	0.073	0.158	0.720
>RTGASTCATTTA	7-RTGASTCATTTA	9.369539	-86.308067	0	T:192.0(5.68%),B:880.0(1.93%),P:1e-37	Tpos:254.9,Tstd:182.3,Bpos:234.4,Bstd:136.2,StrandBias:-0.3,Multiplicity:1.04
0.394	0.166	0.438	0.001
0.001	0.001	0.001	0.997
0.001	0.001	0.878	0.120
0.845	0.001	0.001	0.153
0.001	0.522	0.476	0.001
0.001	0.001	0.001	0.997
0.183	0.753	0.063	0.001
0.997	0.001	0.001	0.001
0.001	0.243	0.151	0.605
0.001	0.370	0.038	0.591
0.001	0.305	0.001	0.693
0.395	0.234	0.215	0.156
>DGKGGGMGGGGC	8-DGKGGGMGGGGC	7.967432	-84.685212	0	T:949.0(28.08%),B:8674.9(19.01%),P:1e-36	Tpos:318.0,Tstd:250.7,Bpos:235.8,Bstd:144.4,StrandBias:0.1,Multiplicity:1.67
0.202	0.151	0.351	0.295
0.158	0.131	0.581	0.130
0.204	0.023	0.418	0.354
0.241	0.001	0.757	0.001
0.001	0.006	0.992	0.001
0.001	0.001	0.994	0.004
0.310	0.451	0.001	0.237
0.098	0.001	0.836	0.065
0.001	0.001	0.810	0.188
0.239	0.032	0.728	0.001
0.126	0.041	0.741	0.092
0.077	0.727	0.016	0.180
>AAACCACAAAAG	9-AAACCACAAAAG	7.501770	-81.383815	0	T:751.0(22.22%),B:6481.7(14.21%),P:1e-35	Tpos:284.1,Tstd:242.6,Bpos:236.3,Bstd:147.8,StrandBias:0.2,Multiplicity:1.18
0.781	0.079	0.056	0.084
0.856	0.017	0.050	0.077
0.731	0.147	0.118	0.004
0.149	0.709	0.107	0.035
0.127	0.782	0.007	0.084
0.800	0.056	0.001	0.143
0.078	0.747	0.094	0.081
0.775	0.105	0.001	0.119
0.660	0.095	0.139	0.106
0.625	0.170	0.145	0.060
0.775	0.001	0.126	0.098
0.155	0.143	0.701	0.001
>TNTGASTCADMA	10-TNTGASTCADMA	9.509372	-72.617706	0	T:175.0(5.18%),B:845.0(1.85%),P:1e-31	Tpos:257.7,Tstd:190.7,Bpos:241.4,Bstd:137.9,StrandBias:0.0,Multiplicity:1.05
0.129	0.094	0.303	0.474
0.262	0.289	0.243	0.205
0.001	0.001	0.001	0.997
0.001	0.001	0.862	0.136
0.979	0.001	0.019	0.001
0.001	0.549	0.411	0.039
0.001	0.001	0.001	0.997
0.029	0.969	0.001	0.001
0.997	0.001	0.001	0.001
0.281	0.001	0.302	0.416
0.388	0.393	0.082	0.137
0.675	0.323	0.001	0.001
>CGCGCTGTGGTT	11-CGCGCTGTGGTT	8.473508	-51.804834	0	T:150.0(4.44%),B:808.3(1.77%),P:1e-22	Tpos:289.4,Tstd:202.5,Bpos:233.1,Bstd:152.2,StrandBias:-0.6,Multiplicity:1.00
0.068	0.744	0.091	0.097
0.100	0.068	0.785	0.047
0.094	0.720	0.069	0.117
0.077	0.049	0.769	0.105
0.023	0.846	0.040	0.091
0.092	0.022	0.001	0.885
0.001	0.045	0.953	0.001
0.034	0.001	0.092	0.873
0.047	0.046	0.844	0.063
0.023	0.056	0.851	0.070
0.023	0.113	0.060	0.804
0.022	0.045	0.001	0.932
>AAAGGAACCGCG	12-AAAGGAACCGCG	8.963068	-46.438559	0	T:110.0(3.25%),B:528.4(1.16%),P:1e-20	Tpos:323.4,Tstd:293.1,Bpos:242.1,Bstd:151.6,StrandBias:-0.1,Multiplicity:1.02
0.930	0.001	0.023	0.046
0.908	0.023	0.046	0.023
0.976	0.022	0.001	0.001
0.046	0.023	0.885	0.046
0.090	0.092	0.795	0.023
0.856	0.080	0.063	0.001
0.914	0.023	0.017	0.046
0.138	0.793	0.046	0.023
0.067	0.771	0.040	0.122
0.079	0.081	0.728	0.112
0.125	0.724	0.093	0.058
0.124	0.072	0.728	0.076
>CCTTTGATCTTT	13-CCTTTGATCTTT	9.213145	-44.363677	0	T:189.0(5.59%),B:1230.3(2.70%),P:1e-19	Tpos:268.4,Tstd:226.6,Bpos:232.9,Bstd:139.7,StrandBias:0.0,Multiplicity:1.04
0.118	0.740	0.048	0.094
0.059	0.867	0.025	0.049
0.039	0.025	0.048	0.888
0.021	0.054	0.038	0.887
0.045	0.005	0.051	0.899
0.094	0.064	0.759	0.083
0.823	0.083	0.061	0.033
0.059	0.032	0.071	0.838
0.036	0.829	0.069	0.066
0.057	0.045	0.025	0.873
0.039	0.080	0.056	0.825
0.044	0.088	0.091	0.777
>GCTTTGAAGTTT	14-GCTTTGAAGTTT	8.869493	-44.126832	0	T:200.0(5.92%),B:1336.5(2.93%),P:1e-19	Tpos:276.8,Tstd:212.1,Bpos:231.6,Bstd:144.8,StrandBias:-0.3,Multiplicity:1.03
0.120	0.101	0.677	0.102
0.037	0.857	0.054	0.052
0.012	0.062	0.012	0.914
0.022	0.057	0.067	0.854
0.052	0.015	0.024	0.909
0.051	0.043	0.802	0.104
0.832	0.057	0.047	0.064
0.895	0.025	0.055	0.025
0.055	0.042	0.837	0.066
0.060	0.072	0.027	0.841
0.089	0.077	0.040	0.794
0.052	0.053	0.100	0.795
>CACTAGAGGGCG	15-CACTAGAGGGCG	12.415375	-39.797241	0	T:28.0(0.83%),B:41.5(0.09%),P:1e-17	Tpos:277.7,Tstd:217.7,Bpos:243.0,Bstd:132.2,StrandBias:0.0,Multiplicity:1.00
0.001	0.997	0.001	0.001
0.775	0.001	0.112	0.112
0.112	0.886	0.001	0.001
0.001	0.001	0.112	0.886
0.886	0.001	0.112	0.001
0.001	0.001	0.997	0.001
0.997	0.001	0.001	0.001
0.001	0.001	0.997	0.001
0.001	0.001	0.997	0.001
0.001	0.112	0.886	0.001
0.039	0.959	0.001	0.001
0.197	0.001	0.801	0.001
>TGTGATTTCAAA	16-TGTGATTTCAAA	9.922203	-35.963701	0	T:77.0(2.28%),B:349.1(0.77%),P:1e-15	Tpos:259.4,Tstd:196.6,Bpos:242.8,Bstd:140.7,StrandBias:-0.2,Multiplicity:1.03
0.072	0.034	0.028	0.866
0.035	0.088	0.813	0.064
0.045	0.001	0.001	0.953
0.037	0.107	0.798	0.058
0.764	0.076	0.092	0.068
0.079	0.058	0.067	0.796
0.009	0.116	0.047	0.828
0.110	0.047	0.095	0.748
0.054	0.819	0.054	0.073
0.926	0.027	0.001	0.046
0.890	0.017	0.067	0.026
0.806	0.030	0.052	0.112
>NCCCCGCCTCCN	17-NCCCCGCCTCCN	7.482655	-33.101941	0	T:464.0(13.73%),B:4363.4(9.56%),P:1e-14	Tpos:362.2,Tstd:296.9,Bpos:236.1,Bstd:142.5,StrandBias:0.1,Multiplicity:1.18
0.214	0.264	0.296	0.226
0.105	0.655	0.126	0.114
0.119	0.650	0.104	0.127
0.115	0.658	0.100	0.127
0.158	0.572	0.115	0.155
0.148	0.153	0.564	0.135
0.106	0.649	0.131	0.114
0.103	0.683	0.096	0.118
0.119	0.141	0.119	0.621
0.082	0.662	0.138	0.118
0.105	0.687	0.089	0.119
0.304	0.256	0.203	0.237
>AAKARRAAGTGG	18-AAKARRAAGTGG	10.182481	-32.191567	0	T:118.0(3.49%),B:722.3(1.58%),P:1e-13	Tpos:267.1,Tstd:196.6,Bpos:230.3,Bstd:137.8,StrandBias:-0.3,Multiplicity:1.00
0.810	0.181	0.001	0.008
0.900	0.001	0.001	0.098
0.057	0.147	0.356	0.439
0.681	0.038	0.058	0.223
0.480	0.001	0.482	0.037
0.347	0.166	0.390	0.097
0.957	0.001	0.041	0.001
0.997	0.001	0.001	0.001
0.001	0.001	0.997	0.001
0.317	0.001	0.001	0.681
0.109	0.001	0.889	0.001
0.128	0.001	0.870	0.001
>TGCCMTGGCAAC	19-TGCCMTGGCAAC	10.183428	-24.998412	0	T:43.0(1.27%),B:170.7(0.37%),P:1e-10	Tpos:232.3,Tstd:139.9,Bpos:241.7,Bstd:139.6,StrandBias:0.1,Multiplicity:1.05
0.064	0.043	0.059	0.834
0.173	0.205	0.425	0.197
0.050	0.611	0.026	0.313
0.032	0.751	0.007	0.210
0.479	0.472	0.010	0.039
0.332	0.092	0.040	0.536
0.311	0.001	0.624	0.064
0.056	0.034	0.888	0.022
0.132	0.543	0.261	0.064
0.921	0.018	0.033	0.028
0.822	0.050	0.105	0.023
0.032	0.681	0.267	0.020
>GCRCCGCCTCWG	20-GCRCCGCCTCWG	11.349947	-20.004245	0	T:51.0(1.51%),B:264.7(0.58%),P:1e-8	Tpos:278.7,Tstd:182.3,Bpos:221.8,Bstd:153.5,StrandBias:-1.1,Multiplicity:1.03
0.001	0.001	0.997	0.001
0.322	0.676	0.001	0.001
0.409	0.214	0.292	0.085
0.001	0.767	0.231	0.001
0.056	0.552	0.391	0.001
0.001	0.001	0.997	0.001
0.001	0.953	0.001	0.045
0.001	0.831	0.107	0.061
0.001	0.001	0.001	0.997
0.001	0.732	0.266	0.001
0.411	0.169	0.001	0.418
0.001	0.001	0.997	0.001
>GTCCCCAGACAC	21-GTCCCCAGACAC	12.355432	-18.166638	0	T:6.0(0.18%),B:2.1(0.00%),P:1e-7	Tpos:364.0,Tstd:149.6,Bpos:303.5,Bstd:111.4,StrandBias:1.0,Multiplicity:1.00
0.100	0.100	0.700	0.100
0.100	0.100	0.100	0.700
0.100	0.700	0.100	0.100
0.100	0.700	0.100	0.100
0.100	0.700	0.100	0.100
0.100	0.700	0.100	0.100
0.700	0.100	0.100	0.100
0.100	0.100	0.700	0.100
0.700	0.100	0.100	0.100
0.100	0.700	0.100	0.100
0.700	0.100	0.100	0.100
0.100	0.700	0.100	0.100
>CCACTCTGAGTT	22-CCACTCTGAGTT	16.463220	-13.649100	0	T:4.0(0.12%),B:1.8(0.00%),P:1e-5	Tpos:121.2,Tstd:59.2,Bpos:217.1,Bstd:104.2,StrandBias:-1.0,Multiplicity:1.50
0.001	0.997	0.001	0.001
0.001	0.997	0.001	0.001
0.997	0.001	0.001	0.001
0.001	0.997	0.001	0.001
0.001	0.001	0.001	0.997
0.001	0.997	0.001	0.001
0.001	0.001	0.128	0.870
0.001	0.001	0.997	0.001
0.997	0.001	0.001	0.001
0.001	0.001	0.997	0.001
0.001	0.001	0.001	0.997
0.001	0.001	0.001	0.997
>TGAGGTGACTGG	23-TGAGGTGACTGG	12.973484	-12.967617	0	T:10.0(0.30%),B:19.7(0.04%),P:1e-5	Tpos:194.8,Tstd:100.3,Bpos:232.4,Bstd:138.8,StrandBias:-2.2,Multiplicity:1.70
0.001	0.001	0.001	0.997
0.001	0.001	0.997	0.001
0.997	0.001	0.001	0.001
0.001	0.001	0.997	0.001
0.251	0.155	0.593	0.001
0.001	0.001	0.001	0.997
0.001	0.001	0.748	0.250
0.941	0.057	0.001	0.001
0.001	0.997	0.001	0.001
0.001	0.001	0.001	0.997
0.001	0.250	0.748	0.001
0.001	0.001	0.914	0.084
>GGGAGGAGGACC	24-GGGAGGAGGACC	12.355432	-11.827166	0	T:6.0(0.18%),B:6.0(0.01%),P:1e-5	Tpos:421.7,Tstd:593.0,Bpos:171.1,Bstd:142.3,StrandBias:1.4,Multiplicity:1.83
0.100	0.100	0.700	0.100
0.100	0.100	0.700	0.100
0.100	0.100	0.700	0.100
0.700	0.100	0.100	0.100
0.100	0.100	0.700	0.100
0.100	0.100	0.700	0.100
0.700	0.100	0.100	0.100
0.100	0.100	0.700	0.100
0.100	0.100	0.700	0.100
0.700	0.100	0.100	0.100
0.100	0.700	0.100	0.100
0.100	0.700	0.100	0.100
>CTGCTGAGGTAC	25-CTGCTGAGGTAC	13.764406	-7.367311	0	T:5.0(0.15%),B:9.1(0.02%),P:1e-3	Tpos:106.1,Tstd:77.6,Bpos:234.1,Bstd:102.7,StrandBias:1.4,Multiplicity:2.20
0.001	0.997	0.001	0.001
0.001	0.001	0.001	0.997
0.001	0.001	0.997	0.001
0.001	0.997	0.001	0.001
0.001	0.001	0.001	0.997
0.001	0.001	0.997	0.001
0.997	0.001	0.001	0.001
0.123	0.001	0.875	0.001
0.001	0.001	0.997	0.001
0.001	0.076	0.001	0.922
0.997	0.001	0.001	0.001
0.123	0.875	0.001	0.001
>TGTGGTTT	1-TGTGGTTT	9.026002	-172.974553	0	T:373.0(11.04%),B:1687.5(3.70%),P:1e-75	Tpos:297.9,Tstd:267.3,Bpos:233.3,Bstd:145.8,StrandBias:-0.1,Multiplicity:1.10
0.030	0.020	0.035	0.915
0.010	0.001	0.988	0.001
0.001	0.026	0.035	0.938
0.014	0.001	0.984	0.001
0.001	0.001	0.997	0.001
0.001	0.066	0.019	0.914
0.027	0.037	0.024	0.912
0.183	0.030	0.053	0.734
>ACAGGAAG	2-ACAGGAAG	7.398537	-139.878214	0	T:951.0(28.14%),B:7635.7(16.74%),P:1e-60	Tpos:301.5,Tstd:244.0,Bpos:238.5,Bstd:138.8,StrandBias:-0.0,Multiplicity:1.24
0.867	0.001	0.131	0.001
0.001	0.997	0.001	0.001
0.997	0.001	0.001	0.001
0.001	0.001	0.997	0.001
0.001	0.001	0.997	0.001
0.997	0.001	0.001	0.001
0.878	0.001	0.001	0.120
0.220	0.001	0.778	0.001
>ATGAGTCA	3-ATGAGTCA	7.260012	-133.650428	0	T:497.0(14.70%),B:3076.2(6.74%),P:1e-58	Tpos:272.4,Tstd:214.8,Bpos:241.0,Bstd:136.7,StrandBias:0.1,Multiplicity:1.14
0.873	0.001	0.125	0.001
0.001	0.001	0.001	0.997
0.001	0.001	0.947	0.051
0.997	0.001	0.001	0.001
0.001	0.324	0.674	0.001
0.001	0.001	0.001	0.997
0.082	0.916	0.001	0.001
0.997	0.001	0.001	0.001
>AACCACAA	4-AACCACAA	5.759655	-107.609227	0	T:1797.0(53.17%),B:18629.3(40.83%),P:1e-46	Tpos:286.7,Tstd:239.5,Bpos:235.2,Bstd:141.7,StrandBias:0.0,Multiplicity:1.49
0.751	0.093	0.069	0.087
0.794	0.088	0.093	0.025
0.084	0.801	0.042	0.073
0.033	0.889	0.030	0.048
0.663	0.099	0.166	0.072
0.065	0.841	0.050	0.044
0.784	0.067	0.081	0.068
0.483	0.086	0.275	0.156
>AVHTSAAA	5-AVHTSAAA	5.599773	-76.592627	0	T:917.0(27.13%),B:8489.7(18.61%),P:1e-33	Tpos:298.9,Tstd:250.3,Bpos:237.2,Bstd:141.8,StrandBias:0.1,Multiplicity:1.27
0.744	0.041	0.128	0.087
0.289	0.404	0.306	0.001
0.355	0.257	0.155	0.233
0.250	0.176	0.108	0.465
0.171	0.378	0.372	0.079
0.622	0.027	0.253	0.098
0.743	0.180	0.064	0.013
0.868	0.084	0.047	0.001
>GCTTTGAT	6-GCTTTGAT	7.432479	-57.666970	0	T:592.0(17.51%),B:5207.3(11.41%),P:1e-25	Tpos:292.9,Tstd:259.4,Bpos:235.8,Bstd:143.2,StrandBias:0.2,Multiplicity:1.10
0.001	0.090	0.808	0.101
0.001	0.969	0.001	0.029
0.001	0.024	0.008	0.967
0.001	0.057	0.061	0.881
0.025	0.001	0.001	0.973
0.001	0.001	0.997	0.001
0.724	0.150	0.037	0.089
0.054	0.150	0.001	0.795
>GGGCGGGG	7-GGGCGGGG	8.793020	-56.199819	0	T:444.0(13.14%),B:3619.6(7.93%),P:1e-24	Tpos:324.2,Tstd:234.2,Bpos:238.4,Bstd:151.6,StrandBias:0.2,Multiplicity:1.47
0.122	0.001	0.876	0.001
0.001	0.001	0.997	0.001
0.001	0.001	0.963	0.035
0.001	0.997	0.001	0.001
0.001	0.001	0.997	0.001
0.001	0.001	0.850	0.148
0.112	0.001	0.886	0.001
0.081	0.001	0.917	0.001
>TTTCGGTT	8-TTTCGGTT	5.045911	-52.826689	0	T:1565.0(46.30%),B:17282.2(37.88%),P:1e-22	Tpos:310.7,Tstd:264.8,Bpos:236.5,Bstd:145.9,StrandBias:-0.2,Multiplicity:1.45
0.069	0.110	0.031	0.790
0.090	0.067	0.027	0.816
0.069	0.164	0.083	0.684
0.106	0.779	0.019	0.096
0.025	0.379	0.531	0.065
0.051	0.118	0.641	0.190
0.081	0.187	0.149	0.583
0.075	0.070	0.058	0.797
>ACTTCCCC	9-ACTTCCCC	5.462035	-47.151298	0	T:462.0(13.67%),B:3997.8(8.76%),P:1e-20	Tpos:290.3,Tstd:230.6,Bpos:235.6,Bstd:140.1,StrandBias:-0.0,Multiplicity:1.12
0.997	0.001	0.001	0.001
0.001	0.997	0.001	0.001
0.001	0.001	0.001	0.997
0.001	0.001	0.001	0.997
0.001	0.938	0.001	0.060
0.001	0.997	0.001	0.001
0.061	0.882	0.001	0.056
0.001	0.997	0.001	0.001
>GGGAGGAG	10-GGGAGGAG	8.672951	-42.132622	0	T:845.0(25.00%),B:8589.0(18.83%),P:1e-18	Tpos:345.3,Tstd:297.7,Bpos:235.2,Bstd:142.0,StrandBias:0.2,Multiplicity:1.44
0.001	0.001	0.997	0.001
0.001	0.001	0.997	0.001
0.001	0.001	0.997	0.001
0.649	0.216	0.001	0.134
0.001	0.001	0.997	0.001
0.001	0.001	0.958	0.040
0.705	0.131	0.163	0.001
0.001	0.001	0.997	0.001
>AAAGCGTG	11-AAAGCGTG	5.815643	-41.375757	0	T:734.0(21.72%),B:7278.8(15.95%),P:1e-17	Tpos:338.4,Tstd:290.6,Bpos:237.4,Bstd:150.9,StrandBias:0.3,Multiplicity:1.20
0.663	0.001	0.167	0.169
0.773	0.001	0.001	0.225
0.487	0.046	0.334	0.133
0.048	0.271	0.680	0.001
0.001	0.997	0.001	0.001
0.001	0.001	0.997	0.001
0.001	0.001	0.126	0.872
0.036	0.300	0.565	0.099
>ATTTGCAT	12-ATTTGCAT	7.197021	-39.284434	0	T:302.0(8.93%),B:2434.4(5.34%),P:1e-17	Tpos:270.9,Tstd:238.7,Bpos:242.9,Bstd:136.3,StrandBias:-0.2,Multiplicity:1.08
0.842	0.156	0.001	0.001
0.001	0.001	0.001	0.997
0.001	0.001	0.001	0.997
0.001	0.001	0.001	0.997
0.133	0.001	0.865	0.001
0.001	0.997	0.001	0.001
0.997	0.001	0.001	0.001
0.001	0.001	0.001	0.997
>AACCRCCN	13-AACCRCCN	5.546777	-37.812090	0	T:1100.0(32.54%),B:11900.6(26.08%),P:1e-16	Tpos:315.9,Tstd:265.4,Bpos:236.9,Bstd:147.3,StrandBias:-0.1,Multiplicity:1.32
0.948	0.035	0.001	0.016
0.822	0.067	0.110	0.001
0.048	0.890	0.037	0.025
0.104	0.844	0.044	0.008
0.292	0.106	0.397	0.204
0.160	0.566	0.215	0.059
0.092	0.532	0.221	0.155
0.238	0.276	0.302	0.183
>CCACTAGA	14-CCACTAGA	7.836101	-24.631501	0	T:141.0(4.17%),B:1038.6(2.28%),P:1e-10	Tpos:281.6,Tstd:225.1,Bpos:234.4,Bstd:141.5,StrandBias:-0.0,Multiplicity:1.05
0.001	0.997	0.001	0.001
0.001	0.997	0.001	0.001
0.946	0.001	0.052	0.001
0.001	0.997	0.001	0.001
0.001	0.001	0.001	0.997
0.997	0.001	0.001	0.001
0.001	0.001	0.997	0.001
0.756	0.001	0.242	0.001
>AGGTGTTA	15-AGGTGTTA	9.984613	-21.525732	0	T:76.0(2.25%),B:463.4(1.02%),P:1e-9	Tpos:278.0,Tstd:198.9,Bpos:235.6,Bstd:146.3,StrandBias:-0.0,Multiplicity:1.01
0.997	0.001	0.001	0.001
0.001	0.338	0.660	0.001
0.001	0.001	0.997	0.001
0.001	0.001	0.001	0.997
0.001	0.001	0.997	0.001
0.001	0.001	0.001	0.997
0.001	0.001	0.001	0.997
0.997	0.001	0.001	0.001
>TTCTTCCG	16-TTCTTCCG	8.862047	-17.671625	0	T:72.0(2.13%),B:471.8(1.03%),P:1e-7	Tpos:303.9,Tstd:206.5,Bpos:242.6,Bstd:154.3,StrandBias:0.2,Multiplicity:1.00
0.001	0.001	0.001	0.997
0.001	0.001	0.001	0.997
0.001	0.888	0.001	0.110
0.001	0.001	0.001	0.997
0.001	0.001	0.001	0.997
0.001	0.997	0.001	0.001
0.001	0.997	0.001	0.001
0.001	0.001	0.997	0.001
