>TGTGGTTT	1-TGTGGTTT	9.026002	-172.974553	0	T:373.0(11.04%),B:1687.5(3.70%),P:1e-75	Tpos:297.9,Tstd:267.3,Bpos:233.3,Bstd:145.8,StrandBias:-0.1,Multiplicity:1.10
0.030	0.020	0.035	0.915
0.010	0.001	0.988	0.001
0.001	0.026	0.035	0.938
0.014	0.001	0.984	0.001
0.001	0.001	0.997	0.001
0.001	0.066	0.019	0.914
0.027	0.037	0.024	0.912
0.183	0.030	0.053	0.734
>ACAGGAAG	2-ACAGGAAG	7.398537	-139.878214	0	T:951.0(28.14%),B:7635.7(16.74%),P:1e-60	Tpos:301.5,Tstd:244.0,Bpos:238.5,Bstd:138.8,StrandBias:-0.0,Multiplicity:1.24
0.867	0.001	0.131	0.001
0.001	0.997	0.001	0.001
0.997	0.001	0.001	0.001
0.001	0.001	0.997	0.001
0.001	0.001	0.997	0.001
0.997	0.001	0.001	0.001
0.878	0.001	0.001	0.120
0.220	0.001	0.778	0.001
>ATGAGTCA	3-ATGAGTCA	7.260012	-133.650428	0	T:497.0(14.70%),B:3076.2(6.74%),P:1e-58	Tpos:272.4,Tstd:214.8,Bpos:241.0,Bstd:136.7,StrandBias:0.1,Multiplicity:1.14
0.873	0.001	0.125	0.001
0.001	0.001	0.001	0.997
0.001	0.001	0.947	0.051
0.997	0.001	0.001	0.001
0.001	0.324	0.674	0.001
0.001	0.001	0.001	0.997
0.082	0.916	0.001	0.001
0.997	0.001	0.001	0.001
>AACCACAA	4-AACCACAA	5.759655	-107.609227	0	T:1797.0(53.17%),B:18629.3(40.83%),P:1e-46	Tpos:286.7,Tstd:239.5,Bpos:235.2,Bstd:141.7,StrandBias:0.0,Multiplicity:1.49
0.751	0.093	0.069	0.087
0.794	0.088	0.093	0.025
0.084	0.801	0.042	0.073
0.033	0.889	0.030	0.048
0.663	0.099	0.166	0.072
0.065	0.841	0.050	0.044
0.784	0.067	0.081	0.068
0.483	0.086	0.275	0.156
>AVHTSAAA	5-AVHTSAAA	5.599773	-76.592627	0	T:917.0(27.13%),B:8489.7(18.61%),P:1e-33	Tpos:298.9,Tstd:250.3,Bpos:237.2,Bstd:141.8,StrandBias:0.1,Multiplicity:1.27
0.744	0.041	0.128	0.087
0.289	0.404	0.306	0.001
0.355	0.257	0.155	0.233
0.250	0.176	0.108	0.465
0.171	0.378	0.372	0.079
0.622	0.027	0.253	0.098
0.743	0.180	0.064	0.013
0.868	0.084	0.047	0.001
>GCTTTGAT	6-GCTTTGAT	7.432479	-57.666970	0	T:592.0(17.51%),B:5207.3(11.41%),P:1e-25	Tpos:292.9,Tstd:259.4,Bpos:235.8,Bstd:143.2,StrandBias:0.2,Multiplicity:1.10
0.001	0.090	0.808	0.101
0.001	0.969	0.001	0.029
0.001	0.024	0.008	0.967
0.001	0.057	0.061	0.881
0.025	0.001	0.001	0.973
0.001	0.001	0.997	0.001
0.724	0.150	0.037	0.089
0.054	0.150	0.001	0.795
>GGGCGGGG	7-GGGCGGGG	8.793020	-56.199819	0	T:444.0(13.14%),B:3619.6(7.93%),P:1e-24	Tpos:324.2,Tstd:234.2,Bpos:238.4,Bstd:151.6,StrandBias:0.2,Multiplicity:1.47
0.122	0.001	0.876	0.001
0.001	0.001	0.997	0.001
0.001	0.001	0.963	0.035
0.001	0.997	0.001	0.001
0.001	0.001	0.997	0.001
0.001	0.001	0.850	0.148
0.112	0.001	0.886	0.001
0.081	0.001	0.917	0.001
>TTTCGGTT	8-TTTCGGTT	5.045911	-52.826689	0	T:1565.0(46.30%),B:17282.2(37.88%),P:1e-22	Tpos:310.7,Tstd:264.8,Bpos:236.5,Bstd:145.9,StrandBias:-0.2,Multiplicity:1.45
0.069	0.110	0.031	0.790
0.090	0.067	0.027	0.816
0.069	0.164	0.083	0.684
0.106	0.779	0.019	0.096
0.025	0.379	0.531	0.065
0.051	0.118	0.641	0.190
0.081	0.187	0.149	0.583
0.075	0.070	0.058	0.797
>ACTTCCCC	9-ACTTCCCC	5.462035	-47.151298	0	T:462.0(13.67%),B:3997.8(8.76%),P:1e-20	Tpos:290.3,Tstd:230.6,Bpos:235.6,Bstd:140.1,StrandBias:-0.0,Multiplicity:1.12
0.997	0.001	0.001	0.001
0.001	0.997	0.001	0.001
0.001	0.001	0.001	0.997
0.001	0.001	0.001	0.997
0.001	0.938	0.001	0.060
0.001	0.997	0.001	0.001
0.061	0.882	0.001	0.056
0.001	0.997	0.001	0.001
>GGGAGGAG	10-GGGAGGAG	8.672951	-42.132622	0	T:845.0(25.00%),B:8589.0(18.83%),P:1e-18	Tpos:345.3,Tstd:297.7,Bpos:235.2,Bstd:142.0,StrandBias:0.2,Multiplicity:1.44
0.001	0.001	0.997	0.001
0.001	0.001	0.997	0.001
0.001	0.001	0.997	0.001
0.649	0.216	0.001	0.134
0.001	0.001	0.997	0.001
0.001	0.001	0.958	0.040
0.705	0.131	0.163	0.001
0.001	0.001	0.997	0.001
>AAAGCGTG	11-AAAGCGTG	5.815643	-41.375757	0	T:734.0(21.72%),B:7278.8(15.95%),P:1e-17	Tpos:338.4,Tstd:290.6,Bpos:237.4,Bstd:150.9,StrandBias:0.3,Multiplicity:1.20
0.663	0.001	0.167	0.169
0.773	0.001	0.001	0.225
0.487	0.046	0.334	0.133
0.048	0.271	0.680	0.001
0.001	0.997	0.001	0.001
0.001	0.001	0.997	0.001
0.001	0.001	0.126	0.872
0.036	0.300	0.565	0.099
>ATTTGCAT	12-ATTTGCAT	7.197021	-39.284434	0	T:302.0(8.93%),B:2434.4(5.34%),P:1e-17	Tpos:270.9,Tstd:238.7,Bpos:242.9,Bstd:136.3,StrandBias:-0.2,Multiplicity:1.08
0.842	0.156	0.001	0.001
0.001	0.001	0.001	0.997
0.001	0.001	0.001	0.997
0.001	0.001	0.001	0.997
0.133	0.001	0.865	0.001
0.001	0.997	0.001	0.001
0.997	0.001	0.001	0.001
0.001	0.001	0.001	0.997
>AACCRCCN	13-AACCRCCN	5.546777	-37.812090	0	T:1100.0(32.54%),B:11900.6(26.08%),P:1e-16	Tpos:315.9,Tstd:265.4,Bpos:236.9,Bstd:147.3,StrandBias:-0.1,Multiplicity:1.32
0.948	0.035	0.001	0.016
0.822	0.067	0.110	0.001
0.048	0.890	0.037	0.025
0.104	0.844	0.044	0.008
0.292	0.106	0.397	0.204
0.160	0.566	0.215	0.059
0.092	0.532	0.221	0.155
0.238	0.276	0.302	0.183
>CCACTAGA	14-CCACTAGA	7.836101	-24.631501	0	T:141.0(4.17%),B:1038.6(2.28%),P:1e-10	Tpos:281.6,Tstd:225.1,Bpos:234.4,Bstd:141.5,StrandBias:-0.0,Multiplicity:1.05
0.001	0.997	0.001	0.001
0.001	0.997	0.001	0.001
0.946	0.001	0.052	0.001
0.001	0.997	0.001	0.001
0.001	0.001	0.001	0.997
0.997	0.001	0.001	0.001
0.001	0.001	0.997	0.001
0.756	0.001	0.242	0.001
>AGGTGTTA	15-AGGTGTTA	9.984613	-21.525732	0	T:76.0(2.25%),B:463.4(1.02%),P:1e-9	Tpos:278.0,Tstd:198.9,Bpos:235.6,Bstd:146.3,StrandBias:-0.0,Multiplicity:1.01
0.997	0.001	0.001	0.001
0.001	0.338	0.660	0.001
0.001	0.001	0.997	0.001
0.001	0.001	0.001	0.997
0.001	0.001	0.997	0.001
0.001	0.001	0.001	0.997
0.001	0.001	0.001	0.997
0.997	0.001	0.001	0.001
>TTCTTCCG	16-TTCTTCCG	8.862047	-17.671625	0	T:72.0(2.13%),B:471.8(1.03%),P:1e-7	Tpos:303.9,Tstd:206.5,Bpos:242.6,Bstd:154.3,StrandBias:0.2,Multiplicity:1.00
0.001	0.001	0.001	0.997
0.001	0.001	0.001	0.997
0.001	0.888	0.001	0.110
0.001	0.001	0.001	0.997
0.001	0.001	0.001	0.997
0.001	0.997	0.001	0.001
0.001	0.997	0.001	0.001
0.001	0.001	0.997	0.001
