Factor1: 1.6699883461705434
Factor2: 0.5988065738860406
