Factor1: 1.1400370794788877
Factor2: 0.8771644519291452
