Factor1: 1.0382173796059697
Factor2: 0.9631894241449949
