>NYWAACCACA	1-NYWAACCACA	6.351241	-767.279468	0	T:2026.0(69.98%),B:15727.0(34.31%),P:1e-333	Tpos:266.3,Tstd:178.2,Bpos:231.9,Bstd:149.6,StrandBias:-0.0,Multiplicity:1.73
0.294	0.204	0.282	0.220
0.199	0.367	0.196	0.239
0.412	0.170	0.069	0.349
0.644	0.105	0.131	0.120
0.732	0.122	0.145	0.001
0.001	0.997	0.001	0.001
0.001	0.995	0.001	0.003
0.723	0.076	0.077	0.124
0.038	0.865	0.022	0.075
0.666	0.094	0.104	0.136
>KGTGGTTDCN	2-KGTGGTTDCN	5.656150	-353.809283	0	T:1909.0(65.94%),B:19029.1(41.52%),P:1e-153	Tpos:265.3,Tstd:188.6,Bpos:234.6,Bstd:147.2,StrandBias:-0.0,Multiplicity:1.30
0.218	0.075	0.280	0.427
0.141	0.096	0.559	0.204
0.157	0.147	0.173	0.523
0.001	0.013	0.861	0.125
0.014	0.062	0.887	0.037
0.001	0.001	0.001	0.997
0.141	0.001	0.327	0.531
0.309	0.103	0.247	0.341
0.125	0.497	0.207	0.171
0.285	0.314	0.176	0.225
>ACAGGAAGTG	3-ACAGGAAGTG	7.967107	-331.057136	0	T:827.0(28.57%),B:5106.2(11.14%),P:1e-143	Tpos:263.2,Tstd:177.1,Bpos:231.8,Bstd:140.1,StrandBias:0.0,Multiplicity:1.19
0.681	0.041	0.238	0.040
0.124	0.614	0.243	0.019
0.832	0.059	0.071	0.038
0.019	0.028	0.937	0.016
0.043	0.027	0.886	0.044
0.960	0.003	0.007	0.030
0.873	0.022	0.021	0.084
0.176	0.039	0.779	0.006
0.061	0.162	0.055	0.722
0.112	0.091	0.720	0.077
>TTTCACACCT	4-TTTCACACCT	6.722430	-221.274188	0	T:1048.0(36.20%),B:8956.8(19.54%),P:1e-96	Tpos:272.9,Tstd:200.1,Bpos:232.2,Bstd:149.3,StrandBias:0.0,Multiplicity:1.28
0.153	0.198	0.139	0.510
0.100	0.110	0.138	0.652
0.001	0.122	0.001	0.876
0.154	0.728	0.110	0.008
0.749	0.008	0.087	0.156
0.001	0.997	0.001	0.001
0.930	0.018	0.051	0.001
0.014	0.984	0.001	0.001
0.073	0.795	0.023	0.109
0.023	0.172	0.015	0.790
>WVTGASTCAT	5-WVTGASTCAT	7.179812	-194.059329	0	T:609.0(21.04%),B:4149.7(9.05%),P:1e-84	Tpos:270.4,Tstd:209.0,Bpos:233.2,Bstd:145.9,StrandBias:0.1,Multiplicity:1.14
0.342	0.032	0.192	0.435
0.351	0.255	0.265	0.129
0.001	0.001	0.001	0.997
0.001	0.001	0.895	0.103
0.997	0.001	0.001	0.001
0.017	0.443	0.539	0.001
0.001	0.001	0.001	0.997
0.117	0.881	0.001	0.001
0.997	0.001	0.001	0.001
0.075	0.187	0.231	0.507
>GCCACACCCT	6-GCCACACCCT	7.631277	-185.012614	0	T:784.0(27.08%),B:6240.0(13.61%),P:1e-80	Tpos:261.9,Tstd:181.7,Bpos:233.9,Bstd:144.7,StrandBias:0.2,Multiplicity:1.20
0.249	0.116	0.552	0.083
0.141	0.857	0.001	0.001
0.053	0.792	0.055	0.100
0.574	0.337	0.001	0.088
0.063	0.842	0.001	0.094
0.699	0.001	0.135	0.165
0.001	0.771	0.001	0.227
0.078	0.920	0.001	0.001
0.001	0.788	0.102	0.109
0.261	0.149	0.063	0.527
>AAASTGAAAC	7-AAASTGAAAC	7.330782	-146.436040	0	T:531.0(18.34%),B:3851.5(8.40%),P:1e-63	Tpos:257.0,Tstd:171.2,Bpos:232.4,Bstd:144.6,StrandBias:0.0,Multiplicity:1.14
0.584	0.138	0.174	0.104
0.761	0.050	0.137	0.052
0.616	0.174	0.133	0.077
0.190	0.383	0.397	0.030
0.226	0.164	0.038	0.572
0.115	0.041	0.785	0.059
0.784	0.046	0.032	0.138
0.745	0.149	0.010	0.096
0.788	0.033	0.136	0.043
0.119	0.602	0.275	0.004
>GHGGTTAGCA	8-GHGGTTAGCA	7.092842	-93.265722	0	T:325.0(11.23%),B:2275.4(4.96%),P:1e-40	Tpos:274.0,Tstd:209.6,Bpos:229.9,Bstd:146.8,StrandBias:0.4,Multiplicity:1.04
0.244	0.117	0.452	0.187
0.220	0.325	0.134	0.321
0.008	0.317	0.480	0.195
0.001	0.166	0.832	0.001
0.001	0.211	0.085	0.703
0.293	0.036	0.043	0.628
0.867	0.101	0.001	0.031
0.273	0.139	0.587	0.001
0.001	0.997	0.001	0.001
0.579	0.129	0.001	0.291
>TGTGGCTGTG	9-TGTGGCTGTG	7.840132	-88.390213	0	T:533.0(18.41%),B:4731.1(10.32%),P:1e-38	Tpos:268.0,Tstd:217.0,Bpos:227.3,Bstd:146.7,StrandBias:0.0,Multiplicity:1.13
0.001	0.071	0.002	0.926
0.023	0.163	0.813	0.001
0.228	0.250	0.038	0.483
0.019	0.001	0.824	0.156
0.001	0.001	0.997	0.001
0.001	0.685	0.313	0.001
0.001	0.306	0.001	0.692
0.070	0.028	0.669	0.233
0.278	0.268	0.001	0.453
0.205	0.001	0.702	0.092
>TTTGATGTGG	10-TTTGATGTGG	9.425628	-86.307998	0	T:174.0(6.01%),B:876.8(1.91%),P:1e-37	Tpos:244.7,Tstd:175.3,Bpos:232.8,Bstd:143.7,StrandBias:-0.0,Multiplicity:1.03
0.001	0.001	0.001	0.997
0.065	0.034	0.163	0.738
0.001	0.001	0.001	0.997
0.001	0.329	0.669	0.001
0.669	0.001	0.001	0.329
0.101	0.035	0.001	0.863
0.001	0.001	0.997	0.001
0.065	0.001	0.001	0.933
0.001	0.001	0.997	0.001
0.021	0.001	0.977	0.001
>AGTGGTTTCC	11-AGTGGTTTCC	6.873332	-66.013383	0	T:580.0(20.03%),B:5782.9(12.62%),P:1e-28	Tpos:263.3,Tstd:199.5,Bpos:232.7,Bstd:140.9,StrandBias:0.1,Multiplicity:1.08
0.835	0.071	0.057	0.037
0.109	0.032	0.801	0.058
0.028	0.030	0.001	0.941
0.065	0.139	0.753	0.043
0.198	0.105	0.627	0.070
0.086	0.135	0.044	0.735
0.135	0.068	0.001	0.796
0.037	0.013	0.196	0.754
0.055	0.822	0.076	0.047
0.030	0.853	0.054	0.063
>GTTATCACGT	12-GTTATCACGT	6.898389	-60.820815	0	T:273.0(9.43%),B:2137.3(4.66%),P:1e-26	Tpos:263.3,Tstd:205.6,Bpos:234.4,Bstd:142.3,StrandBias:-0.1,Multiplicity:1.06
0.038	0.072	0.855	0.035
0.053	0.066	0.099	0.782
0.049	0.054	0.039	0.858
0.808	0.036	0.109	0.047
0.076	0.075	0.118	0.731
0.043	0.798	0.088	0.071
0.866	0.057	0.008	0.069
0.044	0.802	0.104	0.050
0.051	0.096	0.733	0.120
0.042	0.084	0.099	0.775
>TGTSGTDCWG	13-TGTSGTDCWG	8.136458	-55.985344	0	T:299.0(10.33%),B:2509.0(5.47%),P:1e-24	Tpos:252.6,Tstd:182.0,Bpos:233.7,Bstd:148.2,StrandBias:0.1,Multiplicity:1.09
0.087	0.001	0.001	0.911
0.001	0.001	0.918	0.080
0.001	0.207	0.073	0.719
0.066	0.525	0.408	0.001
0.252	0.001	0.746	0.001
0.001	0.001	0.001	0.997
0.273	0.142	0.354	0.230
0.001	0.838	0.160	0.001
0.507	0.001	0.001	0.491
0.231	0.001	0.734	0.034
>GAAGTGTGAC	14-GAAGTGTGAC	7.291096	-54.901399	0	T:365.0(12.61%),B:3314.5(7.23%),P:1e-23	Tpos:260.6,Tstd:191.4,Bpos:232.6,Bstd:150.2,StrandBias:0.1,Multiplicity:1.04
0.047	0.058	0.839	0.056
0.839	0.049	0.052	0.060
0.711	0.122	0.079	0.088
0.100	0.116	0.724	0.060
0.052	0.099	0.029	0.820
0.068	0.066	0.823	0.043
0.082	0.026	0.034	0.858
0.044	0.145	0.706	0.105
0.882	0.055	0.026	0.037
0.040	0.809	0.099	0.052
>GGGAATCCCC	15-GGGAATCCCC	7.888810	-52.858298	0	T:184.0(6.36%),B:1282.8(2.80%),P:1e-22	Tpos:248.5,Tstd:183.7,Bpos:233.4,Bstd:133.2,StrandBias:0.1,Multiplicity:1.02
0.024	0.044	0.877	0.055
0.051	0.041	0.830	0.078
0.083	0.064	0.787	0.066
0.764	0.114	0.100	0.022
0.666	0.070	0.097	0.167
0.211	0.077	0.078	0.634
0.031	0.866	0.071	0.032
0.065	0.842	0.030	0.063
0.039	0.847	0.074	0.040
0.021	0.895	0.054	0.030
>CTGCGGTAAG	16-CTGCGGTAAG	8.217516	-49.488298	0	T:124.0(4.28%),B:723.5(1.58%),P:1e-21	Tpos:274.0,Tstd:197.9,Bpos:232.6,Bstd:142.0,StrandBias:-0.2,Multiplicity:1.06
0.308	0.516	0.039	0.137
0.001	0.001	0.001	0.997
0.001	0.001	0.775	0.223
0.135	0.863	0.001	0.001
0.001	0.040	0.958	0.001
0.375	0.001	0.623	0.001
0.001	0.269	0.001	0.729
0.512	0.268	0.071	0.149
0.779	0.001	0.022	0.198
0.163	0.001	0.783	0.053
>CTGYGGTCGC	17-CTGYGGTCGC	8.791757	-41.836134	0	T:96.0(3.32%),B:532.9(1.16%),P:1e-18	Tpos:203.5,Tstd:133.4,Bpos:222.9,Bstd:144.6,StrandBias:-0.1,Multiplicity:1.09
0.064	0.670	0.074	0.192
0.194	0.010	0.001	0.795
0.001	0.001	0.997	0.001
0.001	0.504	0.001	0.494
0.001	0.001	0.997	0.001
0.055	0.001	0.827	0.117
0.001	0.031	0.050	0.918
0.175	0.654	0.097	0.074
0.001	0.001	0.926	0.072
0.296	0.667	0.001	0.036
>GGGACTTTCC	18-GGGACTTTCC	9.479581	-35.257015	0	T:93.0(3.21%),B:563.5(1.23%),P:1e-15	Tpos:270.5,Tstd:195.7,Bpos:223.6,Bstd:132.2,StrandBias:0.0,Multiplicity:1.01
0.026	0.001	0.972	0.001
0.001	0.001	0.997	0.001
0.001	0.023	0.809	0.167
0.919	0.043	0.037	0.001
0.003	0.936	0.008	0.053
0.001	0.001	0.001	0.997
0.016	0.108	0.103	0.773
0.001	0.030	0.099	0.870
0.012	0.986	0.001	0.001
0.028	0.918	0.001	0.053
>GATAAGGATC	19-GATAAGGATC	9.888939	-32.774651	0	T:45.0(1.55%),B:171.3(0.37%),P:1e-14	Tpos:292.7,Tstd:199.0,Bpos:233.8,Bstd:136.3,StrandBias:-0.3,Multiplicity:1.00
0.001	0.103	0.895	0.001
0.979	0.001	0.001	0.019
0.001	0.001	0.001	0.997
0.982	0.001	0.016	0.001
0.997	0.001	0.001	0.001
0.142	0.110	0.711	0.037
0.077	0.053	0.869	0.001
0.932	0.015	0.031	0.022
0.001	0.001	0.052	0.946
0.001	0.734	0.175	0.090
>GCGGTTRAYA	20-GCGGTTRAYA	8.842951	-30.730427	0	T:49.0(1.69%),B:212.8(0.46%),P:1e-13	Tpos:267.9,Tstd:175.4,Bpos:243.3,Bstd:139.6,StrandBias:-0.5,Multiplicity:1.04
0.001	0.001	0.997	0.001
0.005	0.906	0.087	0.002
0.001	0.001	0.997	0.001
0.001	0.001	0.912	0.086
0.001	0.353	0.001	0.645
0.421	0.001	0.001	0.577
0.472	0.001	0.526	0.001
0.835	0.001	0.163	0.001
0.159	0.445	0.001	0.395
0.711	0.001	0.001	0.287
>TTTGTGGCGA	21-TTTGTGGCGA	8.212165	-26.510690	0	T:61.0(2.11%),B:344.9(0.75%),P:1e-11	Tpos:269.4,Tstd:188.3,Bpos:236.9,Bstd:142.8,StrandBias:0.0,Multiplicity:1.00
0.030	0.294	0.066	0.610
0.051	0.130	0.053	0.766
0.062	0.011	0.259	0.668
0.056	0.028	0.883	0.033
0.180	0.037	0.014	0.769
0.243	0.076	0.647	0.034
0.337	0.046	0.616	0.001
0.225	0.536	0.173	0.066
0.156	0.220	0.583	0.041
0.505	0.298	0.180	0.017
>GGGGGGRGRV	22-GGGGGGRGRV	6.716770	-18.596964	0	T:550.0(19.00%),B:6924.2(15.11%),P:1e-8	Tpos:280.5,Tstd:204.8,Bpos:233.2,Bstd:132.8,StrandBias:0.2,Multiplicity:1.17
0.261	0.048	0.639	0.052
0.225	0.015	0.549	0.211
0.295	0.151	0.523	0.031
0.351	0.017	0.579	0.053
0.253	0.036	0.666	0.045
0.084	0.066	0.733	0.117
0.399	0.029	0.539	0.033
0.372	0.033	0.543	0.052
0.396	0.066	0.505	0.033
0.266	0.313	0.373	0.048
>CGCCTTAGAG	23-CGCCTTAGAG	10.296193	-15.240243	0	T:5.0(0.17%),B:2.7(0.01%),P:1e-6	Tpos:213.0,Tstd:149.8,Bpos:180.2,Bstd:94.3,StrandBias:2.0,Multiplicity:1.00
0.100	0.700	0.100	0.100
0.100	0.100	0.700	0.100
0.100	0.700	0.100	0.100
0.100	0.700	0.100	0.100
0.100	0.100	0.100	0.700
0.100	0.100	0.100	0.700
0.700	0.100	0.100	0.100
0.100	0.100	0.700	0.100
0.700	0.100	0.100	0.100
0.100	0.100	0.700	0.100
>TCTCACCCAA	24-TCTCACCCAA	10.867114	-11.904767	0	T:40.0(1.38%),B:289.1(0.63%),P:1e-5	Tpos:213.9,Tstd:148.0,Bpos:229.7,Bstd:143.4,StrandBias:-0.4,Multiplicity:1.08
0.001	0.001	0.001	0.997
0.001	0.997	0.001	0.001
0.001	0.001	0.001	0.997
0.001	0.997	0.001	0.001
0.770	0.001	0.228	0.001
0.001	0.997	0.001	0.001
0.421	0.577	0.001	0.001
0.001	0.966	0.032	0.001
0.799	0.001	0.199	0.001
0.850	0.001	0.148	0.001
>ACATCTCCGC	25-ACATCTCCGC	8.350283	-6.092999	0	T:56.0(1.93%),B:589.3(1.29%),P:1e-2	Tpos:296.0,Tstd:241.6,Bpos:231.1,Bstd:145.3,StrandBias:1.2,Multiplicity:1.21
0.700	0.100	0.100	0.100
0.100	0.700	0.100	0.100
0.700	0.100	0.100	0.100
0.100	0.100	0.100	0.700
0.100	0.700	0.100	0.100
0.100	0.100	0.100	0.700
0.100	0.700	0.100	0.100
0.100	0.700	0.100	0.100
0.100	0.100	0.700	0.100
0.100	0.700	0.100	0.100
>NKBNTGTGGTTW	1-NKBNTGTGGTTW	7.167060	-777.790071	0	T:1775.0(61.31%),B:12113.9(26.43%),P:1e-337	Tpos:262.6,Tstd:179.2,Bpos:232.3,Bstd:148.6,StrandBias:-0.0,Multiplicity:1.55
0.272	0.147	0.285	0.295
0.164	0.197	0.367	0.272
0.139	0.248	0.323	0.290
0.243	0.332	0.190	0.236
0.122	0.001	0.018	0.859
0.001	0.001	0.997	0.001
0.010	0.001	0.001	0.988
0.001	0.001	0.997	0.001
0.001	0.001	0.997	0.001
0.001	0.186	0.120	0.693
0.100	0.213	0.184	0.503
0.346	0.073	0.183	0.397
>BCTCTGTGGTTD	2-BCTCTGTGGTTD	6.615560	-402.780113	0	T:1663.0(57.44%),B:14620.9(31.90%),P:1e-174	Tpos:267.2,Tstd:180.8,Bpos:233.7,Bstd:147.1,StrandBias:-0.0,Multiplicity:1.26
0.153	0.279	0.265	0.303
0.168	0.429	0.223	0.180
0.306	0.001	0.001	0.692
0.058	0.453	0.230	0.260
0.112	0.012	0.057	0.819
0.036	0.001	0.931	0.032
0.203	0.178	0.034	0.585
0.001	0.080	0.918	0.001
0.001	0.001	0.997	0.001
0.051	0.102	0.204	0.643
0.188	0.187	0.168	0.457
0.246	0.099	0.335	0.320
>NYCACTTCCTGT	3-NYCACTTCCTGT	8.414735	-332.381911	0	T:737.0(25.46%),B:4182.5(9.13%),P:1e-144	Tpos:266.1,Tstd:179.2,Bpos:232.2,Bstd:140.1,StrandBias:-0.0,Multiplicity:1.15
0.322	0.213	0.226	0.239
0.213	0.405	0.124	0.259
0.082	0.663	0.078	0.177
0.779	0.071	0.086	0.064
0.001	0.609	0.059	0.331
0.116	0.001	0.001	0.882
0.001	0.001	0.001	0.997
0.001	0.909	0.001	0.089
0.044	0.941	0.001	0.014
0.023	0.013	0.001	0.963
0.010	0.262	0.548	0.180
0.084	0.212	0.025	0.679
>GAGGTGTGAAAM	4-GAGGTGTGAAAM	6.827963	-206.828232	0	T:754.0(26.04%),B:5606.6(12.23%),P:1e-89	Tpos:275.2,Tstd:197.1,Bpos:232.1,Bstd:148.2,StrandBias:0.1,Multiplicity:1.19
0.294	0.072	0.491	0.143
0.931	0.001	0.067	0.001
0.109	0.001	0.807	0.083
0.021	0.007	0.971	0.001
0.001	0.001	0.001	0.997
0.001	0.001	0.997	0.001
0.254	0.001	0.001	0.744
0.001	0.022	0.867	0.110
0.989	0.001	0.009	0.001
0.771	0.035	0.108	0.086
0.562	0.166	0.145	0.127
0.292	0.414	0.120	0.174
>VTGASTCABHNN	5-VTGASTCABHNN	7.247970	-187.971889	0	T:636.0(21.97%),B:4510.9(9.84%),P:1e-81	Tpos:272.1,Tstd:209.7,Bpos:231.8,Bstd:145.4,StrandBias:-0.0,Multiplicity:1.15
0.342	0.247	0.312	0.099
0.001	0.001	0.001	0.997
0.001	0.001	0.904	0.094
0.997	0.001	0.001	0.001
0.010	0.520	0.469	0.001
0.001	0.001	0.001	0.997
0.155	0.842	0.002	0.001
0.997	0.001	0.001	0.001
0.152	0.268	0.252	0.328
0.370	0.256	0.029	0.346
0.223	0.280	0.182	0.316
0.213	0.340	0.209	0.237
>TGAAAGTGAAAC	6-TGAAAGTGAAAC	9.108841	-139.041213	0	T:281.0(9.71%),B:1424.1(3.11%),P:1e-60	Tpos:253.8,Tstd:173.5,Bpos:231.1,Bstd:145.7,StrandBias:0.1,Multiplicity:1.08
0.251	0.063	0.083	0.603
0.179	0.141	0.544	0.136
0.705	0.073	0.134	0.088
0.942	0.027	0.005	0.026
0.953	0.001	0.004	0.042
0.052	0.321	0.612	0.015
0.215	0.001	0.083	0.701
0.052	0.083	0.855	0.010
0.734	0.109	0.030	0.127
0.779	0.118	0.047	0.056
0.974	0.013	0.004	0.009
0.148	0.609	0.235	0.008
>CAGGAAACCACG	7-CAGGAAACCACG	8.907256	-103.337085	0	T:245.0(8.46%),B:1378.2(3.01%),P:1e-44	Tpos:274.8,Tstd:189.9,Bpos:241.0,Bstd:145.2,StrandBias:-0.0,Multiplicity:1.04
0.052	0.877	0.051	0.020
0.889	0.040	0.020	0.051
0.047	0.040	0.837	0.076
0.112	0.035	0.852	0.001
0.903	0.020	0.057	0.020
0.865	0.064	0.058	0.013
0.835	0.060	0.085	0.020
0.047	0.873	0.060	0.020
0.041	0.932	0.001	0.026
0.834	0.030	0.020	0.116
0.114	0.722	0.061	0.103
0.175	0.131	0.590	0.104
>AAACCGAAAGTA	8-AAACCGAAAGTA	7.352529	-92.485966	0	T:663.0(22.90%),B:6275.1(13.69%),P:1e-40	Tpos:274.7,Tstd:191.9,Bpos:236.8,Bstd:144.6,StrandBias:-0.1,Multiplicity:1.18
0.851	0.055	0.077	0.017
0.851	0.030	0.070	0.049
0.897	0.065	0.014	0.024
0.110	0.676	0.152	0.062
0.190	0.538	0.070	0.202
0.207	0.222	0.458	0.113
0.754	0.090	0.068	0.088
0.886	0.038	0.040	0.036
0.880	0.001	0.056	0.063
0.074	0.103	0.753	0.070
0.141	0.118	0.086	0.655
0.725	0.126	0.086	0.063
>GGGGGTTTCCCC	9-GGGGGTTTCCCC	7.556210	-87.652950	0	T:323.0(11.16%),B:2322.6(5.07%),P:1e-38	Tpos:275.2,Tstd:197.6,Bpos:235.1,Bstd:138.6,StrandBias:-0.2,Multiplicity:1.06
0.093	0.069	0.691	0.147
0.099	0.050	0.746	0.105
0.078	0.032	0.755	0.135
0.091	0.046	0.744	0.119
0.078	0.131	0.679	0.112
0.108	0.100	0.074	0.718
0.036	0.087	0.107	0.770
0.041	0.075	0.067	0.817
0.053	0.791	0.054	0.102
0.082	0.829	0.015	0.074
0.088	0.742	0.031	0.139
0.113	0.718	0.052	0.117
>GCCACATCAAAG	10-GCCACATCAAAG	10.007484	-79.750581	0	T:129.0(4.46%),B:550.0(1.20%),P:1e-34	Tpos:236.4,Tstd:170.9,Bpos:234.5,Bstd:145.2,StrandBias:-0.3,Multiplicity:1.00
0.152	0.231	0.422	0.195
0.039	0.935	0.001	0.025
0.001	0.845	0.001	0.153
0.815	0.001	0.001	0.183
0.001	0.997	0.001	0.001
0.797	0.001	0.001	0.201
0.251	0.001	0.019	0.729
0.001	0.573	0.258	0.168
0.982	0.001	0.001	0.016
0.645	0.210	0.111	0.034
0.997	0.001	0.001	0.001
0.171	0.069	0.594	0.166
>TAGTGTCACTTC	11-TAGTGTCACTTC	7.193545	-77.186089	0	T:487.0(16.82%),B:4375.9(9.55%),P:1e-33	Tpos:260.5,Tstd:194.1,Bpos:234.5,Bstd:142.7,StrandBias:0.1,Multiplicity:1.07
0.105	0.126	0.126	0.643
0.728	0.046	0.133	0.093
0.076	0.098	0.755	0.071
0.112	0.040	0.054	0.794
0.076	0.076	0.725	0.123
0.078	0.054	0.079	0.789
0.060	0.772	0.104	0.064
0.768	0.083	0.041	0.108
0.065	0.732	0.065	0.138
0.076	0.114	0.041	0.769
0.070	0.072	0.074	0.784
0.073	0.740	0.076	0.111
>ACACCMCACCCT	12-ACACCMCACCCT	9.240795	-61.873095	0	T:205.0(7.08%),B:1393.8(3.04%),P:1e-26	Tpos:267.8,Tstd:199.4,Bpos:237.1,Bstd:140.5,StrandBias:0.2,Multiplicity:1.05
0.681	0.061	0.055	0.203
0.039	0.677	0.268	0.016
0.728	0.152	0.093	0.027
0.129	0.632	0.038	0.201
0.042	0.956	0.001	0.001
0.465	0.318	0.001	0.216
0.092	0.826	0.028	0.054
0.638	0.089	0.043	0.230
0.025	0.904	0.001	0.070
0.046	0.932	0.001	0.021
0.074	0.740	0.001	0.185
0.083	0.001	0.001	0.915
>NAACCACAAGTN	13-NAACCACAAGTN	7.713867	-60.634827	0	T:392.0(13.54%),B:3531.2(7.70%),P:1e-26	Tpos:249.0,Tstd:165.4,Bpos:236.5,Bstd:148.0,StrandBias:-0.1,Multiplicity:1.05
0.252	0.302	0.235	0.211
0.699	0.139	0.007	0.155
0.605	0.196	0.142	0.057
0.157	0.668	0.069	0.106
0.001	0.933	0.001	0.065
0.698	0.111	0.001	0.190
0.001	0.836	0.087	0.076
0.662	0.210	0.049	0.079
0.781	0.001	0.038	0.180
0.001	0.001	0.917	0.081
0.001	0.001	0.126	0.872
0.156	0.287	0.305	0.253
>CACCMGAGGAAG	14-CACCMGAGGAAG	10.499543	-59.898037	0	T:185.0(6.39%),B:1212.4(2.65%),P:1e-26	Tpos:263.5,Tstd:169.1,Bpos:235.1,Bstd:134.0,StrandBias:0.0,Multiplicity:1.05
0.001	0.659	0.339	0.001
0.587	0.339	0.073	0.001
0.288	0.575	0.136	0.001
0.421	0.577	0.001	0.001
0.521	0.451	0.001	0.027
0.001	0.406	0.592	0.001
0.997	0.001	0.001	0.001
0.001	0.001	0.997	0.001
0.001	0.001	0.997	0.001
0.625	0.373	0.001	0.001
0.997	0.001	0.001	0.001
0.001	0.001	0.997	0.001
>GGGTGACACCTT	15-GGGTGACACCTT	9.664981	-53.026618	0	T:129.0(4.46%),B:738.1(1.61%),P:1e-23	Tpos:246.8,Tstd:187.4,Bpos:232.3,Bstd:145.7,StrandBias:-0.1,Multiplicity:1.02
0.225	0.001	0.694	0.080
0.023	0.001	0.829	0.147
0.151	0.165	0.683	0.001
0.047	0.001	0.001	0.951
0.001	0.001	0.991	0.007
0.750	0.001	0.001	0.248
0.001	0.912	0.086	0.001
0.858	0.001	0.001	0.140
0.072	0.666	0.131	0.131
0.072	0.683	0.001	0.244
0.106	0.001	0.001	0.892
0.057	0.167	0.129	0.647
>AAACCACMTGTG	16-AAACCACMTGTG	12.538337	-40.578789	0	T:31.0(1.07%),B:60.1(0.13%),P:1e-17	Tpos:219.5,Tstd:133.3,Bpos:198.7,Bstd:133.9,StrandBias:0.4,Multiplicity:1.00
0.997	0.001	0.001	0.001
0.636	0.362	0.001	0.001
0.997	0.001	0.001	0.001
0.248	0.750	0.001	0.001
0.001	0.997	0.001	0.001
0.997	0.001	0.001	0.001
0.082	0.765	0.152	0.001
0.388	0.306	0.153	0.153
0.001	0.001	0.001	0.997
0.001	0.152	0.846	0.001
0.001	0.001	0.001	0.997
0.001	0.001	0.997	0.001
>CCTGTGGYCTGT	17-CCTGTGGYCTGT	9.750616	-33.344535	0	T:128.0(4.42%),B:940.0(2.05%),P:1e-14	Tpos:278.3,Tstd:179.5,Bpos:232.1,Bstd:144.0,StrandBias:0.3,Multiplicity:1.02
0.001	0.997	0.001	0.001
0.001	0.997	0.001	0.001
0.068	0.001	0.001	0.930
0.001	0.001	0.997	0.001
0.114	0.125	0.005	0.756
0.001	0.001	0.631	0.367
0.040	0.113	0.731	0.116
0.001	0.443	0.001	0.555
0.001	0.654	0.001	0.344
0.110	0.001	0.001	0.888
0.001	0.001	0.957	0.041
0.069	0.001	0.001	0.929
>TGACMACAGCTG	18-TGACMACAGCTG	9.568532	-25.882394	0	T:152.0(5.25%),B:1325.9(2.89%),P:1e-11	Tpos:258.5,Tstd:201.4,Bpos:235.4,Bstd:137.5,StrandBias:-0.1,Multiplicity:1.01
0.147	0.001	0.001	0.851
0.069	0.001	0.721	0.209
0.673	0.001	0.092	0.234
0.001	0.809	0.001	0.189
0.321	0.426	0.101	0.152
0.623	0.007	0.001	0.369
0.001	0.841	0.157	0.001
0.784	0.001	0.001	0.214
0.001	0.133	0.815	0.051
0.001	0.997	0.001	0.001
0.130	0.001	0.001	0.868
0.001	0.001	0.789	0.209
>TTCTTTGTGATT	19-TTCTTTGTGATT	12.355432	-19.105605	0	T:6.0(0.21%),B:3.0(0.01%),P:1e-8	Tpos:306.7,Tstd:189.6,Bpos:377.8,Bstd:57.8,StrandBias:10.0,Multiplicity:1.00
0.100	0.100	0.100	0.700
0.100	0.100	0.100	0.700
0.100	0.700	0.100	0.100
0.100	0.100	0.100	0.700
0.100	0.100	0.100	0.700
0.100	0.100	0.100	0.700
0.100	0.100	0.700	0.100
0.100	0.100	0.100	0.700
0.100	0.100	0.700	0.100
0.700	0.100	0.100	0.100
0.100	0.100	0.100	0.700
0.100	0.100	0.100	0.700
>ACATCTCCGCCC	20-ACATCTCCGCCC	-0.182949	-18.463640	0	T:159.0(5.49%),B:1568.8(3.42%),P:1e-8	Tpos:267.4,Tstd:205.8,Bpos:231.1,Bstd:138.9,StrandBias:0.2,Multiplicity:1.10
0.947	0.001	0.051	0.001
0.001	0.997	0.001	0.001
0.947	0.001	0.001	0.051
0.001	0.001	0.001	0.997
0.001	0.997	0.001	0.001
0.001	0.001	0.001	0.997
0.001	0.997	0.001	0.001
0.001	0.997	0.001	0.001
0.001	0.001	0.997	0.001
0.001	0.997	0.001	0.001
0.001	0.997	0.001	0.001
0.001	0.997	0.001	0.001
>TGCAGTACATTG	21-TGCAGTACATTG	14.367555	-14.278613	0	T:4.0(0.14%),B:0.5(0.00%),P:1e-6	Tpos:140.2,Tstd:99.5,Bpos:237.0,Bstd:0.0,StrandBias:2.8,Multiplicity:2.00
0.001	0.001	0.001	0.997
0.001	0.001	0.997	0.001
0.001	0.997	0.001	0.001
0.891	0.001	0.001	0.107
0.001	0.001	0.997	0.001
0.001	0.001	0.001	0.997
0.997	0.001	0.001	0.001
0.001	0.997	0.001	0.001
0.997	0.001	0.001	0.001
0.001	0.001	0.001	0.997
0.001	0.001	0.001	0.997
0.001	0.001	0.997	0.001
>TGACTCCGCCTG	22-TGACTCCGCCTG	0.876824	-11.005128	0	T:203.0(7.01%),B:2384.9(5.20%),P:1e-4	Tpos:315.7,Tstd:231.2,Bpos:230.3,Bstd:142.4,StrandBias:0.1,Multiplicity:1.10
0.001	0.001	0.001	0.997
0.001	0.219	0.779	0.001
0.779	0.001	0.001	0.219
0.001	0.997	0.001	0.001
0.001	0.001	0.001	0.997
0.001	0.997	0.001	0.001
0.001	0.997	0.001	0.001
0.001	0.001	0.997	0.001
0.001	0.997	0.001	0.001
0.001	0.997	0.001	0.001
0.110	0.219	0.001	0.670
0.001	0.001	0.779	0.219
>AGCAACACTATC	23-AGCAACACTATC	14.239978	-8.093761	0	T:3.0(0.10%),B:2.8(0.01%),P:1e-3	Tpos:187.8,Tstd:92.5,Bpos:279.4,Bstd:127.3,StrandBias:10.0,Multiplicity:3.00
0.997	0.001	0.001	0.001
0.001	0.001	0.997	0.001
0.001	0.997	0.001	0.001
0.997	0.001	0.001	0.001
0.997	0.001	0.001	0.001
0.001	0.876	0.001	0.122
0.997	0.001	0.001	0.001
0.001	0.876	0.122	0.001
0.001	0.001	0.001	0.997
0.997	0.001	0.001	0.001
0.001	0.001	0.001	0.997
0.122	0.876	0.001	0.001
>TTGGGCCTGACT	24-TTGGGCCTGACT	14.367555	-6.924314	0	T:3.0(0.10%),B:3.9(0.01%),P:1e-3	Tpos:336.6,Tstd:78.9,Bpos:302.5,Bstd:81.9,StrandBias:3.0,Multiplicity:3.00
0.001	0.001	0.001	0.997
0.001	0.001	0.001	0.997
0.001	0.001	0.997	0.001
0.001	0.001	0.997	0.001
0.001	0.107	0.891	0.001
0.001	0.997	0.001	0.001
0.001	0.997	0.001	0.001
0.001	0.001	0.001	0.997
0.001	0.001	0.997	0.001
0.997	0.001	0.001	0.001
0.001	0.997	0.001	0.001
0.001	0.001	0.001	0.997
>TCTCCTCCCTGC	25-TCTCCTCCCTGC	16.599477	-6.310664	0	T:4.0(0.14%),B:8.3(0.02%),P:1e-2	Tpos:103.0,Tstd:61.0,Bpos:108.2,Bstd:99.7,StrandBias:2.0,Multiplicity:1.67
0.001	0.001	0.001	0.997
0.001	0.997	0.001	0.001
0.001	0.001	0.001	0.997
0.001	0.997	0.001	0.001
0.001	0.997	0.001	0.001
0.001	0.001	0.001	0.997
0.001	0.997	0.001	0.001
0.001	0.997	0.001	0.001
0.001	0.997	0.001	0.001
0.001	0.001	0.001	0.997
0.001	0.001	0.997	0.001
0.001	0.997	0.001	0.001
>TAACCACA	1-TAACCACA	7.460906	-710.695278	0	T:1369.0(47.29%),B:7799.6(17.02%),P:1e-308	Tpos:262.3,Tstd:174.1,Bpos:233.0,Bstd:150.2,StrandBias:-0.0,Multiplicity:1.36
0.300	0.102	0.074	0.524
0.746	0.076	0.099	0.079
0.974	0.001	0.024	0.001
0.001	0.997	0.001	0.001
0.001	0.997	0.001	0.001
0.962	0.001	0.003	0.034
0.001	0.997	0.001	0.001
0.962	0.001	0.011	0.026
>TGWGGTTW	2-TGWGGTTW	6.482596	-481.491678	0	T:1840.0(63.56%),B:16163.7(35.27%),P:1e-209	Tpos:267.5,Tstd:182.5,Bpos:234.0,Bstd:149.6,StrandBias:0.1,Multiplicity:1.43
0.175	0.070	0.172	0.583
0.001	0.001	0.997	0.001
0.414	0.080	0.001	0.505
0.001	0.001	0.997	0.001
0.001	0.001	0.997	0.001
0.001	0.081	0.277	0.641
0.001	0.001	0.186	0.812
0.451	0.001	0.001	0.547
>TGTGGYYG	3-TGTGGYYG	6.513235	-418.267629	0	T:1778.0(61.42%),B:16079.8(35.08%),P:1e-181	Tpos:255.4,Tstd:183.6,Bpos:231.9,Bstd:148.4,StrandBias:-0.1,Multiplicity:1.32
0.001	0.056	0.134	0.809
0.036	0.001	0.962	0.001
0.083	0.123	0.001	0.793
0.008	0.001	0.990	0.001
0.036	0.001	0.962	0.001
0.001	0.455	0.099	0.445
0.083	0.301	0.198	0.418
0.092	0.001	0.617	0.290
>CACTTCCT	4-CACTTCCT	5.887001	-279.627525	0	T:1004.0(34.68%),B:7629.1(16.65%),P:1e-121	Tpos:268.2,Tstd:176.7,Bpos:233.4,Bstd:140.5,StrandBias:-0.2,Multiplicity:1.22
0.001	0.925	0.073	0.001
0.961	0.001	0.037	0.001
0.001	0.794	0.001	0.204
0.201	0.001	0.001	0.797
0.001	0.001	0.001	0.997
0.001	0.997	0.001	0.001
0.001	0.997	0.001	0.001
0.001	0.001	0.001	0.997
>TTACCGCA	5-TTACCGCA	6.012852	-271.997092	0	T:1017.0(35.13%),B:7879.2(17.19%),P:1e-118	Tpos:260.6,Tstd:190.0,Bpos:235.9,Bstd:148.1,StrandBias:0.0,Multiplicity:1.15
0.174	0.080	0.122	0.624
0.149	0.054	0.164	0.633
0.762	0.031	0.124	0.083
0.032	0.871	0.024	0.073
0.012	0.960	0.027	0.001
0.293	0.037	0.525	0.145
0.036	0.916	0.030	0.018
0.720	0.075	0.070	0.135
>CAGGAAGC	6-CAGGAAGC	6.333895	-224.929451	0	T:1070.0(36.96%),B:9181.2(20.03%),P:1e-97	Tpos:274.7,Tstd:188.8,Bpos:231.0,Bstd:140.1,StrandBias:0.1,Multiplicity:1.17
0.001	0.842	0.156	0.001
0.997	0.001	0.001	0.001
0.001	0.001	0.997	0.001
0.001	0.001	0.997	0.001
0.997	0.001	0.001	0.001
0.961	0.037	0.001	0.001
0.254	0.001	0.744	0.001
0.001	0.920	0.001	0.078
>TCACACCT	7-TCACACCT	7.196240	-203.930785	0	T:734.0(25.35%),B:5414.1(11.81%),P:1e-88	Tpos:275.4,Tstd:196.6,Bpos:230.8,Bstd:149.7,StrandBias:0.2,Multiplicity:1.19
0.001	0.039	0.001	0.959
0.132	0.770	0.097	0.001
0.810	0.001	0.037	0.152
0.001	0.997	0.001	0.001
0.986	0.001	0.012	0.001
0.001	0.972	0.026	0.001
0.018	0.923	0.014	0.045
0.029	0.125	0.001	0.845
>AAACCGAA	8-AAACCGAA	5.620316	-190.222882	0	T:1361.0(47.01%),B:13703.0(29.90%),P:1e-82	Tpos:262.8,Tstd:185.6,Bpos:236.4,Bstd:147.6,StrandBias:0.1,Multiplicity:1.31
0.805	0.037	0.063	0.095
0.883	0.028	0.052	0.037
0.798	0.093	0.091	0.018
0.082	0.843	0.030	0.045
0.060	0.809	0.094	0.037
0.189	0.175	0.582	0.054
0.576	0.260	0.078	0.086
0.710	0.100	0.131	0.059
>TGAGTCAT	9-TGAGTCAT	7.410710	-189.190745	0	T:564.0(19.48%),B:3724.9(8.13%),P:1e-82	Tpos:278.4,Tstd:211.2,Bpos:231.7,Bstd:147.8,StrandBias:-0.0,Multiplicity:1.13
0.001	0.001	0.001	0.997
0.001	0.001	0.929	0.069
0.961	0.001	0.001	0.037
0.023	0.243	0.704	0.030
0.001	0.001	0.001	0.997
0.020	0.978	0.001	0.001
0.997	0.001	0.001	0.001
0.051	0.127	0.120	0.702
>ACACCCYC	10-ACACCCYC	6.078641	-103.524318	0	T:1318.0(45.53%),B:15056.1(32.85%),P:1e-44	Tpos:265.5,Tstd:188.9,Bpos:232.8,Bstd:150.3,StrandBias:-0.1,Multiplicity:1.27
0.908	0.043	0.048	0.001
0.208	0.790	0.001	0.001
0.899	0.001	0.077	0.023
0.001	0.931	0.001	0.067
0.146	0.737	0.074	0.043
0.117	0.665	0.031	0.187
0.159	0.353	0.075	0.413
0.091	0.680	0.001	0.228
>STTTCAST	11-STTTCAST	3.390804	-100.900673	0	T:562.0(19.41%),B:4864.3(10.61%),P:1e-43	Tpos:248.4,Tstd:171.0,Bpos:234.0,Bstd:146.7,StrandBias:-0.0,Multiplicity:1.13
0.001	0.426	0.572	0.001
0.001	0.001	0.001	0.997
0.001	0.001	0.001	0.997
0.001	0.001	0.001	0.997
0.001	0.997	0.001	0.001
0.804	0.001	0.194	0.001
0.001	0.531	0.467	0.001
0.001	0.001	0.001	0.997
>GAAATGAC	12-GAAATGAC	7.796329	-70.778226	0	T:415.0(14.34%),B:3622.0(7.90%),P:1e-30	Tpos:267.2,Tstd:199.7,Bpos:229.1,Bstd:142.3,StrandBias:0.1,Multiplicity:1.09
0.001	0.001	0.997	0.001
0.928	0.001	0.001	0.070
0.997	0.001	0.001	0.001
0.657	0.123	0.219	0.001
0.001	0.001	0.001	0.997
0.001	0.001	0.997	0.001
0.997	0.001	0.001	0.001
0.179	0.819	0.001	0.001
>CGYGGTTA	13-CGYGGTTA	7.265396	-60.575598	0	T:215.0(7.43%),B:1512.9(3.30%),P:1e-26	Tpos:300.5,Tstd:184.2,Bpos:233.4,Bstd:147.2,StrandBias:-0.2,Multiplicity:1.03
0.120	0.761	0.118	0.001
0.001	0.001	0.916	0.082
0.135	0.372	0.137	0.357
0.001	0.001	0.997	0.001
0.001	0.001	0.997	0.001
0.001	0.001	0.001	0.997
0.001	0.001	0.039	0.959
0.989	0.009	0.001	0.001
>GGGCGGGG	14-GGGCGGGG	6.244089	-50.123452	0	T:1021.0(35.27%),B:12390.2(27.03%),P:1e-21	Tpos:278.1,Tstd:213.2,Bpos:234.2,Bstd:137.6,StrandBias:0.1,Multiplicity:1.54
0.120	0.020	0.810	0.050
0.060	0.038	0.872	0.030
0.056	0.022	0.911	0.011
0.246	0.417	0.124	0.212
0.061	0.045	0.844	0.050
0.036	0.079	0.769	0.116
0.182	0.077	0.677	0.064
0.119	0.088	0.705	0.088
>CAGATAAG	15-CAGATAAG	6.848376	-39.311035	0	T:410.0(14.16%),B:4238.2(9.25%),P:1e-17	Tpos:283.3,Tstd:204.9,Bpos:232.1,Bstd:137.7,StrandBias:-0.1,Multiplicity:1.10
0.076	0.690	0.160	0.074
0.854	0.029	0.001	0.116
0.001	0.001	0.997	0.001
0.888	0.110	0.001	0.001
0.001	0.001	0.001	0.997
0.997	0.001	0.001	0.001
0.883	0.036	0.080	0.001
0.001	0.001	0.997	0.001
