>NYWAACCACA	1-NYWAACCACA	6.351241	-767.279468	0	T:2026.0(69.98%),B:15727.0(34.31%),P:1e-333	Tpos:266.3,Tstd:178.2,Bpos:231.9,Bstd:149.6,StrandBias:-0.0,Multiplicity:1.73
0.294	0.204	0.282	0.220
0.199	0.367	0.196	0.239
0.412	0.170	0.069	0.349
0.644	0.105	0.131	0.120
0.732	0.122	0.145	0.001
0.001	0.997	0.001	0.001
0.001	0.995	0.001	0.003
0.723	0.076	0.077	0.124
0.038	0.865	0.022	0.075
0.666	0.094	0.104	0.136
>KGTGGTTDCN	2-KGTGGTTDCN	5.656150	-353.809283	0	T:1909.0(65.94%),B:19029.1(41.52%),P:1e-153	Tpos:265.3,Tstd:188.6,Bpos:234.6,Bstd:147.2,StrandBias:-0.0,Multiplicity:1.30
0.218	0.075	0.280	0.427
0.141	0.096	0.559	0.204
0.157	0.147	0.173	0.523
0.001	0.013	0.861	0.125
0.014	0.062	0.887	0.037
0.001	0.001	0.001	0.997
0.141	0.001	0.327	0.531
0.309	0.103	0.247	0.341
0.125	0.497	0.207	0.171
0.285	0.314	0.176	0.225
>ACAGGAAGTG	3-ACAGGAAGTG	7.967107	-331.057136	0	T:827.0(28.57%),B:5106.2(11.14%),P:1e-143	Tpos:263.2,Tstd:177.1,Bpos:231.8,Bstd:140.1,StrandBias:0.0,Multiplicity:1.19
0.681	0.041	0.238	0.040
0.124	0.614	0.243	0.019
0.832	0.059	0.071	0.038
0.019	0.028	0.937	0.016
0.043	0.027	0.886	0.044
0.960	0.003	0.007	0.030
0.873	0.022	0.021	0.084
0.176	0.039	0.779	0.006
0.061	0.162	0.055	0.722
0.112	0.091	0.720	0.077
>TTTCACACCT	4-TTTCACACCT	6.722430	-221.274188	0	T:1048.0(36.20%),B:8956.8(19.54%),P:1e-96	Tpos:272.9,Tstd:200.1,Bpos:232.2,Bstd:149.3,StrandBias:0.0,Multiplicity:1.28
0.153	0.198	0.139	0.510
0.100	0.110	0.138	0.652
0.001	0.122	0.001	0.876
0.154	0.728	0.110	0.008
0.749	0.008	0.087	0.156
0.001	0.997	0.001	0.001
0.930	0.018	0.051	0.001
0.014	0.984	0.001	0.001
0.073	0.795	0.023	0.109
0.023	0.172	0.015	0.790
>WVTGASTCAT	5-WVTGASTCAT	7.179812	-194.059329	0	T:609.0(21.04%),B:4149.7(9.05%),P:1e-84	Tpos:270.4,Tstd:209.0,Bpos:233.2,Bstd:145.9,StrandBias:0.1,Multiplicity:1.14
0.342	0.032	0.192	0.435
0.351	0.255	0.265	0.129
0.001	0.001	0.001	0.997
0.001	0.001	0.895	0.103
0.997	0.001	0.001	0.001
0.017	0.443	0.539	0.001
0.001	0.001	0.001	0.997
0.117	0.881	0.001	0.001
0.997	0.001	0.001	0.001
0.075	0.187	0.231	0.507
>GCCACACCCT	6-GCCACACCCT	7.631277	-185.012614	0	T:784.0(27.08%),B:6240.0(13.61%),P:1e-80	Tpos:261.9,Tstd:181.7,Bpos:233.9,Bstd:144.7,StrandBias:0.2,Multiplicity:1.20
0.249	0.116	0.552	0.083
0.141	0.857	0.001	0.001
0.053	0.792	0.055	0.100
0.574	0.337	0.001	0.088
0.063	0.842	0.001	0.094
0.699	0.001	0.135	0.165
0.001	0.771	0.001	0.227
0.078	0.920	0.001	0.001
0.001	0.788	0.102	0.109
0.261	0.149	0.063	0.527
>AAASTGAAAC	7-AAASTGAAAC	7.330782	-146.436040	0	T:531.0(18.34%),B:3851.5(8.40%),P:1e-63	Tpos:257.0,Tstd:171.2,Bpos:232.4,Bstd:144.6,StrandBias:0.0,Multiplicity:1.14
0.584	0.138	0.174	0.104
0.761	0.050	0.137	0.052
0.616	0.174	0.133	0.077
0.190	0.383	0.397	0.030
0.226	0.164	0.038	0.572
0.115	0.041	0.785	0.059
0.784	0.046	0.032	0.138
0.745	0.149	0.010	0.096
0.788	0.033	0.136	0.043
0.119	0.602	0.275	0.004
>GHGGTTAGCA	8-GHGGTTAGCA	7.092842	-93.265722	0	T:325.0(11.23%),B:2275.4(4.96%),P:1e-40	Tpos:274.0,Tstd:209.6,Bpos:229.9,Bstd:146.8,StrandBias:0.4,Multiplicity:1.04
0.244	0.117	0.452	0.187
0.220	0.325	0.134	0.321
0.008	0.317	0.480	0.195
0.001	0.166	0.832	0.001
0.001	0.211	0.085	0.703
0.293	0.036	0.043	0.628
0.867	0.101	0.001	0.031
0.273	0.139	0.587	0.001
0.001	0.997	0.001	0.001
0.579	0.129	0.001	0.291
>TGTGGCTGTG	9-TGTGGCTGTG	7.840132	-88.390213	0	T:533.0(18.41%),B:4731.1(10.32%),P:1e-38	Tpos:268.0,Tstd:217.0,Bpos:227.3,Bstd:146.7,StrandBias:0.0,Multiplicity:1.13
0.001	0.071	0.002	0.926
0.023	0.163	0.813	0.001
0.228	0.250	0.038	0.483
0.019	0.001	0.824	0.156
0.001	0.001	0.997	0.001
0.001	0.685	0.313	0.001
0.001	0.306	0.001	0.692
0.070	0.028	0.669	0.233
0.278	0.268	0.001	0.453
0.205	0.001	0.702	0.092
>TTTGATGTGG	10-TTTGATGTGG	9.425628	-86.307998	0	T:174.0(6.01%),B:876.8(1.91%),P:1e-37	Tpos:244.7,Tstd:175.3,Bpos:232.8,Bstd:143.7,StrandBias:-0.0,Multiplicity:1.03
0.001	0.001	0.001	0.997
0.065	0.034	0.163	0.738
0.001	0.001	0.001	0.997
0.001	0.329	0.669	0.001
0.669	0.001	0.001	0.329
0.101	0.035	0.001	0.863
0.001	0.001	0.997	0.001
0.065	0.001	0.001	0.933
0.001	0.001	0.997	0.001
0.021	0.001	0.977	0.001
>AGTGGTTTCC	11-AGTGGTTTCC	6.873332	-66.013383	0	T:580.0(20.03%),B:5782.9(12.62%),P:1e-28	Tpos:263.3,Tstd:199.5,Bpos:232.7,Bstd:140.9,StrandBias:0.1,Multiplicity:1.08
0.835	0.071	0.057	0.037
0.109	0.032	0.801	0.058
0.028	0.030	0.001	0.941
0.065	0.139	0.753	0.043
0.198	0.105	0.627	0.070
0.086	0.135	0.044	0.735
0.135	0.068	0.001	0.796
0.037	0.013	0.196	0.754
0.055	0.822	0.076	0.047
0.030	0.853	0.054	0.063
>GTTATCACGT	12-GTTATCACGT	6.898389	-60.820815	0	T:273.0(9.43%),B:2137.3(4.66%),P:1e-26	Tpos:263.3,Tstd:205.6,Bpos:234.4,Bstd:142.3,StrandBias:-0.1,Multiplicity:1.06
0.038	0.072	0.855	0.035
0.053	0.066	0.099	0.782
0.049	0.054	0.039	0.858
0.808	0.036	0.109	0.047
0.076	0.075	0.118	0.731
0.043	0.798	0.088	0.071
0.866	0.057	0.008	0.069
0.044	0.802	0.104	0.050
0.051	0.096	0.733	0.120
0.042	0.084	0.099	0.775
>TGTSGTDCWG	13-TGTSGTDCWG	8.136458	-55.985344	0	T:299.0(10.33%),B:2509.0(5.47%),P:1e-24	Tpos:252.6,Tstd:182.0,Bpos:233.7,Bstd:148.2,StrandBias:0.1,Multiplicity:1.09
0.087	0.001	0.001	0.911
0.001	0.001	0.918	0.080
0.001	0.207	0.073	0.719
0.066	0.525	0.408	0.001
0.252	0.001	0.746	0.001
0.001	0.001	0.001	0.997
0.273	0.142	0.354	0.230
0.001	0.838	0.160	0.001
0.507	0.001	0.001	0.491
0.231	0.001	0.734	0.034
>GAAGTGTGAC	14-GAAGTGTGAC	7.291096	-54.901399	0	T:365.0(12.61%),B:3314.5(7.23%),P:1e-23	Tpos:260.6,Tstd:191.4,Bpos:232.6,Bstd:150.2,StrandBias:0.1,Multiplicity:1.04
0.047	0.058	0.839	0.056
0.839	0.049	0.052	0.060
0.711	0.122	0.079	0.088
0.100	0.116	0.724	0.060
0.052	0.099	0.029	0.820
0.068	0.066	0.823	0.043
0.082	0.026	0.034	0.858
0.044	0.145	0.706	0.105
0.882	0.055	0.026	0.037
0.040	0.809	0.099	0.052
>GGGAATCCCC	15-GGGAATCCCC	7.888810	-52.858298	0	T:184.0(6.36%),B:1282.8(2.80%),P:1e-22	Tpos:248.5,Tstd:183.7,Bpos:233.4,Bstd:133.2,StrandBias:0.1,Multiplicity:1.02
0.024	0.044	0.877	0.055
0.051	0.041	0.830	0.078
0.083	0.064	0.787	0.066
0.764	0.114	0.100	0.022
0.666	0.070	0.097	0.167
0.211	0.077	0.078	0.634
0.031	0.866	0.071	0.032
0.065	0.842	0.030	0.063
0.039	0.847	0.074	0.040
0.021	0.895	0.054	0.030
>CTGCGGTAAG	16-CTGCGGTAAG	8.217516	-49.488298	0	T:124.0(4.28%),B:723.5(1.58%),P:1e-21	Tpos:274.0,Tstd:197.9,Bpos:232.6,Bstd:142.0,StrandBias:-0.2,Multiplicity:1.06
0.308	0.516	0.039	0.137
0.001	0.001	0.001	0.997
0.001	0.001	0.775	0.223
0.135	0.863	0.001	0.001
0.001	0.040	0.958	0.001
0.375	0.001	0.623	0.001
0.001	0.269	0.001	0.729
0.512	0.268	0.071	0.149
0.779	0.001	0.022	0.198
0.163	0.001	0.783	0.053
>CTGYGGTCGC	17-CTGYGGTCGC	8.791757	-41.836134	0	T:96.0(3.32%),B:532.9(1.16%),P:1e-18	Tpos:203.5,Tstd:133.4,Bpos:222.9,Bstd:144.6,StrandBias:-0.1,Multiplicity:1.09
0.064	0.670	0.074	0.192
0.194	0.010	0.001	0.795
0.001	0.001	0.997	0.001
0.001	0.504	0.001	0.494
0.001	0.001	0.997	0.001
0.055	0.001	0.827	0.117
0.001	0.031	0.050	0.918
0.175	0.654	0.097	0.074
0.001	0.001	0.926	0.072
0.296	0.667	0.001	0.036
>GGGACTTTCC	18-GGGACTTTCC	9.479581	-35.257015	0	T:93.0(3.21%),B:563.5(1.23%),P:1e-15	Tpos:270.5,Tstd:195.7,Bpos:223.6,Bstd:132.2,StrandBias:0.0,Multiplicity:1.01
0.026	0.001	0.972	0.001
0.001	0.001	0.997	0.001
0.001	0.023	0.809	0.167
0.919	0.043	0.037	0.001
0.003	0.936	0.008	0.053
0.001	0.001	0.001	0.997
0.016	0.108	0.103	0.773
0.001	0.030	0.099	0.870
0.012	0.986	0.001	0.001
0.028	0.918	0.001	0.053
>GATAAGGATC	19-GATAAGGATC	9.888939	-32.774651	0	T:45.0(1.55%),B:171.3(0.37%),P:1e-14	Tpos:292.7,Tstd:199.0,Bpos:233.8,Bstd:136.3,StrandBias:-0.3,Multiplicity:1.00
0.001	0.103	0.895	0.001
0.979	0.001	0.001	0.019
0.001	0.001	0.001	0.997
0.982	0.001	0.016	0.001
0.997	0.001	0.001	0.001
0.142	0.110	0.711	0.037
0.077	0.053	0.869	0.001
0.932	0.015	0.031	0.022
0.001	0.001	0.052	0.946
0.001	0.734	0.175	0.090
>GCGGTTRAYA	20-GCGGTTRAYA	8.842951	-30.730427	0	T:49.0(1.69%),B:212.8(0.46%),P:1e-13	Tpos:267.9,Tstd:175.4,Bpos:243.3,Bstd:139.6,StrandBias:-0.5,Multiplicity:1.04
0.001	0.001	0.997	0.001
0.005	0.906	0.087	0.002
0.001	0.001	0.997	0.001
0.001	0.001	0.912	0.086
0.001	0.353	0.001	0.645
0.421	0.001	0.001	0.577
0.472	0.001	0.526	0.001
0.835	0.001	0.163	0.001
0.159	0.445	0.001	0.395
0.711	0.001	0.001	0.287
>TTTGTGGCGA	21-TTTGTGGCGA	8.212165	-26.510690	0	T:61.0(2.11%),B:344.9(0.75%),P:1e-11	Tpos:269.4,Tstd:188.3,Bpos:236.9,Bstd:142.8,StrandBias:0.0,Multiplicity:1.00
0.030	0.294	0.066	0.610
0.051	0.130	0.053	0.766
0.062	0.011	0.259	0.668
0.056	0.028	0.883	0.033
0.180	0.037	0.014	0.769
0.243	0.076	0.647	0.034
0.337	0.046	0.616	0.001
0.225	0.536	0.173	0.066
0.156	0.220	0.583	0.041
0.505	0.298	0.180	0.017
>GGGGGGRGRV	22-GGGGGGRGRV	6.716770	-18.596964	0	T:550.0(19.00%),B:6924.2(15.11%),P:1e-8	Tpos:280.5,Tstd:204.8,Bpos:233.2,Bstd:132.8,StrandBias:0.2,Multiplicity:1.17
0.261	0.048	0.639	0.052
0.225	0.015	0.549	0.211
0.295	0.151	0.523	0.031
0.351	0.017	0.579	0.053
0.253	0.036	0.666	0.045
0.084	0.066	0.733	0.117
0.399	0.029	0.539	0.033
0.372	0.033	0.543	0.052
0.396	0.066	0.505	0.033
0.266	0.313	0.373	0.048
>CGCCTTAGAG	23-CGCCTTAGAG	10.296193	-15.240243	0	T:5.0(0.17%),B:2.7(0.01%),P:1e-6	Tpos:213.0,Tstd:149.8,Bpos:180.2,Bstd:94.3,StrandBias:2.0,Multiplicity:1.00
0.100	0.700	0.100	0.100
0.100	0.100	0.700	0.100
0.100	0.700	0.100	0.100
0.100	0.700	0.100	0.100
0.100	0.100	0.100	0.700
0.100	0.100	0.100	0.700
0.700	0.100	0.100	0.100
0.100	0.100	0.700	0.100
0.700	0.100	0.100	0.100
0.100	0.100	0.700	0.100
>TCTCACCCAA	24-TCTCACCCAA	10.867114	-11.904767	0	T:40.0(1.38%),B:289.1(0.63%),P:1e-5	Tpos:213.9,Tstd:148.0,Bpos:229.7,Bstd:143.4,StrandBias:-0.4,Multiplicity:1.08
0.001	0.001	0.001	0.997
0.001	0.997	0.001	0.001
0.001	0.001	0.001	0.997
0.001	0.997	0.001	0.001
0.770	0.001	0.228	0.001
0.001	0.997	0.001	0.001
0.421	0.577	0.001	0.001
0.001	0.966	0.032	0.001
0.799	0.001	0.199	0.001
0.850	0.001	0.148	0.001
>ACATCTCCGC	25-ACATCTCCGC	8.350283	-6.092999	0	T:56.0(1.93%),B:589.3(1.29%),P:1e-2	Tpos:296.0,Tstd:241.6,Bpos:231.1,Bstd:145.3,StrandBias:1.2,Multiplicity:1.21
0.700	0.100	0.100	0.100
0.100	0.700	0.100	0.100
0.700	0.100	0.100	0.100
0.100	0.100	0.100	0.700
0.100	0.700	0.100	0.100
0.100	0.100	0.100	0.700
0.100	0.700	0.100	0.100
0.100	0.700	0.100	0.100
0.100	0.100	0.700	0.100
0.100	0.700	0.100	0.100
