>TGRACTTTGNMCYYT	Hnf4g+M2286	9.112779	-15.687412	0	T:229.0(4.69%),B:1456.4(3.30%),P:1e-6
0.139	0.059	0.084	0.718
0.088	0.009	0.886	0.017
0.400	0.117	0.459	0.024
0.568	0.383	0.015	0.034
0.026	0.963	0.001	0.010
0.005	0.099	0.001	0.895
0.001	0.157	0.009	0.833
0.001	0.006	0.006	0.987
0.043	0.023	0.933	0.001
0.295	0.241	0.304	0.160
0.370	0.349	0.075	0.206
0.071	0.791	0.021	0.117
0.089	0.403	0.011	0.497
0.088	0.405	0.162	0.345
0.218	0.213	0.197	0.372
