>NNTNGTGTATACNNN	Zfp300+M0411	5.170612	-8.752119	0	T:1916.0(39.27%),B:16233.5(36.76%),P:1e-3
0.315	0.228	0.228	0.228
0.206	0.294	0.293	0.206
0.155	0.243	0.155	0.448
0.276	0.216	0.191	0.318
0.251	0.050	0.471	0.229
0.050	0.050	0.165	0.735
0.024	0.024	0.814	0.138
0.209	0.116	0.001	0.674
0.653	0.022	0.126	0.199
0.044	0.147	0.044	0.765
0.624	0.184	0.096	0.096
0.253	0.447	0.150	0.150
0.200	0.200	0.296	0.303
0.303	0.200	0.200	0.296
0.322	0.226	0.226	0.226
