>TGTGGTTTNN	1-TGTGGTTTNN	7.096936	-158.384733	0	T:674.0(30.43%),B:7283.6(15.51%),P:1e-68	Tpos:285.5,Tstd:233.7,Bpos:233.1,Bstd:141.7,StrandBias:-0.1,Multiplicity:1.27
0.071	0.013	0.088	0.828
0.029	0.084	0.837	0.050
0.042	0.019	0.013	0.926
0.022	0.029	0.922	0.027
0.009	0.001	0.940	0.050
0.008	0.128	0.044	0.820
0.024	0.065	0.048	0.863
0.191	0.036	0.147	0.626
0.192	0.271	0.268	0.269
0.213	0.222	0.324	0.241
>ACAGGAAGTG	2-ACAGGAAGTG	7.761991	-146.621952	0	T:616.0(27.81%),B:6570.7(13.99%),P:1e-63	Tpos:297.1,Tstd:234.4,Bpos:234.1,Bstd:135.1,StrandBias:-0.0,Multiplicity:1.23
0.690	0.113	0.086	0.111
0.158	0.689	0.126	0.027
0.958	0.032	0.009	0.001
0.001	0.058	0.931	0.010
0.070	0.001	0.914	0.015
0.980	0.001	0.001	0.018
0.837	0.001	0.049	0.113
0.225	0.017	0.757	0.001
0.018	0.192	0.114	0.676
0.171	0.158	0.605	0.066
>TATGASTCAT	3-TATGASTCAT	7.497122	-121.707494	0	T:184.0(8.31%),B:997.9(2.12%),P:1e-52	Tpos:271.1,Tstd:200.0,Bpos:232.7,Bstd:136.4,StrandBias:-0.2,Multiplicity:1.05
0.187	0.176	0.237	0.400
0.413	0.204	0.214	0.169
0.088	0.243	0.078	0.591
0.016	0.099	0.696	0.189
0.760	0.072	0.034	0.134
0.118	0.338	0.429	0.115
0.068	0.031	0.025	0.876
0.132	0.814	0.039	0.015
0.872	0.014	0.001	0.113
0.062	0.305	0.170	0.463
>TTTCAGTTTC	4-TTTCAGTTTC	7.267081	-84.046835	0	T:458.0(20.68%),B:5298.3(11.28%),P:1e-36	Tpos:308.9,Tstd:285.9,Bpos:230.5,Bstd:141.6,StrandBias:-0.2,Multiplicity:1.22
0.062	0.039	0.088	0.811
0.034	0.078	0.048	0.840
0.036	0.040	0.067	0.857
0.078	0.796	0.005	0.121
0.748	0.091	0.109	0.052
0.113	0.114	0.699	0.074
0.042	0.023	0.072	0.863
0.007	0.088	0.078	0.827
0.103	0.031	0.057	0.809
0.089	0.756	0.101	0.054
>NCYCCRCCCH	5-NCYCCRCCCH	5.888596	-76.574418	0	T:655.0(29.57%),B:8869.9(18.88%),P:1e-33	Tpos:343.2,Tstd:305.3,Bpos:234.8,Bstd:143.1,StrandBias:-0.1,Multiplicity:1.60
0.249	0.180	0.324	0.247
0.346	0.594	0.001	0.059
0.070	0.509	0.001	0.420
0.367	0.631	0.001	0.001
0.085	0.652	0.001	0.262
0.317	0.004	0.433	0.247
0.144	0.574	0.005	0.277
0.126	0.545	0.328	0.001
0.097	0.438	0.181	0.284
0.314	0.315	0.003	0.368
>GGGGATTTCC	6-GGGGATTTCC	7.944750	-72.813042	0	T:189.0(8.53%),B:1513.5(3.22%),P:1e-31	Tpos:306.8,Tstd:242.5,Bpos:229.8,Bstd:134.0,StrandBias:0.2,Multiplicity:1.06
0.001	0.030	0.952	0.017
0.001	0.164	0.823	0.012
0.001	0.046	0.947	0.006
0.213	0.050	0.507	0.230
0.727	0.097	0.060	0.116
0.365	0.024	0.001	0.610
0.047	0.004	0.224	0.725
0.019	0.118	0.058	0.805
0.116	0.836	0.010	0.038
0.046	0.852	0.101	0.001
>TGGTTTCACT	7-TGGTTTCACT	8.090877	-66.368929	0	T:288.0(13.00%),B:3004.8(6.40%),P:1e-28	Tpos:280.5,Tstd:235.7,Bpos:230.9,Bstd:142.4,StrandBias:-0.3,Multiplicity:1.05
0.001	0.201	0.317	0.480
0.190	0.001	0.750	0.059
0.001	0.001	0.997	0.001
0.001	0.001	0.001	0.997
0.001	0.001	0.089	0.909
0.001	0.001	0.001	0.997
0.063	0.822	0.044	0.071
0.787	0.001	0.001	0.211
0.001	0.639	0.082	0.278
0.201	0.123	0.001	0.675
>CCMCCTAGTG	8-CCMCCTAGTG	8.273149	-62.578782	0	T:198.0(8.94%),B:1771.8(3.77%),P:1e-27	Tpos:283.7,Tstd:270.4,Bpos:238.4,Bstd:137.6,StrandBias:-0.4,Multiplicity:1.06
0.205	0.707	0.001	0.087
0.001	0.819	0.151	0.029
0.393	0.498	0.087	0.021
0.022	0.825	0.001	0.152
0.001	0.965	0.028	0.006
0.033	0.053	0.001	0.913
0.737	0.001	0.220	0.042
0.054	0.167	0.747	0.032
0.003	0.028	0.049	0.920
0.001	0.191	0.807	0.001
>GCGGTTTCCT	9-GCGGTTTCCT	6.599797	-62.470594	0	T:607.0(27.40%),B:8451.0(17.99%),P:1e-27	Tpos:290.7,Tstd:255.7,Bpos:231.4,Bstd:140.4,StrandBias:-0.1,Multiplicity:1.17
0.062	0.061	0.838	0.039
0.110	0.699	0.136	0.055
0.068	0.088	0.766	0.078
0.091	0.082	0.764	0.063
0.022	0.073	0.078	0.827
0.026	0.060	0.057	0.857
0.055	0.051	0.045	0.849
0.042	0.808	0.089	0.061
0.076	0.823	0.052	0.049
0.051	0.094	0.077	0.778
>TCTTTGAAGT	10-TCTTTGAAGT	7.096832	-49.338148	0	T:501.0(22.62%),B:6992.4(14.89%),P:1e-21	Tpos:299.3,Tstd:238.6,Bpos:233.5,Bstd:140.1,StrandBias:-0.2,Multiplicity:1.18
0.080	0.114	0.072	0.734
0.030	0.849	0.048	0.073
0.037	0.041	0.016	0.906
0.030	0.106	0.054	0.810
0.045	0.065	0.038	0.852
0.069	0.046	0.832	0.053
0.726	0.125	0.041	0.108
0.744	0.039	0.074	0.143
0.094	0.083	0.807	0.016
0.096	0.089	0.070	0.745
>TGCGGTAAGG	11-TGCGGTAAGG	5.975189	-36.006729	0	T:370.0(16.70%),B:5138.7(10.94%),P:1e-15	Tpos:306.0,Tstd:251.4,Bpos:234.0,Bstd:138.6,StrandBias:-0.1,Multiplicity:1.11
0.080	0.151	0.143	0.626
0.104	0.138	0.628	0.130
0.160	0.546	0.154	0.140
0.103	0.147	0.598	0.152
0.133	0.147	0.597	0.123
0.145	0.128	0.169	0.558
0.556	0.138	0.167	0.139
0.692	0.024	0.169	0.115
0.171	0.148	0.640	0.041
0.147	0.152	0.565	0.136
>AATCGCAAAC	12-AATCGCAAAC	8.972020	-27.210392	0	T:35.0(1.58%),B:170.4(0.36%),P:1e-11	Tpos:303.0,Tstd:160.1,Bpos:237.8,Bstd:133.8,StrandBias:-0.4,Multiplicity:1.00
0.914	0.001	0.084	0.001
0.949	0.001	0.049	0.001
0.133	0.016	0.001	0.850
0.001	0.974	0.024	0.001
0.069	0.001	0.922	0.008
0.108	0.835	0.056	0.001
0.927	0.071	0.001	0.001
0.936	0.062	0.001	0.001
0.927	0.001	0.071	0.001
0.108	0.829	0.062	0.001
>CGTTTCTATG	13-CGTTTCTATG	9.130580	-26.703937	0	T:50.0(2.26%),B:331.0(0.70%),P:1e-11	Tpos:284.5,Tstd:193.2,Bpos:228.3,Bstd:140.4,StrandBias:-0.1,Multiplicity:1.02
0.049	0.869	0.040	0.042
0.001	0.001	0.997	0.001
0.001	0.050	0.001	0.948
0.001	0.040	0.001	0.958
0.001	0.001	0.040	0.958
0.001	0.806	0.132	0.061
0.001	0.001	0.131	0.867
0.869	0.014	0.088	0.029
0.047	0.001	0.047	0.905
0.056	0.056	0.859	0.029
>CCTCGCMACC	14-CCTCGCMACC	11.288933	-22.954223	0	T:24.0(1.08%),B:96.1(0.20%),P:1e-9	Tpos:307.6,Tstd:182.7,Bpos:246.6,Bstd:148.5,StrandBias:1.0,Multiplicity:1.09
0.001	0.997	0.001	0.001
0.192	0.806	0.001	0.001
0.001	0.001	0.001	0.997
0.270	0.728	0.001	0.001
0.001	0.001	0.997	0.001
0.001	0.997	0.001	0.001
0.527	0.471	0.001	0.001
0.747	0.001	0.001	0.251
0.001	0.997	0.001	0.001
0.001	0.997	0.001	0.001
>CGCAGGCTTC	15-CGCAGGCTTC	8.729558	-22.827335	0	T:105.0(4.74%),B:1127.6(2.40%),P:1e-9	Tpos:332.0,Tstd:251.6,Bpos:233.6,Bstd:139.4,StrandBias:0.5,Multiplicity:1.03
0.129	0.805	0.065	0.001
0.122	0.001	0.773	0.104
0.028	0.914	0.001	0.057
0.923	0.029	0.047	0.001
0.037	0.001	0.930	0.032
0.037	0.001	0.709	0.253
0.001	0.997	0.001	0.001
0.032	0.001	0.021	0.946
0.001	0.001	0.001	0.997
0.001	0.997	0.001	0.001
>TATCGCAGGA	16-TATCGCAGGA	9.833156	-17.483759	0	T:30.0(1.35%),B:191.7(0.41%),P:1e-7	Tpos:363.4,Tstd:320.1,Bpos:232.6,Bstd:132.8,StrandBias:0.0,Multiplicity:1.00
0.001	0.043	0.047	0.909
0.830	0.001	0.041	0.128
0.120	0.079	0.001	0.800
0.018	0.671	0.062	0.249
0.017	0.001	0.942	0.040
0.001	0.997	0.001	0.001
0.997	0.001	0.001	0.001
0.001	0.001	0.997	0.001
0.001	0.001	0.997	0.001
0.997	0.001	0.001	0.001
>CGTCTGTACA	17-CGTCTGTACA	10.467388	-9.804000	0	T:13.0(0.59%),B:72.7(0.15%),P:1e-4	Tpos:192.8,Tstd:154.0,Bpos:233.0,Bstd:143.9,StrandBias:2.0,Multiplicity:1.67
0.001	0.997	0.001	0.001
0.100	0.001	0.898	0.001
0.001	0.001	0.200	0.798
0.001	0.997	0.001	0.001
0.001	0.001	0.001	0.997
0.344	0.001	0.654	0.001
0.001	0.001	0.001	0.997
0.997	0.001	0.001	0.001
0.001	0.654	0.001	0.344
0.997	0.001	0.001	0.001
>GTCATACCCA	18-GTCATACCCA	6.404373	-7.798593	0	T:609.0(27.49%),B:11452.5(24.38%),P:1e-3	Tpos:282.7,Tstd:250.6,Bpos:233.0,Bstd:135.1,StrandBias:-0.0,Multiplicity:1.27
0.100	0.100	0.700	0.100
0.100	0.100	0.100	0.700
0.100	0.700	0.100	0.100
0.700	0.100	0.100	0.100
0.100	0.100	0.100	0.700
0.700	0.100	0.100	0.100
0.100	0.700	0.100	0.100
0.100	0.700	0.100	0.100
0.100	0.700	0.100	0.100
0.700	0.100	0.100	0.100
>GTACATGTGC	19-GTACATGTGC	10.417021	-4.308090	0	T:18.0(0.81%),B:212.0(0.45%),P:1e-1	Tpos:261.8,Tstd:229.2,Bpos:228.5,Bstd:138.8,StrandBias:2.2,Multiplicity:2.50
0.001	0.001	0.997	0.001
0.001	0.001	0.001	0.997
0.614	0.258	0.127	0.001
0.001	0.997	0.001	0.001
0.917	0.001	0.068	0.014
0.001	0.059	0.001	0.939
0.021	0.001	0.977	0.001
0.001	0.001	0.001	0.997
0.001	0.001	0.997	0.001
0.001	0.997	0.001	0.001
