>AAACCACA	1-AAACCACA	7.654900	-170.641118	0	T:519.0(23.43%),B:4706.8(10.02%),P:1e-74	Tpos:284.2,Tstd:226.0,Bpos:235.0,Bstd:142.0,StrandBias:0.0,Multiplicity:1.20
0.725	0.101	0.023	0.151
0.947	0.016	0.036	0.001
0.867	0.035	0.097	0.001
0.001	0.997	0.001	0.001
0.001	0.997	0.001	0.001
0.908	0.041	0.023	0.028
0.001	0.967	0.031	0.001
0.908	0.018	0.012	0.062
>AGGAAGTG	2-AGGAAGTG	8.310587	-118.387792	0	T:549.0(24.79%),B:6040.7(12.86%),P:1e-51	Tpos:307.1,Tstd:260.1,Bpos:232.1,Bstd:135.9,StrandBias:-0.0,Multiplicity:1.16
0.997	0.001	0.001	0.001
0.001	0.001	0.997	0.001
0.001	0.001	0.997	0.001
0.997	0.001	0.001	0.001
0.873	0.001	0.001	0.125
0.139	0.001	0.859	0.001
0.001	0.001	0.001	0.997
0.099	0.082	0.735	0.084
>TGCGGTTW	3-TGCGGTTW	4.475465	-106.044959	0	T:907.0(40.95%),B:12612.4(26.85%),P:1e-46	Tpos:295.9,Tstd:255.9,Bpos:232.1,Bstd:144.3,StrandBias:-0.1,Multiplicity:1.19
0.138	0.257	0.174	0.431
0.106	0.126	0.728	0.040
0.182	0.465	0.130	0.223
0.001	0.142	0.573	0.284
0.116	0.140	0.615	0.129
0.045	0.164	0.116	0.675
0.206	0.111	0.180	0.503
0.425	0.154	0.105	0.316
>ATGAGTCA	4-ATGAGTCA	9.697847	-100.006916	0	T:177.0(7.99%),B:1091.8(2.32%),P:1e-43	Tpos:271.3,Tstd:204.8,Bpos:235.4,Bstd:135.1,StrandBias:0.0,Multiplicity:1.05
0.808	0.109	0.082	0.001
0.001	0.001	0.001	0.997
0.001	0.001	0.997	0.001
0.997	0.001	0.001	0.001
0.001	0.336	0.662	0.001
0.001	0.001	0.001	0.997
0.069	0.929	0.001	0.001
0.997	0.001	0.001	0.001
>TGAGTCAT	5-TGAGTCAT	6.938017	-89.605937	0	T:459.0(20.72%),B:5192.7(11.06%),P:1e-38	Tpos:268.7,Tstd:228.1,Bpos:232.0,Bstd:137.3,StrandBias:-0.1,Multiplicity:1.12
0.001	0.119	0.001	0.879
0.001	0.001	0.783	0.215
0.948	0.050	0.001	0.001
0.104	0.278	0.461	0.157
0.001	0.001	0.001	0.997
0.269	0.729	0.001	0.001
0.997	0.001	0.001	0.001
0.138	0.188	0.141	0.533
>TGAAACCG	6-TGAAACCG	5.960225	-70.960295	0	T:824.0(37.20%),B:12179.8(25.93%),P:1e-30	Tpos:315.0,Tstd:277.0,Bpos:232.9,Bstd:142.5,StrandBias:0.1,Multiplicity:1.35
0.192	0.081	0.173	0.554
0.095	0.094	0.732	0.079
0.823	0.039	0.062	0.076
0.851	0.068	0.041	0.040
0.931	0.030	0.009	0.030
0.026	0.828	0.092	0.054
0.075	0.627	0.080	0.218
0.133	0.138	0.663	0.066
>GGGCGGAG	7-GGGCGGAG	7.042965	-65.911079	0	T:867.0(39.14%),B:13191.1(28.08%),P:1e-28	Tpos:343.0,Tstd:318.3,Bpos:232.4,Bstd:141.4,StrandBias:0.0,Multiplicity:1.80
0.050	0.001	0.948	0.001
0.036	0.036	0.915	0.013
0.001	0.001	0.997	0.001
0.119	0.736	0.034	0.111
0.001	0.001	0.997	0.001
0.036	0.001	0.956	0.007
0.691	0.001	0.225	0.083
0.043	0.013	0.902	0.042
>GCTTCCTG	8-GCTTCCTG	8.108974	-58.150337	0	T:562.0(25.37%),B:7785.7(16.58%),P:1e-25	Tpos:304.8,Tstd:247.7,Bpos:233.0,Bstd:138.3,StrandBias:0.0,Multiplicity:1.20
0.001	0.308	0.690	0.001
0.001	0.826	0.001	0.172
0.001	0.001	0.001	0.997
0.001	0.001	0.001	0.997
0.001	0.997	0.001	0.001
0.001	0.933	0.065	0.001
0.001	0.001	0.302	0.696
0.001	0.284	0.714	0.001
>ACCGAAAG	9-ACCGAAAG	5.556883	-53.198081	0	T:781.0(35.26%),B:12043.6(25.64%),P:1e-23	Tpos:304.1,Tstd:255.7,Bpos:232.8,Bstd:142.9,StrandBias:0.1,Multiplicity:1.28
0.824	0.049	0.076	0.051
0.139	0.616	0.085	0.160
0.034	0.770	0.058	0.138
0.136	0.036	0.756	0.072
0.785	0.097	0.077	0.041
0.802	0.073	0.056	0.069
0.796	0.057	0.087	0.060
0.107	0.173	0.660	0.060
>CTTCAAAG	10-CTTCAAAG	7.021756	-37.929828	0	T:413.0(18.65%),B:5830.0(12.41%),P:1e-16	Tpos:313.0,Tstd:276.8,Bpos:233.8,Bstd:140.0,StrandBias:0.1,Multiplicity:1.18
0.001	0.852	0.001	0.146
0.197	0.001	0.035	0.767
0.089	0.001	0.001	0.909
0.088	0.830	0.001	0.081
0.963	0.001	0.035	0.001
0.997	0.001	0.001	0.001
0.997	0.001	0.001	0.001
0.001	0.001	0.997	0.001
>TGGGTGTG	11-TGGGTGTG	8.671357	-32.679982	0	T:198.0(8.94%),B:2341.4(4.98%),P:1e-14	Tpos:312.1,Tstd:277.0,Bpos:234.5,Bstd:142.6,StrandBias:0.2,Multiplicity:1.12
0.001	0.001	0.001	0.997
0.001	0.001	0.997	0.001
0.001	0.001	0.997	0.001
0.001	0.001	0.997	0.001
0.001	0.203	0.001	0.795
0.001	0.001	0.997	0.001
0.001	0.114	0.001	0.884
0.001	0.001	0.997	0.001
>TGTGGTAA	12-TGTGGTAA	7.697033	-29.819741	0	T:157.0(7.09%),B:1766.6(3.76%),P:1e-12	Tpos:301.7,Tstd:238.1,Bpos:228.4,Bstd:141.3,StrandBias:-0.1,Multiplicity:1.10
0.001	0.082	0.001	0.916
0.001	0.001	0.997	0.001
0.001	0.001	0.001	0.997
0.001	0.063	0.935	0.001
0.001	0.001	0.997	0.001
0.001	0.001	0.001	0.997
0.591	0.407	0.001	0.001
0.997	0.001	0.001	0.001
>CTTTCATC	13-CTTTCATC	9.297365	-19.435536	0	T:150.0(6.77%),B:1926.8(4.10%),P:1e-8	Tpos:286.9,Tstd:214.1,Bpos:236.8,Bstd:135.6,StrandBias:-0.0,Multiplicity:1.08
0.001	0.997	0.001	0.001
0.001	0.001	0.001	0.997
0.001	0.001	0.001	0.997
0.001	0.001	0.001	0.997
0.001	0.591	0.238	0.170
0.997	0.001	0.001	0.001
0.001	0.001	0.001	0.997
0.001	0.997	0.001	0.001
>GTCATACC	14-GTCATACC	8.236954	-2.898904	0	T:16.0(0.72%),B:216.1(0.46%),P:1e-1	Tpos:174.6,Tstd:144.0,Bpos:246.4,Bstd:127.2,StrandBias:-2.5,Multiplicity:3.13
0.100	0.100	0.700	0.100
0.100	0.100	0.100	0.700
0.100	0.700	0.100	0.100
0.700	0.100	0.100	0.100
0.100	0.100	0.100	0.700
0.700	0.100	0.100	0.100
0.100	0.700	0.100	0.100
0.100	0.700	0.100	0.100
>AGCACATG	15-AGCACATG	8.236954	-0.994807	0	T:49.0(2.21%),B:984.8(2.10%),P:1e0	Tpos:216.5,Tstd:167.5,Bpos:235.3,Bstd:134.8,StrandBias:-0.9,Multiplicity:1.68
0.700	0.100	0.100	0.100
0.100	0.100	0.700	0.100
0.100	0.700	0.100	0.100
0.700	0.100	0.100	0.100
0.100	0.700	0.100	0.100
0.700	0.100	0.100	0.100
0.100	0.100	0.100	0.700
0.100	0.100	0.700	0.100
