>MACAGGAAGTGG	1-MACAGGAAGTGG	8.732860	-142.218195	0	T:343.0(15.49%),B:2664.9(5.67%),P:1e-61	Tpos:284.7,Tstd:242.2,Bpos:234.6,Bstd:133.8,StrandBias:-0.0,Multiplicity:1.12
0.287	0.391	0.230	0.092
0.731	0.039	0.143	0.087
0.144	0.639	0.189	0.028
0.911	0.033	0.001	0.055
0.033	0.012	0.919	0.036
0.049	0.006	0.885	0.060
0.960	0.001	0.016	0.023
0.815	0.001	0.001	0.183
0.053	0.046	0.883	0.018
0.029	0.023	0.112	0.836
0.216	0.012	0.625	0.147
0.234	0.182	0.556	0.028
>GNTTTGTGGTTT	2-GNTTTGTGGTTT	7.688591	-127.333706	0	T:562.0(25.37%),B:6073.1(12.93%),P:1e-55	Tpos:285.8,Tstd:234.2,Bpos:233.2,Bstd:142.3,StrandBias:-0.1,Multiplicity:1.21
0.093	0.214	0.453	0.241
0.220	0.274	0.207	0.298
0.184	0.139	0.124	0.553
0.003	0.307	0.127	0.563
0.041	0.001	0.082	0.876
0.006	0.108	0.764	0.122
0.003	0.006	0.189	0.802
0.001	0.001	0.990	0.008
0.015	0.009	0.975	0.001
0.009	0.147	0.176	0.668
0.006	0.006	0.052	0.936
0.147	0.032	0.135	0.686
>CCACTAGGKGGC	3-CCACTAGGKGGC	9.809065	-120.606654	0	T:147.0(6.64%),B:649.6(1.38%),P:1e-52	Tpos:280.6,Tstd:270.2,Bpos:234.2,Bstd:137.1,StrandBias:0.3,Multiplicity:1.04
0.031	0.937	0.001	0.031
0.001	0.997	0.001	0.001
0.850	0.056	0.006	0.088
0.031	0.734	0.234	0.001
0.144	0.194	0.060	0.602
0.858	0.001	0.140	0.001
0.001	0.001	0.997	0.001
0.061	0.001	0.883	0.055
0.137	0.093	0.425	0.345
0.001	0.001	0.997	0.001
0.062	0.001	0.783	0.154
0.042	0.690	0.070	0.198
>GGTTTCASTTTC	4-GGTTTCASTTTC	8.686648	-120.345373	0	T:188.0(8.49%),B:1048.2(2.23%),P:1e-52	Tpos:297.4,Tstd:286.0,Bpos:233.9,Bstd:144.5,StrandBias:-0.2,Multiplicity:1.10
0.285	0.022	0.475	0.218
0.081	0.228	0.497	0.194
0.001	0.103	0.060	0.836
0.011	0.111	0.119	0.759
0.001	0.070	0.003	0.926
0.040	0.803	0.004	0.153
0.559	0.199	0.019	0.223
0.097	0.429	0.280	0.194
0.124	0.164	0.001	0.711
0.034	0.220	0.077	0.669
0.103	0.214	0.091	0.592
0.125	0.493	0.228	0.154
>DKATGASTCATA	5-DKATGASTCATA	9.045702	-109.228216	0	T:168.0(7.58%),B:923.1(1.97%),P:1e-47	Tpos:279.0,Tstd:198.9,Bpos:234.6,Bstd:135.6,StrandBias:0.0,Multiplicity:1.05
0.252	0.180	0.238	0.330
0.192	0.109	0.301	0.399
0.497	0.217	0.193	0.093
0.014	0.001	0.001	0.984
0.001	0.001	0.997	0.001
0.936	0.001	0.062	0.001
0.042	0.458	0.440	0.061
0.008	0.001	0.008	0.983
0.008	0.990	0.001	0.001
0.981	0.001	0.001	0.017
0.096	0.267	0.182	0.455
0.436	0.215	0.124	0.226
>GAAACCACATCC	6-GAAACCACATCC	8.399691	-92.372053	0	T:322.0(14.54%),B:3051.9(6.50%),P:1e-40	Tpos:287.9,Tstd:270.4,Bpos:236.6,Bstd:136.3,StrandBias:0.4,Multiplicity:1.08
0.265	0.099	0.481	0.155
0.659	0.179	0.111	0.051
0.835	0.038	0.126	0.001
0.548	0.066	0.385	0.001
0.114	0.884	0.001	0.001
0.044	0.954	0.001	0.001
0.849	0.001	0.015	0.135
0.001	0.954	0.001	0.044
0.607	0.220	0.001	0.172
0.001	0.001	0.252	0.746
0.001	0.807	0.082	0.110
0.287	0.453	0.030	0.231
>WGGGTGGGGCTN	7-WGGGTGGGGCTN	8.869064	-75.946343	0	T:371.0(16.75%),B:4087.2(8.70%),P:1e-32	Tpos:313.9,Tstd:280.7,Bpos:236.2,Bstd:136.0,StrandBias:-0.1,Multiplicity:1.11
0.390	0.001	0.152	0.456
0.028	0.001	0.970	0.001
0.001	0.001	0.997	0.001
0.001	0.016	0.982	0.001
0.176	0.001	0.001	0.822
0.001	0.001	0.997	0.001
0.103	0.001	0.604	0.292
0.304	0.001	0.681	0.014
0.158	0.001	0.826	0.015
0.053	0.563	0.001	0.383
0.201	0.222	0.155	0.423
0.192	0.247	0.316	0.245
>TGCTTCCTGTCT	8-TGCTTCCTGTCT	9.459929	-56.743868	0	T:196.0(8.85%),B:1833.4(3.90%),P:1e-24	Tpos:261.5,Tstd:216.7,Bpos:230.2,Bstd:133.9,StrandBias:0.0,Multiplicity:1.06
0.155	0.018	0.174	0.653
0.006	0.206	0.772	0.016
0.016	0.738	0.028	0.218
0.167	0.017	0.001	0.815
0.084	0.001	0.124	0.791
0.001	0.864	0.110	0.025
0.012	0.882	0.088	0.018
0.009	0.017	0.001	0.973
0.071	0.186	0.719	0.024
0.132	0.014	0.202	0.652
0.029	0.543	0.225	0.203
0.175	0.103	0.001	0.721
>AGGGGAATTCCC	9-AGGGGAATTCCC	8.722839	-49.040604	0	T:135.0(6.09%),B:1119.1(2.38%),P:1e-21	Tpos:285.0,Tstd:274.6,Bpos:231.4,Bstd:129.8,StrandBias:0.3,Multiplicity:1.06
0.703	0.084	0.169	0.044
0.266	0.001	0.675	0.058
0.080	0.001	0.822	0.097
0.061	0.001	0.937	0.001
0.219	0.001	0.673	0.107
0.729	0.001	0.269	0.001
0.743	0.139	0.001	0.117
0.228	0.209	0.037	0.526
0.001	0.335	0.015	0.649
0.030	0.743	0.025	0.202
0.001	0.984	0.001	0.014
0.179	0.778	0.015	0.028
>CTTTAATGTGGT	10-CTTTAATGTGGT	9.438608	-46.971700	0	T:84.0(3.79%),B:525.1(1.12%),P:1e-20	Tpos:264.1,Tstd:183.5,Bpos:223.8,Bstd:134.5,StrandBias:-0.2,Multiplicity:1.03
0.019	0.853	0.091	0.037
0.150	0.149	0.019	0.682
0.001	0.065	0.041	0.893
0.001	0.075	0.152	0.772
0.484	0.227	0.240	0.049
0.712	0.060	0.061	0.167
0.001	0.018	0.001	0.980
0.001	0.065	0.837	0.097
0.019	0.001	0.012	0.968
0.232	0.001	0.749	0.018
0.197	0.113	0.538	0.152
0.077	0.157	0.133	0.633
>AGATGARTCAGA	11-AGATGARTCAGA	10.007988	-41.379837	0	T:67.0(3.02%),B:389.7(0.83%),P:1e-17	Tpos:252.0,Tstd:208.7,Bpos:230.1,Bstd:128.8,StrandBias:0.6,Multiplicity:1.02
0.735	0.001	0.131	0.133
0.001	0.284	0.714	0.001
0.878	0.001	0.001	0.120
0.110	0.001	0.001	0.888
0.001	0.218	0.681	0.100
0.960	0.038	0.001	0.001
0.374	0.001	0.441	0.183
0.050	0.001	0.001	0.948
0.213	0.785	0.001	0.001
0.997	0.001	0.001	0.001
0.039	0.320	0.592	0.049
0.809	0.141	0.049	0.001
>GGGGCGGGGCAG	12-GGGGCGGGGCAG	9.072331	-31.669092	0	T:303.0(13.68%),B:4121.8(8.78%),P:1e-13	Tpos:332.0,Tstd:310.1,Bpos:230.3,Bstd:141.0,StrandBias:0.1,Multiplicity:1.30
0.049	0.038	0.842	0.071
0.079	0.028	0.853	0.040
0.066	0.001	0.875	0.058
0.001	0.053	0.880	0.066
0.067	0.806	0.056	0.071
0.069	0.088	0.842	0.001
0.001	0.085	0.913	0.001
0.084	0.064	0.812	0.040
0.001	0.102	0.861	0.036
0.077	0.792	0.071	0.060
0.740	0.095	0.089	0.076
0.079	0.089	0.784	0.048
>TGAACTTCAAAG	13-TGAACTTCAAAG	8.961997	-30.251250	0	T:130.0(5.87%),B:1349.6(2.87%),P:1e-13	Tpos:288.6,Tstd:256.5,Bpos:240.5,Bstd:137.4,StrandBias:0.0,Multiplicity:1.05
0.082	0.047	0.076	0.795
0.047	0.059	0.867	0.027
0.774	0.056	0.066	0.104
0.792	0.059	0.077	0.072
0.063	0.890	0.015	0.032
0.090	0.050	0.012	0.848
0.076	0.085	0.062	0.777
0.076	0.808	0.032	0.084
0.889	0.045	0.006	0.060
0.807	0.093	0.074	0.026
0.904	0.026	0.026	0.044
0.036	0.055	0.858	0.051
>DAGAWCAAAGAS	14-DAGAWCAAAGAS	9.565458	-28.608332	0	T:53.0(2.39%),B:346.5(0.74%),P:1e-12	Tpos:205.6,Tstd:147.4,Bpos:251.7,Bstd:133.3,StrandBias:-0.9,Multiplicity:1.02
0.361	0.038	0.339	0.262
0.677	0.025	0.027	0.271
0.038	0.037	0.651	0.274
0.690	0.194	0.080	0.036
0.313	0.152	0.086	0.449
0.036	0.555	0.399	0.010
0.906	0.041	0.012	0.041
0.784	0.131	0.065	0.020
0.770	0.009	0.181	0.040
0.064	0.066	0.838	0.032
0.526	0.046	0.266	0.162
0.187	0.373	0.422	0.018
>GGTTTCGTTTCT	15-GGTTTCGTTTCT	9.028224	-26.728869	0	T:129.0(5.82%),B:1406.6(2.99%),P:1e-11	Tpos:301.1,Tstd:255.7,Bpos:235.1,Bstd:144.8,StrandBias:-0.4,Multiplicity:1.04
0.120	0.030	0.773	0.077
0.060	0.158	0.752	0.030
0.029	0.062	0.048	0.861
0.030	0.030	0.030	0.910
0.001	0.028	0.060	0.911
0.101	0.679	0.053	0.167
0.117	0.097	0.727	0.059
0.001	0.074	0.030	0.895
0.001	0.090	0.041	0.868
0.001	0.001	0.059	0.939
0.054	0.852	0.016	0.078
0.050	0.049	0.060	0.841
>TACTACTCTGAC	16-TACTACTCTGAC	11.428071	-22.518838	0	T:21.0(0.95%),B:74.4(0.16%),P:1e-9	Tpos:212.5,Tstd:134.7,Bpos:228.1,Bstd:153.2,StrandBias:0.8,Multiplicity:1.10
0.001	0.001	0.001	0.997
0.767	0.001	0.231	0.001
0.001	0.997	0.001	0.001
0.001	0.001	0.001	0.997
0.733	0.017	0.001	0.249
0.001	0.767	0.001	0.231
0.001	0.269	0.001	0.729
0.001	0.767	0.231	0.001
0.001	0.001	0.001	0.997
0.001	0.001	0.997	0.001
0.997	0.001	0.001	0.001
0.001	0.997	0.001	0.001
>GCTGGGTATGAC	17-GCTGGGTATGAC	12.353938	-20.102481	0	T:5.0(0.23%),B:1.6(0.00%),P:1e-8	Tpos:165.4,Tstd:130.8,Bpos:341.3,Bstd:31.8,StrandBias:5.2,Multiplicity:7.80
0.015	0.001	0.983	0.001
0.001	0.983	0.001	0.015
0.001	0.001	0.001	0.997
0.001	0.001	0.997	0.001
0.001	0.001	0.997	0.001
0.001	0.001	0.997	0.001
0.001	0.001	0.001	0.997
0.997	0.001	0.001	0.001
0.001	0.001	0.001	0.997
0.001	0.001	0.997	0.001
0.997	0.001	0.001	0.001
0.001	0.963	0.001	0.035
>GGGAGACCTCGG	18-GGGAGACCTCGG	12.355432	-20.102481	0	T:5.0(0.23%),B:0.0(0.00%),P:1e-8	Tpos:172.0,Tstd:136.2,Bpos:0.0,Bstd:0.0,StrandBias:0.6,Multiplicity:1.00
0.100	0.100	0.700	0.100
0.100	0.100	0.700	0.100
0.100	0.100	0.700	0.100
0.700	0.100	0.100	0.100
0.100	0.100	0.700	0.100
0.700	0.100	0.100	0.100
0.100	0.700	0.100	0.100
0.100	0.700	0.100	0.100
0.100	0.100	0.100	0.700
0.100	0.700	0.100	0.100
0.100	0.100	0.700	0.100
0.100	0.100	0.700	0.100
>TATCCCAGCAGC	19-TATCCCAGCAGC	15.079222	-13.288309	0	T:5.0(0.23%),B:4.0(0.01%),P:1e-5	Tpos:210.2,Tstd:188.0,Bpos:174.3,Bstd:119.8,StrandBias:0.6,Multiplicity:1.00
0.001	0.001	0.001	0.997
0.997	0.001	0.001	0.001
0.001	0.001	0.001	0.997
0.001	0.997	0.001	0.001
0.001	0.997	0.001	0.001
0.001	0.780	0.001	0.218
0.997	0.001	0.001	0.001
0.001	0.001	0.997	0.001
0.001	0.997	0.001	0.001
0.997	0.001	0.001	0.001
0.001	0.001	0.997	0.001
0.001	0.997	0.001	0.001
>CACGACAACCCC	20-CACGACAACCCC	11.639753	-13.011759	0	T:7.0(0.32%),B:12.7(0.03%),P:1e-5	Tpos:116.7,Tstd:95.1,Bpos:268.9,Bstd:89.0,StrandBias:3.2,Multiplicity:1.43
0.001	0.997	0.001	0.001
0.997	0.001	0.001	0.001
0.001	0.997	0.001	0.001
0.001	0.001	0.869	0.129
0.927	0.001	0.036	0.036
0.001	0.997	0.001	0.001
0.997	0.001	0.001	0.001
0.997	0.001	0.001	0.001
0.001	0.997	0.001	0.001
0.001	0.997	0.001	0.001
0.001	0.962	0.036	0.001
0.001	0.759	0.001	0.239
>ACCATCTGTACA	21-ACCATCTGTACA	14.049363	-10.991163	0	T:3.0(0.14%),B:0.7(0.00%),P:1e-4	Tpos:119.6,Tstd:93.9,Bpos:57.0,Bstd:0.0,StrandBias:3.3,Multiplicity:3.67
0.913	0.001	0.085	0.001
0.001	0.997	0.001	0.001
0.001	0.997	0.001	0.001
0.997	0.001	0.001	0.001
0.001	0.085	0.001	0.913
0.001	0.997	0.001	0.001
0.001	0.001	0.001	0.997
0.001	0.001	0.997	0.001
0.001	0.001	0.001	0.997
0.997	0.001	0.001	0.001
0.001	0.997	0.001	0.001
0.997	0.001	0.001	0.001
>TCCGTGCTTCAT	22-TCCGTGCTTCAT	13.742903	-10.965563	0	T:6.0(0.27%),B:11.3(0.02%),P:1e-4	Tpos:496.3,Tstd:217.9,Bpos:183.5,Bstd:113.0,StrandBias:1.6,Multiplicity:2.00
0.239	0.001	0.001	0.759
0.001	0.997	0.001	0.001
0.001	0.997	0.001	0.001
0.001	0.239	0.759	0.001
0.001	0.001	0.001	0.997
0.001	0.001	0.997	0.001
0.001	0.997	0.001	0.001
0.001	0.001	0.001	0.997
0.001	0.001	0.001	0.997
0.001	0.997	0.001	0.001
0.997	0.001	0.001	0.001
0.001	0.001	0.001	0.997
>TCCATCATGTGA	23-TCCATCATGTGA	16.098351	-6.833461	0	T:2.0(0.09%),B:1.7(0.00%),P:1e-2	Tpos:143.0,Tstd:55.1,Bpos:322.1,Bstd:97.9,StrandBias:2.0,Multiplicity:2.50
0.001	0.001	0.001	0.997
0.001	0.997	0.001	0.001
0.001	0.890	0.001	0.108
0.890	0.108	0.001	0.001
0.001	0.001	0.001	0.997
0.001	0.997	0.001	0.001
0.997	0.001	0.001	0.001
0.001	0.001	0.001	0.997
0.240	0.001	0.758	0.001
0.001	0.001	0.001	0.997
0.001	0.001	0.997	0.001
0.997	0.001	0.001	0.001
>GTGGTCATGGTG	24-GTGGTCATGGTG	12.355432	-4.698562	0	T:2.0(0.09%),B:3.6(0.01%),P:1e-2	Tpos:642.2,Tstd:109.6,Bpos:242.0,Bstd:113.0,StrandBias:-2.8,Multiplicity:4.00
0.100	0.100	0.700	0.100
0.100	0.100	0.100	0.700
0.100	0.100	0.700	0.100
0.100	0.100	0.700	0.100
0.100	0.100	0.100	0.700
0.100	0.700	0.100	0.100
0.700	0.100	0.100	0.100
0.100	0.100	0.100	0.700
0.100	0.100	0.700	0.100
0.100	0.100	0.700	0.100
0.100	0.100	0.100	0.700
0.100	0.100	0.700	0.100
>ATCTACAAGACA	25-ATCTACAAGACA	12.355432	-2.407876	0	T:1.0(0.05%),B:2.4(0.01%),P:1e-1	Tpos:259.8,Tstd:51.3,Bpos:281.7,Bstd:161.7,StrandBias:10.0,Multiplicity:8.00
0.700	0.100	0.100	0.100
0.100	0.100	0.100	0.700
0.100	0.700	0.100	0.100
0.100	0.100	0.100	0.700
0.700	0.100	0.100	0.100
0.100	0.700	0.100	0.100
0.700	0.100	0.100	0.100
0.700	0.100	0.100	0.100
0.100	0.100	0.700	0.100
0.700	0.100	0.100	0.100
0.100	0.700	0.100	0.100
0.700	0.100	0.100	0.100
