Factor1: 1.0368859972125148
Factor2: 0.96442617866219
