Factor1: 1.0021771453168644
Factor2: 0.9978275843476994
