>TCACTTCA	1-TCACTTCA	9.046848	-21.624535	0	T:59.0(12.39%),B:2512.7(5.08%),P:1e-9	Tpos:286.8,Tstd:226.9,Bpos:215.6,Bstd:125.0,StrandBias:-0.2,Multiplicity:1.10
0.001	0.001	0.001	0.997
0.160	0.838	0.001	0.001
0.997	0.001	0.001	0.001
0.001	0.997	0.001	0.001
0.001	0.225	0.001	0.773
0.032	0.001	0.001	0.966
0.001	0.720	0.278	0.001
0.997	0.001	0.001	0.001
>GMTTCCAA	2-GMTTCCAA	8.291896	-20.003061	0	T:62.0(13.03%),B:2832.8(5.73%),P:1e-8	Tpos:445.3,Tstd:471.1,Bpos:215.4,Bstd:125.0,StrandBias:0.3,Multiplicity:1.15
0.331	0.010	0.658	0.001
0.470	0.486	0.044	0.001
0.005	0.004	0.001	0.990
0.391	0.001	0.001	0.607
0.001	0.997	0.001	0.001
0.154	0.844	0.001	0.001
0.764	0.001	0.050	0.185
0.980	0.003	0.016	0.001
>AGCATCCG	3-AGCATCCG	8.424948	-17.017222	0	T:40.0(8.40%),B:1571.3(3.18%),P:1e-7	Tpos:316.9,Tstd:280.8,Bpos:214.8,Bstd:123.8,StrandBias:0.3,Multiplicity:1.07
0.997	0.001	0.001	0.001
0.001	0.143	0.855	0.001
0.001	0.997	0.001	0.001
0.997	0.001	0.001	0.001
0.313	0.001	0.131	0.555
0.001	0.779	0.219	0.001
0.001	0.807	0.001	0.191
0.001	0.001	0.997	0.001
>TTTAGTGG	4-TTTAGTGG	9.337717	-13.133038	0	T:36.0(7.56%),B:1563.4(3.16%),P:1e-5	Tpos:299.0,Tstd:239.5,Bpos:215.8,Bstd:123.7,StrandBias:0.0,Multiplicity:1.00
0.001	0.001	0.001	0.997
0.001	0.001	0.001	0.997
0.001	0.001	0.001	0.997
0.821	0.001	0.001	0.177
0.001	0.001	0.997	0.001
0.001	0.001	0.001	0.997
0.001	0.001	0.997	0.001
0.001	0.001	0.997	0.001
>CGGAAGTT	5-CGGAAGTT	8.190870	-10.401282	0	T:17.0(3.57%),B:544.4(1.10%),P:1e-4	Tpos:204.9,Tstd:209.8,Bpos:209.8,Bstd:127.6,StrandBias:0.1,Multiplicity:1.24
0.001	0.997	0.001	0.001
0.001	0.001	0.997	0.001
0.001	0.001	0.767	0.231
0.779	0.069	0.151	0.001
0.997	0.001	0.001	0.001
0.001	0.184	0.633	0.182
0.001	0.001	0.001	0.997
0.001	0.001	0.238	0.760
