>GCAATAAC	1-GCAATAAC	6.908185	-16.873082	0	T:374.0(7.30%),B:2475.5(5.52%),P:1e-7	Tpos:197.9,Tstd:184.1,Bpos:134.2,Bstd:75.6,StrandBias:-0.0,Multiplicity:1.05
0.041	0.030	0.895	0.034
0.044	0.954	0.001	0.001
0.932	0.001	0.005	0.062
0.967	0.001	0.001	0.031
0.150	0.021	0.121	0.708
0.802	0.162	0.001	0.035
0.887	0.043	0.035	0.035
0.054	0.854	0.053	0.039
>TGCGYGAT	2-TGCGYGAT	8.320138	-14.915600	0	T:92.0(1.80%),B:457.7(1.02%),P:1e-6	Tpos:186.1,Tstd:168.6,Bpos:133.5,Bstd:75.9,StrandBias:-0.7,Multiplicity:1.07
0.001	0.001	0.001	0.997
0.001	0.001	0.997	0.001
0.001	0.817	0.181	0.001
0.001	0.001	0.997	0.001
0.001	0.479	0.001	0.519
0.001	0.001	0.997	0.001
0.677	0.001	0.001	0.321
0.001	0.001	0.001	0.997
>CCCGCGAC	3-CCCGCGAC	8.236954	-13.307261	0	T:6.0(0.12%),B:3.9(0.01%),P:1e-5	Tpos:145.0,Tstd:118.6,Bpos:176.3,Bstd:50.0,StrandBias:-0.4,Multiplicity:1.17
0.100	0.700	0.100	0.100
0.100	0.700	0.100	0.100
0.100	0.700	0.100	0.100
0.100	0.100	0.700	0.100
0.100	0.700	0.100	0.100
0.100	0.100	0.700	0.100
0.700	0.100	0.100	0.100
0.100	0.700	0.100	0.100
>TTTTTTTK	4-TTTTTTTK	7.795876	-5.516106	0	T:687.0(13.42%),B:5467.4(12.18%),P:1e-2	Tpos:195.0,Tstd:178.7,Bpos:135.7,Bstd:74.7,StrandBias:-0.0,Multiplicity:1.11
0.001	0.243	0.001	0.755
0.001	0.077	0.093	0.829
0.001	0.260	0.001	0.738
0.001	0.001	0.134	0.864
0.001	0.065	0.001	0.933
0.001	0.186	0.001	0.812
0.001	0.074	0.228	0.697
0.071	0.001	0.538	0.390
>CACACACG	5-CACACACG	6.372562	-4.622363	0	T:807.0(15.76%),B:6548.6(14.59%),P:1e-2	Tpos:202.7,Tstd:188.0,Bpos:134.4,Bstd:75.8,StrandBias:0.1,Multiplicity:1.23
0.142	0.696	0.001	0.161
0.888	0.026	0.084	0.002
0.017	0.666	0.189	0.128
0.887	0.001	0.063	0.049
0.020	0.751	0.090	0.139
0.870	0.021	0.061	0.048
0.001	0.789	0.105	0.105
0.139	0.159	0.455	0.247
