Factor1: 1.0215728393856802
Factor2: 0.9788827202976005
