>NHHRCTTCCTGT	1-NHHRCTTCCTGT	8.049373	-494.413744	0	T:1118.0(40.16%),B:6994.3(15.48%),P:1e-214	Tpos:275.1,Tstd:168.8,Bpos:241.1,Bstd:144.6,StrandBias:-0.0,Multiplicity:1.36
0.254	0.222	0.272	0.252
0.217	0.344	0.166	0.272
0.291	0.346	0.135	0.229
0.435	0.114	0.355	0.096
0.001	0.591	0.052	0.356
0.222	0.001	0.017	0.760
0.006	0.001	0.001	0.992
0.001	0.996	0.001	0.002
0.001	0.997	0.001	0.001
0.001	0.001	0.001	0.997
0.001	0.200	0.637	0.162
0.111	0.252	0.066	0.571
>YDGAAACCACAR	2-YDGAAACCACAR	8.183611	-246.999371	0	T:570.0(20.47%),B:3341.8(7.40%),P:1e-107	Tpos:281.0,Tstd:199.0,Bpos:242.2,Bstd:143.2,StrandBias:0.2,Multiplicity:1.16
0.172	0.370	0.208	0.250
0.352	0.143	0.269	0.237
0.236	0.240	0.406	0.118
0.603	0.157	0.031	0.209
0.816	0.001	0.166	0.017
0.714	0.144	0.141	0.001
0.049	0.883	0.017	0.051
0.001	0.991	0.007	0.001
0.787	0.085	0.006	0.122
0.001	0.895	0.058	0.046
0.997	0.001	0.001	0.001
0.320	0.143	0.378	0.159
>VDCRGGAAACCN	3-VDCRGGAAACCN	6.297271	-113.210598	0	T:1004.0(36.06%),B:10637.7(23.54%),P:1e-49	Tpos:289.8,Tstd:219.1,Bpos:239.2,Bstd:147.5,StrandBias:-0.0,Multiplicity:1.22
0.283	0.337	0.255	0.125
0.332	0.143	0.312	0.214
0.066	0.745	0.188	0.001
0.422	0.190	0.318	0.070
0.014	0.274	0.705	0.007
0.325	0.025	0.525	0.125
0.913	0.040	0.013	0.034
0.935	0.063	0.001	0.001
0.855	0.073	0.001	0.071
0.052	0.791	0.001	0.156
0.253	0.407	0.184	0.156
0.185	0.287	0.312	0.216
>DGGGCGGGGCYW	4-DGGGCGGGGCYW	8.907413	-108.263518	0	T:518.0(18.61%),B:4338.0(9.60%),P:1e-47	Tpos:304.8,Tstd:198.9,Bpos:242.3,Bstd:156.2,StrandBias:-0.0,Multiplicity:1.54
0.329	0.001	0.365	0.304
0.421	0.001	0.577	0.001
0.001	0.001	0.997	0.001
0.001	0.001	0.997	0.001
0.289	0.709	0.001	0.001
0.001	0.001	0.997	0.001
0.001	0.001	0.997	0.001
0.376	0.001	0.622	0.001
0.193	0.137	0.539	0.131
0.001	0.821	0.066	0.112
0.074	0.390	0.121	0.416
0.353	0.158	0.198	0.291
>RVCCAATSRGNR	5-RVCCAATSRGNR	8.711465	-104.736154	0	T:285.0(10.24%),B:1792.8(3.97%),P:1e-45	Tpos:289.7,Tstd:170.1,Bpos:238.4,Bstd:146.6,StrandBias:-0.1,Multiplicity:1.36
0.407	0.179	0.413	0.001
0.313	0.393	0.269	0.025
0.001	0.997	0.001	0.001
0.001	0.997	0.001	0.001
0.997	0.001	0.001	0.001
0.997	0.001	0.001	0.001
0.001	0.001	0.001	0.997
0.134	0.428	0.281	0.158
0.552	0.001	0.446	0.001
0.191	0.312	0.465	0.033
0.306	0.257	0.238	0.199
0.525	0.018	0.432	0.025
>TAACCACATCCT	6-TAACCACATCCT	11.397218	-99.663731	0	T:67.0(2.41%),B:105.1(0.23%),P:1e-43	Tpos:256.8,Tstd:106.9,Bpos:222.5,Bstd:133.7,StrandBias:0.6,Multiplicity:1.02
0.001	0.198	0.088	0.713
0.775	0.068	0.068	0.089
0.866	0.132	0.001	0.001
0.001	0.997	0.001	0.001
0.067	0.931	0.001	0.001
0.997	0.001	0.001	0.001
0.001	0.997	0.001	0.001
0.997	0.001	0.001	0.001
0.001	0.001	0.001	0.997
0.001	0.910	0.088	0.001
0.001	0.997	0.001	0.001
0.001	0.001	0.001	0.997
>CCACTTCCTVTG	7-CCACTTCCTVTG	10.773547	-87.047031	0	T:105.0(3.77%),B:351.0(0.78%),P:1e-37	Tpos:251.2,Tstd:143.7,Bpos:258.5,Bstd:139.0,StrandBias:-0.2,Multiplicity:1.00
0.107	0.785	0.107	0.001
0.001	0.997	0.001	0.001
0.819	0.001	0.107	0.073
0.001	0.956	0.042	0.001
0.001	0.113	0.001	0.885
0.001	0.082	0.001	0.916
0.189	0.773	0.001	0.037
0.001	0.997	0.001	0.001
0.001	0.001	0.136	0.862
0.311	0.309	0.379	0.001
0.079	0.001	0.001	0.919
0.001	0.001	0.793	0.205
>CTTTGATGTGGT	8-CTTTGATGTGGT	7.815625	-76.934322	0	T:371.0(13.33%),B:3083.6(6.82%),P:1e-33	Tpos:257.8,Tstd:171.3,Bpos:245.1,Bstd:141.8,StrandBias:-0.2,Multiplicity:1.10
0.022	0.792	0.094	0.092
0.149	0.068	0.001	0.782
0.026	0.112	0.109	0.753
0.047	0.001	0.084	0.868
0.053	0.066	0.832	0.049
0.716	0.105	0.065	0.114
0.147	0.007	0.127	0.719
0.033	0.106	0.778	0.083
0.087	0.007	0.028	0.878
0.117	0.024	0.691	0.168
0.087	0.149	0.635	0.129
0.127	0.145	0.160	0.568
>ACTACAATTCCC	9-ACTACAATTCCC	10.986995	-58.976153	0	T:65.0(2.33%),B:199.8(0.44%),P:1e-25	Tpos:270.3,Tstd:165.9,Bpos:226.7,Bstd:168.0,StrandBias:0.1,Multiplicity:1.32
0.997	0.001	0.001	0.001
0.001	0.822	0.059	0.118
0.001	0.001	0.001	0.997
0.844	0.001	0.074	0.081
0.001	0.997	0.001	0.001
0.725	0.118	0.156	0.001
0.537	0.188	0.165	0.110
0.165	0.246	0.148	0.441
0.061	0.002	0.147	0.790
0.001	0.997	0.001	0.001
0.001	0.997	0.001	0.001
0.001	0.997	0.001	0.001
>ATGTCGCCACGT	10-ATGTCGCCACGT	13.385136	-53.509562	0	T:12.0(0.43%),B:1.3(0.00%),P:1e-23	Tpos:240.7,Tstd:120.9,Bpos:377.9,Bstd:69.0,StrandBias:1.0,Multiplicity:1.00
0.997	0.001	0.001	0.001
0.001	0.001	0.001	0.997
0.001	0.001	0.997	0.001
0.001	0.001	0.001	0.997
0.001	0.875	0.123	0.001
0.001	0.001	0.997	0.001
0.001	0.628	0.001	0.370
0.001	0.997	0.001	0.001
0.997	0.001	0.001	0.001
0.001	0.997	0.001	0.001
0.001	0.001	0.875	0.123
0.001	0.001	0.001	0.997
>TTGATTGACATG	11-TTGATTGACATG	13.813621	-49.183126	0	T:19.0(0.68%),B:10.5(0.02%),P:1e-21	Tpos:312.2,Tstd:176.4,Bpos:230.2,Bstd:51.0,StrandBias:2.0,Multiplicity:1.00
0.001	0.001	0.087	0.911
0.001	0.001	0.001	0.997
0.001	0.087	0.911	0.001
0.997	0.001	0.001	0.001
0.087	0.001	0.001	0.911
0.001	0.001	0.001	0.997
0.001	0.001	0.997	0.001
0.997	0.001	0.001	0.001
0.001	0.997	0.001	0.001
0.997	0.001	0.001	0.001
0.001	0.001	0.154	0.844
0.001	0.001	0.997	0.001
>TGACTGACAGCA	12-TGACTGACAGCA	9.470537	-45.666718	0	T:133.0(4.78%),B:868.2(1.92%),P:1e-19	Tpos:250.4,Tstd:194.9,Bpos:238.8,Bstd:142.1,StrandBias:-0.3,Multiplicity:1.03
0.058	0.060	0.009	0.873
0.020	0.072	0.845	0.063
0.838	0.067	0.031	0.064
0.024	0.838	0.070	0.068
0.086	0.001	0.096	0.817
0.044	0.113	0.727	0.116
0.874	0.001	0.054	0.071
0.080	0.834	0.069	0.017
0.873	0.001	0.052	0.074
0.033	0.044	0.806	0.117
0.001	0.838	0.088	0.073
0.838	0.067	0.013	0.082
>CAGATGTCAGGC	13-CAGATGTCAGGC	12.355432	-40.665098	0	T:11.0(0.40%),B:2.9(0.01%),P:1e-17	Tpos:225.7,Tstd:76.2,Bpos:390.0,Bstd:69.0,StrandBias:2.2,Multiplicity:1.00
0.100	0.700	0.100	0.100
0.700	0.100	0.100	0.100
0.100	0.100	0.700	0.100
0.700	0.100	0.100	0.100
0.100	0.100	0.100	0.700
0.100	0.100	0.700	0.100
0.100	0.100	0.100	0.700
0.100	0.700	0.100	0.100
0.700	0.100	0.100	0.100
0.100	0.100	0.700	0.100
0.100	0.100	0.700	0.100
0.100	0.700	0.100	0.100
>ACCGGAAGGAGC	14-ACCGGAAGGAGC	13.167330	-32.963921	0	T:8.0(0.29%),B:0.0(0.00%),P:1e-14	Tpos:258.8,Tstd:140.5,Bpos:0.0,Bstd:0.0,StrandBias:-0.7,Multiplicity:1.00
0.696	0.113	0.087	0.104
0.051	0.808	0.065	0.076
0.089	0.688	0.097	0.126
0.088	0.061	0.741	0.110
0.076	0.084	0.764	0.076
0.769	0.057	0.103	0.071
0.808	0.046	0.069	0.077
0.120	0.028	0.791	0.061
0.087	0.080	0.767	0.066
0.743	0.091	0.073	0.093
0.094	0.105	0.697	0.104
0.074	0.729	0.118	0.079
>GGGGGGGGGGGR	15-GGGGGGGGGGGR	7.677449	-29.367153	0	T:838.0(30.10%),B:10863.7(24.04%),P:1e-12	Tpos:292.9,Tstd:204.6,Bpos:241.0,Bstd:138.3,StrandBias:0.2,Multiplicity:1.34
0.143	0.001	0.721	0.135
0.128	0.001	0.700	0.171
0.101	0.001	0.804	0.094
0.052	0.001	0.946	0.001
0.013	0.001	0.848	0.138
0.094	0.001	0.769	0.136
0.181	0.052	0.518	0.249
0.128	0.001	0.741	0.130
0.054	0.001	0.938	0.007
0.024	0.001	0.958	0.017
0.194	0.087	0.718	0.001
0.406	0.131	0.391	0.072
>TAACCCTAAGGG	16-TAACCCTAAGGG	12.355432	-25.640472	0	T:9.0(0.32%),B:5.0(0.01%),P:1e-11	Tpos:387.7,Tstd:105.0,Bpos:302.7,Bstd:135.6,StrandBias:-1.8,Multiplicity:1.00
0.100	0.100	0.100	0.700
0.700	0.100	0.100	0.100
0.700	0.100	0.100	0.100
0.100	0.700	0.100	0.100
0.100	0.700	0.100	0.100
0.100	0.700	0.100	0.100
0.100	0.100	0.100	0.700
0.700	0.100	0.100	0.100
0.700	0.100	0.100	0.100
0.100	0.100	0.700	0.100
0.100	0.100	0.700	0.100
0.100	0.100	0.700	0.100
>AGGCGTGTTCTT	17-AGGCGTGTTCTT	14.318233	-25.640472	0	T:9.0(0.32%),B:4.5(0.01%),P:1e-11	Tpos:364.1,Tstd:110.6,Bpos:275.7,Bstd:95.6,StrandBias:-1.0,Multiplicity:1.00
0.997	0.001	0.001	0.001
0.001	0.001	0.997	0.001
0.001	0.001	0.997	0.001
0.115	0.883	0.001	0.001
0.001	0.001	0.997	0.001
0.001	0.001	0.001	0.997
0.001	0.001	0.997	0.001
0.001	0.001	0.001	0.997
0.001	0.115	0.001	0.883
0.001	0.997	0.001	0.001
0.001	0.001	0.001	0.997
0.001	0.001	0.001	0.997
>TCTTGCACAGAA	18-TCTTGCACAGAA	16.460918	-23.295972	0	T:7.0(0.25%),B:2.1(0.00%),P:1e-10	Tpos:183.1,Tstd:82.0,Bpos:225.0,Bstd:0.0,StrandBias:10.0,Multiplicity:1.00
0.001	0.001	0.001	0.997
0.001	0.997	0.001	0.001
0.001	0.001	0.001	0.997
0.001	0.130	0.001	0.868
0.001	0.001	0.997	0.001
0.001	0.997	0.001	0.001
0.997	0.001	0.001	0.001
0.001	0.997	0.001	0.001
0.997	0.001	0.001	0.001
0.001	0.001	0.997	0.001
0.997	0.001	0.001	0.001
0.997	0.001	0.001	0.001
>ACATCCTGCCTA	19-ACATCCTGCCTA	7.289785	-21.052208	0	T:31.0(1.11%),B:132.1(0.29%),P:1e-9	Tpos:279.3,Tstd:236.8,Bpos:260.5,Bstd:134.2,StrandBias:1.2,Multiplicity:1.44
0.997	0.001	0.001	0.001
0.001	0.997	0.001	0.001
0.997	0.001	0.001	0.001
0.001	0.001	0.001	0.997
0.001	0.997	0.001	0.001
0.001	0.997	0.001	0.001
0.001	0.001	0.001	0.997
0.001	0.001	0.997	0.001
0.001	0.997	0.001	0.001
0.001	0.908	0.090	0.001
0.001	0.001	0.001	0.997
0.997	0.001	0.001	0.001
>TGCAGTCAATGT	20-TGCAGTCAATGT	12.079744	-17.591051	0	T:17.0(0.61%),B:49.4(0.11%),P:1e-7	Tpos:372.9,Tstd:203.7,Bpos:257.4,Bstd:120.2,StrandBias:-1.3,Multiplicity:2.19
0.001	0.001	0.001	0.997
0.001	0.001	0.962	0.036
0.001	0.997	0.001	0.001
0.997	0.001	0.001	0.001
0.001	0.001	0.997	0.001
0.001	0.381	0.001	0.617
0.043	0.955	0.001	0.001
0.997	0.001	0.001	0.001
0.947	0.001	0.021	0.031
0.057	0.001	0.001	0.941
0.001	0.001	0.997	0.001
0.001	0.001	0.043	0.955
>TGATMAAAASAC	21-TGATMAAAASAC	9.475281	-17.175341	0	T:70.0(2.51%),B:552.8(1.22%),P:1e-7	Tpos:238.7,Tstd:169.4,Bpos:236.9,Bstd:141.3,StrandBias:0.4,Multiplicity:1.02
0.135	0.001	0.001	0.863
0.001	0.109	0.783	0.107
0.957	0.001	0.041	0.001
0.142	0.078	0.016	0.764
0.513	0.485	0.001	0.001
0.890	0.068	0.001	0.041
0.833	0.083	0.001	0.083
0.637	0.001	0.361	0.001
0.608	0.001	0.390	0.001
0.119	0.460	0.420	0.001
0.997	0.001	0.001	0.001
0.120	0.847	0.032	0.001
>TTCTCTATGATA	22-TTCTCTATGATA	14.367555	-14.376710	0	T:4.0(0.14%),B:1.9(0.00%),P:1e-6	Tpos:216.3,Tstd:72.3,Bpos:155.0,Bstd:41.3,StrandBias:1.8,Multiplicity:2.25
0.001	0.001	0.001	0.997
0.001	0.001	0.001	0.997
0.001	0.997	0.001	0.001
0.001	0.001	0.001	0.997
0.001	0.997	0.001	0.001
0.001	0.001	0.001	0.997
0.997	0.001	0.001	0.001
0.001	0.001	0.001	0.997
0.001	0.107	0.891	0.001
0.997	0.001	0.001	0.001
0.001	0.001	0.001	0.997
0.997	0.001	0.001	0.001
>AGGGGACCTCAC	23-AGGGGACCTCAC	16.498232	-10.199425	0	T:3.0(0.11%),B:1.8(0.00%),P:1e-4	Tpos:133.0,Tstd:70.3,Bpos:323.8,Bstd:79.5,StrandBias:10.0,Multiplicity:4.33
0.997	0.001	0.001	0.001
0.001	0.001	0.997	0.001
0.001	0.001	0.997	0.001
0.001	0.001	0.997	0.001
0.001	0.001	0.997	0.001
0.997	0.001	0.001	0.001
0.001	0.997	0.001	0.001
0.001	0.997	0.001	0.001
0.001	0.001	0.001	0.997
0.001	0.997	0.001	0.001
0.997	0.001	0.001	0.001
0.097	0.901	0.001	0.001
>AGTGATCATAGG	24-AGTGATCATAGG	6.517702	-7.994696	0	T:726.0(26.08%),B:10529.9(23.30%),P:1e-3	Tpos:274.5,Tstd:200.0,Bpos:241.6,Bstd:139.9,StrandBias:0.1,Multiplicity:1.18
0.700	0.100	0.100	0.100
0.100	0.100	0.700	0.100
0.100	0.100	0.100	0.700
0.100	0.100	0.700	0.100
0.700	0.100	0.100	0.100
0.100	0.100	0.100	0.700
0.100	0.700	0.100	0.100
0.700	0.100	0.100	0.100
0.100	0.100	0.100	0.700
0.700	0.100	0.100	0.100
0.100	0.100	0.700	0.100
0.100	0.100	0.700	0.100
>NYATCTATAGDD	25-NYATCTATAGDD	7.744813	-4.962550	0	T:2.0(0.07%),B:2.2(0.00%),P:1e-2	Tpos:389.6,Tstd:195.6,Bpos:107.5,Bstd:59.9,StrandBias:10.0,Multiplicity:5.50
0.203	0.282	0.255	0.260
0.138	0.317	0.173	0.373
0.659	0.173	0.052	0.116
0.081	0.116	0.138	0.665
0.144	0.602	0.145	0.109
0.109	0.173	0.252	0.466
0.594	0.145	0.116	0.145
0.145	0.087	0.202	0.566
0.459	0.309	0.087	0.145
0.116	0.145	0.680	0.059
0.195	0.144	0.316	0.344
0.347	0.196	0.225	0.232
