>CACTTCCG	1-CACTTCCG	5.093296	-386.400507	0	T:958.0(34.41%),B:6177.8(13.67%),P:1e-167	Tpos:272.3,Tstd:166.3,Bpos:239.4,Bstd:148.1,StrandBias:-0.1,Multiplicity:1.28
0.001	0.692	0.001	0.306
0.997	0.001	0.001	0.001
0.001	0.672	0.001	0.326
0.354	0.001	0.001	0.644
0.001	0.001	0.001	0.997
0.001	0.997	0.001	0.001
0.001	0.997	0.001	0.001
0.001	0.001	0.979	0.019
>RCMGGAAR	2-RCMGGAAR	5.788042	-326.558974	0	T:1143.0(41.06%),B:9012.6(19.95%),P:1e-141	Tpos:273.2,Tstd:171.2,Bpos:241.4,Bstd:146.9,StrandBias:-0.1,Multiplicity:1.31
0.507	0.001	0.491	0.001
0.001	0.997	0.001	0.001
0.531	0.467	0.001	0.001
0.001	0.001	0.997	0.001
0.001	0.001	0.997	0.001
0.997	0.001	0.001	0.001
0.961	0.001	0.001	0.037
0.492	0.001	0.506	0.001
>AAACCACA	3-AAACCACA	7.676117	-258.377023	0	T:508.0(18.25%),B:2656.8(5.88%),P:1e-112	Tpos:295.6,Tstd:203.3,Bpos:241.7,Bstd:149.9,StrandBias:0.1,Multiplicity:1.15
0.670	0.098	0.001	0.231
0.997	0.001	0.001	0.001
0.997	0.001	0.001	0.001
0.001	0.997	0.001	0.001
0.001	0.997	0.001	0.001
0.948	0.001	0.050	0.001
0.001	0.997	0.001	0.001
0.997	0.001	0.001	0.001
>GGCGKTTT	4-GGCGKTTT	4.288290	-107.115616	0	T:1486.0(53.38%),B:18001.4(39.84%),P:1e-46	Tpos:295.5,Tstd:221.4,Bpos:237.9,Bstd:157.1,StrandBias:0.0,Multiplicity:1.47
0.174	0.233	0.410	0.183
0.127	0.208	0.460	0.205
0.076	0.506	0.188	0.230
0.017	0.109	0.709	0.165
0.075	0.222	0.423	0.280
0.046	0.149	0.083	0.722
0.099	0.051	0.119	0.731
0.189	0.281	0.078	0.452
>TACGTCAC	5-TACGTCAC	3.192514	-90.867997	0	T:527.0(18.93%),B:4739.4(10.49%),P:1e-39	Tpos:311.6,Tstd:199.9,Bpos:240.5,Bstd:163.0,StrandBias:0.1,Multiplicity:1.17
0.201	0.260	0.030	0.509
0.741	0.001	0.257	0.001
0.001	0.997	0.001	0.001
0.001	0.001	0.997	0.001
0.001	0.001	0.001	0.997
0.001	0.997	0.001	0.001
0.997	0.001	0.001	0.001
0.001	0.754	0.163	0.082
>ACCAATCG	6-ACCAATCG	6.616144	-86.695933	0	T:427.0(15.34%),B:3591.9(7.95%),P:1e-37	Tpos:298.5,Tstd:208.9,Bpos:242.9,Bstd:146.5,StrandBias:-0.2,Multiplicity:1.23
0.460	0.146	0.166	0.228
0.081	0.884	0.029	0.006
0.042	0.877	0.080	0.001
0.864	0.039	0.033	0.064
0.951	0.039	0.001	0.009
0.145	0.113	0.018	0.724
0.128	0.718	0.053	0.101
0.266	0.161	0.532	0.041
>YGATTGGC	7-YGATTGGC	8.210369	-84.350086	0	T:258.0(9.27%),B:1728.3(3.83%),P:1e-36	Tpos:283.9,Tstd:171.1,Bpos:233.3,Bstd:147.0,StrandBias:-0.0,Multiplicity:1.22
0.001	0.511	0.088	0.400
0.035	0.134	0.776	0.055
0.997	0.001	0.001	0.001
0.001	0.001	0.001	0.997
0.015	0.012	0.001	0.972
0.001	0.008	0.990	0.001
0.001	0.001	0.997	0.001
0.016	0.862	0.049	0.073
>CTTCCGTT	8-CTTCCGTT	7.096255	-82.839599	0	T:614.0(22.05%),B:6008.1(13.30%),P:1e-35	Tpos:286.3,Tstd:217.3,Bpos:240.5,Bstd:148.4,StrandBias:-0.1,Multiplicity:1.16
0.001	0.900	0.015	0.084
0.001	0.031	0.016	0.952
0.001	0.001	0.001	0.997
0.032	0.895	0.029	0.044
0.001	0.997	0.001	0.001
0.001	0.001	0.789	0.209
0.028	0.150	0.001	0.821
0.001	0.114	0.114	0.771
>TAGGCGGG	9-TAGGCGGG	5.528425	-80.678864	0	T:855.0(30.71%),B:9341.0(20.67%),P:1e-35	Tpos:310.3,Tstd:219.6,Bpos:239.8,Bstd:163.6,StrandBias:0.1,Multiplicity:2.11
0.165	0.001	0.194	0.640
0.697	0.001	0.280	0.022
0.015	0.001	0.974	0.010
0.001	0.018	0.980	0.001
0.001	0.997	0.001	0.001
0.001	0.001	0.997	0.001
0.001	0.001	0.963	0.035
0.091	0.001	0.896	0.012
>TTTGATGT	10-TTTGATGT	5.353881	-49.674832	0	T:1445.0(51.90%),B:19334.2(42.79%),P:1e-21	Tpos:284.0,Tstd:213.1,Bpos:239.1,Bstd:146.4,StrandBias:0.0,Multiplicity:1.39
0.064	0.073	0.018	0.845
0.035	0.136	0.092	0.737
0.086	0.069	0.021	0.824
0.060	0.023	0.834	0.083
0.702	0.101	0.072	0.125
0.186	0.100	0.156	0.558
0.052	0.052	0.851	0.045
0.083	0.068	0.074	0.775
>AGATCAAA	11-AGATCAAA	5.734510	-42.415049	0	T:1161.0(41.70%),B:15188.9(33.62%),P:1e-18	Tpos:279.9,Tstd:216.7,Bpos:242.3,Bstd:144.7,StrandBias:0.1,Multiplicity:1.46
0.719	0.119	0.047	0.115
0.041	0.269	0.642	0.048
0.810	0.029	0.031	0.130
0.034	0.123	0.057	0.786
0.077	0.732	0.111	0.080
0.829	0.018	0.044	0.109
0.624	0.196	0.121	0.059
0.863	0.054	0.050	0.033
>MGCCACAH	12-MGCCACAH	5.176008	-41.135219	0	T:881.0(31.65%),B:10990.1(24.32%),P:1e-17	Tpos:278.9,Tstd:216.5,Bpos:242.7,Bstd:149.0,StrandBias:0.2,Multiplicity:1.19
0.359	0.406	0.025	0.210
0.151	0.031	0.775	0.043
0.132	0.690	0.024	0.154
0.108	0.571	0.131	0.190
0.693	0.021	0.106	0.180
0.194	0.614	0.093	0.099
0.625	0.036	0.208	0.131
0.367	0.242	0.115	0.277
>TGCGTAAC	13-TGCGTAAC	5.563093	-38.904095	0	T:477.0(17.13%),B:5269.3(11.66%),P:1e-16	Tpos:274.0,Tstd:206.0,Bpos:240.3,Bstd:151.2,StrandBias:-0.0,Multiplicity:1.11
0.068	0.082	0.051	0.799
0.126	0.040	0.791	0.043
0.151	0.728	0.069	0.052
0.071	0.059	0.776	0.094
0.051	0.030	0.103	0.816
0.829	0.022	0.087	0.062
0.708	0.076	0.097	0.119
0.146	0.560	0.187	0.107
>TTACCACA	14-TTACCACA	8.625525	-36.822340	0	T:207.0(7.44%),B:1815.8(4.02%),P:1e-15	Tpos:281.0,Tstd:185.4,Bpos:238.2,Bstd:144.9,StrandBias:0.0,Multiplicity:1.10
0.001	0.001	0.001	0.997
0.001	0.211	0.001	0.787
0.997	0.001	0.001	0.001
0.001	0.997	0.001	0.001
0.001	0.888	0.001	0.110
0.997	0.001	0.001	0.001
0.001	0.997	0.001	0.001
0.997	0.001	0.001	0.001
>TGTCAATC	15-TGTCAATC	7.772024	-27.539153	0	T:154.0(5.53%),B:1352.5(2.99%),P:1e-11	Tpos:301.0,Tstd:228.2,Bpos:241.5,Bstd:143.9,StrandBias:-0.1,Multiplicity:1.07
0.001	0.088	0.001	0.910
0.001	0.001	0.997	0.001
0.001	0.001	0.001	0.997
0.001	0.997	0.001	0.001
0.997	0.001	0.001	0.001
0.579	0.001	0.419	0.001
0.001	0.001	0.001	0.997
0.001	0.997	0.001	0.001
>CCCCCCCC	16-CCCCCCCC	7.602795	-25.627561	0	T:803.0(28.84%),B:10521.2(23.29%),P:1e-11	Tpos:292.8,Tstd:202.5,Bpos:241.5,Bstd:138.8,StrandBias:-0.1,Multiplicity:1.44
0.001	0.955	0.001	0.043
0.024	0.942	0.001	0.033
0.127	0.871	0.001	0.001
0.150	0.848	0.001	0.001
0.230	0.711	0.001	0.058
0.069	0.929	0.001	0.001
0.001	0.963	0.001	0.035
0.001	0.974	0.007	0.018
>CTTATCRC	17-CTTATCRC	7.658843	-22.489549	0	T:166.0(5.96%),B:1601.2(3.54%),P:1e-9	Tpos:272.5,Tstd:185.4,Bpos:244.9,Bstd:139.8,StrandBias:-0.0,Multiplicity:1.06
0.047	0.654	0.207	0.092
0.001	0.041	0.012	0.946
0.041	0.001	0.001	0.957
0.997	0.001	0.001	0.001
0.001	0.001	0.001	0.997
0.001	0.607	0.391	0.001
0.447	0.001	0.446	0.107
0.007	0.846	0.001	0.146
