>CACTTCCTGT	1-CACTTCCTGT	7.739236	-527.334044	0	T:1068.0(38.36%),B:6180.4(13.68%),P:1e-229	Tpos:269.8,Tstd:162.4,Bpos:241.3,Bstd:146.1,StrandBias:0.0,Multiplicity:1.32
0.100	0.583	0.109	0.208
0.757	0.031	0.188	0.024
0.001	0.770	0.012	0.217
0.206	0.007	0.009	0.778
0.004	0.005	0.008	0.983
0.001	0.984	0.011	0.004
0.004	0.988	0.007	0.001
0.003	0.010	0.056	0.931
0.009	0.158	0.678	0.155
0.130	0.291	0.029	0.550
>NNAAACCACA	2-NNAAACCACA	7.448336	-263.656308	0	T:811.0(29.13%),B:5759.4(12.75%),P:1e-114	Tpos:286.4,Tstd:198.6,Bpos:240.5,Bstd:145.5,StrandBias:0.1,Multiplicity:1.25
0.329	0.222	0.269	0.181
0.278	0.245	0.308	0.169
0.726	0.110	0.044	0.120
0.703	0.008	0.205	0.084
0.785	0.138	0.076	0.001
0.001	0.984	0.014	0.001
0.001	0.988	0.010	0.001
0.803	0.040	0.079	0.078
0.008	0.924	0.001	0.067
0.780	0.129	0.012	0.079
>CTTCCKSTTT	3-CTTCCKSTTT	6.821493	-193.229634	0	T:1294.0(46.48%),B:13096.3(28.98%),P:1e-83	Tpos:284.4,Tstd:204.8,Bpos:241.0,Bstd:146.9,StrandBias:-0.0,Multiplicity:1.33
0.001	0.519	0.250	0.230
0.001	0.198	0.028	0.773
0.001	0.001	0.052	0.946
0.001	0.923	0.039	0.037
0.001	0.860	0.080	0.059
0.016	0.049	0.531	0.404
0.049	0.360	0.467	0.123
0.001	0.269	0.127	0.603
0.017	0.340	0.001	0.642
0.183	0.244	0.001	0.572
>CCGATTGGCB	4-CCGATTGGCB	7.559541	-119.592883	0	T:312.0(11.21%),B:1918.5(4.25%),P:1e-51	Tpos:298.8,Tstd:193.1,Bpos:232.2,Bstd:151.3,StrandBias:0.1,Multiplicity:1.38
0.229	0.407	0.114	0.250
0.039	0.463	0.280	0.218
0.071	0.137	0.539	0.253
0.977	0.001	0.021	0.001
0.001	0.001	0.001	0.997
0.135	0.031	0.001	0.833
0.033	0.030	0.900	0.037
0.001	0.013	0.985	0.001
0.196	0.420	0.137	0.247
0.025	0.319	0.268	0.388
>DGGGCGGGKC	5-DGGGCGGGKC	7.110962	-107.651360	0	T:908.0(32.61%),B:9422.8(20.85%),P:1e-46	Tpos:305.7,Tstd:213.3,Bpos:239.1,Bstd:159.8,StrandBias:0.1,Multiplicity:1.99
0.315	0.001	0.371	0.312
0.392	0.015	0.589	0.004
0.001	0.001	0.997	0.001
0.001	0.001	0.997	0.001
0.027	0.799	0.001	0.173
0.001	0.001	0.949	0.049
0.001	0.001	0.757	0.241
0.269	0.044	0.508	0.179
0.148	0.129	0.417	0.306
0.131	0.469	0.142	0.258
>YGATTGGTCG	6-YGATTGGTCG	6.890268	-95.548467	0	T:377.0(13.54%),B:2881.4(6.38%),P:1e-41	Tpos:284.8,Tstd:165.4,Bpos:247.8,Bstd:142.9,StrandBias:-0.1,Multiplicity:1.20
0.001	0.466	0.087	0.446
0.118	0.161	0.463	0.258
0.831	0.055	0.094	0.020
0.001	0.040	0.001	0.958
0.047	0.031	0.001	0.921
0.001	0.093	0.799	0.107
0.001	0.098	0.854	0.047
0.202	0.190	0.113	0.495
0.001	0.675	0.001	0.323
0.236	0.180	0.583	0.001
>GAGGAAACCG	7-GAGGAAACCG	6.770424	-81.639433	0	T:651.0(23.38%),B:6522.2(14.44%),P:1e-35	Tpos:283.6,Tstd:214.7,Bpos:240.9,Bstd:151.0,StrandBias:-0.0,Multiplicity:1.12
0.099	0.147	0.739	0.015
0.808	0.133	0.027	0.032
0.078	0.085	0.791	0.046
0.042	0.066	0.825	0.067
0.802	0.026	0.055	0.117
0.895	0.007	0.049	0.049
0.848	0.050	0.029	0.073
0.062	0.806	0.091	0.041
0.104	0.773	0.048	0.075
0.076	0.144	0.719	0.061
>CTTTGATGTK	8-CTTTGATGTK	7.162345	-81.581994	0	T:713.0(25.61%),B:7355.8(16.28%),P:1e-35	Tpos:271.0,Tstd:189.3,Bpos:240.7,Bstd:145.8,StrandBias:-0.1,Multiplicity:1.20
0.001	0.876	0.059	0.064
0.014	0.037	0.001	0.948
0.004	0.138	0.169	0.689
0.099	0.001	0.001	0.899
0.028	0.090	0.881	0.001
0.807	0.015	0.001	0.177
0.314	0.009	0.074	0.603
0.023	0.356	0.615	0.006
0.215	0.096	0.035	0.654
0.172	0.191	0.260	0.377
>TGACGTCAKA	9-TGACGTCAKA	5.426212	-69.950732	0	T:950.0(34.12%),B:11005.4(24.36%),P:1e-30	Tpos:284.8,Tstd:195.9,Bpos:240.3,Bstd:148.0,StrandBias:-0.0,Multiplicity:1.27
0.155	0.108	0.027	0.710
0.051	0.120	0.760	0.069
0.817	0.021	0.032	0.130
0.069	0.894	0.025	0.012
0.155	0.010	0.765	0.070
0.054	0.033	0.148	0.765
0.046	0.607	0.319	0.028
0.832	0.001	0.010	0.157
0.120	0.209	0.368	0.303
0.605	0.129	0.122	0.144
>TGABTGACRS	10-TGABTGACRS	7.049238	-50.220456	0	T:219.0(7.87%),B:1736.0(3.84%),P:1e-21	Tpos:262.4,Tstd:197.4,Bpos:240.5,Bstd:141.7,StrandBias:0.0,Multiplicity:1.10
0.271	0.137	0.059	0.533
0.035	0.227	0.637	0.101
0.575	0.050	0.311	0.064
0.023	0.351	0.277	0.349
0.080	0.065	0.206	0.649
0.109	0.274	0.587	0.030
0.531	0.034	0.368	0.067
0.086	0.881	0.010	0.023
0.473	0.010	0.512	0.005
0.241	0.277	0.410	0.072
>TTTACCACAC	11-TTTACCACAC	8.436592	-47.503229	0	T:139.0(4.99%),B:909.5(2.01%),P:1e-20	Tpos:275.2,Tstd:178.7,Bpos:235.1,Bstd:145.4,StrandBias:0.4,Multiplicity:1.05
0.011	0.126	0.044	0.819
0.001	0.019	0.008	0.972
0.074	0.001	0.001	0.924
0.997	0.001	0.001	0.001
0.062	0.868	0.038	0.032
0.008	0.979	0.001	0.012
0.789	0.073	0.081	0.057
0.013	0.985	0.001	0.001
0.984	0.014	0.001	0.001
0.064	0.757	0.119	0.060
>ACTACAATTC	12-ACTACAATTC	9.497285	-37.102516	0	T:66.0(2.37%),B:316.2(0.70%),P:1e-16	Tpos:281.0,Tstd:170.0,Bpos:233.4,Bstd:159.6,StrandBias:0.3,Multiplicity:1.15
0.984	0.014	0.001	0.001
0.001	0.983	0.001	0.015
0.001	0.001	0.001	0.997
0.951	0.001	0.047	0.001
0.001	0.986	0.012	0.001
0.997	0.001	0.001	0.001
0.666	0.006	0.050	0.278
0.001	0.295	0.104	0.600
0.001	0.001	0.018	0.980
0.001	0.975	0.001	0.023
>AGCACTTCCG	13-AGCACTTCCG	7.919671	-32.135795	0	T:77.0(2.77%),B:453.7(1.00%),P:1e-13	Tpos:223.8,Tstd:139.2,Bpos:250.9,Bstd:152.4,StrandBias:-0.5,Multiplicity:1.07
0.461	0.043	0.241	0.255
0.153	0.204	0.588	0.055
0.224	0.502	0.053	0.221
0.843	0.055	0.055	0.047
0.039	0.570	0.053	0.338
0.128	0.039	0.033	0.800
0.051	0.028	0.063	0.858
0.046	0.578	0.175	0.201
0.191	0.612	0.191	0.006
0.240	0.006	0.718	0.036
>GTTCTTATCT	14-GTTCTTATCT	6.139903	-31.744067	0	T:267.0(9.59%),B:2667.3(5.90%),P:1e-13	Tpos:278.9,Tstd:203.4,Bpos:242.3,Bstd:146.0,StrandBias:0.3,Multiplicity:1.07
0.121	0.172	0.557	0.150
0.130	0.130	0.148	0.592
0.140	0.070	0.177	0.613
0.118	0.596	0.130	0.156
0.143	0.097	0.156	0.604
0.103	0.145	0.172	0.580
0.687	0.173	0.108	0.032
0.163	0.112	0.165	0.560
0.136	0.595	0.101	0.168
0.073	0.141	0.175	0.611
>GTAGGAGGAG	15-GTAGGAGGAG	9.365181	-29.370902	0	T:99.0(3.56%),B:703.3(1.56%),P:1e-12	Tpos:342.8,Tstd:230.5,Bpos:247.6,Bstd:146.0,StrandBias:0.4,Multiplicity:1.19
0.125	0.001	0.873	0.001
0.001	0.001	0.001	0.997
0.794	0.144	0.061	0.001
0.001	0.001	0.997	0.001
0.033	0.001	0.965	0.001
0.876	0.090	0.033	0.001
0.001	0.001	0.888	0.110
0.124	0.001	0.874	0.001
0.812	0.001	0.001	0.186
0.001	0.075	0.887	0.037
>GTTTTCAACG	16-GTTTTCAACG	8.260424	-28.101407	0	T:58.0(2.08%),B:312.9(0.69%),P:1e-12	Tpos:275.3,Tstd:172.9,Bpos:223.1,Bstd:147.1,StrandBias:0.6,Multiplicity:1.00
0.001	0.001	0.962	0.036
0.053	0.001	0.001	0.945
0.001	0.054	0.054	0.891
0.098	0.001	0.098	0.803
0.001	0.027	0.001	0.971
0.047	0.800	0.099	0.054
0.989	0.009	0.001	0.001
0.919	0.079	0.001	0.001
0.062	0.877	0.001	0.060
0.068	0.058	0.873	0.001
>TCACCACAAG	17-TCACCACAAG	8.690798	-26.603425	0	T:104.0(3.74%),B:793.6(1.76%),P:1e-11	Tpos:270.5,Tstd:169.3,Bpos:244.0,Bstd:149.4,StrandBias:0.6,Multiplicity:1.00
0.068	0.014	0.099	0.819
0.001	0.997	0.001	0.001
0.810	0.006	0.183	0.001
0.001	0.617	0.215	0.167
0.110	0.796	0.001	0.093
0.719	0.001	0.226	0.054
0.051	0.879	0.069	0.001
0.697	0.002	0.209	0.092
0.945	0.001	0.053	0.001
0.070	0.142	0.686	0.102
>CCCMCCCCCC	18-CCCMCCCCCC	9.380429	-22.662680	0	T:441.0(15.84%),B:5331.9(11.80%),P:1e-9	Tpos:292.4,Tstd:199.4,Bpos:241.9,Bstd:135.3,StrandBias:-0.2,Multiplicity:1.19
0.001	0.589	0.001	0.409
0.001	0.997	0.001	0.001
0.001	0.997	0.001	0.001
0.447	0.551	0.001	0.001
0.140	0.858	0.001	0.001
0.407	0.591	0.001	0.001
0.001	0.997	0.001	0.001
0.001	0.836	0.001	0.162
0.001	0.826	0.001	0.172
0.252	0.746	0.001	0.001
>CGTTTTGAAG	19-CGTTTTGAAG	9.791775	-22.650243	0	T:43.0(1.54%),B:221.3(0.49%),P:1e-9	Tpos:248.8,Tstd:175.9,Bpos:221.1,Bstd:140.6,StrandBias:0.3,Multiplicity:1.03
0.001	0.887	0.111	0.001
0.001	0.120	0.703	0.176
0.001	0.050	0.001	0.948
0.001	0.033	0.001	0.965
0.001	0.082	0.001	0.916
0.034	0.001	0.028	0.937
0.083	0.028	0.888	0.001
0.924	0.001	0.041	0.034
0.965	0.001	0.033	0.001
0.044	0.001	0.954	0.001
>ACACAGTGTT	20-ACACAGTGTT	8.917200	-19.239881	0	T:24.0(0.86%),B:89.8(0.20%),P:1e-8	Tpos:261.3,Tstd:145.1,Bpos:241.6,Bstd:139.4,StrandBias:0.0,Multiplicity:1.00
0.731	0.100	0.087	0.082
0.066	0.724	0.108	0.102
0.647	0.107	0.165	0.081
0.119	0.702	0.087	0.092
0.615	0.116	0.151	0.118
0.126	0.081	0.730	0.063
0.052	0.141	0.089	0.718
0.128	0.142	0.663	0.067
0.108	0.086	0.083	0.723
0.122	0.053	0.074	0.751
>GCAGTTAGGT	21-GCAGTTAGGT	9.769983	-15.196208	0	T:46.0(1.65%),B:319.9(0.71%),P:1e-6	Tpos:248.6,Tstd:155.7,Bpos:243.6,Bstd:152.5,StrandBias:-0.8,Multiplicity:1.27
0.069	0.010	0.920	0.001
0.001	0.994	0.004	0.001
0.913	0.046	0.040	0.001
0.001	0.010	0.988	0.001
0.001	0.005	0.001	0.993
0.060	0.035	0.296	0.609
0.909	0.001	0.089	0.001
0.045	0.041	0.897	0.017
0.042	0.057	0.890	0.011
0.013	0.060	0.008	0.919
>ACCCTAAGGG	22-ACCCTAAGGG	10.296193	-14.892862	0	T:13.0(0.47%),B:34.4(0.08%),P:1e-6	Tpos:351.0,Tstd:142.2,Bpos:270.3,Bstd:135.8,StrandBias:-1.2,Multiplicity:1.00
0.700	0.100	0.100	0.100
0.100	0.700	0.100	0.100
0.100	0.700	0.100	0.100
0.100	0.700	0.100	0.100
0.100	0.100	0.100	0.700
0.700	0.100	0.100	0.100
0.700	0.100	0.100	0.100
0.100	0.100	0.700	0.100
0.100	0.100	0.700	0.100
0.100	0.100	0.700	0.100
>CTAGCGTCTT	23-CTAGCGTCTT	10.296193	-13.385612	0	T:5.0(0.18%),B:3.6(0.01%),P:1e-5	Tpos:241.8,Tstd:140.3,Bpos:322.6,Bstd:51.6,StrandBias:0.6,Multiplicity:1.00
0.100	0.700	0.100	0.100
0.100	0.100	0.100	0.700
0.700	0.100	0.100	0.100
0.100	0.100	0.700	0.100
0.100	0.700	0.100	0.100
0.100	0.100	0.700	0.100
0.100	0.100	0.100	0.700
0.100	0.700	0.100	0.100
0.100	0.100	0.100	0.700
0.100	0.100	0.100	0.700
>GAAACTAAGT	24-GAAACTAAGT	6.565868	-10.562592	0	T:35.0(1.26%),B:260.4(0.58%),P:1e-4	Tpos:377.2,Tstd:217.8,Bpos:232.4,Bstd:154.3,StrandBias:0.1,Multiplicity:1.59
0.001	0.001	0.997	0.001
0.997	0.001	0.001	0.001
0.975	0.001	0.023	0.001
0.997	0.001	0.001	0.001
0.001	0.997	0.001	0.001
0.001	0.001	0.001	0.997
0.694	0.001	0.001	0.304
0.997	0.001	0.001	0.001
0.001	0.001	0.997	0.001
0.001	0.001	0.001	0.997
>GTGATCATAG	25-GTGATCATAG	8.350283	-4.104880	0	T:58.0(2.08%),B:699.4(1.55%),P:1e-1	Tpos:284.5,Tstd:208.4,Bpos:238.8,Bstd:138.9,StrandBias:0.4,Multiplicity:1.26
0.100	0.100	0.700	0.100
0.100	0.100	0.100	0.700
0.100	0.100	0.700	0.100
0.700	0.100	0.100	0.100
0.100	0.100	0.100	0.700
0.100	0.700	0.100	0.100
0.700	0.100	0.100	0.100
0.100	0.100	0.100	0.700
0.700	0.100	0.100	0.100
0.100	0.100	0.700	0.100
>NHHRCTTCCTGT	1-NHHRCTTCCTGT	8.049373	-494.413744	0	T:1118.0(40.16%),B:6994.3(15.48%),P:1e-214	Tpos:275.1,Tstd:168.8,Bpos:241.1,Bstd:144.6,StrandBias:-0.0,Multiplicity:1.36
0.254	0.222	0.272	0.252
0.217	0.344	0.166	0.272
0.291	0.346	0.135	0.229
0.435	0.114	0.355	0.096
0.001	0.591	0.052	0.356
0.222	0.001	0.017	0.760
0.006	0.001	0.001	0.992
0.001	0.996	0.001	0.002
0.001	0.997	0.001	0.001
0.001	0.001	0.001	0.997
0.001	0.200	0.637	0.162
0.111	0.252	0.066	0.571
>YDGAAACCACAR	2-YDGAAACCACAR	8.183611	-246.999371	0	T:570.0(20.47%),B:3341.8(7.40%),P:1e-107	Tpos:281.0,Tstd:199.0,Bpos:242.2,Bstd:143.2,StrandBias:0.2,Multiplicity:1.16
0.172	0.370	0.208	0.250
0.352	0.143	0.269	0.237
0.236	0.240	0.406	0.118
0.603	0.157	0.031	0.209
0.816	0.001	0.166	0.017
0.714	0.144	0.141	0.001
0.049	0.883	0.017	0.051
0.001	0.991	0.007	0.001
0.787	0.085	0.006	0.122
0.001	0.895	0.058	0.046
0.997	0.001	0.001	0.001
0.320	0.143	0.378	0.159
>VDCRGGAAACCN	3-VDCRGGAAACCN	6.297271	-113.210598	0	T:1004.0(36.06%),B:10637.7(23.54%),P:1e-49	Tpos:289.8,Tstd:219.1,Bpos:239.2,Bstd:147.5,StrandBias:-0.0,Multiplicity:1.22
0.283	0.337	0.255	0.125
0.332	0.143	0.312	0.214
0.066	0.745	0.188	0.001
0.422	0.190	0.318	0.070
0.014	0.274	0.705	0.007
0.325	0.025	0.525	0.125
0.913	0.040	0.013	0.034
0.935	0.063	0.001	0.001
0.855	0.073	0.001	0.071
0.052	0.791	0.001	0.156
0.253	0.407	0.184	0.156
0.185	0.287	0.312	0.216
>DGGGCGGGGCYW	4-DGGGCGGGGCYW	8.907413	-108.263518	0	T:518.0(18.61%),B:4338.0(9.60%),P:1e-47	Tpos:304.8,Tstd:198.9,Bpos:242.3,Bstd:156.2,StrandBias:-0.0,Multiplicity:1.54
0.329	0.001	0.365	0.304
0.421	0.001	0.577	0.001
0.001	0.001	0.997	0.001
0.001	0.001	0.997	0.001
0.289	0.709	0.001	0.001
0.001	0.001	0.997	0.001
0.001	0.001	0.997	0.001
0.376	0.001	0.622	0.001
0.193	0.137	0.539	0.131
0.001	0.821	0.066	0.112
0.074	0.390	0.121	0.416
0.353	0.158	0.198	0.291
>RVCCAATSRGNR	5-RVCCAATSRGNR	8.711465	-104.736154	0	T:285.0(10.24%),B:1792.8(3.97%),P:1e-45	Tpos:289.7,Tstd:170.1,Bpos:238.4,Bstd:146.6,StrandBias:-0.1,Multiplicity:1.36
0.407	0.179	0.413	0.001
0.313	0.393	0.269	0.025
0.001	0.997	0.001	0.001
0.001	0.997	0.001	0.001
0.997	0.001	0.001	0.001
0.997	0.001	0.001	0.001
0.001	0.001	0.001	0.997
0.134	0.428	0.281	0.158
0.552	0.001	0.446	0.001
0.191	0.312	0.465	0.033
0.306	0.257	0.238	0.199
0.525	0.018	0.432	0.025
>TAACCACATCCT	6-TAACCACATCCT	11.397218	-99.663731	0	T:67.0(2.41%),B:105.1(0.23%),P:1e-43	Tpos:256.8,Tstd:106.9,Bpos:222.5,Bstd:133.7,StrandBias:0.6,Multiplicity:1.02
0.001	0.198	0.088	0.713
0.775	0.068	0.068	0.089
0.866	0.132	0.001	0.001
0.001	0.997	0.001	0.001
0.067	0.931	0.001	0.001
0.997	0.001	0.001	0.001
0.001	0.997	0.001	0.001
0.997	0.001	0.001	0.001
0.001	0.001	0.001	0.997
0.001	0.910	0.088	0.001
0.001	0.997	0.001	0.001
0.001	0.001	0.001	0.997
>CCACTTCCTVTG	7-CCACTTCCTVTG	10.773547	-87.047031	0	T:105.0(3.77%),B:351.0(0.78%),P:1e-37	Tpos:251.2,Tstd:143.7,Bpos:258.5,Bstd:139.0,StrandBias:-0.2,Multiplicity:1.00
0.107	0.785	0.107	0.001
0.001	0.997	0.001	0.001
0.819	0.001	0.107	0.073
0.001	0.956	0.042	0.001
0.001	0.113	0.001	0.885
0.001	0.082	0.001	0.916
0.189	0.773	0.001	0.037
0.001	0.997	0.001	0.001
0.001	0.001	0.136	0.862
0.311	0.309	0.379	0.001
0.079	0.001	0.001	0.919
0.001	0.001	0.793	0.205
>CTTTGATGTGGT	8-CTTTGATGTGGT	7.815625	-76.934322	0	T:371.0(13.33%),B:3083.6(6.82%),P:1e-33	Tpos:257.8,Tstd:171.3,Bpos:245.1,Bstd:141.8,StrandBias:-0.2,Multiplicity:1.10
0.022	0.792	0.094	0.092
0.149	0.068	0.001	0.782
0.026	0.112	0.109	0.753
0.047	0.001	0.084	0.868
0.053	0.066	0.832	0.049
0.716	0.105	0.065	0.114
0.147	0.007	0.127	0.719
0.033	0.106	0.778	0.083
0.087	0.007	0.028	0.878
0.117	0.024	0.691	0.168
0.087	0.149	0.635	0.129
0.127	0.145	0.160	0.568
>ACTACAATTCCC	9-ACTACAATTCCC	10.986995	-58.976153	0	T:65.0(2.33%),B:199.8(0.44%),P:1e-25	Tpos:270.3,Tstd:165.9,Bpos:226.7,Bstd:168.0,StrandBias:0.1,Multiplicity:1.32
0.997	0.001	0.001	0.001
0.001	0.822	0.059	0.118
0.001	0.001	0.001	0.997
0.844	0.001	0.074	0.081
0.001	0.997	0.001	0.001
0.725	0.118	0.156	0.001
0.537	0.188	0.165	0.110
0.165	0.246	0.148	0.441
0.061	0.002	0.147	0.790
0.001	0.997	0.001	0.001
0.001	0.997	0.001	0.001
0.001	0.997	0.001	0.001
>ATGTCGCCACGT	10-ATGTCGCCACGT	13.385136	-53.509562	0	T:12.0(0.43%),B:1.3(0.00%),P:1e-23	Tpos:240.7,Tstd:120.9,Bpos:377.9,Bstd:69.0,StrandBias:1.0,Multiplicity:1.00
0.997	0.001	0.001	0.001
0.001	0.001	0.001	0.997
0.001	0.001	0.997	0.001
0.001	0.001	0.001	0.997
0.001	0.875	0.123	0.001
0.001	0.001	0.997	0.001
0.001	0.628	0.001	0.370
0.001	0.997	0.001	0.001
0.997	0.001	0.001	0.001
0.001	0.997	0.001	0.001
0.001	0.001	0.875	0.123
0.001	0.001	0.001	0.997
>TTGATTGACATG	11-TTGATTGACATG	13.813621	-49.183126	0	T:19.0(0.68%),B:10.5(0.02%),P:1e-21	Tpos:312.2,Tstd:176.4,Bpos:230.2,Bstd:51.0,StrandBias:2.0,Multiplicity:1.00
0.001	0.001	0.087	0.911
0.001	0.001	0.001	0.997
0.001	0.087	0.911	0.001
0.997	0.001	0.001	0.001
0.087	0.001	0.001	0.911
0.001	0.001	0.001	0.997
0.001	0.001	0.997	0.001
0.997	0.001	0.001	0.001
0.001	0.997	0.001	0.001
0.997	0.001	0.001	0.001
0.001	0.001	0.154	0.844
0.001	0.001	0.997	0.001
>TGACTGACAGCA	12-TGACTGACAGCA	9.470537	-45.666718	0	T:133.0(4.78%),B:868.2(1.92%),P:1e-19	Tpos:250.4,Tstd:194.9,Bpos:238.8,Bstd:142.1,StrandBias:-0.3,Multiplicity:1.03
0.058	0.060	0.009	0.873
0.020	0.072	0.845	0.063
0.838	0.067	0.031	0.064
0.024	0.838	0.070	0.068
0.086	0.001	0.096	0.817
0.044	0.113	0.727	0.116
0.874	0.001	0.054	0.071
0.080	0.834	0.069	0.017
0.873	0.001	0.052	0.074
0.033	0.044	0.806	0.117
0.001	0.838	0.088	0.073
0.838	0.067	0.013	0.082
>CAGATGTCAGGC	13-CAGATGTCAGGC	12.355432	-40.665098	0	T:11.0(0.40%),B:2.9(0.01%),P:1e-17	Tpos:225.7,Tstd:76.2,Bpos:390.0,Bstd:69.0,StrandBias:2.2,Multiplicity:1.00
0.100	0.700	0.100	0.100
0.700	0.100	0.100	0.100
0.100	0.100	0.700	0.100
0.700	0.100	0.100	0.100
0.100	0.100	0.100	0.700
0.100	0.100	0.700	0.100
0.100	0.100	0.100	0.700
0.100	0.700	0.100	0.100
0.700	0.100	0.100	0.100
0.100	0.100	0.700	0.100
0.100	0.100	0.700	0.100
0.100	0.700	0.100	0.100
>ACCGGAAGGAGC	14-ACCGGAAGGAGC	13.167330	-32.963921	0	T:8.0(0.29%),B:0.0(0.00%),P:1e-14	Tpos:258.8,Tstd:140.5,Bpos:0.0,Bstd:0.0,StrandBias:-0.7,Multiplicity:1.00
0.696	0.113	0.087	0.104
0.051	0.808	0.065	0.076
0.089	0.688	0.097	0.126
0.088	0.061	0.741	0.110
0.076	0.084	0.764	0.076
0.769	0.057	0.103	0.071
0.808	0.046	0.069	0.077
0.120	0.028	0.791	0.061
0.087	0.080	0.767	0.066
0.743	0.091	0.073	0.093
0.094	0.105	0.697	0.104
0.074	0.729	0.118	0.079
>GGGGGGGGGGGR	15-GGGGGGGGGGGR	7.677449	-29.367153	0	T:838.0(30.10%),B:10863.7(24.04%),P:1e-12	Tpos:292.9,Tstd:204.6,Bpos:241.0,Bstd:138.3,StrandBias:0.2,Multiplicity:1.34
0.143	0.001	0.721	0.135
0.128	0.001	0.700	0.171
0.101	0.001	0.804	0.094
0.052	0.001	0.946	0.001
0.013	0.001	0.848	0.138
0.094	0.001	0.769	0.136
0.181	0.052	0.518	0.249
0.128	0.001	0.741	0.130
0.054	0.001	0.938	0.007
0.024	0.001	0.958	0.017
0.194	0.087	0.718	0.001
0.406	0.131	0.391	0.072
>TAACCCTAAGGG	16-TAACCCTAAGGG	12.355432	-25.640472	0	T:9.0(0.32%),B:5.0(0.01%),P:1e-11	Tpos:387.7,Tstd:105.0,Bpos:302.7,Bstd:135.6,StrandBias:-1.8,Multiplicity:1.00
0.100	0.100	0.100	0.700
0.700	0.100	0.100	0.100
0.700	0.100	0.100	0.100
0.100	0.700	0.100	0.100
0.100	0.700	0.100	0.100
0.100	0.700	0.100	0.100
0.100	0.100	0.100	0.700
0.700	0.100	0.100	0.100
0.700	0.100	0.100	0.100
0.100	0.100	0.700	0.100
0.100	0.100	0.700	0.100
0.100	0.100	0.700	0.100
>AGGCGTGTTCTT	17-AGGCGTGTTCTT	14.318233	-25.640472	0	T:9.0(0.32%),B:4.5(0.01%),P:1e-11	Tpos:364.1,Tstd:110.6,Bpos:275.7,Bstd:95.6,StrandBias:-1.0,Multiplicity:1.00
0.997	0.001	0.001	0.001
0.001	0.001	0.997	0.001
0.001	0.001	0.997	0.001
0.115	0.883	0.001	0.001
0.001	0.001	0.997	0.001
0.001	0.001	0.001	0.997
0.001	0.001	0.997	0.001
0.001	0.001	0.001	0.997
0.001	0.115	0.001	0.883
0.001	0.997	0.001	0.001
0.001	0.001	0.001	0.997
0.001	0.001	0.001	0.997
>TCTTGCACAGAA	18-TCTTGCACAGAA	16.460918	-23.295972	0	T:7.0(0.25%),B:2.1(0.00%),P:1e-10	Tpos:183.1,Tstd:82.0,Bpos:225.0,Bstd:0.0,StrandBias:10.0,Multiplicity:1.00
0.001	0.001	0.001	0.997
0.001	0.997	0.001	0.001
0.001	0.001	0.001	0.997
0.001	0.130	0.001	0.868
0.001	0.001	0.997	0.001
0.001	0.997	0.001	0.001
0.997	0.001	0.001	0.001
0.001	0.997	0.001	0.001
0.997	0.001	0.001	0.001
0.001	0.001	0.997	0.001
0.997	0.001	0.001	0.001
0.997	0.001	0.001	0.001
>ACATCCTGCCTA	19-ACATCCTGCCTA	7.289785	-21.052208	0	T:31.0(1.11%),B:132.1(0.29%),P:1e-9	Tpos:279.3,Tstd:236.8,Bpos:260.5,Bstd:134.2,StrandBias:1.2,Multiplicity:1.44
0.997	0.001	0.001	0.001
0.001	0.997	0.001	0.001
0.997	0.001	0.001	0.001
0.001	0.001	0.001	0.997
0.001	0.997	0.001	0.001
0.001	0.997	0.001	0.001
0.001	0.001	0.001	0.997
0.001	0.001	0.997	0.001
0.001	0.997	0.001	0.001
0.001	0.908	0.090	0.001
0.001	0.001	0.001	0.997
0.997	0.001	0.001	0.001
>TGCAGTCAATGT	20-TGCAGTCAATGT	12.079744	-17.591051	0	T:17.0(0.61%),B:49.4(0.11%),P:1e-7	Tpos:372.9,Tstd:203.7,Bpos:257.4,Bstd:120.2,StrandBias:-1.3,Multiplicity:2.19
0.001	0.001	0.001	0.997
0.001	0.001	0.962	0.036
0.001	0.997	0.001	0.001
0.997	0.001	0.001	0.001
0.001	0.001	0.997	0.001
0.001	0.381	0.001	0.617
0.043	0.955	0.001	0.001
0.997	0.001	0.001	0.001
0.947	0.001	0.021	0.031
0.057	0.001	0.001	0.941
0.001	0.001	0.997	0.001
0.001	0.001	0.043	0.955
>TGATMAAAASAC	21-TGATMAAAASAC	9.475281	-17.175341	0	T:70.0(2.51%),B:552.8(1.22%),P:1e-7	Tpos:238.7,Tstd:169.4,Bpos:236.9,Bstd:141.3,StrandBias:0.4,Multiplicity:1.02
0.135	0.001	0.001	0.863
0.001	0.109	0.783	0.107
0.957	0.001	0.041	0.001
0.142	0.078	0.016	0.764
0.513	0.485	0.001	0.001
0.890	0.068	0.001	0.041
0.833	0.083	0.001	0.083
0.637	0.001	0.361	0.001
0.608	0.001	0.390	0.001
0.119	0.460	0.420	0.001
0.997	0.001	0.001	0.001
0.120	0.847	0.032	0.001
>TTCTCTATGATA	22-TTCTCTATGATA	14.367555	-14.376710	0	T:4.0(0.14%),B:1.9(0.00%),P:1e-6	Tpos:216.3,Tstd:72.3,Bpos:155.0,Bstd:41.3,StrandBias:1.8,Multiplicity:2.25
0.001	0.001	0.001	0.997
0.001	0.001	0.001	0.997
0.001	0.997	0.001	0.001
0.001	0.001	0.001	0.997
0.001	0.997	0.001	0.001
0.001	0.001	0.001	0.997
0.997	0.001	0.001	0.001
0.001	0.001	0.001	0.997
0.001	0.107	0.891	0.001
0.997	0.001	0.001	0.001
0.001	0.001	0.001	0.997
0.997	0.001	0.001	0.001
>AGGGGACCTCAC	23-AGGGGACCTCAC	16.498232	-10.199425	0	T:3.0(0.11%),B:1.8(0.00%),P:1e-4	Tpos:133.0,Tstd:70.3,Bpos:323.8,Bstd:79.5,StrandBias:10.0,Multiplicity:4.33
0.997	0.001	0.001	0.001
0.001	0.001	0.997	0.001
0.001	0.001	0.997	0.001
0.001	0.001	0.997	0.001
0.001	0.001	0.997	0.001
0.997	0.001	0.001	0.001
0.001	0.997	0.001	0.001
0.001	0.997	0.001	0.001
0.001	0.001	0.001	0.997
0.001	0.997	0.001	0.001
0.997	0.001	0.001	0.001
0.097	0.901	0.001	0.001
>AGTGATCATAGG	24-AGTGATCATAGG	6.517702	-7.994696	0	T:726.0(26.08%),B:10529.9(23.30%),P:1e-3	Tpos:274.5,Tstd:200.0,Bpos:241.6,Bstd:139.9,StrandBias:0.1,Multiplicity:1.18
0.700	0.100	0.100	0.100
0.100	0.100	0.700	0.100
0.100	0.100	0.100	0.700
0.100	0.100	0.700	0.100
0.700	0.100	0.100	0.100
0.100	0.100	0.100	0.700
0.100	0.700	0.100	0.100
0.700	0.100	0.100	0.100
0.100	0.100	0.100	0.700
0.700	0.100	0.100	0.100
0.100	0.100	0.700	0.100
0.100	0.100	0.700	0.100
>NYATCTATAGDD	25-NYATCTATAGDD	7.744813	-4.962550	0	T:2.0(0.07%),B:2.2(0.00%),P:1e-2	Tpos:389.6,Tstd:195.6,Bpos:107.5,Bstd:59.9,StrandBias:10.0,Multiplicity:5.50
0.203	0.282	0.255	0.260
0.138	0.317	0.173	0.373
0.659	0.173	0.052	0.116
0.081	0.116	0.138	0.665
0.144	0.602	0.145	0.109
0.109	0.173	0.252	0.466
0.594	0.145	0.116	0.145
0.145	0.087	0.202	0.566
0.459	0.309	0.087	0.145
0.116	0.145	0.680	0.059
0.195	0.144	0.316	0.344
0.347	0.196	0.225	0.232
>CACTTCCG	1-CACTTCCG	5.093296	-386.400507	0	T:958.0(34.41%),B:6177.8(13.67%),P:1e-167	Tpos:272.3,Tstd:166.3,Bpos:239.4,Bstd:148.1,StrandBias:-0.1,Multiplicity:1.28
0.001	0.692	0.001	0.306
0.997	0.001	0.001	0.001
0.001	0.672	0.001	0.326
0.354	0.001	0.001	0.644
0.001	0.001	0.001	0.997
0.001	0.997	0.001	0.001
0.001	0.997	0.001	0.001
0.001	0.001	0.979	0.019
>RCMGGAAR	2-RCMGGAAR	5.788042	-326.558974	0	T:1143.0(41.06%),B:9012.6(19.95%),P:1e-141	Tpos:273.2,Tstd:171.2,Bpos:241.4,Bstd:146.9,StrandBias:-0.1,Multiplicity:1.31
0.507	0.001	0.491	0.001
0.001	0.997	0.001	0.001
0.531	0.467	0.001	0.001
0.001	0.001	0.997	0.001
0.001	0.001	0.997	0.001
0.997	0.001	0.001	0.001
0.961	0.001	0.001	0.037
0.492	0.001	0.506	0.001
>AAACCACA	3-AAACCACA	7.676117	-258.377023	0	T:508.0(18.25%),B:2656.8(5.88%),P:1e-112	Tpos:295.6,Tstd:203.3,Bpos:241.7,Bstd:149.9,StrandBias:0.1,Multiplicity:1.15
0.670	0.098	0.001	0.231
0.997	0.001	0.001	0.001
0.997	0.001	0.001	0.001
0.001	0.997	0.001	0.001
0.001	0.997	0.001	0.001
0.948	0.001	0.050	0.001
0.001	0.997	0.001	0.001
0.997	0.001	0.001	0.001
>GGCGKTTT	4-GGCGKTTT	4.288290	-107.115616	0	T:1486.0(53.38%),B:18001.4(39.84%),P:1e-46	Tpos:295.5,Tstd:221.4,Bpos:237.9,Bstd:157.1,StrandBias:0.0,Multiplicity:1.47
0.174	0.233	0.410	0.183
0.127	0.208	0.460	0.205
0.076	0.506	0.188	0.230
0.017	0.109	0.709	0.165
0.075	0.222	0.423	0.280
0.046	0.149	0.083	0.722
0.099	0.051	0.119	0.731
0.189	0.281	0.078	0.452
>TACGTCAC	5-TACGTCAC	3.192514	-90.867997	0	T:527.0(18.93%),B:4739.4(10.49%),P:1e-39	Tpos:311.6,Tstd:199.9,Bpos:240.5,Bstd:163.0,StrandBias:0.1,Multiplicity:1.17
0.201	0.260	0.030	0.509
0.741	0.001	0.257	0.001
0.001	0.997	0.001	0.001
0.001	0.001	0.997	0.001
0.001	0.001	0.001	0.997
0.001	0.997	0.001	0.001
0.997	0.001	0.001	0.001
0.001	0.754	0.163	0.082
>ACCAATCG	6-ACCAATCG	6.616144	-86.695933	0	T:427.0(15.34%),B:3591.9(7.95%),P:1e-37	Tpos:298.5,Tstd:208.9,Bpos:242.9,Bstd:146.5,StrandBias:-0.2,Multiplicity:1.23
0.460	0.146	0.166	0.228
0.081	0.884	0.029	0.006
0.042	0.877	0.080	0.001
0.864	0.039	0.033	0.064
0.951	0.039	0.001	0.009
0.145	0.113	0.018	0.724
0.128	0.718	0.053	0.101
0.266	0.161	0.532	0.041
>YGATTGGC	7-YGATTGGC	8.210369	-84.350086	0	T:258.0(9.27%),B:1728.3(3.83%),P:1e-36	Tpos:283.9,Tstd:171.1,Bpos:233.3,Bstd:147.0,StrandBias:-0.0,Multiplicity:1.22
0.001	0.511	0.088	0.400
0.035	0.134	0.776	0.055
0.997	0.001	0.001	0.001
0.001	0.001	0.001	0.997
0.015	0.012	0.001	0.972
0.001	0.008	0.990	0.001
0.001	0.001	0.997	0.001
0.016	0.862	0.049	0.073
>CTTCCGTT	8-CTTCCGTT	7.096255	-82.839599	0	T:614.0(22.05%),B:6008.1(13.30%),P:1e-35	Tpos:286.3,Tstd:217.3,Bpos:240.5,Bstd:148.4,StrandBias:-0.1,Multiplicity:1.16
0.001	0.900	0.015	0.084
0.001	0.031	0.016	0.952
0.001	0.001	0.001	0.997
0.032	0.895	0.029	0.044
0.001	0.997	0.001	0.001
0.001	0.001	0.789	0.209
0.028	0.150	0.001	0.821
0.001	0.114	0.114	0.771
>TAGGCGGG	9-TAGGCGGG	5.528425	-80.678864	0	T:855.0(30.71%),B:9341.0(20.67%),P:1e-35	Tpos:310.3,Tstd:219.6,Bpos:239.8,Bstd:163.6,StrandBias:0.1,Multiplicity:2.11
0.165	0.001	0.194	0.640
0.697	0.001	0.280	0.022
0.015	0.001	0.974	0.010
0.001	0.018	0.980	0.001
0.001	0.997	0.001	0.001
0.001	0.001	0.997	0.001
0.001	0.001	0.963	0.035
0.091	0.001	0.896	0.012
>TTTGATGT	10-TTTGATGT	5.353881	-49.674832	0	T:1445.0(51.90%),B:19334.2(42.79%),P:1e-21	Tpos:284.0,Tstd:213.1,Bpos:239.1,Bstd:146.4,StrandBias:0.0,Multiplicity:1.39
0.064	0.073	0.018	0.845
0.035	0.136	0.092	0.737
0.086	0.069	0.021	0.824
0.060	0.023	0.834	0.083
0.702	0.101	0.072	0.125
0.186	0.100	0.156	0.558
0.052	0.052	0.851	0.045
0.083	0.068	0.074	0.775
>AGATCAAA	11-AGATCAAA	5.734510	-42.415049	0	T:1161.0(41.70%),B:15188.9(33.62%),P:1e-18	Tpos:279.9,Tstd:216.7,Bpos:242.3,Bstd:144.7,StrandBias:0.1,Multiplicity:1.46
0.719	0.119	0.047	0.115
0.041	0.269	0.642	0.048
0.810	0.029	0.031	0.130
0.034	0.123	0.057	0.786
0.077	0.732	0.111	0.080
0.829	0.018	0.044	0.109
0.624	0.196	0.121	0.059
0.863	0.054	0.050	0.033
>MGCCACAH	12-MGCCACAH	5.176008	-41.135219	0	T:881.0(31.65%),B:10990.1(24.32%),P:1e-17	Tpos:278.9,Tstd:216.5,Bpos:242.7,Bstd:149.0,StrandBias:0.2,Multiplicity:1.19
0.359	0.406	0.025	0.210
0.151	0.031	0.775	0.043
0.132	0.690	0.024	0.154
0.108	0.571	0.131	0.190
0.693	0.021	0.106	0.180
0.194	0.614	0.093	0.099
0.625	0.036	0.208	0.131
0.367	0.242	0.115	0.277
>TGCGTAAC	13-TGCGTAAC	5.563093	-38.904095	0	T:477.0(17.13%),B:5269.3(11.66%),P:1e-16	Tpos:274.0,Tstd:206.0,Bpos:240.3,Bstd:151.2,StrandBias:-0.0,Multiplicity:1.11
0.068	0.082	0.051	0.799
0.126	0.040	0.791	0.043
0.151	0.728	0.069	0.052
0.071	0.059	0.776	0.094
0.051	0.030	0.103	0.816
0.829	0.022	0.087	0.062
0.708	0.076	0.097	0.119
0.146	0.560	0.187	0.107
>TTACCACA	14-TTACCACA	8.625525	-36.822340	0	T:207.0(7.44%),B:1815.8(4.02%),P:1e-15	Tpos:281.0,Tstd:185.4,Bpos:238.2,Bstd:144.9,StrandBias:0.0,Multiplicity:1.10
0.001	0.001	0.001	0.997
0.001	0.211	0.001	0.787
0.997	0.001	0.001	0.001
0.001	0.997	0.001	0.001
0.001	0.888	0.001	0.110
0.997	0.001	0.001	0.001
0.001	0.997	0.001	0.001
0.997	0.001	0.001	0.001
>TGTCAATC	15-TGTCAATC	7.772024	-27.539153	0	T:154.0(5.53%),B:1352.5(2.99%),P:1e-11	Tpos:301.0,Tstd:228.2,Bpos:241.5,Bstd:143.9,StrandBias:-0.1,Multiplicity:1.07
0.001	0.088	0.001	0.910
0.001	0.001	0.997	0.001
0.001	0.001	0.001	0.997
0.001	0.997	0.001	0.001
0.997	0.001	0.001	0.001
0.579	0.001	0.419	0.001
0.001	0.001	0.001	0.997
0.001	0.997	0.001	0.001
>CCCCCCCC	16-CCCCCCCC	7.602795	-25.627561	0	T:803.0(28.84%),B:10521.2(23.29%),P:1e-11	Tpos:292.8,Tstd:202.5,Bpos:241.5,Bstd:138.8,StrandBias:-0.1,Multiplicity:1.44
0.001	0.955	0.001	0.043
0.024	0.942	0.001	0.033
0.127	0.871	0.001	0.001
0.150	0.848	0.001	0.001
0.230	0.711	0.001	0.058
0.069	0.929	0.001	0.001
0.001	0.963	0.001	0.035
0.001	0.974	0.007	0.018
>CTTATCRC	17-CTTATCRC	7.658843	-22.489549	0	T:166.0(5.96%),B:1601.2(3.54%),P:1e-9	Tpos:272.5,Tstd:185.4,Bpos:244.9,Bstd:139.8,StrandBias:-0.0,Multiplicity:1.06
0.047	0.654	0.207	0.092
0.001	0.041	0.012	0.946
0.041	0.001	0.001	0.957
0.997	0.001	0.001	0.001
0.001	0.001	0.001	0.997
0.001	0.607	0.391	0.001
0.447	0.001	0.446	0.107
0.007	0.846	0.001	0.146
