Factor1: 0.8755950357709137
Factor2: 1.1420804814403218
