>WTTCACACCTAGGTGTGAAA	Tbx19+M5882	12.284748	-9.581308	0	T:9.0(0.10%),B:8.7(0.02%),P:1e-4
0.264	0.139	0.205	0.393
0.182	0.104	0.193	0.521
0.007	0.023	0.005	0.965
0.276	0.493	0.183	0.048
0.619	0.012	0.319	0.050
0.002	0.988	0.003	0.007
0.940	0.002	0.057	0.001
0.068	0.757	0.039	0.136
0.225	0.441	0.210	0.124
0.103	0.082	0.054	0.761
0.748	0.042	0.107	0.103
0.131	0.170	0.481	0.218
0.141	0.030	0.761	0.068
0.002	0.064	0.006	0.928
0.006	0.001	0.990	0.003
0.066	0.288	0.017	0.629
0.041	0.099	0.647	0.213
0.964	0.003	0.026	0.007
0.572	0.142	0.130	0.156
0.444	0.165	0.164	0.228
