Factor1: 1.0857910109792008
Factor2: 0.9209875472243663
