Factor1: 1.5653673759867341
Factor2: 0.6388276741551784
