>CTTTGATGTKKB	1-CTTTGATGTKKB	7.361801	-675.740322	0	T:1573.0(37.54%),B:6486.0(14.54%),P:1e-293	Tpos:264.2,Tstd:182.0,Bpos:230.3,Bstd:141.1,StrandBias:-0.1,Multiplicity:1.33
0.026	0.713	0.131	0.130
0.033	0.061	0.001	0.905
0.012	0.071	0.056	0.861
0.001	0.001	0.001	0.997
0.026	0.137	0.782	0.055
0.855	0.008	0.001	0.136
0.269	0.001	0.023	0.707
0.001	0.314	0.654	0.031
0.117	0.058	0.010	0.815
0.091	0.180	0.407	0.322
0.177	0.203	0.359	0.261
0.172	0.272	0.213	0.343
>YACTTCCTGTYT	2-YACTTCCTGTYT	7.459121	-375.764795	0	T:1306.0(31.17%),B:6485.1(14.54%),P:1e-163	Tpos:265.9,Tstd:192.5,Bpos:229.6,Bstd:137.8,StrandBias:0.1,Multiplicity:1.19
0.205	0.365	0.208	0.223
0.833	0.001	0.148	0.018
0.001	0.672	0.053	0.274
0.165	0.012	0.001	0.822
0.001	0.001	0.001	0.997
0.001	0.997	0.001	0.001
0.001	0.997	0.001	0.001
0.001	0.001	0.001	0.997
0.015	0.204	0.754	0.027
0.010	0.345	0.014	0.631
0.138	0.288	0.162	0.412
0.230	0.174	0.130	0.465
>VTGASTCABHNN	3-VTGASTCABHNN	4.075356	-344.812438	0	T:743.0(17.73%),B:2701.0(6.05%),P:1e-149	Tpos:255.0,Tstd:167.0,Bpos:232.0,Bstd:139.3,StrandBias:0.0,Multiplicity:1.12
0.366	0.289	0.273	0.072
0.001	0.001	0.001	0.997
0.001	0.001	0.997	0.001
0.997	0.001	0.001	0.001
0.001	0.496	0.502	0.001
0.001	0.001	0.001	0.997
0.001	0.997	0.001	0.001
0.997	0.001	0.001	0.001
0.001	0.356	0.296	0.347
0.373	0.275	0.001	0.351
0.284	0.285	0.192	0.240
0.266	0.252	0.199	0.282
>TTGATGTGGTTA	4-TTGATGTGGTTA	8.875683	-182.994371	0	T:392.0(9.36%),B:1383.8(3.10%),P:1e-79	Tpos:261.3,Tstd:178.8,Bpos:229.6,Bstd:139.3,StrandBias:0.1,Multiplicity:1.04
0.181	0.151	0.240	0.427
0.190	0.001	0.232	0.577
0.060	0.185	0.642	0.113
0.400	0.151	0.206	0.243
0.001	0.001	0.021	0.977
0.010	0.024	0.965	0.001
0.001	0.001	0.001	0.997
0.001	0.001	0.997	0.001
0.001	0.010	0.963	0.026
0.030	0.050	0.145	0.775
0.183	0.019	0.172	0.626
0.563	0.069	0.105	0.263
>NCTTCAAAGAGN	5-NCTTCAAAGAGN	6.533709	-126.953446	0	T:624.0(14.89%),B:3422.6(7.67%),P:1e-55	Tpos:265.2,Tstd:192.5,Bpos:229.3,Bstd:144.7,StrandBias:0.1,Multiplicity:1.06
0.237	0.216	0.304	0.243
0.128	0.602	0.116	0.154
0.140	0.128	0.073	0.659
0.124	0.110	0.127	0.639
0.130	0.613	0.124	0.133
0.684	0.123	0.069	0.124
0.630	0.136	0.135	0.099
0.703	0.067	0.115	0.115
0.135	0.138	0.625	0.102
0.660	0.080	0.124	0.136
0.150	0.138	0.583	0.129
0.259	0.297	0.212	0.232
>AGGGGAWTTCCC	6-AGGGGAWTTCCC	9.167095	-122.693011	0	T:193.0(4.61%),B:535.5(1.20%),P:1e-53	Tpos:251.6,Tstd:163.7,Bpos:234.1,Bstd:136.7,StrandBias:0.2,Multiplicity:1.04
0.448	0.049	0.222	0.281
0.204	0.001	0.740	0.055
0.047	0.001	0.946	0.006
0.007	0.001	0.961	0.031
0.344	0.007	0.621	0.028
0.653	0.122	0.124	0.101
0.449	0.088	0.030	0.432
0.078	0.066	0.100	0.756
0.001	0.249	0.001	0.749
0.011	0.722	0.011	0.256
0.005	0.939	0.001	0.055
0.110	0.790	0.001	0.099
>ATTTGCATAWND	7-ATTTGCATAWND	9.921934	-113.333250	0	T:185.0(4.42%),B:529.3(1.19%),P:1e-49	Tpos:256.0,Tstd:164.6,Bpos:220.7,Bstd:138.7,StrandBias:-0.1,Multiplicity:1.05
0.775	0.112	0.001	0.112
0.001	0.001	0.001	0.997
0.124	0.075	0.001	0.800
0.001	0.001	0.001	0.997
0.186	0.001	0.812	0.001
0.001	0.974	0.001	0.024
0.997	0.001	0.001	0.001
0.001	0.001	0.001	0.997
0.566	0.082	0.227	0.125
0.462	0.001	0.215	0.322
0.246	0.297	0.268	0.189
0.314	0.051	0.328	0.307
>RTGGAAANTNTG	8-RTGGAAANTNTG	5.715887	-103.955969	0	T:282.0(6.73%),B:1148.4(2.57%),P:1e-45	Tpos:270.8,Tstd:195.5,Bpos:233.5,Bstd:132.5,StrandBias:-0.0,Multiplicity:1.05
0.492	0.001	0.506	0.001
0.001	0.001	0.001	0.997
0.001	0.001	0.997	0.001
0.001	0.001	0.997	0.001
0.997	0.001	0.001	0.001
0.997	0.001	0.001	0.001
0.997	0.001	0.001	0.001
0.324	0.195	0.301	0.179
0.374	0.001	0.036	0.589
0.286	0.156	0.286	0.272
0.001	0.001	0.001	0.997
0.001	0.001	0.655	0.343
>ATCAAAGGAAAC	9-ATCAAAGGAAAC	8.503596	-100.845043	0	T:530.0(12.65%),B:2968.4(6.65%),P:1e-43	Tpos:270.2,Tstd:231.0,Bpos:232.3,Bstd:139.4,StrandBias:0.0,Multiplicity:1.08
0.623	0.152	0.118	0.107
0.106	0.155	0.136	0.603
0.134	0.597	0.135	0.134
0.961	0.016	0.001	0.022
0.808	0.037	0.154	0.001
0.801	0.001	0.001	0.197
0.004	0.013	0.967	0.016
0.006	0.109	0.861	0.024
0.688	0.137	0.078	0.097
0.967	0.001	0.016	0.016
0.612	0.173	0.146	0.069
0.194	0.610	0.123	0.073
>CCDCCCACACAA	10-CCDCCCACACAA	8.641619	-100.743293	0	T:462.0(11.03%),B:2446.6(5.48%),P:1e-43	Tpos:265.7,Tstd:186.7,Bpos:228.7,Bstd:142.7,StrandBias:0.1,Multiplicity:1.04
0.256	0.637	0.001	0.106
0.195	0.634	0.001	0.170
0.328	0.058	0.367	0.248
0.001	0.995	0.003	0.001
0.007	0.798	0.009	0.186
0.001	0.848	0.001	0.150
0.817	0.103	0.001	0.079
0.075	0.868	0.056	0.001
0.867	0.001	0.127	0.005
0.027	0.846	0.118	0.009
0.727	0.163	0.001	0.109
0.444	0.293	0.113	0.151
>TTTCAAAAGCAC	11-TTTCAAAAGCAC	9.097054	-88.744455	0	T:336.0(8.02%),B:1629.1(3.65%),P:1e-38	Tpos:275.8,Tstd:196.0,Bpos:233.5,Bstd:145.8,StrandBias:-0.0,Multiplicity:1.06
0.118	0.361	0.001	0.520
0.001	0.133	0.001	0.865
0.059	0.073	0.001	0.867
0.060	0.829	0.001	0.110
0.822	0.001	0.001	0.176
0.822	0.010	0.167	0.001
0.997	0.001	0.001	0.001
0.758	0.001	0.137	0.104
0.006	0.183	0.739	0.072
0.078	0.766	0.082	0.074
0.756	0.045	0.001	0.198
0.091	0.592	0.187	0.130
>BYYYCCCCCCHC	12-BYYYCCCCCCHC	6.078769	-75.882809	0	T:1028.0(24.53%),B:7656.2(17.16%),P:1e-32	Tpos:286.5,Tstd:219.5,Bpos:228.8,Bstd:132.5,StrandBias:-0.2,Multiplicity:1.28
0.121	0.332	0.236	0.311
0.020	0.544	0.016	0.420
0.174	0.472	0.020	0.333
0.207	0.416	0.048	0.329
0.075	0.570	0.097	0.258
0.179	0.552	0.019	0.250
0.239	0.488	0.017	0.256
0.263	0.506	0.012	0.219
0.306	0.464	0.020	0.210
0.289	0.530	0.019	0.162
0.336	0.386	0.017	0.261
0.247	0.511	0.205	0.037
>AAAAAAAACCAC	13-AAAAAAAACCAC	9.030448	-60.779049	0	T:468.0(11.17%),B:2971.5(6.66%),P:1e-26	Tpos:291.2,Tstd:211.6,Bpos:235.5,Bstd:153.2,StrandBias:-0.1,Multiplicity:1.10
0.832	0.111	0.006	0.051
0.859	0.058	0.082	0.001
0.809	0.068	0.035	0.088
0.860	0.001	0.067	0.072
0.792	0.074	0.095	0.039
0.854	0.026	0.082	0.038
0.908	0.001	0.009	0.082
0.911	0.049	0.039	0.001
0.079	0.837	0.075	0.009
0.065	0.804	0.054	0.077
0.764	0.120	0.057	0.059
0.078	0.770	0.072	0.080
>TTGCTTAGCAAC	14-TTGCTTAGCAAC	10.266366	-52.526057	0	T:75.0(1.79%),B:194.7(0.44%),P:1e-22	Tpos:253.0,Tstd:167.6,Bpos:250.6,Bstd:124.4,StrandBias:-0.1,Multiplicity:1.00
0.001	0.160	0.001	0.838
0.068	0.272	0.148	0.512
0.138	0.091	0.680	0.091
0.001	0.850	0.001	0.148
0.001	0.103	0.001	0.895
0.163	0.026	0.001	0.810
0.997	0.001	0.001	0.001
0.001	0.001	0.997	0.001
0.001	0.805	0.046	0.148
0.727	0.167	0.026	0.080
0.903	0.070	0.026	0.001
0.026	0.947	0.026	0.001
>ACTTTCACTTTC	15-ACTTTCACTTTC	11.682488	-50.431417	0	T:43.0(1.03%),B:64.9(0.15%),P:1e-21	Tpos:290.7,Tstd:179.1,Bpos:242.4,Bstd:133.1,StrandBias:0.5,Multiplicity:1.07
0.736	0.037	0.077	0.150
0.014	0.758	0.227	0.001
0.024	0.055	0.018	0.903
0.037	0.028	0.001	0.934
0.037	0.037	0.166	0.760
0.018	0.941	0.014	0.027
0.578	0.104	0.112	0.206
0.160	0.614	0.014	0.212
0.032	0.010	0.001	0.957
0.050	0.026	0.268	0.656
0.124	0.054	0.029	0.793
0.032	0.613	0.114	0.241
>CAGATGACTAAG	16-CAGATGACTAAG	9.140395	-49.055506	0	T:162.0(3.87%),B:736.7(1.65%),P:1e-21	Tpos:233.3,Tstd:160.5,Bpos:222.7,Bstd:135.7,StrandBias:0.0,Multiplicity:1.03
0.056	0.835	0.052	0.057
0.846	0.018	0.030	0.106
0.105	0.091	0.743	0.061
0.810	0.051	0.099	0.040
0.105	0.008	0.042	0.845
0.062	0.027	0.827	0.084
0.868	0.009	0.069	0.054
0.071	0.816	0.071	0.042
0.048	0.049	0.039	0.864
0.871	0.007	0.056	0.066
0.899	0.022	0.057	0.022
0.048	0.064	0.780	0.108
>AGCTGTCAGCTG	17-AGCTGTCAGCTG	6.944960	-47.081669	0	T:897.0(21.41%),B:7085.4(15.88%),P:1e-20	Tpos:275.9,Tstd:203.3,Bpos:231.3,Bstd:139.7,StrandBias:0.1,Multiplicity:1.21
0.615	0.110	0.055	0.220
0.032	0.078	0.806	0.084
0.102	0.784	0.061	0.053
0.087	0.086	0.014	0.813
0.079	0.106	0.760	0.055
0.293	0.091	0.067	0.549
0.087	0.695	0.095	0.123
0.642	0.023	0.075	0.260
0.080	0.169	0.649	0.102
0.102	0.743	0.082	0.073
0.212	0.073	0.078	0.637
0.056	0.213	0.601	0.130
>TGCCATGGCAAC	18-TGCCATGGCAAC	9.612781	-42.341287	0	T:119.0(2.84%),B:498.6(1.12%),P:1e-18	Tpos:273.2,Tstd:180.1,Bpos:233.3,Bstd:132.7,StrandBias:-0.1,Multiplicity:1.01
0.073	0.048	0.030	0.849
0.084	0.050	0.724	0.142
0.069	0.810	0.015	0.106
0.056	0.835	0.015	0.094
0.796	0.050	0.035	0.119
0.091	0.022	0.126	0.761
0.091	0.001	0.893	0.015
0.064	0.024	0.886	0.026
0.119	0.749	0.056	0.076
0.919	0.001	0.030	0.050
0.896	0.015	0.050	0.039
0.061	0.892	0.015	0.032
>GAAGTGACGTCA	19-GAAGTGACGTCA	13.111103	-35.976922	0	T:16.0(0.38%),B:8.1(0.02%),P:1e-15	Tpos:216.2,Tstd:111.8,Bpos:294.7,Bstd:92.8,StrandBias:-1.6,Multiplicity:1.00
0.060	0.082	0.857	0.001
0.751	0.060	0.188	0.001
0.950	0.001	0.048	0.001
0.001	0.001	0.997	0.001
0.082	0.001	0.001	0.916
0.001	0.001	0.997	0.001
0.997	0.001	0.001	0.001
0.001	0.811	0.001	0.187
0.039	0.001	0.959	0.001
0.001	0.001	0.082	0.916
0.001	0.997	0.001	0.001
0.835	0.082	0.001	0.082
>ACGTGTTCAGTG	20-ACGTGTTCAGTG	13.422784	-35.644515	0	T:13.0(0.31%),B:4.4(0.01%),P:1e-15	Tpos:243.4,Tstd:155.9,Bpos:250.4,Bstd:85.4,StrandBias:0.2,Multiplicity:1.00
0.787	0.001	0.106	0.106
0.025	0.868	0.001	0.106
0.001	0.001	0.893	0.105
0.001	0.001	0.001	0.997
0.001	0.001	0.997	0.001
0.105	0.001	0.001	0.893
0.105	0.001	0.001	0.893
0.001	0.893	0.001	0.105
0.997	0.001	0.001	0.001
0.001	0.105	0.893	0.001
0.001	0.001	0.001	0.997
0.105	0.001	0.893	0.001
>TCACAACAGCAG	21-TCACAACAGCAG	16.509269	-25.168816	0	T:7.0(0.17%),B:1.6(0.00%),P:1e-10	Tpos:177.0,Tstd:99.2,Bpos:205.6,Bstd:14.1,StrandBias:1.6,Multiplicity:1.14
0.001	0.001	0.001	0.997
0.001	0.997	0.001	0.001
0.997	0.001	0.001	0.001
0.001	0.997	0.001	0.001
0.997	0.001	0.001	0.001
0.997	0.001	0.001	0.001
0.001	0.997	0.001	0.001
0.997	0.001	0.001	0.001
0.001	0.001	0.997	0.001
0.001	0.997	0.001	0.001
0.911	0.001	0.087	0.001
0.001	0.001	0.997	0.001
>TATTTCCTGTWT	22-TATTTCCTGTWT	12.539916	-18.008610	0	T:43.0(1.03%),B:170.4(0.38%),P:1e-7	Tpos:318.3,Tstd:269.0,Bpos:228.2,Bstd:140.3,StrandBias:-0.5,Multiplicity:1.00
0.001	0.001	0.001	0.997
0.960	0.003	0.001	0.036
0.001	0.001	0.001	0.997
0.001	0.001	0.001	0.997
0.001	0.001	0.001	0.997
0.001	0.719	0.010	0.270
0.402	0.596	0.001	0.001
0.245	0.001	0.001	0.753
0.039	0.001	0.557	0.403
0.001	0.001	0.001	0.997
0.536	0.001	0.001	0.462
0.001	0.001	0.001	0.997
>TGTGATGTTACC	23-TGTGATGTTACC	10.134454	-15.375421	0	T:55.0(1.31%),B:270.4(0.61%),P:1e-6	Tpos:201.0,Tstd:133.0,Bpos:218.5,Bstd:135.4,StrandBias:0.8,Multiplicity:1.15
0.107	0.002	0.045	0.846
0.044	0.001	0.954	0.001
0.001	0.001	0.001	0.997
0.245	0.109	0.627	0.019
0.775	0.069	0.001	0.155
0.001	0.004	0.067	0.928
0.001	0.139	0.733	0.127
0.033	0.045	0.045	0.877
0.078	0.167	0.001	0.754
0.669	0.046	0.045	0.240
0.001	0.874	0.001	0.124
0.133	0.865	0.001	0.001
>GGACTGGTTAGT	24-GGACTGGTTAGT	13.994200	-8.958410	0	T:3.0(0.07%),B:1.1(0.00%),P:1e-3	Tpos:253.2,Tstd:137.5,Bpos:203.0,Bstd:0.0,StrandBias:3.5,Multiplicity:4.00
0.001	0.001	0.997	0.001
0.001	0.001	0.997	0.001
0.997	0.001	0.001	0.001
0.001	0.997	0.001	0.001
0.001	0.001	0.001	0.997
0.080	0.001	0.918	0.001
0.001	0.001	0.997	0.001
0.001	0.001	0.001	0.997
0.080	0.001	0.001	0.918
0.997	0.001	0.001	0.001
0.001	0.001	0.997	0.001
0.001	0.001	0.001	0.997
>TACCCAGCACAT	25-TACCCAGCACAT	12.355432	-5.486199	0	T:2.0(0.05%),B:1.1(0.00%),P:1e-2	Tpos:122.0,Tstd:74.0,Bpos:104.2,Bstd:35.4,StrandBias:-3.2,Multiplicity:5.00
0.100	0.100	0.100	0.700
0.700	0.100	0.100	0.100
0.100	0.700	0.100	0.100
0.100	0.700	0.100	0.100
0.100	0.700	0.100	0.100
0.700	0.100	0.100	0.100
0.100	0.100	0.700	0.100
0.100	0.700	0.100	0.100
0.700	0.100	0.100	0.100
0.100	0.700	0.100	0.100
0.700	0.100	0.100	0.100
0.100	0.100	0.100	0.700
