>CTTTGATC	1-CTTTGATC	6.602244	-509.726908	0	T:1701.0(40.60%),B:8582.8(19.24%),P:1e-221	Tpos:268.4,Tstd:188.1,Bpos:233.0,Bstd:141.0,StrandBias:0.1,Multiplicity:1.33
0.001	0.989	0.009	0.001
0.001	0.019	0.001	0.979
0.001	0.024	0.001	0.974
0.001	0.001	0.001	0.997
0.021	0.200	0.699	0.080
0.912	0.001	0.001	0.086
0.140	0.001	0.001	0.858
0.053	0.692	0.191	0.064
>ACATCAAA	2-ACATCAAA	9.047875	-487.714679	0	T:805.0(19.21%),B:2423.5(5.43%),P:1e-211	Tpos:264.7,Tstd:188.4,Bpos:228.3,Bstd:141.0,StrandBias:0.1,Multiplicity:1.12
0.920	0.001	0.041	0.038
0.031	0.707	0.261	0.001
0.752	0.001	0.006	0.241
0.001	0.001	0.001	0.997
0.001	0.946	0.052	0.001
0.988	0.001	0.001	0.010
0.924	0.027	0.048	0.001
0.961	0.001	0.016	0.022
>ATGAGTCA	3-ATGAGTCA	6.408636	-342.084810	0	T:914.0(21.81%),B:3842.9(8.61%),P:1e-148	Tpos:258.6,Tstd:173.4,Bpos:229.9,Bstd:140.3,StrandBias:-0.0,Multiplicity:1.15
0.671	0.125	0.127	0.077
0.001	0.001	0.001	0.997
0.001	0.001	0.977	0.021
0.983	0.003	0.001	0.013
0.012	0.287	0.700	0.001
0.001	0.001	0.001	0.997
0.034	0.964	0.001	0.001
0.997	0.001	0.001	0.001
>ACTTCCTG	4-ACTTCCTG	7.121895	-286.595931	0	T:1396.0(33.32%),B:8019.2(17.98%),P:1e-124	Tpos:273.8,Tstd:203.7,Bpos:229.6,Bstd:137.6,StrandBias:0.0,Multiplicity:1.21
0.892	0.001	0.106	0.001
0.001	0.754	0.001	0.244
0.078	0.001	0.001	0.920
0.001	0.001	0.001	0.997
0.001	0.997	0.001	0.001
0.001	0.997	0.001	0.001
0.001	0.001	0.001	0.997
0.001	0.194	0.804	0.001
>CTWCAAAG	5-CTWCAAAG	5.825779	-163.644798	0	T:2360.0(56.32%),B:18983.1(42.55%),P:1e-71	Tpos:273.3,Tstd:201.0,Bpos:230.3,Bstd:142.9,StrandBias:0.0,Multiplicity:1.41
0.187	0.597	0.082	0.134
0.073	0.078	0.049	0.800
0.407	0.023	0.128	0.442
0.053	0.837	0.087	0.023
0.850	0.035	0.041	0.074
0.792	0.077	0.114	0.017
0.807	0.134	0.041	0.018
0.001	0.062	0.924	0.013
>ACGTCACA	6-ACGTCACA	4.226702	-156.857137	0	T:1214.0(28.97%),B:7987.8(17.91%),P:1e-68	Tpos:269.1,Tstd:214.9,Bpos:229.3,Bstd:144.9,StrandBias:0.0,Multiplicity:1.24
0.582	0.058	0.174	0.186
0.209	0.596	0.059	0.136
0.249	0.137	0.554	0.060
0.183	0.181	0.144	0.492
0.237	0.403	0.250	0.110
0.648	0.030	0.145	0.177
0.219	0.392	0.218	0.171
0.432	0.167	0.178	0.224
>AAACCACA	7-AAACCACA	6.890796	-149.402701	0	T:739.0(17.64%),B:4088.0(9.16%),P:1e-64	Tpos:270.5,Tstd:189.3,Bpos:231.1,Bstd:138.3,StrandBias:-0.1,Multiplicity:1.12
0.716	0.001	0.001	0.282
0.936	0.001	0.001	0.062
0.997	0.001	0.001	0.001
0.001	0.997	0.001	0.001
0.001	0.997	0.001	0.001
0.946	0.001	0.052	0.001
0.001	0.997	0.001	0.001
0.918	0.001	0.001	0.080
>CGTGGGTG	8-CGTGGGTG	5.632497	-131.431393	0	T:798.0(19.05%),B:4765.9(10.68%),P:1e-57	Tpos:284.5,Tstd:205.0,Bpos:230.4,Bstd:147.1,StrandBias:0.0,Multiplicity:1.14
0.030	0.949	0.001	0.020
0.001	0.001	0.997	0.001
0.001	0.001	0.001	0.997
0.215	0.001	0.783	0.001
0.001	0.001	0.997	0.001
0.001	0.001	0.997	0.001
0.059	0.393	0.001	0.547
0.001	0.001	0.701	0.297
>ATTTSCAT	9-ATTTSCAT	8.174926	-129.541487	0	T:595.0(14.20%),B:3172.5(7.11%),P:1e-56	Tpos:273.6,Tstd:193.4,Bpos:224.6,Bstd:135.8,StrandBias:0.1,Multiplicity:1.10
0.586	0.001	0.412	0.001
0.036	0.001	0.062	0.901
0.339	0.001	0.001	0.659
0.001	0.117	0.001	0.881
0.001	0.476	0.522	0.001
0.001	0.997	0.001	0.001
0.867	0.049	0.083	0.001
0.339	0.001	0.049	0.611
>STTTTGAW	10-STTTTGAW	6.875529	-100.847265	0	T:1175.0(28.04%),B:8531.7(19.13%),P:1e-43	Tpos:272.3,Tstd:195.2,Bpos:232.1,Bstd:142.3,StrandBias:-0.1,Multiplicity:1.18
0.001	0.432	0.479	0.088
0.001	0.083	0.041	0.875
0.037	0.001	0.001	0.961
0.001	0.024	0.221	0.754
0.280	0.042	0.001	0.677
0.001	0.001	0.997	0.001
0.879	0.119	0.001	0.001
0.423	0.082	0.001	0.494
>AACGGAAA	11-AACGGAAA	6.474990	-68.022678	0	T:1091.0(26.04%),B:8413.3(18.86%),P:1e-29	Tpos:285.6,Tstd:208.6,Bpos:229.5,Bstd:143.0,StrandBias:0.2,Multiplicity:1.20
0.813	0.115	0.051	0.021
0.955	0.001	0.001	0.043
0.118	0.722	0.084	0.076
0.059	0.075	0.865	0.001
0.001	0.001	0.997	0.001
0.997	0.001	0.001	0.001
0.984	0.014	0.001	0.001
0.808	0.067	0.096	0.029
>AAACAGCT	12-AAACAGCT	6.740991	-67.683378	0	T:1308.0(31.22%),B:10495.3(23.53%),P:1e-29	Tpos:276.0,Tstd:210.9,Bpos:229.5,Bstd:142.6,StrandBias:-0.0,Multiplicity:1.26
0.855	0.060	0.001	0.084
0.965	0.001	0.033	0.001
0.864	0.001	0.103	0.032
0.054	0.849	0.074	0.023
0.898	0.025	0.001	0.076
0.040	0.039	0.878	0.043
0.001	0.959	0.039	0.001
0.001	0.210	0.027	0.762
>GGGGGGGG	13-GGGGGGGG	7.032408	-63.366794	0	T:1315.0(31.38%),B:10672.0(23.92%),P:1e-27	Tpos:285.2,Tstd:215.6,Bpos:228.7,Bstd:134.5,StrandBias:0.1,Multiplicity:1.45
0.001	0.001	0.997	0.001
0.030	0.001	0.939	0.030
0.045	0.001	0.840	0.114
0.132	0.001	0.768	0.099
0.124	0.001	0.827	0.048
0.234	0.001	0.712	0.053
0.088	0.001	0.910	0.001
0.001	0.001	0.997	0.001
>TTGCGTAA	14-TTGCGTAA	6.740065	-62.852267	0	T:601.0(14.34%),B:4068.8(9.12%),P:1e-27	Tpos:268.7,Tstd:200.6,Bpos:226.6,Bstd:140.6,StrandBias:0.0,Multiplicity:1.07
0.001	0.001	0.001	0.997
0.001	0.001	0.096	0.902
0.001	0.001	0.997	0.001
0.117	0.875	0.001	0.007
0.131	0.001	0.814	0.054
0.159	0.219	0.001	0.621
0.792	0.206	0.001	0.001
0.997	0.001	0.001	0.001
>AGTGGAAA	15-AGTGGAAA	9.029101	-62.643010	0	T:430.0(10.26%),B:2632.4(5.90%),P:1e-27	Tpos:292.1,Tstd:229.8,Bpos:223.0,Bstd:141.7,StrandBias:0.0,Multiplicity:1.07
0.997	0.001	0.001	0.001
0.001	0.001	0.997	0.001
0.001	0.130	0.242	0.627
0.001	0.001	0.997	0.001
0.001	0.001	0.997	0.001
0.997	0.001	0.001	0.001
0.997	0.001	0.001	0.001
0.997	0.001	0.001	0.001
>TRACAGGT	16-TRACAGGT	5.799635	-41.684636	0	T:1933.0(46.13%),B:17592.4(39.44%),P:1e-18	Tpos:277.5,Tstd:210.3,Bpos:229.5,Bstd:140.0,StrandBias:0.1,Multiplicity:1.39
0.278	0.001	0.001	0.720
0.516	0.001	0.482	0.001
0.583	0.201	0.001	0.215
0.226	0.772	0.001	0.001
0.690	0.001	0.001	0.308
0.122	0.331	0.546	0.001
0.248	0.197	0.452	0.104
0.001	0.001	0.001	0.997
>CTTAGTCA	17-CTTAGTCA	8.775276	-36.265899	0	T:300.0(7.16%),B:1942.7(4.35%),P:1e-15	Tpos:268.4,Tstd:198.8,Bpos:230.9,Bstd:142.5,StrandBias:0.1,Multiplicity:1.07
0.001	0.724	0.119	0.156
0.001	0.001	0.001	0.997
0.153	0.001	0.001	0.845
0.997	0.001	0.001	0.001
0.001	0.001	0.997	0.001
0.001	0.001	0.001	0.997
0.001	0.997	0.001	0.001
0.997	0.001	0.001	0.001
>TTRCKAAG	18-TTRCKAAG	7.351144	-32.180747	0	T:402.0(9.59%),B:2893.1(6.49%),P:1e-13	Tpos:278.3,Tstd:198.9,Bpos:235.3,Bstd:138.3,StrandBias:-0.0,Multiplicity:1.07
0.001	0.132	0.001	0.866
0.001	0.001	0.131	0.867
0.546	0.001	0.452	0.001
0.001	0.807	0.084	0.108
0.001	0.001	0.529	0.469
0.653	0.345	0.001	0.001
0.589	0.001	0.409	0.001
0.244	0.001	0.754	0.001
>CGWCGTTA	19-CGWCGTTA	6.756475	-26.578513	0	T:110.0(2.63%),B:562.4(1.26%),P:1e-11	Tpos:259.3,Tstd:173.6,Bpos:229.2,Bstd:149.3,StrandBias:-0.3,Multiplicity:1.02
0.052	0.833	0.001	0.114
0.033	0.034	0.913	0.020
0.427	0.001	0.112	0.460
0.001	0.628	0.127	0.244
0.001	0.132	0.746	0.121
0.156	0.280	0.016	0.548
0.022	0.043	0.012	0.923
0.797	0.164	0.001	0.038
>ACTTTCAC	20-ACTTTCAC	8.998923	-25.060810	0	T:225.0(5.37%),B:1495.8(3.35%),P:1e-10	Tpos:292.6,Tstd:227.0,Bpos:232.7,Bstd:145.8,StrandBias:0.3,Multiplicity:1.08
0.997	0.001	0.001	0.001
0.001	0.801	0.197	0.001
0.001	0.001	0.001	0.997
0.001	0.001	0.001	0.997
0.001	0.001	0.157	0.841
0.001	0.997	0.001	0.001
0.997	0.001	0.001	0.001
0.001	0.997	0.001	0.001
>GACCGTCA	21-GACCGTCA	3.880882	-23.658508	0	T:264.0(6.30%),B:1854.0(4.16%),P:1e-10	Tpos:248.8,Tstd:181.9,Bpos:225.3,Bstd:141.3,StrandBias:0.1,Multiplicity:1.11
0.001	0.001	0.677	0.321
0.997	0.001	0.001	0.001
0.001	0.997	0.001	0.001
0.245	0.753	0.001	0.001
0.001	0.001	0.997	0.001
0.001	0.001	0.001	0.997
0.001	0.997	0.001	0.001
0.997	0.001	0.001	0.001
>AAAAAAAA	22-AAAAAAAA	10.626941	-14.786612	0	T:519.0(12.39%),B:4465.6(10.01%),P:1e-6	Tpos:284.4,Tstd:224.7,Bpos:232.1,Bstd:156.8,StrandBias:-0.1,Multiplicity:1.13
0.833	0.001	0.165	0.001
0.997	0.001	0.001	0.001
0.997	0.001	0.001	0.001
0.997	0.001	0.001	0.001
0.997	0.001	0.001	0.001
0.997	0.001	0.001	0.001
0.997	0.001	0.001	0.001
0.769	0.135	0.095	0.001
>TGTCGCTA	23-TGTCGCTA	8.236954	-14.118512	0	T:19.0(0.45%),B:51.4(0.12%),P:1e-6	Tpos:253.6,Tstd:186.9,Bpos:219.1,Bstd:145.7,StrandBias:-1.1,Multiplicity:1.00
0.100	0.100	0.100	0.700
0.100	0.100	0.700	0.100
0.100	0.100	0.100	0.700
0.100	0.700	0.100	0.100
0.100	0.100	0.700	0.100
0.100	0.700	0.100	0.100
0.100	0.100	0.100	0.700
0.700	0.100	0.100	0.100
