>ACATCAAAGR	1-ACATCAAAGR	7.552285	-771.044548	0	T:1511.0(36.06%),B:5544.4(12.43%),P:1e-334	Tpos:265.5,Tstd:178.2,Bpos:231.2,Bstd:140.5,StrandBias:0.0,Multiplicity:1.29
0.751	0.043	0.123	0.083
0.034	0.550	0.400	0.016
0.668	0.025	0.003	0.304
0.088	0.001	0.001	0.910
0.061	0.851	0.057	0.031
0.966	0.001	0.001	0.032
0.890	0.041	0.068	0.001
0.929	0.001	0.067	0.003
0.104	0.130	0.765	0.001
0.424	0.208	0.299	0.068
>CTTTKWWVNN	2-CTTTKWWVNN	5.377852	-389.587251	0	T:2187.0(52.20%),B:14032.3(31.46%),P:1e-169	Tpos:266.1,Tstd:197.9,Bpos:229.6,Bstd:144.7,StrandBias:-0.1,Multiplicity:1.30
0.128	0.413	0.234	0.225
0.267	0.028	0.079	0.626
0.001	0.354	0.001	0.644
0.019	0.001	0.001	0.979
0.208	0.125	0.380	0.286
0.524	0.001	0.095	0.380
0.518	0.011	0.001	0.470
0.288	0.316	0.320	0.076
0.226	0.238	0.255	0.280
0.172	0.237	0.282	0.309
>VTGACTCATW	3-VTGACTCATW	7.202041	-345.546763	0	T:808.0(19.28%),B:3111.6(6.98%),P:1e-150	Tpos:259.3,Tstd:170.9,Bpos:231.3,Bstd:140.0,StrandBias:0.1,Multiplicity:1.14
0.237	0.234	0.378	0.150
0.001	0.001	0.001	0.997
0.001	0.001	0.943	0.055
0.997	0.001	0.001	0.001
0.001	0.589	0.409	0.001
0.001	0.001	0.001	0.997
0.001	0.997	0.001	0.001
0.997	0.001	0.001	0.001
0.074	0.205	0.170	0.551
0.361	0.134	0.057	0.448
>NRCTTCCTGT	4-NRCTTCCTGT	8.241393	-335.615228	0	T:1099.0(26.23%),B:5217.1(11.70%),P:1e-145	Tpos:264.3,Tstd:183.6,Bpos:230.4,Bstd:136.5,StrandBias:0.1,Multiplicity:1.17
0.174	0.315	0.266	0.245
0.482	0.069	0.448	0.001
0.001	0.575	0.068	0.356
0.117	0.058	0.001	0.824
0.026	0.001	0.001	0.972
0.001	0.997	0.001	0.001
0.001	0.997	0.001	0.001
0.001	0.001	0.001	0.997
0.011	0.229	0.759	0.001
0.068	0.245	0.069	0.618
>AACCACATCA	5-AACCACATCA	8.684168	-225.335703	0	T:450.0(10.74%),B:1518.8(3.40%),P:1e-97	Tpos:270.4,Tstd:177.6,Bpos:224.5,Bstd:134.7,StrandBias:-0.2,Multiplicity:1.07
0.591	0.148	0.032	0.229
0.649	0.179	0.171	0.001
0.001	0.997	0.001	0.001
0.001	0.997	0.001	0.001
0.997	0.001	0.001	0.001
0.001	0.997	0.001	0.001
0.921	0.001	0.001	0.077
0.258	0.102	0.001	0.639
0.145	0.727	0.117	0.011
0.728	0.112	0.034	0.126
>VCGTRGGHRD	6-VCGTRGGHRD	5.797574	-193.624363	0	T:675.0(16.11%),B:3202.7(7.18%),P:1e-84	Tpos:281.7,Tstd:196.6,Bpos:229.4,Bstd:146.5,StrandBias:0.0,Multiplicity:1.10
0.268	0.215	0.361	0.156
0.240	0.413	0.111	0.236
0.186	0.148	0.632	0.034
0.033	0.043	0.069	0.855
0.453	0.057	0.457	0.032
0.059	0.313	0.549	0.079
0.037	0.053	0.844	0.066
0.242	0.301	0.100	0.357
0.294	0.024	0.430	0.252
0.236	0.121	0.341	0.302
>CTKTSAKBTK	7-CTKTSAKBTK	7.117562	-161.948982	0	T:1627.0(38.83%),B:11698.1(26.22%),P:1e-70	Tpos:263.2,Tstd:203.1,Bpos:231.1,Bstd:143.1,StrandBias:0.0,Multiplicity:1.20
0.088	0.649	0.059	0.204
0.001	0.001	0.001	0.997
0.001	0.001	0.437	0.561
0.001	0.001	0.001	0.997
0.001	0.322	0.422	0.255
0.484	0.001	0.245	0.269
0.162	0.001	0.469	0.368
0.001	0.313	0.294	0.391
0.327	0.001	0.001	0.671
0.134	0.001	0.418	0.447
>KATTTGCATA	8-KATTTGCATA	8.347059	-131.948217	0	T:242.0(5.78%),B:759.4(1.70%),P:1e-57	Tpos:263.3,Tstd:176.2,Bpos:225.9,Bstd:141.0,StrandBias:0.0,Multiplicity:1.05
0.116	0.172	0.374	0.337
0.863	0.040	0.004	0.093
0.002	0.001	0.001	0.996
0.010	0.011	0.003	0.976
0.001	0.001	0.001	0.997
0.001	0.001	0.997	0.001
0.001	0.997	0.001	0.001
0.973	0.010	0.016	0.001
0.011	0.001	0.001	0.987
0.937	0.007	0.042	0.014
>RAANDGAAAC	9-RAANDGAAAC	7.183050	-119.479874	0	T:1657.0(39.55%),B:12746.4(28.57%),P:1e-51	Tpos:285.6,Tstd:210.4,Bpos:231.2,Bstd:141.9,StrandBias:-0.1,Multiplicity:1.35
0.333	0.188	0.351	0.127
0.952	0.001	0.046	0.001
0.595	0.040	0.364	0.001
0.241	0.201	0.348	0.210
0.264	0.001	0.396	0.339
0.001	0.242	0.756	0.001
0.800	0.001	0.198	0.001
0.997	0.001	0.001	0.001
0.797	0.001	0.201	0.001
0.001	0.491	0.340	0.168
>GGGGATTTCC	10-GGGGATTTCC	9.089965	-100.828189	0	T:220.0(5.25%),B:781.3(1.75%),P:1e-43	Tpos:264.4,Tstd:181.2,Bpos:232.8,Bstd:135.7,StrandBias:-0.1,Multiplicity:1.04
0.052	0.018	0.929	0.001
0.001	0.001	0.997	0.001
0.001	0.001	0.910	0.088
0.379	0.001	0.574	0.046
0.449	0.107	0.174	0.270
0.405	0.001	0.031	0.563
0.263	0.001	0.001	0.735
0.001	0.334	0.001	0.664
0.001	0.903	0.001	0.095
0.001	0.997	0.001	0.001
>GATGACTAAG	11-GATGACTAAG	6.628116	-85.838141	0	T:878.0(20.95%),B:6107.0(13.69%),P:1e-37	Tpos:259.3,Tstd:198.3,Bpos:228.2,Bstd:138.0,StrandBias:0.1,Multiplicity:1.12
0.077	0.122	0.721	0.080
0.758	0.094	0.090	0.058
0.044	0.091	0.047	0.818
0.048	0.088	0.802	0.062
0.897	0.029	0.052	0.022
0.067	0.810	0.070	0.053
0.094	0.025	0.035	0.846
0.778	0.069	0.072	0.081
0.820	0.073	0.057	0.050
0.077	0.062	0.756	0.105
>TNACGTCAVH	12-TNACGTCAVH	5.897980	-70.013571	0	T:608.0(14.51%),B:4012.3(8.99%),P:1e-30	Tpos:271.0,Tstd:232.6,Bpos:228.5,Bstd:144.5,StrandBias:0.1,Multiplicity:1.11
0.178	0.150	0.129	0.543
0.233	0.203	0.295	0.268
0.646	0.156	0.147	0.051
0.213	0.630	0.012	0.145
0.028	0.050	0.913	0.009
0.096	0.018	0.222	0.664
0.250	0.554	0.055	0.141
0.905	0.001	0.001	0.093
0.218	0.362	0.232	0.189
0.283	0.290	0.096	0.332
>ACATCTGACA	13-ACATCTGACA	6.718591	-67.686593	0	T:892.0(21.29%),B:6572.9(14.73%),P:1e-29	Tpos:273.7,Tstd:204.9,Bpos:230.6,Bstd:136.7,StrandBias:-0.1,Multiplicity:1.13
0.806	0.086	0.057	0.051
0.062	0.813	0.066	0.059
0.864	0.029	0.057	0.050
0.058	0.052	0.075	0.815
0.095	0.756	0.099	0.050
0.069	0.074	0.100	0.757
0.072	0.047	0.835	0.046
0.796	0.051	0.061	0.092
0.052	0.818	0.072	0.058
0.746	0.040	0.095	0.119
>GGGGGGGGGG	14-GGGGGGGGGG	6.404373	-55.759252	0	T:1511.0(36.06%),B:12815.5(28.73%),P:1e-24	Tpos:285.8,Tstd:215.6,Bpos:230.0,Bstd:137.5,StrandBias:0.1,Multiplicity:1.65
0.100	0.100	0.700	0.100
0.100	0.100	0.700	0.100
0.100	0.100	0.700	0.100
0.100	0.100	0.700	0.100
0.100	0.100	0.700	0.100
0.100	0.100	0.700	0.100
0.100	0.100	0.700	0.100
0.100	0.100	0.700	0.100
0.100	0.100	0.700	0.100
0.100	0.100	0.700	0.100
>GGTTTTTTTT	15-GGTTTTTTTT	8.932401	-52.869966	0	T:278.0(6.63%),B:1547.0(3.47%),P:1e-22	Tpos:290.7,Tstd:217.8,Bpos:239.0,Bstd:154.2,StrandBias:-0.1,Multiplicity:1.04
0.077	0.270	0.640	0.013
0.016	0.201	0.621	0.162
0.001	0.245	0.167	0.587
0.197	0.014	0.102	0.687
0.019	0.029	0.057	0.895
0.002	0.009	0.258	0.731
0.153	0.150	0.237	0.460
0.161	0.040	0.025	0.774
0.036	0.037	0.127	0.800
0.031	0.016	0.103	0.850
>TGTGACACGT	16-TGTGACACGT	7.780206	-50.070717	0	T:321.0(7.66%),B:1918.2(4.30%),P:1e-21	Tpos:268.4,Tstd:189.9,Bpos:228.2,Bstd:142.8,StrandBias:-0.1,Multiplicity:1.08
0.051	0.302	0.035	0.612
0.103	0.081	0.815	0.001
0.001	0.001	0.001	0.997
0.111	0.081	0.807	0.001
0.586	0.025	0.001	0.388
0.077	0.902	0.020	0.001
0.997	0.001	0.001	0.001
0.055	0.816	0.080	0.049
0.259	0.001	0.677	0.063
0.062	0.317	0.001	0.620
>CAGCTGAGCT	17-CAGCTGAGCT	7.729430	-49.206512	0	T:520.0(12.41%),B:3602.8(8.08%),P:1e-21	Tpos:271.5,Tstd:204.6,Bpos:226.4,Bstd:144.0,StrandBias:0.0,Multiplicity:1.12
0.001	0.639	0.082	0.278
0.936	0.001	0.001	0.062
0.174	0.027	0.789	0.010
0.001	0.954	0.001	0.044
0.011	0.112	0.185	0.692
0.011	0.171	0.781	0.037
0.562	0.115	0.098	0.225
0.001	0.058	0.940	0.001
0.026	0.889	0.074	0.011
0.073	0.019	0.071	0.837
>GTTGCTAAGC	18-GTTGCTAAGC	8.467674	-35.426633	0	T:92.0(2.20%),B:370.1(0.83%),P:1e-15	Tpos:266.7,Tstd:157.6,Bpos:233.0,Bstd:138.7,StrandBias:0.3,Multiplicity:1.02
0.015	0.295	0.673	0.017
0.017	0.012	0.039	0.932
0.013	0.174	0.164	0.649
0.209	0.095	0.621	0.075
0.026	0.858	0.019	0.097
0.040	0.086	0.026	0.848
0.614	0.008	0.157	0.221
0.599	0.062	0.185	0.154
0.232	0.163	0.541	0.064
0.153	0.623	0.124	0.100
>CCATGGCAAC	19-CCATGGCAAC	9.331178	-32.049171	0	T:78.0(1.86%),B:303.5(0.68%),P:1e-13	Tpos:259.6,Tstd:172.9,Bpos:221.6,Bstd:141.8,StrandBias:0.3,Multiplicity:1.13
0.001	0.997	0.001	0.001
0.001	0.997	0.001	0.001
0.997	0.001	0.001	0.001
0.001	0.017	0.001	0.981
0.120	0.001	0.878	0.001
0.001	0.001	0.997	0.001
0.001	0.919	0.079	0.001
0.861	0.001	0.137	0.001
0.925	0.001	0.001	0.073
0.001	0.997	0.001	0.001
>CTTTAAMGTC	20-CTTTAAMGTC	10.850804	-27.643127	0	T:42.0(1.00%),B:118.8(0.27%),P:1e-12	Tpos:236.8,Tstd:145.2,Bpos:232.6,Bstd:151.1,StrandBias:-0.6,Multiplicity:1.05
0.001	0.997	0.001	0.001
0.001	0.001	0.346	0.652
0.001	0.001	0.001	0.997
0.001	0.001	0.001	0.997
0.824	0.174	0.001	0.001
0.997	0.001	0.001	0.001
0.547	0.451	0.001	0.001
0.001	0.101	0.897	0.001
0.001	0.001	0.101	0.897
0.001	0.997	0.001	0.001
>TAACAACAGC	21-TAACAACAGC	9.726822	-25.629789	0	T:89.0(2.12%),B:421.5(0.94%),P:1e-11	Tpos:231.0,Tstd:161.7,Bpos:247.5,Bstd:140.6,StrandBias:0.1,Multiplicity:1.01
0.001	0.001	0.196	0.802
0.912	0.086	0.001	0.001
0.966	0.001	0.032	0.001
0.001	0.997	0.001	0.001
0.573	0.295	0.131	0.001
0.856	0.001	0.001	0.142
0.001	0.857	0.141	0.001
0.997	0.001	0.001	0.001
0.026	0.001	0.972	0.001
0.001	0.997	0.001	0.001
>AMCACGCGGC	22-AMCACGCGGC	10.622042	-23.839945	0	T:24.0(0.57%),B:46.6(0.10%),P:1e-10	Tpos:251.4,Tstd:181.4,Bpos:293.1,Bstd:132.5,StrandBias:0.1,Multiplicity:1.00
0.997	0.001	0.001	0.001
0.363	0.454	0.181	0.001
0.001	0.997	0.001	0.001
0.997	0.001	0.001	0.001
0.129	0.869	0.001	0.001
0.001	0.001	0.997	0.001
0.123	0.875	0.001	0.001
0.001	0.001	0.997	0.001
0.001	0.001	0.997	0.001
0.177	0.821	0.001	0.001
>GTCAACTAGT	23-GTCAACTAGT	11.883974	-19.903219	0	T:10.0(0.24%),B:7.4(0.02%),P:1e-8	Tpos:346.7,Tstd:220.4,Bpos:234.1,Bstd:143.1,StrandBias:1.2,Multiplicity:1.00
0.001	0.001	0.997	0.001
0.001	0.001	0.001	0.997
0.001	0.997	0.001	0.001
0.856	0.001	0.142	0.001
0.997	0.001	0.001	0.001
0.001	0.997	0.001	0.001
0.001	0.001	0.001	0.997
0.997	0.001	0.001	0.001
0.001	0.001	0.997	0.001
0.001	0.001	0.001	0.997
>CTGGTTAGTG	24-CTGGTTAGTG	10.985376	-9.863344	0	T:16.0(0.38%),B:53.0(0.12%),P:1e-4	Tpos:265.8,Tstd:164.3,Bpos:250.1,Bstd:138.6,StrandBias:1.4,Multiplicity:1.79
0.001	0.997	0.001	0.001
0.001	0.091	0.001	0.907
0.001	0.001	0.997	0.001
0.001	0.001	0.997	0.001
0.001	0.001	0.001	0.997
0.001	0.001	0.001	0.997
0.997	0.001	0.001	0.001
0.001	0.001	0.997	0.001
0.001	0.072	0.001	0.926
0.001	0.118	0.880	0.001
>KGSGTAYGAC	25-KGSGTAYGAC	8.922018	-7.564175	0	T:18.0(0.43%),B:77.5(0.17%),P:1e-3	Tpos:223.4,Tstd:163.8,Bpos:223.1,Bstd:130.7,StrandBias:0.9,Multiplicity:1.53
0.129	0.001	0.498	0.372
0.204	0.213	0.495	0.088
0.092	0.403	0.504	0.001
0.001	0.001	0.997	0.001
0.001	0.177	0.225	0.597
0.992	0.006	0.001	0.001
0.001	0.487	0.085	0.427
0.001	0.001	0.997	0.001
0.687	0.078	0.086	0.149
0.058	0.849	0.001	0.092
>CTTTGATGTKKB	1-CTTTGATGTKKB	7.361801	-675.740322	0	T:1573.0(37.54%),B:6486.0(14.54%),P:1e-293	Tpos:264.2,Tstd:182.0,Bpos:230.3,Bstd:141.1,StrandBias:-0.1,Multiplicity:1.33
0.026	0.713	0.131	0.130
0.033	0.061	0.001	0.905
0.012	0.071	0.056	0.861
0.001	0.001	0.001	0.997
0.026	0.137	0.782	0.055
0.855	0.008	0.001	0.136
0.269	0.001	0.023	0.707
0.001	0.314	0.654	0.031
0.117	0.058	0.010	0.815
0.091	0.180	0.407	0.322
0.177	0.203	0.359	0.261
0.172	0.272	0.213	0.343
>YACTTCCTGTYT	2-YACTTCCTGTYT	7.459121	-375.764795	0	T:1306.0(31.17%),B:6485.1(14.54%),P:1e-163	Tpos:265.9,Tstd:192.5,Bpos:229.6,Bstd:137.8,StrandBias:0.1,Multiplicity:1.19
0.205	0.365	0.208	0.223
0.833	0.001	0.148	0.018
0.001	0.672	0.053	0.274
0.165	0.012	0.001	0.822
0.001	0.001	0.001	0.997
0.001	0.997	0.001	0.001
0.001	0.997	0.001	0.001
0.001	0.001	0.001	0.997
0.015	0.204	0.754	0.027
0.010	0.345	0.014	0.631
0.138	0.288	0.162	0.412
0.230	0.174	0.130	0.465
>VTGASTCABHNN	3-VTGASTCABHNN	4.075356	-344.812438	0	T:743.0(17.73%),B:2701.0(6.05%),P:1e-149	Tpos:255.0,Tstd:167.0,Bpos:232.0,Bstd:139.3,StrandBias:0.0,Multiplicity:1.12
0.366	0.289	0.273	0.072
0.001	0.001	0.001	0.997
0.001	0.001	0.997	0.001
0.997	0.001	0.001	0.001
0.001	0.496	0.502	0.001
0.001	0.001	0.001	0.997
0.001	0.997	0.001	0.001
0.997	0.001	0.001	0.001
0.001	0.356	0.296	0.347
0.373	0.275	0.001	0.351
0.284	0.285	0.192	0.240
0.266	0.252	0.199	0.282
>TTGATGTGGTTA	4-TTGATGTGGTTA	8.875683	-182.994371	0	T:392.0(9.36%),B:1383.8(3.10%),P:1e-79	Tpos:261.3,Tstd:178.8,Bpos:229.6,Bstd:139.3,StrandBias:0.1,Multiplicity:1.04
0.181	0.151	0.240	0.427
0.190	0.001	0.232	0.577
0.060	0.185	0.642	0.113
0.400	0.151	0.206	0.243
0.001	0.001	0.021	0.977
0.010	0.024	0.965	0.001
0.001	0.001	0.001	0.997
0.001	0.001	0.997	0.001
0.001	0.010	0.963	0.026
0.030	0.050	0.145	0.775
0.183	0.019	0.172	0.626
0.563	0.069	0.105	0.263
>NCTTCAAAGAGN	5-NCTTCAAAGAGN	6.533709	-126.953446	0	T:624.0(14.89%),B:3422.6(7.67%),P:1e-55	Tpos:265.2,Tstd:192.5,Bpos:229.3,Bstd:144.7,StrandBias:0.1,Multiplicity:1.06
0.237	0.216	0.304	0.243
0.128	0.602	0.116	0.154
0.140	0.128	0.073	0.659
0.124	0.110	0.127	0.639
0.130	0.613	0.124	0.133
0.684	0.123	0.069	0.124
0.630	0.136	0.135	0.099
0.703	0.067	0.115	0.115
0.135	0.138	0.625	0.102
0.660	0.080	0.124	0.136
0.150	0.138	0.583	0.129
0.259	0.297	0.212	0.232
>AGGGGAWTTCCC	6-AGGGGAWTTCCC	9.167095	-122.693011	0	T:193.0(4.61%),B:535.5(1.20%),P:1e-53	Tpos:251.6,Tstd:163.7,Bpos:234.1,Bstd:136.7,StrandBias:0.2,Multiplicity:1.04
0.448	0.049	0.222	0.281
0.204	0.001	0.740	0.055
0.047	0.001	0.946	0.006
0.007	0.001	0.961	0.031
0.344	0.007	0.621	0.028
0.653	0.122	0.124	0.101
0.449	0.088	0.030	0.432
0.078	0.066	0.100	0.756
0.001	0.249	0.001	0.749
0.011	0.722	0.011	0.256
0.005	0.939	0.001	0.055
0.110	0.790	0.001	0.099
>ATTTGCATAWND	7-ATTTGCATAWND	9.921934	-113.333250	0	T:185.0(4.42%),B:529.3(1.19%),P:1e-49	Tpos:256.0,Tstd:164.6,Bpos:220.7,Bstd:138.7,StrandBias:-0.1,Multiplicity:1.05
0.775	0.112	0.001	0.112
0.001	0.001	0.001	0.997
0.124	0.075	0.001	0.800
0.001	0.001	0.001	0.997
0.186	0.001	0.812	0.001
0.001	0.974	0.001	0.024
0.997	0.001	0.001	0.001
0.001	0.001	0.001	0.997
0.566	0.082	0.227	0.125
0.462	0.001	0.215	0.322
0.246	0.297	0.268	0.189
0.314	0.051	0.328	0.307
>RTGGAAANTNTG	8-RTGGAAANTNTG	5.715887	-103.955969	0	T:282.0(6.73%),B:1148.4(2.57%),P:1e-45	Tpos:270.8,Tstd:195.5,Bpos:233.5,Bstd:132.5,StrandBias:-0.0,Multiplicity:1.05
0.492	0.001	0.506	0.001
0.001	0.001	0.001	0.997
0.001	0.001	0.997	0.001
0.001	0.001	0.997	0.001
0.997	0.001	0.001	0.001
0.997	0.001	0.001	0.001
0.997	0.001	0.001	0.001
0.324	0.195	0.301	0.179
0.374	0.001	0.036	0.589
0.286	0.156	0.286	0.272
0.001	0.001	0.001	0.997
0.001	0.001	0.655	0.343
>ATCAAAGGAAAC	9-ATCAAAGGAAAC	8.503596	-100.845043	0	T:530.0(12.65%),B:2968.4(6.65%),P:1e-43	Tpos:270.2,Tstd:231.0,Bpos:232.3,Bstd:139.4,StrandBias:0.0,Multiplicity:1.08
0.623	0.152	0.118	0.107
0.106	0.155	0.136	0.603
0.134	0.597	0.135	0.134
0.961	0.016	0.001	0.022
0.808	0.037	0.154	0.001
0.801	0.001	0.001	0.197
0.004	0.013	0.967	0.016
0.006	0.109	0.861	0.024
0.688	0.137	0.078	0.097
0.967	0.001	0.016	0.016
0.612	0.173	0.146	0.069
0.194	0.610	0.123	0.073
>CCDCCCACACAA	10-CCDCCCACACAA	8.641619	-100.743293	0	T:462.0(11.03%),B:2446.6(5.48%),P:1e-43	Tpos:265.7,Tstd:186.7,Bpos:228.7,Bstd:142.7,StrandBias:0.1,Multiplicity:1.04
0.256	0.637	0.001	0.106
0.195	0.634	0.001	0.170
0.328	0.058	0.367	0.248
0.001	0.995	0.003	0.001
0.007	0.798	0.009	0.186
0.001	0.848	0.001	0.150
0.817	0.103	0.001	0.079
0.075	0.868	0.056	0.001
0.867	0.001	0.127	0.005
0.027	0.846	0.118	0.009
0.727	0.163	0.001	0.109
0.444	0.293	0.113	0.151
>TTTCAAAAGCAC	11-TTTCAAAAGCAC	9.097054	-88.744455	0	T:336.0(8.02%),B:1629.1(3.65%),P:1e-38	Tpos:275.8,Tstd:196.0,Bpos:233.5,Bstd:145.8,StrandBias:-0.0,Multiplicity:1.06
0.118	0.361	0.001	0.520
0.001	0.133	0.001	0.865
0.059	0.073	0.001	0.867
0.060	0.829	0.001	0.110
0.822	0.001	0.001	0.176
0.822	0.010	0.167	0.001
0.997	0.001	0.001	0.001
0.758	0.001	0.137	0.104
0.006	0.183	0.739	0.072
0.078	0.766	0.082	0.074
0.756	0.045	0.001	0.198
0.091	0.592	0.187	0.130
>BYYYCCCCCCHC	12-BYYYCCCCCCHC	6.078769	-75.882809	0	T:1028.0(24.53%),B:7656.2(17.16%),P:1e-32	Tpos:286.5,Tstd:219.5,Bpos:228.8,Bstd:132.5,StrandBias:-0.2,Multiplicity:1.28
0.121	0.332	0.236	0.311
0.020	0.544	0.016	0.420
0.174	0.472	0.020	0.333
0.207	0.416	0.048	0.329
0.075	0.570	0.097	0.258
0.179	0.552	0.019	0.250
0.239	0.488	0.017	0.256
0.263	0.506	0.012	0.219
0.306	0.464	0.020	0.210
0.289	0.530	0.019	0.162
0.336	0.386	0.017	0.261
0.247	0.511	0.205	0.037
>AAAAAAAACCAC	13-AAAAAAAACCAC	9.030448	-60.779049	0	T:468.0(11.17%),B:2971.5(6.66%),P:1e-26	Tpos:291.2,Tstd:211.6,Bpos:235.5,Bstd:153.2,StrandBias:-0.1,Multiplicity:1.10
0.832	0.111	0.006	0.051
0.859	0.058	0.082	0.001
0.809	0.068	0.035	0.088
0.860	0.001	0.067	0.072
0.792	0.074	0.095	0.039
0.854	0.026	0.082	0.038
0.908	0.001	0.009	0.082
0.911	0.049	0.039	0.001
0.079	0.837	0.075	0.009
0.065	0.804	0.054	0.077
0.764	0.120	0.057	0.059
0.078	0.770	0.072	0.080
>TTGCTTAGCAAC	14-TTGCTTAGCAAC	10.266366	-52.526057	0	T:75.0(1.79%),B:194.7(0.44%),P:1e-22	Tpos:253.0,Tstd:167.6,Bpos:250.6,Bstd:124.4,StrandBias:-0.1,Multiplicity:1.00
0.001	0.160	0.001	0.838
0.068	0.272	0.148	0.512
0.138	0.091	0.680	0.091
0.001	0.850	0.001	0.148
0.001	0.103	0.001	0.895
0.163	0.026	0.001	0.810
0.997	0.001	0.001	0.001
0.001	0.001	0.997	0.001
0.001	0.805	0.046	0.148
0.727	0.167	0.026	0.080
0.903	0.070	0.026	0.001
0.026	0.947	0.026	0.001
>ACTTTCACTTTC	15-ACTTTCACTTTC	11.682488	-50.431417	0	T:43.0(1.03%),B:64.9(0.15%),P:1e-21	Tpos:290.7,Tstd:179.1,Bpos:242.4,Bstd:133.1,StrandBias:0.5,Multiplicity:1.07
0.736	0.037	0.077	0.150
0.014	0.758	0.227	0.001
0.024	0.055	0.018	0.903
0.037	0.028	0.001	0.934
0.037	0.037	0.166	0.760
0.018	0.941	0.014	0.027
0.578	0.104	0.112	0.206
0.160	0.614	0.014	0.212
0.032	0.010	0.001	0.957
0.050	0.026	0.268	0.656
0.124	0.054	0.029	0.793
0.032	0.613	0.114	0.241
>CAGATGACTAAG	16-CAGATGACTAAG	9.140395	-49.055506	0	T:162.0(3.87%),B:736.7(1.65%),P:1e-21	Tpos:233.3,Tstd:160.5,Bpos:222.7,Bstd:135.7,StrandBias:0.0,Multiplicity:1.03
0.056	0.835	0.052	0.057
0.846	0.018	0.030	0.106
0.105	0.091	0.743	0.061
0.810	0.051	0.099	0.040
0.105	0.008	0.042	0.845
0.062	0.027	0.827	0.084
0.868	0.009	0.069	0.054
0.071	0.816	0.071	0.042
0.048	0.049	0.039	0.864
0.871	0.007	0.056	0.066
0.899	0.022	0.057	0.022
0.048	0.064	0.780	0.108
>AGCTGTCAGCTG	17-AGCTGTCAGCTG	6.944960	-47.081669	0	T:897.0(21.41%),B:7085.4(15.88%),P:1e-20	Tpos:275.9,Tstd:203.3,Bpos:231.3,Bstd:139.7,StrandBias:0.1,Multiplicity:1.21
0.615	0.110	0.055	0.220
0.032	0.078	0.806	0.084
0.102	0.784	0.061	0.053
0.087	0.086	0.014	0.813
0.079	0.106	0.760	0.055
0.293	0.091	0.067	0.549
0.087	0.695	0.095	0.123
0.642	0.023	0.075	0.260
0.080	0.169	0.649	0.102
0.102	0.743	0.082	0.073
0.212	0.073	0.078	0.637
0.056	0.213	0.601	0.130
>TGCCATGGCAAC	18-TGCCATGGCAAC	9.612781	-42.341287	0	T:119.0(2.84%),B:498.6(1.12%),P:1e-18	Tpos:273.2,Tstd:180.1,Bpos:233.3,Bstd:132.7,StrandBias:-0.1,Multiplicity:1.01
0.073	0.048	0.030	0.849
0.084	0.050	0.724	0.142
0.069	0.810	0.015	0.106
0.056	0.835	0.015	0.094
0.796	0.050	0.035	0.119
0.091	0.022	0.126	0.761
0.091	0.001	0.893	0.015
0.064	0.024	0.886	0.026
0.119	0.749	0.056	0.076
0.919	0.001	0.030	0.050
0.896	0.015	0.050	0.039
0.061	0.892	0.015	0.032
>GAAGTGACGTCA	19-GAAGTGACGTCA	13.111103	-35.976922	0	T:16.0(0.38%),B:8.1(0.02%),P:1e-15	Tpos:216.2,Tstd:111.8,Bpos:294.7,Bstd:92.8,StrandBias:-1.6,Multiplicity:1.00
0.060	0.082	0.857	0.001
0.751	0.060	0.188	0.001
0.950	0.001	0.048	0.001
0.001	0.001	0.997	0.001
0.082	0.001	0.001	0.916
0.001	0.001	0.997	0.001
0.997	0.001	0.001	0.001
0.001	0.811	0.001	0.187
0.039	0.001	0.959	0.001
0.001	0.001	0.082	0.916
0.001	0.997	0.001	0.001
0.835	0.082	0.001	0.082
>ACGTGTTCAGTG	20-ACGTGTTCAGTG	13.422784	-35.644515	0	T:13.0(0.31%),B:4.4(0.01%),P:1e-15	Tpos:243.4,Tstd:155.9,Bpos:250.4,Bstd:85.4,StrandBias:0.2,Multiplicity:1.00
0.787	0.001	0.106	0.106
0.025	0.868	0.001	0.106
0.001	0.001	0.893	0.105
0.001	0.001	0.001	0.997
0.001	0.001	0.997	0.001
0.105	0.001	0.001	0.893
0.105	0.001	0.001	0.893
0.001	0.893	0.001	0.105
0.997	0.001	0.001	0.001
0.001	0.105	0.893	0.001
0.001	0.001	0.001	0.997
0.105	0.001	0.893	0.001
>TCACAACAGCAG	21-TCACAACAGCAG	16.509269	-25.168816	0	T:7.0(0.17%),B:1.6(0.00%),P:1e-10	Tpos:177.0,Tstd:99.2,Bpos:205.6,Bstd:14.1,StrandBias:1.6,Multiplicity:1.14
0.001	0.001	0.001	0.997
0.001	0.997	0.001	0.001
0.997	0.001	0.001	0.001
0.001	0.997	0.001	0.001
0.997	0.001	0.001	0.001
0.997	0.001	0.001	0.001
0.001	0.997	0.001	0.001
0.997	0.001	0.001	0.001
0.001	0.001	0.997	0.001
0.001	0.997	0.001	0.001
0.911	0.001	0.087	0.001
0.001	0.001	0.997	0.001
>TATTTCCTGTWT	22-TATTTCCTGTWT	12.539916	-18.008610	0	T:43.0(1.03%),B:170.4(0.38%),P:1e-7	Tpos:318.3,Tstd:269.0,Bpos:228.2,Bstd:140.3,StrandBias:-0.5,Multiplicity:1.00
0.001	0.001	0.001	0.997
0.960	0.003	0.001	0.036
0.001	0.001	0.001	0.997
0.001	0.001	0.001	0.997
0.001	0.001	0.001	0.997
0.001	0.719	0.010	0.270
0.402	0.596	0.001	0.001
0.245	0.001	0.001	0.753
0.039	0.001	0.557	0.403
0.001	0.001	0.001	0.997
0.536	0.001	0.001	0.462
0.001	0.001	0.001	0.997
>TGTGATGTTACC	23-TGTGATGTTACC	10.134454	-15.375421	0	T:55.0(1.31%),B:270.4(0.61%),P:1e-6	Tpos:201.0,Tstd:133.0,Bpos:218.5,Bstd:135.4,StrandBias:0.8,Multiplicity:1.15
0.107	0.002	0.045	0.846
0.044	0.001	0.954	0.001
0.001	0.001	0.001	0.997
0.245	0.109	0.627	0.019
0.775	0.069	0.001	0.155
0.001	0.004	0.067	0.928
0.001	0.139	0.733	0.127
0.033	0.045	0.045	0.877
0.078	0.167	0.001	0.754
0.669	0.046	0.045	0.240
0.001	0.874	0.001	0.124
0.133	0.865	0.001	0.001
>GGACTGGTTAGT	24-GGACTGGTTAGT	13.994200	-8.958410	0	T:3.0(0.07%),B:1.1(0.00%),P:1e-3	Tpos:253.2,Tstd:137.5,Bpos:203.0,Bstd:0.0,StrandBias:3.5,Multiplicity:4.00
0.001	0.001	0.997	0.001
0.001	0.001	0.997	0.001
0.997	0.001	0.001	0.001
0.001	0.997	0.001	0.001
0.001	0.001	0.001	0.997
0.080	0.001	0.918	0.001
0.001	0.001	0.997	0.001
0.001	0.001	0.001	0.997
0.080	0.001	0.001	0.918
0.997	0.001	0.001	0.001
0.001	0.001	0.997	0.001
0.001	0.001	0.001	0.997
>TACCCAGCACAT	25-TACCCAGCACAT	12.355432	-5.486199	0	T:2.0(0.05%),B:1.1(0.00%),P:1e-2	Tpos:122.0,Tstd:74.0,Bpos:104.2,Bstd:35.4,StrandBias:-3.2,Multiplicity:5.00
0.100	0.100	0.100	0.700
0.700	0.100	0.100	0.100
0.100	0.700	0.100	0.100
0.100	0.700	0.100	0.100
0.100	0.700	0.100	0.100
0.700	0.100	0.100	0.100
0.100	0.100	0.700	0.100
0.100	0.700	0.100	0.100
0.700	0.100	0.100	0.100
0.100	0.700	0.100	0.100
0.700	0.100	0.100	0.100
0.100	0.100	0.100	0.700
>CTTTGATC	1-CTTTGATC	6.602244	-509.726908	0	T:1701.0(40.60%),B:8582.8(19.24%),P:1e-221	Tpos:268.4,Tstd:188.1,Bpos:233.0,Bstd:141.0,StrandBias:0.1,Multiplicity:1.33
0.001	0.989	0.009	0.001
0.001	0.019	0.001	0.979
0.001	0.024	0.001	0.974
0.001	0.001	0.001	0.997
0.021	0.200	0.699	0.080
0.912	0.001	0.001	0.086
0.140	0.001	0.001	0.858
0.053	0.692	0.191	0.064
>ACATCAAA	2-ACATCAAA	9.047875	-487.714679	0	T:805.0(19.21%),B:2423.5(5.43%),P:1e-211	Tpos:264.7,Tstd:188.4,Bpos:228.3,Bstd:141.0,StrandBias:0.1,Multiplicity:1.12
0.920	0.001	0.041	0.038
0.031	0.707	0.261	0.001
0.752	0.001	0.006	0.241
0.001	0.001	0.001	0.997
0.001	0.946	0.052	0.001
0.988	0.001	0.001	0.010
0.924	0.027	0.048	0.001
0.961	0.001	0.016	0.022
>ATGAGTCA	3-ATGAGTCA	6.408636	-342.084810	0	T:914.0(21.81%),B:3842.9(8.61%),P:1e-148	Tpos:258.6,Tstd:173.4,Bpos:229.9,Bstd:140.3,StrandBias:-0.0,Multiplicity:1.15
0.671	0.125	0.127	0.077
0.001	0.001	0.001	0.997
0.001	0.001	0.977	0.021
0.983	0.003	0.001	0.013
0.012	0.287	0.700	0.001
0.001	0.001	0.001	0.997
0.034	0.964	0.001	0.001
0.997	0.001	0.001	0.001
>ACTTCCTG	4-ACTTCCTG	7.121895	-286.595931	0	T:1396.0(33.32%),B:8019.2(17.98%),P:1e-124	Tpos:273.8,Tstd:203.7,Bpos:229.6,Bstd:137.6,StrandBias:0.0,Multiplicity:1.21
0.892	0.001	0.106	0.001
0.001	0.754	0.001	0.244
0.078	0.001	0.001	0.920
0.001	0.001	0.001	0.997
0.001	0.997	0.001	0.001
0.001	0.997	0.001	0.001
0.001	0.001	0.001	0.997
0.001	0.194	0.804	0.001
>CTWCAAAG	5-CTWCAAAG	5.825779	-163.644798	0	T:2360.0(56.32%),B:18983.1(42.55%),P:1e-71	Tpos:273.3,Tstd:201.0,Bpos:230.3,Bstd:142.9,StrandBias:0.0,Multiplicity:1.41
0.187	0.597	0.082	0.134
0.073	0.078	0.049	0.800
0.407	0.023	0.128	0.442
0.053	0.837	0.087	0.023
0.850	0.035	0.041	0.074
0.792	0.077	0.114	0.017
0.807	0.134	0.041	0.018
0.001	0.062	0.924	0.013
>ACGTCACA	6-ACGTCACA	4.226702	-156.857137	0	T:1214.0(28.97%),B:7987.8(17.91%),P:1e-68	Tpos:269.1,Tstd:214.9,Bpos:229.3,Bstd:144.9,StrandBias:0.0,Multiplicity:1.24
0.582	0.058	0.174	0.186
0.209	0.596	0.059	0.136
0.249	0.137	0.554	0.060
0.183	0.181	0.144	0.492
0.237	0.403	0.250	0.110
0.648	0.030	0.145	0.177
0.219	0.392	0.218	0.171
0.432	0.167	0.178	0.224
>AAACCACA	7-AAACCACA	6.890796	-149.402701	0	T:739.0(17.64%),B:4088.0(9.16%),P:1e-64	Tpos:270.5,Tstd:189.3,Bpos:231.1,Bstd:138.3,StrandBias:-0.1,Multiplicity:1.12
0.716	0.001	0.001	0.282
0.936	0.001	0.001	0.062
0.997	0.001	0.001	0.001
0.001	0.997	0.001	0.001
0.001	0.997	0.001	0.001
0.946	0.001	0.052	0.001
0.001	0.997	0.001	0.001
0.918	0.001	0.001	0.080
>CGTGGGTG	8-CGTGGGTG	5.632497	-131.431393	0	T:798.0(19.05%),B:4765.9(10.68%),P:1e-57	Tpos:284.5,Tstd:205.0,Bpos:230.4,Bstd:147.1,StrandBias:0.0,Multiplicity:1.14
0.030	0.949	0.001	0.020
0.001	0.001	0.997	0.001
0.001	0.001	0.001	0.997
0.215	0.001	0.783	0.001
0.001	0.001	0.997	0.001
0.001	0.001	0.997	0.001
0.059	0.393	0.001	0.547
0.001	0.001	0.701	0.297
>ATTTSCAT	9-ATTTSCAT	8.174926	-129.541487	0	T:595.0(14.20%),B:3172.5(7.11%),P:1e-56	Tpos:273.6,Tstd:193.4,Bpos:224.6,Bstd:135.8,StrandBias:0.1,Multiplicity:1.10
0.586	0.001	0.412	0.001
0.036	0.001	0.062	0.901
0.339	0.001	0.001	0.659
0.001	0.117	0.001	0.881
0.001	0.476	0.522	0.001
0.001	0.997	0.001	0.001
0.867	0.049	0.083	0.001
0.339	0.001	0.049	0.611
>STTTTGAW	10-STTTTGAW	6.875529	-100.847265	0	T:1175.0(28.04%),B:8531.7(19.13%),P:1e-43	Tpos:272.3,Tstd:195.2,Bpos:232.1,Bstd:142.3,StrandBias:-0.1,Multiplicity:1.18
0.001	0.432	0.479	0.088
0.001	0.083	0.041	0.875
0.037	0.001	0.001	0.961
0.001	0.024	0.221	0.754
0.280	0.042	0.001	0.677
0.001	0.001	0.997	0.001
0.879	0.119	0.001	0.001
0.423	0.082	0.001	0.494
>AACGGAAA	11-AACGGAAA	6.474990	-68.022678	0	T:1091.0(26.04%),B:8413.3(18.86%),P:1e-29	Tpos:285.6,Tstd:208.6,Bpos:229.5,Bstd:143.0,StrandBias:0.2,Multiplicity:1.20
0.813	0.115	0.051	0.021
0.955	0.001	0.001	0.043
0.118	0.722	0.084	0.076
0.059	0.075	0.865	0.001
0.001	0.001	0.997	0.001
0.997	0.001	0.001	0.001
0.984	0.014	0.001	0.001
0.808	0.067	0.096	0.029
>AAACAGCT	12-AAACAGCT	6.740991	-67.683378	0	T:1308.0(31.22%),B:10495.3(23.53%),P:1e-29	Tpos:276.0,Tstd:210.9,Bpos:229.5,Bstd:142.6,StrandBias:-0.0,Multiplicity:1.26
0.855	0.060	0.001	0.084
0.965	0.001	0.033	0.001
0.864	0.001	0.103	0.032
0.054	0.849	0.074	0.023
0.898	0.025	0.001	0.076
0.040	0.039	0.878	0.043
0.001	0.959	0.039	0.001
0.001	0.210	0.027	0.762
>GGGGGGGG	13-GGGGGGGG	7.032408	-63.366794	0	T:1315.0(31.38%),B:10672.0(23.92%),P:1e-27	Tpos:285.2,Tstd:215.6,Bpos:228.7,Bstd:134.5,StrandBias:0.1,Multiplicity:1.45
0.001	0.001	0.997	0.001
0.030	0.001	0.939	0.030
0.045	0.001	0.840	0.114
0.132	0.001	0.768	0.099
0.124	0.001	0.827	0.048
0.234	0.001	0.712	0.053
0.088	0.001	0.910	0.001
0.001	0.001	0.997	0.001
>TTGCGTAA	14-TTGCGTAA	6.740065	-62.852267	0	T:601.0(14.34%),B:4068.8(9.12%),P:1e-27	Tpos:268.7,Tstd:200.6,Bpos:226.6,Bstd:140.6,StrandBias:0.0,Multiplicity:1.07
0.001	0.001	0.001	0.997
0.001	0.001	0.096	0.902
0.001	0.001	0.997	0.001
0.117	0.875	0.001	0.007
0.131	0.001	0.814	0.054
0.159	0.219	0.001	0.621
0.792	0.206	0.001	0.001
0.997	0.001	0.001	0.001
>AGTGGAAA	15-AGTGGAAA	9.029101	-62.643010	0	T:430.0(10.26%),B:2632.4(5.90%),P:1e-27	Tpos:292.1,Tstd:229.8,Bpos:223.0,Bstd:141.7,StrandBias:0.0,Multiplicity:1.07
0.997	0.001	0.001	0.001
0.001	0.001	0.997	0.001
0.001	0.130	0.242	0.627
0.001	0.001	0.997	0.001
0.001	0.001	0.997	0.001
0.997	0.001	0.001	0.001
0.997	0.001	0.001	0.001
0.997	0.001	0.001	0.001
>TRACAGGT	16-TRACAGGT	5.799635	-41.684636	0	T:1933.0(46.13%),B:17592.4(39.44%),P:1e-18	Tpos:277.5,Tstd:210.3,Bpos:229.5,Bstd:140.0,StrandBias:0.1,Multiplicity:1.39
0.278	0.001	0.001	0.720
0.516	0.001	0.482	0.001
0.583	0.201	0.001	0.215
0.226	0.772	0.001	0.001
0.690	0.001	0.001	0.308
0.122	0.331	0.546	0.001
0.248	0.197	0.452	0.104
0.001	0.001	0.001	0.997
>CTTAGTCA	17-CTTAGTCA	8.775276	-36.265899	0	T:300.0(7.16%),B:1942.7(4.35%),P:1e-15	Tpos:268.4,Tstd:198.8,Bpos:230.9,Bstd:142.5,StrandBias:0.1,Multiplicity:1.07
0.001	0.724	0.119	0.156
0.001	0.001	0.001	0.997
0.153	0.001	0.001	0.845
0.997	0.001	0.001	0.001
0.001	0.001	0.997	0.001
0.001	0.001	0.001	0.997
0.001	0.997	0.001	0.001
0.997	0.001	0.001	0.001
>TTRCKAAG	18-TTRCKAAG	7.351144	-32.180747	0	T:402.0(9.59%),B:2893.1(6.49%),P:1e-13	Tpos:278.3,Tstd:198.9,Bpos:235.3,Bstd:138.3,StrandBias:-0.0,Multiplicity:1.07
0.001	0.132	0.001	0.866
0.001	0.001	0.131	0.867
0.546	0.001	0.452	0.001
0.001	0.807	0.084	0.108
0.001	0.001	0.529	0.469
0.653	0.345	0.001	0.001
0.589	0.001	0.409	0.001
0.244	0.001	0.754	0.001
>CGWCGTTA	19-CGWCGTTA	6.756475	-26.578513	0	T:110.0(2.63%),B:562.4(1.26%),P:1e-11	Tpos:259.3,Tstd:173.6,Bpos:229.2,Bstd:149.3,StrandBias:-0.3,Multiplicity:1.02
0.052	0.833	0.001	0.114
0.033	0.034	0.913	0.020
0.427	0.001	0.112	0.460
0.001	0.628	0.127	0.244
0.001	0.132	0.746	0.121
0.156	0.280	0.016	0.548
0.022	0.043	0.012	0.923
0.797	0.164	0.001	0.038
>ACTTTCAC	20-ACTTTCAC	8.998923	-25.060810	0	T:225.0(5.37%),B:1495.8(3.35%),P:1e-10	Tpos:292.6,Tstd:227.0,Bpos:232.7,Bstd:145.8,StrandBias:0.3,Multiplicity:1.08
0.997	0.001	0.001	0.001
0.001	0.801	0.197	0.001
0.001	0.001	0.001	0.997
0.001	0.001	0.001	0.997
0.001	0.001	0.157	0.841
0.001	0.997	0.001	0.001
0.997	0.001	0.001	0.001
0.001	0.997	0.001	0.001
>GACCGTCA	21-GACCGTCA	3.880882	-23.658508	0	T:264.0(6.30%),B:1854.0(4.16%),P:1e-10	Tpos:248.8,Tstd:181.9,Bpos:225.3,Bstd:141.3,StrandBias:0.1,Multiplicity:1.11
0.001	0.001	0.677	0.321
0.997	0.001	0.001	0.001
0.001	0.997	0.001	0.001
0.245	0.753	0.001	0.001
0.001	0.001	0.997	0.001
0.001	0.001	0.001	0.997
0.001	0.997	0.001	0.001
0.997	0.001	0.001	0.001
>AAAAAAAA	22-AAAAAAAA	10.626941	-14.786612	0	T:519.0(12.39%),B:4465.6(10.01%),P:1e-6	Tpos:284.4,Tstd:224.7,Bpos:232.1,Bstd:156.8,StrandBias:-0.1,Multiplicity:1.13
0.833	0.001	0.165	0.001
0.997	0.001	0.001	0.001
0.997	0.001	0.001	0.001
0.997	0.001	0.001	0.001
0.997	0.001	0.001	0.001
0.997	0.001	0.001	0.001
0.997	0.001	0.001	0.001
0.769	0.135	0.095	0.001
>TGTCGCTA	23-TGTCGCTA	8.236954	-14.118512	0	T:19.0(0.45%),B:51.4(0.12%),P:1e-6	Tpos:253.6,Tstd:186.9,Bpos:219.1,Bstd:145.7,StrandBias:-1.1,Multiplicity:1.00
0.100	0.100	0.100	0.700
0.100	0.100	0.700	0.100
0.100	0.100	0.100	0.700
0.100	0.700	0.100	0.100
0.100	0.100	0.700	0.100
0.100	0.700	0.100	0.100
0.100	0.100	0.100	0.700
0.700	0.100	0.100	0.100
