>ACATCAAAGR	1-ACATCAAAGR	7.552285	-771.044548	0	T:1511.0(36.06%),B:5544.4(12.43%),P:1e-334	Tpos:265.5,Tstd:178.2,Bpos:231.2,Bstd:140.5,StrandBias:0.0,Multiplicity:1.29
0.751	0.043	0.123	0.083
0.034	0.550	0.400	0.016
0.668	0.025	0.003	0.304
0.088	0.001	0.001	0.910
0.061	0.851	0.057	0.031
0.966	0.001	0.001	0.032
0.890	0.041	0.068	0.001
0.929	0.001	0.067	0.003
0.104	0.130	0.765	0.001
0.424	0.208	0.299	0.068
>CTTTKWWVNN	2-CTTTKWWVNN	5.377852	-389.587251	0	T:2187.0(52.20%),B:14032.3(31.46%),P:1e-169	Tpos:266.1,Tstd:197.9,Bpos:229.6,Bstd:144.7,StrandBias:-0.1,Multiplicity:1.30
0.128	0.413	0.234	0.225
0.267	0.028	0.079	0.626
0.001	0.354	0.001	0.644
0.019	0.001	0.001	0.979
0.208	0.125	0.380	0.286
0.524	0.001	0.095	0.380
0.518	0.011	0.001	0.470
0.288	0.316	0.320	0.076
0.226	0.238	0.255	0.280
0.172	0.237	0.282	0.309
>VTGACTCATW	3-VTGACTCATW	7.202041	-345.546763	0	T:808.0(19.28%),B:3111.6(6.98%),P:1e-150	Tpos:259.3,Tstd:170.9,Bpos:231.3,Bstd:140.0,StrandBias:0.1,Multiplicity:1.14
0.237	0.234	0.378	0.150
0.001	0.001	0.001	0.997
0.001	0.001	0.943	0.055
0.997	0.001	0.001	0.001
0.001	0.589	0.409	0.001
0.001	0.001	0.001	0.997
0.001	0.997	0.001	0.001
0.997	0.001	0.001	0.001
0.074	0.205	0.170	0.551
0.361	0.134	0.057	0.448
>NRCTTCCTGT	4-NRCTTCCTGT	8.241393	-335.615228	0	T:1099.0(26.23%),B:5217.1(11.70%),P:1e-145	Tpos:264.3,Tstd:183.6,Bpos:230.4,Bstd:136.5,StrandBias:0.1,Multiplicity:1.17
0.174	0.315	0.266	0.245
0.482	0.069	0.448	0.001
0.001	0.575	0.068	0.356
0.117	0.058	0.001	0.824
0.026	0.001	0.001	0.972
0.001	0.997	0.001	0.001
0.001	0.997	0.001	0.001
0.001	0.001	0.001	0.997
0.011	0.229	0.759	0.001
0.068	0.245	0.069	0.618
>AACCACATCA	5-AACCACATCA	8.684168	-225.335703	0	T:450.0(10.74%),B:1518.8(3.40%),P:1e-97	Tpos:270.4,Tstd:177.6,Bpos:224.5,Bstd:134.7,StrandBias:-0.2,Multiplicity:1.07
0.591	0.148	0.032	0.229
0.649	0.179	0.171	0.001
0.001	0.997	0.001	0.001
0.001	0.997	0.001	0.001
0.997	0.001	0.001	0.001
0.001	0.997	0.001	0.001
0.921	0.001	0.001	0.077
0.258	0.102	0.001	0.639
0.145	0.727	0.117	0.011
0.728	0.112	0.034	0.126
>VCGTRGGHRD	6-VCGTRGGHRD	5.797574	-193.624363	0	T:675.0(16.11%),B:3202.7(7.18%),P:1e-84	Tpos:281.7,Tstd:196.6,Bpos:229.4,Bstd:146.5,StrandBias:0.0,Multiplicity:1.10
0.268	0.215	0.361	0.156
0.240	0.413	0.111	0.236
0.186	0.148	0.632	0.034
0.033	0.043	0.069	0.855
0.453	0.057	0.457	0.032
0.059	0.313	0.549	0.079
0.037	0.053	0.844	0.066
0.242	0.301	0.100	0.357
0.294	0.024	0.430	0.252
0.236	0.121	0.341	0.302
>CTKTSAKBTK	7-CTKTSAKBTK	7.117562	-161.948982	0	T:1627.0(38.83%),B:11698.1(26.22%),P:1e-70	Tpos:263.2,Tstd:203.1,Bpos:231.1,Bstd:143.1,StrandBias:0.0,Multiplicity:1.20
0.088	0.649	0.059	0.204
0.001	0.001	0.001	0.997
0.001	0.001	0.437	0.561
0.001	0.001	0.001	0.997
0.001	0.322	0.422	0.255
0.484	0.001	0.245	0.269
0.162	0.001	0.469	0.368
0.001	0.313	0.294	0.391
0.327	0.001	0.001	0.671
0.134	0.001	0.418	0.447
>KATTTGCATA	8-KATTTGCATA	8.347059	-131.948217	0	T:242.0(5.78%),B:759.4(1.70%),P:1e-57	Tpos:263.3,Tstd:176.2,Bpos:225.9,Bstd:141.0,StrandBias:0.0,Multiplicity:1.05
0.116	0.172	0.374	0.337
0.863	0.040	0.004	0.093
0.002	0.001	0.001	0.996
0.010	0.011	0.003	0.976
0.001	0.001	0.001	0.997
0.001	0.001	0.997	0.001
0.001	0.997	0.001	0.001
0.973	0.010	0.016	0.001
0.011	0.001	0.001	0.987
0.937	0.007	0.042	0.014
>RAANDGAAAC	9-RAANDGAAAC	7.183050	-119.479874	0	T:1657.0(39.55%),B:12746.4(28.57%),P:1e-51	Tpos:285.6,Tstd:210.4,Bpos:231.2,Bstd:141.9,StrandBias:-0.1,Multiplicity:1.35
0.333	0.188	0.351	0.127
0.952	0.001	0.046	0.001
0.595	0.040	0.364	0.001
0.241	0.201	0.348	0.210
0.264	0.001	0.396	0.339
0.001	0.242	0.756	0.001
0.800	0.001	0.198	0.001
0.997	0.001	0.001	0.001
0.797	0.001	0.201	0.001
0.001	0.491	0.340	0.168
>GGGGATTTCC	10-GGGGATTTCC	9.089965	-100.828189	0	T:220.0(5.25%),B:781.3(1.75%),P:1e-43	Tpos:264.4,Tstd:181.2,Bpos:232.8,Bstd:135.7,StrandBias:-0.1,Multiplicity:1.04
0.052	0.018	0.929	0.001
0.001	0.001	0.997	0.001
0.001	0.001	0.910	0.088
0.379	0.001	0.574	0.046
0.449	0.107	0.174	0.270
0.405	0.001	0.031	0.563
0.263	0.001	0.001	0.735
0.001	0.334	0.001	0.664
0.001	0.903	0.001	0.095
0.001	0.997	0.001	0.001
>GATGACTAAG	11-GATGACTAAG	6.628116	-85.838141	0	T:878.0(20.95%),B:6107.0(13.69%),P:1e-37	Tpos:259.3,Tstd:198.3,Bpos:228.2,Bstd:138.0,StrandBias:0.1,Multiplicity:1.12
0.077	0.122	0.721	0.080
0.758	0.094	0.090	0.058
0.044	0.091	0.047	0.818
0.048	0.088	0.802	0.062
0.897	0.029	0.052	0.022
0.067	0.810	0.070	0.053
0.094	0.025	0.035	0.846
0.778	0.069	0.072	0.081
0.820	0.073	0.057	0.050
0.077	0.062	0.756	0.105
>TNACGTCAVH	12-TNACGTCAVH	5.897980	-70.013571	0	T:608.0(14.51%),B:4012.3(8.99%),P:1e-30	Tpos:271.0,Tstd:232.6,Bpos:228.5,Bstd:144.5,StrandBias:0.1,Multiplicity:1.11
0.178	0.150	0.129	0.543
0.233	0.203	0.295	0.268
0.646	0.156	0.147	0.051
0.213	0.630	0.012	0.145
0.028	0.050	0.913	0.009
0.096	0.018	0.222	0.664
0.250	0.554	0.055	0.141
0.905	0.001	0.001	0.093
0.218	0.362	0.232	0.189
0.283	0.290	0.096	0.332
>ACATCTGACA	13-ACATCTGACA	6.718591	-67.686593	0	T:892.0(21.29%),B:6572.9(14.73%),P:1e-29	Tpos:273.7,Tstd:204.9,Bpos:230.6,Bstd:136.7,StrandBias:-0.1,Multiplicity:1.13
0.806	0.086	0.057	0.051
0.062	0.813	0.066	0.059
0.864	0.029	0.057	0.050
0.058	0.052	0.075	0.815
0.095	0.756	0.099	0.050
0.069	0.074	0.100	0.757
0.072	0.047	0.835	0.046
0.796	0.051	0.061	0.092
0.052	0.818	0.072	0.058
0.746	0.040	0.095	0.119
>GGGGGGGGGG	14-GGGGGGGGGG	6.404373	-55.759252	0	T:1511.0(36.06%),B:12815.5(28.73%),P:1e-24	Tpos:285.8,Tstd:215.6,Bpos:230.0,Bstd:137.5,StrandBias:0.1,Multiplicity:1.65
0.100	0.100	0.700	0.100
0.100	0.100	0.700	0.100
0.100	0.100	0.700	0.100
0.100	0.100	0.700	0.100
0.100	0.100	0.700	0.100
0.100	0.100	0.700	0.100
0.100	0.100	0.700	0.100
0.100	0.100	0.700	0.100
0.100	0.100	0.700	0.100
0.100	0.100	0.700	0.100
>GGTTTTTTTT	15-GGTTTTTTTT	8.932401	-52.869966	0	T:278.0(6.63%),B:1547.0(3.47%),P:1e-22	Tpos:290.7,Tstd:217.8,Bpos:239.0,Bstd:154.2,StrandBias:-0.1,Multiplicity:1.04
0.077	0.270	0.640	0.013
0.016	0.201	0.621	0.162
0.001	0.245	0.167	0.587
0.197	0.014	0.102	0.687
0.019	0.029	0.057	0.895
0.002	0.009	0.258	0.731
0.153	0.150	0.237	0.460
0.161	0.040	0.025	0.774
0.036	0.037	0.127	0.800
0.031	0.016	0.103	0.850
>TGTGACACGT	16-TGTGACACGT	7.780206	-50.070717	0	T:321.0(7.66%),B:1918.2(4.30%),P:1e-21	Tpos:268.4,Tstd:189.9,Bpos:228.2,Bstd:142.8,StrandBias:-0.1,Multiplicity:1.08
0.051	0.302	0.035	0.612
0.103	0.081	0.815	0.001
0.001	0.001	0.001	0.997
0.111	0.081	0.807	0.001
0.586	0.025	0.001	0.388
0.077	0.902	0.020	0.001
0.997	0.001	0.001	0.001
0.055	0.816	0.080	0.049
0.259	0.001	0.677	0.063
0.062	0.317	0.001	0.620
>CAGCTGAGCT	17-CAGCTGAGCT	7.729430	-49.206512	0	T:520.0(12.41%),B:3602.8(8.08%),P:1e-21	Tpos:271.5,Tstd:204.6,Bpos:226.4,Bstd:144.0,StrandBias:0.0,Multiplicity:1.12
0.001	0.639	0.082	0.278
0.936	0.001	0.001	0.062
0.174	0.027	0.789	0.010
0.001	0.954	0.001	0.044
0.011	0.112	0.185	0.692
0.011	0.171	0.781	0.037
0.562	0.115	0.098	0.225
0.001	0.058	0.940	0.001
0.026	0.889	0.074	0.011
0.073	0.019	0.071	0.837
>GTTGCTAAGC	18-GTTGCTAAGC	8.467674	-35.426633	0	T:92.0(2.20%),B:370.1(0.83%),P:1e-15	Tpos:266.7,Tstd:157.6,Bpos:233.0,Bstd:138.7,StrandBias:0.3,Multiplicity:1.02
0.015	0.295	0.673	0.017
0.017	0.012	0.039	0.932
0.013	0.174	0.164	0.649
0.209	0.095	0.621	0.075
0.026	0.858	0.019	0.097
0.040	0.086	0.026	0.848
0.614	0.008	0.157	0.221
0.599	0.062	0.185	0.154
0.232	0.163	0.541	0.064
0.153	0.623	0.124	0.100
>CCATGGCAAC	19-CCATGGCAAC	9.331178	-32.049171	0	T:78.0(1.86%),B:303.5(0.68%),P:1e-13	Tpos:259.6,Tstd:172.9,Bpos:221.6,Bstd:141.8,StrandBias:0.3,Multiplicity:1.13
0.001	0.997	0.001	0.001
0.001	0.997	0.001	0.001
0.997	0.001	0.001	0.001
0.001	0.017	0.001	0.981
0.120	0.001	0.878	0.001
0.001	0.001	0.997	0.001
0.001	0.919	0.079	0.001
0.861	0.001	0.137	0.001
0.925	0.001	0.001	0.073
0.001	0.997	0.001	0.001
>CTTTAAMGTC	20-CTTTAAMGTC	10.850804	-27.643127	0	T:42.0(1.00%),B:118.8(0.27%),P:1e-12	Tpos:236.8,Tstd:145.2,Bpos:232.6,Bstd:151.1,StrandBias:-0.6,Multiplicity:1.05
0.001	0.997	0.001	0.001
0.001	0.001	0.346	0.652
0.001	0.001	0.001	0.997
0.001	0.001	0.001	0.997
0.824	0.174	0.001	0.001
0.997	0.001	0.001	0.001
0.547	0.451	0.001	0.001
0.001	0.101	0.897	0.001
0.001	0.001	0.101	0.897
0.001	0.997	0.001	0.001
>TAACAACAGC	21-TAACAACAGC	9.726822	-25.629789	0	T:89.0(2.12%),B:421.5(0.94%),P:1e-11	Tpos:231.0,Tstd:161.7,Bpos:247.5,Bstd:140.6,StrandBias:0.1,Multiplicity:1.01
0.001	0.001	0.196	0.802
0.912	0.086	0.001	0.001
0.966	0.001	0.032	0.001
0.001	0.997	0.001	0.001
0.573	0.295	0.131	0.001
0.856	0.001	0.001	0.142
0.001	0.857	0.141	0.001
0.997	0.001	0.001	0.001
0.026	0.001	0.972	0.001
0.001	0.997	0.001	0.001
>AMCACGCGGC	22-AMCACGCGGC	10.622042	-23.839945	0	T:24.0(0.57%),B:46.6(0.10%),P:1e-10	Tpos:251.4,Tstd:181.4,Bpos:293.1,Bstd:132.5,StrandBias:0.1,Multiplicity:1.00
0.997	0.001	0.001	0.001
0.363	0.454	0.181	0.001
0.001	0.997	0.001	0.001
0.997	0.001	0.001	0.001
0.129	0.869	0.001	0.001
0.001	0.001	0.997	0.001
0.123	0.875	0.001	0.001
0.001	0.001	0.997	0.001
0.001	0.001	0.997	0.001
0.177	0.821	0.001	0.001
>GTCAACTAGT	23-GTCAACTAGT	11.883974	-19.903219	0	T:10.0(0.24%),B:7.4(0.02%),P:1e-8	Tpos:346.7,Tstd:220.4,Bpos:234.1,Bstd:143.1,StrandBias:1.2,Multiplicity:1.00
0.001	0.001	0.997	0.001
0.001	0.001	0.001	0.997
0.001	0.997	0.001	0.001
0.856	0.001	0.142	0.001
0.997	0.001	0.001	0.001
0.001	0.997	0.001	0.001
0.001	0.001	0.001	0.997
0.997	0.001	0.001	0.001
0.001	0.001	0.997	0.001
0.001	0.001	0.001	0.997
>CTGGTTAGTG	24-CTGGTTAGTG	10.985376	-9.863344	0	T:16.0(0.38%),B:53.0(0.12%),P:1e-4	Tpos:265.8,Tstd:164.3,Bpos:250.1,Bstd:138.6,StrandBias:1.4,Multiplicity:1.79
0.001	0.997	0.001	0.001
0.001	0.091	0.001	0.907
0.001	0.001	0.997	0.001
0.001	0.001	0.997	0.001
0.001	0.001	0.001	0.997
0.001	0.001	0.001	0.997
0.997	0.001	0.001	0.001
0.001	0.001	0.997	0.001
0.001	0.072	0.001	0.926
0.001	0.118	0.880	0.001
>KGSGTAYGAC	25-KGSGTAYGAC	8.922018	-7.564175	0	T:18.0(0.43%),B:77.5(0.17%),P:1e-3	Tpos:223.4,Tstd:163.8,Bpos:223.1,Bstd:130.7,StrandBias:0.9,Multiplicity:1.53
0.129	0.001	0.498	0.372
0.204	0.213	0.495	0.088
0.092	0.403	0.504	0.001
0.001	0.001	0.997	0.001
0.001	0.177	0.225	0.597
0.992	0.006	0.001	0.001
0.001	0.487	0.085	0.427
0.001	0.001	0.997	0.001
0.687	0.078	0.086	0.149
0.058	0.849	0.001	0.092
