>AGDACATTBTGTTCT	Nr3c1+M1935	9.675440	-5.960929	0	T:48.0(2.76%),B:841.8(1.79%),P:1e-2
0.547	0.001	0.323	0.129
0.125	0.001	0.873	0.001
0.394	0.001	0.348	0.258
0.881	0.001	0.017	0.101
0.001	0.997	0.001	0.001
0.726	0.041	0.001	0.232
0.001	0.234	0.230	0.535
0.170	0.174	0.153	0.503
0.001	0.381	0.292	0.327
0.142	0.030	0.001	0.827
0.001	0.001	0.997	0.001
0.060	0.077	0.001	0.862
0.118	0.234	0.202	0.445
0.054	0.794	0.001	0.151
0.144	0.323	0.001	0.532
