Factor1: 1.0140768840701277
Factor2: 0.9861185238602141
