Factor1: 1.1151015486449867
Factor2: 0.8967793123551374
