Factor1: 0.928762365822701
Factor2: 1.0767016804284446
