>ATGAGTCA	1-ATGAGTCA	6.294063	-1553.522888	0	T:2468.0(31.09%),B:3687.4(8.95%),P:1e-674	Tpos:273.5,Tstd:189.7,Bpos:248.5,Bstd:146.6,StrandBias:-0.0,Multiplicity:1.24
0.650	0.148	0.154	0.048
0.001	0.001	0.001	0.997
0.001	0.001	0.969	0.029
0.995	0.003	0.001	0.001
0.013	0.274	0.700	0.013
0.001	0.001	0.001	0.997
0.019	0.979	0.001	0.001
0.997	0.001	0.001	0.001
>KTGASTCA	2-KTGASTCA	6.676666	-1115.456306	0	T:3269.0(41.19%),B:7559.3(18.35%),P:1e-484	Tpos:287.9,Tstd:215.6,Bpos:243.0,Bstd:149.3,StrandBias:0.1,Multiplicity:1.15
0.210	0.083	0.414	0.294
0.001	0.001	0.001	0.997
0.001	0.001	0.593	0.405
0.997	0.001	0.001	0.001
0.175	0.394	0.321	0.110
0.001	0.041	0.001	0.957
0.270	0.649	0.042	0.039
0.961	0.001	0.037	0.001
>ATGACGYD	3-ATGACGYD	6.912767	-427.704945	0	T:1733.0(21.83%),B:4347.0(10.55%),P:1e-185	Tpos:268.3,Tstd:203.6,Bpos:245.7,Bstd:149.1,StrandBias:-0.1,Multiplicity:1.10
0.705	0.078	0.195	0.022
0.001	0.002	0.089	0.908
0.057	0.001	0.925	0.017
0.961	0.017	0.001	0.021
0.001	0.949	0.016	0.034
0.159	0.021	0.582	0.238
0.008	0.567	0.001	0.424
0.315	0.146	0.227	0.313
>AAACCACA	4-AAACCACA	7.535284	-424.201865	0	T:1564.0(19.71%),B:3738.8(9.08%),P:1e-184	Tpos:293.2,Tstd:213.4,Bpos:240.3,Bstd:147.8,StrandBias:-0.1,Multiplicity:1.15
0.659	0.093	0.001	0.247
0.997	0.001	0.001	0.001
0.890	0.001	0.108	0.001
0.001	0.997	0.001	0.001
0.001	0.997	0.001	0.001
0.947	0.001	0.051	0.001
0.001	0.997	0.001	0.001
0.967	0.001	0.031	0.001
>GTTTCCAT	5-GTTTCCAT	4.469967	-395.779305	0	T:1837.0(23.14%),B:4888.8(11.87%),P:1e-171	Tpos:284.9,Tstd:221.6,Bpos:241.6,Bstd:144.7,StrandBias:0.0,Multiplicity:1.21
0.046	0.001	0.795	0.158
0.001	0.001	0.001	0.997
0.001	0.001	0.001	0.997
0.001	0.001	0.001	0.997
0.001	0.795	0.203	0.001
0.001	0.997	0.001	0.001
0.961	0.001	0.037	0.001
0.001	0.001	0.001	0.997
>CCGCCCAC	6-CCGCCCAC	6.738585	-284.349785	0	T:2294.0(28.90%),B:7419.1(18.01%),P:1e-123	Tpos:299.7,Tstd:221.6,Bpos:243.7,Bstd:152.3,StrandBias:0.1,Multiplicity:1.41
0.080	0.905	0.001	0.014
0.001	0.976	0.001	0.022
0.209	0.001	0.622	0.168
0.001	0.997	0.001	0.001
0.001	0.997	0.001	0.001
0.001	0.955	0.001	0.043
0.906	0.064	0.001	0.029
0.015	0.918	0.032	0.035
>ASAGGAAR	7-ASAGGAAR	6.105088	-258.027531	0	T:3066.0(38.63%),B:11109.3(26.97%),P:1e-112	Tpos:286.6,Tstd:210.8,Bpos:247.2,Bstd:145.3,StrandBias:0.0,Multiplicity:1.31
0.776	0.034	0.084	0.106
0.078	0.453	0.335	0.134
0.408	0.233	0.134	0.224
0.014	0.086	0.747	0.153
0.165	0.091	0.634	0.110
0.798	0.118	0.037	0.047
0.771	0.147	0.048	0.034
0.403	0.087	0.415	0.095
>ACTTTCMR	8-ACTTTCMR	6.354346	-250.183477	0	T:2584.0(32.56%),B:8961.3(21.76%),P:1e-108	Tpos:284.9,Tstd:215.0,Bpos:244.7,Bstd:148.2,StrandBias:0.0,Multiplicity:1.18
0.846	0.060	0.001	0.093
0.097	0.697	0.185	0.021
0.001	0.001	0.001	0.997
0.040	0.001	0.032	0.927
0.057	0.032	0.090	0.821
0.001	0.877	0.032	0.090
0.390	0.438	0.171	0.001
0.415	0.001	0.369	0.216
>CAGGATGT	9-CAGGATGT	5.740752	-245.412505	0	T:1536.0(19.35%),B:4502.9(10.93%),P:1e-106	Tpos:293.5,Tstd:223.1,Bpos:246.5,Bstd:143.8,StrandBias:-0.1,Multiplicity:1.10
0.001	0.871	0.127	0.001
0.942	0.056	0.001	0.001
0.001	0.001	0.997	0.001
0.001	0.001	0.997	0.001
0.997	0.001	0.001	0.001
0.320	0.001	0.001	0.678
0.001	0.001	0.997	0.001
0.001	0.001	0.001	0.997
>GGGGTTTT	10-GGGGTTTT	6.333393	-210.432596	0	T:1883.0(23.72%),B:6185.8(15.02%),P:1e-91	Tpos:288.9,Tstd:223.6,Bpos:245.6,Bstd:146.9,StrandBias:-0.2,Multiplicity:1.15
0.001	0.001	0.997	0.001
0.001	0.001	0.914	0.084
0.001	0.001	0.997	0.001
0.001	0.001	0.867	0.131
0.119	0.001	0.089	0.791
0.001	0.001	0.001	0.997
0.001	0.001	0.001	0.997
0.001	0.182	0.001	0.816
>CCACRCCY	11-CCACRCCY	7.362814	-206.616200	0	T:3046.0(38.38%),B:11494.2(27.91%),P:1e-89	Tpos:303.9,Tstd:230.6,Bpos:243.6,Bstd:147.8,StrandBias:-0.0,Multiplicity:1.51
0.001	0.645	0.001	0.353
0.001	0.828	0.001	0.170
0.748	0.250	0.001	0.001
0.001	0.997	0.001	0.001
0.391	0.179	0.428	0.001
0.001	0.929	0.001	0.069
0.001	0.971	0.027	0.001
0.001	0.530	0.001	0.468
>AGTGAAAC	12-AGTGAAAC	6.397424	-155.899568	0	T:1833.0(23.09%),B:6418.5(15.58%),P:1e-67	Tpos:288.4,Tstd:225.2,Bpos:243.3,Bstd:149.7,StrandBias:0.0,Multiplicity:1.19
0.927	0.001	0.032	0.040
0.245	0.268	0.484	0.004
0.001	0.260	0.113	0.626
0.001	0.001	0.997	0.001
0.866	0.023	0.056	0.055
0.997	0.001	0.001	0.001
0.997	0.001	0.001	0.001
0.001	0.960	0.038	0.001
>CATTTCCT	13-CATTTCCT	7.568072	-143.204402	0	T:979.0(12.33%),B:2908.4(7.06%),P:1e-62	Tpos:289.5,Tstd:227.6,Bpos:250.4,Bstd:139.5,StrandBias:0.1,Multiplicity:1.06
0.001	0.849	0.001	0.149
0.997	0.001	0.001	0.001
0.001	0.001	0.001	0.997
0.127	0.001	0.001	0.871
0.001	0.001	0.001	0.997
0.001	0.997	0.001	0.001
0.001	0.997	0.001	0.001
0.001	0.001	0.231	0.767
>HGYGGTTA	14-HGYGGTTA	6.885306	-142.440469	0	T:746.0(9.40%),B:2010.6(4.88%),P:1e-61	Tpos:278.4,Tstd:204.6,Bpos:245.9,Bstd:156.2,StrandBias:0.0,Multiplicity:1.03
0.361	0.295	0.001	0.343
0.001	0.095	0.903	0.001
0.001	0.431	0.187	0.381
0.001	0.001	0.851	0.147
0.133	0.036	0.552	0.279
0.001	0.001	0.001	0.997
0.342	0.001	0.001	0.656
0.750	0.248	0.001	0.001
>CTTTGAAG	15-CTTTGAAG	7.408532	-137.446557	0	T:1222.0(15.40%),B:3941.8(9.57%),P:1e-59	Tpos:279.2,Tstd:209.0,Bpos:244.2,Bstd:145.8,StrandBias:0.0,Multiplicity:1.13
0.001	0.997	0.001	0.001
0.001	0.001	0.001	0.997
0.001	0.001	0.001	0.997
0.001	0.020	0.001	0.978
0.061	0.001	0.865	0.073
0.997	0.001	0.001	0.001
0.667	0.001	0.001	0.331
0.001	0.091	0.907	0.001
>TGYGGTCR	16-TGYGGTCR	3.861640	-135.720165	0	T:1275.0(16.06%),B:4177.7(10.14%),P:1e-58	Tpos:283.5,Tstd:213.1,Bpos:247.3,Bstd:148.7,StrandBias:-0.0,Multiplicity:1.08
0.001	0.001	0.001	0.997
0.001	0.001	0.997	0.001
0.001	0.489	0.001	0.509
0.001	0.001	0.997	0.001
0.001	0.001	0.997	0.001
0.001	0.001	0.001	0.997
0.003	0.993	0.003	0.001
0.502	0.001	0.385	0.112
>AATGACTG	17-AATGACTG	7.956936	-108.191014	0	T:881.0(11.10%),B:2753.3(6.68%),P:1e-46	Tpos:276.9,Tstd:224.2,Bpos:244.8,Bstd:144.6,StrandBias:0.1,Multiplicity:1.12
0.529	0.001	0.208	0.262
0.997	0.001	0.001	0.001
0.001	0.001	0.001	0.997
0.001	0.001	0.997	0.001
0.997	0.001	0.001	0.001
0.001	0.905	0.093	0.001
0.001	0.001	0.001	0.997
0.099	0.001	0.899	0.001
>TCTGACGT	18-TCTGACGT	6.376664	-98.975895	0	T:1041.0(13.12%),B:3492.9(8.48%),P:1e-42	Tpos:285.8,Tstd:220.8,Bpos:245.3,Bstd:153.2,StrandBias:0.0,Multiplicity:1.07
0.152	0.001	0.128	0.719
0.203	0.416	0.130	0.251
0.242	0.028	0.020	0.710
0.053	0.047	0.610	0.290
0.862	0.049	0.088	0.001
0.001	0.773	0.049	0.177
0.001	0.001	0.997	0.001
0.040	0.001	0.026	0.933
>CAYGAAAG	19-CAYGAAAG	7.790990	-48.794025	0	T:542.0(6.83%),B:1832.9(4.45%),P:1e-21	Tpos:284.1,Tstd:211.6,Bpos:245.5,Bstd:150.4,StrandBias:0.0,Multiplicity:1.03
0.001	0.885	0.113	0.001
0.591	0.001	0.407	0.001
0.001	0.437	0.001	0.561
0.001	0.001	0.997	0.001
0.997	0.001	0.001	0.001
0.997	0.001	0.001	0.001
0.997	0.001	0.001	0.001
0.001	0.001	0.997	0.001
>TGTGGGTT	20-TGTGGGTT	8.533893	-44.521612	0	T:563.0(7.09%),B:1962.8(4.77%),P:1e-19	Tpos:300.9,Tstd:244.3,Bpos:250.3,Bstd:143.4,StrandBias:-0.0,Multiplicity:1.04
0.001	0.133	0.001	0.865
0.001	0.001	0.997	0.001
0.001	0.001	0.001	0.997
0.001	0.001	0.997	0.001
0.001	0.108	0.890	0.001
0.001	0.001	0.997	0.001
0.001	0.001	0.001	0.997
0.155	0.001	0.001	0.843
>TTTCMCCG	21-TTTCMCCG	8.006543	-43.326535	0	T:730.0(9.20%),B:2702.3(6.56%),P:1e-18	Tpos:297.9,Tstd:231.2,Bpos:245.2,Bstd:150.9,StrandBias:0.1,Multiplicity:1.05
0.001	0.001	0.001	0.997
0.001	0.001	0.001	0.997
0.001	0.001	0.001	0.997
0.001	0.997	0.001	0.001
0.569	0.429	0.001	0.001
0.001	0.737	0.261	0.001
0.001	0.997	0.001	0.001
0.001	0.001	0.851	0.147
>TTTCGYRC	22-TTTCGYRC	6.890169	-39.605189	0	T:454.0(5.72%),B:1547.3(3.76%),P:1e-17	Tpos:284.7,Tstd:229.3,Bpos:245.7,Bstd:150.3,StrandBias:-0.0,Multiplicity:1.04
0.157	0.001	0.001	0.841
0.162	0.176	0.001	0.661
0.174	0.001	0.001	0.824
0.197	0.595	0.001	0.207
0.001	0.001	0.648	0.350
0.001	0.568	0.003	0.428
0.529	0.001	0.469	0.001
0.408	0.590	0.001	0.001
>AACGGAAG	23-AACGGAAG	8.375510	-37.396247	0	T:253.0(3.19%),B:746.4(1.81%),P:1e-16	Tpos:273.5,Tstd:183.6,Bpos:246.8,Bstd:157.1,StrandBias:0.1,Multiplicity:1.03
0.835	0.001	0.163	0.001
0.997	0.001	0.001	0.001
0.001	0.997	0.001	0.001
0.001	0.001	0.997	0.001
0.001	0.001	0.997	0.001
0.997	0.001	0.001	0.001
0.805	0.001	0.001	0.193
0.001	0.100	0.898	0.001
>GTGACTGA	24-GTGACTGA	9.291466	-27.936156	0	T:370.0(4.66%),B:1306.8(3.17%),P:1e-12	Tpos:272.0,Tstd:220.4,Bpos:247.6,Bstd:149.1,StrandBias:-0.0,Multiplicity:1.01
0.001	0.001	0.997	0.001
0.001	0.001	0.001	0.997
0.001	0.001	0.997	0.001
0.997	0.001	0.001	0.001
0.001	0.997	0.001	0.001
0.001	0.001	0.001	0.997
0.001	0.001	0.829	0.169
0.997	0.001	0.001	0.001
>AAAAAAAA	25-AAAAAAAA	10.905626	-24.673674	0	T:834.0(10.51%),B:3449.1(8.37%),P:1e-10	Tpos:294.3,Tstd:236.4,Bpos:241.7,Bstd:163.4,StrandBias:-0.0,Multiplicity:1.09
0.997	0.001	0.001	0.001
0.997	0.001	0.001	0.001
0.997	0.001	0.001	0.001
0.997	0.001	0.001	0.001
0.997	0.001	0.001	0.001
0.997	0.001	0.001	0.001
0.997	0.001	0.001	0.001
0.849	0.149	0.001	0.001
