>TGAGTCATCK	1-TGAGTCATCK	6.787304	-1643.425376	0	T:2403.0(30.28%),B:3338.7(8.11%),P:1e-713	Tpos:273.4,Tstd:189.6,Bpos:249.6,Bstd:146.9,StrandBias:0.0,Multiplicity:1.23
0.011	0.007	0.003	0.979
0.007	0.013	0.934	0.046
0.962	0.013	0.006	0.019
0.019	0.226	0.743	0.012
0.008	0.004	0.007	0.981
0.027	0.956	0.009	0.008
0.989	0.004	0.004	0.003
0.027	0.207	0.149	0.617
0.229	0.454	0.108	0.209
0.206	0.170	0.386	0.238
>TGASTCABHH	2-TGASTCABHH	6.862934	-1340.419052	0	T:3202.0(40.34%),B:6604.6(16.04%),P:1e-582	Tpos:287.6,Tstd:210.4,Bpos:246.6,Bstd:147.7,StrandBias:-0.0,Multiplicity:1.13
0.001	0.001	0.001	0.997
0.001	0.001	0.673	0.325
0.964	0.001	0.008	0.027
0.148	0.340	0.396	0.117
0.037	0.001	0.017	0.945
0.350	0.535	0.069	0.046
0.997	0.001	0.001	0.001
0.144	0.262	0.249	0.345
0.322	0.279	0.144	0.255
0.287	0.224	0.167	0.322
>NRAAACCACA	3-NRAAACCACA	7.381705	-446.351184	0	T:1879.0(23.67%),B:4815.5(11.69%),P:1e-193	Tpos:289.2,Tstd:211.6,Bpos:240.2,Bstd:147.3,StrandBias:-0.0,Multiplicity:1.17
0.236	0.243	0.206	0.315
0.301	0.165	0.384	0.150
0.669	0.124	0.040	0.167
0.947	0.001	0.009	0.043
0.872	0.018	0.109	0.001
0.001	0.997	0.001	0.001
0.001	0.930	0.032	0.037
0.858	0.014	0.096	0.032
0.018	0.940	0.041	0.001
0.784	0.072	0.052	0.092
>ACTTCCTGTY	4-ACTTCCTGTY	7.709653	-419.946975	0	T:2085.0(26.27%),B:5743.0(13.94%),P:1e-182	Tpos:282.0,Tstd:216.7,Bpos:244.3,Bstd:142.0,StrandBias:-0.0,Multiplicity:1.17
0.816	0.060	0.088	0.036
0.001	0.681	0.015	0.303
0.255	0.045	0.007	0.693
0.001	0.001	0.001	0.997
0.001	0.914	0.001	0.084
0.001	0.977	0.003	0.019
0.001	0.004	0.125	0.870
0.001	0.269	0.581	0.149
0.023	0.241	0.038	0.698
0.050	0.336	0.170	0.443
>AVHGGAAAVW	5-AVHGGAAAVW	5.647548	-412.753748	0	T:2666.0(33.59%),B:8190.2(19.89%),P:1e-179	Tpos:288.3,Tstd:218.7,Bpos:243.7,Bstd:145.6,StrandBias:0.0,Multiplicity:1.30
0.431	0.188	0.215	0.166
0.353	0.252	0.255	0.140
0.238	0.278	0.121	0.363
0.101	0.168	0.458	0.273
0.092	0.041	0.843	0.024
0.812	0.049	0.030	0.109
0.794	0.022	0.165	0.019
0.620	0.111	0.200	0.069
0.225	0.362	0.225	0.187
0.253	0.208	0.168	0.371
>ATTTGCATAT	6-ATTTGCATAT	7.894460	-348.432009	0	T:677.0(8.53%),B:1079.4(2.62%),P:1e-151	Tpos:269.7,Tstd:189.7,Bpos:249.1,Bstd:140.8,StrandBias:0.0,Multiplicity:1.11
0.965	0.008	0.009	0.018
0.004	0.001	0.001	0.994
0.001	0.009	0.001	0.989
0.007	0.003	0.001	0.989
0.060	0.001	0.930	0.009
0.001	0.997	0.001	0.001
0.995	0.003	0.001	0.001
0.001	0.001	0.001	0.997
0.878	0.018	0.074	0.030
0.181	0.149	0.131	0.539
>GGGGATTTCC	7-GGGGATTTCC	8.912996	-315.634397	0	T:577.0(7.27%),B:876.3(2.13%),P:1e-137	Tpos:284.2,Tstd:205.9,Bpos:239.7,Bstd:141.8,StrandBias:-0.1,Multiplicity:1.07
0.074	0.015	0.834	0.077
0.031	0.008	0.949	0.012
0.014	0.011	0.930	0.045
0.295	0.041	0.645	0.019
0.519	0.166	0.176	0.139
0.217	0.053	0.060	0.670
0.089	0.011	0.034	0.866
0.019	0.255	0.006	0.720
0.022	0.885	0.019	0.074
0.008	0.983	0.008	0.001
>TGTGGGYGGA	8-TGTGGGYGGA	8.230548	-270.596008	0	T:1204.0(15.17%),B:3082.5(7.48%),P:1e-117	Tpos:298.0,Tstd:219.2,Bpos:243.0,Bstd:150.4,StrandBias:-0.3,Multiplicity:1.07
0.094	0.198	0.001	0.707
0.001	0.001	0.997	0.001
0.001	0.001	0.001	0.997
0.001	0.001	0.997	0.001
0.001	0.001	0.997	0.001
0.001	0.001	0.997	0.001
0.193	0.400	0.001	0.406
0.139	0.001	0.859	0.001
0.001	0.001	0.894	0.104
0.491	0.230	0.124	0.156
>AAAGYGAAAS	9-AAAGYGAAAS	9.000799	-241.904007	0	T:596.0(7.51%),B:1110.1(2.70%),P:1e-105	Tpos:291.5,Tstd:228.1,Bpos:238.8,Bstd:152.9,StrandBias:0.0,Multiplicity:1.05
0.681	0.031	0.287	0.001
0.578	0.001	0.001	0.420
0.997	0.001	0.001	0.001
0.269	0.195	0.495	0.041
0.001	0.420	0.081	0.498
0.001	0.001	0.997	0.001
0.749	0.035	0.001	0.215
0.997	0.001	0.001	0.001
0.835	0.055	0.001	0.109
0.001	0.395	0.448	0.156
>ASATCAAAGR	10-ASATCAAAGR	7.937434	-208.552930	0	T:1029.0(12.96%),B:2730.5(6.63%),P:1e-90	Tpos:279.1,Tstd:200.0,Bpos:240.8,Bstd:144.7,StrandBias:0.0,Multiplicity:1.11
0.833	0.040	0.061	0.066
0.001	0.434	0.483	0.082
0.743	0.001	0.001	0.255
0.001	0.028	0.001	0.970
0.051	0.662	0.275	0.012
0.978	0.001	0.020	0.001
0.997	0.001	0.001	0.001
0.852	0.050	0.022	0.076
0.087	0.045	0.856	0.012
0.439	0.132	0.372	0.057
>GGGCGGGGCC	11-GGGCGGGGCC	7.605344	-205.862536	0	T:1962.0(24.72%),B:6562.8(15.93%),P:1e-89	Tpos:301.6,Tstd:215.4,Bpos:245.4,Bstd:150.7,StrandBias:-0.0,Multiplicity:1.68
0.224	0.001	0.774	0.001
0.001	0.001	0.997	0.001
0.001	0.001	0.997	0.001
0.156	0.655	0.001	0.188
0.001	0.001	0.997	0.001
0.065	0.001	0.656	0.278
0.263	0.001	0.681	0.055
0.179	0.001	0.744	0.076
0.001	0.726	0.001	0.272
0.187	0.540	0.069	0.204
>GGDTTTYCSC	12-GGDTTTYCSC	6.165165	-183.586637	0	T:1412.0(17.79%),B:4394.9(10.67%),P:1e-79	Tpos:302.7,Tstd:234.8,Bpos:245.6,Bstd:145.2,StrandBias:0.0,Multiplicity:1.11
0.204	0.015	0.604	0.177
0.103	0.211	0.475	0.211
0.328	0.147	0.292	0.233
0.052	0.243	0.155	0.550
0.022	0.047	0.053	0.878
0.058	0.120	0.180	0.642
0.150	0.469	0.040	0.341
0.053	0.945	0.001	0.001
0.128	0.431	0.418	0.022
0.143	0.538	0.101	0.218
>AAATGACTGK	13-AAATGACTGK	7.916873	-173.098430	0	T:930.0(11.72%),B:2541.2(6.17%),P:1e-75	Tpos:273.0,Tstd:223.4,Bpos:246.7,Bstd:142.5,StrandBias:-0.0,Multiplicity:1.06
0.886	0.001	0.087	0.026
0.734	0.001	0.205	0.060
0.905	0.001	0.093	0.001
0.001	0.001	0.001	0.997
0.035	0.001	0.963	0.001
0.970	0.001	0.001	0.028
0.001	0.837	0.127	0.035
0.023	0.118	0.120	0.739
0.165	0.064	0.722	0.049
0.155	0.161	0.288	0.396
>TGACTCAGCC	14-TGACTCAGCC	8.422411	-138.143579	0	T:978.0(12.32%),B:2937.9(7.13%),P:1e-59	Tpos:307.2,Tstd:237.1,Bpos:242.3,Bstd:147.8,StrandBias:-0.1,Multiplicity:1.06
0.086	0.262	0.001	0.651
0.001	0.001	0.997	0.001
0.453	0.124	0.221	0.202
0.039	0.738	0.001	0.222
0.107	0.001	0.104	0.788
0.001	0.997	0.001	0.001
0.948	0.001	0.050	0.001
0.001	0.001	0.997	0.001
0.001	0.886	0.112	0.001
0.312	0.586	0.001	0.101
>TGACGTCATC	15-TGACGTCATC	7.180752	-81.527630	0	T:631.0(7.95%),B:1935.3(4.70%),P:1e-35	Tpos:290.8,Tstd:226.1,Bpos:243.8,Bstd:147.6,StrandBias:-0.2,Multiplicity:1.06
0.078	0.033	0.079	0.810
0.029	0.070	0.785	0.116
0.874	0.026	0.048	0.052
0.043	0.831	0.038	0.088
0.070	0.103	0.790	0.037
0.102	0.045	0.048	0.805
0.052	0.801	0.054	0.093
0.832	0.032	0.048	0.088
0.052	0.075	0.066	0.807
0.097	0.668	0.131	0.104
>GAGGTGTGAA	16-GAGGTGTGAA	8.824235	-80.835615	0	T:404.0(5.09%),B:1064.4(2.58%),P:1e-35	Tpos:279.1,Tstd:205.3,Bpos:248.7,Bstd:147.3,StrandBias:0.1,Multiplicity:1.07
0.221	0.115	0.570	0.094
0.933	0.001	0.065	0.001
0.045	0.063	0.832	0.060
0.001	0.001	0.997	0.001
0.001	0.001	0.001	0.997
0.001	0.001	0.977	0.021
0.066	0.005	0.001	0.928
0.023	0.001	0.950	0.026
0.939	0.032	0.001	0.028
0.951	0.001	0.047	0.001
>GTYGCTADGG	17-GTYGCTADGG	9.593057	-70.464460	0	T:237.0(2.99%),B:524.0(1.27%),P:1e-30	Tpos:269.1,Tstd:165.4,Bpos:242.2,Bstd:145.2,StrandBias:0.1,Multiplicity:1.06
0.001	0.001	0.997	0.001
0.001	0.001	0.022	0.976
0.001	0.424	0.001	0.574
0.278	0.001	0.720	0.001
0.151	0.847	0.001	0.001
0.001	0.406	0.001	0.592
0.864	0.001	0.001	0.134
0.370	0.001	0.346	0.283
0.029	0.001	0.969	0.001
0.116	0.263	0.620	0.001
>GTCATACCCA	18-GTCATACCCA	-3.614425	-55.229717	0	T:3863.0(48.67%),B:17700.3(42.98%),P:1e-23	Tpos:293.2,Tstd:234.1,Bpos:245.0,Bstd:144.8,StrandBias:-0.1,Multiplicity:1.40
0.001	0.001	0.997	0.001
0.001	0.001	0.001	0.997
0.001	0.997	0.001	0.001
0.997	0.001	0.001	0.001
0.001	0.001	0.001	0.997
0.997	0.001	0.001	0.001
0.064	0.934	0.001	0.001
0.001	0.970	0.028	0.001
0.001	0.997	0.001	0.001
0.997	0.001	0.001	0.001
>GTTTTTTTTT	19-GTTTTTTTTT	7.457964	-48.221394	0	T:1836.0(23.13%),B:7763.8(18.85%),P:1e-20	Tpos:297.5,Tstd:234.6,Bpos:243.2,Bstd:158.4,StrandBias:0.0,Multiplicity:1.29
0.034	0.066	0.749	0.151
0.032	0.095	0.231	0.642
0.052	0.068	0.066	0.814
0.054	0.049	0.035	0.862
0.063	0.150	0.056	0.731
0.030	0.042	0.083	0.845
0.023	0.054	0.130	0.793
0.012	0.024	0.051	0.913
0.046	0.036	0.032	0.886
0.072	0.126	0.034	0.768
>TTGCGTAAGC	20-TTGCGTAAGC	7.773994	-35.181014	0	T:65.0(0.82%),B:102.9(0.25%),P:1e-15	Tpos:282.9,Tstd:186.1,Bpos:261.7,Bstd:175.3,StrandBias:0.3,Multiplicity:1.00
0.050	0.042	0.189	0.719
0.182	0.041	0.176	0.601
0.027	0.220	0.703	0.050
0.044	0.795	0.029	0.132
0.150	0.154	0.664	0.032
0.201	0.117	0.114	0.568
0.565	0.273	0.098	0.064
0.689	0.045	0.242	0.024
0.098	0.149	0.552	0.201
0.100	0.668	0.030	0.202
>ACYCGATTCT	21-ACYCGATTCT	9.693316	-32.777249	0	T:48.0(0.60%),B:64.0(0.16%),P:1e-14	Tpos:298.0,Tstd:248.9,Bpos:232.2,Bstd:165.9,StrandBias:0.2,Multiplicity:1.00
0.997	0.001	0.001	0.001
0.053	0.945	0.001	0.001
0.001	0.483	0.140	0.375
0.001	0.997	0.001	0.001
0.001	0.001	0.997	0.001
0.626	0.012	0.311	0.051
0.001	0.001	0.001	0.997
0.111	0.001	0.001	0.887
0.053	0.914	0.032	0.001
0.001	0.001	0.169	0.829
>GCGCCCTCTG	22-GCGCCCTCTG	10.396403	-29.967729	0	T:62.0(0.78%),B:106.6(0.26%),P:1e-13	Tpos:282.6,Tstd:242.8,Bpos:240.5,Bstd:152.7,StrandBias:0.2,Multiplicity:1.00
0.001	0.001	0.771	0.227
0.001	0.997	0.001	0.001
0.001	0.001	0.997	0.001
0.058	0.940	0.001	0.001
0.001	0.997	0.001	0.001
0.001	0.954	0.044	0.001
0.001	0.001	0.001	0.997
0.001	0.997	0.001	0.001
0.001	0.001	0.001	0.997
0.001	0.001	0.997	0.001
>NTAGTCACGN	23-NTAGTCACGN	6.433972	-17.295589	0	T:25.0(0.31%),B:34.1(0.08%),P:1e-7	Tpos:246.7,Tstd:181.1,Bpos:222.0,Bstd:166.9,StrandBias:0.8,Multiplicity:1.00
0.236	0.256	0.211	0.297
0.135	0.106	0.159	0.600
0.498	0.198	0.134	0.169
0.188	0.159	0.497	0.156
0.172	0.138	0.141	0.549
0.172	0.487	0.130	0.211
0.468	0.136	0.248	0.148
0.103	0.687	0.094	0.116
0.114	0.116	0.678	0.092
0.275	0.213	0.231	0.281
>ACATCTCCGC	24-ACATCTCCGC	6.404373	-15.517320	0	T:2152.0(27.11%),B:10141.2(24.62%),P:1e-6	Tpos:298.7,Tstd:231.7,Bpos:244.9,Bstd:147.8,StrandBias:0.0,Multiplicity:1.21
0.700	0.100	0.100	0.100
0.100	0.700	0.100	0.100
0.700	0.100	0.100	0.100
0.100	0.100	0.100	0.700
0.100	0.700	0.100	0.100
0.100	0.100	0.100	0.700
0.100	0.700	0.100	0.100
0.100	0.700	0.100	0.100
0.100	0.100	0.700	0.100
0.100	0.700	0.100	0.100
>GAGTGCACGC	25-GAGTGCACGC	10.296193	-13.371955	0	T:8.0(0.10%),B:4.3(0.01%),P:1e-5	Tpos:419.5,Tstd:263.3,Bpos:283.6,Bstd:141.4,StrandBias:1.7,Multiplicity:1.62
0.100	0.100	0.700	0.100
0.700	0.100	0.100	0.100
0.100	0.100	0.700	0.100
0.100	0.100	0.100	0.700
0.100	0.100	0.700	0.100
0.100	0.700	0.100	0.100
0.700	0.100	0.100	0.100
0.100	0.700	0.100	0.100
0.100	0.100	0.700	0.100
0.100	0.700	0.100	0.100
>NDVTGASTCABH	1-NDVTGASTCABH	7.047500	-1649.360548	0	T:2221.0(27.98%),B:2837.8(6.89%),P:1e-716	Tpos:273.7,Tstd:189.0,Bpos:249.1,Bstd:145.6,StrandBias:-0.0,Multiplicity:1.21
0.253	0.231	0.234	0.282
0.273	0.116	0.317	0.294
0.349	0.272	0.288	0.092
0.025	0.012	0.012	0.951
0.024	0.040	0.856	0.080
0.952	0.010	0.005	0.033
0.030	0.445	0.476	0.049
0.035	0.023	0.017	0.925
0.068	0.885	0.028	0.019
0.959	0.010	0.005	0.026
0.094	0.274	0.266	0.367
0.306	0.332	0.111	0.251
>NHTGAGTCACTW	2-NHTGAGTCACTW	8.998835	-474.510465	0	T:706.0(8.90%),B:911.8(2.21%),P:1e-206	Tpos:262.7,Tstd:164.7,Bpos:223.6,Bstd:151.2,StrandBias:-0.3,Multiplicity:1.01
0.214	0.269	0.200	0.318
0.367	0.284	0.119	0.230
0.001	0.105	0.001	0.893
0.001	0.001	0.871	0.127
0.613	0.385	0.001	0.001
0.001	0.001	0.997	0.001
0.013	0.001	0.066	0.920
0.001	0.928	0.001	0.070
0.834	0.001	0.147	0.018
0.001	0.997	0.001	0.001
0.173	0.115	0.119	0.593
0.396	0.187	0.146	0.271
>NWAACCACADVN	3-NWAACCACADVN	7.694983	-445.425015	0	T:1836.0(23.13%),B:4656.9(11.31%),P:1e-193	Tpos:283.4,Tstd:202.2,Bpos:243.8,Bstd:146.0,StrandBias:0.0,Multiplicity:1.16
0.260	0.236	0.290	0.214
0.508	0.124	0.001	0.367
0.714	0.001	0.185	0.100
0.681	0.116	0.202	0.001
0.001	0.997	0.001	0.001
0.001	0.997	0.001	0.001
0.882	0.073	0.001	0.044
0.087	0.885	0.027	0.001
0.764	0.073	0.001	0.162
0.330	0.113	0.294	0.264
0.353	0.262	0.245	0.140
0.310	0.250	0.210	0.230
>ACAGGAAGTGRN	4-ACAGGAAGTGRN	8.351183	-429.493680	0	T:1624.0(20.46%),B:3935.8(9.56%),P:1e-186	Tpos:282.3,Tstd:209.6,Bpos:247.2,Bstd:140.1,StrandBias:0.0,Multiplicity:1.14
0.584	0.063	0.217	0.136
0.125	0.606	0.211	0.058
0.977	0.017	0.003	0.003
0.001	0.001	0.997	0.001
0.007	0.001	0.984	0.008
0.984	0.014	0.001	0.001
0.755	0.001	0.005	0.239
0.272	0.008	0.719	0.001
0.055	0.159	0.075	0.711
0.201	0.152	0.490	0.157
0.292	0.152	0.419	0.138
0.214	0.225	0.281	0.280
>NNGTGACTCAND	5-NNGTGACTCAND	7.662654	-415.339133	0	T:1430.0(18.02%),B:3293.2(8.00%),P:1e-180	Tpos:278.4,Tstd:203.6,Bpos:244.4,Bstd:149.5,StrandBias:0.1,Multiplicity:1.04
0.342	0.240	0.210	0.207
0.258	0.149	0.297	0.296
0.007	0.005	0.941	0.047
0.015	0.014	0.001	0.970
0.065	0.001	0.835	0.099
0.840	0.027	0.067	0.066
0.071	0.911	0.009	0.009
0.053	0.039	0.047	0.861
0.110	0.640	0.130	0.120
0.886	0.001	0.075	0.038
0.244	0.221	0.299	0.236
0.306	0.128	0.298	0.269
>NWWATTTGCATA	6-NWWATTTGCATA	8.921722	-399.035067	0	T:704.0(8.87%),B:1045.5(2.54%),P:1e-173	Tpos:262.5,Tstd:186.1,Bpos:250.4,Bstd:139.5,StrandBias:0.0,Multiplicity:1.10
0.208	0.304	0.238	0.250
0.385	0.116	0.085	0.413
0.372	0.147	0.193	0.287
0.665	0.148	0.043	0.144
0.007	0.001	0.015	0.977
0.022	0.001	0.001	0.976
0.075	0.001	0.001	0.923
0.160	0.045	0.794	0.001
0.025	0.967	0.001	0.007
0.908	0.090	0.001	0.001
0.007	0.001	0.025	0.967
0.537	0.076	0.307	0.080
>GGGGAAAYCCCC	7-GGGGAAAYCCCC	8.031662	-353.709524	0	T:1054.0(13.28%),B:2224.1(5.40%),P:1e-153	Tpos:287.1,Tstd:214.2,Bpos:238.6,Bstd:142.5,StrandBias:0.0,Multiplicity:1.13
0.164	0.140	0.495	0.200
0.144	0.003	0.612	0.241
0.045	0.001	0.935	0.019
0.267	0.022	0.697	0.014
0.765	0.016	0.216	0.003
0.933	0.042	0.024	0.001
0.759	0.077	0.107	0.057
0.186	0.360	0.177	0.277
0.086	0.627	0.051	0.236
0.099	0.843	0.003	0.055
0.077	0.864	0.001	0.058
0.248	0.584	0.040	0.128
>ATGAGTCATCTC	8-ATGAGTCATCTC	7.851704	-351.243902	0	T:1068.0(13.46%),B:2279.5(5.53%),P:1e-152	Tpos:284.6,Tstd:210.4,Bpos:246.1,Bstd:147.0,StrandBias:0.0,Multiplicity:1.05
0.575	0.078	0.251	0.096
0.170	0.026	0.061	0.743
0.028	0.001	0.906	0.065
0.731	0.046	0.032	0.191
0.111	0.117	0.619	0.153
0.138	0.077	0.057	0.728
0.164	0.695	0.058	0.083
0.927	0.019	0.005	0.049
0.031	0.001	0.245	0.723
0.011	0.745	0.044	0.200
0.118	0.089	0.001	0.792
0.011	0.818	0.119	0.052
>VAAANTGAAACT	9-VAAANTGAAACT	8.895217	-331.964177	0	T:904.0(11.39%),B:1805.1(4.38%),P:1e-144	Tpos:292.4,Tstd:207.4,Bpos:242.4,Bstd:148.8,StrandBias:-0.0,Multiplicity:1.10
0.292	0.256	0.367	0.085
0.720	0.056	0.223	0.001
0.620	0.001	0.200	0.179
0.875	0.001	0.001	0.123
0.260	0.191	0.306	0.242
0.159	0.110	0.236	0.496
0.070	0.001	0.928	0.001
0.997	0.001	0.001	0.001
0.924	0.001	0.074	0.001
0.997	0.001	0.001	0.001
0.055	0.546	0.329	0.070
0.187	0.258	0.068	0.486
>TCAYABTTTCCA	10-TCAYABTTTCCA	10.879555	-295.637236	0	T:277.0(3.49%),B:217.9(0.53%),P:1e-128	Tpos:263.9,Tstd:186.5,Bpos:245.2,Bstd:138.8,StrandBias:-0.2,Multiplicity:1.02
0.018	0.004	0.130	0.848
0.125	0.750	0.079	0.046
0.951	0.001	0.025	0.023
0.172	0.352	0.136	0.340
0.548	0.166	0.039	0.247
0.178	0.231	0.257	0.335
0.001	0.001	0.012	0.986
0.025	0.028	0.030	0.917
0.012	0.001	0.001	0.986
0.012	0.975	0.012	0.001
0.001	0.997	0.001	0.001
0.754	0.001	0.063	0.182
>TTTCCAYTNVNN	11-TTTCCAYTNVNN	3.735893	-287.358245	0	T:1821.0(22.94%),B:5406.9(13.13%),P:1e-124	Tpos:290.4,Tstd:223.0,Bpos:245.2,Bstd:142.9,StrandBias:0.0,Multiplicity:1.13
0.001	0.001	0.001	0.997
0.001	0.001	0.001	0.997
0.001	0.001	0.001	0.997
0.001	0.997	0.001	0.001
0.001	0.997	0.001	0.001
0.997	0.001	0.001	0.001
0.001	0.508	0.001	0.490
0.252	0.261	0.001	0.486
0.238	0.269	0.210	0.283
0.393	0.281	0.325	0.001
0.279	0.328	0.213	0.180
0.221	0.271	0.223	0.285
>DGKGGGYGGGGC	12-DGKGGGYGGGGC	7.696343	-250.992063	0	T:2372.0(29.89%),B:8007.1(19.44%),P:1e-109	Tpos:292.6,Tstd:214.4,Bpos:244.2,Bstd:147.6,StrandBias:0.0,Multiplicity:1.57
0.299	0.144	0.284	0.273
0.222	0.161	0.485	0.132
0.215	0.057	0.371	0.357
0.227	0.001	0.771	0.001
0.001	0.001	0.997	0.001
0.001	0.001	0.997	0.001
0.215	0.361	0.001	0.423
0.001	0.038	0.860	0.101
0.100	0.001	0.625	0.274
0.238	0.001	0.685	0.076
0.180	0.064	0.755	0.001
0.076	0.555	0.001	0.368
>VDGGTTTCCBTT	13-VDGGTTTCCBTT	6.998609	-234.334328	0	T:2204.0(27.77%),B:7396.0(17.96%),P:1e-101	Tpos:293.8,Tstd:218.2,Bpos:245.9,Bstd:147.2,StrandBias:0.0,Multiplicity:1.17
0.314	0.383	0.258	0.045
0.327	0.122	0.213	0.338
0.317	0.087	0.595	0.001
0.060	0.001	0.938	0.001
0.001	0.001	0.001	0.997
0.001	0.001	0.001	0.997
0.001	0.001	0.001	0.997
0.025	0.867	0.107	0.001
0.081	0.569	0.101	0.249
0.119	0.288	0.270	0.323
0.027	0.270	0.226	0.477
0.184	0.093	0.243	0.481
>NKAAATGACTRT	14-NKAAATGACTRT	8.552489	-222.867764	0	T:763.0(9.61%),B:1712.2(4.16%),P:1e-96	Tpos:263.4,Tstd:203.4,Bpos:242.1,Bstd:147.4,StrandBias:-0.0,Multiplicity:1.04
0.230	0.246	0.232	0.293
0.186	0.146	0.305	0.363
0.818	0.001	0.102	0.079
0.605	0.121	0.273	0.001
0.976	0.022	0.001	0.001
0.010	0.001	0.001	0.988
0.146	0.026	0.827	0.001
0.912	0.003	0.001	0.084
0.001	0.787	0.211	0.001
0.057	0.001	0.001	0.941
0.308	0.139	0.395	0.158
0.294	0.086	0.154	0.465
>NASATCAAAGDN	15-NASATCAAAGDN	9.015316	-165.939933	0	T:833.0(10.50%),B:2213.4(5.37%),P:1e-72	Tpos:277.7,Tstd:194.9,Bpos:244.1,Bstd:144.3,StrandBias:-0.1,Multiplicity:1.07
0.284	0.304	0.232	0.179
0.622	0.001	0.001	0.376
0.001	0.562	0.436	0.001
0.588	0.001	0.001	0.410
0.001	0.001	0.001	0.997
0.001	0.637	0.361	0.001
0.997	0.001	0.001	0.001
0.869	0.001	0.129	0.001
0.997	0.001	0.001	0.001
0.001	0.249	0.749	0.001
0.409	0.001	0.320	0.269
0.286	0.234	0.255	0.225
>TATCCGCCCACA	16-TATCCGCCCACA	8.577911	-164.560824	0	T:690.0(8.69%),B:1697.2(4.12%),P:1e-71	Tpos:276.0,Tstd:201.4,Bpos:244.2,Bstd:144.3,StrandBias:0.1,Multiplicity:1.04
0.116	0.116	0.167	0.601
0.459	0.155	0.183	0.203
0.203	0.043	0.128	0.626
0.001	0.969	0.001	0.029
0.153	0.621	0.001	0.225
0.292	0.026	0.523	0.159
0.051	0.947	0.001	0.001
0.026	0.895	0.001	0.078
0.001	0.913	0.001	0.085
0.894	0.077	0.001	0.028
0.011	0.954	0.034	0.001
0.906	0.027	0.011	0.056
>GCCCTCTAGTGG	17-GCCCTCTAGTGG	10.546709	-86.598493	0	T:101.0(1.27%),B:103.7(0.25%),P:1e-37	Tpos:277.7,Tstd:198.3,Bpos:237.0,Bstd:137.7,StrandBias:-0.1,Multiplicity:1.01
0.001	0.001	0.986	0.012
0.001	0.971	0.027	0.001
0.001	0.971	0.001	0.027
0.116	0.818	0.065	0.001
0.028	0.321	0.001	0.650
0.001	0.997	0.001	0.001
0.001	0.001	0.001	0.997
0.929	0.001	0.069	0.001
0.028	0.065	0.906	0.001
0.065	0.001	0.001	0.933
0.001	0.001	0.997	0.001
0.017	0.001	0.981	0.001
>GTTGCCATGGCA	18-GTTGCCATGGCA	10.390482	-83.432767	0	T:170.0(2.14%),B:279.5(0.68%),P:1e-36	Tpos:253.9,Tstd:170.1,Bpos:244.3,Bstd:145.7,StrandBias:0.2,Multiplicity:1.04
0.074	0.030	0.895	0.001
0.001	0.001	0.001	0.997
0.001	0.117	0.001	0.881
0.148	0.001	0.573	0.278
0.090	0.854	0.001	0.055
0.001	0.930	0.001	0.068
0.997	0.001	0.001	0.001
0.044	0.001	0.081	0.874
0.308	0.001	0.690	0.001
0.114	0.001	0.884	0.001
0.152	0.646	0.011	0.191
0.617	0.061	0.216	0.106
>GTGAGTCWCAGT	19-GTGAGTCWCAGT	8.042782	-72.088155	0	T:652.0(8.21%),B:2091.9(5.08%),P:1e-31	Tpos:291.1,Tstd:222.4,Bpos:241.7,Bstd:150.1,StrandBias:-0.3,Multiplicity:1.08
0.001	0.001	0.997	0.001
0.129	0.085	0.001	0.785
0.081	0.001	0.786	0.132
0.832	0.039	0.077	0.052
0.142	0.038	0.713	0.107
0.317	0.054	0.013	0.616
0.103	0.726	0.067	0.104
0.501	0.026	0.026	0.447
0.103	0.653	0.090	0.154
0.892	0.001	0.064	0.043
0.038	0.026	0.883	0.053
0.064	0.111	0.038	0.787
>ATAACTCCGCCC	20-ATAACTCCGCCC	-5.184715	-63.621528	0	T:2624.0(33.06%),B:11305.0(27.45%),P:1e-27	Tpos:302.9,Tstd:232.1,Bpos:247.8,Bstd:147.5,StrandBias:-0.0,Multiplicity:1.24
0.997	0.001	0.001	0.001
0.001	0.358	0.001	0.640
0.997	0.001	0.001	0.001
0.656	0.001	0.001	0.342
0.001	0.997	0.001	0.001
0.001	0.001	0.001	0.997
0.001	0.997	0.001	0.001
0.001	0.997	0.001	0.001
0.001	0.001	0.997	0.001
0.001	0.997	0.001	0.001
0.001	0.997	0.001	0.001
0.001	0.997	0.001	0.001
>TTGCTAGKCAAC	21-TTGCTAGKCAAC	13.742429	-51.850177	0	T:25.0(0.31%),B:7.7(0.02%),P:1e-22	Tpos:298.7,Tstd:224.5,Bpos:217.3,Bstd:118.2,StrandBias:1.1,Multiplicity:1.00
0.218	0.001	0.001	0.780
0.001	0.001	0.001	0.997
0.236	0.001	0.762	0.001
0.001	0.997	0.001	0.001
0.001	0.001	0.001	0.997
0.997	0.001	0.001	0.001
0.001	0.001	0.997	0.001
0.001	0.001	0.560	0.438
0.001	0.997	0.001	0.001
0.997	0.001	0.001	0.001
0.780	0.001	0.218	0.001
0.001	0.997	0.001	0.001
>ATCACTTCCGTT	22-ATCACTTCCGTT	10.301815	-48.297115	0	T:20.0(0.25%),B:4.5(0.01%),P:1e-20	Tpos:205.6,Tstd:200.1,Bpos:247.7,Bstd:114.7,StrandBias:0.8,Multiplicity:1.00
0.475	0.238	0.033	0.254
0.044	0.040	0.303	0.613
0.046	0.852	0.053	0.049
0.666	0.277	0.023	0.034
0.023	0.648	0.043	0.286
0.260	0.033	0.174	0.533
0.033	0.030	0.043	0.894
0.030	0.644	0.048	0.278
0.381	0.552	0.034	0.033
0.202	0.209	0.555	0.034
0.268	0.026	0.223	0.483
0.043	0.046	0.065	0.846
>AAAAAAAAAACC	23-AAAAAAAAAACC	6.995329	-47.857835	0	T:1537.0(19.36%),B:6345.6(15.41%),P:1e-20	Tpos:299.8,Tstd:236.1,Bpos:241.8,Bstd:158.6,StrandBias:-0.0,Multiplicity:1.20
0.749	0.078	0.086	0.087
0.749	0.079	0.084	0.088
0.758	0.085	0.079	0.078
0.754	0.080	0.096	0.070
0.765	0.085	0.071	0.079
0.746	0.100	0.081	0.073
0.753	0.077	0.095	0.075
0.743	0.092	0.082	0.083
0.748	0.108	0.076	0.068
0.746	0.106	0.082	0.066
0.109	0.739	0.083	0.069
0.091	0.751	0.065	0.093
>AGTGACGTCATC	24-AGTGACGTCATC	7.630427	-46.973259	0	T:579.0(7.29%),B:2006.6(4.87%),P:1e-20	Tpos:283.7,Tstd:221.6,Bpos:244.7,Bstd:147.8,StrandBias:-0.1,Multiplicity:1.06
0.807	0.025	0.081	0.087
0.063	0.094	0.816	0.027
0.069	0.001	0.045	0.885
0.067	0.001	0.892	0.040
0.893	0.060	0.020	0.027
0.109	0.661	0.100	0.130
0.091	0.094	0.756	0.059
0.077	0.001	0.061	0.861
0.014	0.919	0.040	0.027
0.882	0.071	0.001	0.046
0.022	0.103	0.079	0.796
0.090	0.833	0.048	0.029
>ATGTGCTGGGTA	25-ATGTGCTGGGTA	16.589396	-7.298729	0	T:4.0(0.05%),B:2.4(0.01%),P:1e-3	Tpos:165.1,Tstd:110.6,Bpos:123.6,Bstd:47.5,StrandBias:10.0,Multiplicity:9.00
0.997	0.001	0.001	0.001
0.001	0.001	0.001	0.997
0.001	0.001	0.997	0.001
0.001	0.001	0.001	0.997
0.001	0.001	0.997	0.001
0.001	0.987	0.001	0.011
0.001	0.001	0.001	0.997
0.001	0.001	0.997	0.001
0.001	0.001	0.997	0.001
0.001	0.001	0.997	0.001
0.001	0.001	0.001	0.997
0.997	0.001	0.001	0.001
>ATGAGTCA	1-ATGAGTCA	6.294063	-1553.522888	0	T:2468.0(31.09%),B:3687.4(8.95%),P:1e-674	Tpos:273.5,Tstd:189.7,Bpos:248.5,Bstd:146.6,StrandBias:-0.0,Multiplicity:1.24
0.650	0.148	0.154	0.048
0.001	0.001	0.001	0.997
0.001	0.001	0.969	0.029
0.995	0.003	0.001	0.001
0.013	0.274	0.700	0.013
0.001	0.001	0.001	0.997
0.019	0.979	0.001	0.001
0.997	0.001	0.001	0.001
>KTGASTCA	2-KTGASTCA	6.676666	-1115.456306	0	T:3269.0(41.19%),B:7559.3(18.35%),P:1e-484	Tpos:287.9,Tstd:215.6,Bpos:243.0,Bstd:149.3,StrandBias:0.1,Multiplicity:1.15
0.210	0.083	0.414	0.294
0.001	0.001	0.001	0.997
0.001	0.001	0.593	0.405
0.997	0.001	0.001	0.001
0.175	0.394	0.321	0.110
0.001	0.041	0.001	0.957
0.270	0.649	0.042	0.039
0.961	0.001	0.037	0.001
>ATGACGYD	3-ATGACGYD	6.912767	-427.704945	0	T:1733.0(21.83%),B:4347.0(10.55%),P:1e-185	Tpos:268.3,Tstd:203.6,Bpos:245.7,Bstd:149.1,StrandBias:-0.1,Multiplicity:1.10
0.705	0.078	0.195	0.022
0.001	0.002	0.089	0.908
0.057	0.001	0.925	0.017
0.961	0.017	0.001	0.021
0.001	0.949	0.016	0.034
0.159	0.021	0.582	0.238
0.008	0.567	0.001	0.424
0.315	0.146	0.227	0.313
>AAACCACA	4-AAACCACA	7.535284	-424.201865	0	T:1564.0(19.71%),B:3738.8(9.08%),P:1e-184	Tpos:293.2,Tstd:213.4,Bpos:240.3,Bstd:147.8,StrandBias:-0.1,Multiplicity:1.15
0.659	0.093	0.001	0.247
0.997	0.001	0.001	0.001
0.890	0.001	0.108	0.001
0.001	0.997	0.001	0.001
0.001	0.997	0.001	0.001
0.947	0.001	0.051	0.001
0.001	0.997	0.001	0.001
0.967	0.001	0.031	0.001
>GTTTCCAT	5-GTTTCCAT	4.469967	-395.779305	0	T:1837.0(23.14%),B:4888.8(11.87%),P:1e-171	Tpos:284.9,Tstd:221.6,Bpos:241.6,Bstd:144.7,StrandBias:0.0,Multiplicity:1.21
0.046	0.001	0.795	0.158
0.001	0.001	0.001	0.997
0.001	0.001	0.001	0.997
0.001	0.001	0.001	0.997
0.001	0.795	0.203	0.001
0.001	0.997	0.001	0.001
0.961	0.001	0.037	0.001
0.001	0.001	0.001	0.997
>CCGCCCAC	6-CCGCCCAC	6.738585	-284.349785	0	T:2294.0(28.90%),B:7419.1(18.01%),P:1e-123	Tpos:299.7,Tstd:221.6,Bpos:243.7,Bstd:152.3,StrandBias:0.1,Multiplicity:1.41
0.080	0.905	0.001	0.014
0.001	0.976	0.001	0.022
0.209	0.001	0.622	0.168
0.001	0.997	0.001	0.001
0.001	0.997	0.001	0.001
0.001	0.955	0.001	0.043
0.906	0.064	0.001	0.029
0.015	0.918	0.032	0.035
>ASAGGAAR	7-ASAGGAAR	6.105088	-258.027531	0	T:3066.0(38.63%),B:11109.3(26.97%),P:1e-112	Tpos:286.6,Tstd:210.8,Bpos:247.2,Bstd:145.3,StrandBias:0.0,Multiplicity:1.31
0.776	0.034	0.084	0.106
0.078	0.453	0.335	0.134
0.408	0.233	0.134	0.224
0.014	0.086	0.747	0.153
0.165	0.091	0.634	0.110
0.798	0.118	0.037	0.047
0.771	0.147	0.048	0.034
0.403	0.087	0.415	0.095
>ACTTTCMR	8-ACTTTCMR	6.354346	-250.183477	0	T:2584.0(32.56%),B:8961.3(21.76%),P:1e-108	Tpos:284.9,Tstd:215.0,Bpos:244.7,Bstd:148.2,StrandBias:0.0,Multiplicity:1.18
0.846	0.060	0.001	0.093
0.097	0.697	0.185	0.021
0.001	0.001	0.001	0.997
0.040	0.001	0.032	0.927
0.057	0.032	0.090	0.821
0.001	0.877	0.032	0.090
0.390	0.438	0.171	0.001
0.415	0.001	0.369	0.216
>CAGGATGT	9-CAGGATGT	5.740752	-245.412505	0	T:1536.0(19.35%),B:4502.9(10.93%),P:1e-106	Tpos:293.5,Tstd:223.1,Bpos:246.5,Bstd:143.8,StrandBias:-0.1,Multiplicity:1.10
0.001	0.871	0.127	0.001
0.942	0.056	0.001	0.001
0.001	0.001	0.997	0.001
0.001	0.001	0.997	0.001
0.997	0.001	0.001	0.001
0.320	0.001	0.001	0.678
0.001	0.001	0.997	0.001
0.001	0.001	0.001	0.997
>GGGGTTTT	10-GGGGTTTT	6.333393	-210.432596	0	T:1883.0(23.72%),B:6185.8(15.02%),P:1e-91	Tpos:288.9,Tstd:223.6,Bpos:245.6,Bstd:146.9,StrandBias:-0.2,Multiplicity:1.15
0.001	0.001	0.997	0.001
0.001	0.001	0.914	0.084
0.001	0.001	0.997	0.001
0.001	0.001	0.867	0.131
0.119	0.001	0.089	0.791
0.001	0.001	0.001	0.997
0.001	0.001	0.001	0.997
0.001	0.182	0.001	0.816
>CCACRCCY	11-CCACRCCY	7.362814	-206.616200	0	T:3046.0(38.38%),B:11494.2(27.91%),P:1e-89	Tpos:303.9,Tstd:230.6,Bpos:243.6,Bstd:147.8,StrandBias:-0.0,Multiplicity:1.51
0.001	0.645	0.001	0.353
0.001	0.828	0.001	0.170
0.748	0.250	0.001	0.001
0.001	0.997	0.001	0.001
0.391	0.179	0.428	0.001
0.001	0.929	0.001	0.069
0.001	0.971	0.027	0.001
0.001	0.530	0.001	0.468
>AGTGAAAC	12-AGTGAAAC	6.397424	-155.899568	0	T:1833.0(23.09%),B:6418.5(15.58%),P:1e-67	Tpos:288.4,Tstd:225.2,Bpos:243.3,Bstd:149.7,StrandBias:0.0,Multiplicity:1.19
0.927	0.001	0.032	0.040
0.245	0.268	0.484	0.004
0.001	0.260	0.113	0.626
0.001	0.001	0.997	0.001
0.866	0.023	0.056	0.055
0.997	0.001	0.001	0.001
0.997	0.001	0.001	0.001
0.001	0.960	0.038	0.001
>CATTTCCT	13-CATTTCCT	7.568072	-143.204402	0	T:979.0(12.33%),B:2908.4(7.06%),P:1e-62	Tpos:289.5,Tstd:227.6,Bpos:250.4,Bstd:139.5,StrandBias:0.1,Multiplicity:1.06
0.001	0.849	0.001	0.149
0.997	0.001	0.001	0.001
0.001	0.001	0.001	0.997
0.127	0.001	0.001	0.871
0.001	0.001	0.001	0.997
0.001	0.997	0.001	0.001
0.001	0.997	0.001	0.001
0.001	0.001	0.231	0.767
>HGYGGTTA	14-HGYGGTTA	6.885306	-142.440469	0	T:746.0(9.40%),B:2010.6(4.88%),P:1e-61	Tpos:278.4,Tstd:204.6,Bpos:245.9,Bstd:156.2,StrandBias:0.0,Multiplicity:1.03
0.361	0.295	0.001	0.343
0.001	0.095	0.903	0.001
0.001	0.431	0.187	0.381
0.001	0.001	0.851	0.147
0.133	0.036	0.552	0.279
0.001	0.001	0.001	0.997
0.342	0.001	0.001	0.656
0.750	0.248	0.001	0.001
>CTTTGAAG	15-CTTTGAAG	7.408532	-137.446557	0	T:1222.0(15.40%),B:3941.8(9.57%),P:1e-59	Tpos:279.2,Tstd:209.0,Bpos:244.2,Bstd:145.8,StrandBias:0.0,Multiplicity:1.13
0.001	0.997	0.001	0.001
0.001	0.001	0.001	0.997
0.001	0.001	0.001	0.997
0.001	0.020	0.001	0.978
0.061	0.001	0.865	0.073
0.997	0.001	0.001	0.001
0.667	0.001	0.001	0.331
0.001	0.091	0.907	0.001
>TGYGGTCR	16-TGYGGTCR	3.861640	-135.720165	0	T:1275.0(16.06%),B:4177.7(10.14%),P:1e-58	Tpos:283.5,Tstd:213.1,Bpos:247.3,Bstd:148.7,StrandBias:-0.0,Multiplicity:1.08
0.001	0.001	0.001	0.997
0.001	0.001	0.997	0.001
0.001	0.489	0.001	0.509
0.001	0.001	0.997	0.001
0.001	0.001	0.997	0.001
0.001	0.001	0.001	0.997
0.003	0.993	0.003	0.001
0.502	0.001	0.385	0.112
>AATGACTG	17-AATGACTG	7.956936	-108.191014	0	T:881.0(11.10%),B:2753.3(6.68%),P:1e-46	Tpos:276.9,Tstd:224.2,Bpos:244.8,Bstd:144.6,StrandBias:0.1,Multiplicity:1.12
0.529	0.001	0.208	0.262
0.997	0.001	0.001	0.001
0.001	0.001	0.001	0.997
0.001	0.001	0.997	0.001
0.997	0.001	0.001	0.001
0.001	0.905	0.093	0.001
0.001	0.001	0.001	0.997
0.099	0.001	0.899	0.001
>TCTGACGT	18-TCTGACGT	6.376664	-98.975895	0	T:1041.0(13.12%),B:3492.9(8.48%),P:1e-42	Tpos:285.8,Tstd:220.8,Bpos:245.3,Bstd:153.2,StrandBias:0.0,Multiplicity:1.07
0.152	0.001	0.128	0.719
0.203	0.416	0.130	0.251
0.242	0.028	0.020	0.710
0.053	0.047	0.610	0.290
0.862	0.049	0.088	0.001
0.001	0.773	0.049	0.177
0.001	0.001	0.997	0.001
0.040	0.001	0.026	0.933
>CAYGAAAG	19-CAYGAAAG	7.790990	-48.794025	0	T:542.0(6.83%),B:1832.9(4.45%),P:1e-21	Tpos:284.1,Tstd:211.6,Bpos:245.5,Bstd:150.4,StrandBias:0.0,Multiplicity:1.03
0.001	0.885	0.113	0.001
0.591	0.001	0.407	0.001
0.001	0.437	0.001	0.561
0.001	0.001	0.997	0.001
0.997	0.001	0.001	0.001
0.997	0.001	0.001	0.001
0.997	0.001	0.001	0.001
0.001	0.001	0.997	0.001
>TGTGGGTT	20-TGTGGGTT	8.533893	-44.521612	0	T:563.0(7.09%),B:1962.8(4.77%),P:1e-19	Tpos:300.9,Tstd:244.3,Bpos:250.3,Bstd:143.4,StrandBias:-0.0,Multiplicity:1.04
0.001	0.133	0.001	0.865
0.001	0.001	0.997	0.001
0.001	0.001	0.001	0.997
0.001	0.001	0.997	0.001
0.001	0.108	0.890	0.001
0.001	0.001	0.997	0.001
0.001	0.001	0.001	0.997
0.155	0.001	0.001	0.843
>TTTCMCCG	21-TTTCMCCG	8.006543	-43.326535	0	T:730.0(9.20%),B:2702.3(6.56%),P:1e-18	Tpos:297.9,Tstd:231.2,Bpos:245.2,Bstd:150.9,StrandBias:0.1,Multiplicity:1.05
0.001	0.001	0.001	0.997
0.001	0.001	0.001	0.997
0.001	0.001	0.001	0.997
0.001	0.997	0.001	0.001
0.569	0.429	0.001	0.001
0.001	0.737	0.261	0.001
0.001	0.997	0.001	0.001
0.001	0.001	0.851	0.147
>TTTCGYRC	22-TTTCGYRC	6.890169	-39.605189	0	T:454.0(5.72%),B:1547.3(3.76%),P:1e-17	Tpos:284.7,Tstd:229.3,Bpos:245.7,Bstd:150.3,StrandBias:-0.0,Multiplicity:1.04
0.157	0.001	0.001	0.841
0.162	0.176	0.001	0.661
0.174	0.001	0.001	0.824
0.197	0.595	0.001	0.207
0.001	0.001	0.648	0.350
0.001	0.568	0.003	0.428
0.529	0.001	0.469	0.001
0.408	0.590	0.001	0.001
>AACGGAAG	23-AACGGAAG	8.375510	-37.396247	0	T:253.0(3.19%),B:746.4(1.81%),P:1e-16	Tpos:273.5,Tstd:183.6,Bpos:246.8,Bstd:157.1,StrandBias:0.1,Multiplicity:1.03
0.835	0.001	0.163	0.001
0.997	0.001	0.001	0.001
0.001	0.997	0.001	0.001
0.001	0.001	0.997	0.001
0.001	0.001	0.997	0.001
0.997	0.001	0.001	0.001
0.805	0.001	0.001	0.193
0.001	0.100	0.898	0.001
>GTGACTGA	24-GTGACTGA	9.291466	-27.936156	0	T:370.0(4.66%),B:1306.8(3.17%),P:1e-12	Tpos:272.0,Tstd:220.4,Bpos:247.6,Bstd:149.1,StrandBias:-0.0,Multiplicity:1.01
0.001	0.001	0.997	0.001
0.001	0.001	0.001	0.997
0.001	0.001	0.997	0.001
0.997	0.001	0.001	0.001
0.001	0.997	0.001	0.001
0.001	0.001	0.001	0.997
0.001	0.001	0.829	0.169
0.997	0.001	0.001	0.001
>AAAAAAAA	25-AAAAAAAA	10.905626	-24.673674	0	T:834.0(10.51%),B:3449.1(8.37%),P:1e-10	Tpos:294.3,Tstd:236.4,Bpos:241.7,Bstd:163.4,StrandBias:-0.0,Multiplicity:1.09
0.997	0.001	0.001	0.001
0.997	0.001	0.001	0.001
0.997	0.001	0.001	0.001
0.997	0.001	0.001	0.001
0.997	0.001	0.001	0.001
0.997	0.001	0.001	0.001
0.997	0.001	0.001	0.001
0.849	0.149	0.001	0.001
