Factor1: 1.0569066161363585
Factor2: 0.9461573848932964
