>GRTTCCAA	1-GRTTCCAA	7.412511	-18.378156	0	T:76.0(15.97%),B:3987.5(8.06%),P:1e-7	Tpos:352.0,Tstd:379.8,Bpos:216.6,Bstd:126.1,StrandBias:0.1,Multiplicity:1.14
0.001	0.001	0.997	0.001
0.309	0.234	0.456	0.001
0.058	0.143	0.099	0.700
0.379	0.001	0.001	0.619
0.001	0.997	0.001	0.001
0.110	0.888	0.001	0.001
0.782	0.001	0.001	0.216
0.671	0.327	0.001	0.001
>GCGGCACG	2-GCGGCACG	6.868343	-17.369164	0	T:19.0(3.99%),B:406.7(0.82%),P:1e-7	Tpos:361.6,Tstd:579.7,Bpos:216.6,Bstd:129.9,StrandBias:-1.4,Multiplicity:1.16
0.001	0.001	0.997	0.001
0.001	0.997	0.001	0.001
0.001	0.291	0.707	0.001
0.366	0.001	0.632	0.001
0.075	0.923	0.001	0.001
0.765	0.001	0.001	0.233
0.001	0.997	0.001	0.001
0.001	0.001	0.997	0.001
>TCACYTCA	3-TCACYTCA	7.632469	-14.518486	0	T:91.0(19.12%),B:5606.6(11.34%),P:1e-6	Tpos:361.8,Tstd:332.5,Bpos:217.0,Bstd:126.3,StrandBias:-0.1,Multiplicity:1.30
0.001	0.001	0.075	0.923
0.001	0.923	0.075	0.001
0.667	0.001	0.001	0.331
0.001	0.997	0.001	0.001
0.001	0.528	0.001	0.470
0.001	0.001	0.001	0.997
0.001	0.879	0.119	0.001
0.997	0.001	0.001	0.001
>AGCATCTG	4-AGCATCTG	8.236954	-13.807856	0	T:28.0(5.88%),B:1014.6(2.05%),P:1e-5	Tpos:345.6,Tstd:317.1,Bpos:213.0,Bstd:121.3,StrandBias:-0.2,Multiplicity:1.00
0.700	0.100	0.100	0.100
0.100	0.100	0.700	0.100
0.100	0.700	0.100	0.100
0.700	0.100	0.100	0.100
0.100	0.100	0.100	0.700
0.100	0.700	0.100	0.100
0.100	0.100	0.100	0.700
0.100	0.100	0.700	0.100
>TAATTACA	5-TAATTACA	6.885576	-12.048991	0	T:79.0(16.60%),B:4944.9(10.00%),P:1e-5	Tpos:378.4,Tstd:353.2,Bpos:217.7,Bstd:122.6,StrandBias:0.0,Multiplicity:1.18
0.001	0.088	0.001	0.910
0.902	0.096	0.001	0.001
0.910	0.088	0.001	0.001
0.001	0.001	0.001	0.997
0.001	0.001	0.001	0.997
0.997	0.001	0.001	0.001
0.001	0.808	0.001	0.190
0.997	0.001	0.001	0.001
