Factor1: 1.216588777154028
Factor2: 0.8219704297612411
