Factor1: 1.0234750729205668
Factor2: 0.9770633662297424
