Factor1: 0.9918248346708588
Factor2: 1.008242549534318
