>GGGGKGKGDNKGKRRTWKBGGHWATTWTTC	Pax4+M1896	11.504761	-6.140807	0	T:28.0(0.40%),B:91.1(0.22%),P:1e-2
0.143	0.095	0.619	0.143
0.143	0.048	0.523	0.286
0.286	0.143	0.523	0.048
0.190	0.095	0.572	0.143
0.143	0.095	0.429	0.333
0.190	0.095	0.572	0.143
0.238	0.048	0.429	0.286
0.143	0.001	0.523	0.333
0.381	0.095	0.286	0.238
0.190	0.238	0.333	0.238
0.190	0.095	0.286	0.429
0.238	0.143	0.429	0.190
0.143	0.143	0.381	0.333
0.381	0.190	0.286	0.143
0.238	0.190	0.381	0.190
0.095	0.190	0.238	0.476
0.429	0.048	0.238	0.286
0.190	0.095	0.333	0.381
0.095	0.238	0.333	0.333
0.001	0.190	0.523	0.286
0.190	0.048	0.524	0.238
0.333	0.286	0.143	0.238
0.476	0.048	0.048	0.429
0.571	0.095	0.048	0.286
0.286	0.048	0.143	0.523
0.190	0.143	0.048	0.619
0.381	0.048	0.048	0.523
0.095	0.048	0.095	0.762
0.001	0.048	0.001	0.950
0.048	0.524	0.095	0.333
