Factor1: 0.985447933137039
Factor2: 1.0147669566028075
