>MACATCAAAG	1-MACATCAAAG	7.412494	-957.598616	0	T:1760.0(37.62%),B:5522.6(12.49%),P:1e-415	Tpos:270.5,Tstd:181.8,Bpos:245.3,Bstd:153.2,StrandBias:0.1,Multiplicity:1.27
0.298	0.370	0.196	0.136
0.811	0.029	0.063	0.097
0.028	0.692	0.264	0.016
0.693	0.010	0.036	0.261
0.050	0.005	0.006	0.939
0.008	0.872	0.106	0.014
0.959	0.001	0.003	0.037
0.916	0.021	0.059	0.004
0.935	0.011	0.043	0.011
0.105	0.070	0.814	0.011
>CCTTTGATST	2-CCTTTGATST	6.551119	-718.678927	0	T:2514.0(53.74%),B:12145.0(27.46%),P:1e-312	Tpos:277.5,Tstd:199.5,Bpos:242.3,Bstd:151.8,StrandBias:0.1,Multiplicity:1.26
0.182	0.400	0.188	0.230
0.043	0.475	0.282	0.200
0.095	0.126	0.001	0.778
0.001	0.001	0.001	0.997
0.117	0.068	0.001	0.814
0.122	0.163	0.567	0.148
0.837	0.001	0.001	0.161
0.412	0.001	0.001	0.586
0.134	0.348	0.370	0.149
0.341	0.001	0.001	0.657
>SDRTGACTCA	3-SDRTGACTCA	6.895484	-477.484711	0	T:1133.0(24.22%),B:3977.1(8.99%),P:1e-207	Tpos:267.2,Tstd:173.2,Bpos:245.4,Bstd:149.4,StrandBias:-0.0,Multiplicity:1.22
0.156	0.298	0.364	0.183
0.198	0.162	0.329	0.311
0.376	0.224	0.359	0.041
0.018	0.018	0.072	0.892
0.034	0.070	0.717	0.179
0.936	0.032	0.005	0.027
0.071	0.527	0.333	0.069
0.005	0.021	0.134	0.840
0.218	0.628	0.061	0.093
0.845	0.029	0.107	0.019
>AYTTCCTGTC	4-AYTTCCTGTC	7.959824	-447.701139	0	T:1804.0(38.56%),B:8701.3(19.67%),P:1e-194	Tpos:278.6,Tstd:200.6,Bpos:244.6,Bstd:148.8,StrandBias:-0.0,Multiplicity:1.27
0.587	0.001	0.411	0.001
0.001	0.571	0.001	0.427
0.211	0.001	0.001	0.787
0.001	0.001	0.001	0.997
0.001	0.997	0.001	0.001
0.001	0.997	0.001	0.001
0.001	0.001	0.001	0.997
0.017	0.259	0.562	0.162
0.001	0.285	0.001	0.713
0.156	0.423	0.177	0.244
>CCACATCAAA	5-CCACATCAAA	8.537611	-390.884127	0	T:730.0(15.60%),B:2116.0(4.78%),P:1e-169	Tpos:278.4,Tstd:182.7,Bpos:242.4,Bstd:149.8,StrandBias:-0.1,Multiplicity:1.07
0.001	0.839	0.001	0.159
0.001	0.997	0.001	0.001
0.971	0.001	0.027	0.001
0.001	0.997	0.001	0.001
0.997	0.001	0.001	0.001
0.246	0.033	0.098	0.623
0.077	0.506	0.329	0.088
0.860	0.001	0.001	0.138
0.629	0.130	0.185	0.056
0.749	0.048	0.112	0.091
>TGTGGTTTVD	6-TGTGGTTTVD	6.518225	-330.306142	0	T:743.0(15.88%),B:2449.2(5.54%),P:1e-143	Tpos:281.4,Tstd:190.9,Bpos:244.3,Bstd:153.8,StrandBias:-0.1,Multiplicity:1.07
0.001	0.095	0.001	0.903
0.001	0.001	0.997	0.001
0.001	0.109	0.001	0.889
0.001	0.001	0.997	0.001
0.001	0.001	0.997	0.001
0.001	0.001	0.001	0.997
0.001	0.001	0.001	0.997
0.264	0.001	0.001	0.734
0.205	0.290	0.334	0.172
0.252	0.171	0.224	0.353
>HCDCCYACDC	7-HCDCCYACDC	6.106717	-222.402046	0	T:655.0(14.00%),B:2516.3(5.69%),P:1e-96	Tpos:272.4,Tstd:192.3,Bpos:243.9,Bstd:152.9,StrandBias:0.1,Multiplicity:1.08
0.294	0.357	0.123	0.227
0.248	0.530	0.027	0.195
0.315	0.078	0.368	0.239
0.240	0.758	0.001	0.001
0.090	0.582	0.135	0.193
0.072	0.411	0.028	0.488
0.713	0.001	0.097	0.189
0.112	0.804	0.062	0.022
0.267	0.094	0.386	0.253
0.084	0.429	0.219	0.269
>KWGTTTCCAY	8-KWGTTTCCAY	3.752272	-191.252595	0	T:1028.0(21.98%),B:5260.7(11.89%),P:1e-83	Tpos:275.2,Tstd:205.0,Bpos:243.3,Bstd:147.1,StrandBias:0.1,Multiplicity:1.15
0.112	0.214	0.277	0.398
0.520	0.001	0.001	0.478
0.213	0.291	0.449	0.047
0.001	0.001	0.001	0.997
0.001	0.001	0.001	0.997
0.001	0.001	0.001	0.997
0.001	0.997	0.001	0.001
0.001	0.997	0.001	0.001
0.625	0.001	0.373	0.001
0.001	0.554	0.001	0.444
>GATTTGCATA	9-GATTTGCATA	8.195076	-169.199941	0	T:443.0(9.47%),B:1574.1(3.56%),P:1e-73	Tpos:258.3,Tstd:166.4,Bpos:241.9,Bstd:147.9,StrandBias:0.1,Multiplicity:1.08
0.138	0.160	0.531	0.171
0.753	0.139	0.051	0.057
0.023	0.007	0.060	0.910
0.074	0.054	0.034	0.838
0.029	0.044	0.035	0.892
0.086	0.030	0.854	0.030
0.049	0.934	0.004	0.013
0.838	0.025	0.046	0.091
0.096	0.045	0.001	0.858
0.599	0.120	0.154	0.127
>GGGRBTTYCC	10-GGGRBTTYCC	8.956735	-133.251147	0	T:239.0(5.11%),B:653.5(1.48%),P:1e-57	Tpos:278.7,Tstd:183.2,Bpos:241.9,Bstd:143.0,StrandBias:-0.2,Multiplicity:1.04
0.036	0.003	0.921	0.040
0.001	0.001	0.945	0.053
0.012	0.099	0.752	0.137
0.499	0.045	0.456	0.001
0.124	0.234	0.309	0.332
0.040	0.001	0.018	0.941
0.001	0.001	0.033	0.965
0.005	0.475	0.077	0.443
0.024	0.880	0.001	0.095
0.001	0.987	0.001	0.011
>STTTCACTTT	11-STTTCACTTT	6.851742	-105.132665	0	T:1030.0(22.02%),B:6303.4(14.25%),P:1e-45	Tpos:289.0,Tstd:213.8,Bpos:245.2,Bstd:155.7,StrandBias:0.1,Multiplicity:1.19
0.080	0.466	0.436	0.019
0.062	0.085	0.169	0.684
0.016	0.165	0.095	0.724
0.005	0.052	0.078	0.865
0.009	0.608	0.374	0.009
0.419	0.127	0.214	0.240
0.043	0.439	0.237	0.282
0.068	0.157	0.043	0.732
0.140	0.133	0.143	0.584
0.194	0.189	0.185	0.433
>CTTTGAASGC	12-CTTTGAASGC	8.475311	-83.949204	0	T:295.0(6.31%),B:1222.5(2.76%),P:1e-36	Tpos:277.7,Tstd:194.7,Bpos:239.8,Bstd:149.4,StrandBias:0.1,Multiplicity:1.03
0.001	0.855	0.001	0.143
0.001	0.001	0.001	0.997
0.001	0.001	0.001	0.997
0.001	0.001	0.001	0.997
0.001	0.001	0.997	0.001
0.944	0.001	0.001	0.054
0.997	0.001	0.001	0.001
0.058	0.475	0.414	0.053
0.001	0.159	0.839	0.001
0.099	0.883	0.017	0.001
>GCDGCTGTTT	13-GCDGCTGTTT	6.370019	-71.174648	0	T:1926.0(41.17%),B:14602.9(33.01%),P:1e-30	Tpos:288.4,Tstd:208.8,Bpos:245.8,Bstd:156.4,StrandBias:0.0,Multiplicity:1.36
0.257	0.028	0.606	0.109
0.109	0.733	0.067	0.091
0.392	0.009	0.319	0.280
0.033	0.040	0.791	0.136
0.040	0.754	0.057	0.149
0.061	0.002	0.019	0.918
0.001	0.067	0.750	0.182
0.030	0.262	0.001	0.707
0.029	0.118	0.142	0.711
0.139	0.013	0.136	0.712
>GGGGGGGGGG	14-GGGGGGGGGG	6.404373	-70.325112	0	T:1705.0(36.45%),B:12655.0(28.61%),P:1e-30	Tpos:309.0,Tstd:227.4,Bpos:242.9,Bstd:144.3,StrandBias:0.1,Multiplicity:1.66
0.100	0.100	0.700	0.100
0.100	0.100	0.700	0.100
0.100	0.100	0.700	0.100
0.100	0.100	0.700	0.100
0.100	0.100	0.700	0.100
0.100	0.100	0.700	0.100
0.100	0.100	0.700	0.100
0.100	0.100	0.700	0.100
0.100	0.100	0.700	0.100
0.100	0.100	0.700	0.100
>GCTTAGCACG	15-GCTTAGCACG	1.989375	-55.306750	0	T:2142.0(45.79%),B:17007.3(38.45%),P:1e-24	Tpos:281.8,Tstd:206.2,Bpos:244.6,Bstd:152.3,StrandBias:-0.0,Multiplicity:1.32
0.026	0.001	0.972	0.001
0.068	0.892	0.001	0.039
0.001	0.001	0.001	0.997
0.052	0.001	0.001	0.946
0.929	0.022	0.001	0.048
0.038	0.001	0.960	0.001
0.022	0.976	0.001	0.001
0.997	0.001	0.001	0.001
0.296	0.554	0.040	0.110
0.035	0.001	0.779	0.185
>GGAAAGTACC	16-GGAAAGTACC	9.861906	-42.604748	0	T:94.0(2.01%),B:302.0(0.68%),P:1e-18	Tpos:276.4,Tstd:200.2,Bpos:258.7,Bstd:146.4,StrandBias:0.4,Multiplicity:1.00
0.147	0.001	0.811	0.041
0.068	0.013	0.910	0.009
0.984	0.001	0.014	0.001
0.997	0.001	0.001	0.001
0.997	0.001	0.001	0.001
0.001	0.001	0.905	0.093
0.001	0.162	0.081	0.756
0.833	0.001	0.165	0.001
0.001	0.949	0.017	0.033
0.030	0.927	0.013	0.030
>GCGGCACCCA	17-GCGGCACCCA	7.870715	-36.335682	0	T:193.0(4.13%),B:959.1(2.17%),P:1e-15	Tpos:296.2,Tstd:221.0,Bpos:237.1,Bstd:158.7,StrandBias:-0.1,Multiplicity:1.03
0.178	0.039	0.782	0.001
0.081	0.839	0.053	0.027
0.070	0.001	0.860	0.069
0.104	0.084	0.688	0.124
0.001	0.910	0.001	0.088
0.975	0.001	0.001	0.023
0.270	0.614	0.069	0.047
0.049	0.776	0.080	0.095
0.045	0.668	0.033	0.254
0.966	0.001	0.001	0.032
>CCATGGCAAC	18-CCATGGCAAC	8.554847	-32.509531	0	T:122.0(2.61%),B:527.8(1.19%),P:1e-14	Tpos:249.4,Tstd:138.8,Bpos:245.6,Bstd:139.8,StrandBias:0.3,Multiplicity:1.13
0.001	0.997	0.001	0.001
0.001	0.955	0.001	0.043
0.969	0.001	0.029	0.001
0.001	0.050	0.001	0.948
0.118	0.001	0.880	0.001
0.114	0.001	0.884	0.001
0.010	0.927	0.001	0.062
0.997	0.001	0.001	0.001
0.965	0.001	0.001	0.033
0.001	0.946	0.001	0.052
>CTACCGTCAT	19-CTACCGTCAT	9.931939	-29.629692	0	T:50.0(1.07%),B:135.2(0.31%),P:1e-12	Tpos:259.6,Tstd:219.7,Bpos:247.0,Bstd:133.1,StrandBias:-0.7,Multiplicity:1.10
0.001	0.522	0.189	0.288
0.001	0.183	0.001	0.815
0.874	0.001	0.124	0.001
0.001	0.997	0.001	0.001
0.347	0.539	0.113	0.001
0.001	0.001	0.997	0.001
0.001	0.061	0.061	0.877
0.001	0.997	0.001	0.001
0.997	0.001	0.001	0.001
0.113	0.001	0.113	0.773
>TTCCGAGAAC	20-TTCCGAGAAC	11.707270	-21.496851	0	T:11.0(0.24%),B:8.0(0.02%),P:1e-9	Tpos:301.6,Tstd:318.6,Bpos:217.4,Bstd:147.7,StrandBias:0.8,Multiplicity:1.00
0.001	0.001	0.001	0.997
0.001	0.001	0.001	0.997
0.001	0.997	0.001	0.001
0.001	0.997	0.001	0.001
0.001	0.001	0.997	0.001
0.997	0.001	0.001	0.001
0.001	0.001	0.997	0.001
0.997	0.001	0.001	0.001
0.879	0.001	0.001	0.119
0.001	0.997	0.001	0.001
>TGACTAATCA	21-TGACTAATCA	9.223033	-20.796785	0	T:15.0(0.32%),B:17.8(0.04%),P:1e-9	Tpos:195.8,Tstd:169.4,Bpos:265.4,Bstd:104.1,StrandBias:0.5,Multiplicity:1.00
0.046	0.231	0.074	0.649
0.046	0.072	0.740	0.142
0.729	0.084	0.107	0.080
0.087	0.786	0.077	0.050
0.100	0.044	0.221	0.635
0.681	0.135	0.108	0.076
0.785	0.098	0.032	0.085
0.111	0.118	0.131	0.640
0.086	0.768	0.072	0.074
0.591	0.119	0.213	0.077
>GCGGCTCCTG	22-GCGGCTCCTG	10.296193	-20.005976	0	T:16.0(0.34%),B:21.8(0.05%),P:1e-8	Tpos:312.8,Tstd:288.5,Bpos:210.2,Bstd:171.6,StrandBias:-0.4,Multiplicity:1.00
0.100	0.100	0.700	0.100
0.100	0.700	0.100	0.100
0.100	0.100	0.700	0.100
0.100	0.100	0.700	0.100
0.100	0.700	0.100	0.100
0.100	0.100	0.100	0.700
0.100	0.700	0.100	0.100
0.100	0.700	0.100	0.100
0.100	0.100	0.100	0.700
0.100	0.100	0.700	0.100
>TGATGAACCG	23-TGATGAACCG	11.984393	-16.110448	0	T:5.0(0.11%),B:1.9(0.00%),P:1e-6	Tpos:242.8,Tstd:101.2,Bpos:113.3,Bstd:46.7,StrandBias:0.0,Multiplicity:1.20
0.001	0.001	0.001	0.997
0.001	0.001	0.841	0.157
0.997	0.001	0.001	0.001
0.001	0.001	0.001	0.997
0.001	0.001	0.997	0.001
0.997	0.001	0.001	0.001
0.997	0.001	0.001	0.001
0.001	0.997	0.001	0.001
0.001	0.997	0.001	0.001
0.001	0.001	0.997	0.001
>GTCATACCTA	24-GTCATACCTA	9.976460	-14.350129	0	T:49.0(1.05%),B:210.1(0.47%),P:1e-6	Tpos:232.9,Tstd:214.9,Bpos:242.9,Bstd:142.2,StrandBias:-1.3,Multiplicity:1.27
0.358	0.001	0.640	0.001
0.001	0.001	0.290	0.708
0.001	0.997	0.001	0.001
0.997	0.001	0.001	0.001
0.001	0.001	0.282	0.716
0.997	0.001	0.001	0.001
0.025	0.973	0.001	0.001
0.001	0.678	0.320	0.001
0.001	0.371	0.001	0.627
0.662	0.001	0.078	0.259
>GTGATGTTAC	25-GTGATGTTAC	11.561014	-11.052518	0	T:22.0(0.47%),B:72.6(0.16%),P:1e-4	Tpos:237.4,Tstd:136.2,Bpos:251.9,Bstd:147.5,StrandBias:1.3,Multiplicity:1.77
0.001	0.001	0.997	0.001
0.001	0.001	0.001	0.997
0.001	0.001	0.997	0.001
0.997	0.001	0.001	0.001
0.178	0.001	0.001	0.820
0.001	0.001	0.997	0.001
0.001	0.001	0.001	0.997
0.001	0.001	0.001	0.997
0.997	0.001	0.001	0.001
0.001	0.873	0.001	0.125
