>MACATCAAAG	1-MACATCAAAG	7.412494	-957.598616	0	T:1760.0(37.62%),B:5522.6(12.49%),P:1e-415	Tpos:270.5,Tstd:181.8,Bpos:245.3,Bstd:153.2,StrandBias:0.1,Multiplicity:1.27
0.298	0.370	0.196	0.136
0.811	0.029	0.063	0.097
0.028	0.692	0.264	0.016
0.693	0.010	0.036	0.261
0.050	0.005	0.006	0.939
0.008	0.872	0.106	0.014
0.959	0.001	0.003	0.037
0.916	0.021	0.059	0.004
0.935	0.011	0.043	0.011
0.105	0.070	0.814	0.011
>CCTTTGATST	2-CCTTTGATST	6.551119	-718.678927	0	T:2514.0(53.74%),B:12145.0(27.46%),P:1e-312	Tpos:277.5,Tstd:199.5,Bpos:242.3,Bstd:151.8,StrandBias:0.1,Multiplicity:1.26
0.182	0.400	0.188	0.230
0.043	0.475	0.282	0.200
0.095	0.126	0.001	0.778
0.001	0.001	0.001	0.997
0.117	0.068	0.001	0.814
0.122	0.163	0.567	0.148
0.837	0.001	0.001	0.161
0.412	0.001	0.001	0.586
0.134	0.348	0.370	0.149
0.341	0.001	0.001	0.657
>SDRTGACTCA	3-SDRTGACTCA	6.895484	-477.484711	0	T:1133.0(24.22%),B:3977.1(8.99%),P:1e-207	Tpos:267.2,Tstd:173.2,Bpos:245.4,Bstd:149.4,StrandBias:-0.0,Multiplicity:1.22
0.156	0.298	0.364	0.183
0.198	0.162	0.329	0.311
0.376	0.224	0.359	0.041
0.018	0.018	0.072	0.892
0.034	0.070	0.717	0.179
0.936	0.032	0.005	0.027
0.071	0.527	0.333	0.069
0.005	0.021	0.134	0.840
0.218	0.628	0.061	0.093
0.845	0.029	0.107	0.019
>AYTTCCTGTC	4-AYTTCCTGTC	7.959824	-447.701139	0	T:1804.0(38.56%),B:8701.3(19.67%),P:1e-194	Tpos:278.6,Tstd:200.6,Bpos:244.6,Bstd:148.8,StrandBias:-0.0,Multiplicity:1.27
0.587	0.001	0.411	0.001
0.001	0.571	0.001	0.427
0.211	0.001	0.001	0.787
0.001	0.001	0.001	0.997
0.001	0.997	0.001	0.001
0.001	0.997	0.001	0.001
0.001	0.001	0.001	0.997
0.017	0.259	0.562	0.162
0.001	0.285	0.001	0.713
0.156	0.423	0.177	0.244
>CCACATCAAA	5-CCACATCAAA	8.537611	-390.884127	0	T:730.0(15.60%),B:2116.0(4.78%),P:1e-169	Tpos:278.4,Tstd:182.7,Bpos:242.4,Bstd:149.8,StrandBias:-0.1,Multiplicity:1.07
0.001	0.839	0.001	0.159
0.001	0.997	0.001	0.001
0.971	0.001	0.027	0.001
0.001	0.997	0.001	0.001
0.997	0.001	0.001	0.001
0.246	0.033	0.098	0.623
0.077	0.506	0.329	0.088
0.860	0.001	0.001	0.138
0.629	0.130	0.185	0.056
0.749	0.048	0.112	0.091
>TGTGGTTTVD	6-TGTGGTTTVD	6.518225	-330.306142	0	T:743.0(15.88%),B:2449.2(5.54%),P:1e-143	Tpos:281.4,Tstd:190.9,Bpos:244.3,Bstd:153.8,StrandBias:-0.1,Multiplicity:1.07
0.001	0.095	0.001	0.903
0.001	0.001	0.997	0.001
0.001	0.109	0.001	0.889
0.001	0.001	0.997	0.001
0.001	0.001	0.997	0.001
0.001	0.001	0.001	0.997
0.001	0.001	0.001	0.997
0.264	0.001	0.001	0.734
0.205	0.290	0.334	0.172
0.252	0.171	0.224	0.353
>HCDCCYACDC	7-HCDCCYACDC	6.106717	-222.402046	0	T:655.0(14.00%),B:2516.3(5.69%),P:1e-96	Tpos:272.4,Tstd:192.3,Bpos:243.9,Bstd:152.9,StrandBias:0.1,Multiplicity:1.08
0.294	0.357	0.123	0.227
0.248	0.530	0.027	0.195
0.315	0.078	0.368	0.239
0.240	0.758	0.001	0.001
0.090	0.582	0.135	0.193
0.072	0.411	0.028	0.488
0.713	0.001	0.097	0.189
0.112	0.804	0.062	0.022
0.267	0.094	0.386	0.253
0.084	0.429	0.219	0.269
>KWGTTTCCAY	8-KWGTTTCCAY	3.752272	-191.252595	0	T:1028.0(21.98%),B:5260.7(11.89%),P:1e-83	Tpos:275.2,Tstd:205.0,Bpos:243.3,Bstd:147.1,StrandBias:0.1,Multiplicity:1.15
0.112	0.214	0.277	0.398
0.520	0.001	0.001	0.478
0.213	0.291	0.449	0.047
0.001	0.001	0.001	0.997
0.001	0.001	0.001	0.997
0.001	0.001	0.001	0.997
0.001	0.997	0.001	0.001
0.001	0.997	0.001	0.001
0.625	0.001	0.373	0.001
0.001	0.554	0.001	0.444
>GATTTGCATA	9-GATTTGCATA	8.195076	-169.199941	0	T:443.0(9.47%),B:1574.1(3.56%),P:1e-73	Tpos:258.3,Tstd:166.4,Bpos:241.9,Bstd:147.9,StrandBias:0.1,Multiplicity:1.08
0.138	0.160	0.531	0.171
0.753	0.139	0.051	0.057
0.023	0.007	0.060	0.910
0.074	0.054	0.034	0.838
0.029	0.044	0.035	0.892
0.086	0.030	0.854	0.030
0.049	0.934	0.004	0.013
0.838	0.025	0.046	0.091
0.096	0.045	0.001	0.858
0.599	0.120	0.154	0.127
>GGGRBTTYCC	10-GGGRBTTYCC	8.956735	-133.251147	0	T:239.0(5.11%),B:653.5(1.48%),P:1e-57	Tpos:278.7,Tstd:183.2,Bpos:241.9,Bstd:143.0,StrandBias:-0.2,Multiplicity:1.04
0.036	0.003	0.921	0.040
0.001	0.001	0.945	0.053
0.012	0.099	0.752	0.137
0.499	0.045	0.456	0.001
0.124	0.234	0.309	0.332
0.040	0.001	0.018	0.941
0.001	0.001	0.033	0.965
0.005	0.475	0.077	0.443
0.024	0.880	0.001	0.095
0.001	0.987	0.001	0.011
>STTTCACTTT	11-STTTCACTTT	6.851742	-105.132665	0	T:1030.0(22.02%),B:6303.4(14.25%),P:1e-45	Tpos:289.0,Tstd:213.8,Bpos:245.2,Bstd:155.7,StrandBias:0.1,Multiplicity:1.19
0.080	0.466	0.436	0.019
0.062	0.085	0.169	0.684
0.016	0.165	0.095	0.724
0.005	0.052	0.078	0.865
0.009	0.608	0.374	0.009
0.419	0.127	0.214	0.240
0.043	0.439	0.237	0.282
0.068	0.157	0.043	0.732
0.140	0.133	0.143	0.584
0.194	0.189	0.185	0.433
>CTTTGAASGC	12-CTTTGAASGC	8.475311	-83.949204	0	T:295.0(6.31%),B:1222.5(2.76%),P:1e-36	Tpos:277.7,Tstd:194.7,Bpos:239.8,Bstd:149.4,StrandBias:0.1,Multiplicity:1.03
0.001	0.855	0.001	0.143
0.001	0.001	0.001	0.997
0.001	0.001	0.001	0.997
0.001	0.001	0.001	0.997
0.001	0.001	0.997	0.001
0.944	0.001	0.001	0.054
0.997	0.001	0.001	0.001
0.058	0.475	0.414	0.053
0.001	0.159	0.839	0.001
0.099	0.883	0.017	0.001
>GCDGCTGTTT	13-GCDGCTGTTT	6.370019	-71.174648	0	T:1926.0(41.17%),B:14602.9(33.01%),P:1e-30	Tpos:288.4,Tstd:208.8,Bpos:245.8,Bstd:156.4,StrandBias:0.0,Multiplicity:1.36
0.257	0.028	0.606	0.109
0.109	0.733	0.067	0.091
0.392	0.009	0.319	0.280
0.033	0.040	0.791	0.136
0.040	0.754	0.057	0.149
0.061	0.002	0.019	0.918
0.001	0.067	0.750	0.182
0.030	0.262	0.001	0.707
0.029	0.118	0.142	0.711
0.139	0.013	0.136	0.712
>GGGGGGGGGG	14-GGGGGGGGGG	6.404373	-70.325112	0	T:1705.0(36.45%),B:12655.0(28.61%),P:1e-30	Tpos:309.0,Tstd:227.4,Bpos:242.9,Bstd:144.3,StrandBias:0.1,Multiplicity:1.66
0.100	0.100	0.700	0.100
0.100	0.100	0.700	0.100
0.100	0.100	0.700	0.100
0.100	0.100	0.700	0.100
0.100	0.100	0.700	0.100
0.100	0.100	0.700	0.100
0.100	0.100	0.700	0.100
0.100	0.100	0.700	0.100
0.100	0.100	0.700	0.100
0.100	0.100	0.700	0.100
>GCTTAGCACG	15-GCTTAGCACG	1.989375	-55.306750	0	T:2142.0(45.79%),B:17007.3(38.45%),P:1e-24	Tpos:281.8,Tstd:206.2,Bpos:244.6,Bstd:152.3,StrandBias:-0.0,Multiplicity:1.32
0.026	0.001	0.972	0.001
0.068	0.892	0.001	0.039
0.001	0.001	0.001	0.997
0.052	0.001	0.001	0.946
0.929	0.022	0.001	0.048
0.038	0.001	0.960	0.001
0.022	0.976	0.001	0.001
0.997	0.001	0.001	0.001
0.296	0.554	0.040	0.110
0.035	0.001	0.779	0.185
>GGAAAGTACC	16-GGAAAGTACC	9.861906	-42.604748	0	T:94.0(2.01%),B:302.0(0.68%),P:1e-18	Tpos:276.4,Tstd:200.2,Bpos:258.7,Bstd:146.4,StrandBias:0.4,Multiplicity:1.00
0.147	0.001	0.811	0.041
0.068	0.013	0.910	0.009
0.984	0.001	0.014	0.001
0.997	0.001	0.001	0.001
0.997	0.001	0.001	0.001
0.001	0.001	0.905	0.093
0.001	0.162	0.081	0.756
0.833	0.001	0.165	0.001
0.001	0.949	0.017	0.033
0.030	0.927	0.013	0.030
>GCGGCACCCA	17-GCGGCACCCA	7.870715	-36.335682	0	T:193.0(4.13%),B:959.1(2.17%),P:1e-15	Tpos:296.2,Tstd:221.0,Bpos:237.1,Bstd:158.7,StrandBias:-0.1,Multiplicity:1.03
0.178	0.039	0.782	0.001
0.081	0.839	0.053	0.027
0.070	0.001	0.860	0.069
0.104	0.084	0.688	0.124
0.001	0.910	0.001	0.088
0.975	0.001	0.001	0.023
0.270	0.614	0.069	0.047
0.049	0.776	0.080	0.095
0.045	0.668	0.033	0.254
0.966	0.001	0.001	0.032
>CCATGGCAAC	18-CCATGGCAAC	8.554847	-32.509531	0	T:122.0(2.61%),B:527.8(1.19%),P:1e-14	Tpos:249.4,Tstd:138.8,Bpos:245.6,Bstd:139.8,StrandBias:0.3,Multiplicity:1.13
0.001	0.997	0.001	0.001
0.001	0.955	0.001	0.043
0.969	0.001	0.029	0.001
0.001	0.050	0.001	0.948
0.118	0.001	0.880	0.001
0.114	0.001	0.884	0.001
0.010	0.927	0.001	0.062
0.997	0.001	0.001	0.001
0.965	0.001	0.001	0.033
0.001	0.946	0.001	0.052
>CTACCGTCAT	19-CTACCGTCAT	9.931939	-29.629692	0	T:50.0(1.07%),B:135.2(0.31%),P:1e-12	Tpos:259.6,Tstd:219.7,Bpos:247.0,Bstd:133.1,StrandBias:-0.7,Multiplicity:1.10
0.001	0.522	0.189	0.288
0.001	0.183	0.001	0.815
0.874	0.001	0.124	0.001
0.001	0.997	0.001	0.001
0.347	0.539	0.113	0.001
0.001	0.001	0.997	0.001
0.001	0.061	0.061	0.877
0.001	0.997	0.001	0.001
0.997	0.001	0.001	0.001
0.113	0.001	0.113	0.773
>TTCCGAGAAC	20-TTCCGAGAAC	11.707270	-21.496851	0	T:11.0(0.24%),B:8.0(0.02%),P:1e-9	Tpos:301.6,Tstd:318.6,Bpos:217.4,Bstd:147.7,StrandBias:0.8,Multiplicity:1.00
0.001	0.001	0.001	0.997
0.001	0.001	0.001	0.997
0.001	0.997	0.001	0.001
0.001	0.997	0.001	0.001
0.001	0.001	0.997	0.001
0.997	0.001	0.001	0.001
0.001	0.001	0.997	0.001
0.997	0.001	0.001	0.001
0.879	0.001	0.001	0.119
0.001	0.997	0.001	0.001
>TGACTAATCA	21-TGACTAATCA	9.223033	-20.796785	0	T:15.0(0.32%),B:17.8(0.04%),P:1e-9	Tpos:195.8,Tstd:169.4,Bpos:265.4,Bstd:104.1,StrandBias:0.5,Multiplicity:1.00
0.046	0.231	0.074	0.649
0.046	0.072	0.740	0.142
0.729	0.084	0.107	0.080
0.087	0.786	0.077	0.050
0.100	0.044	0.221	0.635
0.681	0.135	0.108	0.076
0.785	0.098	0.032	0.085
0.111	0.118	0.131	0.640
0.086	0.768	0.072	0.074
0.591	0.119	0.213	0.077
>GCGGCTCCTG	22-GCGGCTCCTG	10.296193	-20.005976	0	T:16.0(0.34%),B:21.8(0.05%),P:1e-8	Tpos:312.8,Tstd:288.5,Bpos:210.2,Bstd:171.6,StrandBias:-0.4,Multiplicity:1.00
0.100	0.100	0.700	0.100
0.100	0.700	0.100	0.100
0.100	0.100	0.700	0.100
0.100	0.100	0.700	0.100
0.100	0.700	0.100	0.100
0.100	0.100	0.100	0.700
0.100	0.700	0.100	0.100
0.100	0.700	0.100	0.100
0.100	0.100	0.100	0.700
0.100	0.100	0.700	0.100
>TGATGAACCG	23-TGATGAACCG	11.984393	-16.110448	0	T:5.0(0.11%),B:1.9(0.00%),P:1e-6	Tpos:242.8,Tstd:101.2,Bpos:113.3,Bstd:46.7,StrandBias:0.0,Multiplicity:1.20
0.001	0.001	0.001	0.997
0.001	0.001	0.841	0.157
0.997	0.001	0.001	0.001
0.001	0.001	0.001	0.997
0.001	0.001	0.997	0.001
0.997	0.001	0.001	0.001
0.997	0.001	0.001	0.001
0.001	0.997	0.001	0.001
0.001	0.997	0.001	0.001
0.001	0.001	0.997	0.001
>GTCATACCTA	24-GTCATACCTA	9.976460	-14.350129	0	T:49.0(1.05%),B:210.1(0.47%),P:1e-6	Tpos:232.9,Tstd:214.9,Bpos:242.9,Bstd:142.2,StrandBias:-1.3,Multiplicity:1.27
0.358	0.001	0.640	0.001
0.001	0.001	0.290	0.708
0.001	0.997	0.001	0.001
0.997	0.001	0.001	0.001
0.001	0.001	0.282	0.716
0.997	0.001	0.001	0.001
0.025	0.973	0.001	0.001
0.001	0.678	0.320	0.001
0.001	0.371	0.001	0.627
0.662	0.001	0.078	0.259
>GTGATGTTAC	25-GTGATGTTAC	11.561014	-11.052518	0	T:22.0(0.47%),B:72.6(0.16%),P:1e-4	Tpos:237.4,Tstd:136.2,Bpos:251.9,Bstd:147.5,StrandBias:1.3,Multiplicity:1.77
0.001	0.001	0.997	0.001
0.001	0.001	0.001	0.997
0.001	0.001	0.997	0.001
0.997	0.001	0.001	0.001
0.178	0.001	0.001	0.820
0.001	0.001	0.997	0.001
0.001	0.001	0.001	0.997
0.001	0.001	0.001	0.997
0.997	0.001	0.001	0.001
0.001	0.873	0.001	0.125
>CTTTGATGTKDN	1-CTTTGATGTKDN	7.261925	-967.529747	0	T:1915.0(40.94%),B:6423.3(14.52%),P:1e-420	Tpos:270.6,Tstd:183.4,Bpos:244.7,Bstd:152.0,StrandBias:-0.1,Multiplicity:1.32
0.021	0.729	0.099	0.151
0.055	0.065	0.001	0.879
0.007	0.074	0.060	0.859
0.057	0.006	0.001	0.936
0.052	0.110	0.737	0.101
0.889	0.018	0.013	0.080
0.283	0.015	0.027	0.675
0.025	0.281	0.646	0.048
0.094	0.079	0.040	0.787
0.136	0.173	0.390	0.302
0.222	0.179	0.353	0.246
0.199	0.278	0.192	0.332
>RNDATGASTCAT	2-RNDATGASTCAT	7.794450	-472.817846	0	T:908.0(19.41%),B:2722.3(6.15%),P:1e-205	Tpos:265.4,Tstd:167.9,Bpos:246.2,Bstd:149.2,StrandBias:-0.0,Multiplicity:1.17
0.250	0.185	0.371	0.194
0.265	0.259	0.219	0.256
0.258	0.147	0.312	0.283
0.479	0.201	0.199	0.122
0.043	0.001	0.007	0.949
0.001	0.007	0.949	0.043
0.984	0.002	0.002	0.012
0.034	0.514	0.408	0.044
0.011	0.030	0.002	0.957
0.105	0.752	0.083	0.060
0.957	0.013	0.001	0.029
0.139	0.228	0.232	0.401
>CACTTCCTGTYY	3-CACTTCCTGTYY	8.468323	-451.463623	0	T:1320.0(28.22%),B:5290.8(11.96%),P:1e-196	Tpos:280.7,Tstd:194.3,Bpos:241.2,Bstd:147.6,StrandBias:-0.0,Multiplicity:1.14
0.174	0.402	0.184	0.240
0.653	0.024	0.277	0.046
0.001	0.614	0.001	0.384
0.195	0.002	0.001	0.802
0.001	0.001	0.001	0.997
0.001	0.997	0.001	0.001
0.001	0.997	0.001	0.001
0.001	0.001	0.001	0.997
0.083	0.228	0.545	0.144
0.007	0.311	0.039	0.643
0.107	0.379	0.140	0.374
0.236	0.263	0.114	0.387
>TYTGATGTGGTT	4-TYTGATGTGGTT	8.401901	-403.596359	0	T:808.0(17.27%),B:2475.4(5.60%),P:1e-175	Tpos:277.9,Tstd:174.3,Bpos:237.7,Bstd:148.8,StrandBias:0.2,Multiplicity:1.07
0.213	0.172	0.091	0.524
0.121	0.449	0.062	0.368
0.388	0.001	0.056	0.555
0.070	0.226	0.679	0.025
0.582	0.136	0.028	0.254
0.062	0.001	0.001	0.936
0.001	0.001	0.997	0.001
0.001	0.001	0.001	0.997
0.001	0.001	0.997	0.001
0.001	0.001	0.985	0.013
0.001	0.196	0.210	0.593
0.100	0.120	0.004	0.776
>NTKATTTGCATA	5-NTKATTTGCATA	8.983814	-187.383410	0	T:437.0(9.34%),B:1446.8(3.27%),P:1e-81	Tpos:266.8,Tstd:174.0,Bpos:242.1,Bstd:146.4,StrandBias:0.1,Multiplicity:1.09
0.225	0.246	0.309	0.219
0.269	0.112	0.129	0.490
0.141	0.177	0.376	0.306
0.681	0.122	0.109	0.088
0.001	0.001	0.001	0.997
0.001	0.033	0.001	0.965
0.001	0.001	0.001	0.997
0.210	0.007	0.782	0.001
0.126	0.872	0.001	0.001
0.971	0.001	0.001	0.027
0.001	0.009	0.023	0.967
0.414	0.188	0.215	0.184
>CTCTTTGAAGCC	6-CTCTTTGAAGCC	6.832475	-183.879530	0	T:1707.0(36.49%),B:10637.3(24.05%),P:1e-79	Tpos:280.1,Tstd:202.6,Bpos:245.9,Bstd:150.9,StrandBias:-0.1,Multiplicity:1.20
0.154	0.506	0.092	0.248
0.129	0.133	0.001	0.737
0.079	0.664	0.189	0.068
0.028	0.065	0.001	0.906
0.020	0.189	0.030	0.761
0.132	0.001	0.050	0.817
0.187	0.140	0.650	0.023
0.752	0.112	0.027	0.109
0.841	0.001	0.059	0.099
0.158	0.129	0.667	0.046
0.235	0.451	0.173	0.142
0.221	0.508	0.001	0.270
>AAAGGAAACCAC	7-AAAGGAAACCAC	7.078742	-169.851109	0	T:1322.0(28.26%),B:7719.4(17.45%),P:1e-73	Tpos:290.3,Tstd:209.7,Bpos:244.1,Bstd:153.3,StrandBias:-0.1,Multiplicity:1.19
0.766	0.074	0.075	0.085
0.722	0.098	0.115	0.065
0.764	0.051	0.099	0.086
0.099	0.047	0.740	0.114
0.106	0.090	0.720	0.084
0.770	0.079	0.070	0.081
0.814	0.065	0.063	0.058
0.774	0.065	0.096	0.065
0.084	0.717	0.105	0.094
0.111	0.756	0.040	0.093
0.761	0.097	0.055	0.087
0.095	0.699	0.101	0.105
>GGGRDTTTCCCC	8-GGGRDTTTCCCC	9.715721	-152.030580	0	T:215.0(4.60%),B:481.4(1.09%),P:1e-66	Tpos:269.1,Tstd:205.3,Bpos:248.8,Bstd:139.4,StrandBias:-0.1,Multiplicity:1.01
0.245	0.001	0.668	0.086
0.001	0.001	0.948	0.050
0.001	0.001	0.832	0.166
0.354	0.001	0.484	0.162
0.278	0.121	0.259	0.342
0.001	0.029	0.159	0.811
0.001	0.016	0.001	0.982
0.001	0.362	0.001	0.636
0.080	0.821	0.001	0.098
0.012	0.919	0.001	0.068
0.132	0.866	0.001	0.001
0.256	0.521	0.001	0.222
>TGGAAAVTATKA	9-TGGAAAVTATKA	9.556698	-145.872707	0	T:251.0(5.37%),B:664.8(1.50%),P:1e-63	Tpos:258.6,Tstd:188.7,Bpos:245.5,Bstd:140.3,StrandBias:0.1,Multiplicity:1.03
0.057	0.001	0.001	0.941
0.001	0.001	0.997	0.001
0.001	0.001	0.997	0.001
0.997	0.001	0.001	0.001
0.997	0.001	0.001	0.001
0.997	0.001	0.001	0.001
0.381	0.308	0.256	0.055
0.313	0.001	0.001	0.685
0.401	0.210	0.163	0.226
0.001	0.001	0.001	0.997
0.030	0.052	0.524	0.394
0.946	0.052	0.001	0.001
>TGTGTGGGHGGD	10-TGTGTGGGHGGD	9.494136	-141.025760	0	T:367.0(7.85%),B:1295.4(2.93%),P:1e-61	Tpos:258.6,Tstd:180.8,Bpos:240.0,Bstd:146.5,StrandBias:-0.1,Multiplicity:1.04
0.149	0.067	0.121	0.663
0.001	0.001	0.997	0.001
0.188	0.001	0.001	0.810
0.001	0.001	0.997	0.001
0.001	0.001	0.090	0.908
0.195	0.001	0.803	0.001
0.006	0.001	0.992	0.001
0.001	0.001	0.997	0.001
0.378	0.238	0.001	0.383
0.142	0.001	0.782	0.075
0.075	0.081	0.698	0.146
0.299	0.085	0.359	0.257
>GCTTTGTGGTTT	11-GCTTTGTGGTTT	9.286382	-114.199844	0	T:301.0(6.43%),B:1068.3(2.42%),P:1e-49	Tpos:287.1,Tstd:198.0,Bpos:244.3,Bstd:155.7,StrandBias:0.1,Multiplicity:1.03
0.069	0.233	0.535	0.163
0.041	0.556	0.346	0.057
0.138	0.111	0.039	0.712
0.029	0.176	0.097	0.698
0.132	0.077	0.039	0.752
0.001	0.099	0.899	0.001
0.060	0.001	0.078	0.861
0.056	0.001	0.920	0.023
0.001	0.036	0.842	0.121
0.001	0.001	0.001	0.997
0.057	0.038	0.066	0.839
0.236	0.033	0.001	0.730
>ACTTTCACTTTC	12-ACTTTCACTTTC	9.373615	-73.650546	0	T:268.0(5.73%),B:1129.8(2.55%),P:1e-31	Tpos:295.6,Tstd:219.1,Bpos:245.6,Bstd:151.0,StrandBias:0.3,Multiplicity:1.08
0.805	0.066	0.068	0.061
0.064	0.822	0.086	0.028
0.073	0.062	0.024	0.841
0.033	0.069	0.027	0.871
0.056	0.026	0.019	0.899
0.010	0.818	0.070	0.102
0.806	0.049	0.054	0.091
0.063	0.826	0.065	0.046
0.053	0.068	0.021	0.858
0.075	0.025	0.049	0.851
0.056	0.095	0.037	0.812
0.085	0.796	0.040	0.079
>GGGGGGGGGGGG	13-GGGGGGGGGGGG	8.463612	-73.107000	0	T:766.0(16.37%),B:4721.0(10.67%),P:1e-31	Tpos:307.3,Tstd:218.5,Bpos:240.6,Bstd:139.9,StrandBias:0.2,Multiplicity:1.22
0.100	0.100	0.700	0.100
0.100	0.100	0.700	0.100
0.100	0.100	0.700	0.100
0.100	0.100	0.700	0.100
0.100	0.100	0.700	0.100
0.100	0.100	0.700	0.100
0.100	0.100	0.700	0.100
0.100	0.100	0.700	0.100
0.100	0.100	0.700	0.100
0.100	0.100	0.700	0.100
0.100	0.100	0.700	0.100
0.100	0.100	0.700	0.100
>CCCTCCCMCCTC	14-CCCTCCCMCCTC	9.676791	-72.003271	0	T:334.0(7.14%),B:1568.0(3.54%),P:1e-31	Tpos:303.7,Tstd:238.3,Bpos:244.3,Bstd:141.1,StrandBias:0.2,Multiplicity:1.05
0.018	0.575	0.153	0.254
0.052	0.748	0.001	0.199
0.001	0.997	0.001	0.001
0.114	0.001	0.001	0.884
0.001	0.941	0.001	0.057
0.375	0.591	0.001	0.033
0.001	0.733	0.052	0.214
0.344	0.491	0.085	0.081
0.001	0.997	0.001	0.001
0.118	0.709	0.001	0.172
0.072	0.001	0.049	0.878
0.087	0.878	0.034	0.001
>TGTGATGTTACC	15-TGTGATGTTACC	-2.891528	-61.514829	0	T:2007.0(42.90%),B:15592.9(35.25%),P:1e-26	Tpos:289.2,Tstd:211.1,Bpos:244.7,Bstd:148.2,StrandBias:-0.1,Multiplicity:1.27
0.001	0.213	0.001	0.785
0.001	0.001	0.798	0.200
0.001	0.001	0.001	0.997
0.062	0.013	0.924	0.001
0.936	0.062	0.001	0.001
0.001	0.001	0.001	0.997
0.001	0.001	0.997	0.001
0.001	0.001	0.062	0.936
0.001	0.001	0.001	0.997
0.875	0.062	0.001	0.062
0.001	0.997	0.001	0.001
0.001	0.997	0.001	0.001
>GCCACCTAGTGG	16-GCCACCTAGTGG	10.280924	-56.958229	0	T:102.0(2.18%),B:281.3(0.64%),P:1e-24	Tpos:264.9,Tstd:246.2,Bpos:245.1,Bstd:143.9,StrandBias:0.0,Multiplicity:1.03
0.030	0.089	0.754	0.127
0.162	0.784	0.010	0.044
0.001	0.969	0.001	0.029
0.696	0.238	0.001	0.065
0.001	0.813	0.001	0.185
0.001	0.901	0.001	0.097
0.047	0.030	0.047	0.876
0.662	0.086	0.110	0.142
0.081	0.214	0.645	0.060
0.033	0.017	0.111	0.839
0.001	0.029	0.919	0.051
0.030	0.012	0.928	0.030
>TGACTAAAAAAS	17-TGACTAAAAAAS	9.087950	-55.109172	0	T:209.0(4.47%),B:899.4(2.03%),P:1e-23	Tpos:264.4,Tstd:197.3,Bpos:243.6,Bstd:147.9,StrandBias:0.2,Multiplicity:1.01
0.001	0.001	0.001	0.997
0.015	0.001	0.911	0.073
0.854	0.065	0.073	0.008
0.115	0.595	0.240	0.050
0.063	0.078	0.001	0.858
0.701	0.007	0.001	0.291
0.956	0.004	0.001	0.039
0.497	0.234	0.223	0.046
0.733	0.094	0.024	0.149
0.512	0.353	0.049	0.086
0.776	0.001	0.007	0.216
0.099	0.492	0.385	0.023
>ATCTTTTCATCT	18-ATCTTTTCATCT	11.028709	-51.678251	0	T:82.0(1.75%),B:206.8(0.47%),P:1e-22	Tpos:275.1,Tstd:193.6,Bpos:254.6,Bstd:136.9,StrandBias:-0.1,Multiplicity:1.00
0.850	0.148	0.001	0.001
0.110	0.075	0.048	0.767
0.001	0.997	0.001	0.001
0.001	0.188	0.001	0.810
0.001	0.123	0.142	0.734
0.242	0.089	0.001	0.668
0.001	0.001	0.001	0.997
0.034	0.820	0.098	0.048
0.952	0.001	0.001	0.046
0.144	0.001	0.178	0.677
0.001	0.997	0.001	0.001
0.001	0.194	0.001	0.804
>ATTTGCWTATTT	19-ATTTGCWTATTT	10.069939	-44.261451	0	T:143.0(3.06%),B:571.5(1.29%),P:1e-19	Tpos:275.6,Tstd:215.2,Bpos:242.4,Bstd:149.4,StrandBias:-0.1,Multiplicity:1.00
0.605	0.238	0.138	0.019
0.106	0.142	0.001	0.751
0.001	0.212	0.001	0.786
0.001	0.001	0.001	0.997
0.001	0.001	0.997	0.001
0.001	0.959	0.015	0.025
0.448	0.001	0.001	0.550
0.027	0.187	0.019	0.767
0.886	0.001	0.001	0.112
0.170	0.204	0.001	0.625
0.010	0.001	0.221	0.768
0.015	0.166	0.015	0.804
>TGCCATGGCAAC	20-TGCCATGGCAAC	10.938746	-43.436064	0	T:61.0(1.30%),B:139.6(0.32%),P:1e-18	Tpos:257.4,Tstd:163.2,Bpos:238.2,Bstd:141.1,StrandBias:0.0,Multiplicity:1.00
0.089	0.078	0.001	0.832
0.264	0.018	0.681	0.037
0.001	0.960	0.001	0.038
0.001	0.902	0.001	0.096
0.574	0.001	0.208	0.217
0.119	0.069	0.001	0.811
0.319	0.001	0.679	0.001
0.038	0.001	0.960	0.001
0.001	0.868	0.001	0.130
0.943	0.001	0.001	0.055
0.859	0.001	0.139	0.001
0.001	0.997	0.001	0.001
>AAAACGTGCTTA	21-AAAACGTGCTTA	9.319750	-29.009542	0	T:127.0(2.71%),B:588.5(1.33%),P:1e-12	Tpos:292.9,Tstd:222.3,Bpos:232.1,Bstd:146.9,StrandBias:0.6,Multiplicity:1.00
0.876	0.014	0.033	0.077
0.831	0.105	0.063	0.001
0.812	0.052	0.057	0.079
0.900	0.001	0.061	0.038
0.117	0.691	0.060	0.132
0.074	0.079	0.755	0.092
0.076	0.001	0.066	0.857
0.019	0.033	0.869	0.079
0.081	0.791	0.040	0.088
0.071	0.019	0.001	0.909
0.042	0.001	0.055	0.902
0.805	0.068	0.052	0.075
>WGTGATGTTACN	22-WGTGATGTTACN	6.749013	-21.686898	0	T:312.0(6.67%),B:2057.4(4.65%),P:1e-9	Tpos:249.2,Tstd:184.2,Bpos:243.0,Bstd:154.3,StrandBias:-0.4,Multiplicity:1.00
0.255	0.141	0.211	0.393
0.131	0.143	0.590	0.136
0.148	0.068	0.110	0.674
0.100	0.119	0.654	0.127
0.609	0.140	0.109	0.142
0.139	0.064	0.132	0.665
0.083	0.118	0.665	0.134
0.116	0.122	0.104	0.658
0.119	0.128	0.134	0.619
0.608	0.119	0.127	0.146
0.149	0.570	0.141	0.140
0.268	0.292	0.154	0.286
>AGCTAAGGCGCV	23-AGCTAAGGCGCV	8.522403	-20.152377	0	T:6.0(0.13%),B:1.0(0.00%),P:1e-8	Tpos:278.9,Tstd:205.5,Bpos:309.0,Bstd:0.0,StrandBias:1.9,Multiplicity:2.33
0.563	0.073	0.187	0.177
0.135	0.120	0.707	0.038
0.094	0.651	0.124	0.131
0.155	0.183	0.074	0.588
0.503	0.197	0.171	0.129
0.616	0.088	0.175	0.121
0.156	0.062	0.670	0.112
0.142	0.142	0.623	0.093
0.210	0.525	0.170	0.095
0.182	0.164	0.502	0.152
0.116	0.512	0.204	0.168
0.225	0.215	0.362	0.198
>GTGATGTTAYCA	24-GTGATGTTAYCA	10.868773	-10.701158	0	T:34.0(0.73%),B:144.7(0.33%),P:1e-4	Tpos:230.6,Tstd:179.5,Bpos:291.8,Bstd:139.5,StrandBias:-0.4,Multiplicity:1.00
0.060	0.043	0.896	0.001
0.001	0.001	0.059	0.939
0.001	0.001	0.997	0.001
0.939	0.001	0.059	0.001
0.181	0.060	0.104	0.655
0.181	0.001	0.698	0.120
0.060	0.120	0.001	0.819
0.104	0.188	0.001	0.707
0.955	0.001	0.043	0.001
0.060	0.389	0.181	0.369
0.001	0.997	0.001	0.001
0.997	0.001	0.001	0.001
>CTGGGTATGACT	25-CTGGGTATGACT	12.355432	-9.561532	0	T:4.0(0.09%),B:3.0(0.01%),P:1e-4	Tpos:118.9,Tstd:94.1,Bpos:397.1,Bstd:25.7,StrandBias:4.0,Multiplicity:4.25
0.100	0.700	0.100	0.100
0.100	0.100	0.100	0.700
0.100	0.100	0.700	0.100
0.100	0.100	0.700	0.100
0.100	0.100	0.700	0.100
0.100	0.100	0.100	0.700
0.700	0.100	0.100	0.100
0.100	0.100	0.100	0.700
0.100	0.100	0.700	0.100
0.700	0.100	0.100	0.100
0.100	0.700	0.100	0.100
0.100	0.100	0.100	0.700
>CATCAAAG	1-CATCAAAG	7.326412	-749.418097	0	T:1505.0(32.17%),B:4900.2(11.08%),P:1e-325	Tpos:271.8,Tstd:189.0,Bpos:244.5,Bstd:153.2,StrandBias:0.0,Multiplicity:1.22
0.025	0.734	0.224	0.017
0.740	0.001	0.003	0.256
0.022	0.001	0.001	0.976
0.016	0.911	0.072	0.001
0.997	0.001	0.001	0.001
0.980	0.001	0.018	0.001
0.983	0.001	0.015	0.001
0.031	0.050	0.918	0.001
>ACATCAAA	2-ACATCAAA	7.886887	-576.409129	0	T:1315.0(28.11%),B:4573.3(10.34%),P:1e-250	Tpos:272.7,Tstd:201.3,Bpos:244.8,Bstd:153.4,StrandBias:0.2,Multiplicity:1.10
0.997	0.001	0.001	0.001
0.075	0.701	0.210	0.014
0.847	0.023	0.022	0.108
0.029	0.001	0.001	0.969
0.035	0.915	0.001	0.049
0.966	0.001	0.001	0.032
0.822	0.047	0.130	0.001
0.911	0.001	0.041	0.047
>CTTTGATS	3-CTTTGATS	6.199917	-563.764437	0	T:2190.0(46.81%),B:10733.9(24.27%),P:1e-244	Tpos:271.6,Tstd:190.7,Bpos:245.2,Bstd:152.5,StrandBias:-0.0,Multiplicity:1.20
0.001	0.707	0.070	0.222
0.001	0.228	0.104	0.667
0.096	0.069	0.001	0.834
0.105	0.121	0.001	0.773
0.084	0.032	0.749	0.135
0.762	0.001	0.001	0.236
0.214	0.001	0.182	0.603
0.002	0.529	0.468	0.001
>ATGAGTCA	4-ATGAGTCA	6.555349	-450.133390	0	T:1039.0(22.21%),B:3559.1(8.05%),P:1e-195	Tpos:265.7,Tstd:172.0,Bpos:247.0,Bstd:150.0,StrandBias:-0.0,Multiplicity:1.18
0.702	0.111	0.129	0.058
0.001	0.001	0.001	0.997
0.001	0.001	0.975	0.023
0.993	0.005	0.001	0.001
0.009	0.299	0.691	0.001
0.001	0.001	0.001	0.997
0.021	0.977	0.001	0.001
0.997	0.001	0.001	0.001
>ASWGGAAA	5-ASWGGAAA	6.261811	-336.185187	0	T:2430.0(51.95%),B:14856.0(33.59%),P:1e-146	Tpos:282.4,Tstd:204.8,Bpos:245.2,Bstd:149.7,StrandBias:-0.0,Multiplicity:1.47
0.852	0.023	0.050	0.075
0.182	0.429	0.316	0.073
0.448	0.138	0.112	0.302
0.001	0.053	0.619	0.327
0.184	0.124	0.603	0.089
0.891	0.058	0.006	0.045
0.856	0.059	0.054	0.031
0.557	0.047	0.303	0.093
>AAACCACA	6-AAACCACA	6.004941	-326.718141	0	T:741.0(15.84%),B:2455.8(5.55%),P:1e-141	Tpos:279.2,Tstd:186.7,Bpos:245.2,Bstd:154.4,StrandBias:-0.1,Multiplicity:1.10
0.793	0.001	0.001	0.205
0.997	0.001	0.001	0.001
0.997	0.001	0.001	0.001
0.001	0.997	0.001	0.001
0.001	0.997	0.001	0.001
0.901	0.001	0.097	0.001
0.001	0.997	0.001	0.001
0.964	0.001	0.034	0.001
>GTGAGTCA	7-GTGAGTCA	5.768575	-298.044847	0	T:1829.0(39.10%),B:10257.7(23.19%),P:1e-129	Tpos:284.8,Tstd:205.3,Bpos:243.7,Bstd:149.6,StrandBias:0.0,Multiplicity:1.18
0.252	0.188	0.424	0.136
0.001	0.148	0.001	0.850
0.015	0.021	0.618	0.346
0.660	0.289	0.050	0.001
0.118	0.268	0.464	0.150
0.015	0.001	0.053	0.931
0.374	0.620	0.005	0.001
0.803	0.036	0.160	0.001
>CRTTTCCT	8-CRTTTCCT	6.998656	-244.001941	0	T:1399.0(29.91%),B:7476.3(16.90%),P:1e-105	Tpos:293.2,Tstd:232.4,Bpos:243.7,Bstd:149.4,StrandBias:0.2,Multiplicity:1.12
0.001	0.572	0.074	0.353
0.489	0.086	0.392	0.033
0.001	0.225	0.032	0.742
0.121	0.001	0.001	0.877
0.001	0.037	0.017	0.945
0.026	0.865	0.108	0.001
0.117	0.754	0.128	0.001
0.044	0.119	0.041	0.796
>TGWTGTGG	9-TGWTGTGG	7.502435	-211.556062	0	T:873.0(18.66%),B:3994.4(9.03%),P:1e-91	Tpos:273.7,Tstd:191.2,Bpos:244.6,Bstd:148.1,StrandBias:0.1,Multiplicity:1.07
0.092	0.001	0.001	0.906
0.001	0.345	0.653	0.001
0.562	0.001	0.001	0.436
0.001	0.063	0.001	0.935
0.001	0.001	0.997	0.001
0.001	0.114	0.001	0.884
0.001	0.001	0.997	0.001
0.001	0.001	0.997	0.001
>CTTCCTGC	10-CTTCCTGC	7.625322	-210.638198	0	T:1109.0(23.71%),B:5658.3(12.79%),P:1e-91	Tpos:274.9,Tstd:196.8,Bpos:243.3,Bstd:144.5,StrandBias:-0.2,Multiplicity:1.11
0.018	0.915	0.065	0.002
0.306	0.141	0.082	0.471
0.015	0.001	0.104	0.880
0.021	0.699	0.108	0.172
0.043	0.852	0.084	0.021
0.044	0.099	0.082	0.775
0.141	0.049	0.779	0.031
0.001	0.645	0.001	0.353
>GTRGGYGG	11-GTRGGYGG	5.757474	-188.506982	0	T:1426.0(30.48%),B:8305.8(18.78%),P:1e-81	Tpos:295.3,Tstd:216.2,Bpos:243.2,Bstd:154.0,StrandBias:-0.0,Multiplicity:1.25
0.074	0.173	0.618	0.135
0.078	0.090	0.168	0.664
0.512	0.033	0.445	0.010
0.001	0.160	0.799	0.040
0.041	0.040	0.720	0.199
0.177	0.470	0.001	0.352
0.106	0.050	0.688	0.156
0.077	0.016	0.562	0.345
>SATKAAAG	12-SATKAAAG	5.547335	-148.984330	0	T:1116.0(23.86%),B:6381.8(14.43%),P:1e-64	Tpos:290.4,Tstd:213.1,Bpos:242.3,Bstd:151.6,StrandBias:0.1,Multiplicity:1.10
0.001	0.527	0.471	0.001
0.949	0.001	0.001	0.049
0.001	0.001	0.001	0.997
0.001	0.001	0.444	0.554
0.982	0.001	0.016	0.001
0.997	0.001	0.001	0.001
0.997	0.001	0.001	0.001
0.001	0.001	0.997	0.001
>ATTTGCAT	13-ATTTGCAT	8.236954	-141.749732	0	T:297.0(6.35%),B:910.2(2.06%),P:1e-61	Tpos:262.9,Tstd:173.6,Bpos:243.3,Bstd:145.8,StrandBias:0.1,Multiplicity:1.06
0.700	0.100	0.100	0.100
0.100	0.100	0.100	0.700
0.100	0.100	0.100	0.700
0.100	0.100	0.100	0.700
0.100	0.100	0.700	0.100
0.100	0.700	0.100	0.100
0.700	0.100	0.100	0.100
0.100	0.100	0.100	0.700
>WACGGAAA	14-WACGGAAA	6.347154	-128.731334	0	T:804.0(17.19%),B:4283.8(9.68%),P:1e-55	Tpos:293.8,Tstd:209.4,Bpos:243.3,Bstd:147.9,StrandBias:0.1,Multiplicity:1.10
0.384	0.181	0.126	0.310
0.509	0.001	0.317	0.173
0.001	0.528	0.157	0.314
0.170	0.180	0.649	0.001
0.001	0.143	0.855	0.001
0.762	0.001	0.001	0.236
0.752	0.001	0.246	0.001
0.809	0.053	0.137	0.001
>GGGGGAGG	15-GGGGGAGG	5.784949	-120.109577	0	T:1322.0(28.26%),B:8416.6(19.03%),P:1e-52	Tpos:296.8,Tstd:222.0,Bpos:244.1,Bstd:143.0,StrandBias:-0.0,Multiplicity:1.44
0.001	0.001	0.997	0.001
0.218	0.001	0.766	0.015
0.001	0.001	0.997	0.001
0.001	0.001	0.997	0.001
0.001	0.001	0.997	0.001
0.661	0.001	0.001	0.337
0.001	0.001	0.997	0.001
0.001	0.001	0.997	0.001
>TBTGACKT	16-TBTGACKT	3.994967	-107.479531	0	T:2288.0(48.91%),B:17035.3(38.51%),P:1e-46	Tpos:282.3,Tstd:211.4,Bpos:244.0,Bstd:153.6,StrandBias:0.0,Multiplicity:1.41
0.217	0.165	0.232	0.386
0.145	0.234	0.372	0.249
0.193	0.001	0.001	0.805
0.123	0.270	0.425	0.181
0.456	0.171	0.227	0.146
0.085	0.472	0.275	0.168
0.146	0.125	0.417	0.313
0.185	0.131	0.095	0.589
>TTTCCACR	17-TTTCCACR	3.899303	-101.353774	0	T:730.0(15.60%),B:4056.1(9.17%),P:1e-44	Tpos:282.2,Tstd:203.8,Bpos:243.8,Bstd:146.6,StrandBias:0.1,Multiplicity:1.05
0.001	0.001	0.001	0.997
0.001	0.001	0.001	0.997
0.231	0.001	0.001	0.767
0.001	0.997	0.001	0.001
0.001	0.997	0.001	0.001
0.997	0.001	0.001	0.001
0.001	0.997	0.001	0.001
0.556	0.001	0.442	0.001
>TTTCAAAG	18-TTTCAAAG	6.838263	-86.068460	0	T:1146.0(24.50%),B:7547.9(17.06%),P:1e-37	Tpos:283.0,Tstd:206.3,Bpos:246.1,Bstd:151.4,StrandBias:0.1,Multiplicity:1.17
0.083	0.001	0.001	0.915
0.252	0.001	0.001	0.746
0.079	0.001	0.001	0.919
0.001	0.882	0.116	0.001
0.997	0.001	0.001	0.001
0.997	0.001	0.001	0.001
0.997	0.001	0.001	0.001
0.001	0.104	0.894	0.001
>TACGCAAA	19-TACGCAAA	6.929401	-81.225819	0	T:780.0(16.67%),B:4705.6(10.64%),P:1e-35	Tpos:274.3,Tstd:184.6,Bpos:247.9,Bstd:154.9,StrandBias:-0.1,Multiplicity:1.08
0.001	0.001	0.116	0.882
0.684	0.062	0.253	0.001
0.253	0.601	0.001	0.145
0.001	0.001	0.785	0.213
0.001	0.924	0.001	0.074
0.883	0.001	0.115	0.001
0.997	0.001	0.001	0.001
0.743	0.116	0.060	0.081
>TTCWGAAG	20-TTCWGAAG	7.162842	-65.037381	0	T:1351.0(28.88%),B:9697.6(21.92%),P:1e-28	Tpos:288.8,Tstd:204.4,Bpos:246.8,Bstd:150.7,StrandBias:-0.0,Multiplicity:1.20
0.003	0.250	0.001	0.746
0.001	0.052	0.001	0.946
0.001	0.663	0.001	0.335
0.501	0.019	0.001	0.479
0.309	0.001	0.621	0.069
0.793	0.008	0.001	0.198
0.775	0.129	0.095	0.001
0.001	0.265	0.687	0.047
>GCTGKTTT	21-GCTGKTTT	6.415506	-63.723472	0	T:1413.0(30.21%),B:10262.1(23.20%),P:1e-27	Tpos:292.7,Tstd:219.6,Bpos:245.2,Bstd:155.2,StrandBias:-0.0,Multiplicity:1.22
0.001	0.001	0.997	0.001
0.001	0.997	0.001	0.001
0.001	0.001	0.124	0.874
0.001	0.001	0.997	0.001
0.001	0.149	0.407	0.443
0.001	0.001	0.031	0.967
0.001	0.001	0.113	0.885
0.001	0.001	0.112	0.886
>ATGACTGT	22-ATGACTGT	3.629898	-52.368231	0	T:996.0(21.29%),B:6977.2(15.77%),P:1e-22	Tpos:278.0,Tstd:205.9,Bpos:245.1,Bstd:153.8,StrandBias:0.1,Multiplicity:1.15
0.600	0.001	0.398	0.001
0.001	0.001	0.001	0.997
0.001	0.001	0.997	0.001
0.997	0.001	0.001	0.001
0.001	0.997	0.001	0.001
0.001	0.001	0.117	0.881
0.001	0.001	0.997	0.001
0.184	0.152	0.001	0.663
>AGGGGAAA	23-AGGGGAAA	7.957224	-47.331667	0	T:899.0(19.22%),B:6281.6(14.20%),P:1e-20	Tpos:299.3,Tstd:233.0,Bpos:244.6,Bstd:145.4,StrandBias:0.0,Multiplicity:1.12
0.726	0.001	0.097	0.176
0.001	0.001	0.997	0.001
0.001	0.001	0.997	0.001
0.001	0.028	0.970	0.001
0.001	0.001	0.997	0.001
0.858	0.001	0.140	0.001
0.997	0.001	0.001	0.001
0.778	0.073	0.148	0.001
>GCTTAGCG	24-GCTTAGCG	6.075065	-22.785285	0	T:354.0(7.57%),B:2369.7(5.36%),P:1e-9	Tpos:291.1,Tstd:191.1,Bpos:242.9,Bstd:152.9,StrandBias:0.2,Multiplicity:1.07
0.001	0.001	0.997	0.001
0.001	0.997	0.001	0.001
0.001	0.001	0.001	0.997
0.321	0.001	0.001	0.677
0.973	0.001	0.001	0.025
0.001	0.001	0.997	0.001
0.001	0.997	0.001	0.001
0.398	0.001	0.600	0.001
