Factor1: 1.552887458723089
Factor2: 0.6439616692005999
