>GGAAGGCGCCTG	GGAAGGCGCCTG	6.517702	-4.432116	0	T:343.0(47.71%),B:19108.6(43.45%),P:1e-1
0.100	0.100	0.700	0.100
0.100	0.100	0.700	0.100
0.700	0.100	0.100	0.100
0.700	0.100	0.100	0.100
0.100	0.100	0.700	0.100
0.100	0.100	0.700	0.100
0.100	0.700	0.100	0.100
0.100	0.100	0.700	0.100
0.100	0.700	0.100	0.100
0.100	0.700	0.100	0.100
0.100	0.100	0.100	0.700
0.100	0.100	0.700	0.100
>VGGCGCSKGCGC	VGGCGCSKGCGC	10.403216	-17.924219	0	T:51.0(7.09%),B:1299.8(2.96%),P:1e-7
0.395	0.285	0.284	0.036
0.001	0.117	0.668	0.214
0.099	0.001	0.899	0.001
0.306	0.584	0.109	0.001
0.026	0.001	0.787	0.186
0.001	0.997	0.001	0.001
0.098	0.505	0.396	0.001
0.001	0.001	0.505	0.493
0.001	0.001	0.997	0.001
0.001	0.997	0.001	0.001
0.310	0.001	0.688	0.001
0.001	0.997	0.001	0.001
>GGGGCGGRGCTW	GGGGCGGRGCTW	7.631560	-65.335128	0	T:214.0(29.76%),B:6010.3(13.67%),P:1e-28
0.234	0.001	0.518	0.247
0.170	0.001	0.828	0.001
0.001	0.001	0.997	0.001
0.001	0.001	0.997	0.001
0.042	0.781	0.001	0.176
0.001	0.001	0.997	0.001
0.001	0.001	0.957	0.041
0.473	0.001	0.525	0.001
0.001	0.001	0.997	0.001
0.001	0.822	0.001	0.176
0.007	0.372	0.024	0.597
0.292	0.115	0.175	0.418
>NDRTGACGTSAT	NDRTGACGTSAT	6.750813	-54.114888	0	T:113.0(15.72%),B:2359.7(5.37%),P:1e-23
0.284	0.264	0.198	0.254
0.310	0.154	0.329	0.207
0.344	0.090	0.368	0.199
0.199	0.001	0.001	0.799
0.149	0.213	0.623	0.015
0.813	0.001	0.001	0.185
0.001	0.997	0.001	0.001
0.001	0.001	0.997	0.001
0.001	0.092	0.001	0.906
0.186	0.347	0.406	0.062
0.546	0.176	0.001	0.277
0.194	0.266	0.075	0.465
>DKGGGAATTCCC	DKGGGAATTCCC	6.882123	-45.256088	0	T:106.0(14.74%),B:2383.2(5.42%),P:1e-19
0.248	0.166	0.338	0.248
0.148	0.153	0.408	0.291
0.186	0.043	0.645	0.126
0.080	0.001	0.861	0.058
0.301	0.047	0.550	0.102
0.551	0.073	0.303	0.073
0.422	0.200	0.146	0.232
0.228	0.078	0.146	0.548
0.105	0.191	0.110	0.594
0.064	0.550	0.001	0.385
0.002	0.880	0.001	0.117
0.164	0.666	0.005	0.165
>GACTCGGAGGAT	GACTCGGAGGAT	14.768951	-8.932703	0	T:2.0(0.28%),B:1.4(0.00%),P:1e-3
0.001	0.001	0.997	0.001
0.997	0.001	0.001	0.001
0.001	0.997	0.001	0.001
0.001	0.001	0.001	0.997
0.001	0.997	0.001	0.001
0.001	0.001	0.997	0.001
0.001	0.001	0.997	0.001
0.997	0.001	0.001	0.001
0.001	0.044	0.954	0.001
0.126	0.001	0.872	0.001
0.807	0.191	0.001	0.001
0.001	0.001	0.001	0.997
>CGTTGCCATGGC	CGTTGCCATGGC	9.577351	-26.581364	0	T:40.0(5.56%),B:653.6(1.49%),P:1e-11
0.094	0.615	0.183	0.108
0.045	0.130	0.824	0.001
0.079	0.084	0.054	0.783
0.061	0.074	0.127	0.738
0.040	0.001	0.878	0.081
0.073	0.925	0.001	0.001
0.001	0.997	0.001	0.001
0.810	0.036	0.001	0.153
0.199	0.001	0.045	0.755
0.045	0.001	0.900	0.054
0.001	0.001	0.997	0.001
0.075	0.781	0.088	0.056
>CGAYTCGGAGRC	CGAYTCGGAGRC	9.393862	-4.689170	0	T:16.0(2.23%),B:498.7(1.13%),P:1e-2
0.004	0.994	0.001	0.001
0.019	0.006	0.974	0.001
0.611	0.191	0.197	0.001
0.191	0.420	0.001	0.388
0.001	0.006	0.006	0.987
0.006	0.798	0.191	0.005
0.006	0.001	0.796	0.197
0.001	0.001	0.997	0.001
0.808	0.001	0.190	0.001
0.001	0.382	0.616	0.001
0.426	0.001	0.572	0.001
0.191	0.612	0.191	0.006
>TGTGTGTKTGTG	TGTGTGTKTGTG	8.243655	-12.529805	0	T:84.0(11.68%),B:3075.0(6.99%),P:1e-5
0.158	0.088	0.104	0.650
0.115	0.058	0.718	0.109
0.261	0.001	0.001	0.737
0.020	0.136	0.808	0.036
0.205	0.075	0.060	0.660
0.145	0.051	0.549	0.255
0.040	0.057	0.001	0.902
0.020	0.157	0.413	0.409
0.013	0.028	0.001	0.958
0.101	0.195	0.606	0.098
0.169	0.020	0.006	0.805
0.015	0.087	0.827	0.071
>TTTTTTTTTTTT	TTTTTTTTTTTT	10.064147	-8.874085	0	T:50.0(6.95%),B:1755.5(3.99%),P:1e-3
0.094	0.081	0.284	0.541
0.005	0.222	0.171	0.602
0.058	0.002	0.097	0.843
0.001	0.004	0.005	0.990
0.001	0.004	0.194	0.801
0.010	0.003	0.147	0.840
0.050	0.004	0.239	0.707
0.108	0.036	0.179	0.677
0.001	0.070	0.051	0.878
0.001	0.129	0.155	0.715
0.056	0.118	0.058	0.768
0.205	0.037	0.026	0.732
>CCCCTCGCCCCA	CCCCTCGCCCCA	10.330464	-15.412842	0	T:27.0(3.76%),B:513.8(1.17%),P:1e-6
0.001	0.997	0.001	0.001
0.001	0.811	0.141	0.047
0.185	0.602	0.001	0.212
0.001	0.596	0.402	0.001
0.394	0.056	0.001	0.549
0.001	0.970	0.028	0.001
0.001	0.001	0.997	0.001
0.001	0.871	0.001	0.127
0.001	0.852	0.146	0.001
0.001	0.755	0.243	0.001
0.283	0.575	0.141	0.001
0.702	0.001	0.296	0.001
>GCACTTCCKGTT	GCACTTCCKGTT	7.746098	-32.400763	0	T:98.0(13.63%),B:2555.6(5.81%),P:1e-14
0.019	0.019	0.788	0.174
0.046	0.820	0.001	0.133
0.690	0.082	0.037	0.191
0.045	0.874	0.053	0.028
0.022	0.060	0.001	0.917
0.023	0.203	0.102	0.672
0.001	0.766	0.068	0.165
0.082	0.698	0.001	0.219
0.107	0.160	0.419	0.315
0.125	0.078	0.620	0.177
0.001	0.084	0.114	0.801
0.064	0.036	0.094	0.806
>CCACTAGAGGGC	CCACTAGAGGGC	10.032497	-34.320520	0	T:38.0(5.29%),B:459.6(1.04%),P:1e-14
0.182	0.816	0.001	0.001
0.001	0.997	0.001	0.001
0.823	0.001	0.088	0.088
0.080	0.687	0.232	0.001
0.001	0.128	0.001	0.870
0.771	0.001	0.163	0.065
0.001	0.001	0.997	0.001
0.571	0.001	0.334	0.094
0.088	0.001	0.652	0.259
0.001	0.001	0.997	0.001
0.001	0.088	0.910	0.001
0.001	0.910	0.001	0.088
>GCGCGCGCGCCA	GCGCGCGCGCCA	13.081076	-15.728928	0	T:14.0(1.95%),B:141.5(0.32%),P:1e-6
0.001	0.326	0.672	0.001
0.006	0.911	0.082	0.001
0.001	0.001	0.850	0.148
0.001	0.997	0.001	0.001
0.001	0.001	0.997	0.001
0.116	0.882	0.001	0.001
0.124	0.001	0.874	0.001
0.001	0.933	0.065	0.001
0.004	0.206	0.789	0.001
0.001	0.743	0.255	0.001
0.001	0.886	0.112	0.001
0.572	0.176	0.148	0.104
>ACTGACAGWAAC	ACTGACAGWAAC	8.333194	-17.947229	0	T:62.0(8.62%),B:1741.9(3.96%),P:1e-7
0.746	0.001	0.087	0.166
0.142	0.731	0.001	0.126
0.286	0.001	0.001	0.712
0.094	0.048	0.857	0.001
0.763	0.001	0.001	0.235
0.220	0.753	0.026	0.001
0.997	0.001	0.001	0.001
0.001	0.095	0.903	0.001
0.335	0.022	0.184	0.459
0.718	0.082	0.199	0.001
0.750	0.163	0.086	0.001
0.047	0.656	0.178	0.119
