Factor1: 0.9754346788942403
Factor2: 1.0251839735015458
