Factor1: 1.442688586598954
Factor2: 0.6931502815569074
