>DMTGASTCAKHN	1-DMTGASTCAKHN	7.442882	-1601.653255	0	T:2175.0(30.84%),B:3262.4(7.76%),P:1e-695	Tpos:278.3,Tstd:197.4,Bpos:243.2,Bstd:147.0,StrandBias:-0.0,Multiplicity:1.22
0.264	0.138	0.319	0.278
0.405	0.264	0.250	0.081
0.001	0.001	0.001	0.997
0.001	0.014	0.769	0.216
0.992	0.001	0.001	0.006
0.082	0.437	0.403	0.078
0.044	0.001	0.001	0.954
0.252	0.674	0.059	0.015
0.997	0.001	0.001	0.001
0.118	0.220	0.271	0.391
0.310	0.309	0.110	0.270
0.273	0.257	0.190	0.280
>ACAGGAAGTGDN	2-ACAGGAAGTGDN	8.417438	-391.572626	0	T:1547.0(21.93%),B:4413.9(10.49%),P:1e-170	Tpos:285.7,Tstd:217.9,Bpos:241.2,Bstd:140.7,StrandBias:-0.0,Multiplicity:1.17
0.519	0.130	0.277	0.074
0.172	0.575	0.252	0.001
0.997	0.001	0.001	0.001
0.001	0.001	0.997	0.001
0.001	0.009	0.989	0.001
0.997	0.001	0.001	0.001
0.594	0.001	0.087	0.318
0.349	0.001	0.649	0.001
0.048	0.001	0.143	0.808
0.257	0.124	0.454	0.166
0.302	0.161	0.331	0.205
0.188	0.246	0.289	0.277
>NNNDTTTSCATN	3-NNNDTTTSCATN	8.570083	-382.294028	0	T:1369.0(19.41%),B:3708.5(8.82%),P:1e-166	Tpos:289.8,Tstd:223.2,Bpos:239.0,Bstd:141.1,StrandBias:0.0,Multiplicity:1.17
0.278	0.251	0.228	0.243
0.280	0.207	0.239	0.274
0.290	0.203	0.204	0.304
0.344	0.182	0.240	0.234
0.001	0.001	0.001	0.997
0.001	0.001	0.001	0.997
0.001	0.001	0.001	0.997
0.196	0.397	0.406	0.001
0.001	0.997	0.001	0.001
0.997	0.001	0.001	0.001
0.001	0.001	0.054	0.944
0.336	0.193	0.235	0.237
>NNYYTGTGGTTT	4-NNYYTGTGGTTT	7.674888	-325.922311	0	T:1505.0(21.34%),B:4571.2(10.87%),P:1e-141	Tpos:295.8,Tstd:224.5,Bpos:244.4,Bstd:147.3,StrandBias:0.0,Multiplicity:1.17
0.284	0.164	0.285	0.267
0.210	0.257	0.295	0.238
0.176	0.264	0.179	0.380
0.184	0.305	0.160	0.351
0.131	0.001	0.179	0.689
0.001	0.001	0.806	0.192
0.001	0.001	0.128	0.870
0.001	0.001	0.899	0.099
0.001	0.001	0.990	0.008
0.001	0.206	0.159	0.634
0.068	0.094	0.001	0.837
0.212	0.036	0.238	0.514
>AAAGTGAAASTV	5-AAAGTGAAASTV	9.037235	-259.216279	0	T:963.0(13.65%),B:2610.8(6.21%),P:1e-112	Tpos:300.1,Tstd:257.5,Bpos:240.7,Bstd:148.7,StrandBias:0.1,Multiplicity:1.15
0.845	0.001	0.153	0.001
0.719	0.017	0.118	0.146
0.935	0.001	0.001	0.063
0.264	0.274	0.429	0.032
0.249	0.065	0.090	0.596
0.032	0.045	0.922	0.001
0.997	0.001	0.001	0.001
0.997	0.001	0.001	0.001
0.997	0.001	0.001	0.001
0.068	0.485	0.446	0.001
0.181	0.254	0.113	0.452
0.349	0.209	0.261	0.182
>GGGRAWTCCCCT	6-GGGRAWTCCCCT	9.404415	-253.701078	0	T:323.0(4.58%),B:410.8(0.98%),P:1e-110	Tpos:280.8,Tstd:211.8,Bpos:244.9,Bstd:138.2,StrandBias:-0.1,Multiplicity:1.03
0.081	0.001	0.821	0.097
0.060	0.001	0.938	0.001
0.091	0.001	0.901	0.007
0.569	0.001	0.419	0.011
0.698	0.127	0.069	0.106
0.480	0.037	0.097	0.386
0.116	0.193	0.130	0.561
0.058	0.621	0.001	0.320
0.098	0.900	0.001	0.001
0.001	0.975	0.001	0.023
0.135	0.778	0.001	0.086
0.260	0.231	0.052	0.457
>HANWNTTTCCAC	7-HANWNTTTCCAC	8.927439	-196.119576	0	T:643.0(9.12%),B:1622.1(3.86%),P:1e-85	Tpos:288.6,Tstd:223.7,Bpos:246.0,Bstd:143.3,StrandBias:0.1,Multiplicity:1.07
0.275	0.356	0.158	0.211
0.493	0.058	0.198	0.251
0.203	0.192	0.312	0.293
0.493	0.085	0.040	0.383
0.172	0.271	0.253	0.303
0.001	0.001	0.001	0.997
0.001	0.079	0.001	0.919
0.038	0.001	0.128	0.833
0.001	0.997	0.001	0.001
0.001	0.997	0.001	0.001
0.905	0.001	0.001	0.093
0.124	0.658	0.217	0.001
>WGKGGGHGGGGC	8-WGKGGGHGGGGC	7.296720	-187.029118	0	T:2237.0(31.72%),B:9192.9(21.86%),P:1e-81	Tpos:293.9,Tstd:227.9,Bpos:243.4,Bstd:143.0,StrandBias:-0.0,Multiplicity:1.45
0.348	0.066	0.141	0.444
0.206	0.038	0.716	0.040
0.227	0.013	0.369	0.392
0.187	0.018	0.781	0.014
0.041	0.021	0.917	0.021
0.023	0.019	0.934	0.024
0.244	0.369	0.015	0.372
0.026	0.027	0.838	0.109
0.045	0.019	0.670	0.266
0.274	0.022	0.542	0.162
0.064	0.018	0.873	0.045
0.233	0.541	0.036	0.190
>RCCACATCAAAS	9-RCCACATCAAAS	8.606932	-185.457963	0	T:708.0(10.04%),B:1926.2(4.58%),P:1e-80	Tpos:284.3,Tstd:203.7,Bpos:241.4,Bstd:146.3,StrandBias:0.1,Multiplicity:1.05
0.438	0.249	0.306	0.007
0.172	0.674	0.113	0.041
0.105	0.893	0.001	0.001
0.972	0.011	0.001	0.016
0.001	0.903	0.095	0.001
0.817	0.017	0.001	0.165
0.128	0.093	0.130	0.649
0.080	0.709	0.189	0.022
0.838	0.001	0.001	0.160
0.710	0.115	0.169	0.006
0.823	0.001	0.148	0.028
0.228	0.315	0.456	0.001
>AVAGGAAACWRT	10-AVAGGAAACWRT	9.205235	-150.233371	0	T:727.0(10.31%),B:2189.1(5.20%),P:1e-65	Tpos:282.1,Tstd:212.0,Bpos:239.4,Bstd:146.8,StrandBias:0.1,Multiplicity:1.06
0.819	0.001	0.179	0.001
0.246	0.363	0.274	0.118
0.997	0.001	0.001	0.001
0.001	0.001	0.997	0.001
0.001	0.001	0.997	0.001
0.997	0.001	0.001	0.001
0.997	0.001	0.001	0.001
0.860	0.001	0.138	0.001
0.001	0.997	0.001	0.001
0.413	0.173	0.132	0.282
0.366	0.193	0.362	0.080
0.235	0.225	0.115	0.426
>TTTCGAAATGAC	11-TTTCGAAATGAC	9.345886	-87.275569	0	T:248.0(3.52%),B:576.9(1.37%),P:1e-37	Tpos:316.9,Tstd:213.6,Bpos:246.5,Bstd:143.4,StrandBias:0.0,Multiplicity:1.01
0.050	0.050	0.019	0.881
0.001	0.064	0.136	0.799
0.056	0.050	0.069	0.825
0.102	0.595	0.181	0.122
0.226	0.064	0.490	0.220
0.756	0.019	0.169	0.056
0.793	0.038	0.132	0.037
0.950	0.001	0.031	0.018
0.001	0.001	0.001	0.997
0.019	0.019	0.901	0.061
0.935	0.001	0.001	0.063
0.042	0.849	0.021	0.088
>GGGGTTTTCCCC	12-GGGGTTTTCCCC	9.735599	-85.727476	0	T:181.0(2.57%),B:350.1(0.83%),P:1e-37	Tpos:312.6,Tstd:220.8,Bpos:241.9,Bstd:139.1,StrandBias:-0.2,Multiplicity:1.00
0.111	0.026	0.769	0.094
0.053	0.055	0.821	0.071
0.054	0.045	0.822	0.079
0.031	0.075	0.788	0.106
0.030	0.091	0.028	0.851
0.009	0.030	0.037	0.924
0.035	0.073	0.047	0.845
0.009	0.085	0.096	0.810
0.018	0.858	0.044	0.080
0.061	0.877	0.001	0.061
0.123	0.802	0.001	0.074
0.059	0.837	0.054	0.050
>GDAGATCAAAGG	13-GDAGATCAAAGG	10.077232	-74.881894	0	T:207.0(2.93%),B:474.4(1.13%),P:1e-32	Tpos:249.9,Tstd:176.4,Bpos:243.8,Bstd:141.4,StrandBias:-0.2,Multiplicity:1.01
0.321	0.051	0.540	0.088
0.318	0.166	0.281	0.235
0.896	0.067	0.036	0.001
0.017	0.001	0.915	0.067
0.997	0.001	0.001	0.001
0.044	0.121	0.001	0.834
0.069	0.773	0.157	0.001
0.914	0.001	0.001	0.084
0.982	0.001	0.016	0.001
0.997	0.001	0.001	0.001
0.208	0.001	0.790	0.001
0.248	0.048	0.568	0.136
>ACATCCGCCCAC	14-ACATCCGCCCAC	8.774574	-53.019152	0	T:369.0(5.23%),B:1259.2(2.99%),P:1e-23	Tpos:288.4,Tstd:224.3,Bpos:242.6,Bstd:143.3,StrandBias:-0.1,Multiplicity:1.02
0.760	0.154	0.038	0.048
0.104	0.764	0.046	0.086
0.828	0.093	0.001	0.078
0.056	0.174	0.100	0.670
0.037	0.907	0.001	0.055
0.095	0.731	0.001	0.173
0.259	0.067	0.606	0.068
0.018	0.820	0.161	0.001
0.001	0.890	0.056	0.053
0.001	0.981	0.017	0.001
0.943	0.001	0.031	0.025
0.018	0.890	0.074	0.018
>ACGTCATCAAAG	15-ACGTCATCAAAG	7.067774	-47.633988	0	T:297.0(4.21%),B:978.5(2.33%),P:1e-20	Tpos:287.8,Tstd:199.5,Bpos:243.4,Bstd:141.2,StrandBias:0.0,Multiplicity:1.02
0.662	0.023	0.153	0.162
0.209	0.404	0.209	0.178
0.223	0.178	0.403	0.196
0.180	0.146	0.084	0.590
0.117	0.597	0.180	0.106
0.651	0.131	0.008	0.210
0.138	0.158	0.211	0.493
0.147	0.539	0.128	0.186
0.767	0.150	0.066	0.017
0.594	0.195	0.196	0.015
0.588	0.084	0.138	0.190
0.158	0.144	0.524	0.174
>GTGGGCGGGGCT	16-GTGGGCGGGGCT	9.642265	-47.232919	0	T:243.0(3.45%),B:747.6(1.78%),P:1e-20	Tpos:280.1,Tstd:212.1,Bpos:246.5,Bstd:153.4,StrandBias:-0.1,Multiplicity:1.03
0.029	0.127	0.743	0.101
0.014	0.172	0.037	0.777
0.029	0.043	0.768	0.160
0.018	0.017	0.894	0.071
0.029	0.046	0.867	0.058
0.044	0.819	0.102	0.035
0.120	0.055	0.785	0.040
0.024	0.057	0.899	0.020
0.047	0.018	0.905	0.030
0.034	0.086	0.874	0.006
0.044	0.882	0.022	0.052
0.048	0.089	0.024	0.839
>AAAAAAAAAACC	17-AAAAAAAAAACC	8.993849	-40.342138	0	T:943.0(13.37%),B:4260.9(10.13%),P:1e-17	Tpos:318.4,Tstd:246.3,Bpos:246.0,Bstd:154.9,StrandBias:0.1,Multiplicity:1.15
0.812	0.072	0.043	0.073
0.881	0.034	0.043	0.042
0.807	0.059	0.058	0.076
0.861	0.042	0.035	0.062
0.855	0.043	0.059	0.043
0.866	0.040	0.046	0.048
0.870	0.059	0.025	0.046
0.833	0.067	0.054	0.046
0.865	0.047	0.053	0.035
0.828	0.067	0.046	0.059
0.128	0.763	0.042	0.067
0.106	0.763	0.062	0.069
>TGCCATGGCAAC	18-TGCCATGGCAAC	9.420652	-35.492456	0	T:69.0(0.98%),B:129.2(0.31%),P:1e-15	Tpos:225.4,Tstd:224.6,Bpos:249.4,Bstd:139.5,StrandBias:0.0,Multiplicity:1.02
0.057	0.292	0.029	0.622
0.245	0.035	0.465	0.255
0.263	0.660	0.025	0.052
0.052	0.845	0.035	0.068
0.780	0.055	0.115	0.050
0.054	0.239	0.043	0.664
0.115	0.035	0.621	0.229
0.257	0.028	0.528	0.187
0.340	0.522	0.048	0.090
0.510	0.140	0.328	0.022
0.666	0.061	0.045	0.228
0.031	0.646	0.222	0.101
>GTCTGTGGTCAC	19-GTCTGTGGTCAC	14.836390	-29.833437	0	T:11.0(0.16%),B:2.4(0.01%),P:1e-12	Tpos:250.2,Tstd:114.9,Bpos:85.0,Bstd:47.6,StrandBias:-1.6,Multiplicity:1.09
0.001	0.001	0.997	0.001
0.001	0.001	0.001	0.997
0.001	0.827	0.001	0.171
0.001	0.001	0.001	0.997
0.001	0.001	0.997	0.001
0.001	0.001	0.001	0.997
0.001	0.001	0.997	0.001
0.001	0.001	0.997	0.001
0.001	0.001	0.001	0.997
0.001	0.997	0.001	0.001
0.997	0.001	0.001	0.001
0.001	0.997	0.001	0.001
>STGGGCGGGCCC	20-STGGGCGGGCCC	10.608281	-28.573309	0	T:154.0(2.18%),B:486.6(1.16%),P:1e-12	Tpos:307.9,Tstd:227.1,Bpos:240.3,Bstd:147.0,StrandBias:-0.1,Multiplicity:1.01
0.001	0.451	0.547	0.001
0.281	0.027	0.001	0.691
0.001	0.001	0.997	0.001
0.315	0.001	0.683	0.001
0.001	0.120	0.878	0.001
0.230	0.768	0.001	0.001
0.001	0.033	0.574	0.392
0.001	0.001	0.773	0.225
0.001	0.192	0.806	0.001
0.078	0.844	0.072	0.006
0.001	0.611	0.001	0.387
0.001	0.997	0.001	0.001
>CAGGGGGATGAC	21-CAGGGGGATGAC	9.733254	-13.924150	0	T:78.0(1.11%),B:256.2(0.61%),P:1e-6	Tpos:255.1,Tstd:227.5,Bpos:236.3,Bstd:146.7,StrandBias:0.4,Multiplicity:1.27
0.001	0.830	0.127	0.042
0.744	0.170	0.043	0.043
0.001	0.170	0.744	0.085
0.085	0.042	0.872	0.001
0.043	0.085	0.787	0.085
0.001	0.042	0.830	0.127
0.043	0.085	0.787	0.085
0.915	0.001	0.042	0.042
0.001	0.001	0.042	0.956
0.127	0.042	0.830	0.001
0.872	0.042	0.085	0.001
0.042	0.872	0.085	0.001
>GTGTTAGAGGAT	22-GTGTTAGAGGAT	14.669201	-13.422306	0	T:6.0(0.09%),B:2.7(0.01%),P:1e-5	Tpos:211.6,Tstd:221.1,Bpos:210.3,Bstd:88.0,StrandBias:4.0,Multiplicity:2.83
0.001	0.001	0.997	0.001
0.001	0.001	0.001	0.997
0.001	0.001	0.997	0.001
0.001	0.283	0.001	0.715
0.001	0.001	0.001	0.997
0.997	0.001	0.001	0.001
0.283	0.001	0.715	0.001
0.997	0.001	0.001	0.001
0.001	0.001	0.997	0.001
0.001	0.001	0.715	0.283
0.991	0.001	0.001	0.007
0.001	0.001	0.001	0.997
>TGCTGGGTATGA	23-TGCTGGGTATGA	12.355432	-10.454904	0	T:4.0(0.06%),B:1.8(0.00%),P:1e-4	Tpos:158.0,Tstd:102.8,Bpos:358.0,Bstd:106.5,StrandBias:10.0,Multiplicity:9.25
0.100	0.100	0.100	0.700
0.100	0.100	0.700	0.100
0.100	0.700	0.100	0.100
0.100	0.100	0.100	0.700
0.100	0.100	0.700	0.100
0.100	0.100	0.700	0.100
0.100	0.100	0.700	0.100
0.100	0.100	0.100	0.700
0.700	0.100	0.100	0.100
0.100	0.100	0.100	0.700
0.100	0.100	0.700	0.100
0.700	0.100	0.100	0.100
>ATGAGTATACAG	24-ATGAGTATACAG	8.428671	-6.898966	0	T:53.0(0.75%),B:200.0(0.48%),P:1e-2	Tpos:222.0,Tstd:163.2,Bpos:255.1,Bstd:146.2,StrandBias:0.5,Multiplicity:1.28
0.652	0.099	0.117	0.132
0.121	0.089	0.112	0.678
0.115	0.106	0.661	0.118
0.703	0.073	0.104	0.120
0.106	0.138	0.633	0.123
0.109	0.111	0.099	0.681
0.649	0.119	0.099	0.133
0.124	0.103	0.116	0.657
0.667	0.109	0.109	0.115
0.127	0.634	0.109	0.130
0.750	0.063	0.062	0.125
0.120	0.127	0.637	0.116
>AGTCGCGCAGGC	25-AGTCGCGCAGGC	12.355432	-4.375418	0	T:2.0(0.03%),B:0.0(0.00%),P:1e-1	Tpos:197.9,Tstd:99.0,Bpos:0.0,Bstd:0.0,StrandBias:-3.5,Multiplicity:6.00
0.700	0.100	0.100	0.100
0.100	0.100	0.700	0.100
0.100	0.100	0.100	0.700
0.100	0.700	0.100	0.100
0.100	0.100	0.700	0.100
0.100	0.700	0.100	0.100
0.100	0.100	0.700	0.100
0.100	0.700	0.100	0.100
0.700	0.100	0.100	0.100
0.100	0.100	0.700	0.100
0.100	0.100	0.700	0.100
0.100	0.700	0.100	0.100
