>TGAGTCAT	1-TGAGTCAT	7.114390	-1436.683907	0	T:2082.0(29.52%),B:3287.8(7.82%),P:1e-623	Tpos:279.6,Tstd:197.8,Bpos:242.8,Bstd:150.1,StrandBias:0.0,Multiplicity:1.21
0.001	0.001	0.001	0.997
0.001	0.001	0.955	0.043
0.994	0.004	0.001	0.001
0.009	0.297	0.676	0.018
0.001	0.001	0.001	0.997
0.023	0.975	0.001	0.001
0.997	0.001	0.001	0.001
0.022	0.182	0.124	0.672
>ATGACTAT	2-ATGACTAT	3.192055	-430.130248	0	T:1853.0(26.27%),B:5554.6(13.21%),P:1e-186	Tpos:280.2,Tstd:222.1,Bpos:241.4,Bstd:145.1,StrandBias:0.1,Multiplicity:1.17
0.997	0.001	0.001	0.001
0.001	0.001	0.001	0.997
0.001	0.001	0.997	0.001
0.997	0.001	0.001	0.001
0.001	0.997	0.001	0.001
0.001	0.001	0.384	0.614
0.584	0.360	0.001	0.055
0.035	0.001	0.350	0.614
>ACGGAAAB	3-ACGGAAAB	3.811335	-322.090606	0	T:2072.0(29.38%),B:7224.4(17.18%),P:1e-139	Tpos:294.3,Tstd:232.0,Bpos:242.0,Bstd:144.7,StrandBias:-0.0,Multiplicity:1.28
0.997	0.001	0.001	0.001
0.001	0.652	0.001	0.346
0.001	0.001	0.997	0.001
0.001	0.011	0.987	0.001
0.997	0.001	0.001	0.001
0.997	0.001	0.001	0.001
0.997	0.001	0.001	0.001
0.184	0.276	0.335	0.206
>AAACCACA	4-AAACCACA	7.295254	-316.997164	0	T:1517.0(21.51%),B:4674.2(11.11%),P:1e-137	Tpos:304.6,Tstd:228.5,Bpos:244.2,Bstd:144.9,StrandBias:-0.1,Multiplicity:1.17
0.656	0.106	0.001	0.237
0.997	0.001	0.001	0.001
0.892	0.001	0.106	0.001
0.001	0.997	0.001	0.001
0.001	0.997	0.001	0.001
0.997	0.001	0.001	0.001
0.001	0.997	0.001	0.001
0.959	0.001	0.039	0.001
>ACCGGAAA	5-ACCGGAAA	5.062210	-313.536194	0	T:2215.0(31.41%),B:7985.0(18.99%),P:1e-136	Tpos:285.3,Tstd:212.1,Bpos:244.0,Bstd:146.3,StrandBias:-0.0,Multiplicity:1.24
0.997	0.001	0.001	0.001
0.001	0.703	0.295	0.001
0.015	0.971	0.001	0.013
0.001	0.001	0.997	0.001
0.001	0.001	0.997	0.001
0.997	0.001	0.001	0.001
0.997	0.001	0.001	0.001
0.766	0.001	0.232	0.001
>VTTAGTCA	6-VTTAGTCA	3.783311	-279.664679	0	T:1022.0(14.49%),B:2755.3(6.55%),P:1e-121	Tpos:292.2,Tstd:233.7,Bpos:243.2,Bstd:148.7,StrandBias:-0.1,Multiplicity:1.10
0.371	0.329	0.299	0.001
0.001	0.001	0.001	0.997
0.001	0.001	0.001	0.997
0.997	0.001	0.001	0.001
0.001	0.315	0.683	0.001
0.001	0.001	0.001	0.997
0.001	0.997	0.001	0.001
0.997	0.001	0.001	0.001
>CAGGATGT	7-CAGGATGT	6.185718	-244.093970	0	T:1398.0(19.82%),B:4578.0(10.89%),P:1e-106	Tpos:295.0,Tstd:232.1,Bpos:244.1,Bstd:144.5,StrandBias:-0.0,Multiplicity:1.11
0.001	0.837	0.161	0.001
0.933	0.065	0.001	0.001
0.001	0.001	0.997	0.001
0.001	0.001	0.997	0.001
0.997	0.001	0.001	0.001
0.279	0.001	0.001	0.719
0.001	0.001	0.997	0.001
0.001	0.001	0.001	0.997
>TRACSKCA	8-TRACSKCA	6.077643	-230.830576	0	T:2794.0(39.61%),B:11706.6(27.83%),P:1e-100	Tpos:296.1,Tstd:230.8,Bpos:243.0,Bstd:149.4,StrandBias:-0.0,Multiplicity:1.23
0.306	0.001	0.091	0.602
0.453	0.185	0.362	0.001
0.997	0.001	0.001	0.001
0.001	0.890	0.001	0.108
0.060	0.494	0.445	0.001
0.247	0.001	0.401	0.351
0.001	0.997	0.001	0.001
0.582	0.001	0.226	0.191
>NGYGGAAA	9-NGYGGAAA	4.975638	-194.504773	0	T:2305.0(32.68%),B:9472.1(22.52%),P:1e-84	Tpos:300.8,Tstd:241.8,Bpos:246.7,Bstd:145.4,StrandBias:-0.1,Multiplicity:1.19
0.232	0.254	0.266	0.248
0.060	0.057	0.607	0.276
0.001	0.408	0.238	0.353
0.010	0.172	0.797	0.021
0.252	0.012	0.517	0.219
0.501	0.064	0.157	0.278
0.806	0.001	0.001	0.192
0.476	0.207	0.147	0.169
>CACCCACA	10-CACCCACA	7.059193	-188.643880	0	T:2563.0(36.34%),B:10907.0(25.93%),P:1e-81	Tpos:295.8,Tstd:231.7,Bpos:243.3,Bstd:146.9,StrandBias:0.0,Multiplicity:1.39
0.003	0.934	0.001	0.062
0.747	0.001	0.128	0.124
0.001	0.872	0.126	0.001
0.001	0.997	0.001	0.001
0.001	0.900	0.001	0.098
0.616	0.382	0.001	0.001
0.001	0.997	0.001	0.001
0.554	0.001	0.319	0.126
>GAAACTWC	11-GAAACTWC	3.485448	-176.433967	0	T:1651.0(23.41%),B:6302.2(14.98%),P:1e-76	Tpos:294.2,Tstd:230.2,Bpos:243.5,Bstd:148.2,StrandBias:0.1,Multiplicity:1.11
0.001	0.001	0.997	0.001
0.997	0.001	0.001	0.001
0.997	0.001	0.001	0.001
0.997	0.001	0.001	0.001
0.001	0.997	0.001	0.001
0.001	0.193	0.001	0.805
0.543	0.001	0.001	0.455
0.001	0.628	0.370	0.001
>GGGGTTTT	12-GGGGTTTT	8.183257	-124.280181	0	T:840.0(11.91%),B:2857.7(6.79%),P:1e-53	Tpos:293.6,Tstd:230.4,Bpos:235.9,Bstd:148.6,StrandBias:-0.2,Multiplicity:1.05
0.001	0.001	0.997	0.001
0.001	0.001	0.860	0.138
0.001	0.092	0.906	0.001
0.001	0.001	0.841	0.157
0.167	0.001	0.001	0.831
0.001	0.001	0.001	0.997
0.001	0.001	0.001	0.997
0.001	0.001	0.001	0.997
>TTTCGGTT	13-TTTCGGTT	6.201543	-118.418808	0	T:2041.0(28.94%),B:8943.5(21.26%),P:1e-51	Tpos:295.7,Tstd:248.6,Bpos:242.5,Bstd:150.5,StrandBias:-0.1,Multiplicity:1.30
0.010	0.001	0.001	0.988
0.001	0.054	0.001	0.944
0.015	0.001	0.088	0.896
0.001	0.889	0.045	0.065
0.195	0.001	0.713	0.091
0.048	0.057	0.804	0.091
0.001	0.021	0.014	0.964
0.014	0.026	0.014	0.946
>GATCAAAG	14-GATCAAAG	7.527223	-117.503592	0	T:1174.0(16.65%),B:4497.8(10.69%),P:1e-51	Tpos:283.9,Tstd:217.4,Bpos:242.2,Bstd:144.4,StrandBias:-0.0,Multiplicity:1.15
0.001	0.376	0.622	0.001
0.909	0.001	0.001	0.089
0.001	0.001	0.001	0.997
0.001	0.860	0.138	0.001
0.997	0.001	0.001	0.001
0.997	0.001	0.001	0.001
0.997	0.001	0.001	0.001
0.001	0.001	0.997	0.001
>TGTCAGCA	15-TGTCAGCA	6.761082	-87.449089	0	T:1555.0(22.05%),B:6778.9(16.12%),P:1e-37	Tpos:292.5,Tstd:244.3,Bpos:246.1,Bstd:148.2,StrandBias:0.1,Multiplicity:1.20
0.158	0.123	0.001	0.718
0.100	0.001	0.834	0.065
0.302	0.001	0.054	0.643
0.022	0.900	0.001	0.077
0.832	0.067	0.061	0.040
0.074	0.026	0.678	0.222
0.084	0.749	0.078	0.089
0.668	0.032	0.090	0.210
>GTGATTCA	16-GTGATTCA	4.909837	-69.936916	0	T:427.0(6.05%),B:1394.3(3.32%),P:1e-30	Tpos:301.1,Tstd:252.4,Bpos:233.2,Bstd:144.4,StrandBias:0.1,Multiplicity:1.06
0.049	0.001	0.949	0.001
0.001	0.001	0.001	0.997
0.001	0.001	0.997	0.001
0.997	0.001	0.001	0.001
0.043	0.001	0.001	0.955
0.001	0.001	0.001	0.997
0.001	0.997	0.001	0.001
0.997	0.001	0.001	0.001
>GCCCCGCC	17-GCCCCGCC	8.103119	-62.317713	0	T:904.0(12.82%),B:3747.7(8.91%),P:1e-27	Tpos:320.1,Tstd:233.7,Bpos:241.0,Bstd:154.0,StrandBias:0.0,Multiplicity:1.41
0.105	0.001	0.893	0.001
0.001	0.910	0.001	0.088
0.001	0.997	0.001	0.001
0.223	0.775	0.001	0.001
0.001	0.997	0.001	0.001
0.001	0.001	0.838	0.160
0.001	0.997	0.001	0.001
0.001	0.997	0.001	0.001
>GTGACGCA	18-GTGACGCA	7.414565	-56.954241	0	T:356.0(5.05%),B:1172.7(2.79%),P:1e-24	Tpos:284.7,Tstd:197.5,Bpos:242.1,Bstd:150.0,StrandBias:0.0,Multiplicity:1.08
0.001	0.099	0.840	0.060
0.001	0.049	0.001	0.949
0.001	0.001	0.997	0.001
0.997	0.001	0.001	0.001
0.001	0.840	0.001	0.158
0.001	0.001	0.997	0.001
0.119	0.879	0.001	0.001
0.841	0.001	0.001	0.157
>ACCGGATG	19-ACCGGATG	7.190683	-52.241957	0	T:296.0(4.20%),B:942.4(2.24%),P:1e-22	Tpos:252.9,Tstd:194.8,Bpos:254.4,Bstd:155.5,StrandBias:0.4,Multiplicity:1.02
0.997	0.001	0.001	0.001
0.285	0.713	0.001	0.001
0.001	0.997	0.001	0.001
0.001	0.001	0.997	0.001
0.001	0.001	0.997	0.001
0.997	0.001	0.001	0.001
0.087	0.001	0.001	0.911
0.169	0.001	0.829	0.001
>TGTGTCAT	20-TGTGTCAT	7.312590	-46.958952	0	T:818.0(11.60%),B:3510.9(8.35%),P:1e-20	Tpos:289.0,Tstd:219.1,Bpos:239.6,Bstd:148.5,StrandBias:0.2,Multiplicity:1.09
0.001	0.098	0.001	0.900
0.118	0.001	0.752	0.129
0.001	0.001	0.001	0.997
0.001	0.001	0.997	0.001
0.001	0.001	0.001	0.997
0.001	0.997	0.001	0.001
0.997	0.001	0.001	0.001
0.001	0.200	0.001	0.798
>TGTGGGTT	21-TGTGGGTT	7.619789	-45.759897	0	T:796.0(11.29%),B:3414.7(8.12%),P:1e-19	Tpos:306.4,Tstd:245.7,Bpos:243.7,Bstd:144.8,StrandBias:-0.1,Multiplicity:1.09
0.001	0.001	0.001	0.997
0.001	0.001	0.997	0.001
0.001	0.053	0.001	0.945
0.001	0.001	0.861	0.137
0.001	0.001	0.997	0.001
0.001	0.001	0.997	0.001
0.001	0.207	0.001	0.791
0.126	0.001	0.001	0.872
>TGGGCGGA	22-TGGGCGGA	8.741754	-45.432142	0	T:278.0(3.94%),B:910.2(2.16%),P:1e-19	Tpos:303.8,Tstd:214.5,Bpos:244.1,Bstd:158.4,StrandBias:0.2,Multiplicity:1.09
0.001	0.001	0.283	0.715
0.136	0.001	0.862	0.001
0.001	0.001	0.997	0.001
0.001	0.001	0.997	0.001
0.001	0.997	0.001	0.001
0.001	0.001	0.997	0.001
0.001	0.001	0.997	0.001
0.997	0.001	0.001	0.001
>TWAGCAAC	23-TWAGCAAC	7.574721	-36.204189	0	T:366.0(5.19%),B:1392.5(3.31%),P:1e-15	Tpos:270.5,Tstd:208.3,Bpos:241.0,Bstd:150.6,StrandBias:0.1,Multiplicity:1.05
0.001	0.099	0.001	0.899
0.456	0.001	0.001	0.542
0.725	0.273	0.001	0.001
0.080	0.001	0.918	0.001
0.001	0.997	0.001	0.001
0.840	0.001	0.158	0.001
0.997	0.001	0.001	0.001
0.001	0.997	0.001	0.001
>AAAAAAAA	24-AAAAAAAA	8.932252	-22.479494	0	T:1024.0(14.52%),B:5053.3(12.02%),P:1e-9	Tpos:310.6,Tstd:243.1,Bpos:243.5,Bstd:153.8,StrandBias:0.0,Multiplicity:1.13
0.880	0.001	0.118	0.001
0.997	0.001	0.001	0.001
0.997	0.001	0.001	0.001
0.997	0.001	0.001	0.001
0.997	0.001	0.001	0.001
0.997	0.001	0.001	0.001
0.997	0.001	0.001	0.001
0.997	0.001	0.001	0.001
>TCTATTCG	25-TCTATTCG	8.236954	-15.092079	0	T:24.0(0.34%),B:41.2(0.10%),P:1e-6	Tpos:312.0,Tstd:207.2,Bpos:267.2,Bstd:131.1,StrandBias:-0.6,Multiplicity:1.00
0.100	0.100	0.100	0.700
0.100	0.700	0.100	0.100
0.100	0.100	0.100	0.700
0.700	0.100	0.100	0.100
0.100	0.100	0.100	0.700
0.100	0.100	0.100	0.700
0.100	0.700	0.100	0.100
0.100	0.100	0.700	0.100
