>TGTGGTTW	1-TGTGGTTW	6.742687	-178.597902	0	T:884.0(35.15%),B:8922.4(19.23%),P:1e-77	Tpos:293.1,Tstd:269.0,Bpos:236.0,Bstd:143.4,StrandBias:-0.0,Multiplicity:1.35
0.098	0.054	0.097	0.751
0.016	0.049	0.807	0.128
0.037	0.106	0.116	0.741
0.013	0.038	0.948	0.001
0.045	0.035	0.919	0.001
0.001	0.096	0.058	0.845
0.158	0.227	0.029	0.586
0.408	0.001	0.074	0.517
>AGGAAGTG	2-AGGAAGTG	7.978399	-107.274615	0	T:632.0(25.13%),B:6592.6(14.21%),P:1e-46	Tpos:314.8,Tstd:251.1,Bpos:238.3,Bstd:139.8,StrandBias:0.1,Multiplicity:1.19
0.928	0.070	0.001	0.001
0.001	0.012	0.986	0.001
0.086	0.001	0.912	0.001
0.997	0.001	0.001	0.001
0.902	0.001	0.001	0.096
0.136	0.001	0.862	0.001
0.001	0.001	0.001	0.997
0.083	0.001	0.915	0.001
>GCGGTTTC	3-GCGGTTTC	4.354881	-100.702201	0	T:1390.0(55.27%),B:19218.4(41.43%),P:1e-43	Tpos:308.8,Tstd:243.4,Bpos:236.6,Bstd:150.4,StrandBias:-0.0,Multiplicity:1.50
0.118	0.120	0.598	0.164
0.134	0.606	0.101	0.159
0.146	0.097	0.642	0.115
0.092	0.119	0.661	0.128
0.096	0.124	0.113	0.667
0.109	0.085	0.128	0.678
0.183	0.100	0.120	0.597
0.144	0.551	0.124	0.181
>ACAGGAAG	4-ACAGGAAG	8.563062	-94.224693	0	T:482.0(19.17%),B:4717.3(10.17%),P:1e-40	Tpos:293.7,Tstd:231.3,Bpos:237.5,Bstd:137.5,StrandBias:-0.2,Multiplicity:1.21
0.997	0.001	0.001	0.001
0.001	0.997	0.001	0.001
0.997	0.001	0.001	0.001
0.001	0.001	0.997	0.001
0.001	0.001	0.997	0.001
0.997	0.001	0.001	0.001
0.894	0.001	0.001	0.104
0.216	0.001	0.782	0.001
>TGACTCAT	5-TGACTCAT	6.860658	-72.641859	0	T:351.0(13.96%),B:3326.1(7.17%),P:1e-31	Tpos:278.4,Tstd:218.8,Bpos:235.5,Bstd:141.2,StrandBias:-0.0,Multiplicity:1.11
0.001	0.001	0.001	0.997
0.001	0.001	0.935	0.063
0.997	0.001	0.001	0.001
0.001	0.684	0.314	0.001
0.001	0.001	0.001	0.997
0.001	0.997	0.001	0.001
0.997	0.001	0.001	0.001
0.133	0.119	0.001	0.747
>AGAGGGCG	6-AGAGGGCG	6.460638	-51.373126	0	T:326.0(12.96%),B:3406.0(7.34%),P:1e-22	Tpos:326.3,Tstd:256.4,Bpos:233.2,Bstd:152.5,StrandBias:0.1,Multiplicity:1.19
0.997	0.001	0.001	0.001
0.001	0.001	0.997	0.001
0.933	0.001	0.065	0.001
0.001	0.001	0.832	0.166
0.080	0.001	0.918	0.001
0.001	0.001	0.997	0.001
0.001	0.997	0.001	0.001
0.001	0.001	0.997	0.001
>CCCCGCCC	7-CCCCGCCC	9.096643	-47.241660	0	T:365.0(14.51%),B:4063.1(8.76%),P:1e-20	Tpos:339.7,Tstd:242.7,Bpos:234.5,Bstd:153.7,StrandBias:-0.1,Multiplicity:1.52
0.001	0.941	0.001	0.057
0.067	0.745	0.001	0.187
0.001	0.997	0.001	0.001
0.001	0.997	0.001	0.001
0.001	0.001	0.872	0.126
0.035	0.963	0.001	0.001
0.001	0.997	0.001	0.001
0.001	0.930	0.001	0.068
>CTGTGGCT	8-CTGTGGCT	7.710784	-35.933858	0	T:526.0(20.91%),B:6893.8(14.86%),P:1e-15	Tpos:305.4,Tstd:269.9,Bpos:236.8,Bstd:141.9,StrandBias:-0.0,Multiplicity:1.19
0.001	0.676	0.001	0.322
0.001	0.001	0.001	0.997
0.001	0.001	0.997	0.001
0.001	0.001	0.001	0.997
0.001	0.001	0.997	0.001
0.001	0.001	0.997	0.001
0.001	0.874	0.124	0.001
0.132	0.001	0.001	0.866
>TTGABGTS	9-TTGABGTS	7.459791	-29.134204	0	T:255.0(10.14%),B:2934.9(6.33%),P:1e-12	Tpos:297.4,Tstd:241.7,Bpos:237.1,Bstd:139.6,StrandBias:-0.1,Multiplicity:1.06
0.001	0.001	0.001	0.997
0.001	0.041	0.001	0.957
0.059	0.001	0.939	0.001
0.997	0.001	0.001	0.001
0.001	0.365	0.360	0.275
0.151	0.001	0.847	0.001
0.152	0.078	0.075	0.695
0.140	0.483	0.376	0.001
>TGTKGTGA	10-TGTKGTGA	6.297185	-28.535700	0	T:426.0(16.94%),B:5583.6(12.04%),P:1e-12	Tpos:269.6,Tstd:220.2,Bpos:239.5,Bstd:143.3,StrandBias:-0.1,Multiplicity:1.13
0.001	0.001	0.001	0.997
0.001	0.001	0.997	0.001
0.001	0.421	0.001	0.577
0.001	0.001	0.555	0.443
0.001	0.001	0.997	0.001
0.001	0.001	0.001	0.997
0.001	0.001	0.997	0.001
0.962	0.001	0.036	0.001
>AGGTGTTA	11-AGGTGTTA	8.566666	-24.320656	0	T:153.0(6.08%),B:1595.7(3.44%),P:1e-10	Tpos:289.5,Tstd:251.7,Bpos:232.2,Bstd:138.4,StrandBias:-0.1,Multiplicity:1.11
0.997	0.001	0.001	0.001
0.001	0.049	0.949	0.001
0.001	0.001	0.997	0.001
0.001	0.001	0.125	0.873
0.001	0.001	0.997	0.001
0.001	0.001	0.001	0.997
0.001	0.312	0.001	0.686
0.997	0.001	0.001	0.001
>GGYGTSKY	12-GGYGTSKY	7.759340	-24.185326	0	T:233.0(9.26%),B:2753.8(5.94%),P:1e-10	Tpos:295.1,Tstd:224.5,Bpos:235.5,Bstd:152.5,StrandBias:0.2,Multiplicity:1.12
0.001	0.141	0.668	0.190
0.001	0.059	0.939	0.001
0.001	0.558	0.001	0.440
0.001	0.001	0.925	0.073
0.001	0.001	0.011	0.987
0.001	0.463	0.507	0.029
0.011	0.019	0.411	0.559
0.001	0.537	0.001	0.461
>AGGCGGAG	13-AGGCGGAG	7.272413	-21.888391	0	T:367.0(14.59%),B:4914.5(10.59%),P:1e-9	Tpos:337.0,Tstd:245.6,Bpos:235.9,Bstd:150.1,StrandBias:-0.1,Multiplicity:1.32
0.881	0.117	0.001	0.001
0.076	0.001	0.922	0.001
0.001	0.001	0.997	0.001
0.001	0.829	0.169	0.001
0.001	0.001	0.997	0.001
0.001	0.001	0.997	0.001
0.836	0.001	0.162	0.001
0.001	0.001	0.997	0.001
>ACTTTCAC	14-ACTTTCAC	8.236954	-21.215472	0	T:69.0(2.74%),B:554.5(1.20%),P:1e-9	Tpos:302.0,Tstd:318.5,Bpos:233.3,Bstd:147.7,StrandBias:-0.3,Multiplicity:1.05
0.700	0.100	0.100	0.100
0.100	0.700	0.100	0.100
0.100	0.100	0.100	0.700
0.100	0.100	0.100	0.700
0.100	0.100	0.100	0.700
0.100	0.700	0.100	0.100
0.700	0.100	0.100	0.100
0.100	0.700	0.100	0.100
>GTATACKC	15-GTATACKC	5.932478	-10.316166	0	T:375.0(14.91%),B:5666.6(12.21%),P:1e-4	Tpos:295.7,Tstd:241.4,Bpos:236.8,Bstd:140.3,StrandBias:-0.2,Multiplicity:1.15
0.098	0.189	0.712	0.001
0.001	0.152	0.001	0.846
0.813	0.001	0.001	0.185
0.199	0.001	0.135	0.665
0.738	0.090	0.171	0.001
0.001	0.997	0.001	0.001
0.001	0.207	0.422	0.370
0.027	0.936	0.036	0.001
