>NWAACCACAD	1-NWAACCACAD	6.849639	-203.737957	0	T:935.0(37.18%),B:9237.4(19.91%),P:1e-88	Tpos:292.0,Tstd:258.7,Bpos:235.7,Bstd:142.5,StrandBias:0.1,Multiplicity:1.38
0.237	0.290	0.295	0.178
0.421	0.135	0.100	0.344
0.660	0.001	0.201	0.138
0.853	0.001	0.145	0.001
0.001	0.997	0.001	0.001
0.001	0.997	0.001	0.001
0.818	0.022	0.159	0.001
0.148	0.786	0.065	0.001
0.669	0.113	0.019	0.199
0.338	0.142	0.331	0.190
>ACAGGAAGTG	2-ACAGGAAGTG	7.466810	-156.299262	0	T:674.0(26.80%),B:6295.8(13.57%),P:1e-67	Tpos:308.4,Tstd:245.6,Bpos:237.6,Bstd:137.9,StrandBias:-0.0,Multiplicity:1.25
0.701	0.058	0.196	0.045
0.106	0.727	0.141	0.026
0.889	0.047	0.052	0.012
0.021	0.041	0.921	0.017
0.086	0.036	0.839	0.039
0.960	0.013	0.013	0.014
0.798	0.040	0.064	0.098
0.154	0.057	0.763	0.026
0.044	0.107	0.063	0.786
0.185	0.097	0.621	0.097
>GAAAGYGAAA	3-GAAAGYGAAA	6.473852	-78.770236	0	T:384.0(15.27%),B:3660.7(7.89%),P:1e-34	Tpos:307.5,Tstd:240.3,Bpos:233.8,Bstd:144.4,StrandBias:0.2,Multiplicity:1.18
0.183	0.132	0.569	0.116
0.584	0.138	0.138	0.140
0.693	0.117	0.066	0.124
0.610	0.088	0.129	0.173
0.165	0.247	0.486	0.103
0.203	0.266	0.149	0.382
0.217	0.071	0.635	0.077
0.634	0.134	0.101	0.131
0.620	0.130	0.158	0.092
0.701	0.102	0.119	0.078
>GCCCCGCCCY	4-GCCCCGCCCY	8.081631	-76.220802	0	T:596.0(23.70%),B:6760.3(14.57%),P:1e-33	Tpos:310.4,Tstd:214.9,Bpos:237.1,Bstd:146.7,StrandBias:-0.1,Multiplicity:1.69
0.147	0.001	0.800	0.052
0.081	0.744	0.068	0.107
0.001	0.681	0.001	0.317
0.176	0.775	0.001	0.048
0.001	0.928	0.001	0.070
0.112	0.001	0.674	0.213
0.001	0.997	0.001	0.001
0.001	0.997	0.001	0.001
0.001	0.789	0.001	0.209
0.215	0.395	0.017	0.373
>ATGASTCABY	5-ATGASTCABY	7.012541	-75.144818	0	T:406.0(16.14%),B:4029.6(8.69%),P:1e-32	Tpos:283.0,Tstd:227.1,Bpos:236.1,Bstd:139.9,StrandBias:0.1,Multiplicity:1.13
0.503	0.164	0.197	0.136
0.071	0.001	0.001	0.927
0.001	0.038	0.900	0.061
0.830	0.084	0.017	0.069
0.001	0.441	0.521	0.037
0.001	0.001	0.050	0.948
0.105	0.845	0.049	0.001
0.909	0.001	0.074	0.016
0.132	0.201	0.350	0.317
0.223	0.381	0.040	0.356
>CCACTAGGTG	6-CCACTAGGTG	9.283109	-70.547094	0	T:123.0(4.89%),B:650.1(1.40%),P:1e-30	Tpos:239.7,Tstd:153.7,Bpos:225.9,Bstd:143.5,StrandBias:0.2,Multiplicity:1.02
0.007	0.938	0.001	0.054
0.039	0.826	0.134	0.001
0.889	0.002	0.095	0.014
0.066	0.798	0.120	0.016
0.031	0.383	0.001	0.585
0.695	0.030	0.001	0.274
0.133	0.084	0.744	0.039
0.220	0.004	0.775	0.001
0.012	0.001	0.293	0.694
0.034	0.008	0.957	0.001
>GGGDWWTTCC	7-GGGDWWTTCC	6.638732	-68.406561	0	T:216.0(8.59%),B:1674.8(3.61%),P:1e-29	Tpos:329.5,Tstd:310.2,Bpos:234.5,Bstd:137.5,StrandBias:0.5,Multiplicity:1.09
0.238	0.025	0.720	0.017
0.162	0.227	0.574	0.037
0.175	0.018	0.659	0.148
0.352	0.101	0.229	0.318
0.384	0.211	0.081	0.324
0.404	0.014	0.125	0.458
0.004	0.169	0.293	0.534
0.021	0.371	0.011	0.597
0.159	0.511	0.028	0.302
0.153	0.817	0.027	0.003
>AGRTRGCGCY	8-AGRTRGCGCY	6.847423	-43.925894	0	T:80.0(3.18%),B:441.2(0.95%),P:1e-19	Tpos:291.9,Tstd:221.3,Bpos:239.7,Bstd:155.3,StrandBias:0.0,Multiplicity:1.01
0.728	0.091	0.156	0.025
0.035	0.224	0.457	0.284
0.489	0.136	0.354	0.020
0.253	0.029	0.235	0.482
0.514	0.012	0.461	0.013
0.216	0.156	0.484	0.144
0.242	0.637	0.013	0.108
0.167	0.016	0.745	0.072
0.237	0.534	0.217	0.012
0.151	0.422	0.081	0.346
>ACTTTCGTTT	9-ACTTTCGTTT	7.381184	-41.782086	0	T:182.0(7.24%),B:1643.7(3.54%),P:1e-18	Tpos:324.4,Tstd:270.0,Bpos:245.3,Bstd:147.9,StrandBias:-0.3,Multiplicity:1.02
0.756	0.089	0.079	0.076
0.039	0.746	0.168	0.047
0.062	0.110	0.053	0.775
0.048	0.080	0.088	0.784
0.020	0.117	0.063	0.800
0.041	0.822	0.108	0.029
0.079	0.045	0.824	0.052
0.031	0.059	0.021	0.889
0.086	0.057	0.035	0.822
0.128	0.027	0.051	0.794
>GYKARBCWCA	10-GYKARBCWCA	5.957548	-41.319330	0	T:744.0(29.58%),B:10241.1(22.08%),P:1e-17	Tpos:308.8,Tstd:266.4,Bpos:239.6,Bstd:145.3,StrandBias:0.2,Multiplicity:1.23
0.064	0.045	0.875	0.016
0.016	0.516	0.015	0.453
0.025	0.148	0.449	0.378
0.762	0.138	0.092	0.008
0.490	0.031	0.415	0.063
0.001	0.412	0.272	0.315
0.001	0.809	0.085	0.105
0.348	0.027	0.235	0.390
0.134	0.755	0.071	0.040
0.717	0.075	0.188	0.020
>GTGDBDMACY	11-GTGDBDMACY	7.015801	-37.470203	0	T:251.0(9.98%),B:2663.3(5.74%),P:1e-16	Tpos:324.2,Tstd:266.4,Bpos:237.6,Bstd:145.6,StrandBias:-0.2,Multiplicity:1.08
0.176	0.001	0.756	0.067
0.274	0.001	0.188	0.537
0.001	0.405	0.559	0.035
0.325	0.102	0.307	0.266
0.119	0.325	0.351	0.205
0.415	0.001	0.293	0.291
0.545	0.453	0.001	0.001
0.994	0.004	0.001	0.001
0.001	0.670	0.328	0.001
0.001	0.570	0.001	0.428
>ATGAAACCAG	12-ATGAAACCAG	9.330358	-34.154967	0	T:95.0(3.78%),B:692.6(1.49%),P:1e-14	Tpos:299.9,Tstd:231.4,Bpos:224.9,Bstd:136.4,StrandBias:-0.0,Multiplicity:1.01
0.678	0.173	0.073	0.076
0.003	0.027	0.288	0.682
0.043	0.001	0.955	0.001
0.997	0.001	0.001	0.001
0.997	0.001	0.001	0.001
0.909	0.001	0.089	0.001
0.038	0.960	0.001	0.001
0.045	0.953	0.001	0.001
0.713	0.133	0.153	0.001
0.081	0.001	0.868	0.050
>GTTATTTCCG	13-GTTATTTCCG	6.328690	-34.121677	0	T:454.0(18.05%),B:5816.1(12.54%),P:1e-14	Tpos:297.5,Tstd:255.3,Bpos:237.4,Bstd:142.8,StrandBias:0.2,Multiplicity:1.15
0.082	0.028	0.822	0.068
0.053	0.070	0.031	0.846
0.067	0.112	0.048	0.773
0.735	0.089	0.098	0.078
0.094	0.077	0.058	0.771
0.021	0.078	0.017	0.884
0.066	0.037	0.071	0.826
0.068	0.790	0.043	0.099
0.081	0.783	0.062	0.074
0.047	0.112	0.776	0.065
>TGACACCTCA	14-TGACACCTCA	7.675754	-32.364038	0	T:312.0(12.41%),B:3687.4(7.95%),P:1e-14	Tpos:281.9,Tstd:230.1,Bpos:235.8,Bstd:141.5,StrandBias:0.3,Multiplicity:1.19
0.077	0.001	0.001	0.921
0.128	0.001	0.870	0.001
0.608	0.126	0.001	0.265
0.001	0.867	0.131	0.001
0.997	0.001	0.001	0.001
0.093	0.641	0.146	0.120
0.001	0.643	0.259	0.097
0.062	0.109	0.196	0.633
0.168	0.560	0.221	0.051
0.997	0.001	0.001	0.001
>GTGAGTCACC	15-GTGAGTCACC	5.778550	-30.687525	0	T:312.0(12.41%),B:3738.7(8.06%),P:1e-13	Tpos:325.0,Tstd:286.6,Bpos:236.0,Bstd:144.2,StrandBias:-0.2,Multiplicity:1.04
0.178	0.203	0.490	0.129
0.185	0.191	0.108	0.516
0.154	0.181	0.537	0.128
0.553	0.238	0.107	0.102
0.114	0.019	0.664	0.203
0.170	0.145	0.103	0.582
0.105	0.542	0.136	0.217
0.579	0.145	0.119	0.157
0.150	0.604	0.146	0.100
0.124	0.562	0.153	0.161
>TTACTCTAGC	16-TTACTCTAGC	7.630577	-28.398945	0	T:108.0(4.29%),B:924.3(1.99%),P:1e-12	Tpos:261.5,Tstd:206.0,Bpos:238.3,Bstd:136.3,StrandBias:-0.6,Multiplicity:1.01
0.049	0.048	0.102	0.801
0.102	0.093	0.040	0.765
0.855	0.030	0.043	0.072
0.079	0.793	0.078	0.050
0.142	0.045	0.101	0.712
0.104	0.816	0.023	0.057
0.093	0.046	0.094	0.767
0.781	0.072	0.030	0.117
0.059	0.039	0.842	0.060
0.059	0.879	0.033	0.029
>TKACGTHAYG	17-TKACGTHAYG	6.920708	-28.049797	0	T:134.0(5.33%),B:1262.0(2.72%),P:1e-12	Tpos:285.5,Tstd:242.2,Bpos:229.9,Bstd:149.5,StrandBias:-0.3,Multiplicity:1.05
0.232	0.001	0.001	0.766
0.158	0.001	0.462	0.379
0.554	0.122	0.005	0.319
0.207	0.670	0.122	0.001
0.252	0.004	0.597	0.147
0.001	0.142	0.001	0.856
0.320	0.355	0.001	0.323
0.997	0.001	0.001	0.001
0.115	0.431	0.120	0.334
0.050	0.287	0.490	0.173
>CTACCACACG	18-CTACCACACG	9.693454	-25.681708	0	T:44.0(1.75%),B:237.4(0.51%),P:1e-11	Tpos:235.5,Tstd:146.1,Bpos:238.5,Bstd:125.7,StrandBias:-0.1,Multiplicity:1.02
0.001	0.893	0.047	0.059
0.001	0.051	0.001	0.947
0.748	0.250	0.001	0.001
0.001	0.966	0.001	0.032
0.001	0.997	0.001	0.001
0.888	0.012	0.053	0.047
0.001	0.997	0.001	0.001
0.839	0.079	0.039	0.043
0.049	0.949	0.001	0.001
0.012	0.036	0.846	0.106
>CGCTGATTAG	19-CGCTGATTAG	6.002944	-23.258727	0	T:147.0(5.84%),B:1536.6(3.31%),P:1e-10	Tpos:309.0,Tstd:222.1,Bpos:230.1,Bstd:146.9,StrandBias:-0.4,Multiplicity:1.10
0.099	0.736	0.073	0.092
0.121	0.035	0.691	0.153
0.154	0.570	0.128	0.148
0.175	0.100	0.153	0.572
0.133	0.104	0.619	0.144
0.579	0.107	0.142	0.172
0.138	0.209	0.126	0.527
0.164	0.049	0.177	0.610
0.491	0.184	0.156	0.169
0.093	0.157	0.594	0.156
>GCWAACACTC	20-GCWAACACTC	9.539754	-19.734683	0	T:56.0(2.23%),B:421.5(0.91%),P:1e-8	Tpos:287.7,Tstd:216.8,Bpos:232.2,Bstd:150.3,StrandBias:0.0,Multiplicity:1.13
0.001	0.001	0.931	0.067
0.145	0.749	0.029	0.077
0.457	0.001	0.016	0.526
0.997	0.001	0.001	0.001
0.812	0.001	0.136	0.051
0.221	0.777	0.001	0.001
0.869	0.129	0.001	0.001
0.001	0.956	0.001	0.042
0.285	0.014	0.264	0.437
0.001	0.945	0.053	0.001
>ATGACTCAGC	21-ATGACTCAGC	6.792385	-19.201318	0	T:515.0(20.48%),B:7473.8(16.11%),P:1e-8	Tpos:293.5,Tstd:236.2,Bpos:238.7,Bstd:139.7,StrandBias:-0.1,Multiplicity:1.11
0.869	0.038	0.070	0.023
0.071	0.092	0.072	0.765
0.022	0.078	0.817	0.083
0.752	0.082	0.094	0.072
0.097	0.786	0.032	0.085
0.089	0.084	0.069	0.758
0.059	0.807	0.103	0.031
0.767	0.100	0.067	0.066
0.030	0.052	0.886	0.032
0.054	0.833	0.039	0.074
>CTTGCGTAGC	22-CTTGCGTAGC	9.003617	-18.759640	0	T:33.0(1.31%),B:185.7(0.40%),P:1e-8	Tpos:291.0,Tstd:192.1,Bpos:232.7,Bstd:138.0,StrandBias:1.4,Multiplicity:1.03
0.005	0.993	0.001	0.001
0.001	0.207	0.001	0.791
0.041	0.001	0.001	0.957
0.219	0.013	0.767	0.001
0.025	0.937	0.001	0.037
0.001	0.001	0.992	0.006
0.001	0.067	0.017	0.915
0.693	0.216	0.001	0.090
0.001	0.001	0.997	0.001
0.001	0.858	0.001	0.140
>CAGTGAAAAT	23-CAGTGAAAAT	10.737964	-15.430485	0	T:28.0(1.11%),B:163.6(0.35%),P:1e-6	Tpos:233.9,Tstd:156.1,Bpos:246.4,Bstd:150.5,StrandBias:1.0,Multiplicity:1.00
0.001	0.997	0.001	0.001
0.943	0.055	0.001	0.001
0.001	0.001	0.997	0.001
0.001	0.001	0.001	0.997
0.001	0.001	0.882	0.116
0.997	0.001	0.001	0.001
0.997	0.001	0.001	0.001
0.997	0.001	0.001	0.001
0.997	0.001	0.001	0.001
0.073	0.001	0.001	0.925
>ACATTTGTGC	24-ACATTTGTGC	12.226464	-14.659077	0	T:16.0(0.64%),B:61.9(0.13%),P:1e-6	Tpos:262.2,Tstd:209.9,Bpos:235.3,Bstd:138.4,StrandBias:0.0,Multiplicity:1.00
0.997	0.001	0.001	0.001
0.001	0.997	0.001	0.001
0.997	0.001	0.001	0.001
0.001	0.001	0.001	0.997
0.001	0.001	0.001	0.997
0.001	0.001	0.001	0.997
0.001	0.001	0.997	0.001
0.001	0.001	0.200	0.798
0.001	0.001	0.997	0.001
0.001	0.997	0.001	0.001
>ATGAGTATAC	25-ATGAGTATAC	10.296193	-1.848644	0	T:2.0(0.08%),B:13.8(0.03%),P:1e0	Tpos:142.8,Tstd:97.7,Bpos:225.2,Bstd:96.1,StrandBias:3.6,Multiplicity:6.50
0.700	0.100	0.100	0.100
0.100	0.100	0.100	0.700
0.100	0.100	0.700	0.100
0.700	0.100	0.100	0.100
0.100	0.100	0.700	0.100
0.100	0.100	0.100	0.700
0.700	0.100	0.100	0.100
0.100	0.100	0.100	0.700
0.700	0.100	0.100	0.100
0.100	0.700	0.100	0.100
>NYCACTTCCTGT	1-NYCACTTCCTGT	8.622656	-176.996765	0	T:531.0(21.11%),B:4124.9(8.89%),P:1e-76	Tpos:309.5,Tstd:241.7,Bpos:239.2,Bstd:135.3,StrandBias:0.1,Multiplicity:1.16
0.258	0.239	0.267	0.236
0.117	0.365	0.171	0.347
0.034	0.535	0.183	0.248
0.613	0.071	0.249	0.067
0.001	0.689	0.001	0.309
0.105	0.081	0.001	0.813
0.001	0.001	0.001	0.997
0.039	0.959	0.001	0.001
0.001	0.997	0.001	0.001
0.001	0.001	0.014	0.984
0.001	0.220	0.664	0.115
0.019	0.220	0.009	0.752
>VCTAACCACAGA	2-VCTAACCACAGA	7.649781	-130.872765	0	T:753.0(29.94%),B:7888.5(17.00%),P:1e-56	Tpos:273.0,Tstd:214.9,Bpos:235.7,Bstd:138.9,StrandBias:0.1,Multiplicity:1.21
0.324	0.294	0.273	0.110
0.218	0.402	0.210	0.170
0.222	0.221	0.035	0.522
0.505	0.144	0.298	0.053
0.604	0.004	0.391	0.001
0.143	0.855	0.001	0.001
0.001	0.997	0.001	0.001
0.679	0.064	0.001	0.256
0.001	0.997	0.001	0.001
0.977	0.001	0.001	0.021
0.339	0.043	0.617	0.001
0.467	0.096	0.303	0.135
>GCCACCTGGTGG	3-GCCACCTGGTGG	10.339811	-119.392529	0	T:127.0(5.05%),B:420.2(0.91%),P:1e-51	Tpos:228.9,Tstd:189.9,Bpos:227.5,Bstd:145.1,StrandBias:-0.2,Multiplicity:1.03
0.015	0.001	0.759	0.225
0.152	0.660	0.164	0.024
0.001	0.985	0.013	0.001
0.542	0.369	0.078	0.011
0.015	0.735	0.001	0.249
0.001	0.980	0.001	0.018
0.239	0.001	0.085	0.675
0.366	0.001	0.582	0.051
0.063	0.096	0.822	0.019
0.029	0.182	0.136	0.653
0.076	0.001	0.922	0.001
0.105	0.001	0.766	0.128
>MNWAACCRCASM	4-MNWAACCRCASM	5.788507	-109.596309	0	T:1209.0(48.07%),B:15752.3(33.96%),P:1e-47	Tpos:301.0,Tstd:262.6,Bpos:236.7,Bstd:145.2,StrandBias:-0.1,Multiplicity:1.31
0.395	0.262	0.183	0.159
0.185	0.307	0.228	0.280
0.471	0.172	0.021	0.337
0.693	0.096	0.052	0.159
0.942	0.024	0.033	0.001
0.101	0.889	0.001	0.009
0.085	0.815	0.007	0.093
0.490	0.009	0.494	0.007
0.056	0.924	0.019	0.001
0.658	0.164	0.064	0.114
0.162	0.380	0.409	0.050
0.365	0.333	0.092	0.210
>TGAAACCACAAC	5-TGAAACCACAAC	7.141302	-107.362589	0	T:600.0(23.86%),B:6128.6(13.21%),P:1e-46	Tpos:301.5,Tstd:264.5,Bpos:237.2,Bstd:143.6,StrandBias:0.1,Multiplicity:1.27
0.141	0.071	0.138	0.650
0.130	0.126	0.639	0.105
0.726	0.142	0.024	0.108
0.775	0.066	0.083	0.076
0.813	0.069	0.102	0.016
0.079	0.786	0.058	0.077
0.024	0.896	0.001	0.079
0.886	0.021	0.010	0.083
0.100	0.801	0.069	0.030
0.866	0.098	0.005	0.031
0.605	0.132	0.135	0.128
0.198	0.567	0.115	0.120
>AMCCACATYCTK	6-AMCCACATYCTK	9.586576	-91.744397	0	T:151.0(6.00%),B:761.7(1.64%),P:1e-39	Tpos:285.0,Tstd:209.7,Bpos:243.7,Bstd:131.6,StrandBias:-0.1,Multiplicity:1.05
0.516	0.081	0.287	0.116
0.466	0.378	0.155	0.001
0.010	0.945	0.029	0.016
0.028	0.970	0.001	0.001
0.902	0.050	0.023	0.025
0.094	0.602	0.153	0.151
0.736	0.042	0.001	0.221
0.001	0.190	0.019	0.790
0.078	0.409	0.048	0.466
0.029	0.890	0.058	0.023
0.019	0.029	0.001	0.951
0.074	0.171	0.366	0.389
>WGAAAGTGAAAC	7-WGAAAGTGAAAC	8.731137	-77.626586	0	T:314.0(12.49%),B:2756.7(5.94%),P:1e-33	Tpos:300.8,Tstd:242.0,Bpos:236.8,Bstd:140.4,StrandBias:0.1,Multiplicity:1.14
0.391	0.011	0.218	0.380
0.062	0.061	0.815	0.062
0.788	0.001	0.192	0.019
0.870	0.028	0.033	0.069
0.950	0.001	0.001	0.048
0.234	0.285	0.462	0.019
0.195	0.084	0.039	0.682
0.126	0.028	0.845	0.001
0.864	0.052	0.034	0.050
0.807	0.128	0.029	0.036
0.974	0.001	0.024	0.001
0.142	0.550	0.275	0.033
>RGDGGGCGGGGC	8-RGDGGGCGGGGC	8.418452	-74.516402	0	T:603.0(23.98%),B:6909.6(14.89%),P:1e-32	Tpos:320.7,Tstd:229.9,Bpos:235.3,Bstd:145.3,StrandBias:0.0,Multiplicity:1.54
0.313	0.224	0.404	0.060
0.193	0.205	0.506	0.096
0.382	0.008	0.365	0.245
0.373	0.001	0.625	0.001
0.001	0.001	0.997	0.001
0.001	0.001	0.994	0.004
0.318	0.490	0.001	0.190
0.087	0.124	0.788	0.001
0.001	0.021	0.732	0.246
0.244	0.001	0.754	0.001
0.059	0.096	0.844	0.001
0.094	0.610	0.041	0.255
>WGAVTGASTCAT	9-WGAVTGASTCAT	9.583689	-72.117525	0	T:148.0(5.88%),B:882.5(1.90%),P:1e-31	Tpos:256.6,Tstd:189.3,Bpos:232.6,Bstd:136.9,StrandBias:0.0,Multiplicity:1.04
0.335	0.160	0.174	0.331
0.273	0.229	0.497	0.001
0.510	0.001	0.198	0.291
0.278	0.226	0.375	0.121
0.001	0.001	0.001	0.997
0.001	0.021	0.957	0.021
0.978	0.001	0.020	0.001
0.042	0.480	0.477	0.001
0.001	0.001	0.001	0.997
0.001	0.997	0.001	0.001
0.980	0.018	0.001	0.001
0.154	0.295	0.007	0.544
>RGGGAAAYYCCC	10-RGGGAAAYYCCC	8.181623	-69.424141	0	T:339.0(13.48%),B:3223.1(6.95%),P:1e-30	Tpos:306.9,Tstd:276.0,Bpos:237.4,Bstd:136.2,StrandBias:-0.1,Multiplicity:1.11
0.349	0.001	0.475	0.175
0.200	0.001	0.764	0.035
0.022	0.001	0.976	0.001
0.314	0.107	0.572	0.007
0.730	0.001	0.268	0.001
0.997	0.001	0.001	0.001
0.539	0.115	0.212	0.134
0.204	0.302	0.127	0.367
0.165	0.465	0.040	0.331
0.013	0.757	0.001	0.229
0.001	0.937	0.001	0.061
0.255	0.474	0.001	0.270
>ACCACATCAAAG	11-ACCACATCAAAG	9.354131	-54.243823	0	T:107.0(4.25%),B:622.2(1.34%),P:1e-23	Tpos:328.6,Tstd:248.4,Bpos:244.7,Bstd:138.1,StrandBias:-0.6,Multiplicity:1.04
0.671	0.133	0.167	0.029
0.032	0.843	0.055	0.070
0.005	0.929	0.031	0.035
0.896	0.044	0.001	0.059
0.035	0.922	0.025	0.018
0.855	0.057	0.035	0.053
0.076	0.063	0.063	0.798
0.053	0.822	0.072	0.053
0.883	0.053	0.035	0.029
0.803	0.078	0.084	0.035
0.840	0.014	0.111	0.035
0.109	0.061	0.742	0.088
>CACTAGAGGGCG	12-CACTAGAGGGCG	13.384598	-36.787625	0	T:21.0(0.83%),B:30.8(0.07%),P:1e-15	Tpos:227.1,Tstd:132.5,Bpos:280.1,Bstd:140.8,StrandBias:0.2,Multiplicity:1.00
0.001	0.997	0.001	0.001
0.847	0.001	0.001	0.151
0.151	0.847	0.001	0.001
0.001	0.001	0.001	0.997
0.997	0.001	0.001	0.001
0.001	0.001	0.997	0.001
0.997	0.001	0.001	0.001
0.001	0.001	0.997	0.001
0.151	0.001	0.847	0.001
0.001	0.151	0.847	0.001
0.099	0.782	0.118	0.001
0.098	0.001	0.900	0.001
>AGTGGTTAACCA	13-AGTGGTTAACCA	8.549096	-29.296904	0	T:78.0(3.10%),B:557.3(1.20%),P:1e-12	Tpos:324.1,Tstd:258.2,Bpos:230.4,Bstd:146.1,StrandBias:0.0,Multiplicity:1.05
0.750	0.068	0.091	0.091
0.068	0.023	0.864	0.045
0.101	0.023	0.091	0.785
0.045	0.001	0.864	0.090
0.091	0.023	0.839	0.047
0.023	0.091	0.076	0.810
0.085	0.001	0.014	0.900
0.851	0.023	0.068	0.058
0.773	0.091	0.068	0.068
0.034	0.823	0.075	0.068
0.058	0.919	0.001	0.022
0.829	0.045	0.045	0.081
>AGCCTAAGACGT	14-AGCCTAAGACGT	14.323862	-28.984634	0	T:7.0(0.28%),B:0.0(0.00%),P:1e-12	Tpos:191.1,Tstd:173.0,Bpos:0.0,Bstd:0.0,StrandBias:0.4,Multiplicity:1.00
0.997	0.001	0.001	0.001
0.001	0.001	0.997	0.001
0.001	0.997	0.001	0.001
0.001	0.997	0.001	0.001
0.001	0.001	0.001	0.997
0.997	0.001	0.001	0.001
0.997	0.001	0.001	0.001
0.199	0.001	0.799	0.001
0.997	0.001	0.001	0.001
0.001	0.799	0.199	0.001
0.001	0.199	0.799	0.001
0.001	0.199	0.001	0.799
>TTGAGTCAGCAC	15-TTGAGTCAGCAC	11.246666	-28.168556	0	T:18.0(0.72%),B:32.1(0.07%),P:1e-12	Tpos:262.1,Tstd:175.4,Bpos:211.1,Bstd:121.9,StrandBias:-0.2,Multiplicity:1.00
0.291	0.008	0.014	0.687
0.059	0.045	0.241	0.655
0.260	0.041	0.521	0.178
0.902	0.013	0.033	0.052
0.070	0.333	0.578	0.019
0.129	0.049	0.028	0.794
0.070	0.911	0.001	0.018
0.838	0.037	0.037	0.088
0.092	0.055	0.801	0.052
0.070	0.825	0.086	0.019
0.618	0.073	0.018	0.291
0.026	0.485	0.227	0.262
>AATATGAACTAA	16-AATATGAACTAA	13.570644	-27.108807	0	T:11.0(0.44%),B:8.9(0.02%),P:1e-11	Tpos:311.3,Tstd:246.0,Bpos:304.8,Bstd:145.6,StrandBias:-0.8,Multiplicity:1.00
0.997	0.001	0.001	0.001
0.874	0.124	0.001	0.001
0.124	0.001	0.001	0.874
0.874	0.124	0.001	0.001
0.001	0.001	0.124	0.874
0.124	0.001	0.874	0.001
0.997	0.001	0.001	0.001
0.749	0.125	0.001	0.125
0.001	0.997	0.001	0.001
0.001	0.001	0.001	0.997
0.874	0.124	0.001	0.001
0.997	0.001	0.001	0.001
>GACTACAWTTCC	17-GACTACAWTTCC	10.217845	-25.052368	0	T:32.0(1.27%),B:135.3(0.29%),P:1e-10	Tpos:271.8,Tstd:190.5,Bpos:217.9,Bstd:157.0,StrandBias:-0.4,Multiplicity:1.16
0.232	0.150	0.563	0.055
0.678	0.078	0.187	0.057
0.053	0.880	0.035	0.032
0.061	0.048	0.007	0.884
0.513	0.224	0.177	0.086
0.021	0.650	0.308	0.021
0.878	0.068	0.006	0.048
0.365	0.099	0.208	0.328
0.017	0.248	0.021	0.714
0.170	0.162	0.018	0.650
0.036	0.855	0.035	0.074
0.310	0.655	0.001	0.034
>CCGGAAGAGCCT	18-CCGGAAGAGCCT	12.723702	-23.602338	0	T:17.0(0.68%),B:37.0(0.08%),P:1e-10	Tpos:253.9,Tstd:174.7,Bpos:223.3,Bstd:130.7,StrandBias:-0.7,Multiplicity:1.00
0.001	0.997	0.001	0.001
0.046	0.871	0.082	0.001
0.062	0.001	0.936	0.001
0.001	0.001	0.997	0.001
0.901	0.001	0.097	0.001
0.997	0.001	0.001	0.001
0.001	0.001	0.873	0.125
0.917	0.001	0.001	0.081
0.125	0.001	0.873	0.001
0.125	0.749	0.001	0.125
0.001	0.997	0.001	0.001
0.001	0.001	0.001	0.997
>CAACAAAACTGT	19-CAACAAAACTGT	12.481456	-23.075430	0	T:22.0(0.87%),B:69.9(0.15%),P:1e-10	Tpos:234.8,Tstd:140.9,Bpos:240.0,Bstd:155.0,StrandBias:0.5,Multiplicity:1.00
0.040	0.958	0.001	0.001
0.855	0.066	0.001	0.078
0.876	0.001	0.045	0.078
0.001	0.920	0.001	0.078
0.997	0.001	0.001	0.001
0.797	0.101	0.001	0.101
0.898	0.001	0.100	0.001
0.948	0.001	0.050	0.001
0.044	0.954	0.001	0.001
0.001	0.001	0.001	0.997
0.001	0.001	0.997	0.001
0.110	0.001	0.001	0.888
>TGTCACTGAGGG	20-TGTCACTGAGGG	10.601023	-19.308290	0	T:46.0(1.83%),B:314.7(0.68%),P:1e-8	Tpos:261.8,Tstd:345.6,Bpos:238.7,Bstd:133.5,StrandBias:0.6,Multiplicity:1.02
0.153	0.001	0.001	0.845
0.001	0.001	0.997	0.001
0.001	0.001	0.001	0.997
0.179	0.668	0.152	0.001
0.941	0.001	0.001	0.057
0.001	0.997	0.001	0.001
0.001	0.203	0.001	0.795
0.001	0.249	0.749	0.001
0.523	0.245	0.141	0.091
0.001	0.001	0.914	0.084
0.251	0.085	0.663	0.001
0.001	0.040	0.789	0.170
>YGGTTGCCAGGG	21-YGGTTGCCAGGG	11.270808	-18.672862	0	T:27.0(1.07%),B:130.9(0.28%),P:1e-8	Tpos:251.7,Tstd:113.5,Bpos:238.9,Bstd:140.1,StrandBias:0.0,Multiplicity:1.13
0.241	0.326	0.001	0.432
0.120	0.016	0.777	0.087
0.032	0.017	0.915	0.036
0.040	0.065	0.046	0.849
0.064	0.001	0.041	0.894
0.001	0.085	0.892	0.022
0.001	0.581	0.013	0.405
0.064	0.859	0.057	0.020
0.557	0.033	0.032	0.378
0.233	0.001	0.475	0.291
0.032	0.021	0.926	0.021
0.389	0.033	0.577	0.001
>GTAACACCTCAC	22-GTAACACCTCAC	-4.114775	-14.364328	0	T:282.0(11.21%),B:3890.6(8.39%),P:1e-6	Tpos:292.7,Tstd:236.8,Bpos:238.5,Bstd:148.1,StrandBias:0.2,Multiplicity:1.14
0.001	0.001	0.997	0.001
0.001	0.001	0.001	0.997
0.885	0.001	0.113	0.001
0.997	0.001	0.001	0.001
0.001	0.997	0.001	0.001
0.997	0.001	0.001	0.001
0.001	0.997	0.001	0.001
0.001	0.997	0.001	0.001
0.001	0.001	0.001	0.997
0.001	0.997	0.001	0.001
0.885	0.001	0.113	0.001
0.001	0.997	0.001	0.001
>CTGCTGAGGTAC	23-CTGCTGAGGTAC	14.569924	-5.208816	0	T:2.0(0.08%),B:3.0(0.01%),P:1e-2	Tpos:115.1,Tstd:66.9,Bpos:259.9,Bstd:101.8,StrandBias:2.8,Multiplicity:4.00
0.001	0.997	0.001	0.001
0.001	0.001	0.001	0.997
0.001	0.001	0.997	0.001
0.001	0.867	0.001	0.131
0.001	0.001	0.001	0.997
0.001	0.001	0.997	0.001
0.997	0.001	0.001	0.001
0.001	0.001	0.997	0.001
0.001	0.001	0.997	0.001
0.001	0.001	0.001	0.997
0.997	0.001	0.001	0.001
0.001	0.997	0.001	0.001
>TGCTAACACACT	24-TGCTAACACACT	12.355432	-4.433589	0	T:2.0(0.08%),B:3.1(0.01%),P:1e-1	Tpos:191.1,Tstd:101.5,Bpos:218.2,Bstd:20.6,StrandBias:2.8,Multiplicity:4.00
0.100	0.100	0.100	0.700
0.100	0.100	0.700	0.100
0.100	0.700	0.100	0.100
0.100	0.100	0.100	0.700
0.700	0.100	0.100	0.100
0.700	0.100	0.100	0.100
0.100	0.700	0.100	0.100
0.700	0.100	0.100	0.100
0.100	0.700	0.100	0.100
0.700	0.100	0.100	0.100
0.100	0.700	0.100	0.100
0.100	0.100	0.100	0.700
>AATGAGTATACA	25-AATGAGTATACA	12.355432	-2.275388	0	T:1.0(0.04%),B:2.4(0.01%),P:1e0	Tpos:147.9,Tstd:90.5,Bpos:273.0,Bstd:33.2,StrandBias:10.0,Multiplicity:16.00
0.700	0.100	0.100	0.100
0.700	0.100	0.100	0.100
0.100	0.100	0.100	0.700
0.100	0.100	0.700	0.100
0.700	0.100	0.100	0.100
0.100	0.100	0.700	0.100
0.100	0.100	0.100	0.700
0.700	0.100	0.100	0.100
0.100	0.100	0.100	0.700
0.700	0.100	0.100	0.100
0.100	0.700	0.100	0.100
0.700	0.100	0.100	0.100
>TGTGGTTW	1-TGTGGTTW	6.742687	-178.597902	0	T:884.0(35.15%),B:8922.4(19.23%),P:1e-77	Tpos:293.1,Tstd:269.0,Bpos:236.0,Bstd:143.4,StrandBias:-0.0,Multiplicity:1.35
0.098	0.054	0.097	0.751
0.016	0.049	0.807	0.128
0.037	0.106	0.116	0.741
0.013	0.038	0.948	0.001
0.045	0.035	0.919	0.001
0.001	0.096	0.058	0.845
0.158	0.227	0.029	0.586
0.408	0.001	0.074	0.517
>AGGAAGTG	2-AGGAAGTG	7.978399	-107.274615	0	T:632.0(25.13%),B:6592.6(14.21%),P:1e-46	Tpos:314.8,Tstd:251.1,Bpos:238.3,Bstd:139.8,StrandBias:0.1,Multiplicity:1.19
0.928	0.070	0.001	0.001
0.001	0.012	0.986	0.001
0.086	0.001	0.912	0.001
0.997	0.001	0.001	0.001
0.902	0.001	0.001	0.096
0.136	0.001	0.862	0.001
0.001	0.001	0.001	0.997
0.083	0.001	0.915	0.001
>GCGGTTTC	3-GCGGTTTC	4.354881	-100.702201	0	T:1390.0(55.27%),B:19218.4(41.43%),P:1e-43	Tpos:308.8,Tstd:243.4,Bpos:236.6,Bstd:150.4,StrandBias:-0.0,Multiplicity:1.50
0.118	0.120	0.598	0.164
0.134	0.606	0.101	0.159
0.146	0.097	0.642	0.115
0.092	0.119	0.661	0.128
0.096	0.124	0.113	0.667
0.109	0.085	0.128	0.678
0.183	0.100	0.120	0.597
0.144	0.551	0.124	0.181
>ACAGGAAG	4-ACAGGAAG	8.563062	-94.224693	0	T:482.0(19.17%),B:4717.3(10.17%),P:1e-40	Tpos:293.7,Tstd:231.3,Bpos:237.5,Bstd:137.5,StrandBias:-0.2,Multiplicity:1.21
0.997	0.001	0.001	0.001
0.001	0.997	0.001	0.001
0.997	0.001	0.001	0.001
0.001	0.001	0.997	0.001
0.001	0.001	0.997	0.001
0.997	0.001	0.001	0.001
0.894	0.001	0.001	0.104
0.216	0.001	0.782	0.001
>TGACTCAT	5-TGACTCAT	6.860658	-72.641859	0	T:351.0(13.96%),B:3326.1(7.17%),P:1e-31	Tpos:278.4,Tstd:218.8,Bpos:235.5,Bstd:141.2,StrandBias:-0.0,Multiplicity:1.11
0.001	0.001	0.001	0.997
0.001	0.001	0.935	0.063
0.997	0.001	0.001	0.001
0.001	0.684	0.314	0.001
0.001	0.001	0.001	0.997
0.001	0.997	0.001	0.001
0.997	0.001	0.001	0.001
0.133	0.119	0.001	0.747
>AGAGGGCG	6-AGAGGGCG	6.460638	-51.373126	0	T:326.0(12.96%),B:3406.0(7.34%),P:1e-22	Tpos:326.3,Tstd:256.4,Bpos:233.2,Bstd:152.5,StrandBias:0.1,Multiplicity:1.19
0.997	0.001	0.001	0.001
0.001	0.001	0.997	0.001
0.933	0.001	0.065	0.001
0.001	0.001	0.832	0.166
0.080	0.001	0.918	0.001
0.001	0.001	0.997	0.001
0.001	0.997	0.001	0.001
0.001	0.001	0.997	0.001
>CCCCGCCC	7-CCCCGCCC	9.096643	-47.241660	0	T:365.0(14.51%),B:4063.1(8.76%),P:1e-20	Tpos:339.7,Tstd:242.7,Bpos:234.5,Bstd:153.7,StrandBias:-0.1,Multiplicity:1.52
0.001	0.941	0.001	0.057
0.067	0.745	0.001	0.187
0.001	0.997	0.001	0.001
0.001	0.997	0.001	0.001
0.001	0.001	0.872	0.126
0.035	0.963	0.001	0.001
0.001	0.997	0.001	0.001
0.001	0.930	0.001	0.068
>CTGTGGCT	8-CTGTGGCT	7.710784	-35.933858	0	T:526.0(20.91%),B:6893.8(14.86%),P:1e-15	Tpos:305.4,Tstd:269.9,Bpos:236.8,Bstd:141.9,StrandBias:-0.0,Multiplicity:1.19
0.001	0.676	0.001	0.322
0.001	0.001	0.001	0.997
0.001	0.001	0.997	0.001
0.001	0.001	0.001	0.997
0.001	0.001	0.997	0.001
0.001	0.001	0.997	0.001
0.001	0.874	0.124	0.001
0.132	0.001	0.001	0.866
>TTGABGTS	9-TTGABGTS	7.459791	-29.134204	0	T:255.0(10.14%),B:2934.9(6.33%),P:1e-12	Tpos:297.4,Tstd:241.7,Bpos:237.1,Bstd:139.6,StrandBias:-0.1,Multiplicity:1.06
0.001	0.001	0.001	0.997
0.001	0.041	0.001	0.957
0.059	0.001	0.939	0.001
0.997	0.001	0.001	0.001
0.001	0.365	0.360	0.275
0.151	0.001	0.847	0.001
0.152	0.078	0.075	0.695
0.140	0.483	0.376	0.001
>TGTKGTGA	10-TGTKGTGA	6.297185	-28.535700	0	T:426.0(16.94%),B:5583.6(12.04%),P:1e-12	Tpos:269.6,Tstd:220.2,Bpos:239.5,Bstd:143.3,StrandBias:-0.1,Multiplicity:1.13
0.001	0.001	0.001	0.997
0.001	0.001	0.997	0.001
0.001	0.421	0.001	0.577
0.001	0.001	0.555	0.443
0.001	0.001	0.997	0.001
0.001	0.001	0.001	0.997
0.001	0.001	0.997	0.001
0.962	0.001	0.036	0.001
>AGGTGTTA	11-AGGTGTTA	8.566666	-24.320656	0	T:153.0(6.08%),B:1595.7(3.44%),P:1e-10	Tpos:289.5,Tstd:251.7,Bpos:232.2,Bstd:138.4,StrandBias:-0.1,Multiplicity:1.11
0.997	0.001	0.001	0.001
0.001	0.049	0.949	0.001
0.001	0.001	0.997	0.001
0.001	0.001	0.125	0.873
0.001	0.001	0.997	0.001
0.001	0.001	0.001	0.997
0.001	0.312	0.001	0.686
0.997	0.001	0.001	0.001
>GGYGTSKY	12-GGYGTSKY	7.759340	-24.185326	0	T:233.0(9.26%),B:2753.8(5.94%),P:1e-10	Tpos:295.1,Tstd:224.5,Bpos:235.5,Bstd:152.5,StrandBias:0.2,Multiplicity:1.12
0.001	0.141	0.668	0.190
0.001	0.059	0.939	0.001
0.001	0.558	0.001	0.440
0.001	0.001	0.925	0.073
0.001	0.001	0.011	0.987
0.001	0.463	0.507	0.029
0.011	0.019	0.411	0.559
0.001	0.537	0.001	0.461
>AGGCGGAG	13-AGGCGGAG	7.272413	-21.888391	0	T:367.0(14.59%),B:4914.5(10.59%),P:1e-9	Tpos:337.0,Tstd:245.6,Bpos:235.9,Bstd:150.1,StrandBias:-0.1,Multiplicity:1.32
0.881	0.117	0.001	0.001
0.076	0.001	0.922	0.001
0.001	0.001	0.997	0.001
0.001	0.829	0.169	0.001
0.001	0.001	0.997	0.001
0.001	0.001	0.997	0.001
0.836	0.001	0.162	0.001
0.001	0.001	0.997	0.001
>ACTTTCAC	14-ACTTTCAC	8.236954	-21.215472	0	T:69.0(2.74%),B:554.5(1.20%),P:1e-9	Tpos:302.0,Tstd:318.5,Bpos:233.3,Bstd:147.7,StrandBias:-0.3,Multiplicity:1.05
0.700	0.100	0.100	0.100
0.100	0.700	0.100	0.100
0.100	0.100	0.100	0.700
0.100	0.100	0.100	0.700
0.100	0.100	0.100	0.700
0.100	0.700	0.100	0.100
0.700	0.100	0.100	0.100
0.100	0.700	0.100	0.100
>GTATACKC	15-GTATACKC	5.932478	-10.316166	0	T:375.0(14.91%),B:5666.6(12.21%),P:1e-4	Tpos:295.7,Tstd:241.4,Bpos:236.8,Bstd:140.3,StrandBias:-0.2,Multiplicity:1.15
0.098	0.189	0.712	0.001
0.001	0.152	0.001	0.846
0.813	0.001	0.001	0.185
0.199	0.001	0.135	0.665
0.738	0.090	0.171	0.001
0.001	0.997	0.001	0.001
0.001	0.207	0.422	0.370
0.027	0.936	0.036	0.001
