>NYCACTTCCTGT	1-NYCACTTCCTGT	8.622656	-176.996765	0	T:531.0(21.11%),B:4124.9(8.89%),P:1e-76	Tpos:309.5,Tstd:241.7,Bpos:239.2,Bstd:135.3,StrandBias:0.1,Multiplicity:1.16
0.258	0.239	0.267	0.236
0.117	0.365	0.171	0.347
0.034	0.535	0.183	0.248
0.613	0.071	0.249	0.067
0.001	0.689	0.001	0.309
0.105	0.081	0.001	0.813
0.001	0.001	0.001	0.997
0.039	0.959	0.001	0.001
0.001	0.997	0.001	0.001
0.001	0.001	0.014	0.984
0.001	0.220	0.664	0.115
0.019	0.220	0.009	0.752
>VCTAACCACAGA	2-VCTAACCACAGA	7.649781	-130.872765	0	T:753.0(29.94%),B:7888.5(17.00%),P:1e-56	Tpos:273.0,Tstd:214.9,Bpos:235.7,Bstd:138.9,StrandBias:0.1,Multiplicity:1.21
0.324	0.294	0.273	0.110
0.218	0.402	0.210	0.170
0.222	0.221	0.035	0.522
0.505	0.144	0.298	0.053
0.604	0.004	0.391	0.001
0.143	0.855	0.001	0.001
0.001	0.997	0.001	0.001
0.679	0.064	0.001	0.256
0.001	0.997	0.001	0.001
0.977	0.001	0.001	0.021
0.339	0.043	0.617	0.001
0.467	0.096	0.303	0.135
>GCCACCTGGTGG	3-GCCACCTGGTGG	10.339811	-119.392529	0	T:127.0(5.05%),B:420.2(0.91%),P:1e-51	Tpos:228.9,Tstd:189.9,Bpos:227.5,Bstd:145.1,StrandBias:-0.2,Multiplicity:1.03
0.015	0.001	0.759	0.225
0.152	0.660	0.164	0.024
0.001	0.985	0.013	0.001
0.542	0.369	0.078	0.011
0.015	0.735	0.001	0.249
0.001	0.980	0.001	0.018
0.239	0.001	0.085	0.675
0.366	0.001	0.582	0.051
0.063	0.096	0.822	0.019
0.029	0.182	0.136	0.653
0.076	0.001	0.922	0.001
0.105	0.001	0.766	0.128
>MNWAACCRCASM	4-MNWAACCRCASM	5.788507	-109.596309	0	T:1209.0(48.07%),B:15752.3(33.96%),P:1e-47	Tpos:301.0,Tstd:262.6,Bpos:236.7,Bstd:145.2,StrandBias:-0.1,Multiplicity:1.31
0.395	0.262	0.183	0.159
0.185	0.307	0.228	0.280
0.471	0.172	0.021	0.337
0.693	0.096	0.052	0.159
0.942	0.024	0.033	0.001
0.101	0.889	0.001	0.009
0.085	0.815	0.007	0.093
0.490	0.009	0.494	0.007
0.056	0.924	0.019	0.001
0.658	0.164	0.064	0.114
0.162	0.380	0.409	0.050
0.365	0.333	0.092	0.210
>TGAAACCACAAC	5-TGAAACCACAAC	7.141302	-107.362589	0	T:600.0(23.86%),B:6128.6(13.21%),P:1e-46	Tpos:301.5,Tstd:264.5,Bpos:237.2,Bstd:143.6,StrandBias:0.1,Multiplicity:1.27
0.141	0.071	0.138	0.650
0.130	0.126	0.639	0.105
0.726	0.142	0.024	0.108
0.775	0.066	0.083	0.076
0.813	0.069	0.102	0.016
0.079	0.786	0.058	0.077
0.024	0.896	0.001	0.079
0.886	0.021	0.010	0.083
0.100	0.801	0.069	0.030
0.866	0.098	0.005	0.031
0.605	0.132	0.135	0.128
0.198	0.567	0.115	0.120
>AMCCACATYCTK	6-AMCCACATYCTK	9.586576	-91.744397	0	T:151.0(6.00%),B:761.7(1.64%),P:1e-39	Tpos:285.0,Tstd:209.7,Bpos:243.7,Bstd:131.6,StrandBias:-0.1,Multiplicity:1.05
0.516	0.081	0.287	0.116
0.466	0.378	0.155	0.001
0.010	0.945	0.029	0.016
0.028	0.970	0.001	0.001
0.902	0.050	0.023	0.025
0.094	0.602	0.153	0.151
0.736	0.042	0.001	0.221
0.001	0.190	0.019	0.790
0.078	0.409	0.048	0.466
0.029	0.890	0.058	0.023
0.019	0.029	0.001	0.951
0.074	0.171	0.366	0.389
>WGAAAGTGAAAC	7-WGAAAGTGAAAC	8.731137	-77.626586	0	T:314.0(12.49%),B:2756.7(5.94%),P:1e-33	Tpos:300.8,Tstd:242.0,Bpos:236.8,Bstd:140.4,StrandBias:0.1,Multiplicity:1.14
0.391	0.011	0.218	0.380
0.062	0.061	0.815	0.062
0.788	0.001	0.192	0.019
0.870	0.028	0.033	0.069
0.950	0.001	0.001	0.048
0.234	0.285	0.462	0.019
0.195	0.084	0.039	0.682
0.126	0.028	0.845	0.001
0.864	0.052	0.034	0.050
0.807	0.128	0.029	0.036
0.974	0.001	0.024	0.001
0.142	0.550	0.275	0.033
>RGDGGGCGGGGC	8-RGDGGGCGGGGC	8.418452	-74.516402	0	T:603.0(23.98%),B:6909.6(14.89%),P:1e-32	Tpos:320.7,Tstd:229.9,Bpos:235.3,Bstd:145.3,StrandBias:0.0,Multiplicity:1.54
0.313	0.224	0.404	0.060
0.193	0.205	0.506	0.096
0.382	0.008	0.365	0.245
0.373	0.001	0.625	0.001
0.001	0.001	0.997	0.001
0.001	0.001	0.994	0.004
0.318	0.490	0.001	0.190
0.087	0.124	0.788	0.001
0.001	0.021	0.732	0.246
0.244	0.001	0.754	0.001
0.059	0.096	0.844	0.001
0.094	0.610	0.041	0.255
>WGAVTGASTCAT	9-WGAVTGASTCAT	9.583689	-72.117525	0	T:148.0(5.88%),B:882.5(1.90%),P:1e-31	Tpos:256.6,Tstd:189.3,Bpos:232.6,Bstd:136.9,StrandBias:0.0,Multiplicity:1.04
0.335	0.160	0.174	0.331
0.273	0.229	0.497	0.001
0.510	0.001	0.198	0.291
0.278	0.226	0.375	0.121
0.001	0.001	0.001	0.997
0.001	0.021	0.957	0.021
0.978	0.001	0.020	0.001
0.042	0.480	0.477	0.001
0.001	0.001	0.001	0.997
0.001	0.997	0.001	0.001
0.980	0.018	0.001	0.001
0.154	0.295	0.007	0.544
>RGGGAAAYYCCC	10-RGGGAAAYYCCC	8.181623	-69.424141	0	T:339.0(13.48%),B:3223.1(6.95%),P:1e-30	Tpos:306.9,Tstd:276.0,Bpos:237.4,Bstd:136.2,StrandBias:-0.1,Multiplicity:1.11
0.349	0.001	0.475	0.175
0.200	0.001	0.764	0.035
0.022	0.001	0.976	0.001
0.314	0.107	0.572	0.007
0.730	0.001	0.268	0.001
0.997	0.001	0.001	0.001
0.539	0.115	0.212	0.134
0.204	0.302	0.127	0.367
0.165	0.465	0.040	0.331
0.013	0.757	0.001	0.229
0.001	0.937	0.001	0.061
0.255	0.474	0.001	0.270
>ACCACATCAAAG	11-ACCACATCAAAG	9.354131	-54.243823	0	T:107.0(4.25%),B:622.2(1.34%),P:1e-23	Tpos:328.6,Tstd:248.4,Bpos:244.7,Bstd:138.1,StrandBias:-0.6,Multiplicity:1.04
0.671	0.133	0.167	0.029
0.032	0.843	0.055	0.070
0.005	0.929	0.031	0.035
0.896	0.044	0.001	0.059
0.035	0.922	0.025	0.018
0.855	0.057	0.035	0.053
0.076	0.063	0.063	0.798
0.053	0.822	0.072	0.053
0.883	0.053	0.035	0.029
0.803	0.078	0.084	0.035
0.840	0.014	0.111	0.035
0.109	0.061	0.742	0.088
>CACTAGAGGGCG	12-CACTAGAGGGCG	13.384598	-36.787625	0	T:21.0(0.83%),B:30.8(0.07%),P:1e-15	Tpos:227.1,Tstd:132.5,Bpos:280.1,Bstd:140.8,StrandBias:0.2,Multiplicity:1.00
0.001	0.997	0.001	0.001
0.847	0.001	0.001	0.151
0.151	0.847	0.001	0.001
0.001	0.001	0.001	0.997
0.997	0.001	0.001	0.001
0.001	0.001	0.997	0.001
0.997	0.001	0.001	0.001
0.001	0.001	0.997	0.001
0.151	0.001	0.847	0.001
0.001	0.151	0.847	0.001
0.099	0.782	0.118	0.001
0.098	0.001	0.900	0.001
>AGTGGTTAACCA	13-AGTGGTTAACCA	8.549096	-29.296904	0	T:78.0(3.10%),B:557.3(1.20%),P:1e-12	Tpos:324.1,Tstd:258.2,Bpos:230.4,Bstd:146.1,StrandBias:0.0,Multiplicity:1.05
0.750	0.068	0.091	0.091
0.068	0.023	0.864	0.045
0.101	0.023	0.091	0.785
0.045	0.001	0.864	0.090
0.091	0.023	0.839	0.047
0.023	0.091	0.076	0.810
0.085	0.001	0.014	0.900
0.851	0.023	0.068	0.058
0.773	0.091	0.068	0.068
0.034	0.823	0.075	0.068
0.058	0.919	0.001	0.022
0.829	0.045	0.045	0.081
>AGCCTAAGACGT	14-AGCCTAAGACGT	14.323862	-28.984634	0	T:7.0(0.28%),B:0.0(0.00%),P:1e-12	Tpos:191.1,Tstd:173.0,Bpos:0.0,Bstd:0.0,StrandBias:0.4,Multiplicity:1.00
0.997	0.001	0.001	0.001
0.001	0.001	0.997	0.001
0.001	0.997	0.001	0.001
0.001	0.997	0.001	0.001
0.001	0.001	0.001	0.997
0.997	0.001	0.001	0.001
0.997	0.001	0.001	0.001
0.199	0.001	0.799	0.001
0.997	0.001	0.001	0.001
0.001	0.799	0.199	0.001
0.001	0.199	0.799	0.001
0.001	0.199	0.001	0.799
>TTGAGTCAGCAC	15-TTGAGTCAGCAC	11.246666	-28.168556	0	T:18.0(0.72%),B:32.1(0.07%),P:1e-12	Tpos:262.1,Tstd:175.4,Bpos:211.1,Bstd:121.9,StrandBias:-0.2,Multiplicity:1.00
0.291	0.008	0.014	0.687
0.059	0.045	0.241	0.655
0.260	0.041	0.521	0.178
0.902	0.013	0.033	0.052
0.070	0.333	0.578	0.019
0.129	0.049	0.028	0.794
0.070	0.911	0.001	0.018
0.838	0.037	0.037	0.088
0.092	0.055	0.801	0.052
0.070	0.825	0.086	0.019
0.618	0.073	0.018	0.291
0.026	0.485	0.227	0.262
>AATATGAACTAA	16-AATATGAACTAA	13.570644	-27.108807	0	T:11.0(0.44%),B:8.9(0.02%),P:1e-11	Tpos:311.3,Tstd:246.0,Bpos:304.8,Bstd:145.6,StrandBias:-0.8,Multiplicity:1.00
0.997	0.001	0.001	0.001
0.874	0.124	0.001	0.001
0.124	0.001	0.001	0.874
0.874	0.124	0.001	0.001
0.001	0.001	0.124	0.874
0.124	0.001	0.874	0.001
0.997	0.001	0.001	0.001
0.749	0.125	0.001	0.125
0.001	0.997	0.001	0.001
0.001	0.001	0.001	0.997
0.874	0.124	0.001	0.001
0.997	0.001	0.001	0.001
>GACTACAWTTCC	17-GACTACAWTTCC	10.217845	-25.052368	0	T:32.0(1.27%),B:135.3(0.29%),P:1e-10	Tpos:271.8,Tstd:190.5,Bpos:217.9,Bstd:157.0,StrandBias:-0.4,Multiplicity:1.16
0.232	0.150	0.563	0.055
0.678	0.078	0.187	0.057
0.053	0.880	0.035	0.032
0.061	0.048	0.007	0.884
0.513	0.224	0.177	0.086
0.021	0.650	0.308	0.021
0.878	0.068	0.006	0.048
0.365	0.099	0.208	0.328
0.017	0.248	0.021	0.714
0.170	0.162	0.018	0.650
0.036	0.855	0.035	0.074
0.310	0.655	0.001	0.034
>CCGGAAGAGCCT	18-CCGGAAGAGCCT	12.723702	-23.602338	0	T:17.0(0.68%),B:37.0(0.08%),P:1e-10	Tpos:253.9,Tstd:174.7,Bpos:223.3,Bstd:130.7,StrandBias:-0.7,Multiplicity:1.00
0.001	0.997	0.001	0.001
0.046	0.871	0.082	0.001
0.062	0.001	0.936	0.001
0.001	0.001	0.997	0.001
0.901	0.001	0.097	0.001
0.997	0.001	0.001	0.001
0.001	0.001	0.873	0.125
0.917	0.001	0.001	0.081
0.125	0.001	0.873	0.001
0.125	0.749	0.001	0.125
0.001	0.997	0.001	0.001
0.001	0.001	0.001	0.997
>CAACAAAACTGT	19-CAACAAAACTGT	12.481456	-23.075430	0	T:22.0(0.87%),B:69.9(0.15%),P:1e-10	Tpos:234.8,Tstd:140.9,Bpos:240.0,Bstd:155.0,StrandBias:0.5,Multiplicity:1.00
0.040	0.958	0.001	0.001
0.855	0.066	0.001	0.078
0.876	0.001	0.045	0.078
0.001	0.920	0.001	0.078
0.997	0.001	0.001	0.001
0.797	0.101	0.001	0.101
0.898	0.001	0.100	0.001
0.948	0.001	0.050	0.001
0.044	0.954	0.001	0.001
0.001	0.001	0.001	0.997
0.001	0.001	0.997	0.001
0.110	0.001	0.001	0.888
>TGTCACTGAGGG	20-TGTCACTGAGGG	10.601023	-19.308290	0	T:46.0(1.83%),B:314.7(0.68%),P:1e-8	Tpos:261.8,Tstd:345.6,Bpos:238.7,Bstd:133.5,StrandBias:0.6,Multiplicity:1.02
0.153	0.001	0.001	0.845
0.001	0.001	0.997	0.001
0.001	0.001	0.001	0.997
0.179	0.668	0.152	0.001
0.941	0.001	0.001	0.057
0.001	0.997	0.001	0.001
0.001	0.203	0.001	0.795
0.001	0.249	0.749	0.001
0.523	0.245	0.141	0.091
0.001	0.001	0.914	0.084
0.251	0.085	0.663	0.001
0.001	0.040	0.789	0.170
>YGGTTGCCAGGG	21-YGGTTGCCAGGG	11.270808	-18.672862	0	T:27.0(1.07%),B:130.9(0.28%),P:1e-8	Tpos:251.7,Tstd:113.5,Bpos:238.9,Bstd:140.1,StrandBias:0.0,Multiplicity:1.13
0.241	0.326	0.001	0.432
0.120	0.016	0.777	0.087
0.032	0.017	0.915	0.036
0.040	0.065	0.046	0.849
0.064	0.001	0.041	0.894
0.001	0.085	0.892	0.022
0.001	0.581	0.013	0.405
0.064	0.859	0.057	0.020
0.557	0.033	0.032	0.378
0.233	0.001	0.475	0.291
0.032	0.021	0.926	0.021
0.389	0.033	0.577	0.001
>GTAACACCTCAC	22-GTAACACCTCAC	-4.114775	-14.364328	0	T:282.0(11.21%),B:3890.6(8.39%),P:1e-6	Tpos:292.7,Tstd:236.8,Bpos:238.5,Bstd:148.1,StrandBias:0.2,Multiplicity:1.14
0.001	0.001	0.997	0.001
0.001	0.001	0.001	0.997
0.885	0.001	0.113	0.001
0.997	0.001	0.001	0.001
0.001	0.997	0.001	0.001
0.997	0.001	0.001	0.001
0.001	0.997	0.001	0.001
0.001	0.997	0.001	0.001
0.001	0.001	0.001	0.997
0.001	0.997	0.001	0.001
0.885	0.001	0.113	0.001
0.001	0.997	0.001	0.001
>CTGCTGAGGTAC	23-CTGCTGAGGTAC	14.569924	-5.208816	0	T:2.0(0.08%),B:3.0(0.01%),P:1e-2	Tpos:115.1,Tstd:66.9,Bpos:259.9,Bstd:101.8,StrandBias:2.8,Multiplicity:4.00
0.001	0.997	0.001	0.001
0.001	0.001	0.001	0.997
0.001	0.001	0.997	0.001
0.001	0.867	0.001	0.131
0.001	0.001	0.001	0.997
0.001	0.001	0.997	0.001
0.997	0.001	0.001	0.001
0.001	0.001	0.997	0.001
0.001	0.001	0.997	0.001
0.001	0.001	0.001	0.997
0.997	0.001	0.001	0.001
0.001	0.997	0.001	0.001
>TGCTAACACACT	24-TGCTAACACACT	12.355432	-4.433589	0	T:2.0(0.08%),B:3.1(0.01%),P:1e-1	Tpos:191.1,Tstd:101.5,Bpos:218.2,Bstd:20.6,StrandBias:2.8,Multiplicity:4.00
0.100	0.100	0.100	0.700
0.100	0.100	0.700	0.100
0.100	0.700	0.100	0.100
0.100	0.100	0.100	0.700
0.700	0.100	0.100	0.100
0.700	0.100	0.100	0.100
0.100	0.700	0.100	0.100
0.700	0.100	0.100	0.100
0.100	0.700	0.100	0.100
0.700	0.100	0.100	0.100
0.100	0.700	0.100	0.100
0.100	0.100	0.100	0.700
>AATGAGTATACA	25-AATGAGTATACA	12.355432	-2.275388	0	T:1.0(0.04%),B:2.4(0.01%),P:1e0	Tpos:147.9,Tstd:90.5,Bpos:273.0,Bstd:33.2,StrandBias:10.0,Multiplicity:16.00
0.700	0.100	0.100	0.100
0.700	0.100	0.100	0.100
0.100	0.100	0.100	0.700
0.100	0.100	0.700	0.100
0.700	0.100	0.100	0.100
0.100	0.100	0.700	0.100
0.100	0.100	0.100	0.700
0.700	0.100	0.100	0.100
0.100	0.100	0.100	0.700
0.700	0.100	0.100	0.100
0.100	0.700	0.100	0.100
0.700	0.100	0.100	0.100
