>NWAACCACAD	1-NWAACCACAD	6.849639	-203.737957	0	T:935.0(37.18%),B:9237.4(19.91%),P:1e-88	Tpos:292.0,Tstd:258.7,Bpos:235.7,Bstd:142.5,StrandBias:0.1,Multiplicity:1.38
0.237	0.290	0.295	0.178
0.421	0.135	0.100	0.344
0.660	0.001	0.201	0.138
0.853	0.001	0.145	0.001
0.001	0.997	0.001	0.001
0.001	0.997	0.001	0.001
0.818	0.022	0.159	0.001
0.148	0.786	0.065	0.001
0.669	0.113	0.019	0.199
0.338	0.142	0.331	0.190
>ACAGGAAGTG	2-ACAGGAAGTG	7.466810	-156.299262	0	T:674.0(26.80%),B:6295.8(13.57%),P:1e-67	Tpos:308.4,Tstd:245.6,Bpos:237.6,Bstd:137.9,StrandBias:-0.0,Multiplicity:1.25
0.701	0.058	0.196	0.045
0.106	0.727	0.141	0.026
0.889	0.047	0.052	0.012
0.021	0.041	0.921	0.017
0.086	0.036	0.839	0.039
0.960	0.013	0.013	0.014
0.798	0.040	0.064	0.098
0.154	0.057	0.763	0.026
0.044	0.107	0.063	0.786
0.185	0.097	0.621	0.097
>GAAAGYGAAA	3-GAAAGYGAAA	6.473852	-78.770236	0	T:384.0(15.27%),B:3660.7(7.89%),P:1e-34	Tpos:307.5,Tstd:240.3,Bpos:233.8,Bstd:144.4,StrandBias:0.2,Multiplicity:1.18
0.183	0.132	0.569	0.116
0.584	0.138	0.138	0.140
0.693	0.117	0.066	0.124
0.610	0.088	0.129	0.173
0.165	0.247	0.486	0.103
0.203	0.266	0.149	0.382
0.217	0.071	0.635	0.077
0.634	0.134	0.101	0.131
0.620	0.130	0.158	0.092
0.701	0.102	0.119	0.078
>GCCCCGCCCY	4-GCCCCGCCCY	8.081631	-76.220802	0	T:596.0(23.70%),B:6760.3(14.57%),P:1e-33	Tpos:310.4,Tstd:214.9,Bpos:237.1,Bstd:146.7,StrandBias:-0.1,Multiplicity:1.69
0.147	0.001	0.800	0.052
0.081	0.744	0.068	0.107
0.001	0.681	0.001	0.317
0.176	0.775	0.001	0.048
0.001	0.928	0.001	0.070
0.112	0.001	0.674	0.213
0.001	0.997	0.001	0.001
0.001	0.997	0.001	0.001
0.001	0.789	0.001	0.209
0.215	0.395	0.017	0.373
>ATGASTCABY	5-ATGASTCABY	7.012541	-75.144818	0	T:406.0(16.14%),B:4029.6(8.69%),P:1e-32	Tpos:283.0,Tstd:227.1,Bpos:236.1,Bstd:139.9,StrandBias:0.1,Multiplicity:1.13
0.503	0.164	0.197	0.136
0.071	0.001	0.001	0.927
0.001	0.038	0.900	0.061
0.830	0.084	0.017	0.069
0.001	0.441	0.521	0.037
0.001	0.001	0.050	0.948
0.105	0.845	0.049	0.001
0.909	0.001	0.074	0.016
0.132	0.201	0.350	0.317
0.223	0.381	0.040	0.356
>CCACTAGGTG	6-CCACTAGGTG	9.283109	-70.547094	0	T:123.0(4.89%),B:650.1(1.40%),P:1e-30	Tpos:239.7,Tstd:153.7,Bpos:225.9,Bstd:143.5,StrandBias:0.2,Multiplicity:1.02
0.007	0.938	0.001	0.054
0.039	0.826	0.134	0.001
0.889	0.002	0.095	0.014
0.066	0.798	0.120	0.016
0.031	0.383	0.001	0.585
0.695	0.030	0.001	0.274
0.133	0.084	0.744	0.039
0.220	0.004	0.775	0.001
0.012	0.001	0.293	0.694
0.034	0.008	0.957	0.001
>GGGDWWTTCC	7-GGGDWWTTCC	6.638732	-68.406561	0	T:216.0(8.59%),B:1674.8(3.61%),P:1e-29	Tpos:329.5,Tstd:310.2,Bpos:234.5,Bstd:137.5,StrandBias:0.5,Multiplicity:1.09
0.238	0.025	0.720	0.017
0.162	0.227	0.574	0.037
0.175	0.018	0.659	0.148
0.352	0.101	0.229	0.318
0.384	0.211	0.081	0.324
0.404	0.014	0.125	0.458
0.004	0.169	0.293	0.534
0.021	0.371	0.011	0.597
0.159	0.511	0.028	0.302
0.153	0.817	0.027	0.003
>AGRTRGCGCY	8-AGRTRGCGCY	6.847423	-43.925894	0	T:80.0(3.18%),B:441.2(0.95%),P:1e-19	Tpos:291.9,Tstd:221.3,Bpos:239.7,Bstd:155.3,StrandBias:0.0,Multiplicity:1.01
0.728	0.091	0.156	0.025
0.035	0.224	0.457	0.284
0.489	0.136	0.354	0.020
0.253	0.029	0.235	0.482
0.514	0.012	0.461	0.013
0.216	0.156	0.484	0.144
0.242	0.637	0.013	0.108
0.167	0.016	0.745	0.072
0.237	0.534	0.217	0.012
0.151	0.422	0.081	0.346
>ACTTTCGTTT	9-ACTTTCGTTT	7.381184	-41.782086	0	T:182.0(7.24%),B:1643.7(3.54%),P:1e-18	Tpos:324.4,Tstd:270.0,Bpos:245.3,Bstd:147.9,StrandBias:-0.3,Multiplicity:1.02
0.756	0.089	0.079	0.076
0.039	0.746	0.168	0.047
0.062	0.110	0.053	0.775
0.048	0.080	0.088	0.784
0.020	0.117	0.063	0.800
0.041	0.822	0.108	0.029
0.079	0.045	0.824	0.052
0.031	0.059	0.021	0.889
0.086	0.057	0.035	0.822
0.128	0.027	0.051	0.794
>GYKARBCWCA	10-GYKARBCWCA	5.957548	-41.319330	0	T:744.0(29.58%),B:10241.1(22.08%),P:1e-17	Tpos:308.8,Tstd:266.4,Bpos:239.6,Bstd:145.3,StrandBias:0.2,Multiplicity:1.23
0.064	0.045	0.875	0.016
0.016	0.516	0.015	0.453
0.025	0.148	0.449	0.378
0.762	0.138	0.092	0.008
0.490	0.031	0.415	0.063
0.001	0.412	0.272	0.315
0.001	0.809	0.085	0.105
0.348	0.027	0.235	0.390
0.134	0.755	0.071	0.040
0.717	0.075	0.188	0.020
>GTGDBDMACY	11-GTGDBDMACY	7.015801	-37.470203	0	T:251.0(9.98%),B:2663.3(5.74%),P:1e-16	Tpos:324.2,Tstd:266.4,Bpos:237.6,Bstd:145.6,StrandBias:-0.2,Multiplicity:1.08
0.176	0.001	0.756	0.067
0.274	0.001	0.188	0.537
0.001	0.405	0.559	0.035
0.325	0.102	0.307	0.266
0.119	0.325	0.351	0.205
0.415	0.001	0.293	0.291
0.545	0.453	0.001	0.001
0.994	0.004	0.001	0.001
0.001	0.670	0.328	0.001
0.001	0.570	0.001	0.428
>ATGAAACCAG	12-ATGAAACCAG	9.330358	-34.154967	0	T:95.0(3.78%),B:692.6(1.49%),P:1e-14	Tpos:299.9,Tstd:231.4,Bpos:224.9,Bstd:136.4,StrandBias:-0.0,Multiplicity:1.01
0.678	0.173	0.073	0.076
0.003	0.027	0.288	0.682
0.043	0.001	0.955	0.001
0.997	0.001	0.001	0.001
0.997	0.001	0.001	0.001
0.909	0.001	0.089	0.001
0.038	0.960	0.001	0.001
0.045	0.953	0.001	0.001
0.713	0.133	0.153	0.001
0.081	0.001	0.868	0.050
>GTTATTTCCG	13-GTTATTTCCG	6.328690	-34.121677	0	T:454.0(18.05%),B:5816.1(12.54%),P:1e-14	Tpos:297.5,Tstd:255.3,Bpos:237.4,Bstd:142.8,StrandBias:0.2,Multiplicity:1.15
0.082	0.028	0.822	0.068
0.053	0.070	0.031	0.846
0.067	0.112	0.048	0.773
0.735	0.089	0.098	0.078
0.094	0.077	0.058	0.771
0.021	0.078	0.017	0.884
0.066	0.037	0.071	0.826
0.068	0.790	0.043	0.099
0.081	0.783	0.062	0.074
0.047	0.112	0.776	0.065
>TGACACCTCA	14-TGACACCTCA	7.675754	-32.364038	0	T:312.0(12.41%),B:3687.4(7.95%),P:1e-14	Tpos:281.9,Tstd:230.1,Bpos:235.8,Bstd:141.5,StrandBias:0.3,Multiplicity:1.19
0.077	0.001	0.001	0.921
0.128	0.001	0.870	0.001
0.608	0.126	0.001	0.265
0.001	0.867	0.131	0.001
0.997	0.001	0.001	0.001
0.093	0.641	0.146	0.120
0.001	0.643	0.259	0.097
0.062	0.109	0.196	0.633
0.168	0.560	0.221	0.051
0.997	0.001	0.001	0.001
>GTGAGTCACC	15-GTGAGTCACC	5.778550	-30.687525	0	T:312.0(12.41%),B:3738.7(8.06%),P:1e-13	Tpos:325.0,Tstd:286.6,Bpos:236.0,Bstd:144.2,StrandBias:-0.2,Multiplicity:1.04
0.178	0.203	0.490	0.129
0.185	0.191	0.108	0.516
0.154	0.181	0.537	0.128
0.553	0.238	0.107	0.102
0.114	0.019	0.664	0.203
0.170	0.145	0.103	0.582
0.105	0.542	0.136	0.217
0.579	0.145	0.119	0.157
0.150	0.604	0.146	0.100
0.124	0.562	0.153	0.161
>TTACTCTAGC	16-TTACTCTAGC	7.630577	-28.398945	0	T:108.0(4.29%),B:924.3(1.99%),P:1e-12	Tpos:261.5,Tstd:206.0,Bpos:238.3,Bstd:136.3,StrandBias:-0.6,Multiplicity:1.01
0.049	0.048	0.102	0.801
0.102	0.093	0.040	0.765
0.855	0.030	0.043	0.072
0.079	0.793	0.078	0.050
0.142	0.045	0.101	0.712
0.104	0.816	0.023	0.057
0.093	0.046	0.094	0.767
0.781	0.072	0.030	0.117
0.059	0.039	0.842	0.060
0.059	0.879	0.033	0.029
>TKACGTHAYG	17-TKACGTHAYG	6.920708	-28.049797	0	T:134.0(5.33%),B:1262.0(2.72%),P:1e-12	Tpos:285.5,Tstd:242.2,Bpos:229.9,Bstd:149.5,StrandBias:-0.3,Multiplicity:1.05
0.232	0.001	0.001	0.766
0.158	0.001	0.462	0.379
0.554	0.122	0.005	0.319
0.207	0.670	0.122	0.001
0.252	0.004	0.597	0.147
0.001	0.142	0.001	0.856
0.320	0.355	0.001	0.323
0.997	0.001	0.001	0.001
0.115	0.431	0.120	0.334
0.050	0.287	0.490	0.173
>CTACCACACG	18-CTACCACACG	9.693454	-25.681708	0	T:44.0(1.75%),B:237.4(0.51%),P:1e-11	Tpos:235.5,Tstd:146.1,Bpos:238.5,Bstd:125.7,StrandBias:-0.1,Multiplicity:1.02
0.001	0.893	0.047	0.059
0.001	0.051	0.001	0.947
0.748	0.250	0.001	0.001
0.001	0.966	0.001	0.032
0.001	0.997	0.001	0.001
0.888	0.012	0.053	0.047
0.001	0.997	0.001	0.001
0.839	0.079	0.039	0.043
0.049	0.949	0.001	0.001
0.012	0.036	0.846	0.106
>CGCTGATTAG	19-CGCTGATTAG	6.002944	-23.258727	0	T:147.0(5.84%),B:1536.6(3.31%),P:1e-10	Tpos:309.0,Tstd:222.1,Bpos:230.1,Bstd:146.9,StrandBias:-0.4,Multiplicity:1.10
0.099	0.736	0.073	0.092
0.121	0.035	0.691	0.153
0.154	0.570	0.128	0.148
0.175	0.100	0.153	0.572
0.133	0.104	0.619	0.144
0.579	0.107	0.142	0.172
0.138	0.209	0.126	0.527
0.164	0.049	0.177	0.610
0.491	0.184	0.156	0.169
0.093	0.157	0.594	0.156
>GCWAACACTC	20-GCWAACACTC	9.539754	-19.734683	0	T:56.0(2.23%),B:421.5(0.91%),P:1e-8	Tpos:287.7,Tstd:216.8,Bpos:232.2,Bstd:150.3,StrandBias:0.0,Multiplicity:1.13
0.001	0.001	0.931	0.067
0.145	0.749	0.029	0.077
0.457	0.001	0.016	0.526
0.997	0.001	0.001	0.001
0.812	0.001	0.136	0.051
0.221	0.777	0.001	0.001
0.869	0.129	0.001	0.001
0.001	0.956	0.001	0.042
0.285	0.014	0.264	0.437
0.001	0.945	0.053	0.001
>ATGACTCAGC	21-ATGACTCAGC	6.792385	-19.201318	0	T:515.0(20.48%),B:7473.8(16.11%),P:1e-8	Tpos:293.5,Tstd:236.2,Bpos:238.7,Bstd:139.7,StrandBias:-0.1,Multiplicity:1.11
0.869	0.038	0.070	0.023
0.071	0.092	0.072	0.765
0.022	0.078	0.817	0.083
0.752	0.082	0.094	0.072
0.097	0.786	0.032	0.085
0.089	0.084	0.069	0.758
0.059	0.807	0.103	0.031
0.767	0.100	0.067	0.066
0.030	0.052	0.886	0.032
0.054	0.833	0.039	0.074
>CTTGCGTAGC	22-CTTGCGTAGC	9.003617	-18.759640	0	T:33.0(1.31%),B:185.7(0.40%),P:1e-8	Tpos:291.0,Tstd:192.1,Bpos:232.7,Bstd:138.0,StrandBias:1.4,Multiplicity:1.03
0.005	0.993	0.001	0.001
0.001	0.207	0.001	0.791
0.041	0.001	0.001	0.957
0.219	0.013	0.767	0.001
0.025	0.937	0.001	0.037
0.001	0.001	0.992	0.006
0.001	0.067	0.017	0.915
0.693	0.216	0.001	0.090
0.001	0.001	0.997	0.001
0.001	0.858	0.001	0.140
>CAGTGAAAAT	23-CAGTGAAAAT	10.737964	-15.430485	0	T:28.0(1.11%),B:163.6(0.35%),P:1e-6	Tpos:233.9,Tstd:156.1,Bpos:246.4,Bstd:150.5,StrandBias:1.0,Multiplicity:1.00
0.001	0.997	0.001	0.001
0.943	0.055	0.001	0.001
0.001	0.001	0.997	0.001
0.001	0.001	0.001	0.997
0.001	0.001	0.882	0.116
0.997	0.001	0.001	0.001
0.997	0.001	0.001	0.001
0.997	0.001	0.001	0.001
0.997	0.001	0.001	0.001
0.073	0.001	0.001	0.925
>ACATTTGTGC	24-ACATTTGTGC	12.226464	-14.659077	0	T:16.0(0.64%),B:61.9(0.13%),P:1e-6	Tpos:262.2,Tstd:209.9,Bpos:235.3,Bstd:138.4,StrandBias:0.0,Multiplicity:1.00
0.997	0.001	0.001	0.001
0.001	0.997	0.001	0.001
0.997	0.001	0.001	0.001
0.001	0.001	0.001	0.997
0.001	0.001	0.001	0.997
0.001	0.001	0.001	0.997
0.001	0.001	0.997	0.001
0.001	0.001	0.200	0.798
0.001	0.001	0.997	0.001
0.001	0.997	0.001	0.001
>ATGAGTATAC	25-ATGAGTATAC	10.296193	-1.848644	0	T:2.0(0.08%),B:13.8(0.03%),P:1e0	Tpos:142.8,Tstd:97.7,Bpos:225.2,Bstd:96.1,StrandBias:3.6,Multiplicity:6.50
0.700	0.100	0.100	0.100
0.100	0.100	0.100	0.700
0.100	0.100	0.700	0.100
0.700	0.100	0.100	0.100
0.100	0.100	0.700	0.100
0.100	0.100	0.100	0.700
0.700	0.100	0.100	0.100
0.100	0.100	0.100	0.700
0.700	0.100	0.100	0.100
0.100	0.700	0.100	0.100
