>TWCGCRYT	1-TWCGCRYT	8.593663	-21.731119	0	T:10.0(4.07%),B:111.7(0.23%),P:1e-9	Tpos:288.8,Tstd:262.1,Bpos:226.5,Bstd:129.2,StrandBias:-0.6,Multiplicity:1.00
0.001	0.001	0.001	0.997
0.465	0.001	0.001	0.533
0.001	0.997	0.001	0.001
0.001	0.001	0.997	0.001
0.001	0.997	0.001	0.001
0.444	0.001	0.554	0.001
0.001	0.569	0.001	0.429
0.340	0.001	0.001	0.658
>TCACTTGA	2-TCACTTGA	9.495320	-17.119226	0	T:27.0(10.98%),B:1589.3(3.21%),P:1e-7	Tpos:229.7,Tstd:212.8,Bpos:218.7,Bstd:127.2,StrandBias:-0.7,Multiplicity:1.07
0.001	0.001	0.048	0.950
0.001	0.939	0.001	0.059
0.997	0.001	0.001	0.001
0.023	0.975	0.001	0.001
0.001	0.001	0.001	0.997
0.001	0.001	0.001	0.997
0.001	0.275	0.723	0.001
0.856	0.080	0.063	0.001
>CATATGCT	3-CATATGCT	7.389555	-16.933697	0	T:58.0(23.58%),B:5604.3(11.31%),P:1e-7	Tpos:387.0,Tstd:368.1,Bpos:214.4,Bstd:119.5,StrandBias:0.6,Multiplicity:1.28
0.001	0.582	0.091	0.326
0.936	0.062	0.001	0.001
0.001	0.001	0.093	0.905
0.997	0.001	0.001	0.001
0.064	0.001	0.001	0.934
0.001	0.107	0.791	0.101
0.001	0.997	0.001	0.001
0.244	0.091	0.001	0.664
>CGTGYGGC	4-CGTGYGGC	7.204019	-12.985622	0	T:14.0(5.69%),B:597.0(1.20%),P:1e-5	Tpos:168.1,Tstd:119.1,Bpos:217.9,Bstd:133.1,StrandBias:1.3,Multiplicity:1.21
0.001	0.873	0.001	0.125
0.062	0.001	0.936	0.001
0.003	0.098	0.001	0.898
0.303	0.001	0.695	0.001
0.098	0.443	0.001	0.458
0.001	0.362	0.636	0.001
0.001	0.001	0.994	0.004
0.001	0.579	0.419	0.001
>CGGAAGTG	5-CGGAAGTG	8.492300	-6.770687	0	T:6.0(2.44%),B:231.9(0.47%),P:1e-2	Tpos:166.9,Tstd:157.0,Bpos:223.3,Bstd:124.8,StrandBias:0.0,Multiplicity:1.67
0.001	0.997	0.001	0.001
0.001	0.001	0.997	0.001
0.001	0.001	0.997	0.001
0.997	0.001	0.001	0.001
0.997	0.001	0.001	0.001
0.001	0.001	0.997	0.001
0.001	0.001	0.001	0.997
0.001	0.001	0.922	0.076
