Factor1: 1.057282108923776
Factor2: 0.9458213579513961
