>ACAGGAAGTR	1-ACAGGAAGTR	6.651198	-221.227198	0	T:448.0(60.95%),B:11670.9(24.58%),P:1e-96	Tpos:237.7,Tstd:150.2,Bpos:212.7,Bstd:129.2,StrandBias:0.2,Multiplicity:1.53
0.656	0.215	0.101	0.028
0.159	0.510	0.330	0.001
0.901	0.064	0.034	0.001
0.001	0.001	0.997	0.001
0.001	0.004	0.994	0.001
0.997	0.001	0.001	0.001
0.750	0.001	0.001	0.248
0.387	0.011	0.601	0.001
0.013	0.137	0.039	0.811
0.327	0.183	0.430	0.060
>AAACCACAGG	2-AAACCACAGG	7.015119	-61.495624	0	T:227.0(30.88%),B:7138.3(15.03%),P:1e-26	Tpos:240.3,Tstd:157.3,Bpos:212.7,Bstd:134.8,StrandBias:0.1,Multiplicity:1.25
0.780	0.059	0.093	0.068
0.793	0.062	0.092	0.053
0.782	0.109	0.065	0.044
0.078	0.893	0.002	0.027
0.035	0.913	0.019	0.033
0.808	0.041	0.093	0.058
0.036	0.853	0.019	0.092
0.873	0.020	0.060	0.047
0.124	0.111	0.620	0.145
0.141	0.043	0.693	0.123
>RWGGGTGTGG	3-RWGGGTGTGG	7.753258	-58.191203	0	T:197.0(26.80%),B:5885.3(12.39%),P:1e-25	Tpos:242.2,Tstd:196.7,Bpos:212.7,Bstd:134.7,StrandBias:-0.2,Multiplicity:1.25
0.313	0.184	0.347	0.157
0.441	0.044	0.171	0.344
0.343	0.069	0.587	0.001
0.036	0.001	0.962	0.001
0.120	0.001	0.878	0.001
0.001	0.010	0.016	0.973
0.001	0.001	0.997	0.001
0.134	0.170	0.108	0.588
0.129	0.022	0.703	0.146
0.276	0.001	0.722	0.001
>WAAYGGAAAA	4-WAAYGGAAAA	8.670411	-50.619892	0	T:55.0(7.48%),B:679.6(1.43%),P:1e-21	Tpos:276.4,Tstd:198.0,Bpos:212.3,Bstd:126.2,StrandBias:-0.6,Multiplicity:1.04
0.341	0.198	0.001	0.460
0.956	0.042	0.001	0.001
0.951	0.001	0.047	0.001
0.001	0.449	0.001	0.549
0.001	0.001	0.997	0.001
0.023	0.002	0.974	0.001
0.996	0.001	0.001	0.002
0.997	0.001	0.001	0.001
0.917	0.051	0.031	0.001
0.664	0.334	0.001	0.001
>CGTGACGTCA	5-CGTGACGTCA	6.771605	-49.359518	0	T:140.0(19.05%),B:3748.4(7.89%),P:1e-21	Tpos:251.7,Tstd:154.8,Bpos:213.6,Bstd:134.9,StrandBias:-0.2,Multiplicity:1.11
0.208	0.427	0.235	0.129
0.337	0.063	0.524	0.076
0.001	0.001	0.046	0.952
0.001	0.055	0.910	0.034
0.915	0.068	0.016	0.001
0.001	0.851	0.073	0.075
0.217	0.126	0.656	0.001
0.001	0.024	0.068	0.907
0.001	0.912	0.052	0.035
0.959	0.039	0.001	0.001
>TCTTCCTCTT	6-TCTTCCTCTT	8.775709	-33.131527	0	T:54.0(7.35%),B:986.5(2.08%),P:1e-14	Tpos:242.9,Tstd:150.0,Bpos:212.2,Bstd:129.4,StrandBias:1.3,Multiplicity:1.03
0.001	0.001	0.296	0.702
0.001	0.997	0.001	0.001
0.001	0.001	0.001	0.997
0.272	0.001	0.001	0.726
0.001	0.997	0.001	0.001
0.001	0.997	0.001	0.001
0.001	0.001	0.001	0.997
0.001	0.956	0.042	0.001
0.001	0.001	0.001	0.997
0.214	0.001	0.001	0.784
>DGTGAGTCAC	7-DGTGAGTCAC	8.348871	-32.799286	0	T:73.0(9.93%),B:1672.3(3.52%),P:1e-14	Tpos:238.9,Tstd:140.9,Bpos:213.7,Bstd:144.1,StrandBias:-0.3,Multiplicity:1.03
0.341	0.001	0.289	0.369
0.001	0.290	0.578	0.131
0.116	0.001	0.136	0.747
0.078	0.101	0.654	0.167
0.617	0.155	0.166	0.062
0.001	0.152	0.846	0.001
0.122	0.001	0.001	0.876
0.001	0.784	0.021	0.194
0.878	0.120	0.001	0.001
0.001	0.899	0.060	0.040
>GTTACCACAT	8-GTTACCACAT	6.136192	-32.247548	0	T:139.0(18.91%),B:4552.1(9.59%),P:1e-14	Tpos:211.7,Tstd:137.6,Bpos:214.3,Bstd:134.8,StrandBias:0.0,Multiplicity:1.20
0.086	0.084	0.627	0.203
0.099	0.090	0.161	0.650
0.189	0.104	0.059	0.648
0.718	0.058	0.054	0.170
0.125	0.545	0.212	0.118
0.086	0.739	0.048	0.127
0.595	0.269	0.048	0.088
0.129	0.670	0.118	0.083
0.530	0.087	0.071	0.312
0.225	0.108	0.100	0.567
>GTCACACTTC	9-GTCACACTTC	9.064911	-29.724830	0	T:40.0(5.44%),B:622.4(1.31%),P:1e-12	Tpos:284.0,Tstd:194.7,Bpos:214.8,Bstd:147.0,StrandBias:0.1,Multiplicity:1.03
0.042	0.016	0.941	0.001
0.001	0.001	0.001	0.997
0.142	0.702	0.092	0.064
0.997	0.001	0.001	0.001
0.001	0.929	0.001	0.069
0.997	0.001	0.001	0.001
0.001	0.891	0.107	0.001
0.001	0.076	0.119	0.804
0.001	0.027	0.040	0.932
0.043	0.836	0.091	0.030
>CTAAAAATAG	10-CTAAAAATAG	9.789789	-26.804940	0	T:35.0(4.76%),B:532.7(1.12%),P:1e-11	Tpos:326.5,Tstd:152.8,Bpos:208.5,Bstd:123.3,StrandBias:-0.5,Multiplicity:1.03
0.148	0.748	0.001	0.103
0.055	0.063	0.001	0.881
0.901	0.051	0.047	0.001
0.897	0.001	0.043	0.059
0.921	0.001	0.077	0.001
0.906	0.001	0.092	0.001
0.934	0.001	0.001	0.064
0.001	0.001	0.049	0.949
0.945	0.001	0.053	0.001
0.001	0.044	0.954	0.001
>TCTCRCGCTA	11-TCTCRCGCTA	7.727061	-24.642350	0	T:56.0(7.62%),B:1307.2(2.75%),P:1e-10	Tpos:234.5,Tstd:123.6,Bpos:215.4,Bstd:133.3,StrandBias:0.1,Multiplicity:1.04
0.110	0.001	0.089	0.800
0.001	0.932	0.066	0.001
0.001	0.001	0.125	0.873
0.125	0.713	0.135	0.027
0.520	0.054	0.424	0.002
0.001	0.984	0.013	0.002
0.084	0.212	0.575	0.129
0.188	0.625	0.003	0.184
0.001	0.333	0.001	0.665
0.842	0.034	0.072	0.052
>TTTGCTGAGC	12-TTTGCTGAGC	7.306349	-21.375500	0	T:88.0(11.97%),B:2815.9(5.93%),P:1e-9	Tpos:220.4,Tstd:135.3,Bpos:216.3,Bstd:132.4,StrandBias:0.1,Multiplicity:1.06
0.092	0.031	0.106	0.771
0.086	0.076	0.058	0.780
0.057	0.068	0.079	0.796
0.102	0.059	0.791	0.048
0.075	0.818	0.074	0.033
0.069	0.059	0.018	0.854
0.087	0.052	0.782	0.079
0.787	0.094	0.048	0.071
0.043	0.065	0.776	0.116
0.052	0.854	0.057	0.037
>GCATAATGAG	13-GCATAATGAG	12.104296	-18.890313	0	T:8.0(1.09%),B:24.5(0.05%),P:1e-8	Tpos:214.6,Tstd:114.2,Bpos:213.6,Bstd:107.8,StrandBias:1.6,Multiplicity:1.00
0.001	0.001	0.997	0.001
0.001	0.997	0.001	0.001
0.997	0.001	0.001	0.001
0.001	0.001	0.001	0.997
0.997	0.001	0.001	0.001
0.997	0.001	0.001	0.001
0.001	0.177	0.001	0.821
0.001	0.001	0.997	0.001
0.997	0.001	0.001	0.001
0.001	0.001	0.997	0.001
>TTAATCTTTC	14-TTAATCTTTC	10.314165	-17.288087	0	T:18.0(2.45%),B:226.9(0.48%),P:1e-7	Tpos:243.9,Tstd:134.6,Bpos:206.0,Bstd:129.1,StrandBias:1.4,Multiplicity:1.00
0.001	0.001	0.001	0.997
0.001	0.104	0.001	0.894
0.997	0.001	0.001	0.001
0.635	0.363	0.001	0.001
0.001	0.001	0.220	0.778
0.001	0.997	0.001	0.001
0.001	0.001	0.001	0.997
0.001	0.001	0.001	0.997
0.001	0.001	0.001	0.997
0.001	0.997	0.001	0.001
>GGTCCGCGTC	15-GGTCCGCGTC	10.296193	-17.111204	0	T:4.0(0.54%),B:2.6(0.01%),P:1e-7	Tpos:96.2,Tstd:38.1,Bpos:137.4,Bstd:27.6,StrandBias:10.0,Multiplicity:1.00
0.100	0.100	0.700	0.100
0.100	0.100	0.700	0.100
0.100	0.100	0.100	0.700
0.100	0.700	0.100	0.100
0.100	0.700	0.100	0.100
0.100	0.100	0.700	0.100
0.100	0.700	0.100	0.100
0.100	0.100	0.700	0.100
0.100	0.100	0.100	0.700
0.100	0.700	0.100	0.100
>GTGGTTGGTT	16-GTGGTTGGTT	8.380977	-16.847824	0	T:40.0(5.44%),B:974.3(2.05%),P:1e-7	Tpos:219.9,Tstd:116.9,Bpos:215.5,Bstd:140.2,StrandBias:-0.6,Multiplicity:1.03
0.001	0.020	0.703	0.276
0.071	0.041	0.040	0.848
0.001	0.236	0.727	0.036
0.311	0.025	0.530	0.134
0.366	0.040	0.003	0.591
0.184	0.001	0.220	0.595
0.001	0.021	0.917	0.061
0.271	0.122	0.580	0.027
0.001	0.023	0.045	0.931
0.265	0.023	0.164	0.548
>CAAATTCGCR	17-CAAATTCGCR	9.999157	-11.545223	0	T:7.0(0.95%),B:46.0(0.10%),P:1e-5	Tpos:283.4,Tstd:96.6,Bpos:169.6,Bstd:106.9,StrandBias:0.6,Multiplicity:1.00
0.001	0.997	0.001	0.001
0.580	0.001	0.195	0.224
0.608	0.001	0.390	0.001
0.997	0.001	0.001	0.001
0.001	0.311	0.124	0.564
0.001	0.001	0.001	0.997
0.001	0.595	0.001	0.403
0.001	0.001	0.997	0.001
0.415	0.583	0.001	0.001
0.480	0.181	0.337	0.001
>TGAGCGCCTC	18-TGAGCGCCTC	10.296193	-10.918970	0	T:5.0(0.68%),B:20.2(0.04%),P:1e-4	Tpos:273.9,Tstd:77.9,Bpos:223.0,Bstd:161.5,StrandBias:-2.8,Multiplicity:1.60
0.100	0.100	0.100	0.700
0.100	0.100	0.700	0.100
0.700	0.100	0.100	0.100
0.100	0.100	0.700	0.100
0.100	0.700	0.100	0.100
0.100	0.100	0.700	0.100
0.100	0.700	0.100	0.100
0.100	0.700	0.100	0.100
0.100	0.100	0.100	0.700
0.100	0.700	0.100	0.100
>GYGTTAGAGG	19-GYGTTAGAGG	10.103281	-9.296283	0	T:9.0(1.22%),B:114.2(0.24%),P:1e-4	Tpos:320.3,Tstd:159.6,Bpos:226.1,Bstd:144.7,StrandBias:5.2,Multiplicity:4.88
0.001	0.001	0.997	0.001
0.001	0.525	0.001	0.473
0.109	0.001	0.889	0.001
0.001	0.001	0.001	0.997
0.199	0.001	0.001	0.799
0.997	0.001	0.001	0.001
0.001	0.317	0.572	0.110
0.799	0.001	0.001	0.199
0.001	0.316	0.682	0.001
0.124	0.001	0.874	0.001
