Factor1: 0.9556293717062028
Factor2: 1.0464307916934144
