>ATGAGTCA	1-ATGAGTCA	8.433496	-35.351872	0	T:54.0(17.70%),B:2413.9(4.93%),P:1e-15	Tpos:215.2,Tstd:126.4,Bpos:206.1,Bstd:123.2,StrandBias:-0.1,Multiplicity:1.13
0.597	0.192	0.092	0.119
0.001	0.001	0.001	0.997
0.001	0.001	0.989	0.009
0.944	0.001	0.001	0.054
0.020	0.306	0.647	0.027
0.001	0.001	0.001	0.997
0.001	0.997	0.001	0.001
0.985	0.001	0.013	0.001
>WATGGAAA	2-WATGGAAA	6.598064	-29.216534	0	T:99.0(32.46%),B:7628.9(15.59%),P:1e-12	Tpos:232.7,Tstd:158.8,Bpos:203.9,Bstd:119.4,StrandBias:-0.4,Multiplicity:1.26
0.354	0.001	0.226	0.419
0.951	0.001	0.047	0.001
0.001	0.052	0.001	0.946
0.001	0.001	0.871	0.127
0.001	0.174	0.824	0.001
0.997	0.001	0.001	0.001
0.997	0.001	0.001	0.001
0.997	0.001	0.001	0.001
>CTTTGATC	3-CTTTGATC	6.509362	-27.908325	0	T:96.0(31.48%),B:7432.5(15.19%),P:1e-12	Tpos:228.7,Tstd:145.5,Bpos:207.9,Bstd:120.8,StrandBias:0.4,Multiplicity:1.39
0.001	0.957	0.018	0.024
0.001	0.018	0.028	0.953
0.044	0.037	0.037	0.882
0.001	0.023	0.001	0.975
0.013	0.113	0.869	0.005
0.939	0.059	0.001	0.001
0.092	0.001	0.001	0.906
0.090	0.735	0.174	0.001
>GTGGGTGG	4-GTGGGTGG	8.272194	-25.124648	0	T:51.0(16.72%),B:2839.7(5.80%),P:1e-10	Tpos:269.5,Tstd:192.0,Bpos:204.3,Bstd:123.0,StrandBias:-0.4,Multiplicity:1.14
0.001	0.001	0.997	0.001
0.001	0.001	0.001	0.997
0.001	0.001	0.997	0.001
0.001	0.001	0.997	0.001
0.001	0.001	0.997	0.001
0.001	0.396	0.001	0.602
0.054	0.001	0.844	0.101
0.001	0.001	0.997	0.001
>GCAGAGCT	5-GCAGAGCT	8.755138	-18.954747	0	T:46.0(15.08%),B:2883.5(5.89%),P:1e-8	Tpos:216.2,Tstd:137.1,Bpos:206.1,Bstd:123.1,StrandBias:0.5,Multiplicity:1.07
0.001	0.001	0.997	0.001
0.001	0.860	0.001	0.138
0.997	0.001	0.001	0.001
0.001	0.001	0.997	0.001
0.879	0.001	0.119	0.001
0.001	0.001	0.810	0.188
0.001	0.997	0.001	0.001
0.001	0.001	0.001	0.997
>GACTAATT	6-GACTAATT	6.148210	-17.572611	0	T:63.0(20.66%),B:4889.3(9.99%),P:1e-7	Tpos:194.8,Tstd:120.3,Bpos:202.9,Bstd:120.3,StrandBias:-0.4,Multiplicity:1.23
0.041	0.059	0.799	0.101
0.734	0.126	0.088	0.052
0.048	0.825	0.087	0.040
0.228	0.032	0.094	0.646
0.716	0.194	0.053	0.037
0.813	0.047	0.133	0.007
0.084	0.105	0.022	0.789
0.051	0.169	0.078	0.702
>CGTCACGT	7-CGTCACGT	7.379228	-17.364222	0	T:28.0(9.18%),B:1324.5(2.71%),P:1e-7	Tpos:245.4,Tstd:132.7,Bpos:205.4,Bstd:131.8,StrandBias:0.1,Multiplicity:1.12
0.001	0.855	0.001	0.143
0.219	0.219	0.513	0.049
0.073	0.001	0.001	0.925
0.001	0.962	0.036	0.001
0.938	0.001	0.001	0.060
0.001	0.958	0.001	0.040
0.036	0.001	0.886	0.077
0.001	0.001	0.001	0.997
>CGCCCTTT	8-CGCCCTTT	7.905500	-15.502161	0	T:43.0(14.10%),B:2923.0(5.97%),P:1e-6	Tpos:201.8,Tstd:121.8,Bpos:206.6,Bstd:130.6,StrandBias:0.3,Multiplicity:1.35
0.001	0.997	0.001	0.001
0.001	0.001	0.997	0.001
0.001	0.997	0.001	0.001
0.001	0.997	0.001	0.001
0.001	0.951	0.036	0.012
0.001	0.423	0.001	0.575
0.001	0.313	0.001	0.685
0.001	0.001	0.152	0.846
