>TGATGAGTCATT	1-TGATGAGTCATT	7.027980	-24.324100	0	T:64.0(20.98%),B:4221.6(8.63%),P:1e-10	Tpos:197.9,Tstd:148.4,Bpos:208.1,Bstd:120.4,StrandBias:0.7,Multiplicity:1.16
0.090	0.094	0.081	0.735
0.119	0.139	0.635	0.107
0.628	0.136	0.118	0.118
0.084	0.043	0.052	0.821
0.036	0.016	0.886	0.062
0.742	0.022	0.114	0.122
0.082	0.110	0.655	0.153
0.083	0.059	0.033	0.825
0.124	0.778	0.058	0.040
0.827	0.079	0.022	0.072
0.001	0.049	0.203	0.747
0.075	0.099	0.101	0.725
>TCYCTACACCTC	2-TCYCTACACCTC	10.072149	-18.733714	0	T:17.0(5.57%),B:456.6(0.93%),P:1e-8	Tpos:214.9,Tstd:138.2,Bpos:213.5,Bstd:121.5,StrandBias:-0.2,Multiplicity:1.12
0.001	0.061	0.001	0.937
0.001	0.923	0.075	0.001
0.001	0.491	0.152	0.357
0.148	0.621	0.180	0.051
0.118	0.041	0.301	0.540
0.461	0.256	0.206	0.077
0.003	0.993	0.001	0.003
0.869	0.100	0.001	0.030
0.001	0.771	0.032	0.196
0.001	0.851	0.147	0.001
0.383	0.001	0.048	0.568
0.001	0.745	0.253	0.001
>CCMCRCCCTTTG	3-CCMCRCCCTTTG	8.410516	-18.629560	0	T:38.0(12.46%),B:2129.2(4.35%),P:1e-8	Tpos:223.1,Tstd:139.1,Bpos:207.8,Bstd:120.1,StrandBias:1.3,Multiplicity:1.30
0.192	0.667	0.001	0.140
0.050	0.734	0.215	0.001
0.466	0.375	0.158	0.001
0.178	0.738	0.001	0.083
0.421	0.001	0.525	0.053
0.001	0.567	0.105	0.327
0.001	0.893	0.001	0.105
0.001	0.773	0.105	0.121
0.001	0.015	0.001	0.983
0.001	0.111	0.066	0.822
0.001	0.001	0.090	0.908
0.001	0.283	0.715	0.001
>CTCTGCATCACA	4-CTCTGCATCACA	-4.429241	-14.758768	0	T:130.0(42.62%),B:14266.4(29.16%),P:1e-6	Tpos:245.5,Tstd:167.0,Bpos:205.8,Bstd:119.6,StrandBias:0.3,Multiplicity:1.38
0.001	0.997	0.001	0.001
0.001	0.156	0.001	0.842
0.001	0.997	0.001	0.001
0.001	0.001	0.001	0.997
0.001	0.001	0.997	0.001
0.136	0.862	0.001	0.001
0.800	0.001	0.198	0.001
0.001	0.001	0.001	0.997
0.001	0.997	0.001	0.001
0.997	0.001	0.001	0.001
0.001	0.997	0.001	0.001
0.997	0.001	0.001	0.001
>CTGTGTAATCAG	5-CTGTGTAATCAG	13.935579	-13.021315	0	T:4.0(1.31%),B:14.9(0.03%),P:1e-5	Tpos:170.1,Tstd:80.1,Bpos:211.1,Bstd:130.7,StrandBias:2.8,Multiplicity:2.00
0.001	0.997	0.001	0.001
0.001	0.001	0.001	0.997
0.001	0.001	0.878	0.120
0.001	0.001	0.001	0.997
0.001	0.001	0.823	0.175
0.001	0.001	0.001	0.997
0.997	0.001	0.001	0.001
0.847	0.001	0.151	0.001
0.001	0.001	0.001	0.997
0.001	0.823	0.001	0.175
0.997	0.001	0.001	0.001
0.001	0.001	0.997	0.001
>GAATGTGTCAAG	6-GAATGTGTCAAG	7.531550	-13.014035	0	T:42.0(13.77%),B:3104.2(6.34%),P:1e-5	Tpos:253.2,Tstd:162.3,Bpos:204.4,Bstd:119.1,StrandBias:-0.3,Multiplicity:1.23
0.179	0.073	0.671	0.077
0.779	0.094	0.022	0.105
0.680	0.167	0.097	0.056
0.075	0.028	0.219	0.678
0.125	0.056	0.742	0.077
0.173	0.028	0.023	0.776
0.001	0.166	0.731	0.102
0.077	0.072	0.043	0.808
0.072	0.750	0.149	0.029
0.870	0.024	0.001	0.105
0.756	0.099	0.121	0.024
0.130	0.028	0.765	0.077
>AGGCTGGGATAG	7-AGGCTGGGATAG	14.685446	-11.229462	0	T:3.0(0.98%),B:7.7(0.02%),P:1e-4	Tpos:122.0,Tstd:71.2,Bpos:177.2,Bstd:83.7,StrandBias:2.6,Multiplicity:2.33
0.997	0.001	0.001	0.001
0.001	0.001	0.997	0.001
0.001	0.001	0.997	0.001
0.001	0.997	0.001	0.001
0.001	0.001	0.179	0.819
0.001	0.001	0.997	0.001
0.001	0.001	0.819	0.179
0.001	0.001	0.997	0.001
0.997	0.001	0.001	0.001
0.001	0.001	0.001	0.997
0.997	0.001	0.001	0.001
0.001	0.001	0.997	0.001
>AGTTAAAGGGCG	8-AGTTAAAGGGCG	15.792555	-5.080837	0	T:1.0(0.33%),B:0.0(0.00%),P:1e-2	Tpos:106.0,Tstd:52.0,Bpos:0.0,Bstd:0.0,StrandBias:10.0,Multiplicity:2.00
0.666	0.001	0.332	0.001
0.001	0.001	0.997	0.001
0.001	0.001	0.001	0.997
0.001	0.001	0.001	0.997
0.997	0.001	0.001	0.001
0.997	0.001	0.001	0.001
0.997	0.001	0.001	0.001
0.001	0.001	0.997	0.001
0.001	0.001	0.997	0.001
0.001	0.001	0.997	0.001
0.332	0.666	0.001	0.001
0.001	0.001	0.997	0.001
>CGAGCCCTTTGC	9-CGAGCCCTTTGC	14.807602	-4.675318	0	T:2.0(0.66%),B:23.5(0.05%),P:1e-2	Tpos:183.7,Tstd:127.2,Bpos:206.3,Bstd:82.5,StrandBias:10.0,Multiplicity:1.50
0.001	0.997	0.001	0.001
0.407	0.001	0.591	0.001
0.591	0.001	0.407	0.001
0.001	0.001	0.997	0.001
0.001	0.997	0.001	0.001
0.001	0.997	0.001	0.001
0.001	0.997	0.001	0.001
0.001	0.001	0.001	0.997
0.001	0.001	0.001	0.997
0.001	0.001	0.001	0.997
0.001	0.001	0.997	0.001
0.001	0.997	0.001	0.001
