Factor1: 0.9769650766867345
Factor2: 1.0235780416956015
