>RACAGGAAGTDV	1-RACAGGAAGTDV	8.344983	-219.716134	0	T:690.0(29.25%),B:6014.9(12.95%),P:1e-95	Tpos:300.4,Tstd:240.9,Bpos:239.0,Bstd:140.9,StrandBias:-0.0,Multiplicity:1.26
0.357	0.164	0.337	0.142
0.629	0.041	0.304	0.026
0.128	0.652	0.174	0.046
0.997	0.001	0.001	0.001
0.001	0.001	0.997	0.001
0.001	0.001	0.997	0.001
0.997	0.001	0.001	0.001
0.773	0.001	0.001	0.225
0.280	0.001	0.718	0.001
0.068	0.202	0.161	0.569
0.278	0.137	0.362	0.223
0.251	0.222	0.367	0.160
>TTCCTGTGGTTA	2-TTCCTGTGGTTA	7.149000	-102.053360	0	T:545.0(23.10%),B:5839.9(12.58%),P:1e-44	Tpos:289.8,Tstd:257.9,Bpos:240.4,Bstd:143.1,StrandBias:-0.3,Multiplicity:1.22
0.133	0.031	0.301	0.535
0.106	0.153	0.202	0.539
0.071	0.534	0.060	0.335
0.001	0.756	0.001	0.242
0.001	0.001	0.001	0.997
0.001	0.020	0.978	0.001
0.115	0.001	0.017	0.867
0.001	0.001	0.997	0.001
0.001	0.001	0.985	0.013
0.001	0.055	0.031	0.913
0.053	0.134	0.085	0.728
0.541	0.001	0.069	0.389
>CCACCWGGKGGC	3-CCACCWGGKGGC	9.524963	-99.795059	0	T:168.0(7.12%),B:922.1(1.99%),P:1e-43	Tpos:237.2,Tstd:186.9,Bpos:252.8,Bstd:141.6,StrandBias:0.1,Multiplicity:1.07
0.150	0.848	0.001	0.001
0.001	0.997	0.001	0.001
0.765	0.227	0.007	0.001
0.019	0.782	0.167	0.032
0.187	0.580	0.001	0.232
0.433	0.019	0.007	0.541
0.215	0.001	0.619	0.165
0.231	0.097	0.671	0.001
0.001	0.034	0.410	0.555
0.001	0.001	0.997	0.001
0.032	0.001	0.848	0.119
0.168	0.623	0.007	0.202
>GCCCCGCCCHCY	4-GCCCCGCCCHCY	8.400122	-77.758420	0	T:681.0(28.87%),B:8596.0(18.51%),P:1e-33	Tpos:335.3,Tstd:260.6,Bpos:243.3,Bstd:152.1,StrandBias:0.1,Multiplicity:1.75
0.200	0.060	0.584	0.156
0.035	0.721	0.144	0.100
0.001	0.826	0.001	0.172
0.178	0.795	0.001	0.026
0.001	0.949	0.012	0.038
0.180	0.001	0.589	0.230
0.001	0.997	0.001	0.001
0.001	0.974	0.024	0.001
0.001	0.745	0.001	0.253
0.269	0.391	0.021	0.319
0.035	0.671	0.151	0.143
0.161	0.258	0.191	0.390
>GAAAVTGAAASY	5-GAAAVTGAAASY	9.206564	-65.950894	0	T:224.0(9.50%),B:1927.3(4.15%),P:1e-28	Tpos:316.2,Tstd:247.3,Bpos:247.9,Bstd:142.1,StrandBias:0.3,Multiplicity:1.17
0.125	0.099	0.775	0.001
0.833	0.001	0.148	0.018
0.793	0.050	0.010	0.147
0.997	0.001	0.001	0.001
0.321	0.261	0.387	0.031
0.243	0.038	0.034	0.685
0.035	0.001	0.963	0.001
0.904	0.001	0.094	0.001
0.927	0.054	0.018	0.001
0.961	0.001	0.037	0.001
0.033	0.399	0.490	0.078
0.250	0.277	0.065	0.408
>AAACCACATCHN	6-AAACCACATCHN	8.359330	-59.275276	0	T:82.0(3.48%),B:382.8(0.82%),P:1e-25	Tpos:262.7,Tstd:212.6,Bpos:239.3,Bstd:140.2,StrandBias:-0.3,Multiplicity:1.01
0.494	0.239	0.028	0.239
0.556	0.179	0.118	0.147
0.552	0.224	0.036	0.188
0.034	0.901	0.026	0.039
0.031	0.744	0.002	0.223
0.901	0.047	0.014	0.038
0.045	0.906	0.029	0.020
0.570	0.167	0.012	0.251
0.162	0.259	0.165	0.414
0.282	0.473	0.020	0.224
0.224	0.331	0.162	0.283
0.213	0.203	0.260	0.324
>AGGGGANTTTCC	7-AGGGGANTTTCC	9.040581	-44.387117	0	T:145.0(6.15%),B:1223.8(2.64%),P:1e-19	Tpos:329.6,Tstd:268.0,Bpos:244.3,Bstd:136.6,StrandBias:-0.0,Multiplicity:1.04
0.485	0.078	0.201	0.236
0.253	0.001	0.560	0.186
0.081	0.001	0.917	0.001
0.001	0.001	0.997	0.001
0.307	0.064	0.628	0.001
0.548	0.079	0.289	0.084
0.344	0.199	0.234	0.222
0.001	0.060	0.293	0.646
0.001	0.001	0.001	0.997
0.001	0.342	0.120	0.537
0.001	0.997	0.001	0.001
0.001	0.978	0.001	0.020
>AACGGAAACCAA	8-AACGGAAACCAA	8.533523	-41.882378	0	T:154.0(6.53%),B:1377.0(2.97%),P:1e-18	Tpos:291.7,Tstd:249.3,Bpos:242.3,Bstd:148.7,StrandBias:0.1,Multiplicity:1.07
0.742	0.128	0.014	0.116
0.826	0.070	0.035	0.069
0.135	0.734	0.050	0.081
0.099	0.097	0.682	0.122
0.036	0.080	0.883	0.001
0.931	0.034	0.001	0.034
0.910	0.001	0.020	0.069
0.885	0.001	0.113	0.001
0.070	0.838	0.035	0.057
0.107	0.891	0.001	0.001
0.871	0.093	0.035	0.001
0.743	0.050	0.125	0.082
>AATGACTCAYYC	9-AATGACTCAYYC	9.218414	-36.781974	0	T:111.0(4.71%),B:901.4(1.94%),P:1e-15	Tpos:257.5,Tstd:235.7,Bpos:241.2,Bstd:137.0,StrandBias:0.4,Multiplicity:1.04
0.494	0.172	0.221	0.113
0.523	0.214	0.262	0.001
0.001	0.001	0.001	0.997
0.001	0.001	0.964	0.034
0.870	0.001	0.128	0.001
0.001	0.589	0.409	0.001
0.035	0.045	0.001	0.919
0.001	0.997	0.001	0.001
0.900	0.078	0.001	0.021
0.001	0.451	0.194	0.354
0.233	0.307	0.035	0.425
0.014	0.524	0.113	0.349
>GTGGYKGTTTCT	10-GTGGYKGTTTCT	8.321633	-36.025776	0	T:195.0(8.27%),B:2052.1(4.42%),P:1e-15	Tpos:294.8,Tstd:297.0,Bpos:242.7,Bstd:141.0,StrandBias:0.0,Multiplicity:1.07
0.015	0.005	0.979	0.001
0.153	0.015	0.137	0.695
0.113	0.001	0.819	0.067
0.031	0.092	0.846	0.031
0.127	0.357	0.064	0.451
0.135	0.027	0.483	0.355
0.115	0.113	0.625	0.147
0.030	0.043	0.030	0.897
0.052	0.134	0.001	0.813
0.068	0.095	0.109	0.728
0.001	0.997	0.001	0.001
0.118	0.115	0.001	0.766
>GCTCCGCCCCAC	11-GCTCCGCCCCAC	9.985482	-33.626343	0	T:100.0(4.24%),B:807.4(1.74%),P:1e-14	Tpos:307.0,Tstd:244.9,Bpos:242.8,Bstd:154.7,StrandBias:-0.0,Multiplicity:1.07
0.132	0.118	0.713	0.037
0.059	0.881	0.059	0.001
0.027	0.008	0.052	0.913
0.070	0.907	0.022	0.001
0.103	0.749	0.118	0.030
0.028	0.095	0.824	0.053
0.014	0.910	0.031	0.045
0.001	0.882	0.102	0.015
0.030	0.869	0.039	0.062
0.050	0.854	0.037	0.059
0.770	0.023	0.075	0.132
0.089	0.738	0.153	0.020
>GGGAGTTGTAGT	12-GGGAGTTGTAGT	9.319638	-33.293174	0	T:95.0(4.03%),B:750.1(1.62%),P:1e-14	Tpos:265.3,Tstd:174.8,Bpos:231.3,Bstd:151.0,StrandBias:-0.1,Multiplicity:1.12
0.079	0.001	0.880	0.040
0.040	0.020	0.920	0.020
0.120	0.060	0.780	0.040
0.811	0.051	0.055	0.083
0.059	0.049	0.774	0.118
0.080	0.074	0.065	0.781
0.040	0.055	0.048	0.857
0.020	0.040	0.892	0.048
0.084	0.001	0.058	0.857
0.830	0.001	0.091	0.078
0.020	0.080	0.820	0.080
0.062	0.080	0.055	0.803
>GTTGAGTCAGCA	13-GTTGAGTCAGCA	9.951417	-31.419423	0	T:49.0(2.08%),B:259.5(0.56%),P:1e-13	Tpos:293.7,Tstd:259.2,Bpos:234.6,Bstd:138.4,StrandBias:0.1,Multiplicity:1.04
0.063	0.091	0.736	0.110
0.040	0.085	0.046	0.829
0.082	0.016	0.082	0.820
0.060	0.045	0.847	0.048
0.890	0.024	0.032	0.054
0.047	0.088	0.829	0.036
0.054	0.024	0.065	0.857
0.024	0.842	0.092	0.042
0.952	0.024	0.001	0.023
0.118	0.094	0.752	0.036
0.098	0.825	0.076	0.001
0.824	0.054	0.024	0.098
>GTAACCACACAG	14-GTAACCACACAG	12.610889	-31.103238	0	T:23.0(0.97%),B:54.8(0.12%),P:1e-13	Tpos:272.8,Tstd:167.2,Bpos:240.2,Bstd:144.3,StrandBias:-0.4,Multiplicity:1.00
0.055	0.001	0.901	0.043
0.079	0.001	0.001	0.919
0.950	0.001	0.001	0.048
0.933	0.001	0.065	0.001
0.001	0.867	0.084	0.048
0.084	0.914	0.001	0.001
0.997	0.001	0.001	0.001
0.084	0.831	0.084	0.001
0.933	0.001	0.001	0.065
0.001	0.997	0.001	0.001
0.914	0.001	0.084	0.001
0.001	0.001	0.914	0.084
>GCCGAGCTTTGC	15-GCCGAGCTTTGC	9.207362	-28.460469	0	T:99.0(4.20%),B:868.9(1.87%),P:1e-12	Tpos:309.9,Tstd:264.4,Bpos:238.9,Bstd:147.0,StrandBias:-0.3,Multiplicity:1.05
0.065	0.081	0.775	0.079
0.022	0.887	0.053	0.038
0.035	0.746	0.093	0.126
0.043	0.105	0.835	0.017
0.893	0.001	0.035	0.071
0.034	0.022	0.887	0.057
0.077	0.791	0.067	0.065
0.017	0.069	0.045	0.869
0.022	0.119	0.045	0.814
0.022	0.088	0.089	0.801
0.029	0.081	0.835	0.055
0.021	0.870	0.052	0.057
>AACACHTCAGCC	16-AACACHTCAGCC	10.895409	-23.611080	0	T:50.0(2.12%),B:335.9(0.72%),P:1e-10	Tpos:247.9,Tstd:159.9,Bpos:253.2,Bstd:141.9,StrandBias:-1.0,Multiplicity:1.05
0.766	0.232	0.001	0.001
0.725	0.273	0.001	0.001
0.001	0.997	0.001	0.001
0.997	0.001	0.001	0.001
0.001	0.997	0.001	0.001
0.370	0.317	0.001	0.312
0.001	0.196	0.001	0.802
0.175	0.823	0.001	0.001
0.475	0.310	0.001	0.214
0.001	0.417	0.581	0.001
0.400	0.598	0.001	0.001
0.001	0.997	0.001	0.001
>CCGACCAGCTAG	17-CCGACCAGCTAG	9.433891	-23.103623	0	T:49.0(2.08%),B:329.3(0.71%),P:1e-10	Tpos:370.2,Tstd:337.1,Bpos:230.2,Bstd:146.3,StrandBias:0.2,Multiplicity:1.04
0.001	0.779	0.115	0.105
0.107	0.517	0.125	0.251
0.150	0.202	0.492	0.156
0.560	0.148	0.228	0.064
0.001	0.903	0.095	0.001
0.001	0.775	0.044	0.180
0.798	0.085	0.001	0.116
0.001	0.070	0.928	0.001
0.001	0.948	0.050	0.001
0.141	0.071	0.195	0.593
0.612	0.201	0.056	0.131
0.001	0.189	0.650	0.160
>ACTTGTGGCTTT	18-ACTTGTGGCTTT	10.792104	-20.062398	0	T:34.0(1.44%),B:197.9(0.43%),P:1e-8	Tpos:227.9,Tstd:198.0,Bpos:244.5,Bstd:135.9,StrandBias:-0.2,Multiplicity:1.03
0.798	0.200	0.001	0.001
0.001	0.651	0.124	0.224
0.110	0.001	0.001	0.888
0.001	0.001	0.001	0.997
0.001	0.001	0.695	0.303
0.035	0.245	0.063	0.657
0.001	0.001	0.997	0.001
0.001	0.001	0.874	0.124
0.001	0.870	0.128	0.001
0.001	0.001	0.001	0.997
0.245	0.001	0.098	0.656
0.122	0.001	0.122	0.755
>CCCCACCCTACT	19-CCCCACCCTACT	12.355432	-16.320544	0	T:6.0(0.25%),B:4.6(0.01%),P:1e-7	Tpos:359.8,Tstd:164.4,Bpos:330.9,Bstd:200.1,StrandBias:1.0,Multiplicity:1.00
0.100	0.700	0.100	0.100
0.100	0.700	0.100	0.100
0.100	0.700	0.100	0.100
0.100	0.700	0.100	0.100
0.700	0.100	0.100	0.100
0.100	0.700	0.100	0.100
0.100	0.700	0.100	0.100
0.100	0.700	0.100	0.100
0.100	0.100	0.100	0.700
0.700	0.100	0.100	0.100
0.100	0.700	0.100	0.100
0.100	0.100	0.100	0.700
>AATGAGTATACA	20-AATGAGTATACA	10.065148	-16.309783	0	T:5.0(0.21%),B:2.5(0.01%),P:1e-7	Tpos:148.8,Tstd:83.0,Bpos:233.9,Bstd:113.2,StrandBias:2.5,Multiplicity:4.00
0.997	0.001	0.001	0.001
0.997	0.001	0.001	0.001
0.001	0.001	0.001	0.997
0.001	0.001	0.997	0.001
0.997	0.001	0.001	0.001
0.001	0.038	0.960	0.001
0.001	0.001	0.001	0.997
0.960	0.001	0.038	0.001
0.001	0.001	0.001	0.997
0.997	0.001	0.001	0.001
0.001	0.997	0.001	0.001
0.997	0.001	0.001	0.001
>GTAACACCTCGC	21-GTAACACCTCGC	-2.000104	-15.299275	0	T:247.0(10.47%),B:3512.4(7.56%),P:1e-6	Tpos:292.0,Tstd:236.0,Bpos:239.3,Bstd:149.1,StrandBias:0.1,Multiplicity:1.13
0.001	0.001	0.997	0.001
0.001	0.001	0.001	0.997
0.964	0.001	0.034	0.001
0.997	0.001	0.001	0.001
0.001	0.997	0.001	0.001
0.997	0.001	0.001	0.001
0.001	0.997	0.001	0.001
0.001	0.997	0.001	0.001
0.001	0.001	0.001	0.997
0.001	0.997	0.001	0.001
0.243	0.001	0.755	0.001
0.001	0.997	0.001	0.001
>TAACACCTCAYC	22-TAACACCTCAYC	11.559427	-13.269220	0	T:15.0(0.64%),B:64.7(0.14%),P:1e-5	Tpos:244.5,Tstd:156.6,Bpos:220.9,Bstd:152.6,StrandBias:-1.4,Multiplicity:1.00
0.001	0.001	0.001	0.997
0.997	0.001	0.001	0.001
0.883	0.115	0.001	0.001
0.001	0.704	0.294	0.001
0.997	0.001	0.001	0.001
0.146	0.852	0.001	0.001
0.001	0.705	0.147	0.147
0.001	0.001	0.001	0.997
0.001	0.704	0.294	0.001
0.704	0.294	0.001	0.001
0.263	0.442	0.001	0.294
0.001	0.997	0.001	0.001
>CTGCTGAGGTAC	23-CTGCTGAGGTAC	14.325758	-10.770675	0	T:3.0(0.13%),B:1.9(0.00%),P:1e-4	Tpos:123.4,Tstd:67.4,Bpos:235.2,Bstd:105.3,StrandBias:1.8,Multiplicity:3.00
0.001	0.997	0.001	0.001
0.001	0.001	0.001	0.997
0.001	0.001	0.997	0.001
0.001	0.882	0.001	0.116
0.001	0.001	0.001	0.997
0.001	0.001	0.997	0.001
0.882	0.001	0.001	0.116
0.001	0.001	0.997	0.001
0.001	0.001	0.997	0.001
0.001	0.001	0.001	0.997
0.997	0.001	0.001	0.001
0.001	0.997	0.001	0.001
>ACTGCTCAGTAA	24-ACTGCTCAGTAA	16.272342	-10.770675	0	T:3.0(0.13%),B:1.9(0.00%),P:1e-4	Tpos:173.2,Tstd:109.2,Bpos:312.8,Bstd:24.0,StrandBias:-1.0,Multiplicity:2.00
0.997	0.001	0.001	0.001
0.104	0.894	0.001	0.001
0.001	0.001	0.001	0.997
0.001	0.001	0.997	0.001
0.001	0.997	0.001	0.001
0.104	0.001	0.001	0.894
0.104	0.894	0.001	0.001
0.997	0.001	0.001	0.001
0.001	0.001	0.997	0.001
0.001	0.001	0.001	0.997
0.997	0.001	0.001	0.001
0.997	0.001	0.001	0.001
>TGCTAACACACT	25-TGCTAACACACT	12.355432	-6.687098	0	T:2.0(0.08%),B:1.5(0.00%),P:1e-2	Tpos:191.1,Tstd:101.5,Bpos:267.0,Bstd:5.9,StrandBias:2.8,Multiplicity:4.00
0.100	0.100	0.100	0.700
0.100	0.100	0.700	0.100
0.100	0.700	0.100	0.100
0.100	0.100	0.100	0.700
0.700	0.100	0.100	0.100
0.700	0.100	0.100	0.100
0.100	0.700	0.100	0.100
0.700	0.100	0.100	0.100
0.100	0.700	0.100	0.100
0.700	0.100	0.100	0.100
0.100	0.700	0.100	0.100
0.100	0.100	0.100	0.700
