>ACCGGAAA	1-ACCGGAAA	4.479723	-151.703776	0	T:868.0(36.80%),B:9877.4(21.27%),P:1e-65	Tpos:299.7,Tstd:229.6,Bpos:242.4,Bstd:144.3,StrandBias:-0.0,Multiplicity:1.35
0.906	0.001	0.092	0.001
0.001	0.997	0.001	0.001
0.182	0.816	0.001	0.001
0.001	0.001	0.997	0.001
0.001	0.001	0.997	0.001
0.997	0.001	0.001	0.001
0.912	0.001	0.001	0.086
0.787	0.001	0.211	0.001
>AGGAAGTG	2-AGGAAGTG	5.830502	-139.639693	0	T:666.0(28.23%),B:6937.8(14.94%),P:1e-60	Tpos:307.7,Tstd:257.8,Bpos:243.2,Bstd:142.7,StrandBias:0.1,Multiplicity:1.16
0.653	0.335	0.011	0.001
0.001	0.001	0.997	0.001
0.001	0.001	0.997	0.001
0.997	0.001	0.001	0.001
0.997	0.001	0.001	0.001
0.332	0.001	0.666	0.001
0.001	0.001	0.001	0.997
0.278	0.001	0.720	0.001
>TGTGGTTW	3-TGTGGTTW	6.403247	-101.256444	0	T:882.0(37.39%),B:11332.6(24.40%),P:1e-43	Tpos:296.5,Tstd:276.6,Bpos:239.1,Bstd:145.5,StrandBias:-0.1,Multiplicity:1.43
0.104	0.048	0.069	0.779
0.025	0.026	0.834	0.115
0.118	0.187	0.118	0.577
0.066	0.026	0.907	0.001
0.044	0.012	0.933	0.011
0.001	0.098	0.083	0.818
0.054	0.207	0.076	0.663
0.492	0.010	0.051	0.447
>WWACCGCA	4-WWACCGCA	5.289456	-87.708094	0	T:1191.0(50.49%),B:17331.4(37.32%),P:1e-38	Tpos:302.2,Tstd:268.4,Bpos:241.0,Bstd:149.5,StrandBias:-0.0,Multiplicity:1.33
0.401	0.243	0.001	0.354
0.437	0.001	0.224	0.338
0.905	0.001	0.093	0.001
0.034	0.897	0.035	0.034
0.057	0.874	0.001	0.068
0.251	0.001	0.591	0.157
0.080	0.918	0.001	0.001
0.704	0.074	0.176	0.046
>CCCCGCCC	5-CCCCGCCC	8.187451	-58.621673	0	T:538.0(22.81%),B:6793.6(14.63%),P:1e-25	Tpos:359.1,Tstd:296.0,Bpos:241.6,Bstd:160.0,StrandBias:0.1,Multiplicity:1.79
0.001	0.894	0.001	0.104
0.043	0.682	0.001	0.274
0.102	0.896	0.001	0.001
0.001	0.997	0.001	0.001
0.001	0.001	0.997	0.001
0.051	0.947	0.001	0.001
0.001	0.997	0.001	0.001
0.001	0.940	0.001	0.058
>AGGTGGCG	6-AGGTGGCG	8.739489	-39.939579	0	T:324.0(13.73%),B:3905.8(8.41%),P:1e-17	Tpos:332.5,Tstd:259.0,Bpos:244.6,Bstd:159.3,StrandBias:0.0,Multiplicity:1.18
0.997	0.001	0.001	0.001
0.001	0.001	0.997	0.001
0.165	0.001	0.833	0.001
0.152	0.001	0.259	0.588
0.001	0.001	0.997	0.001
0.001	0.001	0.997	0.001
0.001	0.997	0.001	0.001
0.001	0.001	0.997	0.001
>AASGGAAA	7-AASGGAAA	3.097458	-37.828914	0	T:645.0(27.34%),B:9364.3(20.16%),P:1e-16	Tpos:310.3,Tstd:258.6,Bpos:241.3,Bstd:144.4,StrandBias:-0.0,Multiplicity:1.28
0.997	0.001	0.001	0.001
0.997	0.001	0.001	0.001
0.247	0.429	0.322	0.001
0.001	0.344	0.570	0.085
0.001	0.001	0.997	0.001
0.997	0.001	0.001	0.001
0.997	0.001	0.001	0.001
0.997	0.001	0.001	0.001
>GTGACTCA	8-GTGACTCA	9.074592	-37.550126	0	T:222.0(9.41%),B:2412.6(5.20%),P:1e-16	Tpos:275.9,Tstd:226.6,Bpos:237.0,Bstd:137.4,StrandBias:0.0,Multiplicity:1.09
0.185	0.209	0.605	0.001
0.001	0.001	0.001	0.997
0.001	0.001	0.997	0.001
0.997	0.001	0.001	0.001
0.046	0.805	0.148	0.001
0.001	0.001	0.047	0.951
0.001	0.952	0.001	0.046
0.997	0.001	0.001	0.001
>ASGTGTTA	9-ASGTGTTA	6.050642	-25.812170	0	T:541.0(22.93%),B:8092.2(17.43%),P:1e-11	Tpos:294.4,Tstd:255.8,Bpos:240.7,Bstd:146.1,StrandBias:-0.1,Multiplicity:1.20
0.751	0.098	0.150	0.001
0.199	0.413	0.386	0.001
0.001	0.069	0.929	0.001
0.039	0.108	0.070	0.783
0.001	0.145	0.853	0.001
0.044	0.055	0.044	0.857
0.048	0.398	0.001	0.553
0.927	0.001	0.001	0.071
>RCTAGBGG	10-RCTAGBGG	6.757122	-25.312575	0	T:275.0(11.66%),B:3579.3(7.71%),P:1e-10	Tpos:319.5,Tstd:269.5,Bpos:238.8,Bstd:146.9,StrandBias:-0.0,Multiplicity:1.06
0.375	0.173	0.266	0.186
0.001	0.977	0.021	0.001
0.001	0.001	0.021	0.977
0.613	0.274	0.112	0.001
0.001	0.001	0.865	0.133
0.145	0.366	0.218	0.271
0.079	0.309	0.611	0.001
0.108	0.049	0.842	0.001
>TCCGCCTC	11-TCCGCCTC	9.792779	-25.009381	0	T:120.0(5.09%),B:1212.2(2.61%),P:1e-10	Tpos:314.6,Tstd:205.8,Bpos:241.2,Bstd:162.9,StrandBias:0.0,Multiplicity:1.12
0.001	0.001	0.001	0.997
0.001	0.997	0.001	0.001
0.001	0.997	0.001	0.001
0.001	0.001	0.997	0.001
0.001	0.997	0.001	0.001
0.001	0.719	0.279	0.001
0.001	0.001	0.001	0.997
0.001	0.997	0.001	0.001
>GTCACGTG	12-GTCACGTG	7.162165	-17.390111	0	T:114.0(4.83%),B:1296.5(2.79%),P:1e-7	Tpos:318.7,Tstd:260.3,Bpos:248.5,Bstd:155.4,StrandBias:-0.4,Multiplicity:1.05
0.114	0.001	0.884	0.001
0.001	0.001	0.001	0.997
0.001	0.970	0.001	0.028
0.997	0.001	0.001	0.001
0.001	0.997	0.001	0.001
0.001	0.001	0.997	0.001
0.001	0.001	0.171	0.827
0.025	0.001	0.973	0.001
>GAGTATAC	13-GAGTATAC	8.568286	-2.965892	0	T:15.0(0.64%),B:183.3(0.39%),P:1e-1	Tpos:211.0,Tstd:174.9,Bpos:252.0,Bstd:145.7,StrandBias:2.1,Multiplicity:2.00
0.001	0.001	0.997	0.001
0.916	0.082	0.001	0.001
0.001	0.001	0.997	0.001
0.001	0.001	0.001	0.997
0.997	0.001	0.001	0.001
0.001	0.001	0.001	0.997
0.997	0.001	0.001	0.001
0.001	0.997	0.001	0.001
