>ACAGGAAGTR	1-ACAGGAAGTR	6.494815	-214.107277	0	T:632.0(26.79%),B:5293.4(11.40%),P:1e-92	Tpos:304.3,Tstd:240.8,Bpos:240.5,Bstd:143.0,StrandBias:-0.1,Multiplicity:1.23
0.540	0.091	0.271	0.098
0.200	0.510	0.157	0.133
0.541	0.243	0.150	0.066
0.036	0.118	0.801	0.045
0.126	0.119	0.632	0.123
0.783	0.094	0.073	0.050
0.622	0.116	0.043	0.219
0.214	0.133	0.612	0.041
0.127	0.228	0.152	0.493
0.262	0.196	0.369	0.173
>WAACCACARV	2-WAACCACARV	6.794149	-143.884658	0	T:760.0(32.22%),B:8308.1(17.89%),P:1e-62	Tpos:301.5,Tstd:291.1,Bpos:238.7,Bstd:146.4,StrandBias:0.1,Multiplicity:1.31
0.471	0.190	0.018	0.321
0.668	0.088	0.191	0.053
0.819	0.065	0.115	0.001
0.037	0.961	0.001	0.001
0.045	0.948	0.001	0.006
0.660	0.079	0.226	0.035
0.044	0.954	0.001	0.001
0.786	0.104	0.004	0.106
0.372	0.175	0.338	0.114
0.248	0.363	0.255	0.134
>CACTAGGGGG	3-CACTAGGGGG	9.593821	-80.839956	0	T:110.0(4.66%),B:503.0(1.08%),P:1e-35	Tpos:270.5,Tstd:207.5,Bpos:235.7,Bstd:144.5,StrandBias:0.3,Multiplicity:1.02
0.011	0.934	0.043	0.012
0.989	0.001	0.001	0.009
0.001	0.996	0.002	0.001
0.001	0.285	0.001	0.713
0.990	0.008	0.001	0.001
0.001	0.001	0.997	0.001
0.220	0.031	0.748	0.001
0.061	0.001	0.741	0.197
0.001	0.030	0.968	0.001
0.001	0.026	0.972	0.001
>RGCCCCGCCC	4-RGCCCCGCCC	8.585493	-80.672961	0	T:499.0(21.15%),B:5598.4(12.06%),P:1e-35	Tpos:334.5,Tstd:260.1,Bpos:241.8,Bstd:159.0,StrandBias:0.0,Multiplicity:1.76
0.285	0.223	0.377	0.115
0.223	0.036	0.652	0.089
0.001	0.847	0.151	0.001
0.001	0.648	0.001	0.350
0.200	0.798	0.001	0.001
0.001	0.997	0.001	0.001
0.001	0.001	0.812	0.186
0.001	0.997	0.001	0.001
0.001	0.997	0.001	0.001
0.001	0.679	0.001	0.319
>AAACCGAAAC	5-AAACCGAAAC	7.651229	-52.946807	0	T:288.0(12.21%),B:3042.5(6.55%),P:1e-22	Tpos:306.5,Tstd:236.7,Bpos:242.0,Bstd:150.9,StrandBias:0.1,Multiplicity:1.19
0.796	0.035	0.050	0.119
0.824	0.072	0.030	0.074
0.918	0.042	0.039	0.001
0.171	0.479	0.296	0.054
0.160	0.485	0.164	0.191
0.088	0.048	0.862	0.002
0.866	0.065	0.051	0.018
0.826	0.062	0.067	0.045
0.846	0.090	0.062	0.002
0.077	0.652	0.199	0.072
>GTTGTTTCCG	6-GTTGTTTCCG	4.951084	-52.259339	0	T:877.0(37.18%),B:12889.9(27.76%),P:1e-22	Tpos:300.2,Tstd:254.5,Bpos:243.3,Bstd:147.0,StrandBias:0.0,Multiplicity:1.30
0.096	0.093	0.693	0.118
0.100	0.136	0.094	0.670
0.117	0.104	0.113	0.666
0.108	0.087	0.694	0.111
0.101	0.112	0.101	0.686
0.089	0.076	0.090	0.745
0.106	0.062	0.099	0.733
0.104	0.696	0.096	0.104
0.085	0.716	0.101	0.098
0.080	0.086	0.703	0.131
>GAAGCGGTTA	7-GAAGCGGTTA	6.982444	-46.767763	0	T:278.0(11.78%),B:3030.9(6.53%),P:1e-20	Tpos:286.7,Tstd:242.9,Bpos:239.7,Bstd:145.2,StrandBias:0.1,Multiplicity:1.08
0.054	0.100	0.775	0.071
0.795	0.061	0.042	0.102
0.827	0.094	0.068	0.011
0.067	0.049	0.860	0.024
0.056	0.719	0.093	0.132
0.124	0.063	0.726	0.087
0.004	0.054	0.868	0.074
0.026	0.063	0.066	0.845
0.071	0.039	0.056	0.834
0.759	0.055	0.081	0.105
>GGGTTTTGCC	8-GGGTTTTGCC	7.262151	-41.007691	0	T:239.0(10.13%),B:2584.4(5.57%),P:1e-17	Tpos:299.6,Tstd:253.4,Bpos:243.7,Bstd:146.0,StrandBias:-0.1,Multiplicity:1.06
0.033	0.070	0.853	0.044
0.066	0.077	0.755	0.102
0.041	0.028	0.814	0.117
0.054	0.050	0.038	0.858
0.062	0.068	0.035	0.835
0.089	0.027	0.055	0.829
0.106	0.132	0.039	0.723
0.057	0.069	0.734	0.140
0.086	0.773	0.038	0.103
0.043	0.838	0.039	0.080
>RTGASTCAYY	9-RTGASTCAYY	9.022499	-39.227464	0	T:154.0(6.53%),B:1420.3(3.06%),P:1e-17	Tpos:250.4,Tstd:203.8,Bpos:240.0,Bstd:137.5,StrandBias:0.1,Multiplicity:1.03
0.390	0.181	0.399	0.030
0.001	0.001	0.001	0.997
0.001	0.001	0.997	0.001
0.997	0.001	0.001	0.001
0.001	0.547	0.451	0.001
0.001	0.001	0.001	0.997
0.001	0.997	0.001	0.001
0.997	0.001	0.001	0.001
0.128	0.407	0.133	0.332
0.176	0.332	0.148	0.344
>TGWSGTMACG	10-TGWSGTMACG	7.052486	-33.309510	0	T:178.0(7.55%),B:1865.1(4.02%),P:1e-14	Tpos:269.3,Tstd:207.1,Bpos:239.9,Bstd:147.7,StrandBias:-0.1,Multiplicity:1.11
0.009	0.093	0.008	0.890
0.118	0.195	0.621	0.066
0.409	0.059	0.232	0.300
0.077	0.412	0.453	0.058
0.045	0.041	0.829	0.085
0.112	0.020	0.097	0.771
0.427	0.281	0.262	0.030
0.798	0.047	0.057	0.098
0.122	0.470	0.170	0.238
0.211	0.101	0.473	0.214
>GGGAATTCCC	11-GGGAATTCCC	11.419244	-32.877433	0	T:40.0(1.70%),B:169.4(0.36%),P:1e-14	Tpos:360.9,Tstd:326.6,Bpos:236.1,Bstd:138.8,StrandBias:0.8,Multiplicity:1.03
0.001	0.001	0.997	0.001
0.001	0.001	0.997	0.001
0.001	0.001	0.997	0.001
0.997	0.001	0.001	0.001
0.643	0.001	0.001	0.355
0.001	0.001	0.315	0.683
0.001	0.216	0.001	0.782
0.034	0.964	0.001	0.001
0.034	0.964	0.001	0.001
0.001	0.997	0.001	0.001
>GAATTGTAGT	12-GAATTGTAGT	10.974080	-28.086569	0	T:28.0(1.19%),B:97.1(0.21%),P:1e-12	Tpos:277.9,Tstd:187.0,Bpos:242.2,Bstd:156.1,StrandBias:1.1,Multiplicity:1.00
0.001	0.264	0.734	0.001
0.813	0.001	0.001	0.185
0.832	0.001	0.166	0.001
0.040	0.001	0.044	0.915
0.001	0.264	0.001	0.734
0.001	0.001	0.997	0.001
0.100	0.001	0.001	0.898
0.978	0.001	0.001	0.020
0.040	0.001	0.958	0.001
0.001	0.001	0.001	0.997
>CGGCCCATAC	13-CGGCCCATAC	9.514309	-25.201119	0	T:33.0(1.40%),B:152.5(0.33%),P:1e-10	Tpos:337.7,Tstd:257.6,Bpos:228.8,Bstd:154.6,StrandBias:0.2,Multiplicity:1.03
0.025	0.943	0.001	0.031
0.001	0.001	0.985	0.013
0.065	0.001	0.933	0.001
0.001	0.940	0.058	0.001
0.100	0.898	0.001	0.001
0.001	0.870	0.128	0.001
0.911	0.022	0.066	0.001
0.001	0.105	0.032	0.862
0.822	0.176	0.001	0.001
0.001	0.957	0.041	0.001
>ATCACGTGAC	14-ATCACGTGAC	8.540489	-24.802170	0	T:90.0(3.82%),B:808.3(1.74%),P:1e-10	Tpos:280.6,Tstd:210.5,Bpos:250.6,Bstd:145.2,StrandBias:0.1,Multiplicity:1.07
0.717	0.029	0.121	0.133
0.001	0.251	0.001	0.747
0.001	0.997	0.001	0.001
0.939	0.059	0.001	0.001
0.001	0.920	0.001	0.078
0.090	0.001	0.908	0.001
0.001	0.001	0.001	0.997
0.001	0.001	0.892	0.106
0.967	0.001	0.031	0.001
0.001	0.997	0.001	0.001
>GWCGTGTTAM	15-GWCGTGTTAM	9.555963	-24.728288	0	T:32.0(1.36%),B:146.2(0.31%),P:1e-10	Tpos:382.0,Tstd:445.4,Bpos:253.1,Bstd:142.8,StrandBias:-0.3,Multiplicity:1.20
0.001	0.001	0.997	0.001
0.512	0.001	0.001	0.486
0.001	0.646	0.352	0.001
0.001	0.001	0.996	0.002
0.001	0.001	0.001	0.997
0.001	0.001	0.997	0.001
0.001	0.001	0.001	0.997
0.150	0.001	0.001	0.848
0.997	0.001	0.001	0.001
0.508	0.490	0.001	0.001
>ATAACCTCAG	16-ATAACCTCAG	8.253358	-24.700190	0	T:96.0(4.07%),B:890.0(1.92%),P:1e-10	Tpos:265.4,Tstd:240.6,Bpos:238.0,Bstd:142.0,StrandBias:0.1,Multiplicity:1.06
0.910	0.088	0.001	0.001
0.001	0.041	0.065	0.893
0.997	0.001	0.001	0.001
0.997	0.001	0.001	0.001
0.001	0.997	0.001	0.001
0.137	0.795	0.001	0.067
0.001	0.094	0.001	0.904
0.109	0.728	0.077	0.086
0.843	0.106	0.001	0.050
0.086	0.018	0.848	0.048
>WAKAWMNCGC	17-WAKAWMNCGC	6.833256	-23.895692	0	T:60.0(2.54%),B:446.4(0.96%),P:1e-10	Tpos:302.2,Tstd:212.1,Bpos:246.8,Bstd:153.6,StrandBias:-0.6,Multiplicity:1.02
0.417	0.108	0.177	0.298
0.595	0.210	0.162	0.033
0.020	0.029	0.487	0.464
0.539	0.270	0.018	0.173
0.330	0.021	0.168	0.480
0.477	0.502	0.006	0.015
0.200	0.227	0.226	0.347
0.001	0.881	0.011	0.107
0.024	0.008	0.720	0.248
0.050	0.744	0.194	0.012
>CACATTMTCG	18-CACATTMTCG	6.949090	-23.735714	0	T:190.0(8.05%),B:2280.2(4.91%),P:1e-10	Tpos:291.5,Tstd:243.7,Bpos:238.9,Bstd:144.9,StrandBias:0.0,Multiplicity:1.05
0.001	0.629	0.132	0.238
0.958	0.040	0.001	0.001
0.091	0.643	0.265	0.001
0.781	0.043	0.103	0.073
0.071	0.061	0.001	0.867
0.134	0.140	0.104	0.622
0.514	0.484	0.001	0.001
0.276	0.001	0.001	0.722
0.001	0.997	0.001	0.001
0.001	0.082	0.854	0.063
>GAATGCGGTA	19-GAATGCGGTA	10.534212	-23.611784	0	T:28.0(1.19%),B:118.8(0.26%),P:1e-10	Tpos:276.6,Tstd:190.5,Bpos:233.4,Bstd:150.6,StrandBias:0.9,Multiplicity:1.00
0.001	0.382	0.616	0.001
0.845	0.153	0.001	0.001
0.565	0.281	0.153	0.001
0.001	0.001	0.001	0.997
0.001	0.001	0.898	0.100
0.001	0.577	0.001	0.421
0.001	0.001	0.997	0.001
0.119	0.001	0.879	0.001
0.001	0.001	0.001	0.997
0.997	0.001	0.001	0.001
>TTGACAGCAT	20-TTGACAGCAT	9.183294	-22.461054	0	T:65.0(2.76%),B:524.2(1.13%),P:1e-9	Tpos:284.6,Tstd:243.3,Bpos:237.1,Bstd:140.7,StrandBias:-0.1,Multiplicity:1.08
0.162	0.045	0.147	0.646
0.001	0.001	0.042	0.956
0.017	0.001	0.930	0.052
0.920	0.001	0.001	0.078
0.001	0.997	0.001	0.001
0.881	0.100	0.001	0.018
0.001	0.056	0.942	0.001
0.001	0.897	0.101	0.001
0.897	0.005	0.048	0.050
0.056	0.016	0.001	0.927
>GGCAATCGCG	21-GGCAATCGCG	9.488345	-21.722244	0	T:25.0(1.06%),B:103.4(0.22%),P:1e-9	Tpos:362.1,Tstd:295.7,Bpos:249.5,Bstd:185.1,StrandBias:0.0,Multiplicity:1.08
0.001	0.001	0.997	0.001
0.001	0.122	0.876	0.001
0.001	0.997	0.001	0.001
0.997	0.001	0.001	0.001
0.997	0.001	0.001	0.001
0.001	0.335	0.001	0.663
0.159	0.839	0.001	0.001
0.001	0.001	0.997	0.001
0.001	0.997	0.001	0.001
0.001	0.001	0.997	0.001
>CGCTGATTGG	22-CGCTGATTGG	8.649868	-19.429796	0	T:65.0(2.76%),B:567.1(1.22%),P:1e-8	Tpos:359.2,Tstd:333.2,Bpos:252.2,Bstd:155.1,StrandBias:-0.7,Multiplicity:1.06
0.012	0.955	0.010	0.023
0.024	0.064	0.826	0.086
0.040	0.813	0.035	0.112
0.001	0.127	0.040	0.832
0.001	0.007	0.991	0.001
0.992	0.006	0.001	0.001
0.043	0.043	0.024	0.890
0.001	0.001	0.039	0.959
0.001	0.001	0.939	0.059
0.001	0.001	0.903	0.095
>CCGCAAGTAT	23-CCGCAAGTAT	12.312642	-16.320544	0	T:6.0(0.25%),B:4.8(0.01%),P:1e-7	Tpos:251.3,Tstd:139.3,Bpos:356.5,Bstd:69.4,StrandBias:1.0,Multiplicity:1.00
0.001	0.997	0.001	0.001
0.001	0.997	0.001	0.001
0.001	0.001	0.997	0.001
0.001	0.997	0.001	0.001
0.997	0.001	0.001	0.001
0.997	0.001	0.001	0.001
0.001	0.218	0.780	0.001
0.001	0.001	0.001	0.997
0.997	0.001	0.001	0.001
0.001	0.001	0.001	0.997
>GCTAACACAC	24-GCTAACACAC	11.803344	-7.364167	0	T:11.0(0.47%),B:65.5(0.14%),P:1e-3	Tpos:223.1,Tstd:106.5,Bpos:233.7,Bstd:151.9,StrandBias:2.2,Multiplicity:1.55
0.001	0.001	0.997	0.001
0.001	0.997	0.001	0.001
0.001	0.001	0.001	0.997
0.997	0.001	0.001	0.001
0.997	0.001	0.001	0.001
0.001	0.997	0.001	0.001
0.997	0.001	0.001	0.001
0.001	0.997	0.001	0.001
0.736	0.001	0.132	0.131
0.001	0.997	0.001	0.001
>ATGAGTATAC	25-ATGAGTATAC	10.296193	-2.994824	0	T:2.0(0.08%),B:8.0(0.02%),P:1e-1	Tpos:170.6,Tstd:136.7,Bpos:241.6,Bstd:136.6,StrandBias:10.0,Multiplicity:6.50
0.700	0.100	0.100	0.100
0.100	0.100	0.100	0.700
0.100	0.100	0.700	0.100
0.700	0.100	0.100	0.100
0.100	0.100	0.700	0.100
0.100	0.100	0.100	0.700
0.700	0.100	0.100	0.100
0.100	0.100	0.100	0.700
0.700	0.100	0.100	0.100
0.100	0.700	0.100	0.100
>RACAGGAAGTDV	1-RACAGGAAGTDV	8.344983	-219.716134	0	T:690.0(29.25%),B:6014.9(12.95%),P:1e-95	Tpos:300.4,Tstd:240.9,Bpos:239.0,Bstd:140.9,StrandBias:-0.0,Multiplicity:1.26
0.357	0.164	0.337	0.142
0.629	0.041	0.304	0.026
0.128	0.652	0.174	0.046
0.997	0.001	0.001	0.001
0.001	0.001	0.997	0.001
0.001	0.001	0.997	0.001
0.997	0.001	0.001	0.001
0.773	0.001	0.001	0.225
0.280	0.001	0.718	0.001
0.068	0.202	0.161	0.569
0.278	0.137	0.362	0.223
0.251	0.222	0.367	0.160
>TTCCTGTGGTTA	2-TTCCTGTGGTTA	7.149000	-102.053360	0	T:545.0(23.10%),B:5839.9(12.58%),P:1e-44	Tpos:289.8,Tstd:257.9,Bpos:240.4,Bstd:143.1,StrandBias:-0.3,Multiplicity:1.22
0.133	0.031	0.301	0.535
0.106	0.153	0.202	0.539
0.071	0.534	0.060	0.335
0.001	0.756	0.001	0.242
0.001	0.001	0.001	0.997
0.001	0.020	0.978	0.001
0.115	0.001	0.017	0.867
0.001	0.001	0.997	0.001
0.001	0.001	0.985	0.013
0.001	0.055	0.031	0.913
0.053	0.134	0.085	0.728
0.541	0.001	0.069	0.389
>CCACCWGGKGGC	3-CCACCWGGKGGC	9.524963	-99.795059	0	T:168.0(7.12%),B:922.1(1.99%),P:1e-43	Tpos:237.2,Tstd:186.9,Bpos:252.8,Bstd:141.6,StrandBias:0.1,Multiplicity:1.07
0.150	0.848	0.001	0.001
0.001	0.997	0.001	0.001
0.765	0.227	0.007	0.001
0.019	0.782	0.167	0.032
0.187	0.580	0.001	0.232
0.433	0.019	0.007	0.541
0.215	0.001	0.619	0.165
0.231	0.097	0.671	0.001
0.001	0.034	0.410	0.555
0.001	0.001	0.997	0.001
0.032	0.001	0.848	0.119
0.168	0.623	0.007	0.202
>GCCCCGCCCHCY	4-GCCCCGCCCHCY	8.400122	-77.758420	0	T:681.0(28.87%),B:8596.0(18.51%),P:1e-33	Tpos:335.3,Tstd:260.6,Bpos:243.3,Bstd:152.1,StrandBias:0.1,Multiplicity:1.75
0.200	0.060	0.584	0.156
0.035	0.721	0.144	0.100
0.001	0.826	0.001	0.172
0.178	0.795	0.001	0.026
0.001	0.949	0.012	0.038
0.180	0.001	0.589	0.230
0.001	0.997	0.001	0.001
0.001	0.974	0.024	0.001
0.001	0.745	0.001	0.253
0.269	0.391	0.021	0.319
0.035	0.671	0.151	0.143
0.161	0.258	0.191	0.390
>GAAAVTGAAASY	5-GAAAVTGAAASY	9.206564	-65.950894	0	T:224.0(9.50%),B:1927.3(4.15%),P:1e-28	Tpos:316.2,Tstd:247.3,Bpos:247.9,Bstd:142.1,StrandBias:0.3,Multiplicity:1.17
0.125	0.099	0.775	0.001
0.833	0.001	0.148	0.018
0.793	0.050	0.010	0.147
0.997	0.001	0.001	0.001
0.321	0.261	0.387	0.031
0.243	0.038	0.034	0.685
0.035	0.001	0.963	0.001
0.904	0.001	0.094	0.001
0.927	0.054	0.018	0.001
0.961	0.001	0.037	0.001
0.033	0.399	0.490	0.078
0.250	0.277	0.065	0.408
>AAACCACATCHN	6-AAACCACATCHN	8.359330	-59.275276	0	T:82.0(3.48%),B:382.8(0.82%),P:1e-25	Tpos:262.7,Tstd:212.6,Bpos:239.3,Bstd:140.2,StrandBias:-0.3,Multiplicity:1.01
0.494	0.239	0.028	0.239
0.556	0.179	0.118	0.147
0.552	0.224	0.036	0.188
0.034	0.901	0.026	0.039
0.031	0.744	0.002	0.223
0.901	0.047	0.014	0.038
0.045	0.906	0.029	0.020
0.570	0.167	0.012	0.251
0.162	0.259	0.165	0.414
0.282	0.473	0.020	0.224
0.224	0.331	0.162	0.283
0.213	0.203	0.260	0.324
>AGGGGANTTTCC	7-AGGGGANTTTCC	9.040581	-44.387117	0	T:145.0(6.15%),B:1223.8(2.64%),P:1e-19	Tpos:329.6,Tstd:268.0,Bpos:244.3,Bstd:136.6,StrandBias:-0.0,Multiplicity:1.04
0.485	0.078	0.201	0.236
0.253	0.001	0.560	0.186
0.081	0.001	0.917	0.001
0.001	0.001	0.997	0.001
0.307	0.064	0.628	0.001
0.548	0.079	0.289	0.084
0.344	0.199	0.234	0.222
0.001	0.060	0.293	0.646
0.001	0.001	0.001	0.997
0.001	0.342	0.120	0.537
0.001	0.997	0.001	0.001
0.001	0.978	0.001	0.020
>AACGGAAACCAA	8-AACGGAAACCAA	8.533523	-41.882378	0	T:154.0(6.53%),B:1377.0(2.97%),P:1e-18	Tpos:291.7,Tstd:249.3,Bpos:242.3,Bstd:148.7,StrandBias:0.1,Multiplicity:1.07
0.742	0.128	0.014	0.116
0.826	0.070	0.035	0.069
0.135	0.734	0.050	0.081
0.099	0.097	0.682	0.122
0.036	0.080	0.883	0.001
0.931	0.034	0.001	0.034
0.910	0.001	0.020	0.069
0.885	0.001	0.113	0.001
0.070	0.838	0.035	0.057
0.107	0.891	0.001	0.001
0.871	0.093	0.035	0.001
0.743	0.050	0.125	0.082
>AATGACTCAYYC	9-AATGACTCAYYC	9.218414	-36.781974	0	T:111.0(4.71%),B:901.4(1.94%),P:1e-15	Tpos:257.5,Tstd:235.7,Bpos:241.2,Bstd:137.0,StrandBias:0.4,Multiplicity:1.04
0.494	0.172	0.221	0.113
0.523	0.214	0.262	0.001
0.001	0.001	0.001	0.997
0.001	0.001	0.964	0.034
0.870	0.001	0.128	0.001
0.001	0.589	0.409	0.001
0.035	0.045	0.001	0.919
0.001	0.997	0.001	0.001
0.900	0.078	0.001	0.021
0.001	0.451	0.194	0.354
0.233	0.307	0.035	0.425
0.014	0.524	0.113	0.349
>GTGGYKGTTTCT	10-GTGGYKGTTTCT	8.321633	-36.025776	0	T:195.0(8.27%),B:2052.1(4.42%),P:1e-15	Tpos:294.8,Tstd:297.0,Bpos:242.7,Bstd:141.0,StrandBias:0.0,Multiplicity:1.07
0.015	0.005	0.979	0.001
0.153	0.015	0.137	0.695
0.113	0.001	0.819	0.067
0.031	0.092	0.846	0.031
0.127	0.357	0.064	0.451
0.135	0.027	0.483	0.355
0.115	0.113	0.625	0.147
0.030	0.043	0.030	0.897
0.052	0.134	0.001	0.813
0.068	0.095	0.109	0.728
0.001	0.997	0.001	0.001
0.118	0.115	0.001	0.766
>GCTCCGCCCCAC	11-GCTCCGCCCCAC	9.985482	-33.626343	0	T:100.0(4.24%),B:807.4(1.74%),P:1e-14	Tpos:307.0,Tstd:244.9,Bpos:242.8,Bstd:154.7,StrandBias:-0.0,Multiplicity:1.07
0.132	0.118	0.713	0.037
0.059	0.881	0.059	0.001
0.027	0.008	0.052	0.913
0.070	0.907	0.022	0.001
0.103	0.749	0.118	0.030
0.028	0.095	0.824	0.053
0.014	0.910	0.031	0.045
0.001	0.882	0.102	0.015
0.030	0.869	0.039	0.062
0.050	0.854	0.037	0.059
0.770	0.023	0.075	0.132
0.089	0.738	0.153	0.020
>GGGAGTTGTAGT	12-GGGAGTTGTAGT	9.319638	-33.293174	0	T:95.0(4.03%),B:750.1(1.62%),P:1e-14	Tpos:265.3,Tstd:174.8,Bpos:231.3,Bstd:151.0,StrandBias:-0.1,Multiplicity:1.12
0.079	0.001	0.880	0.040
0.040	0.020	0.920	0.020
0.120	0.060	0.780	0.040
0.811	0.051	0.055	0.083
0.059	0.049	0.774	0.118
0.080	0.074	0.065	0.781
0.040	0.055	0.048	0.857
0.020	0.040	0.892	0.048
0.084	0.001	0.058	0.857
0.830	0.001	0.091	0.078
0.020	0.080	0.820	0.080
0.062	0.080	0.055	0.803
>GTTGAGTCAGCA	13-GTTGAGTCAGCA	9.951417	-31.419423	0	T:49.0(2.08%),B:259.5(0.56%),P:1e-13	Tpos:293.7,Tstd:259.2,Bpos:234.6,Bstd:138.4,StrandBias:0.1,Multiplicity:1.04
0.063	0.091	0.736	0.110
0.040	0.085	0.046	0.829
0.082	0.016	0.082	0.820
0.060	0.045	0.847	0.048
0.890	0.024	0.032	0.054
0.047	0.088	0.829	0.036
0.054	0.024	0.065	0.857
0.024	0.842	0.092	0.042
0.952	0.024	0.001	0.023
0.118	0.094	0.752	0.036
0.098	0.825	0.076	0.001
0.824	0.054	0.024	0.098
>GTAACCACACAG	14-GTAACCACACAG	12.610889	-31.103238	0	T:23.0(0.97%),B:54.8(0.12%),P:1e-13	Tpos:272.8,Tstd:167.2,Bpos:240.2,Bstd:144.3,StrandBias:-0.4,Multiplicity:1.00
0.055	0.001	0.901	0.043
0.079	0.001	0.001	0.919
0.950	0.001	0.001	0.048
0.933	0.001	0.065	0.001
0.001	0.867	0.084	0.048
0.084	0.914	0.001	0.001
0.997	0.001	0.001	0.001
0.084	0.831	0.084	0.001
0.933	0.001	0.001	0.065
0.001	0.997	0.001	0.001
0.914	0.001	0.084	0.001
0.001	0.001	0.914	0.084
>GCCGAGCTTTGC	15-GCCGAGCTTTGC	9.207362	-28.460469	0	T:99.0(4.20%),B:868.9(1.87%),P:1e-12	Tpos:309.9,Tstd:264.4,Bpos:238.9,Bstd:147.0,StrandBias:-0.3,Multiplicity:1.05
0.065	0.081	0.775	0.079
0.022	0.887	0.053	0.038
0.035	0.746	0.093	0.126
0.043	0.105	0.835	0.017
0.893	0.001	0.035	0.071
0.034	0.022	0.887	0.057
0.077	0.791	0.067	0.065
0.017	0.069	0.045	0.869
0.022	0.119	0.045	0.814
0.022	0.088	0.089	0.801
0.029	0.081	0.835	0.055
0.021	0.870	0.052	0.057
>AACACHTCAGCC	16-AACACHTCAGCC	10.895409	-23.611080	0	T:50.0(2.12%),B:335.9(0.72%),P:1e-10	Tpos:247.9,Tstd:159.9,Bpos:253.2,Bstd:141.9,StrandBias:-1.0,Multiplicity:1.05
0.766	0.232	0.001	0.001
0.725	0.273	0.001	0.001
0.001	0.997	0.001	0.001
0.997	0.001	0.001	0.001
0.001	0.997	0.001	0.001
0.370	0.317	0.001	0.312
0.001	0.196	0.001	0.802
0.175	0.823	0.001	0.001
0.475	0.310	0.001	0.214
0.001	0.417	0.581	0.001
0.400	0.598	0.001	0.001
0.001	0.997	0.001	0.001
>CCGACCAGCTAG	17-CCGACCAGCTAG	9.433891	-23.103623	0	T:49.0(2.08%),B:329.3(0.71%),P:1e-10	Tpos:370.2,Tstd:337.1,Bpos:230.2,Bstd:146.3,StrandBias:0.2,Multiplicity:1.04
0.001	0.779	0.115	0.105
0.107	0.517	0.125	0.251
0.150	0.202	0.492	0.156
0.560	0.148	0.228	0.064
0.001	0.903	0.095	0.001
0.001	0.775	0.044	0.180
0.798	0.085	0.001	0.116
0.001	0.070	0.928	0.001
0.001	0.948	0.050	0.001
0.141	0.071	0.195	0.593
0.612	0.201	0.056	0.131
0.001	0.189	0.650	0.160
>ACTTGTGGCTTT	18-ACTTGTGGCTTT	10.792104	-20.062398	0	T:34.0(1.44%),B:197.9(0.43%),P:1e-8	Tpos:227.9,Tstd:198.0,Bpos:244.5,Bstd:135.9,StrandBias:-0.2,Multiplicity:1.03
0.798	0.200	0.001	0.001
0.001	0.651	0.124	0.224
0.110	0.001	0.001	0.888
0.001	0.001	0.001	0.997
0.001	0.001	0.695	0.303
0.035	0.245	0.063	0.657
0.001	0.001	0.997	0.001
0.001	0.001	0.874	0.124
0.001	0.870	0.128	0.001
0.001	0.001	0.001	0.997
0.245	0.001	0.098	0.656
0.122	0.001	0.122	0.755
>CCCCACCCTACT	19-CCCCACCCTACT	12.355432	-16.320544	0	T:6.0(0.25%),B:4.6(0.01%),P:1e-7	Tpos:359.8,Tstd:164.4,Bpos:330.9,Bstd:200.1,StrandBias:1.0,Multiplicity:1.00
0.100	0.700	0.100	0.100
0.100	0.700	0.100	0.100
0.100	0.700	0.100	0.100
0.100	0.700	0.100	0.100
0.700	0.100	0.100	0.100
0.100	0.700	0.100	0.100
0.100	0.700	0.100	0.100
0.100	0.700	0.100	0.100
0.100	0.100	0.100	0.700
0.700	0.100	0.100	0.100
0.100	0.700	0.100	0.100
0.100	0.100	0.100	0.700
>AATGAGTATACA	20-AATGAGTATACA	10.065148	-16.309783	0	T:5.0(0.21%),B:2.5(0.01%),P:1e-7	Tpos:148.8,Tstd:83.0,Bpos:233.9,Bstd:113.2,StrandBias:2.5,Multiplicity:4.00
0.997	0.001	0.001	0.001
0.997	0.001	0.001	0.001
0.001	0.001	0.001	0.997
0.001	0.001	0.997	0.001
0.997	0.001	0.001	0.001
0.001	0.038	0.960	0.001
0.001	0.001	0.001	0.997
0.960	0.001	0.038	0.001
0.001	0.001	0.001	0.997
0.997	0.001	0.001	0.001
0.001	0.997	0.001	0.001
0.997	0.001	0.001	0.001
>GTAACACCTCGC	21-GTAACACCTCGC	-2.000104	-15.299275	0	T:247.0(10.47%),B:3512.4(7.56%),P:1e-6	Tpos:292.0,Tstd:236.0,Bpos:239.3,Bstd:149.1,StrandBias:0.1,Multiplicity:1.13
0.001	0.001	0.997	0.001
0.001	0.001	0.001	0.997
0.964	0.001	0.034	0.001
0.997	0.001	0.001	0.001
0.001	0.997	0.001	0.001
0.997	0.001	0.001	0.001
0.001	0.997	0.001	0.001
0.001	0.997	0.001	0.001
0.001	0.001	0.001	0.997
0.001	0.997	0.001	0.001
0.243	0.001	0.755	0.001
0.001	0.997	0.001	0.001
>TAACACCTCAYC	22-TAACACCTCAYC	11.559427	-13.269220	0	T:15.0(0.64%),B:64.7(0.14%),P:1e-5	Tpos:244.5,Tstd:156.6,Bpos:220.9,Bstd:152.6,StrandBias:-1.4,Multiplicity:1.00
0.001	0.001	0.001	0.997
0.997	0.001	0.001	0.001
0.883	0.115	0.001	0.001
0.001	0.704	0.294	0.001
0.997	0.001	0.001	0.001
0.146	0.852	0.001	0.001
0.001	0.705	0.147	0.147
0.001	0.001	0.001	0.997
0.001	0.704	0.294	0.001
0.704	0.294	0.001	0.001
0.263	0.442	0.001	0.294
0.001	0.997	0.001	0.001
>CTGCTGAGGTAC	23-CTGCTGAGGTAC	14.325758	-10.770675	0	T:3.0(0.13%),B:1.9(0.00%),P:1e-4	Tpos:123.4,Tstd:67.4,Bpos:235.2,Bstd:105.3,StrandBias:1.8,Multiplicity:3.00
0.001	0.997	0.001	0.001
0.001	0.001	0.001	0.997
0.001	0.001	0.997	0.001
0.001	0.882	0.001	0.116
0.001	0.001	0.001	0.997
0.001	0.001	0.997	0.001
0.882	0.001	0.001	0.116
0.001	0.001	0.997	0.001
0.001	0.001	0.997	0.001
0.001	0.001	0.001	0.997
0.997	0.001	0.001	0.001
0.001	0.997	0.001	0.001
>ACTGCTCAGTAA	24-ACTGCTCAGTAA	16.272342	-10.770675	0	T:3.0(0.13%),B:1.9(0.00%),P:1e-4	Tpos:173.2,Tstd:109.2,Bpos:312.8,Bstd:24.0,StrandBias:-1.0,Multiplicity:2.00
0.997	0.001	0.001	0.001
0.104	0.894	0.001	0.001
0.001	0.001	0.001	0.997
0.001	0.001	0.997	0.001
0.001	0.997	0.001	0.001
0.104	0.001	0.001	0.894
0.104	0.894	0.001	0.001
0.997	0.001	0.001	0.001
0.001	0.001	0.997	0.001
0.001	0.001	0.001	0.997
0.997	0.001	0.001	0.001
0.997	0.001	0.001	0.001
>TGCTAACACACT	25-TGCTAACACACT	12.355432	-6.687098	0	T:2.0(0.08%),B:1.5(0.00%),P:1e-2	Tpos:191.1,Tstd:101.5,Bpos:267.0,Bstd:5.9,StrandBias:2.8,Multiplicity:4.00
0.100	0.100	0.100	0.700
0.100	0.100	0.700	0.100
0.100	0.700	0.100	0.100
0.100	0.100	0.100	0.700
0.700	0.100	0.100	0.100
0.700	0.100	0.100	0.100
0.100	0.700	0.100	0.100
0.700	0.100	0.100	0.100
0.100	0.700	0.100	0.100
0.700	0.100	0.100	0.100
0.100	0.700	0.100	0.100
0.100	0.100	0.100	0.700
>ACCGGAAA	1-ACCGGAAA	4.479723	-151.703776	0	T:868.0(36.80%),B:9877.4(21.27%),P:1e-65	Tpos:299.7,Tstd:229.6,Bpos:242.4,Bstd:144.3,StrandBias:-0.0,Multiplicity:1.35
0.906	0.001	0.092	0.001
0.001	0.997	0.001	0.001
0.182	0.816	0.001	0.001
0.001	0.001	0.997	0.001
0.001	0.001	0.997	0.001
0.997	0.001	0.001	0.001
0.912	0.001	0.001	0.086
0.787	0.001	0.211	0.001
>AGGAAGTG	2-AGGAAGTG	5.830502	-139.639693	0	T:666.0(28.23%),B:6937.8(14.94%),P:1e-60	Tpos:307.7,Tstd:257.8,Bpos:243.2,Bstd:142.7,StrandBias:0.1,Multiplicity:1.16
0.653	0.335	0.011	0.001
0.001	0.001	0.997	0.001
0.001	0.001	0.997	0.001
0.997	0.001	0.001	0.001
0.997	0.001	0.001	0.001
0.332	0.001	0.666	0.001
0.001	0.001	0.001	0.997
0.278	0.001	0.720	0.001
>TGTGGTTW	3-TGTGGTTW	6.403247	-101.256444	0	T:882.0(37.39%),B:11332.6(24.40%),P:1e-43	Tpos:296.5,Tstd:276.6,Bpos:239.1,Bstd:145.5,StrandBias:-0.1,Multiplicity:1.43
0.104	0.048	0.069	0.779
0.025	0.026	0.834	0.115
0.118	0.187	0.118	0.577
0.066	0.026	0.907	0.001
0.044	0.012	0.933	0.011
0.001	0.098	0.083	0.818
0.054	0.207	0.076	0.663
0.492	0.010	0.051	0.447
>WWACCGCA	4-WWACCGCA	5.289456	-87.708094	0	T:1191.0(50.49%),B:17331.4(37.32%),P:1e-38	Tpos:302.2,Tstd:268.4,Bpos:241.0,Bstd:149.5,StrandBias:-0.0,Multiplicity:1.33
0.401	0.243	0.001	0.354
0.437	0.001	0.224	0.338
0.905	0.001	0.093	0.001
0.034	0.897	0.035	0.034
0.057	0.874	0.001	0.068
0.251	0.001	0.591	0.157
0.080	0.918	0.001	0.001
0.704	0.074	0.176	0.046
>CCCCGCCC	5-CCCCGCCC	8.187451	-58.621673	0	T:538.0(22.81%),B:6793.6(14.63%),P:1e-25	Tpos:359.1,Tstd:296.0,Bpos:241.6,Bstd:160.0,StrandBias:0.1,Multiplicity:1.79
0.001	0.894	0.001	0.104
0.043	0.682	0.001	0.274
0.102	0.896	0.001	0.001
0.001	0.997	0.001	0.001
0.001	0.001	0.997	0.001
0.051	0.947	0.001	0.001
0.001	0.997	0.001	0.001
0.001	0.940	0.001	0.058
>AGGTGGCG	6-AGGTGGCG	8.739489	-39.939579	0	T:324.0(13.73%),B:3905.8(8.41%),P:1e-17	Tpos:332.5,Tstd:259.0,Bpos:244.6,Bstd:159.3,StrandBias:0.0,Multiplicity:1.18
0.997	0.001	0.001	0.001
0.001	0.001	0.997	0.001
0.165	0.001	0.833	0.001
0.152	0.001	0.259	0.588
0.001	0.001	0.997	0.001
0.001	0.001	0.997	0.001
0.001	0.997	0.001	0.001
0.001	0.001	0.997	0.001
>AASGGAAA	7-AASGGAAA	3.097458	-37.828914	0	T:645.0(27.34%),B:9364.3(20.16%),P:1e-16	Tpos:310.3,Tstd:258.6,Bpos:241.3,Bstd:144.4,StrandBias:-0.0,Multiplicity:1.28
0.997	0.001	0.001	0.001
0.997	0.001	0.001	0.001
0.247	0.429	0.322	0.001
0.001	0.344	0.570	0.085
0.001	0.001	0.997	0.001
0.997	0.001	0.001	0.001
0.997	0.001	0.001	0.001
0.997	0.001	0.001	0.001
>GTGACTCA	8-GTGACTCA	9.074592	-37.550126	0	T:222.0(9.41%),B:2412.6(5.20%),P:1e-16	Tpos:275.9,Tstd:226.6,Bpos:237.0,Bstd:137.4,StrandBias:0.0,Multiplicity:1.09
0.185	0.209	0.605	0.001
0.001	0.001	0.001	0.997
0.001	0.001	0.997	0.001
0.997	0.001	0.001	0.001
0.046	0.805	0.148	0.001
0.001	0.001	0.047	0.951
0.001	0.952	0.001	0.046
0.997	0.001	0.001	0.001
>ASGTGTTA	9-ASGTGTTA	6.050642	-25.812170	0	T:541.0(22.93%),B:8092.2(17.43%),P:1e-11	Tpos:294.4,Tstd:255.8,Bpos:240.7,Bstd:146.1,StrandBias:-0.1,Multiplicity:1.20
0.751	0.098	0.150	0.001
0.199	0.413	0.386	0.001
0.001	0.069	0.929	0.001
0.039	0.108	0.070	0.783
0.001	0.145	0.853	0.001
0.044	0.055	0.044	0.857
0.048	0.398	0.001	0.553
0.927	0.001	0.001	0.071
>RCTAGBGG	10-RCTAGBGG	6.757122	-25.312575	0	T:275.0(11.66%),B:3579.3(7.71%),P:1e-10	Tpos:319.5,Tstd:269.5,Bpos:238.8,Bstd:146.9,StrandBias:-0.0,Multiplicity:1.06
0.375	0.173	0.266	0.186
0.001	0.977	0.021	0.001
0.001	0.001	0.021	0.977
0.613	0.274	0.112	0.001
0.001	0.001	0.865	0.133
0.145	0.366	0.218	0.271
0.079	0.309	0.611	0.001
0.108	0.049	0.842	0.001
>TCCGCCTC	11-TCCGCCTC	9.792779	-25.009381	0	T:120.0(5.09%),B:1212.2(2.61%),P:1e-10	Tpos:314.6,Tstd:205.8,Bpos:241.2,Bstd:162.9,StrandBias:0.0,Multiplicity:1.12
0.001	0.001	0.001	0.997
0.001	0.997	0.001	0.001
0.001	0.997	0.001	0.001
0.001	0.001	0.997	0.001
0.001	0.997	0.001	0.001
0.001	0.719	0.279	0.001
0.001	0.001	0.001	0.997
0.001	0.997	0.001	0.001
>GTCACGTG	12-GTCACGTG	7.162165	-17.390111	0	T:114.0(4.83%),B:1296.5(2.79%),P:1e-7	Tpos:318.7,Tstd:260.3,Bpos:248.5,Bstd:155.4,StrandBias:-0.4,Multiplicity:1.05
0.114	0.001	0.884	0.001
0.001	0.001	0.001	0.997
0.001	0.970	0.001	0.028
0.997	0.001	0.001	0.001
0.001	0.997	0.001	0.001
0.001	0.001	0.997	0.001
0.001	0.001	0.171	0.827
0.025	0.001	0.973	0.001
>GAGTATAC	13-GAGTATAC	8.568286	-2.965892	0	T:15.0(0.64%),B:183.3(0.39%),P:1e-1	Tpos:211.0,Tstd:174.9,Bpos:252.0,Bstd:145.7,StrandBias:2.1,Multiplicity:2.00
0.001	0.001	0.997	0.001
0.916	0.082	0.001	0.001
0.001	0.001	0.997	0.001
0.001	0.001	0.001	0.997
0.997	0.001	0.001	0.001
0.001	0.001	0.001	0.997
0.997	0.001	0.001	0.001
0.001	0.997	0.001	0.001
