>ACAGGAAGTR	1-ACAGGAAGTR	6.494815	-214.107277	0	T:632.0(26.79%),B:5293.4(11.40%),P:1e-92	Tpos:304.3,Tstd:240.8,Bpos:240.5,Bstd:143.0,StrandBias:-0.1,Multiplicity:1.23
0.540	0.091	0.271	0.098
0.200	0.510	0.157	0.133
0.541	0.243	0.150	0.066
0.036	0.118	0.801	0.045
0.126	0.119	0.632	0.123
0.783	0.094	0.073	0.050
0.622	0.116	0.043	0.219
0.214	0.133	0.612	0.041
0.127	0.228	0.152	0.493
0.262	0.196	0.369	0.173
>WAACCACARV	2-WAACCACARV	6.794149	-143.884658	0	T:760.0(32.22%),B:8308.1(17.89%),P:1e-62	Tpos:301.5,Tstd:291.1,Bpos:238.7,Bstd:146.4,StrandBias:0.1,Multiplicity:1.31
0.471	0.190	0.018	0.321
0.668	0.088	0.191	0.053
0.819	0.065	0.115	0.001
0.037	0.961	0.001	0.001
0.045	0.948	0.001	0.006
0.660	0.079	0.226	0.035
0.044	0.954	0.001	0.001
0.786	0.104	0.004	0.106
0.372	0.175	0.338	0.114
0.248	0.363	0.255	0.134
>CACTAGGGGG	3-CACTAGGGGG	9.593821	-80.839956	0	T:110.0(4.66%),B:503.0(1.08%),P:1e-35	Tpos:270.5,Tstd:207.5,Bpos:235.7,Bstd:144.5,StrandBias:0.3,Multiplicity:1.02
0.011	0.934	0.043	0.012
0.989	0.001	0.001	0.009
0.001	0.996	0.002	0.001
0.001	0.285	0.001	0.713
0.990	0.008	0.001	0.001
0.001	0.001	0.997	0.001
0.220	0.031	0.748	0.001
0.061	0.001	0.741	0.197
0.001	0.030	0.968	0.001
0.001	0.026	0.972	0.001
>RGCCCCGCCC	4-RGCCCCGCCC	8.585493	-80.672961	0	T:499.0(21.15%),B:5598.4(12.06%),P:1e-35	Tpos:334.5,Tstd:260.1,Bpos:241.8,Bstd:159.0,StrandBias:0.0,Multiplicity:1.76
0.285	0.223	0.377	0.115
0.223	0.036	0.652	0.089
0.001	0.847	0.151	0.001
0.001	0.648	0.001	0.350
0.200	0.798	0.001	0.001
0.001	0.997	0.001	0.001
0.001	0.001	0.812	0.186
0.001	0.997	0.001	0.001
0.001	0.997	0.001	0.001
0.001	0.679	0.001	0.319
>AAACCGAAAC	5-AAACCGAAAC	7.651229	-52.946807	0	T:288.0(12.21%),B:3042.5(6.55%),P:1e-22	Tpos:306.5,Tstd:236.7,Bpos:242.0,Bstd:150.9,StrandBias:0.1,Multiplicity:1.19
0.796	0.035	0.050	0.119
0.824	0.072	0.030	0.074
0.918	0.042	0.039	0.001
0.171	0.479	0.296	0.054
0.160	0.485	0.164	0.191
0.088	0.048	0.862	0.002
0.866	0.065	0.051	0.018
0.826	0.062	0.067	0.045
0.846	0.090	0.062	0.002
0.077	0.652	0.199	0.072
>GTTGTTTCCG	6-GTTGTTTCCG	4.951084	-52.259339	0	T:877.0(37.18%),B:12889.9(27.76%),P:1e-22	Tpos:300.2,Tstd:254.5,Bpos:243.3,Bstd:147.0,StrandBias:0.0,Multiplicity:1.30
0.096	0.093	0.693	0.118
0.100	0.136	0.094	0.670
0.117	0.104	0.113	0.666
0.108	0.087	0.694	0.111
0.101	0.112	0.101	0.686
0.089	0.076	0.090	0.745
0.106	0.062	0.099	0.733
0.104	0.696	0.096	0.104
0.085	0.716	0.101	0.098
0.080	0.086	0.703	0.131
>GAAGCGGTTA	7-GAAGCGGTTA	6.982444	-46.767763	0	T:278.0(11.78%),B:3030.9(6.53%),P:1e-20	Tpos:286.7,Tstd:242.9,Bpos:239.7,Bstd:145.2,StrandBias:0.1,Multiplicity:1.08
0.054	0.100	0.775	0.071
0.795	0.061	0.042	0.102
0.827	0.094	0.068	0.011
0.067	0.049	0.860	0.024
0.056	0.719	0.093	0.132
0.124	0.063	0.726	0.087
0.004	0.054	0.868	0.074
0.026	0.063	0.066	0.845
0.071	0.039	0.056	0.834
0.759	0.055	0.081	0.105
>GGGTTTTGCC	8-GGGTTTTGCC	7.262151	-41.007691	0	T:239.0(10.13%),B:2584.4(5.57%),P:1e-17	Tpos:299.6,Tstd:253.4,Bpos:243.7,Bstd:146.0,StrandBias:-0.1,Multiplicity:1.06
0.033	0.070	0.853	0.044
0.066	0.077	0.755	0.102
0.041	0.028	0.814	0.117
0.054	0.050	0.038	0.858
0.062	0.068	0.035	0.835
0.089	0.027	0.055	0.829
0.106	0.132	0.039	0.723
0.057	0.069	0.734	0.140
0.086	0.773	0.038	0.103
0.043	0.838	0.039	0.080
>RTGASTCAYY	9-RTGASTCAYY	9.022499	-39.227464	0	T:154.0(6.53%),B:1420.3(3.06%),P:1e-17	Tpos:250.4,Tstd:203.8,Bpos:240.0,Bstd:137.5,StrandBias:0.1,Multiplicity:1.03
0.390	0.181	0.399	0.030
0.001	0.001	0.001	0.997
0.001	0.001	0.997	0.001
0.997	0.001	0.001	0.001
0.001	0.547	0.451	0.001
0.001	0.001	0.001	0.997
0.001	0.997	0.001	0.001
0.997	0.001	0.001	0.001
0.128	0.407	0.133	0.332
0.176	0.332	0.148	0.344
>TGWSGTMACG	10-TGWSGTMACG	7.052486	-33.309510	0	T:178.0(7.55%),B:1865.1(4.02%),P:1e-14	Tpos:269.3,Tstd:207.1,Bpos:239.9,Bstd:147.7,StrandBias:-0.1,Multiplicity:1.11
0.009	0.093	0.008	0.890
0.118	0.195	0.621	0.066
0.409	0.059	0.232	0.300
0.077	0.412	0.453	0.058
0.045	0.041	0.829	0.085
0.112	0.020	0.097	0.771
0.427	0.281	0.262	0.030
0.798	0.047	0.057	0.098
0.122	0.470	0.170	0.238
0.211	0.101	0.473	0.214
>GGGAATTCCC	11-GGGAATTCCC	11.419244	-32.877433	0	T:40.0(1.70%),B:169.4(0.36%),P:1e-14	Tpos:360.9,Tstd:326.6,Bpos:236.1,Bstd:138.8,StrandBias:0.8,Multiplicity:1.03
0.001	0.001	0.997	0.001
0.001	0.001	0.997	0.001
0.001	0.001	0.997	0.001
0.997	0.001	0.001	0.001
0.643	0.001	0.001	0.355
0.001	0.001	0.315	0.683
0.001	0.216	0.001	0.782
0.034	0.964	0.001	0.001
0.034	0.964	0.001	0.001
0.001	0.997	0.001	0.001
>GAATTGTAGT	12-GAATTGTAGT	10.974080	-28.086569	0	T:28.0(1.19%),B:97.1(0.21%),P:1e-12	Tpos:277.9,Tstd:187.0,Bpos:242.2,Bstd:156.1,StrandBias:1.1,Multiplicity:1.00
0.001	0.264	0.734	0.001
0.813	0.001	0.001	0.185
0.832	0.001	0.166	0.001
0.040	0.001	0.044	0.915
0.001	0.264	0.001	0.734
0.001	0.001	0.997	0.001
0.100	0.001	0.001	0.898
0.978	0.001	0.001	0.020
0.040	0.001	0.958	0.001
0.001	0.001	0.001	0.997
>CGGCCCATAC	13-CGGCCCATAC	9.514309	-25.201119	0	T:33.0(1.40%),B:152.5(0.33%),P:1e-10	Tpos:337.7,Tstd:257.6,Bpos:228.8,Bstd:154.6,StrandBias:0.2,Multiplicity:1.03
0.025	0.943	0.001	0.031
0.001	0.001	0.985	0.013
0.065	0.001	0.933	0.001
0.001	0.940	0.058	0.001
0.100	0.898	0.001	0.001
0.001	0.870	0.128	0.001
0.911	0.022	0.066	0.001
0.001	0.105	0.032	0.862
0.822	0.176	0.001	0.001
0.001	0.957	0.041	0.001
>ATCACGTGAC	14-ATCACGTGAC	8.540489	-24.802170	0	T:90.0(3.82%),B:808.3(1.74%),P:1e-10	Tpos:280.6,Tstd:210.5,Bpos:250.6,Bstd:145.2,StrandBias:0.1,Multiplicity:1.07
0.717	0.029	0.121	0.133
0.001	0.251	0.001	0.747
0.001	0.997	0.001	0.001
0.939	0.059	0.001	0.001
0.001	0.920	0.001	0.078
0.090	0.001	0.908	0.001
0.001	0.001	0.001	0.997
0.001	0.001	0.892	0.106
0.967	0.001	0.031	0.001
0.001	0.997	0.001	0.001
>GWCGTGTTAM	15-GWCGTGTTAM	9.555963	-24.728288	0	T:32.0(1.36%),B:146.2(0.31%),P:1e-10	Tpos:382.0,Tstd:445.4,Bpos:253.1,Bstd:142.8,StrandBias:-0.3,Multiplicity:1.20
0.001	0.001	0.997	0.001
0.512	0.001	0.001	0.486
0.001	0.646	0.352	0.001
0.001	0.001	0.996	0.002
0.001	0.001	0.001	0.997
0.001	0.001	0.997	0.001
0.001	0.001	0.001	0.997
0.150	0.001	0.001	0.848
0.997	0.001	0.001	0.001
0.508	0.490	0.001	0.001
>ATAACCTCAG	16-ATAACCTCAG	8.253358	-24.700190	0	T:96.0(4.07%),B:890.0(1.92%),P:1e-10	Tpos:265.4,Tstd:240.6,Bpos:238.0,Bstd:142.0,StrandBias:0.1,Multiplicity:1.06
0.910	0.088	0.001	0.001
0.001	0.041	0.065	0.893
0.997	0.001	0.001	0.001
0.997	0.001	0.001	0.001
0.001	0.997	0.001	0.001
0.137	0.795	0.001	0.067
0.001	0.094	0.001	0.904
0.109	0.728	0.077	0.086
0.843	0.106	0.001	0.050
0.086	0.018	0.848	0.048
>WAKAWMNCGC	17-WAKAWMNCGC	6.833256	-23.895692	0	T:60.0(2.54%),B:446.4(0.96%),P:1e-10	Tpos:302.2,Tstd:212.1,Bpos:246.8,Bstd:153.6,StrandBias:-0.6,Multiplicity:1.02
0.417	0.108	0.177	0.298
0.595	0.210	0.162	0.033
0.020	0.029	0.487	0.464
0.539	0.270	0.018	0.173
0.330	0.021	0.168	0.480
0.477	0.502	0.006	0.015
0.200	0.227	0.226	0.347
0.001	0.881	0.011	0.107
0.024	0.008	0.720	0.248
0.050	0.744	0.194	0.012
>CACATTMTCG	18-CACATTMTCG	6.949090	-23.735714	0	T:190.0(8.05%),B:2280.2(4.91%),P:1e-10	Tpos:291.5,Tstd:243.7,Bpos:238.9,Bstd:144.9,StrandBias:0.0,Multiplicity:1.05
0.001	0.629	0.132	0.238
0.958	0.040	0.001	0.001
0.091	0.643	0.265	0.001
0.781	0.043	0.103	0.073
0.071	0.061	0.001	0.867
0.134	0.140	0.104	0.622
0.514	0.484	0.001	0.001
0.276	0.001	0.001	0.722
0.001	0.997	0.001	0.001
0.001	0.082	0.854	0.063
>GAATGCGGTA	19-GAATGCGGTA	10.534212	-23.611784	0	T:28.0(1.19%),B:118.8(0.26%),P:1e-10	Tpos:276.6,Tstd:190.5,Bpos:233.4,Bstd:150.6,StrandBias:0.9,Multiplicity:1.00
0.001	0.382	0.616	0.001
0.845	0.153	0.001	0.001
0.565	0.281	0.153	0.001
0.001	0.001	0.001	0.997
0.001	0.001	0.898	0.100
0.001	0.577	0.001	0.421
0.001	0.001	0.997	0.001
0.119	0.001	0.879	0.001
0.001	0.001	0.001	0.997
0.997	0.001	0.001	0.001
>TTGACAGCAT	20-TTGACAGCAT	9.183294	-22.461054	0	T:65.0(2.76%),B:524.2(1.13%),P:1e-9	Tpos:284.6,Tstd:243.3,Bpos:237.1,Bstd:140.7,StrandBias:-0.1,Multiplicity:1.08
0.162	0.045	0.147	0.646
0.001	0.001	0.042	0.956
0.017	0.001	0.930	0.052
0.920	0.001	0.001	0.078
0.001	0.997	0.001	0.001
0.881	0.100	0.001	0.018
0.001	0.056	0.942	0.001
0.001	0.897	0.101	0.001
0.897	0.005	0.048	0.050
0.056	0.016	0.001	0.927
>GGCAATCGCG	21-GGCAATCGCG	9.488345	-21.722244	0	T:25.0(1.06%),B:103.4(0.22%),P:1e-9	Tpos:362.1,Tstd:295.7,Bpos:249.5,Bstd:185.1,StrandBias:0.0,Multiplicity:1.08
0.001	0.001	0.997	0.001
0.001	0.122	0.876	0.001
0.001	0.997	0.001	0.001
0.997	0.001	0.001	0.001
0.997	0.001	0.001	0.001
0.001	0.335	0.001	0.663
0.159	0.839	0.001	0.001
0.001	0.001	0.997	0.001
0.001	0.997	0.001	0.001
0.001	0.001	0.997	0.001
>CGCTGATTGG	22-CGCTGATTGG	8.649868	-19.429796	0	T:65.0(2.76%),B:567.1(1.22%),P:1e-8	Tpos:359.2,Tstd:333.2,Bpos:252.2,Bstd:155.1,StrandBias:-0.7,Multiplicity:1.06
0.012	0.955	0.010	0.023
0.024	0.064	0.826	0.086
0.040	0.813	0.035	0.112
0.001	0.127	0.040	0.832
0.001	0.007	0.991	0.001
0.992	0.006	0.001	0.001
0.043	0.043	0.024	0.890
0.001	0.001	0.039	0.959
0.001	0.001	0.939	0.059
0.001	0.001	0.903	0.095
>CCGCAAGTAT	23-CCGCAAGTAT	12.312642	-16.320544	0	T:6.0(0.25%),B:4.8(0.01%),P:1e-7	Tpos:251.3,Tstd:139.3,Bpos:356.5,Bstd:69.4,StrandBias:1.0,Multiplicity:1.00
0.001	0.997	0.001	0.001
0.001	0.997	0.001	0.001
0.001	0.001	0.997	0.001
0.001	0.997	0.001	0.001
0.997	0.001	0.001	0.001
0.997	0.001	0.001	0.001
0.001	0.218	0.780	0.001
0.001	0.001	0.001	0.997
0.997	0.001	0.001	0.001
0.001	0.001	0.001	0.997
>GCTAACACAC	24-GCTAACACAC	11.803344	-7.364167	0	T:11.0(0.47%),B:65.5(0.14%),P:1e-3	Tpos:223.1,Tstd:106.5,Bpos:233.7,Bstd:151.9,StrandBias:2.2,Multiplicity:1.55
0.001	0.001	0.997	0.001
0.001	0.997	0.001	0.001
0.001	0.001	0.001	0.997
0.997	0.001	0.001	0.001
0.997	0.001	0.001	0.001
0.001	0.997	0.001	0.001
0.997	0.001	0.001	0.001
0.001	0.997	0.001	0.001
0.736	0.001	0.132	0.131
0.001	0.997	0.001	0.001
>ATGAGTATAC	25-ATGAGTATAC	10.296193	-2.994824	0	T:2.0(0.08%),B:8.0(0.02%),P:1e-1	Tpos:170.6,Tstd:136.7,Bpos:241.6,Bstd:136.6,StrandBias:10.0,Multiplicity:6.50
0.700	0.100	0.100	0.100
0.100	0.100	0.100	0.700
0.100	0.100	0.700	0.100
0.700	0.100	0.100	0.100
0.100	0.100	0.700	0.100
0.100	0.100	0.100	0.700
0.700	0.100	0.100	0.100
0.100	0.100	0.100	0.700
0.700	0.100	0.100	0.100
0.100	0.700	0.100	0.100
