>WGCTTTCYAGGAAM	Bcl6+M2265	6.252660387626797
0.244	0.174	0.197	0.386
0.164	0.121	0.517	0.198
0.139	0.659	0.096	0.106
0.127	0.223	0.007	0.643
0.040	0.183	0.106	0.672
0.004	0.012	0.000	0.984
0.000	0.851	0.000	0.149
0.021	0.423	0.090	0.467
1.000	0.000	0.000	0.000
0.143	0.000	0.857	0.000
0.027	0.025	0.916	0.031
0.880	0.031	0.084	0.005
0.911	0.029	0.023	0.037
0.365	0.256	0.179	0.200
