>NYNTAGAAARAM	Bcl6b+M0391	3.840353326771792
0.225	0.225	0.225	0.324
0.175	0.264	0.175	0.386
0.175	0.476	0.175	0.175
0.232	0.046	0.137	0.586
0.614	0.112	0.274	0.000
0.186	0.000	0.814	0.000
0.703	0.000	0.297	0.000
0.795	0.000	0.205	0.000
0.631	0.117	0.227	0.025
0.373	0.076	0.476	0.076
0.590	0.076	0.259	0.076
0.295	0.297	0.204	0.204
