>WCTTTCKAGGAATWYS	Bcl6+PB0006-1	6.314783427380909
0.350	0.080	0.200	0.370
0.170	0.600	0.050	0.180
0.089	0.109	0.059	0.743
0.130	0.080	0.080	0.710
0.030	0.010	0.020	0.940
0.010	0.870	0.010	0.110
0.020	0.100	0.450	0.430
0.800	0.010	0.020	0.170
0.140	0.060	0.760	0.040
0.071	0.020	0.818	0.091
0.880	0.020	0.040	0.060
0.880	0.030	0.010	0.080
0.210	0.210	0.040	0.540
0.240	0.230	0.170	0.360
0.210	0.300	0.150	0.340
0.202	0.293	0.333	0.172
