Factor1: 0.9806811092608916
Factor2: 1.0196994625028195
