Factor1: 1.5364327433952325
Factor2: 0.6508582977671933
