Factor1: 0.9712745935835678
Factor2: 1.0295749591374015
