Factor1: 0.8932159828131665
Factor2: 1.1195500519936075
