>ACCACAAG	1-ACCACAAG	6.539573	-23.010225	0	T:41.0(39.05%),B:6687.1(13.67%),P:1e-9	Tpos:185.1,Tstd:153.1,Bpos:165.9,Bstd:101.7,StrandBias:0.5,Multiplicity:1.22
0.883	0.001	0.057	0.059
0.189	0.809	0.001	0.001
0.001	0.968	0.001	0.030
0.908	0.011	0.080	0.001
0.001	0.988	0.010	0.001
0.869	0.078	0.052	0.001
0.792	0.001	0.206	0.001
0.082	0.028	0.798	0.092
>TTGACTCA	2-TTGACTCA	6.550516	-14.604316	0	T:34.0(32.38%),B:6540.7(13.37%),P:1e-6	Tpos:245.3,Tstd:201.5,Bpos:169.3,Bstd:100.5,StrandBias:-0.2,Multiplicity:1.24
0.040	0.122	0.023	0.815
0.001	0.001	0.034	0.964
0.145	0.088	0.766	0.001
0.880	0.030	0.001	0.089
0.066	0.813	0.120	0.001
0.001	0.058	0.001	0.940
0.001	0.942	0.001	0.056
0.922	0.049	0.001	0.028
>ABATAAGC	3-ABATAAGC	7.353962	-10.496826	0	T:13.0(12.38%),B:1539.0(3.15%),P:1e-4	Tpos:212.8,Tstd:120.2,Bpos:167.2,Bstd:101.0,StrandBias:-1.0,Multiplicity:1.15
0.997	0.001	0.001	0.001
0.001	0.363	0.321	0.315
0.682	0.003	0.237	0.078
0.001	0.001	0.001	0.997
0.701	0.155	0.001	0.143
0.632	0.254	0.008	0.106
0.001	0.108	0.753	0.138
0.001	0.945	0.053	0.001
>TTTCMTCT	4-TTTCMTCT	6.727575	-10.380984	0	T:43.0(40.95%),B:11240.0(22.98%),P:1e-4	Tpos:210.3,Tstd:191.6,Bpos:167.3,Bstd:99.4,StrandBias:-0.3,Multiplicity:1.43
0.015	0.146	0.001	0.838
0.041	0.001	0.044	0.914
0.039	0.001	0.201	0.759
0.088	0.810	0.001	0.101
0.527	0.471	0.001	0.001
0.001	0.003	0.411	0.585
0.024	0.777	0.197	0.002
0.027	0.051	0.016	0.906
>AAAAAAAG	5-AAAAAAAG	9.558013	-3.083663	0	T:11.0(10.48%),B:2885.5(5.90%),P:1e-1	Tpos:166.2,Tstd:122.3,Bpos:167.8,Bstd:109.8,StrandBias:0.0,Multiplicity:1.09
0.997	0.001	0.001	0.001
0.589	0.409	0.001	0.001
0.997	0.001	0.001	0.001
0.997	0.001	0.001	0.001
0.997	0.001	0.001	0.001
0.792	0.001	0.206	0.001
0.997	0.001	0.001	0.001
0.321	0.001	0.677	0.001
