>TGAGTCATCK	1-TGAGTCATCK	6.787304	-1643.425376	0	T:2403.0(30.28%),B:3338.7(8.11%),P:1e-713	Tpos:273.4,Tstd:189.6,Bpos:249.6,Bstd:146.9,StrandBias:0.0,Multiplicity:1.23
0.011	0.007	0.003	0.979
0.007	0.013	0.934	0.046
0.962	0.013	0.006	0.019
0.019	0.226	0.743	0.012
0.008	0.004	0.007	0.981
0.027	0.956	0.009	0.008
0.989	0.004	0.004	0.003
0.027	0.207	0.149	0.617
0.229	0.454	0.108	0.209
0.206	0.170	0.386	0.238
>TGASTCABHH	2-TGASTCABHH	6.862934	-1340.419052	0	T:3202.0(40.34%),B:6604.6(16.04%),P:1e-582	Tpos:287.6,Tstd:210.4,Bpos:246.6,Bstd:147.7,StrandBias:-0.0,Multiplicity:1.13
0.001	0.001	0.001	0.997
0.001	0.001	0.673	0.325
0.964	0.001	0.008	0.027
0.148	0.340	0.396	0.117
0.037	0.001	0.017	0.945
0.350	0.535	0.069	0.046
0.997	0.001	0.001	0.001
0.144	0.262	0.249	0.345
0.322	0.279	0.144	0.255
0.287	0.224	0.167	0.322
>NRAAACCACA	3-NRAAACCACA	7.381705	-446.351184	0	T:1879.0(23.67%),B:4815.5(11.69%),P:1e-193	Tpos:289.2,Tstd:211.6,Bpos:240.2,Bstd:147.3,StrandBias:-0.0,Multiplicity:1.17
0.236	0.243	0.206	0.315
0.301	0.165	0.384	0.150
0.669	0.124	0.040	0.167
0.947	0.001	0.009	0.043
0.872	0.018	0.109	0.001
0.001	0.997	0.001	0.001
0.001	0.930	0.032	0.037
0.858	0.014	0.096	0.032
0.018	0.940	0.041	0.001
0.784	0.072	0.052	0.092
>ACTTCCTGTY	4-ACTTCCTGTY	7.709653	-419.946975	0	T:2085.0(26.27%),B:5743.0(13.94%),P:1e-182	Tpos:282.0,Tstd:216.7,Bpos:244.3,Bstd:142.0,StrandBias:-0.0,Multiplicity:1.17
0.816	0.060	0.088	0.036
0.001	0.681	0.015	0.303
0.255	0.045	0.007	0.693
0.001	0.001	0.001	0.997
0.001	0.914	0.001	0.084
0.001	0.977	0.003	0.019
0.001	0.004	0.125	0.870
0.001	0.269	0.581	0.149
0.023	0.241	0.038	0.698
0.050	0.336	0.170	0.443
>AVHGGAAAVW	5-AVHGGAAAVW	5.647548	-412.753748	0	T:2666.0(33.59%),B:8190.2(19.89%),P:1e-179	Tpos:288.3,Tstd:218.7,Bpos:243.7,Bstd:145.6,StrandBias:0.0,Multiplicity:1.30
0.431	0.188	0.215	0.166
0.353	0.252	0.255	0.140
0.238	0.278	0.121	0.363
0.101	0.168	0.458	0.273
0.092	0.041	0.843	0.024
0.812	0.049	0.030	0.109
0.794	0.022	0.165	0.019
0.620	0.111	0.200	0.069
0.225	0.362	0.225	0.187
0.253	0.208	0.168	0.371
>ATTTGCATAT	6-ATTTGCATAT	7.894460	-348.432009	0	T:677.0(8.53%),B:1079.4(2.62%),P:1e-151	Tpos:269.7,Tstd:189.7,Bpos:249.1,Bstd:140.8,StrandBias:0.0,Multiplicity:1.11
0.965	0.008	0.009	0.018
0.004	0.001	0.001	0.994
0.001	0.009	0.001	0.989
0.007	0.003	0.001	0.989
0.060	0.001	0.930	0.009
0.001	0.997	0.001	0.001
0.995	0.003	0.001	0.001
0.001	0.001	0.001	0.997
0.878	0.018	0.074	0.030
0.181	0.149	0.131	0.539
>GGGGATTTCC	7-GGGGATTTCC	8.912996	-315.634397	0	T:577.0(7.27%),B:876.3(2.13%),P:1e-137	Tpos:284.2,Tstd:205.9,Bpos:239.7,Bstd:141.8,StrandBias:-0.1,Multiplicity:1.07
0.074	0.015	0.834	0.077
0.031	0.008	0.949	0.012
0.014	0.011	0.930	0.045
0.295	0.041	0.645	0.019
0.519	0.166	0.176	0.139
0.217	0.053	0.060	0.670
0.089	0.011	0.034	0.866
0.019	0.255	0.006	0.720
0.022	0.885	0.019	0.074
0.008	0.983	0.008	0.001
>TGTGGGYGGA	8-TGTGGGYGGA	8.230548	-270.596008	0	T:1204.0(15.17%),B:3082.5(7.48%),P:1e-117	Tpos:298.0,Tstd:219.2,Bpos:243.0,Bstd:150.4,StrandBias:-0.3,Multiplicity:1.07
0.094	0.198	0.001	0.707
0.001	0.001	0.997	0.001
0.001	0.001	0.001	0.997
0.001	0.001	0.997	0.001
0.001	0.001	0.997	0.001
0.001	0.001	0.997	0.001
0.193	0.400	0.001	0.406
0.139	0.001	0.859	0.001
0.001	0.001	0.894	0.104
0.491	0.230	0.124	0.156
>AAAGYGAAAS	9-AAAGYGAAAS	9.000799	-241.904007	0	T:596.0(7.51%),B:1110.1(2.70%),P:1e-105	Tpos:291.5,Tstd:228.1,Bpos:238.8,Bstd:152.9,StrandBias:0.0,Multiplicity:1.05
0.681	0.031	0.287	0.001
0.578	0.001	0.001	0.420
0.997	0.001	0.001	0.001
0.269	0.195	0.495	0.041
0.001	0.420	0.081	0.498
0.001	0.001	0.997	0.001
0.749	0.035	0.001	0.215
0.997	0.001	0.001	0.001
0.835	0.055	0.001	0.109
0.001	0.395	0.448	0.156
>ASATCAAAGR	10-ASATCAAAGR	7.937434	-208.552930	0	T:1029.0(12.96%),B:2730.5(6.63%),P:1e-90	Tpos:279.1,Tstd:200.0,Bpos:240.8,Bstd:144.7,StrandBias:0.0,Multiplicity:1.11
0.833	0.040	0.061	0.066
0.001	0.434	0.483	0.082
0.743	0.001	0.001	0.255
0.001	0.028	0.001	0.970
0.051	0.662	0.275	0.012
0.978	0.001	0.020	0.001
0.997	0.001	0.001	0.001
0.852	0.050	0.022	0.076
0.087	0.045	0.856	0.012
0.439	0.132	0.372	0.057
>GGGCGGGGCC	11-GGGCGGGGCC	7.605344	-205.862536	0	T:1962.0(24.72%),B:6562.8(15.93%),P:1e-89	Tpos:301.6,Tstd:215.4,Bpos:245.4,Bstd:150.7,StrandBias:-0.0,Multiplicity:1.68
0.224	0.001	0.774	0.001
0.001	0.001	0.997	0.001
0.001	0.001	0.997	0.001
0.156	0.655	0.001	0.188
0.001	0.001	0.997	0.001
0.065	0.001	0.656	0.278
0.263	0.001	0.681	0.055
0.179	0.001	0.744	0.076
0.001	0.726	0.001	0.272
0.187	0.540	0.069	0.204
>GGDTTTYCSC	12-GGDTTTYCSC	6.165165	-183.586637	0	T:1412.0(17.79%),B:4394.9(10.67%),P:1e-79	Tpos:302.7,Tstd:234.8,Bpos:245.6,Bstd:145.2,StrandBias:0.0,Multiplicity:1.11
0.204	0.015	0.604	0.177
0.103	0.211	0.475	0.211
0.328	0.147	0.292	0.233
0.052	0.243	0.155	0.550
0.022	0.047	0.053	0.878
0.058	0.120	0.180	0.642
0.150	0.469	0.040	0.341
0.053	0.945	0.001	0.001
0.128	0.431	0.418	0.022
0.143	0.538	0.101	0.218
>AAATGACTGK	13-AAATGACTGK	7.916873	-173.098430	0	T:930.0(11.72%),B:2541.2(6.17%),P:1e-75	Tpos:273.0,Tstd:223.4,Bpos:246.7,Bstd:142.5,StrandBias:-0.0,Multiplicity:1.06
0.886	0.001	0.087	0.026
0.734	0.001	0.205	0.060
0.905	0.001	0.093	0.001
0.001	0.001	0.001	0.997
0.035	0.001	0.963	0.001
0.970	0.001	0.001	0.028
0.001	0.837	0.127	0.035
0.023	0.118	0.120	0.739
0.165	0.064	0.722	0.049
0.155	0.161	0.288	0.396
>TGACTCAGCC	14-TGACTCAGCC	8.422411	-138.143579	0	T:978.0(12.32%),B:2937.9(7.13%),P:1e-59	Tpos:307.2,Tstd:237.1,Bpos:242.3,Bstd:147.8,StrandBias:-0.1,Multiplicity:1.06
0.086	0.262	0.001	0.651
0.001	0.001	0.997	0.001
0.453	0.124	0.221	0.202
0.039	0.738	0.001	0.222
0.107	0.001	0.104	0.788
0.001	0.997	0.001	0.001
0.948	0.001	0.050	0.001
0.001	0.001	0.997	0.001
0.001	0.886	0.112	0.001
0.312	0.586	0.001	0.101
>TGACGTCATC	15-TGACGTCATC	7.180752	-81.527630	0	T:631.0(7.95%),B:1935.3(4.70%),P:1e-35	Tpos:290.8,Tstd:226.1,Bpos:243.8,Bstd:147.6,StrandBias:-0.2,Multiplicity:1.06
0.078	0.033	0.079	0.810
0.029	0.070	0.785	0.116
0.874	0.026	0.048	0.052
0.043	0.831	0.038	0.088
0.070	0.103	0.790	0.037
0.102	0.045	0.048	0.805
0.052	0.801	0.054	0.093
0.832	0.032	0.048	0.088
0.052	0.075	0.066	0.807
0.097	0.668	0.131	0.104
>GAGGTGTGAA	16-GAGGTGTGAA	8.824235	-80.835615	0	T:404.0(5.09%),B:1064.4(2.58%),P:1e-35	Tpos:279.1,Tstd:205.3,Bpos:248.7,Bstd:147.3,StrandBias:0.1,Multiplicity:1.07
0.221	0.115	0.570	0.094
0.933	0.001	0.065	0.001
0.045	0.063	0.832	0.060
0.001	0.001	0.997	0.001
0.001	0.001	0.001	0.997
0.001	0.001	0.977	0.021
0.066	0.005	0.001	0.928
0.023	0.001	0.950	0.026
0.939	0.032	0.001	0.028
0.951	0.001	0.047	0.001
>GTYGCTADGG	17-GTYGCTADGG	9.593057	-70.464460	0	T:237.0(2.99%),B:524.0(1.27%),P:1e-30	Tpos:269.1,Tstd:165.4,Bpos:242.2,Bstd:145.2,StrandBias:0.1,Multiplicity:1.06
0.001	0.001	0.997	0.001
0.001	0.001	0.022	0.976
0.001	0.424	0.001	0.574
0.278	0.001	0.720	0.001
0.151	0.847	0.001	0.001
0.001	0.406	0.001	0.592
0.864	0.001	0.001	0.134
0.370	0.001	0.346	0.283
0.029	0.001	0.969	0.001
0.116	0.263	0.620	0.001
>GTCATACCCA	18-GTCATACCCA	-3.614425	-55.229717	0	T:3863.0(48.67%),B:17700.3(42.98%),P:1e-23	Tpos:293.2,Tstd:234.1,Bpos:245.0,Bstd:144.8,StrandBias:-0.1,Multiplicity:1.40
0.001	0.001	0.997	0.001
0.001	0.001	0.001	0.997
0.001	0.997	0.001	0.001
0.997	0.001	0.001	0.001
0.001	0.001	0.001	0.997
0.997	0.001	0.001	0.001
0.064	0.934	0.001	0.001
0.001	0.970	0.028	0.001
0.001	0.997	0.001	0.001
0.997	0.001	0.001	0.001
>GTTTTTTTTT	19-GTTTTTTTTT	7.457964	-48.221394	0	T:1836.0(23.13%),B:7763.8(18.85%),P:1e-20	Tpos:297.5,Tstd:234.6,Bpos:243.2,Bstd:158.4,StrandBias:0.0,Multiplicity:1.29
0.034	0.066	0.749	0.151
0.032	0.095	0.231	0.642
0.052	0.068	0.066	0.814
0.054	0.049	0.035	0.862
0.063	0.150	0.056	0.731
0.030	0.042	0.083	0.845
0.023	0.054	0.130	0.793
0.012	0.024	0.051	0.913
0.046	0.036	0.032	0.886
0.072	0.126	0.034	0.768
>TTGCGTAAGC	20-TTGCGTAAGC	7.773994	-35.181014	0	T:65.0(0.82%),B:102.9(0.25%),P:1e-15	Tpos:282.9,Tstd:186.1,Bpos:261.7,Bstd:175.3,StrandBias:0.3,Multiplicity:1.00
0.050	0.042	0.189	0.719
0.182	0.041	0.176	0.601
0.027	0.220	0.703	0.050
0.044	0.795	0.029	0.132
0.150	0.154	0.664	0.032
0.201	0.117	0.114	0.568
0.565	0.273	0.098	0.064
0.689	0.045	0.242	0.024
0.098	0.149	0.552	0.201
0.100	0.668	0.030	0.202
>ACYCGATTCT	21-ACYCGATTCT	9.693316	-32.777249	0	T:48.0(0.60%),B:64.0(0.16%),P:1e-14	Tpos:298.0,Tstd:248.9,Bpos:232.2,Bstd:165.9,StrandBias:0.2,Multiplicity:1.00
0.997	0.001	0.001	0.001
0.053	0.945	0.001	0.001
0.001	0.483	0.140	0.375
0.001	0.997	0.001	0.001
0.001	0.001	0.997	0.001
0.626	0.012	0.311	0.051
0.001	0.001	0.001	0.997
0.111	0.001	0.001	0.887
0.053	0.914	0.032	0.001
0.001	0.001	0.169	0.829
>GCGCCCTCTG	22-GCGCCCTCTG	10.396403	-29.967729	0	T:62.0(0.78%),B:106.6(0.26%),P:1e-13	Tpos:282.6,Tstd:242.8,Bpos:240.5,Bstd:152.7,StrandBias:0.2,Multiplicity:1.00
0.001	0.001	0.771	0.227
0.001	0.997	0.001	0.001
0.001	0.001	0.997	0.001
0.058	0.940	0.001	0.001
0.001	0.997	0.001	0.001
0.001	0.954	0.044	0.001
0.001	0.001	0.001	0.997
0.001	0.997	0.001	0.001
0.001	0.001	0.001	0.997
0.001	0.001	0.997	0.001
>NTAGTCACGN	23-NTAGTCACGN	6.433972	-17.295589	0	T:25.0(0.31%),B:34.1(0.08%),P:1e-7	Tpos:246.7,Tstd:181.1,Bpos:222.0,Bstd:166.9,StrandBias:0.8,Multiplicity:1.00
0.236	0.256	0.211	0.297
0.135	0.106	0.159	0.600
0.498	0.198	0.134	0.169
0.188	0.159	0.497	0.156
0.172	0.138	0.141	0.549
0.172	0.487	0.130	0.211
0.468	0.136	0.248	0.148
0.103	0.687	0.094	0.116
0.114	0.116	0.678	0.092
0.275	0.213	0.231	0.281
>ACATCTCCGC	24-ACATCTCCGC	6.404373	-15.517320	0	T:2152.0(27.11%),B:10141.2(24.62%),P:1e-6	Tpos:298.7,Tstd:231.7,Bpos:244.9,Bstd:147.8,StrandBias:0.0,Multiplicity:1.21
0.700	0.100	0.100	0.100
0.100	0.700	0.100	0.100
0.700	0.100	0.100	0.100
0.100	0.100	0.100	0.700
0.100	0.700	0.100	0.100
0.100	0.100	0.100	0.700
0.100	0.700	0.100	0.100
0.100	0.700	0.100	0.100
0.100	0.100	0.700	0.100
0.100	0.700	0.100	0.100
>GAGTGCACGC	25-GAGTGCACGC	10.296193	-13.371955	0	T:8.0(0.10%),B:4.3(0.01%),P:1e-5	Tpos:419.5,Tstd:263.3,Bpos:283.6,Bstd:141.4,StrandBias:1.7,Multiplicity:1.62
0.100	0.100	0.700	0.100
0.700	0.100	0.100	0.100
0.100	0.100	0.700	0.100
0.100	0.100	0.100	0.700
0.100	0.100	0.700	0.100
0.100	0.700	0.100	0.100
0.700	0.100	0.100	0.100
0.100	0.700	0.100	0.100
0.100	0.100	0.700	0.100
0.100	0.700	0.100	0.100
