>NDVTGASTCABH	1-NDVTGASTCABH	7.047500	-1649.360548	0	T:2221.0(27.98%),B:2837.8(6.89%),P:1e-716	Tpos:273.7,Tstd:189.0,Bpos:249.1,Bstd:145.6,StrandBias:-0.0,Multiplicity:1.21
0.253	0.231	0.234	0.282
0.273	0.116	0.317	0.294
0.349	0.272	0.288	0.092
0.025	0.012	0.012	0.951
0.024	0.040	0.856	0.080
0.952	0.010	0.005	0.033
0.030	0.445	0.476	0.049
0.035	0.023	0.017	0.925
0.068	0.885	0.028	0.019
0.959	0.010	0.005	0.026
0.094	0.274	0.266	0.367
0.306	0.332	0.111	0.251
>NHTGAGTCACTW	2-NHTGAGTCACTW	8.998835	-474.510465	0	T:706.0(8.90%),B:911.8(2.21%),P:1e-206	Tpos:262.7,Tstd:164.7,Bpos:223.6,Bstd:151.2,StrandBias:-0.3,Multiplicity:1.01
0.214	0.269	0.200	0.318
0.367	0.284	0.119	0.230
0.001	0.105	0.001	0.893
0.001	0.001	0.871	0.127
0.613	0.385	0.001	0.001
0.001	0.001	0.997	0.001
0.013	0.001	0.066	0.920
0.001	0.928	0.001	0.070
0.834	0.001	0.147	0.018
0.001	0.997	0.001	0.001
0.173	0.115	0.119	0.593
0.396	0.187	0.146	0.271
>NWAACCACADVN	3-NWAACCACADVN	7.694983	-445.425015	0	T:1836.0(23.13%),B:4656.9(11.31%),P:1e-193	Tpos:283.4,Tstd:202.2,Bpos:243.8,Bstd:146.0,StrandBias:0.0,Multiplicity:1.16
0.260	0.236	0.290	0.214
0.508	0.124	0.001	0.367
0.714	0.001	0.185	0.100
0.681	0.116	0.202	0.001
0.001	0.997	0.001	0.001
0.001	0.997	0.001	0.001
0.882	0.073	0.001	0.044
0.087	0.885	0.027	0.001
0.764	0.073	0.001	0.162
0.330	0.113	0.294	0.264
0.353	0.262	0.245	0.140
0.310	0.250	0.210	0.230
>ACAGGAAGTGRN	4-ACAGGAAGTGRN	8.351183	-429.493680	0	T:1624.0(20.46%),B:3935.8(9.56%),P:1e-186	Tpos:282.3,Tstd:209.6,Bpos:247.2,Bstd:140.1,StrandBias:0.0,Multiplicity:1.14
0.584	0.063	0.217	0.136
0.125	0.606	0.211	0.058
0.977	0.017	0.003	0.003
0.001	0.001	0.997	0.001
0.007	0.001	0.984	0.008
0.984	0.014	0.001	0.001
0.755	0.001	0.005	0.239
0.272	0.008	0.719	0.001
0.055	0.159	0.075	0.711
0.201	0.152	0.490	0.157
0.292	0.152	0.419	0.138
0.214	0.225	0.281	0.280
>NNGTGACTCAND	5-NNGTGACTCAND	7.662654	-415.339133	0	T:1430.0(18.02%),B:3293.2(8.00%),P:1e-180	Tpos:278.4,Tstd:203.6,Bpos:244.4,Bstd:149.5,StrandBias:0.1,Multiplicity:1.04
0.342	0.240	0.210	0.207
0.258	0.149	0.297	0.296
0.007	0.005	0.941	0.047
0.015	0.014	0.001	0.970
0.065	0.001	0.835	0.099
0.840	0.027	0.067	0.066
0.071	0.911	0.009	0.009
0.053	0.039	0.047	0.861
0.110	0.640	0.130	0.120
0.886	0.001	0.075	0.038
0.244	0.221	0.299	0.236
0.306	0.128	0.298	0.269
>NWWATTTGCATA	6-NWWATTTGCATA	8.921722	-399.035067	0	T:704.0(8.87%),B:1045.5(2.54%),P:1e-173	Tpos:262.5,Tstd:186.1,Bpos:250.4,Bstd:139.5,StrandBias:0.0,Multiplicity:1.10
0.208	0.304	0.238	0.250
0.385	0.116	0.085	0.413
0.372	0.147	0.193	0.287
0.665	0.148	0.043	0.144
0.007	0.001	0.015	0.977
0.022	0.001	0.001	0.976
0.075	0.001	0.001	0.923
0.160	0.045	0.794	0.001
0.025	0.967	0.001	0.007
0.908	0.090	0.001	0.001
0.007	0.001	0.025	0.967
0.537	0.076	0.307	0.080
>GGGGAAAYCCCC	7-GGGGAAAYCCCC	8.031662	-353.709524	0	T:1054.0(13.28%),B:2224.1(5.40%),P:1e-153	Tpos:287.1,Tstd:214.2,Bpos:238.6,Bstd:142.5,StrandBias:0.0,Multiplicity:1.13
0.164	0.140	0.495	0.200
0.144	0.003	0.612	0.241
0.045	0.001	0.935	0.019
0.267	0.022	0.697	0.014
0.765	0.016	0.216	0.003
0.933	0.042	0.024	0.001
0.759	0.077	0.107	0.057
0.186	0.360	0.177	0.277
0.086	0.627	0.051	0.236
0.099	0.843	0.003	0.055
0.077	0.864	0.001	0.058
0.248	0.584	0.040	0.128
>ATGAGTCATCTC	8-ATGAGTCATCTC	7.851704	-351.243902	0	T:1068.0(13.46%),B:2279.5(5.53%),P:1e-152	Tpos:284.6,Tstd:210.4,Bpos:246.1,Bstd:147.0,StrandBias:0.0,Multiplicity:1.05
0.575	0.078	0.251	0.096
0.170	0.026	0.061	0.743
0.028	0.001	0.906	0.065
0.731	0.046	0.032	0.191
0.111	0.117	0.619	0.153
0.138	0.077	0.057	0.728
0.164	0.695	0.058	0.083
0.927	0.019	0.005	0.049
0.031	0.001	0.245	0.723
0.011	0.745	0.044	0.200
0.118	0.089	0.001	0.792
0.011	0.818	0.119	0.052
>VAAANTGAAACT	9-VAAANTGAAACT	8.895217	-331.964177	0	T:904.0(11.39%),B:1805.1(4.38%),P:1e-144	Tpos:292.4,Tstd:207.4,Bpos:242.4,Bstd:148.8,StrandBias:-0.0,Multiplicity:1.10
0.292	0.256	0.367	0.085
0.720	0.056	0.223	0.001
0.620	0.001	0.200	0.179
0.875	0.001	0.001	0.123
0.260	0.191	0.306	0.242
0.159	0.110	0.236	0.496
0.070	0.001	0.928	0.001
0.997	0.001	0.001	0.001
0.924	0.001	0.074	0.001
0.997	0.001	0.001	0.001
0.055	0.546	0.329	0.070
0.187	0.258	0.068	0.486
>TCAYABTTTCCA	10-TCAYABTTTCCA	10.879555	-295.637236	0	T:277.0(3.49%),B:217.9(0.53%),P:1e-128	Tpos:263.9,Tstd:186.5,Bpos:245.2,Bstd:138.8,StrandBias:-0.2,Multiplicity:1.02
0.018	0.004	0.130	0.848
0.125	0.750	0.079	0.046
0.951	0.001	0.025	0.023
0.172	0.352	0.136	0.340
0.548	0.166	0.039	0.247
0.178	0.231	0.257	0.335
0.001	0.001	0.012	0.986
0.025	0.028	0.030	0.917
0.012	0.001	0.001	0.986
0.012	0.975	0.012	0.001
0.001	0.997	0.001	0.001
0.754	0.001	0.063	0.182
>TTTCCAYTNVNN	11-TTTCCAYTNVNN	3.735893	-287.358245	0	T:1821.0(22.94%),B:5406.9(13.13%),P:1e-124	Tpos:290.4,Tstd:223.0,Bpos:245.2,Bstd:142.9,StrandBias:0.0,Multiplicity:1.13
0.001	0.001	0.001	0.997
0.001	0.001	0.001	0.997
0.001	0.001	0.001	0.997
0.001	0.997	0.001	0.001
0.001	0.997	0.001	0.001
0.997	0.001	0.001	0.001
0.001	0.508	0.001	0.490
0.252	0.261	0.001	0.486
0.238	0.269	0.210	0.283
0.393	0.281	0.325	0.001
0.279	0.328	0.213	0.180
0.221	0.271	0.223	0.285
>DGKGGGYGGGGC	12-DGKGGGYGGGGC	7.696343	-250.992063	0	T:2372.0(29.89%),B:8007.1(19.44%),P:1e-109	Tpos:292.6,Tstd:214.4,Bpos:244.2,Bstd:147.6,StrandBias:0.0,Multiplicity:1.57
0.299	0.144	0.284	0.273
0.222	0.161	0.485	0.132
0.215	0.057	0.371	0.357
0.227	0.001	0.771	0.001
0.001	0.001	0.997	0.001
0.001	0.001	0.997	0.001
0.215	0.361	0.001	0.423
0.001	0.038	0.860	0.101
0.100	0.001	0.625	0.274
0.238	0.001	0.685	0.076
0.180	0.064	0.755	0.001
0.076	0.555	0.001	0.368
>VDGGTTTCCBTT	13-VDGGTTTCCBTT	6.998609	-234.334328	0	T:2204.0(27.77%),B:7396.0(17.96%),P:1e-101	Tpos:293.8,Tstd:218.2,Bpos:245.9,Bstd:147.2,StrandBias:0.0,Multiplicity:1.17
0.314	0.383	0.258	0.045
0.327	0.122	0.213	0.338
0.317	0.087	0.595	0.001
0.060	0.001	0.938	0.001
0.001	0.001	0.001	0.997
0.001	0.001	0.001	0.997
0.001	0.001	0.001	0.997
0.025	0.867	0.107	0.001
0.081	0.569	0.101	0.249
0.119	0.288	0.270	0.323
0.027	0.270	0.226	0.477
0.184	0.093	0.243	0.481
>NKAAATGACTRT	14-NKAAATGACTRT	8.552489	-222.867764	0	T:763.0(9.61%),B:1712.2(4.16%),P:1e-96	Tpos:263.4,Tstd:203.4,Bpos:242.1,Bstd:147.4,StrandBias:-0.0,Multiplicity:1.04
0.230	0.246	0.232	0.293
0.186	0.146	0.305	0.363
0.818	0.001	0.102	0.079
0.605	0.121	0.273	0.001
0.976	0.022	0.001	0.001
0.010	0.001	0.001	0.988
0.146	0.026	0.827	0.001
0.912	0.003	0.001	0.084
0.001	0.787	0.211	0.001
0.057	0.001	0.001	0.941
0.308	0.139	0.395	0.158
0.294	0.086	0.154	0.465
>NASATCAAAGDN	15-NASATCAAAGDN	9.015316	-165.939933	0	T:833.0(10.50%),B:2213.4(5.37%),P:1e-72	Tpos:277.7,Tstd:194.9,Bpos:244.1,Bstd:144.3,StrandBias:-0.1,Multiplicity:1.07
0.284	0.304	0.232	0.179
0.622	0.001	0.001	0.376
0.001	0.562	0.436	0.001
0.588	0.001	0.001	0.410
0.001	0.001	0.001	0.997
0.001	0.637	0.361	0.001
0.997	0.001	0.001	0.001
0.869	0.001	0.129	0.001
0.997	0.001	0.001	0.001
0.001	0.249	0.749	0.001
0.409	0.001	0.320	0.269
0.286	0.234	0.255	0.225
>TATCCGCCCACA	16-TATCCGCCCACA	8.577911	-164.560824	0	T:690.0(8.69%),B:1697.2(4.12%),P:1e-71	Tpos:276.0,Tstd:201.4,Bpos:244.2,Bstd:144.3,StrandBias:0.1,Multiplicity:1.04
0.116	0.116	0.167	0.601
0.459	0.155	0.183	0.203
0.203	0.043	0.128	0.626
0.001	0.969	0.001	0.029
0.153	0.621	0.001	0.225
0.292	0.026	0.523	0.159
0.051	0.947	0.001	0.001
0.026	0.895	0.001	0.078
0.001	0.913	0.001	0.085
0.894	0.077	0.001	0.028
0.011	0.954	0.034	0.001
0.906	0.027	0.011	0.056
>GCCCTCTAGTGG	17-GCCCTCTAGTGG	10.546709	-86.598493	0	T:101.0(1.27%),B:103.7(0.25%),P:1e-37	Tpos:277.7,Tstd:198.3,Bpos:237.0,Bstd:137.7,StrandBias:-0.1,Multiplicity:1.01
0.001	0.001	0.986	0.012
0.001	0.971	0.027	0.001
0.001	0.971	0.001	0.027
0.116	0.818	0.065	0.001
0.028	0.321	0.001	0.650
0.001	0.997	0.001	0.001
0.001	0.001	0.001	0.997
0.929	0.001	0.069	0.001
0.028	0.065	0.906	0.001
0.065	0.001	0.001	0.933
0.001	0.001	0.997	0.001
0.017	0.001	0.981	0.001
>GTTGCCATGGCA	18-GTTGCCATGGCA	10.390482	-83.432767	0	T:170.0(2.14%),B:279.5(0.68%),P:1e-36	Tpos:253.9,Tstd:170.1,Bpos:244.3,Bstd:145.7,StrandBias:0.2,Multiplicity:1.04
0.074	0.030	0.895	0.001
0.001	0.001	0.001	0.997
0.001	0.117	0.001	0.881
0.148	0.001	0.573	0.278
0.090	0.854	0.001	0.055
0.001	0.930	0.001	0.068
0.997	0.001	0.001	0.001
0.044	0.001	0.081	0.874
0.308	0.001	0.690	0.001
0.114	0.001	0.884	0.001
0.152	0.646	0.011	0.191
0.617	0.061	0.216	0.106
>GTGAGTCWCAGT	19-GTGAGTCWCAGT	8.042782	-72.088155	0	T:652.0(8.21%),B:2091.9(5.08%),P:1e-31	Tpos:291.1,Tstd:222.4,Bpos:241.7,Bstd:150.1,StrandBias:-0.3,Multiplicity:1.08
0.001	0.001	0.997	0.001
0.129	0.085	0.001	0.785
0.081	0.001	0.786	0.132
0.832	0.039	0.077	0.052
0.142	0.038	0.713	0.107
0.317	0.054	0.013	0.616
0.103	0.726	0.067	0.104
0.501	0.026	0.026	0.447
0.103	0.653	0.090	0.154
0.892	0.001	0.064	0.043
0.038	0.026	0.883	0.053
0.064	0.111	0.038	0.787
>ATAACTCCGCCC	20-ATAACTCCGCCC	-5.184715	-63.621528	0	T:2624.0(33.06%),B:11305.0(27.45%),P:1e-27	Tpos:302.9,Tstd:232.1,Bpos:247.8,Bstd:147.5,StrandBias:-0.0,Multiplicity:1.24
0.997	0.001	0.001	0.001
0.001	0.358	0.001	0.640
0.997	0.001	0.001	0.001
0.656	0.001	0.001	0.342
0.001	0.997	0.001	0.001
0.001	0.001	0.001	0.997
0.001	0.997	0.001	0.001
0.001	0.997	0.001	0.001
0.001	0.001	0.997	0.001
0.001	0.997	0.001	0.001
0.001	0.997	0.001	0.001
0.001	0.997	0.001	0.001
>TTGCTAGKCAAC	21-TTGCTAGKCAAC	13.742429	-51.850177	0	T:25.0(0.31%),B:7.7(0.02%),P:1e-22	Tpos:298.7,Tstd:224.5,Bpos:217.3,Bstd:118.2,StrandBias:1.1,Multiplicity:1.00
0.218	0.001	0.001	0.780
0.001	0.001	0.001	0.997
0.236	0.001	0.762	0.001
0.001	0.997	0.001	0.001
0.001	0.001	0.001	0.997
0.997	0.001	0.001	0.001
0.001	0.001	0.997	0.001
0.001	0.001	0.560	0.438
0.001	0.997	0.001	0.001
0.997	0.001	0.001	0.001
0.780	0.001	0.218	0.001
0.001	0.997	0.001	0.001
>ATCACTTCCGTT	22-ATCACTTCCGTT	10.301815	-48.297115	0	T:20.0(0.25%),B:4.5(0.01%),P:1e-20	Tpos:205.6,Tstd:200.1,Bpos:247.7,Bstd:114.7,StrandBias:0.8,Multiplicity:1.00
0.475	0.238	0.033	0.254
0.044	0.040	0.303	0.613
0.046	0.852	0.053	0.049
0.666	0.277	0.023	0.034
0.023	0.648	0.043	0.286
0.260	0.033	0.174	0.533
0.033	0.030	0.043	0.894
0.030	0.644	0.048	0.278
0.381	0.552	0.034	0.033
0.202	0.209	0.555	0.034
0.268	0.026	0.223	0.483
0.043	0.046	0.065	0.846
>AAAAAAAAAACC	23-AAAAAAAAAACC	6.995329	-47.857835	0	T:1537.0(19.36%),B:6345.6(15.41%),P:1e-20	Tpos:299.8,Tstd:236.1,Bpos:241.8,Bstd:158.6,StrandBias:-0.0,Multiplicity:1.20
0.749	0.078	0.086	0.087
0.749	0.079	0.084	0.088
0.758	0.085	0.079	0.078
0.754	0.080	0.096	0.070
0.765	0.085	0.071	0.079
0.746	0.100	0.081	0.073
0.753	0.077	0.095	0.075
0.743	0.092	0.082	0.083
0.748	0.108	0.076	0.068
0.746	0.106	0.082	0.066
0.109	0.739	0.083	0.069
0.091	0.751	0.065	0.093
>AGTGACGTCATC	24-AGTGACGTCATC	7.630427	-46.973259	0	T:579.0(7.29%),B:2006.6(4.87%),P:1e-20	Tpos:283.7,Tstd:221.6,Bpos:244.7,Bstd:147.8,StrandBias:-0.1,Multiplicity:1.06
0.807	0.025	0.081	0.087
0.063	0.094	0.816	0.027
0.069	0.001	0.045	0.885
0.067	0.001	0.892	0.040
0.893	0.060	0.020	0.027
0.109	0.661	0.100	0.130
0.091	0.094	0.756	0.059
0.077	0.001	0.061	0.861
0.014	0.919	0.040	0.027
0.882	0.071	0.001	0.046
0.022	0.103	0.079	0.796
0.090	0.833	0.048	0.029
>ATGTGCTGGGTA	25-ATGTGCTGGGTA	16.589396	-7.298729	0	T:4.0(0.05%),B:2.4(0.01%),P:1e-3	Tpos:165.1,Tstd:110.6,Bpos:123.6,Bstd:47.5,StrandBias:10.0,Multiplicity:9.00
0.997	0.001	0.001	0.001
0.001	0.001	0.001	0.997
0.001	0.001	0.997	0.001
0.001	0.001	0.001	0.997
0.001	0.001	0.997	0.001
0.001	0.987	0.001	0.011
0.001	0.001	0.001	0.997
0.001	0.001	0.997	0.001
0.001	0.001	0.997	0.001
0.001	0.001	0.997	0.001
0.001	0.001	0.001	0.997
0.997	0.001	0.001	0.001
