>AGKGGGCGTGGC	Sp9+M5856	8.554429	-51.621393	0	T:344.0(10.79%),B:2810.9(6.17%),P:1e-22
0.494	0.006	0.313	0.187
0.163	0.087	0.696	0.054
0.017	0.034	0.438	0.511
0.081	0.022	0.896	0.001
0.001	0.017	0.970	0.012
0.011	0.033	0.928	0.028
0.146	0.623	0.138	0.093
0.028	0.006	0.927	0.039
0.012	0.006	0.195	0.787
0.063	0.001	0.814	0.122
0.023	0.001	0.660	0.316
0.060	0.467	0.162	0.311
