Factor1: 1.0587500563227281
Factor2: 0.9445099851736671
