Factor1: 1.007082935353405
Factor2: 0.9929668797824306
