Factor1: 0.6688560540599384
Factor2: 1.4950900031928045
