>ACAGGAAGTR	1-ACAGGAAGTR	6.373400	-372.176661	0	T:1470.0(32.39%),B:7113.7(16.05%),P:1e-161	Tpos:294.8,Tstd:233.7,Bpos:233.9,Bstd:139.3,StrandBias:-0.1,Multiplicity:1.30
0.488	0.173	0.243	0.096
0.174	0.476	0.232	0.119
0.498	0.230	0.238	0.034
0.042	0.076	0.849	0.033
0.245	0.062	0.619	0.074
0.873	0.039	0.042	0.046
0.609	0.068	0.027	0.296
0.339	0.048	0.578	0.035
0.109	0.307	0.105	0.479
0.238	0.167	0.384	0.211
>WAACCACARV	2-WAACCACARV	6.544745	-343.288278	0	T:1846.0(40.68%),B:10305.1(23.24%),P:1e-149	Tpos:280.4,Tstd:241.5,Bpos:233.5,Bstd:141.0,StrandBias:0.0,Multiplicity:1.39
0.388	0.210	0.027	0.375
0.544	0.208	0.153	0.095
0.835	0.031	0.133	0.001
0.058	0.929	0.001	0.012
0.030	0.931	0.010	0.029
0.766	0.041	0.096	0.097
0.033	0.965	0.001	0.001
0.762	0.084	0.075	0.079
0.352	0.149	0.345	0.153
0.285	0.328	0.223	0.164
>DAAASCGAAA	3-DAAASCGAAA	7.945806	-130.966170	0	T:537.0(11.83%),B:2490.9(5.62%),P:1e-56	Tpos:329.1,Tstd:267.6,Bpos:237.7,Bstd:147.2,StrandBias:-0.1,Multiplicity:1.15
0.275	0.179	0.342	0.204
0.609	0.001	0.389	0.001
0.626	0.001	0.083	0.290
0.997	0.001	0.001	0.001
0.248	0.424	0.290	0.038
0.065	0.570	0.001	0.364
0.269	0.001	0.729	0.001
0.651	0.001	0.217	0.131
0.846	0.152	0.001	0.001
0.958	0.001	0.040	0.001
>KGCCCCGCCC	4-KGCCCCGCCC	7.691887	-114.293306	0	T:1293.0(28.49%),B:8562.8(19.31%),P:1e-49	Tpos:328.3,Tstd:255.0,Bpos:233.6,Bstd:145.4,StrandBias:-0.0,Multiplicity:1.69
0.241	0.099	0.398	0.262
0.224	0.089	0.597	0.090
0.213	0.701	0.085	0.001
0.096	0.680	0.001	0.223
0.270	0.728	0.001	0.001
0.001	0.997	0.001	0.001
0.164	0.001	0.557	0.278
0.001	0.997	0.001	0.001
0.001	0.997	0.001	0.001
0.001	0.785	0.001	0.213
>CACCTRGTGG	5-CACCTRGTGG	9.292337	-108.067178	0	T:231.0(5.09%),B:741.7(1.67%),P:1e-46	Tpos:263.2,Tstd:175.9,Bpos:234.9,Bstd:145.3,StrandBias:-0.1,Multiplicity:1.02
0.001	0.987	0.001	0.011
0.494	0.318	0.029	0.159
0.096	0.603	0.001	0.300
0.001	0.934	0.064	0.001
0.320	0.001	0.001	0.678
0.382	0.154	0.260	0.204
0.001	0.246	0.729	0.024
0.001	0.001	0.001	0.997
0.025	0.082	0.892	0.001
0.018	0.016	0.701	0.265
>DNRTGACTCA	6-DNRTGACTCA	6.779858	-78.831299	0	T:571.0(12.58%),B:3268.5(7.37%),P:1e-34	Tpos:285.3,Tstd:252.9,Bpos:230.9,Bstd:137.5,StrandBias:-0.0,Multiplicity:1.08
0.305	0.137	0.262	0.296
0.246	0.267	0.228	0.259
0.369	0.213	0.267	0.150
0.001	0.068	0.050	0.881
0.023	0.022	0.847	0.108
0.929	0.016	0.001	0.054
0.034	0.614	0.324	0.028
0.100	0.003	0.058	0.839
0.082	0.766	0.107	0.045
0.869	0.034	0.074	0.023
>ARCGGAAACT	7-ARCGGAAACT	7.597681	-67.891972	0	T:355.0(7.82%),B:1807.9(4.08%),P:1e-29	Tpos:291.8,Tstd:199.8,Bpos:236.8,Bstd:144.6,StrandBias:0.3,Multiplicity:1.06
0.646	0.091	0.244	0.019
0.411	0.155	0.346	0.087
0.173	0.696	0.090	0.041
0.054	0.083	0.655	0.208
0.013	0.119	0.793	0.075
0.743	0.019	0.081	0.157
0.921	0.018	0.009	0.052
0.813	0.115	0.050	0.022
0.016	0.842	0.095	0.047
0.037	0.340	0.088	0.535
>GGGGVTTTCC	8-GGGGVTTTCC	8.508784	-66.332249	0	T:201.0(4.43%),B:799.0(1.80%),P:1e-28	Tpos:305.7,Tstd:263.3,Bpos:235.2,Bstd:133.5,StrandBias:0.1,Multiplicity:1.05
0.206	0.001	0.792	0.001
0.073	0.019	0.747	0.161
0.065	0.001	0.748	0.186
0.293	0.017	0.599	0.091
0.346	0.271	0.240	0.143
0.211	0.014	0.158	0.617
0.079	0.001	0.001	0.919
0.001	0.380	0.031	0.588
0.028	0.825	0.009	0.138
0.200	0.757	0.042	0.001
>GGGGAGGAAG	9-GGGGAGGAAG	9.159149	-62.840285	0	T:472.0(10.40%),B:2724.9(6.15%),P:1e-27	Tpos:335.6,Tstd:289.3,Bpos:233.6,Bstd:137.4,StrandBias:0.3,Multiplicity:1.09
0.001	0.019	0.841	0.139
0.001	0.001	0.968	0.030
0.001	0.027	0.928	0.044
0.040	0.084	0.875	0.001
0.949	0.001	0.030	0.020
0.017	0.006	0.976	0.001
0.001	0.010	0.988	0.001
0.839	0.001	0.139	0.021
0.879	0.011	0.094	0.016
0.034	0.066	0.899	0.001
>ACTTTCACTA	10-ACTTTCACTA	7.535325	-52.156546	0	T:348.0(7.67%),B:1932.0(4.36%),P:1e-22	Tpos:321.4,Tstd:281.3,Bpos:226.0,Bstd:140.5,StrandBias:-0.1,Multiplicity:1.08
0.713	0.061	0.049	0.177
0.001	0.790	0.208	0.001
0.001	0.001	0.172	0.826
0.029	0.007	0.120	0.844
0.105	0.065	0.068	0.762
0.077	0.817	0.105	0.001
0.788	0.001	0.210	0.001
0.005	0.760	0.130	0.105
0.183	0.001	0.109	0.707
0.779	0.173	0.025	0.023
>AGGGGGCGCT	11-AGGGGGCGCT	9.129175	-51.668729	0	T:169.0(3.72%),B:700.7(1.58%),P:1e-22	Tpos:339.7,Tstd:258.8,Bpos:224.1,Bstd:144.8,StrandBias:-0.2,Multiplicity:1.03
0.828	0.038	0.133	0.001
0.016	0.001	0.982	0.001
0.121	0.016	0.850	0.013
0.083	0.001	0.763	0.153
0.106	0.069	0.824	0.001
0.001	0.001	0.997	0.001
0.001	0.959	0.001	0.039
0.001	0.001	0.997	0.001
0.023	0.903	0.001	0.073
0.051	0.025	0.001	0.923
>AACCGCGAAA	12-AACCGCGAAA	6.406132	-50.422079	0	T:563.0(12.41%),B:3623.7(8.17%),P:1e-21	Tpos:303.9,Tstd:242.7,Bpos:237.2,Bstd:146.2,StrandBias:0.1,Multiplicity:1.08
0.821	0.090	0.062	0.027
0.810	0.057	0.064	0.069
0.025	0.912	0.020	0.043
0.140	0.726	0.069	0.065
0.055	0.147	0.750	0.048
0.094	0.730	0.034	0.142
0.076	0.083	0.781	0.060
0.831	0.061	0.062	0.046
0.837	0.061	0.057	0.045
0.806	0.074	0.078	0.042
>CGCCGGAAGM	13-CGCCGGAAGM	6.106906	-38.683486	0	T:429.0(9.45%),B:2751.8(6.21%),P:1e-16	Tpos:309.9,Tstd:257.2,Bpos:230.0,Bstd:148.0,StrandBias:0.1,Multiplicity:1.16
0.151	0.481	0.130	0.238
0.130	0.218	0.449	0.203
0.127	0.600	0.114	0.159
0.242	0.755	0.002	0.001
0.188	0.138	0.672	0.002
0.118	0.235	0.504	0.143
0.614	0.121	0.006	0.259
0.900	0.001	0.084	0.015
0.250	0.055	0.433	0.262
0.347	0.387	0.146	0.120
>TGAGGTGTTA	14-TGAGGTGTTA	8.131005	-35.720122	0	T:109.0(2.40%),B:439.2(0.99%),P:1e-15	Tpos:266.7,Tstd:231.6,Bpos:241.8,Bstd:146.9,StrandBias:-0.2,Multiplicity:1.07
0.177	0.268	0.119	0.437
0.041	0.140	0.681	0.138
0.773	0.082	0.087	0.058
0.076	0.254	0.570	0.100
0.175	0.012	0.552	0.261
0.038	0.028	0.075	0.859
0.016	0.057	0.601	0.326
0.075	0.144	0.011	0.770
0.211	0.036	0.224	0.529
0.927	0.037	0.027	0.009
>MCGACCAATM	15-MCGACCAATM	9.915550	-31.098704	0	T:34.0(0.75%),B:64.2(0.14%),P:1e-13	Tpos:333.3,Tstd:259.8,Bpos:243.0,Bstd:153.4,StrandBias:0.9,Multiplicity:1.00
0.492	0.441	0.007	0.060
0.001	0.997	0.001	0.001
0.001	0.001	0.997	0.001
0.987	0.001	0.011	0.001
0.001	0.997	0.001	0.001
0.001	0.611	0.001	0.387
0.835	0.073	0.001	0.091
0.997	0.001	0.001	0.001
0.001	0.330	0.033	0.636
0.441	0.434	0.001	0.124
>TCGCGAGACT	16-TCGCGAGACT	10.079091	-30.645364	0	T:35.0(0.77%),B:69.7(0.16%),P:1e-13	Tpos:347.8,Tstd:229.5,Bpos:249.9,Bstd:169.7,StrandBias:-0.2,Multiplicity:1.09
0.001	0.001	0.301	0.697
0.001	0.979	0.019	0.001
0.050	0.001	0.863	0.086
0.001	0.969	0.001	0.029
0.001	0.113	0.885	0.001
0.997	0.001	0.001	0.001
0.001	0.001	0.997	0.001
0.899	0.020	0.080	0.001
0.001	0.929	0.069	0.001
0.062	0.001	0.001	0.936
>TGACTCAGCA	17-TGACTCAGCA	7.241104	-29.561892	0	T:658.0(14.50%),B:4860.0(10.96%),P:1e-12	Tpos:316.2,Tstd:280.7,Bpos:233.3,Bstd:138.6,StrandBias:-0.1,Multiplicity:1.10
0.101	0.058	0.093	0.748
0.089	0.059	0.762	0.090
0.758	0.140	0.037	0.065
0.067	0.834	0.043	0.056
0.047	0.081	0.054	0.818
0.061	0.848	0.058	0.033
0.714	0.077	0.066	0.143
0.062	0.031	0.875	0.032
0.039	0.900	0.014	0.047
0.823	0.065	0.057	0.055
>GTSHGTCAYK	18-GTSHGTCAYK	6.447038	-28.419030	0	T:303.0(6.68%),B:1926.8(4.35%),P:1e-12	Tpos:294.2,Tstd:262.5,Bpos:232.4,Bstd:139.3,StrandBias:-0.1,Multiplicity:1.03
0.021	0.010	0.578	0.391
0.018	0.010	0.371	0.601
0.195	0.373	0.419	0.013
0.249	0.238	0.156	0.357
0.223	0.003	0.501	0.273
0.005	0.012	0.228	0.755
0.013	0.744	0.234	0.009
0.453	0.168	0.196	0.183
0.002	0.517	0.018	0.463
0.002	0.230	0.402	0.365
>ATCAAAACAG	19-ATCAAAACAG	8.514531	-27.189312	0	T:133.0(2.93%),B:666.3(1.50%),P:1e-11	Tpos:278.2,Tstd:223.9,Bpos:231.2,Bstd:145.4,StrandBias:0.3,Multiplicity:1.02
0.451	0.173	0.163	0.213
0.018	0.099	0.246	0.637
0.018	0.841	0.121	0.020
0.681	0.184	0.097	0.038
0.786	0.001	0.212	0.001
0.833	0.134	0.021	0.012
0.688	0.019	0.248	0.045
0.009	0.777	0.171	0.043
0.607	0.004	0.365	0.024
0.196	0.154	0.626	0.024
>BGCGCATGCG	20-BGCGCATGCG	7.368214	-26.122722	0	T:195.0(4.30%),B:1127.8(2.54%),P:1e-11	Tpos:333.8,Tstd:234.2,Bpos:226.2,Bstd:160.9,StrandBias:-0.0,Multiplicity:1.26
0.163	0.280	0.213	0.345
0.124	0.088	0.719	0.069
0.136	0.706	0.154	0.004
0.078	0.098	0.737	0.087
0.072	0.732	0.105	0.091
0.555	0.164	0.140	0.141
0.170	0.109	0.255	0.466
0.045	0.190	0.712	0.053
0.100	0.669	0.168	0.063
0.051	0.160	0.619	0.170
>CGGAGGTTAC	21-CGGAGGTTAC	8.825646	-25.225667	0	T:93.0(2.05%),B:415.5(0.94%),P:1e-10	Tpos:260.9,Tstd:198.3,Bpos:227.7,Bstd:140.2,StrandBias:-0.5,Multiplicity:1.14
0.001	0.870	0.001	0.128
0.001	0.001	0.829	0.169
0.172	0.015	0.684	0.129
0.690	0.125	0.184	0.001
0.077	0.028	0.649	0.246
0.002	0.001	0.996	0.001
0.001	0.001	0.001	0.997
0.001	0.004	0.215	0.780
0.970	0.028	0.001	0.001
0.001	0.696	0.001	0.302
>GAGWKTCACA	22-GAGWKTCACA	6.078901	-24.350209	0	T:1302.0(28.69%),B:10826.6(24.42%),P:1e-10	Tpos:294.6,Tstd:251.0,Bpos:233.7,Bstd:141.9,StrandBias:0.0,Multiplicity:1.21
0.005	0.030	0.942	0.023
0.519	0.306	0.011	0.164
0.015	0.011	0.576	0.398
0.405	0.170	0.047	0.378
0.092	0.171	0.368	0.369
0.331	0.007	0.015	0.647
0.329	0.534	0.011	0.126
0.659	0.026	0.309	0.006
0.008	0.974	0.016	0.002
0.525	0.039	0.091	0.345
>CGAGGTGAAT	23-CGAGGTGAAT	9.941082	-13.165948	0	T:15.0(0.33%),B:32.7(0.07%),P:1e-5	Tpos:313.0,Tstd:276.7,Bpos:278.3,Bstd:151.3,StrandBias:0.4,Multiplicity:1.40
0.001	0.584	0.001	0.414
0.001	0.001	0.997	0.001
0.997	0.001	0.001	0.001
0.001	0.001	0.997	0.001
0.001	0.001	0.997	0.001
0.001	0.049	0.001	0.949
0.001	0.001	0.997	0.001
0.997	0.001	0.001	0.001
0.997	0.001	0.001	0.001
0.001	0.001	0.001	0.997
>TGTGGTCATA	24-TGTGGTCATA	10.296193	-7.175858	0	T:11.0(0.24%),B:33.9(0.08%),P:1e-3	Tpos:188.8,Tstd:142.6,Bpos:337.2,Bstd:50.2,StrandBias:-0.6,Multiplicity:1.00
0.100	0.100	0.100	0.700
0.100	0.100	0.700	0.100
0.100	0.100	0.100	0.700
0.100	0.100	0.700	0.100
0.100	0.100	0.700	0.100
0.100	0.100	0.100	0.700
0.100	0.700	0.100	0.100
0.700	0.100	0.100	0.100
0.100	0.100	0.100	0.700
0.700	0.100	0.100	0.100
>CTAACACACT	25-CTAACACACT	10.296193	-6.281248	0	T:11.0(0.24%),B:37.3(0.08%),P:1e-2	Tpos:221.4,Tstd:178.6,Bpos:209.6,Bstd:143.0,StrandBias:-0.5,Multiplicity:2.18
0.100	0.700	0.100	0.100
0.100	0.100	0.100	0.700
0.700	0.100	0.100	0.100
0.700	0.100	0.100	0.100
0.100	0.700	0.100	0.100
0.700	0.100	0.100	0.100
0.100	0.700	0.100	0.100
0.700	0.100	0.100	0.100
0.100	0.700	0.100	0.100
0.100	0.100	0.100	0.700
