>VACAGGAAGTGR	1-VACAGGAAGTGR	7.926696	-355.404102	0	T:1254.0(27.63%),B:5683.2(12.82%),P:1e-154	Tpos:302.4,Tstd:239.8,Bpos:232.3,Bstd:137.1,StrandBias:-0.1,Multiplicity:1.24
0.339	0.191	0.311	0.158
0.550	0.078	0.271	0.101
0.155	0.508	0.245	0.092
0.936	0.008	0.055	0.001
0.053	0.001	0.945	0.001
0.004	0.001	0.987	0.008
0.997	0.001	0.001	0.001
0.682	0.023	0.038	0.257
0.270	0.069	0.642	0.019
0.047	0.242	0.099	0.612
0.229	0.104	0.458	0.209
0.268	0.205	0.356	0.170
>NVWAACCACARN	2-NVWAACCACARN	7.033475	-355.010074	0	T:1636.0(36.05%),B:8519.5(19.22%),P:1e-154	Tpos:283.6,Tstd:245.9,Bpos:234.6,Bstd:139.6,StrandBias:0.0,Multiplicity:1.35
0.286	0.208	0.251	0.254
0.267	0.319	0.264	0.151
0.425	0.200	0.044	0.331
0.648	0.147	0.122	0.083
0.814	0.041	0.144	0.001
0.055	0.933	0.001	0.011
0.001	0.964	0.001	0.034
0.899	0.001	0.026	0.074
0.001	0.997	0.001	0.001
0.743	0.099	0.041	0.117
0.324	0.128	0.354	0.195
0.274	0.302	0.258	0.166
>GCCMCCTAGTGG	3-GCCMCCTAGTGG	10.176930	-200.273094	0	T:263.0(5.80%),B:568.6(1.28%),P:1e-86	Tpos:260.5,Tstd:188.2,Bpos:224.8,Bstd:136.2,StrandBias:-0.1,Multiplicity:1.02
0.141	0.046	0.721	0.092
0.106	0.892	0.001	0.001
0.026	0.814	0.001	0.159
0.517	0.481	0.001	0.001
0.001	0.629	0.001	0.369
0.001	0.972	0.026	0.001
0.147	0.027	0.069	0.757
0.477	0.001	0.254	0.269
0.001	0.275	0.723	0.001
0.001	0.138	0.001	0.860
0.001	0.001	0.997	0.001
0.036	0.001	0.823	0.140
>GAAAGTGAAAGT	4-GAAAGTGAAAGT	8.647140	-154.323716	0	T:549.0(12.10%),B:2387.9(5.39%),P:1e-67	Tpos:296.5,Tstd:232.7,Bpos:235.7,Bstd:144.1,StrandBias:-0.0,Multiplicity:1.16
0.186	0.093	0.673	0.048
0.787	0.001	0.196	0.016
0.780	0.013	0.101	0.106
0.884	0.016	0.097	0.003
0.129	0.322	0.545	0.004
0.184	0.077	0.009	0.730
0.114	0.020	0.858	0.008
0.952	0.001	0.046	0.001
0.898	0.080	0.021	0.001
0.938	0.001	0.031	0.030
0.080	0.261	0.572	0.087
0.162	0.188	0.118	0.532
>CCRGCCCCGCCC	5-CCRGCCCCGCCC	8.033011	-73.113883	0	T:1296.0(28.56%),B:9364.3(21.12%),P:1e-31	Tpos:343.1,Tstd:264.2,Bpos:233.1,Bstd:142.0,StrandBias:0.0,Multiplicity:1.71
0.248	0.435	0.159	0.158
0.265	0.445	0.088	0.201
0.428	0.166	0.316	0.091
0.158	0.186	0.590	0.066
0.001	0.888	0.059	0.052
0.008	0.819	0.001	0.172
0.091	0.907	0.001	0.001
0.128	0.790	0.004	0.078
0.221	0.001	0.468	0.310
0.001	0.967	0.031	0.001
0.001	0.951	0.047	0.001
0.001	0.834	0.001	0.164
>DGGGRAATYCCC	6-DGGGRAATYCCC	8.446268	-71.155192	0	T:175.0(3.86%),B:616.9(1.39%),P:1e-30	Tpos:313.7,Tstd:259.5,Bpos:234.9,Bstd:135.2,StrandBias:-0.2,Multiplicity:1.05
0.272	0.132	0.241	0.355
0.112	0.020	0.641	0.227
0.050	0.021	0.884	0.045
0.046	0.030	0.788	0.136
0.425	0.090	0.457	0.027
0.484	0.273	0.225	0.018
0.431	0.169	0.134	0.266
0.152	0.201	0.244	0.403
0.028	0.409	0.117	0.445
0.191	0.708	0.041	0.060
0.048	0.880	0.027	0.045
0.034	0.892	0.027	0.047
>CGGGTTTCCTGT	7-CGGGTTTCCTGT	8.460660	-69.218850	0	T:288.0(6.35%),B:1334.8(3.01%),P:1e-30	Tpos:288.5,Tstd:238.9,Bpos:232.3,Bstd:139.2,StrandBias:-0.0,Multiplicity:1.02
0.137	0.698	0.076	0.089
0.137	0.033	0.706	0.124
0.080	0.061	0.771	0.088
0.019	0.056	0.887	0.038
0.009	0.074	0.079	0.838
0.031	0.092	0.011	0.866
0.031	0.015	0.040	0.914
0.001	0.918	0.052	0.029
0.061	0.871	0.015	0.053
0.046	0.001	0.030	0.923
0.011	0.095	0.849	0.045
0.093	0.091	0.051	0.765
>ACSACATCSTBN	8-ACSACATCSTBN	7.198614	-64.372477	0	T:61.0(1.34%),B:94.5(0.21%),P:1e-27	Tpos:331.9,Tstd:242.9,Bpos:220.1,Bstd:119.7,StrandBias:0.5,Multiplicity:1.00
0.382	0.210	0.207	0.201
0.182	0.439	0.173	0.206
0.110	0.418	0.290	0.182
0.644	0.110	0.154	0.092
0.182	0.500	0.155	0.164
0.562	0.110	0.218	0.110
0.218	0.046	0.044	0.692
0.134	0.665	0.091	0.110
0.055	0.430	0.369	0.146
0.073	0.109	0.188	0.630
0.164	0.227	0.319	0.291
0.325	0.291	0.201	0.183
>AAACCACACCAA	9-AAACCACACCAA	6.960773	-60.027955	0	T:1058.0(23.31%),B:7579.9(17.10%),P:1e-26	Tpos:294.1,Tstd:251.0,Bpos:235.5,Bstd:148.2,StrandBias:-0.1,Multiplicity:1.18
0.735	0.085	0.096	0.084
0.756	0.085	0.089	0.070
0.752	0.101	0.084	0.063
0.107	0.668	0.111	0.114
0.109	0.762	0.043	0.086
0.760	0.098	0.038	0.104
0.117	0.742	0.070	0.071
0.796	0.088	0.047	0.069
0.099	0.723	0.096	0.082
0.098	0.787	0.035	0.080
0.779	0.094	0.043	0.084
0.744	0.095	0.101	0.060
>CCGGAAATGAGT	10-CCGGAAATGAGT	9.523773	-41.468066	0	T:101.0(2.23%),B:357.2(0.81%),P:1e-18	Tpos:260.0,Tstd:182.9,Bpos:239.7,Bstd:140.8,StrandBias:0.2,Multiplicity:1.01
0.044	0.838	0.056	0.062
0.201	0.645	0.069	0.085
0.034	0.001	0.873	0.092
0.076	0.001	0.854	0.069
0.807	0.030	0.105	0.058
0.832	0.076	0.091	0.001
0.817	0.058	0.124	0.001
0.030	0.001	0.028	0.941
0.001	0.055	0.943	0.001
0.743	0.085	0.095	0.077
0.065	0.058	0.761	0.116
0.001	0.055	0.001	0.943
>CACTTCCTCCCA	11-CACTTCCTCCCA	9.645011	-34.201455	0	T:193.0(4.25%),B:1014.8(2.29%),P:1e-14	Tpos:323.9,Tstd:277.8,Bpos:234.9,Bstd:138.9,StrandBias:0.2,Multiplicity:1.01
0.108	0.812	0.079	0.001
0.769	0.058	0.074	0.099
0.017	0.795	0.102	0.086
0.107	0.001	0.059	0.833
0.055	0.090	0.044	0.811
0.088	0.812	0.070	0.030
0.043	0.873	0.023	0.061
0.093	0.025	0.082	0.800
0.087	0.829	0.001	0.083
0.069	0.864	0.001	0.066
0.001	0.849	0.046	0.104
0.951	0.047	0.001	0.001
>DGGCGCGCTCGB	12-DGGCGCGCTCGB	9.564627	-31.160633	0	T:10.0(0.22%),B:2.8(0.01%),P:1e-13	Tpos:308.8,Tstd:240.0,Bpos:251.6,Bstd:78.8,StrandBias:1.8,Multiplicity:1.00
0.247	0.191	0.348	0.213
0.112	0.103	0.664	0.121
0.110	0.137	0.648	0.105
0.114	0.630	0.128	0.128
0.133	0.119	0.612	0.136
0.127	0.624	0.132	0.117
0.130	0.126	0.604	0.140
0.103	0.653	0.139	0.105
0.124	0.120	0.115	0.641
0.123	0.613	0.128	0.136
0.139	0.118	0.609	0.134
0.199	0.226	0.352	0.222
>GCGCATGCGCAS	13-GCGCATGCGCAS	10.155787	-30.458152	0	T:151.0(3.33%),B:758.7(1.71%),P:1e-13	Tpos:334.2,Tstd:234.1,Bpos:224.5,Bstd:160.7,StrandBias:0.1,Multiplicity:1.28
0.001	0.001	0.997	0.001
0.098	0.823	0.078	0.001
0.028	0.078	0.893	0.001
0.001	0.997	0.001	0.001
0.632	0.134	0.076	0.158
0.001	0.144	0.098	0.757
0.001	0.001	0.997	0.001
0.001	0.859	0.139	0.001
0.001	0.038	0.804	0.157
0.001	0.964	0.001	0.034
0.559	0.001	0.231	0.209
0.039	0.337	0.431	0.193
>TTTCGTTTCTCA	14-TTTCGTTTCTCA	9.885673	-28.503543	0	T:99.0(2.18%),B:428.1(0.97%),P:1e-12	Tpos:271.6,Tstd:279.5,Bpos:231.7,Bstd:135.4,StrandBias:-0.5,Multiplicity:1.00
0.035	0.106	0.030	0.829
0.028	0.135	0.026	0.811
0.030	0.088	0.058	0.824
0.134	0.751	0.051	0.064
0.105	0.044	0.758	0.093
0.001	0.017	0.017	0.965
0.001	0.088	0.035	0.876
0.045	0.081	0.026	0.848
0.035	0.850	0.066	0.049
0.001	0.124	0.017	0.858
0.066	0.792	0.088	0.054
0.845	0.101	0.018	0.036
>ACTACAGTTCCC	15-ACTACAGTTCCC	10.031391	-27.886888	0	T:72.0(1.59%),B:268.0(0.60%),P:1e-12	Tpos:328.1,Tstd:301.0,Bpos:239.3,Bstd:142.0,StrandBias:-0.7,Multiplicity:1.06
0.827	0.029	0.094	0.050
0.084	0.874	0.025	0.017
0.043	0.061	0.050	0.846
0.795	0.028	0.086	0.091
0.046	0.853	0.050	0.051
0.832	0.063	0.063	0.042
0.037	0.079	0.746	0.138
0.017	0.102	0.049	0.832
0.050	0.037	0.063	0.850
0.034	0.864	0.043	0.059
0.017	0.872	0.017	0.094
0.042	0.815	0.101	0.042
>TAACACCTCACC	16-TAACACCTCACC	-4.666133	-27.093841	0	T:1099.0(24.22%),B:8856.9(19.98%),P:1e-11	Tpos:307.8,Tstd:278.3,Bpos:234.1,Bstd:137.8,StrandBias:0.1,Multiplicity:1.16
0.001	0.001	0.001	0.997
0.979	0.001	0.019	0.001
0.997	0.001	0.001	0.001
0.001	0.997	0.001	0.001
0.997	0.001	0.001	0.001
0.413	0.585	0.001	0.001
0.001	0.997	0.001	0.001
0.001	0.001	0.001	0.997
0.001	0.997	0.001	0.001
0.585	0.001	0.413	0.001
0.001	0.997	0.001	0.001
0.001	0.997	0.001	0.001
>GTGTTAAAGGAT	17-GTGTTAAAGGAT	14.564303	-24.573701	0	T:7.0(0.15%),B:1.9(0.00%),P:1e-10	Tpos:101.1,Tstd:65.6,Bpos:49.4,Bstd:45.7,StrandBias:1.3,Multiplicity:1.00
0.001	0.001	0.997	0.001
0.001	0.001	0.001	0.997
0.001	0.001	0.997	0.001
0.001	0.001	0.001	0.997
0.292	0.001	0.001	0.706
0.706	0.001	0.001	0.292
0.887	0.001	0.111	0.001
0.706	0.001	0.001	0.292
0.001	0.001	0.997	0.001
0.001	0.001	0.997	0.001
0.997	0.001	0.001	0.001
0.001	0.001	0.001	0.997
>TCCTCCTTGTGA	18-TCCTCCTTGTGA	14.523040	-17.061767	0	T:7.0(0.15%),B:3.6(0.01%),P:1e-7	Tpos:248.1,Tstd:101.0,Bpos:261.8,Bstd:93.9,StrandBias:-0.4,Multiplicity:1.00
0.001	0.001	0.001	0.997
0.001	0.997	0.001	0.001
0.001	0.997	0.001	0.001
0.125	0.001	0.001	0.873
0.001	0.997	0.001	0.001
0.001	0.997	0.001	0.001
0.001	0.001	0.001	0.997
0.001	0.001	0.001	0.997
0.001	0.001	0.997	0.001
0.001	0.001	0.001	0.997
0.001	0.001	0.997	0.001
0.997	0.001	0.001	0.001
>ACCTCAGGAAAG	19-ACCTCAGGAAAG	11.833553	-12.932272	0	T:8.0(0.18%),B:9.0(0.02%),P:1e-5	Tpos:357.7,Tstd:351.1,Bpos:344.8,Bstd:72.8,StrandBias:-2.0,Multiplicity:1.88
0.997	0.001	0.001	0.001
0.001	0.997	0.001	0.001
0.092	0.906	0.001	0.001
0.001	0.001	0.001	0.997
0.001	0.997	0.001	0.001
0.906	0.001	0.092	0.001
0.001	0.001	0.997	0.001
0.001	0.001	0.997	0.001
0.997	0.001	0.001	0.001
0.997	0.001	0.001	0.001
0.997	0.001	0.001	0.001
0.001	0.001	0.997	0.001
>CAGTCAGCAGTG	20-CAGTCAGCAGTG	12.355432	-12.890064	0	T:5.0(0.11%),B:2.8(0.01%),P:1e-5	Tpos:189.1,Tstd:124.3,Bpos:181.7,Bstd:49.6,StrandBias:-1.0,Multiplicity:1.80
0.100	0.700	0.100	0.100
0.700	0.100	0.100	0.100
0.100	0.100	0.700	0.100
0.100	0.100	0.100	0.700
0.100	0.700	0.100	0.100
0.700	0.100	0.100	0.100
0.100	0.100	0.700	0.100
0.100	0.700	0.100	0.100
0.700	0.100	0.100	0.100
0.100	0.100	0.700	0.100
0.100	0.100	0.100	0.700
0.100	0.100	0.700	0.100
>GAGGTACTGTGC	21-GAGGTACTGTGC	14.523040	-12.377937	0	T:4.0(0.09%),B:1.4(0.00%),P:1e-5	Tpos:218.3,Tstd:128.4,Bpos:272.9,Bstd:66.7,StrandBias:10.0,Multiplicity:2.25
0.001	0.001	0.997	0.001
0.997	0.001	0.001	0.001
0.001	0.001	0.997	0.001
0.001	0.001	0.997	0.001
0.001	0.001	0.125	0.873
0.997	0.001	0.001	0.001
0.001	0.997	0.001	0.001
0.001	0.001	0.001	0.997
0.001	0.001	0.997	0.001
0.001	0.001	0.001	0.997
0.001	0.001	0.997	0.001
0.001	0.997	0.001	0.001
>GTGTGTTAGAWG	22-GTGTGTTAGAWG	12.688614	-12.319685	0	T:12.0(0.26%),B:22.3(0.05%),P:1e-5	Tpos:168.8,Tstd:95.5,Bpos:262.5,Bstd:157.5,StrandBias:0.5,Multiplicity:2.18
0.115	0.112	0.772	0.001
0.001	0.001	0.001	0.997
0.001	0.001	0.997	0.001
0.001	0.001	0.001	0.997
0.001	0.001	0.997	0.001
0.001	0.082	0.082	0.835
0.256	0.082	0.001	0.661
0.997	0.001	0.001	0.001
0.001	0.224	0.774	0.001
0.849	0.149	0.001	0.001
0.401	0.001	0.117	0.481
0.003	0.001	0.995	0.001
>TACAGGGGAGGG	23-TACAGGGGAGGG	10.788822	-11.073336	0	T:34.0(0.75%),B:146.4(0.33%),P:1e-4	Tpos:248.1,Tstd:239.1,Bpos:211.4,Bstd:126.0,StrandBias:1.1,Multiplicity:1.23
0.013	0.414	0.001	0.572
0.749	0.190	0.051	0.010
0.024	0.714	0.085	0.177
0.859	0.039	0.042	0.060
0.025	0.051	0.899	0.025
0.018	0.043	0.674	0.265
0.025	0.237	0.699	0.039
0.014	0.050	0.663	0.273
0.530	0.127	0.306	0.037
0.001	0.049	0.883	0.067
0.086	0.001	0.897	0.016
0.313	0.026	0.660	0.001
>CCATAGAAATGC	24-CCATAGAAATGC	14.329455	-9.686746	0	T:4.0(0.09%),B:2.0(0.00%),P:1e-4	Tpos:94.5,Tstd:57.8,Bpos:222.0,Bstd:82.3,StrandBias:10.0,Multiplicity:2.00
0.001	0.997	0.001	0.001
0.001	0.997	0.001	0.001
0.997	0.001	0.001	0.001
0.001	0.001	0.001	0.997
0.997	0.001	0.001	0.001
0.001	0.001	0.997	0.001
0.997	0.001	0.001	0.001
0.997	0.001	0.001	0.001
0.895	0.001	0.103	0.001
0.001	0.001	0.001	0.997
0.001	0.001	0.997	0.001
0.001	0.997	0.001	0.001
>GCTCAGTGATGG	25-GCTCAGTGATGG	12.355432	-3.256574	0	T:2.0(0.04%),B:3.4(0.01%),P:1e-1	Tpos:166.3,Tstd:58.9,Bpos:263.5,Bstd:121.1,StrandBias:3.5,Multiplicity:6.00
0.100	0.100	0.700	0.100
0.100	0.700	0.100	0.100
0.100	0.100	0.100	0.700
0.100	0.700	0.100	0.100
0.700	0.100	0.100	0.100
0.100	0.100	0.700	0.100
0.100	0.100	0.100	0.700
0.100	0.100	0.700	0.100
0.700	0.100	0.100	0.100
0.100	0.100	0.100	0.700
0.100	0.100	0.700	0.100
0.100	0.100	0.700	0.100
