>TGTGGTTW	1-TGTGGTTW	6.564203	-331.149581	0	T:1600.0(35.26%),B:8457.7(19.08%),P:1e-143	Tpos:282.9,Tstd:249.5,Bpos:232.6,Bstd:142.5,StrandBias:-0.0,Multiplicity:1.33
0.138	0.103	0.070	0.689
0.011	0.061	0.850	0.078
0.102	0.139	0.043	0.716
0.007	0.081	0.898	0.014
0.005	0.001	0.984	0.010
0.001	0.054	0.006	0.939
0.149	0.124	0.178	0.549
0.456	0.001	0.163	0.379
>TGTGGTTT	2-TGTGGTTT	5.985211	-242.038875	0	T:2127.0(46.87%),B:13887.8(31.33%),P:1e-105	Tpos:288.4,Tstd:247.3,Bpos:233.5,Bstd:142.6,StrandBias:-0.1,Multiplicity:1.25
0.174	0.103	0.061	0.662
0.001	0.001	0.857	0.141
0.226	0.221	0.038	0.515
0.088	0.149	0.762	0.001
0.001	0.001	0.997	0.001
0.001	0.186	0.014	0.799
0.227	0.001	0.272	0.500
0.293	0.002	0.229	0.477
>CGGAAGTT	3-CGGAAGTT	3.770323	-240.816055	0	T:1366.0(30.10%),B:7520.6(16.96%),P:1e-104	Tpos:299.4,Tstd:250.1,Bpos:233.3,Bstd:141.9,StrandBias:-0.0,Multiplicity:1.25
0.145	0.853	0.001	0.001
0.001	0.001	0.997	0.001
0.001	0.001	0.997	0.001
0.997	0.001	0.001	0.001
0.997	0.001	0.001	0.001
0.205	0.001	0.793	0.001
0.001	0.001	0.001	0.997
0.141	0.001	0.070	0.788
>ACAGGAMG	4-ACAGGAMG	6.576559	-206.193790	0	T:985.0(21.71%),B:4982.6(11.24%),P:1e-89	Tpos:296.1,Tstd:232.4,Bpos:234.6,Bstd:138.9,StrandBias:-0.2,Multiplicity:1.16
0.997	0.001	0.001	0.001
0.001	0.997	0.001	0.001
0.611	0.387	0.001	0.001
0.001	0.001	0.997	0.001
0.001	0.001	0.997	0.001
0.997	0.001	0.001	0.001
0.492	0.479	0.001	0.028
0.037	0.001	0.961	0.001
>TGTGGTTN	5-TGTGGTTN	6.517156	-183.926764	0	T:1699.0(37.44%),B:10952.5(24.71%),P:1e-79	Tpos:294.7,Tstd:261.7,Bpos:235.4,Bstd:140.3,StrandBias:-0.1,Multiplicity:1.19
0.049	0.044	0.341	0.566
0.044	0.001	0.954	0.001
0.001	0.059	0.109	0.831
0.091	0.015	0.893	0.001
0.001	0.068	0.930	0.001
0.016	0.184	0.069	0.731
0.024	0.056	0.047	0.873
0.215	0.250	0.203	0.331
>TTTCGGTT	6-TTTCGGTT	6.775205	-100.353826	0	T:750.0(16.53%),B:4362.0(9.84%),P:1e-43	Tpos:314.7,Tstd:264.7,Bpos:236.7,Bstd:146.8,StrandBias:-0.1,Multiplicity:1.15
0.059	0.054	0.054	0.833
0.038	0.027	0.042	0.893
0.036	0.170	0.066	0.728
0.080	0.801	0.101	0.018
0.202	0.143	0.548	0.107
0.012	0.244	0.618	0.126
0.051	0.054	0.080	0.815
0.093	0.067	0.073	0.767
>TGAGTCAT	7-TGAGTCAT	8.762537	-81.383257	0	T:354.0(7.80%),B:1673.2(3.77%),P:1e-35	Tpos:287.7,Tstd:254.4,Bpos:234.6,Bstd:136.5,StrandBias:-0.1,Multiplicity:1.04
0.001	0.001	0.001	0.997
0.001	0.001	0.997	0.001
0.997	0.001	0.001	0.001
0.001	0.330	0.668	0.001
0.001	0.001	0.001	0.997
0.042	0.956	0.001	0.001
0.997	0.001	0.001	0.001
0.001	0.155	0.118	0.726
>NCGCGAAA	8-NCGCGAAA	4.154435	-57.021623	0	T:943.0(20.78%),B:6656.4(15.01%),P:1e-24	Tpos:312.1,Tstd:245.5,Bpos:232.5,Bstd:154.5,StrandBias:0.0,Multiplicity:1.30
0.210	0.222	0.215	0.354
0.158	0.448	0.210	0.184
0.139	0.043	0.794	0.024
0.128	0.623	0.069	0.180
0.094	0.178	0.583	0.145
0.484	0.107	0.229	0.180
0.414	0.195	0.159	0.232
0.735	0.005	0.161	0.099
>TGCGTCCT	9-TGCGTCCT	6.258165	-55.191225	0	T:664.0(14.63%),B:4358.4(9.83%),P:1e-23	Tpos:291.5,Tstd:246.3,Bpos:232.8,Bstd:140.1,StrandBias:0.1,Multiplicity:1.09
0.037	0.001	0.001	0.961
0.001	0.001	0.997	0.001
0.001	0.997	0.001	0.001
0.001	0.001	0.758	0.240
0.001	0.001	0.001	0.997
0.001	0.997	0.001	0.001
0.001	0.997	0.001	0.001
0.001	0.001	0.087	0.911
>GGCGTGTC	10-GGCGTGTC	6.495030	-46.663631	0	T:583.0(12.85%),B:3853.0(8.69%),P:1e-20	Tpos:316.0,Tstd:245.2,Bpos:236.9,Bstd:156.1,StrandBias:0.0,Multiplicity:1.16
0.001	0.001	0.977	0.021
0.001	0.001	0.997	0.001
0.001	0.957	0.001	0.041
0.001	0.001	0.997	0.001
0.001	0.001	0.001	0.997
0.015	0.240	0.628	0.117
0.001	0.006	0.039	0.954
0.001	0.445	0.268	0.286
>GGGGGGGG	11-GGGGGGGG	7.623138	-44.335600	0	T:1293.0(28.49%),B:10057.2(22.69%),P:1e-19	Tpos:340.2,Tstd:266.6,Bpos:235.4,Bstd:141.2,StrandBias:-0.0,Multiplicity:1.83
0.016	0.001	0.982	0.001
0.001	0.001	0.997	0.001
0.038	0.052	0.909	0.001
0.121	0.231	0.596	0.052
0.079	0.149	0.771	0.001
0.098	0.127	0.774	0.001
0.001	0.033	0.965	0.001
0.001	0.001	0.997	0.001
>AGGTGTTA	12-AGGTGTTA	7.116087	-44.171487	0	T:915.0(20.16%),B:6711.0(15.14%),P:1e-19	Tpos:288.9,Tstd:258.2,Bpos:231.4,Bstd:140.7,StrandBias:0.0,Multiplicity:1.17
0.683	0.022	0.294	0.001
0.001	0.055	0.705	0.239
0.001	0.001	0.997	0.001
0.001	0.001	0.053	0.945
0.001	0.001	0.958	0.040
0.001	0.129	0.001	0.869
0.001	0.164	0.290	0.545
0.895	0.001	0.103	0.001
>GGGYGGAG	13-GGGYGGAG	7.952293	-43.157541	0	T:830.0(18.29%),B:6000.0(13.53%),P:1e-18	Tpos:340.0,Tstd:261.8,Bpos:233.8,Bstd:143.7,StrandBias:-0.0,Multiplicity:1.25
0.348	0.001	0.650	0.001
0.001	0.001	0.997	0.001
0.001	0.001	0.997	0.001
0.001	0.498	0.001	0.500
0.001	0.001	0.997	0.001
0.001	0.001	0.997	0.001
0.997	0.001	0.001	0.001
0.136	0.001	0.862	0.001
>CCACTAGA	14-CCACTAGA	7.417037	-37.831279	0	T:334.0(7.36%),B:2018.3(4.55%),P:1e-16	Tpos:284.7,Tstd:232.1,Bpos:234.1,Bstd:143.3,StrandBias:0.1,Multiplicity:1.06
0.139	0.859	0.001	0.001
0.001	0.997	0.001	0.001
0.997	0.001	0.001	0.001
0.001	0.997	0.001	0.001
0.001	0.001	0.001	0.997
0.997	0.001	0.001	0.001
0.001	0.001	0.997	0.001
0.702	0.001	0.186	0.111
>TTGATGCG	15-TTGATGCG	8.160200	-35.212306	0	T:165.0(3.64%),B:808.2(1.82%),P:1e-15	Tpos:262.0,Tstd:211.2,Bpos:238.1,Bstd:140.1,StrandBias:-0.0,Multiplicity:1.01
0.001	0.001	0.001	0.997
0.001	0.390	0.001	0.608
0.001	0.001	0.842	0.156
0.997	0.001	0.001	0.001
0.001	0.001	0.001	0.997
0.107	0.193	0.699	0.001
0.001	0.847	0.001	0.151
0.001	0.001	0.997	0.001
>ATRTGGCG	16-ATRTGGCG	3.961231	-32.655850	0	T:255.0(5.62%),B:1489.2(3.36%),P:1e-14	Tpos:308.9,Tstd:231.0,Bpos:238.1,Bstd:148.6,StrandBias:-0.1,Multiplicity:1.07
0.997	0.001	0.001	0.001
0.001	0.001	0.182	0.816
0.479	0.001	0.519	0.001
0.001	0.001	0.001	0.997
0.001	0.001	0.997	0.001
0.001	0.001	0.997	0.001
0.001	0.997	0.001	0.001
0.001	0.001	0.997	0.001
>GCTCGGAT	17-GCTCGGAT	7.029276	-32.045716	0	T:340.0(7.49%),B:2157.6(4.87%),P:1e-13	Tpos:341.9,Tstd:252.1,Bpos:230.1,Bstd:159.0,StrandBias:-0.1,Multiplicity:1.14
0.001	0.001	0.997	0.001
0.001	0.840	0.085	0.074
0.001	0.001	0.129	0.869
0.001	0.997	0.001	0.001
0.001	0.001	0.997	0.001
0.001	0.001	0.997	0.001
0.726	0.272	0.001	0.001
0.001	0.001	0.001	0.997
>TGACGTCA	18-TGACGTCA	7.601325	-29.068434	0	T:438.0(9.65%),B:3008.9(6.79%),P:1e-12	Tpos:295.8,Tstd:246.9,Bpos:234.5,Bstd:141.6,StrandBias:0.2,Multiplicity:1.09
0.001	0.001	0.001	0.997
0.001	0.068	0.836	0.095
0.690	0.082	0.116	0.112
0.001	0.672	0.205	0.122
0.001	0.001	0.997	0.001
0.001	0.001	0.001	0.997
0.001	0.997	0.001	0.001
0.980	0.001	0.018	0.001
>ATTAGTCG	19-ATTAGTCG	7.548331	-23.431851	0	T:126.0(2.78%),B:656.5(1.48%),P:1e-10	Tpos:303.1,Tstd:228.7,Bpos:238.4,Bstd:140.2,StrandBias:-0.3,Multiplicity:1.06
0.770	0.191	0.038	0.001
0.299	0.001	0.120	0.580
0.001	0.068	0.077	0.854
0.659	0.001	0.272	0.068
0.001	0.001	0.997	0.001
0.068	0.169	0.005	0.758
0.001	0.997	0.001	0.001
0.259	0.001	0.739	0.001
>GCGAAGCT	20-GCGAAGCT	8.912699	-18.888640	0	T:135.0(2.97%),B:776.2(1.75%),P:1e-8	Tpos:309.7,Tstd:238.6,Bpos:232.7,Bstd:155.1,StrandBias:-0.1,Multiplicity:1.05
0.001	0.001	0.997	0.001
0.001	0.997	0.001	0.001
0.001	0.001	0.997	0.001
0.997	0.001	0.001	0.001
0.722	0.139	0.001	0.138
0.001	0.162	0.836	0.001
0.001	0.997	0.001	0.001
0.001	0.001	0.001	0.997
>GTTACCGT	21-GTTACCGT	9.065838	-17.750964	0	T:51.0(1.12%),B:205.2(0.46%),P:1e-7	Tpos:270.8,Tstd:208.0,Bpos:234.1,Bstd:145.9,StrandBias:0.2,Multiplicity:1.00
0.001	0.001	0.997	0.001
0.001	0.001	0.001	0.997
0.168	0.001	0.001	0.830
0.997	0.001	0.001	0.001
0.001	0.997	0.001	0.001
0.001	0.997	0.001	0.001
0.001	0.001	0.997	0.001
0.162	0.001	0.001	0.836
