Factor1: 0.9715638709947745
Factor2: 1.0292684092669173
