Factor1: 1.1907798521753505
Factor2: 0.8397857909446254
