>NYCACTTCCTGT	1-NYCACTTCCTGT	7.700350	-553.873502	0	T:1071.0(47.28%),B:7877.6(17.07%),P:1e-240	Tpos:260.1,Tstd:169.5,Bpos:238.1,Bstd:141.5,StrandBias:0.0,Multiplicity:1.37
0.261	0.219	0.313	0.206
0.193	0.349	0.191	0.267
0.175	0.474	0.127	0.224
0.618	0.035	0.246	0.101
0.001	0.736	0.001	0.262
0.230	0.001	0.021	0.748
0.001	0.031	0.001	0.967
0.001	0.953	0.001	0.045
0.001	0.991	0.007	0.001
0.001	0.016	0.124	0.859
0.029	0.235	0.549	0.187
0.126	0.312	0.084	0.478
>NDBAAACCACAK	2-NDBAAACCACAK	8.343759	-198.835020	0	T:457.0(20.18%),B:3356.8(7.28%),P:1e-86	Tpos:256.5,Tstd:173.1,Bpos:240.1,Bstd:143.1,StrandBias:0.3,Multiplicity:1.15
0.325	0.232	0.268	0.176
0.298	0.071	0.285	0.346
0.146	0.293	0.342	0.218
0.564	0.186	0.043	0.207
0.830	0.001	0.168	0.001
0.906	0.001	0.092	0.001
0.100	0.898	0.001	0.001
0.050	0.948	0.001	0.001
0.997	0.001	0.001	0.001
0.001	0.997	0.001	0.001
0.856	0.001	0.001	0.142
0.186	0.208	0.372	0.234
>NCAGGAAGTTGN	3-NCAGGAAGTTGN	6.661537	-140.805441	0	T:403.0(17.79%),B:3341.4(7.24%),P:1e-61	Tpos:273.6,Tstd:189.1,Bpos:244.8,Bstd:141.8,StrandBias:0.3,Multiplicity:1.01
0.299	0.231	0.239	0.231
0.141	0.631	0.120	0.108
0.700	0.077	0.087	0.136
0.129	0.065	0.681	0.125
0.143	0.113	0.640	0.104
0.626	0.141	0.134	0.099
0.660	0.074	0.142	0.124
0.121	0.127	0.640	0.112
0.130	0.157	0.148	0.565
0.141	0.093	0.135	0.631
0.126	0.124	0.614	0.136
0.312	0.226	0.226	0.237
>CCACTTCCTCTC	4-CCACTTCCTCTC	7.180464	-110.861241	0	T:847.0(37.40%),B:10887.6(23.60%),P:1e-48	Tpos:287.3,Tstd:222.3,Bpos:236.7,Bstd:143.7,StrandBias:0.2,Multiplicity:1.16
0.100	0.792	0.037	0.071
0.087	0.769	0.001	0.143
0.595	0.162	0.116	0.127
0.018	0.823	0.086	0.073
0.106	0.147	0.061	0.686
0.042	0.124	0.104	0.730
0.053	0.801	0.073	0.073
0.048	0.833	0.067	0.052
0.139	0.130	0.094	0.637
0.019	0.766	0.155	0.060
0.091	0.087	0.074	0.748
0.029	0.822	0.078	0.071
>VBTTCCTGTTTC	5-VBTTCCTGTTTC	7.516762	-101.418999	0	T:595.0(26.27%),B:6869.8(14.89%),P:1e-44	Tpos:293.6,Tstd:213.7,Bpos:237.6,Bstd:150.3,StrandBias:0.1,Multiplicity:1.13
0.265	0.267	0.322	0.145
0.001	0.353	0.301	0.345
0.057	0.034	0.023	0.886
0.019	0.045	0.076	0.860
0.001	0.721	0.001	0.277
0.128	0.717	0.077	0.078
0.024	0.350	0.096	0.530
0.001	0.035	0.768	0.196
0.001	0.001	0.001	0.997
0.116	0.223	0.001	0.660
0.215	0.110	0.158	0.517
0.283	0.459	0.005	0.252
>AGGTGGTTTCCB	6-AGGTGGTTTCCB	9.470110	-64.350334	0	T:113.0(4.99%),B:665.4(1.44%),P:1e-27	Tpos:273.0,Tstd:218.6,Bpos:217.8,Bstd:144.8,StrandBias:-0.1,Multiplicity:1.01
0.537	0.299	0.148	0.016
0.001	0.332	0.522	0.145
0.017	0.190	0.621	0.172
0.001	0.001	0.077	0.921
0.163	0.001	0.794	0.042
0.001	0.001	0.896	0.102
0.001	0.001	0.001	0.997
0.001	0.001	0.001	0.997
0.117	0.001	0.001	0.881
0.029	0.928	0.001	0.042
0.343	0.522	0.001	0.134
0.075	0.329	0.291	0.304
>AACAGGAAGTGA	7-AACAGGAAGTGA	9.383510	-63.220295	0	T:140.0(6.18%),B:973.3(2.11%),P:1e-27	Tpos:226.5,Tstd:124.7,Bpos:238.8,Bstd:146.5,StrandBias:-0.2,Multiplicity:1.00
0.899	0.001	0.063	0.037
0.924	0.001	0.048	0.027
0.050	0.708	0.072	0.170
0.903	0.095	0.001	0.001
0.104	0.048	0.758	0.090
0.085	0.001	0.913	0.001
0.833	0.001	0.068	0.098
0.661	0.098	0.240	0.001
0.001	0.127	0.797	0.075
0.102	0.048	0.024	0.826
0.047	0.068	0.884	0.001
0.810	0.001	0.110	0.079
>ACAGGAAACWTA	8-ACAGGAAACWTA	10.772167	-62.938263	0	T:88.0(3.89%),B:428.9(0.93%),P:1e-27	Tpos:293.8,Tstd:192.3,Bpos:227.0,Bstd:138.7,StrandBias:0.5,Multiplicity:1.00
0.526	0.165	0.176	0.133
0.001	0.967	0.031	0.001
0.997	0.001	0.001	0.001
0.135	0.001	0.707	0.157
0.001	0.001	0.846	0.152
0.997	0.001	0.001	0.001
0.783	0.001	0.215	0.001
0.997	0.001	0.001	0.001
0.001	0.997	0.001	0.001
0.498	0.114	0.001	0.387
0.096	0.138	0.273	0.494
0.600	0.001	0.221	0.178
>YGACTTCCTCCN	9-YGACTTCCTCCN	8.607719	-55.916082	0	T:213.0(9.40%),B:2005.9(4.35%),P:1e-24	Tpos:291.3,Tstd:231.3,Bpos:237.7,Bstd:144.5,StrandBias:0.2,Multiplicity:1.04
0.133	0.370	0.116	0.381
0.105	0.293	0.482	0.121
0.974	0.001	0.024	0.001
0.121	0.612	0.182	0.085
0.001	0.001	0.134	0.864
0.001	0.023	0.001	0.975
0.020	0.788	0.153	0.039
0.133	0.865	0.001	0.001
0.023	0.001	0.133	0.843
0.106	0.892	0.001	0.001
0.287	0.711	0.001	0.001
0.285	0.231	0.188	0.295
>CACTTCCTCTCT	10-CACTTCCTCTCT	8.055167	-55.014836	0	T:568.0(25.08%),B:7674.1(16.63%),P:1e-23	Tpos:256.9,Tstd:182.2,Bpos:236.7,Bstd:142.9,StrandBias:0.0,Multiplicity:1.10
0.154	0.661	0.124	0.061
0.592	0.157	0.074	0.177
0.009	0.713	0.097	0.181
0.131	0.065	0.001	0.803
0.058	0.133	0.214	0.595
0.021	0.671	0.061	0.247
0.005	0.900	0.001	0.094
0.035	0.146	0.001	0.818
0.001	0.797	0.017	0.185
0.002	0.018	0.012	0.968
0.018	0.612	0.206	0.164
0.102	0.157	0.001	0.740
>AGTGACGTCATC	11-AGTGACGTCATC	9.454969	-54.250686	0	T:84.0(3.71%),B:448.4(0.97%),P:1e-23	Tpos:287.2,Tstd:198.7,Bpos:238.6,Bstd:145.4,StrandBias:0.2,Multiplicity:1.05
0.730	0.054	0.107	0.109
0.098	0.085	0.794	0.023
0.046	0.015	0.001	0.938
0.001	0.035	0.963	0.001
0.940	0.001	0.018	0.041
0.064	0.761	0.024	0.151
0.055	0.090	0.819	0.036
0.001	0.092	0.079	0.828
0.092	0.839	0.023	0.046
0.867	0.046	0.023	0.064
0.001	0.069	0.072	0.858
0.138	0.668	0.123	0.071
>CCCCCCCCCCCC	12-CCCCCCCCCCCC	8.720149	-45.453562	0	T:443.0(19.56%),B:5850.9(12.68%),P:1e-19	Tpos:293.6,Tstd:224.3,Bpos:236.5,Bstd:140.5,StrandBias:-0.2,Multiplicity:1.23
0.045	0.852	0.039	0.064
0.062	0.833	0.045	0.060
0.064	0.838	0.046	0.052
0.048	0.872	0.038	0.042
0.092	0.814	0.029	0.065
0.076	0.845	0.032	0.047
0.107	0.808	0.047	0.038
0.082	0.842	0.032	0.044
0.083	0.836	0.034	0.047
0.087	0.822	0.043	0.048
0.077	0.828	0.036	0.059
0.065	0.814	0.055	0.066
>TTTGATGTGGTR	13-TTTGATGTGGTR	8.583069	-42.716543	0	T:155.0(6.84%),B:1426.9(3.09%),P:1e-18	Tpos:270.8,Tstd:191.2,Bpos:240.5,Bstd:144.8,StrandBias:-0.2,Multiplicity:1.01
0.078	0.128	0.001	0.793
0.001	0.098	0.106	0.795
0.061	0.007	0.056	0.876
0.037	0.131	0.831	0.001
0.541	0.297	0.045	0.117
0.089	0.019	0.019	0.873
0.015	0.086	0.850	0.049
0.111	0.001	0.012	0.876
0.037	0.099	0.767	0.097
0.081	0.054	0.829	0.036
0.311	0.050	0.029	0.610
0.478	0.037	0.408	0.077
>GGGADDTGTARY	14-GGGADDTGTARY	7.982022	-40.016375	0	T:34.0(1.50%),B:98.5(0.21%),P:1e-17	Tpos:329.0,Tstd:211.7,Bpos:251.8,Bstd:165.2,StrandBias:0.5,Multiplicity:1.21
0.200	0.008	0.531	0.261
0.183	0.002	0.801	0.014
0.194	0.012	0.779	0.015
0.529	0.170	0.014	0.287
0.392	0.026	0.296	0.286
0.380	0.089	0.259	0.272
0.114	0.229	0.212	0.444
0.180	0.134	0.451	0.236
0.022	0.193	0.176	0.609
0.472	0.014	0.206	0.308
0.277	0.162	0.420	0.141
0.025	0.408	0.011	0.556
>NTGACGTCAGAN	15-NTGACGTCAGAN	7.355967	-37.074272	0	T:110.0(4.86%),B:916.8(1.99%),P:1e-16	Tpos:280.3,Tstd:176.7,Bpos:236.2,Bstd:145.7,StrandBias:-0.3,Multiplicity:1.02
0.218	0.240	0.316	0.226
0.145	0.072	0.103	0.680
0.106	0.124	0.668	0.102
0.643	0.120	0.116	0.121
0.170	0.510	0.162	0.158
0.172	0.147	0.508	0.173
0.120	0.113	0.124	0.643
0.113	0.651	0.128	0.108
0.747	0.055	0.061	0.137
0.119	0.127	0.660	0.094
0.647	0.123	0.123	0.107
0.326	0.212	0.253	0.209
>GCACWCCCTCCC	16-GCACWCCCTCCC	6.901380	-35.156409	0	T:124.0(5.47%),B:1128.1(2.45%),P:1e-15	Tpos:256.6,Tstd:227.3,Bpos:240.5,Bstd:148.2,StrandBias:-0.7,Multiplicity:1.03
0.001	0.001	0.997	0.001
0.001	0.997	0.001	0.001
0.717	0.001	0.001	0.281
0.001	0.997	0.001	0.001
0.476	0.001	0.001	0.522
0.001	0.592	0.001	0.406
0.001	0.997	0.001	0.001
0.001	0.997	0.001	0.001
0.318	0.001	0.001	0.680
0.358	0.640	0.001	0.001
0.001	0.997	0.001	0.001
0.001	0.997	0.001	0.001
>GTTCTGCGGTTT	17-GTTCTGCGGTTT	7.794254	-33.629482	0	T:198.0(8.74%),B:2226.0(4.82%),P:1e-14	Tpos:261.6,Tstd:165.7,Bpos:240.4,Bstd:145.7,StrandBias:0.1,Multiplicity:1.05
0.031	0.018	0.859	0.092
0.043	0.123	0.071	0.763
0.055	0.030	0.057	0.858
0.028	0.889	0.028	0.055
0.001	0.001	0.054	0.944
0.083	0.083	0.739	0.095
0.151	0.768	0.038	0.043
0.126	0.077	0.694	0.103
0.001	0.014	0.859	0.126
0.028	0.061	0.055	0.856
0.001	0.098	0.080	0.821
0.027	0.015	0.001	0.957
>TTTAGATCTGCA	18-TTTAGATCTGCA	9.564244	-31.500129	0	T:78.0(3.44%),B:589.9(1.28%),P:1e-13	Tpos:250.9,Tstd:190.0,Bpos:231.0,Bstd:141.5,StrandBias:-0.3,Multiplicity:1.00
0.023	0.081	0.068	0.828
0.053	0.064	0.023	0.860
0.082	0.088	0.076	0.754
0.851	0.001	0.060	0.088
0.078	0.102	0.757	0.063
0.913	0.085	0.001	0.001
0.001	0.080	0.062	0.857
0.090	0.864	0.045	0.001
0.075	0.113	0.001	0.811
0.060	0.086	0.764	0.090
0.081	0.896	0.001	0.022
0.842	0.090	0.001	0.067
>CCGCTCTGTDGC	19-CCGCTCTGTDGC	10.933033	-27.167655	0	T:44.0(1.94%),B:250.3(0.54%),P:1e-11	Tpos:201.4,Tstd:120.4,Bpos:241.8,Bstd:150.0,StrandBias:0.3,Multiplicity:1.05
0.001	0.997	0.001	0.001
0.189	0.727	0.001	0.083
0.001	0.001	0.776	0.222
0.001	0.939	0.001	0.059
0.001	0.001	0.252	0.746
0.001	0.908	0.001	0.090
0.001	0.059	0.001	0.939
0.001	0.119	0.879	0.001
0.001	0.039	0.001	0.959
0.383	0.001	0.308	0.308
0.001	0.001	0.997	0.001
0.060	0.759	0.001	0.180
>ATAGGAAGAGGA	20-ATAGGAAGAGGA	9.931637	-25.345772	0	T:82.0(3.62%),B:721.7(1.56%),P:1e-11	Tpos:306.3,Tstd:272.4,Bpos:227.7,Bstd:138.3,StrandBias:0.0,Multiplicity:1.00
0.607	0.036	0.216	0.141
0.001	0.400	0.001	0.598
0.592	0.001	0.335	0.072
0.257	0.070	0.672	0.001
0.001	0.001	0.688	0.310
0.660	0.109	0.230	0.001
0.802	0.001	0.001	0.196
0.001	0.109	0.889	0.001
0.944	0.001	0.001	0.054
0.070	0.219	0.710	0.001
0.001	0.001	0.929	0.069
0.997	0.001	0.001	0.001
>ACAGGCCCCTCC	21-ACAGGCCCCTCC	10.955138	-17.313755	0	T:35.0(1.55%),B:240.8(0.52%),P:1e-7	Tpos:211.2,Tstd:161.0,Bpos:237.6,Bstd:144.7,StrandBias:0.2,Multiplicity:1.09
0.911	0.087	0.001	0.001
0.109	0.889	0.001	0.001
0.810	0.087	0.102	0.001
0.001	0.218	0.630	0.151
0.001	0.001	0.829	0.169
0.003	0.995	0.001	0.001
0.001	0.896	0.102	0.001
0.001	0.937	0.061	0.001
0.172	0.663	0.062	0.103
0.001	0.001	0.263	0.735
0.001	0.935	0.063	0.001
0.172	0.782	0.001	0.045
>ATCTGCAAGTGA	22-ATCTGCAAGTGA	13.025767	-16.388478	0	T:11.0(0.49%),B:25.1(0.05%),P:1e-7	Tpos:248.9,Tstd:177.4,Bpos:230.7,Bstd:148.1,StrandBias:1.0,Multiplicity:1.36
0.997	0.001	0.001	0.001
0.001	0.001	0.001	0.997
0.001	0.794	0.001	0.204
0.159	0.001	0.001	0.839
0.204	0.001	0.635	0.160
0.001	0.997	0.001	0.001
0.781	0.217	0.001	0.001
0.997	0.001	0.001	0.001
0.001	0.001	0.794	0.204
0.001	0.001	0.001	0.997
0.001	0.378	0.620	0.001
0.997	0.001	0.001	0.001
>CCTCCTACCTTG	23-CCTCCTACCTTG	12.355432	-12.542475	0	T:4.0(0.18%),B:2.6(0.01%),P:1e-5	Tpos:483.5,Tstd:188.1,Bpos:101.0,Bstd:27.0,StrandBias:2.5,Multiplicity:3.25
0.100	0.700	0.100	0.100
0.100	0.700	0.100	0.100
0.100	0.100	0.100	0.700
0.100	0.700	0.100	0.100
0.100	0.700	0.100	0.100
0.100	0.100	0.100	0.700
0.700	0.100	0.100	0.100
0.100	0.700	0.100	0.100
0.100	0.700	0.100	0.100
0.100	0.100	0.100	0.700
0.100	0.100	0.100	0.700
0.100	0.100	0.700	0.100
>AGGAAACTTAGT	24-AGGAAACTTAGT	13.775102	-8.829063	0	T:3.0(0.13%),B:2.4(0.01%),P:1e-3	Tpos:389.9,Tstd:223.2,Bpos:200.7,Bstd:47.3,StrandBias:3.3,Multiplicity:7.33
0.930	0.001	0.001	0.068
0.001	0.001	0.997	0.001
0.001	0.001	0.997	0.001
0.997	0.001	0.001	0.001
0.930	0.001	0.001	0.068
0.997	0.001	0.001	0.001
0.001	0.997	0.001	0.001
0.001	0.001	0.001	0.997
0.001	0.001	0.001	0.997
0.997	0.001	0.001	0.001
0.001	0.001	0.997	0.001
0.001	0.068	0.001	0.930
>TAACATTGGCTG	25-TAACATTGGCTG	13.668739	-7.649213	0	T:3.0(0.13%),B:3.2(0.01%),P:1e-3	Tpos:367.8,Tstd:224.7,Bpos:274.3,Bstd:130.4,StrandBias:4.2,Multiplicity:6.67
0.082	0.001	0.001	0.916
0.997	0.001	0.001	0.001
0.997	0.001	0.001	0.001
0.001	0.997	0.001	0.001
0.997	0.001	0.001	0.001
0.001	0.001	0.001	0.997
0.001	0.001	0.001	0.997
0.082	0.001	0.916	0.001
0.294	0.001	0.704	0.001
0.001	0.997	0.001	0.001
0.001	0.001	0.001	0.997
0.001	0.001	0.997	0.001
