>TGAGTCAT	1-TGAGTCAT	6.984572	-1123.464169	0	T:2191.0(25.38%),B:3373.2(8.31%),P:1e-487	Tpos:290.0,Tstd:210.7,Bpos:249.7,Bstd:150.4,StrandBias:-0.0,Multiplicity:1.21
0.001	0.003	0.001	0.995
0.001	0.001	0.958	0.040
0.984	0.001	0.001	0.014
0.017	0.287	0.682	0.014
0.001	0.001	0.001	0.997
0.016	0.982	0.001	0.001
0.997	0.001	0.001	0.001
0.019	0.203	0.146	0.632
>WAACCACA	2-WAACCACA	7.447420	-969.026053	0	T:2606.0(30.19%),B:4993.7(12.30%),P:1e-420	Tpos:286.0,Tstd:215.5,Bpos:248.7,Bstd:155.6,StrandBias:-0.0,Multiplicity:1.24
0.362	0.120	0.033	0.485
0.802	0.044	0.093	0.061
0.974	0.001	0.024	0.001
0.001	0.997	0.001	0.001
0.001	0.997	0.001	0.001
0.972	0.001	0.017	0.010
0.001	0.997	0.001	0.001
0.943	0.007	0.011	0.039
>TGAGTCAY	3-TGAGTCAY	5.998740	-738.490172	0	T:3612.0(41.84%),B:9416.5(23.20%),P:1e-320	Tpos:301.3,Tstd:233.9,Bpos:245.0,Bstd:149.9,StrandBias:-0.0,Multiplicity:1.19
0.001	0.001	0.001	0.997
0.001	0.001	0.769	0.229
0.817	0.181	0.001	0.001
0.152	0.051	0.714	0.083
0.001	0.001	0.001	0.997
0.420	0.578	0.001	0.001
0.997	0.001	0.001	0.001
0.108	0.386	0.099	0.406
>TAACCACA	4-TAACCACA	6.374789	-704.684383	0	T:3782.0(43.81%),B:10244.9(25.24%),P:1e-306	Tpos:287.7,Tstd:219.2,Bpos:250.2,Bstd:154.6,StrandBias:-0.0,Multiplicity:1.22
0.059	0.220	0.001	0.720
0.603	0.340	0.003	0.054
0.773	0.001	0.225	0.001
0.002	0.914	0.032	0.052
0.001	0.947	0.051	0.001
0.675	0.001	0.207	0.117
0.046	0.952	0.001	0.001
0.711	0.083	0.157	0.049
>YGYGGTTT	5-YGYGGTTT	3.496079	-676.015483	0	T:3384.0(39.20%),B:8815.7(21.72%),P:1e-293	Tpos:296.4,Tstd:220.9,Bpos:250.4,Bstd:154.5,StrandBias:-0.0,Multiplicity:1.24
0.004	0.488	0.002	0.506
0.001	0.001	0.997	0.001
0.003	0.485	0.002	0.510
0.001	0.001	0.997	0.001
0.001	0.001	0.997	0.001
0.001	0.009	0.003	0.987
0.001	0.001	0.001	0.997
0.001	0.002	0.001	0.996
>CACTTCCT	6-CACTTCCT	7.311211	-628.384555	0	T:2198.0(25.46%),B:4730.5(11.66%),P:1e-272	Tpos:287.9,Tstd:222.9,Bpos:248.9,Bstd:148.7,StrandBias:-0.1,Multiplicity:1.15
0.001	0.997	0.001	0.001
0.958	0.001	0.040	0.001
0.001	0.775	0.001	0.223
0.250	0.001	0.001	0.748
0.001	0.001	0.001	0.997
0.001	0.997	0.001	0.001
0.001	0.997	0.001	0.001
0.001	0.001	0.001	0.997
>CTTCCGGT	7-CTTCCGGT	3.923936	-624.997601	0	T:2989.0(34.63%),B:7546.2(18.59%),P:1e-271	Tpos:289.5,Tstd:216.3,Bpos:252.0,Bstd:150.7,StrandBias:-0.0,Multiplicity:1.26
0.001	0.656	0.001	0.342
0.213	0.001	0.001	0.785
0.001	0.001	0.001	0.997
0.001	0.919	0.001	0.079
0.001	0.997	0.001	0.001
0.001	0.001	0.989	0.009
0.001	0.001	0.787	0.211
0.144	0.001	0.001	0.854
>CTTCCTGY	8-CTTCCTGY	8.169966	-392.701146	0	T:2241.0(25.96%),B:5868.4(14.46%),P:1e-170	Tpos:298.3,Tstd:242.8,Bpos:252.2,Bstd:144.4,StrandBias:0.0,Multiplicity:1.08
0.001	0.855	0.001	0.143
0.114	0.001	0.142	0.743
0.001	0.067	0.001	0.931
0.185	0.813	0.001	0.001
0.001	0.997	0.001	0.001
0.081	0.001	0.188	0.730
0.001	0.392	0.606	0.001
0.242	0.364	0.001	0.393
>TVACACCT	9-TVACACCT	3.616803	-308.205419	0	T:2163.0(25.06%),B:6034.8(14.87%),P:1e-133	Tpos:287.7,Tstd:223.2,Bpos:248.1,Bstd:156.3,StrandBias:-0.1,Multiplicity:1.20
0.001	0.001	0.001	0.997
0.306	0.381	0.312	0.001
0.997	0.001	0.001	0.001
0.001	0.997	0.001	0.001
0.997	0.001	0.001	0.001
0.001	0.997	0.001	0.001
0.001	0.628	0.001	0.370
0.001	0.003	0.001	0.995
>CCCCGCCC	10-CCCCGCCC	7.259010	-278.530686	0	T:2831.0(32.80%),B:8865.1(21.84%),P:1e-120	Tpos:315.7,Tstd:245.5,Bpos:251.6,Bstd:152.4,StrandBias:-0.1,Multiplicity:1.63
0.030	0.935	0.001	0.034
0.049	0.785	0.001	0.165
0.192	0.806	0.001	0.001
0.001	0.997	0.001	0.001
0.185	0.001	0.813	0.001
0.001	0.997	0.001	0.001
0.001	0.997	0.001	0.001
0.001	0.951	0.001	0.047
>TTTCCGCB	11-TTTCCGCB	5.953561	-262.005473	0	T:2515.0(29.14%),B:7706.5(18.99%),P:1e-113	Tpos:306.6,Tstd:230.0,Bpos:251.3,Bstd:154.2,StrandBias:-0.1,Multiplicity:1.24
0.001	0.332	0.001	0.666
0.037	0.001	0.035	0.927
0.258	0.001	0.001	0.740
0.076	0.820	0.103	0.001
0.001	0.985	0.013	0.001
0.160	0.001	0.838	0.001
0.152	0.436	0.163	0.249
0.137	0.347	0.250	0.265
>AACYGAAA	12-AACYGAAA	6.858015	-189.753763	0	T:2155.0(24.97%),B:6806.5(16.77%),P:1e-82	Tpos:297.3,Tstd:236.3,Bpos:246.4,Bstd:153.0,StrandBias:0.1,Multiplicity:1.23
0.986	0.012	0.001	0.001
0.975	0.023	0.001	0.001
0.053	0.806	0.098	0.043
0.176	0.475	0.001	0.348
0.095	0.001	0.903	0.001
0.949	0.017	0.011	0.023
0.974	0.001	0.024	0.001
0.981	0.017	0.001	0.001
>ATGGAAAH	13-ATGGAAAH	7.929889	-176.145911	0	T:1493.0(17.30%),B:4320.5(10.65%),P:1e-76	Tpos:305.5,Tstd:235.7,Bpos:249.1,Bstd:147.0,StrandBias:-0.1,Multiplicity:1.17
0.818	0.001	0.001	0.180
0.001	0.084	0.001	0.914
0.001	0.001	0.997	0.001
0.001	0.276	0.722	0.001
0.956	0.001	0.042	0.001
0.818	0.001	0.001	0.180
0.955	0.043	0.001	0.001
0.300	0.382	0.043	0.276
>AAATGACT	14-AAATGACT	9.658735	-147.389473	0	T:676.0(7.83%),B:1561.1(3.85%),P:1e-64	Tpos:278.6,Tstd:215.6,Bpos:248.5,Bstd:149.4,StrandBias:0.1,Multiplicity:1.05
0.997	0.001	0.001	0.001
0.754	0.001	0.244	0.001
0.997	0.001	0.001	0.001
0.001	0.001	0.001	0.997
0.001	0.001	0.997	0.001
0.997	0.001	0.001	0.001
0.001	0.997	0.001	0.001
0.001	0.001	0.001	0.997
>TCACGCCC	15-TCACGCCC	4.815681	-144.420432	0	T:1264.0(14.64%),B:3671.3(9.05%),P:1e-62	Tpos:317.1,Tstd:258.4,Bpos:253.5,Bstd:160.2,StrandBias:-0.0,Multiplicity:1.13
0.078	0.001	0.001	0.920
0.026	0.972	0.001	0.001
0.970	0.028	0.001	0.001
0.001	0.997	0.001	0.001
0.029	0.001	0.969	0.001
0.001	0.997	0.001	0.001
0.001	0.997	0.001	0.001
0.001	0.997	0.001	0.001
>TAGTTTCG	16-TAGTTTCG	6.800211	-130.609126	0	T:871.0(10.09%),B:2315.4(5.71%),P:1e-56	Tpos:298.4,Tstd:229.9,Bpos:254.6,Bstd:148.1,StrandBias:0.1,Multiplicity:1.06
0.001	0.048	0.062	0.889
0.881	0.001	0.041	0.077
0.069	0.040	0.890	0.001
0.040	0.001	0.047	0.912
0.001	0.001	0.031	0.967
0.024	0.028	0.001	0.947
0.024	0.974	0.001	0.001
0.106	0.130	0.551	0.213
>TTTCTCAC	17-TTTCTCAC	7.772485	-115.650788	0	T:725.0(8.40%),B:1883.5(4.64%),P:1e-50	Tpos:285.1,Tstd:227.9,Bpos:251.3,Bstd:160.7,StrandBias:0.1,Multiplicity:1.04
0.001	0.001	0.001	0.997
0.001	0.001	0.001	0.997
0.001	0.001	0.001	0.997
0.001	0.997	0.001	0.001
0.169	0.001	0.037	0.793
0.001	0.997	0.001	0.001
0.997	0.001	0.001	0.001
0.001	0.997	0.001	0.001
>CACCTCCC	18-CACCTCCC	7.765792	-82.886671	0	T:2429.0(28.14%),B:9061.7(22.33%),P:1e-35	Tpos:303.5,Tstd:235.5,Bpos:250.3,Bstd:146.5,StrandBias:-0.0,Multiplicity:1.31
0.001	0.840	0.158	0.001
0.588	0.163	0.071	0.178
0.001	0.997	0.001	0.001
0.001	0.639	0.001	0.359
0.001	0.001	0.171	0.827
0.001	0.997	0.001	0.001
0.001	0.804	0.001	0.194
0.001	0.715	0.001	0.283
>NTTTCCAN	19-NTTTCCAN	5.159987	-80.975160	0	T:853.0(9.88%),B:2581.6(6.36%),P:1e-35	Tpos:302.4,Tstd:235.1,Bpos:249.0,Bstd:143.5,StrandBias:-0.0,Multiplicity:1.05
0.183	0.288	0.302	0.227
0.106	0.119	0.139	0.636
0.169	0.085	0.099	0.647
0.254	0.102	0.134	0.510
0.111	0.505	0.175	0.209
0.130	0.545	0.212	0.113
0.552	0.161	0.222	0.065
0.276	0.232	0.172	0.319
>ACCGCAGA	20-ACCGCAGA	8.584568	-63.085962	0	T:254.0(2.94%),B:554.6(1.37%),P:1e-27	Tpos:276.7,Tstd:236.7,Bpos:256.8,Bstd:156.4,StrandBias:0.0,Multiplicity:1.02
0.997	0.001	0.001	0.001
0.001	0.997	0.001	0.001
0.001	0.997	0.001	0.001
0.001	0.001	0.997	0.001
0.001	0.894	0.001	0.104
0.997	0.001	0.001	0.001
0.001	0.001	0.997	0.001
0.799	0.001	0.199	0.001
>GACGTCAT	21-GACGTCAT	7.502932	-52.195534	0	T:611.0(7.08%),B:1893.7(4.67%),P:1e-22	Tpos:285.9,Tstd:221.5,Bpos:247.0,Bstd:146.1,StrandBias:0.0,Multiplicity:1.07
0.063	0.109	0.816	0.012
0.984	0.001	0.001	0.014
0.001	0.905	0.035	0.059
0.098	0.100	0.801	0.001
0.001	0.001	0.001	0.997
0.096	0.824	0.019	0.061
0.997	0.001	0.001	0.001
0.067	0.058	0.091	0.784
>CAGTCATA	22-CAGTCATA	8.814954	-51.970829	0	T:289.0(3.35%),B:719.6(1.77%),P:1e-22	Tpos:278.6,Tstd:202.3,Bpos:248.5,Bstd:146.8,StrandBias:0.1,Multiplicity:1.05
0.001	0.873	0.001	0.125
0.837	0.161	0.001	0.001
0.001	0.001	0.997	0.001
0.001	0.001	0.001	0.997
0.001	0.997	0.001	0.001
0.997	0.001	0.001	0.001
0.001	0.001	0.001	0.997
0.997	0.001	0.001	0.001
>ATGACACA	23-ATGACACA	8.819370	-48.171060	0	T:447.0(5.18%),B:1306.6(3.22%),P:1e-20	Tpos:286.1,Tstd:219.3,Bpos:244.4,Bstd:147.9,StrandBias:-0.1,Multiplicity:1.04
0.997	0.001	0.001	0.001
0.001	0.001	0.001	0.997
0.001	0.001	0.997	0.001
0.997	0.001	0.001	0.001
0.001	0.997	0.001	0.001
0.997	0.001	0.001	0.001
0.001	0.821	0.001	0.177
0.870	0.001	0.128	0.001
>GCGGATGT	24-GCGGATGT	8.994803	-40.022354	0	T:174.0(2.02%),B:395.6(0.97%),P:1e-17	Tpos:289.0,Tstd:190.5,Bpos:243.6,Bstd:148.4,StrandBias:0.1,Multiplicity:1.01
0.001	0.155	0.843	0.001
0.001	0.997	0.001	0.001
0.001	0.001	0.997	0.001
0.001	0.001	0.997	0.001
0.997	0.001	0.001	0.001
0.001	0.001	0.001	0.997
0.001	0.190	0.808	0.001
0.001	0.001	0.001	0.997
>AAAAAAAA	25-AAAAAAAA	8.678613	-20.391181	0	T:1241.0(14.38%),B:4962.7(12.23%),P:1e-8	Tpos:311.0,Tstd:241.2,Bpos:253.0,Bstd:156.3,StrandBias:-0.0,Multiplicity:1.13
0.997	0.001	0.001	0.001
0.997	0.001	0.001	0.001
0.997	0.001	0.001	0.001
0.997	0.001	0.001	0.001
0.997	0.001	0.001	0.001
0.997	0.001	0.001	0.001
0.895	0.001	0.103	0.001
0.896	0.102	0.001	0.001
