>TGAGTCABHN	1-TGAGTCABHN	8.466939	-1114.565126	0	T:1965.0(22.76%),B:2781.2(6.85%),P:1e-484	Tpos:289.5,Tstd:210.7,Bpos:248.7,Bstd:152.1,StrandBias:-0.0,Multiplicity:1.18
0.001	0.001	0.001	0.997
0.001	0.001	0.997	0.001
0.997	0.001	0.001	0.001
0.001	0.363	0.635	0.001
0.001	0.001	0.001	0.997
0.001	0.997	0.001	0.001
0.997	0.001	0.001	0.001
0.022	0.355	0.279	0.344
0.355	0.291	0.098	0.255
0.211	0.324	0.209	0.255
>VTGASTCABH	2-VTGASTCABH	6.992392	-1091.899911	0	T:2637.0(30.55%),B:4758.6(11.73%),P:1e-474	Tpos:292.8,Tstd:218.8,Bpos:246.9,Bstd:150.9,StrandBias:-0.0,Multiplicity:1.09
0.333	0.321	0.251	0.095
0.104	0.117	0.001	0.778
0.012	0.057	0.620	0.311
0.968	0.030	0.001	0.001
0.136	0.359	0.369	0.136
0.001	0.001	0.001	0.997
0.313	0.685	0.001	0.001
0.992	0.001	0.001	0.006
0.097	0.292	0.238	0.373
0.312	0.264	0.120	0.305
>KNAAACCACA	3-KNAAACCACA	7.048713	-998.209132	0	T:3535.0(40.95%),B:8087.0(19.93%),P:1e-433	Tpos:283.8,Tstd:212.5,Bpos:250.6,Bstd:154.6,StrandBias:-0.1,Multiplicity:1.35
0.169	0.201	0.359	0.271
0.203	0.287	0.277	0.233
0.468	0.150	0.067	0.314
0.810	0.001	0.164	0.025
0.712	0.119	0.168	0.001
0.001	0.997	0.001	0.001
0.001	0.997	0.001	0.001
0.773	0.039	0.079	0.109
0.041	0.957	0.001	0.001
0.706	0.016	0.076	0.202
>ACAGGAAGTG	4-ACAGGAAGTG	7.357207	-984.346273	0	T:3460.0(40.08%),B:7863.3(19.37%),P:1e-427	Tpos:291.9,Tstd:224.7,Bpos:249.9,Bstd:147.3,StrandBias:-0.0,Multiplicity:1.30
0.669	0.047	0.220	0.064
0.094	0.733	0.147	0.026
0.865	0.067	0.042	0.026
0.001	0.002	0.996	0.001
0.045	0.012	0.941	0.002
0.986	0.006	0.003	0.005
0.776	0.009	0.014	0.201
0.269	0.015	0.713	0.003
0.009	0.186	0.083	0.722
0.156	0.144	0.600	0.100
>BHCTTCCGGT	5-BHCTTCCGGT	6.668220	-446.236489	0	T:1770.0(20.51%),B:3968.9(9.78%),P:1e-193	Tpos:295.2,Tstd:219.4,Bpos:249.0,Bstd:151.9,StrandBias:-0.2,Multiplicity:1.11
0.116	0.339	0.247	0.298
0.348	0.211	0.147	0.293
0.033	0.602	0.001	0.364
0.160	0.001	0.001	0.838
0.001	0.001	0.001	0.997
0.074	0.757	0.060	0.109
0.001	0.997	0.001	0.001
0.001	0.001	0.928	0.070
0.097	0.089	0.586	0.228
0.001	0.103	0.177	0.719
>GAAACCACAA	6-GAAACCACAA	7.333661	-434.397163	0	T:1929.0(22.35%),B:4558.9(11.23%),P:1e-188	Tpos:300.2,Tstd:240.4,Bpos:254.2,Bstd:150.8,StrandBias:0.1,Multiplicity:1.08
0.234	0.080	0.596	0.090
0.690	0.114	0.182	0.014
0.857	0.046	0.008	0.089
0.829	0.090	0.080	0.001
0.006	0.992	0.001	0.001
0.001	0.966	0.002	0.031
0.686	0.022	0.164	0.128
0.039	0.695	0.167	0.099
0.587	0.247	0.150	0.016
0.744	0.028	0.081	0.147
>DGGGYGKRRH	7-DGGGYGKRRH	6.365352	-376.449832	0	T:3076.0(35.63%),B:9195.9(22.66%),P:1e-163	Tpos:305.4,Tstd:235.8,Bpos:250.1,Bstd:151.8,StrandBias:0.0,Multiplicity:1.55
0.302	0.100	0.289	0.309
0.387	0.015	0.580	0.018
0.001	0.001	0.997	0.001
0.043	0.001	0.812	0.144
0.130	0.424	0.062	0.384
0.022	0.008	0.874	0.096
0.043	0.102	0.391	0.464
0.319	0.077	0.417	0.187
0.268	0.089	0.413	0.230
0.226	0.341	0.173	0.259
>AAACCGAAAC	8-AAACCGAAAC	6.914040	-356.886782	0	T:1972.0(22.85%),B:5064.9(12.48%),P:1e-154	Tpos:294.9,Tstd:222.4,Bpos:249.2,Bstd:152.9,StrandBias:0.1,Multiplicity:1.24
0.673	0.066	0.188	0.073
0.656	0.075	0.097	0.172
0.773	0.074	0.066	0.087
0.132	0.520	0.184	0.164
0.060	0.435	0.255	0.251
0.141	0.016	0.831	0.012
0.849	0.048	0.090	0.013
0.876	0.055	0.027	0.042
0.897	0.027	0.020	0.056
0.077	0.619	0.244	0.060
>KAGGTGTBAA	9-KAGGTGTBAA	7.314263	-314.653787	0	T:2166.0(25.09%),B:6008.3(14.80%),P:1e-136	Tpos:291.9,Tstd:214.0,Bpos:252.0,Bstd:154.5,StrandBias:0.0,Multiplicity:1.20
0.212	0.087	0.376	0.324
0.950	0.001	0.001	0.048
0.199	0.152	0.488	0.161
0.001	0.083	0.904	0.012
0.001	0.007	0.001	0.991
0.001	0.001	0.997	0.001
0.202	0.165	0.001	0.632
0.065	0.281	0.401	0.254
0.976	0.001	0.001	0.022
0.405	0.174	0.218	0.203
>TCACCACAGV	10-TCACCACAGV	7.923167	-285.188699	0	T:1628.0(18.86%),B:4185.8(10.31%),P:1e-123	Tpos:289.0,Tstd:220.8,Bpos:247.9,Bstd:156.2,StrandBias:0.1,Multiplicity:1.10
0.001	0.222	0.001	0.776
0.001	0.498	0.221	0.281
0.975	0.001	0.023	0.001
0.001	0.997	0.001	0.001
0.020	0.978	0.001	0.001
0.553	0.001	0.344	0.102
0.001	0.997	0.001	0.001
0.917	0.003	0.016	0.064
0.199	0.161	0.512	0.128
0.344	0.301	0.258	0.097
>TCCGCCCACA	11-TCCGCCCACA	7.355092	-221.375429	0	T:1520.0(17.61%),B:4139.8(10.20%),P:1e-96	Tpos:306.0,Tstd:240.6,Bpos:251.5,Bstd:149.7,StrandBias:-0.1,Multiplicity:1.11
0.115	0.093	0.103	0.689
0.057	0.811	0.057	0.075
0.052	0.877	0.011	0.060
0.112	0.024	0.716	0.148
0.127	0.738	0.088	0.047
0.045	0.875	0.030	0.050
0.045	0.892	0.036	0.027
0.768	0.095	0.068	0.069
0.029	0.893	0.022	0.056
0.746	0.087	0.081	0.086
>NNAGTGGAAA	12-NNAGTGGAAA	7.295417	-192.558097	0	T:927.0(10.74%),B:2195.7(5.41%),P:1e-83	Tpos:308.1,Tstd:237.9,Bpos:245.5,Bstd:150.2,StrandBias:-0.1,Multiplicity:1.07
0.290	0.180	0.268	0.262
0.235	0.187	0.245	0.332
0.556	0.219	0.113	0.112
0.369	0.095	0.523	0.013
0.076	0.316	0.021	0.587
0.001	0.236	0.751	0.012
0.173	0.101	0.652	0.074
0.648	0.111	0.001	0.240
0.995	0.003	0.001	0.001
0.954	0.004	0.019	0.023
>AATTTGCATA	13-AATTTGCATA	8.655446	-162.660135	0	T:381.0(4.41%),B:619.8(1.53%),P:1e-70	Tpos:281.4,Tstd:218.0,Bpos:255.7,Bstd:139.5,StrandBias:-0.1,Multiplicity:1.08
0.447	0.175	0.224	0.154
0.968	0.001	0.001	0.030
0.001	0.001	0.027	0.971
0.001	0.001	0.001	0.997
0.001	0.001	0.001	0.997
0.014	0.001	0.984	0.001
0.001	0.981	0.001	0.017
0.976	0.010	0.001	0.013
0.023	0.001	0.001	0.975
0.919	0.001	0.042	0.038
>TGACCACAGA	14-TGACCACAGA	6.711490	-148.907045	0	T:2910.0(33.71%),B:10336.5(25.47%),P:1e-64	Tpos:305.7,Tstd:240.1,Bpos:252.2,Bstd:149.6,StrandBias:-0.1,Multiplicity:1.19
0.095	0.066	0.087	0.752
0.070	0.068	0.805	0.057
0.754	0.089	0.108	0.049
0.030	0.859	0.053	0.058
0.072	0.758	0.090	0.080
0.819	0.042	0.066	0.073
0.037	0.830	0.076	0.057
0.829	0.044	0.036	0.091
0.076	0.047	0.823	0.054
0.848	0.040	0.062	0.050
>GCCACATCYT	15-GCCACATCYT	9.878759	-116.448355	0	T:254.0(2.94%),B:394.1(0.97%),P:1e-50	Tpos:287.6,Tstd:234.9,Bpos:229.3,Bstd:154.1,StrandBias:0.1,Multiplicity:1.10
0.001	0.062	0.936	0.001
0.001	0.997	0.001	0.001
0.001	0.777	0.001	0.221
0.997	0.001	0.001	0.001
0.001	0.997	0.001	0.001
0.997	0.001	0.001	0.001
0.001	0.001	0.001	0.997
0.001	0.997	0.001	0.001
0.001	0.471	0.094	0.434
0.001	0.001	0.163	0.835
>GGGGTTTCCC	16-GGGGTTTCCC	8.171968	-112.802948	0	T:879.0(10.18%),B:2452.9(6.04%),P:1e-48	Tpos:305.9,Tstd:249.1,Bpos:256.3,Bstd:147.1,StrandBias:-0.1,Multiplicity:1.09
0.001	0.001	0.997	0.001
0.001	0.012	0.986	0.001
0.182	0.007	0.784	0.027
0.152	0.182	0.518	0.148
0.109	0.227	0.098	0.566
0.001	0.001	0.058	0.940
0.001	0.137	0.018	0.844
0.039	0.721	0.001	0.239
0.035	0.930	0.034	0.001
0.157	0.720	0.010	0.113
>AAATGACTGT	17-AAATGACTGT	8.495167	-105.414021	0	T:586.0(6.79%),B:1456.1(3.59%),P:1e-45	Tpos:286.0,Tstd:227.3,Bpos:252.4,Bstd:152.0,StrandBias:0.2,Multiplicity:1.09
0.682	0.001	0.124	0.193
0.638	0.001	0.123	0.238
0.948	0.001	0.050	0.001
0.001	0.008	0.001	0.990
0.001	0.001	0.997	0.001
0.997	0.001	0.001	0.001
0.001	0.901	0.097	0.001
0.028	0.001	0.001	0.970
0.153	0.077	0.690	0.080
0.053	0.001	0.177	0.769
>GGGAGGAGCC	18-GGGAGGAGCC	9.737260	-74.579655	0	T:411.0(4.76%),B:1017.4(2.51%),P:1e-32	Tpos:324.6,Tstd:250.5,Bpos:253.3,Bstd:140.2,StrandBias:0.2,Multiplicity:1.09
0.102	0.001	0.896	0.001
0.001	0.001	0.997	0.001
0.001	0.001	0.997	0.001
0.997	0.001	0.001	0.001
0.001	0.001	0.997	0.001
0.001	0.001	0.997	0.001
0.819	0.001	0.120	0.060
0.001	0.001	0.971	0.027
0.001	0.818	0.001	0.180
0.001	0.806	0.001	0.192
>TGACGTCATC	19-TGACGTCATC	7.929621	-72.218053	0	T:489.0(5.66%),B:1300.2(3.20%),P:1e-31	Tpos:292.0,Tstd:216.7,Bpos:250.2,Bstd:148.8,StrandBias:-0.2,Multiplicity:1.06
0.014	0.001	0.016	0.969
0.004	0.118	0.733	0.145
0.980	0.001	0.014	0.005
0.063	0.760	0.044	0.133
0.066	0.082	0.851	0.001
0.004	0.001	0.001	0.994
0.173	0.623	0.146	0.058
0.945	0.028	0.001	0.026
0.026	0.078	0.199	0.697
0.157	0.487	0.185	0.170
>CTATTTTTAG	20-CTATTTTTAG	7.112987	-53.190930	0	T:781.0(9.05%),B:2546.2(6.27%),P:1e-23	Tpos:311.1,Tstd:243.4,Bpos:252.2,Bstd:144.9,StrandBias:0.0,Multiplicity:1.10
0.056	0.793	0.060	0.091
0.019	0.024	0.046	0.911
0.859	0.041	0.070	0.030
0.079	0.047	0.075	0.799
0.103	0.086	0.066	0.745
0.087	0.065	0.079	0.769
0.117	0.067	0.093	0.723
0.086	0.075	0.057	0.782
0.810	0.027	0.077	0.086
0.059	0.058	0.813	0.070
>ATATACCGCA	21-ATATACCGCA	11.133335	-44.349213	0	T:22.0(0.25%),B:6.7(0.02%),P:1e-19	Tpos:199.2,Tstd:127.8,Bpos:210.3,Bstd:98.9,StrandBias:0.8,Multiplicity:1.00
0.873	0.001	0.063	0.063
0.063	0.001	0.001	0.935
0.571	0.063	0.365	0.001
0.214	0.001	0.292	0.492
0.997	0.001	0.001	0.001
0.001	0.935	0.001	0.063
0.001	0.997	0.001	0.001
0.001	0.001	0.997	0.001
0.001	0.871	0.001	0.127
0.594	0.064	0.191	0.151
>CTTCTTTTTT	22-CTTCTTTTTT	9.304927	-42.689005	0	T:974.0(11.28%),B:3445.2(8.49%),P:1e-18	Tpos:307.4,Tstd:239.5,Bpos:256.4,Bstd:155.5,StrandBias:-0.1,Multiplicity:1.10
0.001	0.644	0.001	0.354
0.106	0.015	0.024	0.855
0.028	0.001	0.038	0.933
0.001	0.694	0.001	0.304
0.038	0.205	0.001	0.756
0.132	0.001	0.030	0.837
0.001	0.001	0.140	0.858
0.011	0.011	0.001	0.977
0.084	0.009	0.001	0.906
0.001	0.100	0.043	0.856
>ATGACACAGC	23-ATGACACAGC	11.021387	-33.602396	0	T:87.0(1.01%),B:154.9(0.38%),P:1e-14	Tpos:309.8,Tstd:231.1,Bpos:232.7,Bstd:142.9,StrandBias:-0.4,Multiplicity:1.00
0.997	0.001	0.001	0.001
0.001	0.001	0.001	0.997
0.001	0.001	0.997	0.001
0.997	0.001	0.001	0.001
0.001	0.997	0.001	0.001
0.823	0.107	0.069	0.001
0.001	0.997	0.001	0.001
0.997	0.001	0.001	0.001
0.001	0.001	0.997	0.001
0.001	0.866	0.001	0.132
>CGTCCTACTT	24-CGTCCTACTT	11.327054	-32.642971	0	T:57.0(0.66%),B:78.2(0.19%),P:1e-14	Tpos:263.1,Tstd:147.1,Bpos:242.1,Bstd:142.3,StrandBias:-0.1,Multiplicity:1.08
0.001	0.629	0.001	0.369
0.001	0.001	0.997	0.001
0.314	0.001	0.001	0.684
0.001	0.997	0.001	0.001
0.001	0.698	0.001	0.300
0.001	0.001	0.001	0.997
0.997	0.001	0.001	0.001
0.001	0.997	0.001	0.001
0.001	0.001	0.001	0.997
0.001	0.001	0.001	0.997
>ACCCGSCATA	25-ACCCGSCATA	7.044640	-17.616898	0	T:195.0(2.26%),B:604.9(1.49%),P:1e-7	Tpos:284.7,Tstd:218.1,Bpos:256.3,Bstd:152.4,StrandBias:0.5,Multiplicity:1.15
0.887	0.001	0.111	0.001
0.223	0.512	0.264	0.001
0.111	0.887	0.001	0.001
0.001	0.997	0.001	0.001
0.001	0.001	0.997	0.001
0.223	0.376	0.289	0.112
0.001	0.997	0.001	0.001
0.665	0.111	0.001	0.223
0.111	0.001	0.001	0.887
0.997	0.001	0.001	0.001
>DATGASTCABHN	1-DATGASTCABHN	7.674194	-1196.394526	0	T:2133.0(24.71%),B:3069.5(7.56%),P:1e-519	Tpos:288.9,Tstd:209.9,Bpos:248.5,Bstd:148.5,StrandBias:0.0,Multiplicity:1.19
0.243	0.133	0.333	0.292
0.419	0.207	0.230	0.144
0.001	0.001	0.001	0.997
0.001	0.001	0.943	0.055
0.996	0.001	0.001	0.002
0.089	0.454	0.438	0.019
0.064	0.001	0.001	0.934
0.169	0.826	0.004	0.001
0.987	0.001	0.001	0.011
0.126	0.280	0.263	0.331
0.316	0.326	0.134	0.223
0.216	0.233	0.277	0.274
>ACAGGAAGTGRN	2-ACAGGAAGTGRN	7.600289	-1026.909101	0	T:3109.0(36.02%),B:6483.5(15.98%),P:1e-445	Tpos:287.9,Tstd:212.7,Bpos:251.1,Bstd:146.1,StrandBias:0.0,Multiplicity:1.28
0.570	0.102	0.218	0.110
0.115	0.568	0.257	0.060
0.853	0.060	0.057	0.030
0.033	0.001	0.948	0.018
0.022	0.024	0.924	0.030
0.959	0.001	0.030	0.010
0.715	0.008	0.025	0.252
0.291	0.033	0.666	0.010
0.076	0.223	0.094	0.607
0.182	0.151	0.531	0.136
0.293	0.158	0.402	0.147
0.189	0.258	0.245	0.308
>WAACCACARRNN	3-WAACCACARRNN	7.603841	-967.040810	0	T:2921.0(33.84%),B:6033.6(14.87%),P:1e-419	Tpos:285.3,Tstd:212.4,Bpos:249.4,Bstd:153.5,StrandBias:-0.0,Multiplicity:1.26
0.442	0.194	0.067	0.297
0.642	0.078	0.176	0.104
0.697	0.143	0.159	0.001
0.004	0.987	0.002	0.007
0.001	0.997	0.001	0.001
0.852	0.069	0.001	0.078
0.060	0.929	0.005	0.006
0.945	0.017	0.001	0.037
0.371	0.195	0.345	0.089
0.387	0.229	0.260	0.125
0.219	0.345	0.232	0.204
0.246	0.306	0.198	0.251
>AGTTTCABTTTC	4-AGTTTCABTTTC	8.881791	-327.855018	0	T:894.0(10.36%),B:1613.4(3.98%),P:1e-142	Tpos:292.4,Tstd:230.5,Bpos:251.8,Bstd:151.0,StrandBias:-0.2,Multiplicity:1.12
0.499	0.036	0.331	0.134
0.026	0.266	0.666	0.042
0.059	0.027	0.020	0.894
0.035	0.051	0.032	0.882
0.035	0.028	0.026	0.911
0.018	0.753	0.013	0.216
0.621	0.014	0.247	0.118
0.023	0.392	0.342	0.243
0.012	0.038	0.021	0.929
0.011	0.024	0.016	0.949
0.019	0.046	0.025	0.910
0.038	0.741	0.116	0.105
>NRGCCCCRCCCA	5-NRGCCCCRCCCA	8.557965	-322.874971	0	T:1719.0(19.91%),B:4323.4(10.65%),P:1e-140	Tpos:297.7,Tstd:224.0,Bpos:249.7,Bstd:148.1,StrandBias:-0.1,Multiplicity:1.33
0.233	0.294	0.169	0.305
0.455	0.054	0.330	0.162
0.184	0.050	0.690	0.076
0.001	0.833	0.016	0.150
0.023	0.750	0.001	0.226
0.249	0.749	0.001	0.001
0.009	0.872	0.001	0.118
0.385	0.001	0.458	0.155
0.001	0.997	0.001	0.001
0.001	0.997	0.001	0.001
0.001	0.954	0.001	0.044
0.448	0.298	0.036	0.218
>NDAGGTGTGAAA	6-NDAGGTGTGAAA	8.484122	-282.905916	0	T:1428.0(16.54%),B:3491.2(8.60%),P:1e-122	Tpos:282.4,Tstd:210.1,Bpos:249.2,Bstd:155.2,StrandBias:-0.1,Multiplicity:1.11
0.306	0.187	0.326	0.180
0.343	0.130	0.275	0.252
0.729	0.001	0.269	0.001
0.253	0.001	0.587	0.159
0.001	0.041	0.957	0.001
0.001	0.001	0.001	0.997
0.001	0.001	0.997	0.001
0.332	0.001	0.001	0.666
0.001	0.196	0.611	0.192
0.997	0.001	0.001	0.001
0.687	0.014	0.298	0.001
0.402	0.192	0.212	0.195
>NABTTTCCATTN	7-NABTTTCCATTN	8.320375	-221.713633	0	T:739.0(8.56%),B:1478.8(3.64%),P:1e-96	Tpos:299.2,Tstd:234.2,Bpos:246.3,Bstd:147.4,StrandBias:0.1,Multiplicity:1.08
0.298	0.214	0.217	0.271
0.550	0.035	0.019	0.396
0.103	0.257	0.326	0.315
0.048	0.036	0.034	0.882
0.029	0.036	0.032	0.903
0.054	0.032	0.033	0.881
0.056	0.858	0.046	0.040
0.049	0.891	0.015	0.045
0.891	0.044	0.048	0.017
0.052	0.361	0.062	0.525
0.076	0.125	0.081	0.718
0.258	0.275	0.192	0.275
>TCATATTGAAAC	8-TCATATTGAAAC	9.974706	-197.599271	0	T:233.0(2.70%),B:215.9(0.53%),P:1e-85	Tpos:268.3,Tstd:180.2,Bpos:238.8,Bstd:149.9,StrandBias:0.0,Multiplicity:1.03
0.053	0.046	0.046	0.855
0.061	0.807	0.109	0.023
0.919	0.015	0.030	0.036
0.147	0.015	0.208	0.630
0.760	0.107	0.030	0.103
0.238	0.077	0.145	0.540
0.087	0.061	0.001	0.851
0.076	0.015	0.908	0.001
0.954	0.015	0.001	0.030
0.858	0.065	0.061	0.016
0.885	0.001	0.099	0.015
0.001	0.834	0.164	0.001
>BACCACAYCCTN	9-BACCACAYCCTN	9.139731	-194.722404	0	T:285.0(3.30%),B:325.0(0.80%),P:1e-84	Tpos:284.2,Tstd:191.3,Bpos:267.3,Bstd:141.3,StrandBias:-0.8,Multiplicity:1.08
0.111	0.291	0.260	0.339
0.403	0.163	0.225	0.209
0.093	0.873	0.019	0.015
0.023	0.948	0.004	0.025
0.533	0.208	0.081	0.178
0.021	0.945	0.019	0.015
0.772	0.032	0.184	0.012
0.107	0.372	0.020	0.501
0.145	0.711	0.030	0.114
0.156	0.569	0.077	0.198
0.026	0.011	0.321	0.642
0.181	0.324	0.279	0.216
>TATGCAAATWWN	10-TATGCAAATWWN	9.601281	-177.565592	0	T:353.0(4.09%),B:513.2(1.26%),P:1e-77	Tpos:283.0,Tstd:203.7,Bpos:252.1,Bstd:136.8,StrandBias:-0.0,Multiplicity:1.08
0.052	0.249	0.056	0.643
0.991	0.001	0.001	0.007
0.037	0.001	0.042	0.920
0.050	0.001	0.941	0.008
0.001	0.723	0.052	0.224
0.885	0.001	0.001	0.113
0.991	0.001	0.007	0.001
0.997	0.001	0.001	0.001
0.123	0.028	0.029	0.820
0.343	0.072	0.191	0.394
0.428	0.185	0.080	0.307
0.181	0.180	0.315	0.324
>RACAGGAAACCA	11-RACAGGAAACCA	10.256516	-169.435669	0	T:532.0(6.16%),B:1027.3(2.53%),P:1e-73	Tpos:281.0,Tstd:225.1,Bpos:254.5,Bstd:146.4,StrandBias:0.1,Multiplicity:1.02
0.395	0.193	0.411	0.001
0.658	0.001	0.254	0.087
0.150	0.638	0.211	0.001
0.997	0.001	0.001	0.001
0.001	0.001	0.997	0.001
0.001	0.001	0.997	0.001
0.997	0.001	0.001	0.001
0.997	0.001	0.001	0.001
0.864	0.001	0.134	0.001
0.001	0.997	0.001	0.001
0.352	0.646	0.001	0.001
0.504	0.172	0.212	0.112
>GGGGTTTCCCCT	12-GGGGTTTCCCCT	8.299138	-156.771417	0	T:616.0(7.14%),B:1329.0(3.27%),P:1e-68	Tpos:296.1,Tstd:227.9,Bpos:253.9,Bstd:144.7,StrandBias:-0.2,Multiplicity:1.06
0.118	0.020	0.690	0.172
0.139	0.011	0.823	0.027
0.218	0.016	0.530	0.236
0.221	0.183	0.405	0.192
0.142	0.190	0.148	0.520
0.001	0.034	0.093	0.872
0.001	0.227	0.051	0.721
0.017	0.649	0.029	0.305
0.076	0.922	0.001	0.001
0.184	0.654	0.001	0.161
0.148	0.610	0.009	0.233
0.276	0.218	0.060	0.445
>TGTGGGCGGAAG	13-TGTGGGCGGAAG	7.960407	-98.812885	0	T:741.0(8.58%),B:2039.5(5.03%),P:1e-42	Tpos:302.2,Tstd:237.4,Bpos:252.5,Bstd:147.9,StrandBias:0.3,Multiplicity:1.05
0.064	0.027	0.052	0.857
0.008	0.082	0.879	0.031
0.077	0.023	0.041	0.859
0.020	0.031	0.900	0.049
0.065	0.062	0.829	0.044
0.035	0.079	0.845	0.041
0.089	0.740	0.049	0.122
0.099	0.008	0.822	0.071
0.045	0.013	0.906	0.036
0.823	0.063	0.073	0.041
0.755	0.057	0.104	0.084
0.103	0.046	0.791	0.060
>GAAATAGACCGC	14-GAAATAGACCGC	11.582444	-47.070443	0	T:14.0(0.16%),B:1.1(0.00%),P:1e-20	Tpos:194.5,Tstd:104.6,Bpos:361.0,Bstd:0.0,StrandBias:10.0,Multiplicity:1.00
0.333	0.065	0.558	0.044
0.598	0.066	0.022	0.314
0.661	0.044	0.272	0.023
0.802	0.044	0.131	0.023
0.175	0.044	0.066	0.715
0.824	0.044	0.088	0.044
0.044	0.066	0.868	0.022
0.804	0.065	0.087	0.044
0.317	0.596	0.022	0.065
0.078	0.702	0.087	0.133
0.118	0.045	0.793	0.044
0.001	0.845	0.023	0.131
>TGTGGCTTGCAC	15-TGTGGCTTGCAC	13.485062	-41.207434	0	T:25.0(0.29%),B:10.8(0.03%),P:1e-17	Tpos:243.0,Tstd:199.1,Bpos:260.5,Bstd:85.1,StrandBias:2.4,Multiplicity:1.00
0.001	0.001	0.323	0.675
0.323	0.001	0.675	0.001
0.136	0.001	0.001	0.862
0.001	0.001	0.997	0.001
0.136	0.001	0.698	0.165
0.001	0.997	0.001	0.001
0.001	0.001	0.001	0.997
0.001	0.001	0.001	0.997
0.001	0.323	0.675	0.001
0.001	0.997	0.001	0.001
0.997	0.001	0.001	0.001
0.001	0.997	0.001	0.001
>TGTAGGCTGTGC	16-TGTAGGCTGTGC	13.626552	-35.247194	0	T:15.0(0.17%),B:3.8(0.01%),P:1e-15	Tpos:262.1,Tstd:114.1,Bpos:164.3,Bstd:111.5,StrandBias:2.7,Multiplicity:1.00
0.001	0.001	0.001	0.997
0.001	0.001	0.997	0.001
0.001	0.001	0.001	0.997
0.997	0.001	0.001	0.001
0.001	0.001	0.997	0.001
0.001	0.001	0.997	0.001
0.001	0.997	0.001	0.001
0.001	0.001	0.001	0.997
0.001	0.001	0.997	0.001
0.001	0.001	0.001	0.997
0.051	0.001	0.947	0.001
0.001	0.997	0.001	0.001
>TGTGATGCTGTA	17-TGTGATGCTGTA	12.783543	-27.575061	0	T:20.0(0.23%),B:11.8(0.03%),P:1e-11	Tpos:362.5,Tstd:289.1,Bpos:299.1,Bstd:148.1,StrandBias:1.5,Multiplicity:1.70
0.072	0.001	0.001	0.926
0.001	0.001	0.997	0.001
0.072	0.001	0.001	0.926
0.001	0.001	0.997	0.001
0.997	0.001	0.001	0.001
0.001	0.001	0.001	0.997
0.030	0.001	0.968	0.001
0.001	0.997	0.001	0.001
0.001	0.001	0.001	0.997
0.030	0.102	0.867	0.001
0.001	0.001	0.001	0.997
0.871	0.127	0.001	0.001
>ATTTGTTAGAGG	18-ATTTGTTAGAGG	13.857222	-24.042778	0	T:10.0(0.12%),B:2.7(0.01%),P:1e-10	Tpos:339.9,Tstd:151.8,Bpos:182.5,Bstd:25.1,StrandBias:5.0,Multiplicity:3.56
0.911	0.001	0.087	0.001
0.001	0.001	0.001	0.997
0.001	0.001	0.226	0.772
0.001	0.001	0.001	0.997
0.001	0.001	0.997	0.001
0.001	0.175	0.001	0.823
0.001	0.001	0.386	0.612
0.997	0.001	0.001	0.001
0.001	0.001	0.997	0.001
0.997	0.001	0.001	0.001
0.001	0.001	0.612	0.386
0.001	0.001	0.997	0.001
>ACATCTCCGCCC	19-ACATCTCCGCCC	10.176172	-24.042778	0	T:10.0(0.12%),B:2.9(0.01%),P:1e-10	Tpos:342.0,Tstd:124.4,Bpos:247.1,Bstd:93.9,StrandBias:2.6,Multiplicity:2.10
0.997	0.001	0.001	0.001
0.001	0.997	0.001	0.001
0.957	0.001	0.001	0.041
0.001	0.041	0.001	0.957
0.041	0.957	0.001	0.001
0.001	0.001	0.001	0.997
0.001	0.997	0.001	0.001
0.001	0.997	0.001	0.001
0.001	0.001	0.997	0.001
0.001	0.997	0.001	0.001
0.001	0.997	0.001	0.001
0.001	0.997	0.001	0.001
>AGACCCGGCATA	20-AGACCCGGCATA	9.482151	-17.822723	0	T:8.0(0.09%),B:2.5(0.01%),P:1e-7	Tpos:310.1,Tstd:201.8,Bpos:217.3,Bstd:100.6,StrandBias:2.1,Multiplicity:4.00
0.966	0.001	0.032	0.001
0.001	0.001	0.997	0.001
0.836	0.001	0.001	0.162
0.001	0.997	0.001	0.001
0.001	0.997	0.001	0.001
0.001	0.966	0.032	0.001
0.001	0.001	0.997	0.001
0.001	0.001	0.997	0.001
0.032	0.966	0.001	0.001
0.997	0.001	0.001	0.001
0.001	0.001	0.001	0.997
0.966	0.001	0.032	0.001
>GTGATGAGCTGT	21-GTGATGAGCTGT	12.332034	-14.575324	0	T:20.0(0.23%),B:24.8(0.06%),P:1e-6	Tpos:268.8,Tstd:218.6,Bpos:224.1,Bstd:173.5,StrandBias:-1.5,Multiplicity:1.58
0.001	0.090	0.908	0.001
0.001	0.001	0.001	0.997
0.182	0.091	0.726	0.001
0.908	0.001	0.001	0.090
0.250	0.106	0.001	0.643
0.413	0.001	0.585	0.001
0.997	0.001	0.001	0.001
0.286	0.001	0.497	0.216
0.001	0.817	0.091	0.091
0.001	0.001	0.001	0.997
0.001	0.001	0.908	0.090
0.001	0.001	0.001	0.997
>TGTGGATGACCT	22-TGTGGATGACCT	14.502378	-12.227930	0	T:7.0(0.08%),B:3.5(0.01%),P:1e-5	Tpos:255.3,Tstd:137.0,Bpos:231.1,Bstd:157.8,StrandBias:-0.4,Multiplicity:1.00
0.001	0.001	0.001	0.997
0.001	0.001	0.997	0.001
0.001	0.001	0.001	0.997
0.001	0.001	0.997	0.001
0.278	0.001	0.720	0.001
0.997	0.001	0.001	0.001
0.001	0.001	0.156	0.842
0.001	0.278	0.720	0.001
0.997	0.001	0.001	0.001
0.001	0.720	0.278	0.001
0.001	0.997	0.001	0.001
0.001	0.001	0.001	0.997
>AGTGGTAAGTCT	23-AGTGGTAAGTCT	12.284499	-10.398093	0	T:7.0(0.08%),B:5.0(0.01%),P:1e-4	Tpos:217.9,Tstd:131.1,Bpos:346.2,Bstd:137.9,StrandBias:-1.7,Multiplicity:2.43
0.752	0.155	0.001	0.092
0.078	0.040	0.766	0.116
0.001	0.001	0.001	0.997
0.389	0.001	0.609	0.001
0.154	0.039	0.768	0.039
0.077	0.118	0.039	0.766
0.592	0.003	0.403	0.002
0.921	0.001	0.039	0.039
0.001	0.154	0.675	0.170
0.049	0.116	0.001	0.834
0.041	0.880	0.077	0.002
0.047	0.232	0.078	0.643
>ATGAGTATACAG	24-ATGAGTATACAG	6.517702	-8.658244	0	T:2562.0(29.68%),B:11338.6(27.94%),P:1e-3	Tpos:302.4,Tstd:245.2,Bpos:248.0,Bstd:146.4,StrandBias:-0.0,Multiplicity:1.25
0.700	0.100	0.100	0.100
0.100	0.100	0.100	0.700
0.100	0.100	0.700	0.100
0.700	0.100	0.100	0.100
0.100	0.100	0.700	0.100
0.100	0.100	0.100	0.700
0.700	0.100	0.100	0.100
0.100	0.100	0.100	0.700
0.700	0.100	0.100	0.100
0.100	0.700	0.100	0.100
0.700	0.100	0.100	0.100
0.100	0.100	0.700	0.100
>GTGGAGGACCTG	25-GTGGAGGACCTG	10.409522	-6.482666	0	T:46.0(0.53%),B:134.1(0.33%),P:1e-2	Tpos:335.3,Tstd:283.8,Bpos:252.7,Bstd:143.6,StrandBias:-0.9,Multiplicity:1.39
0.100	0.100	0.700	0.100
0.100	0.100	0.100	0.700
0.100	0.100	0.700	0.100
0.100	0.100	0.700	0.100
0.700	0.100	0.100	0.100
0.100	0.100	0.700	0.100
0.100	0.100	0.700	0.100
0.700	0.100	0.100	0.100
0.100	0.700	0.100	0.100
0.100	0.700	0.100	0.100
0.100	0.100	0.100	0.700
0.100	0.100	0.700	0.100
>TGAGTCAT	1-TGAGTCAT	6.984572	-1123.464169	0	T:2191.0(25.38%),B:3373.2(8.31%),P:1e-487	Tpos:290.0,Tstd:210.7,Bpos:249.7,Bstd:150.4,StrandBias:-0.0,Multiplicity:1.21
0.001	0.003	0.001	0.995
0.001	0.001	0.958	0.040
0.984	0.001	0.001	0.014
0.017	0.287	0.682	0.014
0.001	0.001	0.001	0.997
0.016	0.982	0.001	0.001
0.997	0.001	0.001	0.001
0.019	0.203	0.146	0.632
>WAACCACA	2-WAACCACA	7.447420	-969.026053	0	T:2606.0(30.19%),B:4993.7(12.30%),P:1e-420	Tpos:286.0,Tstd:215.5,Bpos:248.7,Bstd:155.6,StrandBias:-0.0,Multiplicity:1.24
0.362	0.120	0.033	0.485
0.802	0.044	0.093	0.061
0.974	0.001	0.024	0.001
0.001	0.997	0.001	0.001
0.001	0.997	0.001	0.001
0.972	0.001	0.017	0.010
0.001	0.997	0.001	0.001
0.943	0.007	0.011	0.039
>TGAGTCAY	3-TGAGTCAY	5.998740	-738.490172	0	T:3612.0(41.84%),B:9416.5(23.20%),P:1e-320	Tpos:301.3,Tstd:233.9,Bpos:245.0,Bstd:149.9,StrandBias:-0.0,Multiplicity:1.19
0.001	0.001	0.001	0.997
0.001	0.001	0.769	0.229
0.817	0.181	0.001	0.001
0.152	0.051	0.714	0.083
0.001	0.001	0.001	0.997
0.420	0.578	0.001	0.001
0.997	0.001	0.001	0.001
0.108	0.386	0.099	0.406
>TAACCACA	4-TAACCACA	6.374789	-704.684383	0	T:3782.0(43.81%),B:10244.9(25.24%),P:1e-306	Tpos:287.7,Tstd:219.2,Bpos:250.2,Bstd:154.6,StrandBias:-0.0,Multiplicity:1.22
0.059	0.220	0.001	0.720
0.603	0.340	0.003	0.054
0.773	0.001	0.225	0.001
0.002	0.914	0.032	0.052
0.001	0.947	0.051	0.001
0.675	0.001	0.207	0.117
0.046	0.952	0.001	0.001
0.711	0.083	0.157	0.049
>YGYGGTTT	5-YGYGGTTT	3.496079	-676.015483	0	T:3384.0(39.20%),B:8815.7(21.72%),P:1e-293	Tpos:296.4,Tstd:220.9,Bpos:250.4,Bstd:154.5,StrandBias:-0.0,Multiplicity:1.24
0.004	0.488	0.002	0.506
0.001	0.001	0.997	0.001
0.003	0.485	0.002	0.510
0.001	0.001	0.997	0.001
0.001	0.001	0.997	0.001
0.001	0.009	0.003	0.987
0.001	0.001	0.001	0.997
0.001	0.002	0.001	0.996
>CACTTCCT	6-CACTTCCT	7.311211	-628.384555	0	T:2198.0(25.46%),B:4730.5(11.66%),P:1e-272	Tpos:287.9,Tstd:222.9,Bpos:248.9,Bstd:148.7,StrandBias:-0.1,Multiplicity:1.15
0.001	0.997	0.001	0.001
0.958	0.001	0.040	0.001
0.001	0.775	0.001	0.223
0.250	0.001	0.001	0.748
0.001	0.001	0.001	0.997
0.001	0.997	0.001	0.001
0.001	0.997	0.001	0.001
0.001	0.001	0.001	0.997
>CTTCCGGT	7-CTTCCGGT	3.923936	-624.997601	0	T:2989.0(34.63%),B:7546.2(18.59%),P:1e-271	Tpos:289.5,Tstd:216.3,Bpos:252.0,Bstd:150.7,StrandBias:-0.0,Multiplicity:1.26
0.001	0.656	0.001	0.342
0.213	0.001	0.001	0.785
0.001	0.001	0.001	0.997
0.001	0.919	0.001	0.079
0.001	0.997	0.001	0.001
0.001	0.001	0.989	0.009
0.001	0.001	0.787	0.211
0.144	0.001	0.001	0.854
>CTTCCTGY	8-CTTCCTGY	8.169966	-392.701146	0	T:2241.0(25.96%),B:5868.4(14.46%),P:1e-170	Tpos:298.3,Tstd:242.8,Bpos:252.2,Bstd:144.4,StrandBias:0.0,Multiplicity:1.08
0.001	0.855	0.001	0.143
0.114	0.001	0.142	0.743
0.001	0.067	0.001	0.931
0.185	0.813	0.001	0.001
0.001	0.997	0.001	0.001
0.081	0.001	0.188	0.730
0.001	0.392	0.606	0.001
0.242	0.364	0.001	0.393
>TVACACCT	9-TVACACCT	3.616803	-308.205419	0	T:2163.0(25.06%),B:6034.8(14.87%),P:1e-133	Tpos:287.7,Tstd:223.2,Bpos:248.1,Bstd:156.3,StrandBias:-0.1,Multiplicity:1.20
0.001	0.001	0.001	0.997
0.306	0.381	0.312	0.001
0.997	0.001	0.001	0.001
0.001	0.997	0.001	0.001
0.997	0.001	0.001	0.001
0.001	0.997	0.001	0.001
0.001	0.628	0.001	0.370
0.001	0.003	0.001	0.995
>CCCCGCCC	10-CCCCGCCC	7.259010	-278.530686	0	T:2831.0(32.80%),B:8865.1(21.84%),P:1e-120	Tpos:315.7,Tstd:245.5,Bpos:251.6,Bstd:152.4,StrandBias:-0.1,Multiplicity:1.63
0.030	0.935	0.001	0.034
0.049	0.785	0.001	0.165
0.192	0.806	0.001	0.001
0.001	0.997	0.001	0.001
0.185	0.001	0.813	0.001
0.001	0.997	0.001	0.001
0.001	0.997	0.001	0.001
0.001	0.951	0.001	0.047
>TTTCCGCB	11-TTTCCGCB	5.953561	-262.005473	0	T:2515.0(29.14%),B:7706.5(18.99%),P:1e-113	Tpos:306.6,Tstd:230.0,Bpos:251.3,Bstd:154.2,StrandBias:-0.1,Multiplicity:1.24
0.001	0.332	0.001	0.666
0.037	0.001	0.035	0.927
0.258	0.001	0.001	0.740
0.076	0.820	0.103	0.001
0.001	0.985	0.013	0.001
0.160	0.001	0.838	0.001
0.152	0.436	0.163	0.249
0.137	0.347	0.250	0.265
>AACYGAAA	12-AACYGAAA	6.858015	-189.753763	0	T:2155.0(24.97%),B:6806.5(16.77%),P:1e-82	Tpos:297.3,Tstd:236.3,Bpos:246.4,Bstd:153.0,StrandBias:0.1,Multiplicity:1.23
0.986	0.012	0.001	0.001
0.975	0.023	0.001	0.001
0.053	0.806	0.098	0.043
0.176	0.475	0.001	0.348
0.095	0.001	0.903	0.001
0.949	0.017	0.011	0.023
0.974	0.001	0.024	0.001
0.981	0.017	0.001	0.001
>ATGGAAAH	13-ATGGAAAH	7.929889	-176.145911	0	T:1493.0(17.30%),B:4320.5(10.65%),P:1e-76	Tpos:305.5,Tstd:235.7,Bpos:249.1,Bstd:147.0,StrandBias:-0.1,Multiplicity:1.17
0.818	0.001	0.001	0.180
0.001	0.084	0.001	0.914
0.001	0.001	0.997	0.001
0.001	0.276	0.722	0.001
0.956	0.001	0.042	0.001
0.818	0.001	0.001	0.180
0.955	0.043	0.001	0.001
0.300	0.382	0.043	0.276
>AAATGACT	14-AAATGACT	9.658735	-147.389473	0	T:676.0(7.83%),B:1561.1(3.85%),P:1e-64	Tpos:278.6,Tstd:215.6,Bpos:248.5,Bstd:149.4,StrandBias:0.1,Multiplicity:1.05
0.997	0.001	0.001	0.001
0.754	0.001	0.244	0.001
0.997	0.001	0.001	0.001
0.001	0.001	0.001	0.997
0.001	0.001	0.997	0.001
0.997	0.001	0.001	0.001
0.001	0.997	0.001	0.001
0.001	0.001	0.001	0.997
>TCACGCCC	15-TCACGCCC	4.815681	-144.420432	0	T:1264.0(14.64%),B:3671.3(9.05%),P:1e-62	Tpos:317.1,Tstd:258.4,Bpos:253.5,Bstd:160.2,StrandBias:-0.0,Multiplicity:1.13
0.078	0.001	0.001	0.920
0.026	0.972	0.001	0.001
0.970	0.028	0.001	0.001
0.001	0.997	0.001	0.001
0.029	0.001	0.969	0.001
0.001	0.997	0.001	0.001
0.001	0.997	0.001	0.001
0.001	0.997	0.001	0.001
>TAGTTTCG	16-TAGTTTCG	6.800211	-130.609126	0	T:871.0(10.09%),B:2315.4(5.71%),P:1e-56	Tpos:298.4,Tstd:229.9,Bpos:254.6,Bstd:148.1,StrandBias:0.1,Multiplicity:1.06
0.001	0.048	0.062	0.889
0.881	0.001	0.041	0.077
0.069	0.040	0.890	0.001
0.040	0.001	0.047	0.912
0.001	0.001	0.031	0.967
0.024	0.028	0.001	0.947
0.024	0.974	0.001	0.001
0.106	0.130	0.551	0.213
>TTTCTCAC	17-TTTCTCAC	7.772485	-115.650788	0	T:725.0(8.40%),B:1883.5(4.64%),P:1e-50	Tpos:285.1,Tstd:227.9,Bpos:251.3,Bstd:160.7,StrandBias:0.1,Multiplicity:1.04
0.001	0.001	0.001	0.997
0.001	0.001	0.001	0.997
0.001	0.001	0.001	0.997
0.001	0.997	0.001	0.001
0.169	0.001	0.037	0.793
0.001	0.997	0.001	0.001
0.997	0.001	0.001	0.001
0.001	0.997	0.001	0.001
>CACCTCCC	18-CACCTCCC	7.765792	-82.886671	0	T:2429.0(28.14%),B:9061.7(22.33%),P:1e-35	Tpos:303.5,Tstd:235.5,Bpos:250.3,Bstd:146.5,StrandBias:-0.0,Multiplicity:1.31
0.001	0.840	0.158	0.001
0.588	0.163	0.071	0.178
0.001	0.997	0.001	0.001
0.001	0.639	0.001	0.359
0.001	0.001	0.171	0.827
0.001	0.997	0.001	0.001
0.001	0.804	0.001	0.194
0.001	0.715	0.001	0.283
>NTTTCCAN	19-NTTTCCAN	5.159987	-80.975160	0	T:853.0(9.88%),B:2581.6(6.36%),P:1e-35	Tpos:302.4,Tstd:235.1,Bpos:249.0,Bstd:143.5,StrandBias:-0.0,Multiplicity:1.05
0.183	0.288	0.302	0.227
0.106	0.119	0.139	0.636
0.169	0.085	0.099	0.647
0.254	0.102	0.134	0.510
0.111	0.505	0.175	0.209
0.130	0.545	0.212	0.113
0.552	0.161	0.222	0.065
0.276	0.232	0.172	0.319
>ACCGCAGA	20-ACCGCAGA	8.584568	-63.085962	0	T:254.0(2.94%),B:554.6(1.37%),P:1e-27	Tpos:276.7,Tstd:236.7,Bpos:256.8,Bstd:156.4,StrandBias:0.0,Multiplicity:1.02
0.997	0.001	0.001	0.001
0.001	0.997	0.001	0.001
0.001	0.997	0.001	0.001
0.001	0.001	0.997	0.001
0.001	0.894	0.001	0.104
0.997	0.001	0.001	0.001
0.001	0.001	0.997	0.001
0.799	0.001	0.199	0.001
>GACGTCAT	21-GACGTCAT	7.502932	-52.195534	0	T:611.0(7.08%),B:1893.7(4.67%),P:1e-22	Tpos:285.9,Tstd:221.5,Bpos:247.0,Bstd:146.1,StrandBias:0.0,Multiplicity:1.07
0.063	0.109	0.816	0.012
0.984	0.001	0.001	0.014
0.001	0.905	0.035	0.059
0.098	0.100	0.801	0.001
0.001	0.001	0.001	0.997
0.096	0.824	0.019	0.061
0.997	0.001	0.001	0.001
0.067	0.058	0.091	0.784
>CAGTCATA	22-CAGTCATA	8.814954	-51.970829	0	T:289.0(3.35%),B:719.6(1.77%),P:1e-22	Tpos:278.6,Tstd:202.3,Bpos:248.5,Bstd:146.8,StrandBias:0.1,Multiplicity:1.05
0.001	0.873	0.001	0.125
0.837	0.161	0.001	0.001
0.001	0.001	0.997	0.001
0.001	0.001	0.001	0.997
0.001	0.997	0.001	0.001
0.997	0.001	0.001	0.001
0.001	0.001	0.001	0.997
0.997	0.001	0.001	0.001
>ATGACACA	23-ATGACACA	8.819370	-48.171060	0	T:447.0(5.18%),B:1306.6(3.22%),P:1e-20	Tpos:286.1,Tstd:219.3,Bpos:244.4,Bstd:147.9,StrandBias:-0.1,Multiplicity:1.04
0.997	0.001	0.001	0.001
0.001	0.001	0.001	0.997
0.001	0.001	0.997	0.001
0.997	0.001	0.001	0.001
0.001	0.997	0.001	0.001
0.997	0.001	0.001	0.001
0.001	0.821	0.001	0.177
0.870	0.001	0.128	0.001
>GCGGATGT	24-GCGGATGT	8.994803	-40.022354	0	T:174.0(2.02%),B:395.6(0.97%),P:1e-17	Tpos:289.0,Tstd:190.5,Bpos:243.6,Bstd:148.4,StrandBias:0.1,Multiplicity:1.01
0.001	0.155	0.843	0.001
0.001	0.997	0.001	0.001
0.001	0.001	0.997	0.001
0.001	0.001	0.997	0.001
0.997	0.001	0.001	0.001
0.001	0.001	0.001	0.997
0.001	0.190	0.808	0.001
0.001	0.001	0.001	0.997
>AAAAAAAA	25-AAAAAAAA	8.678613	-20.391181	0	T:1241.0(14.38%),B:4962.7(12.23%),P:1e-8	Tpos:311.0,Tstd:241.2,Bpos:253.0,Bstd:156.3,StrandBias:-0.0,Multiplicity:1.13
0.997	0.001	0.001	0.001
0.997	0.001	0.001	0.001
0.997	0.001	0.001	0.001
0.997	0.001	0.001	0.001
0.997	0.001	0.001	0.001
0.997	0.001	0.001	0.001
0.895	0.001	0.103	0.001
0.896	0.102	0.001	0.001
