>DATGASTCABHN	1-DATGASTCABHN	7.674194	-1196.394526	0	T:2133.0(24.71%),B:3069.5(7.56%),P:1e-519	Tpos:288.9,Tstd:209.9,Bpos:248.5,Bstd:148.5,StrandBias:0.0,Multiplicity:1.19
0.243	0.133	0.333	0.292
0.419	0.207	0.230	0.144
0.001	0.001	0.001	0.997
0.001	0.001	0.943	0.055
0.996	0.001	0.001	0.002
0.089	0.454	0.438	0.019
0.064	0.001	0.001	0.934
0.169	0.826	0.004	0.001
0.987	0.001	0.001	0.011
0.126	0.280	0.263	0.331
0.316	0.326	0.134	0.223
0.216	0.233	0.277	0.274
>ACAGGAAGTGRN	2-ACAGGAAGTGRN	7.600289	-1026.909101	0	T:3109.0(36.02%),B:6483.5(15.98%),P:1e-445	Tpos:287.9,Tstd:212.7,Bpos:251.1,Bstd:146.1,StrandBias:0.0,Multiplicity:1.28
0.570	0.102	0.218	0.110
0.115	0.568	0.257	0.060
0.853	0.060	0.057	0.030
0.033	0.001	0.948	0.018
0.022	0.024	0.924	0.030
0.959	0.001	0.030	0.010
0.715	0.008	0.025	0.252
0.291	0.033	0.666	0.010
0.076	0.223	0.094	0.607
0.182	0.151	0.531	0.136
0.293	0.158	0.402	0.147
0.189	0.258	0.245	0.308
>WAACCACARRNN	3-WAACCACARRNN	7.603841	-967.040810	0	T:2921.0(33.84%),B:6033.6(14.87%),P:1e-419	Tpos:285.3,Tstd:212.4,Bpos:249.4,Bstd:153.5,StrandBias:-0.0,Multiplicity:1.26
0.442	0.194	0.067	0.297
0.642	0.078	0.176	0.104
0.697	0.143	0.159	0.001
0.004	0.987	0.002	0.007
0.001	0.997	0.001	0.001
0.852	0.069	0.001	0.078
0.060	0.929	0.005	0.006
0.945	0.017	0.001	0.037
0.371	0.195	0.345	0.089
0.387	0.229	0.260	0.125
0.219	0.345	0.232	0.204
0.246	0.306	0.198	0.251
>AGTTTCABTTTC	4-AGTTTCABTTTC	8.881791	-327.855018	0	T:894.0(10.36%),B:1613.4(3.98%),P:1e-142	Tpos:292.4,Tstd:230.5,Bpos:251.8,Bstd:151.0,StrandBias:-0.2,Multiplicity:1.12
0.499	0.036	0.331	0.134
0.026	0.266	0.666	0.042
0.059	0.027	0.020	0.894
0.035	0.051	0.032	0.882
0.035	0.028	0.026	0.911
0.018	0.753	0.013	0.216
0.621	0.014	0.247	0.118
0.023	0.392	0.342	0.243
0.012	0.038	0.021	0.929
0.011	0.024	0.016	0.949
0.019	0.046	0.025	0.910
0.038	0.741	0.116	0.105
>NRGCCCCRCCCA	5-NRGCCCCRCCCA	8.557965	-322.874971	0	T:1719.0(19.91%),B:4323.4(10.65%),P:1e-140	Tpos:297.7,Tstd:224.0,Bpos:249.7,Bstd:148.1,StrandBias:-0.1,Multiplicity:1.33
0.233	0.294	0.169	0.305
0.455	0.054	0.330	0.162
0.184	0.050	0.690	0.076
0.001	0.833	0.016	0.150
0.023	0.750	0.001	0.226
0.249	0.749	0.001	0.001
0.009	0.872	0.001	0.118
0.385	0.001	0.458	0.155
0.001	0.997	0.001	0.001
0.001	0.997	0.001	0.001
0.001	0.954	0.001	0.044
0.448	0.298	0.036	0.218
>NDAGGTGTGAAA	6-NDAGGTGTGAAA	8.484122	-282.905916	0	T:1428.0(16.54%),B:3491.2(8.60%),P:1e-122	Tpos:282.4,Tstd:210.1,Bpos:249.2,Bstd:155.2,StrandBias:-0.1,Multiplicity:1.11
0.306	0.187	0.326	0.180
0.343	0.130	0.275	0.252
0.729	0.001	0.269	0.001
0.253	0.001	0.587	0.159
0.001	0.041	0.957	0.001
0.001	0.001	0.001	0.997
0.001	0.001	0.997	0.001
0.332	0.001	0.001	0.666
0.001	0.196	0.611	0.192
0.997	0.001	0.001	0.001
0.687	0.014	0.298	0.001
0.402	0.192	0.212	0.195
>NABTTTCCATTN	7-NABTTTCCATTN	8.320375	-221.713633	0	T:739.0(8.56%),B:1478.8(3.64%),P:1e-96	Tpos:299.2,Tstd:234.2,Bpos:246.3,Bstd:147.4,StrandBias:0.1,Multiplicity:1.08
0.298	0.214	0.217	0.271
0.550	0.035	0.019	0.396
0.103	0.257	0.326	0.315
0.048	0.036	0.034	0.882
0.029	0.036	0.032	0.903
0.054	0.032	0.033	0.881
0.056	0.858	0.046	0.040
0.049	0.891	0.015	0.045
0.891	0.044	0.048	0.017
0.052	0.361	0.062	0.525
0.076	0.125	0.081	0.718
0.258	0.275	0.192	0.275
>TCATATTGAAAC	8-TCATATTGAAAC	9.974706	-197.599271	0	T:233.0(2.70%),B:215.9(0.53%),P:1e-85	Tpos:268.3,Tstd:180.2,Bpos:238.8,Bstd:149.9,StrandBias:0.0,Multiplicity:1.03
0.053	0.046	0.046	0.855
0.061	0.807	0.109	0.023
0.919	0.015	0.030	0.036
0.147	0.015	0.208	0.630
0.760	0.107	0.030	0.103
0.238	0.077	0.145	0.540
0.087	0.061	0.001	0.851
0.076	0.015	0.908	0.001
0.954	0.015	0.001	0.030
0.858	0.065	0.061	0.016
0.885	0.001	0.099	0.015
0.001	0.834	0.164	0.001
>BACCACAYCCTN	9-BACCACAYCCTN	9.139731	-194.722404	0	T:285.0(3.30%),B:325.0(0.80%),P:1e-84	Tpos:284.2,Tstd:191.3,Bpos:267.3,Bstd:141.3,StrandBias:-0.8,Multiplicity:1.08
0.111	0.291	0.260	0.339
0.403	0.163	0.225	0.209
0.093	0.873	0.019	0.015
0.023	0.948	0.004	0.025
0.533	0.208	0.081	0.178
0.021	0.945	0.019	0.015
0.772	0.032	0.184	0.012
0.107	0.372	0.020	0.501
0.145	0.711	0.030	0.114
0.156	0.569	0.077	0.198
0.026	0.011	0.321	0.642
0.181	0.324	0.279	0.216
>TATGCAAATWWN	10-TATGCAAATWWN	9.601281	-177.565592	0	T:353.0(4.09%),B:513.2(1.26%),P:1e-77	Tpos:283.0,Tstd:203.7,Bpos:252.1,Bstd:136.8,StrandBias:-0.0,Multiplicity:1.08
0.052	0.249	0.056	0.643
0.991	0.001	0.001	0.007
0.037	0.001	0.042	0.920
0.050	0.001	0.941	0.008
0.001	0.723	0.052	0.224
0.885	0.001	0.001	0.113
0.991	0.001	0.007	0.001
0.997	0.001	0.001	0.001
0.123	0.028	0.029	0.820
0.343	0.072	0.191	0.394
0.428	0.185	0.080	0.307
0.181	0.180	0.315	0.324
>RACAGGAAACCA	11-RACAGGAAACCA	10.256516	-169.435669	0	T:532.0(6.16%),B:1027.3(2.53%),P:1e-73	Tpos:281.0,Tstd:225.1,Bpos:254.5,Bstd:146.4,StrandBias:0.1,Multiplicity:1.02
0.395	0.193	0.411	0.001
0.658	0.001	0.254	0.087
0.150	0.638	0.211	0.001
0.997	0.001	0.001	0.001
0.001	0.001	0.997	0.001
0.001	0.001	0.997	0.001
0.997	0.001	0.001	0.001
0.997	0.001	0.001	0.001
0.864	0.001	0.134	0.001
0.001	0.997	0.001	0.001
0.352	0.646	0.001	0.001
0.504	0.172	0.212	0.112
>GGGGTTTCCCCT	12-GGGGTTTCCCCT	8.299138	-156.771417	0	T:616.0(7.14%),B:1329.0(3.27%),P:1e-68	Tpos:296.1,Tstd:227.9,Bpos:253.9,Bstd:144.7,StrandBias:-0.2,Multiplicity:1.06
0.118	0.020	0.690	0.172
0.139	0.011	0.823	0.027
0.218	0.016	0.530	0.236
0.221	0.183	0.405	0.192
0.142	0.190	0.148	0.520
0.001	0.034	0.093	0.872
0.001	0.227	0.051	0.721
0.017	0.649	0.029	0.305
0.076	0.922	0.001	0.001
0.184	0.654	0.001	0.161
0.148	0.610	0.009	0.233
0.276	0.218	0.060	0.445
>TGTGGGCGGAAG	13-TGTGGGCGGAAG	7.960407	-98.812885	0	T:741.0(8.58%),B:2039.5(5.03%),P:1e-42	Tpos:302.2,Tstd:237.4,Bpos:252.5,Bstd:147.9,StrandBias:0.3,Multiplicity:1.05
0.064	0.027	0.052	0.857
0.008	0.082	0.879	0.031
0.077	0.023	0.041	0.859
0.020	0.031	0.900	0.049
0.065	0.062	0.829	0.044
0.035	0.079	0.845	0.041
0.089	0.740	0.049	0.122
0.099	0.008	0.822	0.071
0.045	0.013	0.906	0.036
0.823	0.063	0.073	0.041
0.755	0.057	0.104	0.084
0.103	0.046	0.791	0.060
>GAAATAGACCGC	14-GAAATAGACCGC	11.582444	-47.070443	0	T:14.0(0.16%),B:1.1(0.00%),P:1e-20	Tpos:194.5,Tstd:104.6,Bpos:361.0,Bstd:0.0,StrandBias:10.0,Multiplicity:1.00
0.333	0.065	0.558	0.044
0.598	0.066	0.022	0.314
0.661	0.044	0.272	0.023
0.802	0.044	0.131	0.023
0.175	0.044	0.066	0.715
0.824	0.044	0.088	0.044
0.044	0.066	0.868	0.022
0.804	0.065	0.087	0.044
0.317	0.596	0.022	0.065
0.078	0.702	0.087	0.133
0.118	0.045	0.793	0.044
0.001	0.845	0.023	0.131
>TGTGGCTTGCAC	15-TGTGGCTTGCAC	13.485062	-41.207434	0	T:25.0(0.29%),B:10.8(0.03%),P:1e-17	Tpos:243.0,Tstd:199.1,Bpos:260.5,Bstd:85.1,StrandBias:2.4,Multiplicity:1.00
0.001	0.001	0.323	0.675
0.323	0.001	0.675	0.001
0.136	0.001	0.001	0.862
0.001	0.001	0.997	0.001
0.136	0.001	0.698	0.165
0.001	0.997	0.001	0.001
0.001	0.001	0.001	0.997
0.001	0.001	0.001	0.997
0.001	0.323	0.675	0.001
0.001	0.997	0.001	0.001
0.997	0.001	0.001	0.001
0.001	0.997	0.001	0.001
>TGTAGGCTGTGC	16-TGTAGGCTGTGC	13.626552	-35.247194	0	T:15.0(0.17%),B:3.8(0.01%),P:1e-15	Tpos:262.1,Tstd:114.1,Bpos:164.3,Bstd:111.5,StrandBias:2.7,Multiplicity:1.00
0.001	0.001	0.001	0.997
0.001	0.001	0.997	0.001
0.001	0.001	0.001	0.997
0.997	0.001	0.001	0.001
0.001	0.001	0.997	0.001
0.001	0.001	0.997	0.001
0.001	0.997	0.001	0.001
0.001	0.001	0.001	0.997
0.001	0.001	0.997	0.001
0.001	0.001	0.001	0.997
0.051	0.001	0.947	0.001
0.001	0.997	0.001	0.001
>TGTGATGCTGTA	17-TGTGATGCTGTA	12.783543	-27.575061	0	T:20.0(0.23%),B:11.8(0.03%),P:1e-11	Tpos:362.5,Tstd:289.1,Bpos:299.1,Bstd:148.1,StrandBias:1.5,Multiplicity:1.70
0.072	0.001	0.001	0.926
0.001	0.001	0.997	0.001
0.072	0.001	0.001	0.926
0.001	0.001	0.997	0.001
0.997	0.001	0.001	0.001
0.001	0.001	0.001	0.997
0.030	0.001	0.968	0.001
0.001	0.997	0.001	0.001
0.001	0.001	0.001	0.997
0.030	0.102	0.867	0.001
0.001	0.001	0.001	0.997
0.871	0.127	0.001	0.001
>ATTTGTTAGAGG	18-ATTTGTTAGAGG	13.857222	-24.042778	0	T:10.0(0.12%),B:2.7(0.01%),P:1e-10	Tpos:339.9,Tstd:151.8,Bpos:182.5,Bstd:25.1,StrandBias:5.0,Multiplicity:3.56
0.911	0.001	0.087	0.001
0.001	0.001	0.001	0.997
0.001	0.001	0.226	0.772
0.001	0.001	0.001	0.997
0.001	0.001	0.997	0.001
0.001	0.175	0.001	0.823
0.001	0.001	0.386	0.612
0.997	0.001	0.001	0.001
0.001	0.001	0.997	0.001
0.997	0.001	0.001	0.001
0.001	0.001	0.612	0.386
0.001	0.001	0.997	0.001
>ACATCTCCGCCC	19-ACATCTCCGCCC	10.176172	-24.042778	0	T:10.0(0.12%),B:2.9(0.01%),P:1e-10	Tpos:342.0,Tstd:124.4,Bpos:247.1,Bstd:93.9,StrandBias:2.6,Multiplicity:2.10
0.997	0.001	0.001	0.001
0.001	0.997	0.001	0.001
0.957	0.001	0.001	0.041
0.001	0.041	0.001	0.957
0.041	0.957	0.001	0.001
0.001	0.001	0.001	0.997
0.001	0.997	0.001	0.001
0.001	0.997	0.001	0.001
0.001	0.001	0.997	0.001
0.001	0.997	0.001	0.001
0.001	0.997	0.001	0.001
0.001	0.997	0.001	0.001
>AGACCCGGCATA	20-AGACCCGGCATA	9.482151	-17.822723	0	T:8.0(0.09%),B:2.5(0.01%),P:1e-7	Tpos:310.1,Tstd:201.8,Bpos:217.3,Bstd:100.6,StrandBias:2.1,Multiplicity:4.00
0.966	0.001	0.032	0.001
0.001	0.001	0.997	0.001
0.836	0.001	0.001	0.162
0.001	0.997	0.001	0.001
0.001	0.997	0.001	0.001
0.001	0.966	0.032	0.001
0.001	0.001	0.997	0.001
0.001	0.001	0.997	0.001
0.032	0.966	0.001	0.001
0.997	0.001	0.001	0.001
0.001	0.001	0.001	0.997
0.966	0.001	0.032	0.001
>GTGATGAGCTGT	21-GTGATGAGCTGT	12.332034	-14.575324	0	T:20.0(0.23%),B:24.8(0.06%),P:1e-6	Tpos:268.8,Tstd:218.6,Bpos:224.1,Bstd:173.5,StrandBias:-1.5,Multiplicity:1.58
0.001	0.090	0.908	0.001
0.001	0.001	0.001	0.997
0.182	0.091	0.726	0.001
0.908	0.001	0.001	0.090
0.250	0.106	0.001	0.643
0.413	0.001	0.585	0.001
0.997	0.001	0.001	0.001
0.286	0.001	0.497	0.216
0.001	0.817	0.091	0.091
0.001	0.001	0.001	0.997
0.001	0.001	0.908	0.090
0.001	0.001	0.001	0.997
>TGTGGATGACCT	22-TGTGGATGACCT	14.502378	-12.227930	0	T:7.0(0.08%),B:3.5(0.01%),P:1e-5	Tpos:255.3,Tstd:137.0,Bpos:231.1,Bstd:157.8,StrandBias:-0.4,Multiplicity:1.00
0.001	0.001	0.001	0.997
0.001	0.001	0.997	0.001
0.001	0.001	0.001	0.997
0.001	0.001	0.997	0.001
0.278	0.001	0.720	0.001
0.997	0.001	0.001	0.001
0.001	0.001	0.156	0.842
0.001	0.278	0.720	0.001
0.997	0.001	0.001	0.001
0.001	0.720	0.278	0.001
0.001	0.997	0.001	0.001
0.001	0.001	0.001	0.997
>AGTGGTAAGTCT	23-AGTGGTAAGTCT	12.284499	-10.398093	0	T:7.0(0.08%),B:5.0(0.01%),P:1e-4	Tpos:217.9,Tstd:131.1,Bpos:346.2,Bstd:137.9,StrandBias:-1.7,Multiplicity:2.43
0.752	0.155	0.001	0.092
0.078	0.040	0.766	0.116
0.001	0.001	0.001	0.997
0.389	0.001	0.609	0.001
0.154	0.039	0.768	0.039
0.077	0.118	0.039	0.766
0.592	0.003	0.403	0.002
0.921	0.001	0.039	0.039
0.001	0.154	0.675	0.170
0.049	0.116	0.001	0.834
0.041	0.880	0.077	0.002
0.047	0.232	0.078	0.643
>ATGAGTATACAG	24-ATGAGTATACAG	6.517702	-8.658244	0	T:2562.0(29.68%),B:11338.6(27.94%),P:1e-3	Tpos:302.4,Tstd:245.2,Bpos:248.0,Bstd:146.4,StrandBias:-0.0,Multiplicity:1.25
0.700	0.100	0.100	0.100
0.100	0.100	0.100	0.700
0.100	0.100	0.700	0.100
0.700	0.100	0.100	0.100
0.100	0.100	0.700	0.100
0.100	0.100	0.100	0.700
0.700	0.100	0.100	0.100
0.100	0.100	0.100	0.700
0.700	0.100	0.100	0.100
0.100	0.700	0.100	0.100
0.700	0.100	0.100	0.100
0.100	0.100	0.700	0.100
>GTGGAGGACCTG	25-GTGGAGGACCTG	10.409522	-6.482666	0	T:46.0(0.53%),B:134.1(0.33%),P:1e-2	Tpos:335.3,Tstd:283.8,Bpos:252.7,Bstd:143.6,StrandBias:-0.9,Multiplicity:1.39
0.100	0.100	0.700	0.100
0.100	0.100	0.100	0.700
0.100	0.100	0.700	0.100
0.100	0.100	0.700	0.100
0.700	0.100	0.100	0.100
0.100	0.100	0.700	0.100
0.100	0.100	0.700	0.100
0.700	0.100	0.100	0.100
0.100	0.700	0.100	0.100
0.100	0.700	0.100	0.100
0.100	0.100	0.100	0.700
0.100	0.100	0.700	0.100
