Factor1: 1.0032954955573898
Factor2: 0.9967153290610977
