>RCAGGAAGTG	1-RCAGGAAGTG	6.545264	-478.220666	0	T:1670.0(35.84%),B:7552.5(17.03%),P:1e-207	Tpos:303.7,Tstd:237.1,Bpos:242.4,Bstd:142.9,StrandBias:0.1,Multiplicity:1.31
0.434	0.125	0.297	0.145
0.198	0.539	0.178	0.085
0.536	0.271	0.126	0.067
0.085	0.064	0.834	0.017
0.152	0.043	0.741	0.064
0.941	0.028	0.019	0.012
0.627	0.043	0.058	0.272
0.267	0.153	0.568	0.012
0.114	0.318	0.069	0.500
0.217	0.211	0.419	0.153
>TGTGGTTTNN	2-TGTGGTTTNN	6.789916	-396.300156	0	T:1442.0(30.95%),B:6529.4(14.72%),P:1e-172	Tpos:289.5,Tstd:241.1,Bpos:241.9,Bstd:148.1,StrandBias:-0.1,Multiplicity:1.25
0.130	0.055	0.107	0.708
0.063	0.066	0.773	0.098
0.101	0.096	0.099	0.704
0.056	0.090	0.805	0.049
0.032	0.023	0.930	0.015
0.005	0.141	0.079	0.775
0.057	0.114	0.089	0.740
0.228	0.107	0.139	0.526
0.206	0.304	0.280	0.210
0.192	0.272	0.302	0.235
>YHAYWTCCGC	3-YHAYWTCCGC	5.719657	-313.531825	0	T:1472.0(31.59%),B:7415.4(16.72%),P:1e-136	Tpos:308.7,Tstd:239.0,Bpos:241.9,Bstd:146.2,StrandBias:0.1,Multiplicity:1.15
0.207	0.427	0.013	0.353
0.309	0.335	0.097	0.259
0.530	0.009	0.267	0.194
0.107	0.464	0.008	0.421
0.355	0.148	0.006	0.490
0.007	0.170	0.002	0.821
0.098	0.646	0.002	0.254
0.006	0.676	0.174	0.144
0.011	0.144	0.522	0.323
0.201	0.399	0.198	0.202
>GAAACCGCAA	4-GAAACCGCAA	5.038831	-202.332458	0	T:2090.0(44.86%),B:13714.5(30.92%),P:1e-87	Tpos:304.9,Tstd:251.1,Bpos:243.5,Bstd:151.1,StrandBias:-0.0,Multiplicity:1.37
0.130	0.118	0.672	0.080
0.722	0.092	0.082	0.104
0.758	0.082	0.095	0.065
0.725	0.109	0.099	0.067
0.091	0.707	0.115	0.087
0.102	0.702	0.080	0.116
0.120	0.105	0.682	0.093
0.149	0.647	0.117	0.087
0.691	0.111	0.099	0.099
0.695	0.094	0.124	0.087
>GCCCCGCCCH	5-GCCCCGCCCH	7.950998	-198.300249	0	T:1355.0(29.08%),B:7688.3(17.34%),P:1e-86	Tpos:323.8,Tstd:264.4,Bpos:239.9,Bstd:150.0,StrandBias:0.0,Multiplicity:1.61
0.290	0.001	0.498	0.211
0.009	0.688	0.029	0.274
0.096	0.609	0.001	0.294
0.343	0.655	0.001	0.001
0.001	0.997	0.001	0.001
0.347	0.001	0.625	0.027
0.001	0.997	0.001	0.001
0.001	0.997	0.001	0.001
0.001	0.855	0.001	0.143
0.323	0.396	0.001	0.280
>TGASTCATAC	6-TGASTCATAC	7.131738	-156.996838	0	T:710.0(15.24%),B:3368.8(7.60%),P:1e-68	Tpos:282.1,Tstd:233.6,Bpos:245.2,Bstd:142.4,StrandBias:-0.0,Multiplicity:1.12
0.052	0.034	0.010	0.904
0.007	0.040	0.821	0.132
0.907	0.026	0.030	0.037
0.016	0.422	0.504	0.058
0.001	0.012	0.055	0.932
0.068	0.912	0.019	0.001
0.963	0.001	0.026	0.010
0.126	0.252	0.153	0.469
0.477	0.270	0.118	0.135
0.165	0.441	0.186	0.208
>TTGTGGCTWA	7-TTGTGGCTWA	8.097076	-126.753906	0	T:698.0(14.98%),B:3568.3(8.05%),P:1e-55	Tpos:291.7,Tstd:239.7,Bpos:246.5,Bstd:144.2,StrandBias:0.1,Multiplicity:1.09
0.062	0.269	0.001	0.668
0.119	0.015	0.073	0.793
0.001	0.001	0.997	0.001
0.001	0.001	0.001	0.997
0.001	0.001	0.978	0.020
0.001	0.001	0.997	0.001
0.001	0.696	0.302	0.001
0.098	0.137	0.105	0.660
0.270	0.135	0.179	0.417
0.474	0.055	0.182	0.290
>ACAGGAAGST	8-ACAGGAAGST	8.503635	-111.083999	0	T:952.0(20.43%),B:5649.7(12.74%),P:1e-48	Tpos:294.3,Tstd:234.1,Bpos:246.4,Bstd:141.8,StrandBias:-0.1,Multiplicity:1.09
0.750	0.127	0.001	0.122
0.001	0.766	0.232	0.001
0.997	0.001	0.001	0.001
0.001	0.001	0.997	0.001
0.089	0.001	0.909	0.001
0.997	0.001	0.001	0.001
0.997	0.001	0.001	0.001
0.260	0.001	0.738	0.001
0.210	0.403	0.386	0.001
0.189	0.254	0.060	0.497
>GAGGTGTGRH	9-GAGGTGTGRH	6.694395	-108.571779	0	T:1659.0(35.61%),B:11518.9(25.97%),P:1e-47	Tpos:300.2,Tstd:244.3,Bpos:240.1,Bstd:144.6,StrandBias:-0.0,Multiplicity:1.27
0.267	0.001	0.474	0.258
0.685	0.001	0.116	0.198
0.023	0.001	0.918	0.058
0.055	0.125	0.819	0.001
0.001	0.126	0.001	0.872
0.001	0.105	0.893	0.001
0.370	0.001	0.001	0.628
0.089	0.099	0.757	0.055
0.459	0.139	0.369	0.034
0.311	0.318	0.165	0.206
>TGWCGTMABM	10-TGWCGTMABM	6.721528	-77.391254	0	T:538.0(11.55%),B:2957.6(6.67%),P:1e-33	Tpos:293.3,Tstd:217.1,Bpos:240.3,Bstd:146.7,StrandBias:-0.2,Multiplicity:1.08
0.001	0.048	0.074	0.877
0.045	0.134	0.566	0.255
0.448	0.088	0.127	0.337
0.001	0.572	0.330	0.097
0.235	0.106	0.658	0.001
0.001	0.366	0.001	0.632
0.316	0.383	0.139	0.162
0.997	0.001	0.001	0.001
0.001	0.422	0.291	0.286
0.323	0.387	0.214	0.077
>GGGGATTTCC	11-GGGGATTTCC	8.724683	-65.934484	0	T:273.0(5.86%),B:1229.9(2.77%),P:1e-28	Tpos:321.3,Tstd:265.8,Bpos:237.1,Bstd:138.1,StrandBias:0.1,Multiplicity:1.05
0.001	0.001	0.997	0.001
0.001	0.037	0.961	0.001
0.001	0.001	0.997	0.001
0.216	0.001	0.748	0.035
0.642	0.156	0.142	0.060
0.300	0.013	0.041	0.646
0.079	0.001	0.153	0.767
0.001	0.182	0.001	0.816
0.092	0.906	0.001	0.001
0.091	0.907	0.001	0.001
>TAGGTGGCGC	12-TAGGTGGCGC	8.943339	-54.102609	0	T:154.0(3.31%),B:577.8(1.30%),P:1e-23	Tpos:301.4,Tstd:268.8,Bpos:247.6,Bstd:153.4,StrandBias:-0.4,Multiplicity:1.06
0.162	0.134	0.001	0.703
0.968	0.001	0.030	0.001
0.114	0.001	0.884	0.001
0.293	0.029	0.628	0.050
0.001	0.001	0.226	0.772
0.059	0.001	0.939	0.001
0.067	0.001	0.830	0.102
0.061	0.937	0.001	0.001
0.104	0.001	0.894	0.001
0.001	0.859	0.131	0.009
>GCGCGCGAAA	13-GCGCGCGAAA	7.011877	-43.064414	0	T:272.0(5.84%),B:1444.7(3.26%),P:1e-18	Tpos:334.9,Tstd:238.4,Bpos:248.6,Bstd:174.4,StrandBias:0.0,Multiplicity:1.22
0.033	0.100	0.812	0.055
0.058	0.777	0.061	0.104
0.025	0.078	0.842	0.055
0.070	0.819	0.051	0.060
0.027	0.071	0.857	0.045
0.080	0.806	0.088	0.026
0.035	0.071	0.811	0.083
0.750	0.048	0.119	0.083
0.738	0.074	0.091	0.097
0.794	0.057	0.075	0.074
>GAGGAAGGAA	14-GAGGAAGGAA	10.108320	-41.992450	0	T:220.0(4.72%),B:1093.1(2.46%),P:1e-18	Tpos:284.5,Tstd:216.8,Bpos:236.6,Bstd:143.9,StrandBias:-0.1,Multiplicity:1.01
0.001	0.292	0.622	0.085
0.671	0.305	0.012	0.012
0.013	0.065	0.921	0.001
0.001	0.001	0.997	0.001
0.891	0.107	0.001	0.001
0.983	0.001	0.015	0.001
0.001	0.001	0.997	0.001
0.001	0.001	0.997	0.001
0.997	0.001	0.001	0.001
0.586	0.001	0.001	0.412
>CGATTGGCTA	15-CGATTGGCTA	8.079294	-39.008073	0	T:116.0(2.49%),B:448.2(1.01%),P:1e-16	Tpos:279.0,Tstd:192.6,Bpos:240.7,Bstd:147.9,StrandBias:0.0,Multiplicity:1.07
0.044	0.755	0.047	0.154
0.054	0.072	0.818	0.056
0.840	0.041	0.090	0.029
0.074	0.039	0.029	0.858
0.034	0.047	0.083	0.836
0.057	0.085	0.797	0.061
0.070	0.051	0.832	0.047
0.071	0.716	0.058	0.155
0.052	0.062	0.039	0.847
0.707	0.069	0.129	0.095
>GCCCTCTAGT	16-GCCCTCTAGT	10.306542	-31.454686	0	T:56.0(1.20%),B:158.1(0.36%),P:1e-13	Tpos:245.2,Tstd:246.6,Bpos:239.3,Bstd:145.9,StrandBias:0.5,Multiplicity:1.02
0.090	0.001	0.908	0.001
0.001	0.997	0.001	0.001
0.001	0.958	0.040	0.001
0.001	0.997	0.001	0.001
0.073	0.001	0.001	0.925
0.001	0.997	0.001	0.001
0.001	0.001	0.001	0.997
0.865	0.001	0.133	0.001
0.001	0.001	0.997	0.001
0.001	0.001	0.001	0.997
>SCCCTAGTGG	17-SCCCTAGTGG	10.297984	-28.773777	0	T:52.0(1.12%),B:149.8(0.34%),P:1e-12	Tpos:293.2,Tstd:251.6,Bpos:236.6,Bstd:144.8,StrandBias:-0.4,Multiplicity:1.00
0.033	0.484	0.471	0.012
0.100	0.890	0.009	0.001
0.001	0.997	0.001	0.001
0.001	0.746	0.252	0.001
0.001	0.001	0.001	0.997
0.997	0.001	0.001	0.001
0.063	0.043	0.798	0.096
0.001	0.001	0.001	0.997
0.001	0.001	0.997	0.001
0.001	0.001	0.997	0.001
>TAGTACGAGC	18-TAGTACGAGC	11.003432	-28.730275	0	T:8.0(0.17%),B:2.0(0.00%),P:1e-12	Tpos:306.0,Tstd:243.3,Bpos:165.7,Bstd:107.1,StrandBias:0.0,Multiplicity:1.00
0.152	0.063	0.127	0.658
0.932	0.001	0.001	0.066
0.127	0.063	0.683	0.127
0.062	0.001	0.001	0.936
0.590	0.001	0.063	0.346
0.123	0.875	0.001	0.001
0.001	0.001	0.997	0.001
0.809	0.001	0.063	0.127
0.063	0.190	0.684	0.063
0.001	0.875	0.001	0.123
>GTATACCGCT	19-GTATACCGCT	10.664763	-27.097261	0	T:24.0(0.52%),B:35.5(0.08%),P:1e-11	Tpos:310.8,Tstd:188.8,Bpos:243.5,Bstd:159.3,StrandBias:0.5,Multiplicity:1.00
0.001	0.001	0.997	0.001
0.001	0.217	0.001	0.781
0.997	0.001	0.001	0.001
0.001	0.001	0.391	0.607
0.997	0.001	0.001	0.001
0.001	0.736	0.001	0.262
0.001	0.997	0.001	0.001
0.001	0.001	0.997	0.001
0.001	0.997	0.001	0.001
0.185	0.001	0.001	0.813
>TAGTTTCCTC	20-TAGTTTCCTC	9.371623	-24.397740	0	T:204.0(4.38%),B:1188.1(2.68%),P:1e-10	Tpos:301.5,Tstd:256.6,Bpos:251.2,Bstd:148.5,StrandBias:-0.1,Multiplicity:1.02
0.001	0.001	0.398	0.600
0.725	0.001	0.273	0.001
0.302	0.001	0.696	0.001
0.001	0.001	0.001	0.997
0.001	0.227	0.237	0.535
0.001	0.001	0.001	0.997
0.001	0.782	0.001	0.216
0.001	0.997	0.001	0.001
0.178	0.023	0.001	0.798
0.001	0.916	0.001	0.082
>TCGTAGATGA	21-TCGTAGATGA	13.700082	-20.192187	0	T:6.0(0.13%),B:0.7(0.00%),P:1e-8	Tpos:133.8,Tstd:79.2,Bpos:83.0,Bstd:0.0,StrandBias:1.0,Multiplicity:1.00
0.001	0.125	0.001	0.873
0.001	0.997	0.001	0.001
0.001	0.001	0.997	0.001
0.001	0.001	0.001	0.997
0.997	0.001	0.001	0.001
0.001	0.001	0.997	0.001
0.997	0.001	0.001	0.001
0.001	0.001	0.001	0.997
0.001	0.001	0.997	0.001
0.997	0.001	0.001	0.001
>AGTCTAGAGC	22-AGTCTAGAGC	12.185642	-18.834914	0	T:21.0(0.45%),B:42.0(0.09%),P:1e-8	Tpos:363.5,Tstd:256.9,Bpos:241.6,Bstd:150.5,StrandBias:0.6,Multiplicity:1.19
0.997	0.001	0.001	0.001
0.192	0.001	0.806	0.001
0.001	0.001	0.001	0.997
0.001	0.997	0.001	0.001
0.001	0.001	0.001	0.997
0.997	0.001	0.001	0.001
0.001	0.001	0.997	0.001
0.997	0.001	0.001	0.001
0.001	0.001	0.997	0.001
0.001	0.997	0.001	0.001
>ACTTGAGAAA	23-ACTTGAGAAA	10.296193	-17.422147	0	T:25.0(0.54%),B:62.9(0.14%),P:1e-7	Tpos:217.5,Tstd:168.3,Bpos:249.0,Bstd:152.6,StrandBias:0.1,Multiplicity:1.04
0.700	0.100	0.100	0.100
0.100	0.700	0.100	0.100
0.100	0.100	0.100	0.700
0.100	0.100	0.100	0.700
0.100	0.100	0.700	0.100
0.700	0.100	0.100	0.100
0.100	0.100	0.700	0.100
0.700	0.100	0.100	0.100
0.700	0.100	0.100	0.100
0.700	0.100	0.100	0.100
>TAACKTCCKA	24-TAACKTCCKA	9.668366	-14.860136	0	T:45.0(0.97%),B:183.3(0.41%),P:1e-6	Tpos:282.6,Tstd:213.9,Bpos:250.2,Bstd:156.2,StrandBias:-0.9,Multiplicity:1.00
0.001	0.001	0.001	0.997
0.581	0.247	0.171	0.001
0.857	0.141	0.001	0.001
0.001	0.997	0.001	0.001
0.001	0.009	0.540	0.450
0.001	0.001	0.251	0.747
0.001	0.653	0.153	0.193
0.001	0.944	0.054	0.001
0.001	0.001	0.501	0.497
0.997	0.001	0.001	0.001
>GATGTGTTAG	25-GATGTGTTAG	10.296193	-2.082815	0	T:6.0(0.13%),B:32.2(0.07%),P:1e0	Tpos:368.1,Tstd:134.5,Bpos:275.6,Bstd:146.2,StrandBias:3.7,Multiplicity:4.67
0.100	0.100	0.700	0.100
0.700	0.100	0.100	0.100
0.100	0.100	0.100	0.700
0.100	0.100	0.700	0.100
0.100	0.100	0.100	0.700
0.100	0.100	0.700	0.100
0.100	0.100	0.100	0.700
0.100	0.100	0.100	0.700
0.700	0.100	0.100	0.100
0.100	0.100	0.700	0.100
>NYCACTTCCTGT	1-NYCACTTCCTGT	8.027511	-486.045580	0	T:1674.0(35.93%),B:7525.1(16.97%),P:1e-211	Tpos:301.9,Tstd:233.7,Bpos:242.3,Bstd:140.7,StrandBias:-0.0,Multiplicity:1.34
0.274	0.283	0.243	0.200
0.142	0.398	0.163	0.297
0.167	0.441	0.164	0.229
0.580	0.106	0.233	0.081
0.001	0.721	0.001	0.277
0.213	0.001	0.001	0.785
0.001	0.001	0.001	0.997
0.001	0.997	0.001	0.001
0.001	0.997	0.001	0.001
0.001	0.001	0.001	0.997
0.001	0.238	0.602	0.159
0.111	0.263	0.093	0.533
>DNNYTGTGGTTT	2-DNNYTGTGGTTT	7.177795	-389.591983	0	T:1784.0(38.29%),B:9097.6(20.51%),P:1e-169	Tpos:294.1,Tstd:235.7,Bpos:243.8,Bstd:146.3,StrandBias:-0.0,Multiplicity:1.33
0.230	0.175	0.330	0.264
0.241	0.259	0.277	0.223
0.206	0.255	0.204	0.335
0.138	0.333	0.161	0.368
0.010	0.001	0.185	0.804
0.001	0.112	0.886	0.001
0.028	0.006	0.145	0.821
0.001	0.001	0.910	0.088
0.001	0.001	0.984	0.014
0.001	0.218	0.213	0.568
0.001	0.175	0.013	0.811
0.215	0.097	0.230	0.457
>DGGGYGGGGCNN	3-DGGGYGGGGCNN	8.841079	-187.240646	0	T:1050.0(22.54%),B:5498.5(12.40%),P:1e-81	Tpos:320.8,Tstd:258.4,Bpos:238.9,Bstd:149.6,StrandBias:0.1,Multiplicity:1.41
0.301	0.001	0.302	0.396
0.001	0.001	0.997	0.001
0.001	0.001	0.997	0.001
0.001	0.001	0.997	0.001
0.092	0.427	0.001	0.480
0.001	0.001	0.997	0.001
0.001	0.001	0.672	0.326
0.285	0.001	0.713	0.001
0.266	0.001	0.732	0.001
0.084	0.576	0.001	0.339
0.246	0.302	0.213	0.239
0.258	0.189	0.282	0.271
>AAACTGAAACTA	4-AAACTGAAACTA	8.451316	-171.316413	0	T:661.0(14.19%),B:2922.7(6.59%),P:1e-74	Tpos:300.1,Tstd:264.6,Bpos:243.6,Bstd:151.8,StrandBias:-0.0,Multiplicity:1.14
0.754	0.050	0.140	0.056
0.807	0.069	0.079	0.045
0.990	0.001	0.001	0.008
0.209	0.481	0.261	0.049
0.270	0.068	0.051	0.611
0.025	0.001	0.951	0.023
0.806	0.091	0.082	0.021
0.923	0.070	0.001	0.006
0.965	0.022	0.012	0.001
0.049	0.678	0.241	0.032
0.131	0.356	0.001	0.512
0.441	0.179	0.228	0.152
>NHCAGGAAGTKN	5-NHCAGGAAGTKN	8.221517	-151.564726	0	T:688.0(14.77%),B:3265.9(7.36%),P:1e-65	Tpos:298.0,Tstd:265.2,Bpos:247.6,Bstd:149.2,StrandBias:0.1,Multiplicity:1.05
0.209	0.229	0.285	0.277
0.235	0.254	0.169	0.342
0.001	0.837	0.001	0.161
0.649	0.188	0.111	0.052
0.124	0.032	0.843	0.001
0.125	0.001	0.819	0.055
0.972	0.001	0.001	0.026
0.997	0.001	0.001	0.001
0.017	0.001	0.981	0.001
0.001	0.088	0.001	0.910
0.141	0.040	0.443	0.375
0.204	0.269	0.324	0.202
>CCACHAGGKGGC	6-CCACHAGGKGGC	10.084225	-143.956975	0	T:279.0(5.99%),B:814.7(1.84%),P:1e-62	Tpos:268.2,Tstd:242.9,Bpos:246.3,Bstd:140.2,StrandBias:-0.4,Multiplicity:1.02
0.201	0.797	0.001	0.001
0.001	0.997	0.001	0.001
0.997	0.001	0.001	0.001
0.001	0.565	0.371	0.063
0.311	0.340	0.057	0.292
0.795	0.001	0.104	0.100
0.001	0.001	0.997	0.001
0.346	0.001	0.634	0.019
0.001	0.001	0.524	0.474
0.068	0.001	0.930	0.001
0.001	0.001	0.853	0.145
0.131	0.609	0.001	0.259
>ATGASTCATANH	7-ATGASTCATANH	7.966845	-124.142890	0	T:542.0(11.63%),B:2514.3(5.67%),P:1e-53	Tpos:287.0,Tstd:237.4,Bpos:243.5,Bstd:142.7,StrandBias:0.0,Multiplicity:1.11
0.462	0.261	0.227	0.049
0.031	0.001	0.013	0.955
0.001	0.136	0.793	0.070
0.991	0.001	0.001	0.007
0.001	0.500	0.471	0.028
0.117	0.004	0.001	0.878
0.016	0.976	0.007	0.001
0.965	0.001	0.001	0.033
0.112	0.268	0.196	0.423
0.485	0.217	0.103	0.195
0.347	0.201	0.202	0.250
0.252	0.362	0.155	0.230
>TACCACACCTCA	8-TACCACACCTCA	8.064085	-67.790057	0	T:453.0(9.72%),B:2453.6(5.53%),P:1e-29	Tpos:289.3,Tstd:255.5,Bpos:242.4,Bstd:144.7,StrandBias:0.0,Multiplicity:1.05
0.102	0.189	0.141	0.568
0.593	0.086	0.203	0.118
0.157	0.577	0.075	0.191
0.105	0.800	0.001	0.094
0.762	0.053	0.027	0.158
0.162	0.813	0.021	0.004
0.804	0.114	0.008	0.074
0.001	0.732	0.103	0.164
0.119	0.745	0.001	0.135
0.144	0.093	0.001	0.762
0.014	0.902	0.003	0.081
0.647	0.115	0.001	0.237
>NNVTGACGTSAB	9-NNVTGACGTSAB	6.444834	-65.226878	0	T:443.0(9.51%),B:2411.8(5.44%),P:1e-28	Tpos:307.2,Tstd:261.4,Bpos:244.0,Bstd:157.1,StrandBias:0.0,Multiplicity:1.05
0.272	0.252	0.218	0.258
0.199	0.211	0.282	0.307
0.218	0.290	0.322	0.170
0.075	0.052	0.084	0.789
0.119	0.125	0.578	0.178
0.834	0.001	0.010	0.155
0.001	0.997	0.001	0.001
0.001	0.001	0.997	0.001
0.161	0.001	0.001	0.837
0.122	0.404	0.272	0.201
0.474	0.155	0.151	0.219
0.157	0.335	0.220	0.289
>GGGAAATCCCCT	10-GGGAAATCCCCT	8.800929	-59.572547	0	T:245.0(5.26%),B:1100.4(2.48%),P:1e-25	Tpos:297.2,Tstd:258.8,Bpos:236.3,Bstd:135.2,StrandBias:0.1,Multiplicity:1.06
0.083	0.001	0.879	0.037
0.138	0.001	0.812	0.049
0.083	0.015	0.887	0.015
0.765	0.001	0.233	0.001
0.820	0.152	0.011	0.017
0.659	0.076	0.053	0.212
0.128	0.168	0.218	0.486
0.058	0.669	0.067	0.206
0.131	0.842	0.001	0.026
0.022	0.941	0.001	0.036
0.049	0.889	0.001	0.061
0.181	0.188	0.028	0.603
>GHGGTTTCCTTA	11-GHGGTTTCCTTA	10.252795	-51.794961	0	T:82.0(1.76%),B:207.1(0.47%),P:1e-22	Tpos:249.1,Tstd:173.9,Bpos:225.0,Bstd:139.7,StrandBias:-0.2,Multiplicity:1.00
0.051	0.051	0.797	0.101
0.283	0.432	0.001	0.283
0.086	0.001	0.912	0.001
0.001	0.036	0.962	0.001
0.001	0.001	0.001	0.997
0.001	0.001	0.100	0.898
0.050	0.036	0.001	0.913
0.001	0.997	0.001	0.001
0.001	0.948	0.001	0.050
0.050	0.050	0.001	0.899
0.087	0.051	0.256	0.606
0.771	0.087	0.141	0.001
>AGGTGTGAAAAC	12-AGGTGTGAAAAC	9.177876	-50.740575	0	T:213.0(4.57%),B:966.3(2.18%),P:1e-22	Tpos:290.0,Tstd:241.6,Bpos:250.6,Bstd:145.5,StrandBias:-0.1,Multiplicity:1.04
0.910	0.001	0.056	0.033
0.086	0.014	0.804	0.096
0.122	0.077	0.744	0.057
0.045	0.001	0.063	0.891
0.053	0.010	0.864	0.073
0.094	0.001	0.088	0.817
0.064	0.085	0.769	0.082
0.853	0.026	0.093	0.028
0.962	0.036	0.001	0.001
0.819	0.070	0.054	0.057
0.756	0.066	0.099	0.079
0.083	0.809	0.074	0.034
>YNSGGTTTTGKC	13-YNSGGTTTTGKC	6.922929	-46.282579	0	T:683.0(14.66%),B:4562.9(10.29%),P:1e-20	Tpos:303.4,Tstd:237.5,Bpos:247.3,Bstd:149.8,StrandBias:-0.2,Multiplicity:1.10
0.132	0.368	0.008	0.492
0.173	0.270	0.275	0.283
0.030	0.439	0.514	0.017
0.162	0.323	0.488	0.026
0.345	0.012	0.613	0.030
0.286	0.044	0.008	0.662
0.004	0.003	0.013	0.980
0.004	0.013	0.004	0.979
0.089	0.276	0.179	0.455
0.013	0.335	0.613	0.039
0.008	0.270	0.425	0.297
0.146	0.591	0.008	0.255
>CACCCCGCCCTG	14-CACCCCGCCCTG	8.043624	-44.023231	0	T:672.0(14.42%),B:4518.0(10.19%),P:1e-19	Tpos:365.0,Tstd:295.6,Bpos:243.3,Bstd:160.5,StrandBias:0.0,Multiplicity:1.30
0.185	0.461	0.199	0.155
0.417	0.253	0.109	0.221
0.001	0.877	0.016	0.106
0.288	0.483	0.001	0.228
0.015	0.832	0.012	0.141
0.001	0.987	0.001	0.011
0.001	0.001	0.997	0.001
0.145	0.714	0.001	0.140
0.030	0.830	0.128	0.012
0.001	0.987	0.011	0.001
0.103	0.219	0.185	0.493
0.091	0.311	0.514	0.084
>GCTCGCTGATTG	15-GCTCGCTGATTG	10.600858	-34.773564	0	T:20.0(0.43%),B:15.4(0.03%),P:1e-15	Tpos:318.5,Tstd:198.5,Bpos:196.4,Bstd:124.1,StrandBias:0.5,Multiplicity:1.00
0.049	0.164	0.643	0.144
0.095	0.682	0.115	0.108
0.231	0.146	0.033	0.590
0.263	0.532	0.064	0.141
0.249	0.077	0.542	0.132
0.040	0.800	0.090	0.070
0.106	0.020	0.010	0.864
0.001	0.116	0.882	0.001
0.574	0.211	0.214	0.001
0.052	0.154	0.144	0.650
0.045	0.032	0.057	0.866
0.155	0.057	0.669	0.119
>AAGAACACACCC	16-AAGAACACACCC	14.163926	-22.898699	0	T:13.0(0.28%),B:11.0(0.02%),P:1e-9	Tpos:282.6,Tstd:228.3,Bpos:223.7,Bstd:54.6,StrandBias:-0.3,Multiplicity:1.00
0.997	0.001	0.001	0.001
0.997	0.001	0.001	0.001
0.001	0.001	0.997	0.001
0.703	0.295	0.001	0.001
0.703	0.295	0.001	0.001
0.001	0.997	0.001	0.001
0.997	0.001	0.001	0.001
0.001	0.997	0.001	0.001
0.997	0.001	0.001	0.001
0.001	0.997	0.001	0.001
0.001	0.997	0.001	0.001
0.001	0.997	0.001	0.001
>TAACGCGCGCGT	17-TAACGCGCGCGT	12.441120	-20.192187	0	T:6.0(0.13%),B:1.8(0.00%),P:1e-8	Tpos:307.0,Tstd:238.3,Bpos:443.0,Bstd:0.0,StrandBias:0.4,Multiplicity:1.00
0.106	0.001	0.227	0.666
0.575	0.001	0.106	0.318
0.787	0.106	0.001	0.106
0.001	0.893	0.105	0.001
0.001	0.001	0.997	0.001
0.211	0.787	0.001	0.001
0.001	0.001	0.997	0.001
0.001	0.893	0.105	0.001
0.106	0.001	0.787	0.106
0.001	0.997	0.001	0.001
0.001	0.001	0.893	0.105
0.001	0.015	0.212	0.772
>GCTTGCTAACAG	18-GCTTGCTAACAG	-4.114775	-15.153137	0	T:553.0(11.87%),B:4268.5(9.62%),P:1e-6	Tpos:304.3,Tstd:256.2,Bpos:243.9,Bstd:141.9,StrandBias:0.0,Multiplicity:1.08
0.001	0.001	0.997	0.001
0.001	0.997	0.001	0.001
0.124	0.001	0.001	0.874
0.001	0.001	0.001	0.997
0.001	0.001	0.997	0.001
0.001	0.997	0.001	0.001
0.001	0.001	0.001	0.997
0.997	0.001	0.001	0.001
0.997	0.001	0.001	0.001
0.001	0.997	0.001	0.001
0.997	0.001	0.001	0.001
0.001	0.001	0.997	0.001
>CATCTCCGCCCT	19-CATCTCCGCCCT	13.780087	-13.494002	0	T:7.0(0.15%),B:5.5(0.01%),P:1e-5	Tpos:306.1,Tstd:112.1,Bpos:311.5,Bstd:97.2,StrandBias:1.4,Multiplicity:2.57
0.001	0.997	0.001	0.001
0.997	0.001	0.001	0.001
0.001	0.001	0.001	0.997
0.001	0.997	0.001	0.001
0.001	0.001	0.001	0.997
0.001	0.997	0.001	0.001
0.001	0.997	0.001	0.001
0.001	0.001	0.997	0.001
0.001	0.835	0.163	0.001
0.001	0.997	0.001	0.001
0.001	0.997	0.001	0.001
0.071	0.001	0.001	0.927
>CGTCACAGCTAC	20-CGTCACAGCTAC	13.597091	-13.494002	0	T:7.0(0.15%),B:5.3(0.01%),P:1e-5	Tpos:259.9,Tstd:151.0,Bpos:219.4,Bstd:193.8,StrandBias:1.9,Multiplicity:2.00
0.001	0.997	0.001	0.001
0.253	0.067	0.679	0.001
0.001	0.001	0.225	0.773
0.001	0.997	0.001	0.001
0.979	0.001	0.001	0.019
0.001	0.773	0.225	0.001
0.997	0.001	0.001	0.001
0.001	0.294	0.704	0.001
0.001	0.773	0.225	0.001
0.001	0.001	0.225	0.773
0.997	0.001	0.001	0.001
0.001	0.997	0.001	0.001
>CTGCTCTAGACT	21-CTGCTCTAGACT	13.770260	-11.320596	0	T:7.0(0.15%),B:7.6(0.02%),P:1e-4	Tpos:209.4,Tstd:145.9,Bpos:260.7,Bstd:135.1,StrandBias:0.0,Multiplicity:1.71
0.001	0.915	0.001	0.083
0.001	0.001	0.001	0.997
0.083	0.001	0.915	0.001
0.001	0.997	0.001	0.001
0.001	0.001	0.083	0.915
0.001	0.997	0.001	0.001
0.001	0.001	0.001	0.997
0.997	0.001	0.001	0.001
0.001	0.083	0.915	0.001
0.997	0.001	0.001	0.001
0.001	0.915	0.001	0.083
0.001	0.001	0.001	0.997
>ATGTGTTAGAGG	22-ATGTGTTAGAGG	12.355432	-8.630869	0	T:3.0(0.06%),B:1.8(0.00%),P:1e-3	Tpos:383.5,Tstd:128.5,Bpos:118.8,Bstd:87.9,StrandBias:10.0,Multiplicity:12.00
0.700	0.100	0.100	0.100
0.100	0.100	0.100	0.700
0.100	0.100	0.700	0.100
0.100	0.100	0.100	0.700
0.100	0.100	0.700	0.100
0.100	0.100	0.100	0.700
0.100	0.100	0.100	0.700
0.700	0.100	0.100	0.100
0.100	0.100	0.700	0.100
0.700	0.100	0.100	0.100
0.100	0.100	0.700	0.100
0.100	0.100	0.700	0.100
>CATCTACAAGAC	23-CATCTACAAGAC	14.149074	-3.952465	0	T:2.0(0.04%),B:2.5(0.01%),P:1e-1	Tpos:236.9,Tstd:78.5,Bpos:312.9,Bstd:84.9,StrandBias:3.0,Multiplicity:4.50
0.001	0.997	0.001	0.001
0.997	0.001	0.001	0.001
0.001	0.001	0.001	0.997
0.001	0.997	0.001	0.001
0.001	0.001	0.001	0.997
0.997	0.001	0.001	0.001
0.001	0.912	0.086	0.001
0.997	0.001	0.001	0.001
0.997	0.001	0.001	0.001
0.001	0.001	0.997	0.001
0.997	0.001	0.001	0.001
0.001	0.997	0.001	0.001
>GTCCTCCACACA	24-GTCCTCCACACA	12.355432	-1.308112	0	T:1.0(0.02%),B:3.9(0.01%),P:1e0	Tpos:255.7,Tstd:150.8,Bpos:265.5,Bstd:128.2,StrandBias:10.0,Multiplicity:15.00
0.100	0.100	0.700	0.100
0.100	0.100	0.100	0.700
0.100	0.700	0.100	0.100
0.100	0.700	0.100	0.100
0.100	0.100	0.100	0.700
0.100	0.700	0.100	0.100
0.100	0.700	0.100	0.100
0.700	0.100	0.100	0.100
0.100	0.700	0.100	0.100
0.700	0.100	0.100	0.100
0.100	0.700	0.100	0.100
0.700	0.100	0.100	0.100
>NNNNNNNNNNNN	25-NNNNNNNNNNNN	-nan	0.000000	0	T:0.0(0.00%),B:0.0(0.00%),P:1e0	Tpos:0.0,Tstd:0.0,Bpos:0.0,Bstd:0.0,StrandBias:0.0,Multiplicity:1.00
-nan	-nan	-nan	-nan
-nan	-nan	-nan	-nan
-nan	-nan	-nan	-nan
-nan	-nan	-nan	-nan
-nan	-nan	-nan	-nan
-nan	-nan	-nan	-nan
-nan	-nan	-nan	-nan
-nan	-nan	-nan	-nan
-nan	-nan	-nan	-nan
-nan	-nan	-nan	-nan
-nan	-nan	-nan	-nan
-nan	-nan	-nan	-nan
>AAACCACA	1-AAACCACA	6.711175	-386.905729	0	T:1815.0(38.96%),B:9359.8(21.10%),P:1e-168	Tpos:292.8,Tstd:237.3,Bpos:242.7,Bstd:148.5,StrandBias:0.1,Multiplicity:1.36
0.734	0.102	0.039	0.125
0.948	0.001	0.050	0.001
0.847	0.043	0.109	0.001
0.001	0.997	0.001	0.001
0.001	0.997	0.001	0.001
0.913	0.027	0.024	0.036
0.023	0.967	0.001	0.009
0.922	0.034	0.007	0.037
>AGGAAGTG	2-AGGAAGTG	7.807517	-372.847913	0	T:1362.0(29.23%),B:6142.8(13.85%),P:1e-161	Tpos:307.6,Tstd:247.1,Bpos:243.7,Bstd:143.6,StrandBias:0.2,Multiplicity:1.22
0.936	0.062	0.001	0.001
0.001	0.001	0.997	0.001
0.001	0.001	0.997	0.001
0.997	0.001	0.001	0.001
0.887	0.001	0.001	0.111
0.172	0.001	0.826	0.001
0.001	0.001	0.001	0.997
0.087	0.076	0.836	0.001
>ACCGGAAG	3-ACCGGAAG	4.770619	-279.206847	0	T:1037.0(22.26%),B:4608.5(10.39%),P:1e-121	Tpos:289.2,Tstd:220.7,Bpos:243.6,Bstd:146.9,StrandBias:-0.1,Multiplicity:1.14
0.989	0.001	0.009	0.001
0.001	0.997	0.001	0.001
0.077	0.921	0.001	0.001
0.001	0.001	0.997	0.001
0.001	0.001	0.997	0.001
0.997	0.001	0.001	0.001
0.997	0.001	0.001	0.001
0.024	0.001	0.974	0.001
>ACMGGAAG	4-ACMGGAAG	5.703805	-276.362250	0	T:2238.0(48.04%),B:14007.0(31.58%),P:1e-120	Tpos:308.5,Tstd:258.4,Bpos:243.4,Bstd:144.5,StrandBias:-0.1,Multiplicity:1.24
0.451	0.213	0.271	0.065
0.001	0.583	0.233	0.183
0.373	0.464	0.147	0.016
0.001	0.001	0.932	0.066
0.095	0.138	0.642	0.125
0.834	0.001	0.164	0.001
0.588	0.241	0.001	0.170
0.312	0.202	0.485	0.001
>ATGASTCA	5-ATGASTCA	6.966158	-147.694846	0	T:778.0(16.70%),B:3928.1(8.86%),P:1e-64	Tpos:281.5,Tstd:232.6,Bpos:245.1,Bstd:143.3,StrandBias:0.0,Multiplicity:1.13
0.499	0.143	0.221	0.136
0.006	0.124	0.001	0.869
0.024	0.039	0.787	0.150
0.923	0.027	0.028	0.022
0.027	0.541	0.395	0.037
0.046	0.001	0.090	0.863
0.186	0.697	0.070	0.047
0.828	0.019	0.080	0.073
>TGTGGTCA	6-TGTGGTCA	7.283680	-113.950982	0	T:759.0(16.29%),B:4149.8(9.36%),P:1e-49	Tpos:296.9,Tstd:249.2,Bpos:242.2,Bstd:143.5,StrandBias:-0.1,Multiplicity:1.12
0.001	0.001	0.001	0.997
0.001	0.001	0.997	0.001
0.001	0.045	0.001	0.953
0.001	0.034	0.964	0.001
0.001	0.001	0.997	0.001
0.001	0.108	0.001	0.890
0.169	0.663	0.167	0.001
0.876	0.001	0.122	0.001
>TTTCGGTT	7-TTTCGGTT	5.438098	-99.384254	0	T:1337.0(28.70%),B:8948.9(20.18%),P:1e-43	Tpos:317.2,Tstd:273.2,Bpos:243.1,Bstd:153.4,StrandBias:-0.0,Multiplicity:1.29
0.080	0.083	0.100	0.737
0.075	0.141	0.047	0.737
0.074	0.080	0.124	0.722
0.015	0.859	0.068	0.058
0.142	0.047	0.810	0.001
0.147	0.145	0.556	0.152
0.069	0.045	0.057	0.829
0.089	0.107	0.050	0.754
>GGGTGGGG	8-GGGTGGGG	8.407982	-99.261922	0	T:1112.0(23.87%),B:7096.3(16.00%),P:1e-43	Tpos:322.3,Tstd:276.2,Bpos:244.6,Bstd:144.0,StrandBias:0.0,Multiplicity:1.33
0.001	0.001	0.997	0.001
0.001	0.001	0.997	0.001
0.001	0.001	0.997	0.001
0.001	0.001	0.001	0.997
0.001	0.001	0.997	0.001
0.001	0.037	0.838	0.124
0.356	0.035	0.608	0.001
0.077	0.001	0.921	0.001
>ACATCCBC	9-ACATCCBC	7.241114	-97.232156	0	T:620.0(13.31%),B:3323.2(7.49%),P:1e-42	Tpos:290.2,Tstd:258.8,Bpos:236.6,Bstd:141.4,StrandBias:0.1,Multiplicity:1.05
0.923	0.001	0.032	0.044
0.041	0.845	0.071	0.043
0.783	0.131	0.022	0.064
0.068	0.037	0.001	0.894
0.313	0.592	0.001	0.094
0.126	0.742	0.067	0.065
0.001	0.288	0.411	0.300
0.078	0.625	0.296	0.001
>CACGCCCM	10-CACGCCCM	3.948981	-91.649449	0	T:1517.0(32.56%),B:10623.3(23.95%),P:1e-39	Tpos:341.5,Tstd:277.2,Bpos:241.9,Bstd:157.3,StrandBias:0.0,Multiplicity:1.89
0.179	0.811	0.001	0.009
0.596	0.402	0.001	0.001
0.001	0.997	0.001	0.001
0.004	0.001	0.994	0.001
0.001	0.997	0.001	0.001
0.001	0.997	0.001	0.001
0.095	0.790	0.001	0.114
0.523	0.475	0.001	0.001
>AGCCACAA	11-AGCCACAA	9.796041	-79.836387	0	T:353.0(7.58%),B:1636.7(3.69%),P:1e-34	Tpos:300.1,Tstd:273.7,Bpos:249.4,Bstd:148.1,StrandBias:0.2,Multiplicity:1.01
0.997	0.001	0.001	0.001
0.001	0.323	0.675	0.001
0.001	0.997	0.001	0.001
0.001	0.997	0.001	0.001
0.997	0.001	0.001	0.001
0.134	0.864	0.001	0.001
0.997	0.001	0.001	0.001
0.997	0.001	0.001	0.001
>AGGTGTGA	12-AGGTGTGA	7.279242	-78.730815	0	T:893.0(19.17%),B:5669.7(12.78%),P:1e-34	Tpos:291.9,Tstd:236.3,Bpos:241.3,Bstd:145.2,StrandBias:-0.1,Multiplicity:1.13
0.912	0.001	0.054	0.033
0.103	0.043	0.781	0.073
0.041	0.043	0.915	0.001
0.001	0.001	0.023	0.975
0.001	0.001	0.997	0.001
0.080	0.001	0.001	0.918
0.023	0.154	0.693	0.130
0.997	0.001	0.001	0.001
>NGCGGTAN	13-NGCGGTAN	3.622901	-66.313630	0	T:1464.0(31.42%),B:10716.1(24.16%),P:1e-28	Tpos:330.0,Tstd:266.8,Bpos:242.9,Bstd:157.4,StrandBias:-0.1,Multiplicity:1.51
0.237	0.319	0.213	0.231
0.122	0.135	0.601	0.142
0.139	0.599	0.134	0.128
0.088	0.164	0.632	0.116
0.138	0.226	0.465	0.170
0.170	0.114	0.135	0.581
0.531	0.151	0.110	0.208
0.274	0.185	0.259	0.282
>TGACGTAA	14-TGACGTAA	6.035432	-53.307329	0	T:855.0(18.35%),B:5828.3(13.14%),P:1e-23	Tpos:315.0,Tstd:258.8,Bpos:239.9,Bstd:150.9,StrandBias:-0.1,Multiplicity:1.14
0.001	0.007	0.001	0.991
0.001	0.086	0.895	0.018
0.909	0.001	0.040	0.050
0.004	0.935	0.060	0.001
0.151	0.001	0.847	0.001
0.001	0.159	0.066	0.774
0.520	0.245	0.146	0.089
0.564	0.137	0.132	0.167
>CAGGGCGG	15-CAGGGCGG	6.976569	-52.570372	0	T:544.0(11.68%),B:3345.8(7.54%),P:1e-22	Tpos:331.1,Tstd:259.4,Bpos:245.6,Bstd:156.7,StrandBias:0.0,Multiplicity:1.27
0.206	0.436	0.112	0.246
0.997	0.001	0.001	0.001
0.001	0.001	0.997	0.001
0.001	0.001	0.997	0.001
0.001	0.001	0.925	0.073
0.001	0.997	0.001	0.001
0.001	0.001	0.997	0.001
0.074	0.001	0.924	0.001
>TTMGMAAC	16-TTMGMAAC	5.149969	-49.762316	0	T:1938.0(41.60%),B:15418.9(34.77%),P:1e-21	Tpos:302.4,Tstd:261.3,Bpos:242.7,Bstd:147.4,StrandBias:-0.0,Multiplicity:1.38
0.263	0.097	0.221	0.419
0.213	0.162	0.045	0.580
0.313	0.371	0.168	0.148
0.227	0.063	0.709	0.001
0.445	0.317	0.049	0.189
0.802	0.001	0.001	0.196
0.715	0.185	0.099	0.001
0.001	0.948	0.050	0.001
>GATTGGTT	17-GATTGGTT	6.278368	-44.190941	0	T:848.0(18.20%),B:5969.1(13.46%),P:1e-19	Tpos:321.3,Tstd:264.3,Bpos:241.5,Bstd:148.1,StrandBias:0.0,Multiplicity:1.19
0.001	0.015	0.983	0.001
0.749	0.001	0.249	0.001
0.001	0.001	0.001	0.997
0.001	0.113	0.001	0.885
0.162	0.042	0.795	0.001
0.001	0.001	0.997	0.001
0.037	0.047	0.376	0.540
0.001	0.378	0.001	0.620
>TCGCTAAA	18-TCGCTAAA	7.873547	-32.891994	0	T:95.0(2.04%),B:363.6(0.82%),P:1e-14	Tpos:266.6,Tstd:198.7,Bpos:235.0,Bstd:162.3,StrandBias:0.3,Multiplicity:1.01
0.001	0.001	0.001	0.997
0.001	0.997	0.001	0.001
0.001	0.001	0.997	0.001
0.001	0.893	0.105	0.001
0.065	0.001	0.071	0.863
0.997	0.001	0.001	0.001
0.701	0.192	0.001	0.106
0.997	0.001	0.001	0.001
>CCTAGTGG	19-CCTAGTGG	7.489704	-31.040523	0	T:290.0(6.22%),B:1735.8(3.91%),P:1e-13	Tpos:304.5,Tstd:234.0,Bpos:243.3,Bstd:149.7,StrandBias:-0.2,Multiplicity:1.03
0.001	0.859	0.139	0.001
0.001	0.953	0.045	0.001
0.001	0.001	0.001	0.997
0.997	0.001	0.001	0.001
0.001	0.001	0.883	0.115
0.001	0.107	0.001	0.891
0.001	0.001	0.906	0.092
0.001	0.001	0.997	0.001
>TAGAKCGC	20-TAGAKCGC	7.704267	-30.423961	0	T:310.0(6.65%),B:1897.2(4.28%),P:1e-13	Tpos:319.8,Tstd:282.3,Bpos:245.1,Bstd:151.0,StrandBias:-0.1,Multiplicity:1.05
0.001	0.126	0.001	0.872
0.997	0.001	0.001	0.001
0.352	0.001	0.646	0.001
0.950	0.048	0.001	0.001
0.001	0.001	0.552	0.446
0.001	0.800	0.198	0.001
0.001	0.001	0.997	0.001
0.001	0.997	0.001	0.001
>GGGATTTC	21-GGGATTTC	8.236954	-24.980819	0	T:108.0(2.32%),B:503.3(1.13%),P:1e-10	Tpos:315.9,Tstd:280.1,Bpos:257.3,Bstd:136.9,StrandBias:-0.4,Multiplicity:1.01
0.100	0.100	0.700	0.100
0.100	0.100	0.700	0.100
0.100	0.100	0.700	0.100
0.700	0.100	0.100	0.100
0.100	0.100	0.100	0.700
0.100	0.100	0.100	0.700
0.100	0.100	0.100	0.700
0.100	0.700	0.100	0.100
>TGCTTATC	22-TGCTTATC	9.013597	-16.893882	0	T:84.0(1.80%),B:419.5(0.95%),P:1e-7	Tpos:264.3,Tstd:225.8,Bpos:225.0,Bstd:128.5,StrandBias:0.0,Multiplicity:1.02
0.001	0.001	0.001	0.997
0.001	0.001	0.997	0.001
0.001	0.997	0.001	0.001
0.001	0.001	0.128	0.870
0.001	0.001	0.001	0.997
0.997	0.001	0.001	0.001
0.001	0.001	0.001	0.997
0.001	0.997	0.001	0.001
