>NYCACTTCCTGT	1-NYCACTTCCTGT	8.027511	-486.045580	0	T:1674.0(35.93%),B:7525.1(16.97%),P:1e-211	Tpos:301.9,Tstd:233.7,Bpos:242.3,Bstd:140.7,StrandBias:-0.0,Multiplicity:1.34
0.274	0.283	0.243	0.200
0.142	0.398	0.163	0.297
0.167	0.441	0.164	0.229
0.580	0.106	0.233	0.081
0.001	0.721	0.001	0.277
0.213	0.001	0.001	0.785
0.001	0.001	0.001	0.997
0.001	0.997	0.001	0.001
0.001	0.997	0.001	0.001
0.001	0.001	0.001	0.997
0.001	0.238	0.602	0.159
0.111	0.263	0.093	0.533
>DNNYTGTGGTTT	2-DNNYTGTGGTTT	7.177795	-389.591983	0	T:1784.0(38.29%),B:9097.6(20.51%),P:1e-169	Tpos:294.1,Tstd:235.7,Bpos:243.8,Bstd:146.3,StrandBias:-0.0,Multiplicity:1.33
0.230	0.175	0.330	0.264
0.241	0.259	0.277	0.223
0.206	0.255	0.204	0.335
0.138	0.333	0.161	0.368
0.010	0.001	0.185	0.804
0.001	0.112	0.886	0.001
0.028	0.006	0.145	0.821
0.001	0.001	0.910	0.088
0.001	0.001	0.984	0.014
0.001	0.218	0.213	0.568
0.001	0.175	0.013	0.811
0.215	0.097	0.230	0.457
>DGGGYGGGGCNN	3-DGGGYGGGGCNN	8.841079	-187.240646	0	T:1050.0(22.54%),B:5498.5(12.40%),P:1e-81	Tpos:320.8,Tstd:258.4,Bpos:238.9,Bstd:149.6,StrandBias:0.1,Multiplicity:1.41
0.301	0.001	0.302	0.396
0.001	0.001	0.997	0.001
0.001	0.001	0.997	0.001
0.001	0.001	0.997	0.001
0.092	0.427	0.001	0.480
0.001	0.001	0.997	0.001
0.001	0.001	0.672	0.326
0.285	0.001	0.713	0.001
0.266	0.001	0.732	0.001
0.084	0.576	0.001	0.339
0.246	0.302	0.213	0.239
0.258	0.189	0.282	0.271
>AAACTGAAACTA	4-AAACTGAAACTA	8.451316	-171.316413	0	T:661.0(14.19%),B:2922.7(6.59%),P:1e-74	Tpos:300.1,Tstd:264.6,Bpos:243.6,Bstd:151.8,StrandBias:-0.0,Multiplicity:1.14
0.754	0.050	0.140	0.056
0.807	0.069	0.079	0.045
0.990	0.001	0.001	0.008
0.209	0.481	0.261	0.049
0.270	0.068	0.051	0.611
0.025	0.001	0.951	0.023
0.806	0.091	0.082	0.021
0.923	0.070	0.001	0.006
0.965	0.022	0.012	0.001
0.049	0.678	0.241	0.032
0.131	0.356	0.001	0.512
0.441	0.179	0.228	0.152
>NHCAGGAAGTKN	5-NHCAGGAAGTKN	8.221517	-151.564726	0	T:688.0(14.77%),B:3265.9(7.36%),P:1e-65	Tpos:298.0,Tstd:265.2,Bpos:247.6,Bstd:149.2,StrandBias:0.1,Multiplicity:1.05
0.209	0.229	0.285	0.277
0.235	0.254	0.169	0.342
0.001	0.837	0.001	0.161
0.649	0.188	0.111	0.052
0.124	0.032	0.843	0.001
0.125	0.001	0.819	0.055
0.972	0.001	0.001	0.026
0.997	0.001	0.001	0.001
0.017	0.001	0.981	0.001
0.001	0.088	0.001	0.910
0.141	0.040	0.443	0.375
0.204	0.269	0.324	0.202
>CCACHAGGKGGC	6-CCACHAGGKGGC	10.084225	-143.956975	0	T:279.0(5.99%),B:814.7(1.84%),P:1e-62	Tpos:268.2,Tstd:242.9,Bpos:246.3,Bstd:140.2,StrandBias:-0.4,Multiplicity:1.02
0.201	0.797	0.001	0.001
0.001	0.997	0.001	0.001
0.997	0.001	0.001	0.001
0.001	0.565	0.371	0.063
0.311	0.340	0.057	0.292
0.795	0.001	0.104	0.100
0.001	0.001	0.997	0.001
0.346	0.001	0.634	0.019
0.001	0.001	0.524	0.474
0.068	0.001	0.930	0.001
0.001	0.001	0.853	0.145
0.131	0.609	0.001	0.259
>ATGASTCATANH	7-ATGASTCATANH	7.966845	-124.142890	0	T:542.0(11.63%),B:2514.3(5.67%),P:1e-53	Tpos:287.0,Tstd:237.4,Bpos:243.5,Bstd:142.7,StrandBias:0.0,Multiplicity:1.11
0.462	0.261	0.227	0.049
0.031	0.001	0.013	0.955
0.001	0.136	0.793	0.070
0.991	0.001	0.001	0.007
0.001	0.500	0.471	0.028
0.117	0.004	0.001	0.878
0.016	0.976	0.007	0.001
0.965	0.001	0.001	0.033
0.112	0.268	0.196	0.423
0.485	0.217	0.103	0.195
0.347	0.201	0.202	0.250
0.252	0.362	0.155	0.230
>TACCACACCTCA	8-TACCACACCTCA	8.064085	-67.790057	0	T:453.0(9.72%),B:2453.6(5.53%),P:1e-29	Tpos:289.3,Tstd:255.5,Bpos:242.4,Bstd:144.7,StrandBias:0.0,Multiplicity:1.05
0.102	0.189	0.141	0.568
0.593	0.086	0.203	0.118
0.157	0.577	0.075	0.191
0.105	0.800	0.001	0.094
0.762	0.053	0.027	0.158
0.162	0.813	0.021	0.004
0.804	0.114	0.008	0.074
0.001	0.732	0.103	0.164
0.119	0.745	0.001	0.135
0.144	0.093	0.001	0.762
0.014	0.902	0.003	0.081
0.647	0.115	0.001	0.237
>NNVTGACGTSAB	9-NNVTGACGTSAB	6.444834	-65.226878	0	T:443.0(9.51%),B:2411.8(5.44%),P:1e-28	Tpos:307.2,Tstd:261.4,Bpos:244.0,Bstd:157.1,StrandBias:0.0,Multiplicity:1.05
0.272	0.252	0.218	0.258
0.199	0.211	0.282	0.307
0.218	0.290	0.322	0.170
0.075	0.052	0.084	0.789
0.119	0.125	0.578	0.178
0.834	0.001	0.010	0.155
0.001	0.997	0.001	0.001
0.001	0.001	0.997	0.001
0.161	0.001	0.001	0.837
0.122	0.404	0.272	0.201
0.474	0.155	0.151	0.219
0.157	0.335	0.220	0.289
>GGGAAATCCCCT	10-GGGAAATCCCCT	8.800929	-59.572547	0	T:245.0(5.26%),B:1100.4(2.48%),P:1e-25	Tpos:297.2,Tstd:258.8,Bpos:236.3,Bstd:135.2,StrandBias:0.1,Multiplicity:1.06
0.083	0.001	0.879	0.037
0.138	0.001	0.812	0.049
0.083	0.015	0.887	0.015
0.765	0.001	0.233	0.001
0.820	0.152	0.011	0.017
0.659	0.076	0.053	0.212
0.128	0.168	0.218	0.486
0.058	0.669	0.067	0.206
0.131	0.842	0.001	0.026
0.022	0.941	0.001	0.036
0.049	0.889	0.001	0.061
0.181	0.188	0.028	0.603
>GHGGTTTCCTTA	11-GHGGTTTCCTTA	10.252795	-51.794961	0	T:82.0(1.76%),B:207.1(0.47%),P:1e-22	Tpos:249.1,Tstd:173.9,Bpos:225.0,Bstd:139.7,StrandBias:-0.2,Multiplicity:1.00
0.051	0.051	0.797	0.101
0.283	0.432	0.001	0.283
0.086	0.001	0.912	0.001
0.001	0.036	0.962	0.001
0.001	0.001	0.001	0.997
0.001	0.001	0.100	0.898
0.050	0.036	0.001	0.913
0.001	0.997	0.001	0.001
0.001	0.948	0.001	0.050
0.050	0.050	0.001	0.899
0.087	0.051	0.256	0.606
0.771	0.087	0.141	0.001
>AGGTGTGAAAAC	12-AGGTGTGAAAAC	9.177876	-50.740575	0	T:213.0(4.57%),B:966.3(2.18%),P:1e-22	Tpos:290.0,Tstd:241.6,Bpos:250.6,Bstd:145.5,StrandBias:-0.1,Multiplicity:1.04
0.910	0.001	0.056	0.033
0.086	0.014	0.804	0.096
0.122	0.077	0.744	0.057
0.045	0.001	0.063	0.891
0.053	0.010	0.864	0.073
0.094	0.001	0.088	0.817
0.064	0.085	0.769	0.082
0.853	0.026	0.093	0.028
0.962	0.036	0.001	0.001
0.819	0.070	0.054	0.057
0.756	0.066	0.099	0.079
0.083	0.809	0.074	0.034
>YNSGGTTTTGKC	13-YNSGGTTTTGKC	6.922929	-46.282579	0	T:683.0(14.66%),B:4562.9(10.29%),P:1e-20	Tpos:303.4,Tstd:237.5,Bpos:247.3,Bstd:149.8,StrandBias:-0.2,Multiplicity:1.10
0.132	0.368	0.008	0.492
0.173	0.270	0.275	0.283
0.030	0.439	0.514	0.017
0.162	0.323	0.488	0.026
0.345	0.012	0.613	0.030
0.286	0.044	0.008	0.662
0.004	0.003	0.013	0.980
0.004	0.013	0.004	0.979
0.089	0.276	0.179	0.455
0.013	0.335	0.613	0.039
0.008	0.270	0.425	0.297
0.146	0.591	0.008	0.255
>CACCCCGCCCTG	14-CACCCCGCCCTG	8.043624	-44.023231	0	T:672.0(14.42%),B:4518.0(10.19%),P:1e-19	Tpos:365.0,Tstd:295.6,Bpos:243.3,Bstd:160.5,StrandBias:0.0,Multiplicity:1.30
0.185	0.461	0.199	0.155
0.417	0.253	0.109	0.221
0.001	0.877	0.016	0.106
0.288	0.483	0.001	0.228
0.015	0.832	0.012	0.141
0.001	0.987	0.001	0.011
0.001	0.001	0.997	0.001
0.145	0.714	0.001	0.140
0.030	0.830	0.128	0.012
0.001	0.987	0.011	0.001
0.103	0.219	0.185	0.493
0.091	0.311	0.514	0.084
>GCTCGCTGATTG	15-GCTCGCTGATTG	10.600858	-34.773564	0	T:20.0(0.43%),B:15.4(0.03%),P:1e-15	Tpos:318.5,Tstd:198.5,Bpos:196.4,Bstd:124.1,StrandBias:0.5,Multiplicity:1.00
0.049	0.164	0.643	0.144
0.095	0.682	0.115	0.108
0.231	0.146	0.033	0.590
0.263	0.532	0.064	0.141
0.249	0.077	0.542	0.132
0.040	0.800	0.090	0.070
0.106	0.020	0.010	0.864
0.001	0.116	0.882	0.001
0.574	0.211	0.214	0.001
0.052	0.154	0.144	0.650
0.045	0.032	0.057	0.866
0.155	0.057	0.669	0.119
>AAGAACACACCC	16-AAGAACACACCC	14.163926	-22.898699	0	T:13.0(0.28%),B:11.0(0.02%),P:1e-9	Tpos:282.6,Tstd:228.3,Bpos:223.7,Bstd:54.6,StrandBias:-0.3,Multiplicity:1.00
0.997	0.001	0.001	0.001
0.997	0.001	0.001	0.001
0.001	0.001	0.997	0.001
0.703	0.295	0.001	0.001
0.703	0.295	0.001	0.001
0.001	0.997	0.001	0.001
0.997	0.001	0.001	0.001
0.001	0.997	0.001	0.001
0.997	0.001	0.001	0.001
0.001	0.997	0.001	0.001
0.001	0.997	0.001	0.001
0.001	0.997	0.001	0.001
>TAACGCGCGCGT	17-TAACGCGCGCGT	12.441120	-20.192187	0	T:6.0(0.13%),B:1.8(0.00%),P:1e-8	Tpos:307.0,Tstd:238.3,Bpos:443.0,Bstd:0.0,StrandBias:0.4,Multiplicity:1.00
0.106	0.001	0.227	0.666
0.575	0.001	0.106	0.318
0.787	0.106	0.001	0.106
0.001	0.893	0.105	0.001
0.001	0.001	0.997	0.001
0.211	0.787	0.001	0.001
0.001	0.001	0.997	0.001
0.001	0.893	0.105	0.001
0.106	0.001	0.787	0.106
0.001	0.997	0.001	0.001
0.001	0.001	0.893	0.105
0.001	0.015	0.212	0.772
>GCTTGCTAACAG	18-GCTTGCTAACAG	-4.114775	-15.153137	0	T:553.0(11.87%),B:4268.5(9.62%),P:1e-6	Tpos:304.3,Tstd:256.2,Bpos:243.9,Bstd:141.9,StrandBias:0.0,Multiplicity:1.08
0.001	0.001	0.997	0.001
0.001	0.997	0.001	0.001
0.124	0.001	0.001	0.874
0.001	0.001	0.001	0.997
0.001	0.001	0.997	0.001
0.001	0.997	0.001	0.001
0.001	0.001	0.001	0.997
0.997	0.001	0.001	0.001
0.997	0.001	0.001	0.001
0.001	0.997	0.001	0.001
0.997	0.001	0.001	0.001
0.001	0.001	0.997	0.001
>CATCTCCGCCCT	19-CATCTCCGCCCT	13.780087	-13.494002	0	T:7.0(0.15%),B:5.5(0.01%),P:1e-5	Tpos:306.1,Tstd:112.1,Bpos:311.5,Bstd:97.2,StrandBias:1.4,Multiplicity:2.57
0.001	0.997	0.001	0.001
0.997	0.001	0.001	0.001
0.001	0.001	0.001	0.997
0.001	0.997	0.001	0.001
0.001	0.001	0.001	0.997
0.001	0.997	0.001	0.001
0.001	0.997	0.001	0.001
0.001	0.001	0.997	0.001
0.001	0.835	0.163	0.001
0.001	0.997	0.001	0.001
0.001	0.997	0.001	0.001
0.071	0.001	0.001	0.927
>CGTCACAGCTAC	20-CGTCACAGCTAC	13.597091	-13.494002	0	T:7.0(0.15%),B:5.3(0.01%),P:1e-5	Tpos:259.9,Tstd:151.0,Bpos:219.4,Bstd:193.8,StrandBias:1.9,Multiplicity:2.00
0.001	0.997	0.001	0.001
0.253	0.067	0.679	0.001
0.001	0.001	0.225	0.773
0.001	0.997	0.001	0.001
0.979	0.001	0.001	0.019
0.001	0.773	0.225	0.001
0.997	0.001	0.001	0.001
0.001	0.294	0.704	0.001
0.001	0.773	0.225	0.001
0.001	0.001	0.225	0.773
0.997	0.001	0.001	0.001
0.001	0.997	0.001	0.001
>CTGCTCTAGACT	21-CTGCTCTAGACT	13.770260	-11.320596	0	T:7.0(0.15%),B:7.6(0.02%),P:1e-4	Tpos:209.4,Tstd:145.9,Bpos:260.7,Bstd:135.1,StrandBias:0.0,Multiplicity:1.71
0.001	0.915	0.001	0.083
0.001	0.001	0.001	0.997
0.083	0.001	0.915	0.001
0.001	0.997	0.001	0.001
0.001	0.001	0.083	0.915
0.001	0.997	0.001	0.001
0.001	0.001	0.001	0.997
0.997	0.001	0.001	0.001
0.001	0.083	0.915	0.001
0.997	0.001	0.001	0.001
0.001	0.915	0.001	0.083
0.001	0.001	0.001	0.997
>ATGTGTTAGAGG	22-ATGTGTTAGAGG	12.355432	-8.630869	0	T:3.0(0.06%),B:1.8(0.00%),P:1e-3	Tpos:383.5,Tstd:128.5,Bpos:118.8,Bstd:87.9,StrandBias:10.0,Multiplicity:12.00
0.700	0.100	0.100	0.100
0.100	0.100	0.100	0.700
0.100	0.100	0.700	0.100
0.100	0.100	0.100	0.700
0.100	0.100	0.700	0.100
0.100	0.100	0.100	0.700
0.100	0.100	0.100	0.700
0.700	0.100	0.100	0.100
0.100	0.100	0.700	0.100
0.700	0.100	0.100	0.100
0.100	0.100	0.700	0.100
0.100	0.100	0.700	0.100
>CATCTACAAGAC	23-CATCTACAAGAC	14.149074	-3.952465	0	T:2.0(0.04%),B:2.5(0.01%),P:1e-1	Tpos:236.9,Tstd:78.5,Bpos:312.9,Bstd:84.9,StrandBias:3.0,Multiplicity:4.50
0.001	0.997	0.001	0.001
0.997	0.001	0.001	0.001
0.001	0.001	0.001	0.997
0.001	0.997	0.001	0.001
0.001	0.001	0.001	0.997
0.997	0.001	0.001	0.001
0.001	0.912	0.086	0.001
0.997	0.001	0.001	0.001
0.997	0.001	0.001	0.001
0.001	0.001	0.997	0.001
0.997	0.001	0.001	0.001
0.001	0.997	0.001	0.001
>GTCCTCCACACA	24-GTCCTCCACACA	12.355432	-1.308112	0	T:1.0(0.02%),B:3.9(0.01%),P:1e0	Tpos:255.7,Tstd:150.8,Bpos:265.5,Bstd:128.2,StrandBias:10.0,Multiplicity:15.00
0.100	0.100	0.700	0.100
0.100	0.100	0.100	0.700
0.100	0.700	0.100	0.100
0.100	0.700	0.100	0.100
0.100	0.100	0.100	0.700
0.100	0.700	0.100	0.100
0.100	0.700	0.100	0.100
0.700	0.100	0.100	0.100
0.100	0.700	0.100	0.100
0.700	0.100	0.100	0.100
0.100	0.700	0.100	0.100
0.700	0.100	0.100	0.100
>NNNNNNNNNNNN	25-NNNNNNNNNNNN	-nan	0.000000	0	T:0.0(0.00%),B:0.0(0.00%),P:1e0	Tpos:0.0,Tstd:0.0,Bpos:0.0,Bstd:0.0,StrandBias:0.0,Multiplicity:1.00
-nan	-nan	-nan	-nan
-nan	-nan	-nan	-nan
-nan	-nan	-nan	-nan
-nan	-nan	-nan	-nan
-nan	-nan	-nan	-nan
-nan	-nan	-nan	-nan
-nan	-nan	-nan	-nan
-nan	-nan	-nan	-nan
-nan	-nan	-nan	-nan
-nan	-nan	-nan	-nan
-nan	-nan	-nan	-nan
-nan	-nan	-nan	-nan
