>AAACCACA	1-AAACCACA	6.711175	-386.905729	0	T:1815.0(38.96%),B:9359.8(21.10%),P:1e-168	Tpos:292.8,Tstd:237.3,Bpos:242.7,Bstd:148.5,StrandBias:0.1,Multiplicity:1.36
0.734	0.102	0.039	0.125
0.948	0.001	0.050	0.001
0.847	0.043	0.109	0.001
0.001	0.997	0.001	0.001
0.001	0.997	0.001	0.001
0.913	0.027	0.024	0.036
0.023	0.967	0.001	0.009
0.922	0.034	0.007	0.037
>AGGAAGTG	2-AGGAAGTG	7.807517	-372.847913	0	T:1362.0(29.23%),B:6142.8(13.85%),P:1e-161	Tpos:307.6,Tstd:247.1,Bpos:243.7,Bstd:143.6,StrandBias:0.2,Multiplicity:1.22
0.936	0.062	0.001	0.001
0.001	0.001	0.997	0.001
0.001	0.001	0.997	0.001
0.997	0.001	0.001	0.001
0.887	0.001	0.001	0.111
0.172	0.001	0.826	0.001
0.001	0.001	0.001	0.997
0.087	0.076	0.836	0.001
>ACCGGAAG	3-ACCGGAAG	4.770619	-279.206847	0	T:1037.0(22.26%),B:4608.5(10.39%),P:1e-121	Tpos:289.2,Tstd:220.7,Bpos:243.6,Bstd:146.9,StrandBias:-0.1,Multiplicity:1.14
0.989	0.001	0.009	0.001
0.001	0.997	0.001	0.001
0.077	0.921	0.001	0.001
0.001	0.001	0.997	0.001
0.001	0.001	0.997	0.001
0.997	0.001	0.001	0.001
0.997	0.001	0.001	0.001
0.024	0.001	0.974	0.001
>ACMGGAAG	4-ACMGGAAG	5.703805	-276.362250	0	T:2238.0(48.04%),B:14007.0(31.58%),P:1e-120	Tpos:308.5,Tstd:258.4,Bpos:243.4,Bstd:144.5,StrandBias:-0.1,Multiplicity:1.24
0.451	0.213	0.271	0.065
0.001	0.583	0.233	0.183
0.373	0.464	0.147	0.016
0.001	0.001	0.932	0.066
0.095	0.138	0.642	0.125
0.834	0.001	0.164	0.001
0.588	0.241	0.001	0.170
0.312	0.202	0.485	0.001
>ATGASTCA	5-ATGASTCA	6.966158	-147.694846	0	T:778.0(16.70%),B:3928.1(8.86%),P:1e-64	Tpos:281.5,Tstd:232.6,Bpos:245.1,Bstd:143.3,StrandBias:0.0,Multiplicity:1.13
0.499	0.143	0.221	0.136
0.006	0.124	0.001	0.869
0.024	0.039	0.787	0.150
0.923	0.027	0.028	0.022
0.027	0.541	0.395	0.037
0.046	0.001	0.090	0.863
0.186	0.697	0.070	0.047
0.828	0.019	0.080	0.073
>TGTGGTCA	6-TGTGGTCA	7.283680	-113.950982	0	T:759.0(16.29%),B:4149.8(9.36%),P:1e-49	Tpos:296.9,Tstd:249.2,Bpos:242.2,Bstd:143.5,StrandBias:-0.1,Multiplicity:1.12
0.001	0.001	0.001	0.997
0.001	0.001	0.997	0.001
0.001	0.045	0.001	0.953
0.001	0.034	0.964	0.001
0.001	0.001	0.997	0.001
0.001	0.108	0.001	0.890
0.169	0.663	0.167	0.001
0.876	0.001	0.122	0.001
>TTTCGGTT	7-TTTCGGTT	5.438098	-99.384254	0	T:1337.0(28.70%),B:8948.9(20.18%),P:1e-43	Tpos:317.2,Tstd:273.2,Bpos:243.1,Bstd:153.4,StrandBias:-0.0,Multiplicity:1.29
0.080	0.083	0.100	0.737
0.075	0.141	0.047	0.737
0.074	0.080	0.124	0.722
0.015	0.859	0.068	0.058
0.142	0.047	0.810	0.001
0.147	0.145	0.556	0.152
0.069	0.045	0.057	0.829
0.089	0.107	0.050	0.754
>GGGTGGGG	8-GGGTGGGG	8.407982	-99.261922	0	T:1112.0(23.87%),B:7096.3(16.00%),P:1e-43	Tpos:322.3,Tstd:276.2,Bpos:244.6,Bstd:144.0,StrandBias:0.0,Multiplicity:1.33
0.001	0.001	0.997	0.001
0.001	0.001	0.997	0.001
0.001	0.001	0.997	0.001
0.001	0.001	0.001	0.997
0.001	0.001	0.997	0.001
0.001	0.037	0.838	0.124
0.356	0.035	0.608	0.001
0.077	0.001	0.921	0.001
>ACATCCBC	9-ACATCCBC	7.241114	-97.232156	0	T:620.0(13.31%),B:3323.2(7.49%),P:1e-42	Tpos:290.2,Tstd:258.8,Bpos:236.6,Bstd:141.4,StrandBias:0.1,Multiplicity:1.05
0.923	0.001	0.032	0.044
0.041	0.845	0.071	0.043
0.783	0.131	0.022	0.064
0.068	0.037	0.001	0.894
0.313	0.592	0.001	0.094
0.126	0.742	0.067	0.065
0.001	0.288	0.411	0.300
0.078	0.625	0.296	0.001
>CACGCCCM	10-CACGCCCM	3.948981	-91.649449	0	T:1517.0(32.56%),B:10623.3(23.95%),P:1e-39	Tpos:341.5,Tstd:277.2,Bpos:241.9,Bstd:157.3,StrandBias:0.0,Multiplicity:1.89
0.179	0.811	0.001	0.009
0.596	0.402	0.001	0.001
0.001	0.997	0.001	0.001
0.004	0.001	0.994	0.001
0.001	0.997	0.001	0.001
0.001	0.997	0.001	0.001
0.095	0.790	0.001	0.114
0.523	0.475	0.001	0.001
>AGCCACAA	11-AGCCACAA	9.796041	-79.836387	0	T:353.0(7.58%),B:1636.7(3.69%),P:1e-34	Tpos:300.1,Tstd:273.7,Bpos:249.4,Bstd:148.1,StrandBias:0.2,Multiplicity:1.01
0.997	0.001	0.001	0.001
0.001	0.323	0.675	0.001
0.001	0.997	0.001	0.001
0.001	0.997	0.001	0.001
0.997	0.001	0.001	0.001
0.134	0.864	0.001	0.001
0.997	0.001	0.001	0.001
0.997	0.001	0.001	0.001
>AGGTGTGA	12-AGGTGTGA	7.279242	-78.730815	0	T:893.0(19.17%),B:5669.7(12.78%),P:1e-34	Tpos:291.9,Tstd:236.3,Bpos:241.3,Bstd:145.2,StrandBias:-0.1,Multiplicity:1.13
0.912	0.001	0.054	0.033
0.103	0.043	0.781	0.073
0.041	0.043	0.915	0.001
0.001	0.001	0.023	0.975
0.001	0.001	0.997	0.001
0.080	0.001	0.001	0.918
0.023	0.154	0.693	0.130
0.997	0.001	0.001	0.001
>NGCGGTAN	13-NGCGGTAN	3.622901	-66.313630	0	T:1464.0(31.42%),B:10716.1(24.16%),P:1e-28	Tpos:330.0,Tstd:266.8,Bpos:242.9,Bstd:157.4,StrandBias:-0.1,Multiplicity:1.51
0.237	0.319	0.213	0.231
0.122	0.135	0.601	0.142
0.139	0.599	0.134	0.128
0.088	0.164	0.632	0.116
0.138	0.226	0.465	0.170
0.170	0.114	0.135	0.581
0.531	0.151	0.110	0.208
0.274	0.185	0.259	0.282
>TGACGTAA	14-TGACGTAA	6.035432	-53.307329	0	T:855.0(18.35%),B:5828.3(13.14%),P:1e-23	Tpos:315.0,Tstd:258.8,Bpos:239.9,Bstd:150.9,StrandBias:-0.1,Multiplicity:1.14
0.001	0.007	0.001	0.991
0.001	0.086	0.895	0.018
0.909	0.001	0.040	0.050
0.004	0.935	0.060	0.001
0.151	0.001	0.847	0.001
0.001	0.159	0.066	0.774
0.520	0.245	0.146	0.089
0.564	0.137	0.132	0.167
>CAGGGCGG	15-CAGGGCGG	6.976569	-52.570372	0	T:544.0(11.68%),B:3345.8(7.54%),P:1e-22	Tpos:331.1,Tstd:259.4,Bpos:245.6,Bstd:156.7,StrandBias:0.0,Multiplicity:1.27
0.206	0.436	0.112	0.246
0.997	0.001	0.001	0.001
0.001	0.001	0.997	0.001
0.001	0.001	0.997	0.001
0.001	0.001	0.925	0.073
0.001	0.997	0.001	0.001
0.001	0.001	0.997	0.001
0.074	0.001	0.924	0.001
>TTMGMAAC	16-TTMGMAAC	5.149969	-49.762316	0	T:1938.0(41.60%),B:15418.9(34.77%),P:1e-21	Tpos:302.4,Tstd:261.3,Bpos:242.7,Bstd:147.4,StrandBias:-0.0,Multiplicity:1.38
0.263	0.097	0.221	0.419
0.213	0.162	0.045	0.580
0.313	0.371	0.168	0.148
0.227	0.063	0.709	0.001
0.445	0.317	0.049	0.189
0.802	0.001	0.001	0.196
0.715	0.185	0.099	0.001
0.001	0.948	0.050	0.001
>GATTGGTT	17-GATTGGTT	6.278368	-44.190941	0	T:848.0(18.20%),B:5969.1(13.46%),P:1e-19	Tpos:321.3,Tstd:264.3,Bpos:241.5,Bstd:148.1,StrandBias:0.0,Multiplicity:1.19
0.001	0.015	0.983	0.001
0.749	0.001	0.249	0.001
0.001	0.001	0.001	0.997
0.001	0.113	0.001	0.885
0.162	0.042	0.795	0.001
0.001	0.001	0.997	0.001
0.037	0.047	0.376	0.540
0.001	0.378	0.001	0.620
>TCGCTAAA	18-TCGCTAAA	7.873547	-32.891994	0	T:95.0(2.04%),B:363.6(0.82%),P:1e-14	Tpos:266.6,Tstd:198.7,Bpos:235.0,Bstd:162.3,StrandBias:0.3,Multiplicity:1.01
0.001	0.001	0.001	0.997
0.001	0.997	0.001	0.001
0.001	0.001	0.997	0.001
0.001	0.893	0.105	0.001
0.065	0.001	0.071	0.863
0.997	0.001	0.001	0.001
0.701	0.192	0.001	0.106
0.997	0.001	0.001	0.001
>CCTAGTGG	19-CCTAGTGG	7.489704	-31.040523	0	T:290.0(6.22%),B:1735.8(3.91%),P:1e-13	Tpos:304.5,Tstd:234.0,Bpos:243.3,Bstd:149.7,StrandBias:-0.2,Multiplicity:1.03
0.001	0.859	0.139	0.001
0.001	0.953	0.045	0.001
0.001	0.001	0.001	0.997
0.997	0.001	0.001	0.001
0.001	0.001	0.883	0.115
0.001	0.107	0.001	0.891
0.001	0.001	0.906	0.092
0.001	0.001	0.997	0.001
>TAGAKCGC	20-TAGAKCGC	7.704267	-30.423961	0	T:310.0(6.65%),B:1897.2(4.28%),P:1e-13	Tpos:319.8,Tstd:282.3,Bpos:245.1,Bstd:151.0,StrandBias:-0.1,Multiplicity:1.05
0.001	0.126	0.001	0.872
0.997	0.001	0.001	0.001
0.352	0.001	0.646	0.001
0.950	0.048	0.001	0.001
0.001	0.001	0.552	0.446
0.001	0.800	0.198	0.001
0.001	0.001	0.997	0.001
0.001	0.997	0.001	0.001
>GGGATTTC	21-GGGATTTC	8.236954	-24.980819	0	T:108.0(2.32%),B:503.3(1.13%),P:1e-10	Tpos:315.9,Tstd:280.1,Bpos:257.3,Bstd:136.9,StrandBias:-0.4,Multiplicity:1.01
0.100	0.100	0.700	0.100
0.100	0.100	0.700	0.100
0.100	0.100	0.700	0.100
0.700	0.100	0.100	0.100
0.100	0.100	0.100	0.700
0.100	0.100	0.100	0.700
0.100	0.100	0.100	0.700
0.100	0.700	0.100	0.100
>TGCTTATC	22-TGCTTATC	9.013597	-16.893882	0	T:84.0(1.80%),B:419.5(0.95%),P:1e-7	Tpos:264.3,Tstd:225.8,Bpos:225.0,Bstd:128.5,StrandBias:0.0,Multiplicity:1.02
0.001	0.001	0.001	0.997
0.001	0.001	0.997	0.001
0.001	0.997	0.001	0.001
0.001	0.001	0.128	0.870
0.001	0.001	0.001	0.997
0.997	0.001	0.001	0.001
0.001	0.001	0.001	0.997
0.001	0.997	0.001	0.001
