>RCAGGAAGTG	1-RCAGGAAGTG	6.545264	-478.220666	0	T:1670.0(35.84%),B:7552.5(17.03%),P:1e-207	Tpos:303.7,Tstd:237.1,Bpos:242.4,Bstd:142.9,StrandBias:0.1,Multiplicity:1.31
0.434	0.125	0.297	0.145
0.198	0.539	0.178	0.085
0.536	0.271	0.126	0.067
0.085	0.064	0.834	0.017
0.152	0.043	0.741	0.064
0.941	0.028	0.019	0.012
0.627	0.043	0.058	0.272
0.267	0.153	0.568	0.012
0.114	0.318	0.069	0.500
0.217	0.211	0.419	0.153
>TGTGGTTTNN	2-TGTGGTTTNN	6.789916	-396.300156	0	T:1442.0(30.95%),B:6529.4(14.72%),P:1e-172	Tpos:289.5,Tstd:241.1,Bpos:241.9,Bstd:148.1,StrandBias:-0.1,Multiplicity:1.25
0.130	0.055	0.107	0.708
0.063	0.066	0.773	0.098
0.101	0.096	0.099	0.704
0.056	0.090	0.805	0.049
0.032	0.023	0.930	0.015
0.005	0.141	0.079	0.775
0.057	0.114	0.089	0.740
0.228	0.107	0.139	0.526
0.206	0.304	0.280	0.210
0.192	0.272	0.302	0.235
>YHAYWTCCGC	3-YHAYWTCCGC	5.719657	-313.531825	0	T:1472.0(31.59%),B:7415.4(16.72%),P:1e-136	Tpos:308.7,Tstd:239.0,Bpos:241.9,Bstd:146.2,StrandBias:0.1,Multiplicity:1.15
0.207	0.427	0.013	0.353
0.309	0.335	0.097	0.259
0.530	0.009	0.267	0.194
0.107	0.464	0.008	0.421
0.355	0.148	0.006	0.490
0.007	0.170	0.002	0.821
0.098	0.646	0.002	0.254
0.006	0.676	0.174	0.144
0.011	0.144	0.522	0.323
0.201	0.399	0.198	0.202
>GAAACCGCAA	4-GAAACCGCAA	5.038831	-202.332458	0	T:2090.0(44.86%),B:13714.5(30.92%),P:1e-87	Tpos:304.9,Tstd:251.1,Bpos:243.5,Bstd:151.1,StrandBias:-0.0,Multiplicity:1.37
0.130	0.118	0.672	0.080
0.722	0.092	0.082	0.104
0.758	0.082	0.095	0.065
0.725	0.109	0.099	0.067
0.091	0.707	0.115	0.087
0.102	0.702	0.080	0.116
0.120	0.105	0.682	0.093
0.149	0.647	0.117	0.087
0.691	0.111	0.099	0.099
0.695	0.094	0.124	0.087
>GCCCCGCCCH	5-GCCCCGCCCH	7.950998	-198.300249	0	T:1355.0(29.08%),B:7688.3(17.34%),P:1e-86	Tpos:323.8,Tstd:264.4,Bpos:239.9,Bstd:150.0,StrandBias:0.0,Multiplicity:1.61
0.290	0.001	0.498	0.211
0.009	0.688	0.029	0.274
0.096	0.609	0.001	0.294
0.343	0.655	0.001	0.001
0.001	0.997	0.001	0.001
0.347	0.001	0.625	0.027
0.001	0.997	0.001	0.001
0.001	0.997	0.001	0.001
0.001	0.855	0.001	0.143
0.323	0.396	0.001	0.280
>TGASTCATAC	6-TGASTCATAC	7.131738	-156.996838	0	T:710.0(15.24%),B:3368.8(7.60%),P:1e-68	Tpos:282.1,Tstd:233.6,Bpos:245.2,Bstd:142.4,StrandBias:-0.0,Multiplicity:1.12
0.052	0.034	0.010	0.904
0.007	0.040	0.821	0.132
0.907	0.026	0.030	0.037
0.016	0.422	0.504	0.058
0.001	0.012	0.055	0.932
0.068	0.912	0.019	0.001
0.963	0.001	0.026	0.010
0.126	0.252	0.153	0.469
0.477	0.270	0.118	0.135
0.165	0.441	0.186	0.208
>TTGTGGCTWA	7-TTGTGGCTWA	8.097076	-126.753906	0	T:698.0(14.98%),B:3568.3(8.05%),P:1e-55	Tpos:291.7,Tstd:239.7,Bpos:246.5,Bstd:144.2,StrandBias:0.1,Multiplicity:1.09
0.062	0.269	0.001	0.668
0.119	0.015	0.073	0.793
0.001	0.001	0.997	0.001
0.001	0.001	0.001	0.997
0.001	0.001	0.978	0.020
0.001	0.001	0.997	0.001
0.001	0.696	0.302	0.001
0.098	0.137	0.105	0.660
0.270	0.135	0.179	0.417
0.474	0.055	0.182	0.290
>ACAGGAAGST	8-ACAGGAAGST	8.503635	-111.083999	0	T:952.0(20.43%),B:5649.7(12.74%),P:1e-48	Tpos:294.3,Tstd:234.1,Bpos:246.4,Bstd:141.8,StrandBias:-0.1,Multiplicity:1.09
0.750	0.127	0.001	0.122
0.001	0.766	0.232	0.001
0.997	0.001	0.001	0.001
0.001	0.001	0.997	0.001
0.089	0.001	0.909	0.001
0.997	0.001	0.001	0.001
0.997	0.001	0.001	0.001
0.260	0.001	0.738	0.001
0.210	0.403	0.386	0.001
0.189	0.254	0.060	0.497
>GAGGTGTGRH	9-GAGGTGTGRH	6.694395	-108.571779	0	T:1659.0(35.61%),B:11518.9(25.97%),P:1e-47	Tpos:300.2,Tstd:244.3,Bpos:240.1,Bstd:144.6,StrandBias:-0.0,Multiplicity:1.27
0.267	0.001	0.474	0.258
0.685	0.001	0.116	0.198
0.023	0.001	0.918	0.058
0.055	0.125	0.819	0.001
0.001	0.126	0.001	0.872
0.001	0.105	0.893	0.001
0.370	0.001	0.001	0.628
0.089	0.099	0.757	0.055
0.459	0.139	0.369	0.034
0.311	0.318	0.165	0.206
>TGWCGTMABM	10-TGWCGTMABM	6.721528	-77.391254	0	T:538.0(11.55%),B:2957.6(6.67%),P:1e-33	Tpos:293.3,Tstd:217.1,Bpos:240.3,Bstd:146.7,StrandBias:-0.2,Multiplicity:1.08
0.001	0.048	0.074	0.877
0.045	0.134	0.566	0.255
0.448	0.088	0.127	0.337
0.001	0.572	0.330	0.097
0.235	0.106	0.658	0.001
0.001	0.366	0.001	0.632
0.316	0.383	0.139	0.162
0.997	0.001	0.001	0.001
0.001	0.422	0.291	0.286
0.323	0.387	0.214	0.077
>GGGGATTTCC	11-GGGGATTTCC	8.724683	-65.934484	0	T:273.0(5.86%),B:1229.9(2.77%),P:1e-28	Tpos:321.3,Tstd:265.8,Bpos:237.1,Bstd:138.1,StrandBias:0.1,Multiplicity:1.05
0.001	0.001	0.997	0.001
0.001	0.037	0.961	0.001
0.001	0.001	0.997	0.001
0.216	0.001	0.748	0.035
0.642	0.156	0.142	0.060
0.300	0.013	0.041	0.646
0.079	0.001	0.153	0.767
0.001	0.182	0.001	0.816
0.092	0.906	0.001	0.001
0.091	0.907	0.001	0.001
>TAGGTGGCGC	12-TAGGTGGCGC	8.943339	-54.102609	0	T:154.0(3.31%),B:577.8(1.30%),P:1e-23	Tpos:301.4,Tstd:268.8,Bpos:247.6,Bstd:153.4,StrandBias:-0.4,Multiplicity:1.06
0.162	0.134	0.001	0.703
0.968	0.001	0.030	0.001
0.114	0.001	0.884	0.001
0.293	0.029	0.628	0.050
0.001	0.001	0.226	0.772
0.059	0.001	0.939	0.001
0.067	0.001	0.830	0.102
0.061	0.937	0.001	0.001
0.104	0.001	0.894	0.001
0.001	0.859	0.131	0.009
>GCGCGCGAAA	13-GCGCGCGAAA	7.011877	-43.064414	0	T:272.0(5.84%),B:1444.7(3.26%),P:1e-18	Tpos:334.9,Tstd:238.4,Bpos:248.6,Bstd:174.4,StrandBias:0.0,Multiplicity:1.22
0.033	0.100	0.812	0.055
0.058	0.777	0.061	0.104
0.025	0.078	0.842	0.055
0.070	0.819	0.051	0.060
0.027	0.071	0.857	0.045
0.080	0.806	0.088	0.026
0.035	0.071	0.811	0.083
0.750	0.048	0.119	0.083
0.738	0.074	0.091	0.097
0.794	0.057	0.075	0.074
>GAGGAAGGAA	14-GAGGAAGGAA	10.108320	-41.992450	0	T:220.0(4.72%),B:1093.1(2.46%),P:1e-18	Tpos:284.5,Tstd:216.8,Bpos:236.6,Bstd:143.9,StrandBias:-0.1,Multiplicity:1.01
0.001	0.292	0.622	0.085
0.671	0.305	0.012	0.012
0.013	0.065	0.921	0.001
0.001	0.001	0.997	0.001
0.891	0.107	0.001	0.001
0.983	0.001	0.015	0.001
0.001	0.001	0.997	0.001
0.001	0.001	0.997	0.001
0.997	0.001	0.001	0.001
0.586	0.001	0.001	0.412
>CGATTGGCTA	15-CGATTGGCTA	8.079294	-39.008073	0	T:116.0(2.49%),B:448.2(1.01%),P:1e-16	Tpos:279.0,Tstd:192.6,Bpos:240.7,Bstd:147.9,StrandBias:0.0,Multiplicity:1.07
0.044	0.755	0.047	0.154
0.054	0.072	0.818	0.056
0.840	0.041	0.090	0.029
0.074	0.039	0.029	0.858
0.034	0.047	0.083	0.836
0.057	0.085	0.797	0.061
0.070	0.051	0.832	0.047
0.071	0.716	0.058	0.155
0.052	0.062	0.039	0.847
0.707	0.069	0.129	0.095
>GCCCTCTAGT	16-GCCCTCTAGT	10.306542	-31.454686	0	T:56.0(1.20%),B:158.1(0.36%),P:1e-13	Tpos:245.2,Tstd:246.6,Bpos:239.3,Bstd:145.9,StrandBias:0.5,Multiplicity:1.02
0.090	0.001	0.908	0.001
0.001	0.997	0.001	0.001
0.001	0.958	0.040	0.001
0.001	0.997	0.001	0.001
0.073	0.001	0.001	0.925
0.001	0.997	0.001	0.001
0.001	0.001	0.001	0.997
0.865	0.001	0.133	0.001
0.001	0.001	0.997	0.001
0.001	0.001	0.001	0.997
>SCCCTAGTGG	17-SCCCTAGTGG	10.297984	-28.773777	0	T:52.0(1.12%),B:149.8(0.34%),P:1e-12	Tpos:293.2,Tstd:251.6,Bpos:236.6,Bstd:144.8,StrandBias:-0.4,Multiplicity:1.00
0.033	0.484	0.471	0.012
0.100	0.890	0.009	0.001
0.001	0.997	0.001	0.001
0.001	0.746	0.252	0.001
0.001	0.001	0.001	0.997
0.997	0.001	0.001	0.001
0.063	0.043	0.798	0.096
0.001	0.001	0.001	0.997
0.001	0.001	0.997	0.001
0.001	0.001	0.997	0.001
>TAGTACGAGC	18-TAGTACGAGC	11.003432	-28.730275	0	T:8.0(0.17%),B:2.0(0.00%),P:1e-12	Tpos:306.0,Tstd:243.3,Bpos:165.7,Bstd:107.1,StrandBias:0.0,Multiplicity:1.00
0.152	0.063	0.127	0.658
0.932	0.001	0.001	0.066
0.127	0.063	0.683	0.127
0.062	0.001	0.001	0.936
0.590	0.001	0.063	0.346
0.123	0.875	0.001	0.001
0.001	0.001	0.997	0.001
0.809	0.001	0.063	0.127
0.063	0.190	0.684	0.063
0.001	0.875	0.001	0.123
>GTATACCGCT	19-GTATACCGCT	10.664763	-27.097261	0	T:24.0(0.52%),B:35.5(0.08%),P:1e-11	Tpos:310.8,Tstd:188.8,Bpos:243.5,Bstd:159.3,StrandBias:0.5,Multiplicity:1.00
0.001	0.001	0.997	0.001
0.001	0.217	0.001	0.781
0.997	0.001	0.001	0.001
0.001	0.001	0.391	0.607
0.997	0.001	0.001	0.001
0.001	0.736	0.001	0.262
0.001	0.997	0.001	0.001
0.001	0.001	0.997	0.001
0.001	0.997	0.001	0.001
0.185	0.001	0.001	0.813
>TAGTTTCCTC	20-TAGTTTCCTC	9.371623	-24.397740	0	T:204.0(4.38%),B:1188.1(2.68%),P:1e-10	Tpos:301.5,Tstd:256.6,Bpos:251.2,Bstd:148.5,StrandBias:-0.1,Multiplicity:1.02
0.001	0.001	0.398	0.600
0.725	0.001	0.273	0.001
0.302	0.001	0.696	0.001
0.001	0.001	0.001	0.997
0.001	0.227	0.237	0.535
0.001	0.001	0.001	0.997
0.001	0.782	0.001	0.216
0.001	0.997	0.001	0.001
0.178	0.023	0.001	0.798
0.001	0.916	0.001	0.082
>TCGTAGATGA	21-TCGTAGATGA	13.700082	-20.192187	0	T:6.0(0.13%),B:0.7(0.00%),P:1e-8	Tpos:133.8,Tstd:79.2,Bpos:83.0,Bstd:0.0,StrandBias:1.0,Multiplicity:1.00
0.001	0.125	0.001	0.873
0.001	0.997	0.001	0.001
0.001	0.001	0.997	0.001
0.001	0.001	0.001	0.997
0.997	0.001	0.001	0.001
0.001	0.001	0.997	0.001
0.997	0.001	0.001	0.001
0.001	0.001	0.001	0.997
0.001	0.001	0.997	0.001
0.997	0.001	0.001	0.001
>AGTCTAGAGC	22-AGTCTAGAGC	12.185642	-18.834914	0	T:21.0(0.45%),B:42.0(0.09%),P:1e-8	Tpos:363.5,Tstd:256.9,Bpos:241.6,Bstd:150.5,StrandBias:0.6,Multiplicity:1.19
0.997	0.001	0.001	0.001
0.192	0.001	0.806	0.001
0.001	0.001	0.001	0.997
0.001	0.997	0.001	0.001
0.001	0.001	0.001	0.997
0.997	0.001	0.001	0.001
0.001	0.001	0.997	0.001
0.997	0.001	0.001	0.001
0.001	0.001	0.997	0.001
0.001	0.997	0.001	0.001
>ACTTGAGAAA	23-ACTTGAGAAA	10.296193	-17.422147	0	T:25.0(0.54%),B:62.9(0.14%),P:1e-7	Tpos:217.5,Tstd:168.3,Bpos:249.0,Bstd:152.6,StrandBias:0.1,Multiplicity:1.04
0.700	0.100	0.100	0.100
0.100	0.700	0.100	0.100
0.100	0.100	0.100	0.700
0.100	0.100	0.100	0.700
0.100	0.100	0.700	0.100
0.700	0.100	0.100	0.100
0.100	0.100	0.700	0.100
0.700	0.100	0.100	0.100
0.700	0.100	0.100	0.100
0.700	0.100	0.100	0.100
>TAACKTCCKA	24-TAACKTCCKA	9.668366	-14.860136	0	T:45.0(0.97%),B:183.3(0.41%),P:1e-6	Tpos:282.6,Tstd:213.9,Bpos:250.2,Bstd:156.2,StrandBias:-0.9,Multiplicity:1.00
0.001	0.001	0.001	0.997
0.581	0.247	0.171	0.001
0.857	0.141	0.001	0.001
0.001	0.997	0.001	0.001
0.001	0.009	0.540	0.450
0.001	0.001	0.251	0.747
0.001	0.653	0.153	0.193
0.001	0.944	0.054	0.001
0.001	0.001	0.501	0.497
0.997	0.001	0.001	0.001
>GATGTGTTAG	25-GATGTGTTAG	10.296193	-2.082815	0	T:6.0(0.13%),B:32.2(0.07%),P:1e0	Tpos:368.1,Tstd:134.5,Bpos:275.6,Bstd:146.2,StrandBias:3.7,Multiplicity:4.67
0.100	0.100	0.700	0.100
0.700	0.100	0.100	0.100
0.100	0.100	0.100	0.700
0.100	0.100	0.700	0.100
0.100	0.100	0.100	0.700
0.100	0.100	0.700	0.100
0.100	0.100	0.100	0.700
0.100	0.100	0.100	0.700
0.700	0.100	0.100	0.100
0.100	0.100	0.700	0.100
