Factor1: 0.9568032633581742
Factor2: 1.0451469369891304
