Factor1: 1.2159937133434275
Factor2: 0.8223726726764538
