>NNWAACCACA	1-NNWAACCACA	5.961072	-960.011162	0	T:2408.0(67.11%),B:14255.6(31.49%),P:1e-416	Tpos:266.6,Tstd:180.8,Bpos:234.4,Bstd:149.3,StrandBias:-0.1,Multiplicity:1.65
0.273	0.239	0.229	0.259
0.228	0.239	0.272	0.261
0.381	0.195	0.091	0.334
0.467	0.213	0.140	0.180
0.672	0.091	0.236	0.001
0.001	0.997	0.001	0.001
0.019	0.975	0.001	0.005
0.539	0.071	0.249	0.141
0.151	0.769	0.039	0.041
0.539	0.165	0.118	0.178
>CACTTCCTGT	2-CACTTCCTGT	7.955039	-510.066260	0	T:1304.0(36.34%),B:6696.9(14.79%),P:1e-221	Tpos:274.5,Tstd:188.2,Bpos:233.0,Bstd:141.6,StrandBias:-0.0,Multiplicity:1.26
0.101	0.585	0.095	0.219
0.653	0.108	0.184	0.055
0.001	0.779	0.001	0.219
0.194	0.001	0.015	0.790
0.001	0.001	0.001	0.997
0.001	0.957	0.001	0.041
0.001	0.982	0.016	0.001
0.018	0.072	0.010	0.900
0.001	0.315	0.548	0.136
0.106	0.238	0.108	0.548
>HASCCACARV	3-HASCCACARV	6.855210	-267.229968	0	T:1393.0(38.82%),B:9888.0(21.84%),P:1e-116	Tpos:268.5,Tstd:192.8,Bpos:233.6,Bstd:141.9,StrandBias:0.1,Multiplicity:1.24
0.301	0.306	0.052	0.341
0.596	0.057	0.346	0.001
0.001	0.426	0.572	0.001
0.001	0.978	0.020	0.001
0.063	0.746	0.190	0.001
0.784	0.001	0.187	0.028
0.001	0.948	0.001	0.050
0.916	0.005	0.001	0.078
0.398	0.002	0.364	0.237
0.253	0.332	0.247	0.168
>GAGGTGTGAV	4-GAGGTGTGAV	6.943513	-229.254575	0	T:1540.0(42.92%),B:11983.5(26.47%),P:1e-99	Tpos:272.3,Tstd:199.9,Bpos:234.0,Bstd:147.1,StrandBias:0.0,Multiplicity:1.36
0.244	0.078	0.477	0.201
0.655	0.001	0.343	0.001
0.145	0.011	0.659	0.185
0.001	0.058	0.940	0.001
0.001	0.001	0.001	0.997
0.001	0.001	0.997	0.001
0.176	0.004	0.082	0.738
0.001	0.139	0.620	0.240
0.709	0.001	0.268	0.022
0.313	0.285	0.242	0.160
>ATGASTCATM	5-ATGASTCATM	8.042472	-182.647829	0	T:503.0(14.02%),B:2490.6(5.50%),P:1e-79	Tpos:271.4,Tstd:209.1,Bpos:234.7,Bstd:142.7,StrandBias:0.1,Multiplicity:1.09
0.528	0.121	0.276	0.075
0.001	0.001	0.001	0.997
0.001	0.024	0.880	0.095
0.997	0.001	0.001	0.001
0.112	0.408	0.396	0.084
0.036	0.001	0.001	0.962
0.061	0.931	0.007	0.001
0.997	0.001	0.001	0.001
0.154	0.150	0.267	0.428
0.403	0.417	0.057	0.123
>TTTCGGTTTC	6-TTTCGGTTTC	6.469016	-182.619944	0	T:643.0(17.92%),B:3654.4(8.07%),P:1e-79	Tpos:264.9,Tstd:186.7,Bpos:232.2,Bstd:144.9,StrandBias:0.0,Multiplicity:1.18
0.088	0.108	0.139	0.665
0.135	0.081	0.165	0.619
0.118	0.181	0.099	0.602
0.105	0.566	0.126	0.203
0.297	0.118	0.449	0.136
0.089	0.261	0.503	0.147
0.079	0.106	0.082	0.733
0.138	0.061	0.117	0.684
0.097	0.120	0.116	0.667
0.116	0.513	0.174	0.197
>WGGGTGGGGC	7-WGGGTGGGGC	7.422044	-175.565607	0	T:1137.0(31.69%),B:8480.0(18.73%),P:1e-76	Tpos:264.6,Tstd:189.9,Bpos:236.8,Bstd:141.1,StrandBias:-0.1,Multiplicity:1.30
0.424	0.001	0.253	0.322
0.103	0.001	0.895	0.001
0.001	0.001	0.997	0.001
0.001	0.001	0.997	0.001
0.182	0.243	0.018	0.557
0.064	0.001	0.837	0.098
0.065	0.010	0.624	0.301
0.200	0.002	0.707	0.091
0.072	0.008	0.736	0.184
0.084	0.596	0.015	0.305
>GCGGTTAACA	8-GCGGTTAACA	7.180695	-125.085275	0	T:312.0(8.70%),B:1439.9(3.18%),P:1e-54	Tpos:259.0,Tstd:170.3,Bpos:226.4,Bstd:141.9,StrandBias:-0.2,Multiplicity:1.02
0.077	0.083	0.756	0.084
0.100	0.773	0.038	0.089
0.042	0.059	0.814	0.085
0.031	0.098	0.821	0.050
0.050	0.090	0.056	0.804
0.071	0.032	0.053	0.844
0.785	0.054	0.126	0.035
0.719	0.078	0.102	0.101
0.098	0.822	0.048	0.032
0.869	0.051	0.034	0.046
>AAATGAAACT	9-AAATGAAACT	7.652109	-120.964860	0	T:536.0(14.94%),B:3347.6(7.40%),P:1e-52	Tpos:261.4,Tstd:185.4,Bpos:233.5,Bstd:145.7,StrandBias:0.1,Multiplicity:1.08
0.459	0.067	0.219	0.255
0.577	0.231	0.021	0.171
0.546	0.126	0.265	0.063
0.009	0.310	0.001	0.680
0.001	0.001	0.997	0.001
0.997	0.001	0.001	0.001
0.613	0.361	0.006	0.020
0.997	0.001	0.001	0.001
0.001	0.756	0.229	0.014
0.198	0.033	0.270	0.499
>NGGTTTCCTN	10-NGGTTTCCTN	5.164961	-104.893572	0	T:621.0(17.31%),B:4346.1(9.60%),P:1e-45	Tpos:275.6,Tstd:204.1,Bpos:234.5,Bstd:143.5,StrandBias:-0.0,Multiplicity:1.10
0.241	0.297	0.223	0.239
0.140	0.159	0.554	0.147
0.149	0.151	0.545	0.155
0.126	0.148	0.131	0.595
0.139	0.134	0.146	0.581
0.151	0.122	0.151	0.576
0.139	0.539	0.161	0.161
0.154	0.508	0.171	0.167
0.149	0.130	0.170	0.551
0.237	0.256	0.253	0.254
>CGACCGCAGD	11-CGACCGCAGD	8.654962	-88.544472	0	T:169.0(4.71%),B:649.9(1.44%),P:1e-38	Tpos:280.3,Tstd:239.9,Bpos:227.2,Bstd:147.7,StrandBias:0.1,Multiplicity:1.03
0.086	0.576	0.016	0.322
0.001	0.211	0.590	0.198
0.997	0.001	0.001	0.001
0.001	0.824	0.001	0.174
0.001	0.997	0.001	0.001
0.167	0.001	0.831	0.001
0.001	0.997	0.001	0.001
0.869	0.001	0.001	0.129
0.001	0.001	0.997	0.001
0.301	0.146	0.204	0.348
>GGGGTTTCCC	12-GGGGTTTCCC	7.066678	-78.375854	0	T:518.0(14.44%),B:3740.7(8.26%),P:1e-34	Tpos:281.0,Tstd:186.5,Bpos:236.3,Bstd:138.4,StrandBias:0.2,Multiplicity:1.09
0.046	0.056	0.853	0.045
0.061	0.056	0.854	0.029
0.033	0.050	0.806	0.111
0.058	0.085	0.760	0.097
0.125	0.093	0.073	0.709
0.028	0.026	0.083	0.863
0.107	0.120	0.039	0.734
0.070	0.792	0.045	0.093
0.077	0.855	0.046	0.022
0.051	0.779	0.092	0.078
>CTCGACCACA	13-CTCGACCACA	7.743459	-69.287015	0	T:348.0(9.70%),B:2264.5(5.00%),P:1e-30	Tpos:277.5,Tstd:209.7,Bpos:231.1,Bstd:145.4,StrandBias:0.0,Multiplicity:1.05
0.002	0.690	0.162	0.146
0.181	0.195	0.101	0.523
0.001	0.870	0.128	0.001
0.001	0.180	0.769	0.050
0.852	0.146	0.001	0.001
0.001	0.929	0.048	0.022
0.103	0.873	0.001	0.023
0.731	0.081	0.079	0.109
0.073	0.781	0.001	0.145
0.985	0.013	0.001	0.001
>GTTACTTTCT	14-GTTACTTTCT	7.387412	-67.798550	0	T:397.0(11.06%),B:2738.3(6.05%),P:1e-29	Tpos:284.8,Tstd:186.7,Bpos:229.8,Bstd:142.0,StrandBias:0.1,Multiplicity:1.03
0.053	0.065	0.813	0.069
0.064	0.090	0.123	0.723
0.024	0.114	0.073	0.789
0.842	0.058	0.039	0.061
0.015	0.836	0.050	0.099
0.056	0.039	0.082	0.823
0.073	0.081	0.021	0.825
0.088	0.113	0.051	0.748
0.081	0.812	0.030	0.077
0.074	0.085	0.047	0.794
>TTGTGGCGRG	15-TTGTGGCGRG	8.476788	-63.821166	0	T:206.0(5.74%),B:1096.7(2.42%),P:1e-27	Tpos:245.0,Tstd:186.1,Bpos:225.6,Bstd:139.2,StrandBias:0.4,Multiplicity:1.01
0.001	0.165	0.027	0.807
0.225	0.023	0.001	0.751
0.044	0.037	0.900	0.019
0.019	0.042	0.019	0.920
0.044	0.012	0.892	0.052
0.001	0.036	0.885	0.078
0.025	0.799	0.061	0.115
0.339	0.128	0.532	0.001
0.527	0.019	0.440	0.014
0.087	0.054	0.762	0.097
>TGCGGTTCKC	16-TGCGGTTCKC	9.041493	-41.947872	0	T:81.0(2.26%),B:318.4(0.70%),P:1e-18	Tpos:279.0,Tstd:185.0,Bpos:240.5,Bstd:139.8,StrandBias:-0.6,Multiplicity:1.00
0.080	0.080	0.104	0.736
0.041	0.069	0.843	0.047
0.003	0.728	0.052	0.217
0.003	0.001	0.948	0.048
0.017	0.014	0.961	0.008
0.002	0.002	0.042	0.954
0.094	0.080	0.055	0.771
0.001	0.854	0.144	0.001
0.009	0.001	0.555	0.435
0.001	0.616	0.333	0.050
>TGACGTCATC	17-TGACGTCATC	6.905584	-41.765674	0	T:407.0(11.34%),B:3277.9(7.24%),P:1e-18	Tpos:272.5,Tstd:186.5,Bpos:236.2,Bstd:141.4,StrandBias:-0.1,Multiplicity:1.09
0.032	0.037	0.079	0.852
0.061	0.040	0.839	0.060
0.812	0.055	0.042	0.091
0.060	0.761	0.063	0.116
0.087	0.054	0.808	0.051
0.064	0.048	0.039	0.849
0.092	0.822	0.028	0.058
0.810	0.070	0.049	0.071
0.072	0.109	0.102	0.717
0.073	0.738	0.096	0.093
>AYMGGAACTA	18-AYMGGAACTA	9.736958	-40.146563	0	T:78.0(2.17%),B:308.1(0.68%),P:1e-17	Tpos:304.1,Tstd:222.6,Bpos:226.3,Bstd:139.7,StrandBias:-0.2,Multiplicity:1.00
0.933	0.001	0.001	0.065
0.086	0.390	0.158	0.365
0.480	0.518	0.001	0.001
0.001	0.173	0.825	0.001
0.302	0.001	0.696	0.001
0.955	0.001	0.001	0.043
0.866	0.001	0.001	0.132
0.130	0.868	0.001	0.001
0.001	0.079	0.001	0.919
0.601	0.001	0.367	0.031
>ACCACTTCCG	19-ACCACTTCCG	9.494389	-36.373658	0	T:64.0(1.78%),B:236.9(0.52%),P:1e-15	Tpos:275.1,Tstd:179.8,Bpos:236.3,Bstd:141.9,StrandBias:-0.8,Multiplicity:1.00
0.880	0.001	0.099	0.020
0.011	0.966	0.001	0.022
0.036	0.902	0.001	0.061
0.963	0.035	0.001	0.001
0.036	0.821	0.082	0.061
0.001	0.001	0.049	0.949
0.001	0.001	0.011	0.987
0.001	0.917	0.081	0.001
0.001	0.957	0.041	0.001
0.014	0.226	0.759	0.001
>GATAAGATMT	20-GATAAGATMT	8.741356	-33.022667	0	T:126.0(3.51%),B:733.7(1.62%),P:1e-14	Tpos:276.7,Tstd:177.1,Bpos:240.9,Bstd:128.4,StrandBias:0.2,Multiplicity:1.02
0.105	0.001	0.893	0.001
0.650	0.348	0.001	0.001
0.150	0.001	0.079	0.770
0.997	0.001	0.001	0.001
0.940	0.001	0.001	0.058
0.001	0.001	0.882	0.116
0.662	0.263	0.074	0.001
0.133	0.001	0.119	0.747
0.484	0.442	0.001	0.072
0.262	0.001	0.076	0.661
>GGGGGGGGGG	21-GGGGGGGGGG	7.702538	-22.843690	0	T:687.0(19.15%),B:6887.8(15.22%),P:1e-9	Tpos:281.5,Tstd:210.7,Bpos:232.4,Bstd:135.8,StrandBias:0.1,Multiplicity:1.14
0.209	0.001	0.789	0.001
0.270	0.001	0.614	0.115
0.329	0.001	0.669	0.001
0.133	0.001	0.865	0.001
0.040	0.001	0.958	0.001
0.001	0.001	0.997	0.001
0.208	0.001	0.790	0.001
0.166	0.010	0.823	0.001
0.303	0.090	0.606	0.001
0.281	0.126	0.592	0.001
>GGGCGGATAT	22-GGGCGGATAT	11.038802	-18.497358	0	T:14.0(0.39%),B:23.2(0.05%),P:1e-8	Tpos:280.8,Tstd:118.5,Bpos:256.0,Bstd:131.6,StrandBias:-1.9,Multiplicity:1.85
0.001	0.001	0.997	0.001
0.217	0.001	0.781	0.001
0.001	0.001	0.997	0.001
0.001	0.997	0.001	0.001
0.001	0.001	0.997	0.001
0.001	0.001	0.832	0.166
0.776	0.005	0.001	0.218
0.001	0.001	0.245	0.753
0.682	0.001	0.316	0.001
0.001	0.163	0.001	0.835
>CTAAAGGTTA	23-CTAAAGGTTA	11.952027	-18.179424	0	T:16.0(0.45%),B:33.0(0.07%),P:1e-7	Tpos:317.4,Tstd:216.3,Bpos:239.8,Bstd:126.4,StrandBias:0.4,Multiplicity:1.00
0.001	0.997	0.001	0.001
0.001	0.001	0.001	0.997
0.997	0.001	0.001	0.001
0.997	0.001	0.001	0.001
0.997	0.001	0.001	0.001
0.001	0.001	0.997	0.001
0.152	0.001	0.846	0.001
0.001	0.001	0.001	0.997
0.001	0.001	0.001	0.997
0.997	0.001	0.001	0.001
>ACTAGTTTCA	24-ACTAGTTTCA	10.296193	-11.851741	0	T:8.0(0.22%),B:12.3(0.03%),P:1e-5	Tpos:235.2,Tstd:184.9,Bpos:347.3,Bstd:64.4,StrandBias:0.0,Multiplicity:1.20
0.700	0.100	0.100	0.100
0.100	0.700	0.100	0.100
0.100	0.100	0.100	0.700
0.700	0.100	0.100	0.100
0.100	0.100	0.700	0.100
0.100	0.100	0.100	0.700
0.100	0.100	0.100	0.700
0.100	0.100	0.100	0.700
0.100	0.700	0.100	0.100
0.700	0.100	0.100	0.100
>CCTGACTGAC	25-CCTGACTGAC	8.905232	-7.609939	0	T:22.0(0.61%),B:123.6(0.27%),P:1e-3	Tpos:280.9,Tstd:173.8,Bpos:226.0,Bstd:145.6,StrandBias:0.4,Multiplicity:1.52
0.001	0.997	0.001	0.001
0.001	0.997	0.001	0.001
0.001	0.001	0.090	0.908
0.001	0.001	0.997	0.001
0.997	0.001	0.001	0.001
0.001	0.997	0.001	0.001
0.001	0.001	0.001	0.997
0.001	0.001	0.918	0.080
0.997	0.001	0.001	0.001
0.001	0.997	0.001	0.001
