>HAACCACARNNN	1-HAACCACARNNN	7.525791	-871.564146	0	T:1740.0(48.49%),B:8133.3(17.97%),P:1e-378	Tpos:262.7,Tstd:175.8,Bpos:233.1,Bstd:145.7,StrandBias:-0.1,Multiplicity:1.39
0.349	0.209	0.108	0.334
0.436	0.172	0.257	0.135
0.598	0.169	0.232	0.001
0.001	0.997	0.001	0.001
0.001	0.997	0.001	0.001
0.820	0.001	0.001	0.178
0.001	0.997	0.001	0.001
0.954	0.001	0.001	0.044
0.311	0.195	0.346	0.148
0.317	0.268	0.220	0.195
0.265	0.286	0.242	0.207
0.289	0.276	0.213	0.221
>ACCACTTCCTGT	2-ACCACTTCCTGT	8.675896	-465.856861	0	T:630.0(17.56%),B:1882.1(4.16%),P:1e-202	Tpos:269.5,Tstd:183.5,Bpos:232.3,Bstd:145.5,StrandBias:-0.1,Multiplicity:1.09
0.645	0.142	0.171	0.042
0.001	0.848	0.015	0.136
0.024	0.956	0.015	0.005
0.934	0.018	0.015	0.033
0.001	0.916	0.011	0.072
0.388	0.001	0.001	0.610
0.001	0.059	0.001	0.939
0.001	0.997	0.001	0.001
0.015	0.975	0.001	0.009
0.033	0.015	0.001	0.951
0.015	0.102	0.707	0.176
0.092	0.222	0.030	0.656
>NNNNTGTGGTTT	3-NNNNTGTGGTTT	5.684190	-356.713990	0	T:1992.0(55.52%),B:15313.5(33.83%),P:1e-154	Tpos:271.8,Tstd:187.4,Bpos:235.8,Bstd:144.8,StrandBias:0.1,Multiplicity:1.33
0.270	0.151	0.295	0.283
0.231	0.258	0.306	0.205
0.274	0.210	0.221	0.295
0.214	0.245	0.277	0.264
0.302	0.046	0.190	0.463
0.039	0.277	0.448	0.236
0.320	0.028	0.155	0.496
0.025	0.054	0.835	0.086
0.048	0.067	0.749	0.136
0.045	0.076	0.064	0.815
0.114	0.072	0.109	0.705
0.325	0.047	0.080	0.548
>TGAAASTGAAAS	4-TGAAASTGAAAS	8.619795	-226.355472	0	T:619.0(17.25%),B:3081.7(6.81%),P:1e-98	Tpos:261.0,Tstd:187.2,Bpos:231.0,Bstd:142.2,StrandBias:0.2,Multiplicity:1.15
0.201	0.117	0.161	0.521
0.278	0.114	0.607	0.001
0.842	0.049	0.070	0.039
0.822	0.001	0.176	0.001
0.997	0.001	0.001	0.001
0.146	0.433	0.357	0.064
0.150	0.164	0.026	0.660
0.256	0.001	0.742	0.001
0.956	0.001	0.001	0.042
0.809	0.189	0.001	0.001
0.947	0.001	0.007	0.045
0.070	0.465	0.460	0.005
>GNKRYTTCCTGY	5-GNKRYTTCCTGY	9.228113	-213.859323	0	T:531.0(14.80%),B:2480.2(5.48%),P:1e-92	Tpos:272.0,Tstd:192.6,Bpos:234.1,Bstd:139.0,StrandBias:-0.0,Multiplicity:1.08
0.208	0.189	0.430	0.172
0.199	0.231	0.245	0.325
0.001	0.001	0.549	0.449
0.437	0.001	0.458	0.104
0.001	0.450	0.012	0.537
0.001	0.001	0.001	0.997
0.001	0.001	0.001	0.997
0.001	0.997	0.001	0.001
0.001	0.822	0.001	0.176
0.001	0.001	0.001	0.997
0.001	0.251	0.561	0.187
0.207	0.312	0.078	0.403
>RRCCACACCCWN	6-RRCCACACCCWN	8.437657	-210.081016	0	T:777.0(21.66%),B:4566.5(10.09%),P:1e-91	Tpos:260.4,Tstd:192.4,Bpos:236.1,Bstd:146.0,StrandBias:0.1,Multiplicity:1.15
0.405	0.146	0.272	0.178
0.286	0.189	0.395	0.130
0.218	0.612	0.001	0.169
0.074	0.924	0.001	0.001
0.662	0.336	0.001	0.001
0.057	0.941	0.001	0.001
0.751	0.001	0.174	0.074
0.001	0.982	0.001	0.016
0.001	0.993	0.001	0.005
0.001	0.916	0.001	0.082
0.374	0.102	0.006	0.518
0.265	0.245	0.254	0.236
>GGAGGTGTGAAA	7-GGAGGTGTGAAA	7.323491	-174.969093	0	T:982.0(27.37%),B:6913.3(15.27%),P:1e-75	Tpos:271.3,Tstd:193.5,Bpos:233.4,Bstd:144.1,StrandBias:0.2,Multiplicity:1.22
0.164	0.072	0.547	0.217
0.130	0.045	0.717	0.108
0.844	0.003	0.069	0.084
0.158	0.058	0.562	0.222
0.023	0.148	0.811	0.018
0.031	0.001	0.016	0.952
0.011	0.027	0.957	0.005
0.208	0.001	0.115	0.676
0.018	0.079	0.699	0.204
0.788	0.041	0.089	0.082
0.619	0.118	0.196	0.067
0.578	0.141	0.210	0.071
>NTGASTCANHNH	8-NTGASTCANHNH	6.717157	-172.205955	0	T:699.0(19.48%),B:4254.9(9.40%),P:1e-74	Tpos:271.6,Tstd:208.3,Bpos:235.5,Bstd:143.2,StrandBias:0.0,Multiplicity:1.15
0.290	0.276	0.279	0.155
0.108	0.024	0.045	0.823
0.002	0.071	0.789	0.138
0.892	0.001	0.005	0.102
0.151	0.378	0.394	0.078
0.095	0.066	0.006	0.833
0.112	0.699	0.129	0.060
0.902	0.047	0.002	0.049
0.167	0.267	0.259	0.306
0.302	0.232	0.155	0.311
0.234	0.261	0.193	0.312
0.203	0.349	0.186	0.263
>RMAAVTGAMACY	9-RMAAVTGAMACY	8.569814	-127.455631	0	T:450.0(12.54%),B:2526.9(5.58%),P:1e-55	Tpos:271.2,Tstd:189.8,Bpos:228.7,Bstd:145.0,StrandBias:-0.2,Multiplicity:1.08
0.400	0.114	0.485	0.001
0.452	0.304	0.243	0.001
0.750	0.248	0.001	0.001
0.619	0.001	0.186	0.194
0.304	0.415	0.280	0.001
0.270	0.001	0.001	0.728
0.108	0.165	0.726	0.001
0.586	0.121	0.001	0.292
0.423	0.376	0.001	0.201
0.996	0.002	0.001	0.001
0.001	0.997	0.001	0.001
0.001	0.515	0.001	0.483
>TGCGGTTAACAS	10-TGCGGTTAACAS	6.808782	-119.672131	0	T:664.0(18.51%),B:4555.4(10.06%),P:1e-51	Tpos:265.1,Tstd:195.1,Bpos:232.6,Bstd:143.9,StrandBias:-0.1,Multiplicity:1.09
0.285	0.018	0.216	0.480
0.080	0.012	0.861	0.047
0.172	0.528	0.087	0.213
0.147	0.059	0.635	0.159
0.047	0.059	0.846	0.048
0.019	0.083	0.067	0.831
0.057	0.069	0.087	0.787
0.807	0.028	0.128	0.037
0.814	0.059	0.068	0.059
0.074	0.881	0.033	0.012
0.904	0.083	0.001	0.012
0.173	0.281	0.404	0.143
>GTCAAAGCCACA	11-GTCAAAGCCACA	9.114995	-98.829573	0	T:267.0(7.44%),B:1289.4(2.85%),P:1e-42	Tpos:253.4,Tstd:172.6,Bpos:231.3,Bstd:142.2,StrandBias:-0.2,Multiplicity:1.05
0.093	0.043	0.734	0.130
0.105	0.068	0.052	0.775
0.040	0.857	0.068	0.035
0.905	0.061	0.001	0.033
0.786	0.099	0.055	0.060
0.847	0.001	0.040	0.112
0.085	0.072	0.780	0.063
0.027	0.906	0.014	0.053
0.086	0.860	0.024	0.030
0.885	0.044	0.040	0.031
0.066	0.840	0.056	0.038
0.829	0.052	0.048	0.071
>GGGGGTTTCCCC	12-GGGGGTTTCCCC	7.186035	-88.682398	0	T:569.0(15.86%),B:4079.1(9.01%),P:1e-38	Tpos:267.1,Tstd:186.3,Bpos:232.7,Bstd:139.1,StrandBias:0.1,Multiplicity:1.09
0.108	0.049	0.708	0.135
0.105	0.043	0.737	0.115
0.069	0.030	0.779	0.122
0.085	0.054	0.753	0.108
0.073	0.129	0.699	0.099
0.093	0.112	0.063	0.732
0.041	0.093	0.095	0.771
0.048	0.096	0.073	0.783
0.053	0.790	0.068	0.089
0.100	0.799	0.019	0.082
0.095	0.750	0.043	0.112
0.129	0.700	0.056	0.115
>GAAAGTGAAACT	13-GAAAGTGAAACT	9.155467	-84.341185	0	T:196.0(5.46%),B:862.1(1.90%),P:1e-36	Tpos:295.5,Tstd:220.4,Bpos:246.8,Bstd:132.1,StrandBias:-0.1,Multiplicity:1.00
0.080	0.067	0.802	0.051
0.694	0.046	0.130	0.130
0.699	0.081	0.135	0.085
0.842	0.001	0.073	0.084
0.114	0.120	0.657	0.109
0.104	0.051	0.082	0.763
0.101	0.096	0.717	0.086
0.744	0.101	0.095	0.060
0.806	0.001	0.119	0.074
0.745	0.069	0.130	0.056
0.054	0.678	0.134	0.134
0.103	0.001	0.041	0.855
>GTCATTTCCTTT	14-GTCATTTCCTTT	9.220225	-60.630068	0	T:214.0(5.96%),B:1191.4(2.63%),P:1e-26	Tpos:273.0,Tstd:190.7,Bpos:238.9,Bstd:137.5,StrandBias:-0.1,Multiplicity:1.04
0.044	0.155	0.735	0.066
0.099	0.046	0.070	0.785
0.062	0.850	0.087	0.001
0.960	0.011	0.021	0.008
0.065	0.013	0.164	0.758
0.081	0.046	0.060	0.813
0.021	0.032	0.013	0.934
0.001	0.856	0.067	0.076
0.092	0.872	0.001	0.035
0.027	0.041	0.109	0.823
0.039	0.081	0.107	0.773
0.118	0.024	0.069	0.789
>TGACCACAGCTG	15-TGACCACAGCTG	9.263340	-41.762563	0	T:206.0(5.74%),B:1330.5(2.94%),P:1e-18	Tpos:261.3,Tstd:165.7,Bpos:240.8,Bstd:142.1,StrandBias:0.2,Multiplicity:1.04
0.027	0.013	0.093	0.867
0.055	0.028	0.774	0.143
0.792	0.071	0.092	0.045
0.069	0.846	0.020	0.065
0.020	0.899	0.042	0.039
0.828	0.034	0.066	0.072
0.031	0.870	0.040	0.059
0.857	0.030	0.054	0.059
0.013	0.053	0.832	0.102
0.058	0.825	0.077	0.040
0.073	0.047	0.033	0.847
0.051	0.056	0.802	0.091
>TSACTDAGAAAC	16-TSACTDAGAAAC	9.851045	-33.332338	0	T:118.0(3.29%),B:663.6(1.47%),P:1e-14	Tpos:255.6,Tstd:195.8,Bpos:233.5,Bstd:147.2,StrandBias:-0.0,Multiplicity:1.01
0.001	0.001	0.084	0.914
0.001	0.442	0.431	0.126
0.749	0.187	0.021	0.043
0.001	0.728	0.042	0.229
0.181	0.056	0.001	0.762
0.319	0.169	0.219	0.293
0.716	0.001	0.001	0.282
0.001	0.001	0.997	0.001
0.628	0.149	0.043	0.180
0.997	0.001	0.001	0.001
0.997	0.001	0.001	0.001
0.001	0.922	0.001	0.076
>TTTTTGGTTTTG	17-TTTTTGGTTTTG	9.665554	-23.904016	0	T:225.0(6.27%),B:1798.2(3.97%),P:1e-10	Tpos:321.5,Tstd:207.9,Bpos:230.8,Bstd:144.7,StrandBias:0.5,Multiplicity:1.09
0.023	0.097	0.074	0.806
0.001	0.046	0.042	0.911
0.001	0.070	0.001	0.928
0.077	0.076	0.001	0.846
0.001	0.046	0.032	0.921
0.088	0.008	0.839	0.065
0.098	0.071	0.729	0.102
0.089	0.063	0.031	0.817
0.001	0.106	0.113	0.780
0.069	0.001	0.094	0.836
0.092	0.001	0.112	0.795
0.061	0.093	0.788	0.058
>GGRGGGGGGGGG	18-GGRGGGGGGGGG	8.560149	-23.838305	0	T:554.0(15.44%),B:5339.1(11.80%),P:1e-10	Tpos:283.1,Tstd:206.2,Bpos:233.5,Bstd:136.4,StrandBias:0.2,Multiplicity:1.20
0.135	0.024	0.798	0.043
0.161	0.144	0.660	0.035
0.504	0.025	0.407	0.064
0.228	0.001	0.770	0.001
0.001	0.001	0.997	0.001
0.098	0.001	0.900	0.001
0.252	0.001	0.746	0.001
0.210	0.145	0.625	0.020
0.141	0.062	0.674	0.123
0.001	0.047	0.951	0.001
0.001	0.026	0.859	0.114
0.238	0.058	0.541	0.163
>GGTGTGATGCTG	19-GGTGTGATGCTG	13.899419	-18.792634	0	T:7.0(0.20%),B:3.8(0.01%),P:1e-8	Tpos:367.1,Tstd:274.8,Bpos:337.1,Bstd:84.3,StrandBias:2.6,Multiplicity:2.33
0.001	0.001	0.997	0.001
0.001	0.001	0.997	0.001
0.001	0.001	0.001	0.997
0.001	0.001	0.997	0.001
0.001	0.001	0.001	0.997
0.001	0.001	0.997	0.001
0.997	0.001	0.001	0.001
0.001	0.001	0.001	0.997
0.001	0.001	0.997	0.001
0.001	0.997	0.001	0.001
0.001	0.001	0.001	0.997
0.067	0.001	0.931	0.001
>GCCACATTGTTA	20-GCCACATTGTTA	-4.114775	-16.086193	0	T:406.0(11.32%),B:3963.2(8.76%),P:1e-6	Tpos:289.3,Tstd:194.8,Bpos:231.2,Bstd:138.1,StrandBias:0.0,Multiplicity:1.08
0.001	0.001	0.997	0.001
0.001	0.997	0.001	0.001
0.001	0.997	0.001	0.001
0.997	0.001	0.001	0.001
0.001	0.997	0.001	0.001
0.997	0.001	0.001	0.001
0.001	0.001	0.001	0.997
0.001	0.001	0.001	0.997
0.001	0.001	0.997	0.001
0.001	0.076	0.001	0.922
0.001	0.001	0.001	0.997
0.997	0.001	0.001	0.001
>CACATTGTTACA	21-CACATTGTTACA	9.152544	-11.712629	0	T:68.0(1.90%),B:483.6(1.07%),P:1e-5	Tpos:242.5,Tstd:224.7,Bpos:242.7,Bstd:148.2,StrandBias:0.6,Multiplicity:1.00
0.060	0.689	0.069	0.182
0.816	0.090	0.001	0.093
0.120	0.712	0.111	0.057
0.777	0.067	0.038	0.118
0.070	0.117	0.203	0.610
0.110	0.001	0.216	0.673
0.055	0.126	0.601	0.218
0.061	0.042	0.071	0.826
0.191	0.179	0.147	0.484
0.652	0.090	0.113	0.145
0.064	0.865	0.070	0.001
0.747	0.073	0.001	0.179
>CGATGTGTTAGA	22-CGATGTGTTAGA	14.149575	-9.456696	0	T:3.0(0.08%),B:1.3(0.00%),P:1e-4	Tpos:367.2,Tstd:138.8,Bpos:62.6,Bstd:31.8,StrandBias:10.0,Multiplicity:4.00
0.001	0.997	0.001	0.001
0.001	0.001	0.997	0.001
0.997	0.001	0.001	0.001
0.001	0.001	0.001	0.997
0.001	0.001	0.997	0.001
0.001	0.001	0.001	0.997
0.001	0.001	0.903	0.095
0.001	0.095	0.001	0.903
0.001	0.001	0.001	0.997
0.997	0.001	0.001	0.001
0.001	0.001	0.997	0.001
0.997	0.001	0.001	0.001
>TCCGCCCTTGGG	23-TCCGCCCTTGGG	14.149575	-9.456696	0	T:3.0(0.08%),B:1.3(0.00%),P:1e-4	Tpos:348.3,Tstd:111.0,Bpos:79.4,Bstd:2.3,StrandBias:10.0,Multiplicity:3.00
0.001	0.001	0.001	0.997
0.001	0.997	0.001	0.001
0.001	0.997	0.001	0.001
0.001	0.095	0.903	0.001
0.001	0.997	0.001	0.001
0.095	0.903	0.001	0.001
0.001	0.997	0.001	0.001
0.001	0.001	0.001	0.997
0.001	0.001	0.001	0.997
0.001	0.001	0.997	0.001
0.001	0.001	0.997	0.001
0.001	0.001	0.997	0.001
>CACTGTCAATYA	24-CACTGTCAATYA	13.007300	-9.047769	0	T:12.0(0.33%),B:40.1(0.09%),P:1e-3	Tpos:182.5,Tstd:97.3,Bpos:227.1,Bstd:138.0,StrandBias:1.5,Multiplicity:1.50
0.001	0.668	0.319	0.012
0.997	0.001	0.001	0.001
0.001	0.997	0.001	0.001
0.319	0.001	0.001	0.679
0.001	0.001	0.997	0.001
0.001	0.001	0.001	0.997
0.001	0.747	0.251	0.001
0.997	0.001	0.001	0.001
0.997	0.001	0.001	0.001
0.001	0.001	0.001	0.997
0.001	0.428	0.239	0.331
0.997	0.001	0.001	0.001
>AAGAGCAACACT	25-AAGAGCAACACT	12.355432	-7.436300	0	T:3.0(0.08%),B:2.6(0.01%),P:1e-3	Tpos:194.3,Tstd:81.9,Bpos:351.9,Bstd:67.9,StrandBias:2.3,Multiplicity:2.00
0.700	0.100	0.100	0.100
0.700	0.100	0.100	0.100
0.100	0.100	0.700	0.100
0.700	0.100	0.100	0.100
0.100	0.100	0.700	0.100
0.100	0.700	0.100	0.100
0.700	0.100	0.100	0.100
0.700	0.100	0.100	0.100
0.100	0.700	0.100	0.100
0.700	0.100	0.100	0.100
0.100	0.700	0.100	0.100
0.100	0.100	0.100	0.700
