>CACCTCAT	1-CACCTCAT	6.692822	-19.819254	0	T:111.0(23.32%),B:6595.9(13.34%),P:1e-8	Tpos:338.3,Tstd:281.7,Bpos:216.6,Bstd:122.8,StrandBias:-0.0,Multiplicity:1.19
0.001	0.939	0.059	0.001
0.766	0.139	0.035	0.060
0.001	0.997	0.001	0.001
0.095	0.903	0.001	0.001
0.001	0.001	0.037	0.961
0.029	0.883	0.087	0.001
0.895	0.001	0.001	0.103
0.167	0.073	0.110	0.650
>TTAGCGGG	2-TTAGCGGG	7.262626	-19.806179	0	T:45.0(9.45%),B:1721.1(3.48%),P:1e-8	Tpos:407.8,Tstd:410.3,Bpos:218.6,Bstd:123.0,StrandBias:0.5,Multiplicity:1.20
0.001	0.001	0.234	0.764
0.269	0.001	0.001	0.729
0.997	0.001	0.001	0.001
0.001	0.278	0.720	0.001
0.001	0.928	0.001	0.070
0.087	0.001	0.853	0.059
0.001	0.001	0.997	0.001
0.001	0.001	0.997	0.001
>KCACTTGA	3-KCACTTGA	8.481353	-19.242558	0	T:50.0(10.50%),B:2075.1(4.20%),P:1e-8	Tpos:246.9,Tstd:196.4,Bpos:219.3,Bstd:125.8,StrandBias:-0.4,Multiplicity:1.08
0.001	0.001	0.495	0.503
0.001	0.997	0.001	0.001
0.997	0.001	0.001	0.001
0.001	0.997	0.001	0.001
0.001	0.001	0.001	0.997
0.001	0.001	0.001	0.997
0.001	0.149	0.849	0.001
0.997	0.001	0.001	0.001
>GGTTCCAA	4-GGTTCCAA	7.350107	-17.874873	0	T:68.0(14.29%),B:3437.1(6.95%),P:1e-7	Tpos:344.4,Tstd:327.9,Bpos:216.4,Bstd:124.5,StrandBias:0.4,Multiplicity:1.16
0.001	0.029	0.969	0.001
0.133	0.267	0.599	0.001
0.075	0.064	0.016	0.845
0.030	0.008	0.001	0.961
0.001	0.997	0.001	0.001
0.107	0.891	0.001	0.001
0.833	0.001	0.034	0.132
0.899	0.060	0.040	0.001
>GCGGCACG	5-GCGGCACG	6.976218	-12.402165	0	T:12.0(2.52%),B:234.1(0.47%),P:1e-5	Tpos:154.7,Tstd:131.2,Bpos:219.9,Bstd:122.0,StrandBias:-1.0,Multiplicity:1.25
0.001	0.001	0.997	0.001
0.001	0.997	0.001	0.001
0.001	0.089	0.909	0.001
0.213	0.001	0.785	0.001
0.123	0.875	0.001	0.001
0.997	0.001	0.001	0.001
0.001	0.997	0.001	0.001
0.001	0.001	0.997	0.001
