>CCGGTGTAAC	1-CCGGTGTAAC	12.357492	-30.329059	0	T:6.0(1.26%),B:2.7(0.01%),P:1e-13	Tpos:437.0,Tstd:101.8,Bpos:359.9,Bstd:9.3,StrandBias:10.0,Multiplicity:1.00
0.001	0.997	0.001	0.001
0.001	0.997	0.001	0.001
0.001	0.001	0.997	0.001
0.001	0.001	0.997	0.001
0.001	0.001	0.001	0.997
0.001	0.001	0.770	0.228
0.001	0.001	0.001	0.997
0.997	0.001	0.001	0.001
0.997	0.001	0.001	0.001
0.001	0.997	0.001	0.001
>ACCTATCTTC	2-ACCTATCTTC	9.219839	-23.845018	0	T:26.0(5.46%),B:540.6(1.09%),P:1e-10	Tpos:349.8,Tstd:301.6,Bpos:219.1,Bstd:124.3,StrandBias:1.4,Multiplicity:1.00
0.997	0.001	0.001	0.001
0.052	0.889	0.058	0.001
0.001	0.925	0.001	0.073
0.086	0.046	0.001	0.867
0.931	0.001	0.044	0.024
0.001	0.001	0.078	0.920
0.092	0.823	0.084	0.001
0.001	0.094	0.001	0.904
0.001	0.086	0.086	0.827
0.001	0.997	0.001	0.001
>CTTKATACAC	3-CTTKATACAC	8.888304	-23.538016	0	T:37.0(7.77%),B:1080.1(2.18%),P:1e-10	Tpos:367.3,Tstd:276.4,Bpos:219.7,Bstd:122.7,StrandBias:0.5,Multiplicity:1.05
0.001	0.997	0.001	0.001
0.115	0.227	0.001	0.657
0.001	0.185	0.106	0.708
0.001	0.001	0.495	0.503
0.997	0.001	0.001	0.001
0.001	0.001	0.400	0.598
0.786	0.001	0.001	0.212
0.001	0.592	0.075	0.332
0.727	0.001	0.271	0.001
0.001	0.997	0.001	0.001
>GATCGCTCCG	4-GATCGCTCCG	11.324674	-22.853180	0	T:6.0(1.26%),B:7.4(0.01%),P:1e-9	Tpos:301.7,Tstd:105.1,Bpos:306.7,Bstd:77.3,StrandBias:1.0,Multiplicity:1.00
0.001	0.001	0.997	0.001
0.997	0.001	0.001	0.001
0.001	0.311	0.001	0.687
0.001	0.997	0.001	0.001
0.001	0.368	0.630	0.001
0.001	0.598	0.400	0.001
0.001	0.001	0.001	0.997
0.001	0.713	0.001	0.285
0.001	0.997	0.001	0.001
0.001	0.025	0.744	0.230
>GTAAGTGCGA	5-GTAAGTGCGA	10.296193	-21.772168	0	T:4.0(0.84%),B:1.8(0.00%),P:1e-9	Tpos:13.0,Tstd:0.0,Bpos:410.4,Bstd:7.6,StrandBias:10.0,Multiplicity:1.00
0.100	0.100	0.700	0.100
0.100	0.100	0.100	0.700
0.700	0.100	0.100	0.100
0.700	0.100	0.100	0.100
0.100	0.100	0.700	0.100
0.100	0.100	0.100	0.700
0.100	0.100	0.700	0.100
0.100	0.700	0.100	0.100
0.100	0.100	0.700	0.100
0.700	0.100	0.100	0.100
>GTCCCATACG	6-GTCCCATACG	10.296193	-21.772168	0	T:4.0(0.84%),B:1.2(0.00%),P:1e-9	Tpos:59.0,Tstd:0.0,Bpos:416.0,Bstd:0.0,StrandBias:10.0,Multiplicity:1.00
0.100	0.100	0.700	0.100
0.100	0.100	0.100	0.700
0.100	0.700	0.100	0.100
0.100	0.700	0.100	0.100
0.100	0.700	0.100	0.100
0.700	0.100	0.100	0.100
0.100	0.100	0.100	0.700
0.700	0.100	0.100	0.100
0.100	0.700	0.100	0.100
0.100	0.100	0.700	0.100
>ACAAAGTCGC	7-ACAAAGTCGC	10.296193	-21.772168	0	T:4.0(0.84%),B:0.0(0.00%),P:1e-9	Tpos:150.0,Tstd:0.0,Bpos:0.0,Bstd:0.0,StrandBias:10.0,Multiplicity:1.00
0.700	0.100	0.100	0.100
0.100	0.700	0.100	0.100
0.700	0.100	0.100	0.100
0.700	0.100	0.100	0.100
0.700	0.100	0.100	0.100
0.100	0.100	0.700	0.100
0.100	0.100	0.100	0.700
0.100	0.700	0.100	0.100
0.100	0.100	0.700	0.100
0.100	0.700	0.100	0.100
>CTCACACCGA	8-CTCACACCGA	9.931891	-21.054705	0	T:11.0(2.31%),B:81.4(0.16%),P:1e-9	Tpos:288.7,Tstd:284.5,Bpos:226.6,Bstd:117.1,StrandBias:2.2,Multiplicity:1.00
0.001	0.997	0.001	0.001
0.001	0.001	0.001	0.997
0.001	0.997	0.001	0.001
0.997	0.001	0.001	0.001
0.001	0.997	0.001	0.001
0.584	0.001	0.414	0.001
0.001	0.761	0.001	0.237
0.001	0.997	0.001	0.001
0.061	0.001	0.937	0.001
0.737	0.001	0.261	0.001
>ATGGGGTTCT	9-ATGGGGTTCT	8.692422	-20.490271	0	T:27.0(5.67%),B:682.5(1.38%),P:1e-8	Tpos:276.6,Tstd:156.6,Bpos:210.6,Bstd:121.8,StrandBias:-0.3,Multiplicity:1.00
0.882	0.001	0.055	0.062
0.059	0.001	0.001	0.939
0.001	0.001	0.932	0.066
0.001	0.001	0.946	0.052
0.067	0.001	0.931	0.001
0.001	0.146	0.852	0.001
0.071	0.069	0.001	0.859
0.001	0.088	0.001	0.910
0.090	0.908	0.001	0.001
0.065	0.100	0.001	0.834
>AGASCACCGC	10-AGASCACCGC	10.341065	-18.830402	0	T:8.0(1.68%),B:39.8(0.08%),P:1e-8	Tpos:171.1,Tstd:63.8,Bpos:210.6,Bstd:118.3,StrandBias:-0.7,Multiplicity:1.00
0.997	0.001	0.001	0.001
0.001	0.001	0.997	0.001
0.593	0.001	0.405	0.001
0.001	0.468	0.530	0.001
0.001	0.997	0.001	0.001
0.997	0.001	0.001	0.001
0.001	0.902	0.096	0.001
0.001	0.997	0.001	0.001
0.001	0.001	0.997	0.001
0.001	0.997	0.001	0.001
>CCGTCTSACT	11-CCGTCTSACT	10.773117	-18.765032	0	T:9.0(1.89%),B:57.4(0.12%),P:1e-8	Tpos:227.6,Tstd:196.7,Bpos:221.1,Bstd:119.1,StrandBias:-1.0,Multiplicity:1.00
0.001	0.997	0.001	0.001
0.001	0.997	0.001	0.001
0.001	0.001	0.997	0.001
0.001	0.139	0.001	0.859
0.001	0.648	0.350	0.001
0.001	0.001	0.001	0.997
0.001	0.516	0.482	0.001
0.997	0.001	0.001	0.001
0.001	0.997	0.001	0.001
0.001	0.001	0.001	0.997
>ATGTAATGAA	12-ATGTAATGAA	8.448255	-18.615432	0	T:47.0(9.87%),B:1920.2(3.88%),P:1e-8	Tpos:309.6,Tstd:238.6,Bpos:220.2,Bstd:125.0,StrandBias:0.3,Multiplicity:1.19
0.788	0.041	0.138	0.033
0.030	0.001	0.050	0.919
0.061	0.042	0.896	0.001
0.028	0.001	0.031	0.940
0.935	0.030	0.001	0.034
0.966	0.001	0.001	0.032
0.017	0.001	0.038	0.944
0.060	0.041	0.834	0.065
0.906	0.052	0.001	0.041
0.950	0.048	0.001	0.001
>CTACACCACG	13-CTACACCACG	10.296193	-17.392980	0	T:4.0(0.84%),B:3.6(0.01%),P:1e-7	Tpos:41.0,Tstd:0.0,Bpos:214.2,Bstd:122.4,StrandBias:10.0,Multiplicity:1.00
0.100	0.700	0.100	0.100
0.100	0.100	0.100	0.700
0.700	0.100	0.100	0.100
0.100	0.700	0.100	0.100
0.700	0.100	0.100	0.100
0.100	0.700	0.100	0.100
0.100	0.700	0.100	0.100
0.700	0.100	0.100	0.100
0.100	0.700	0.100	0.100
0.100	0.100	0.700	0.100
>GCTCCCTYAT	14-GCTCCCTYAT	9.494245	-16.746292	0	T:20.0(4.20%),B:468.0(0.95%),P:1e-7	Tpos:333.0,Tstd:244.6,Bpos:218.9,Bstd:126.0,StrandBias:0.6,Multiplicity:1.15
0.001	0.001	0.997	0.001
0.001	0.997	0.001	0.001
0.001	0.001	0.001	0.997
0.001	0.946	0.001	0.052
0.001	0.939	0.001	0.059
0.001	0.861	0.137	0.001
0.001	0.001	0.001	0.997
0.092	0.392	0.001	0.515
0.889	0.035	0.075	0.001
0.001	0.001	0.068	0.930
>TCCCACGGGC	15-TCCCACGGGC	10.296193	-16.592224	0	T:5.0(1.05%),B:10.6(0.02%),P:1e-7	Tpos:286.0,Tstd:92.0,Bpos:273.4,Bstd:130.8,StrandBias:10.0,Multiplicity:1.00
0.100	0.100	0.100	0.700
0.100	0.700	0.100	0.100
0.100	0.700	0.100	0.100
0.100	0.700	0.100	0.100
0.700	0.100	0.100	0.100
0.100	0.700	0.100	0.100
0.100	0.100	0.700	0.100
0.100	0.100	0.700	0.100
0.100	0.100	0.700	0.100
0.100	0.700	0.100	0.100
>ATGCCCCAAG	16-ATGCCCCAAG	10.053066	-16.276894	0	T:19.0(3.99%),B:436.1(0.88%),P:1e-7	Tpos:318.6,Tstd:268.3,Bpos:221.5,Bstd:125.4,StrandBias:0.5,Multiplicity:1.16
0.812	0.051	0.077	0.060
0.225	0.001	0.061	0.713
0.001	0.081	0.866	0.052
0.072	0.926	0.001	0.001
0.001	0.997	0.001	0.001
0.001	0.997	0.001	0.001
0.001	0.912	0.001	0.086
0.997	0.001	0.001	0.001
0.997	0.001	0.001	0.001
0.054	0.001	0.843	0.102
>YAAGCCTCTG	17-YAAGCCTCTG	9.280133	-16.011653	0	T:28.0(5.88%),B:906.3(1.83%),P:1e-6	Tpos:429.0,Tstd:488.9,Bpos:211.7,Bstd:122.8,StrandBias:1.2,Multiplicity:1.18
0.001	0.497	0.001	0.501
0.997	0.001	0.001	0.001
0.997	0.001	0.001	0.001
0.001	0.209	0.789	0.001
0.001	0.920	0.078	0.001
0.137	0.861	0.001	0.001
0.001	0.111	0.001	0.887
0.001	0.997	0.001	0.001
0.269	0.202	0.001	0.528
0.001	0.123	0.875	0.001
>CCAGATTGCG	18-CCAGATTGCG	10.296193	-15.735628	0	T:3.0(0.63%),B:0.0(0.00%),P:1e-6	Tpos:293.0,Tstd:0.0,Bpos:0.0,Bstd:0.0,StrandBias:10.0,Multiplicity:1.00
0.100	0.700	0.100	0.100
0.100	0.700	0.100	0.100
0.700	0.100	0.100	0.100
0.100	0.100	0.700	0.100
0.700	0.100	0.100	0.100
0.100	0.100	0.100	0.700
0.100	0.100	0.100	0.700
0.100	0.100	0.700	0.100
0.100	0.700	0.100	0.100
0.100	0.100	0.700	0.100
>CGGAAGTGCC	19-CGGAAGTGCC	10.296193	-15.364928	0	T:4.0(0.84%),B:5.9(0.01%),P:1e-6	Tpos:25.0,Tstd:0.0,Bpos:87.3,Bstd:64.6,StrandBias:10.0,Multiplicity:1.00
0.100	0.700	0.100	0.100
0.100	0.100	0.700	0.100
0.100	0.100	0.700	0.100
0.700	0.100	0.100	0.100
0.700	0.100	0.100	0.100
0.100	0.100	0.700	0.100
0.100	0.100	0.100	0.700
0.100	0.100	0.700	0.100
0.100	0.700	0.100	0.100
0.100	0.700	0.100	0.100
>GGGGTCCACT	20-GGGGTCCACT	10.296193	-13.994476	0	T:5.0(1.05%),B:17.6(0.04%),P:1e-6	Tpos:225.0,Tstd:34.0,Bpos:269.9,Bstd:108.3,StrandBias:10.0,Multiplicity:1.00
0.100	0.100	0.700	0.100
0.100	0.100	0.700	0.100
0.100	0.100	0.700	0.100
0.100	0.100	0.700	0.100
0.100	0.100	0.100	0.700
0.100	0.700	0.100	0.100
0.100	0.700	0.100	0.100
0.700	0.100	0.100	0.100
0.100	0.700	0.100	0.100
0.100	0.100	0.100	0.700
>ATCGGTGTAC	21-ATCGGTGTAC	10.296193	-13.663354	0	T:3.0(0.63%),B:2.2(0.00%),P:1e-5	Tpos:220.0,Tstd:0.0,Bpos:214.8,Bstd:149.5,StrandBias:10.0,Multiplicity:1.00
0.700	0.100	0.100	0.100
0.100	0.100	0.100	0.700
0.100	0.700	0.100	0.100
0.100	0.100	0.700	0.100
0.100	0.100	0.700	0.100
0.100	0.100	0.100	0.700
0.100	0.100	0.700	0.100
0.100	0.100	0.100	0.700
0.700	0.100	0.100	0.100
0.100	0.700	0.100	0.100
>CGAGTCCGTG	22-CGAGTCCGTG	10.296193	-13.663354	0	T:3.0(0.63%),B:2.2(0.00%),P:1e-5	Tpos:318.0,Tstd:0.0,Bpos:148.2,Bstd:30.6,StrandBias:10.0,Multiplicity:1.00
0.100	0.700	0.100	0.100
0.100	0.100	0.700	0.100
0.700	0.100	0.100	0.100
0.100	0.100	0.700	0.100
0.100	0.100	0.100	0.700
0.100	0.700	0.100	0.100
0.100	0.700	0.100	0.100
0.100	0.100	0.700	0.100
0.100	0.100	0.100	0.700
0.100	0.100	0.700	0.100
>GGTTTTCGCG	23-GGTTTTCGCG	10.296193	-13.663354	0	T:3.0(0.63%),B:2.2(0.00%),P:1e-5	Tpos:358.0,Tstd:0.0,Bpos:272.8,Bstd:157.3,StrandBias:10.0,Multiplicity:1.00
0.100	0.100	0.700	0.100
0.100	0.100	0.700	0.100
0.100	0.100	0.100	0.700
0.100	0.100	0.100	0.700
0.100	0.100	0.100	0.700
0.100	0.100	0.100	0.700
0.100	0.700	0.100	0.100
0.100	0.100	0.700	0.100
0.100	0.700	0.100	0.100
0.100	0.100	0.700	0.100
>AGATGTGCGG	24-AGATGTGCGG	10.296193	-13.663354	0	T:3.0(0.63%),B:2.9(0.01%),P:1e-5	Tpos:375.0,Tstd:0.0,Bpos:184.2,Bstd:58.6,StrandBias:10.0,Multiplicity:1.00
0.700	0.100	0.100	0.100
0.100	0.100	0.700	0.100
0.700	0.100	0.100	0.100
0.100	0.100	0.100	0.700
0.100	0.100	0.700	0.100
0.100	0.100	0.100	0.700
0.100	0.100	0.700	0.100
0.100	0.700	0.100	0.100
0.100	0.100	0.700	0.100
0.100	0.100	0.700	0.100
>TAGGTCCATG	25-TAGGTCCATG	11.984393	-7.703787	0	T:4.0(0.84%),B:36.0(0.07%),P:1e-3	Tpos:152.2,Tstd:130.8,Bpos:182.2,Bstd:115.5,StrandBias:1.0,Multiplicity:1.50
0.001	0.001	0.001	0.997
0.997	0.001	0.001	0.001
0.001	0.001	0.997	0.001
0.001	0.001	0.997	0.001
0.001	0.157	0.001	0.841
0.001	0.997	0.001	0.001
0.001	0.997	0.001	0.001
0.997	0.001	0.001	0.001
0.001	0.001	0.001	0.997
0.001	0.001	0.997	0.001
