>TGTGGTTA	1-TGTGGTTA	5.824901	-634.882405	0	T:1980.0(63.85%),B:14888.2(32.64%),P:1e-275	Tpos:267.5,Tstd:187.3,Bpos:234.5,Bstd:151.2,StrandBias:0.0,Multiplicity:1.65
0.045	0.014	0.001	0.940
0.001	0.001	0.997	0.001
0.032	0.002	0.001	0.965
0.001	0.001	0.997	0.001
0.001	0.001	0.997	0.001
0.001	0.035	0.001	0.963
0.080	0.104	0.057	0.759
0.528	0.052	0.138	0.282
>AGGAAGTG	2-AGGAAGTG	8.216128	-518.880662	0	T:1119.0(36.09%),B:6049.7(13.26%),P:1e-225	Tpos:274.7,Tstd:189.8,Bpos:235.9,Bstd:145.8,StrandBias:-0.0,Multiplicity:1.28
0.997	0.001	0.001	0.001
0.001	0.001	0.997	0.001
0.001	0.001	0.997	0.001
0.997	0.001	0.001	0.001
0.880	0.001	0.001	0.118
0.163	0.001	0.835	0.001
0.001	0.001	0.001	0.997
0.092	0.078	0.829	0.001
>KGTGGBTD	3-KGTGGBTD	6.534207	-431.583686	0	T:1613.0(52.02%),B:12381.2(27.14%),P:1e-187	Tpos:267.3,Tstd:205.6,Bpos:232.1,Bstd:148.4,StrandBias:0.1,Multiplicity:1.16
0.004	0.230	0.316	0.449
0.154	0.073	0.562	0.211
0.001	0.124	0.001	0.874
0.018	0.001	0.931	0.050
0.106	0.001	0.892	0.001
0.001	0.323	0.271	0.406
0.001	0.011	0.160	0.828
0.279	0.105	0.282	0.333
>CTTCCTGT	4-CTTCCTGT	7.585783	-404.928359	0	T:1133.0(36.54%),B:7136.0(15.64%),P:1e-175	Tpos:266.0,Tstd:188.9,Bpos:236.4,Bstd:138.9,StrandBias:-0.0,Multiplicity:1.20
0.001	0.696	0.001	0.302
0.111	0.001	0.001	0.887
0.001	0.001	0.001	0.997
0.001	0.997	0.001	0.001
0.001	0.997	0.001	0.001
0.001	0.001	0.055	0.943
0.001	0.001	0.997	0.001
0.001	0.102	0.001	0.896
>AGGTGTGA	5-AGGTGTGA	7.113417	-197.842908	0	T:878.0(28.31%),B:6636.0(14.55%),P:1e-85	Tpos:274.2,Tstd:196.6,Bpos:233.1,Bstd:148.0,StrandBias:0.0,Multiplicity:1.25
0.768	0.001	0.230	0.001
0.066	0.001	0.932	0.001
0.001	0.001	0.997	0.001
0.001	0.001	0.001	0.997
0.001	0.001	0.997	0.001
0.080	0.016	0.001	0.903
0.001	0.098	0.790	0.111
0.997	0.001	0.001	0.001
>TKYGGTTT	6-TKYGGTTT	5.887499	-185.242941	0	T:1368.0(44.11%),B:12793.9(28.05%),P:1e-80	Tpos:269.0,Tstd:197.4,Bpos:237.5,Bstd:145.8,StrandBias:-0.1,Multiplicity:1.32
0.002	0.055	0.250	0.693
0.158	0.022	0.380	0.440
0.086	0.458	0.144	0.312
0.099	0.141	0.759	0.001
0.019	0.011	0.922	0.048
0.001	0.098	0.068	0.833
0.025	0.096	0.011	0.868
0.069	0.063	0.053	0.815
>GATTTCCT	7-GATTTCCT	5.223396	-160.085592	0	T:812.0(26.19%),B:6417.7(14.07%),P:1e-69	Tpos:267.6,Tstd:199.9,Bpos:234.1,Bstd:137.6,StrandBias:-0.1,Multiplicity:1.08
0.001	0.010	0.752	0.237
0.705	0.001	0.293	0.001
0.001	0.001	0.001	0.997
0.001	0.001	0.001	0.997
0.001	0.001	0.001	0.997
0.001	0.997	0.001	0.001
0.001	0.981	0.017	0.001
0.001	0.001	0.001	0.997
>RGGCGKRG	8-RGGCGKRG	5.544514	-125.629521	0	T:1265.0(40.79%),B:12650.2(27.73%),P:1e-54	Tpos:282.8,Tstd:208.8,Bpos:233.3,Bstd:143.6,StrandBias:-0.1,Multiplicity:1.59
0.440	0.001	0.558	0.001
0.001	0.001	0.997	0.001
0.001	0.001	0.997	0.001
0.001	0.937	0.001	0.061
0.001	0.001	0.997	0.001
0.124	0.001	0.401	0.474
0.497	0.001	0.501	0.001
0.380	0.001	0.618	0.001
>TTTAACAC	9-TTTAACAC	5.816821	-117.409694	0	T:1291.0(41.63%),B:13185.3(28.90%),P:1e-50	Tpos:281.6,Tstd:210.3,Bpos:235.7,Bstd:146.4,StrandBias:0.1,Multiplicity:1.32
0.045	0.127	0.152	0.676
0.081	0.054	0.095	0.770
0.001	0.053	0.003	0.943
0.609	0.263	0.101	0.027
0.575	0.074	0.134	0.217
0.011	0.870	0.049	0.070
0.840	0.083	0.048	0.029
0.110	0.726	0.084	0.080
>AGCGGAAG	10-AGCGGAAG	5.859056	-116.192874	0	T:915.0(29.51%),B:8383.4(18.38%),P:1e-50	Tpos:274.5,Tstd:194.9,Bpos:235.2,Bstd:139.9,StrandBias:0.2,Multiplicity:1.23
0.571	0.140	0.174	0.115
0.148	0.204	0.624	0.024
0.090	0.817	0.047	0.046
0.013	0.066	0.894	0.027
0.089	0.030	0.831	0.050
0.735	0.109	0.017	0.139
0.806	0.025	0.018	0.151
0.179	0.073	0.731	0.017
>TGAGTCAT	11-TGAGTCAT	7.070617	-103.501102	0	T:562.0(18.12%),B:4463.1(9.78%),P:1e-44	Tpos:291.0,Tstd:232.2,Bpos:235.3,Bstd:145.0,StrandBias:0.0,Multiplicity:1.15
0.012	0.007	0.001	0.980
0.001	0.001	0.976	0.022
0.923	0.001	0.001	0.075
0.021	0.203	0.746	0.030
0.001	0.001	0.001	0.997
0.047	0.951	0.001	0.001
0.997	0.001	0.001	0.001
0.045	0.211	0.106	0.638
>TGACGTCA	12-TGACGTCA	6.338225	-66.026382	0	T:602.0(19.41%),B:5621.2(12.32%),P:1e-28	Tpos:268.6,Tstd:180.2,Bpos:230.7,Bstd:145.5,StrandBias:-0.0,Multiplicity:1.12
0.054	0.001	0.043	0.902
0.081	0.060	0.813	0.046
0.965	0.033	0.001	0.001
0.001	0.847	0.001	0.151
0.001	0.202	0.796	0.001
0.026	0.001	0.001	0.972
0.001	0.997	0.001	0.001
0.997	0.001	0.001	0.001
>GGGAGGGG	13-GGGAGGGG	8.376195	-39.222453	0	T:707.0(22.80%),B:7678.7(16.83%),P:1e-17	Tpos:283.2,Tstd:214.6,Bpos:234.7,Bstd:134.2,StrandBias:0.1,Multiplicity:1.25
0.001	0.001	0.997	0.001
0.001	0.001	0.997	0.001
0.001	0.001	0.997	0.001
0.997	0.001	0.001	0.001
0.001	0.001	0.997	0.001
0.001	0.001	0.997	0.001
0.122	0.001	0.876	0.001
0.182	0.264	0.553	0.001
>TGCGGTAA	14-TGCGGTAA	6.637437	-35.347126	0	T:268.0(8.64%),B:2348.7(5.15%),P:1e-15	Tpos:289.5,Tstd:239.2,Bpos:231.2,Bstd:143.5,StrandBias:0.0,Multiplicity:1.07
0.040	0.006	0.001	0.953
0.013	0.001	0.985	0.001
0.140	0.858	0.001	0.001
0.001	0.001	0.883	0.115
0.001	0.131	0.867	0.001
0.030	0.033	0.001	0.936
0.738	0.123	0.086	0.053
0.853	0.001	0.098	0.048
>TGCGAAGT	15-TGCGAAGT	8.462013	-23.463572	0	T:163.0(5.26%),B:1396.6(3.06%),P:1e-10	Tpos:283.7,Tstd:209.5,Bpos:238.1,Bstd:141.2,StrandBias:-0.0,Multiplicity:1.03
0.001	0.001	0.089	0.909
0.001	0.231	0.767	0.001
0.244	0.754	0.001	0.001
0.001	0.001	0.997	0.001
0.997	0.001	0.001	0.001
0.598	0.139	0.262	0.001
0.001	0.001	0.997	0.001
0.001	0.001	0.001	0.997
>CGYTTCAT	16-CGYTTCAT	8.287772	-17.340812	0	T:86.0(2.77%),B:663.4(1.45%),P:1e-7	Tpos:266.1,Tstd:200.2,Bpos:237.5,Bstd:147.8,StrandBias:0.1,Multiplicity:1.04
0.001	0.997	0.001	0.001
0.001	0.001	0.997	0.001
0.001	0.494	0.001	0.504
0.001	0.001	0.210	0.788
0.001	0.001	0.346	0.652
0.069	0.929	0.001	0.001
0.974	0.001	0.024	0.001
0.001	0.001	0.001	0.997
>GTCGCGCA	17-GTCGCGCA	8.236954	-0.776194	0	T:3.0(0.10%),B:37.2(0.08%),P:1e0	Tpos:201.0,Tstd:91.4,Bpos:296.0,Bstd:133.9,StrandBias:-3.6,Multiplicity:4.33
0.100	0.100	0.700	0.100
0.100	0.100	0.100	0.700
0.100	0.700	0.100	0.100
0.100	0.100	0.700	0.100
0.100	0.700	0.100	0.100
0.100	0.100	0.700	0.100
0.100	0.700	0.100	0.100
0.700	0.100	0.100	0.100
