>ACAGGAAGTGGK	1-ACAGGAAGTGGK	8.075229	-687.276581	0	T:1094.0(35.28%),B:4746.0(10.40%),P:1e-298	Tpos:265.2,Tstd:180.9,Bpos:235.6,Bstd:145.3,StrandBias:-0.1,Multiplicity:1.25
0.527	0.049	0.286	0.138
0.117	0.575	0.265	0.043
0.917	0.012	0.044	0.027
0.004	0.001	0.988	0.007
0.004	0.016	0.976	0.004
0.969	0.001	0.028	0.002
0.654	0.006	0.022	0.318
0.225	0.018	0.753	0.004
0.043	0.060	0.064	0.833
0.159	0.083	0.678	0.080
0.218	0.153	0.504	0.125
0.144	0.206	0.255	0.395
>WAACCACAVVNN	2-WAACCACAVVNN	6.477744	-600.010517	0	T:1788.0(57.66%),B:12756.7(27.97%),P:1e-260	Tpos:267.6,Tstd:187.3,Bpos:235.3,Bstd:150.7,StrandBias:-0.1,Multiplicity:1.53
0.398	0.213	0.094	0.295
0.486	0.232	0.196	0.086
0.582	0.186	0.230	0.002
0.048	0.945	0.002	0.005
0.002	0.995	0.002	0.001
0.670	0.088	0.001	0.241
0.131	0.749	0.084	0.036
0.670	0.122	0.048	0.160
0.307	0.226	0.357	0.110
0.332	0.290	0.202	0.176
0.228	0.323	0.244	0.205
0.299	0.286	0.193	0.222
>SWRACAGGAAAC	3-SWRACAGGAAAC	8.062404	-256.843946	0	T:855.0(27.57%),B:5687.4(12.47%),P:1e-111	Tpos:266.6,Tstd:187.4,Bpos:236.4,Bstd:138.9,StrandBias:0.2,Multiplicity:1.14
0.204	0.241	0.377	0.178
0.441	0.102	0.159	0.299
0.388	0.221	0.270	0.121
0.751	0.001	0.158	0.090
0.020	0.930	0.049	0.001
0.997	0.001	0.001	0.001
0.001	0.001	0.997	0.001
0.001	0.001	0.997	0.001
0.997	0.001	0.001	0.001
0.997	0.001	0.001	0.001
0.533	0.099	0.367	0.001
0.051	0.675	0.236	0.038
>RAGGTGTGAAHH	4-RAGGTGTGAAHH	8.043509	-232.156726	0	T:758.0(24.44%),B:4944.6(10.84%),P:1e-100	Tpos:261.4,Tstd:188.1,Bpos:237.5,Bstd:145.8,StrandBias:-0.1,Multiplicity:1.16
0.352	0.151	0.347	0.149
0.613	0.001	0.251	0.135
0.197	0.001	0.586	0.216
0.001	0.038	0.960	0.001
0.001	0.001	0.001	0.997
0.001	0.001	0.997	0.001
0.373	0.001	0.001	0.625
0.001	0.185	0.708	0.106
0.987	0.001	0.001	0.011
0.406	0.203	0.235	0.156
0.355	0.263	0.158	0.225
0.284	0.286	0.138	0.292
>NCAGGATGTGGN	5-NCAGGATGTGGN	8.238636	-128.326829	0	T:183.0(5.90%),B:647.5(1.42%),P:1e-55	Tpos:274.7,Tstd:239.2,Bpos:237.1,Bstd:133.6,StrandBias:-0.3,Multiplicity:1.04
0.240	0.230	0.284	0.246
0.024	0.595	0.111	0.270
0.453	0.201	0.097	0.249
0.189	0.098	0.676	0.037
0.023	0.075	0.748	0.154
0.520	0.166	0.297	0.017
0.137	0.124	0.130	0.609
0.099	0.016	0.660	0.225
0.163	0.095	0.119	0.623
0.015	0.079	0.736	0.170
0.020	0.109	0.843	0.028
0.222	0.258	0.278	0.242
>GGTTTCAGTTTC	6-GGTTTCAGTTTC	8.979483	-115.169328	0	T:260.0(8.38%),B:1315.8(2.88%),P:1e-50	Tpos:253.3,Tstd:162.8,Bpos:238.7,Bstd:140.3,StrandBias:-0.2,Multiplicity:1.09
0.273	0.031	0.510	0.186
0.016	0.194	0.680	0.110
0.001	0.032	0.013	0.954
0.159	0.028	0.220	0.593
0.202	0.001	0.067	0.730
0.078	0.802	0.113	0.007
0.711	0.011	0.001	0.277
0.009	0.289	0.579	0.123
0.001	0.125	0.011	0.863
0.011	0.132	0.017	0.840
0.049	0.282	0.103	0.566
0.059	0.544	0.122	0.275
>AGGCCCCACCCA	7-AGGCCCCACCCA	9.006747	-74.552499	0	T:291.0(9.38%),B:1989.3(4.36%),P:1e-32	Tpos:261.3,Tstd:200.1,Bpos:235.4,Bstd:135.5,StrandBias:0.4,Multiplicity:1.10
0.719	0.033	0.156	0.092
0.094	0.053	0.683	0.170
0.061	0.052	0.826	0.061
0.054	0.907	0.001	0.038
0.028	0.854	0.010	0.108
0.184	0.775	0.001	0.040
0.076	0.896	0.001	0.027
0.791	0.001	0.068	0.140
0.001	0.927	0.051	0.021
0.001	0.971	0.027	0.001
0.042	0.920	0.028	0.010
0.737	0.150	0.001	0.112
>HCCGGAAATCNN	8-HCCGGAAATCNN	5.217969	-62.968813	0	T:705.0(22.73%),B:6960.7(15.26%),P:1e-27	Tpos:278.2,Tstd:207.4,Bpos:236.2,Bstd:137.2,StrandBias:-0.1,Multiplicity:1.09
0.372	0.269	0.085	0.274
0.143	0.458	0.210	0.189
0.252	0.495	0.189	0.064
0.022	0.344	0.549	0.085
0.127	0.127	0.682	0.064
0.599	0.148	0.085	0.168
0.628	0.210	0.056	0.106
0.682	0.106	0.169	0.043
0.203	0.143	0.022	0.632
0.147	0.620	0.085	0.148
0.211	0.198	0.294	0.298
0.303	0.233	0.232	0.232
>CATCYCCRCCCT	9-CATCYCCRCCCT	9.307632	-51.995826	0	T:270.0(8.71%),B:2078.7(4.56%),P:1e-22	Tpos:269.3,Tstd:197.5,Bpos:239.7,Bstd:136.6,StrandBias:0.1,Multiplicity:1.06
0.189	0.695	0.110	0.006
0.732	0.033	0.068	0.167
0.108	0.168	0.282	0.443
0.001	0.893	0.040	0.066
0.031	0.427	0.001	0.541
0.001	0.982	0.016	0.001
0.085	0.678	0.075	0.162
0.327	0.063	0.390	0.220
0.098	0.764	0.001	0.137
0.001	0.935	0.001	0.063
0.009	0.989	0.001	0.001
0.001	0.012	0.001	0.986
>GATGACGTCACC	10-GATGACGTCACC	7.334033	-50.041980	0	T:382.0(12.32%),B:3360.1(7.37%),P:1e-21	Tpos:255.4,Tstd:188.4,Bpos:235.3,Bstd:139.4,StrandBias:0.2,Multiplicity:1.07
0.096	0.067	0.769	0.068
0.751	0.102	0.042	0.105
0.079	0.030	0.096	0.795
0.035	0.064	0.865	0.036
0.739	0.089	0.087	0.085
0.169	0.562	0.146	0.123
0.179	0.152	0.576	0.093
0.085	0.067	0.081	0.767
0.063	0.818	0.084	0.035
0.835	0.067	0.019	0.079
0.084	0.777	0.112	0.027
0.085	0.748	0.036	0.131
>CAGTATGAGTCA	11-CAGTATGAGTCA	7.836194	-48.112947	0	T:236.0(7.61%),B:1776.8(3.90%),P:1e-20	Tpos:265.3,Tstd:196.7,Bpos:234.6,Bstd:139.8,StrandBias:-0.1,Multiplicity:1.03
0.094	0.791	0.035	0.080
0.895	0.040	0.040	0.025
0.047	0.061	0.852	0.040
0.058	0.070	0.084	0.788
0.742	0.123	0.073	0.062
0.045	0.013	0.062	0.880
0.022	0.100	0.865	0.013
0.921	0.001	0.017	0.061
0.067	0.114	0.806	0.013
0.040	0.067	0.072	0.821
0.040	0.842	0.057	0.061
0.798	0.065	0.040	0.097
>ACATATCCGCCC	12-ACATATCCGCCC	0.153613	-35.541048	0	T:345.0(11.13%),B:3243.7(7.11%),P:1e-15	Tpos:286.4,Tstd:215.0,Bpos:233.8,Bstd:141.8,StrandBias:0.3,Multiplicity:1.11
0.622	0.001	0.376	0.001
0.001	0.997	0.001	0.001
0.701	0.001	0.297	0.001
0.001	0.375	0.001	0.623
0.615	0.383	0.001	0.001
0.001	0.001	0.001	0.997
0.001	0.701	0.001	0.297
0.001	0.997	0.001	0.001
0.001	0.001	0.997	0.001
0.001	0.997	0.001	0.001
0.001	0.997	0.001	0.001
0.001	0.997	0.001	0.001
>AGGGAAGTGGTW	13-AGGGAAGTGGTW	11.497698	-34.987064	0	T:54.0(1.74%),B:210.7(0.46%),P:1e-15	Tpos:266.2,Tstd:148.1,Bpos:228.6,Bstd:140.0,StrandBias:0.4,Multiplicity:1.00
0.525	0.099	0.203	0.173
0.001	0.244	0.530	0.225
0.001	0.001	0.997	0.001
0.001	0.001	0.997	0.001
0.997	0.001	0.001	0.001
0.997	0.001	0.001	0.001
0.001	0.001	0.997	0.001
0.001	0.001	0.001	0.997
0.001	0.001	0.997	0.001
0.001	0.001	0.997	0.001
0.001	0.319	0.138	0.542
0.405	0.001	0.057	0.537
>GARTGTGGKCAK	14-GARTGTGGKCAK	8.928425	-33.498713	0	T:57.0(1.84%),B:241.0(0.53%),P:1e-14	Tpos:270.1,Tstd:226.6,Bpos:234.9,Bstd:148.6,StrandBias:1.0,Multiplicity:1.02
0.189	0.240	0.390	0.181
0.481	0.017	0.258	0.243
0.520	0.044	0.382	0.054
0.030	0.003	0.297	0.670
0.001	0.004	0.993	0.002
0.194	0.129	0.024	0.653
0.011	0.001	0.642	0.346
0.037	0.023	0.711	0.229
0.200	0.162	0.274	0.364
0.125	0.592	0.261	0.022
0.768	0.174	0.001	0.057
0.067	0.207	0.385	0.342
>CACAGGAAGCTG	15-CACAGGAAGCTG	10.250981	-25.537280	0	T:75.0(2.42%),B:452.1(0.99%),P:1e-11	Tpos:279.2,Tstd:211.7,Bpos:224.3,Bstd:133.8,StrandBias:0.5,Multiplicity:1.00
0.001	0.997	0.001	0.001
0.811	0.017	0.001	0.171
0.043	0.920	0.036	0.001
0.898	0.100	0.001	0.001
0.001	0.161	0.837	0.001
0.001	0.001	0.997	0.001
0.973	0.025	0.001	0.001
0.674	0.001	0.199	0.126
0.001	0.001	0.912	0.086
0.039	0.959	0.001	0.001
0.001	0.001	0.001	0.997
0.001	0.001	0.837	0.161
>ACAGCATCACAC	16-ACAGCATCACAC	12.355432	-16.297774	0	T:6.0(0.19%),B:3.5(0.01%),P:1e-7	Tpos:383.3,Tstd:302.0,Bpos:304.3,Bstd:73.6,StrandBias:-2.0,Multiplicity:2.50
0.700	0.100	0.100	0.100
0.100	0.700	0.100	0.100
0.700	0.100	0.100	0.100
0.100	0.100	0.700	0.100
0.100	0.700	0.100	0.100
0.700	0.100	0.100	0.100
0.100	0.100	0.100	0.700
0.100	0.700	0.100	0.100
0.700	0.100	0.100	0.100
0.100	0.700	0.100	0.100
0.700	0.100	0.100	0.100
0.100	0.700	0.100	0.100
>GTTAGAGGGAGG	17-GTTAGAGGGAGG	9.788099	-15.401115	0	T:94.0(3.03%),B:782.5(1.72%),P:1e-6	Tpos:261.5,Tstd:231.3,Bpos:226.9,Bstd:132.1,StrandBias:0.3,Multiplicity:1.00
0.054	0.054	0.731	0.161
0.066	0.161	0.102	0.671
0.256	0.068	0.012	0.664
0.744	0.001	0.094	0.161
0.054	0.054	0.838	0.054
0.958	0.001	0.001	0.040
0.041	0.001	0.905	0.053
0.020	0.054	0.819	0.107
0.087	0.034	0.718	0.161
0.945	0.001	0.053	0.001
0.001	0.001	0.997	0.001
0.001	0.001	0.997	0.001
>TGCAGTACATTG	18-TGCAGTACATTG	12.355432	-13.988378	0	T:4.0(0.13%),B:0.0(0.00%),P:1e-6	Tpos:121.9,Tstd:76.2,Bpos:0.0,Bstd:0.0,StrandBias:1.6,Multiplicity:2.00
0.100	0.100	0.100	0.700
0.100	0.100	0.700	0.100
0.100	0.700	0.100	0.100
0.700	0.100	0.100	0.100
0.100	0.100	0.700	0.100
0.100	0.100	0.100	0.700
0.700	0.100	0.100	0.100
0.100	0.700	0.100	0.100
0.700	0.100	0.100	0.100
0.100	0.100	0.100	0.700
0.100	0.100	0.100	0.700
0.100	0.100	0.700	0.100
>TGTGTTAGAGGG	19-TGTGTTAGAGGG	6.517702	-12.297338	0	T:1167.0(37.63%),B:15426.5(33.82%),P:1e-5	Tpos:277.5,Tstd:203.4,Bpos:234.6,Bstd:148.2,StrandBias:0.0,Multiplicity:1.28
0.100	0.100	0.100	0.700
0.100	0.100	0.700	0.100
0.100	0.100	0.100	0.700
0.100	0.100	0.700	0.100
0.100	0.100	0.100	0.700
0.100	0.100	0.100	0.700
0.700	0.100	0.100	0.100
0.100	0.100	0.700	0.100
0.700	0.100	0.100	0.100
0.100	0.100	0.700	0.100
0.100	0.100	0.700	0.100
0.100	0.100	0.700	0.100
>CTGGAAGGCGCC	20-CTGGAAGGCGCC	9.694726	-9.909179	0	T:3.0(0.10%),B:1.5(0.00%),P:1e-4	Tpos:203.2,Tstd:111.0,Bpos:277.9,Bstd:80.0,StrandBias:2.5,Multiplicity:4.33
0.001	0.997	0.001	0.001
0.001	0.001	0.001	0.997
0.001	0.001	0.938	0.060
0.001	0.001	0.997	0.001
0.997	0.001	0.001	0.001
0.997	0.001	0.001	0.001
0.001	0.001	0.997	0.001
0.001	0.001	0.997	0.001
0.001	0.997	0.001	0.001
0.001	0.001	0.997	0.001
0.001	0.997	0.001	0.001
0.001	0.997	0.001	0.001
>TTGGGCCTGACT	21-TTGGGCCTGACT	14.358166	-6.714517	0	T:3.0(0.10%),B:3.9(0.01%),P:1e-2	Tpos:310.0,Tstd:53.5,Bpos:209.2,Bstd:146.7,StrandBias:1.8,Multiplicity:3.00
0.001	0.001	0.001	0.997
0.001	0.001	0.001	0.997
0.001	0.001	0.997	0.001
0.001	0.001	0.997	0.001
0.001	0.001	0.892	0.106
0.001	0.997	0.001	0.001
0.001	0.997	0.001	0.001
0.001	0.001	0.001	0.997
0.001	0.001	0.997	0.001
0.997	0.001	0.001	0.001
0.001	0.997	0.001	0.001
0.001	0.001	0.001	0.997
>GTGTTAGAGGGA	22-GTGTTAGAGGGA	6.517702	-5.375898	0	T:1077.0(34.73%),B:14832.7(32.52%),P:1e-2	Tpos:287.9,Tstd:216.1,Bpos:233.1,Bstd:138.8,StrandBias:-0.1,Multiplicity:1.15
0.100	0.100	0.700	0.100
0.100	0.100	0.100	0.700
0.100	0.100	0.700	0.100
0.100	0.100	0.100	0.700
0.100	0.100	0.100	0.700
0.700	0.100	0.100	0.100
0.100	0.100	0.700	0.100
0.700	0.100	0.100	0.100
0.100	0.100	0.700	0.100
0.100	0.100	0.700	0.100
0.100	0.100	0.700	0.100
0.700	0.100	0.100	0.100
>AGCAGGTCCTCC	23-AGCAGGTCCTCC	12.355432	-4.774311	0	T:2.0(0.06%),B:2.3(0.00%),P:1e-2	Tpos:302.6,Tstd:127.4,Bpos:224.4,Bstd:126.8,StrandBias:10.0,Multiplicity:6.00
0.700	0.100	0.100	0.100
0.100	0.100	0.700	0.100
0.100	0.700	0.100	0.100
0.700	0.100	0.100	0.100
0.100	0.100	0.700	0.100
0.100	0.100	0.700	0.100
0.100	0.100	0.100	0.700
0.100	0.700	0.100	0.100
0.100	0.700	0.100	0.100
0.100	0.100	0.100	0.700
0.100	0.700	0.100	0.100
0.100	0.700	0.100	0.100
>TGCGCGACTCGG	24-TGCGCGACTCGG	16.399141	-2.722321	0	T:1.0(0.03%),B:0.0(0.00%),P:1e-1	Tpos:202.5,Tstd:103.8,Bpos:0.0,Bstd:0.0,StrandBias:10.0,Multiplicity:8.00
0.001	0.001	0.001	0.997
0.001	0.001	0.997	0.001
0.001	0.997	0.001	0.001
0.001	0.001	0.997	0.001
0.001	0.997	0.001	0.001
0.001	0.001	0.997	0.001
0.997	0.001	0.001	0.001
0.001	0.997	0.001	0.001
0.001	0.001	0.001	0.997
0.001	0.997	0.001	0.001
0.001	0.001	0.997	0.001
0.182	0.001	0.816	0.001
>ACACAGCTCATC	25-ACACAGCTCATC	12.355432	-1.690130	0	T:1.0(0.03%),B:3.5(0.01%),P:1e0	Tpos:222.0,Tstd:136.4,Bpos:163.8,Bstd:77.4,StrandBias:10.0,Multiplicity:12.00
0.700	0.100	0.100	0.100
0.100	0.700	0.100	0.100
0.700	0.100	0.100	0.100
0.100	0.700	0.100	0.100
0.700	0.100	0.100	0.100
0.100	0.100	0.700	0.100
0.100	0.700	0.100	0.100
0.100	0.100	0.100	0.700
0.100	0.700	0.100	0.100
0.700	0.100	0.100	0.100
0.100	0.100	0.100	0.700
0.100	0.700	0.100	0.100
