>ACAGGAAGTG	1-ACAGGAAGTG	7.431296	-663.703526	0	T:1468.0(47.34%),B:8488.1(18.61%),P:1e-288	Tpos:266.4,Tstd:183.5,Bpos:236.2,Bstd:142.2,StrandBias:-0.0,Multiplicity:1.36
0.580	0.077	0.261	0.082
0.132	0.644	0.213	0.011
0.897	0.048	0.054	0.001
0.014	0.004	0.974	0.008
0.005	0.014	0.964	0.017
0.987	0.001	0.010	0.002
0.776	0.017	0.008	0.199
0.194	0.001	0.801	0.004
0.041	0.130	0.088	0.741
0.144	0.120	0.636	0.100
>NNWAACCACA	2-NNWAACCACA	6.234615	-658.219616	0	T:1812.0(58.43%),B:12491.2(27.38%),P:1e-285	Tpos:265.7,Tstd:186.6,Bpos:234.5,Bstd:149.7,StrandBias:-0.0,Multiplicity:1.51
0.212	0.266	0.250	0.273
0.196	0.287	0.323	0.194
0.472	0.093	0.082	0.353
0.514	0.151	0.143	0.192
0.657	0.104	0.196	0.043
0.003	0.976	0.010	0.011
0.059	0.921	0.004	0.016
0.633	0.056	0.121	0.190
0.089	0.767	0.088	0.056
0.693	0.062	0.090	0.155
>YTGTGGCYGS	3-YTGTGGCYGS	7.076015	-235.857376	0	T:1117.0(36.02%),B:8861.9(19.43%),P:1e-102	Tpos:275.1,Tstd:199.4,Bpos:236.1,Bstd:145.7,StrandBias:-0.0,Multiplicity:1.17
0.102	0.410	0.044	0.444
0.001	0.001	0.008	0.990
0.001	0.072	0.914	0.013
0.049	0.244	0.025	0.682
0.037	0.073	0.882	0.008
0.131	0.001	0.867	0.001
0.001	0.549	0.297	0.153
0.104	0.318	0.114	0.465
0.202	0.060	0.499	0.239
0.094	0.283	0.426	0.197
>TTTCACACCT	4-TTTCACACCT	7.846015	-212.828531	0	T:641.0(20.67%),B:3966.2(8.69%),P:1e-92	Tpos:269.0,Tstd:190.0,Bpos:235.4,Bstd:147.5,StrandBias:0.0,Multiplicity:1.17
0.091	0.153	0.217	0.539
0.185	0.102	0.191	0.522
0.098	0.001	0.001	0.900
0.128	0.736	0.135	0.001
0.830	0.001	0.030	0.139
0.001	0.997	0.001	0.001
0.969	0.001	0.029	0.001
0.008	0.956	0.032	0.004
0.125	0.693	0.037	0.145
0.007	0.237	0.039	0.717
>TGTGGTTVAC	5-TGTGGTTVAC	6.691357	-208.150702	0	T:420.0(13.54%),B:1994.2(4.37%),P:1e-90	Tpos:251.9,Tstd:172.4,Bpos:234.4,Bstd:145.1,StrandBias:0.1,Multiplicity:1.05
0.146	0.167	0.135	0.552
0.111	0.107	0.628	0.154
0.107	0.189	0.110	0.594
0.081	0.004	0.840	0.075
0.143	0.107	0.662	0.088
0.059	0.165	0.215	0.561
0.163	0.075	0.093	0.669
0.349	0.213	0.260	0.179
0.626	0.121	0.131	0.122
0.103	0.593	0.182	0.122
>TCACACCTYD	6-TCACACCTYD	6.617643	-187.666699	0	T:1016.0(32.76%),B:8369.2(18.35%),P:1e-81	Tpos:275.2,Tstd:200.7,Bpos:235.4,Bstd:146.3,StrandBias:-0.1,Multiplicity:1.17
0.001	0.275	0.001	0.723
0.182	0.412	0.229	0.176
0.449	0.073	0.194	0.284
0.001	0.997	0.001	0.001
0.929	0.069	0.001	0.001
0.001	0.997	0.001	0.001
0.118	0.518	0.205	0.159
0.001	0.240	0.242	0.517
0.211	0.398	0.008	0.383
0.325	0.149	0.268	0.258
>NCCACATCCN	7-NCCACATCCN	6.445785	-175.305789	0	T:139.0(4.48%),B:251.5(0.55%),P:1e-76	Tpos:243.8,Tstd:126.3,Bpos:211.3,Bstd:130.7,StrandBias:0.6,Multiplicity:1.08
0.237	0.290	0.251	0.222
0.145	0.592	0.126	0.137
0.149	0.519	0.196	0.136
0.536	0.134	0.184	0.146
0.134	0.595	0.107	0.164
0.554	0.137	0.166	0.143
0.180	0.150	0.135	0.535
0.149	0.573	0.137	0.141
0.154	0.535	0.172	0.139
0.231	0.194	0.304	0.271
>RCCMCACCCT	8-RCCMCACCCT	8.312810	-169.067326	0	T:689.0(22.22%),B:4940.8(10.83%),P:1e-73	Tpos:270.3,Tstd:193.7,Bpos:233.8,Bstd:143.9,StrandBias:0.0,Multiplicity:1.22
0.421	0.047	0.483	0.048
0.001	0.989	0.009	0.001
0.001	0.866	0.001	0.132
0.472	0.469	0.015	0.044
0.078	0.885	0.001	0.036
0.738	0.009	0.160	0.093
0.001	0.997	0.001	0.001
0.001	0.997	0.001	0.001
0.001	0.997	0.001	0.001
0.280	0.058	0.001	0.661
>AAAACCACCG	9-AAAACCACCG	7.223586	-128.819945	0	T:458.0(14.77%),B:3028.6(6.64%),P:1e-55	Tpos:262.4,Tstd:191.0,Bpos:231.3,Bstd:148.5,StrandBias:-0.1,Multiplicity:1.02
0.764	0.083	0.086	0.067
0.726	0.050	0.103	0.121
0.807	0.113	0.036	0.044
0.869	0.057	0.023	0.051
0.034	0.860	0.026	0.080
0.082	0.841	0.046	0.031
0.814	0.055	0.062	0.069
0.098	0.759	0.076	0.067
0.137	0.765	0.062	0.036
0.047	0.107	0.801	0.045
>BVTGASTCAB	10-BVTGASTCAB	7.087150	-104.258386	0	T:494.0(15.93%),B:3709.2(8.13%),P:1e-45	Tpos:289.0,Tstd:234.3,Bpos:234.1,Bstd:143.1,StrandBias:-0.0,Multiplicity:1.13
0.120	0.221	0.314	0.344
0.326	0.225	0.275	0.174
0.001	0.011	0.001	0.987
0.021	0.016	0.867	0.096
0.858	0.039	0.007	0.096
0.011	0.466	0.419	0.104
0.150	0.001	0.009	0.840
0.080	0.865	0.054	0.001
0.837	0.001	0.052	0.110
0.154	0.300	0.219	0.326
>TTTCGGTTTC	11-TTTCGGTTTC	7.096800	-103.994784	0	T:669.0(21.57%),B:5670.7(12.43%),P:1e-45	Tpos:272.7,Tstd:188.2,Bpos:238.3,Bstd:141.1,StrandBias:0.2,Multiplicity:1.20
0.051	0.017	0.056	0.876
0.100	0.011	0.102	0.787
0.096	0.107	0.031	0.766
0.014	0.819	0.055	0.112
0.218	0.060	0.617	0.105
0.045	0.109	0.653	0.193
0.029	0.072	0.014	0.885
0.032	0.020	0.068	0.880
0.032	0.160	0.032	0.776
0.079	0.640	0.143	0.138
>GGTTTCCTGT	12-GGTTTCCTGT	9.332495	-88.002152	0	T:224.0(7.22%),B:1220.9(2.68%),P:1e-38	Tpos:256.0,Tstd:164.7,Bpos:236.4,Bstd:143.0,StrandBias:-0.0,Multiplicity:1.03
0.042	0.001	0.786	0.171
0.001	0.049	0.869	0.081
0.001	0.001	0.001	0.997
0.001	0.001	0.001	0.997
0.001	0.001	0.001	0.997
0.009	0.965	0.025	0.001
0.008	0.938	0.019	0.035
0.001	0.001	0.001	0.997
0.001	0.021	0.956	0.022
0.048	0.099	0.013	0.840
>ACYATTTCCG	13-ACYATTTCCG	8.996766	-60.457952	0	T:91.0(2.93%),B:340.5(0.75%),P:1e-26	Tpos:282.6,Tstd:182.3,Bpos:237.1,Bstd:135.4,StrandBias:-0.2,Multiplicity:1.00
0.791	0.055	0.150	0.004
0.135	0.862	0.002	0.001
0.061	0.450	0.001	0.488
0.840	0.098	0.061	0.001
0.001	0.370	0.055	0.574
0.177	0.001	0.070	0.752
0.001	0.001	0.055	0.943
0.001	0.971	0.005	0.023
0.001	0.798	0.199	0.002
0.094	0.147	0.758	0.001
>CAGGAAGGAA	14-CAGGAAGGAA	9.349656	-55.557724	0	T:272.0(8.77%),B:2046.8(4.49%),P:1e-24	Tpos:245.2,Tstd:168.5,Bpos:234.4,Bstd:137.0,StrandBias:0.3,Multiplicity:1.05
0.171	0.624	0.169	0.036
0.886	0.029	0.024	0.061
0.001	0.001	0.997	0.001
0.029	0.001	0.954	0.016
0.939	0.001	0.001	0.059
0.970	0.001	0.028	0.001
0.103	0.001	0.895	0.001
0.048	0.001	0.950	0.001
0.997	0.001	0.001	0.001
0.831	0.027	0.055	0.087
>GATGACGTCA	15-GATGACGTCA	7.717497	-53.780311	0	T:289.0(9.32%),B:2254.5(4.94%),P:1e-23	Tpos:266.9,Tstd:178.1,Bpos:231.3,Bstd:141.0,StrandBias:0.1,Multiplicity:1.06
0.096	0.205	0.572	0.127
0.625	0.197	0.156	0.022
0.068	0.001	0.022	0.909
0.076	0.058	0.751	0.115
0.959	0.023	0.001	0.017
0.001	0.695	0.149	0.155
0.173	0.057	0.741	0.029
0.022	0.008	0.029	0.941
0.001	0.985	0.013	0.001
0.850	0.063	0.001	0.086
>CAAACCACCK	16-CAAACCACCK	6.974483	-51.030141	0	T:548.0(17.67%),B:5318.0(11.66%),P:1e-22	Tpos:286.2,Tstd:217.1,Bpos:233.4,Bstd:143.9,StrandBias:-0.2,Multiplicity:1.10
0.001	0.479	0.283	0.237
0.896	0.082	0.014	0.008
0.946	0.019	0.001	0.034
0.610	0.322	0.061	0.007
0.042	0.823	0.006	0.129
0.035	0.826	0.001	0.138
0.624	0.075	0.036	0.265
0.094	0.749	0.127	0.030
0.001	0.897	0.033	0.069
0.211	0.148	0.370	0.271
>ATGTGGTGGC	17-ATGTGGTGGC	9.728608	-38.645172	0	T:103.0(3.32%),B:581.8(1.28%),P:1e-16	Tpos:247.4,Tstd:198.1,Bpos:234.2,Bstd:142.8,StrandBias:0.3,Multiplicity:1.03
0.599	0.195	0.001	0.205
0.021	0.001	0.001	0.977
0.001	0.086	0.867	0.046
0.001	0.001	0.086	0.912
0.001	0.001	0.924	0.074
0.001	0.001	0.997	0.001
0.001	0.029	0.001	0.969
0.001	0.001	0.997	0.001
0.001	0.001	0.997	0.001
0.001	0.844	0.116	0.039
>TAACCACTGA	18-TAACCACTGA	11.554913	-29.238510	0	T:39.0(1.26%),B:135.3(0.30%),P:1e-12	Tpos:237.5,Tstd:166.7,Bpos:242.1,Bstd:130.7,StrandBias:-0.1,Multiplicity:1.03
0.001	0.001	0.001	0.997
0.997	0.001	0.001	0.001
0.742	0.001	0.256	0.001
0.001	0.997	0.001	0.001
0.001	0.997	0.001	0.001
0.856	0.001	0.001	0.142
0.001	0.997	0.001	0.001
0.001	0.001	0.034	0.964
0.001	0.001	0.997	0.001
0.997	0.001	0.001	0.001
>TCACTTCTCA	19-TCACTTCTCA	9.339911	-21.612116	0	T:51.0(1.64%),B:274.9(0.60%),P:1e-9	Tpos:290.6,Tstd:186.4,Bpos:237.8,Bstd:136.8,StrandBias:0.5,Multiplicity:1.02
0.001	0.001	0.107	0.891
0.115	0.883	0.001	0.001
0.997	0.001	0.001	0.001
0.001	0.997	0.001	0.001
0.001	0.001	0.001	0.997
0.001	0.001	0.001	0.997
0.001	0.997	0.001	0.001
0.001	0.001	0.097	0.901
0.001	0.997	0.001	0.001
0.997	0.001	0.001	0.001
>GGGCGGAGAT	20-GGGCGGAGAT	8.463929	-18.856437	0	T:18.0(0.58%),B:46.3(0.10%),P:1e-8	Tpos:324.9,Tstd:233.8,Bpos:232.8,Bstd:133.7,StrandBias:-1.4,Multiplicity:1.61
0.001	0.001	0.997	0.001
0.001	0.001	0.997	0.001
0.001	0.071	0.927	0.001
0.001	0.997	0.001	0.001
0.001	0.001	0.997	0.001
0.001	0.001	0.929	0.069
0.997	0.001	0.001	0.001
0.070	0.044	0.833	0.053
0.997	0.001	0.001	0.001
0.001	0.001	0.001	0.997
>GCMTGACKGA	21-GCMTGACKGA	10.171648	-12.074104	0	T:48.0(1.55%),B:346.3(0.76%),P:1e-5	Tpos:359.1,Tstd:210.8,Bpos:232.3,Bstd:143.9,StrandBias:0.7,Multiplicity:1.23
0.001	0.119	0.701	0.179
0.001	0.997	0.001	0.001
0.512	0.486	0.001	0.001
0.126	0.001	0.225	0.648
0.001	0.001	0.997	0.001
0.862	0.136	0.001	0.001
0.001	0.997	0.001	0.001
0.247	0.088	0.263	0.402
0.030	0.067	0.902	0.001
0.997	0.001	0.001	0.001
>ATGTGTTAGA	22-ATGTGTTAGA	6.404373	-11.661012	0	T:1027.0(33.12%),B:13478.0(29.55%),P:1e-5	Tpos:290.6,Tstd:214.0,Bpos:234.0,Bstd:143.3,StrandBias:0.0,Multiplicity:1.29
0.700	0.100	0.100	0.100
0.100	0.100	0.100	0.700
0.100	0.100	0.700	0.100
0.100	0.100	0.100	0.700
0.100	0.100	0.700	0.100
0.100	0.100	0.100	0.700
0.100	0.100	0.100	0.700
0.700	0.100	0.100	0.100
0.100	0.100	0.700	0.100
0.700	0.100	0.100	0.100
>GCAGTACATT	23-GCAGTACATT	10.296193	-5.530753	0	T:5.0(0.16%),B:15.3(0.03%),P:1e-2	Tpos:119.6,Tstd:72.1,Bpos:155.7,Bstd:138.9,StrandBias:1.0,Multiplicity:1.80
0.100	0.100	0.700	0.100
0.100	0.700	0.100	0.100
0.700	0.100	0.100	0.100
0.100	0.100	0.700	0.100
0.100	0.100	0.100	0.700
0.700	0.100	0.100	0.100
0.100	0.700	0.100	0.100
0.700	0.100	0.100	0.100
0.100	0.100	0.100	0.700
0.100	0.100	0.100	0.700
>TGCGCGACTC	24-TGCGCGACTC	8.350283	-2.583478	0	T:17.0(0.55%),B:169.9(0.37%),P:1e-1	Tpos:234.7,Tstd:136.9,Bpos:235.8,Bstd:138.7,StrandBias:1.2,Multiplicity:1.62
0.100	0.100	0.100	0.700
0.100	0.100	0.700	0.100
0.100	0.700	0.100	0.100
0.100	0.100	0.700	0.100
0.100	0.700	0.100	0.100
0.100	0.100	0.700	0.100
0.700	0.100	0.100	0.100
0.100	0.700	0.100	0.100
0.100	0.100	0.100	0.700
0.100	0.700	0.100	0.100
>GGCGCCTTCC	25-GGCGCCTTCC	10.296193	-1.753444	0	T:3.0(0.10%),B:21.1(0.05%),P:1e0	Tpos:175.8,Tstd:106.0,Bpos:212.2,Bstd:157.0,StrandBias:-3.6,Multiplicity:4.33
0.100	0.100	0.700	0.100
0.100	0.100	0.700	0.100
0.100	0.700	0.100	0.100
0.100	0.100	0.700	0.100
0.100	0.700	0.100	0.100
0.100	0.700	0.100	0.100
0.100	0.100	0.100	0.700
0.100	0.100	0.100	0.700
0.100	0.700	0.100	0.100
0.100	0.700	0.100	0.100
>ACAGGAAGTGGK	1-ACAGGAAGTGGK	8.075229	-687.276581	0	T:1094.0(35.28%),B:4746.0(10.40%),P:1e-298	Tpos:265.2,Tstd:180.9,Bpos:235.6,Bstd:145.3,StrandBias:-0.1,Multiplicity:1.25
0.527	0.049	0.286	0.138
0.117	0.575	0.265	0.043
0.917	0.012	0.044	0.027
0.004	0.001	0.988	0.007
0.004	0.016	0.976	0.004
0.969	0.001	0.028	0.002
0.654	0.006	0.022	0.318
0.225	0.018	0.753	0.004
0.043	0.060	0.064	0.833
0.159	0.083	0.678	0.080
0.218	0.153	0.504	0.125
0.144	0.206	0.255	0.395
>WAACCACAVVNN	2-WAACCACAVVNN	6.477744	-600.010517	0	T:1788.0(57.66%),B:12756.7(27.97%),P:1e-260	Tpos:267.6,Tstd:187.3,Bpos:235.3,Bstd:150.7,StrandBias:-0.1,Multiplicity:1.53
0.398	0.213	0.094	0.295
0.486	0.232	0.196	0.086
0.582	0.186	0.230	0.002
0.048	0.945	0.002	0.005
0.002	0.995	0.002	0.001
0.670	0.088	0.001	0.241
0.131	0.749	0.084	0.036
0.670	0.122	0.048	0.160
0.307	0.226	0.357	0.110
0.332	0.290	0.202	0.176
0.228	0.323	0.244	0.205
0.299	0.286	0.193	0.222
>SWRACAGGAAAC	3-SWRACAGGAAAC	8.062404	-256.843946	0	T:855.0(27.57%),B:5687.4(12.47%),P:1e-111	Tpos:266.6,Tstd:187.4,Bpos:236.4,Bstd:138.9,StrandBias:0.2,Multiplicity:1.14
0.204	0.241	0.377	0.178
0.441	0.102	0.159	0.299
0.388	0.221	0.270	0.121
0.751	0.001	0.158	0.090
0.020	0.930	0.049	0.001
0.997	0.001	0.001	0.001
0.001	0.001	0.997	0.001
0.001	0.001	0.997	0.001
0.997	0.001	0.001	0.001
0.997	0.001	0.001	0.001
0.533	0.099	0.367	0.001
0.051	0.675	0.236	0.038
>RAGGTGTGAAHH	4-RAGGTGTGAAHH	8.043509	-232.156726	0	T:758.0(24.44%),B:4944.6(10.84%),P:1e-100	Tpos:261.4,Tstd:188.1,Bpos:237.5,Bstd:145.8,StrandBias:-0.1,Multiplicity:1.16
0.352	0.151	0.347	0.149
0.613	0.001	0.251	0.135
0.197	0.001	0.586	0.216
0.001	0.038	0.960	0.001
0.001	0.001	0.001	0.997
0.001	0.001	0.997	0.001
0.373	0.001	0.001	0.625
0.001	0.185	0.708	0.106
0.987	0.001	0.001	0.011
0.406	0.203	0.235	0.156
0.355	0.263	0.158	0.225
0.284	0.286	0.138	0.292
>NCAGGATGTGGN	5-NCAGGATGTGGN	8.238636	-128.326829	0	T:183.0(5.90%),B:647.5(1.42%),P:1e-55	Tpos:274.7,Tstd:239.2,Bpos:237.1,Bstd:133.6,StrandBias:-0.3,Multiplicity:1.04
0.240	0.230	0.284	0.246
0.024	0.595	0.111	0.270
0.453	0.201	0.097	0.249
0.189	0.098	0.676	0.037
0.023	0.075	0.748	0.154
0.520	0.166	0.297	0.017
0.137	0.124	0.130	0.609
0.099	0.016	0.660	0.225
0.163	0.095	0.119	0.623
0.015	0.079	0.736	0.170
0.020	0.109	0.843	0.028
0.222	0.258	0.278	0.242
>GGTTTCAGTTTC	6-GGTTTCAGTTTC	8.979483	-115.169328	0	T:260.0(8.38%),B:1315.8(2.88%),P:1e-50	Tpos:253.3,Tstd:162.8,Bpos:238.7,Bstd:140.3,StrandBias:-0.2,Multiplicity:1.09
0.273	0.031	0.510	0.186
0.016	0.194	0.680	0.110
0.001	0.032	0.013	0.954
0.159	0.028	0.220	0.593
0.202	0.001	0.067	0.730
0.078	0.802	0.113	0.007
0.711	0.011	0.001	0.277
0.009	0.289	0.579	0.123
0.001	0.125	0.011	0.863
0.011	0.132	0.017	0.840
0.049	0.282	0.103	0.566
0.059	0.544	0.122	0.275
>AGGCCCCACCCA	7-AGGCCCCACCCA	9.006747	-74.552499	0	T:291.0(9.38%),B:1989.3(4.36%),P:1e-32	Tpos:261.3,Tstd:200.1,Bpos:235.4,Bstd:135.5,StrandBias:0.4,Multiplicity:1.10
0.719	0.033	0.156	0.092
0.094	0.053	0.683	0.170
0.061	0.052	0.826	0.061
0.054	0.907	0.001	0.038
0.028	0.854	0.010	0.108
0.184	0.775	0.001	0.040
0.076	0.896	0.001	0.027
0.791	0.001	0.068	0.140
0.001	0.927	0.051	0.021
0.001	0.971	0.027	0.001
0.042	0.920	0.028	0.010
0.737	0.150	0.001	0.112
>HCCGGAAATCNN	8-HCCGGAAATCNN	5.217969	-62.968813	0	T:705.0(22.73%),B:6960.7(15.26%),P:1e-27	Tpos:278.2,Tstd:207.4,Bpos:236.2,Bstd:137.2,StrandBias:-0.1,Multiplicity:1.09
0.372	0.269	0.085	0.274
0.143	0.458	0.210	0.189
0.252	0.495	0.189	0.064
0.022	0.344	0.549	0.085
0.127	0.127	0.682	0.064
0.599	0.148	0.085	0.168
0.628	0.210	0.056	0.106
0.682	0.106	0.169	0.043
0.203	0.143	0.022	0.632
0.147	0.620	0.085	0.148
0.211	0.198	0.294	0.298
0.303	0.233	0.232	0.232
>CATCYCCRCCCT	9-CATCYCCRCCCT	9.307632	-51.995826	0	T:270.0(8.71%),B:2078.7(4.56%),P:1e-22	Tpos:269.3,Tstd:197.5,Bpos:239.7,Bstd:136.6,StrandBias:0.1,Multiplicity:1.06
0.189	0.695	0.110	0.006
0.732	0.033	0.068	0.167
0.108	0.168	0.282	0.443
0.001	0.893	0.040	0.066
0.031	0.427	0.001	0.541
0.001	0.982	0.016	0.001
0.085	0.678	0.075	0.162
0.327	0.063	0.390	0.220
0.098	0.764	0.001	0.137
0.001	0.935	0.001	0.063
0.009	0.989	0.001	0.001
0.001	0.012	0.001	0.986
>GATGACGTCACC	10-GATGACGTCACC	7.334033	-50.041980	0	T:382.0(12.32%),B:3360.1(7.37%),P:1e-21	Tpos:255.4,Tstd:188.4,Bpos:235.3,Bstd:139.4,StrandBias:0.2,Multiplicity:1.07
0.096	0.067	0.769	0.068
0.751	0.102	0.042	0.105
0.079	0.030	0.096	0.795
0.035	0.064	0.865	0.036
0.739	0.089	0.087	0.085
0.169	0.562	0.146	0.123
0.179	0.152	0.576	0.093
0.085	0.067	0.081	0.767
0.063	0.818	0.084	0.035
0.835	0.067	0.019	0.079
0.084	0.777	0.112	0.027
0.085	0.748	0.036	0.131
>CAGTATGAGTCA	11-CAGTATGAGTCA	7.836194	-48.112947	0	T:236.0(7.61%),B:1776.8(3.90%),P:1e-20	Tpos:265.3,Tstd:196.7,Bpos:234.6,Bstd:139.8,StrandBias:-0.1,Multiplicity:1.03
0.094	0.791	0.035	0.080
0.895	0.040	0.040	0.025
0.047	0.061	0.852	0.040
0.058	0.070	0.084	0.788
0.742	0.123	0.073	0.062
0.045	0.013	0.062	0.880
0.022	0.100	0.865	0.013
0.921	0.001	0.017	0.061
0.067	0.114	0.806	0.013
0.040	0.067	0.072	0.821
0.040	0.842	0.057	0.061
0.798	0.065	0.040	0.097
>ACATATCCGCCC	12-ACATATCCGCCC	0.153613	-35.541048	0	T:345.0(11.13%),B:3243.7(7.11%),P:1e-15	Tpos:286.4,Tstd:215.0,Bpos:233.8,Bstd:141.8,StrandBias:0.3,Multiplicity:1.11
0.622	0.001	0.376	0.001
0.001	0.997	0.001	0.001
0.701	0.001	0.297	0.001
0.001	0.375	0.001	0.623
0.615	0.383	0.001	0.001
0.001	0.001	0.001	0.997
0.001	0.701	0.001	0.297
0.001	0.997	0.001	0.001
0.001	0.001	0.997	0.001
0.001	0.997	0.001	0.001
0.001	0.997	0.001	0.001
0.001	0.997	0.001	0.001
>AGGGAAGTGGTW	13-AGGGAAGTGGTW	11.497698	-34.987064	0	T:54.0(1.74%),B:210.7(0.46%),P:1e-15	Tpos:266.2,Tstd:148.1,Bpos:228.6,Bstd:140.0,StrandBias:0.4,Multiplicity:1.00
0.525	0.099	0.203	0.173
0.001	0.244	0.530	0.225
0.001	0.001	0.997	0.001
0.001	0.001	0.997	0.001
0.997	0.001	0.001	0.001
0.997	0.001	0.001	0.001
0.001	0.001	0.997	0.001
0.001	0.001	0.001	0.997
0.001	0.001	0.997	0.001
0.001	0.001	0.997	0.001
0.001	0.319	0.138	0.542
0.405	0.001	0.057	0.537
>GARTGTGGKCAK	14-GARTGTGGKCAK	8.928425	-33.498713	0	T:57.0(1.84%),B:241.0(0.53%),P:1e-14	Tpos:270.1,Tstd:226.6,Bpos:234.9,Bstd:148.6,StrandBias:1.0,Multiplicity:1.02
0.189	0.240	0.390	0.181
0.481	0.017	0.258	0.243
0.520	0.044	0.382	0.054
0.030	0.003	0.297	0.670
0.001	0.004	0.993	0.002
0.194	0.129	0.024	0.653
0.011	0.001	0.642	0.346
0.037	0.023	0.711	0.229
0.200	0.162	0.274	0.364
0.125	0.592	0.261	0.022
0.768	0.174	0.001	0.057
0.067	0.207	0.385	0.342
>CACAGGAAGCTG	15-CACAGGAAGCTG	10.250981	-25.537280	0	T:75.0(2.42%),B:452.1(0.99%),P:1e-11	Tpos:279.2,Tstd:211.7,Bpos:224.3,Bstd:133.8,StrandBias:0.5,Multiplicity:1.00
0.001	0.997	0.001	0.001
0.811	0.017	0.001	0.171
0.043	0.920	0.036	0.001
0.898	0.100	0.001	0.001
0.001	0.161	0.837	0.001
0.001	0.001	0.997	0.001
0.973	0.025	0.001	0.001
0.674	0.001	0.199	0.126
0.001	0.001	0.912	0.086
0.039	0.959	0.001	0.001
0.001	0.001	0.001	0.997
0.001	0.001	0.837	0.161
>ACAGCATCACAC	16-ACAGCATCACAC	12.355432	-16.297774	0	T:6.0(0.19%),B:3.5(0.01%),P:1e-7	Tpos:383.3,Tstd:302.0,Bpos:304.3,Bstd:73.6,StrandBias:-2.0,Multiplicity:2.50
0.700	0.100	0.100	0.100
0.100	0.700	0.100	0.100
0.700	0.100	0.100	0.100
0.100	0.100	0.700	0.100
0.100	0.700	0.100	0.100
0.700	0.100	0.100	0.100
0.100	0.100	0.100	0.700
0.100	0.700	0.100	0.100
0.700	0.100	0.100	0.100
0.100	0.700	0.100	0.100
0.700	0.100	0.100	0.100
0.100	0.700	0.100	0.100
>GTTAGAGGGAGG	17-GTTAGAGGGAGG	9.788099	-15.401115	0	T:94.0(3.03%),B:782.5(1.72%),P:1e-6	Tpos:261.5,Tstd:231.3,Bpos:226.9,Bstd:132.1,StrandBias:0.3,Multiplicity:1.00
0.054	0.054	0.731	0.161
0.066	0.161	0.102	0.671
0.256	0.068	0.012	0.664
0.744	0.001	0.094	0.161
0.054	0.054	0.838	0.054
0.958	0.001	0.001	0.040
0.041	0.001	0.905	0.053
0.020	0.054	0.819	0.107
0.087	0.034	0.718	0.161
0.945	0.001	0.053	0.001
0.001	0.001	0.997	0.001
0.001	0.001	0.997	0.001
>TGCAGTACATTG	18-TGCAGTACATTG	12.355432	-13.988378	0	T:4.0(0.13%),B:0.0(0.00%),P:1e-6	Tpos:121.9,Tstd:76.2,Bpos:0.0,Bstd:0.0,StrandBias:1.6,Multiplicity:2.00
0.100	0.100	0.100	0.700
0.100	0.100	0.700	0.100
0.100	0.700	0.100	0.100
0.700	0.100	0.100	0.100
0.100	0.100	0.700	0.100
0.100	0.100	0.100	0.700
0.700	0.100	0.100	0.100
0.100	0.700	0.100	0.100
0.700	0.100	0.100	0.100
0.100	0.100	0.100	0.700
0.100	0.100	0.100	0.700
0.100	0.100	0.700	0.100
>TGTGTTAGAGGG	19-TGTGTTAGAGGG	6.517702	-12.297338	0	T:1167.0(37.63%),B:15426.5(33.82%),P:1e-5	Tpos:277.5,Tstd:203.4,Bpos:234.6,Bstd:148.2,StrandBias:0.0,Multiplicity:1.28
0.100	0.100	0.100	0.700
0.100	0.100	0.700	0.100
0.100	0.100	0.100	0.700
0.100	0.100	0.700	0.100
0.100	0.100	0.100	0.700
0.100	0.100	0.100	0.700
0.700	0.100	0.100	0.100
0.100	0.100	0.700	0.100
0.700	0.100	0.100	0.100
0.100	0.100	0.700	0.100
0.100	0.100	0.700	0.100
0.100	0.100	0.700	0.100
>CTGGAAGGCGCC	20-CTGGAAGGCGCC	9.694726	-9.909179	0	T:3.0(0.10%),B:1.5(0.00%),P:1e-4	Tpos:203.2,Tstd:111.0,Bpos:277.9,Bstd:80.0,StrandBias:2.5,Multiplicity:4.33
0.001	0.997	0.001	0.001
0.001	0.001	0.001	0.997
0.001	0.001	0.938	0.060
0.001	0.001	0.997	0.001
0.997	0.001	0.001	0.001
0.997	0.001	0.001	0.001
0.001	0.001	0.997	0.001
0.001	0.001	0.997	0.001
0.001	0.997	0.001	0.001
0.001	0.001	0.997	0.001
0.001	0.997	0.001	0.001
0.001	0.997	0.001	0.001
>TTGGGCCTGACT	21-TTGGGCCTGACT	14.358166	-6.714517	0	T:3.0(0.10%),B:3.9(0.01%),P:1e-2	Tpos:310.0,Tstd:53.5,Bpos:209.2,Bstd:146.7,StrandBias:1.8,Multiplicity:3.00
0.001	0.001	0.001	0.997
0.001	0.001	0.001	0.997
0.001	0.001	0.997	0.001
0.001	0.001	0.997	0.001
0.001	0.001	0.892	0.106
0.001	0.997	0.001	0.001
0.001	0.997	0.001	0.001
0.001	0.001	0.001	0.997
0.001	0.001	0.997	0.001
0.997	0.001	0.001	0.001
0.001	0.997	0.001	0.001
0.001	0.001	0.001	0.997
>GTGTTAGAGGGA	22-GTGTTAGAGGGA	6.517702	-5.375898	0	T:1077.0(34.73%),B:14832.7(32.52%),P:1e-2	Tpos:287.9,Tstd:216.1,Bpos:233.1,Bstd:138.8,StrandBias:-0.1,Multiplicity:1.15
0.100	0.100	0.700	0.100
0.100	0.100	0.100	0.700
0.100	0.100	0.700	0.100
0.100	0.100	0.100	0.700
0.100	0.100	0.100	0.700
0.700	0.100	0.100	0.100
0.100	0.100	0.700	0.100
0.700	0.100	0.100	0.100
0.100	0.100	0.700	0.100
0.100	0.100	0.700	0.100
0.100	0.100	0.700	0.100
0.700	0.100	0.100	0.100
>AGCAGGTCCTCC	23-AGCAGGTCCTCC	12.355432	-4.774311	0	T:2.0(0.06%),B:2.3(0.00%),P:1e-2	Tpos:302.6,Tstd:127.4,Bpos:224.4,Bstd:126.8,StrandBias:10.0,Multiplicity:6.00
0.700	0.100	0.100	0.100
0.100	0.100	0.700	0.100
0.100	0.700	0.100	0.100
0.700	0.100	0.100	0.100
0.100	0.100	0.700	0.100
0.100	0.100	0.700	0.100
0.100	0.100	0.100	0.700
0.100	0.700	0.100	0.100
0.100	0.700	0.100	0.100
0.100	0.100	0.100	0.700
0.100	0.700	0.100	0.100
0.100	0.700	0.100	0.100
>TGCGCGACTCGG	24-TGCGCGACTCGG	16.399141	-2.722321	0	T:1.0(0.03%),B:0.0(0.00%),P:1e-1	Tpos:202.5,Tstd:103.8,Bpos:0.0,Bstd:0.0,StrandBias:10.0,Multiplicity:8.00
0.001	0.001	0.001	0.997
0.001	0.001	0.997	0.001
0.001	0.997	0.001	0.001
0.001	0.001	0.997	0.001
0.001	0.997	0.001	0.001
0.001	0.001	0.997	0.001
0.997	0.001	0.001	0.001
0.001	0.997	0.001	0.001
0.001	0.001	0.001	0.997
0.001	0.997	0.001	0.001
0.001	0.001	0.997	0.001
0.182	0.001	0.816	0.001
>ACACAGCTCATC	25-ACACAGCTCATC	12.355432	-1.690130	0	T:1.0(0.03%),B:3.5(0.01%),P:1e0	Tpos:222.0,Tstd:136.4,Bpos:163.8,Bstd:77.4,StrandBias:10.0,Multiplicity:12.00
0.700	0.100	0.100	0.100
0.100	0.700	0.100	0.100
0.700	0.100	0.100	0.100
0.100	0.700	0.100	0.100
0.700	0.100	0.100	0.100
0.100	0.100	0.700	0.100
0.100	0.700	0.100	0.100
0.100	0.100	0.100	0.700
0.100	0.700	0.100	0.100
0.700	0.100	0.100	0.100
0.100	0.100	0.100	0.700
0.100	0.700	0.100	0.100
>TGTGGTTA	1-TGTGGTTA	5.824901	-634.882405	0	T:1980.0(63.85%),B:14888.2(32.64%),P:1e-275	Tpos:267.5,Tstd:187.3,Bpos:234.5,Bstd:151.2,StrandBias:0.0,Multiplicity:1.65
0.045	0.014	0.001	0.940
0.001	0.001	0.997	0.001
0.032	0.002	0.001	0.965
0.001	0.001	0.997	0.001
0.001	0.001	0.997	0.001
0.001	0.035	0.001	0.963
0.080	0.104	0.057	0.759
0.528	0.052	0.138	0.282
>AGGAAGTG	2-AGGAAGTG	8.216128	-518.880662	0	T:1119.0(36.09%),B:6049.7(13.26%),P:1e-225	Tpos:274.7,Tstd:189.8,Bpos:235.9,Bstd:145.8,StrandBias:-0.0,Multiplicity:1.28
0.997	0.001	0.001	0.001
0.001	0.001	0.997	0.001
0.001	0.001	0.997	0.001
0.997	0.001	0.001	0.001
0.880	0.001	0.001	0.118
0.163	0.001	0.835	0.001
0.001	0.001	0.001	0.997
0.092	0.078	0.829	0.001
>KGTGGBTD	3-KGTGGBTD	6.534207	-431.583686	0	T:1613.0(52.02%),B:12381.2(27.14%),P:1e-187	Tpos:267.3,Tstd:205.6,Bpos:232.1,Bstd:148.4,StrandBias:0.1,Multiplicity:1.16
0.004	0.230	0.316	0.449
0.154	0.073	0.562	0.211
0.001	0.124	0.001	0.874
0.018	0.001	0.931	0.050
0.106	0.001	0.892	0.001
0.001	0.323	0.271	0.406
0.001	0.011	0.160	0.828
0.279	0.105	0.282	0.333
>CTTCCTGT	4-CTTCCTGT	7.585783	-404.928359	0	T:1133.0(36.54%),B:7136.0(15.64%),P:1e-175	Tpos:266.0,Tstd:188.9,Bpos:236.4,Bstd:138.9,StrandBias:-0.0,Multiplicity:1.20
0.001	0.696	0.001	0.302
0.111	0.001	0.001	0.887
0.001	0.001	0.001	0.997
0.001	0.997	0.001	0.001
0.001	0.997	0.001	0.001
0.001	0.001	0.055	0.943
0.001	0.001	0.997	0.001
0.001	0.102	0.001	0.896
>AGGTGTGA	5-AGGTGTGA	7.113417	-197.842908	0	T:878.0(28.31%),B:6636.0(14.55%),P:1e-85	Tpos:274.2,Tstd:196.6,Bpos:233.1,Bstd:148.0,StrandBias:0.0,Multiplicity:1.25
0.768	0.001	0.230	0.001
0.066	0.001	0.932	0.001
0.001	0.001	0.997	0.001
0.001	0.001	0.001	0.997
0.001	0.001	0.997	0.001
0.080	0.016	0.001	0.903
0.001	0.098	0.790	0.111
0.997	0.001	0.001	0.001
>TKYGGTTT	6-TKYGGTTT	5.887499	-185.242941	0	T:1368.0(44.11%),B:12793.9(28.05%),P:1e-80	Tpos:269.0,Tstd:197.4,Bpos:237.5,Bstd:145.8,StrandBias:-0.1,Multiplicity:1.32
0.002	0.055	0.250	0.693
0.158	0.022	0.380	0.440
0.086	0.458	0.144	0.312
0.099	0.141	0.759	0.001
0.019	0.011	0.922	0.048
0.001	0.098	0.068	0.833
0.025	0.096	0.011	0.868
0.069	0.063	0.053	0.815
>GATTTCCT	7-GATTTCCT	5.223396	-160.085592	0	T:812.0(26.19%),B:6417.7(14.07%),P:1e-69	Tpos:267.6,Tstd:199.9,Bpos:234.1,Bstd:137.6,StrandBias:-0.1,Multiplicity:1.08
0.001	0.010	0.752	0.237
0.705	0.001	0.293	0.001
0.001	0.001	0.001	0.997
0.001	0.001	0.001	0.997
0.001	0.001	0.001	0.997
0.001	0.997	0.001	0.001
0.001	0.981	0.017	0.001
0.001	0.001	0.001	0.997
>RGGCGKRG	8-RGGCGKRG	5.544514	-125.629521	0	T:1265.0(40.79%),B:12650.2(27.73%),P:1e-54	Tpos:282.8,Tstd:208.8,Bpos:233.3,Bstd:143.6,StrandBias:-0.1,Multiplicity:1.59
0.440	0.001	0.558	0.001
0.001	0.001	0.997	0.001
0.001	0.001	0.997	0.001
0.001	0.937	0.001	0.061
0.001	0.001	0.997	0.001
0.124	0.001	0.401	0.474
0.497	0.001	0.501	0.001
0.380	0.001	0.618	0.001
>TTTAACAC	9-TTTAACAC	5.816821	-117.409694	0	T:1291.0(41.63%),B:13185.3(28.90%),P:1e-50	Tpos:281.6,Tstd:210.3,Bpos:235.7,Bstd:146.4,StrandBias:0.1,Multiplicity:1.32
0.045	0.127	0.152	0.676
0.081	0.054	0.095	0.770
0.001	0.053	0.003	0.943
0.609	0.263	0.101	0.027
0.575	0.074	0.134	0.217
0.011	0.870	0.049	0.070
0.840	0.083	0.048	0.029
0.110	0.726	0.084	0.080
>AGCGGAAG	10-AGCGGAAG	5.859056	-116.192874	0	T:915.0(29.51%),B:8383.4(18.38%),P:1e-50	Tpos:274.5,Tstd:194.9,Bpos:235.2,Bstd:139.9,StrandBias:0.2,Multiplicity:1.23
0.571	0.140	0.174	0.115
0.148	0.204	0.624	0.024
0.090	0.817	0.047	0.046
0.013	0.066	0.894	0.027
0.089	0.030	0.831	0.050
0.735	0.109	0.017	0.139
0.806	0.025	0.018	0.151
0.179	0.073	0.731	0.017
>TGAGTCAT	11-TGAGTCAT	7.070617	-103.501102	0	T:562.0(18.12%),B:4463.1(9.78%),P:1e-44	Tpos:291.0,Tstd:232.2,Bpos:235.3,Bstd:145.0,StrandBias:0.0,Multiplicity:1.15
0.012	0.007	0.001	0.980
0.001	0.001	0.976	0.022
0.923	0.001	0.001	0.075
0.021	0.203	0.746	0.030
0.001	0.001	0.001	0.997
0.047	0.951	0.001	0.001
0.997	0.001	0.001	0.001
0.045	0.211	0.106	0.638
>TGACGTCA	12-TGACGTCA	6.338225	-66.026382	0	T:602.0(19.41%),B:5621.2(12.32%),P:1e-28	Tpos:268.6,Tstd:180.2,Bpos:230.7,Bstd:145.5,StrandBias:-0.0,Multiplicity:1.12
0.054	0.001	0.043	0.902
0.081	0.060	0.813	0.046
0.965	0.033	0.001	0.001
0.001	0.847	0.001	0.151
0.001	0.202	0.796	0.001
0.026	0.001	0.001	0.972
0.001	0.997	0.001	0.001
0.997	0.001	0.001	0.001
>GGGAGGGG	13-GGGAGGGG	8.376195	-39.222453	0	T:707.0(22.80%),B:7678.7(16.83%),P:1e-17	Tpos:283.2,Tstd:214.6,Bpos:234.7,Bstd:134.2,StrandBias:0.1,Multiplicity:1.25
0.001	0.001	0.997	0.001
0.001	0.001	0.997	0.001
0.001	0.001	0.997	0.001
0.997	0.001	0.001	0.001
0.001	0.001	0.997	0.001
0.001	0.001	0.997	0.001
0.122	0.001	0.876	0.001
0.182	0.264	0.553	0.001
>TGCGGTAA	14-TGCGGTAA	6.637437	-35.347126	0	T:268.0(8.64%),B:2348.7(5.15%),P:1e-15	Tpos:289.5,Tstd:239.2,Bpos:231.2,Bstd:143.5,StrandBias:0.0,Multiplicity:1.07
0.040	0.006	0.001	0.953
0.013	0.001	0.985	0.001
0.140	0.858	0.001	0.001
0.001	0.001	0.883	0.115
0.001	0.131	0.867	0.001
0.030	0.033	0.001	0.936
0.738	0.123	0.086	0.053
0.853	0.001	0.098	0.048
>TGCGAAGT	15-TGCGAAGT	8.462013	-23.463572	0	T:163.0(5.26%),B:1396.6(3.06%),P:1e-10	Tpos:283.7,Tstd:209.5,Bpos:238.1,Bstd:141.2,StrandBias:-0.0,Multiplicity:1.03
0.001	0.001	0.089	0.909
0.001	0.231	0.767	0.001
0.244	0.754	0.001	0.001
0.001	0.001	0.997	0.001
0.997	0.001	0.001	0.001
0.598	0.139	0.262	0.001
0.001	0.001	0.997	0.001
0.001	0.001	0.001	0.997
>CGYTTCAT	16-CGYTTCAT	8.287772	-17.340812	0	T:86.0(2.77%),B:663.4(1.45%),P:1e-7	Tpos:266.1,Tstd:200.2,Bpos:237.5,Bstd:147.8,StrandBias:0.1,Multiplicity:1.04
0.001	0.997	0.001	0.001
0.001	0.001	0.997	0.001
0.001	0.494	0.001	0.504
0.001	0.001	0.210	0.788
0.001	0.001	0.346	0.652
0.069	0.929	0.001	0.001
0.974	0.001	0.024	0.001
0.001	0.001	0.001	0.997
>GTCGCGCA	17-GTCGCGCA	8.236954	-0.776194	0	T:3.0(0.10%),B:37.2(0.08%),P:1e0	Tpos:201.0,Tstd:91.4,Bpos:296.0,Bstd:133.9,StrandBias:-3.6,Multiplicity:4.33
0.100	0.100	0.700	0.100
0.100	0.100	0.100	0.700
0.100	0.700	0.100	0.100
0.100	0.100	0.700	0.100
0.100	0.700	0.100	0.100
0.100	0.100	0.700	0.100
0.100	0.700	0.100	0.100
0.700	0.100	0.100	0.100
