Factor1: 0.9754570328341132
Factor2: 1.025160480000416
