Factor1: 1.0283166097279903
Factor2: 0.972463140768018
