Factor1: 1.0896449022461536
Factor2: 0.9177301687353715
