Factor1: 1.0458805079927813
Factor2: 0.9561321703175878
