Factor1: 1.008763572635193
Factor2: 0.9913125603729923
