>TGACCTTGAARCTY	Nr5a2+M1448	21.410019875844764
0.025	0.250	0.025	0.700
0.054	0.018	0.911	0.018
0.763	0.017	0.136	0.085
0.017	0.949	0.017	0.017
0.017	0.949	0.017	0.017
0.017	0.017	0.017	0.949
0.020	0.137	0.020	0.824
0.079	0.184	0.553	0.184
1210340776.000	0.005
0.739	0.014	0.206	0.042
0.491	0.215	0.222	0.072
0.140	0.582	0.116	0.162
0.124	0.197	0.100	0.579
0.117	0.373	0.132	0.379
