>RWGRGCAGCSAAGCGTGAC	Pax5+M1848	10.89273826913554
0.291	0.254	0.372	0.083
0.352	0.066	0.248	0.335
0.344	0.033	0.609	0.013
0.273	0.165	0.375	0.186
0.000	0.189	0.508	0.304
0.044	0.821	0.000	0.135
0.855	0.023	0.093	0.029
0.170	0.182	0.595	0.054
0.010	0.600	0.039	0.350
0.194	0.468	0.328	0.010
0.605	0.009	0.384	0.002
0.599	0.019	0.206	0.175
0.000	0.240	0.758	0.002
0.003	0.838	0.019	0.140
0.354	0.019	0.603	0.025
0.171	0.046	0.173	0.610
0.251	0.007	0.735	0.007
0.655	0.037	0.248	0.060
0.170	0.744	0.028	0.058
