>TGACCTTTGRCCTAGTTTTG	Ppara+M3781	14.484809393102891
0.143	0.000	0.000	0.857
0.000	0.143	0.857	0.000
1.000	0.000	0.000	0.000
0.286	0.714	0.000	0.000
0.000	1.000	0.000	0.000
0.000	0.000	0.000	1.000
0.286	0.000	0.000	0.714
0.000	0.000	0.000	1.000
0.000	0.000	0.857	0.143
0.429	0.143	0.286	0.143
0.000	1.000	0.000	0.000
0.000	1.000	0.000	0.000
0.000	0.143	0.000	0.857
0.714	0.000	0.286	0.000
0.000	0.143	0.714	0.143
0.286	0.143	0.000	0.571
0.000	0.143	0.143	0.714
0.000	0.429	0.000	0.571
0.286	0.000	0.143	0.571
0.000	0.143	0.714	0.143
