>GTYKCCATGGCAAC	Rfx1+M2308	10.189253608427924
0.136	0.073	0.717	0.074
0.027	0.104	0.176	0.693
0.068	0.390	0.061	0.481
0.197	0.203	0.356	0.244
0.017	0.818	0.045	0.120
0.000	0.958	0.000	0.042
0.587	0.188	0.034	0.191
0.065	0.054	0.045	0.837
0.283	0.000	0.717	0.000
0.087	0.000	0.913	0.000
0.134	0.800	0.006	0.060
0.839	0.000	0.114	0.047
0.974	0.000	0.026	0.000
0.000	1.000	0.000	0.000
