>MAAACCACARAMMMM	Runx2+M2310	9.13273283896095
0.328	0.435	0.119	0.119
0.615	0.135	0.008	0.243
0.633	0.149	0.179	0.040
0.791	0.085	0.124	0.000
0.002	0.998	0.000	0.000
0.000	1.000	0.000	0.000
0.983	0.000	0.003	0.014
0.029	0.970	0.001	0.000
0.977	0.010	0.004	0.008
0.435	0.125	0.369	0.071
0.507	0.231	0.146	0.117
0.275	0.449	0.162	0.114
0.382	0.401	0.074	0.142
0.315	0.418	0.112	0.155
0.364	0.417	0.125	0.093
