>TYTGCATRACAAWGG	Sox2+M6129	9.674749052214821
0.187	0.057	0.138	0.618
0.190	0.221	0.112	0.478
0.260	0.070	0.091	0.579
0.169	0.122	0.626	0.083
0.210	0.701	0.088	0.000
0.849	0.068	0.016	0.068
0.247	0.055	0.174	0.525
0.434	0.158	0.281	0.127
0.826	0.000	0.008	0.166
0.023	0.790	0.143	0.044
0.992	0.000	0.000	0.008
0.982	0.016	0.003	0.000
0.488	0.000	0.013	0.499
0.312	0.008	0.634	0.047
0.164	0.143	0.644	0.049
