>HACTTCCKGY	1-HACTTCCKGY	6.834436	-709.956353	0	T:1426.0(50.16%),B:8597.8(18.83%),P:1e-308	Tpos:263.5,Tstd:174.9,Bpos:229.6,Bstd:141.2,StrandBias:-0.0,Multiplicity:1.43
0.221	0.351	0.187	0.241
0.518	0.101	0.323	0.058
0.001	0.670	0.039	0.290
0.340	0.003	0.028	0.629
0.026	0.006	0.001	0.967
0.056	0.908	0.001	0.035
0.001	0.927	0.031	0.041
0.001	0.119	0.474	0.406
0.017	0.273	0.547	0.163
0.190	0.296	0.070	0.445
>CGAAACCACA	2-CGAAACCACA	7.376378	-195.642874	0	T:564.0(19.84%),B:3715.3(8.14%),P:1e-84	Tpos:285.4,Tstd:204.6,Bpos:228.6,Bstd:143.9,StrandBias:0.0,Multiplicity:1.17
0.163	0.500	0.170	0.167
0.153	0.094	0.653	0.100
0.758	0.079	0.040	0.123
0.864	0.028	0.077	0.031
0.863	0.048	0.055	0.034
0.036	0.896	0.030	0.038
0.035	0.911	0.022	0.032
0.844	0.023	0.044	0.089
0.039	0.882	0.036	0.043
0.833	0.084	0.025	0.058
>GGMAGGAAGS	3-GGMAGGAAGS	7.600473	-135.054353	0	T:533.0(18.75%),B:4079.9(8.94%),P:1e-58	Tpos:259.3,Tstd:193.7,Bpos:226.7,Bstd:136.4,StrandBias:0.0,Multiplicity:1.08
0.001	0.039	0.885	0.075
0.160	0.001	0.838	0.001
0.473	0.486	0.001	0.040
0.997	0.001	0.001	0.001
0.039	0.001	0.959	0.001
0.001	0.001	0.997	0.001
0.942	0.001	0.055	0.002
0.934	0.064	0.001	0.001
0.002	0.001	0.996	0.001
0.001	0.484	0.489	0.026
>NTGTGGTTAR	4-NTGTGGTTAR	6.642243	-107.567091	0	T:681.0(23.95%),B:6307.7(13.82%),P:1e-46	Tpos:276.1,Tstd:195.1,Bpos:228.3,Bstd:139.9,StrandBias:-0.1,Multiplicity:1.13
0.278	0.279	0.211	0.232
0.105	0.162	0.170	0.563
0.041	0.243	0.715	0.001
0.034	0.132	0.001	0.833
0.001	0.001	0.997	0.001
0.001	0.012	0.810	0.177
0.001	0.279	0.144	0.576
0.294	0.001	0.243	0.462
0.487	0.232	0.281	0.001
0.253	0.142	0.384	0.221
>BCTTTGAWGT	5-BCTTTGAWGT	6.704737	-97.817497	0	T:872.0(30.67%),B:9040.5(19.80%),P:1e-42	Tpos:259.3,Tstd:188.9,Bpos:228.9,Bstd:140.6,StrandBias:0.0,Multiplicity:1.21
0.057	0.332	0.319	0.291
0.001	0.708	0.168	0.123
0.016	0.011	0.042	0.931
0.001	0.125	0.114	0.760
0.167	0.006	0.001	0.826
0.039	0.202	0.733	0.026
0.853	0.001	0.001	0.145
0.523	0.010	0.001	0.466
0.019	0.278	0.650	0.053
0.106	0.113	0.068	0.713
>AGGATGTGGG	6-AGGATGTGGG	11.111669	-68.346636	0	T:87.0(3.06%),B:304.3(0.67%),P:1e-29	Tpos:266.6,Tstd:152.7,Bpos:228.2,Bstd:127.3,StrandBias:-0.8,Multiplicity:1.05
0.767	0.231	0.001	0.001
0.001	0.001	0.997	0.001
0.102	0.001	0.896	0.001
0.854	0.001	0.144	0.001
0.001	0.001	0.001	0.997
0.001	0.001	0.997	0.001
0.001	0.001	0.001	0.997
0.001	0.025	0.973	0.001
0.001	0.001	0.997	0.001
0.001	0.001	0.997	0.001
>TGACGTCATC	7-TGACGTCATC	6.255007	-64.823603	0	T:484.0(17.02%),B:4652.5(10.19%),P:1e-28	Tpos:273.3,Tstd:196.0,Bpos:227.0,Bstd:138.4,StrandBias:-0.0,Multiplicity:1.15
0.031	0.026	0.038	0.905
0.091	0.060	0.797	0.052
0.840	0.053	0.044	0.063
0.035	0.831	0.045	0.089
0.042	0.047	0.849	0.062
0.070	0.046	0.051	0.833
0.073	0.826	0.070	0.031
0.799	0.055	0.053	0.093
0.057	0.145	0.083	0.715
0.130	0.610	0.139	0.121
>DTNACGTABT	8-DTNACGTABT	5.047509	-64.507630	0	T:826.0(29.05%),B:9271.8(20.31%),P:1e-28	Tpos:287.3,Tstd:216.5,Bpos:231.5,Bstd:151.9,StrandBias:-0.0,Multiplicity:1.28
0.244	0.184	0.349	0.223
0.027	0.028	0.001	0.944
0.238	0.201	0.221	0.339
0.437	0.174	0.269	0.120
0.029	0.952	0.013	0.006
0.001	0.002	0.994	0.003
0.055	0.352	0.078	0.515
0.487	0.113	0.293	0.107
0.087	0.248	0.380	0.285
0.146	0.193	0.214	0.447
>AAACCGGAAA	9-AAACCGGAAA	9.782494	-64.385934	0	T:83.0(2.92%),B:294.1(0.64%),P:1e-27	Tpos:227.2,Tstd:151.5,Bpos:230.0,Bstd:147.6,StrandBias:-0.1,Multiplicity:1.02
0.889	0.001	0.001	0.109
0.950	0.001	0.048	0.001
0.753	0.065	0.181	0.001
0.001	0.857	0.141	0.001
0.169	0.829	0.001	0.001
0.001	0.001	0.997	0.001
0.037	0.001	0.961	0.001
0.809	0.189	0.001	0.001
0.956	0.001	0.001	0.042
0.669	0.210	0.120	0.001
>CGTGGTTTGT	10-CGTGGTTTGT	6.470441	-63.293812	0	T:465.0(16.36%),B:4443.1(9.73%),P:1e-27	Tpos:258.4,Tstd:199.5,Bpos:227.2,Bstd:143.9,StrandBias:0.4,Multiplicity:1.06
0.197	0.740	0.062	0.001
0.001	0.001	0.997	0.001
0.001	0.207	0.009	0.783
0.046	0.094	0.859	0.001
0.001	0.188	0.623	0.188
0.001	0.110	0.001	0.888
0.209	0.001	0.095	0.695
0.001	0.001	0.085	0.913
0.118	0.001	0.676	0.205
0.300	0.244	0.001	0.455
>GTTTCCTGCY	11-GTTTCCTGCY	9.384221	-63.109137	0	T:92.0(3.24%),B:365.8(0.80%),P:1e-27	Tpos:279.2,Tstd:154.0,Bpos:231.6,Bstd:145.2,StrandBias:0.3,Multiplicity:1.01
0.001	0.001	0.997	0.001
0.001	0.001	0.001	0.997
0.001	0.001	0.001	0.997
0.001	0.001	0.001	0.997
0.159	0.839	0.001	0.001
0.001	0.997	0.001	0.001
0.001	0.271	0.001	0.727
0.001	0.001	0.997	0.001
0.001	0.997	0.001	0.001
0.019	0.498	0.001	0.482
>GGGGGGGGGG	12-GGGGGGGGGG	7.772975	-62.182092	0	T:715.0(25.15%),B:7790.7(17.06%),P:1e-27	Tpos:278.3,Tstd:203.6,Bpos:229.2,Bstd:131.6,StrandBias:0.2,Multiplicity:1.35
0.167	0.001	0.598	0.234
0.032	0.001	0.906	0.061
0.102	0.001	0.774	0.123
0.001	0.001	0.741	0.257
0.088	0.001	0.605	0.306
0.213	0.001	0.700	0.086
0.192	0.001	0.652	0.155
0.001	0.001	0.997	0.001
0.191	0.001	0.708	0.100
0.241	0.089	0.481	0.189
>GCGGTTTTGT	13-GCGGTTTTGT	6.823028	-60.296473	0	T:521.0(18.33%),B:5231.8(11.46%),P:1e-26	Tpos:283.9,Tstd:220.0,Bpos:233.1,Bstd:148.1,StrandBias:0.0,Multiplicity:1.11
0.096	0.049	0.726	0.129
0.070	0.725	0.082	0.123
0.062	0.076	0.722	0.140
0.034	0.023	0.886	0.057
0.021	0.055	0.070	0.854
0.036	0.059	0.068	0.837
0.041	0.068	0.112	0.779
0.008	0.020	0.062	0.910
0.062	0.054	0.764	0.120
0.108	0.037	0.049	0.806
>ACAGGAAGRA	14-ACAGGAAGRA	8.703898	-57.267819	0	T:378.0(13.30%),B:3477.9(7.62%),P:1e-24	Tpos:267.7,Tstd:191.1,Bpos:226.3,Bstd:137.7,StrandBias:-0.3,Multiplicity:1.08
0.961	0.002	0.016	0.021
0.002	0.871	0.061	0.066
0.948	0.034	0.017	0.001
0.103	0.001	0.731	0.165
0.367	0.006	0.533	0.094
0.943	0.024	0.001	0.032
0.969	0.001	0.029	0.001
0.009	0.046	0.944	0.001
0.378	0.095	0.526	0.001
0.585	0.094	0.108	0.213
>CCGCCCGTTT	15-CCGCCCGTTT	6.712369	-47.187594	0	T:425.0(14.95%),B:4295.4(9.41%),P:1e-20	Tpos:263.2,Tstd:212.3,Bpos:226.0,Bstd:149.0,StrandBias:0.0,Multiplicity:1.14
0.021	0.894	0.039	0.046
0.080	0.747	0.060	0.113
0.073	0.098	0.757	0.072
0.038	0.876	0.033	0.053
0.074	0.781	0.055	0.090
0.071	0.756	0.073	0.100
0.054	0.146	0.666	0.134
0.039	0.058	0.078	0.825
0.013	0.059	0.049	0.879
0.064	0.071	0.040	0.825
>TGATTGGCGR	16-TGATTGGCGR	7.793073	-42.247035	0	T:216.0(7.60%),B:1807.6(3.96%),P:1e-18	Tpos:250.2,Tstd:187.7,Bpos:230.8,Bstd:133.5,StrandBias:0.0,Multiplicity:1.13
0.001	0.001	0.266	0.732
0.029	0.329	0.621	0.021
0.813	0.110	0.020	0.057
0.001	0.009	0.001	0.989
0.036	0.001	0.194	0.769
0.013	0.166	0.510	0.311
0.060	0.001	0.938	0.001
0.279	0.456	0.001	0.263
0.001	0.270	0.492	0.237
0.397	0.142	0.460	0.001
>AAACGCACGC	17-AAACGCACGC	6.353437	-41.585140	0	T:376.0(13.23%),B:3797.7(8.32%),P:1e-18	Tpos:281.8,Tstd:219.9,Bpos:227.5,Bstd:158.2,StrandBias:0.2,Multiplicity:1.11
0.831	0.008	0.115	0.046
0.752	0.219	0.001	0.028
0.785	0.103	0.101	0.011
0.072	0.869	0.014	0.045
0.074	0.009	0.908	0.009
0.136	0.566	0.064	0.234
0.801	0.105	0.093	0.001
0.163	0.697	0.070	0.070
0.128	0.072	0.707	0.093
0.065	0.729	0.028	0.178
>TCRGAAAGGA	18-TCRGAAAGGA	5.586472	-35.515763	0	T:449.0(15.79%),B:4933.2(10.81%),P:1e-15	Tpos:268.7,Tstd:218.8,Bpos:230.8,Bstd:138.5,StrandBias:0.0,Multiplicity:1.09
0.001	0.001	0.320	0.678
0.001	0.997	0.001	0.001
0.507	0.001	0.472	0.020
0.001	0.001	0.997	0.001
0.461	0.120	0.109	0.310
0.859	0.001	0.139	0.001
0.962	0.001	0.036	0.001
0.001	0.001	0.997	0.001
0.001	0.001	0.997	0.001
0.997	0.001	0.001	0.001
>CGTTGATGTT	19-CGTTGATGTT	7.887853	-29.282295	0	T:46.0(1.62%),B:200.1(0.44%),P:1e-12	Tpos:275.0,Tstd:187.7,Bpos:238.9,Bstd:145.4,StrandBias:0.4,Multiplicity:1.02
0.201	0.493	0.108	0.198
0.004	0.308	0.674	0.014
0.193	0.032	0.193	0.582
0.022	0.294	0.203	0.481
0.096	0.054	0.812	0.038
0.467	0.121	0.138	0.275
0.044	0.071	0.063	0.822
0.232	0.184	0.536	0.048
0.013	0.033	0.071	0.883
0.024	0.288	0.025	0.663
>TAGGCGGRGC	20-TAGGCGGRGC	9.495995	-28.482807	0	T:109.0(3.83%),B:813.6(1.78%),P:1e-12	Tpos:339.2,Tstd:201.5,Bpos:221.0,Bstd:144.8,StrandBias:-0.2,Multiplicity:1.17
0.001	0.001	0.146	0.852
0.683	0.001	0.315	0.001
0.175	0.001	0.823	0.001
0.001	0.001	0.997	0.001
0.325	0.496	0.179	0.001
0.027	0.001	0.971	0.001
0.132	0.001	0.866	0.001
0.474	0.001	0.524	0.001
0.097	0.001	0.771	0.131
0.178	0.820	0.001	0.001
>TACATTTCCC	21-TACATTTCCC	10.667349	-27.004753	0	T:37.0(1.30%),B:144.1(0.32%),P:1e-11	Tpos:278.1,Tstd:187.7,Bpos:217.2,Bstd:137.0,StrandBias:0.1,Multiplicity:1.06
0.001	0.001	0.001	0.997
0.997	0.001	0.001	0.001
0.001	0.997	0.001	0.001
0.997	0.001	0.001	0.001
0.069	0.001	0.001	0.929
0.001	0.001	0.001	0.997
0.058	0.001	0.001	0.940
0.001	0.997	0.001	0.001
0.001	0.997	0.001	0.001
0.001	0.776	0.107	0.116
>CAATTGSTAA	22-CAATTGSTAA	9.698936	-22.004868	0	T:46.0(1.62%),B:250.4(0.55%),P:1e-9	Tpos:276.1,Tstd:179.8,Bpos:229.7,Bstd:134.8,StrandBias:0.6,Multiplicity:1.04
0.001	0.841	0.104	0.054
0.869	0.001	0.001	0.129
0.700	0.001	0.298	0.001
0.001	0.001	0.001	0.997
0.139	0.001	0.001	0.859
0.001	0.001	0.997	0.001
0.001	0.538	0.442	0.019
0.001	0.001	0.001	0.997
0.997	0.001	0.001	0.001
0.678	0.001	0.081	0.240
>GTTACGCTAK	23-GTTACGCTAK	9.193192	-21.243862	0	T:25.0(0.88%),B:86.7(0.19%),P:1e-9	Tpos:261.3,Tstd:187.5,Bpos:250.5,Bstd:149.5,StrandBias:-0.9,Multiplicity:1.42
0.110	0.039	0.850	0.001
0.059	0.025	0.001	0.915
0.057	0.244	0.042	0.657
0.747	0.178	0.015	0.060
0.001	0.891	0.043	0.065
0.001	0.019	0.629	0.351
0.333	0.629	0.006	0.032
0.057	0.060	0.103	0.780
0.921	0.028	0.038	0.013
0.052	0.065	0.407	0.475
>STGACAGTCA	24-STGACAGTCA	10.011270	-17.479640	0	T:108.0(3.80%),B:981.3(2.15%),P:1e-7	Tpos:232.9,Tstd:156.9,Bpos:232.1,Bstd:137.7,StrandBias:0.3,Multiplicity:1.07
0.001	0.425	0.573	0.001
0.001	0.001	0.001	0.997
0.001	0.001	0.997	0.001
0.682	0.316	0.001	0.001
0.001	0.997	0.001	0.001
0.728	0.001	0.001	0.270
0.001	0.312	0.550	0.137
0.001	0.001	0.001	0.997
0.001	0.997	0.001	0.001
0.746	0.001	0.001	0.252
>GCAGTGCTAC	25-GCAGTGCTAC	6.404373	-15.132381	0	T:883.0(31.06%),B:12242.1(26.81%),P:1e-6	Tpos:275.7,Tstd:213.8,Bpos:229.7,Bstd:142.6,StrandBias:-0.0,Multiplicity:1.26
0.100	0.100	0.700	0.100
0.100	0.700	0.100	0.100
0.700	0.100	0.100	0.100
0.100	0.100	0.700	0.100
0.100	0.100	0.100	0.700
0.100	0.100	0.700	0.100
0.100	0.700	0.100	0.100
0.100	0.100	0.100	0.700
0.700	0.100	0.100	0.100
0.100	0.700	0.100	0.100
>NYHACTTCCTGT	1-NYHACTTCCTGT	8.302105	-687.985086	0	T:1186.0(41.72%),B:6162.9(13.50%),P:1e-298	Tpos:261.9,Tstd:171.4,Bpos:229.3,Bstd:138.9,StrandBias:-0.1,Multiplicity:1.33
0.251	0.232	0.246	0.271
0.199	0.363	0.160	0.278
0.241	0.371	0.146	0.242
0.548	0.054	0.360	0.038
0.001	0.660	0.001	0.338
0.230	0.001	0.001	0.768
0.001	0.001	0.001	0.997
0.001	0.997	0.001	0.001
0.001	0.997	0.001	0.001
0.001	0.001	0.001	0.997
0.001	0.282	0.549	0.168
0.063	0.328	0.001	0.608
>WAMCCACATCCT	2-WAMCCACATCCT	10.653997	-227.041531	0	T:168.0(5.91%),B:300.8(0.66%),P:1e-98	Tpos:245.9,Tstd:148.2,Bpos:238.3,Bstd:131.2,StrandBias:0.4,Multiplicity:1.01
0.399	0.027	0.128	0.446
0.559	0.077	0.235	0.129
0.494	0.504	0.001	0.001
0.001	0.956	0.042	0.001
0.001	0.997	0.001	0.001
0.929	0.069	0.001	0.001
0.001	0.997	0.001	0.001
0.741	0.042	0.001	0.216
0.001	0.001	0.001	0.997
0.001	0.972	0.001	0.026
0.001	0.997	0.001	0.001
0.100	0.205	0.258	0.437
>NMDGAAACCACA	3-NMDGAAACCACA	8.311663	-172.531475	0	T:442.0(15.55%),B:2689.1(5.89%),P:1e-74	Tpos:280.6,Tstd:183.1,Bpos:228.1,Bstd:140.2,StrandBias:0.2,Multiplicity:1.14
0.331	0.204	0.259	0.206
0.359	0.357	0.129	0.155
0.370	0.001	0.281	0.348
0.211	0.219	0.386	0.183
0.554	0.188	0.001	0.257
0.907	0.001	0.091	0.001
0.939	0.001	0.059	0.001
0.001	0.997	0.001	0.001
0.001	0.997	0.001	0.001
0.987	0.001	0.001	0.011
0.001	0.997	0.001	0.001
0.935	0.001	0.001	0.063
>BRACTKCCTCHN	4-BRACTKCCTCHN	8.981448	-113.467383	0	T:350.0(12.31%),B:2342.9(5.13%),P:1e-49	Tpos:276.1,Tstd:185.4,Bpos:227.6,Bstd:139.0,StrandBias:0.1,Multiplicity:1.07
0.152	0.318	0.194	0.337
0.308	0.221	0.423	0.048
0.608	0.001	0.390	0.001
0.001	0.997	0.001	0.001
0.001	0.261	0.001	0.737
0.001	0.001	0.443	0.555
0.001	0.997	0.001	0.001
0.001	0.816	0.182	0.001
0.001	0.001	0.391	0.607
0.001	0.997	0.001	0.001
0.322	0.268	0.001	0.409
0.204	0.342	0.228	0.226
>VGCAGGAAACAK	5-VGCAGGAAACAK	9.088992	-107.853903	0	T:196.0(6.89%),B:928.8(2.03%),P:1e-46	Tpos:257.7,Tstd:159.6,Bpos:236.6,Bstd:137.5,StrandBias:-0.0,Multiplicity:1.03
0.355	0.297	0.312	0.036
0.192	0.040	0.707	0.061
0.049	0.900	0.036	0.015
0.671	0.220	0.108	0.001
0.007	0.109	0.848	0.036
0.001	0.072	0.718	0.209
0.963	0.001	0.035	0.001
0.976	0.001	0.001	0.022
0.963	0.035	0.001	0.001
0.001	0.997	0.001	0.001
0.439	0.129	0.220	0.211
0.191	0.100	0.361	0.348
>TTCCTTTGATGT	6-TTCCTTTGATGT	7.392167	-91.750863	0	T:738.0(25.96%),B:7371.5(16.15%),P:1e-39	Tpos:258.2,Tstd:190.9,Bpos:229.6,Bstd:140.1,StrandBias:0.2,Multiplicity:1.14
0.071	0.131	0.124	0.674
0.049	0.090	0.118	0.743
0.070	0.732	0.093	0.105
0.035	0.792	0.004	0.169
0.001	0.089	0.001	0.909
0.031	0.112	0.154	0.703
0.038	0.001	0.041	0.920
0.066	0.104	0.680	0.150
0.671	0.121	0.052	0.156
0.109	0.011	0.094	0.786
0.026	0.158	0.681	0.135
0.120	0.096	0.062	0.722
>DNACCGGAAGYR	7-DNACCGGAAGYR	7.632659	-82.718483	0	T:270.0(9.50%),B:1851.7(4.06%),P:1e-35	Tpos:268.4,Tstd:152.2,Bpos:231.6,Bstd:148.5,StrandBias:0.0,Multiplicity:1.11
0.306	0.101	0.325	0.268
0.313	0.326	0.184	0.178
0.600	0.081	0.136	0.183
0.094	0.792	0.081	0.033
0.001	0.868	0.130	0.001
0.077	0.008	0.900	0.015
0.031	0.017	0.885	0.067
0.960	0.008	0.031	0.001
0.892	0.041	0.001	0.066
0.066	0.041	0.892	0.001
0.165	0.300	0.175	0.360
0.383	0.147	0.283	0.188
>CAGGAAGGAAGT	8-CAGGAAGGAAGT	8.348005	-77.035984	0	T:293.0(10.31%),B:2166.0(4.74%),P:1e-33	Tpos:257.0,Tstd:190.5,Bpos:231.2,Bstd:132.5,StrandBias:0.1,Multiplicity:1.06
0.082	0.644	0.145	0.129
0.743	0.052	0.045	0.160
0.103	0.003	0.777	0.117
0.166	0.140	0.596	0.098
0.668	0.122	0.135	0.075
0.709	0.038	0.142	0.111
0.170	0.002	0.708	0.120
0.113	0.083	0.678	0.126
0.598	0.167	0.140	0.095
0.605	0.095	0.130	0.170
0.125	0.116	0.607	0.152
0.138	0.166	0.151	0.545
>GGGGGGGGGGGG	9-GGGGGGGGGGGG	7.461944	-64.585316	0	T:638.0(22.44%),B:6677.2(14.63%),P:1e-28	Tpos:284.3,Tstd:205.1,Bpos:229.5,Bstd:131.8,StrandBias:0.3,Multiplicity:1.26
0.129	0.080	0.627	0.164
0.193	0.063	0.588	0.156
0.222	0.071	0.502	0.205
0.096	0.062	0.621	0.221
0.102	0.050	0.643	0.205
0.096	0.049	0.570	0.285
0.110	0.012	0.650	0.228
0.135	0.065	0.566	0.234
0.128	0.057	0.681	0.134
0.161	0.063	0.691	0.085
0.158	0.088	0.657	0.097
0.103	0.108	0.684	0.105
>GTGACGTCAGAA	10-GTGACGTCAGAA	0.813018	-62.538206	0	T:298.0(10.48%),B:2428.6(5.32%),P:1e-27	Tpos:258.9,Tstd:186.1,Bpos:228.7,Bstd:141.1,StrandBias:0.2,Multiplicity:1.07
0.001	0.232	0.766	0.001
0.001	0.001	0.001	0.997
0.001	0.001	0.997	0.001
0.997	0.001	0.001	0.001
0.001	0.997	0.001	0.001
0.001	0.001	0.997	0.001
0.001	0.001	0.001	0.997
0.001	0.997	0.001	0.001
0.997	0.001	0.001	0.001
0.001	0.303	0.695	0.001
0.680	0.318	0.001	0.001
0.621	0.001	0.377	0.001
>AAGAGGAAGTGG	11-AAGAGGAAGTGG	9.850032	-57.881572	0	T:147.0(5.17%),B:875.4(1.92%),P:1e-25	Tpos:269.4,Tstd:212.7,Bpos:228.7,Bstd:137.3,StrandBias:-0.2,Multiplicity:1.02
0.674	0.060	0.265	0.001
0.804	0.001	0.194	0.001
0.019	0.149	0.759	0.073
0.499	0.001	0.235	0.265
0.172	0.001	0.623	0.204
0.186	0.022	0.625	0.167
0.713	0.001	0.285	0.001
0.609	0.001	0.235	0.155
0.006	0.098	0.895	0.001
0.314	0.001	0.179	0.506
0.101	0.001	0.897	0.001
0.112	0.099	0.788	0.001
>TTTGATGTGGTA	12-TTTGATGTGGTA	9.464950	-51.908480	0	T:103.0(3.62%),B:523.0(1.15%),P:1e-22	Tpos:268.5,Tstd:195.8,Bpos:224.8,Bstd:132.7,StrandBias:-0.3,Multiplicity:1.02
0.066	0.081	0.001	0.852
0.001	0.063	0.083	0.853
0.082	0.001	0.066	0.851
0.049	0.057	0.822	0.072
0.685	0.185	0.057	0.073
0.095	0.001	0.095	0.809
0.018	0.072	0.800	0.110
0.090	0.001	0.001	0.908
0.087	0.001	0.851	0.061
0.024	0.042	0.924	0.010
0.123	0.009	0.063	0.805
0.777	0.015	0.101	0.107
>GGGAAATGTAGT	13-GGGAAATGTAGT	12.826201	-49.004629	0	T:36.0(1.27%),B:66.7(0.15%),P:1e-21	Tpos:298.1,Tstd:181.4,Bpos:262.8,Bstd:155.7,StrandBias:0.1,Multiplicity:1.11
0.001	0.001	0.997	0.001
0.001	0.001	0.997	0.001
0.001	0.001	0.997	0.001
0.997	0.001	0.001	0.001
0.817	0.113	0.069	0.001
0.590	0.046	0.033	0.331
0.001	0.001	0.001	0.997
0.001	0.001	0.997	0.001
0.001	0.001	0.001	0.997
0.997	0.001	0.001	0.001
0.001	0.001	0.997	0.001
0.001	0.001	0.001	0.997
>TGGTTTGTGGTT	14-TGGTTTGTGGTT	9.718393	-47.272985	0	T:128.0(4.50%),B:793.0(1.74%),P:1e-20	Tpos:243.9,Tstd:195.3,Bpos:222.1,Bstd:145.9,StrandBias:0.4,Multiplicity:1.02
0.069	0.001	0.022	0.908
0.029	0.001	0.918	0.052
0.079	0.081	0.760	0.080
0.001	0.080	0.105	0.814
0.082	0.044	0.001	0.873
0.044	0.001	0.069	0.886
0.001	0.027	0.896	0.076
0.135	0.001	0.051	0.813
0.088	0.023	0.795	0.094
0.093	0.029	0.788	0.090
0.075	0.071	0.085	0.769
0.053	0.053	0.114	0.780
>AGATCAAAACAC	15-AGATCAAAACAC	9.027476	-38.307769	0	T:172.0(6.05%),B:1367.9(3.00%),P:1e-16	Tpos:295.1,Tstd:234.4,Bpos:227.5,Bstd:146.6,StrandBias:0.0,Multiplicity:1.04
0.818	0.001	0.038	0.143
0.152	0.001	0.772	0.075
0.735	0.119	0.064	0.082
0.199	0.078	0.157	0.566
0.085	0.619	0.085	0.211
0.885	0.001	0.001	0.113
0.746	0.093	0.121	0.040
0.977	0.021	0.001	0.001
0.895	0.021	0.062	0.022
0.210	0.755	0.034	0.001
0.997	0.001	0.001	0.001
0.090	0.632	0.122	0.156
>AGTCACGTGACA	16-AGTCACGTGACA	9.902036	-32.805329	0	T:63.0(2.22%),B:317.6(0.70%),P:1e-14	Tpos:283.1,Tstd:198.3,Bpos:228.4,Bstd:136.7,StrandBias:-0.7,Multiplicity:1.02
0.916	0.022	0.025	0.037
0.092	0.061	0.770	0.077
0.178	0.114	0.029	0.679
0.042	0.854	0.021	0.083
0.934	0.024	0.001	0.041
0.087	0.692	0.141	0.080
0.124	0.061	0.729	0.086
0.047	0.001	0.001	0.951
0.021	0.055	0.871	0.053
0.745	0.029	0.090	0.136
0.021	0.916	0.021	0.042
0.948	0.043	0.001	0.008
>AAACAGGAAAAC	17-AAACAGGAAAAC	11.604219	-32.343669	0	T:42.0(1.48%),B:154.2(0.34%),P:1e-14	Tpos:290.6,Tstd:169.3,Bpos:235.7,Bstd:148.4,StrandBias:-0.4,Multiplicity:1.00
0.997	0.001	0.001	0.001
0.844	0.001	0.154	0.001
0.997	0.001	0.001	0.001
0.001	0.982	0.016	0.001
0.997	0.001	0.001	0.001
0.001	0.001	0.890	0.108
0.001	0.001	0.915	0.083
0.807	0.001	0.191	0.001
0.997	0.001	0.001	0.001
0.857	0.083	0.059	0.001
0.958	0.001	0.040	0.001
0.081	0.787	0.091	0.041
>ATAAGAGGAGGG	18-ATAAGAGGAGGG	14.486222	-20.438892	0	T:7.0(0.25%),B:3.5(0.01%),P:1e-8	Tpos:212.4,Tstd:89.1,Bpos:208.0,Bstd:133.6,StrandBias:0.6,Multiplicity:1.43
0.997	0.001	0.001	0.001
0.001	0.001	0.001	0.997
0.997	0.001	0.001	0.001
0.997	0.001	0.001	0.001
0.001	0.001	0.997	0.001
0.858	0.001	0.140	0.001
0.001	0.001	0.997	0.001
0.001	0.001	0.997	0.001
0.997	0.001	0.001	0.001
0.001	0.001	0.858	0.140
0.001	0.001	0.997	0.001
0.001	0.001	0.997	0.001
>TAGCACTGCCTC	19-TAGCACTGCCTC	-3.117038	-16.612065	0	T:340.0(11.96%),B:4100.7(8.98%),P:1e-7	Tpos:276.0,Tstd:211.4,Bpos:225.3,Bstd:138.2,StrandBias:0.0,Multiplicity:1.17
0.001	0.001	0.001	0.997
0.997	0.001	0.001	0.001
0.001	0.001	0.997	0.001
0.001	0.997	0.001	0.001
0.997	0.001	0.001	0.001
0.001	0.946	0.001	0.052
0.001	0.052	0.001	0.946
0.001	0.001	0.997	0.001
0.001	0.997	0.001	0.001
0.001	0.997	0.001	0.001
0.001	0.001	0.001	0.997
0.001	0.997	0.001	0.001
>GATCTGCCAGTC	20-GATCTGCCAGTC	14.367555	-15.309992	0	T:5.0(0.18%),B:3.0(0.01%),P:1e-6	Tpos:244.9,Tstd:185.0,Bpos:234.8,Bstd:103.8,StrandBias:10.0,Multiplicity:2.00
0.001	0.001	0.997	0.001
0.997	0.001	0.001	0.001
0.001	0.001	0.001	0.997
0.001	0.997	0.001	0.001
0.001	0.001	0.001	0.997
0.001	0.001	0.997	0.001
0.001	0.891	0.001	0.107
0.001	0.997	0.001	0.001
0.997	0.001	0.001	0.001
0.001	0.001	0.997	0.001
0.001	0.001	0.001	0.997
0.001	0.997	0.001	0.001
>TGTTACTATAGA	21-TGTTACTATAGA	14.044390	-10.039505	0	T:4.0(0.14%),B:3.6(0.01%),P:1e-4	Tpos:364.7,Tstd:203.4,Bpos:234.7,Bstd:48.2,StrandBias:-2.5,Multiplicity:3.25
0.001	0.001	0.001	0.997
0.001	0.001	0.997	0.001
0.094	0.001	0.094	0.811
0.001	0.001	0.001	0.997
0.997	0.001	0.001	0.001
0.001	0.997	0.001	0.001
0.001	0.001	0.001	0.997
0.997	0.001	0.001	0.001
0.001	0.001	0.001	0.997
0.997	0.001	0.001	0.001
0.093	0.001	0.905	0.001
0.905	0.001	0.001	0.093
>TTGGCTGCACAC	22-TTGGCTGCACAC	-4.641582	-9.353046	0	T:907.0(31.90%),B:13090.0(28.67%),P:1e-4	Tpos:264.5,Tstd:202.0,Bpos:228.9,Bstd:138.3,StrandBias:0.1,Multiplicity:1.23
0.001	0.001	0.001	0.997
0.001	0.001	0.001	0.997
0.001	0.001	0.997	0.001
0.348	0.001	0.650	0.001
0.001	0.997	0.001	0.001
0.001	0.001	0.001	0.997
0.001	0.001	0.997	0.001
0.001	0.997	0.001	0.001
0.903	0.001	0.001	0.095
0.095	0.903	0.001	0.001
0.997	0.001	0.001	0.001
0.001	0.997	0.001	0.001
>CCACCATGTGTA	23-CCACCATGTGTA	13.802521	-8.135151	0	T:3.0(0.11%),B:2.5(0.01%),P:1e-3	Tpos:93.2,Tstd:73.6,Bpos:107.1,Bstd:52.4,StrandBias:10.0,Multiplicity:3.67
0.235	0.763	0.001	0.001
0.001	0.997	0.001	0.001
0.997	0.001	0.001	0.001
0.001	0.997	0.001	0.001
0.001	0.997	0.001	0.001
0.997	0.001	0.001	0.001
0.001	0.001	0.001	0.997
0.001	0.258	0.740	0.001
0.001	0.001	0.001	0.997
0.001	0.001	0.997	0.001
0.001	0.001	0.001	0.997
0.997	0.001	0.001	0.001
>GTGCCAATATTA	24-GTGCCAATATTA	13.718214	-8.135151	0	T:3.0(0.11%),B:2.1(0.00%),P:1e-3	Tpos:363.2,Tstd:237.7,Bpos:326.7,Bstd:57.3,StrandBias:2.2,Multiplicity:3.67
0.001	0.001	0.997	0.001
0.001	0.001	0.001	0.997
0.001	0.001	0.997	0.001
0.001	0.740	0.001	0.258
0.001	0.997	0.001	0.001
0.782	0.216	0.001	0.001
0.997	0.001	0.001	0.001
0.001	0.001	0.001	0.997
0.997	0.001	0.001	0.001
0.001	0.001	0.001	0.997
0.001	0.001	0.001	0.997
0.997	0.001	0.001	0.001
>TCCTACCTTGTT	25-TCCTACCTTGTT	14.788477	-8.135151	0	T:3.0(0.11%),B:2.1(0.00%),P:1e-3	Tpos:518.8,Tstd:135.6,Bpos:213.6,Bstd:34.8,StrandBias:3.6,Multiplicity:4.33
0.001	0.001	0.001	0.997
0.001	0.997	0.001	0.001
0.001	0.997	0.001	0.001
0.001	0.001	0.001	0.997
0.997	0.001	0.001	0.001
0.001	0.835	0.163	0.001
0.001	0.997	0.001	0.001
0.001	0.001	0.001	0.997
0.001	0.001	0.001	0.997
0.001	0.001	0.997	0.001
0.001	0.001	0.001	0.997
0.001	0.001	0.001	0.997
>CACTTCCG	1-CACTTCCG	5.369906	-480.284720	0	T:1019.0(35.84%),B:5947.6(13.03%),P:1e-208	Tpos:272.3,Tstd:179.4,Bpos:228.8,Bstd:141.2,StrandBias:0.0,Multiplicity:1.27
0.002	0.709	0.001	0.288
0.997	0.001	0.001	0.001
0.001	0.634	0.001	0.364
0.325	0.001	0.001	0.673
0.001	0.001	0.001	0.997
0.001	0.997	0.001	0.001
0.001	0.997	0.001	0.001
0.001	0.001	0.971	0.027
>ACAGGAAG	2-ACAGGAAG	6.632971	-438.505734	0	T:1215.0(42.74%),B:8528.0(18.68%),P:1e-190	Tpos:263.2,Tstd:172.8,Bpos:229.8,Bstd:138.5,StrandBias:-0.0,Multiplicity:1.28
0.883	0.001	0.115	0.001
0.001	0.997	0.001	0.001
0.956	0.042	0.001	0.001
0.001	0.001	0.997	0.001
0.001	0.001	0.997	0.001
0.997	0.001	0.001	0.001
0.936	0.001	0.001	0.062
0.338	0.001	0.660	0.001
>GTTTCCGC	3-GTTTCCGC	3.837615	-242.702262	0	T:1134.0(39.89%),B:9900.6(21.69%),P:1e-105	Tpos:268.2,Tstd:184.5,Bpos:230.3,Bstd:143.0,StrandBias:-0.2,Multiplicity:1.19
0.001	0.001	0.997	0.001
0.001	0.192	0.001	0.806
0.001	0.001	0.001	0.997
0.001	0.001	0.001	0.997
0.001	0.997	0.001	0.001
0.001	0.997	0.001	0.001
0.001	0.001	0.892	0.106
0.001	0.889	0.044	0.066
>AAACCACA	4-AAACCACA	7.297596	-211.798545	0	T:649.0(22.83%),B:4456.0(9.76%),P:1e-91	Tpos:272.4,Tstd:182.5,Bpos:230.8,Bstd:142.7,StrandBias:-0.0,Multiplicity:1.19
0.717	0.079	0.001	0.203
0.903	0.001	0.095	0.001
0.997	0.001	0.001	0.001
0.001	0.997	0.001	0.001
0.001	0.997	0.001	0.001
0.952	0.001	0.046	0.001
0.001	0.997	0.001	0.001
0.890	0.001	0.037	0.072
>ACTTCCCT	5-ACTTCCCT	7.116352	-150.073032	0	T:534.0(18.78%),B:3899.2(8.54%),P:1e-65	Tpos:300.8,Tstd:233.5,Bpos:229.4,Bstd:139.3,StrandBias:0.1,Multiplicity:1.08
0.997	0.001	0.001	0.001
0.001	0.997	0.001	0.001
0.001	0.001	0.001	0.997
0.001	0.001	0.001	0.997
0.001	0.997	0.001	0.001
0.001	0.997	0.001	0.001
0.001	0.882	0.001	0.116
0.001	0.165	0.001	0.833
>HBACGTBA	6-HBACGTBA	5.267045	-89.293751	0	T:668.0(23.50%),B:6503.4(14.24%),P:1e-38	Tpos:289.7,Tstd:214.8,Bpos:229.8,Bstd:149.9,StrandBias:-0.0,Multiplicity:1.23
0.259	0.268	0.081	0.392
0.010	0.270	0.406	0.314
0.681	0.126	0.051	0.142
0.065	0.933	0.001	0.001
0.028	0.001	0.889	0.082
0.001	0.161	0.031	0.807
0.020	0.377	0.356	0.247
0.787	0.019	0.002	0.192
>GGGGGGGG	7-GGGGGGGG	8.278323	-69.329164	0	T:745.0(26.20%),B:8008.1(17.54%),P:1e-30	Tpos:278.4,Tstd:199.3,Bpos:228.3,Bstd:133.2,StrandBias:0.3,Multiplicity:1.44
0.001	0.001	0.997	0.001
0.025	0.001	0.932	0.042
0.054	0.001	0.786	0.159
0.121	0.001	0.641	0.237
0.001	0.001	0.884	0.114
0.066	0.001	0.848	0.085
0.032	0.001	0.935	0.032
0.028	0.001	0.970	0.001
>TRGGCGGR	8-TRGGCGGR	6.515490	-59.110904	0	T:647.0(22.76%),B:6943.6(15.21%),P:1e-25	Tpos:300.0,Tstd:235.4,Bpos:230.9,Bstd:152.8,StrandBias:0.1,Multiplicity:1.58
0.214	0.001	0.245	0.540
0.351	0.087	0.499	0.063
0.057	0.001	0.846	0.096
0.057	0.066	0.803	0.074
0.001	0.997	0.001	0.001
0.001	0.001	0.997	0.001
0.023	0.001	0.781	0.195
0.498	0.001	0.413	0.088
>AGATCAAA	9-AGATCAAA	5.534427	-58.767740	0	T:1273.0(44.78%),B:16055.5(35.17%),P:1e-25	Tpos:269.7,Tstd:211.9,Bpos:228.9,Bstd:138.7,StrandBias:-0.1,Multiplicity:1.43
0.758	0.093	0.071	0.078
0.061	0.192	0.688	0.059
0.729	0.092	0.020	0.159
0.080	0.029	0.107	0.784
0.091	0.646	0.187	0.076
0.855	0.045	0.025	0.075
0.704	0.073	0.135	0.088
0.844	0.075	0.051	0.030
>GCGBGKTT	10-GCGBGKTT	5.391219	-57.498337	0	T:942.0(33.13%),B:11155.5(24.43%),P:1e-24	Tpos:287.2,Tstd:216.2,Bpos:229.7,Bstd:147.0,StrandBias:0.0,Multiplicity:1.31
0.193	0.220	0.421	0.166
0.001	0.646	0.352	0.001
0.001	0.001	0.596	0.402
0.001	0.332	0.335	0.333
0.001	0.257	0.599	0.143
0.001	0.148	0.430	0.421
0.001	0.203	0.001	0.795
0.161	0.001	0.001	0.837
>VTTACGCA	11-VTTACGCA	6.101995	-52.725570	0	T:381.0(13.40%),B:3607.7(7.90%),P:1e-22	Tpos:274.1,Tstd:193.4,Bpos:235.7,Bstd:147.4,StrandBias:0.2,Multiplicity:1.08
0.301	0.322	0.374	0.003
0.001	0.155	0.001	0.843
0.056	0.001	0.136	0.807
0.631	0.093	0.147	0.129
0.184	0.814	0.001	0.001
0.001	0.001	0.997	0.001
0.118	0.766	0.048	0.068
0.956	0.001	0.001	0.042
>TTTGATGT	12-TTTGATGT	5.264237	-46.434802	0	T:1569.0(55.19%),B:21209.7(46.46%),P:1e-20	Tpos:270.8,Tstd:204.4,Bpos:227.8,Bstd:140.2,StrandBias:0.1,Multiplicity:1.52
0.057	0.069	0.098	0.776
0.023	0.130	0.086	0.761
0.067	0.067	0.022	0.844
0.029	0.072	0.825	0.074
0.743	0.032	0.090	0.135
0.234	0.019	0.116	0.631
0.070	0.018	0.826	0.086
0.093	0.145	0.082	0.680
>CSGATTGG	13-CSGATTGG	7.159775	-31.969341	0	T:218.0(7.67%),B:2021.2(4.43%),P:1e-13	Tpos:270.4,Tstd:191.5,Bpos:228.8,Bstd:138.0,StrandBias:0.5,Multiplicity:1.13
0.019	0.906	0.063	0.012
0.131	0.292	0.371	0.206
0.036	0.179	0.715	0.070
0.818	0.001	0.001	0.180
0.001	0.001	0.001	0.997
0.110	0.026	0.001	0.863
0.110	0.125	0.764	0.001
0.084	0.079	0.771	0.066
>TACNGTAS	14-TACNGTAS	5.978667	-27.716829	0	T:383.0(13.47%),B:4283.6(9.38%),P:1e-12	Tpos:260.4,Tstd:189.2,Bpos:229.4,Bstd:143.3,StrandBias:-0.0,Multiplicity:1.12
0.267	0.171	0.001	0.561
0.759	0.003	0.001	0.237
0.022	0.904	0.073	0.001
0.186	0.319	0.248	0.246
0.262	0.039	0.698	0.001
0.073	0.234	0.001	0.692
0.780	0.001	0.001	0.218
0.004	0.488	0.450	0.057
