>HACTTCCKGY	1-HACTTCCKGY	6.834436	-709.956353	0	T:1426.0(50.16%),B:8597.8(18.83%),P:1e-308	Tpos:263.5,Tstd:174.9,Bpos:229.6,Bstd:141.2,StrandBias:-0.0,Multiplicity:1.43
0.221	0.351	0.187	0.241
0.518	0.101	0.323	0.058
0.001	0.670	0.039	0.290
0.340	0.003	0.028	0.629
0.026	0.006	0.001	0.967
0.056	0.908	0.001	0.035
0.001	0.927	0.031	0.041
0.001	0.119	0.474	0.406
0.017	0.273	0.547	0.163
0.190	0.296	0.070	0.445
>CGAAACCACA	2-CGAAACCACA	7.376378	-195.642874	0	T:564.0(19.84%),B:3715.3(8.14%),P:1e-84	Tpos:285.4,Tstd:204.6,Bpos:228.6,Bstd:143.9,StrandBias:0.0,Multiplicity:1.17
0.163	0.500	0.170	0.167
0.153	0.094	0.653	0.100
0.758	0.079	0.040	0.123
0.864	0.028	0.077	0.031
0.863	0.048	0.055	0.034
0.036	0.896	0.030	0.038
0.035	0.911	0.022	0.032
0.844	0.023	0.044	0.089
0.039	0.882	0.036	0.043
0.833	0.084	0.025	0.058
>GGMAGGAAGS	3-GGMAGGAAGS	7.600473	-135.054353	0	T:533.0(18.75%),B:4079.9(8.94%),P:1e-58	Tpos:259.3,Tstd:193.7,Bpos:226.7,Bstd:136.4,StrandBias:0.0,Multiplicity:1.08
0.001	0.039	0.885	0.075
0.160	0.001	0.838	0.001
0.473	0.486	0.001	0.040
0.997	0.001	0.001	0.001
0.039	0.001	0.959	0.001
0.001	0.001	0.997	0.001
0.942	0.001	0.055	0.002
0.934	0.064	0.001	0.001
0.002	0.001	0.996	0.001
0.001	0.484	0.489	0.026
>NTGTGGTTAR	4-NTGTGGTTAR	6.642243	-107.567091	0	T:681.0(23.95%),B:6307.7(13.82%),P:1e-46	Tpos:276.1,Tstd:195.1,Bpos:228.3,Bstd:139.9,StrandBias:-0.1,Multiplicity:1.13
0.278	0.279	0.211	0.232
0.105	0.162	0.170	0.563
0.041	0.243	0.715	0.001
0.034	0.132	0.001	0.833
0.001	0.001	0.997	0.001
0.001	0.012	0.810	0.177
0.001	0.279	0.144	0.576
0.294	0.001	0.243	0.462
0.487	0.232	0.281	0.001
0.253	0.142	0.384	0.221
>BCTTTGAWGT	5-BCTTTGAWGT	6.704737	-97.817497	0	T:872.0(30.67%),B:9040.5(19.80%),P:1e-42	Tpos:259.3,Tstd:188.9,Bpos:228.9,Bstd:140.6,StrandBias:0.0,Multiplicity:1.21
0.057	0.332	0.319	0.291
0.001	0.708	0.168	0.123
0.016	0.011	0.042	0.931
0.001	0.125	0.114	0.760
0.167	0.006	0.001	0.826
0.039	0.202	0.733	0.026
0.853	0.001	0.001	0.145
0.523	0.010	0.001	0.466
0.019	0.278	0.650	0.053
0.106	0.113	0.068	0.713
>AGGATGTGGG	6-AGGATGTGGG	11.111669	-68.346636	0	T:87.0(3.06%),B:304.3(0.67%),P:1e-29	Tpos:266.6,Tstd:152.7,Bpos:228.2,Bstd:127.3,StrandBias:-0.8,Multiplicity:1.05
0.767	0.231	0.001	0.001
0.001	0.001	0.997	0.001
0.102	0.001	0.896	0.001
0.854	0.001	0.144	0.001
0.001	0.001	0.001	0.997
0.001	0.001	0.997	0.001
0.001	0.001	0.001	0.997
0.001	0.025	0.973	0.001
0.001	0.001	0.997	0.001
0.001	0.001	0.997	0.001
>TGACGTCATC	7-TGACGTCATC	6.255007	-64.823603	0	T:484.0(17.02%),B:4652.5(10.19%),P:1e-28	Tpos:273.3,Tstd:196.0,Bpos:227.0,Bstd:138.4,StrandBias:-0.0,Multiplicity:1.15
0.031	0.026	0.038	0.905
0.091	0.060	0.797	0.052
0.840	0.053	0.044	0.063
0.035	0.831	0.045	0.089
0.042	0.047	0.849	0.062
0.070	0.046	0.051	0.833
0.073	0.826	0.070	0.031
0.799	0.055	0.053	0.093
0.057	0.145	0.083	0.715
0.130	0.610	0.139	0.121
>DTNACGTABT	8-DTNACGTABT	5.047509	-64.507630	0	T:826.0(29.05%),B:9271.8(20.31%),P:1e-28	Tpos:287.3,Tstd:216.5,Bpos:231.5,Bstd:151.9,StrandBias:-0.0,Multiplicity:1.28
0.244	0.184	0.349	0.223
0.027	0.028	0.001	0.944
0.238	0.201	0.221	0.339
0.437	0.174	0.269	0.120
0.029	0.952	0.013	0.006
0.001	0.002	0.994	0.003
0.055	0.352	0.078	0.515
0.487	0.113	0.293	0.107
0.087	0.248	0.380	0.285
0.146	0.193	0.214	0.447
>AAACCGGAAA	9-AAACCGGAAA	9.782494	-64.385934	0	T:83.0(2.92%),B:294.1(0.64%),P:1e-27	Tpos:227.2,Tstd:151.5,Bpos:230.0,Bstd:147.6,StrandBias:-0.1,Multiplicity:1.02
0.889	0.001	0.001	0.109
0.950	0.001	0.048	0.001
0.753	0.065	0.181	0.001
0.001	0.857	0.141	0.001
0.169	0.829	0.001	0.001
0.001	0.001	0.997	0.001
0.037	0.001	0.961	0.001
0.809	0.189	0.001	0.001
0.956	0.001	0.001	0.042
0.669	0.210	0.120	0.001
>CGTGGTTTGT	10-CGTGGTTTGT	6.470441	-63.293812	0	T:465.0(16.36%),B:4443.1(9.73%),P:1e-27	Tpos:258.4,Tstd:199.5,Bpos:227.2,Bstd:143.9,StrandBias:0.4,Multiplicity:1.06
0.197	0.740	0.062	0.001
0.001	0.001	0.997	0.001
0.001	0.207	0.009	0.783
0.046	0.094	0.859	0.001
0.001	0.188	0.623	0.188
0.001	0.110	0.001	0.888
0.209	0.001	0.095	0.695
0.001	0.001	0.085	0.913
0.118	0.001	0.676	0.205
0.300	0.244	0.001	0.455
>GTTTCCTGCY	11-GTTTCCTGCY	9.384221	-63.109137	0	T:92.0(3.24%),B:365.8(0.80%),P:1e-27	Tpos:279.2,Tstd:154.0,Bpos:231.6,Bstd:145.2,StrandBias:0.3,Multiplicity:1.01
0.001	0.001	0.997	0.001
0.001	0.001	0.001	0.997
0.001	0.001	0.001	0.997
0.001	0.001	0.001	0.997
0.159	0.839	0.001	0.001
0.001	0.997	0.001	0.001
0.001	0.271	0.001	0.727
0.001	0.001	0.997	0.001
0.001	0.997	0.001	0.001
0.019	0.498	0.001	0.482
>GGGGGGGGGG	12-GGGGGGGGGG	7.772975	-62.182092	0	T:715.0(25.15%),B:7790.7(17.06%),P:1e-27	Tpos:278.3,Tstd:203.6,Bpos:229.2,Bstd:131.6,StrandBias:0.2,Multiplicity:1.35
0.167	0.001	0.598	0.234
0.032	0.001	0.906	0.061
0.102	0.001	0.774	0.123
0.001	0.001	0.741	0.257
0.088	0.001	0.605	0.306
0.213	0.001	0.700	0.086
0.192	0.001	0.652	0.155
0.001	0.001	0.997	0.001
0.191	0.001	0.708	0.100
0.241	0.089	0.481	0.189
>GCGGTTTTGT	13-GCGGTTTTGT	6.823028	-60.296473	0	T:521.0(18.33%),B:5231.8(11.46%),P:1e-26	Tpos:283.9,Tstd:220.0,Bpos:233.1,Bstd:148.1,StrandBias:0.0,Multiplicity:1.11
0.096	0.049	0.726	0.129
0.070	0.725	0.082	0.123
0.062	0.076	0.722	0.140
0.034	0.023	0.886	0.057
0.021	0.055	0.070	0.854
0.036	0.059	0.068	0.837
0.041	0.068	0.112	0.779
0.008	0.020	0.062	0.910
0.062	0.054	0.764	0.120
0.108	0.037	0.049	0.806
>ACAGGAAGRA	14-ACAGGAAGRA	8.703898	-57.267819	0	T:378.0(13.30%),B:3477.9(7.62%),P:1e-24	Tpos:267.7,Tstd:191.1,Bpos:226.3,Bstd:137.7,StrandBias:-0.3,Multiplicity:1.08
0.961	0.002	0.016	0.021
0.002	0.871	0.061	0.066
0.948	0.034	0.017	0.001
0.103	0.001	0.731	0.165
0.367	0.006	0.533	0.094
0.943	0.024	0.001	0.032
0.969	0.001	0.029	0.001
0.009	0.046	0.944	0.001
0.378	0.095	0.526	0.001
0.585	0.094	0.108	0.213
>CCGCCCGTTT	15-CCGCCCGTTT	6.712369	-47.187594	0	T:425.0(14.95%),B:4295.4(9.41%),P:1e-20	Tpos:263.2,Tstd:212.3,Bpos:226.0,Bstd:149.0,StrandBias:0.0,Multiplicity:1.14
0.021	0.894	0.039	0.046
0.080	0.747	0.060	0.113
0.073	0.098	0.757	0.072
0.038	0.876	0.033	0.053
0.074	0.781	0.055	0.090
0.071	0.756	0.073	0.100
0.054	0.146	0.666	0.134
0.039	0.058	0.078	0.825
0.013	0.059	0.049	0.879
0.064	0.071	0.040	0.825
>TGATTGGCGR	16-TGATTGGCGR	7.793073	-42.247035	0	T:216.0(7.60%),B:1807.6(3.96%),P:1e-18	Tpos:250.2,Tstd:187.7,Bpos:230.8,Bstd:133.5,StrandBias:0.0,Multiplicity:1.13
0.001	0.001	0.266	0.732
0.029	0.329	0.621	0.021
0.813	0.110	0.020	0.057
0.001	0.009	0.001	0.989
0.036	0.001	0.194	0.769
0.013	0.166	0.510	0.311
0.060	0.001	0.938	0.001
0.279	0.456	0.001	0.263
0.001	0.270	0.492	0.237
0.397	0.142	0.460	0.001
>AAACGCACGC	17-AAACGCACGC	6.353437	-41.585140	0	T:376.0(13.23%),B:3797.7(8.32%),P:1e-18	Tpos:281.8,Tstd:219.9,Bpos:227.5,Bstd:158.2,StrandBias:0.2,Multiplicity:1.11
0.831	0.008	0.115	0.046
0.752	0.219	0.001	0.028
0.785	0.103	0.101	0.011
0.072	0.869	0.014	0.045
0.074	0.009	0.908	0.009
0.136	0.566	0.064	0.234
0.801	0.105	0.093	0.001
0.163	0.697	0.070	0.070
0.128	0.072	0.707	0.093
0.065	0.729	0.028	0.178
>TCRGAAAGGA	18-TCRGAAAGGA	5.586472	-35.515763	0	T:449.0(15.79%),B:4933.2(10.81%),P:1e-15	Tpos:268.7,Tstd:218.8,Bpos:230.8,Bstd:138.5,StrandBias:0.0,Multiplicity:1.09
0.001	0.001	0.320	0.678
0.001	0.997	0.001	0.001
0.507	0.001	0.472	0.020
0.001	0.001	0.997	0.001
0.461	0.120	0.109	0.310
0.859	0.001	0.139	0.001
0.962	0.001	0.036	0.001
0.001	0.001	0.997	0.001
0.001	0.001	0.997	0.001
0.997	0.001	0.001	0.001
>CGTTGATGTT	19-CGTTGATGTT	7.887853	-29.282295	0	T:46.0(1.62%),B:200.1(0.44%),P:1e-12	Tpos:275.0,Tstd:187.7,Bpos:238.9,Bstd:145.4,StrandBias:0.4,Multiplicity:1.02
0.201	0.493	0.108	0.198
0.004	0.308	0.674	0.014
0.193	0.032	0.193	0.582
0.022	0.294	0.203	0.481
0.096	0.054	0.812	0.038
0.467	0.121	0.138	0.275
0.044	0.071	0.063	0.822
0.232	0.184	0.536	0.048
0.013	0.033	0.071	0.883
0.024	0.288	0.025	0.663
>TAGGCGGRGC	20-TAGGCGGRGC	9.495995	-28.482807	0	T:109.0(3.83%),B:813.6(1.78%),P:1e-12	Tpos:339.2,Tstd:201.5,Bpos:221.0,Bstd:144.8,StrandBias:-0.2,Multiplicity:1.17
0.001	0.001	0.146	0.852
0.683	0.001	0.315	0.001
0.175	0.001	0.823	0.001
0.001	0.001	0.997	0.001
0.325	0.496	0.179	0.001
0.027	0.001	0.971	0.001
0.132	0.001	0.866	0.001
0.474	0.001	0.524	0.001
0.097	0.001	0.771	0.131
0.178	0.820	0.001	0.001
>TACATTTCCC	21-TACATTTCCC	10.667349	-27.004753	0	T:37.0(1.30%),B:144.1(0.32%),P:1e-11	Tpos:278.1,Tstd:187.7,Bpos:217.2,Bstd:137.0,StrandBias:0.1,Multiplicity:1.06
0.001	0.001	0.001	0.997
0.997	0.001	0.001	0.001
0.001	0.997	0.001	0.001
0.997	0.001	0.001	0.001
0.069	0.001	0.001	0.929
0.001	0.001	0.001	0.997
0.058	0.001	0.001	0.940
0.001	0.997	0.001	0.001
0.001	0.997	0.001	0.001
0.001	0.776	0.107	0.116
>CAATTGSTAA	22-CAATTGSTAA	9.698936	-22.004868	0	T:46.0(1.62%),B:250.4(0.55%),P:1e-9	Tpos:276.1,Tstd:179.8,Bpos:229.7,Bstd:134.8,StrandBias:0.6,Multiplicity:1.04
0.001	0.841	0.104	0.054
0.869	0.001	0.001	0.129
0.700	0.001	0.298	0.001
0.001	0.001	0.001	0.997
0.139	0.001	0.001	0.859
0.001	0.001	0.997	0.001
0.001	0.538	0.442	0.019
0.001	0.001	0.001	0.997
0.997	0.001	0.001	0.001
0.678	0.001	0.081	0.240
>GTTACGCTAK	23-GTTACGCTAK	9.193192	-21.243862	0	T:25.0(0.88%),B:86.7(0.19%),P:1e-9	Tpos:261.3,Tstd:187.5,Bpos:250.5,Bstd:149.5,StrandBias:-0.9,Multiplicity:1.42
0.110	0.039	0.850	0.001
0.059	0.025	0.001	0.915
0.057	0.244	0.042	0.657
0.747	0.178	0.015	0.060
0.001	0.891	0.043	0.065
0.001	0.019	0.629	0.351
0.333	0.629	0.006	0.032
0.057	0.060	0.103	0.780
0.921	0.028	0.038	0.013
0.052	0.065	0.407	0.475
>STGACAGTCA	24-STGACAGTCA	10.011270	-17.479640	0	T:108.0(3.80%),B:981.3(2.15%),P:1e-7	Tpos:232.9,Tstd:156.9,Bpos:232.1,Bstd:137.7,StrandBias:0.3,Multiplicity:1.07
0.001	0.425	0.573	0.001
0.001	0.001	0.001	0.997
0.001	0.001	0.997	0.001
0.682	0.316	0.001	0.001
0.001	0.997	0.001	0.001
0.728	0.001	0.001	0.270
0.001	0.312	0.550	0.137
0.001	0.001	0.001	0.997
0.001	0.997	0.001	0.001
0.746	0.001	0.001	0.252
>GCAGTGCTAC	25-GCAGTGCTAC	6.404373	-15.132381	0	T:883.0(31.06%),B:12242.1(26.81%),P:1e-6	Tpos:275.7,Tstd:213.8,Bpos:229.7,Bstd:142.6,StrandBias:-0.0,Multiplicity:1.26
0.100	0.100	0.700	0.100
0.100	0.700	0.100	0.100
0.700	0.100	0.100	0.100
0.100	0.100	0.700	0.100
0.100	0.100	0.100	0.700
0.100	0.100	0.700	0.100
0.100	0.700	0.100	0.100
0.100	0.100	0.100	0.700
0.700	0.100	0.100	0.100
0.100	0.700	0.100	0.100
