>ACAGGAAGYG	1-ACAGGAAGYG	7.849314	-420.770763	0	T:1221.0(29.47%),B:5545.1(12.50%),P:1e-182	Tpos:300.6,Tstd:232.0,Bpos:241.7,Bstd:142.6,StrandBias:-0.1,Multiplicity:1.24
0.584	0.067	0.228	0.121
0.238	0.620	0.097	0.045
0.652	0.280	0.067	0.001
0.001	0.001	0.997	0.001
0.023	0.001	0.975	0.001
0.997	0.001	0.001	0.001
0.817	0.001	0.001	0.181
0.328	0.001	0.670	0.001
0.001	0.408	0.036	0.555
0.202	0.166	0.416	0.216
>NGWAACCACA	2-NGWAACCACA	6.430770	-251.727328	0	T:1699.0(41.01%),B:11162.4(25.17%),P:1e-109	Tpos:289.5,Tstd:257.0,Bpos:240.3,Bstd:144.3,StrandBias:0.0,Multiplicity:1.41
0.263	0.254	0.275	0.207
0.178	0.201	0.391	0.230
0.317	0.204	0.047	0.432
0.591	0.158	0.128	0.123
0.924	0.005	0.070	0.001
0.028	0.970	0.001	0.001
0.011	0.985	0.003	0.001
0.686	0.024	0.095	0.195
0.063	0.910	0.001	0.026
0.688	0.084	0.087	0.141
>RGMGGAAGTN	3-RGMGGAAGTN	7.614077	-122.326403	0	T:848.0(20.47%),B:5328.0(12.02%),P:1e-53	Tpos:299.2,Tstd:244.4,Bpos:244.8,Bstd:148.1,StrandBias:-0.1,Multiplicity:1.14
0.428	0.001	0.354	0.217
0.001	0.001	0.856	0.142
0.429	0.486	0.084	0.001
0.001	0.126	0.872	0.001
0.001	0.001	0.997	0.001
0.900	0.001	0.001	0.098
0.903	0.086	0.010	0.001
0.335	0.001	0.581	0.083
0.001	0.318	0.001	0.680
0.183	0.294	0.272	0.251
>RGCCCCGCCC	4-RGCCCCGCCC	8.694314	-119.851338	0	T:859.0(20.73%),B:5455.3(12.30%),P:1e-52	Tpos:349.4,Tstd:258.7,Bpos:237.8,Bstd:161.7,StrandBias:0.1,Multiplicity:1.58
0.282	0.192	0.403	0.123
0.193	0.001	0.704	0.102
0.001	0.853	0.097	0.049
0.001	0.629	0.001	0.369
0.179	0.819	0.001	0.001
0.001	0.997	0.001	0.001
0.001	0.021	0.807	0.171
0.015	0.962	0.001	0.022
0.001	0.997	0.001	0.001
0.001	0.887	0.001	0.111
>STTTCGBTTT	5-STTTCGBTTT	6.532538	-116.526073	0	T:552.0(13.32%),B:2990.6(6.74%),P:1e-50	Tpos:310.3,Tstd:252.8,Bpos:245.5,Bstd:154.0,StrandBias:0.1,Multiplicity:1.22
0.067	0.351	0.479	0.102
0.011	0.074	0.211	0.704
0.177	0.022	0.147	0.654
0.100	0.154	0.197	0.549
0.024	0.565	0.158	0.253
0.236	0.151	0.458	0.155
0.081	0.275	0.387	0.257
0.001	0.180	0.162	0.657
0.236	0.199	0.013	0.552
0.224	0.050	0.001	0.725
>CACTAGGKGG	6-CACTAGGKGG	10.925227	-85.663628	0	T:136.0(3.28%),B:383.9(0.87%),P:1e-37	Tpos:285.9,Tstd:234.4,Bpos:242.1,Bstd:142.5,StrandBias:0.1,Multiplicity:1.02
0.001	0.997	0.001	0.001
0.941	0.001	0.001	0.057
0.001	0.997	0.001	0.001
0.001	0.324	0.001	0.674
0.997	0.001	0.001	0.001
0.001	0.001	0.997	0.001
0.343	0.011	0.645	0.001
0.248	0.001	0.416	0.335
0.001	0.001	0.997	0.001
0.001	0.001	0.997	0.001
>TTTCCTTCCG	7-TTTCCTTCCG	6.997146	-63.027906	0	T:830.0(20.03%),B:6136.2(13.84%),P:1e-27	Tpos:323.4,Tstd:277.4,Bpos:247.4,Bstd:149.6,StrandBias:0.0,Multiplicity:1.13
0.041	0.095	0.032	0.832
0.044	0.086	0.093	0.777
0.043	0.137	0.058	0.762
0.040	0.810	0.076	0.074
0.115	0.765	0.020	0.100
0.080	0.069	0.073	0.778
0.015	0.111	0.053	0.821
0.088	0.775	0.034	0.103
0.038	0.861	0.054	0.047
0.045	0.023	0.826	0.106
>CCGGAAATCG	8-CCGGAAATCG	6.099578	-55.734103	0	T:210.0(5.07%),B:1021.8(2.30%),P:1e-24	Tpos:312.5,Tstd:237.6,Bpos:246.2,Bstd:154.8,StrandBias:-0.1,Multiplicity:1.04
0.174	0.561	0.153	0.112
0.105	0.708	0.100	0.087
0.095	0.152	0.692	0.061
0.141	0.111	0.586	0.162
0.652	0.112	0.148	0.088
0.589	0.080	0.139	0.192
0.628	0.120	0.099	0.153
0.127	0.162	0.143	0.568
0.175	0.480	0.159	0.186
0.176	0.167	0.509	0.148
>VTGASTCANN	9-VTGASTCANN	6.174201	-55.193753	0	T:396.0(9.56%),B:2470.3(5.57%),P:1e-23	Tpos:285.6,Tstd:240.6,Bpos:247.5,Bstd:138.2,StrandBias:0.0,Multiplicity:1.08
0.376	0.296	0.231	0.097
0.252	0.003	0.108	0.637
0.039	0.084	0.689	0.188
0.697	0.084	0.102	0.117
0.076	0.479	0.364	0.081
0.255	0.004	0.102	0.639
0.078	0.616	0.158	0.148
0.706	0.095	0.111	0.088
0.192	0.291	0.224	0.293
0.230	0.324	0.205	0.242
>CGATTGGDCG	10-CGATTGGDCG	8.574714	-49.137324	0	T:98.0(2.37%),B:332.7(0.75%),P:1e-21	Tpos:364.9,Tstd:213.2,Bpos:244.1,Bstd:161.0,StrandBias:0.3,Multiplicity:1.07
0.001	0.818	0.085	0.096
0.053	0.035	0.839	0.073
0.962	0.036	0.001	0.001
0.001	0.001	0.001	0.997
0.086	0.001	0.001	0.912
0.001	0.107	0.891	0.001
0.001	0.001	0.893	0.105
0.354	0.176	0.246	0.224
0.002	0.796	0.001	0.201
0.027	0.116	0.803	0.054
>GCCCCACCCA	11-GCCCCACCCA	9.467201	-46.366836	0	T:300.0(7.24%),B:1808.1(4.08%),P:1e-20	Tpos:314.8,Tstd:234.3,Bpos:235.4,Bstd:145.5,StrandBias:0.2,Multiplicity:1.07
0.001	0.029	0.864	0.106
0.103	0.876	0.001	0.020
0.001	0.920	0.031	0.048
0.098	0.886	0.001	0.015
0.047	0.928	0.009	0.016
0.997	0.001	0.001	0.001
0.032	0.966	0.001	0.001
0.001	0.923	0.060	0.016
0.001	0.956	0.001	0.042
0.765	0.067	0.013	0.155
>CGTACCACAG	12-CGTACCACAG	7.744538	-37.987528	0	T:197.0(4.76%),B:1100.0(2.48%),P:1e-16	Tpos:325.3,Tstd:231.1,Bpos:244.9,Bstd:155.4,StrandBias:0.1,Multiplicity:1.04
0.092	0.828	0.025	0.055
0.044	0.078	0.838	0.040
0.044	0.088	0.088	0.780
0.658	0.075	0.137	0.130
0.078	0.849	0.041	0.032
0.042	0.741	0.080	0.137
0.827	0.014	0.101	0.058
0.094	0.787	0.079	0.040
0.896	0.047	0.025	0.032
0.071	0.056	0.808	0.065
>TATGACGTCA	13-TATGACGTCA	7.203777	-32.691874	0	T:198.0(4.78%),B:1170.1(2.64%),P:1e-14	Tpos:305.2,Tstd:263.4,Bpos:247.2,Bstd:145.4,StrandBias:0.1,Multiplicity:1.07
0.160	0.100	0.054	0.686
0.802	0.057	0.106	0.035
0.067	0.040	0.040	0.853
0.057	0.072	0.781	0.090
0.720	0.136	0.047	0.097
0.044	0.834	0.055	0.067
0.036	0.040	0.879	0.045
0.026	0.103	0.028	0.843
0.125	0.770	0.080	0.025
0.838	0.073	0.066	0.023
>TGCGCAGGCG	14-TGCGCAGGCG	9.705226	-32.625738	0	T:249.0(6.01%),B:1584.6(3.57%),P:1e-14	Tpos:369.0,Tstd:295.8,Bpos:256.3,Bstd:178.4,StrandBias:-0.0,Multiplicity:1.30
0.001	0.376	0.001	0.622
0.001	0.001	0.997	0.001
0.001	0.997	0.001	0.001
0.001	0.001	0.997	0.001
0.001	0.827	0.001	0.171
0.563	0.191	0.245	0.001
0.094	0.235	0.487	0.184
0.001	0.111	0.887	0.001
0.001	0.997	0.001	0.001
0.001	0.001	0.997	0.001
>TTCTCGCGAG	15-TTCTCGCGAG	8.595493	-31.072262	0	T:66.0(1.59%),B:237.7(0.54%),P:1e-13	Tpos:377.9,Tstd:238.9,Bpos:234.4,Bstd:178.3,StrandBias:-0.3,Multiplicity:1.09
0.001	0.188	0.132	0.679
0.001	0.001	0.001	0.997
0.001	0.997	0.001	0.001
0.001	0.001	0.001	0.997
0.036	0.882	0.019	0.063
0.037	0.027	0.935	0.001
0.001	0.997	0.001	0.001
0.035	0.001	0.963	0.001
0.915	0.021	0.037	0.027
0.001	0.001	0.936	0.062
>CTGAGTCAGA	16-CTGAGTCAGA	7.228564	-30.795127	0	T:490.0(11.83%),B:3734.4(8.42%),P:1e-13	Tpos:294.3,Tstd:231.5,Bpos:240.9,Bstd:142.3,StrandBias:-0.1,Multiplicity:1.11
0.082	0.831	0.056	0.031
0.064	0.064	0.039	0.833
0.074	0.040	0.699	0.187
0.798	0.125	0.070	0.007
0.097	0.043	0.841	0.019
0.023	0.018	0.039	0.920
0.044	0.754	0.127	0.075
0.768	0.092	0.070	0.070
0.051	0.034	0.704	0.211
0.851	0.053	0.094	0.002
>HCACRVCCAN	17-HCACRVCCAN	5.080925	-30.466669	0	T:869.0(20.98%),B:7335.1(16.54%),P:1e-13	Tpos:325.0,Tstd:266.7,Bpos:244.0,Bstd:150.8,StrandBias:-0.1,Multiplicity:1.18
0.288	0.280	0.013	0.418
0.023	0.652	0.029	0.296
0.520	0.224	0.024	0.232
0.020	0.757	0.010	0.213
0.310	0.237	0.435	0.017
0.342	0.299	0.227	0.132
0.270	0.439	0.282	0.009
0.233	0.467	0.022	0.278
0.480	0.029	0.221	0.270
0.250	0.312	0.183	0.255
>CCGCGGTTTG	18-CCGCGGTTTG	10.012441	-30.245887	0	T:49.0(1.18%),B:145.2(0.33%),P:1e-13	Tpos:339.2,Tstd:293.4,Bpos:250.8,Bstd:160.2,StrandBias:-1.0,Multiplicity:1.00
0.041	0.786	0.118	0.055
0.001	0.675	0.028	0.296
0.001	0.001	0.997	0.001
0.067	0.865	0.067	0.001
0.101	0.001	0.897	0.001
0.001	0.015	0.959	0.025
0.036	0.001	0.027	0.936
0.001	0.001	0.001	0.997
0.001	0.025	0.001	0.973
0.094	0.001	0.904	0.001
>GTATGCAAAT	19-GTATGCAAAT	11.908368	-28.894993	0	T:34.0(0.82%),B:76.4(0.17%),P:1e-12	Tpos:320.4,Tstd:265.7,Bpos:252.6,Bstd:128.7,StrandBias:-0.3,Multiplicity:1.00
0.001	0.001	0.997	0.001
0.001	0.001	0.178	0.820
0.997	0.001	0.001	0.001
0.001	0.001	0.001	0.997
0.001	0.001	0.997	0.001
0.001	0.815	0.001	0.183
0.997	0.001	0.001	0.001
0.997	0.001	0.001	0.001
0.997	0.001	0.001	0.001
0.001	0.001	0.001	0.997
>TTTCGTGAGG	20-TTTCGTGAGG	10.324286	-19.859471	0	T:42.0(1.01%),B:154.1(0.35%),P:1e-8	Tpos:307.6,Tstd:240.8,Bpos:248.0,Bstd:136.8,StrandBias:-0.1,Multiplicity:1.22
0.001	0.001	0.001	0.997
0.001	0.127	0.001	0.871
0.001	0.001	0.158	0.840
0.001	0.997	0.001	0.001
0.001	0.079	0.919	0.001
0.106	0.001	0.001	0.892
0.106	0.001	0.892	0.001
0.892	0.001	0.106	0.001
0.001	0.127	0.871	0.001
0.001	0.180	0.818	0.001
>GTAACACSTC	21-GTAACACSTC	9.925883	-17.283065	0	T:17.0(0.41%),B:33.8(0.08%),P:1e-7	Tpos:273.6,Tstd:168.1,Bpos:245.6,Bstd:144.7,StrandBias:1.4,Multiplicity:1.38
0.001	0.001	0.997	0.001
0.001	0.001	0.001	0.997
0.997	0.001	0.001	0.001
0.997	0.001	0.001	0.001
0.001	0.997	0.001	0.001
0.997	0.001	0.001	0.001
0.001	0.997	0.001	0.001
0.001	0.444	0.554	0.001
0.001	0.001	0.045	0.953
0.001	0.997	0.001	0.001
>TCAGATCACG	22-TCAGATCACG	10.296193	-16.806868	0	T:6.0(0.14%),B:2.4(0.01%),P:1e-7	Tpos:268.8,Tstd:292.7,Bpos:113.2,Bstd:25.3,StrandBias:1.0,Multiplicity:1.00
0.100	0.100	0.100	0.700
0.100	0.700	0.100	0.100
0.700	0.100	0.100	0.100
0.100	0.100	0.700	0.100
0.700	0.100	0.100	0.100
0.100	0.100	0.100	0.700
0.100	0.700	0.100	0.100
0.700	0.100	0.100	0.100
0.100	0.700	0.100	0.100
0.100	0.100	0.700	0.100
>AAACCGTTGT	23-AAACCGTTGT	10.296193	-16.806868	0	T:6.0(0.14%),B:2.8(0.01%),P:1e-7	Tpos:178.0,Tstd:130.5,Bpos:344.3,Bstd:124.3,StrandBias:0.0,Multiplicity:1.00
0.700	0.100	0.100	0.100
0.700	0.100	0.100	0.100
0.700	0.100	0.100	0.100
0.100	0.700	0.100	0.100
0.100	0.700	0.100	0.100
0.100	0.100	0.700	0.100
0.100	0.100	0.100	0.700
0.100	0.100	0.100	0.700
0.100	0.100	0.700	0.100
0.100	0.100	0.100	0.700
>CTAACACACT	24-CTAACACACT	9.840236	-5.136107	0	T:19.0(0.46%),B:105.3(0.24%),P:1e-2	Tpos:218.5,Tstd:157.7,Bpos:249.1,Bstd:153.5,StrandBias:-0.3,Multiplicity:1.79
0.001	0.997	0.001	0.001
0.001	0.001	0.001	0.997
0.997	0.001	0.001	0.001
0.997	0.001	0.001	0.001
0.001	0.997	0.001	0.001
0.997	0.001	0.001	0.001
0.001	0.978	0.001	0.020
0.997	0.001	0.001	0.001
0.001	0.917	0.001	0.081
0.001	0.001	0.001	0.997
>ATGAGTATAC	25-ATGAGTATAC	10.296193	-3.942898	0	T:3.0(0.07%),B:6.2(0.01%),P:1e-1	Tpos:163.9,Tstd:119.3,Bpos:184.0,Bstd:160.4,StrandBias:4.1,Multiplicity:6.00
0.700	0.100	0.100	0.100
0.100	0.100	0.100	0.700
0.100	0.100	0.700	0.100
0.700	0.100	0.100	0.100
0.100	0.100	0.700	0.100
0.100	0.100	0.100	0.700
0.700	0.100	0.100	0.100
0.100	0.100	0.100	0.700
0.700	0.100	0.100	0.100
0.100	0.700	0.100	0.100
>RACAGGAAGTGR	1-RACAGGAAGTGR	8.130379	-405.715081	0	T:1240.0(29.93%),B:5793.6(13.07%),P:1e-176	Tpos:296.3,Tstd:235.8,Bpos:239.4,Bstd:139.5,StrandBias:-0.1,Multiplicity:1.26
0.369	0.186	0.302	0.142
0.551	0.059	0.279	0.111
0.181	0.578	0.220	0.021
0.968	0.030	0.001	0.001
0.001	0.001	0.997	0.001
0.054	0.001	0.931	0.014
0.997	0.001	0.001	0.001
0.828	0.001	0.001	0.170
0.244	0.099	0.656	0.001
0.079	0.280	0.045	0.596
0.255	0.108	0.481	0.156
0.292	0.189	0.393	0.127
>BBBTGTGGTTTN	2-BBBTGTGGTTTN	8.253122	-258.923601	0	T:894.0(21.58%),B:4312.1(9.72%),P:1e-112	Tpos:301.4,Tstd:259.6,Bpos:243.8,Bstd:143.9,StrandBias:-0.0,Multiplicity:1.18
0.203	0.216	0.358	0.223
0.160	0.220	0.351	0.269
0.172	0.277	0.202	0.349
0.001	0.001	0.001	0.997
0.001	0.001	0.863	0.135
0.001	0.001	0.001	0.997
0.001	0.001	0.997	0.001
0.058	0.001	0.924	0.017
0.001	0.315	0.001	0.683
0.001	0.206	0.001	0.792
0.266	0.108	0.209	0.417
0.193	0.259	0.277	0.270
>GCCCCCTRGTGG	3-GCCCCCTRGTGG	10.502127	-140.609552	0	T:137.0(3.31%),B:235.6(0.53%),P:1e-61	Tpos:245.6,Tstd:175.5,Bpos:243.4,Bstd:141.4,StrandBias:-0.2,Multiplicity:1.01
0.021	0.001	0.977	0.001
0.001	0.997	0.001	0.001
0.001	0.997	0.001	0.001
0.270	0.728	0.001	0.001
0.001	0.656	0.001	0.342
0.001	0.997	0.001	0.001
0.001	0.001	0.001	0.997
0.505	0.001	0.451	0.043
0.001	0.159	0.839	0.001
0.001	0.001	0.001	0.997
0.001	0.001	0.997	0.001
0.001	0.001	0.997	0.001
>NRGCCCCGCCCH	4-NRGCCCCGCCCH	7.647052	-132.625265	0	T:1376.0(33.21%),B:9892.7(22.31%),P:1e-57	Tpos:334.0,Tstd:251.5,Bpos:239.7,Bstd:152.9,StrandBias:0.1,Multiplicity:1.68
0.342	0.252	0.199	0.208
0.387	0.171	0.268	0.174
0.172	0.007	0.714	0.107
0.001	0.905	0.057	0.037
0.001	0.797	0.001	0.201
0.178	0.812	0.009	0.001
0.004	0.964	0.001	0.031
0.168	0.001	0.700	0.131
0.001	0.981	0.017	0.001
0.001	0.997	0.001	0.001
0.001	0.880	0.001	0.118
0.270	0.418	0.026	0.285
>GAAAGTGAAAGT	5-GAAAGTGAAAGT	9.909718	-97.401645	0	T:144.0(3.48%),B:382.0(0.86%),P:1e-42	Tpos:321.7,Tstd:273.6,Bpos:227.0,Bstd:145.7,StrandBias:-0.3,Multiplicity:1.06
0.065	0.076	0.831	0.028
0.875	0.009	0.066	0.050
0.830	0.073	0.075	0.022
0.878	0.022	0.061	0.039
0.067	0.119	0.788	0.026
0.062	0.057	0.037	0.844
0.063	0.035	0.870	0.032
0.870	0.027	0.067	0.036
0.852	0.043	0.096	0.009
0.880	0.001	0.048	0.071
0.061	0.115	0.774	0.050
0.063	0.143	0.084	0.710
>ACTTCCTGTCTG	6-ACTTCCTGTCTG	9.418651	-87.078820	0	T:290.0(7.00%),B:1327.2(2.99%),P:1e-37	Tpos:273.9,Tstd:201.8,Bpos:241.0,Bstd:140.3,StrandBias:0.1,Multiplicity:1.03
0.796	0.039	0.100	0.065
0.032	0.850	0.073	0.045
0.102	0.112	0.001	0.785
0.001	0.001	0.120	0.878
0.072	0.811	0.085	0.032
0.068	0.930	0.001	0.001
0.001	0.072	0.107	0.820
0.080	0.062	0.797	0.061
0.088	0.061	0.080	0.771
0.083	0.771	0.049	0.097
0.063	0.001	0.001	0.935
0.076	0.068	0.855	0.001
>SCCTTCCKCCCY	7-SCCTTCCKCCCY	9.251609	-72.430047	0	T:585.0(14.12%),B:3801.0(8.57%),P:1e-31	Tpos:329.9,Tstd:271.9,Bpos:239.9,Bstd:151.2,StrandBias:-0.1,Multiplicity:1.16
0.024	0.427	0.290	0.259
0.213	0.470	0.317	0.001
0.001	0.997	0.001	0.001
0.011	0.115	0.016	0.858
0.028	0.148	0.040	0.784
0.001	0.997	0.001	0.001
0.088	0.887	0.001	0.024
0.056	0.010	0.411	0.523
0.038	0.631	0.147	0.184
0.001	0.836	0.135	0.028
0.013	0.645	0.001	0.341
0.016	0.549	0.026	0.409
>GTTTCGGTTTCC	8-GTTTCGGTTTCC	9.457996	-71.407253	0	T:174.0(4.20%),B:668.5(1.51%),P:1e-31	Tpos:305.8,Tstd:249.2,Bpos:246.0,Bstd:147.5,StrandBias:0.1,Multiplicity:1.07
0.046	0.091	0.782	0.081
0.060	0.128	0.038	0.774
0.001	0.045	0.001	0.953
0.001	0.039	0.013	0.947
0.110	0.739	0.081	0.070
0.068	0.070	0.632	0.230
0.073	0.061	0.752	0.114
0.022	0.147	0.060	0.771
0.001	0.088	0.001	0.910
0.001	0.029	0.011	0.959
0.044	0.836	0.076	0.044
0.069	0.845	0.001	0.085
>GGGARTTGTAGT	9-GGGARTTGTAGT	9.860471	-60.795599	0	T:166.0(4.01%),B:683.3(1.54%),P:1e-26	Tpos:305.9,Tstd:223.1,Bpos:241.9,Bstd:152.4,StrandBias:0.4,Multiplicity:1.08
0.001	0.001	0.953	0.045
0.085	0.001	0.913	0.001
0.343	0.001	0.655	0.001
0.950	0.001	0.001	0.048
0.482	0.030	0.487	0.001
0.041	0.337	0.124	0.498
0.036	0.148	0.041	0.775
0.098	0.098	0.732	0.072
0.028	0.001	0.001	0.970
0.650	0.001	0.300	0.049
0.001	0.001	0.997	0.001
0.001	0.001	0.413	0.585
>CGGAAGTGGTTT	10-CGGAAGTGGTTT	13.374393	-47.744432	0	T:21.0(0.51%),B:10.9(0.02%),P:1e-20	Tpos:272.9,Tstd:85.5,Bpos:243.3,Bstd:104.8,StrandBias:0.6,Multiplicity:1.00
0.001	0.692	0.306	0.001
0.001	0.001	0.997	0.001
0.001	0.001	0.997	0.001
0.900	0.001	0.001	0.098
0.997	0.001	0.001	0.001
0.001	0.001	0.900	0.098
0.001	0.001	0.001	0.997
0.001	0.001	0.997	0.001
0.001	0.001	0.997	0.001
0.099	0.001	0.099	0.801
0.001	0.001	0.001	0.997
0.001	0.099	0.099	0.801
>GGGGAATTCCCT	11-GGGGAATTCCCT	10.225638	-44.370867	0	T:73.0(1.76%),B:215.1(0.49%),P:1e-19	Tpos:308.2,Tstd:295.2,Bpos:244.8,Bstd:122.0,StrandBias:-0.5,Multiplicity:1.03
0.001	0.034	0.964	0.001
0.060	0.015	0.895	0.030
0.067	0.020	0.808	0.105
0.095	0.060	0.844	0.001
0.755	0.035	0.122	0.088
0.734	0.070	0.098	0.098
0.105	0.054	0.148	0.693
0.035	0.169	0.042	0.754
0.020	0.888	0.040	0.052
0.040	0.937	0.001	0.022
0.040	0.944	0.001	0.015
0.129	0.060	0.021	0.790
>CACTTCCTCCTC	12-CACTTCCTCCTC	9.833943	-42.960989	0	T:238.0(5.74%),B:1359.8(3.07%),P:1e-18	Tpos:309.4,Tstd:239.2,Bpos:241.4,Bstd:146.3,StrandBias:0.2,Multiplicity:1.04
0.214	0.686	0.099	0.001
0.803	0.166	0.001	0.030
0.084	0.562	0.101	0.253
0.114	0.001	0.001	0.884
0.128	0.290	0.001	0.581
0.001	0.959	0.039	0.001
0.009	0.989	0.001	0.001
0.155	0.245	0.001	0.599
0.092	0.906	0.001	0.001
0.102	0.704	0.001	0.193
0.259	0.001	0.200	0.540
0.025	0.973	0.001	0.001
>GCTGAGTCATAA	13-GCTGAGTCATAA	9.475593	-40.165413	0	T:116.0(2.80%),B:496.7(1.12%),P:1e-17	Tpos:291.4,Tstd:219.0,Bpos:254.5,Bstd:140.9,StrandBias:-0.0,Multiplicity:1.01
0.055	0.113	0.763	0.069
0.048	0.833	0.063	0.056
0.011	0.018	0.001	0.970
0.001	0.046	0.851	0.102
0.897	0.001	0.001	0.101
0.001	0.093	0.850	0.056
0.037	0.083	0.067	0.813
0.074	0.775	0.093	0.058
0.854	0.082	0.001	0.063
0.065	0.048	0.082	0.805
0.781	0.078	0.071	0.070
0.807	0.088	0.054	0.051
>ACTGCGCATGCG	14-ACTGCGCATGCG	8.400275	-33.304820	0	T:224.0(5.41%),B:1370.9(3.09%),P:1e-14	Tpos:334.0,Tstd:259.9,Bpos:250.3,Bstd:168.2,StrandBias:-0.3,Multiplicity:1.18
0.658	0.132	0.101	0.109
0.071	0.777	0.107	0.045
0.031	0.063	0.049	0.857
0.103	0.018	0.861	0.018
0.030	0.866	0.056	0.048
0.013	0.055	0.901	0.031
0.001	0.988	0.010	0.001
0.767	0.103	0.085	0.045
0.046	0.083	0.100	0.771
0.017	0.031	0.951	0.001
0.028	0.846	0.018	0.108
0.084	0.085	0.763	0.068
>CTTCTCGCGAGA	15-CTTCTCGCGAGA	9.008245	-22.688525	0	T:81.0(1.96%),B:392.8(0.89%),P:1e-9	Tpos:376.2,Tstd:296.2,Bpos:237.6,Bstd:164.9,StrandBias:-0.4,Multiplicity:1.05
0.078	0.810	0.080	0.032
0.016	0.085	0.114	0.785
0.001	0.019	0.098	0.882
0.064	0.903	0.032	0.001
0.032	0.032	0.032	0.904
0.075	0.715	0.114	0.096
0.046	0.198	0.740	0.016
0.097	0.767	0.064	0.072
0.062	0.038	0.801	0.099
0.926	0.032	0.010	0.032
0.064	0.051	0.884	0.001
0.892	0.032	0.075	0.001
>TGACGTCACCAG	16-TGACGTCACCAG	9.660604	-21.636756	0	T:109.0(2.63%),B:609.4(1.37%),P:1e-9	Tpos:317.4,Tstd:252.2,Bpos:247.6,Bstd:154.0,StrandBias:0.1,Multiplicity:1.25
0.035	0.025	0.001	0.939
0.024	0.001	0.974	0.001
0.897	0.001	0.101	0.001
0.079	0.633	0.172	0.116
0.091	0.090	0.609	0.210
0.001	0.035	0.019	0.945
0.001	0.974	0.024	0.001
0.896	0.001	0.049	0.054
0.034	0.630	0.197	0.139
0.070	0.809	0.058	0.063
0.690	0.146	0.041	0.123
0.050	0.209	0.672	0.069
>CTGCGTYCSCGA	17-CTGCGTYCSCGA	9.383558	-21.225192	0	T:130.0(3.14%),B:778.4(1.76%),P:1e-9	Tpos:349.4,Tstd:264.5,Bpos:237.4,Bstd:174.3,StrandBias:0.2,Multiplicity:1.04
0.001	0.997	0.001	0.001
0.001	0.299	0.042	0.658
0.001	0.314	0.684	0.001
0.105	0.749	0.145	0.001
0.001	0.280	0.640	0.079
0.001	0.114	0.110	0.775
0.029	0.502	0.001	0.468
0.098	0.764	0.029	0.109
0.001	0.569	0.429	0.001
0.001	0.821	0.177	0.001
0.022	0.014	0.838	0.126
0.857	0.001	0.141	0.001
>CTGAGGTGACTA	18-CTGAGGTGACTA	11.682448	-16.862576	0	T:17.0(0.41%),B:34.8(0.08%),P:1e-7	Tpos:239.9,Tstd:172.3,Bpos:209.3,Bstd:135.7,StrandBias:0.0,Multiplicity:1.76
0.001	0.997	0.001	0.001
0.001	0.001	0.048	0.950
0.001	0.001	0.997	0.001
0.950	0.048	0.001	0.001
0.001	0.001	0.997	0.001
0.001	0.048	0.950	0.001
0.029	0.049	0.001	0.921
0.001	0.001	0.997	0.001
0.997	0.001	0.001	0.001
0.421	0.577	0.001	0.001
0.028	0.001	0.001	0.970
0.706	0.001	0.292	0.001
>GTAACACCTCAC	19-GTAACACCTCAC	14.671712	-16.806868	0	T:6.0(0.14%),B:2.1(0.00%),P:1e-7	Tpos:167.0,Tstd:123.3,Bpos:278.0,Bstd:47.6,StrandBias:1.6,Multiplicity:2.00
0.001	0.001	0.705	0.293
0.001	0.001	0.001	0.997
0.987	0.001	0.011	0.001
0.997	0.001	0.001	0.001
0.293	0.705	0.001	0.001
0.997	0.001	0.001	0.001
0.001	0.997	0.001	0.001
0.001	0.997	0.001	0.001
0.001	0.001	0.001	0.997
0.001	0.997	0.001	0.001
0.705	0.001	0.293	0.001
0.001	0.997	0.001	0.001
>GTGACAGCATAG	20-GTGACAGCATAG	14.160635	-12.736198	0	T:4.0(0.10%),B:1.6(0.00%),P:1e-5	Tpos:230.1,Tstd:103.8,Bpos:333.8,Bstd:36.9,StrandBias:2.0,Multiplicity:2.50
0.001	0.001	0.997	0.001
0.001	0.001	0.001	0.997
0.001	0.001	0.997	0.001
0.997	0.001	0.001	0.001
0.001	0.997	0.001	0.001
0.997	0.001	0.001	0.001
0.001	0.001	0.997	0.001
0.001	0.911	0.001	0.087
0.997	0.001	0.001	0.001
0.001	0.001	0.001	0.997
0.997	0.001	0.001	0.001
0.001	0.001	0.997	0.001
>ATGCTAGAGGAT	21-ATGCTAGAGGAT	14.087924	-10.037931	0	T:4.0(0.10%),B:2.4(0.01%),P:1e-4	Tpos:161.5,Tstd:81.2,Bpos:220.3,Bstd:192.5,StrandBias:10.0,Multiplicity:3.50
0.714	0.001	0.284	0.001
0.001	0.001	0.001	0.997
0.001	0.001	0.997	0.001
0.001	0.714	0.001	0.284
0.001	0.001	0.001	0.997
0.997	0.001	0.001	0.001
0.001	0.001	0.997	0.001
0.997	0.001	0.001	0.001
0.001	0.001	0.997	0.001
0.001	0.001	0.997	0.001
0.997	0.001	0.001	0.001
0.001	0.001	0.001	0.997
>CCTCCTGCTAAC	22-CCTCCTGCTAAC	11.876565	-8.490153	0	T:4.0(0.10%),B:3.6(0.01%),P:1e-3	Tpos:235.8,Tstd:142.8,Bpos:226.3,Bstd:77.9,StrandBias:10.0,Multiplicity:2.50
0.001	0.997	0.001	0.001
0.094	0.904	0.001	0.001
0.001	0.001	0.001	0.997
0.001	0.997	0.001	0.001
0.001	0.997	0.001	0.001
0.001	0.001	0.001	0.997
0.001	0.001	0.997	0.001
0.001	0.904	0.001	0.094
0.001	0.001	0.001	0.997
0.997	0.001	0.001	0.001
0.997	0.001	0.001	0.001
0.001	0.997	0.001	0.001
>TGTGTCCTTGGA	23-TGTGTCCTTGGA	12.355432	-5.816830	0	T:3.0(0.07%),B:3.7(0.01%),P:1e-2	Tpos:174.1,Tstd:119.3,Bpos:264.5,Bstd:85.0,StrandBias:-1.8,Multiplicity:3.00
0.100	0.100	0.100	0.700
0.100	0.100	0.700	0.100
0.100	0.100	0.100	0.700
0.100	0.100	0.700	0.100
0.100	0.100	0.100	0.700
0.100	0.700	0.100	0.100
0.100	0.700	0.100	0.100
0.100	0.100	0.100	0.700
0.100	0.100	0.100	0.700
0.100	0.100	0.700	0.100
0.100	0.100	0.700	0.100
0.700	0.100	0.100	0.100
>ATGAGTATACAG	24-ATGAGTATACAG	13.646375	-4.171703	0	T:2.0(0.05%),B:2.5(0.01%),P:1e-1	Tpos:135.0,Tstd:93.0,Bpos:279.4,Bstd:99.4,StrandBias:3.6,Multiplicity:6.50
0.997	0.001	0.001	0.001
0.001	0.001	0.001	0.997
0.001	0.001	0.997	0.001
0.997	0.001	0.001	0.001
0.001	0.001	0.997	0.001
0.001	0.001	0.001	0.997
0.997	0.001	0.001	0.001
0.001	0.001	0.001	0.997
0.997	0.001	0.001	0.001
0.001	0.943	0.001	0.055
0.997	0.001	0.001	0.001
0.001	0.055	0.943	0.001
>AGGTGGAGCAAG	25-AGGTGGAGCAAG	12.355432	-4.171703	0	T:2.0(0.05%),B:2.1(0.00%),P:1e-1	Tpos:143.1,Tstd:67.7,Bpos:229.0,Bstd:170.2,StrandBias:-2.6,Multiplicity:3.50
0.700	0.100	0.100	0.100
0.100	0.100	0.700	0.100
0.100	0.100	0.700	0.100
0.100	0.100	0.100	0.700
0.100	0.100	0.700	0.100
0.100	0.100	0.700	0.100
0.700	0.100	0.100	0.100
0.100	0.100	0.700	0.100
0.100	0.700	0.100	0.100
0.700	0.100	0.100	0.100
0.700	0.100	0.100	0.100
0.100	0.100	0.700	0.100
>ACAGGAAG	1-ACAGGAAG	6.927328	-285.650734	0	T:1319.0(31.84%),B:7433.0(16.76%),P:1e-124	Tpos:288.9,Tstd:222.8,Bpos:242.5,Bstd:142.6,StrandBias:-0.1,Multiplicity:1.23
0.859	0.001	0.139	0.001
0.001	0.997	0.001	0.001
0.822	0.176	0.001	0.001
0.001	0.001	0.997	0.001
0.001	0.001	0.997	0.001
0.997	0.001	0.001	0.001
0.898	0.001	0.001	0.100
0.116	0.001	0.882	0.001
>AGGAAGTG	2-AGGAAGTG	6.551691	-272.113442	0	T:1130.0(27.27%),B:6020.6(13.58%),P:1e-118	Tpos:301.8,Tstd:239.2,Bpos:243.6,Bstd:143.0,StrandBias:-0.0,Multiplicity:1.24
0.916	0.082	0.001	0.001
0.001	0.001	0.997	0.001
0.001	0.001	0.997	0.001
0.997	0.001	0.001	0.001
0.894	0.001	0.001	0.104
0.111	0.001	0.887	0.001
0.001	0.001	0.001	0.997
0.119	0.001	0.879	0.001
>TGTGGTTA	3-TGTGGTTA	5.885741	-235.521108	0	T:1677.0(40.48%),B:11168.5(25.19%),P:1e-102	Tpos:288.1,Tstd:258.0,Bpos:240.3,Bstd:145.1,StrandBias:0.0,Multiplicity:1.41
0.033	0.022	0.015	0.930
0.013	0.001	0.985	0.001
0.023	0.010	0.001	0.966
0.001	0.001	0.997	0.001
0.001	0.001	0.997	0.001
0.001	0.027	0.001	0.971
0.042	0.075	0.047	0.836
0.539	0.028	0.110	0.323
>TGTGGTTW	4-TGTGGTTW	5.856252	-153.869183	0	T:2090.0(50.45%),B:16494.5(37.20%),P:1e-66	Tpos:309.5,Tstd:263.1,Bpos:243.2,Bstd:148.6,StrandBias:-0.2,Multiplicity:1.26
0.056	0.162	0.111	0.671
0.001	0.001	0.912	0.086
0.209	0.255	0.001	0.535
0.114	0.091	0.794	0.001
0.001	0.001	0.951	0.047
0.001	0.015	0.001	0.983
0.093	0.160	0.239	0.508
0.388	0.001	0.153	0.458
>ACGGAAAC	5-ACGGAAAC	6.113846	-81.667693	0	T:992.0(23.94%),B:7253.0(16.36%),P:1e-35	Tpos:303.2,Tstd:230.4,Bpos:243.3,Bstd:151.4,StrandBias:0.0,Multiplicity:1.20
0.651	0.140	0.153	0.056
0.139	0.744	0.054	0.063
0.042	0.147	0.578	0.233
0.092	0.038	0.810	0.060
0.854	0.069	0.012	0.065
0.913	0.036	0.006	0.045
0.778	0.055	0.127	0.040
0.072	0.677	0.134	0.117
>CCCCGCCC	6-CCCCGCCC	8.147308	-74.341962	0	T:1176.0(28.39%),B:9128.4(20.59%),P:1e-32	Tpos:358.4,Tstd:284.2,Bpos:239.9,Bstd:158.1,StrandBias:0.1,Multiplicity:1.78
0.001	0.922	0.001	0.076
0.001	0.792	0.001	0.206
0.094	0.904	0.001	0.001
0.001	0.997	0.001	0.001
0.001	0.001	0.834	0.164
0.001	0.997	0.001	0.001
0.001	0.997	0.001	0.001
0.001	0.929	0.001	0.069
>TGACTCAT	7-TGACTCAT	6.891287	-53.679220	0	T:496.0(11.97%),B:3336.7(7.52%),P:1e-23	Tpos:293.0,Tstd:250.5,Bpos:245.1,Bstd:140.8,StrandBias:0.0,Multiplicity:1.10
0.001	0.001	0.001	0.997
0.001	0.001	0.997	0.001
0.997	0.001	0.001	0.001
0.001	0.707	0.291	0.001
0.001	0.001	0.001	0.997
0.077	0.921	0.001	0.001
0.997	0.001	0.001	0.001
0.102	0.107	0.111	0.680
>KATGACGT	8-KATGACGT	4.978891	-46.208708	0	T:1131.0(27.30%),B:9405.8(21.21%),P:1e-20	Tpos:323.9,Tstd:265.7,Bpos:244.3,Bstd:158.4,StrandBias:0.1,Multiplicity:1.28
0.188	0.210	0.235	0.367
0.502	0.226	0.264	0.008
0.175	0.029	0.043	0.753
0.231	0.228	0.499	0.042
0.594	0.046	0.289	0.071
0.001	0.949	0.017	0.033
0.001	0.047	0.904	0.048
0.172	0.204	0.152	0.471
>ATTTCCGG	9-ATTTCCGG	7.033113	-39.477233	0	T:148.0(3.57%),B:721.3(1.63%),P:1e-17	Tpos:312.9,Tstd:278.8,Bpos:243.5,Bstd:152.2,StrandBias:0.0,Multiplicity:1.02
0.997	0.001	0.001	0.001
0.166	0.001	0.001	0.832
0.122	0.001	0.098	0.779
0.001	0.001	0.001	0.997
0.001	0.997	0.001	0.001
0.001	0.867	0.131	0.001
0.001	0.001	0.997	0.001
0.001	0.001	0.997	0.001
>GTTTGKTT	10-GTTTGKTT	7.394874	-38.662858	0	T:959.0(23.15%),B:7953.5(17.94%),P:1e-16	Tpos:300.2,Tstd:252.5,Bpos:243.8,Bstd:156.4,StrandBias:0.0,Multiplicity:1.33
0.001	0.001	0.997	0.001
0.092	0.193	0.156	0.559
0.001	0.001	0.001	0.997
0.001	0.001	0.001	0.997
0.001	0.197	0.548	0.254
0.001	0.175	0.424	0.400
0.001	0.078	0.093	0.828
0.046	0.118	0.001	0.835
>GGGAGGAG	11-GGGAGGAG	9.365849	-38.574062	0	T:827.0(19.96%),B:6686.8(15.08%),P:1e-16	Tpos:329.3,Tstd:273.3,Bpos:240.9,Bstd:146.9,StrandBias:0.1,Multiplicity:1.21
0.001	0.001	0.997	0.001
0.001	0.001	0.997	0.001
0.001	0.001	0.997	0.001
0.709	0.001	0.001	0.289
0.001	0.001	0.997	0.001
0.001	0.001	0.997	0.001
0.997	0.001	0.001	0.001
0.256	0.001	0.742	0.001
>CGCCGCCT	12-CGCCGCCT	8.015115	-37.670045	0	T:671.0(16.20%),B:5238.9(11.81%),P:1e-16	Tpos:349.9,Tstd:250.1,Bpos:244.0,Bstd:169.0,StrandBias:-0.0,Multiplicity:1.37
0.001	0.929	0.031	0.039
0.028	0.119	0.682	0.171
0.001	0.961	0.001	0.037
0.061	0.907	0.031	0.001
0.224	0.092	0.611	0.073
0.001	0.970	0.028	0.001
0.013	0.969	0.001	0.017
0.031	0.001	0.001	0.967
>GCGTAACY	13-GCGTAACY	6.445599	-37.331301	0	T:537.0(12.96%),B:4012.1(9.05%),P:1e-16	Tpos:325.9,Tstd:253.6,Bpos:245.2,Bstd:157.9,StrandBias:0.0,Multiplicity:1.16
0.001	0.212	0.745	0.042
0.001	0.734	0.116	0.149
0.068	0.001	0.782	0.149
0.083	0.001	0.273	0.643
0.961	0.001	0.037	0.001
0.874	0.124	0.001	0.001
0.001	0.924	0.074	0.001
0.001	0.518	0.001	0.480
>AGGTGTTA	14-AGGTGTTA	6.922026	-35.924838	0	T:643.0(15.52%),B:5021.8(11.32%),P:1e-15	Tpos:287.6,Tstd:245.2,Bpos:240.1,Bstd:144.8,StrandBias:0.1,Multiplicity:1.10
0.997	0.001	0.001	0.001
0.001	0.094	0.787	0.118
0.001	0.037	0.961	0.001
0.001	0.001	0.093	0.905
0.001	0.036	0.921	0.042
0.001	0.001	0.001	0.997
0.067	0.051	0.096	0.786
0.804	0.054	0.141	0.001
>GAAAGTGA	15-GAAAGTGA	9.348953	-35.307558	0	T:240.0(5.79%),B:1472.5(3.32%),P:1e-15	Tpos:321.3,Tstd:273.2,Bpos:240.6,Bstd:147.7,StrandBias:0.1,Multiplicity:1.05
0.001	0.001	0.997	0.001
0.997	0.001	0.001	0.001
0.997	0.001	0.001	0.001
0.997	0.001	0.001	0.001
0.001	0.001	0.997	0.001
0.001	0.001	0.001	0.997
0.179	0.001	0.819	0.001
0.997	0.001	0.001	0.001
>CGATTGGG	16-CGATTGGG	7.612014	-33.866856	0	T:129.0(3.11%),B:635.5(1.43%),P:1e-14	Tpos:362.0,Tstd:248.4,Bpos:238.3,Bstd:164.2,StrandBias:0.7,Multiplicity:1.07
0.001	0.818	0.079	0.102
0.016	0.001	0.965	0.018
0.819	0.001	0.179	0.001
0.001	0.102	0.001	0.896
0.416	0.001	0.001	0.582
0.005	0.073	0.921	0.001
0.001	0.101	0.715	0.183
0.001	0.139	0.561	0.299
>TCTCKCGC	17-TCTCKCGC	7.048524	-33.739051	0	T:208.0(5.02%),B:1236.9(2.79%),P:1e-14	Tpos:375.8,Tstd:304.3,Bpos:243.3,Bstd:165.0,StrandBias:-0.0,Multiplicity:1.13
0.001	0.001	0.001	0.997
0.205	0.793	0.001	0.001
0.001	0.001	0.001	0.997
0.170	0.828	0.001	0.001
0.001	0.001	0.453	0.545
0.001	0.997	0.001	0.001
0.001	0.001	0.997	0.001
0.062	0.936	0.001	0.001
>GTGAGAAA	18-GTGAGAAA	8.082980	-28.128416	0	T:421.0(10.16%),B:3168.2(7.14%),P:1e-12	Tpos:313.2,Tstd:270.9,Bpos:244.3,Bstd:144.9,StrandBias:0.1,Multiplicity:1.09
0.001	0.001	0.997	0.001
0.001	0.095	0.001	0.903
0.090	0.001	0.908	0.001
0.705	0.024	0.001	0.270
0.001	0.001	0.997	0.001
0.997	0.001	0.001	0.001
0.873	0.125	0.001	0.001
0.997	0.001	0.001	0.001
>CCACTAGA	19-CCACTAGA	8.236954	-24.491966	0	T:81.0(1.96%),B:377.8(0.85%),P:1e-10	Tpos:269.6,Tstd:221.7,Bpos:249.3,Bstd:143.4,StrandBias:0.4,Multiplicity:1.00
0.100	0.700	0.100	0.100
0.100	0.700	0.100	0.100
0.700	0.100	0.100	0.100
0.100	0.700	0.100	0.100
0.100	0.100	0.100	0.700
0.700	0.100	0.100	0.100
0.100	0.100	0.700	0.100
0.700	0.100	0.100	0.100
>CGTATACT	20-CGTATACT	7.941731	-12.202972	0	T:84.0(2.03%),B:532.1(1.20%),P:1e-5	Tpos:297.8,Tstd:222.0,Bpos:241.5,Bstd:150.5,StrandBias:-0.8,Multiplicity:1.21
0.001	0.587	0.001	0.411
0.001	0.001	0.900	0.098
0.058	0.001	0.001	0.940
0.997	0.001	0.001	0.001
0.278	0.001	0.088	0.633
0.704	0.294	0.001	0.001
0.001	0.737	0.021	0.241
0.001	0.035	0.157	0.807
