>ACAGGAAG	1-ACAGGAAG	6.927328	-285.650734	0	T:1319.0(31.84%),B:7433.0(16.76%),P:1e-124	Tpos:288.9,Tstd:222.8,Bpos:242.5,Bstd:142.6,StrandBias:-0.1,Multiplicity:1.23
0.859	0.001	0.139	0.001
0.001	0.997	0.001	0.001
0.822	0.176	0.001	0.001
0.001	0.001	0.997	0.001
0.001	0.001	0.997	0.001
0.997	0.001	0.001	0.001
0.898	0.001	0.001	0.100
0.116	0.001	0.882	0.001
>AGGAAGTG	2-AGGAAGTG	6.551691	-272.113442	0	T:1130.0(27.27%),B:6020.6(13.58%),P:1e-118	Tpos:301.8,Tstd:239.2,Bpos:243.6,Bstd:143.0,StrandBias:-0.0,Multiplicity:1.24
0.916	0.082	0.001	0.001
0.001	0.001	0.997	0.001
0.001	0.001	0.997	0.001
0.997	0.001	0.001	0.001
0.894	0.001	0.001	0.104
0.111	0.001	0.887	0.001
0.001	0.001	0.001	0.997
0.119	0.001	0.879	0.001
>TGTGGTTA	3-TGTGGTTA	5.885741	-235.521108	0	T:1677.0(40.48%),B:11168.5(25.19%),P:1e-102	Tpos:288.1,Tstd:258.0,Bpos:240.3,Bstd:145.1,StrandBias:0.0,Multiplicity:1.41
0.033	0.022	0.015	0.930
0.013	0.001	0.985	0.001
0.023	0.010	0.001	0.966
0.001	0.001	0.997	0.001
0.001	0.001	0.997	0.001
0.001	0.027	0.001	0.971
0.042	0.075	0.047	0.836
0.539	0.028	0.110	0.323
>TGTGGTTW	4-TGTGGTTW	5.856252	-153.869183	0	T:2090.0(50.45%),B:16494.5(37.20%),P:1e-66	Tpos:309.5,Tstd:263.1,Bpos:243.2,Bstd:148.6,StrandBias:-0.2,Multiplicity:1.26
0.056	0.162	0.111	0.671
0.001	0.001	0.912	0.086
0.209	0.255	0.001	0.535
0.114	0.091	0.794	0.001
0.001	0.001	0.951	0.047
0.001	0.015	0.001	0.983
0.093	0.160	0.239	0.508
0.388	0.001	0.153	0.458
>ACGGAAAC	5-ACGGAAAC	6.113846	-81.667693	0	T:992.0(23.94%),B:7253.0(16.36%),P:1e-35	Tpos:303.2,Tstd:230.4,Bpos:243.3,Bstd:151.4,StrandBias:0.0,Multiplicity:1.20
0.651	0.140	0.153	0.056
0.139	0.744	0.054	0.063
0.042	0.147	0.578	0.233
0.092	0.038	0.810	0.060
0.854	0.069	0.012	0.065
0.913	0.036	0.006	0.045
0.778	0.055	0.127	0.040
0.072	0.677	0.134	0.117
>CCCCGCCC	6-CCCCGCCC	8.147308	-74.341962	0	T:1176.0(28.39%),B:9128.4(20.59%),P:1e-32	Tpos:358.4,Tstd:284.2,Bpos:239.9,Bstd:158.1,StrandBias:0.1,Multiplicity:1.78
0.001	0.922	0.001	0.076
0.001	0.792	0.001	0.206
0.094	0.904	0.001	0.001
0.001	0.997	0.001	0.001
0.001	0.001	0.834	0.164
0.001	0.997	0.001	0.001
0.001	0.997	0.001	0.001
0.001	0.929	0.001	0.069
>TGACTCAT	7-TGACTCAT	6.891287	-53.679220	0	T:496.0(11.97%),B:3336.7(7.52%),P:1e-23	Tpos:293.0,Tstd:250.5,Bpos:245.1,Bstd:140.8,StrandBias:0.0,Multiplicity:1.10
0.001	0.001	0.001	0.997
0.001	0.001	0.997	0.001
0.997	0.001	0.001	0.001
0.001	0.707	0.291	0.001
0.001	0.001	0.001	0.997
0.077	0.921	0.001	0.001
0.997	0.001	0.001	0.001
0.102	0.107	0.111	0.680
>KATGACGT	8-KATGACGT	4.978891	-46.208708	0	T:1131.0(27.30%),B:9405.8(21.21%),P:1e-20	Tpos:323.9,Tstd:265.7,Bpos:244.3,Bstd:158.4,StrandBias:0.1,Multiplicity:1.28
0.188	0.210	0.235	0.367
0.502	0.226	0.264	0.008
0.175	0.029	0.043	0.753
0.231	0.228	0.499	0.042
0.594	0.046	0.289	0.071
0.001	0.949	0.017	0.033
0.001	0.047	0.904	0.048
0.172	0.204	0.152	0.471
>ATTTCCGG	9-ATTTCCGG	7.033113	-39.477233	0	T:148.0(3.57%),B:721.3(1.63%),P:1e-17	Tpos:312.9,Tstd:278.8,Bpos:243.5,Bstd:152.2,StrandBias:0.0,Multiplicity:1.02
0.997	0.001	0.001	0.001
0.166	0.001	0.001	0.832
0.122	0.001	0.098	0.779
0.001	0.001	0.001	0.997
0.001	0.997	0.001	0.001
0.001	0.867	0.131	0.001
0.001	0.001	0.997	0.001
0.001	0.001	0.997	0.001
>GTTTGKTT	10-GTTTGKTT	7.394874	-38.662858	0	T:959.0(23.15%),B:7953.5(17.94%),P:1e-16	Tpos:300.2,Tstd:252.5,Bpos:243.8,Bstd:156.4,StrandBias:0.0,Multiplicity:1.33
0.001	0.001	0.997	0.001
0.092	0.193	0.156	0.559
0.001	0.001	0.001	0.997
0.001	0.001	0.001	0.997
0.001	0.197	0.548	0.254
0.001	0.175	0.424	0.400
0.001	0.078	0.093	0.828
0.046	0.118	0.001	0.835
>GGGAGGAG	11-GGGAGGAG	9.365849	-38.574062	0	T:827.0(19.96%),B:6686.8(15.08%),P:1e-16	Tpos:329.3,Tstd:273.3,Bpos:240.9,Bstd:146.9,StrandBias:0.1,Multiplicity:1.21
0.001	0.001	0.997	0.001
0.001	0.001	0.997	0.001
0.001	0.001	0.997	0.001
0.709	0.001	0.001	0.289
0.001	0.001	0.997	0.001
0.001	0.001	0.997	0.001
0.997	0.001	0.001	0.001
0.256	0.001	0.742	0.001
>CGCCGCCT	12-CGCCGCCT	8.015115	-37.670045	0	T:671.0(16.20%),B:5238.9(11.81%),P:1e-16	Tpos:349.9,Tstd:250.1,Bpos:244.0,Bstd:169.0,StrandBias:-0.0,Multiplicity:1.37
0.001	0.929	0.031	0.039
0.028	0.119	0.682	0.171
0.001	0.961	0.001	0.037
0.061	0.907	0.031	0.001
0.224	0.092	0.611	0.073
0.001	0.970	0.028	0.001
0.013	0.969	0.001	0.017
0.031	0.001	0.001	0.967
>GCGTAACY	13-GCGTAACY	6.445599	-37.331301	0	T:537.0(12.96%),B:4012.1(9.05%),P:1e-16	Tpos:325.9,Tstd:253.6,Bpos:245.2,Bstd:157.9,StrandBias:0.0,Multiplicity:1.16
0.001	0.212	0.745	0.042
0.001	0.734	0.116	0.149
0.068	0.001	0.782	0.149
0.083	0.001	0.273	0.643
0.961	0.001	0.037	0.001
0.874	0.124	0.001	0.001
0.001	0.924	0.074	0.001
0.001	0.518	0.001	0.480
>AGGTGTTA	14-AGGTGTTA	6.922026	-35.924838	0	T:643.0(15.52%),B:5021.8(11.32%),P:1e-15	Tpos:287.6,Tstd:245.2,Bpos:240.1,Bstd:144.8,StrandBias:0.1,Multiplicity:1.10
0.997	0.001	0.001	0.001
0.001	0.094	0.787	0.118
0.001	0.037	0.961	0.001
0.001	0.001	0.093	0.905
0.001	0.036	0.921	0.042
0.001	0.001	0.001	0.997
0.067	0.051	0.096	0.786
0.804	0.054	0.141	0.001
>GAAAGTGA	15-GAAAGTGA	9.348953	-35.307558	0	T:240.0(5.79%),B:1472.5(3.32%),P:1e-15	Tpos:321.3,Tstd:273.2,Bpos:240.6,Bstd:147.7,StrandBias:0.1,Multiplicity:1.05
0.001	0.001	0.997	0.001
0.997	0.001	0.001	0.001
0.997	0.001	0.001	0.001
0.997	0.001	0.001	0.001
0.001	0.001	0.997	0.001
0.001	0.001	0.001	0.997
0.179	0.001	0.819	0.001
0.997	0.001	0.001	0.001
>CGATTGGG	16-CGATTGGG	7.612014	-33.866856	0	T:129.0(3.11%),B:635.5(1.43%),P:1e-14	Tpos:362.0,Tstd:248.4,Bpos:238.3,Bstd:164.2,StrandBias:0.7,Multiplicity:1.07
0.001	0.818	0.079	0.102
0.016	0.001	0.965	0.018
0.819	0.001	0.179	0.001
0.001	0.102	0.001	0.896
0.416	0.001	0.001	0.582
0.005	0.073	0.921	0.001
0.001	0.101	0.715	0.183
0.001	0.139	0.561	0.299
>TCTCKCGC	17-TCTCKCGC	7.048524	-33.739051	0	T:208.0(5.02%),B:1236.9(2.79%),P:1e-14	Tpos:375.8,Tstd:304.3,Bpos:243.3,Bstd:165.0,StrandBias:-0.0,Multiplicity:1.13
0.001	0.001	0.001	0.997
0.205	0.793	0.001	0.001
0.001	0.001	0.001	0.997
0.170	0.828	0.001	0.001
0.001	0.001	0.453	0.545
0.001	0.997	0.001	0.001
0.001	0.001	0.997	0.001
0.062	0.936	0.001	0.001
>GTGAGAAA	18-GTGAGAAA	8.082980	-28.128416	0	T:421.0(10.16%),B:3168.2(7.14%),P:1e-12	Tpos:313.2,Tstd:270.9,Bpos:244.3,Bstd:144.9,StrandBias:0.1,Multiplicity:1.09
0.001	0.001	0.997	0.001
0.001	0.095	0.001	0.903
0.090	0.001	0.908	0.001
0.705	0.024	0.001	0.270
0.001	0.001	0.997	0.001
0.997	0.001	0.001	0.001
0.873	0.125	0.001	0.001
0.997	0.001	0.001	0.001
>CCACTAGA	19-CCACTAGA	8.236954	-24.491966	0	T:81.0(1.96%),B:377.8(0.85%),P:1e-10	Tpos:269.6,Tstd:221.7,Bpos:249.3,Bstd:143.4,StrandBias:0.4,Multiplicity:1.00
0.100	0.700	0.100	0.100
0.100	0.700	0.100	0.100
0.700	0.100	0.100	0.100
0.100	0.700	0.100	0.100
0.100	0.100	0.100	0.700
0.700	0.100	0.100	0.100
0.100	0.100	0.700	0.100
0.700	0.100	0.100	0.100
>CGTATACT	20-CGTATACT	7.941731	-12.202972	0	T:84.0(2.03%),B:532.1(1.20%),P:1e-5	Tpos:297.8,Tstd:222.0,Bpos:241.5,Bstd:150.5,StrandBias:-0.8,Multiplicity:1.21
0.001	0.587	0.001	0.411
0.001	0.001	0.900	0.098
0.058	0.001	0.001	0.940
0.997	0.001	0.001	0.001
0.278	0.001	0.088	0.633
0.704	0.294	0.001	0.001
0.001	0.737	0.021	0.241
0.001	0.035	0.157	0.807
