>RACAGGAAGTGR	1-RACAGGAAGTGR	8.130379	-405.715081	0	T:1240.0(29.93%),B:5793.6(13.07%),P:1e-176	Tpos:296.3,Tstd:235.8,Bpos:239.4,Bstd:139.5,StrandBias:-0.1,Multiplicity:1.26
0.369	0.186	0.302	0.142
0.551	0.059	0.279	0.111
0.181	0.578	0.220	0.021
0.968	0.030	0.001	0.001
0.001	0.001	0.997	0.001
0.054	0.001	0.931	0.014
0.997	0.001	0.001	0.001
0.828	0.001	0.001	0.170
0.244	0.099	0.656	0.001
0.079	0.280	0.045	0.596
0.255	0.108	0.481	0.156
0.292	0.189	0.393	0.127
>BBBTGTGGTTTN	2-BBBTGTGGTTTN	8.253122	-258.923601	0	T:894.0(21.58%),B:4312.1(9.72%),P:1e-112	Tpos:301.4,Tstd:259.6,Bpos:243.8,Bstd:143.9,StrandBias:-0.0,Multiplicity:1.18
0.203	0.216	0.358	0.223
0.160	0.220	0.351	0.269
0.172	0.277	0.202	0.349
0.001	0.001	0.001	0.997
0.001	0.001	0.863	0.135
0.001	0.001	0.001	0.997
0.001	0.001	0.997	0.001
0.058	0.001	0.924	0.017
0.001	0.315	0.001	0.683
0.001	0.206	0.001	0.792
0.266	0.108	0.209	0.417
0.193	0.259	0.277	0.270
>GCCCCCTRGTGG	3-GCCCCCTRGTGG	10.502127	-140.609552	0	T:137.0(3.31%),B:235.6(0.53%),P:1e-61	Tpos:245.6,Tstd:175.5,Bpos:243.4,Bstd:141.4,StrandBias:-0.2,Multiplicity:1.01
0.021	0.001	0.977	0.001
0.001	0.997	0.001	0.001
0.001	0.997	0.001	0.001
0.270	0.728	0.001	0.001
0.001	0.656	0.001	0.342
0.001	0.997	0.001	0.001
0.001	0.001	0.001	0.997
0.505	0.001	0.451	0.043
0.001	0.159	0.839	0.001
0.001	0.001	0.001	0.997
0.001	0.001	0.997	0.001
0.001	0.001	0.997	0.001
>NRGCCCCGCCCH	4-NRGCCCCGCCCH	7.647052	-132.625265	0	T:1376.0(33.21%),B:9892.7(22.31%),P:1e-57	Tpos:334.0,Tstd:251.5,Bpos:239.7,Bstd:152.9,StrandBias:0.1,Multiplicity:1.68
0.342	0.252	0.199	0.208
0.387	0.171	0.268	0.174
0.172	0.007	0.714	0.107
0.001	0.905	0.057	0.037
0.001	0.797	0.001	0.201
0.178	0.812	0.009	0.001
0.004	0.964	0.001	0.031
0.168	0.001	0.700	0.131
0.001	0.981	0.017	0.001
0.001	0.997	0.001	0.001
0.001	0.880	0.001	0.118
0.270	0.418	0.026	0.285
>GAAAGTGAAAGT	5-GAAAGTGAAAGT	9.909718	-97.401645	0	T:144.0(3.48%),B:382.0(0.86%),P:1e-42	Tpos:321.7,Tstd:273.6,Bpos:227.0,Bstd:145.7,StrandBias:-0.3,Multiplicity:1.06
0.065	0.076	0.831	0.028
0.875	0.009	0.066	0.050
0.830	0.073	0.075	0.022
0.878	0.022	0.061	0.039
0.067	0.119	0.788	0.026
0.062	0.057	0.037	0.844
0.063	0.035	0.870	0.032
0.870	0.027	0.067	0.036
0.852	0.043	0.096	0.009
0.880	0.001	0.048	0.071
0.061	0.115	0.774	0.050
0.063	0.143	0.084	0.710
>ACTTCCTGTCTG	6-ACTTCCTGTCTG	9.418651	-87.078820	0	T:290.0(7.00%),B:1327.2(2.99%),P:1e-37	Tpos:273.9,Tstd:201.8,Bpos:241.0,Bstd:140.3,StrandBias:0.1,Multiplicity:1.03
0.796	0.039	0.100	0.065
0.032	0.850	0.073	0.045
0.102	0.112	0.001	0.785
0.001	0.001	0.120	0.878
0.072	0.811	0.085	0.032
0.068	0.930	0.001	0.001
0.001	0.072	0.107	0.820
0.080	0.062	0.797	0.061
0.088	0.061	0.080	0.771
0.083	0.771	0.049	0.097
0.063	0.001	0.001	0.935
0.076	0.068	0.855	0.001
>SCCTTCCKCCCY	7-SCCTTCCKCCCY	9.251609	-72.430047	0	T:585.0(14.12%),B:3801.0(8.57%),P:1e-31	Tpos:329.9,Tstd:271.9,Bpos:239.9,Bstd:151.2,StrandBias:-0.1,Multiplicity:1.16
0.024	0.427	0.290	0.259
0.213	0.470	0.317	0.001
0.001	0.997	0.001	0.001
0.011	0.115	0.016	0.858
0.028	0.148	0.040	0.784
0.001	0.997	0.001	0.001
0.088	0.887	0.001	0.024
0.056	0.010	0.411	0.523
0.038	0.631	0.147	0.184
0.001	0.836	0.135	0.028
0.013	0.645	0.001	0.341
0.016	0.549	0.026	0.409
>GTTTCGGTTTCC	8-GTTTCGGTTTCC	9.457996	-71.407253	0	T:174.0(4.20%),B:668.5(1.51%),P:1e-31	Tpos:305.8,Tstd:249.2,Bpos:246.0,Bstd:147.5,StrandBias:0.1,Multiplicity:1.07
0.046	0.091	0.782	0.081
0.060	0.128	0.038	0.774
0.001	0.045	0.001	0.953
0.001	0.039	0.013	0.947
0.110	0.739	0.081	0.070
0.068	0.070	0.632	0.230
0.073	0.061	0.752	0.114
0.022	0.147	0.060	0.771
0.001	0.088	0.001	0.910
0.001	0.029	0.011	0.959
0.044	0.836	0.076	0.044
0.069	0.845	0.001	0.085
>GGGARTTGTAGT	9-GGGARTTGTAGT	9.860471	-60.795599	0	T:166.0(4.01%),B:683.3(1.54%),P:1e-26	Tpos:305.9,Tstd:223.1,Bpos:241.9,Bstd:152.4,StrandBias:0.4,Multiplicity:1.08
0.001	0.001	0.953	0.045
0.085	0.001	0.913	0.001
0.343	0.001	0.655	0.001
0.950	0.001	0.001	0.048
0.482	0.030	0.487	0.001
0.041	0.337	0.124	0.498
0.036	0.148	0.041	0.775
0.098	0.098	0.732	0.072
0.028	0.001	0.001	0.970
0.650	0.001	0.300	0.049
0.001	0.001	0.997	0.001
0.001	0.001	0.413	0.585
>CGGAAGTGGTTT	10-CGGAAGTGGTTT	13.374393	-47.744432	0	T:21.0(0.51%),B:10.9(0.02%),P:1e-20	Tpos:272.9,Tstd:85.5,Bpos:243.3,Bstd:104.8,StrandBias:0.6,Multiplicity:1.00
0.001	0.692	0.306	0.001
0.001	0.001	0.997	0.001
0.001	0.001	0.997	0.001
0.900	0.001	0.001	0.098
0.997	0.001	0.001	0.001
0.001	0.001	0.900	0.098
0.001	0.001	0.001	0.997
0.001	0.001	0.997	0.001
0.001	0.001	0.997	0.001
0.099	0.001	0.099	0.801
0.001	0.001	0.001	0.997
0.001	0.099	0.099	0.801
>GGGGAATTCCCT	11-GGGGAATTCCCT	10.225638	-44.370867	0	T:73.0(1.76%),B:215.1(0.49%),P:1e-19	Tpos:308.2,Tstd:295.2,Bpos:244.8,Bstd:122.0,StrandBias:-0.5,Multiplicity:1.03
0.001	0.034	0.964	0.001
0.060	0.015	0.895	0.030
0.067	0.020	0.808	0.105
0.095	0.060	0.844	0.001
0.755	0.035	0.122	0.088
0.734	0.070	0.098	0.098
0.105	0.054	0.148	0.693
0.035	0.169	0.042	0.754
0.020	0.888	0.040	0.052
0.040	0.937	0.001	0.022
0.040	0.944	0.001	0.015
0.129	0.060	0.021	0.790
>CACTTCCTCCTC	12-CACTTCCTCCTC	9.833943	-42.960989	0	T:238.0(5.74%),B:1359.8(3.07%),P:1e-18	Tpos:309.4,Tstd:239.2,Bpos:241.4,Bstd:146.3,StrandBias:0.2,Multiplicity:1.04
0.214	0.686	0.099	0.001
0.803	0.166	0.001	0.030
0.084	0.562	0.101	0.253
0.114	0.001	0.001	0.884
0.128	0.290	0.001	0.581
0.001	0.959	0.039	0.001
0.009	0.989	0.001	0.001
0.155	0.245	0.001	0.599
0.092	0.906	0.001	0.001
0.102	0.704	0.001	0.193
0.259	0.001	0.200	0.540
0.025	0.973	0.001	0.001
>GCTGAGTCATAA	13-GCTGAGTCATAA	9.475593	-40.165413	0	T:116.0(2.80%),B:496.7(1.12%),P:1e-17	Tpos:291.4,Tstd:219.0,Bpos:254.5,Bstd:140.9,StrandBias:-0.0,Multiplicity:1.01
0.055	0.113	0.763	0.069
0.048	0.833	0.063	0.056
0.011	0.018	0.001	0.970
0.001	0.046	0.851	0.102
0.897	0.001	0.001	0.101
0.001	0.093	0.850	0.056
0.037	0.083	0.067	0.813
0.074	0.775	0.093	0.058
0.854	0.082	0.001	0.063
0.065	0.048	0.082	0.805
0.781	0.078	0.071	0.070
0.807	0.088	0.054	0.051
>ACTGCGCATGCG	14-ACTGCGCATGCG	8.400275	-33.304820	0	T:224.0(5.41%),B:1370.9(3.09%),P:1e-14	Tpos:334.0,Tstd:259.9,Bpos:250.3,Bstd:168.2,StrandBias:-0.3,Multiplicity:1.18
0.658	0.132	0.101	0.109
0.071	0.777	0.107	0.045
0.031	0.063	0.049	0.857
0.103	0.018	0.861	0.018
0.030	0.866	0.056	0.048
0.013	0.055	0.901	0.031
0.001	0.988	0.010	0.001
0.767	0.103	0.085	0.045
0.046	0.083	0.100	0.771
0.017	0.031	0.951	0.001
0.028	0.846	0.018	0.108
0.084	0.085	0.763	0.068
>CTTCTCGCGAGA	15-CTTCTCGCGAGA	9.008245	-22.688525	0	T:81.0(1.96%),B:392.8(0.89%),P:1e-9	Tpos:376.2,Tstd:296.2,Bpos:237.6,Bstd:164.9,StrandBias:-0.4,Multiplicity:1.05
0.078	0.810	0.080	0.032
0.016	0.085	0.114	0.785
0.001	0.019	0.098	0.882
0.064	0.903	0.032	0.001
0.032	0.032	0.032	0.904
0.075	0.715	0.114	0.096
0.046	0.198	0.740	0.016
0.097	0.767	0.064	0.072
0.062	0.038	0.801	0.099
0.926	0.032	0.010	0.032
0.064	0.051	0.884	0.001
0.892	0.032	0.075	0.001
>TGACGTCACCAG	16-TGACGTCACCAG	9.660604	-21.636756	0	T:109.0(2.63%),B:609.4(1.37%),P:1e-9	Tpos:317.4,Tstd:252.2,Bpos:247.6,Bstd:154.0,StrandBias:0.1,Multiplicity:1.25
0.035	0.025	0.001	0.939
0.024	0.001	0.974	0.001
0.897	0.001	0.101	0.001
0.079	0.633	0.172	0.116
0.091	0.090	0.609	0.210
0.001	0.035	0.019	0.945
0.001	0.974	0.024	0.001
0.896	0.001	0.049	0.054
0.034	0.630	0.197	0.139
0.070	0.809	0.058	0.063
0.690	0.146	0.041	0.123
0.050	0.209	0.672	0.069
>CTGCGTYCSCGA	17-CTGCGTYCSCGA	9.383558	-21.225192	0	T:130.0(3.14%),B:778.4(1.76%),P:1e-9	Tpos:349.4,Tstd:264.5,Bpos:237.4,Bstd:174.3,StrandBias:0.2,Multiplicity:1.04
0.001	0.997	0.001	0.001
0.001	0.299	0.042	0.658
0.001	0.314	0.684	0.001
0.105	0.749	0.145	0.001
0.001	0.280	0.640	0.079
0.001	0.114	0.110	0.775
0.029	0.502	0.001	0.468
0.098	0.764	0.029	0.109
0.001	0.569	0.429	0.001
0.001	0.821	0.177	0.001
0.022	0.014	0.838	0.126
0.857	0.001	0.141	0.001
>CTGAGGTGACTA	18-CTGAGGTGACTA	11.682448	-16.862576	0	T:17.0(0.41%),B:34.8(0.08%),P:1e-7	Tpos:239.9,Tstd:172.3,Bpos:209.3,Bstd:135.7,StrandBias:0.0,Multiplicity:1.76
0.001	0.997	0.001	0.001
0.001	0.001	0.048	0.950
0.001	0.001	0.997	0.001
0.950	0.048	0.001	0.001
0.001	0.001	0.997	0.001
0.001	0.048	0.950	0.001
0.029	0.049	0.001	0.921
0.001	0.001	0.997	0.001
0.997	0.001	0.001	0.001
0.421	0.577	0.001	0.001
0.028	0.001	0.001	0.970
0.706	0.001	0.292	0.001
>GTAACACCTCAC	19-GTAACACCTCAC	14.671712	-16.806868	0	T:6.0(0.14%),B:2.1(0.00%),P:1e-7	Tpos:167.0,Tstd:123.3,Bpos:278.0,Bstd:47.6,StrandBias:1.6,Multiplicity:2.00
0.001	0.001	0.705	0.293
0.001	0.001	0.001	0.997
0.987	0.001	0.011	0.001
0.997	0.001	0.001	0.001
0.293	0.705	0.001	0.001
0.997	0.001	0.001	0.001
0.001	0.997	0.001	0.001
0.001	0.997	0.001	0.001
0.001	0.001	0.001	0.997
0.001	0.997	0.001	0.001
0.705	0.001	0.293	0.001
0.001	0.997	0.001	0.001
>GTGACAGCATAG	20-GTGACAGCATAG	14.160635	-12.736198	0	T:4.0(0.10%),B:1.6(0.00%),P:1e-5	Tpos:230.1,Tstd:103.8,Bpos:333.8,Bstd:36.9,StrandBias:2.0,Multiplicity:2.50
0.001	0.001	0.997	0.001
0.001	0.001	0.001	0.997
0.001	0.001	0.997	0.001
0.997	0.001	0.001	0.001
0.001	0.997	0.001	0.001
0.997	0.001	0.001	0.001
0.001	0.001	0.997	0.001
0.001	0.911	0.001	0.087
0.997	0.001	0.001	0.001
0.001	0.001	0.001	0.997
0.997	0.001	0.001	0.001
0.001	0.001	0.997	0.001
>ATGCTAGAGGAT	21-ATGCTAGAGGAT	14.087924	-10.037931	0	T:4.0(0.10%),B:2.4(0.01%),P:1e-4	Tpos:161.5,Tstd:81.2,Bpos:220.3,Bstd:192.5,StrandBias:10.0,Multiplicity:3.50
0.714	0.001	0.284	0.001
0.001	0.001	0.001	0.997
0.001	0.001	0.997	0.001
0.001	0.714	0.001	0.284
0.001	0.001	0.001	0.997
0.997	0.001	0.001	0.001
0.001	0.001	0.997	0.001
0.997	0.001	0.001	0.001
0.001	0.001	0.997	0.001
0.001	0.001	0.997	0.001
0.997	0.001	0.001	0.001
0.001	0.001	0.001	0.997
>CCTCCTGCTAAC	22-CCTCCTGCTAAC	11.876565	-8.490153	0	T:4.0(0.10%),B:3.6(0.01%),P:1e-3	Tpos:235.8,Tstd:142.8,Bpos:226.3,Bstd:77.9,StrandBias:10.0,Multiplicity:2.50
0.001	0.997	0.001	0.001
0.094	0.904	0.001	0.001
0.001	0.001	0.001	0.997
0.001	0.997	0.001	0.001
0.001	0.997	0.001	0.001
0.001	0.001	0.001	0.997
0.001	0.001	0.997	0.001
0.001	0.904	0.001	0.094
0.001	0.001	0.001	0.997
0.997	0.001	0.001	0.001
0.997	0.001	0.001	0.001
0.001	0.997	0.001	0.001
>TGTGTCCTTGGA	23-TGTGTCCTTGGA	12.355432	-5.816830	0	T:3.0(0.07%),B:3.7(0.01%),P:1e-2	Tpos:174.1,Tstd:119.3,Bpos:264.5,Bstd:85.0,StrandBias:-1.8,Multiplicity:3.00
0.100	0.100	0.100	0.700
0.100	0.100	0.700	0.100
0.100	0.100	0.100	0.700
0.100	0.100	0.700	0.100
0.100	0.100	0.100	0.700
0.100	0.700	0.100	0.100
0.100	0.700	0.100	0.100
0.100	0.100	0.100	0.700
0.100	0.100	0.100	0.700
0.100	0.100	0.700	0.100
0.100	0.100	0.700	0.100
0.700	0.100	0.100	0.100
>ATGAGTATACAG	24-ATGAGTATACAG	13.646375	-4.171703	0	T:2.0(0.05%),B:2.5(0.01%),P:1e-1	Tpos:135.0,Tstd:93.0,Bpos:279.4,Bstd:99.4,StrandBias:3.6,Multiplicity:6.50
0.997	0.001	0.001	0.001
0.001	0.001	0.001	0.997
0.001	0.001	0.997	0.001
0.997	0.001	0.001	0.001
0.001	0.001	0.997	0.001
0.001	0.001	0.001	0.997
0.997	0.001	0.001	0.001
0.001	0.001	0.001	0.997
0.997	0.001	0.001	0.001
0.001	0.943	0.001	0.055
0.997	0.001	0.001	0.001
0.001	0.055	0.943	0.001
>AGGTGGAGCAAG	25-AGGTGGAGCAAG	12.355432	-4.171703	0	T:2.0(0.05%),B:2.1(0.00%),P:1e-1	Tpos:143.1,Tstd:67.7,Bpos:229.0,Bstd:170.2,StrandBias:-2.6,Multiplicity:3.50
0.700	0.100	0.100	0.100
0.100	0.100	0.700	0.100
0.100	0.100	0.700	0.100
0.100	0.100	0.100	0.700
0.100	0.100	0.700	0.100
0.100	0.100	0.700	0.100
0.700	0.100	0.100	0.100
0.100	0.100	0.700	0.100
0.100	0.700	0.100	0.100
0.700	0.100	0.100	0.100
0.700	0.100	0.100	0.100
0.100	0.100	0.700	0.100
