>ACAGGAAGYG	1-ACAGGAAGYG	7.849314	-420.770763	0	T:1221.0(29.47%),B:5545.1(12.50%),P:1e-182	Tpos:300.6,Tstd:232.0,Bpos:241.7,Bstd:142.6,StrandBias:-0.1,Multiplicity:1.24
0.584	0.067	0.228	0.121
0.238	0.620	0.097	0.045
0.652	0.280	0.067	0.001
0.001	0.001	0.997	0.001
0.023	0.001	0.975	0.001
0.997	0.001	0.001	0.001
0.817	0.001	0.001	0.181
0.328	0.001	0.670	0.001
0.001	0.408	0.036	0.555
0.202	0.166	0.416	0.216
>NGWAACCACA	2-NGWAACCACA	6.430770	-251.727328	0	T:1699.0(41.01%),B:11162.4(25.17%),P:1e-109	Tpos:289.5,Tstd:257.0,Bpos:240.3,Bstd:144.3,StrandBias:0.0,Multiplicity:1.41
0.263	0.254	0.275	0.207
0.178	0.201	0.391	0.230
0.317	0.204	0.047	0.432
0.591	0.158	0.128	0.123
0.924	0.005	0.070	0.001
0.028	0.970	0.001	0.001
0.011	0.985	0.003	0.001
0.686	0.024	0.095	0.195
0.063	0.910	0.001	0.026
0.688	0.084	0.087	0.141
>RGMGGAAGTN	3-RGMGGAAGTN	7.614077	-122.326403	0	T:848.0(20.47%),B:5328.0(12.02%),P:1e-53	Tpos:299.2,Tstd:244.4,Bpos:244.8,Bstd:148.1,StrandBias:-0.1,Multiplicity:1.14
0.428	0.001	0.354	0.217
0.001	0.001	0.856	0.142
0.429	0.486	0.084	0.001
0.001	0.126	0.872	0.001
0.001	0.001	0.997	0.001
0.900	0.001	0.001	0.098
0.903	0.086	0.010	0.001
0.335	0.001	0.581	0.083
0.001	0.318	0.001	0.680
0.183	0.294	0.272	0.251
>RGCCCCGCCC	4-RGCCCCGCCC	8.694314	-119.851338	0	T:859.0(20.73%),B:5455.3(12.30%),P:1e-52	Tpos:349.4,Tstd:258.7,Bpos:237.8,Bstd:161.7,StrandBias:0.1,Multiplicity:1.58
0.282	0.192	0.403	0.123
0.193	0.001	0.704	0.102
0.001	0.853	0.097	0.049
0.001	0.629	0.001	0.369
0.179	0.819	0.001	0.001
0.001	0.997	0.001	0.001
0.001	0.021	0.807	0.171
0.015	0.962	0.001	0.022
0.001	0.997	0.001	0.001
0.001	0.887	0.001	0.111
>STTTCGBTTT	5-STTTCGBTTT	6.532538	-116.526073	0	T:552.0(13.32%),B:2990.6(6.74%),P:1e-50	Tpos:310.3,Tstd:252.8,Bpos:245.5,Bstd:154.0,StrandBias:0.1,Multiplicity:1.22
0.067	0.351	0.479	0.102
0.011	0.074	0.211	0.704
0.177	0.022	0.147	0.654
0.100	0.154	0.197	0.549
0.024	0.565	0.158	0.253
0.236	0.151	0.458	0.155
0.081	0.275	0.387	0.257
0.001	0.180	0.162	0.657
0.236	0.199	0.013	0.552
0.224	0.050	0.001	0.725
>CACTAGGKGG	6-CACTAGGKGG	10.925227	-85.663628	0	T:136.0(3.28%),B:383.9(0.87%),P:1e-37	Tpos:285.9,Tstd:234.4,Bpos:242.1,Bstd:142.5,StrandBias:0.1,Multiplicity:1.02
0.001	0.997	0.001	0.001
0.941	0.001	0.001	0.057
0.001	0.997	0.001	0.001
0.001	0.324	0.001	0.674
0.997	0.001	0.001	0.001
0.001	0.001	0.997	0.001
0.343	0.011	0.645	0.001
0.248	0.001	0.416	0.335
0.001	0.001	0.997	0.001
0.001	0.001	0.997	0.001
>TTTCCTTCCG	7-TTTCCTTCCG	6.997146	-63.027906	0	T:830.0(20.03%),B:6136.2(13.84%),P:1e-27	Tpos:323.4,Tstd:277.4,Bpos:247.4,Bstd:149.6,StrandBias:0.0,Multiplicity:1.13
0.041	0.095	0.032	0.832
0.044	0.086	0.093	0.777
0.043	0.137	0.058	0.762
0.040	0.810	0.076	0.074
0.115	0.765	0.020	0.100
0.080	0.069	0.073	0.778
0.015	0.111	0.053	0.821
0.088	0.775	0.034	0.103
0.038	0.861	0.054	0.047
0.045	0.023	0.826	0.106
>CCGGAAATCG	8-CCGGAAATCG	6.099578	-55.734103	0	T:210.0(5.07%),B:1021.8(2.30%),P:1e-24	Tpos:312.5,Tstd:237.6,Bpos:246.2,Bstd:154.8,StrandBias:-0.1,Multiplicity:1.04
0.174	0.561	0.153	0.112
0.105	0.708	0.100	0.087
0.095	0.152	0.692	0.061
0.141	0.111	0.586	0.162
0.652	0.112	0.148	0.088
0.589	0.080	0.139	0.192
0.628	0.120	0.099	0.153
0.127	0.162	0.143	0.568
0.175	0.480	0.159	0.186
0.176	0.167	0.509	0.148
>VTGASTCANN	9-VTGASTCANN	6.174201	-55.193753	0	T:396.0(9.56%),B:2470.3(5.57%),P:1e-23	Tpos:285.6,Tstd:240.6,Bpos:247.5,Bstd:138.2,StrandBias:0.0,Multiplicity:1.08
0.376	0.296	0.231	0.097
0.252	0.003	0.108	0.637
0.039	0.084	0.689	0.188
0.697	0.084	0.102	0.117
0.076	0.479	0.364	0.081
0.255	0.004	0.102	0.639
0.078	0.616	0.158	0.148
0.706	0.095	0.111	0.088
0.192	0.291	0.224	0.293
0.230	0.324	0.205	0.242
>CGATTGGDCG	10-CGATTGGDCG	8.574714	-49.137324	0	T:98.0(2.37%),B:332.7(0.75%),P:1e-21	Tpos:364.9,Tstd:213.2,Bpos:244.1,Bstd:161.0,StrandBias:0.3,Multiplicity:1.07
0.001	0.818	0.085	0.096
0.053	0.035	0.839	0.073
0.962	0.036	0.001	0.001
0.001	0.001	0.001	0.997
0.086	0.001	0.001	0.912
0.001	0.107	0.891	0.001
0.001	0.001	0.893	0.105
0.354	0.176	0.246	0.224
0.002	0.796	0.001	0.201
0.027	0.116	0.803	0.054
>GCCCCACCCA	11-GCCCCACCCA	9.467201	-46.366836	0	T:300.0(7.24%),B:1808.1(4.08%),P:1e-20	Tpos:314.8,Tstd:234.3,Bpos:235.4,Bstd:145.5,StrandBias:0.2,Multiplicity:1.07
0.001	0.029	0.864	0.106
0.103	0.876	0.001	0.020
0.001	0.920	0.031	0.048
0.098	0.886	0.001	0.015
0.047	0.928	0.009	0.016
0.997	0.001	0.001	0.001
0.032	0.966	0.001	0.001
0.001	0.923	0.060	0.016
0.001	0.956	0.001	0.042
0.765	0.067	0.013	0.155
>CGTACCACAG	12-CGTACCACAG	7.744538	-37.987528	0	T:197.0(4.76%),B:1100.0(2.48%),P:1e-16	Tpos:325.3,Tstd:231.1,Bpos:244.9,Bstd:155.4,StrandBias:0.1,Multiplicity:1.04
0.092	0.828	0.025	0.055
0.044	0.078	0.838	0.040
0.044	0.088	0.088	0.780
0.658	0.075	0.137	0.130
0.078	0.849	0.041	0.032
0.042	0.741	0.080	0.137
0.827	0.014	0.101	0.058
0.094	0.787	0.079	0.040
0.896	0.047	0.025	0.032
0.071	0.056	0.808	0.065
>TATGACGTCA	13-TATGACGTCA	7.203777	-32.691874	0	T:198.0(4.78%),B:1170.1(2.64%),P:1e-14	Tpos:305.2,Tstd:263.4,Bpos:247.2,Bstd:145.4,StrandBias:0.1,Multiplicity:1.07
0.160	0.100	0.054	0.686
0.802	0.057	0.106	0.035
0.067	0.040	0.040	0.853
0.057	0.072	0.781	0.090
0.720	0.136	0.047	0.097
0.044	0.834	0.055	0.067
0.036	0.040	0.879	0.045
0.026	0.103	0.028	0.843
0.125	0.770	0.080	0.025
0.838	0.073	0.066	0.023
>TGCGCAGGCG	14-TGCGCAGGCG	9.705226	-32.625738	0	T:249.0(6.01%),B:1584.6(3.57%),P:1e-14	Tpos:369.0,Tstd:295.8,Bpos:256.3,Bstd:178.4,StrandBias:-0.0,Multiplicity:1.30
0.001	0.376	0.001	0.622
0.001	0.001	0.997	0.001
0.001	0.997	0.001	0.001
0.001	0.001	0.997	0.001
0.001	0.827	0.001	0.171
0.563	0.191	0.245	0.001
0.094	0.235	0.487	0.184
0.001	0.111	0.887	0.001
0.001	0.997	0.001	0.001
0.001	0.001	0.997	0.001
>TTCTCGCGAG	15-TTCTCGCGAG	8.595493	-31.072262	0	T:66.0(1.59%),B:237.7(0.54%),P:1e-13	Tpos:377.9,Tstd:238.9,Bpos:234.4,Bstd:178.3,StrandBias:-0.3,Multiplicity:1.09
0.001	0.188	0.132	0.679
0.001	0.001	0.001	0.997
0.001	0.997	0.001	0.001
0.001	0.001	0.001	0.997
0.036	0.882	0.019	0.063
0.037	0.027	0.935	0.001
0.001	0.997	0.001	0.001
0.035	0.001	0.963	0.001
0.915	0.021	0.037	0.027
0.001	0.001	0.936	0.062
>CTGAGTCAGA	16-CTGAGTCAGA	7.228564	-30.795127	0	T:490.0(11.83%),B:3734.4(8.42%),P:1e-13	Tpos:294.3,Tstd:231.5,Bpos:240.9,Bstd:142.3,StrandBias:-0.1,Multiplicity:1.11
0.082	0.831	0.056	0.031
0.064	0.064	0.039	0.833
0.074	0.040	0.699	0.187
0.798	0.125	0.070	0.007
0.097	0.043	0.841	0.019
0.023	0.018	0.039	0.920
0.044	0.754	0.127	0.075
0.768	0.092	0.070	0.070
0.051	0.034	0.704	0.211
0.851	0.053	0.094	0.002
>HCACRVCCAN	17-HCACRVCCAN	5.080925	-30.466669	0	T:869.0(20.98%),B:7335.1(16.54%),P:1e-13	Tpos:325.0,Tstd:266.7,Bpos:244.0,Bstd:150.8,StrandBias:-0.1,Multiplicity:1.18
0.288	0.280	0.013	0.418
0.023	0.652	0.029	0.296
0.520	0.224	0.024	0.232
0.020	0.757	0.010	0.213
0.310	0.237	0.435	0.017
0.342	0.299	0.227	0.132
0.270	0.439	0.282	0.009
0.233	0.467	0.022	0.278
0.480	0.029	0.221	0.270
0.250	0.312	0.183	0.255
>CCGCGGTTTG	18-CCGCGGTTTG	10.012441	-30.245887	0	T:49.0(1.18%),B:145.2(0.33%),P:1e-13	Tpos:339.2,Tstd:293.4,Bpos:250.8,Bstd:160.2,StrandBias:-1.0,Multiplicity:1.00
0.041	0.786	0.118	0.055
0.001	0.675	0.028	0.296
0.001	0.001	0.997	0.001
0.067	0.865	0.067	0.001
0.101	0.001	0.897	0.001
0.001	0.015	0.959	0.025
0.036	0.001	0.027	0.936
0.001	0.001	0.001	0.997
0.001	0.025	0.001	0.973
0.094	0.001	0.904	0.001
>GTATGCAAAT	19-GTATGCAAAT	11.908368	-28.894993	0	T:34.0(0.82%),B:76.4(0.17%),P:1e-12	Tpos:320.4,Tstd:265.7,Bpos:252.6,Bstd:128.7,StrandBias:-0.3,Multiplicity:1.00
0.001	0.001	0.997	0.001
0.001	0.001	0.178	0.820
0.997	0.001	0.001	0.001
0.001	0.001	0.001	0.997
0.001	0.001	0.997	0.001
0.001	0.815	0.001	0.183
0.997	0.001	0.001	0.001
0.997	0.001	0.001	0.001
0.997	0.001	0.001	0.001
0.001	0.001	0.001	0.997
>TTTCGTGAGG	20-TTTCGTGAGG	10.324286	-19.859471	0	T:42.0(1.01%),B:154.1(0.35%),P:1e-8	Tpos:307.6,Tstd:240.8,Bpos:248.0,Bstd:136.8,StrandBias:-0.1,Multiplicity:1.22
0.001	0.001	0.001	0.997
0.001	0.127	0.001	0.871
0.001	0.001	0.158	0.840
0.001	0.997	0.001	0.001
0.001	0.079	0.919	0.001
0.106	0.001	0.001	0.892
0.106	0.001	0.892	0.001
0.892	0.001	0.106	0.001
0.001	0.127	0.871	0.001
0.001	0.180	0.818	0.001
>GTAACACSTC	21-GTAACACSTC	9.925883	-17.283065	0	T:17.0(0.41%),B:33.8(0.08%),P:1e-7	Tpos:273.6,Tstd:168.1,Bpos:245.6,Bstd:144.7,StrandBias:1.4,Multiplicity:1.38
0.001	0.001	0.997	0.001
0.001	0.001	0.001	0.997
0.997	0.001	0.001	0.001
0.997	0.001	0.001	0.001
0.001	0.997	0.001	0.001
0.997	0.001	0.001	0.001
0.001	0.997	0.001	0.001
0.001	0.444	0.554	0.001
0.001	0.001	0.045	0.953
0.001	0.997	0.001	0.001
>TCAGATCACG	22-TCAGATCACG	10.296193	-16.806868	0	T:6.0(0.14%),B:2.4(0.01%),P:1e-7	Tpos:268.8,Tstd:292.7,Bpos:113.2,Bstd:25.3,StrandBias:1.0,Multiplicity:1.00
0.100	0.100	0.100	0.700
0.100	0.700	0.100	0.100
0.700	0.100	0.100	0.100
0.100	0.100	0.700	0.100
0.700	0.100	0.100	0.100
0.100	0.100	0.100	0.700
0.100	0.700	0.100	0.100
0.700	0.100	0.100	0.100
0.100	0.700	0.100	0.100
0.100	0.100	0.700	0.100
>AAACCGTTGT	23-AAACCGTTGT	10.296193	-16.806868	0	T:6.0(0.14%),B:2.8(0.01%),P:1e-7	Tpos:178.0,Tstd:130.5,Bpos:344.3,Bstd:124.3,StrandBias:0.0,Multiplicity:1.00
0.700	0.100	0.100	0.100
0.700	0.100	0.100	0.100
0.700	0.100	0.100	0.100
0.100	0.700	0.100	0.100
0.100	0.700	0.100	0.100
0.100	0.100	0.700	0.100
0.100	0.100	0.100	0.700
0.100	0.100	0.100	0.700
0.100	0.100	0.700	0.100
0.100	0.100	0.100	0.700
>CTAACACACT	24-CTAACACACT	9.840236	-5.136107	0	T:19.0(0.46%),B:105.3(0.24%),P:1e-2	Tpos:218.5,Tstd:157.7,Bpos:249.1,Bstd:153.5,StrandBias:-0.3,Multiplicity:1.79
0.001	0.997	0.001	0.001
0.001	0.001	0.001	0.997
0.997	0.001	0.001	0.001
0.997	0.001	0.001	0.001
0.001	0.997	0.001	0.001
0.997	0.001	0.001	0.001
0.001	0.978	0.001	0.020
0.997	0.001	0.001	0.001
0.001	0.917	0.001	0.081
0.001	0.001	0.001	0.997
>ATGAGTATAC	25-ATGAGTATAC	10.296193	-3.942898	0	T:3.0(0.07%),B:6.2(0.01%),P:1e-1	Tpos:163.9,Tstd:119.3,Bpos:184.0,Bstd:160.4,StrandBias:4.1,Multiplicity:6.00
0.700	0.100	0.100	0.100
0.100	0.100	0.100	0.700
0.100	0.100	0.700	0.100
0.700	0.100	0.100	0.100
0.100	0.100	0.700	0.100
0.100	0.100	0.100	0.700
0.700	0.100	0.100	0.100
0.100	0.100	0.100	0.700
0.700	0.100	0.100	0.100
0.100	0.700	0.100	0.100
