>ACATTATG	1-ACATTATG	7.416521	-17.447422	0	T:549.0(9.81%),B:3456.6(7.78%),P:1e-7	Tpos:208.1,Tstd:196.2,Bpos:140.5,Bstd:79.3,StrandBias:0.0,Multiplicity:1.08
0.897	0.001	0.039	0.063
0.037	0.898	0.064	0.001
0.939	0.001	0.016	0.044
0.023	0.033	0.067	0.877
0.132	0.046	0.085	0.737
0.879	0.077	0.001	0.043
0.069	0.001	0.001	0.929
0.001	0.001	0.892	0.106
>GTTATCAA	2-GTTATCAA	8.210328	-17.063241	0	T:217.0(3.88%),B:1173.3(2.64%),P:1e-7	Tpos:216.9,Tstd:238.3,Bpos:145.3,Bstd:79.8,StrandBias:-0.1,Multiplicity:1.06
0.001	0.001	0.997	0.001
0.161	0.001	0.001	0.837
0.001	0.001	0.001	0.997
0.997	0.001	0.001	0.001
0.001	0.001	0.001	0.997
0.258	0.740	0.001	0.001
0.906	0.001	0.092	0.001
0.997	0.001	0.001	0.001
>GTCGTACC	3-GTCGTACC	7.018378	-16.587409	0	T:191.0(3.41%),B:1011.8(2.28%),P:1e-7	Tpos:224.0,Tstd:262.9,Bpos:140.5,Bstd:78.2,StrandBias:0.2,Multiplicity:1.03
0.001	0.297	0.701	0.001
0.001	0.234	0.018	0.747
0.026	0.772	0.201	0.001
0.001	0.001	0.646	0.352
0.001	0.059	0.001	0.939
0.710	0.210	0.026	0.054
0.348	0.593	0.001	0.058
0.001	0.898	0.007	0.094
>TGCGTGAT	4-TGCGTGAT	9.104413	-12.507951	0	T:97.0(1.73%),B:470.0(1.06%),P:1e-5	Tpos:216.3,Tstd:198.0,Bpos:147.0,Bstd:78.5,StrandBias:-0.4,Multiplicity:1.06
0.001	0.001	0.001	0.997
0.001	0.001	0.997	0.001
0.001	0.688	0.310	0.001
0.001	0.001	0.997	0.001
0.001	0.266	0.001	0.732
0.001	0.001	0.997	0.001
0.997	0.001	0.001	0.001
0.001	0.001	0.384	0.614
>AGGCTGGA	5-AGGCTGGA	8.236954	-9.131988	0	T:105.0(1.88%),B:567.4(1.28%),P:1e-3	Tpos:184.4,Tstd:192.9,Bpos:139.0,Bstd:81.1,StrandBias:-0.7,Multiplicity:1.01
0.700	0.100	0.100	0.100
0.100	0.100	0.700	0.100
0.100	0.100	0.700	0.100
0.100	0.700	0.100	0.100
0.100	0.100	0.100	0.700
0.100	0.100	0.700	0.100
0.100	0.100	0.700	0.100
0.700	0.100	0.100	0.100
