>CCGTTATCAA	1-CCGTTATCAA	9.226277	-28.798438	0	T:41.0(0.73%),B:81.7(0.18%),P:1e-12	Tpos:260.4,Tstd:307.6,Bpos:140.4,Bstd:78.6,StrandBias:0.2,Multiplicity:1.00
0.027	0.971	0.001	0.001
0.123	0.733	0.143	0.001
0.154	0.171	0.674	0.001
0.143	0.334	0.001	0.522
0.031	0.001	0.001	0.967
0.791	0.064	0.001	0.144
0.001	0.001	0.297	0.701
0.001	0.687	0.052	0.260
0.794	0.041	0.052	0.113
0.815	0.183	0.001	0.001
>GTTTTGGCGT	2-GTTTTGGCGT	7.834975	-27.880184	0	T:167.0(2.98%),B:729.8(1.64%),P:1e-12	Tpos:227.5,Tstd:227.7,Bpos:136.2,Bstd:78.0,StrandBias:-0.2,Multiplicity:1.02
0.001	0.001	0.937	0.061
0.024	0.057	0.062	0.857
0.001	0.329	0.141	0.529
0.001	0.061	0.001	0.937
0.001	0.001	0.001	0.997
0.001	0.141	0.557	0.301
0.001	0.001	0.997	0.001
0.020	0.976	0.003	0.001
0.045	0.055	0.731	0.169
0.001	0.001	0.001	0.997
>ACCCTGCAAA	3-ACCCTGCAAA	8.379012	-27.457252	0	T:167.0(2.98%),B:733.6(1.65%),P:1e-11	Tpos:182.5,Tstd:163.4,Bpos:141.5,Bstd:77.9,StrandBias:0.4,Multiplicity:1.02
0.866	0.080	0.001	0.053
0.026	0.951	0.022	0.001
0.077	0.869	0.001	0.053
0.085	0.746	0.037	0.132
0.052	0.001	0.001	0.946
0.001	0.001	0.957	0.041
0.011	0.899	0.089	0.001
0.979	0.001	0.001	0.019
0.860	0.114	0.025	0.001
0.927	0.021	0.051	0.001
>GAGAMCAGTC	4-GAGAMCAGTC	9.111640	-26.298323	0	T:149.0(2.66%),B:639.2(1.44%),P:1e-11	Tpos:208.1,Tstd:214.7,Bpos:145.3,Bstd:77.7,StrandBias:-0.2,Multiplicity:1.17
0.001	0.001	0.997	0.001
0.997	0.001	0.001	0.001
0.001	0.001	0.997	0.001
0.568	0.051	0.321	0.060
0.449	0.491	0.059	0.001
0.001	0.819	0.001	0.179
0.997	0.001	0.001	0.001
0.001	0.001	0.997	0.001
0.362	0.024	0.090	0.524
0.100	0.755	0.001	0.144
>CTGCRTTCTG	5-CTGCRTTCTG	7.981053	-26.168142	0	T:494.0(8.83%),B:2869.7(6.46%),P:1e-11	Tpos:198.6,Tstd:190.7,Bpos:142.6,Bstd:77.9,StrandBias:-0.1,Multiplicity:1.05
0.086	0.910	0.001	0.003
0.077	0.001	0.001	0.921
0.029	0.057	0.879	0.035
0.194	0.518	0.028	0.260
0.275	0.271	0.424	0.030
0.120	0.075	0.001	0.804
0.029	0.033	0.042	0.896
0.054	0.861	0.069	0.016
0.001	0.001	0.001	0.997
0.090	0.062	0.798	0.050
>GTTCCCTCAT	6-GTTCCCTCAT	7.351649	-23.093343	0	T:240.0(4.29%),B:1232.9(2.78%),P:1e-10	Tpos:215.6,Tstd:210.0,Bpos:139.2,Bstd:79.4,StrandBias:0.2,Multiplicity:1.04
0.028	0.113	0.818	0.041
0.071	0.030	0.094	0.805
0.051	0.123	0.051	0.775
0.120	0.743	0.075	0.062
0.071	0.809	0.045	0.075
0.031	0.892	0.035	0.042
0.076	0.067	0.081	0.776
0.044	0.847	0.057	0.052
0.786	0.074	0.070	0.070
0.060	0.083	0.102	0.755
>CGTGATCCCT	7-CGTGATCCCT	9.927607	-22.079089	0	T:26.0(0.46%),B:44.0(0.10%),P:1e-9	Tpos:146.8,Tstd:114.8,Bpos:143.0,Bstd:75.3,StrandBias:0.9,Multiplicity:1.00
0.001	0.997	0.001	0.001
0.001	0.001	0.997	0.001
0.001	0.001	0.001	0.997
0.001	0.001	0.997	0.001
0.911	0.001	0.001	0.087
0.225	0.001	0.001	0.773
0.001	0.773	0.225	0.001
0.001	0.764	0.234	0.001
0.084	0.690	0.001	0.225
0.001	0.225	0.001	0.773
>ACACCAAACT	8-ACACCAAACT	8.371181	-20.263929	0	T:116.0(2.07%),B:503.1(1.13%),P:1e-8	Tpos:182.3,Tstd:170.5,Bpos:140.5,Bstd:75.3,StrandBias:-0.1,Multiplicity:1.02
0.615	0.195	0.047	0.143
0.117	0.612	0.115	0.156
0.620	0.098	0.248	0.034
0.018	0.662	0.165	0.155
0.100	0.731	0.164	0.005
0.897	0.043	0.041	0.019
0.752	0.116	0.001	0.131
0.789	0.022	0.019	0.170
0.292	0.629	0.042	0.037
0.017	0.109	0.075	0.799
>TGATCTCATT	9-TGATCTCATT	10.586403	-19.700929	0	T:53.0(0.95%),B:166.0(0.37%),P:1e-8	Tpos:253.3,Tstd:251.6,Bpos:141.9,Bstd:79.6,StrandBias:-0.7,Multiplicity:1.23
0.001	0.118	0.001	0.880
0.092	0.001	0.906	0.001
0.757	0.001	0.241	0.001
0.001	0.001	0.001	0.997
0.136	0.862	0.001	0.001
0.001	0.001	0.113	0.885
0.001	0.997	0.001	0.001
0.885	0.001	0.113	0.001
0.001	0.151	0.001	0.847
0.001	0.136	0.001	0.862
>GTGCTTCCTG	10-GTGCTTCCTG	10.305288	-17.979698	0	T:62.0(1.11%),B:221.3(0.50%),P:1e-7	Tpos:157.1,Tstd:116.3,Bpos:148.2,Bstd:77.9,StrandBias:-0.3,Multiplicity:1.02
0.001	0.001	0.997	0.001
0.011	0.001	0.001	0.987
0.001	0.001	0.997	0.001
0.001	0.702	0.001	0.296
0.001	0.077	0.298	0.624
0.001	0.001	0.001	0.997
0.001	0.872	0.042	0.085
0.001	0.763	0.001	0.235
0.015	0.001	0.001	0.983
0.015	0.001	0.771	0.213
>ACAAAGTCGC	11-ACAAAGTCGC	10.296193	-15.065907	0	T:6.0(0.11%),B:2.0(0.00%),P:1e-6	Tpos:140.3,Tstd:58.8,Bpos:162.3,Bstd:51.2,StrandBias:2.3,Multiplicity:1.00
0.700	0.100	0.100	0.100
0.100	0.700	0.100	0.100
0.700	0.100	0.100	0.100
0.700	0.100	0.100	0.100
0.700	0.100	0.100	0.100
0.100	0.100	0.700	0.100
0.100	0.100	0.100	0.700
0.100	0.700	0.100	0.100
0.100	0.100	0.700	0.100
0.100	0.700	0.100	0.100
>TTATTTCTGA	12-TTATTTCTGA	6.929835	-14.114509	0	T:1081.0(19.32%),B:7485.2(16.86%),P:1e-6	Tpos:225.4,Tstd:229.8,Bpos:141.4,Bstd:78.2,StrandBias:0.1,Multiplicity:1.22
0.082	0.075	0.054	0.789
0.039	0.049	0.042	0.870
0.762	0.072	0.067	0.099
0.069	0.088	0.058	0.785
0.078	0.040	0.072	0.810
0.100	0.069	0.048	0.783
0.077	0.782	0.070	0.071
0.062	0.060	0.029	0.849
0.121	0.072	0.733	0.074
0.840	0.064	0.033	0.063
>CTAACTATAA	13-CTAACTATAA	10.296193	-14.089287	0	T:12.0(0.21%),B:15.0(0.03%),P:1e-6	Tpos:126.8,Tstd:71.6,Bpos:161.0,Bstd:73.2,StrandBias:0.0,Multiplicity:1.00
0.100	0.700	0.100	0.100
0.100	0.100	0.100	0.700
0.700	0.100	0.100	0.100
0.700	0.100	0.100	0.100
0.100	0.700	0.100	0.100
0.100	0.100	0.100	0.700
0.700	0.100	0.100	0.100
0.100	0.100	0.100	0.700
0.700	0.100	0.100	0.100
0.700	0.100	0.100	0.100
>AATCASCCAA	14-AATCASCCAA	11.036739	-13.813759	0	T:25.0(0.45%),B:63.4(0.14%),P:1e-5	Tpos:156.6,Tstd:139.0,Bpos:140.9,Bstd:79.4,StrandBias:0.7,Multiplicity:1.16
0.827	0.001	0.001	0.171
0.997	0.001	0.001	0.001
0.001	0.001	0.001	0.997
0.001	0.997	0.001	0.001
0.997	0.001	0.001	0.001
0.001	0.532	0.466	0.001
0.001	0.997	0.001	0.001
0.001	0.665	0.333	0.001
0.997	0.001	0.001	0.001
0.997	0.001	0.001	0.001
>AGGGTTAGTT	15-AGGGTTAGTT	10.296193	-12.309858	0	T:7.0(0.13%),B:5.0(0.01%),P:1e-5	Tpos:124.1,Tstd:69.9,Bpos:181.6,Bstd:71.3,StrandBias:1.3,Multiplicity:1.00
0.700	0.100	0.100	0.100
0.100	0.100	0.700	0.100
0.100	0.100	0.700	0.100
0.100	0.100	0.700	0.100
0.100	0.100	0.100	0.700
0.100	0.100	0.100	0.700
0.700	0.100	0.100	0.100
0.100	0.100	0.700	0.100
0.100	0.100	0.100	0.700
0.100	0.100	0.100	0.700
>GTCCGTGTGG	16-GTCCGTGTGG	10.296193	-11.889042	0	T:5.0(0.09%),B:3.0(0.01%),P:1e-5	Tpos:214.8,Tstd:132.0,Bpos:109.2,Bstd:28.6,StrandBias:2.0,Multiplicity:1.00
0.100	0.100	0.700	0.100
0.100	0.100	0.100	0.700
0.100	0.700	0.100	0.100
0.100	0.700	0.100	0.100
0.100	0.100	0.700	0.100
0.100	0.100	0.100	0.700
0.100	0.100	0.700	0.100
0.100	0.100	0.100	0.700
0.100	0.100	0.700	0.100
0.100	0.100	0.700	0.100
>GACTATCTAC	17-GACTATCTAC	10.296193	-3.642419	0	T:3.0(0.05%),B:5.1(0.01%),P:1e-1	Tpos:99.3,Tstd:67.1,Bpos:135.5,Bstd:64.1,StrandBias:3.0,Multiplicity:3.00
0.100	0.100	0.700	0.100
0.700	0.100	0.100	0.100
0.100	0.700	0.100	0.100
0.100	0.100	0.100	0.700
0.700	0.100	0.100	0.100
0.100	0.100	0.100	0.700
0.100	0.700	0.100	0.100
0.100	0.100	0.100	0.700
0.700	0.100	0.100	0.100
0.100	0.700	0.100	0.100
>GGATGTGATG	18-GGATGTGATG	10.296193	-1.399167	0	T:4.0(0.07%),B:20.4(0.05%),P:1e0	Tpos:198.2,Tstd:150.1,Bpos:129.6,Bstd:71.2,StrandBias:-3.1,Multiplicity:4.75
0.100	0.100	0.700	0.100
0.100	0.100	0.700	0.100
0.700	0.100	0.100	0.100
0.100	0.100	0.100	0.700
0.100	0.100	0.700	0.100
0.100	0.100	0.100	0.700
0.100	0.100	0.700	0.100
0.700	0.100	0.100	0.100
0.100	0.100	0.100	0.700
0.100	0.100	0.700	0.100
