>CCGTTATCAA	1-CCGTTATCAA	9.226277	-28.798438	0	T:41.0(0.73%),B:81.7(0.18%),P:1e-12	Tpos:260.4,Tstd:307.6,Bpos:140.4,Bstd:78.6,StrandBias:0.2,Multiplicity:1.00
0.027	0.971	0.001	0.001
0.123	0.733	0.143	0.001
0.154	0.171	0.674	0.001
0.143	0.334	0.001	0.522
0.031	0.001	0.001	0.967
0.791	0.064	0.001	0.144
0.001	0.001	0.297	0.701
0.001	0.687	0.052	0.260
0.794	0.041	0.052	0.113
0.815	0.183	0.001	0.001
>GTTTTGGCGT	2-GTTTTGGCGT	7.834975	-27.880184	0	T:167.0(2.98%),B:729.8(1.64%),P:1e-12	Tpos:227.5,Tstd:227.7,Bpos:136.2,Bstd:78.0,StrandBias:-0.2,Multiplicity:1.02
0.001	0.001	0.937	0.061
0.024	0.057	0.062	0.857
0.001	0.329	0.141	0.529
0.001	0.061	0.001	0.937
0.001	0.001	0.001	0.997
0.001	0.141	0.557	0.301
0.001	0.001	0.997	0.001
0.020	0.976	0.003	0.001
0.045	0.055	0.731	0.169
0.001	0.001	0.001	0.997
>ACCCTGCAAA	3-ACCCTGCAAA	8.379012	-27.457252	0	T:167.0(2.98%),B:733.6(1.65%),P:1e-11	Tpos:182.5,Tstd:163.4,Bpos:141.5,Bstd:77.9,StrandBias:0.4,Multiplicity:1.02
0.866	0.080	0.001	0.053
0.026	0.951	0.022	0.001
0.077	0.869	0.001	0.053
0.085	0.746	0.037	0.132
0.052	0.001	0.001	0.946
0.001	0.001	0.957	0.041
0.011	0.899	0.089	0.001
0.979	0.001	0.001	0.019
0.860	0.114	0.025	0.001
0.927	0.021	0.051	0.001
>GAGAMCAGTC	4-GAGAMCAGTC	9.111640	-26.298323	0	T:149.0(2.66%),B:639.2(1.44%),P:1e-11	Tpos:208.1,Tstd:214.7,Bpos:145.3,Bstd:77.7,StrandBias:-0.2,Multiplicity:1.17
0.001	0.001	0.997	0.001
0.997	0.001	0.001	0.001
0.001	0.001	0.997	0.001
0.568	0.051	0.321	0.060
0.449	0.491	0.059	0.001
0.001	0.819	0.001	0.179
0.997	0.001	0.001	0.001
0.001	0.001	0.997	0.001
0.362	0.024	0.090	0.524
0.100	0.755	0.001	0.144
>CTGCRTTCTG	5-CTGCRTTCTG	7.981053	-26.168142	0	T:494.0(8.83%),B:2869.7(6.46%),P:1e-11	Tpos:198.6,Tstd:190.7,Bpos:142.6,Bstd:77.9,StrandBias:-0.1,Multiplicity:1.05
0.086	0.910	0.001	0.003
0.077	0.001	0.001	0.921
0.029	0.057	0.879	0.035
0.194	0.518	0.028	0.260
0.275	0.271	0.424	0.030
0.120	0.075	0.001	0.804
0.029	0.033	0.042	0.896
0.054	0.861	0.069	0.016
0.001	0.001	0.001	0.997
0.090	0.062	0.798	0.050
>GTTCCCTCAT	6-GTTCCCTCAT	7.351649	-23.093343	0	T:240.0(4.29%),B:1232.9(2.78%),P:1e-10	Tpos:215.6,Tstd:210.0,Bpos:139.2,Bstd:79.4,StrandBias:0.2,Multiplicity:1.04
0.028	0.113	0.818	0.041
0.071	0.030	0.094	0.805
0.051	0.123	0.051	0.775
0.120	0.743	0.075	0.062
0.071	0.809	0.045	0.075
0.031	0.892	0.035	0.042
0.076	0.067	0.081	0.776
0.044	0.847	0.057	0.052
0.786	0.074	0.070	0.070
0.060	0.083	0.102	0.755
>CGTGATCCCT	7-CGTGATCCCT	9.927607	-22.079089	0	T:26.0(0.46%),B:44.0(0.10%),P:1e-9	Tpos:146.8,Tstd:114.8,Bpos:143.0,Bstd:75.3,StrandBias:0.9,Multiplicity:1.00
0.001	0.997	0.001	0.001
0.001	0.001	0.997	0.001
0.001	0.001	0.001	0.997
0.001	0.001	0.997	0.001
0.911	0.001	0.001	0.087
0.225	0.001	0.001	0.773
0.001	0.773	0.225	0.001
0.001	0.764	0.234	0.001
0.084	0.690	0.001	0.225
0.001	0.225	0.001	0.773
>ACACCAAACT	8-ACACCAAACT	8.371181	-20.263929	0	T:116.0(2.07%),B:503.1(1.13%),P:1e-8	Tpos:182.3,Tstd:170.5,Bpos:140.5,Bstd:75.3,StrandBias:-0.1,Multiplicity:1.02
0.615	0.195	0.047	0.143
0.117	0.612	0.115	0.156
0.620	0.098	0.248	0.034
0.018	0.662	0.165	0.155
0.100	0.731	0.164	0.005
0.897	0.043	0.041	0.019
0.752	0.116	0.001	0.131
0.789	0.022	0.019	0.170
0.292	0.629	0.042	0.037
0.017	0.109	0.075	0.799
>TGATCTCATT	9-TGATCTCATT	10.586403	-19.700929	0	T:53.0(0.95%),B:166.0(0.37%),P:1e-8	Tpos:253.3,Tstd:251.6,Bpos:141.9,Bstd:79.6,StrandBias:-0.7,Multiplicity:1.23
0.001	0.118	0.001	0.880
0.092	0.001	0.906	0.001
0.757	0.001	0.241	0.001
0.001	0.001	0.001	0.997
0.136	0.862	0.001	0.001
0.001	0.001	0.113	0.885
0.001	0.997	0.001	0.001
0.885	0.001	0.113	0.001
0.001	0.151	0.001	0.847
0.001	0.136	0.001	0.862
>GTGCTTCCTG	10-GTGCTTCCTG	10.305288	-17.979698	0	T:62.0(1.11%),B:221.3(0.50%),P:1e-7	Tpos:157.1,Tstd:116.3,Bpos:148.2,Bstd:77.9,StrandBias:-0.3,Multiplicity:1.02
0.001	0.001	0.997	0.001
0.011	0.001	0.001	0.987
0.001	0.001	0.997	0.001
0.001	0.702	0.001	0.296
0.001	0.077	0.298	0.624
0.001	0.001	0.001	0.997
0.001	0.872	0.042	0.085
0.001	0.763	0.001	0.235
0.015	0.001	0.001	0.983
0.015	0.001	0.771	0.213
>ACAAAGTCGC	11-ACAAAGTCGC	10.296193	-15.065907	0	T:6.0(0.11%),B:2.0(0.00%),P:1e-6	Tpos:140.3,Tstd:58.8,Bpos:162.3,Bstd:51.2,StrandBias:2.3,Multiplicity:1.00
0.700	0.100	0.100	0.100
0.100	0.700	0.100	0.100
0.700	0.100	0.100	0.100
0.700	0.100	0.100	0.100
0.700	0.100	0.100	0.100
0.100	0.100	0.700	0.100
0.100	0.100	0.100	0.700
0.100	0.700	0.100	0.100
0.100	0.100	0.700	0.100
0.100	0.700	0.100	0.100
>TTATTTCTGA	12-TTATTTCTGA	6.929835	-14.114509	0	T:1081.0(19.32%),B:7485.2(16.86%),P:1e-6	Tpos:225.4,Tstd:229.8,Bpos:141.4,Bstd:78.2,StrandBias:0.1,Multiplicity:1.22
0.082	0.075	0.054	0.789
0.039	0.049	0.042	0.870
0.762	0.072	0.067	0.099
0.069	0.088	0.058	0.785
0.078	0.040	0.072	0.810
0.100	0.069	0.048	0.783
0.077	0.782	0.070	0.071
0.062	0.060	0.029	0.849
0.121	0.072	0.733	0.074
0.840	0.064	0.033	0.063
>CTAACTATAA	13-CTAACTATAA	10.296193	-14.089287	0	T:12.0(0.21%),B:15.0(0.03%),P:1e-6	Tpos:126.8,Tstd:71.6,Bpos:161.0,Bstd:73.2,StrandBias:0.0,Multiplicity:1.00
0.100	0.700	0.100	0.100
0.100	0.100	0.100	0.700
0.700	0.100	0.100	0.100
0.700	0.100	0.100	0.100
0.100	0.700	0.100	0.100
0.100	0.100	0.100	0.700
0.700	0.100	0.100	0.100
0.100	0.100	0.100	0.700
0.700	0.100	0.100	0.100
0.700	0.100	0.100	0.100
>AATCASCCAA	14-AATCASCCAA	11.036739	-13.813759	0	T:25.0(0.45%),B:63.4(0.14%),P:1e-5	Tpos:156.6,Tstd:139.0,Bpos:140.9,Bstd:79.4,StrandBias:0.7,Multiplicity:1.16
0.827	0.001	0.001	0.171
0.997	0.001	0.001	0.001
0.001	0.001	0.001	0.997
0.001	0.997	0.001	0.001
0.997	0.001	0.001	0.001
0.001	0.532	0.466	0.001
0.001	0.997	0.001	0.001
0.001	0.665	0.333	0.001
0.997	0.001	0.001	0.001
0.997	0.001	0.001	0.001
>AGGGTTAGTT	15-AGGGTTAGTT	10.296193	-12.309858	0	T:7.0(0.13%),B:5.0(0.01%),P:1e-5	Tpos:124.1,Tstd:69.9,Bpos:181.6,Bstd:71.3,StrandBias:1.3,Multiplicity:1.00
0.700	0.100	0.100	0.100
0.100	0.100	0.700	0.100
0.100	0.100	0.700	0.100
0.100	0.100	0.700	0.100
0.100	0.100	0.100	0.700
0.100	0.100	0.100	0.700
0.700	0.100	0.100	0.100
0.100	0.100	0.700	0.100
0.100	0.100	0.100	0.700
0.100	0.100	0.100	0.700
>GTCCGTGTGG	16-GTCCGTGTGG	10.296193	-11.889042	0	T:5.0(0.09%),B:3.0(0.01%),P:1e-5	Tpos:214.8,Tstd:132.0,Bpos:109.2,Bstd:28.6,StrandBias:2.0,Multiplicity:1.00
0.100	0.100	0.700	0.100
0.100	0.100	0.100	0.700
0.100	0.700	0.100	0.100
0.100	0.700	0.100	0.100
0.100	0.100	0.700	0.100
0.100	0.100	0.100	0.700
0.100	0.100	0.700	0.100
0.100	0.100	0.100	0.700
0.100	0.100	0.700	0.100
0.100	0.100	0.700	0.100
>GACTATCTAC	17-GACTATCTAC	10.296193	-3.642419	0	T:3.0(0.05%),B:5.1(0.01%),P:1e-1	Tpos:99.3,Tstd:67.1,Bpos:135.5,Bstd:64.1,StrandBias:3.0,Multiplicity:3.00
0.100	0.100	0.700	0.100
0.700	0.100	0.100	0.100
0.100	0.700	0.100	0.100
0.100	0.100	0.100	0.700
0.700	0.100	0.100	0.100
0.100	0.100	0.100	0.700
0.100	0.700	0.100	0.100
0.100	0.100	0.100	0.700
0.700	0.100	0.100	0.100
0.100	0.700	0.100	0.100
>GGATGTGATG	18-GGATGTGATG	10.296193	-1.399167	0	T:4.0(0.07%),B:20.4(0.05%),P:1e0	Tpos:198.2,Tstd:150.1,Bpos:129.6,Bstd:71.2,StrandBias:-3.1,Multiplicity:4.75
0.100	0.100	0.700	0.100
0.100	0.100	0.700	0.100
0.700	0.100	0.100	0.100
0.100	0.100	0.100	0.700
0.100	0.100	0.700	0.100
0.100	0.100	0.100	0.700
0.100	0.100	0.700	0.100
0.700	0.100	0.100	0.100
0.100	0.100	0.100	0.700
0.100	0.100	0.700	0.100
>AAAMCTTTCTTT	1-AAAMCTTTCTTT	10.107077	-32.899526	0	T:152.0(2.72%),B:601.3(1.35%),P:1e-14	Tpos:198.7,Tstd:164.6,Bpos:138.8,Bstd:77.0,StrandBias:-0.2,Multiplicity:1.01
0.997	0.001	0.001	0.001
0.572	0.203	0.224	0.001
0.788	0.001	0.210	0.001
0.345	0.470	0.001	0.184
0.001	0.997	0.001	0.001
0.001	0.001	0.001	0.997
0.259	0.001	0.232	0.508
0.001	0.001	0.346	0.652
0.175	0.823	0.001	0.001
0.001	0.001	0.001	0.997
0.001	0.001	0.340	0.658
0.104	0.001	0.239	0.656
>TGCCTCCTGAAA	2-TGCCTCCTGAAA	10.466213	-31.230517	0	T:60.0(1.07%),B:149.9(0.34%),P:1e-13	Tpos:201.4,Tstd:208.1,Bpos:121.6,Bstd:81.0,StrandBias:-0.7,Multiplicity:1.02
0.138	0.012	0.001	0.849
0.007	0.042	0.921	0.030
0.120	0.546	0.198	0.136
0.205	0.680	0.036	0.079
0.062	0.062	0.001	0.875
0.050	0.633	0.160	0.157
0.055	0.867	0.012	0.066
0.196	0.025	0.001	0.778
0.043	0.059	0.868	0.030
0.637	0.110	0.241	0.012
0.624	0.262	0.067	0.047
0.844	0.012	0.059	0.085
>TCACTCCAAAAT	3-TCACTCCAAAAT	8.872046	-29.950665	0	T:192.0(3.43%),B:856.2(1.93%),P:1e-13	Tpos:200.2,Tstd:197.3,Bpos:144.6,Bstd:77.2,StrandBias:0.2,Multiplicity:1.01
0.071	0.031	0.046	0.852
0.044	0.813	0.083	0.060
0.878	0.059	0.001	0.062
0.056	0.797	0.034	0.113
0.112	0.049	0.023	0.816
0.072	0.778	0.036	0.114
0.085	0.839	0.019	0.057
0.859	0.041	0.018	0.082
0.864	0.039	0.063	0.034
0.778	0.088	0.070	0.064
0.906	0.051	0.001	0.042
0.060	0.068	0.049	0.823
>CTAACTATAAGC	4-CTAACTATAAGC	13.539382	-29.122052	0	T:10.0(0.18%),B:2.0(0.00%),P:1e-12	Tpos:151.2,Tstd:78.0,Bpos:203.5,Bstd:40.1,StrandBias:0.6,Multiplicity:1.00
0.001	0.874	0.124	0.001
0.001	0.001	0.001	0.997
0.997	0.001	0.001	0.001
0.997	0.001	0.001	0.001
0.089	0.909	0.001	0.001
0.001	0.001	0.001	0.997
0.874	0.001	0.124	0.001
0.001	0.001	0.001	0.997
0.997	0.001	0.001	0.001
0.874	0.124	0.001	0.001
0.001	0.001	0.714	0.284
0.001	0.749	0.125	0.125
>CTTGTTAGTGAT	5-CTTGTTAGTGAT	10.673823	-27.582938	0	T:26.0(0.46%),B:34.6(0.08%),P:1e-11	Tpos:161.9,Tstd:260.8,Bpos:137.9,Bstd:90.3,StrandBias:0.7,Multiplicity:1.00
0.053	0.688	0.166	0.093
0.053	0.060	0.013	0.874
0.023	0.013	0.270	0.694
0.038	0.240	0.697	0.025
0.043	0.210	0.160	0.587
0.038	0.049	0.044	0.869
0.689	0.095	0.037	0.179
0.030	0.199	0.587	0.184
0.092	0.018	0.023	0.867
0.217	0.053	0.679	0.051
0.908	0.028	0.040	0.024
0.243	0.150	0.013	0.594
>AAAGCTCATCAA	6-AAAGCTCATCAA	13.085809	-26.675574	0	T:17.0(0.30%),B:13.1(0.03%),P:1e-11	Tpos:228.1,Tstd:177.7,Bpos:161.0,Bstd:57.8,StrandBias:-0.5,Multiplicity:1.00
0.841	0.079	0.079	0.001
0.942	0.056	0.001	0.001
0.920	0.001	0.001	0.078
0.030	0.001	0.968	0.001
0.001	0.997	0.001	0.001
0.001	0.078	0.001	0.920
0.001	0.997	0.001	0.001
0.884	0.079	0.001	0.036
0.079	0.079	0.037	0.805
0.001	0.954	0.001	0.044
0.920	0.001	0.078	0.001
0.841	0.079	0.079	0.001
>CAGATCACATTG	7-CAGATCACATTG	12.738260	-25.697956	0	T:18.0(0.32%),B:16.0(0.04%),P:1e-11	Tpos:181.8,Tstd:176.2,Bpos:186.1,Bstd:58.6,StrandBias:-0.3,Multiplicity:1.11
0.001	0.989	0.009	0.001
0.903	0.001	0.001	0.095
0.001	0.001	0.997	0.001
0.807	0.096	0.096	0.001
0.001	0.001	0.191	0.807
0.001	0.712	0.096	0.191
0.997	0.001	0.001	0.001
0.095	0.903	0.001	0.001
0.997	0.001	0.001	0.001
0.205	0.001	0.290	0.504
0.001	0.001	0.001	0.997
0.206	0.109	0.481	0.203
>TGAAACGGTGAT	8-TGAAACGGTGAT	14.257152	-25.437461	0	T:9.0(0.16%),B:3.0(0.01%),P:1e-11	Tpos:74.8,Tstd:40.0,Bpos:137.3,Bstd:102.2,StrandBias:1.8,Multiplicity:1.00
0.001	0.001	0.001	0.997
0.001	0.001	0.997	0.001
0.997	0.001	0.001	0.001
0.997	0.001	0.001	0.001
0.997	0.001	0.001	0.001
0.200	0.599	0.001	0.200
0.001	0.199	0.799	0.001
0.199	0.001	0.799	0.001
0.001	0.001	0.001	0.997
0.001	0.001	0.997	0.001
0.997	0.001	0.001	0.001
0.001	0.001	0.001	0.997
>GAGCYWATACAG	9-GAGCYWATACAG	13.128246	-23.137741	0	T:7.0(0.13%),B:2.0(0.00%),P:1e-10	Tpos:59.0,Tstd:51.1,Bpos:62.1,Bstd:47.6,StrandBias:-0.4,Multiplicity:1.00
0.001	0.001	0.997	0.001
0.997	0.001	0.001	0.001
0.001	0.001	0.874	0.124
0.079	0.647	0.273	0.001
0.001	0.398	0.215	0.386
0.500	0.125	0.001	0.375
0.997	0.001	0.001	0.001
0.001	0.001	0.001	0.997
0.678	0.320	0.001	0.001
0.001	0.997	0.001	0.001
0.997	0.001	0.001	0.001
0.001	0.001	0.874	0.124
>AGTGGTCCCTAT	10-AGTGGTCCCTAT	13.727919	-22.313767	0	T:12.0(0.21%),B:7.8(0.02%),P:1e-9	Tpos:122.4,Tstd:82.4,Bpos:141.3,Bstd:73.9,StrandBias:0.5,Multiplicity:1.00
0.869	0.001	0.001	0.129
0.129	0.001	0.741	0.129
0.001	0.001	0.001	0.997
0.001	0.001	0.997	0.001
0.001	0.001	0.997	0.001
0.001	0.001	0.001	0.997
0.001	0.906	0.001	0.092
0.001	0.997	0.001	0.001
0.001	0.997	0.001	0.001
0.001	0.001	0.001	0.997
0.741	0.001	0.129	0.129
0.001	0.001	0.129	0.869
>ACACATCCTCCA	11-ACACATCCTCCA	12.679951	-22.154461	0	T:18.0(0.32%),B:20.2(0.05%),P:1e-9	Tpos:325.2,Tstd:257.8,Bpos:127.3,Bstd:77.8,StrandBias:-1.2,Multiplicity:1.50
0.939	0.001	0.059	0.001
0.190	0.726	0.083	0.001
0.916	0.001	0.001	0.082
0.001	0.997	0.001	0.001
0.997	0.001	0.001	0.001
0.046	0.001	0.001	0.952
0.001	0.916	0.082	0.001
0.311	0.605	0.001	0.083
0.001	0.001	0.001	0.997
0.001	0.997	0.001	0.001
0.001	0.997	0.001	0.001
0.939	0.001	0.001	0.059
>AKATCMCCCAAA	12-AKATCMCCCAAA	11.853137	-21.095012	0	T:20.0(0.36%),B:27.7(0.06%),P:1e-9	Tpos:127.0,Tstd:102.9,Bpos:143.1,Bstd:68.9,StrandBias:0.6,Multiplicity:1.15
0.903	0.095	0.001	0.001
0.001	0.001	0.478	0.520
0.692	0.001	0.306	0.001
0.001	0.206	0.001	0.792
0.001	0.997	0.001	0.001
0.504	0.494	0.001	0.001
0.001	0.997	0.001	0.001
0.095	0.903	0.001	0.001
0.001	0.997	0.001	0.001
0.711	0.287	0.001	0.001
0.997	0.001	0.001	0.001
0.903	0.001	0.095	0.001
>CGTTTTTAAAGA	13-CGTTTTTAAAGA	13.649314	-20.826856	0	T:12.0(0.21%),B:8.9(0.02%),P:1e-9	Tpos:141.3,Tstd:157.1,Bpos:195.0,Bstd:68.1,StrandBias:2.3,Multiplicity:1.00
0.001	0.997	0.001	0.001
0.001	0.001	0.848	0.150
0.001	0.001	0.001	0.997
0.001	0.001	0.001	0.997
0.410	0.001	0.001	0.588
0.001	0.001	0.001	0.997
0.001	0.001	0.001	0.997
0.997	0.001	0.001	0.001
0.997	0.001	0.001	0.001
0.997	0.001	0.001	0.001
0.410	0.001	0.588	0.001
0.997	0.001	0.001	0.001
>TGTGAGTASACC	14-TGTGAGTASACC	13.334793	-18.395557	0	T:7.0(0.13%),B:2.0(0.00%),P:1e-7	Tpos:117.7,Tstd:98.8,Bpos:77.0,Bstd:63.5,StrandBias:-1.6,Multiplicity:1.71
0.001	0.001	0.102	0.896
0.001	0.102	0.896	0.001
0.001	0.001	0.001	0.997
0.001	0.001	0.997	0.001
0.997	0.001	0.001	0.001
0.001	0.001	0.896	0.102
0.001	0.001	0.001	0.997
0.997	0.001	0.001	0.001
0.001	0.384	0.513	0.102
0.896	0.001	0.001	0.102
0.001	0.997	0.001	0.001
0.001	0.997	0.001	0.001
>ATTTAACTGAAA	15-ATTTAACTGAAA	12.355432	-18.395557	0	T:7.0(0.13%),B:2.9(0.01%),P:1e-7	Tpos:409.4,Tstd:246.0,Bpos:156.7,Bstd:40.7,StrandBias:0.4,Multiplicity:1.00
0.700	0.100	0.100	0.100
0.100	0.100	0.100	0.700
0.100	0.100	0.100	0.700
0.100	0.100	0.100	0.700
0.700	0.100	0.100	0.100
0.700	0.100	0.100	0.100
0.100	0.700	0.100	0.100
0.100	0.100	0.100	0.700
0.100	0.100	0.700	0.100
0.700	0.100	0.100	0.100
0.700	0.100	0.100	0.100
0.700	0.100	0.100	0.100
>CTACTTAATTTT	16-CTACTTAATTTT	12.355432	-15.065907	0	T:6.0(0.11%),B:3.0(0.01%),P:1e-6	Tpos:116.5,Tstd:173.9,Bpos:125.0,Bstd:18.4,StrandBias:1.0,Multiplicity:1.00
0.100	0.700	0.100	0.100
0.100	0.100	0.100	0.700
0.700	0.100	0.100	0.100
0.100	0.700	0.100	0.100
0.100	0.100	0.100	0.700
0.100	0.100	0.100	0.700
0.700	0.100	0.100	0.100
0.700	0.100	0.100	0.100
0.100	0.100	0.100	0.700
0.100	0.100	0.100	0.700
0.100	0.100	0.100	0.700
0.100	0.100	0.100	0.700
>AACGAGGCGGAA	17-AACGAGGCGGAA	10.409522	-15.065907	0	T:6.0(0.11%),B:3.0(0.01%),P:1e-6	Tpos:200.0,Tstd:167.7,Bpos:46.1,Bstd:44.0,StrandBias:0.0,Multiplicity:1.00
0.700	0.100	0.100	0.100
0.700	0.100	0.100	0.100
0.100	0.700	0.100	0.100
0.100	0.100	0.700	0.100
0.700	0.100	0.100	0.100
0.100	0.100	0.700	0.100
0.100	0.100	0.700	0.100
0.100	0.700	0.100	0.100
0.100	0.100	0.700	0.100
0.100	0.100	0.700	0.100
0.700	0.100	0.100	0.100
0.700	0.100	0.100	0.100
>AATATATATCAT	18-AATATATATCAT	12.355432	-11.889042	0	T:5.0(0.09%),B:3.0(0.01%),P:1e-5	Tpos:194.0,Tstd:115.0,Bpos:66.4,Bstd:17.5,StrandBias:-0.6,Multiplicity:1.00
0.700	0.100	0.100	0.100
0.700	0.100	0.100	0.100
0.100	0.100	0.100	0.700
0.700	0.100	0.100	0.100
0.100	0.100	0.100	0.700
0.700	0.100	0.100	0.100
0.100	0.100	0.100	0.700
0.700	0.100	0.100	0.100
0.100	0.100	0.100	0.700
0.100	0.700	0.100	0.100
0.700	0.100	0.100	0.100
0.100	0.100	0.100	0.700
>TGACTATCTACC	19-TGACTATCTACC	12.633421	-11.564684	0	T:4.0(0.07%),B:1.0(0.00%),P:1e-5	Tpos:94.8,Tstd:71.9,Bpos:144.0,Bstd:0.0,StrandBias:2.3,Multiplicity:3.00
0.083	0.250	0.083	0.584
0.001	0.001	0.997	0.001
0.997	0.001	0.001	0.001
0.001	0.916	0.001	0.082
0.001	0.001	0.001	0.997
0.997	0.001	0.001	0.001
0.001	0.001	0.001	0.997
0.001	0.997	0.001	0.001
0.001	0.001	0.001	0.997
0.997	0.001	0.001	0.001
0.082	0.916	0.001	0.001
0.001	0.997	0.001	0.001
>TGCAGCCTGGTC	20-TGCAGCCTGGTC	13.844668	-6.114356	0	T:3.0(0.05%),B:3.0(0.01%),P:1e-2	Tpos:201.6,Tstd:127.5,Bpos:92.1,Bstd:103.1,StrandBias:10.0,Multiplicity:6.67
0.001	0.068	0.001	0.930
0.001	0.001	0.997	0.001
0.001	0.997	0.001	0.001
0.997	0.001	0.001	0.001
0.001	0.001	0.997	0.001
0.001	0.997	0.001	0.001
0.001	0.997	0.001	0.001
0.001	0.001	0.001	0.997
0.001	0.001	0.997	0.001
0.001	0.001	0.997	0.001
0.001	0.001	0.001	0.997
0.068	0.930	0.001	0.001
>TGAGATCAGTGC	21-TGAGATCAGTGC	14.309847	-6.114356	0	T:3.0(0.05%),B:2.0(0.00%),P:1e-2	Tpos:260.4,Tstd:177.1,Bpos:130.9,Bstd:99.5,StrandBias:2.6,Multiplicity:4.67
0.001	0.001	0.001	0.997
0.001	0.001	0.997	0.001
0.997	0.001	0.001	0.001
0.001	0.001	0.997	0.001
0.997	0.001	0.001	0.001
0.001	0.001	0.001	0.997
0.001	0.897	0.001	0.101
0.997	0.001	0.001	0.001
0.001	0.001	0.997	0.001
0.001	0.001	0.001	0.997
0.001	0.001	0.997	0.001
0.001	0.997	0.001	0.001
>GGAGGTGACACA	22-GGAGGTGACACA	14.279428	-6.114356	0	T:3.0(0.05%),B:2.9(0.01%),P:1e-2	Tpos:191.3,Tstd:117.5,Bpos:161.1,Bstd:56.0,StrandBias:2.3,Multiplicity:4.00
0.001	0.001	0.997	0.001
0.001	0.001	0.997	0.001
0.997	0.001	0.001	0.001
0.001	0.001	0.997	0.001
0.001	0.001	0.888	0.110
0.001	0.001	0.001	0.997
0.001	0.001	0.997	0.001
0.997	0.001	0.001	0.001
0.001	0.888	0.001	0.110
0.997	0.001	0.001	0.001
0.001	0.997	0.001	0.001
0.997	0.001	0.001	0.001
>TCAGCCTCTGAC	23-TCAGCCTCTGAC	12.355432	-4.990907	0	T:3.0(0.05%),B:3.0(0.01%),P:1e-2	Tpos:64.5,Tstd:40.4,Bpos:145.3,Bstd:58.6,StrandBias:2.3,Multiplicity:2.00
0.100	0.100	0.100	0.700
0.100	0.700	0.100	0.100
0.700	0.100	0.100	0.100
0.100	0.100	0.700	0.100
0.100	0.700	0.100	0.100
0.100	0.700	0.100	0.100
0.100	0.100	0.100	0.700
0.100	0.700	0.100	0.100
0.100	0.100	0.100	0.700
0.100	0.100	0.700	0.100
0.700	0.100	0.100	0.100
0.100	0.700	0.100	0.100
>ATGGTGTACACT	24-ATGGTGTACACT	11.503393	-4.220177	0	T:3.0(0.05%),B:5.0(0.01%),P:1e-1	Tpos:136.2,Tstd:75.8,Bpos:128.9,Bstd:31.3,StrandBias:3.5,Multiplicity:4.00
0.997	0.001	0.001	0.001
0.001	0.001	0.001	0.997
0.001	0.001	0.920	0.078
0.001	0.001	0.997	0.001
0.001	0.001	0.001	0.997
0.078	0.001	0.920	0.001
0.001	0.001	0.001	0.997
0.997	0.001	0.001	0.001
0.001	0.997	0.001	0.001
0.997	0.001	0.001	0.001
0.001	0.997	0.001	0.001
0.001	0.001	0.001	0.997
>TCCATCACATCC	25-TCCATCACATCC	12.355432	-3.615738	0	T:2.0(0.04%),B:2.9(0.01%),P:1e-1	Tpos:172.5,Tstd:104.6,Bpos:188.1,Bstd:49.9,StrandBias:4.0,Multiplicity:8.50
0.100	0.100	0.100	0.700
0.100	0.700	0.100	0.100
0.100	0.700	0.100	0.100
0.700	0.100	0.100	0.100
0.100	0.100	0.100	0.700
0.100	0.700	0.100	0.100
0.700	0.100	0.100	0.100
0.100	0.700	0.100	0.100
0.700	0.100	0.100	0.100
0.100	0.100	0.100	0.700
0.100	0.700	0.100	0.100
0.100	0.700	0.100	0.100
>ACATTATG	1-ACATTATG	7.416521	-17.447422	0	T:549.0(9.81%),B:3456.6(7.78%),P:1e-7	Tpos:208.1,Tstd:196.2,Bpos:140.5,Bstd:79.3,StrandBias:0.0,Multiplicity:1.08
0.897	0.001	0.039	0.063
0.037	0.898	0.064	0.001
0.939	0.001	0.016	0.044
0.023	0.033	0.067	0.877
0.132	0.046	0.085	0.737
0.879	0.077	0.001	0.043
0.069	0.001	0.001	0.929
0.001	0.001	0.892	0.106
>GTTATCAA	2-GTTATCAA	8.210328	-17.063241	0	T:217.0(3.88%),B:1173.3(2.64%),P:1e-7	Tpos:216.9,Tstd:238.3,Bpos:145.3,Bstd:79.8,StrandBias:-0.1,Multiplicity:1.06
0.001	0.001	0.997	0.001
0.161	0.001	0.001	0.837
0.001	0.001	0.001	0.997
0.997	0.001	0.001	0.001
0.001	0.001	0.001	0.997
0.258	0.740	0.001	0.001
0.906	0.001	0.092	0.001
0.997	0.001	0.001	0.001
>GTCGTACC	3-GTCGTACC	7.018378	-16.587409	0	T:191.0(3.41%),B:1011.8(2.28%),P:1e-7	Tpos:224.0,Tstd:262.9,Bpos:140.5,Bstd:78.2,StrandBias:0.2,Multiplicity:1.03
0.001	0.297	0.701	0.001
0.001	0.234	0.018	0.747
0.026	0.772	0.201	0.001
0.001	0.001	0.646	0.352
0.001	0.059	0.001	0.939
0.710	0.210	0.026	0.054
0.348	0.593	0.001	0.058
0.001	0.898	0.007	0.094
>TGCGTGAT	4-TGCGTGAT	9.104413	-12.507951	0	T:97.0(1.73%),B:470.0(1.06%),P:1e-5	Tpos:216.3,Tstd:198.0,Bpos:147.0,Bstd:78.5,StrandBias:-0.4,Multiplicity:1.06
0.001	0.001	0.001	0.997
0.001	0.001	0.997	0.001
0.001	0.688	0.310	0.001
0.001	0.001	0.997	0.001
0.001	0.266	0.001	0.732
0.001	0.001	0.997	0.001
0.997	0.001	0.001	0.001
0.001	0.001	0.384	0.614
>AGGCTGGA	5-AGGCTGGA	8.236954	-9.131988	0	T:105.0(1.88%),B:567.4(1.28%),P:1e-3	Tpos:184.4,Tstd:192.9,Bpos:139.0,Bstd:81.1,StrandBias:-0.7,Multiplicity:1.01
0.700	0.100	0.100	0.100
0.100	0.100	0.700	0.100
0.100	0.100	0.700	0.100
0.100	0.700	0.100	0.100
0.100	0.100	0.100	0.700
0.100	0.100	0.700	0.100
0.100	0.100	0.700	0.100
0.700	0.100	0.100	0.100
