>AAAMCTTTCTTT	1-AAAMCTTTCTTT	10.107077	-32.899526	0	T:152.0(2.72%),B:601.3(1.35%),P:1e-14	Tpos:198.7,Tstd:164.6,Bpos:138.8,Bstd:77.0,StrandBias:-0.2,Multiplicity:1.01
0.997	0.001	0.001	0.001
0.572	0.203	0.224	0.001
0.788	0.001	0.210	0.001
0.345	0.470	0.001	0.184
0.001	0.997	0.001	0.001
0.001	0.001	0.001	0.997
0.259	0.001	0.232	0.508
0.001	0.001	0.346	0.652
0.175	0.823	0.001	0.001
0.001	0.001	0.001	0.997
0.001	0.001	0.340	0.658
0.104	0.001	0.239	0.656
>TGCCTCCTGAAA	2-TGCCTCCTGAAA	10.466213	-31.230517	0	T:60.0(1.07%),B:149.9(0.34%),P:1e-13	Tpos:201.4,Tstd:208.1,Bpos:121.6,Bstd:81.0,StrandBias:-0.7,Multiplicity:1.02
0.138	0.012	0.001	0.849
0.007	0.042	0.921	0.030
0.120	0.546	0.198	0.136
0.205	0.680	0.036	0.079
0.062	0.062	0.001	0.875
0.050	0.633	0.160	0.157
0.055	0.867	0.012	0.066
0.196	0.025	0.001	0.778
0.043	0.059	0.868	0.030
0.637	0.110	0.241	0.012
0.624	0.262	0.067	0.047
0.844	0.012	0.059	0.085
>TCACTCCAAAAT	3-TCACTCCAAAAT	8.872046	-29.950665	0	T:192.0(3.43%),B:856.2(1.93%),P:1e-13	Tpos:200.2,Tstd:197.3,Bpos:144.6,Bstd:77.2,StrandBias:0.2,Multiplicity:1.01
0.071	0.031	0.046	0.852
0.044	0.813	0.083	0.060
0.878	0.059	0.001	0.062
0.056	0.797	0.034	0.113
0.112	0.049	0.023	0.816
0.072	0.778	0.036	0.114
0.085	0.839	0.019	0.057
0.859	0.041	0.018	0.082
0.864	0.039	0.063	0.034
0.778	0.088	0.070	0.064
0.906	0.051	0.001	0.042
0.060	0.068	0.049	0.823
>CTAACTATAAGC	4-CTAACTATAAGC	13.539382	-29.122052	0	T:10.0(0.18%),B:2.0(0.00%),P:1e-12	Tpos:151.2,Tstd:78.0,Bpos:203.5,Bstd:40.1,StrandBias:0.6,Multiplicity:1.00
0.001	0.874	0.124	0.001
0.001	0.001	0.001	0.997
0.997	0.001	0.001	0.001
0.997	0.001	0.001	0.001
0.089	0.909	0.001	0.001
0.001	0.001	0.001	0.997
0.874	0.001	0.124	0.001
0.001	0.001	0.001	0.997
0.997	0.001	0.001	0.001
0.874	0.124	0.001	0.001
0.001	0.001	0.714	0.284
0.001	0.749	0.125	0.125
>CTTGTTAGTGAT	5-CTTGTTAGTGAT	10.673823	-27.582938	0	T:26.0(0.46%),B:34.6(0.08%),P:1e-11	Tpos:161.9,Tstd:260.8,Bpos:137.9,Bstd:90.3,StrandBias:0.7,Multiplicity:1.00
0.053	0.688	0.166	0.093
0.053	0.060	0.013	0.874
0.023	0.013	0.270	0.694
0.038	0.240	0.697	0.025
0.043	0.210	0.160	0.587
0.038	0.049	0.044	0.869
0.689	0.095	0.037	0.179
0.030	0.199	0.587	0.184
0.092	0.018	0.023	0.867
0.217	0.053	0.679	0.051
0.908	0.028	0.040	0.024
0.243	0.150	0.013	0.594
>AAAGCTCATCAA	6-AAAGCTCATCAA	13.085809	-26.675574	0	T:17.0(0.30%),B:13.1(0.03%),P:1e-11	Tpos:228.1,Tstd:177.7,Bpos:161.0,Bstd:57.8,StrandBias:-0.5,Multiplicity:1.00
0.841	0.079	0.079	0.001
0.942	0.056	0.001	0.001
0.920	0.001	0.001	0.078
0.030	0.001	0.968	0.001
0.001	0.997	0.001	0.001
0.001	0.078	0.001	0.920
0.001	0.997	0.001	0.001
0.884	0.079	0.001	0.036
0.079	0.079	0.037	0.805
0.001	0.954	0.001	0.044
0.920	0.001	0.078	0.001
0.841	0.079	0.079	0.001
>CAGATCACATTG	7-CAGATCACATTG	12.738260	-25.697956	0	T:18.0(0.32%),B:16.0(0.04%),P:1e-11	Tpos:181.8,Tstd:176.2,Bpos:186.1,Bstd:58.6,StrandBias:-0.3,Multiplicity:1.11
0.001	0.989	0.009	0.001
0.903	0.001	0.001	0.095
0.001	0.001	0.997	0.001
0.807	0.096	0.096	0.001
0.001	0.001	0.191	0.807
0.001	0.712	0.096	0.191
0.997	0.001	0.001	0.001
0.095	0.903	0.001	0.001
0.997	0.001	0.001	0.001
0.205	0.001	0.290	0.504
0.001	0.001	0.001	0.997
0.206	0.109	0.481	0.203
>TGAAACGGTGAT	8-TGAAACGGTGAT	14.257152	-25.437461	0	T:9.0(0.16%),B:3.0(0.01%),P:1e-11	Tpos:74.8,Tstd:40.0,Bpos:137.3,Bstd:102.2,StrandBias:1.8,Multiplicity:1.00
0.001	0.001	0.001	0.997
0.001	0.001	0.997	0.001
0.997	0.001	0.001	0.001
0.997	0.001	0.001	0.001
0.997	0.001	0.001	0.001
0.200	0.599	0.001	0.200
0.001	0.199	0.799	0.001
0.199	0.001	0.799	0.001
0.001	0.001	0.001	0.997
0.001	0.001	0.997	0.001
0.997	0.001	0.001	0.001
0.001	0.001	0.001	0.997
>GAGCYWATACAG	9-GAGCYWATACAG	13.128246	-23.137741	0	T:7.0(0.13%),B:2.0(0.00%),P:1e-10	Tpos:59.0,Tstd:51.1,Bpos:62.1,Bstd:47.6,StrandBias:-0.4,Multiplicity:1.00
0.001	0.001	0.997	0.001
0.997	0.001	0.001	0.001
0.001	0.001	0.874	0.124
0.079	0.647	0.273	0.001
0.001	0.398	0.215	0.386
0.500	0.125	0.001	0.375
0.997	0.001	0.001	0.001
0.001	0.001	0.001	0.997
0.678	0.320	0.001	0.001
0.001	0.997	0.001	0.001
0.997	0.001	0.001	0.001
0.001	0.001	0.874	0.124
>AGTGGTCCCTAT	10-AGTGGTCCCTAT	13.727919	-22.313767	0	T:12.0(0.21%),B:7.8(0.02%),P:1e-9	Tpos:122.4,Tstd:82.4,Bpos:141.3,Bstd:73.9,StrandBias:0.5,Multiplicity:1.00
0.869	0.001	0.001	0.129
0.129	0.001	0.741	0.129
0.001	0.001	0.001	0.997
0.001	0.001	0.997	0.001
0.001	0.001	0.997	0.001
0.001	0.001	0.001	0.997
0.001	0.906	0.001	0.092
0.001	0.997	0.001	0.001
0.001	0.997	0.001	0.001
0.001	0.001	0.001	0.997
0.741	0.001	0.129	0.129
0.001	0.001	0.129	0.869
>ACACATCCTCCA	11-ACACATCCTCCA	12.679951	-22.154461	0	T:18.0(0.32%),B:20.2(0.05%),P:1e-9	Tpos:325.2,Tstd:257.8,Bpos:127.3,Bstd:77.8,StrandBias:-1.2,Multiplicity:1.50
0.939	0.001	0.059	0.001
0.190	0.726	0.083	0.001
0.916	0.001	0.001	0.082
0.001	0.997	0.001	0.001
0.997	0.001	0.001	0.001
0.046	0.001	0.001	0.952
0.001	0.916	0.082	0.001
0.311	0.605	0.001	0.083
0.001	0.001	0.001	0.997
0.001	0.997	0.001	0.001
0.001	0.997	0.001	0.001
0.939	0.001	0.001	0.059
>AKATCMCCCAAA	12-AKATCMCCCAAA	11.853137	-21.095012	0	T:20.0(0.36%),B:27.7(0.06%),P:1e-9	Tpos:127.0,Tstd:102.9,Bpos:143.1,Bstd:68.9,StrandBias:0.6,Multiplicity:1.15
0.903	0.095	0.001	0.001
0.001	0.001	0.478	0.520
0.692	0.001	0.306	0.001
0.001	0.206	0.001	0.792
0.001	0.997	0.001	0.001
0.504	0.494	0.001	0.001
0.001	0.997	0.001	0.001
0.095	0.903	0.001	0.001
0.001	0.997	0.001	0.001
0.711	0.287	0.001	0.001
0.997	0.001	0.001	0.001
0.903	0.001	0.095	0.001
>CGTTTTTAAAGA	13-CGTTTTTAAAGA	13.649314	-20.826856	0	T:12.0(0.21%),B:8.9(0.02%),P:1e-9	Tpos:141.3,Tstd:157.1,Bpos:195.0,Bstd:68.1,StrandBias:2.3,Multiplicity:1.00
0.001	0.997	0.001	0.001
0.001	0.001	0.848	0.150
0.001	0.001	0.001	0.997
0.001	0.001	0.001	0.997
0.410	0.001	0.001	0.588
0.001	0.001	0.001	0.997
0.001	0.001	0.001	0.997
0.997	0.001	0.001	0.001
0.997	0.001	0.001	0.001
0.997	0.001	0.001	0.001
0.410	0.001	0.588	0.001
0.997	0.001	0.001	0.001
>TGTGAGTASACC	14-TGTGAGTASACC	13.334793	-18.395557	0	T:7.0(0.13%),B:2.0(0.00%),P:1e-7	Tpos:117.7,Tstd:98.8,Bpos:77.0,Bstd:63.5,StrandBias:-1.6,Multiplicity:1.71
0.001	0.001	0.102	0.896
0.001	0.102	0.896	0.001
0.001	0.001	0.001	0.997
0.001	0.001	0.997	0.001
0.997	0.001	0.001	0.001
0.001	0.001	0.896	0.102
0.001	0.001	0.001	0.997
0.997	0.001	0.001	0.001
0.001	0.384	0.513	0.102
0.896	0.001	0.001	0.102
0.001	0.997	0.001	0.001
0.001	0.997	0.001	0.001
>ATTTAACTGAAA	15-ATTTAACTGAAA	12.355432	-18.395557	0	T:7.0(0.13%),B:2.9(0.01%),P:1e-7	Tpos:409.4,Tstd:246.0,Bpos:156.7,Bstd:40.7,StrandBias:0.4,Multiplicity:1.00
0.700	0.100	0.100	0.100
0.100	0.100	0.100	0.700
0.100	0.100	0.100	0.700
0.100	0.100	0.100	0.700
0.700	0.100	0.100	0.100
0.700	0.100	0.100	0.100
0.100	0.700	0.100	0.100
0.100	0.100	0.100	0.700
0.100	0.100	0.700	0.100
0.700	0.100	0.100	0.100
0.700	0.100	0.100	0.100
0.700	0.100	0.100	0.100
>CTACTTAATTTT	16-CTACTTAATTTT	12.355432	-15.065907	0	T:6.0(0.11%),B:3.0(0.01%),P:1e-6	Tpos:116.5,Tstd:173.9,Bpos:125.0,Bstd:18.4,StrandBias:1.0,Multiplicity:1.00
0.100	0.700	0.100	0.100
0.100	0.100	0.100	0.700
0.700	0.100	0.100	0.100
0.100	0.700	0.100	0.100
0.100	0.100	0.100	0.700
0.100	0.100	0.100	0.700
0.700	0.100	0.100	0.100
0.700	0.100	0.100	0.100
0.100	0.100	0.100	0.700
0.100	0.100	0.100	0.700
0.100	0.100	0.100	0.700
0.100	0.100	0.100	0.700
>AACGAGGCGGAA	17-AACGAGGCGGAA	10.409522	-15.065907	0	T:6.0(0.11%),B:3.0(0.01%),P:1e-6	Tpos:200.0,Tstd:167.7,Bpos:46.1,Bstd:44.0,StrandBias:0.0,Multiplicity:1.00
0.700	0.100	0.100	0.100
0.700	0.100	0.100	0.100
0.100	0.700	0.100	0.100
0.100	0.100	0.700	0.100
0.700	0.100	0.100	0.100
0.100	0.100	0.700	0.100
0.100	0.100	0.700	0.100
0.100	0.700	0.100	0.100
0.100	0.100	0.700	0.100
0.100	0.100	0.700	0.100
0.700	0.100	0.100	0.100
0.700	0.100	0.100	0.100
>AATATATATCAT	18-AATATATATCAT	12.355432	-11.889042	0	T:5.0(0.09%),B:3.0(0.01%),P:1e-5	Tpos:194.0,Tstd:115.0,Bpos:66.4,Bstd:17.5,StrandBias:-0.6,Multiplicity:1.00
0.700	0.100	0.100	0.100
0.700	0.100	0.100	0.100
0.100	0.100	0.100	0.700
0.700	0.100	0.100	0.100
0.100	0.100	0.100	0.700
0.700	0.100	0.100	0.100
0.100	0.100	0.100	0.700
0.700	0.100	0.100	0.100
0.100	0.100	0.100	0.700
0.100	0.700	0.100	0.100
0.700	0.100	0.100	0.100
0.100	0.100	0.100	0.700
>TGACTATCTACC	19-TGACTATCTACC	12.633421	-11.564684	0	T:4.0(0.07%),B:1.0(0.00%),P:1e-5	Tpos:94.8,Tstd:71.9,Bpos:144.0,Bstd:0.0,StrandBias:2.3,Multiplicity:3.00
0.083	0.250	0.083	0.584
0.001	0.001	0.997	0.001
0.997	0.001	0.001	0.001
0.001	0.916	0.001	0.082
0.001	0.001	0.001	0.997
0.997	0.001	0.001	0.001
0.001	0.001	0.001	0.997
0.001	0.997	0.001	0.001
0.001	0.001	0.001	0.997
0.997	0.001	0.001	0.001
0.082	0.916	0.001	0.001
0.001	0.997	0.001	0.001
>TGCAGCCTGGTC	20-TGCAGCCTGGTC	13.844668	-6.114356	0	T:3.0(0.05%),B:3.0(0.01%),P:1e-2	Tpos:201.6,Tstd:127.5,Bpos:92.1,Bstd:103.1,StrandBias:10.0,Multiplicity:6.67
0.001	0.068	0.001	0.930
0.001	0.001	0.997	0.001
0.001	0.997	0.001	0.001
0.997	0.001	0.001	0.001
0.001	0.001	0.997	0.001
0.001	0.997	0.001	0.001
0.001	0.997	0.001	0.001
0.001	0.001	0.001	0.997
0.001	0.001	0.997	0.001
0.001	0.001	0.997	0.001
0.001	0.001	0.001	0.997
0.068	0.930	0.001	0.001
>TGAGATCAGTGC	21-TGAGATCAGTGC	14.309847	-6.114356	0	T:3.0(0.05%),B:2.0(0.00%),P:1e-2	Tpos:260.4,Tstd:177.1,Bpos:130.9,Bstd:99.5,StrandBias:2.6,Multiplicity:4.67
0.001	0.001	0.001	0.997
0.001	0.001	0.997	0.001
0.997	0.001	0.001	0.001
0.001	0.001	0.997	0.001
0.997	0.001	0.001	0.001
0.001	0.001	0.001	0.997
0.001	0.897	0.001	0.101
0.997	0.001	0.001	0.001
0.001	0.001	0.997	0.001
0.001	0.001	0.001	0.997
0.001	0.001	0.997	0.001
0.001	0.997	0.001	0.001
>GGAGGTGACACA	22-GGAGGTGACACA	14.279428	-6.114356	0	T:3.0(0.05%),B:2.9(0.01%),P:1e-2	Tpos:191.3,Tstd:117.5,Bpos:161.1,Bstd:56.0,StrandBias:2.3,Multiplicity:4.00
0.001	0.001	0.997	0.001
0.001	0.001	0.997	0.001
0.997	0.001	0.001	0.001
0.001	0.001	0.997	0.001
0.001	0.001	0.888	0.110
0.001	0.001	0.001	0.997
0.001	0.001	0.997	0.001
0.997	0.001	0.001	0.001
0.001	0.888	0.001	0.110
0.997	0.001	0.001	0.001
0.001	0.997	0.001	0.001
0.997	0.001	0.001	0.001
>TCAGCCTCTGAC	23-TCAGCCTCTGAC	12.355432	-4.990907	0	T:3.0(0.05%),B:3.0(0.01%),P:1e-2	Tpos:64.5,Tstd:40.4,Bpos:145.3,Bstd:58.6,StrandBias:2.3,Multiplicity:2.00
0.100	0.100	0.100	0.700
0.100	0.700	0.100	0.100
0.700	0.100	0.100	0.100
0.100	0.100	0.700	0.100
0.100	0.700	0.100	0.100
0.100	0.700	0.100	0.100
0.100	0.100	0.100	0.700
0.100	0.700	0.100	0.100
0.100	0.100	0.100	0.700
0.100	0.100	0.700	0.100
0.700	0.100	0.100	0.100
0.100	0.700	0.100	0.100
>ATGGTGTACACT	24-ATGGTGTACACT	11.503393	-4.220177	0	T:3.0(0.05%),B:5.0(0.01%),P:1e-1	Tpos:136.2,Tstd:75.8,Bpos:128.9,Bstd:31.3,StrandBias:3.5,Multiplicity:4.00
0.997	0.001	0.001	0.001
0.001	0.001	0.001	0.997
0.001	0.001	0.920	0.078
0.001	0.001	0.997	0.001
0.001	0.001	0.001	0.997
0.078	0.001	0.920	0.001
0.001	0.001	0.001	0.997
0.997	0.001	0.001	0.001
0.001	0.997	0.001	0.001
0.997	0.001	0.001	0.001
0.001	0.997	0.001	0.001
0.001	0.001	0.001	0.997
>TCCATCACATCC	25-TCCATCACATCC	12.355432	-3.615738	0	T:2.0(0.04%),B:2.9(0.01%),P:1e-1	Tpos:172.5,Tstd:104.6,Bpos:188.1,Bstd:49.9,StrandBias:4.0,Multiplicity:8.50
0.100	0.100	0.100	0.700
0.100	0.700	0.100	0.100
0.100	0.700	0.100	0.100
0.700	0.100	0.100	0.100
0.100	0.100	0.100	0.700
0.100	0.700	0.100	0.100
0.700	0.100	0.100	0.100
0.100	0.700	0.100	0.100
0.700	0.100	0.100	0.100
0.100	0.100	0.100	0.700
0.100	0.700	0.100	0.100
0.100	0.700	0.100	0.100
