>TGASTCATCV	1-TGASTCATCV	6.659527	-1905.178168	0	T:2950.0(34.35%),B:3993.7(9.84%),P:1e-827	Tpos:283.0,Tstd:196.7,Bpos:253.9,Bstd:151.7,StrandBias:-0.0,Multiplicity:1.25
0.026	0.035	0.020	0.919
0.026	0.025	0.862	0.087
0.914	0.028	0.036	0.022
0.051	0.473	0.427	0.048
0.053	0.024	0.035	0.888
0.110	0.825	0.034	0.031
0.881	0.046	0.040	0.033
0.074	0.231	0.227	0.469
0.259	0.419	0.087	0.236
0.226	0.237	0.349	0.188
>TKASTCASCN	2-TKASTCASCN	5.822056	-1017.852864	0	T:3843.0(44.75%),B:9222.7(22.71%),P:1e-442	Tpos:292.7,Tstd:228.3,Bpos:254.4,Bstd:153.0,StrandBias:-0.1,Multiplicity:1.19
0.050	0.042	0.035	0.873
0.037	0.030	0.453	0.481
0.812	0.050	0.043	0.095
0.188	0.360	0.403	0.049
0.064	0.084	0.044	0.808
0.311	0.619	0.036	0.034
0.848	0.052	0.055	0.045
0.086	0.426	0.439	0.049
0.297	0.482	0.023	0.197
0.250	0.234	0.219	0.297
>NNAAACCACA	3-NNAAACCACA	7.569894	-618.170087	0	T:2366.0(27.55%),B:5369.7(13.22%),P:1e-268	Tpos:300.1,Tstd:220.4,Bpos:250.1,Bstd:154.3,StrandBias:0.0,Multiplicity:1.22
0.232	0.252	0.294	0.222
0.318	0.208	0.252	0.222
0.606	0.095	0.031	0.268
0.932	0.001	0.013	0.054
0.812	0.084	0.103	0.001
0.001	0.997	0.001	0.001
0.001	0.981	0.001	0.017
0.867	0.089	0.001	0.043
0.008	0.973	0.009	0.010
0.808	0.068	0.043	0.081
>AYTTCCTGTS	4-AYTTCCTGTS	7.920796	-507.396105	0	T:2176.0(25.34%),B:5144.0(12.67%),P:1e-220	Tpos:294.2,Tstd:227.9,Bpos:253.6,Bstd:147.3,StrandBias:-0.0,Multiplicity:1.18
0.644	0.035	0.320	0.001
0.001	0.524	0.001	0.474
0.182	0.001	0.001	0.816
0.001	0.001	0.001	0.997
0.001	0.997	0.001	0.001
0.001	0.958	0.001	0.040
0.001	0.001	0.001	0.997
0.034	0.127	0.838	0.001
0.001	0.392	0.001	0.606
0.072	0.425	0.364	0.139
>AATGGAAAMT	5-AATGGAAAMT	7.808289	-408.014320	0	T:1545.0(17.99%),B:3387.4(8.34%),P:1e-177	Tpos:287.3,Tstd:212.5,Bpos:253.7,Bstd:150.0,StrandBias:-0.1,Multiplicity:1.13
0.661	0.148	0.146	0.045
0.654	0.029	0.297	0.020
0.001	0.059	0.031	0.909
0.001	0.001	0.997	0.001
0.001	0.009	0.989	0.001
0.994	0.001	0.001	0.004
0.997	0.001	0.001	0.001
0.997	0.001	0.001	0.001
0.447	0.306	0.161	0.086
0.310	0.020	0.022	0.648
>STTTCRYTTT	6-STTTCRYTTT	9.287477	-369.338316	0	T:850.0(9.90%),B:1390.0(3.42%),P:1e-160	Tpos:306.4,Tstd:241.9,Bpos:245.1,Bstd:157.2,StrandBias:-0.0,Multiplicity:1.07
0.001	0.477	0.521	0.001
0.001	0.001	0.001	0.997
0.001	0.001	0.001	0.997
0.001	0.001	0.001	0.997
0.001	0.997	0.001	0.001
0.535	0.067	0.397	0.001
0.001	0.387	0.205	0.408
0.001	0.001	0.001	0.997
0.264	0.001	0.001	0.734
0.001	0.367	0.001	0.631
>GGRAWTYCCC	7-GGRAWTYCCC	8.878344	-324.395161	0	T:790.0(9.20%),B:1336.7(3.29%),P:1e-140	Tpos:297.5,Tstd:231.6,Bpos:252.9,Bstd:145.1,StrandBias:-0.0,Multiplicity:1.09
0.001	0.001	0.997	0.001
0.001	0.001	0.997	0.001
0.428	0.001	0.570	0.001
0.583	0.233	0.001	0.183
0.490	0.001	0.027	0.483
0.143	0.153	0.183	0.521
0.001	0.518	0.014	0.467
0.079	0.919	0.001	0.001
0.001	0.997	0.001	0.001
0.138	0.860	0.001	0.001
>SATTTGCATA	8-SATTTGCATA	7.822498	-311.168873	0	T:680.0(7.92%),B:1069.1(2.63%),P:1e-135	Tpos:271.8,Tstd:182.4,Bpos:252.7,Bstd:150.3,StrandBias:-0.0,Multiplicity:1.07
0.157	0.262	0.401	0.181
0.921	0.016	0.001	0.062
0.001	0.001	0.001	0.997
0.008	0.001	0.001	0.990
0.001	0.001	0.001	0.997
0.001	0.001	0.997	0.001
0.001	0.997	0.001	0.001
0.993	0.001	0.005	0.001
0.001	0.001	0.001	0.997
0.944	0.018	0.021	0.017
>TCCGCCCACA	9-TCCGCCCACA	6.179332	-296.375798	0	T:1744.0(20.31%),B:4572.4(11.26%),P:1e-128	Tpos:300.2,Tstd:239.7,Bpos:251.6,Bstd:151.0,StrandBias:0.1,Multiplicity:1.11
0.198	0.190	0.138	0.473
0.158	0.623	0.071	0.148
0.179	0.568	0.043	0.210
0.236	0.096	0.439	0.229
0.296	0.568	0.079	0.057
0.102	0.690	0.080	0.128
0.111	0.629	0.126	0.134
0.642	0.128	0.111	0.119
0.054	0.720	0.113	0.113
0.547	0.134	0.151	0.168
>AGTCATTTCG	10-AGTCATTTCG	7.119418	-284.406732	0	T:1404.0(16.35%),B:3421.4(8.43%),P:1e-123	Tpos:295.5,Tstd:215.4,Bpos:254.6,Bstd:148.9,StrandBias:-0.0,Multiplicity:1.11
0.724	0.005	0.018	0.253
0.008	0.280	0.653	0.059
0.048	0.001	0.066	0.885
0.115	0.696	0.138	0.051
0.946	0.011	0.002	0.041
0.033	0.013	0.124	0.830
0.031	0.224	0.108	0.637
0.146	0.184	0.069	0.601
0.247	0.475	0.082	0.196
0.155	0.116	0.602	0.127
>GGGYGKGGCY	11-GGGYGKGGCY	6.898356	-218.107660	0	T:2178.0(25.36%),B:6720.1(16.55%),P:1e-94	Tpos:314.1,Tstd:233.0,Bpos:252.0,Bstd:154.4,StrandBias:0.0,Multiplicity:1.55
0.271	0.014	0.683	0.032
0.001	0.001	0.990	0.008
0.001	0.001	0.997	0.001
0.168	0.475	0.001	0.356
0.019	0.013	0.933	0.035
0.105	0.018	0.434	0.443
0.286	0.048	0.471	0.195
0.202	0.096	0.446	0.256
0.129	0.437	0.171	0.263
0.150	0.334	0.181	0.335
>TGACTCAGCC	12-TGACTCAGCC	6.946400	-218.089225	0	T:1879.0(21.88%),B:5544.8(13.66%),P:1e-94	Tpos:308.1,Tstd:246.7,Bpos:253.8,Bstd:151.7,StrandBias:-0.1,Multiplicity:1.12
0.089	0.083	0.048	0.780
0.080	0.059	0.846	0.015
0.792	0.058	0.113	0.037
0.020	0.874	0.050	0.056
0.187	0.063	0.091	0.659
0.047	0.858	0.060	0.035
0.771	0.134	0.058	0.037
0.078	0.024	0.844	0.054
0.029	0.894	0.060	0.017
0.062	0.828	0.039	0.071
>TTTGATGTGG	13-TTTGATGTGG	7.699592	-215.916567	0	T:967.0(11.26%),B:2239.9(5.52%),P:1e-93	Tpos:300.7,Tstd:220.7,Bpos:257.2,Bstd:152.7,StrandBias:0.0,Multiplicity:1.06
0.043	0.059	0.063	0.835
0.079	0.029	0.035	0.857
0.056	0.043	0.029	0.872
0.055	0.143	0.761	0.041
0.805	0.060	0.038	0.097
0.148	0.032	0.082	0.738
0.035	0.057	0.898	0.010
0.054	0.089	0.030	0.827
0.071	0.124	0.693	0.112
0.037	0.074	0.717	0.172
>ASATCAAAGG	14-ASATCAAAGG	7.923622	-215.060262	0	T:1621.0(18.88%),B:4578.2(11.28%),P:1e-93	Tpos:299.3,Tstd:220.9,Bpos:254.5,Bstd:151.7,StrandBias:-0.0,Multiplicity:1.13
0.535	0.132	0.141	0.192
0.001	0.426	0.572	0.001
0.642	0.001	0.001	0.356
0.045	0.001	0.001	0.953
0.133	0.578	0.288	0.001
0.997	0.001	0.001	0.001
0.997	0.001	0.001	0.001
0.977	0.021	0.001	0.001
0.067	0.001	0.931	0.001
0.294	0.154	0.452	0.100
>CGGAAATDWT	15-CGGAAATDWT	6.836051	-162.021915	0	T:724.0(8.43%),B:1665.2(4.10%),P:1e-70	Tpos:321.4,Tstd:268.4,Bpos:260.5,Bstd:157.7,StrandBias:0.2,Multiplicity:1.07
0.001	0.997	0.001	0.001
0.001	0.064	0.934	0.001
0.001	0.109	0.827	0.063
0.960	0.038	0.001	0.001
0.997	0.001	0.001	0.001
0.809	0.001	0.105	0.085
0.166	0.187	0.140	0.507
0.294	0.001	0.322	0.383
0.347	0.182	0.037	0.434
0.218	0.200	0.213	0.369
>AGGTGTGAAA	16-AGGTGTGAAA	8.287785	-131.770260	0	T:728.0(8.48%),B:1819.2(4.48%),P:1e-57	Tpos:295.8,Tstd:207.9,Bpos:252.2,Bstd:157.2,StrandBias:-0.0,Multiplicity:1.06
0.846	0.001	0.026	0.127
0.083	0.124	0.727	0.066
0.054	0.063	0.809	0.074
0.023	0.012	0.001	0.964
0.001	0.001	0.997	0.001
0.080	0.243	0.001	0.676
0.001	0.243	0.619	0.137
0.921	0.001	0.001	0.077
0.528	0.260	0.211	0.001
0.527	0.357	0.009	0.107
>CTTTGTGGTM	17-CTTTGTGGTM	5.883448	-112.211012	0	T:334.0(3.89%),B:629.4(1.55%),P:1e-48	Tpos:275.3,Tstd:205.2,Bpos:265.7,Bstd:155.1,StrandBias:-0.2,Multiplicity:1.01
0.001	0.605	0.108	0.286
0.001	0.420	0.001	0.578
0.001	0.001	0.001	0.997
0.001	0.001	0.001	0.997
0.001	0.001	0.997	0.001
0.001	0.001	0.001	0.997
0.001	0.001	0.997	0.001
0.001	0.001	0.997	0.001
0.001	0.001	0.001	0.997
0.550	0.448	0.001	0.001
>VACGTGGTTT	18-VACGTGGTTT	7.433549	-111.807413	0	T:803.0(9.35%),B:2196.0(5.41%),P:1e-48	Tpos:307.4,Tstd:251.9,Bpos:250.8,Bstd:155.0,StrandBias:-0.1,Multiplicity:1.06
0.297	0.311	0.391	0.001
0.460	0.217	0.105	0.217
0.344	0.611	0.022	0.023
0.141	0.025	0.833	0.001
0.018	0.289	0.001	0.692
0.184	0.001	0.814	0.001
0.001	0.001	0.997	0.001
0.001	0.001	0.001	0.997
0.138	0.121	0.001	0.740
0.331	0.001	0.130	0.538
>TGACGTCATM	19-TGACGTCATM	7.279639	-83.924381	0	T:981.0(11.42%),B:3066.4(7.55%),P:1e-36	Tpos:296.9,Tstd:227.2,Bpos:254.0,Bstd:152.1,StrandBias:-0.1,Multiplicity:1.06
0.043	0.036	0.009	0.912
0.001	0.097	0.787	0.115
0.912	0.065	0.001	0.022
0.112	0.662	0.055	0.171
0.080	0.129	0.790	0.001
0.001	0.001	0.001	0.997
0.093	0.905	0.001	0.001
0.941	0.001	0.054	0.004
0.052	0.053	0.184	0.711
0.385	0.259	0.142	0.214
>GTTGCCATGG	20-GTTGCCATGG	11.236945	-50.508881	0	T:118.0(1.37%),B:195.5(0.48%),P:1e-21	Tpos:279.7,Tstd:221.2,Bpos:253.6,Bstd:139.7,StrandBias:-0.2,Multiplicity:1.02
0.001	0.001	0.997	0.001
0.001	0.001	0.001	0.997
0.001	0.001	0.001	0.997
0.001	0.001	0.997	0.001
0.001	0.997	0.001	0.001
0.001	0.656	0.001	0.342
0.997	0.001	0.001	0.001
0.001	0.001	0.001	0.997
0.113	0.001	0.885	0.001
0.001	0.001	0.997	0.001
>TAATAGACCG	21-TAATAGACCG	8.632469	-49.247843	0	T:26.0(0.30%),B:8.8(0.02%),P:1e-21	Tpos:250.2,Tstd:235.8,Bpos:206.9,Bstd:98.4,StrandBias:0.2,Multiplicity:1.00
0.001	0.051	0.001	0.947
0.997	0.001	0.001	0.001
0.875	0.123	0.001	0.001
0.001	0.001	0.001	0.997
0.997	0.001	0.001	0.001
0.001	0.001	0.947	0.051
0.997	0.001	0.001	0.001
0.001	0.895	0.052	0.052
0.001	0.947	0.051	0.001
0.001	0.001	0.997	0.001
>CATTTACATA	22-CATTTACATA	11.075198	-39.397654	0	T:105.0(1.22%),B:189.6(0.47%),P:1e-17	Tpos:274.4,Tstd:184.3,Bpos:256.4,Bstd:149.2,StrandBias:-0.3,Multiplicity:1.05
0.143	0.702	0.001	0.154
0.878	0.001	0.120	0.001
0.001	0.001	0.001	0.997
0.001	0.001	0.001	0.997
0.102	0.001	0.001	0.896
0.997	0.001	0.001	0.001
0.001	0.997	0.001	0.001
0.997	0.001	0.001	0.001
0.001	0.001	0.001	0.997
0.997	0.001	0.001	0.001
>AAGTAGGTCA	23-AAGTAGGTCA	9.883057	-39.108948	0	T:83.0(0.97%),B:130.0(0.32%),P:1e-16	Tpos:267.0,Tstd:174.5,Bpos:247.0,Bstd:156.0,StrandBias:-0.5,Multiplicity:1.01
0.939	0.059	0.001	0.001
0.968	0.030	0.001	0.001
0.001	0.001	0.807	0.191
0.001	0.001	0.001	0.997
0.997	0.001	0.001	0.001
0.001	0.046	0.952	0.001
0.001	0.001	0.997	0.001
0.001	0.001	0.001	0.997
0.001	0.918	0.080	0.001
0.952	0.001	0.046	0.001
>CTGGGTATGA	24-CTGGGTATGA	6.404373	-28.082823	0	T:3253.0(37.88%),B:13891.2(34.21%),P:1e-12	Tpos:304.2,Tstd:246.2,Bpos:252.7,Bstd:147.9,StrandBias:0.0,Multiplicity:1.29
0.100	0.700	0.100	0.100
0.100	0.100	0.100	0.700
0.100	0.100	0.700	0.100
0.100	0.100	0.700	0.100
0.100	0.100	0.700	0.100
0.100	0.100	0.100	0.700
0.700	0.100	0.100	0.100
0.100	0.100	0.100	0.700
0.100	0.100	0.700	0.100
0.700	0.100	0.100	0.100
>CCCAAGGGCG	25-CCCAAGGGCG	10.296193	-10.387559	0	T:10.0(0.12%),B:9.3(0.02%),P:1e-4	Tpos:263.7,Tstd:119.4,Bpos:255.1,Bstd:171.6,StrandBias:-1.6,Multiplicity:1.60
0.100	0.700	0.100	0.100
0.100	0.700	0.100	0.100
0.100	0.700	0.100	0.100
0.700	0.100	0.100	0.100
0.700	0.100	0.100	0.100
0.100	0.100	0.700	0.100
0.100	0.100	0.700	0.100
0.100	0.100	0.700	0.100
0.100	0.700	0.100	0.100
0.100	0.100	0.700	0.100
>DDATGASTCATH	1-DDATGASTCATH	7.516569	-2078.472722	0	T:2772.0(32.28%),B:3264.3(8.04%),P:1e-902	Tpos:281.5,Tstd:195.1,Bpos:251.2,Bstd:151.7,StrandBias:0.0,Multiplicity:1.22
0.271	0.155	0.315	0.258
0.298	0.140	0.277	0.285
0.508	0.181	0.196	0.115
0.005	0.001	0.001	0.993
0.001	0.018	0.789	0.192
0.980	0.002	0.005	0.013
0.090	0.458	0.383	0.068
0.040	0.001	0.001	0.958
0.236	0.752	0.009	0.003
0.961	0.003	0.001	0.035
0.149	0.209	0.243	0.399
0.274	0.342	0.135	0.249
>ACAGGAAGTRDN	2-ACAGGAAGTRDN	8.530662	-559.568556	0	T:2079.0(24.21%),B:4606.0(11.34%),P:1e-243	Tpos:294.9,Tstd:225.1,Bpos:255.2,Bstd:148.3,StrandBias:0.0,Multiplicity:1.18
0.666	0.001	0.332	0.001
0.152	0.608	0.239	0.001
0.997	0.001	0.001	0.001
0.001	0.001	0.997	0.001
0.001	0.001	0.997	0.001
0.997	0.001	0.001	0.001
0.732	0.001	0.001	0.266
0.383	0.001	0.615	0.001
0.048	0.286	0.112	0.554
0.253	0.216	0.377	0.154
0.275	0.164	0.327	0.235
0.212	0.271	0.280	0.237
>NNTGTGGTTTNN	3-NNTGTGGTTTNN	7.608483	-540.525151	0	T:1593.0(18.55%),B:3094.5(7.62%),P:1e-234	Tpos:295.1,Tstd:212.2,Bpos:253.0,Bstd:154.2,StrandBias:-0.1,Multiplicity:1.12
0.216	0.210	0.273	0.301
0.216	0.301	0.212	0.271
0.066	0.037	0.058	0.839
0.043	0.036	0.863	0.058
0.062	0.033	0.063	0.842
0.042	0.073	0.865	0.020
0.018	0.019	0.957	0.006
0.021	0.090	0.059	0.830
0.053	0.056	0.036	0.855
0.100	0.044	0.081	0.775
0.238	0.230	0.241	0.291
0.225	0.279	0.260	0.236
>GGGAAWTCCCCH	4-GGGAAWTCCCCH	9.316284	-384.948124	0	T:509.0(5.93%),B:532.1(1.31%),P:1e-167	Tpos:285.0,Tstd:221.1,Bpos:256.3,Bstd:142.3,StrandBias:-0.0,Multiplicity:1.05
0.054	0.001	0.740	0.205
0.001	0.001	0.997	0.001
0.015	0.001	0.983	0.001
0.594	0.001	0.404	0.001
0.599	0.171	0.086	0.144
0.421	0.001	0.073	0.505
0.093	0.127	0.189	0.591
0.011	0.575	0.008	0.406
0.030	0.968	0.001	0.001
0.001	0.997	0.001	0.001
0.120	0.799	0.001	0.080
0.322	0.263	0.024	0.391
>AAAGTGAAACYR	5-AAAGTGAAACYR	8.910781	-358.407943	0	T:1093.0(12.73%),B:2123.1(5.23%),P:1e-155	Tpos:303.7,Tstd:238.1,Bpos:249.0,Bstd:153.7,StrandBias:0.1,Multiplicity:1.13
0.807	0.001	0.182	0.010
0.677	0.086	0.043	0.194
0.964	0.001	0.001	0.034
0.253	0.261	0.485	0.001
0.160	0.122	0.075	0.643
0.023	0.027	0.949	0.001
0.997	0.001	0.001	0.001
0.981	0.017	0.001	0.001
0.997	0.001	0.001	0.001
0.052	0.624	0.301	0.023
0.191	0.376	0.063	0.369
0.382	0.091	0.342	0.186
>TCANABTTTCCA	6-TCANABTTTCCA	9.416939	-338.866936	0	T:740.0(8.62%),B:1165.4(2.87%),P:1e-147	Tpos:278.3,Tstd:208.3,Bpos:262.8,Bstd:149.0,StrandBias:-0.0,Multiplicity:1.06
0.138	0.100	0.080	0.682
0.223	0.588	0.103	0.086
0.997	0.001	0.001	0.001
0.208	0.291	0.198	0.303
0.544	0.143	0.088	0.225
0.114	0.210	0.357	0.318
0.001	0.011	0.007	0.981
0.001	0.001	0.001	0.997
0.023	0.001	0.001	0.975
0.001	0.992	0.006	0.001
0.001	0.997	0.001	0.001
0.773	0.085	0.028	0.114
>NWNATTTGCATA	7-NWNATTTGCATA	9.487427	-337.724921	0	T:657.0(7.65%),B:952.8(2.35%),P:1e-146	Tpos:271.9,Tstd:184.0,Bpos:255.0,Bstd:150.3,StrandBias:-0.1,Multiplicity:1.08
0.255	0.288	0.231	0.226
0.409	0.055	0.229	0.307
0.255	0.304	0.252	0.189
0.778	0.074	0.001	0.147
0.001	0.001	0.001	0.997
0.001	0.001	0.001	0.997
0.066	0.001	0.001	0.932
0.168	0.001	0.830	0.001
0.001	0.997	0.001	0.001
0.997	0.001	0.001	0.001
0.001	0.001	0.063	0.935
0.589	0.110	0.187	0.114
>CTTTGATGTGGT	8-CTTTGATGTGGT	8.682339	-280.418890	0	T:844.0(9.83%),B:1615.2(3.98%),P:1e-121	Tpos:280.6,Tstd:195.8,Bpos:249.6,Bstd:148.1,StrandBias:-0.0,Multiplicity:1.06
0.076	0.562	0.130	0.232
0.047	0.108	0.001	0.844
0.087	0.162	0.117	0.634
0.056	0.009	0.036	0.899
0.049	0.230	0.660	0.061
0.543	0.158	0.052	0.247
0.081	0.004	0.007	0.908
0.004	0.083	0.884	0.029
0.039	0.001	0.020	0.940
0.030	0.013	0.935	0.022
0.035	0.009	0.880	0.076
0.016	0.188	0.208	0.588
>DGDGGGYGGGGC	9-DGDGGGYGGGGC	7.737734	-239.902084	0	T:2704.0(31.49%),B:8689.9(21.40%),P:1e-104	Tpos:311.4,Tstd:243.3,Bpos:252.0,Bstd:148.6,StrandBias:0.1,Multiplicity:1.54
0.288	0.118	0.294	0.300
0.197	0.153	0.500	0.150
0.237	0.044	0.361	0.359
0.196	0.001	0.796	0.007
0.001	0.005	0.993	0.001
0.001	0.002	0.996	0.001
0.250	0.324	0.002	0.424
0.078	0.004	0.853	0.065
0.074	0.005	0.625	0.296
0.227	0.001	0.735	0.037
0.139	0.007	0.778	0.076
0.202	0.434	0.139	0.224
>TGAGTCAMAGCT	10-TGAGTCAMAGCT	7.406357	-228.765551	0	T:1790.0(20.84%),B:5132.6(12.64%),P:1e-99	Tpos:295.8,Tstd:231.1,Bpos:253.3,Bstd:151.6,StrandBias:-0.0,Multiplicity:1.11
0.162	0.005	0.001	0.832
0.003	0.104	0.680	0.213
0.796	0.008	0.018	0.178
0.089	0.203	0.665	0.043
0.022	0.106	0.058	0.814
0.040	0.697	0.158	0.105
0.786	0.095	0.001	0.118
0.404	0.290	0.103	0.203
0.635	0.005	0.146	0.214
0.034	0.008	0.749	0.209
0.113	0.843	0.026	0.018
0.141	0.085	0.001	0.773
>NTGHGTGGGMGG	11-NTGHGTGGGMGG	8.451229	-209.777424	0	T:1217.0(14.17%),B:3129.0(7.71%),P:1e-91	Tpos:302.4,Tstd:244.5,Bpos:258.0,Bstd:151.6,StrandBias:-0.0,Multiplicity:1.05
0.243	0.256	0.325	0.176
0.218	0.001	0.045	0.736
0.001	0.001	0.997	0.001
0.264	0.302	0.045	0.389
0.001	0.089	0.909	0.001
0.086	0.001	0.102	0.811
0.035	0.001	0.963	0.001
0.043	0.012	0.944	0.001
0.001	0.001	0.997	0.001
0.444	0.308	0.040	0.208
0.084	0.001	0.784	0.131
0.206	0.065	0.459	0.270
>GTTTCCACCCAC	12-GTTTCCACCCAC	6.823204	-185.825623	0	T:2353.0(27.40%),B:7686.3(18.93%),P:1e-80	Tpos:306.7,Tstd:245.3,Bpos:246.6,Bstd:149.2,StrandBias:0.1,Multiplicity:1.15
0.096	0.113	0.672	0.119
0.069	0.085	0.080	0.766
0.056	0.094	0.089	0.761
0.073	0.097	0.086	0.744
0.101	0.739	0.070	0.090
0.078	0.792	0.023	0.107
0.770	0.071	0.051	0.108
0.092	0.721	0.074	0.113
0.096	0.742	0.059	0.103
0.092	0.776	0.046	0.086
0.777	0.085	0.049	0.089
0.080	0.739	0.101	0.080
>TGACTAAGCAAC	13-TGACTAAGCAAC	5.868264	-172.069335	0	T:2556.0(29.76%),B:8653.4(21.31%),P:1e-74	Tpos:292.0,Tstd:231.7,Bpos:255.0,Bstd:149.7,StrandBias:0.0,Multiplicity:1.17
0.057	0.015	0.026	0.902
0.052	0.052	0.808	0.088
0.796	0.099	0.071	0.034
0.080	0.781	0.077	0.062
0.086	0.076	0.033	0.805
0.861	0.041	0.062	0.036
0.864	0.001	0.062	0.073
0.075	0.067	0.801	0.057
0.066	0.868	0.046	0.020
0.844	0.084	0.015	0.057
0.854	0.050	0.058	0.038
0.071	0.820	0.079	0.030
>AGGTGTGACACC	14-AGGTGTGACACC	8.531309	-138.272159	0	T:620.0(7.22%),B:1426.0(3.51%),P:1e-60	Tpos:284.3,Tstd:202.0,Bpos:250.8,Bstd:154.4,StrandBias:-0.1,Multiplicity:1.07
0.701	0.001	0.218	0.080
0.174	0.001	0.784	0.041
0.060	0.058	0.813	0.069
0.010	0.001	0.072	0.917
0.001	0.010	0.945	0.044
0.157	0.001	0.001	0.841
0.001	0.192	0.806	0.001
0.712	0.005	0.015	0.268
0.351	0.559	0.089	0.001
0.774	0.096	0.001	0.129
0.192	0.451	0.117	0.240
0.184	0.615	0.143	0.058
>TCATTTHGAAAC	15-TCATTTHGAAAC	8.966685	-136.259727	0	T:509.0(5.93%),B:1077.9(2.65%),P:1e-59	Tpos:296.0,Tstd:211.2,Bpos:257.4,Bstd:155.2,StrandBias:-0.1,Multiplicity:1.03
0.094	0.001	0.061	0.844
0.032	0.839	0.109	0.020
0.997	0.001	0.001	0.001
0.106	0.063	0.073	0.758
0.215	0.110	0.007	0.668
0.070	0.109	0.034	0.787
0.284	0.281	0.065	0.370
0.197	0.049	0.562	0.192
0.950	0.007	0.007	0.036
0.734	0.046	0.152	0.068
0.973	0.001	0.001	0.025
0.014	0.639	0.256	0.091
>TAAGATCAAAGG	16-TAAGATCAAAGG	7.135509	-113.858557	0	T:1362.0(15.86%),B:4306.4(10.61%),P:1e-49	Tpos:298.9,Tstd:223.2,Bpos:251.3,Bstd:148.8,StrandBias:0.2,Multiplicity:1.10
0.124	0.100	0.086	0.690
0.711	0.081	0.116	0.092
0.801	0.034	0.067	0.098
0.088	0.106	0.730	0.076
0.738	0.085	0.081	0.096
0.101	0.081	0.075	0.743
0.093	0.704	0.113	0.090
0.822	0.066	0.029	0.083
0.764	0.080	0.096	0.060
0.816	0.040	0.076	0.068
0.104	0.045	0.768	0.083
0.106	0.094	0.714	0.086
>GCCACCTAGTGG	17-GCCACCTAGTGG	8.999347	-90.374388	0	T:327.0(3.81%),B:681.0(1.68%),P:1e-39	Tpos:292.0,Tstd:216.4,Bpos:255.9,Bstd:148.8,StrandBias:-0.2,Multiplicity:1.01
0.035	0.034	0.897	0.034
0.103	0.713	0.081	0.103
0.045	0.863	0.001	0.091
0.891	0.049	0.001	0.059
0.023	0.872	0.034	0.071
0.011	0.851	0.012	0.126
0.034	0.111	0.034	0.821
0.779	0.087	0.077	0.057
0.117	0.077	0.749	0.057
0.064	0.034	0.091	0.811
0.001	0.001	0.976	0.022
0.095	0.057	0.779	0.069
>TGAGTMACTTTC	18-TGAGTMACTTTC	8.937042	-89.838051	0	T:478.0(5.57%),B:1174.8(2.89%),P:1e-39	Tpos:277.6,Tstd:202.7,Bpos:246.0,Bstd:157.7,StrandBias:-0.1,Multiplicity:1.01
0.150	0.043	0.001	0.806
0.073	0.044	0.825	0.058
0.759	0.029	0.044	0.168
0.192	0.058	0.564	0.186
0.168	0.092	0.015	0.725
0.380	0.490	0.092	0.038
0.748	0.067	0.014	0.171
0.029	0.697	0.273	0.001
0.058	0.094	0.015	0.833
0.001	0.001	0.083	0.915
0.015	0.038	0.015	0.932
0.015	0.931	0.053	0.001
>TTTCCGTTCTGA	19-TTTCCGTTCTGA	8.746526	-83.839164	0	T:448.0(5.22%),B:1102.9(2.72%),P:1e-36	Tpos:314.6,Tstd:251.8,Bpos:243.7,Bstd:153.3,StrandBias:0.0,Multiplicity:1.02
0.055	0.051	0.001	0.893
0.066	0.101	0.044	0.789
0.001	0.067	0.001	0.931
0.026	0.837	0.102	0.035
0.129	0.743	0.065	0.063
0.101	0.060	0.790	0.049
0.008	0.001	0.085	0.906
0.026	0.026	0.061	0.887
0.074	0.756	0.115	0.055
0.061	0.052	0.001	0.886
0.026	0.093	0.804	0.077
0.777	0.053	0.068	0.102
>GTTGCCATGGCA	20-GTTGCCATGGCA	11.302439	-75.272246	0	T:119.0(1.39%),B:147.5(0.36%),P:1e-32	Tpos:266.1,Tstd:214.4,Bpos:240.5,Bstd:145.7,StrandBias:0.1,Multiplicity:1.03
0.016	0.001	0.967	0.016
0.001	0.032	0.026	0.941
0.001	0.104	0.013	0.882
0.181	0.146	0.424	0.248
0.016	0.982	0.001	0.001
0.026	0.917	0.001	0.056
0.955	0.043	0.001	0.001
0.011	0.001	0.001	0.987
0.156	0.001	0.842	0.001
0.180	0.001	0.793	0.026
0.034	0.727	0.001	0.238
0.819	0.042	0.138	0.001
>ACATCTCCGCCC	21-ACATCTCCGCCC	-3.865779	-57.104729	0	T:2399.0(27.93%),B:9381.5(23.10%),P:1e-24	Tpos:315.3,Tstd:249.8,Bpos:253.1,Bstd:154.0,StrandBias:0.0,Multiplicity:1.25
0.997	0.001	0.001	0.001
0.001	0.997	0.001	0.001
0.960	0.001	0.001	0.038
0.039	0.039	0.039	0.883
0.038	0.960	0.001	0.001
0.001	0.001	0.001	0.997
0.001	0.997	0.001	0.001
0.001	0.997	0.001	0.001
0.001	0.001	0.997	0.001
0.001	0.997	0.001	0.001
0.001	0.997	0.001	0.001
0.001	0.997	0.001	0.001
>ACATCTGAGGAC	22-ACATCTGAGGAC	13.825798	-44.617594	0	T:29.0(0.34%),B:13.0(0.03%),P:1e-19	Tpos:282.7,Tstd:197.9,Bpos:271.3,Bstd:138.4,StrandBias:-1.4,Multiplicity:1.00
0.997	0.001	0.001	0.001
0.001	0.997	0.001	0.001
0.997	0.001	0.001	0.001
0.001	0.001	0.090	0.908
0.001	0.997	0.001	0.001
0.001	0.001	0.001	0.997
0.001	0.001	0.997	0.001
0.997	0.001	0.001	0.001
0.001	0.001	0.997	0.001
0.235	0.001	0.763	0.001
0.997	0.001	0.001	0.001
0.001	0.901	0.097	0.001
>TGTGTCTTGCAC	23-TGTGTCTTGCAC	12.973033	-41.336300	0	T:25.0(0.29%),B:10.8(0.03%),P:1e-17	Tpos:191.9,Tstd:178.6,Bpos:189.0,Bstd:142.2,StrandBias:2.4,Multiplicity:1.00
0.001	0.001	0.001	0.997
0.001	0.001	0.906	0.092
0.001	0.001	0.001	0.997
0.001	0.001	0.997	0.001
0.001	0.001	0.001	0.997
0.001	0.997	0.001	0.001
0.001	0.001	0.001	0.997
0.039	0.039	0.156	0.766
0.001	0.001	0.960	0.038
0.001	0.997	0.001	0.001
0.997	0.001	0.001	0.001
0.001	0.997	0.001	0.001
>AATGAGTATACA	24-AATGAGTATACA	12.943792	-12.104057	0	T:6.0(0.07%),B:2.4(0.01%),P:1e-5	Tpos:161.8,Tstd:107.9,Bpos:257.7,Bstd:120.2,StrandBias:4.4,Multiplicity:3.67
0.943	0.028	0.001	0.028
0.997	0.001	0.001	0.001
0.001	0.001	0.001	0.997
0.001	0.001	0.997	0.001
0.997	0.001	0.001	0.001
0.001	0.001	0.997	0.001
0.001	0.001	0.001	0.997
0.970	0.028	0.001	0.001
0.001	0.001	0.001	0.997
0.997	0.001	0.001	0.001
0.001	0.970	0.001	0.028
0.997	0.001	0.001	0.001
>CATGTGCTGGGT	25-CATGTGCTGGGT	11.988243	-9.440921	0	T:5.0(0.06%),B:2.9(0.01%),P:1e-4	Tpos:172.6,Tstd:121.4,Bpos:110.2,Bstd:169.0,StrandBias:10.0,Multiplicity:7.80
0.001	0.988	0.001	0.010
0.997	0.001	0.001	0.001
0.001	0.001	0.001	0.997
0.001	0.001	0.997	0.001
0.001	0.001	0.001	0.997
0.010	0.001	0.988	0.001
0.001	0.997	0.001	0.001
0.001	0.001	0.001	0.997
0.001	0.001	0.997	0.001
0.001	0.001	0.997	0.001
0.001	0.001	0.997	0.001
0.001	0.001	0.001	0.997
>ATGAGTCA	1-ATGAGTCA	6.714035	-1867.986735	0	T:2730.0(31.79%),B:3478.6(8.57%),P:1e-811	Tpos:282.6,Tstd:195.9,Bpos:252.4,Bstd:152.2,StrandBias:-0.0,Multiplicity:1.23
0.653	0.140	0.159	0.048
0.001	0.001	0.001	0.997
0.001	0.001	0.967	0.031
0.997	0.001	0.001	0.001
0.017	0.280	0.690	0.013
0.001	0.001	0.001	0.997
0.019	0.979	0.001	0.001
0.997	0.001	0.001	0.001
>CTKASTCA	2-CTKASTCA	6.371180	-1316.421622	0	T:4077.0(47.47%),B:9062.1(22.32%),P:1e-571	Tpos:293.0,Tstd:224.0,Bpos:254.2,Bstd:149.6,StrandBias:-0.0,Multiplicity:1.22
0.366	0.548	0.085	0.001
0.001	0.001	0.001	0.997
0.001	0.001	0.520	0.478
0.906	0.092	0.001	0.001
0.106	0.442	0.322	0.129
0.001	0.001	0.023	0.975
0.215	0.783	0.001	0.001
0.989	0.001	0.009	0.001
>YGMGTMAB	3-YGMGTMAB	5.927484	-1005.762989	0	T:3926.0(45.71%),B:9587.6(23.61%),P:1e-436	Tpos:300.5,Tstd:235.0,Bpos:252.2,Bstd:158.6,StrandBias:-0.1,Multiplicity:1.15
0.012	0.330	0.178	0.479
0.001	0.010	0.726	0.263
0.334	0.458	0.001	0.207
0.001	0.001	0.812	0.186
0.002	0.001	0.001	0.996
0.515	0.482	0.002	0.001
0.803	0.001	0.195	0.001
0.014	0.317	0.275	0.394
>AAACCACA	4-AAACCACA	6.571048	-598.538586	0	T:2505.0(29.17%),B:5934.6(14.62%),P:1e-259	Tpos:301.7,Tstd:222.9,Bpos:251.2,Bstd:154.7,StrandBias:0.0,Multiplicity:1.25
0.677	0.092	0.001	0.230
0.997	0.001	0.001	0.001
0.905	0.001	0.093	0.001
0.001	0.997	0.001	0.001
0.001	0.997	0.001	0.001
0.978	0.001	0.020	0.001
0.001	0.997	0.001	0.001
0.900	0.001	0.030	0.069
>RGHGGAAA	5-RGHGGAAA	6.490613	-328.947248	0	T:3576.0(41.64%),B:11669.4(28.74%),P:1e-142	Tpos:298.6,Tstd:230.1,Bpos:253.9,Bstd:150.9,StrandBias:0.0,Multiplicity:1.37
0.417	0.063	0.492	0.028
0.122	0.309	0.568	0.001
0.283	0.365	0.002	0.350
0.003	0.136	0.740	0.121
0.023	0.001	0.975	0.001
0.883	0.023	0.093	0.001
0.997	0.001	0.001	0.001
0.889	0.001	0.109	0.001
>ATGCAAAT	6-ATGCAAAT	8.236954	-294.457024	0	T:550.0(6.40%),B:771.2(1.90%),P:1e-127	Tpos:271.9,Tstd:181.2,Bpos:253.7,Bstd:152.7,StrandBias:0.1,Multiplicity:1.07
0.700	0.100	0.100	0.100
0.100	0.100	0.100	0.700
0.100	0.100	0.700	0.100
0.100	0.700	0.100	0.100
0.700	0.100	0.100	0.100
0.700	0.100	0.100	0.100
0.700	0.100	0.100	0.100
0.100	0.100	0.100	0.700
>CCGCCCAC	7-CCGCCCAC	6.355785	-285.373311	0	T:2915.0(33.94%),B:9214.7(22.69%),P:1e-123	Tpos:310.3,Tstd:240.7,Bpos:252.3,Bstd:154.8,StrandBias:0.1,Multiplicity:1.51
0.243	0.629	0.023	0.105
0.022	0.891	0.036	0.051
0.282	0.121	0.514	0.083
0.063	0.886	0.023	0.028
0.038	0.894	0.037	0.031
0.040	0.780	0.021	0.159
0.664	0.269	0.001	0.066
0.113	0.748	0.031	0.108
>CWTCCGGT	8-CWTCCGGT	7.500594	-277.047240	0	T:1513.0(17.62%),B:3839.0(9.45%),P:1e-120	Tpos:293.0,Tstd:211.2,Bpos:252.9,Bstd:152.1,StrandBias:-0.1,Multiplicity:1.11
0.001	0.997	0.001	0.001
0.423	0.001	0.095	0.481
0.001	0.001	0.001	0.997
0.195	0.803	0.001	0.001
0.094	0.904	0.001	0.001
0.001	0.001	0.875	0.123
0.001	0.001	0.739	0.259
0.001	0.003	0.001	0.995
>TAGTTTCG	9-TAGTTTCG	6.019836	-255.587451	0	T:2176.0(25.34%),B:6449.8(15.88%),P:1e-110	Tpos:295.9,Tstd:232.1,Bpos:249.8,Bstd:154.6,StrandBias:0.0,Multiplicity:1.12
0.001	0.040	0.073	0.886
0.823	0.005	0.171	0.001
0.038	0.024	0.925	0.013
0.001	0.001	0.045	0.953
0.001	0.022	0.038	0.939
0.044	0.081	0.001	0.874
0.001	0.997	0.001	0.001
0.104	0.175	0.620	0.101
>GAGGAAGT	10-GAGGAAGT	9.190476	-226.339428	0	T:1278.0(14.88%),B:3260.6(8.03%),P:1e-98	Tpos:303.1,Tstd:230.2,Bpos:256.9,Bstd:145.8,StrandBias:-0.0,Multiplicity:1.07
0.001	0.244	0.754	0.001
0.796	0.001	0.202	0.001
0.001	0.001	0.997	0.001
0.001	0.001	0.997	0.001
0.997	0.001	0.001	0.001
0.997	0.001	0.001	0.001
0.001	0.001	0.997	0.001
0.001	0.001	0.001	0.997
>TATGCAAA	11-TATGCAAA	7.668160	-224.520384	0	T:1523.0(17.73%),B:4156.5(10.24%),P:1e-97	Tpos:283.7,Tstd:209.8,Bpos:250.1,Bstd:151.8,StrandBias:-0.1,Multiplicity:1.12
0.001	0.124	0.001	0.874
0.997	0.001	0.001	0.001
0.001	0.001	0.001	0.997
0.001	0.001	0.997	0.001
0.001	0.560	0.293	0.146
0.997	0.001	0.001	0.001
0.912	0.001	0.086	0.001
0.997	0.001	0.001	0.001
>TTTCGGTT	12-TTTCGGTT	6.961013	-182.581692	0	T:1916.0(22.31%),B:5945.3(14.64%),P:1e-79	Tpos:299.0,Tstd:242.3,Bpos:249.7,Bstd:157.0,StrandBias:-0.1,Multiplicity:1.18
0.001	0.001	0.023	0.975
0.001	0.026	0.001	0.972
0.009	0.001	0.039	0.951
0.001	0.997	0.001	0.001
0.274	0.001	0.620	0.105
0.017	0.086	0.742	0.155
0.008	0.010	0.025	0.957
0.001	0.006	0.001	0.992
>TGTGGTCA	13-TGTGGTCA	6.557637	-170.417036	0	T:1802.0(20.98%),B:5587.7(13.76%),P:1e-74	Tpos:291.7,Tstd:222.4,Bpos:252.4,Bstd:153.1,StrandBias:-0.1,Multiplicity:1.16
0.001	0.001	0.001	0.997
0.001	0.001	0.997	0.001
0.001	0.001	0.001	0.997
0.001	0.001	0.997	0.001
0.001	0.001	0.997	0.001
0.001	0.001	0.001	0.997
0.267	0.530	0.202	0.001
0.828	0.001	0.041	0.130
>TTTGATGT	14-TTTGATGT	9.360480	-169.752846	0	T:896.0(10.43%),B:2209.5(5.44%),P:1e-73	Tpos:303.7,Tstd:224.5,Bpos:263.2,Bstd:155.3,StrandBias:-0.0,Multiplicity:1.07
0.001	0.001	0.001	0.997
0.001	0.001	0.001	0.997
0.001	0.001	0.001	0.997
0.001	0.001	0.997	0.001
0.997	0.001	0.001	0.001
0.252	0.001	0.001	0.746
0.001	0.242	0.756	0.001
0.001	0.001	0.001	0.997
>ATGACTAG	15-ATGACTAG	4.051403	-167.453992	0	T:1192.0(13.88%),B:3275.2(8.07%),P:1e-72	Tpos:286.0,Tstd:223.4,Bpos:256.5,Bstd:151.4,StrandBias:0.1,Multiplicity:1.13
0.997	0.001	0.001	0.001
0.001	0.001	0.001	0.997
0.001	0.001	0.997	0.001
0.997	0.001	0.001	0.001
0.001	0.997	0.001	0.001
0.001	0.001	0.001	0.997
0.893	0.001	0.105	0.001
0.001	0.001	0.907	0.091
>GCCACACC	16-GCCACACC	5.909969	-166.909643	0	T:1712.0(19.93%),B:5259.7(12.95%),P:1e-72	Tpos:313.8,Tstd:224.3,Bpos:252.3,Bstd:152.3,StrandBias:0.0,Multiplicity:1.22
0.027	0.001	0.971	0.001
0.025	0.973	0.001	0.001
0.001	0.997	0.001	0.001
0.923	0.075	0.001	0.001
0.001	0.997	0.001	0.001
0.916	0.001	0.082	0.001
0.001	0.977	0.001	0.021
0.001	0.997	0.001	0.001
>TCACACCT	17-TCACACCT	6.251395	-165.592341	0	T:1405.0(16.36%),B:4082.8(10.05%),P:1e-71	Tpos:300.7,Tstd:243.3,Bpos:249.6,Bstd:155.5,StrandBias:-0.1,Multiplicity:1.11
0.001	0.001	0.001	0.997
0.177	0.625	0.197	0.001
0.997	0.001	0.001	0.001
0.001	0.997	0.001	0.001
0.997	0.001	0.001	0.001
0.001	0.997	0.001	0.001
0.001	0.946	0.052	0.001
0.001	0.125	0.001	0.873
>GCTTTGAA	18-GCTTTGAA	6.310287	-114.890784	0	T:1594.0(18.56%),B:5224.7(12.87%),P:1e-49	Tpos:307.3,Tstd:226.7,Bpos:253.5,Bstd:153.3,StrandBias:-0.1,Multiplicity:1.13
0.001	0.043	0.955	0.001
0.001	0.711	0.002	0.286
0.001	0.001	0.001	0.997
0.001	0.001	0.001	0.997
0.001	0.001	0.001	0.997
0.001	0.001	0.997	0.001
0.997	0.001	0.001	0.001
0.693	0.001	0.001	0.305
>CGGGGAAA	19-CGGGGAAA	3.893485	-109.595310	0	T:1613.0(18.78%),B:5351.0(13.18%),P:1e-47	Tpos:303.6,Tstd:232.9,Bpos:250.3,Bstd:150.2,StrandBias:-0.0,Multiplicity:1.11
0.001	0.776	0.001	0.222
0.001	0.001	0.997	0.001
0.001	0.001	0.861	0.137
0.001	0.115	0.883	0.001
0.001	0.001	0.997	0.001
0.997	0.001	0.001	0.001
0.997	0.001	0.001	0.001
0.997	0.001	0.001	0.001
>GGGGGTTT	20-GGGGGTTT	7.946644	-94.560068	0	T:927.0(10.79%),B:2773.2(6.83%),P:1e-41	Tpos:300.5,Tstd:221.2,Bpos:245.2,Bstd:151.8,StrandBias:-0.2,Multiplicity:1.09
0.029	0.018	0.751	0.202
0.001	0.001	0.967	0.031
0.021	0.001	0.866	0.112
0.041	0.052	0.883	0.024
0.124	0.031	0.612	0.233
0.011	0.001	0.001	0.987
0.001	0.001	0.001	0.997
0.001	0.001	0.001	0.997
>YGTGGGCT	21-YGTGGGCT	7.154035	-86.483034	0	T:1372.0(15.98%),B:4600.9(11.33%),P:1e-37	Tpos:302.0,Tstd:242.1,Bpos:251.1,Bstd:152.0,StrandBias:-0.0,Multiplicity:1.10
0.001	0.516	0.001	0.482
0.001	0.001	0.997	0.001
0.001	0.001	0.001	0.997
0.392	0.001	0.606	0.001
0.001	0.001	0.997	0.001
0.001	0.001	0.997	0.001
0.001	0.914	0.001	0.084
0.074	0.001	0.001	0.924
>TGACGTCA	22-TGACGTCA	5.469682	-83.792522	0	T:2110.0(24.57%),B:7721.7(19.02%),P:1e-36	Tpos:300.4,Tstd:232.0,Bpos:251.5,Bstd:157.3,StrandBias:0.0,Multiplicity:1.20
0.093	0.053	0.100	0.754
0.198	0.090	0.575	0.137
0.699	0.084	0.126	0.091
0.001	0.826	0.171	0.002
0.060	0.062	0.859	0.019
0.040	0.041	0.015	0.904
0.119	0.685	0.135	0.061
0.708	0.001	0.079	0.212
>CTTTCGTG	23-CTTTCGTG	4.102696	-70.031218	0	T:680.0(7.92%),B:2023.4(4.98%),P:1e-30	Tpos:295.1,Tstd:223.8,Bpos:256.8,Bstd:148.4,StrandBias:-0.1,Multiplicity:1.06
0.001	0.997	0.001	0.001
0.001	0.001	0.001	0.997
0.001	0.001	0.001	0.997
0.001	0.001	0.001	0.997
0.001	0.997	0.001	0.001
0.058	0.001	0.940	0.001
0.001	0.001	0.001	0.997
0.001	0.215	0.783	0.001
>TCTGCGGT	24-TCTGCGGT	8.464495	-46.587161	0	T:412.0(4.80%),B:1196.0(2.95%),P:1e-20	Tpos:299.9,Tstd:229.2,Bpos:252.7,Bstd:160.4,StrandBias:0.1,Multiplicity:1.05
0.001	0.144	0.170	0.685
0.001	0.997	0.001	0.001
0.001	0.001	0.001	0.997
0.001	0.001	0.874	0.124
0.001	0.997	0.001	0.001
0.001	0.001	0.997	0.001
0.001	0.001	0.865	0.133
0.001	0.001	0.001	0.997
>GCCCCTCC	25-GCCCCTCC	8.236954	-35.529183	0	T:436.0(5.08%),B:1375.2(3.39%),P:1e-15	Tpos:330.6,Tstd:249.7,Bpos:253.0,Bstd:147.5,StrandBias:0.2,Multiplicity:1.08
0.100	0.100	0.700	0.100
0.100	0.700	0.100	0.100
0.100	0.700	0.100	0.100
0.100	0.700	0.100	0.100
0.100	0.700	0.100	0.100
0.100	0.100	0.100	0.700
0.100	0.700	0.100	0.100
0.100	0.700	0.100	0.100
