Factor1: 1.0787282412516568
Factor2: 0.9270175395053072
