>ACTTCCTGTC	1-ACTTCCTGTC	7.433496	-122.763189	0	T:503.0(27.67%),B:6450.9(13.79%),P:1e-53	Tpos:289.3,Tstd:225.2,Bpos:240.2,Bstd:140.2,StrandBias:0.1,Multiplicity:1.22
0.712	0.042	0.190	0.056
0.004	0.900	0.003	0.093
0.166	0.012	0.060	0.762
0.042	0.032	0.025	0.901
0.038	0.899	0.029	0.034
0.019	0.901	0.049	0.031
0.017	0.033	0.056	0.894
0.024	0.084	0.799	0.093
0.048	0.136	0.119	0.697
0.151	0.544	0.122	0.183
>NRTGASTCAB	2-NRTGASTCAB	6.706166	-76.168463	0	T:190.0(10.45%),B:1813.7(3.88%),P:1e-33	Tpos:279.1,Tstd:212.7,Bpos:240.7,Bstd:137.2,StrandBias:-0.1,Multiplicity:1.12
0.247	0.254	0.220	0.279
0.295	0.192	0.380	0.132
0.098	0.212	0.019	0.671
0.016	0.163	0.804	0.017
0.748	0.139	0.013	0.100
0.155	0.403	0.361	0.081
0.122	0.077	0.031	0.770
0.049	0.744	0.164	0.043
0.644	0.040	0.205	0.111
0.084	0.270	0.261	0.385
>CCACTAGGGG	3-CCACTAGGGG	8.249861	-64.842585	0	T:157.0(8.64%),B:1468.6(3.14%),P:1e-28	Tpos:256.2,Tstd:184.6,Bpos:248.9,Bstd:139.9,StrandBias:-0.4,Multiplicity:1.07
0.250	0.523	0.027	0.200
0.088	0.878	0.033	0.001
0.891	0.026	0.082	0.001
0.001	0.632	0.324	0.043
0.130	0.238	0.117	0.515
0.780	0.001	0.132	0.087
0.006	0.162	0.626	0.206
0.374	0.032	0.567	0.027
0.001	0.003	0.595	0.401
0.010	0.006	0.978	0.006
>AAACGGAAAC	4-AAACGGAAAC	7.975577	-57.463835	0	T:258.0(14.19%),B:3329.2(7.12%),P:1e-24	Tpos:277.9,Tstd:230.8,Bpos:237.9,Bstd:149.4,StrandBias:0.3,Multiplicity:1.13
0.761	0.020	0.177	0.042
0.578	0.085	0.241	0.096
0.578	0.169	0.243	0.010
0.239	0.693	0.017	0.051
0.116	0.027	0.576	0.281
0.059	0.010	0.930	0.001
0.958	0.001	0.016	0.025
0.997	0.001	0.001	0.001
0.961	0.001	0.037	0.001
0.090	0.829	0.080	0.001
>AMATCAAAGA	5-AMATCAAAGA	8.981445	-38.430829	0	T:128.0(7.04%),B:1434.6(3.07%),P:1e-16	Tpos:294.2,Tstd:243.2,Bpos:239.2,Bstd:141.7,StrandBias:0.0,Multiplicity:1.09
0.905	0.061	0.012	0.022
0.430	0.384	0.186	0.001
0.787	0.141	0.001	0.071
0.001	0.001	0.001	0.997
0.001	0.685	0.271	0.043
0.872	0.001	0.126	0.001
0.823	0.153	0.023	0.001
0.965	0.001	0.033	0.001
0.128	0.109	0.762	0.001
0.538	0.171	0.001	0.290
>GGAAATTCCC	6-GGAAATTCCC	9.316786	-33.394127	0	T:68.0(3.74%),B:573.1(1.23%),P:1e-14	Tpos:282.3,Tstd:228.7,Bpos:243.8,Bstd:139.8,StrandBias:0.0,Multiplicity:1.06
0.001	0.001	0.997	0.001
0.083	0.001	0.837	0.079
0.797	0.001	0.201	0.001
0.997	0.001	0.001	0.001
0.791	0.001	0.001	0.207
0.001	0.082	0.055	0.862
0.001	0.231	0.001	0.767
0.001	0.877	0.001	0.121
0.001	0.780	0.218	0.001
0.160	0.838	0.001	0.001
>MCCACWYMAN	7-MCCACWYMAN	7.981957	-33.205064	0	T:48.0(2.64%),B:311.5(0.67%),P:1e-14	Tpos:302.7,Tstd:216.9,Bpos:224.4,Bstd:139.6,StrandBias:0.2,Multiplicity:1.00
0.426	0.322	0.166	0.087
0.171	0.694	0.134	0.001
0.231	0.760	0.001	0.008
0.997	0.001	0.001	0.001
0.206	0.599	0.068	0.127
0.414	0.001	0.230	0.356
0.119	0.316	0.114	0.451
0.434	0.564	0.001	0.001
0.940	0.001	0.001	0.058
0.300	0.234	0.229	0.238
>CMCTTCCTCC	8-CMCTTCCTCC	8.368512	-32.449827	0	T:334.0(18.37%),B:5658.7(12.10%),P:1e-14	Tpos:334.5,Tstd:318.7,Bpos:241.1,Bstd:142.8,StrandBias:0.4,Multiplicity:1.23
0.089	0.826	0.084	0.001
0.405	0.308	0.184	0.102
0.073	0.784	0.001	0.142
0.114	0.256	0.001	0.629
0.001	0.106	0.110	0.783
0.072	0.800	0.083	0.045
0.021	0.977	0.001	0.001
0.085	0.017	0.112	0.786
0.001	0.996	0.001	0.002
0.265	0.659	0.075	0.001
>DMTKRCGTCA	9-DMTKRCGTCA	6.600644	-30.673004	0	T:242.0(13.31%),B:3799.0(8.12%),P:1e-13	Tpos:328.3,Tstd:307.4,Bpos:239.2,Bstd:144.3,StrandBias:0.1,Multiplicity:1.21
0.260	0.015	0.384	0.341
0.492	0.426	0.063	0.019
0.113	0.134	0.074	0.679
0.070	0.036	0.473	0.421
0.480	0.083	0.419	0.018
0.086	0.639	0.004	0.271
0.133	0.005	0.804	0.058
0.058	0.089	0.056	0.797
0.136	0.792	0.037	0.035
0.858	0.031	0.038	0.073
>CGTGGCTTAG	10-CGTGGCTTAG	8.568495	-30.456690	0	T:65.0(3.58%),B:568.0(1.21%),P:1e-13	Tpos:327.3,Tstd:303.9,Bpos:241.7,Bstd:147.8,StrandBias:0.0,Multiplicity:1.02
0.118	0.658	0.206	0.018
0.025	0.129	0.724	0.122
0.090	0.029	0.043	0.838
0.021	0.001	0.632	0.346
0.034	0.006	0.796	0.164
0.128	0.742	0.008	0.122
0.025	0.069	0.096	0.810
0.054	0.122	0.139	0.685
0.879	0.058	0.001	0.062
0.137	0.135	0.708	0.020
>TTCTGAGTAA	11-TTCTGAGTAA	9.184856	-28.282837	0	T:97.0(5.34%),B:1108.5(2.37%),P:1e-12	Tpos:274.5,Tstd:199.7,Bpos:238.3,Bstd:140.8,StrandBias:-0.3,Multiplicity:1.05
0.001	0.129	0.002	0.868
0.001	0.001	0.155	0.843
0.001	0.650	0.261	0.088
0.001	0.001	0.142	0.856
0.001	0.001	0.997	0.001
0.871	0.001	0.127	0.001
0.001	0.165	0.647	0.187
0.159	0.218	0.190	0.432
0.697	0.001	0.062	0.240
0.997	0.001	0.001	0.001
>AACCCGACTT	12-AACCCGACTT	9.646979	-25.843952	0	T:36.0(1.98%),B:229.1(0.49%),P:1e-11	Tpos:254.0,Tstd:182.4,Bpos:237.2,Bstd:140.7,StrandBias:0.0,Multiplicity:1.00
0.851	0.053	0.001	0.095
0.844	0.077	0.001	0.078
0.001	0.997	0.001	0.001
0.078	0.860	0.001	0.061
0.001	0.967	0.001	0.031
0.001	0.123	0.875	0.001
0.860	0.045	0.038	0.057
0.001	0.954	0.044	0.001
0.001	0.065	0.001	0.933
0.001	0.037	0.053	0.909
>CCCCCCCCCC	13-CCCCCCCCCC	8.054261	-25.800047	0	T:421.0(23.16%),B:7913.3(16.92%),P:1e-11	Tpos:341.0,Tstd:292.1,Bpos:241.2,Bstd:146.8,StrandBias:0.0,Multiplicity:1.40
0.001	0.997	0.001	0.001
0.001	0.883	0.048	0.068
0.001	0.990	0.001	0.008
0.118	0.645	0.077	0.160
0.011	0.977	0.001	0.011
0.007	0.984	0.008	0.001
0.096	0.804	0.099	0.001
0.108	0.890	0.001	0.001
0.001	0.894	0.104	0.001
0.001	0.929	0.069	0.001
>WTATGCAAAT	14-WTATGCAAAT	9.299032	-25.604812	0	T:36.0(1.98%),B:231.4(0.49%),P:1e-11	Tpos:555.5,Tstd:563.4,Bpos:238.5,Bstd:135.3,StrandBias:1.1,Multiplicity:1.82
0.389	0.058	0.217	0.336
0.044	0.102	0.139	0.715
0.949	0.003	0.002	0.046
0.035	0.047	0.185	0.733
0.030	0.040	0.835	0.095
0.044	0.647	0.003	0.306
0.770	0.025	0.055	0.150
0.896	0.053	0.021	0.030
0.537	0.001	0.327	0.135
0.058	0.212	0.161	0.569
>GGTTGCTAGG	15-GGTTGCTAGG	7.712194	-25.342316	0	T:99.0(5.45%),B:1204.5(2.58%),P:1e-11	Tpos:277.9,Tstd:220.9,Bpos:240.1,Bstd:143.2,StrandBias:0.1,Multiplicity:1.01
0.064	0.065	0.801	0.070
0.056	0.059	0.822	0.063
0.027	0.068	0.062	0.843
0.053	0.038	0.066	0.843
0.111	0.029	0.802	0.058
0.056	0.806	0.082	0.056
0.120	0.062	0.112	0.706
0.847	0.017	0.084	0.052
0.066	0.123	0.695	0.116
0.044	0.042	0.845	0.069
>TTAGCAGCTG	16-TTAGCAGCTG	9.117551	-23.485104	0	T:89.0(4.90%),B:1070.9(2.29%),P:1e-10	Tpos:263.8,Tstd:193.1,Bpos:235.3,Bstd:143.7,StrandBias:0.2,Multiplicity:1.02
0.109	0.001	0.001	0.889
0.001	0.030	0.079	0.890
0.633	0.025	0.065	0.277
0.033	0.033	0.925	0.009
0.001	0.983	0.015	0.001
0.964	0.034	0.001	0.001
0.001	0.001	0.997	0.001
0.001	0.997	0.001	0.001
0.001	0.171	0.027	0.801
0.048	0.001	0.950	0.001
>AGAGCTCTGC	17-AGAGCTCTGC	9.267178	-23.399101	0	T:96.0(5.28%),B:1195.2(2.56%),P:1e-10	Tpos:269.6,Tstd:211.2,Bpos:226.4,Bstd:141.5,StrandBias:0.3,Multiplicity:1.02
0.954	0.001	0.001	0.044
0.005	0.039	0.950	0.006
0.901	0.007	0.052	0.040
0.001	0.001	0.968	0.030
0.001	0.996	0.002	0.001
0.017	0.001	0.001	0.981
0.010	0.988	0.001	0.001
0.033	0.001	0.001	0.965
0.011	0.010	0.642	0.337
0.227	0.689	0.065	0.019
>GTCGTGAGTT	18-GTCGTGAGTT	9.529828	-19.896033	0	T:35.0(1.93%),B:273.7(0.59%),P:1e-8	Tpos:288.2,Tstd:200.9,Bpos:228.5,Bstd:142.0,StrandBias:0.0,Multiplicity:1.15
0.001	0.001	0.997	0.001
0.001	0.001	0.001	0.997
0.001	0.766	0.232	0.001
0.069	0.133	0.769	0.029
0.001	0.001	0.044	0.954
0.001	0.001	0.997	0.001
0.880	0.092	0.027	0.001
0.001	0.039	0.898	0.062
0.062	0.001	0.001	0.936
0.092	0.001	0.062	0.845
>TGGTGGCAGA	19-TGGTGGCAGA	9.797081	-19.458056	0	T:67.0(3.69%),B:776.9(1.66%),P:1e-8	Tpos:349.5,Tstd:275.9,Bpos:237.9,Bstd:138.9,StrandBias:0.1,Multiplicity:1.03
0.001	0.041	0.195	0.763
0.001	0.037	0.932	0.030
0.270	0.001	0.727	0.002
0.001	0.001	0.193	0.805
0.001	0.081	0.826	0.092
0.019	0.001	0.969	0.011
0.033	0.926	0.013	0.028
0.883	0.115	0.001	0.001
0.001	0.069	0.912	0.018
0.704	0.014	0.001	0.281
>ACCCACAACG	20-ACCCACAACG	9.868012	-19.263222	0	T:33.0(1.82%),B:253.7(0.54%),P:1e-8	Tpos:238.8,Tstd:146.9,Bpos:248.2,Bstd:147.7,StrandBias:-1.0,Multiplicity:1.00
0.944	0.001	0.054	0.001
0.001	0.851	0.059	0.089
0.070	0.928	0.001	0.001
0.051	0.947	0.001	0.001
0.949	0.001	0.001	0.049
0.001	0.997	0.001	0.001
0.922	0.001	0.076	0.001
0.760	0.150	0.001	0.089
0.001	0.997	0.001	0.001
0.104	0.131	0.764	0.001
>CCGGAATGAT	21-CCGGAATGAT	6.268219	-19.251289	0	T:23.0(1.27%),B:131.0(0.28%),P:1e-8	Tpos:319.8,Tstd:241.6,Bpos:232.3,Bstd:139.8,StrandBias:0.2,Multiplicity:1.04
0.001	0.997	0.001	0.001
0.001	0.997	0.001	0.001
0.001	0.001	0.997	0.001
0.001	0.001	0.997	0.001
0.997	0.001	0.001	0.001
0.997	0.001	0.001	0.001
0.001	0.001	0.329	0.669
0.001	0.001	0.768	0.230
0.883	0.001	0.001	0.115
0.001	0.001	0.001	0.997
>GGATTGGTCG	22-GGATTGGTCG	10.296193	-17.629440	0	T:5.0(0.28%),B:2.7(0.01%),P:1e-7	Tpos:354.8,Tstd:108.6,Bpos:293.6,Bstd:90.6,StrandBias:-0.6,Multiplicity:1.00
0.100	0.100	0.700	0.100
0.100	0.100	0.700	0.100
0.700	0.100	0.100	0.100
0.100	0.100	0.100	0.700
0.100	0.100	0.100	0.700
0.100	0.100	0.700	0.100
0.100	0.100	0.700	0.100
0.100	0.100	0.100	0.700
0.100	0.700	0.100	0.100
0.100	0.100	0.700	0.100
>KTTTTTTTTT	23-KTTTTTTTTT	8.100259	-15.877562	0	T:363.0(19.97%),B:7212.7(15.42%),P:1e-6	Tpos:356.5,Tstd:319.1,Bpos:242.5,Bstd:158.7,StrandBias:-0.2,Multiplicity:1.26
0.001	0.251	0.318	0.429
0.001	0.286	0.233	0.480
0.001	0.001	0.243	0.755
0.001	0.205	0.001	0.793
0.001	0.001	0.022	0.976
0.001	0.001	0.001	0.997
0.223	0.063	0.001	0.713
0.158	0.001	0.001	0.840
0.001	0.290	0.181	0.528
0.001	0.326	0.001	0.672
>CTCTAGAAGT	24-CTCTAGAAGT	11.941567	-14.349128	0	T:10.0(0.55%),B:31.8(0.07%),P:1e-6	Tpos:492.4,Tstd:246.2,Bpos:214.9,Bstd:154.4,StrandBias:1.8,Multiplicity:1.80
0.001	0.997	0.001	0.001
0.001	0.001	0.001	0.997
0.001	0.997	0.001	0.001
0.001	0.001	0.001	0.997
0.997	0.001	0.001	0.001
0.001	0.001	0.997	0.001
0.997	0.001	0.001	0.001
0.827	0.171	0.001	0.001
0.001	0.121	0.877	0.001
0.001	0.001	0.001	0.997
>AGCTCATTAC	25-AGCTCATTAC	10.296193	-5.161798	0	T:4.0(0.22%),B:18.5(0.04%),P:1e-2	Tpos:495.9,Tstd:216.0,Bpos:214.3,Bstd:145.2,StrandBias:-1.2,Multiplicity:2.50
0.700	0.100	0.100	0.100
0.100	0.100	0.700	0.100
0.100	0.700	0.100	0.100
0.100	0.100	0.100	0.700
0.100	0.700	0.100	0.100
0.700	0.100	0.100	0.100
0.100	0.100	0.100	0.700
0.100	0.100	0.100	0.700
0.700	0.100	0.100	0.100
0.100	0.700	0.100	0.100
>CCACCAGGKGGC	1-CCACCAGGKGGC	9.950393	-106.641321	0	T:107.0(5.89%),B:465.4(1.00%),P:1e-46	Tpos:243.4,Tstd:166.3,Bpos:239.4,Bstd:146.5,StrandBias:-0.2,Multiplicity:1.04
0.048	0.948	0.001	0.003
0.001	0.997	0.001	0.001
0.997	0.001	0.001	0.001
0.001	0.836	0.162	0.001
0.046	0.776	0.001	0.177
0.926	0.001	0.072	0.001
0.001	0.001	0.997	0.001
0.417	0.001	0.581	0.001
0.001	0.001	0.507	0.491
0.001	0.001	0.997	0.001
0.001	0.001	0.997	0.001
0.081	0.917	0.001	0.001
>ACCACTTCCTGT	2-ACCACTTCCTGT	7.626996	-94.870257	0	T:485.0(26.68%),B:6762.5(14.46%),P:1e-41	Tpos:271.8,Tstd:198.8,Bpos:239.6,Bstd:136.8,StrandBias:-0.0,Multiplicity:1.20
0.488	0.212	0.078	0.222
0.150	0.445	0.208	0.196
0.131	0.666	0.078	0.125
0.777	0.019	0.066	0.138
0.030	0.857	0.053	0.060
0.196	0.114	0.007	0.683
0.013	0.006	0.110	0.871
0.060	0.881	0.035	0.024
0.001	0.932	0.001	0.066
0.021	0.001	0.001	0.977
0.001	0.162	0.705	0.132
0.088	0.207	0.075	0.630
>CTATGASTCAGM	3-CTATGASTCAGM	9.733592	-61.539044	0	T:91.0(5.01%),B:590.6(1.26%),P:1e-26	Tpos:228.1,Tstd:174.1,Bpos:240.7,Bstd:138.3,StrandBias:0.0,Multiplicity:1.08
0.077	0.517	0.193	0.213
0.167	0.323	0.001	0.509
0.722	0.001	0.155	0.122
0.001	0.001	0.009	0.989
0.001	0.001	0.997	0.001
0.956	0.001	0.042	0.001
0.029	0.455	0.459	0.057
0.042	0.062	0.001	0.895
0.001	0.997	0.001	0.001
0.932	0.001	0.001	0.066
0.077	0.206	0.527	0.190
0.465	0.403	0.131	0.001
>VAACAGGAAACM	4-VAACAGGAAACM	11.333717	-36.956234	0	T:50.0(2.75%),B:304.3(0.65%),P:1e-16	Tpos:290.8,Tstd:180.7,Bpos:238.5,Bstd:140.2,StrandBias:0.1,Multiplicity:1.04
0.383	0.280	0.336	0.001
0.642	0.062	0.056	0.240
0.776	0.001	0.153	0.070
0.001	0.964	0.034	0.001
0.997	0.001	0.001	0.001
0.001	0.001	0.997	0.001
0.001	0.001	0.997	0.001
0.997	0.001	0.001	0.001
0.997	0.001	0.001	0.001
0.876	0.001	0.122	0.001
0.001	0.970	0.028	0.001
0.371	0.415	0.056	0.158
>CCGCCYGCAAAT	5-CCGCCYGCAAAT	12.622673	-32.098106	0	T:11.0(0.61%),B:7.4(0.02%),P:1e-13	Tpos:172.1,Tstd:108.7,Bpos:265.3,Bstd:115.8,StrandBias:-0.3,Multiplicity:1.00
0.001	0.997	0.001	0.001
0.167	0.673	0.001	0.159
0.159	0.001	0.522	0.318
0.001	0.997	0.001	0.001
0.001	0.997	0.001	0.001
0.159	0.318	0.159	0.364
0.001	0.001	0.997	0.001
0.001	0.997	0.001	0.001
0.997	0.001	0.001	0.001
0.645	0.353	0.001	0.001
0.806	0.159	0.001	0.034
0.001	0.317	0.001	0.681
>TTTGATGTGGTT	6-TTTGATGTGGTT	9.251333	-30.960100	0	T:86.0(4.73%),B:879.4(1.88%),P:1e-13	Tpos:272.8,Tstd:194.5,Bpos:236.4,Bstd:143.5,StrandBias:-0.3,Multiplicity:1.02
0.070	0.101	0.050	0.779
0.098	0.081	0.081	0.740
0.001	0.001	0.016	0.982
0.019	0.108	0.817	0.056
0.842	0.088	0.032	0.038
0.097	0.001	0.043	0.859
0.001	0.056	0.881	0.062
0.001	0.028	0.028	0.943
0.107	0.017	0.786	0.090
0.094	0.014	0.788	0.104
0.069	0.092	0.072	0.767
0.028	0.074	0.082	0.816
>AAACGGAAACTA	7-AAACGGAAACTA	9.007179	-29.410835	0	T:82.0(4.51%),B:841.6(1.80%),P:1e-12	Tpos:253.2,Tstd:228.8,Bpos:249.9,Bstd:147.5,StrandBias:-0.4,Multiplicity:1.09
0.827	0.027	0.080	0.066
0.890	0.054	0.029	0.027
0.920	0.026	0.053	0.001
0.109	0.591	0.116	0.184
0.083	0.055	0.717	0.145
0.060	0.048	0.874	0.018
0.997	0.001	0.001	0.001
0.880	0.026	0.093	0.001
0.910	0.001	0.063	0.026
0.102	0.860	0.011	0.027
0.075	0.069	0.080	0.776
0.766	0.112	0.084	0.038
>GCTCTCAGGTCT	8-GCTCTCAGGTCT	13.485242	-26.027623	0	T:14.0(0.77%),B:26.1(0.06%),P:1e-11	Tpos:278.5,Tstd:256.1,Bpos:232.5,Bstd:106.2,StrandBias:0.8,Multiplicity:1.00
0.001	0.001	0.997	0.001
0.001	0.997	0.001	0.001
0.111	0.001	0.001	0.887
0.001	0.997	0.001	0.001
0.001	0.001	0.140	0.858
0.001	0.936	0.062	0.001
0.930	0.001	0.001	0.068
0.001	0.001	0.997	0.001
0.001	0.001	0.997	0.001
0.001	0.001	0.001	0.997
0.001	0.997	0.001	0.001
0.001	0.001	0.001	0.997
>GGCAAGAAGGTC	9-GGCAAGAAGGTC	13.394897	-25.948111	0	T:10.0(0.55%),B:9.0(0.02%),P:1e-11	Tpos:144.0,Tstd:100.5,Bpos:241.5,Bstd:141.9,StrandBias:1.2,Multiplicity:1.00
0.001	0.001	0.696	0.302
0.001	0.381	0.617	0.001
0.001	0.696	0.001	0.302
0.997	0.001	0.001	0.001
0.988	0.001	0.010	0.001
0.001	0.001	0.997	0.001
0.684	0.001	0.001	0.314
0.696	0.001	0.302	0.001
0.001	0.001	0.997	0.001
0.001	0.001	0.997	0.001
0.001	0.001	0.001	0.997
0.001	0.997	0.001	0.001
>CCCCCCCCCCCC	10-CCCCCCCCCCCC	6.940579	-22.370080	0	T:533.0(29.32%),B:10730.3(22.94%),P:1e-9	Tpos:357.7,Tstd:325.6,Bpos:240.3,Bstd:146.6,StrandBias:0.0,Multiplicity:1.58
0.086	0.584	0.099	0.231
0.014	0.655	0.089	0.242
0.012	0.646	0.138	0.204
0.095	0.584	0.197	0.124
0.154	0.549	0.153	0.144
0.136	0.659	0.183	0.022
0.077	0.650	0.124	0.149
0.097	0.533	0.177	0.193
0.196	0.602	0.179	0.023
0.169	0.579	0.166	0.086
0.139	0.533	0.174	0.154
0.164	0.700	0.014	0.122
>AACCTCAAACCA	11-AACCTCAAACCA	12.355432	-21.980155	0	T:6.0(0.33%),B:2.2(0.00%),P:1e-9	Tpos:150.0,Tstd:68.0,Bpos:161.3,Bstd:121.9,StrandBias:10.0,Multiplicity:1.00
0.700	0.100	0.100	0.100
0.700	0.100	0.100	0.100
0.100	0.700	0.100	0.100
0.100	0.700	0.100	0.100
0.100	0.100	0.100	0.700
0.100	0.700	0.100	0.100
0.700	0.100	0.100	0.100
0.700	0.100	0.100	0.100
0.700	0.100	0.100	0.100
0.100	0.700	0.100	0.100
0.100	0.700	0.100	0.100
0.700	0.100	0.100	0.100
>TAATGGCGTCAC	12-TAATGGCGTCAC	14.323862	-21.062917	0	T:5.0(0.28%),B:0.0(0.00%),P:1e-9	Tpos:229.2,Tstd:79.1,Bpos:0.0,Bstd:0.0,StrandBias:0.6,Multiplicity:1.00
0.001	0.001	0.001	0.997
0.997	0.001	0.001	0.001
0.997	0.001	0.001	0.001
0.199	0.001	0.001	0.799
0.001	0.001	0.799	0.199
0.199	0.001	0.799	0.001
0.001	0.799	0.001	0.199
0.001	0.001	0.997	0.001
0.001	0.001	0.001	0.997
0.001	0.997	0.001	0.001
0.997	0.001	0.001	0.001
0.001	0.997	0.001	0.001
>TTTATGCAAATT	13-TTTATGCAAATT	13.434515	-17.794593	0	T:8.0(0.44%),B:11.2(0.02%),P:1e-7	Tpos:775.9,Tstd:737.3,Bpos:270.3,Bstd:107.4,StrandBias:3.3,Multiplicity:2.75
0.001	0.080	0.001	0.918
0.033	0.001	0.081	0.885
0.001	0.001	0.080	0.918
0.950	0.048	0.001	0.001
0.001	0.001	0.001	0.997
0.001	0.001	0.997	0.001
0.001	0.950	0.001	0.048
0.918	0.001	0.001	0.080
0.934	0.064	0.001	0.001
0.918	0.001	0.080	0.001
0.001	0.048	0.001	0.950
0.064	0.001	0.001	0.934
>AGCTCATGGACT	14-AGCTCATGGACT	9.436366	-16.664459	0	T:10.0(0.55%),B:24.2(0.05%),P:1e-7	Tpos:498.4,Tstd:345.0,Bpos:249.6,Bstd:135.0,StrandBias:3.9,Multiplicity:1.60
0.997	0.001	0.001	0.001
0.001	0.001	0.997	0.001
0.001	0.997	0.001	0.001
0.001	0.001	0.001	0.997
0.001	0.997	0.001	0.001
0.808	0.001	0.001	0.190
0.228	0.001	0.001	0.770
0.001	0.001	0.997	0.001
0.001	0.001	0.997	0.001
0.997	0.001	0.001	0.001
0.001	0.997	0.001	0.001
0.001	0.001	0.001	0.997
>CCTGCGCCTCTC	15-CCTGCGCCTCTC	12.355432	-16.581796	0	T:6.0(0.33%),B:5.2(0.01%),P:1e-7	Tpos:131.2,Tstd:22.7,Bpos:226.6,Bstd:126.9,StrandBias:-2.3,Multiplicity:1.00
0.100	0.700	0.100	0.100
0.100	0.700	0.100	0.100
0.100	0.100	0.100	0.700
0.100	0.100	0.700	0.100
0.100	0.700	0.100	0.100
0.100	0.100	0.700	0.100
0.100	0.700	0.100	0.100
0.100	0.700	0.100	0.100
0.100	0.100	0.100	0.700
0.100	0.700	0.100	0.100
0.100	0.100	0.100	0.700
0.100	0.700	0.100	0.100
>ACAACTCACCAC	16-ACAACTCACCAC	14.268696	-13.860951	0	T:6.0(0.33%),B:8.1(0.02%),P:1e-6	Tpos:95.2,Tstd:74.1,Bpos:227.6,Bstd:113.1,StrandBias:1.4,Multiplicity:1.83
0.997	0.001	0.001	0.001
0.001	0.871	0.127	0.001
0.997	0.001	0.001	0.001
0.997	0.001	0.001	0.001
0.001	0.997	0.001	0.001
0.001	0.001	0.001	0.997
0.001	0.871	0.001	0.127
0.997	0.001	0.001	0.001
0.001	0.997	0.001	0.001
0.001	0.871	0.127	0.001
0.997	0.001	0.001	0.001
0.001	0.997	0.001	0.001
>AARAAAAAAAAA	17-AARAAAAAAAAA	7.572706	-13.196839	0	T:231.0(12.71%),B:4383.4(9.37%),P:1e-5	Tpos:343.4,Tstd:311.1,Bpos:242.9,Bstd:159.8,StrandBias:0.4,Multiplicity:1.16
0.486	0.177	0.162	0.175
0.515	0.118	0.210	0.157
0.374	0.122	0.384	0.120
0.612	0.073	0.237	0.078
0.627	0.122	0.191	0.060
0.666	0.119	0.201	0.014
0.627	0.120	0.174	0.079
0.617	0.171	0.161	0.051
0.608	0.120	0.191	0.081
0.600	0.125	0.212	0.063
0.549	0.192	0.149	0.110
0.580	0.148	0.160	0.112
>GGTGACAGCATA	18-GGTGACAGCATA	13.983040	-12.265115	0	T:5.0(0.28%),B:6.4(0.01%),P:1e-5	Tpos:247.3,Tstd:117.2,Bpos:270.7,Bstd:130.8,StrandBias:2.0,Multiplicity:2.00
0.001	0.001	0.997	0.001
0.001	0.001	0.997	0.001
0.001	0.001	0.001	0.997
0.001	0.001	0.997	0.001
0.997	0.001	0.001	0.001
0.001	0.997	0.001	0.001
0.997	0.001	0.001	0.001
0.001	0.001	0.915	0.083
0.123	0.875	0.001	0.001
0.997	0.001	0.001	0.001
0.001	0.001	0.001	0.997
0.997	0.001	0.001	0.001
>CTGCGTCACTGT	19-CTGCGTCACTGT	12.359730	-10.334023	0	T:5.0(0.28%),B:9.5(0.02%),P:1e-4	Tpos:303.6,Tstd:240.7,Bpos:195.3,Bstd:144.0,StrandBias:2.0,Multiplicity:1.00
0.001	0.997	0.001	0.001
0.001	0.001	0.001	0.997
0.001	0.001	0.997	0.001
0.001	0.997	0.001	0.001
0.228	0.001	0.770	0.001
0.001	0.001	0.001	0.997
0.001	0.997	0.001	0.001
0.997	0.001	0.001	0.001
0.001	0.997	0.001	0.001
0.080	0.001	0.001	0.918
0.001	0.001	0.997	0.001
0.001	0.001	0.215	0.783
>TAACCACACACA	20-TAACCACACACA	12.355432	-8.327213	0	T:3.0(0.17%),B:3.5(0.01%),P:1e-3	Tpos:143.6,Tstd:43.3,Bpos:126.6,Bstd:57.9,StrandBias:-0.6,Multiplicity:1.67
0.100	0.100	0.100	0.700
0.700	0.100	0.100	0.100
0.700	0.100	0.100	0.100
0.100	0.700	0.100	0.100
0.100	0.700	0.100	0.100
0.700	0.100	0.100	0.100
0.100	0.700	0.100	0.100
0.700	0.100	0.100	0.100
0.100	0.700	0.100	0.100
0.700	0.100	0.100	0.100
0.100	0.700	0.100	0.100
0.700	0.100	0.100	0.100
>GCATCACAGGCC	21-GCATCACAGGCC	14.818690	-7.214593	0	T:2.0(0.11%),B:1.7(0.00%),P:1e-3	Tpos:253.6,Tstd:97.9,Bpos:201.1,Bstd:20.6,StrandBias:10.0,Multiplicity:3.50
0.001	0.001	0.997	0.001
0.001	0.997	0.001	0.001
0.997	0.001	0.001	0.001
0.001	0.001	0.001	0.997
0.001	0.997	0.001	0.001
0.997	0.001	0.001	0.001
0.001	0.997	0.001	0.001
0.997	0.001	0.001	0.001
0.001	0.001	0.830	0.168
0.001	0.001	0.997	0.001
0.001	0.997	0.001	0.001
0.001	0.997	0.001	0.001
>CTCCAAGGACAC	22-CTCCAAGGACAC	12.355432	-3.476058	0	T:2.0(0.11%),B:7.3(0.02%),P:1e-1	Tpos:142.0,Tstd:82.0,Bpos:240.5,Bstd:110.8,StrandBias:10.0,Multiplicity:4.00
0.100	0.700	0.100	0.100
0.100	0.100	0.100	0.700
0.100	0.700	0.100	0.100
0.100	0.700	0.100	0.100
0.700	0.100	0.100	0.100
0.700	0.100	0.100	0.100
0.100	0.100	0.700	0.100
0.100	0.100	0.700	0.100
0.700	0.100	0.100	0.100
0.100	0.700	0.100	0.100
0.700	0.100	0.100	0.100
0.100	0.700	0.100	0.100
>CCCTTGCTCCAC	23-CCCTTGCTCCAC	12.355432	-2.592977	0	T:1.0(0.06%),B:2.8(0.01%),P:1e-1	Tpos:131.5,Tstd:71.0,Bpos:357.0,Bstd:54.6,StrandBias:10.0,Multiplicity:8.00
0.100	0.700	0.100	0.100
0.100	0.700	0.100	0.100
0.100	0.700	0.100	0.100
0.100	0.100	0.100	0.700
0.100	0.100	0.100	0.700
0.100	0.100	0.700	0.100
0.100	0.700	0.100	0.100
0.100	0.100	0.100	0.700
0.100	0.700	0.100	0.100
0.100	0.700	0.100	0.100
0.700	0.100	0.100	0.100
0.100	0.700	0.100	0.100
>TAGAAGTCTGTA	24-TAGAAGTCTGTA	12.355432	-2.592977	0	T:1.0(0.06%),B:2.4(0.01%),P:1e-1	Tpos:594.4,Tstd:71.7,Bpos:168.0,Bstd:52.2,StrandBias:10.0,Multiplicity:9.00
0.100	0.100	0.100	0.700
0.700	0.100	0.100	0.100
0.100	0.100	0.700	0.100
0.700	0.100	0.100	0.100
0.700	0.100	0.100	0.100
0.100	0.100	0.700	0.100
0.100	0.100	0.100	0.700
0.100	0.700	0.100	0.100
0.100	0.100	0.100	0.700
0.100	0.100	0.700	0.100
0.100	0.100	0.100	0.700
0.700	0.100	0.100	0.100
>CCCCCAGTGACA	25-CCCCCAGTGACA	12.355432	-2.206623	0	T:1.0(0.06%),B:3.3(0.01%),P:1e0	Tpos:123.0,Tstd:48.7,Bpos:293.6,Bstd:35.6,StrandBias:10.0,Multiplicity:6.00
0.100	0.700	0.100	0.100
0.100	0.700	0.100	0.100
0.100	0.700	0.100	0.100
0.100	0.700	0.100	0.100
0.100	0.700	0.100	0.100
0.700	0.100	0.100	0.100
0.100	0.100	0.700	0.100
0.100	0.100	0.100	0.700
0.100	0.100	0.700	0.100
0.700	0.100	0.100	0.100
0.100	0.700	0.100	0.100
0.700	0.100	0.100	0.100
>ACTTCCTG	1-ACTTCCTG	7.563428	-106.928462	0	T:519.0(28.55%),B:7134.1(15.25%),P:1e-46	Tpos:298.0,Tstd:229.7,Bpos:242.4,Bstd:141.5,StrandBias:-0.1,Multiplicity:1.22
0.877	0.001	0.121	0.001
0.001	0.903	0.001	0.095
0.131	0.001	0.001	0.867
0.001	0.001	0.001	0.997
0.001	0.997	0.001	0.001
0.001	0.997	0.001	0.001
0.001	0.001	0.050	0.948
0.001	0.134	0.864	0.001
>TGAGTCAT	2-TGAGTCAT	9.409135	-71.301012	0	T:135.0(7.43%),B:1067.4(2.28%),P:1e-30	Tpos:278.2,Tstd:206.3,Bpos:239.4,Bstd:134.8,StrandBias:0.2,Multiplicity:1.07
0.001	0.001	0.001	0.997
0.001	0.001	0.952	0.046
0.997	0.001	0.001	0.001
0.001	0.278	0.720	0.001
0.001	0.001	0.001	0.997
0.001	0.997	0.001	0.001
0.997	0.001	0.001	0.001
0.001	0.139	0.146	0.714
>RAGGAAAC	3-RAGGAAAC	7.523188	-47.401050	0	T:535.0(29.43%),B:9412.9(20.13%),P:1e-20	Tpos:306.6,Tstd:245.9,Bpos:240.5,Bstd:142.6,StrandBias:-0.1,Multiplicity:1.28
0.362	0.139	0.498	0.001
0.447	0.267	0.001	0.285
0.001	0.001	0.997	0.001
0.001	0.225	0.773	0.001
0.997	0.001	0.001	0.001
0.997	0.001	0.001	0.001
0.997	0.001	0.001	0.001
0.001	0.595	0.001	0.403
>GTGACTCA	4-GTGACTCA	5.459044	-37.389977	0	T:844.0(46.42%),B:17252.9(36.89%),P:1e-16	Tpos:289.7,Tstd:255.9,Bpos:240.9,Bstd:144.8,StrandBias:0.0,Multiplicity:1.57
0.001	0.108	0.890	0.001
0.001	0.001	0.001	0.997
0.175	0.063	0.564	0.198
0.946	0.001	0.052	0.001
0.058	0.832	0.109	0.001
0.135	0.001	0.112	0.752
0.201	0.463	0.054	0.282
0.802	0.003	0.001	0.194
>AACCRCAA	5-AACCRCAA	5.185816	-33.149129	0	T:282.0(15.51%),B:4531.6(9.69%),P:1e-14	Tpos:325.5,Tstd:273.3,Bpos:237.6,Bstd:150.4,StrandBias:-0.4,Multiplicity:1.11
0.997	0.001	0.001	0.001
0.979	0.019	0.001	0.001
0.001	0.997	0.001	0.001
0.001	0.997	0.001	0.001
0.474	0.001	0.524	0.001
0.001	0.997	0.001	0.001
0.903	0.001	0.095	0.001
0.691	0.001	0.307	0.001
>AGATCGAW	6-AGATCGAW	7.828866	-28.882897	0	T:139.0(7.65%),B:1840.2(3.93%),P:1e-12	Tpos:290.5,Tstd:283.1,Bpos:238.7,Bstd:139.4,StrandBias:0.1,Multiplicity:1.04
0.898	0.100	0.001	0.001
0.001	0.349	0.649	0.001
0.997	0.001	0.001	0.001
0.001	0.001	0.001	0.997
0.001	0.997	0.001	0.001
0.234	0.001	0.764	0.001
0.997	0.001	0.001	0.001
0.529	0.001	0.001	0.469
>CTTTGAAG	7-CTTTGAAG	8.071203	-27.981150	0	T:230.0(12.65%),B:3653.6(7.81%),P:1e-12	Tpos:283.8,Tstd:239.6,Bpos:243.6,Bstd:141.0,StrandBias:-0.3,Multiplicity:1.10
0.001	0.997	0.001	0.001
0.001	0.001	0.026	0.972
0.195	0.001	0.001	0.803
0.001	0.001	0.001	0.997
0.001	0.001	0.997	0.001
0.877	0.001	0.001	0.121
0.800	0.001	0.001	0.198
0.001	0.090	0.908	0.001
>ATTYGCGT	8-ATTYGCGT	7.061371	-25.956978	0	T:128.0(7.04%),B:1713.3(3.66%),P:1e-11	Tpos:501.5,Tstd:514.1,Bpos:237.0,Bstd:151.0,StrandBias:-0.7,Multiplicity:1.43
0.824	0.001	0.174	0.001
0.164	0.001	0.239	0.596
0.001	0.001	0.369	0.629
0.001	0.418	0.107	0.473
0.001	0.001	0.877	0.121
0.001	0.997	0.001	0.001
0.272	0.001	0.726	0.001
0.001	0.001	0.150	0.848
>CAGGGGGC	9-CAGGGGGC	8.191975	-23.878620	0	T:290.0(15.95%),B:5099.2(10.90%),P:1e-10	Tpos:316.5,Tstd:283.3,Bpos:242.1,Bstd:142.4,StrandBias:-0.1,Multiplicity:1.11
0.001	0.997	0.001	0.001
0.997	0.001	0.001	0.001
0.001	0.001	0.997	0.001
0.261	0.001	0.737	0.001
0.001	0.001	0.783	0.215
0.001	0.001	0.997	0.001
0.001	0.001	0.997	0.001
0.001	0.997	0.001	0.001
>CCCCCCCC	10-CCCCCCCC	8.235447	-23.118386	0	T:555.0(30.53%),B:11199.4(23.94%),P:1e-10	Tpos:338.9,Tstd:288.6,Bpos:240.6,Bstd:150.1,StrandBias:0.0,Multiplicity:1.77
0.001	0.997	0.001	0.001
0.001	0.932	0.066	0.001
0.001	0.762	0.096	0.141
0.121	0.714	0.164	0.001
0.129	0.681	0.189	0.001
0.089	0.909	0.001	0.001
0.001	0.997	0.001	0.001
0.001	0.997	0.001	0.001
>TCGTTTCA	11-TCGTTTCA	7.536720	-22.730232	0	T:129.0(7.10%),B:1822.9(3.90%),P:1e-9	Tpos:301.7,Tstd:231.7,Bpos:235.1,Bstd:147.6,StrandBias:0.3,Multiplicity:1.05
0.010	0.107	0.179	0.704
0.056	0.942	0.001	0.001
0.044	0.200	0.755	0.001
0.023	0.001	0.026	0.950
0.006	0.041	0.001	0.952
0.015	0.027	0.001	0.957
0.076	0.884	0.001	0.039
0.869	0.088	0.013	0.030
>TGACGTCA	12-TGACGTCA	7.143670	-22.383292	0	T:168.0(9.24%),B:2599.5(5.56%),P:1e-9	Tpos:354.6,Tstd:340.2,Bpos:239.5,Bstd:153.1,StrandBias:0.1,Multiplicity:1.24
0.001	0.001	0.001	0.997
0.276	0.001	0.663	0.060
0.704	0.294	0.001	0.001
0.001	0.939	0.001	0.059
0.001	0.001	0.997	0.001
0.001	0.001	0.001	0.997
0.001	0.997	0.001	0.001
0.710	0.001	0.138	0.151
>CTCTAGTG	13-CTCTAGTG	7.878374	-16.753862	0	T:130.0(7.15%),B:2040.5(4.36%),P:1e-7	Tpos:268.7,Tstd:261.9,Bpos:238.6,Bstd:147.2,StrandBias:-0.3,Multiplicity:1.06
0.111	0.887	0.001	0.001
0.001	0.001	0.001	0.997
0.001	0.997	0.001	0.001
0.001	0.001	0.068	0.930
0.997	0.001	0.001	0.001
0.001	0.146	0.852	0.001
0.001	0.058	0.001	0.940
0.001	0.001	0.997	0.001
>TGTCACCC	14-TGTCACCC	8.236954	-13.769233	0	T:73.0(4.02%),B:1022.8(2.19%),P:1e-5	Tpos:307.5,Tstd:249.5,Bpos:243.3,Bstd:140.4,StrandBias:0.0,Multiplicity:1.05
0.100	0.100	0.100	0.700
0.100	0.100	0.700	0.100
0.100	0.100	0.100	0.700
0.100	0.700	0.100	0.100
0.700	0.100	0.100	0.100
0.100	0.700	0.100	0.100
0.100	0.700	0.100	0.100
0.100	0.700	0.100	0.100
>AAAAAAAM	15-AAAAAAAM	6.632666	-9.226533	0	T:500.0(27.50%),B:11086.7(23.70%),P:1e-4	Tpos:344.7,Tstd:309.3,Bpos:242.2,Bstd:157.8,StrandBias:0.1,Multiplicity:1.40
0.517	0.049	0.346	0.088
0.815	0.012	0.172	0.001
0.911	0.001	0.062	0.026
0.997	0.001	0.001	0.001
0.889	0.109	0.001	0.001
0.645	0.134	0.156	0.065
0.617	0.189	0.193	0.001
0.412	0.342	0.245	0.001
