>CCACCAGGKGGC	1-CCACCAGGKGGC	9.950393	-106.641321	0	T:107.0(5.89%),B:465.4(1.00%),P:1e-46	Tpos:243.4,Tstd:166.3,Bpos:239.4,Bstd:146.5,StrandBias:-0.2,Multiplicity:1.04
0.048	0.948	0.001	0.003
0.001	0.997	0.001	0.001
0.997	0.001	0.001	0.001
0.001	0.836	0.162	0.001
0.046	0.776	0.001	0.177
0.926	0.001	0.072	0.001
0.001	0.001	0.997	0.001
0.417	0.001	0.581	0.001
0.001	0.001	0.507	0.491
0.001	0.001	0.997	0.001
0.001	0.001	0.997	0.001
0.081	0.917	0.001	0.001
>ACCACTTCCTGT	2-ACCACTTCCTGT	7.626996	-94.870257	0	T:485.0(26.68%),B:6762.5(14.46%),P:1e-41	Tpos:271.8,Tstd:198.8,Bpos:239.6,Bstd:136.8,StrandBias:-0.0,Multiplicity:1.20
0.488	0.212	0.078	0.222
0.150	0.445	0.208	0.196
0.131	0.666	0.078	0.125
0.777	0.019	0.066	0.138
0.030	0.857	0.053	0.060
0.196	0.114	0.007	0.683
0.013	0.006	0.110	0.871
0.060	0.881	0.035	0.024
0.001	0.932	0.001	0.066
0.021	0.001	0.001	0.977
0.001	0.162	0.705	0.132
0.088	0.207	0.075	0.630
>CTATGASTCAGM	3-CTATGASTCAGM	9.733592	-61.539044	0	T:91.0(5.01%),B:590.6(1.26%),P:1e-26	Tpos:228.1,Tstd:174.1,Bpos:240.7,Bstd:138.3,StrandBias:0.0,Multiplicity:1.08
0.077	0.517	0.193	0.213
0.167	0.323	0.001	0.509
0.722	0.001	0.155	0.122
0.001	0.001	0.009	0.989
0.001	0.001	0.997	0.001
0.956	0.001	0.042	0.001
0.029	0.455	0.459	0.057
0.042	0.062	0.001	0.895
0.001	0.997	0.001	0.001
0.932	0.001	0.001	0.066
0.077	0.206	0.527	0.190
0.465	0.403	0.131	0.001
>VAACAGGAAACM	4-VAACAGGAAACM	11.333717	-36.956234	0	T:50.0(2.75%),B:304.3(0.65%),P:1e-16	Tpos:290.8,Tstd:180.7,Bpos:238.5,Bstd:140.2,StrandBias:0.1,Multiplicity:1.04
0.383	0.280	0.336	0.001
0.642	0.062	0.056	0.240
0.776	0.001	0.153	0.070
0.001	0.964	0.034	0.001
0.997	0.001	0.001	0.001
0.001	0.001	0.997	0.001
0.001	0.001	0.997	0.001
0.997	0.001	0.001	0.001
0.997	0.001	0.001	0.001
0.876	0.001	0.122	0.001
0.001	0.970	0.028	0.001
0.371	0.415	0.056	0.158
>CCGCCYGCAAAT	5-CCGCCYGCAAAT	12.622673	-32.098106	0	T:11.0(0.61%),B:7.4(0.02%),P:1e-13	Tpos:172.1,Tstd:108.7,Bpos:265.3,Bstd:115.8,StrandBias:-0.3,Multiplicity:1.00
0.001	0.997	0.001	0.001
0.167	0.673	0.001	0.159
0.159	0.001	0.522	0.318
0.001	0.997	0.001	0.001
0.001	0.997	0.001	0.001
0.159	0.318	0.159	0.364
0.001	0.001	0.997	0.001
0.001	0.997	0.001	0.001
0.997	0.001	0.001	0.001
0.645	0.353	0.001	0.001
0.806	0.159	0.001	0.034
0.001	0.317	0.001	0.681
>TTTGATGTGGTT	6-TTTGATGTGGTT	9.251333	-30.960100	0	T:86.0(4.73%),B:879.4(1.88%),P:1e-13	Tpos:272.8,Tstd:194.5,Bpos:236.4,Bstd:143.5,StrandBias:-0.3,Multiplicity:1.02
0.070	0.101	0.050	0.779
0.098	0.081	0.081	0.740
0.001	0.001	0.016	0.982
0.019	0.108	0.817	0.056
0.842	0.088	0.032	0.038
0.097	0.001	0.043	0.859
0.001	0.056	0.881	0.062
0.001	0.028	0.028	0.943
0.107	0.017	0.786	0.090
0.094	0.014	0.788	0.104
0.069	0.092	0.072	0.767
0.028	0.074	0.082	0.816
>AAACGGAAACTA	7-AAACGGAAACTA	9.007179	-29.410835	0	T:82.0(4.51%),B:841.6(1.80%),P:1e-12	Tpos:253.2,Tstd:228.8,Bpos:249.9,Bstd:147.5,StrandBias:-0.4,Multiplicity:1.09
0.827	0.027	0.080	0.066
0.890	0.054	0.029	0.027
0.920	0.026	0.053	0.001
0.109	0.591	0.116	0.184
0.083	0.055	0.717	0.145
0.060	0.048	0.874	0.018
0.997	0.001	0.001	0.001
0.880	0.026	0.093	0.001
0.910	0.001	0.063	0.026
0.102	0.860	0.011	0.027
0.075	0.069	0.080	0.776
0.766	0.112	0.084	0.038
>GCTCTCAGGTCT	8-GCTCTCAGGTCT	13.485242	-26.027623	0	T:14.0(0.77%),B:26.1(0.06%),P:1e-11	Tpos:278.5,Tstd:256.1,Bpos:232.5,Bstd:106.2,StrandBias:0.8,Multiplicity:1.00
0.001	0.001	0.997	0.001
0.001	0.997	0.001	0.001
0.111	0.001	0.001	0.887
0.001	0.997	0.001	0.001
0.001	0.001	0.140	0.858
0.001	0.936	0.062	0.001
0.930	0.001	0.001	0.068
0.001	0.001	0.997	0.001
0.001	0.001	0.997	0.001
0.001	0.001	0.001	0.997
0.001	0.997	0.001	0.001
0.001	0.001	0.001	0.997
>GGCAAGAAGGTC	9-GGCAAGAAGGTC	13.394897	-25.948111	0	T:10.0(0.55%),B:9.0(0.02%),P:1e-11	Tpos:144.0,Tstd:100.5,Bpos:241.5,Bstd:141.9,StrandBias:1.2,Multiplicity:1.00
0.001	0.001	0.696	0.302
0.001	0.381	0.617	0.001
0.001	0.696	0.001	0.302
0.997	0.001	0.001	0.001
0.988	0.001	0.010	0.001
0.001	0.001	0.997	0.001
0.684	0.001	0.001	0.314
0.696	0.001	0.302	0.001
0.001	0.001	0.997	0.001
0.001	0.001	0.997	0.001
0.001	0.001	0.001	0.997
0.001	0.997	0.001	0.001
>CCCCCCCCCCCC	10-CCCCCCCCCCCC	6.940579	-22.370080	0	T:533.0(29.32%),B:10730.3(22.94%),P:1e-9	Tpos:357.7,Tstd:325.6,Bpos:240.3,Bstd:146.6,StrandBias:0.0,Multiplicity:1.58
0.086	0.584	0.099	0.231
0.014	0.655	0.089	0.242
0.012	0.646	0.138	0.204
0.095	0.584	0.197	0.124
0.154	0.549	0.153	0.144
0.136	0.659	0.183	0.022
0.077	0.650	0.124	0.149
0.097	0.533	0.177	0.193
0.196	0.602	0.179	0.023
0.169	0.579	0.166	0.086
0.139	0.533	0.174	0.154
0.164	0.700	0.014	0.122
>AACCTCAAACCA	11-AACCTCAAACCA	12.355432	-21.980155	0	T:6.0(0.33%),B:2.2(0.00%),P:1e-9	Tpos:150.0,Tstd:68.0,Bpos:161.3,Bstd:121.9,StrandBias:10.0,Multiplicity:1.00
0.700	0.100	0.100	0.100
0.700	0.100	0.100	0.100
0.100	0.700	0.100	0.100
0.100	0.700	0.100	0.100
0.100	0.100	0.100	0.700
0.100	0.700	0.100	0.100
0.700	0.100	0.100	0.100
0.700	0.100	0.100	0.100
0.700	0.100	0.100	0.100
0.100	0.700	0.100	0.100
0.100	0.700	0.100	0.100
0.700	0.100	0.100	0.100
>TAATGGCGTCAC	12-TAATGGCGTCAC	14.323862	-21.062917	0	T:5.0(0.28%),B:0.0(0.00%),P:1e-9	Tpos:229.2,Tstd:79.1,Bpos:0.0,Bstd:0.0,StrandBias:0.6,Multiplicity:1.00
0.001	0.001	0.001	0.997
0.997	0.001	0.001	0.001
0.997	0.001	0.001	0.001
0.199	0.001	0.001	0.799
0.001	0.001	0.799	0.199
0.199	0.001	0.799	0.001
0.001	0.799	0.001	0.199
0.001	0.001	0.997	0.001
0.001	0.001	0.001	0.997
0.001	0.997	0.001	0.001
0.997	0.001	0.001	0.001
0.001	0.997	0.001	0.001
>TTTATGCAAATT	13-TTTATGCAAATT	13.434515	-17.794593	0	T:8.0(0.44%),B:11.2(0.02%),P:1e-7	Tpos:775.9,Tstd:737.3,Bpos:270.3,Bstd:107.4,StrandBias:3.3,Multiplicity:2.75
0.001	0.080	0.001	0.918
0.033	0.001	0.081	0.885
0.001	0.001	0.080	0.918
0.950	0.048	0.001	0.001
0.001	0.001	0.001	0.997
0.001	0.001	0.997	0.001
0.001	0.950	0.001	0.048
0.918	0.001	0.001	0.080
0.934	0.064	0.001	0.001
0.918	0.001	0.080	0.001
0.001	0.048	0.001	0.950
0.064	0.001	0.001	0.934
>AGCTCATGGACT	14-AGCTCATGGACT	9.436366	-16.664459	0	T:10.0(0.55%),B:24.2(0.05%),P:1e-7	Tpos:498.4,Tstd:345.0,Bpos:249.6,Bstd:135.0,StrandBias:3.9,Multiplicity:1.60
0.997	0.001	0.001	0.001
0.001	0.001	0.997	0.001
0.001	0.997	0.001	0.001
0.001	0.001	0.001	0.997
0.001	0.997	0.001	0.001
0.808	0.001	0.001	0.190
0.228	0.001	0.001	0.770
0.001	0.001	0.997	0.001
0.001	0.001	0.997	0.001
0.997	0.001	0.001	0.001
0.001	0.997	0.001	0.001
0.001	0.001	0.001	0.997
>CCTGCGCCTCTC	15-CCTGCGCCTCTC	12.355432	-16.581796	0	T:6.0(0.33%),B:5.2(0.01%),P:1e-7	Tpos:131.2,Tstd:22.7,Bpos:226.6,Bstd:126.9,StrandBias:-2.3,Multiplicity:1.00
0.100	0.700	0.100	0.100
0.100	0.700	0.100	0.100
0.100	0.100	0.100	0.700
0.100	0.100	0.700	0.100
0.100	0.700	0.100	0.100
0.100	0.100	0.700	0.100
0.100	0.700	0.100	0.100
0.100	0.700	0.100	0.100
0.100	0.100	0.100	0.700
0.100	0.700	0.100	0.100
0.100	0.100	0.100	0.700
0.100	0.700	0.100	0.100
>ACAACTCACCAC	16-ACAACTCACCAC	14.268696	-13.860951	0	T:6.0(0.33%),B:8.1(0.02%),P:1e-6	Tpos:95.2,Tstd:74.1,Bpos:227.6,Bstd:113.1,StrandBias:1.4,Multiplicity:1.83
0.997	0.001	0.001	0.001
0.001	0.871	0.127	0.001
0.997	0.001	0.001	0.001
0.997	0.001	0.001	0.001
0.001	0.997	0.001	0.001
0.001	0.001	0.001	0.997
0.001	0.871	0.001	0.127
0.997	0.001	0.001	0.001
0.001	0.997	0.001	0.001
0.001	0.871	0.127	0.001
0.997	0.001	0.001	0.001
0.001	0.997	0.001	0.001
>AARAAAAAAAAA	17-AARAAAAAAAAA	7.572706	-13.196839	0	T:231.0(12.71%),B:4383.4(9.37%),P:1e-5	Tpos:343.4,Tstd:311.1,Bpos:242.9,Bstd:159.8,StrandBias:0.4,Multiplicity:1.16
0.486	0.177	0.162	0.175
0.515	0.118	0.210	0.157
0.374	0.122	0.384	0.120
0.612	0.073	0.237	0.078
0.627	0.122	0.191	0.060
0.666	0.119	0.201	0.014
0.627	0.120	0.174	0.079
0.617	0.171	0.161	0.051
0.608	0.120	0.191	0.081
0.600	0.125	0.212	0.063
0.549	0.192	0.149	0.110
0.580	0.148	0.160	0.112
>GGTGACAGCATA	18-GGTGACAGCATA	13.983040	-12.265115	0	T:5.0(0.28%),B:6.4(0.01%),P:1e-5	Tpos:247.3,Tstd:117.2,Bpos:270.7,Bstd:130.8,StrandBias:2.0,Multiplicity:2.00
0.001	0.001	0.997	0.001
0.001	0.001	0.997	0.001
0.001	0.001	0.001	0.997
0.001	0.001	0.997	0.001
0.997	0.001	0.001	0.001
0.001	0.997	0.001	0.001
0.997	0.001	0.001	0.001
0.001	0.001	0.915	0.083
0.123	0.875	0.001	0.001
0.997	0.001	0.001	0.001
0.001	0.001	0.001	0.997
0.997	0.001	0.001	0.001
>CTGCGTCACTGT	19-CTGCGTCACTGT	12.359730	-10.334023	0	T:5.0(0.28%),B:9.5(0.02%),P:1e-4	Tpos:303.6,Tstd:240.7,Bpos:195.3,Bstd:144.0,StrandBias:2.0,Multiplicity:1.00
0.001	0.997	0.001	0.001
0.001	0.001	0.001	0.997
0.001	0.001	0.997	0.001
0.001	0.997	0.001	0.001
0.228	0.001	0.770	0.001
0.001	0.001	0.001	0.997
0.001	0.997	0.001	0.001
0.997	0.001	0.001	0.001
0.001	0.997	0.001	0.001
0.080	0.001	0.001	0.918
0.001	0.001	0.997	0.001
0.001	0.001	0.215	0.783
>TAACCACACACA	20-TAACCACACACA	12.355432	-8.327213	0	T:3.0(0.17%),B:3.5(0.01%),P:1e-3	Tpos:143.6,Tstd:43.3,Bpos:126.6,Bstd:57.9,StrandBias:-0.6,Multiplicity:1.67
0.100	0.100	0.100	0.700
0.700	0.100	0.100	0.100
0.700	0.100	0.100	0.100
0.100	0.700	0.100	0.100
0.100	0.700	0.100	0.100
0.700	0.100	0.100	0.100
0.100	0.700	0.100	0.100
0.700	0.100	0.100	0.100
0.100	0.700	0.100	0.100
0.700	0.100	0.100	0.100
0.100	0.700	0.100	0.100
0.700	0.100	0.100	0.100
>GCATCACAGGCC	21-GCATCACAGGCC	14.818690	-7.214593	0	T:2.0(0.11%),B:1.7(0.00%),P:1e-3	Tpos:253.6,Tstd:97.9,Bpos:201.1,Bstd:20.6,StrandBias:10.0,Multiplicity:3.50
0.001	0.001	0.997	0.001
0.001	0.997	0.001	0.001
0.997	0.001	0.001	0.001
0.001	0.001	0.001	0.997
0.001	0.997	0.001	0.001
0.997	0.001	0.001	0.001
0.001	0.997	0.001	0.001
0.997	0.001	0.001	0.001
0.001	0.001	0.830	0.168
0.001	0.001	0.997	0.001
0.001	0.997	0.001	0.001
0.001	0.997	0.001	0.001
>CTCCAAGGACAC	22-CTCCAAGGACAC	12.355432	-3.476058	0	T:2.0(0.11%),B:7.3(0.02%),P:1e-1	Tpos:142.0,Tstd:82.0,Bpos:240.5,Bstd:110.8,StrandBias:10.0,Multiplicity:4.00
0.100	0.700	0.100	0.100
0.100	0.100	0.100	0.700
0.100	0.700	0.100	0.100
0.100	0.700	0.100	0.100
0.700	0.100	0.100	0.100
0.700	0.100	0.100	0.100
0.100	0.100	0.700	0.100
0.100	0.100	0.700	0.100
0.700	0.100	0.100	0.100
0.100	0.700	0.100	0.100
0.700	0.100	0.100	0.100
0.100	0.700	0.100	0.100
>CCCTTGCTCCAC	23-CCCTTGCTCCAC	12.355432	-2.592977	0	T:1.0(0.06%),B:2.8(0.01%),P:1e-1	Tpos:131.5,Tstd:71.0,Bpos:357.0,Bstd:54.6,StrandBias:10.0,Multiplicity:8.00
0.100	0.700	0.100	0.100
0.100	0.700	0.100	0.100
0.100	0.700	0.100	0.100
0.100	0.100	0.100	0.700
0.100	0.100	0.100	0.700
0.100	0.100	0.700	0.100
0.100	0.700	0.100	0.100
0.100	0.100	0.100	0.700
0.100	0.700	0.100	0.100
0.100	0.700	0.100	0.100
0.700	0.100	0.100	0.100
0.100	0.700	0.100	0.100
>TAGAAGTCTGTA	24-TAGAAGTCTGTA	12.355432	-2.592977	0	T:1.0(0.06%),B:2.4(0.01%),P:1e-1	Tpos:594.4,Tstd:71.7,Bpos:168.0,Bstd:52.2,StrandBias:10.0,Multiplicity:9.00
0.100	0.100	0.100	0.700
0.700	0.100	0.100	0.100
0.100	0.100	0.700	0.100
0.700	0.100	0.100	0.100
0.700	0.100	0.100	0.100
0.100	0.100	0.700	0.100
0.100	0.100	0.100	0.700
0.100	0.700	0.100	0.100
0.100	0.100	0.100	0.700
0.100	0.100	0.700	0.100
0.100	0.100	0.100	0.700
0.700	0.100	0.100	0.100
>CCCCCAGTGACA	25-CCCCCAGTGACA	12.355432	-2.206623	0	T:1.0(0.06%),B:3.3(0.01%),P:1e0	Tpos:123.0,Tstd:48.7,Bpos:293.6,Bstd:35.6,StrandBias:10.0,Multiplicity:6.00
0.100	0.700	0.100	0.100
0.100	0.700	0.100	0.100
0.100	0.700	0.100	0.100
0.100	0.700	0.100	0.100
0.100	0.700	0.100	0.100
0.700	0.100	0.100	0.100
0.100	0.100	0.700	0.100
0.100	0.100	0.100	0.700
0.100	0.100	0.700	0.100
0.700	0.100	0.100	0.100
0.100	0.700	0.100	0.100
0.700	0.100	0.100	0.100
