>ACTTCCTGTC	1-ACTTCCTGTC	7.433496	-122.763189	0	T:503.0(27.67%),B:6450.9(13.79%),P:1e-53	Tpos:289.3,Tstd:225.2,Bpos:240.2,Bstd:140.2,StrandBias:0.1,Multiplicity:1.22
0.712	0.042	0.190	0.056
0.004	0.900	0.003	0.093
0.166	0.012	0.060	0.762
0.042	0.032	0.025	0.901
0.038	0.899	0.029	0.034
0.019	0.901	0.049	0.031
0.017	0.033	0.056	0.894
0.024	0.084	0.799	0.093
0.048	0.136	0.119	0.697
0.151	0.544	0.122	0.183
>NRTGASTCAB	2-NRTGASTCAB	6.706166	-76.168463	0	T:190.0(10.45%),B:1813.7(3.88%),P:1e-33	Tpos:279.1,Tstd:212.7,Bpos:240.7,Bstd:137.2,StrandBias:-0.1,Multiplicity:1.12
0.247	0.254	0.220	0.279
0.295	0.192	0.380	0.132
0.098	0.212	0.019	0.671
0.016	0.163	0.804	0.017
0.748	0.139	0.013	0.100
0.155	0.403	0.361	0.081
0.122	0.077	0.031	0.770
0.049	0.744	0.164	0.043
0.644	0.040	0.205	0.111
0.084	0.270	0.261	0.385
>CCACTAGGGG	3-CCACTAGGGG	8.249861	-64.842585	0	T:157.0(8.64%),B:1468.6(3.14%),P:1e-28	Tpos:256.2,Tstd:184.6,Bpos:248.9,Bstd:139.9,StrandBias:-0.4,Multiplicity:1.07
0.250	0.523	0.027	0.200
0.088	0.878	0.033	0.001
0.891	0.026	0.082	0.001
0.001	0.632	0.324	0.043
0.130	0.238	0.117	0.515
0.780	0.001	0.132	0.087
0.006	0.162	0.626	0.206
0.374	0.032	0.567	0.027
0.001	0.003	0.595	0.401
0.010	0.006	0.978	0.006
>AAACGGAAAC	4-AAACGGAAAC	7.975577	-57.463835	0	T:258.0(14.19%),B:3329.2(7.12%),P:1e-24	Tpos:277.9,Tstd:230.8,Bpos:237.9,Bstd:149.4,StrandBias:0.3,Multiplicity:1.13
0.761	0.020	0.177	0.042
0.578	0.085	0.241	0.096
0.578	0.169	0.243	0.010
0.239	0.693	0.017	0.051
0.116	0.027	0.576	0.281
0.059	0.010	0.930	0.001
0.958	0.001	0.016	0.025
0.997	0.001	0.001	0.001
0.961	0.001	0.037	0.001
0.090	0.829	0.080	0.001
>AMATCAAAGA	5-AMATCAAAGA	8.981445	-38.430829	0	T:128.0(7.04%),B:1434.6(3.07%),P:1e-16	Tpos:294.2,Tstd:243.2,Bpos:239.2,Bstd:141.7,StrandBias:0.0,Multiplicity:1.09
0.905	0.061	0.012	0.022
0.430	0.384	0.186	0.001
0.787	0.141	0.001	0.071
0.001	0.001	0.001	0.997
0.001	0.685	0.271	0.043
0.872	0.001	0.126	0.001
0.823	0.153	0.023	0.001
0.965	0.001	0.033	0.001
0.128	0.109	0.762	0.001
0.538	0.171	0.001	0.290
>GGAAATTCCC	6-GGAAATTCCC	9.316786	-33.394127	0	T:68.0(3.74%),B:573.1(1.23%),P:1e-14	Tpos:282.3,Tstd:228.7,Bpos:243.8,Bstd:139.8,StrandBias:0.0,Multiplicity:1.06
0.001	0.001	0.997	0.001
0.083	0.001	0.837	0.079
0.797	0.001	0.201	0.001
0.997	0.001	0.001	0.001
0.791	0.001	0.001	0.207
0.001	0.082	0.055	0.862
0.001	0.231	0.001	0.767
0.001	0.877	0.001	0.121
0.001	0.780	0.218	0.001
0.160	0.838	0.001	0.001
>MCCACWYMAN	7-MCCACWYMAN	7.981957	-33.205064	0	T:48.0(2.64%),B:311.5(0.67%),P:1e-14	Tpos:302.7,Tstd:216.9,Bpos:224.4,Bstd:139.6,StrandBias:0.2,Multiplicity:1.00
0.426	0.322	0.166	0.087
0.171	0.694	0.134	0.001
0.231	0.760	0.001	0.008
0.997	0.001	0.001	0.001
0.206	0.599	0.068	0.127
0.414	0.001	0.230	0.356
0.119	0.316	0.114	0.451
0.434	0.564	0.001	0.001
0.940	0.001	0.001	0.058
0.300	0.234	0.229	0.238
>CMCTTCCTCC	8-CMCTTCCTCC	8.368512	-32.449827	0	T:334.0(18.37%),B:5658.7(12.10%),P:1e-14	Tpos:334.5,Tstd:318.7,Bpos:241.1,Bstd:142.8,StrandBias:0.4,Multiplicity:1.23
0.089	0.826	0.084	0.001
0.405	0.308	0.184	0.102
0.073	0.784	0.001	0.142
0.114	0.256	0.001	0.629
0.001	0.106	0.110	0.783
0.072	0.800	0.083	0.045
0.021	0.977	0.001	0.001
0.085	0.017	0.112	0.786
0.001	0.996	0.001	0.002
0.265	0.659	0.075	0.001
>DMTKRCGTCA	9-DMTKRCGTCA	6.600644	-30.673004	0	T:242.0(13.31%),B:3799.0(8.12%),P:1e-13	Tpos:328.3,Tstd:307.4,Bpos:239.2,Bstd:144.3,StrandBias:0.1,Multiplicity:1.21
0.260	0.015	0.384	0.341
0.492	0.426	0.063	0.019
0.113	0.134	0.074	0.679
0.070	0.036	0.473	0.421
0.480	0.083	0.419	0.018
0.086	0.639	0.004	0.271
0.133	0.005	0.804	0.058
0.058	0.089	0.056	0.797
0.136	0.792	0.037	0.035
0.858	0.031	0.038	0.073
>CGTGGCTTAG	10-CGTGGCTTAG	8.568495	-30.456690	0	T:65.0(3.58%),B:568.0(1.21%),P:1e-13	Tpos:327.3,Tstd:303.9,Bpos:241.7,Bstd:147.8,StrandBias:0.0,Multiplicity:1.02
0.118	0.658	0.206	0.018
0.025	0.129	0.724	0.122
0.090	0.029	0.043	0.838
0.021	0.001	0.632	0.346
0.034	0.006	0.796	0.164
0.128	0.742	0.008	0.122
0.025	0.069	0.096	0.810
0.054	0.122	0.139	0.685
0.879	0.058	0.001	0.062
0.137	0.135	0.708	0.020
>TTCTGAGTAA	11-TTCTGAGTAA	9.184856	-28.282837	0	T:97.0(5.34%),B:1108.5(2.37%),P:1e-12	Tpos:274.5,Tstd:199.7,Bpos:238.3,Bstd:140.8,StrandBias:-0.3,Multiplicity:1.05
0.001	0.129	0.002	0.868
0.001	0.001	0.155	0.843
0.001	0.650	0.261	0.088
0.001	0.001	0.142	0.856
0.001	0.001	0.997	0.001
0.871	0.001	0.127	0.001
0.001	0.165	0.647	0.187
0.159	0.218	0.190	0.432
0.697	0.001	0.062	0.240
0.997	0.001	0.001	0.001
>AACCCGACTT	12-AACCCGACTT	9.646979	-25.843952	0	T:36.0(1.98%),B:229.1(0.49%),P:1e-11	Tpos:254.0,Tstd:182.4,Bpos:237.2,Bstd:140.7,StrandBias:0.0,Multiplicity:1.00
0.851	0.053	0.001	0.095
0.844	0.077	0.001	0.078
0.001	0.997	0.001	0.001
0.078	0.860	0.001	0.061
0.001	0.967	0.001	0.031
0.001	0.123	0.875	0.001
0.860	0.045	0.038	0.057
0.001	0.954	0.044	0.001
0.001	0.065	0.001	0.933
0.001	0.037	0.053	0.909
>CCCCCCCCCC	13-CCCCCCCCCC	8.054261	-25.800047	0	T:421.0(23.16%),B:7913.3(16.92%),P:1e-11	Tpos:341.0,Tstd:292.1,Bpos:241.2,Bstd:146.8,StrandBias:0.0,Multiplicity:1.40
0.001	0.997	0.001	0.001
0.001	0.883	0.048	0.068
0.001	0.990	0.001	0.008
0.118	0.645	0.077	0.160
0.011	0.977	0.001	0.011
0.007	0.984	0.008	0.001
0.096	0.804	0.099	0.001
0.108	0.890	0.001	0.001
0.001	0.894	0.104	0.001
0.001	0.929	0.069	0.001
>WTATGCAAAT	14-WTATGCAAAT	9.299032	-25.604812	0	T:36.0(1.98%),B:231.4(0.49%),P:1e-11	Tpos:555.5,Tstd:563.4,Bpos:238.5,Bstd:135.3,StrandBias:1.1,Multiplicity:1.82
0.389	0.058	0.217	0.336
0.044	0.102	0.139	0.715
0.949	0.003	0.002	0.046
0.035	0.047	0.185	0.733
0.030	0.040	0.835	0.095
0.044	0.647	0.003	0.306
0.770	0.025	0.055	0.150
0.896	0.053	0.021	0.030
0.537	0.001	0.327	0.135
0.058	0.212	0.161	0.569
>GGTTGCTAGG	15-GGTTGCTAGG	7.712194	-25.342316	0	T:99.0(5.45%),B:1204.5(2.58%),P:1e-11	Tpos:277.9,Tstd:220.9,Bpos:240.1,Bstd:143.2,StrandBias:0.1,Multiplicity:1.01
0.064	0.065	0.801	0.070
0.056	0.059	0.822	0.063
0.027	0.068	0.062	0.843
0.053	0.038	0.066	0.843
0.111	0.029	0.802	0.058
0.056	0.806	0.082	0.056
0.120	0.062	0.112	0.706
0.847	0.017	0.084	0.052
0.066	0.123	0.695	0.116
0.044	0.042	0.845	0.069
>TTAGCAGCTG	16-TTAGCAGCTG	9.117551	-23.485104	0	T:89.0(4.90%),B:1070.9(2.29%),P:1e-10	Tpos:263.8,Tstd:193.1,Bpos:235.3,Bstd:143.7,StrandBias:0.2,Multiplicity:1.02
0.109	0.001	0.001	0.889
0.001	0.030	0.079	0.890
0.633	0.025	0.065	0.277
0.033	0.033	0.925	0.009
0.001	0.983	0.015	0.001
0.964	0.034	0.001	0.001
0.001	0.001	0.997	0.001
0.001	0.997	0.001	0.001
0.001	0.171	0.027	0.801
0.048	0.001	0.950	0.001
>AGAGCTCTGC	17-AGAGCTCTGC	9.267178	-23.399101	0	T:96.0(5.28%),B:1195.2(2.56%),P:1e-10	Tpos:269.6,Tstd:211.2,Bpos:226.4,Bstd:141.5,StrandBias:0.3,Multiplicity:1.02
0.954	0.001	0.001	0.044
0.005	0.039	0.950	0.006
0.901	0.007	0.052	0.040
0.001	0.001	0.968	0.030
0.001	0.996	0.002	0.001
0.017	0.001	0.001	0.981
0.010	0.988	0.001	0.001
0.033	0.001	0.001	0.965
0.011	0.010	0.642	0.337
0.227	0.689	0.065	0.019
>GTCGTGAGTT	18-GTCGTGAGTT	9.529828	-19.896033	0	T:35.0(1.93%),B:273.7(0.59%),P:1e-8	Tpos:288.2,Tstd:200.9,Bpos:228.5,Bstd:142.0,StrandBias:0.0,Multiplicity:1.15
0.001	0.001	0.997	0.001
0.001	0.001	0.001	0.997
0.001	0.766	0.232	0.001
0.069	0.133	0.769	0.029
0.001	0.001	0.044	0.954
0.001	0.001	0.997	0.001
0.880	0.092	0.027	0.001
0.001	0.039	0.898	0.062
0.062	0.001	0.001	0.936
0.092	0.001	0.062	0.845
>TGGTGGCAGA	19-TGGTGGCAGA	9.797081	-19.458056	0	T:67.0(3.69%),B:776.9(1.66%),P:1e-8	Tpos:349.5,Tstd:275.9,Bpos:237.9,Bstd:138.9,StrandBias:0.1,Multiplicity:1.03
0.001	0.041	0.195	0.763
0.001	0.037	0.932	0.030
0.270	0.001	0.727	0.002
0.001	0.001	0.193	0.805
0.001	0.081	0.826	0.092
0.019	0.001	0.969	0.011
0.033	0.926	0.013	0.028
0.883	0.115	0.001	0.001
0.001	0.069	0.912	0.018
0.704	0.014	0.001	0.281
>ACCCACAACG	20-ACCCACAACG	9.868012	-19.263222	0	T:33.0(1.82%),B:253.7(0.54%),P:1e-8	Tpos:238.8,Tstd:146.9,Bpos:248.2,Bstd:147.7,StrandBias:-1.0,Multiplicity:1.00
0.944	0.001	0.054	0.001
0.001	0.851	0.059	0.089
0.070	0.928	0.001	0.001
0.051	0.947	0.001	0.001
0.949	0.001	0.001	0.049
0.001	0.997	0.001	0.001
0.922	0.001	0.076	0.001
0.760	0.150	0.001	0.089
0.001	0.997	0.001	0.001
0.104	0.131	0.764	0.001
>CCGGAATGAT	21-CCGGAATGAT	6.268219	-19.251289	0	T:23.0(1.27%),B:131.0(0.28%),P:1e-8	Tpos:319.8,Tstd:241.6,Bpos:232.3,Bstd:139.8,StrandBias:0.2,Multiplicity:1.04
0.001	0.997	0.001	0.001
0.001	0.997	0.001	0.001
0.001	0.001	0.997	0.001
0.001	0.001	0.997	0.001
0.997	0.001	0.001	0.001
0.997	0.001	0.001	0.001
0.001	0.001	0.329	0.669
0.001	0.001	0.768	0.230
0.883	0.001	0.001	0.115
0.001	0.001	0.001	0.997
>GGATTGGTCG	22-GGATTGGTCG	10.296193	-17.629440	0	T:5.0(0.28%),B:2.7(0.01%),P:1e-7	Tpos:354.8,Tstd:108.6,Bpos:293.6,Bstd:90.6,StrandBias:-0.6,Multiplicity:1.00
0.100	0.100	0.700	0.100
0.100	0.100	0.700	0.100
0.700	0.100	0.100	0.100
0.100	0.100	0.100	0.700
0.100	0.100	0.100	0.700
0.100	0.100	0.700	0.100
0.100	0.100	0.700	0.100
0.100	0.100	0.100	0.700
0.100	0.700	0.100	0.100
0.100	0.100	0.700	0.100
>KTTTTTTTTT	23-KTTTTTTTTT	8.100259	-15.877562	0	T:363.0(19.97%),B:7212.7(15.42%),P:1e-6	Tpos:356.5,Tstd:319.1,Bpos:242.5,Bstd:158.7,StrandBias:-0.2,Multiplicity:1.26
0.001	0.251	0.318	0.429
0.001	0.286	0.233	0.480
0.001	0.001	0.243	0.755
0.001	0.205	0.001	0.793
0.001	0.001	0.022	0.976
0.001	0.001	0.001	0.997
0.223	0.063	0.001	0.713
0.158	0.001	0.001	0.840
0.001	0.290	0.181	0.528
0.001	0.326	0.001	0.672
>CTCTAGAAGT	24-CTCTAGAAGT	11.941567	-14.349128	0	T:10.0(0.55%),B:31.8(0.07%),P:1e-6	Tpos:492.4,Tstd:246.2,Bpos:214.9,Bstd:154.4,StrandBias:1.8,Multiplicity:1.80
0.001	0.997	0.001	0.001
0.001	0.001	0.001	0.997
0.001	0.997	0.001	0.001
0.001	0.001	0.001	0.997
0.997	0.001	0.001	0.001
0.001	0.001	0.997	0.001
0.997	0.001	0.001	0.001
0.827	0.171	0.001	0.001
0.001	0.121	0.877	0.001
0.001	0.001	0.001	0.997
>AGCTCATTAC	25-AGCTCATTAC	10.296193	-5.161798	0	T:4.0(0.22%),B:18.5(0.04%),P:1e-2	Tpos:495.9,Tstd:216.0,Bpos:214.3,Bstd:145.2,StrandBias:-1.2,Multiplicity:2.50
0.700	0.100	0.100	0.100
0.100	0.100	0.700	0.100
0.100	0.700	0.100	0.100
0.100	0.100	0.100	0.700
0.100	0.700	0.100	0.100
0.700	0.100	0.100	0.100
0.100	0.100	0.100	0.700
0.100	0.100	0.100	0.700
0.700	0.100	0.100	0.100
0.100	0.700	0.100	0.100
