>ACTTCCTG	1-ACTTCCTG	7.563428	-106.928462	0	T:519.0(28.55%),B:7134.1(15.25%),P:1e-46	Tpos:298.0,Tstd:229.7,Bpos:242.4,Bstd:141.5,StrandBias:-0.1,Multiplicity:1.22
0.877	0.001	0.121	0.001
0.001	0.903	0.001	0.095
0.131	0.001	0.001	0.867
0.001	0.001	0.001	0.997
0.001	0.997	0.001	0.001
0.001	0.997	0.001	0.001
0.001	0.001	0.050	0.948
0.001	0.134	0.864	0.001
>TGAGTCAT	2-TGAGTCAT	9.409135	-71.301012	0	T:135.0(7.43%),B:1067.4(2.28%),P:1e-30	Tpos:278.2,Tstd:206.3,Bpos:239.4,Bstd:134.8,StrandBias:0.2,Multiplicity:1.07
0.001	0.001	0.001	0.997
0.001	0.001	0.952	0.046
0.997	0.001	0.001	0.001
0.001	0.278	0.720	0.001
0.001	0.001	0.001	0.997
0.001	0.997	0.001	0.001
0.997	0.001	0.001	0.001
0.001	0.139	0.146	0.714
>RAGGAAAC	3-RAGGAAAC	7.523188	-47.401050	0	T:535.0(29.43%),B:9412.9(20.13%),P:1e-20	Tpos:306.6,Tstd:245.9,Bpos:240.5,Bstd:142.6,StrandBias:-0.1,Multiplicity:1.28
0.362	0.139	0.498	0.001
0.447	0.267	0.001	0.285
0.001	0.001	0.997	0.001
0.001	0.225	0.773	0.001
0.997	0.001	0.001	0.001
0.997	0.001	0.001	0.001
0.997	0.001	0.001	0.001
0.001	0.595	0.001	0.403
>GTGACTCA	4-GTGACTCA	5.459044	-37.389977	0	T:844.0(46.42%),B:17252.9(36.89%),P:1e-16	Tpos:289.7,Tstd:255.9,Bpos:240.9,Bstd:144.8,StrandBias:0.0,Multiplicity:1.57
0.001	0.108	0.890	0.001
0.001	0.001	0.001	0.997
0.175	0.063	0.564	0.198
0.946	0.001	0.052	0.001
0.058	0.832	0.109	0.001
0.135	0.001	0.112	0.752
0.201	0.463	0.054	0.282
0.802	0.003	0.001	0.194
>AACCRCAA	5-AACCRCAA	5.185816	-33.149129	0	T:282.0(15.51%),B:4531.6(9.69%),P:1e-14	Tpos:325.5,Tstd:273.3,Bpos:237.6,Bstd:150.4,StrandBias:-0.4,Multiplicity:1.11
0.997	0.001	0.001	0.001
0.979	0.019	0.001	0.001
0.001	0.997	0.001	0.001
0.001	0.997	0.001	0.001
0.474	0.001	0.524	0.001
0.001	0.997	0.001	0.001
0.903	0.001	0.095	0.001
0.691	0.001	0.307	0.001
>AGATCGAW	6-AGATCGAW	7.828866	-28.882897	0	T:139.0(7.65%),B:1840.2(3.93%),P:1e-12	Tpos:290.5,Tstd:283.1,Bpos:238.7,Bstd:139.4,StrandBias:0.1,Multiplicity:1.04
0.898	0.100	0.001	0.001
0.001	0.349	0.649	0.001
0.997	0.001	0.001	0.001
0.001	0.001	0.001	0.997
0.001	0.997	0.001	0.001
0.234	0.001	0.764	0.001
0.997	0.001	0.001	0.001
0.529	0.001	0.001	0.469
>CTTTGAAG	7-CTTTGAAG	8.071203	-27.981150	0	T:230.0(12.65%),B:3653.6(7.81%),P:1e-12	Tpos:283.8,Tstd:239.6,Bpos:243.6,Bstd:141.0,StrandBias:-0.3,Multiplicity:1.10
0.001	0.997	0.001	0.001
0.001	0.001	0.026	0.972
0.195	0.001	0.001	0.803
0.001	0.001	0.001	0.997
0.001	0.001	0.997	0.001
0.877	0.001	0.001	0.121
0.800	0.001	0.001	0.198
0.001	0.090	0.908	0.001
>ATTYGCGT	8-ATTYGCGT	7.061371	-25.956978	0	T:128.0(7.04%),B:1713.3(3.66%),P:1e-11	Tpos:501.5,Tstd:514.1,Bpos:237.0,Bstd:151.0,StrandBias:-0.7,Multiplicity:1.43
0.824	0.001	0.174	0.001
0.164	0.001	0.239	0.596
0.001	0.001	0.369	0.629
0.001	0.418	0.107	0.473
0.001	0.001	0.877	0.121
0.001	0.997	0.001	0.001
0.272	0.001	0.726	0.001
0.001	0.001	0.150	0.848
>CAGGGGGC	9-CAGGGGGC	8.191975	-23.878620	0	T:290.0(15.95%),B:5099.2(10.90%),P:1e-10	Tpos:316.5,Tstd:283.3,Bpos:242.1,Bstd:142.4,StrandBias:-0.1,Multiplicity:1.11
0.001	0.997	0.001	0.001
0.997	0.001	0.001	0.001
0.001	0.001	0.997	0.001
0.261	0.001	0.737	0.001
0.001	0.001	0.783	0.215
0.001	0.001	0.997	0.001
0.001	0.001	0.997	0.001
0.001	0.997	0.001	0.001
>CCCCCCCC	10-CCCCCCCC	8.235447	-23.118386	0	T:555.0(30.53%),B:11199.4(23.94%),P:1e-10	Tpos:338.9,Tstd:288.6,Bpos:240.6,Bstd:150.1,StrandBias:0.0,Multiplicity:1.77
0.001	0.997	0.001	0.001
0.001	0.932	0.066	0.001
0.001	0.762	0.096	0.141
0.121	0.714	0.164	0.001
0.129	0.681	0.189	0.001
0.089	0.909	0.001	0.001
0.001	0.997	0.001	0.001
0.001	0.997	0.001	0.001
>TCGTTTCA	11-TCGTTTCA	7.536720	-22.730232	0	T:129.0(7.10%),B:1822.9(3.90%),P:1e-9	Tpos:301.7,Tstd:231.7,Bpos:235.1,Bstd:147.6,StrandBias:0.3,Multiplicity:1.05
0.010	0.107	0.179	0.704
0.056	0.942	0.001	0.001
0.044	0.200	0.755	0.001
0.023	0.001	0.026	0.950
0.006	0.041	0.001	0.952
0.015	0.027	0.001	0.957
0.076	0.884	0.001	0.039
0.869	0.088	0.013	0.030
>TGACGTCA	12-TGACGTCA	7.143670	-22.383292	0	T:168.0(9.24%),B:2599.5(5.56%),P:1e-9	Tpos:354.6,Tstd:340.2,Bpos:239.5,Bstd:153.1,StrandBias:0.1,Multiplicity:1.24
0.001	0.001	0.001	0.997
0.276	0.001	0.663	0.060
0.704	0.294	0.001	0.001
0.001	0.939	0.001	0.059
0.001	0.001	0.997	0.001
0.001	0.001	0.001	0.997
0.001	0.997	0.001	0.001
0.710	0.001	0.138	0.151
>CTCTAGTG	13-CTCTAGTG	7.878374	-16.753862	0	T:130.0(7.15%),B:2040.5(4.36%),P:1e-7	Tpos:268.7,Tstd:261.9,Bpos:238.6,Bstd:147.2,StrandBias:-0.3,Multiplicity:1.06
0.111	0.887	0.001	0.001
0.001	0.001	0.001	0.997
0.001	0.997	0.001	0.001
0.001	0.001	0.068	0.930
0.997	0.001	0.001	0.001
0.001	0.146	0.852	0.001
0.001	0.058	0.001	0.940
0.001	0.001	0.997	0.001
>TGTCACCC	14-TGTCACCC	8.236954	-13.769233	0	T:73.0(4.02%),B:1022.8(2.19%),P:1e-5	Tpos:307.5,Tstd:249.5,Bpos:243.3,Bstd:140.4,StrandBias:0.0,Multiplicity:1.05
0.100	0.100	0.100	0.700
0.100	0.100	0.700	0.100
0.100	0.100	0.100	0.700
0.100	0.700	0.100	0.100
0.700	0.100	0.100	0.100
0.100	0.700	0.100	0.100
0.100	0.700	0.100	0.100
0.100	0.700	0.100	0.100
>AAAAAAAM	15-AAAAAAAM	6.632666	-9.226533	0	T:500.0(27.50%),B:11086.7(23.70%),P:1e-4	Tpos:344.7,Tstd:309.3,Bpos:242.2,Bstd:157.8,StrandBias:0.1,Multiplicity:1.40
0.517	0.049	0.346	0.088
0.815	0.012	0.172	0.001
0.911	0.001	0.062	0.026
0.997	0.001	0.001	0.001
0.889	0.109	0.001	0.001
0.645	0.134	0.156	0.065
0.617	0.189	0.193	0.001
0.412	0.342	0.245	0.001
