Factor1: 1.0496215292841906
Factor2: 0.9527243602577102
