Factor1: 1.024481621772193
Factor2: 0.9761034056132292
