Factor1: 0.9713248588981822
Factor2: 1.0295216794248871
