>ACAGGAAGTG	1-ACAGGAAGTG	7.205077	-147.309699	0	T:299.0(45.51%),B:8121.7(16.98%),P:1e-63	Tpos:258.7,Tstd:162.9,Bpos:220.2,Bstd:132.0,StrandBias:0.2,Multiplicity:1.37
0.829	0.054	0.066	0.051
0.117	0.647	0.201	0.035
0.831	0.079	0.057	0.033
0.057	0.001	0.901	0.041
0.025	0.041	0.913	0.021
0.950	0.015	0.012	0.023
0.808	0.028	0.014	0.150
0.176	0.025	0.768	0.031
0.058	0.148	0.081	0.713
0.124	0.076	0.646	0.154
>DDTTTCCRKY	2-DDTTTCCRKY	7.228996	-127.096111	0	T:275.0(41.86%),B:7654.5(16.00%),P:1e-55	Tpos:256.4,Tstd:161.2,Bpos:221.2,Bstd:132.5,StrandBias:0.1,Multiplicity:1.27
0.313	0.068	0.305	0.314
0.220	0.181	0.348	0.251
0.052	0.001	0.027	0.920
0.001	0.037	0.025	0.937
0.001	0.001	0.056	0.942
0.001	0.997	0.001	0.001
0.001	0.943	0.001	0.055
0.490	0.001	0.384	0.126
0.028	0.248	0.291	0.434
0.061	0.348	0.135	0.456
>GAGGRTGTGG	3-GAGGRTGTGG	7.593531	-44.146190	0	T:184.0(28.01%),B:6836.4(14.29%),P:1e-19	Tpos:249.5,Tstd:178.3,Bpos:223.6,Bstd:127.3,StrandBias:-0.2,Multiplicity:1.24
0.092	0.108	0.676	0.124
0.733	0.015	0.232	0.020
0.183	0.018	0.790	0.009
0.044	0.191	0.734	0.031
0.410	0.004	0.549	0.037
0.198	0.179	0.191	0.432
0.011	0.008	0.966	0.015
0.152	0.028	0.262	0.558
0.101	0.054	0.647	0.198
0.042	0.021	0.925	0.012
>CGTGACGTCA	4-CGTGACGTCA	7.654845	-44.086779	0	T:90.0(13.70%),B:2203.0(4.60%),P:1e-19	Tpos:253.7,Tstd:176.7,Bpos:225.3,Bstd:137.5,StrandBias:0.1,Multiplicity:1.18
0.087	0.527	0.246	0.140
0.297	0.117	0.531	0.055
0.001	0.001	0.001	0.997
0.001	0.031	0.885	0.083
0.785	0.074	0.106	0.035
0.015	0.873	0.013	0.099
0.204	0.103	0.630	0.063
0.001	0.026	0.072	0.901
0.035	0.794	0.170	0.001
0.978	0.001	0.001	0.020
>TGTGGGTGGA	5-TGTGGGTGGA	9.339925	-39.969631	0	T:60.0(9.13%),B:1153.9(2.41%),P:1e-17	Tpos:200.0,Tstd:132.4,Bpos:215.1,Bstd:132.5,StrandBias:-0.2,Multiplicity:1.00
0.001	0.106	0.167	0.726
0.001	0.194	0.804	0.001
0.001	0.001	0.146	0.852
0.001	0.001	0.911	0.087
0.001	0.017	0.981	0.001
0.001	0.001	0.953	0.045
0.068	0.143	0.001	0.788
0.001	0.001	0.997	0.001
0.001	0.001	0.931	0.067
0.889	0.001	0.001	0.109
>TGTGAGTCAC	6-TGTGAGTCAC	7.041936	-38.944535	0	T:154.0(23.44%),B:5538.9(11.58%),P:1e-16	Tpos:217.4,Tstd:144.5,Bpos:220.6,Bstd:141.7,StrandBias:-0.1,Multiplicity:1.16
0.068	0.030	0.116	0.786
0.025	0.160	0.810	0.005
0.036	0.045	0.009	0.910
0.009	0.050	0.838	0.103
0.740	0.038	0.165	0.057
0.139	0.202	0.503	0.156
0.029	0.106	0.034	0.831
0.054	0.826	0.104	0.016
0.968	0.006	0.001	0.025
0.039	0.799	0.093	0.069
>GASGTGTGAC	7-GASGTGTGAC	6.752130	-37.861825	0	T:161.0(24.51%),B:5985.8(12.51%),P:1e-16	Tpos:246.9,Tstd:164.6,Bpos:217.2,Bstd:140.6,StrandBias:0.3,Multiplicity:1.14
0.001	0.009	0.820	0.170
0.700	0.102	0.098	0.100
0.133	0.456	0.325	0.086
0.176	0.115	0.456	0.254
0.008	0.001	0.016	0.975
0.210	0.019	0.730	0.041
0.067	0.001	0.005	0.927
0.091	0.194	0.670	0.045
0.747	0.032	0.220	0.001
0.016	0.869	0.050	0.065
>TGTGTCAGCA	8-TGTGTCAGCA	9.357508	-32.260559	0	T:47.0(7.15%),B:884.5(1.85%),P:1e-14	Tpos:252.1,Tstd:147.7,Bpos:226.1,Bstd:143.0,StrandBias:0.5,Multiplicity:1.00
0.013	0.001	0.006	0.980
0.026	0.109	0.864	0.001
0.202	0.001	0.013	0.784
0.029	0.040	0.872	0.059
0.026	0.033	0.092	0.849
0.001	0.997	0.001	0.001
0.997	0.001	0.001	0.001
0.001	0.026	0.958	0.015
0.010	0.916	0.073	0.001
0.775	0.051	0.173	0.001
>STTTCCGTTK	9-STTTCCGTTK	7.279834	-27.843190	0	T:84.0(12.79%),B:2612.4(5.46%),P:1e-12	Tpos:229.0,Tstd:130.8,Bpos:220.8,Bstd:138.1,StrandBias:0.5,Multiplicity:1.13
0.205	0.235	0.355	0.205
0.008	0.415	0.007	0.570
0.001	0.001	0.001	0.997
0.049	0.093	0.148	0.710
0.033	0.576	0.381	0.010
0.117	0.492	0.063	0.328
0.027	0.143	0.600	0.230
0.169	0.246	0.023	0.562
0.036	0.033	0.241	0.690
0.032	0.013	0.502	0.453
>AAACCACAGG	10-AAACCACAGG	9.124827	-27.655698	0	T:50.0(7.61%),B:1124.8(2.35%),P:1e-12	Tpos:229.9,Tstd:136.5,Bpos:214.0,Bstd:136.6,StrandBias:0.4,Multiplicity:1.05
0.852	0.025	0.099	0.024
0.905	0.010	0.084	0.001
0.981	0.017	0.001	0.001
0.001	0.904	0.061	0.034
0.020	0.978	0.001	0.001
0.897	0.012	0.090	0.001
0.001	0.997	0.001	0.001
0.921	0.001	0.077	0.001
0.001	0.066	0.856	0.077
0.034	0.011	0.908	0.047
>NATTTGCATA	11-NATTTGCATA	8.906971	-26.213685	0	T:36.0(5.48%),B:648.4(1.36%),P:1e-11	Tpos:212.1,Tstd:127.6,Bpos:213.4,Bstd:129.1,StrandBias:0.3,Multiplicity:1.31
0.240	0.176	0.265	0.319
0.997	0.001	0.001	0.001
0.001	0.001	0.001	0.997
0.001	0.059	0.001	0.939
0.001	0.001	0.001	0.997
0.001	0.001	0.997	0.001
0.001	0.997	0.001	0.001
0.923	0.075	0.001	0.001
0.001	0.001	0.001	0.997
0.951	0.001	0.047	0.001
>AGTGTGTGCG	12-AGTGTGTGCG	9.736700	-19.453517	0	T:23.0(3.50%),B:367.6(0.77%),P:1e-8	Tpos:228.8,Tstd:160.1,Bpos:209.3,Bstd:158.4,StrandBias:0.8,Multiplicity:1.27
0.932	0.066	0.001	0.001
0.100	0.103	0.796	0.001
0.107	0.001	0.087	0.805
0.192	0.001	0.806	0.001
0.001	0.001	0.016	0.982
0.001	0.087	0.911	0.001
0.001	0.032	0.098	0.869
0.117	0.001	0.851	0.031
0.051	0.935	0.001	0.013
0.004	0.001	0.994	0.001
>TRACTTATTT	13-TRACTTATTT	8.248936	-17.566400	0	T:57.0(8.68%),B:1854.0(3.88%),P:1e-7	Tpos:210.5,Tstd:141.6,Bpos:222.1,Bstd:134.6,StrandBias:-0.2,Multiplicity:1.14
0.116	0.104	0.104	0.676
0.459	0.001	0.438	0.102
0.657	0.290	0.017	0.036
0.001	0.810	0.001	0.188
0.001	0.353	0.001	0.645
0.001	0.001	0.109	0.889
0.946	0.001	0.052	0.001
0.001	0.251	0.288	0.460
0.090	0.001	0.001	0.908
0.001	0.001	0.001	0.997
>GTTACCTTAG	14-GTTACCTTAG	-2.195405	-3.019130	0	T:234.0(35.62%),B:15549.4(32.50%),P:1e-1	Tpos:257.5,Tstd:165.0,Bpos:221.3,Bstd:136.3,StrandBias:-0.1,Multiplicity:1.34
0.001	0.001	0.997	0.001
0.001	0.001	0.001	0.997
0.118	0.001	0.001	0.880
0.916	0.001	0.082	0.001
0.001	0.997	0.001	0.001
0.001	0.997	0.001	0.001
0.001	0.001	0.001	0.997
0.001	0.001	0.001	0.997
0.997	0.001	0.001	0.001
0.001	0.001	0.997	0.001
>TGTTAGAGGG	15-TGTTAGAGGG	10.296193	-1.033696	0	T:1.0(0.15%),B:32.8(0.07%),P:1e0	Tpos:383.9,Tstd:133.5,Bpos:215.2,Bstd:122.7,StrandBias:10.0,Multiplicity:24.00
0.100	0.100	0.100	0.700
0.100	0.100	0.700	0.100
0.100	0.100	0.100	0.700
0.100	0.100	0.100	0.700
0.700	0.100	0.100	0.100
0.100	0.100	0.700	0.100
0.700	0.100	0.100	0.100
0.100	0.100	0.700	0.100
0.100	0.100	0.700	0.100
0.100	0.100	0.700	0.100
