>ACAGGAAG	1-ACAGGAAG	8.180992	-125.086283	0	T:259.0(39.42%),B:6936.6(14.50%),P:1e-54	Tpos:247.2,Tstd:169.2,Bpos:221.4,Bstd:130.2,StrandBias:-0.1,Multiplicity:1.29
0.909	0.001	0.089	0.001
0.001	0.745	0.253	0.001
0.982	0.016	0.001	0.001
0.001	0.001	0.997	0.001
0.001	0.001	0.997	0.001
0.997	0.001	0.001	0.001
0.884	0.008	0.001	0.107
0.225	0.001	0.773	0.001
>ACTTCCTS	2-ACTTCCTS	6.877328	-115.912258	0	T:292.0(44.44%),B:8991.7(18.79%),P:1e-50	Tpos:287.6,Tstd:160.2,Bpos:219.3,Bstd:130.0,StrandBias:-0.5,Multiplicity:1.16
0.783	0.007	0.027	0.183
0.001	0.555	0.096	0.348
0.397	0.001	0.001	0.601
0.090	0.096	0.001	0.813
0.001	0.982	0.006	0.011
0.243	0.755	0.001	0.001
0.106	0.091	0.024	0.779
0.001	0.485	0.375	0.139
>TTTCCGYW	3-TTTCCGYW	4.625001	-93.508900	0	T:250.0(38.05%),B:7754.3(16.21%),P:1e-40	Tpos:259.1,Tstd:167.3,Bpos:223.7,Bstd:134.9,StrandBias:0.0,Multiplicity:1.32
0.160	0.176	0.138	0.526
0.182	0.063	0.105	0.650
0.156	0.086	0.089	0.669
0.242	0.522	0.102	0.134
0.132	0.600	0.251	0.017
0.287	0.134	0.483	0.097
0.065	0.406	0.119	0.410
0.250	0.171	0.202	0.378
>TAACCACA	4-TAACCACA	6.704437	-52.625287	0	T:219.0(33.33%),B:8244.9(17.23%),P:1e-22	Tpos:233.8,Tstd:166.9,Bpos:218.8,Bstd:141.3,StrandBias:0.1,Multiplicity:1.25
0.167	0.101	0.166	0.566
0.864	0.069	0.001	0.066
0.927	0.014	0.047	0.012
0.001	0.997	0.001	0.001
0.001	0.992	0.006	0.001
0.991	0.001	0.007	0.001
0.024	0.904	0.064	0.008
0.833	0.011	0.031	0.125
>GTGACTCA	5-GTGACTCA	7.036542	-48.601264	0	T:128.0(19.48%),B:3719.5(7.77%),P:1e-21	Tpos:245.7,Tstd:175.8,Bpos:221.5,Bstd:139.0,StrandBias:0.1,Multiplicity:1.13
0.181	0.121	0.697	0.001
0.001	0.001	0.001	0.997
0.001	0.001	0.997	0.001
0.997	0.001	0.001	0.001
0.001	0.830	0.168	0.001
0.001	0.001	0.037	0.961
0.086	0.912	0.001	0.001
0.983	0.001	0.015	0.001
>GTGACACC	6-GTGACACC	6.493569	-39.081023	0	T:236.0(35.92%),B:10233.3(21.39%),P:1e-16	Tpos:263.8,Tstd:174.4,Bpos:218.1,Bstd:147.6,StrandBias:-0.2,Multiplicity:1.22
0.052	0.069	0.829	0.050
0.001	0.001	0.001	0.997
0.049	0.259	0.621	0.071
0.838	0.062	0.036	0.064
0.001	0.997	0.001	0.001
0.967	0.001	0.031	0.001
0.001	0.879	0.119	0.001
0.135	0.863	0.001	0.001
>TGACGTCA	7-TGACGTCA	6.139982	-31.993469	0	T:93.0(14.16%),B:2835.7(5.93%),P:1e-13	Tpos:253.3,Tstd:190.3,Bpos:224.4,Bstd:137.2,StrandBias:0.0,Multiplicity:1.20
0.118	0.048	0.104	0.730
0.111	0.191	0.486	0.211
0.577	0.119	0.106	0.198
0.074	0.722	0.128	0.076
0.226	0.177	0.543	0.054
0.170	0.099	0.073	0.658
0.097	0.581	0.200	0.122
0.708	0.063	0.034	0.195
>AAACCRCA	8-AAACCRCA	6.316591	-31.458598	0	T:169.0(25.72%),B:6892.8(14.41%),P:1e-13	Tpos:224.7,Tstd:162.5,Bpos:220.5,Bstd:141.5,StrandBias:0.0,Multiplicity:1.12
0.846	0.017	0.069	0.068
0.694	0.018	0.204	0.084
0.650	0.203	0.061	0.086
0.101	0.825	0.001	0.073
0.211	0.593	0.173	0.023
0.408	0.045	0.504	0.043
0.116	0.655	0.090	0.139
0.774	0.075	0.087	0.064
>CCACACCC	9-CCACACCC	7.672676	-30.869494	0	T:180.0(27.40%),B:7576.3(15.84%),P:1e-13	Tpos:234.9,Tstd:171.4,Bpos:222.6,Bstd:131.6,StrandBias:-0.1,Multiplicity:1.48
0.001	0.961	0.001	0.037
0.073	0.893	0.008	0.026
0.715	0.212	0.027	0.046
0.001	0.997	0.001	0.001
0.851	0.147	0.001	0.001
0.001	0.859	0.001	0.139
0.001	0.920	0.001	0.078
0.001	0.940	0.001	0.058
>TCACSCAC	10-TCACSCAC	6.863199	-20.986885	0	T:179.0(27.25%),B:8448.7(17.66%),P:1e-9	Tpos:248.3,Tstd:175.7,Bpos:221.0,Bstd:134.5,StrandBias:-0.0,Multiplicity:1.26
0.001	0.001	0.001	0.997
0.011	0.639	0.074	0.276
0.640	0.358	0.001	0.001
0.001	0.910	0.088	0.001
0.011	0.545	0.443	0.001
0.001	0.997	0.001	0.001
0.728	0.120	0.001	0.151
0.001	0.857	0.141	0.001
>TCCGCCCA	11-TCCGCCCA	7.733197	-20.327739	0	T:67.0(10.20%),B:2188.7(4.57%),P:1e-8	Tpos:209.6,Tstd:137.8,Bpos:217.6,Bstd:131.9,StrandBias:0.2,Multiplicity:1.05
0.143	0.001	0.053	0.803
0.222	0.776	0.001	0.001
0.001	0.997	0.001	0.001
0.236	0.001	0.762	0.001
0.001	0.997	0.001	0.001
0.001	0.997	0.001	0.001
0.001	0.838	0.001	0.160
0.997	0.001	0.001	0.001
>ATTTGCAT	12-ATTTGCAT	8.236954	-20.070072	0	T:34.0(5.18%),B:738.0(1.54%),P:1e-8	Tpos:238.3,Tstd:150.0,Bpos:208.5,Bstd:128.0,StrandBias:0.6,Multiplicity:1.24
0.700	0.100	0.100	0.100
0.100	0.100	0.100	0.700
0.100	0.100	0.100	0.700
0.100	0.100	0.100	0.700
0.100	0.100	0.700	0.100
0.100	0.700	0.100	0.100
0.700	0.100	0.100	0.100
0.100	0.100	0.100	0.700
>ATKACACR	13-ATKACACR	7.957296	-16.119510	0	T:54.0(8.22%),B:1789.8(3.74%),P:1e-7	Tpos:207.5,Tstd:160.7,Bpos:219.8,Bstd:139.0,StrandBias:0.3,Multiplicity:1.06
0.877	0.001	0.001	0.121
0.001	0.001	0.001	0.997
0.001	0.188	0.450	0.361
0.752	0.001	0.132	0.115
0.001	0.997	0.001	0.001
0.503	0.001	0.283	0.213
0.024	0.974	0.001	0.001
0.536	0.001	0.462	0.001
>TGTGTTAG	14-TGTGTTAG	9.204992	-6.887832	0	T:32.0(4.87%),B:1276.5(2.67%),P:1e-2	Tpos:282.8,Tstd:159.2,Bpos:224.3,Bstd:141.5,StrandBias:1.2,Multiplicity:1.75
0.001	0.001	0.001	0.997
0.001	0.001	0.997	0.001
0.001	0.001	0.155	0.843
0.001	0.001	0.997	0.001
0.001	0.001	0.001	0.997
0.001	0.001	0.001	0.997
0.997	0.001	0.001	0.001
0.001	0.001	0.997	0.001
