>ACAGGAAGTGGT	1-ACAGGAAGTGGT	7.665712	-131.223373	0	T:228.0(34.70%),B:5294.4(11.07%),P:1e-56	Tpos:251.7,Tstd:149.3,Bpos:221.1,Bstd:132.1,StrandBias:0.0,Multiplicity:1.32
0.790	0.050	0.093	0.067
0.128	0.609	0.239	0.024
0.870	0.071	0.035	0.024
0.060	0.024	0.892	0.024
0.037	0.086	0.853	0.024
0.926	0.010	0.040	0.024
0.756	0.047	0.001	0.196
0.138	0.041	0.750	0.071
0.081	0.091	0.096	0.732
0.194	0.071	0.643	0.092
0.114	0.100	0.690	0.096
0.217	0.143	0.150	0.490
>GTAATGGAAAAW	2-GTAATGGAAAAW	8.337389	-67.641813	0	T:141.0(21.46%),B:3557.0(7.43%),P:1e-29	Tpos:254.4,Tstd:156.1,Bpos:220.2,Bstd:128.1,StrandBias:-0.1,Multiplicity:1.16
0.274	0.150	0.575	0.001
0.192	0.130	0.241	0.437
0.550	0.131	0.227	0.092
0.584	0.160	0.255	0.001
0.224	0.064	0.118	0.594
0.075	0.001	0.923	0.001
0.001	0.036	0.953	0.010
0.833	0.001	0.131	0.035
0.931	0.001	0.015	0.053
0.920	0.078	0.001	0.001
0.489	0.272	0.238	0.001
0.513	0.047	0.061	0.379
>STCABWNTTTCC	3-STCABWNTTTCC	9.230828	-61.993568	0	T:47.0(7.15%),B:414.6(0.87%),P:1e-26	Tpos:280.4,Tstd:171.3,Bpos:220.9,Bstd:133.2,StrandBias:-0.1,Multiplicity:1.02
0.053	0.366	0.457	0.124
0.013	0.189	0.063	0.735
0.044	0.745	0.175	0.036
0.930	0.024	0.010	0.036
0.010	0.288	0.345	0.357
0.344	0.167	0.153	0.336
0.196	0.276	0.291	0.238
0.033	0.263	0.015	0.689
0.017	0.240	0.029	0.714
0.039	0.181	0.032	0.748
0.029	0.885	0.020	0.066
0.160	0.688	0.001	0.151
>CCACTTCCTCTC	4-CCACTTCCTCTC	6.475823	-58.632448	0	T:358.0(54.49%),B:16426.5(34.33%),P:1e-25	Tpos:267.9,Tstd:188.0,Bpos:218.8,Bstd:127.9,StrandBias:-0.1,Multiplicity:1.35
0.099	0.689	0.097	0.115
0.081	0.735	0.082	0.102
0.692	0.098	0.076	0.134
0.028	0.826	0.084	0.062
0.092	0.149	0.025	0.734
0.042	0.081	0.106	0.771
0.099	0.716	0.080	0.105
0.074	0.826	0.033	0.067
0.048	0.133	0.056	0.763
0.023	0.805	0.084	0.088
0.113	0.113	0.040	0.734
0.090	0.710	0.126	0.074
>TTCYGTGACTCA	5-TTCYGTGACTCA	8.764130	-43.897348	0	T:72.0(10.96%),B:1490.6(3.12%),P:1e-19	Tpos:227.9,Tstd:191.6,Bpos:224.1,Bstd:137.7,StrandBias:-0.1,Multiplicity:1.02
0.176	0.096	0.001	0.727
0.122	0.307	0.032	0.539
0.109	0.670	0.220	0.001
0.177	0.398	0.096	0.329
0.054	0.269	0.439	0.237
0.019	0.001	0.031	0.949
0.026	0.001	0.972	0.001
0.958	0.001	0.020	0.021
0.001	0.861	0.107	0.031
0.112	0.116	0.001	0.771
0.026	0.892	0.081	0.001
0.985	0.001	0.001	0.013
>TGATGTCATCMT	6-TGATGTCATCMT	9.933062	-40.253870	0	T:38.0(5.78%),B:454.7(0.95%),P:1e-17	Tpos:273.4,Tstd:209.6,Bpos:221.2,Bstd:131.6,StrandBias:0.4,Multiplicity:1.08
0.001	0.001	0.001	0.997
0.064	0.001	0.934	0.001
0.799	0.095	0.105	0.001
0.001	0.199	0.072	0.728
0.001	0.001	0.997	0.001
0.001	0.065	0.065	0.869
0.001	0.997	0.001	0.001
0.858	0.097	0.001	0.044
0.001	0.070	0.001	0.928
0.064	0.550	0.385	0.001
0.510	0.406	0.038	0.046
0.038	0.239	0.136	0.587
>TGWGGTGTGACA	7-TGWGGTGTGACA	10.048433	-40.094367	0	T:39.0(5.94%),B:483.6(1.01%),P:1e-17	Tpos:192.0,Tstd:131.8,Bpos:227.4,Bstd:166.6,StrandBias:0.5,Multiplicity:1.08
0.353	0.001	0.070	0.576
0.001	0.021	0.897	0.081
0.554	0.001	0.001	0.444
0.127	0.245	0.627	0.001
0.128	0.027	0.813	0.032
0.001	0.001	0.119	0.879
0.001	0.001	0.912	0.086
0.001	0.001	0.001	0.997
0.001	0.206	0.792	0.001
0.688	0.120	0.157	0.035
0.001	0.929	0.032	0.038
0.723	0.001	0.051	0.225
>KCRGGAAGTRRC	8-KCRGGAAGTRRC	1.603944	-38.177457	0	T:68.0(10.35%),B:1503.9(3.14%),P:1e-16	Tpos:268.2,Tstd:182.8,Bpos:220.1,Bstd:129.8,StrandBias:0.2,Multiplicity:1.00
0.001	0.001	0.447	0.551
0.001	0.997	0.001	0.001
0.551	0.001	0.447	0.001
0.001	0.001	0.997	0.001
0.001	0.001	0.997	0.001
0.997	0.001	0.001	0.001
0.997	0.001	0.001	0.001
0.001	0.001	0.997	0.001
0.001	0.001	0.001	0.997
0.447	0.001	0.551	0.001
0.551	0.001	0.447	0.001
0.001	0.997	0.001	0.001
>TGTAAACCACAG	9-TGTAAACCACAG	9.872792	-36.893005	0	T:43.0(6.54%),B:652.0(1.36%),P:1e-16	Tpos:224.9,Tstd:162.3,Bpos:214.9,Bstd:135.1,StrandBias:-0.4,Multiplicity:1.14
0.098	0.001	0.086	0.815
0.123	0.001	0.799	0.077
0.033	0.064	0.144	0.759
0.427	0.127	0.258	0.188
0.888	0.062	0.049	0.001
0.812	0.060	0.084	0.044
0.025	0.876	0.035	0.064
0.056	0.896	0.020	0.028
0.933	0.033	0.033	0.001
0.001	0.997	0.001	0.001
0.997	0.001	0.001	0.001
0.110	0.033	0.804	0.053
>CKCAGGAAACCG	10-CKCAGGAAACCG	5.828147	-35.967975	0	T:78.0(11.87%),B:1987.6(4.15%),P:1e-15	Tpos:251.5,Tstd:172.3,Bpos:225.0,Bstd:136.9,StrandBias:0.2,Multiplicity:1.04
0.001	0.656	0.213	0.130
0.226	0.001	0.362	0.411
0.001	0.997	0.001	0.001
0.581	0.205	0.001	0.213
0.001	0.410	0.588	0.001
0.001	0.001	0.997	0.001
0.997	0.001	0.001	0.001
0.997	0.001	0.001	0.001
0.995	0.001	0.003	0.001
0.001	0.768	0.013	0.218
0.349	0.644	0.001	0.006
0.239	0.007	0.753	0.001
>TGTGACTCACCC	11-TGTGACTCACCC	10.519677	-33.953966	0	T:30.0(4.57%),B:333.2(0.70%),P:1e-14	Tpos:191.5,Tstd:130.4,Bpos:222.9,Bstd:136.1,StrandBias:-0.2,Multiplicity:1.03
0.082	0.042	0.133	0.743
0.001	0.034	0.964	0.001
0.092	0.001	0.001	0.906
0.001	0.030	0.968	0.001
0.863	0.019	0.083	0.035
0.098	0.838	0.063	0.001
0.038	0.001	0.041	0.920
0.042	0.848	0.068	0.042
0.942	0.035	0.001	0.022
0.042	0.671	0.198	0.089
0.134	0.706	0.042	0.118
0.149	0.634	0.001	0.216
>ATTAGGTGTAGA	12-ATTAGGTGTAGA	14.042917	-24.112294	0	T:7.0(1.07%),B:8.9(0.02%),P:1e-10	Tpos:234.9,Tstd:148.4,Bpos:191.0,Bstd:134.3,StrandBias:-0.4,Multiplicity:1.00
0.997	0.001	0.001	0.001
0.166	0.001	0.001	0.832
0.001	0.001	0.166	0.832
0.667	0.166	0.001	0.166
0.001	0.001	0.997	0.001
0.001	0.001	0.997	0.001
0.001	0.001	0.001	0.997
0.001	0.001	0.997	0.001
0.001	0.001	0.001	0.997
0.832	0.001	0.001	0.166
0.001	0.001	0.997	0.001
0.997	0.001	0.001	0.001
>GACTGCTGAGTC	13-GACTGCTGAGTC	13.884424	-22.115128	0	T:9.0(1.37%),B:27.8(0.06%),P:1e-9	Tpos:183.4,Tstd:93.6,Bpos:219.0,Bstd:123.4,StrandBias:1.0,Multiplicity:1.00
0.001	0.001	0.997	0.001
0.660	0.001	0.138	0.201
0.001	0.997	0.001	0.001
0.001	0.001	0.001	0.997
0.001	0.001	0.848	0.150
0.001	0.997	0.001	0.001
0.001	0.001	0.001	0.997
0.001	0.001	0.997	0.001
0.997	0.001	0.001	0.001
0.001	0.001	0.997	0.001
0.001	0.001	0.169	0.829
0.201	0.797	0.001	0.001
>GCTAAAAATAGC	14-GCTAAAAATAGC	8.482270	-21.917488	0	T:41.0(6.24%),B:953.8(1.99%),P:1e-9	Tpos:258.5,Tstd:132.0,Bpos:221.7,Bstd:133.8,StrandBias:0.0,Multiplicity:1.02
0.113	0.001	0.885	0.001
0.126	0.742	0.001	0.131
0.001	0.078	0.001	0.920
0.741	0.047	0.079	0.133
0.774	0.224	0.001	0.001
0.932	0.066	0.001	0.001
0.843	0.066	0.001	0.090
0.997	0.001	0.001	0.001
0.001	0.066	0.079	0.854
0.945	0.001	0.053	0.001
0.133	0.139	0.661	0.067
0.044	0.717	0.054	0.185
>TGCTGAGCTGAT	15-TGCTGAGCTGAT	9.481492	-21.293724	0	T:37.0(5.63%),B:816.0(1.71%),P:1e-9	Tpos:228.9,Tstd:136.0,Bpos:216.6,Bstd:137.0,StrandBias:0.1,Multiplicity:1.08
0.001	0.001	0.069	0.929
0.049	0.037	0.815	0.099
0.130	0.835	0.001	0.034
0.104	0.091	0.001	0.804
0.002	0.197	0.800	0.001
0.892	0.028	0.031	0.049
0.001	0.086	0.745	0.168
0.002	0.882	0.115	0.001
0.057	0.049	0.049	0.845
0.049	0.089	0.861	0.001
0.876	0.063	0.001	0.060
0.157	0.079	0.037	0.727
>ADCCTCCCCMCA	16-ADCCTCCCCMCA	10.409801	-21.099810	0	T:34.0(5.18%),B:709.0(1.48%),P:1e-9	Tpos:281.0,Tstd:139.2,Bpos:219.4,Bstd:130.9,StrandBias:0.4,Multiplicity:1.00
0.699	0.001	0.162	0.138
0.290	0.001	0.402	0.307
0.001	0.625	0.189	0.185
0.001	0.997	0.001	0.001
0.001	0.001	0.001	0.997
0.001	0.686	0.001	0.312
0.287	0.711	0.001	0.001
0.004	0.849	0.001	0.146
0.001	0.682	0.001	0.316
0.521	0.477	0.001	0.001
0.001	0.997	0.001	0.001
0.997	0.001	0.001	0.001
>TGGGGGTGGAGT	17-TGGGGGTGGAGT	6.900185	-20.804934	0	T:230.0(35.01%),B:11698.3(24.45%),P:1e-9	Tpos:246.3,Tstd:184.1,Bpos:220.3,Bstd:129.8,StrandBias:0.1,Multiplicity:1.51
0.116	0.080	0.150	0.654
0.055	0.058	0.831	0.056
0.097	0.023	0.698	0.182
0.059	0.053	0.806	0.082
0.094	0.047	0.772	0.087
0.048	0.081	0.825	0.046
0.140	0.027	0.096	0.737
0.081	0.009	0.827	0.083
0.076	0.101	0.805	0.018
0.695	0.043	0.166	0.096
0.081	0.047	0.756	0.116
0.150	0.095	0.158	0.597
>ATTTGCATAAAT	18-ATTTGCATAAAT	9.684439	-20.035984	0	T:26.0(3.96%),B:452.2(0.95%),P:1e-8	Tpos:208.1,Tstd:140.0,Bpos:217.6,Bstd:129.3,StrandBias:1.6,Multiplicity:1.38
0.825	0.090	0.001	0.084
0.049	0.001	0.049	0.901
0.001	0.195	0.001	0.803
0.001	0.001	0.001	0.997
0.074	0.001	0.819	0.106
0.100	0.820	0.050	0.030
0.949	0.001	0.001	0.049
0.079	0.037	0.001	0.883
0.868	0.001	0.130	0.001
0.642	0.136	0.001	0.221
0.825	0.100	0.050	0.025
0.051	0.151	0.124	0.674
>TGACTCATGCAW	19-TGACTCATGCAW	11.671708	-19.681837	0	T:12.0(1.83%),B:82.5(0.17%),P:1e-8	Tpos:260.0,Tstd:93.0,Bpos:232.3,Bstd:104.1,StrandBias:-0.3,Multiplicity:1.00
0.005	0.001	0.168	0.826
0.001	0.146	0.852	0.001
0.986	0.001	0.004	0.009
0.164	0.501	0.334	0.001
0.001	0.001	0.001	0.997
0.005	0.990	0.001	0.004
0.997	0.001	0.001	0.001
0.164	0.001	0.003	0.832
0.001	0.001	0.997	0.001
0.004	0.994	0.001	0.001
0.685	0.011	0.001	0.303
0.477	0.164	0.001	0.357
>TAGTCACYTCCC	20-TAGTCACYTCCC	11.302744	-15.495290	0	T:12.0(1.83%),B:121.6(0.25%),P:1e-6	Tpos:161.5,Tstd:85.8,Bpos:202.2,Bstd:138.1,StrandBias:0.3,Multiplicity:1.10
0.001	0.080	0.354	0.565
0.882	0.001	0.116	0.001
0.001	0.001	0.997	0.001
0.001	0.001	0.001	0.997
0.010	0.869	0.001	0.120
0.813	0.069	0.001	0.117
0.001	0.831	0.167	0.001
0.001	0.527	0.001	0.471
0.306	0.130	0.001	0.563
0.001	0.600	0.087	0.312
0.116	0.882	0.001	0.001
0.001	0.900	0.001	0.098
>TTACCTTAGTTA	21-TTACCTTAGTTA	6.595907	-11.997125	0	T:82.0(12.48%),B:3607.0(7.54%),P:1e-5	Tpos:231.6,Tstd:144.9,Bpos:219.9,Bstd:136.6,StrandBias:-0.0,Multiplicity:1.05
0.176	0.059	0.176	0.589
0.059	0.063	0.059	0.819
0.833	0.059	0.059	0.049
0.001	0.997	0.001	0.001
0.234	0.532	0.117	0.117
0.176	0.180	0.117	0.527
0.058	0.108	0.001	0.833
0.703	0.175	0.121	0.001
0.234	0.059	0.590	0.117
0.059	0.112	0.059	0.770
0.001	0.058	0.058	0.883
0.937	0.058	0.004	0.001
>TAAGCCATCATG	22-TAAGCCATCATG	14.016253	-11.648447	0	T:4.0(0.61%),B:9.5(0.02%),P:1e-5	Tpos:176.3,Tstd:73.3,Bpos:227.4,Bstd:95.4,StrandBias:0.4,Multiplicity:1.75
0.001	0.001	0.001	0.997
0.720	0.001	0.278	0.001
0.987	0.001	0.011	0.001
0.235	0.001	0.763	0.001
0.001	0.997	0.001	0.001
0.001	0.997	0.001	0.001
0.997	0.001	0.001	0.001
0.001	0.001	0.235	0.763
0.001	0.763	0.235	0.001
0.997	0.001	0.001	0.001
0.001	0.001	0.001	0.997
0.001	0.001	0.763	0.235
>TTGTTACCTTAG	23-TTGTTACCTTAG	-4.264922	-9.127685	0	T:213.0(32.42%),B:12383.0(25.88%),P:1e-3	Tpos:251.6,Tstd:157.2,Bpos:220.5,Bstd:135.2,StrandBias:0.1,Multiplicity:1.25
0.001	0.001	0.001	0.997
0.001	0.001	0.001	0.997
0.001	0.001	0.997	0.001
0.001	0.001	0.001	0.997
0.140	0.001	0.001	0.858
0.997	0.001	0.001	0.001
0.001	0.997	0.001	0.001
0.001	0.997	0.001	0.001
0.001	0.001	0.001	0.997
0.001	0.001	0.001	0.997
0.997	0.001	0.001	0.001
0.001	0.001	0.997	0.001
>CTCTCACACACT	24-CTCTCACACACT	14.508695	-6.505763	0	T:3.0(0.46%),B:16.7(0.03%),P:1e-2	Tpos:195.8,Tstd:107.4,Bpos:202.6,Bstd:102.5,StrandBias:-1.6,Multiplicity:2.67
0.001	0.997	0.001	0.001
0.001	0.001	0.001	0.997
0.001	0.997	0.001	0.001
0.001	0.001	0.001	0.997
0.001	0.819	0.001	0.179
0.997	0.001	0.001	0.001
0.001	0.997	0.001	0.001
0.848	0.150	0.001	0.001
0.001	0.997	0.001	0.001
0.997	0.001	0.001	0.001
0.001	0.997	0.001	0.001
0.001	0.001	0.001	0.997
>GATGTGTTAGAG	25-GATGTGTTAGAG	12.355432	-3.209901	0	T:1.0(0.15%),B:3.6(0.01%),P:1e-1	Tpos:390.5,Tstd:128.0,Bpos:90.3,Bstd:66.8,StrandBias:10.0,Multiplicity:23.00
0.100	0.100	0.700	0.100
0.700	0.100	0.100	0.100
0.100	0.100	0.100	0.700
0.100	0.100	0.700	0.100
0.100	0.100	0.100	0.700
0.100	0.100	0.700	0.100
0.100	0.100	0.100	0.700
0.100	0.100	0.100	0.700
0.700	0.100	0.100	0.100
0.100	0.100	0.700	0.100
0.700	0.100	0.100	0.100
0.100	0.100	0.700	0.100
