Factor1: 1.0824462056167468
Factor2: 0.9238334383834157
