Factor1: 0.7118725444167443
Factor2: 1.404745846490436
