Factor1: 1.4261180058326763
Factor2: 0.7012042453079637
