>VACAGGAAGT	1-VACAGGAAGT	8.284161	-412.435026	0	T:1519.0(23.17%),B:4576.9(10.79%),P:1e-179	Tpos:294.1,Tstd:229.9,Bpos:236.3,Bstd:139.4,StrandBias:0.0,Multiplicity:1.19
0.307	0.200	0.328	0.165
0.622	0.110	0.267	0.001
0.027	0.617	0.311	0.045
0.864	0.134	0.001	0.001
0.001	0.001	0.997	0.001
0.082	0.001	0.916	0.001
0.997	0.001	0.001	0.001
0.811	0.001	0.001	0.187
0.330	0.001	0.668	0.001
0.001	0.302	0.090	0.607
>DMTGASTCAY	2-DMTGASTCAY	8.212799	-264.421147	0	T:753.0(11.49%),B:1925.6(4.54%),P:1e-114	Tpos:274.2,Tstd:226.4,Bpos:229.1,Bstd:138.7,StrandBias:0.0,Multiplicity:1.11
0.318	0.111	0.319	0.251
0.369	0.293	0.180	0.157
0.001	0.033	0.009	0.957
0.022	0.001	0.843	0.134
0.997	0.001	0.001	0.001
0.012	0.433	0.511	0.044
0.085	0.001	0.019	0.895
0.198	0.784	0.001	0.017
0.981	0.001	0.017	0.001
0.133	0.354	0.203	0.311
>CTTTGATGTG	3-CTTTGATGTG	7.869606	-206.668296	0	T:881.0(13.44%),B:2753.5(6.49%),P:1e-89	Tpos:279.8,Tstd:219.6,Bpos:237.7,Bstd:141.7,StrandBias:0.0,Multiplicity:1.12
0.039	0.764	0.105	0.092
0.017	0.120	0.022	0.841
0.001	0.032	0.073	0.894
0.019	0.078	0.001	0.902
0.024	0.143	0.815	0.018
0.922	0.001	0.047	0.030
0.240	0.001	0.023	0.736
0.027	0.266	0.706	0.001
0.079	0.005	0.043	0.873
0.083	0.115	0.566	0.236
>CCACTAGGGG	4-CCACTAGGGG	8.391270	-205.964568	0	T:645.0(9.84%),B:1728.4(4.08%),P:1e-89	Tpos:285.3,Tstd:247.4,Bpos:235.2,Bstd:136.7,StrandBias:-0.1,Multiplicity:1.06
0.117	0.658	0.127	0.098
0.030	0.905	0.058	0.007
0.829	0.054	0.081	0.036
0.014	0.714	0.239	0.033
0.110	0.347	0.017	0.526
0.948	0.001	0.050	0.001
0.001	0.006	0.933	0.060
0.310	0.001	0.572	0.117
0.001	0.036	0.571	0.392
0.095	0.006	0.898	0.001
>CTTTCGCTTT	5-CTTTCGCTTT	6.383000	-122.830157	0	T:729.0(11.12%),B:2574.5(6.07%),P:1e-53	Tpos:318.7,Tstd:249.9,Bpos:237.2,Bstd:145.7,StrandBias:-0.2,Multiplicity:1.11
0.117	0.522	0.200	0.161
0.110	0.144	0.078	0.668
0.072	0.066	0.101	0.761
0.165	0.186	0.050	0.599
0.106	0.599	0.139	0.156
0.199	0.165	0.478	0.158
0.119	0.525	0.157	0.199
0.144	0.111	0.151	0.594
0.121	0.135	0.111	0.633
0.131	0.180	0.103	0.586
>AAACCGCAAC	6-AAACCGCAAC	6.356993	-114.701324	0	T:1344.0(20.50%),B:5841.9(13.77%),P:1e-49	Tpos:311.0,Tstd:282.9,Bpos:236.2,Bstd:146.5,StrandBias:0.0,Multiplicity:1.20
0.722	0.091	0.091	0.096
0.740	0.096	0.082	0.082
0.760	0.083	0.085	0.072
0.117	0.705	0.098	0.080
0.123	0.655	0.103	0.119
0.151	0.082	0.699	0.068
0.149	0.664	0.096	0.091
0.708	0.127	0.077	0.088
0.692	0.094	0.124	0.090
0.142	0.659	0.117	0.082
>RATGGAAACN	7-RATGGAAACN	5.898611	-113.477420	0	T:999.0(15.24%),B:4010.9(9.46%),P:1e-49	Tpos:294.5,Tstd:230.6,Bpos:236.4,Bstd:140.2,StrandBias:0.0,Multiplicity:1.09
0.377	0.203	0.268	0.152
0.614	0.123	0.158	0.105
0.234	0.227	0.150	0.389
0.106	0.120	0.489	0.285
0.125	0.135	0.629	0.111
0.668	0.120	0.059	0.153
0.747	0.098	0.105	0.050
0.691	0.109	0.169	0.031
0.208	0.512	0.123	0.157
0.262	0.228	0.182	0.328
>CGTTTGATCT	8-CGTTTGATCT	7.347514	-102.875437	0	T:637.0(9.72%),B:2277.9(5.37%),P:1e-44	Tpos:282.7,Tstd:236.0,Bpos:238.9,Bstd:142.1,StrandBias:0.1,Multiplicity:1.06
0.007	0.852	0.026	0.115
0.033	0.140	0.680	0.147
0.116	0.061	0.060	0.763
0.046	0.051	0.062	0.841
0.053	0.026	0.025	0.896
0.085	0.093	0.748	0.074
0.821	0.055	0.037	0.087
0.084	0.044	0.019	0.853
0.091	0.767	0.071	0.071
0.083	0.063	0.068	0.786
>WAACCACMGM	9-WAACCACMGM	7.149883	-101.529904	0	T:440.0(6.71%),B:1367.8(3.23%),P:1e-44	Tpos:276.0,Tstd:220.4,Bpos:232.4,Bstd:142.7,StrandBias:0.0,Multiplicity:1.06
0.329	0.223	0.013	0.435
0.691	0.021	0.028	0.260
0.884	0.016	0.068	0.032
0.053	0.694	0.222	0.031
0.240	0.659	0.041	0.060
0.550	0.182	0.032	0.236
0.254	0.675	0.028	0.043
0.403	0.443	0.046	0.108
0.191	0.035	0.473	0.301
0.426	0.300	0.051	0.222
>GGGRVTTTCC	10-GGGRVTTTCC	9.925221	-84.514973	0	T:185.0(2.82%),B:398.7(0.94%),P:1e-36	Tpos:309.5,Tstd:247.6,Bpos:245.6,Bstd:134.6,StrandBias:0.3,Multiplicity:1.05
0.001	0.065	0.933	0.001
0.001	0.001	0.997	0.001
0.001	0.001	0.997	0.001
0.545	0.001	0.453	0.001
0.395	0.310	0.251	0.044
0.171	0.001	0.001	0.827
0.022	0.069	0.001	0.908
0.001	0.174	0.001	0.824
0.001	0.997	0.001	0.001
0.001	0.955	0.001	0.043
>AAAACAACGC	11-AAAACAACGC	6.528614	-80.747387	0	T:2005.0(30.59%),B:10113.2(23.85%),P:1e-35	Tpos:309.2,Tstd:267.6,Bpos:237.5,Bstd:150.8,StrandBias:-0.2,Multiplicity:1.27
0.738	0.105	0.156	0.001
0.626	0.001	0.254	0.119
0.903	0.074	0.001	0.022
0.622	0.001	0.175	0.202
0.291	0.704	0.004	0.001
0.719	0.195	0.001	0.085
0.499	0.219	0.204	0.079
0.334	0.664	0.001	0.001
0.201	0.158	0.596	0.045
0.017	0.803	0.012	0.168
>TATGCAAATC	12-TATGCAAATC	9.549420	-80.109611	0	T:154.0(2.35%),B:303.6(0.72%),P:1e-34	Tpos:298.8,Tstd:208.2,Bpos:244.0,Bstd:138.6,StrandBias:0.3,Multiplicity:1.06
0.008	0.045	0.015	0.932
0.982	0.001	0.001	0.016
0.012	0.021	0.001	0.966
0.001	0.011	0.987	0.001
0.001	0.997	0.001	0.001
0.937	0.001	0.021	0.041
0.989	0.001	0.004	0.006
0.997	0.001	0.001	0.001
0.069	0.045	0.021	0.865
0.258	0.440	0.140	0.163
>CGCTTTAAAG	13-CGCTTTAAAG	5.184429	-74.086511	0	T:1802.0(27.49%),B:9025.8(21.28%),P:1e-32	Tpos:301.3,Tstd:265.6,Bpos:237.8,Bstd:144.7,StrandBias:0.1,Multiplicity:1.23
0.094	0.678	0.132	0.096
0.049	0.072	0.781	0.098
0.064	0.827	0.047	0.062
0.060	0.061	0.043	0.836
0.047	0.057	0.069	0.827
0.108	0.084	0.050	0.758
0.794	0.050	0.071	0.085
0.850	0.040	0.068	0.042
0.853	0.049	0.050	0.048
0.074	0.069	0.800	0.057
>CACGTGATTH	14-CACGTGATTH	6.701950	-68.467241	0	T:743.0(11.33%),B:3129.7(7.38%),P:1e-29	Tpos:300.6,Tstd:264.9,Bpos:232.6,Bstd:146.7,StrandBias:0.0,Multiplicity:1.21
0.167	0.627	0.007	0.199
0.900	0.084	0.009	0.007
0.030	0.965	0.002	0.003
0.001	0.111	0.885	0.003
0.001	0.007	0.017	0.975
0.107	0.099	0.783	0.011
0.503	0.023	0.218	0.256
0.040	0.357	0.043	0.560
0.233	0.174	0.073	0.520
0.405	0.293	0.037	0.265
>ACATCCTGCG	15-ACATCCTGCG	7.314026	-65.548810	0	T:1090.0(16.63%),B:5060.0(11.93%),P:1e-28	Tpos:303.9,Tstd:258.1,Bpos:235.9,Bstd:138.0,StrandBias:0.1,Multiplicity:1.10
0.643	0.061	0.222	0.074
0.019	0.979	0.001	0.001
0.921	0.051	0.027	0.001
0.001	0.184	0.001	0.814
0.077	0.831	0.091	0.001
0.023	0.974	0.002	0.001
0.001	0.001	0.082	0.916
0.017	0.264	0.718	0.001
0.112	0.576	0.050	0.262
0.069	0.224	0.644	0.063
>CTTTGTTCCG	16-CTTTGTTCCG	7.158217	-59.342626	0	T:439.0(6.70%),B:1658.5(3.91%),P:1e-25	Tpos:278.8,Tstd:229.0,Bpos:231.1,Bstd:148.7,StrandBias:0.0,Multiplicity:1.03
0.087	0.711	0.093	0.109
0.113	0.082	0.045	0.760
0.092	0.067	0.052	0.789
0.073	0.077	0.039	0.811
0.058	0.091	0.742	0.109
0.010	0.072	0.048	0.870
0.154	0.011	0.058	0.777
0.113	0.762	0.046	0.079
0.077	0.872	0.026	0.025
0.014	0.023	0.913	0.050
>CCCCCCCCCC	17-CCCCCCCCCC	6.404373	-53.269434	0	T:2912.0(44.42%),B:16267.4(38.36%),P:1e-23	Tpos:345.6,Tstd:302.8,Bpos:235.4,Bstd:142.7,StrandBias:-0.1,Multiplicity:2.10
0.100	0.700	0.100	0.100
0.100	0.700	0.100	0.100
0.100	0.700	0.100	0.100
0.100	0.700	0.100	0.100
0.100	0.700	0.100	0.100
0.100	0.700	0.100	0.100
0.100	0.700	0.100	0.100
0.100	0.700	0.100	0.100
0.100	0.700	0.100	0.100
0.100	0.700	0.100	0.100
>AATTTCCGGT	18-AATTTCCGGT	8.510005	-49.704726	0	T:140.0(2.14%),B:354.2(0.84%),P:1e-21	Tpos:316.9,Tstd:259.9,Bpos:235.3,Bstd:144.6,StrandBias:0.2,Multiplicity:1.01
0.722	0.052	0.148	0.078
0.640	0.001	0.258	0.101
0.060	0.041	0.001	0.898
0.001	0.001	0.001	0.997
0.145	0.001	0.001	0.853
0.001	0.858	0.060	0.081
0.001	0.997	0.001	0.001
0.045	0.234	0.720	0.001
0.128	0.090	0.781	0.001
0.001	0.001	0.089	0.909
>TGACGTCATC	19-TGACGTCATC	7.374015	-38.930002	0	T:316.0(4.82%),B:1229.7(2.90%),P:1e-16	Tpos:285.1,Tstd:241.1,Bpos:237.3,Bstd:141.8,StrandBias:0.1,Multiplicity:1.03
0.100	0.023	0.033	0.844
0.098	0.049	0.782	0.071
0.792	0.099	0.079	0.030
0.064	0.811	0.044	0.081
0.090	0.031	0.852	0.027
0.063	0.026	0.077	0.834
0.153	0.730	0.038	0.079
0.855	0.055	0.026	0.064
0.044	0.110	0.071	0.775
0.113	0.729	0.138	0.020
>CCAATCAGCG	20-CCAATCAGCG	8.288691	-32.453265	0	T:164.0(2.50%),B:547.5(1.29%),P:1e-14	Tpos:330.6,Tstd:264.2,Bpos:245.4,Bstd:148.4,StrandBias:-0.2,Multiplicity:1.05
0.001	0.886	0.081	0.032
0.001	0.957	0.025	0.017
0.900	0.006	0.032	0.062
0.983	0.001	0.015	0.001
0.016	0.001	0.001	0.982
0.001	0.971	0.027	0.001
0.852	0.146	0.001	0.001
0.017	0.001	0.968	0.014
0.083	0.752	0.069	0.096
0.067	0.058	0.808	0.067
>TCGCGCTGGG	21-TCGCGCTGGG	11.336528	-31.816381	0	T:27.0(0.41%),B:25.6(0.06%),P:1e-13	Tpos:453.6,Tstd:355.4,Bpos:243.7,Bstd:133.8,StrandBias:-0.6,Multiplicity:1.00
0.001	0.001	0.001	0.997
0.001	0.997	0.001	0.001
0.001	0.001	0.997	0.001
0.001	0.997	0.001	0.001
0.001	0.001	0.997	0.001
0.001	0.903	0.001	0.095
0.001	0.001	0.001	0.997
0.001	0.136	0.862	0.001
0.001	0.001	0.997	0.001
0.001	0.001	0.997	0.001
>TGCGCATGCG	22-TGCGCATGCG	7.365444	-24.038420	0	T:362.0(5.52%),B:1641.1(3.87%),P:1e-10	Tpos:332.1,Tstd:257.6,Bpos:235.8,Bstd:161.6,StrandBias:-0.1,Multiplicity:1.26
0.070	0.123	0.088	0.719
0.026	0.065	0.864	0.045
0.101	0.820	0.041	0.038
0.037	0.025	0.861	0.077
0.029	0.839	0.081	0.051
0.734	0.079	0.093	0.094
0.082	0.041	0.078	0.799
0.067	0.084	0.825	0.024
0.066	0.790	0.064	0.080
0.048	0.087	0.751	0.114
>TCCACCCACT	23-TCCACCCACT	10.479594	-19.686290	0	T:64.0(0.98%),B:180.5(0.43%),P:1e-8	Tpos:274.5,Tstd:222.0,Bpos:217.3,Bstd:130.6,StrandBias:0.4,Multiplicity:1.10
0.001	0.001	0.001	0.997
0.157	0.841	0.001	0.001
0.049	0.949	0.001	0.001
0.997	0.001	0.001	0.001
0.001	0.997	0.001	0.001
0.001	0.941	0.057	0.001
0.001	0.997	0.001	0.001
0.891	0.001	0.107	0.001
0.001	0.997	0.001	0.001
0.001	0.001	0.001	0.997
>ATAGGAGCGG	24-ATAGGAGCGG	10.296193	-12.432268	0	T:7.0(0.11%),B:4.1(0.01%),P:1e-5	Tpos:259.0,Tstd:228.6,Bpos:239.2,Bstd:81.6,StrandBias:0.4,Multiplicity:1.00
0.700	0.100	0.100	0.100
0.100	0.100	0.100	0.700
0.700	0.100	0.100	0.100
0.100	0.100	0.700	0.100
0.100	0.100	0.700	0.100
0.700	0.100	0.100	0.100
0.100	0.100	0.700	0.100
0.100	0.700	0.100	0.100
0.100	0.100	0.700	0.100
0.100	0.100	0.700	0.100
>GCACGCACGG	25-GCACGCACGG	10.296193	-8.784807	0	T:6.0(0.09%),B:5.5(0.01%),P:1e-3	Tpos:304.0,Tstd:223.2,Bpos:344.7,Bstd:97.0,StrandBias:0.4,Multiplicity:1.17
0.100	0.100	0.700	0.100
0.100	0.700	0.100	0.100
0.700	0.100	0.100	0.100
0.100	0.700	0.100	0.100
0.100	0.100	0.700	0.100
0.100	0.700	0.100	0.100
0.700	0.100	0.100	0.100
0.100	0.700	0.100	0.100
0.100	0.100	0.700	0.100
0.100	0.100	0.700	0.100
>NNACAGGAAGTN	1-NNACAGGAAGTN	8.067370	-425.175694	0	T:1410.0(21.51%),B:4022.1(9.48%),P:1e-184	Tpos:287.7,Tstd:221.0,Bpos:238.7,Bstd:137.7,StrandBias:0.1,Multiplicity:1.17
0.322	0.182	0.237	0.260
0.320	0.220	0.258	0.202
0.586	0.066	0.283	0.065
0.115	0.515	0.275	0.095
0.959	0.031	0.009	0.001
0.002	0.001	0.996	0.001
0.201	0.001	0.793	0.005
0.993	0.005	0.001	0.001
0.714	0.001	0.043	0.242
0.297	0.141	0.561	0.001
0.132	0.293	0.120	0.456
0.253	0.195	0.325	0.227
>CCACYAGRKGGC	2-CCACYAGRKGGC	8.482513	-343.697703	0	T:430.0(6.56%),B:585.1(1.38%),P:1e-149	Tpos:270.1,Tstd:210.8,Bpos:227.5,Bstd:130.8,StrandBias:-0.1,Multiplicity:1.04
0.210	0.523	0.156	0.111
0.054	0.864	0.036	0.046
0.644	0.199	0.027	0.130
0.041	0.551	0.378	0.030
0.193	0.317	0.127	0.363
0.536	0.072	0.205	0.187
0.055	0.034	0.870	0.041
0.419	0.037	0.514	0.030
0.086	0.070	0.441	0.403
0.041	0.145	0.752	0.062
0.136	0.041	0.567	0.256
0.268	0.461	0.037	0.233
>NNDVTGASTCAB	3-NNDVTGASTCAB	7.972336	-257.766318	0	T:882.0(13.46%),B:2494.4(5.88%),P:1e-111	Tpos:274.5,Tstd:224.8,Bpos:229.9,Bstd:136.3,StrandBias:-0.1,Multiplicity:1.13
0.229	0.200	0.295	0.276
0.220	0.221	0.247	0.312
0.231	0.171	0.274	0.323
0.367	0.294	0.262	0.076
0.001	0.001	0.001	0.997
0.001	0.001	0.997	0.001
0.980	0.001	0.001	0.018
0.015	0.528	0.435	0.022
0.099	0.001	0.001	0.899
0.054	0.944	0.001	0.001
0.997	0.001	0.001	0.001
0.136	0.248	0.269	0.347
>HNKTTGTGGTTT	4-HNKTTGTGGTTT	8.956861	-163.844220	0	T:669.0(10.21%),B:2037.3(4.80%),P:1e-71	Tpos:295.0,Tstd:262.1,Bpos:235.7,Bstd:139.7,StrandBias:-0.1,Multiplicity:1.09
0.251	0.325	0.154	0.270
0.194	0.262	0.236	0.308
0.143	0.195	0.347	0.315
0.130	0.239	0.101	0.530
0.001	0.001	0.111	0.887
0.001	0.001	0.989	0.009
0.001	0.001	0.001	0.997
0.001	0.001	0.974	0.024
0.001	0.001	0.997	0.001
0.001	0.219	0.023	0.757
0.001	0.001	0.001	0.997
0.145	0.162	0.262	0.432
>CHGACTTCAAAG	5-CHGACTTCAAAG	7.809172	-154.825754	0	T:880.0(13.42%),B:3074.4(7.25%),P:1e-67	Tpos:285.9,Tstd:240.5,Bpos:235.3,Bstd:143.6,StrandBias:0.2,Multiplicity:1.08
0.180	0.480	0.179	0.160
0.291	0.397	0.056	0.256
0.212	0.205	0.425	0.159
0.751	0.105	0.059	0.085
0.043	0.791	0.079	0.087
0.083	0.083	0.001	0.833
0.066	0.031	0.067	0.836
0.070	0.790	0.064	0.076
0.943	0.008	0.001	0.048
0.844	0.083	0.059	0.014
0.944	0.001	0.046	0.009
0.217	0.131	0.602	0.050
>CTTTGATGTGGT	6-CTTTGATGTGGT	9.362287	-138.509404	0	T:329.0(5.02%),B:745.2(1.76%),P:1e-60	Tpos:282.0,Tstd:208.3,Bpos:235.4,Bstd:142.4,StrandBias:0.1,Multiplicity:1.05
0.084	0.721	0.095	0.100
0.054	0.083	0.001	0.862
0.042	0.101	0.051	0.806
0.046	0.018	0.001	0.935
0.046	0.095	0.760	0.099
0.790	0.072	0.040	0.098
0.081	0.001	0.027	0.891
0.001	0.038	0.902	0.059
0.020	0.001	0.030	0.949
0.042	0.009	0.850	0.099
0.116	0.073	0.733	0.078
0.065	0.077	0.057	0.801
>AGTTTCACTTTC	7-AGTTTCACTTTC	7.114898	-117.801473	0	T:1019.0(15.55%),B:4073.9(9.61%),P:1e-51	Tpos:315.3,Tstd:267.2,Bpos:236.0,Bstd:144.4,StrandBias:-0.0,Multiplicity:1.20
0.719	0.059	0.123	0.099
0.078	0.125	0.696	0.101
0.078	0.073	0.081	0.768
0.071	0.087	0.087	0.755
0.081	0.073	0.066	0.780
0.073	0.751	0.086	0.090
0.738	0.101	0.061	0.100
0.100	0.706	0.098	0.096
0.067	0.077	0.045	0.811
0.065	0.080	0.060	0.795
0.059	0.084	0.069	0.788
0.098	0.694	0.105	0.103
>KGGGAAATCCCC	8-KGGGAAATCCCC	10.557819	-105.591281	0	T:143.0(2.18%),B:210.7(0.50%),P:1e-45	Tpos:307.1,Tstd:224.2,Bpos:236.8,Bstd:133.7,StrandBias:-0.1,Multiplicity:1.03
0.204	0.001	0.457	0.338
0.001	0.001	0.968	0.030
0.001	0.001	0.997	0.001
0.155	0.001	0.843	0.001
0.659	0.001	0.339	0.001
0.997	0.001	0.001	0.001
0.625	0.079	0.094	0.202
0.158	0.117	0.155	0.570
0.007	0.621	0.009	0.363
0.012	0.986	0.001	0.001
0.001	0.997	0.001	0.001
0.095	0.847	0.001	0.057
>ACWTCCTGKCTT	9-ACWTCCTGKCTT	10.571663	-98.197975	0	T:206.0(3.14%),B:430.3(1.01%),P:1e-42	Tpos:259.8,Tstd:190.6,Bpos:244.2,Bstd:134.8,StrandBias:-0.2,Multiplicity:1.02
0.997	0.001	0.001	0.001
0.001	0.824	0.174	0.001
0.427	0.067	0.001	0.505
0.001	0.277	0.001	0.721
0.180	0.748	0.001	0.071
0.001	0.924	0.001	0.074
0.074	0.001	0.001	0.924
0.001	0.185	0.513	0.301
0.077	0.001	0.401	0.521
0.001	0.605	0.229	0.165
0.001	0.001	0.001	0.997
0.001	0.325	0.129	0.545
>VAAGCCCCGCCC	10-VAAGCCCCGCCC	9.553626	-88.445138	0	T:518.0(7.90%),B:1812.3(4.27%),P:1e-38	Tpos:319.6,Tstd:261.8,Bpos:230.6,Bstd:146.8,StrandBias:-0.3,Multiplicity:1.23
0.364	0.263	0.253	0.120
0.634	0.113	0.165	0.088
0.552	0.087	0.314	0.047
0.140	0.001	0.858	0.001
0.001	0.945	0.001	0.053
0.001	0.943	0.001	0.055
0.326	0.609	0.001	0.064
0.051	0.888	0.001	0.060
0.001	0.001	0.730	0.268
0.001	0.997	0.001	0.001
0.001	0.997	0.001	0.001
0.028	0.715	0.001	0.256
>CTTTGATCTBTD	11-CTTTGATCTBTD	8.471812	-88.293815	0	T:295.0(4.50%),B:811.2(1.91%),P:1e-38	Tpos:269.8,Tstd:218.2,Bpos:236.7,Bstd:142.7,StrandBias:-0.2,Multiplicity:1.07
0.104	0.551	0.169	0.176
0.173	0.021	0.006	0.800
0.011	0.180	0.138	0.671
0.176	0.006	0.183	0.635
0.021	0.262	0.538	0.179
0.639	0.019	0.137	0.205
0.191	0.013	0.014	0.782
0.023	0.856	0.099	0.022
0.245	0.010	0.005	0.740
0.013	0.277	0.311	0.399
0.151	0.286	0.083	0.480
0.344	0.172	0.215	0.270
>TATGCAAATHAD	12-TATGCAAATHAD	10.072430	-77.939550	0	T:173.0(2.64%),B:376.4(0.89%),P:1e-33	Tpos:291.0,Tstd:207.5,Bpos:250.5,Bstd:131.2,StrandBias:0.2,Multiplicity:1.08
0.001	0.220	0.041	0.738
0.861	0.001	0.092	0.046
0.001	0.001	0.001	0.997
0.001	0.001	0.997	0.001
0.001	0.881	0.083	0.035
0.997	0.001	0.001	0.001
0.934	0.014	0.001	0.051
0.971	0.027	0.001	0.001
0.162	0.046	0.001	0.791
0.311	0.331	0.128	0.229
0.463	0.202	0.128	0.208
0.345	0.143	0.259	0.252
>GGGGGTGGGGTG	13-GGGGGTGGGGTG	8.965850	-61.700739	0	T:674.0(10.28%),B:2841.0(6.70%),P:1e-26	Tpos:336.0,Tstd:298.5,Bpos:234.6,Bstd:139.1,StrandBias:-0.1,Multiplicity:1.08
0.001	0.023	0.953	0.023
0.021	0.089	0.883	0.007
0.091	0.001	0.907	0.001
0.043	0.003	0.834	0.120
0.210	0.228	0.555	0.007
0.188	0.021	0.001	0.790
0.001	0.071	0.682	0.246
0.048	0.104	0.847	0.001
0.335	0.017	0.524	0.124
0.009	0.027	0.946	0.018
0.064	0.237	0.001	0.698
0.001	0.055	0.943	0.001
>ATGGAAAATCTG	14-ATGGAAAATCTG	11.671752	-56.741125	0	T:42.0(0.64%),B:31.3(0.07%),P:1e-24	Tpos:193.5,Tstd:119.6,Bpos:208.1,Bstd:130.5,StrandBias:0.4,Multiplicity:1.00
0.920	0.001	0.001	0.078
0.078	0.078	0.001	0.843
0.001	0.001	0.997	0.001
0.001	0.001	0.997	0.001
0.920	0.001	0.001	0.078
0.997	0.001	0.001	0.001
0.920	0.078	0.001	0.001
0.815	0.151	0.017	0.017
0.001	0.078	0.001	0.920
0.001	0.817	0.181	0.001
0.001	0.001	0.001	0.997
0.001	0.078	0.843	0.078
>CCCCCCCCCCCC	15-CCCCCCCCCCCC	8.463612	-56.374810	0	T:1342.0(20.47%),B:6643.8(15.67%),P:1e-24	Tpos:337.5,Tstd:292.6,Bpos:236.7,Bstd:139.6,StrandBias:-0.0,Multiplicity:1.36
0.100	0.700	0.100	0.100
0.100	0.700	0.100	0.100
0.100	0.700	0.100	0.100
0.100	0.700	0.100	0.100
0.100	0.700	0.100	0.100
0.100	0.700	0.100	0.100
0.100	0.700	0.100	0.100
0.100	0.700	0.100	0.100
0.100	0.700	0.100	0.100
0.100	0.700	0.100	0.100
0.100	0.700	0.100	0.100
0.100	0.700	0.100	0.100
>GGCTGTTTTCTG	16-GGCTGTTTTCTG	8.714753	-54.703234	0	T:494.0(7.54%),B:1978.0(4.66%),P:1e-23	Tpos:314.2,Tstd:268.5,Bpos:230.7,Bstd:139.3,StrandBias:0.1,Multiplicity:1.04
0.085	0.018	0.825	0.072
0.080	0.067	0.809	0.044
0.046	0.837	0.086	0.031
0.032	0.019	0.050	0.899
0.070	0.055	0.831	0.044
0.089	0.028	0.069	0.814
0.024	0.050	0.058	0.868
0.066	0.047	0.059	0.828
0.056	0.099	0.047	0.798
0.045	0.852	0.034	0.069
0.055	0.033	0.020	0.892
0.101	0.058	0.750	0.091
>TTTTTTTTCCCC	17-TTTTTTTTCCCC	9.042014	-44.256706	0	T:569.0(8.68%),B:2488.9(5.87%),P:1e-19	Tpos:335.8,Tstd:320.0,Bpos:237.2,Bstd:149.3,StrandBias:0.2,Multiplicity:1.08
0.074	0.076	0.070	0.780
0.052	0.008	0.073	0.867
0.069	0.086	0.078	0.767
0.012	0.063	0.066	0.859
0.032	0.086	0.033	0.849
0.011	0.026	0.033	0.930
0.001	0.060	0.001	0.938
0.023	0.076	0.024	0.877
0.044	0.814	0.046	0.096
0.088	0.814	0.001	0.097
0.101	0.722	0.057	0.120
0.035	0.783	0.067	0.115
>TGCCTTGGCAAC	18-TGCCTTGGCAAC	11.425749	-42.355914	0	T:70.0(1.07%),B:125.2(0.30%),P:1e-18	Tpos:261.4,Tstd:178.6,Bpos:259.6,Bstd:135.6,StrandBias:-0.2,Multiplicity:1.06
0.001	0.001	0.001	0.997
0.042	0.001	0.956	0.001
0.001	0.997	0.001	0.001
0.001	0.997	0.001	0.001
0.238	0.124	0.043	0.595
0.001	0.001	0.017	0.981
0.042	0.001	0.956	0.001
0.030	0.001	0.926	0.043
0.181	0.778	0.023	0.018
0.956	0.042	0.001	0.001
0.923	0.001	0.075	0.001
0.001	0.938	0.018	0.043
>CTGCGCATGCGC	19-CTGCGCATGCGC	9.662316	-30.559463	0	T:223.0(3.40%),B:843.8(1.99%),P:1e-13	Tpos:324.6,Tstd:244.5,Bpos:233.7,Bstd:165.8,StrandBias:-0.1,Multiplicity:1.25
0.162	0.675	0.048	0.115
0.098	0.117	0.001	0.784
0.001	0.009	0.989	0.001
0.161	0.593	0.147	0.099
0.061	0.001	0.937	0.001
0.001	0.973	0.025	0.001
0.687	0.131	0.120	0.062
0.054	0.201	0.176	0.569
0.001	0.033	0.933	0.033
0.005	0.862	0.045	0.088
0.037	0.052	0.777	0.134
0.001	0.920	0.001	0.078
>TCTCCAGGAAGT	20-TCTCCAGGAAGT	12.355432	-27.131408	0	T:10.0(0.15%),B:3.0(0.01%),P:1e-11	Tpos:386.8,Tstd:283.7,Bpos:321.3,Bstd:103.2,StrandBias:0.0,Multiplicity:1.00
0.100	0.100	0.100	0.700
0.100	0.700	0.100	0.100
0.100	0.100	0.100	0.700
0.100	0.700	0.100	0.100
0.100	0.700	0.100	0.100
0.700	0.100	0.100	0.100
0.100	0.100	0.700	0.100
0.100	0.100	0.700	0.100
0.700	0.100	0.100	0.100
0.700	0.100	0.100	0.100
0.100	0.100	0.700	0.100
0.100	0.100	0.100	0.700
>GTTTCAGTGWTG	21-GTTTCAGTGWTG	11.879231	-20.652307	0	T:37.0(0.56%),B:73.3(0.17%),P:1e-8	Tpos:292.8,Tstd:325.5,Bpos:245.0,Bstd:139.8,StrandBias:0.3,Multiplicity:1.12
0.001	0.001	0.912	0.086
0.001	0.065	0.001	0.933
0.066	0.166	0.111	0.657
0.001	0.001	0.001	0.997
0.001	0.867	0.001	0.131
0.997	0.001	0.001	0.001
0.001	0.065	0.933	0.001
0.099	0.001	0.001	0.899
0.001	0.065	0.933	0.001
0.558	0.001	0.001	0.440
0.045	0.001	0.096	0.858
0.131	0.001	0.867	0.001
>TGGCTCAGTGAT	22-TGGCTCAGTGAT	-4.114775	-13.580419	0	T:929.0(14.17%),B:5183.6(12.22%),P:1e-5	Tpos:318.4,Tstd:288.6,Bpos:234.8,Bstd:136.7,StrandBias:-0.1,Multiplicity:1.11
0.001	0.001	0.001	0.997
0.001	0.001	0.997	0.001
0.001	0.001	0.997	0.001
0.001	0.997	0.001	0.001
0.001	0.001	0.001	0.997
0.001	0.997	0.001	0.001
0.907	0.091	0.001	0.001
0.001	0.001	0.997	0.001
0.001	0.001	0.001	0.997
0.001	0.001	0.997	0.001
0.997	0.001	0.001	0.001
0.001	0.001	0.001	0.997
>TGATGTTACCAT	23-TGATGTTACCAT	12.550702	-10.770757	0	T:4.0(0.06%),B:1.9(0.00%),P:1e-4	Tpos:223.2,Tstd:115.8,Bpos:306.5,Bstd:24.8,StrandBias:3.8,Multiplicity:7.25
0.001	0.001	0.001	0.997
0.001	0.001	0.997	0.001
0.997	0.001	0.001	0.001
0.001	0.001	0.001	0.997
0.001	0.018	0.980	0.001
0.001	0.001	0.001	0.997
0.018	0.001	0.001	0.980
0.997	0.001	0.001	0.001
0.001	0.997	0.001	0.001
0.001	0.997	0.001	0.001
0.980	0.001	0.018	0.001
0.001	0.001	0.001	0.997
>CAACTCACBACC	24-CAACTCACBACC	13.549948	-8.315092	0	T:9.0(0.14%),B:13.5(0.03%),P:1e-3	Tpos:147.5,Tstd:107.8,Bpos:322.4,Bstd:109.3,StrandBias:2.4,Multiplicity:2.11
0.001	0.997	0.001	0.001
0.616	0.382	0.001	0.001
0.713	0.285	0.001	0.001
0.001	0.997	0.001	0.001
0.001	0.001	0.001	0.997
0.001	0.713	0.001	0.285
0.997	0.001	0.001	0.001
0.001	0.997	0.001	0.001
0.001	0.339	0.286	0.374
0.997	0.001	0.001	0.001
0.001	0.997	0.001	0.001
0.001	0.997	0.001	0.001
>GCTTAGTGATAG	25-GCTTAGTGATAG	15.134418	-8.120775	0	T:4.0(0.06%),B:2.8(0.01%),P:1e-3	Tpos:63.2,Tstd:62.0,Bpos:142.0,Bstd:99.5,StrandBias:0.0,Multiplicity:1.00
0.001	0.001	0.997	0.001
0.001	0.997	0.001	0.001
0.001	0.001	0.001	0.997
0.001	0.330	0.001	0.668
0.997	0.001	0.001	0.001
0.001	0.001	0.997	0.001
0.001	0.001	0.001	0.997
0.001	0.001	0.997	0.001
0.997	0.001	0.001	0.001
0.001	0.001	0.001	0.997
0.696	0.001	0.302	0.001
0.001	0.001	0.997	0.001
>ACAGGAAG	1-ACAGGAAG	8.945274	-264.393298	0	T:1292.0(19.71%),B:4334.3(10.22%),P:1e-114	Tpos:292.1,Tstd:234.6,Bpos:237.6,Bstd:138.1,StrandBias:-0.1,Multiplicity:1.17
0.997	0.001	0.001	0.001
0.001	0.997	0.001	0.001
0.997	0.001	0.001	0.001
0.001	0.001	0.997	0.001
0.001	0.001	0.997	0.001
0.997	0.001	0.001	0.001
0.832	0.001	0.001	0.166
0.280	0.001	0.718	0.001
>ATGAGTCA	2-ATGAGTCA	7.971534	-253.186864	0	T:867.0(13.23%),B:2451.2(5.78%),P:1e-109	Tpos:277.9,Tstd:229.8,Bpos:229.2,Bstd:138.8,StrandBias:-0.1,Multiplicity:1.13
0.647	0.139	0.163	0.051
0.001	0.001	0.001	0.997
0.001	0.001	0.997	0.001
0.997	0.001	0.001	0.001
0.001	0.288	0.710	0.001
0.001	0.001	0.001	0.997
0.042	0.956	0.001	0.001
0.997	0.001	0.001	0.001
>ACTTCCTC	3-ACTTCCTC	7.894281	-221.151228	0	T:1358.0(20.72%),B:4952.5(11.68%),P:1e-96	Tpos:298.6,Tstd:245.4,Bpos:235.4,Bstd:139.2,StrandBias:0.0,Multiplicity:1.12
0.997	0.001	0.001	0.001
0.001	0.997	0.001	0.001
0.129	0.001	0.001	0.869
0.001	0.001	0.001	0.997
0.001	0.997	0.001	0.001
0.001	0.997	0.001	0.001
0.001	0.001	0.001	0.997
0.001	0.584	0.323	0.092
>TGTGGTTT	4-TGTGGTTT	5.794382	-184.526139	0	T:948.0(14.46%),B:3199.5(7.54%),P:1e-80	Tpos:299.2,Tstd:265.2,Bpos:236.3,Bstd:144.9,StrandBias:-0.0,Multiplicity:1.13
0.001	0.066	0.079	0.854
0.001	0.001	0.997	0.001
0.001	0.080	0.001	0.918
0.001	0.001	0.997	0.001
0.001	0.001	0.997	0.001
0.001	0.001	0.001	0.997
0.001	0.001	0.001	0.997
0.193	0.001	0.001	0.805
>ACATCAAA	5-ACATCAAA	8.939325	-148.670146	0	T:619.0(9.44%),B:1898.9(4.48%),P:1e-64	Tpos:286.9,Tstd:233.6,Bpos:233.7,Bstd:143.6,StrandBias:0.2,Multiplicity:1.08
0.933	0.001	0.033	0.033
0.001	0.785	0.213	0.001
0.754	0.027	0.001	0.218
0.001	0.001	0.024	0.974
0.031	0.943	0.025	0.001
0.985	0.001	0.001	0.013
0.931	0.020	0.048	0.001
0.922	0.016	0.045	0.017
>CCACCCAC	6-CCACCCAC	7.611996	-127.267384	0	T:1571.0(23.97%),B:6948.3(16.38%),P:1e-55	Tpos:324.4,Tstd:274.1,Bpos:236.0,Bstd:140.2,StrandBias:0.0,Multiplicity:1.27
0.065	0.914	0.001	0.020
0.071	0.927	0.001	0.001
0.678	0.001	0.130	0.191
0.033	0.965	0.001	0.001
0.001	0.958	0.020	0.021
0.001	0.920	0.001	0.078
0.851	0.127	0.021	0.001
0.001	0.969	0.029	0.001
>CKTCAAAG	7-CKTCAAAG	6.139568	-115.781679	0	T:1911.0(29.15%),B:9023.8(21.28%),P:1e-50	Tpos:295.4,Tstd:243.5,Bpos:238.0,Bstd:143.1,StrandBias:0.1,Multiplicity:1.21
0.098	0.900	0.001	0.001
0.202	0.104	0.413	0.280
0.037	0.020	0.001	0.942
0.001	0.912	0.053	0.034
0.915	0.034	0.001	0.050
0.971	0.001	0.001	0.027
0.990	0.008	0.001	0.001
0.001	0.001	0.997	0.001
>TTTCCGTT	8-TTTCCGTT	5.938984	-104.826293	0	T:2423.0(36.96%),B:12215.3(28.80%),P:1e-45	Tpos:314.2,Tstd:268.1,Bpos:235.7,Bstd:145.6,StrandBias:-0.0,Multiplicity:1.40
0.040	0.115	0.078	0.767
0.040	0.054	0.024	0.882
0.049	0.081	0.017	0.853
0.037	0.794	0.077	0.092
0.150	0.723	0.120	0.007
0.108	0.181	0.572	0.139
0.050	0.231	0.048	0.671
0.075	0.142	0.039	0.744
>GGGGGGGG	9-GGGGGGGG	8.268348	-99.276088	0	T:1731.0(26.41%),B:8215.2(19.37%),P:1e-43	Tpos:336.6,Tstd:290.4,Bpos:234.3,Bstd:143.7,StrandBias:0.0,Multiplicity:1.67
0.001	0.001	0.997	0.001
0.001	0.001	0.997	0.001
0.001	0.001	0.997	0.001
0.121	0.217	0.587	0.075
0.001	0.189	0.735	0.075
0.142	0.109	0.679	0.070
0.001	0.001	0.997	0.001
0.001	0.001	0.997	0.001
>AGAGGGCG	10-AGAGGGCG	6.930241	-94.843976	0	T:862.0(13.15%),B:3478.4(8.20%),P:1e-41	Tpos:334.0,Tstd:308.1,Bpos:235.9,Bstd:153.9,StrandBias:-0.0,Multiplicity:1.20
0.997	0.001	0.001	0.001
0.001	0.072	0.926	0.001
0.613	0.001	0.182	0.204
0.094	0.001	0.904	0.001
0.001	0.001	0.997	0.001
0.001	0.001	0.997	0.001
0.001	0.997	0.001	0.001
0.001	0.001	0.997	0.001
>TTKCGTYT	11-TTKCGTYT	6.159893	-81.107222	0	T:1390.0(21.21%),B:6526.0(15.39%),P:1e-35	Tpos:316.2,Tstd:273.2,Bpos:236.6,Bstd:144.3,StrandBias:-0.0,Multiplicity:1.15
0.001	0.001	0.078	0.920
0.001	0.001	0.001	0.997
0.001	0.073	0.431	0.495
0.001	0.997	0.001	0.001
0.282	0.001	0.716	0.001
0.001	0.066	0.001	0.932
0.236	0.392	0.001	0.370
0.001	0.001	0.061	0.937
>CGCTTTDA	12-CGCTTTDA	4.851959	-68.311082	0	T:1613.0(24.61%),B:8014.9(18.90%),P:1e-29	Tpos:321.1,Tstd:277.4,Bpos:234.8,Bstd:153.9,StrandBias:0.0,Multiplicity:1.25
0.001	0.946	0.042	0.011
0.001	0.001	0.997	0.001
0.091	0.603	0.266	0.040
0.094	0.133	0.213	0.560
0.254	0.128	0.155	0.463
0.364	0.021	0.062	0.553
0.362	0.021	0.234	0.383
0.448	0.133	0.129	0.290
>ATTTGCAT	13-ATTTGCAT	8.236954	-63.179296	0	T:235.0(3.59%),B:682.9(1.61%),P:1e-27	Tpos:286.5,Tstd:229.1,Bpos:247.6,Bstd:138.0,StrandBias:-0.2,Multiplicity:1.09
0.700	0.100	0.100	0.100
0.100	0.100	0.100	0.700
0.100	0.100	0.100	0.700
0.100	0.100	0.100	0.700
0.100	0.100	0.700	0.100
0.100	0.700	0.100	0.100
0.700	0.100	0.100	0.100
0.100	0.100	0.100	0.700
>CCTCTAGT	14-CCTCTAGT	5.760924	-62.077033	0	T:426.0(6.50%),B:1571.7(3.71%),P:1e-26	Tpos:295.8,Tstd:272.9,Bpos:237.7,Bstd:140.3,StrandBias:0.2,Multiplicity:1.04
0.001	0.997	0.001	0.001
0.035	0.872	0.092	0.001
0.001	0.141	0.001	0.857
0.001	0.997	0.001	0.001
0.001	0.001	0.001	0.997
0.997	0.001	0.001	0.001
0.001	0.001	0.997	0.001
0.001	0.001	0.001	0.997
>CTTTGTAC	15-CTTTGTAC	6.501558	-60.579823	0	T:634.0(9.67%),B:2642.2(6.23%),P:1e-26	Tpos:269.7,Tstd:216.4,Bpos:237.7,Bstd:143.9,StrandBias:-0.1,Multiplicity:1.04
0.001	0.997	0.001	0.001
0.001	0.001	0.001	0.997
0.001	0.001	0.001	0.997
0.001	0.001	0.001	0.997
0.001	0.001	0.997	0.001
0.069	0.001	0.001	0.929
0.848	0.001	0.001	0.150
0.001	0.997	0.001	0.001
>CACGTGAT	16-CACGTGAT	5.751274	-58.307087	0	T:954.0(14.55%),B:4405.0(10.39%),P:1e-25	Tpos:307.9,Tstd:268.6,Bpos:234.0,Bstd:148.5,StrandBias:0.1,Multiplicity:1.12
0.043	0.852	0.001	0.104
0.938	0.017	0.001	0.044
0.001	0.997	0.001	0.001
0.031	0.030	0.938	0.001
0.001	0.062	0.020	0.917
0.028	0.054	0.898	0.020
0.867	0.001	0.046	0.086
0.001	0.200	0.056	0.743
>GCTGTTTT	17-GCTGTTTT	7.338611	-57.042513	0	T:1230.0(18.76%),B:5985.9(14.11%),P:1e-24	Tpos:307.4,Tstd:250.6,Bpos:236.0,Bstd:146.1,StrandBias:-0.1,Multiplicity:1.15
0.001	0.001	0.997	0.001
0.001	0.805	0.107	0.087
0.001	0.001	0.020	0.978
0.001	0.032	0.925	0.042
0.049	0.112	0.001	0.838
0.001	0.096	0.048	0.855
0.012	0.046	0.034	0.908
0.047	0.001	0.102	0.850
>TACAAAMG	18-TACAAAMG	6.325405	-49.604118	0	T:980.0(14.95%),B:4683.0(11.04%),P:1e-21	Tpos:294.0,Tstd:238.7,Bpos:237.5,Bstd:148.2,StrandBias:0.0,Multiplicity:1.11
0.311	0.095	0.023	0.571
0.666	0.031	0.001	0.302
0.298	0.671	0.001	0.030
0.817	0.071	0.094	0.018
0.634	0.126	0.154	0.086
0.616	0.138	0.245	0.001
0.403	0.457	0.033	0.107
0.001	0.051	0.947	0.001
>NTTASTAA	19-NTTASTAA	6.962948	-48.545877	0	T:862.0(13.15%),B:4035.5(9.52%),P:1e-21	Tpos:284.9,Tstd:229.0,Bpos:231.6,Bstd:140.5,StrandBias:0.0,Multiplicity:1.11
0.315	0.205	0.288	0.193
0.001	0.216	0.001	0.782
0.001	0.001	0.317	0.681
0.960	0.038	0.001	0.001
0.001	0.517	0.481	0.001
0.001	0.001	0.001	0.997
0.680	0.318	0.001	0.001
0.997	0.001	0.001	0.001
>ACTTTCAC	20-ACTTTCAC	8.236954	-43.677333	0	T:162.0(2.47%),B:472.8(1.11%),P:1e-18	Tpos:296.9,Tstd:271.1,Bpos:237.9,Bstd:144.8,StrandBias:-0.1,Multiplicity:1.02
0.700	0.100	0.100	0.100
0.100	0.700	0.100	0.100
0.100	0.100	0.100	0.700
0.100	0.100	0.100	0.700
0.100	0.100	0.100	0.700
0.100	0.700	0.100	0.100
0.700	0.100	0.100	0.100
0.100	0.700	0.100	0.100
>GCACGAAA	21-GCACGAAA	7.285023	-42.645070	0	T:583.0(8.89%),B:2584.8(6.09%),P:1e-18	Tpos:297.2,Tstd:248.6,Bpos:233.6,Bstd:145.1,StrandBias:-0.0,Multiplicity:1.04
0.001	0.224	0.556	0.219
0.001	0.797	0.115	0.087
0.946	0.052	0.001	0.001
0.001	0.924	0.074	0.001
0.001	0.001	0.997	0.001
0.757	0.089	0.153	0.001
0.959	0.001	0.001	0.039
0.997	0.001	0.001	0.001
>TACCGCAG	22-TACCGCAG	6.543233	-42.220290	0	T:1087.0(16.58%),B:5423.3(12.79%),P:1e-18	Tpos:331.1,Tstd:285.7,Bpos:234.4,Bstd:150.7,StrandBias:0.1,Multiplicity:1.18
0.035	0.115	0.024	0.826
0.661	0.119	0.067	0.153
0.001	0.922	0.076	0.001
0.001	0.962	0.001	0.036
0.059	0.001	0.890	0.050
0.001	0.979	0.001	0.019
0.901	0.034	0.039	0.026
0.032	0.001	0.966	0.001
>GTTTACGA	23-GTTTACGA	3.530371	-31.741230	0	T:405.0(6.18%),B:1769.6(4.17%),P:1e-13	Tpos:295.2,Tstd:247.6,Bpos:231.5,Bstd:148.8,StrandBias:0.1,Multiplicity:1.05
0.001	0.386	0.612	0.001
0.001	0.001	0.177	0.821
0.001	0.001	0.001	0.997
0.001	0.001	0.001	0.997
0.997	0.001	0.001	0.001
0.001	0.997	0.001	0.001
0.134	0.001	0.864	0.001
0.997	0.001	0.001	0.001
>ACAGTCAT	24-ACAGTCAT	10.050445	-20.553515	0	T:175.0(2.67%),B:697.5(1.64%),P:1e-8	Tpos:271.8,Tstd:223.5,Bpos:230.3,Bstd:130.2,StrandBias:0.2,Multiplicity:1.10
0.997	0.001	0.001	0.001
0.001	0.997	0.001	0.001
0.637	0.361	0.001	0.001
0.001	0.001	0.997	0.001
0.001	0.001	0.001	0.997
0.001	0.997	0.001	0.001
0.997	0.001	0.001	0.001
0.001	0.001	0.001	0.997
>ATGGTAAC	25-ATGGTAAC	8.639138	-19.319377	0	T:220.0(3.36%),B:943.6(2.23%),P:1e-8	Tpos:310.1,Tstd:277.2,Bpos:233.7,Bstd:140.2,StrandBias:-0.4,Multiplicity:1.13
0.997	0.001	0.001	0.001
0.001	0.161	0.001	0.837
0.155	0.001	0.843	0.001
0.001	0.001	0.874	0.124
0.001	0.001	0.001	0.997
0.997	0.001	0.001	0.001
0.997	0.001	0.001	0.001
0.001	0.997	0.001	0.001
