>NNACAGGAAGTN	1-NNACAGGAAGTN	8.067370	-425.175694	0	T:1410.0(21.51%),B:4022.1(9.48%),P:1e-184	Tpos:287.7,Tstd:221.0,Bpos:238.7,Bstd:137.7,StrandBias:0.1,Multiplicity:1.17
0.322	0.182	0.237	0.260
0.320	0.220	0.258	0.202
0.586	0.066	0.283	0.065
0.115	0.515	0.275	0.095
0.959	0.031	0.009	0.001
0.002	0.001	0.996	0.001
0.201	0.001	0.793	0.005
0.993	0.005	0.001	0.001
0.714	0.001	0.043	0.242
0.297	0.141	0.561	0.001
0.132	0.293	0.120	0.456
0.253	0.195	0.325	0.227
>CCACYAGRKGGC	2-CCACYAGRKGGC	8.482513	-343.697703	0	T:430.0(6.56%),B:585.1(1.38%),P:1e-149	Tpos:270.1,Tstd:210.8,Bpos:227.5,Bstd:130.8,StrandBias:-0.1,Multiplicity:1.04
0.210	0.523	0.156	0.111
0.054	0.864	0.036	0.046
0.644	0.199	0.027	0.130
0.041	0.551	0.378	0.030
0.193	0.317	0.127	0.363
0.536	0.072	0.205	0.187
0.055	0.034	0.870	0.041
0.419	0.037	0.514	0.030
0.086	0.070	0.441	0.403
0.041	0.145	0.752	0.062
0.136	0.041	0.567	0.256
0.268	0.461	0.037	0.233
>NNDVTGASTCAB	3-NNDVTGASTCAB	7.972336	-257.766318	0	T:882.0(13.46%),B:2494.4(5.88%),P:1e-111	Tpos:274.5,Tstd:224.8,Bpos:229.9,Bstd:136.3,StrandBias:-0.1,Multiplicity:1.13
0.229	0.200	0.295	0.276
0.220	0.221	0.247	0.312
0.231	0.171	0.274	0.323
0.367	0.294	0.262	0.076
0.001	0.001	0.001	0.997
0.001	0.001	0.997	0.001
0.980	0.001	0.001	0.018
0.015	0.528	0.435	0.022
0.099	0.001	0.001	0.899
0.054	0.944	0.001	0.001
0.997	0.001	0.001	0.001
0.136	0.248	0.269	0.347
>HNKTTGTGGTTT	4-HNKTTGTGGTTT	8.956861	-163.844220	0	T:669.0(10.21%),B:2037.3(4.80%),P:1e-71	Tpos:295.0,Tstd:262.1,Bpos:235.7,Bstd:139.7,StrandBias:-0.1,Multiplicity:1.09
0.251	0.325	0.154	0.270
0.194	0.262	0.236	0.308
0.143	0.195	0.347	0.315
0.130	0.239	0.101	0.530
0.001	0.001	0.111	0.887
0.001	0.001	0.989	0.009
0.001	0.001	0.001	0.997
0.001	0.001	0.974	0.024
0.001	0.001	0.997	0.001
0.001	0.219	0.023	0.757
0.001	0.001	0.001	0.997
0.145	0.162	0.262	0.432
>CHGACTTCAAAG	5-CHGACTTCAAAG	7.809172	-154.825754	0	T:880.0(13.42%),B:3074.4(7.25%),P:1e-67	Tpos:285.9,Tstd:240.5,Bpos:235.3,Bstd:143.6,StrandBias:0.2,Multiplicity:1.08
0.180	0.480	0.179	0.160
0.291	0.397	0.056	0.256
0.212	0.205	0.425	0.159
0.751	0.105	0.059	0.085
0.043	0.791	0.079	0.087
0.083	0.083	0.001	0.833
0.066	0.031	0.067	0.836
0.070	0.790	0.064	0.076
0.943	0.008	0.001	0.048
0.844	0.083	0.059	0.014
0.944	0.001	0.046	0.009
0.217	0.131	0.602	0.050
>CTTTGATGTGGT	6-CTTTGATGTGGT	9.362287	-138.509404	0	T:329.0(5.02%),B:745.2(1.76%),P:1e-60	Tpos:282.0,Tstd:208.3,Bpos:235.4,Bstd:142.4,StrandBias:0.1,Multiplicity:1.05
0.084	0.721	0.095	0.100
0.054	0.083	0.001	0.862
0.042	0.101	0.051	0.806
0.046	0.018	0.001	0.935
0.046	0.095	0.760	0.099
0.790	0.072	0.040	0.098
0.081	0.001	0.027	0.891
0.001	0.038	0.902	0.059
0.020	0.001	0.030	0.949
0.042	0.009	0.850	0.099
0.116	0.073	0.733	0.078
0.065	0.077	0.057	0.801
>AGTTTCACTTTC	7-AGTTTCACTTTC	7.114898	-117.801473	0	T:1019.0(15.55%),B:4073.9(9.61%),P:1e-51	Tpos:315.3,Tstd:267.2,Bpos:236.0,Bstd:144.4,StrandBias:-0.0,Multiplicity:1.20
0.719	0.059	0.123	0.099
0.078	0.125	0.696	0.101
0.078	0.073	0.081	0.768
0.071	0.087	0.087	0.755
0.081	0.073	0.066	0.780
0.073	0.751	0.086	0.090
0.738	0.101	0.061	0.100
0.100	0.706	0.098	0.096
0.067	0.077	0.045	0.811
0.065	0.080	0.060	0.795
0.059	0.084	0.069	0.788
0.098	0.694	0.105	0.103
>KGGGAAATCCCC	8-KGGGAAATCCCC	10.557819	-105.591281	0	T:143.0(2.18%),B:210.7(0.50%),P:1e-45	Tpos:307.1,Tstd:224.2,Bpos:236.8,Bstd:133.7,StrandBias:-0.1,Multiplicity:1.03
0.204	0.001	0.457	0.338
0.001	0.001	0.968	0.030
0.001	0.001	0.997	0.001
0.155	0.001	0.843	0.001
0.659	0.001	0.339	0.001
0.997	0.001	0.001	0.001
0.625	0.079	0.094	0.202
0.158	0.117	0.155	0.570
0.007	0.621	0.009	0.363
0.012	0.986	0.001	0.001
0.001	0.997	0.001	0.001
0.095	0.847	0.001	0.057
>ACWTCCTGKCTT	9-ACWTCCTGKCTT	10.571663	-98.197975	0	T:206.0(3.14%),B:430.3(1.01%),P:1e-42	Tpos:259.8,Tstd:190.6,Bpos:244.2,Bstd:134.8,StrandBias:-0.2,Multiplicity:1.02
0.997	0.001	0.001	0.001
0.001	0.824	0.174	0.001
0.427	0.067	0.001	0.505
0.001	0.277	0.001	0.721
0.180	0.748	0.001	0.071
0.001	0.924	0.001	0.074
0.074	0.001	0.001	0.924
0.001	0.185	0.513	0.301
0.077	0.001	0.401	0.521
0.001	0.605	0.229	0.165
0.001	0.001	0.001	0.997
0.001	0.325	0.129	0.545
>VAAGCCCCGCCC	10-VAAGCCCCGCCC	9.553626	-88.445138	0	T:518.0(7.90%),B:1812.3(4.27%),P:1e-38	Tpos:319.6,Tstd:261.8,Bpos:230.6,Bstd:146.8,StrandBias:-0.3,Multiplicity:1.23
0.364	0.263	0.253	0.120
0.634	0.113	0.165	0.088
0.552	0.087	0.314	0.047
0.140	0.001	0.858	0.001
0.001	0.945	0.001	0.053
0.001	0.943	0.001	0.055
0.326	0.609	0.001	0.064
0.051	0.888	0.001	0.060
0.001	0.001	0.730	0.268
0.001	0.997	0.001	0.001
0.001	0.997	0.001	0.001
0.028	0.715	0.001	0.256
>CTTTGATCTBTD	11-CTTTGATCTBTD	8.471812	-88.293815	0	T:295.0(4.50%),B:811.2(1.91%),P:1e-38	Tpos:269.8,Tstd:218.2,Bpos:236.7,Bstd:142.7,StrandBias:-0.2,Multiplicity:1.07
0.104	0.551	0.169	0.176
0.173	0.021	0.006	0.800
0.011	0.180	0.138	0.671
0.176	0.006	0.183	0.635
0.021	0.262	0.538	0.179
0.639	0.019	0.137	0.205
0.191	0.013	0.014	0.782
0.023	0.856	0.099	0.022
0.245	0.010	0.005	0.740
0.013	0.277	0.311	0.399
0.151	0.286	0.083	0.480
0.344	0.172	0.215	0.270
>TATGCAAATHAD	12-TATGCAAATHAD	10.072430	-77.939550	0	T:173.0(2.64%),B:376.4(0.89%),P:1e-33	Tpos:291.0,Tstd:207.5,Bpos:250.5,Bstd:131.2,StrandBias:0.2,Multiplicity:1.08
0.001	0.220	0.041	0.738
0.861	0.001	0.092	0.046
0.001	0.001	0.001	0.997
0.001	0.001	0.997	0.001
0.001	0.881	0.083	0.035
0.997	0.001	0.001	0.001
0.934	0.014	0.001	0.051
0.971	0.027	0.001	0.001
0.162	0.046	0.001	0.791
0.311	0.331	0.128	0.229
0.463	0.202	0.128	0.208
0.345	0.143	0.259	0.252
>GGGGGTGGGGTG	13-GGGGGTGGGGTG	8.965850	-61.700739	0	T:674.0(10.28%),B:2841.0(6.70%),P:1e-26	Tpos:336.0,Tstd:298.5,Bpos:234.6,Bstd:139.1,StrandBias:-0.1,Multiplicity:1.08
0.001	0.023	0.953	0.023
0.021	0.089	0.883	0.007
0.091	0.001	0.907	0.001
0.043	0.003	0.834	0.120
0.210	0.228	0.555	0.007
0.188	0.021	0.001	0.790
0.001	0.071	0.682	0.246
0.048	0.104	0.847	0.001
0.335	0.017	0.524	0.124
0.009	0.027	0.946	0.018
0.064	0.237	0.001	0.698
0.001	0.055	0.943	0.001
>ATGGAAAATCTG	14-ATGGAAAATCTG	11.671752	-56.741125	0	T:42.0(0.64%),B:31.3(0.07%),P:1e-24	Tpos:193.5,Tstd:119.6,Bpos:208.1,Bstd:130.5,StrandBias:0.4,Multiplicity:1.00
0.920	0.001	0.001	0.078
0.078	0.078	0.001	0.843
0.001	0.001	0.997	0.001
0.001	0.001	0.997	0.001
0.920	0.001	0.001	0.078
0.997	0.001	0.001	0.001
0.920	0.078	0.001	0.001
0.815	0.151	0.017	0.017
0.001	0.078	0.001	0.920
0.001	0.817	0.181	0.001
0.001	0.001	0.001	0.997
0.001	0.078	0.843	0.078
>CCCCCCCCCCCC	15-CCCCCCCCCCCC	8.463612	-56.374810	0	T:1342.0(20.47%),B:6643.8(15.67%),P:1e-24	Tpos:337.5,Tstd:292.6,Bpos:236.7,Bstd:139.6,StrandBias:-0.0,Multiplicity:1.36
0.100	0.700	0.100	0.100
0.100	0.700	0.100	0.100
0.100	0.700	0.100	0.100
0.100	0.700	0.100	0.100
0.100	0.700	0.100	0.100
0.100	0.700	0.100	0.100
0.100	0.700	0.100	0.100
0.100	0.700	0.100	0.100
0.100	0.700	0.100	0.100
0.100	0.700	0.100	0.100
0.100	0.700	0.100	0.100
0.100	0.700	0.100	0.100
>GGCTGTTTTCTG	16-GGCTGTTTTCTG	8.714753	-54.703234	0	T:494.0(7.54%),B:1978.0(4.66%),P:1e-23	Tpos:314.2,Tstd:268.5,Bpos:230.7,Bstd:139.3,StrandBias:0.1,Multiplicity:1.04
0.085	0.018	0.825	0.072
0.080	0.067	0.809	0.044
0.046	0.837	0.086	0.031
0.032	0.019	0.050	0.899
0.070	0.055	0.831	0.044
0.089	0.028	0.069	0.814
0.024	0.050	0.058	0.868
0.066	0.047	0.059	0.828
0.056	0.099	0.047	0.798
0.045	0.852	0.034	0.069
0.055	0.033	0.020	0.892
0.101	0.058	0.750	0.091
>TTTTTTTTCCCC	17-TTTTTTTTCCCC	9.042014	-44.256706	0	T:569.0(8.68%),B:2488.9(5.87%),P:1e-19	Tpos:335.8,Tstd:320.0,Bpos:237.2,Bstd:149.3,StrandBias:0.2,Multiplicity:1.08
0.074	0.076	0.070	0.780
0.052	0.008	0.073	0.867
0.069	0.086	0.078	0.767
0.012	0.063	0.066	0.859
0.032	0.086	0.033	0.849
0.011	0.026	0.033	0.930
0.001	0.060	0.001	0.938
0.023	0.076	0.024	0.877
0.044	0.814	0.046	0.096
0.088	0.814	0.001	0.097
0.101	0.722	0.057	0.120
0.035	0.783	0.067	0.115
>TGCCTTGGCAAC	18-TGCCTTGGCAAC	11.425749	-42.355914	0	T:70.0(1.07%),B:125.2(0.30%),P:1e-18	Tpos:261.4,Tstd:178.6,Bpos:259.6,Bstd:135.6,StrandBias:-0.2,Multiplicity:1.06
0.001	0.001	0.001	0.997
0.042	0.001	0.956	0.001
0.001	0.997	0.001	0.001
0.001	0.997	0.001	0.001
0.238	0.124	0.043	0.595
0.001	0.001	0.017	0.981
0.042	0.001	0.956	0.001
0.030	0.001	0.926	0.043
0.181	0.778	0.023	0.018
0.956	0.042	0.001	0.001
0.923	0.001	0.075	0.001
0.001	0.938	0.018	0.043
>CTGCGCATGCGC	19-CTGCGCATGCGC	9.662316	-30.559463	0	T:223.0(3.40%),B:843.8(1.99%),P:1e-13	Tpos:324.6,Tstd:244.5,Bpos:233.7,Bstd:165.8,StrandBias:-0.1,Multiplicity:1.25
0.162	0.675	0.048	0.115
0.098	0.117	0.001	0.784
0.001	0.009	0.989	0.001
0.161	0.593	0.147	0.099
0.061	0.001	0.937	0.001
0.001	0.973	0.025	0.001
0.687	0.131	0.120	0.062
0.054	0.201	0.176	0.569
0.001	0.033	0.933	0.033
0.005	0.862	0.045	0.088
0.037	0.052	0.777	0.134
0.001	0.920	0.001	0.078
>TCTCCAGGAAGT	20-TCTCCAGGAAGT	12.355432	-27.131408	0	T:10.0(0.15%),B:3.0(0.01%),P:1e-11	Tpos:386.8,Tstd:283.7,Bpos:321.3,Bstd:103.2,StrandBias:0.0,Multiplicity:1.00
0.100	0.100	0.100	0.700
0.100	0.700	0.100	0.100
0.100	0.100	0.100	0.700
0.100	0.700	0.100	0.100
0.100	0.700	0.100	0.100
0.700	0.100	0.100	0.100
0.100	0.100	0.700	0.100
0.100	0.100	0.700	0.100
0.700	0.100	0.100	0.100
0.700	0.100	0.100	0.100
0.100	0.100	0.700	0.100
0.100	0.100	0.100	0.700
>GTTTCAGTGWTG	21-GTTTCAGTGWTG	11.879231	-20.652307	0	T:37.0(0.56%),B:73.3(0.17%),P:1e-8	Tpos:292.8,Tstd:325.5,Bpos:245.0,Bstd:139.8,StrandBias:0.3,Multiplicity:1.12
0.001	0.001	0.912	0.086
0.001	0.065	0.001	0.933
0.066	0.166	0.111	0.657
0.001	0.001	0.001	0.997
0.001	0.867	0.001	0.131
0.997	0.001	0.001	0.001
0.001	0.065	0.933	0.001
0.099	0.001	0.001	0.899
0.001	0.065	0.933	0.001
0.558	0.001	0.001	0.440
0.045	0.001	0.096	0.858
0.131	0.001	0.867	0.001
>TGGCTCAGTGAT	22-TGGCTCAGTGAT	-4.114775	-13.580419	0	T:929.0(14.17%),B:5183.6(12.22%),P:1e-5	Tpos:318.4,Tstd:288.6,Bpos:234.8,Bstd:136.7,StrandBias:-0.1,Multiplicity:1.11
0.001	0.001	0.001	0.997
0.001	0.001	0.997	0.001
0.001	0.001	0.997	0.001
0.001	0.997	0.001	0.001
0.001	0.001	0.001	0.997
0.001	0.997	0.001	0.001
0.907	0.091	0.001	0.001
0.001	0.001	0.997	0.001
0.001	0.001	0.001	0.997
0.001	0.001	0.997	0.001
0.997	0.001	0.001	0.001
0.001	0.001	0.001	0.997
>TGATGTTACCAT	23-TGATGTTACCAT	12.550702	-10.770757	0	T:4.0(0.06%),B:1.9(0.00%),P:1e-4	Tpos:223.2,Tstd:115.8,Bpos:306.5,Bstd:24.8,StrandBias:3.8,Multiplicity:7.25
0.001	0.001	0.001	0.997
0.001	0.001	0.997	0.001
0.997	0.001	0.001	0.001
0.001	0.001	0.001	0.997
0.001	0.018	0.980	0.001
0.001	0.001	0.001	0.997
0.018	0.001	0.001	0.980
0.997	0.001	0.001	0.001
0.001	0.997	0.001	0.001
0.001	0.997	0.001	0.001
0.980	0.001	0.018	0.001
0.001	0.001	0.001	0.997
>CAACTCACBACC	24-CAACTCACBACC	13.549948	-8.315092	0	T:9.0(0.14%),B:13.5(0.03%),P:1e-3	Tpos:147.5,Tstd:107.8,Bpos:322.4,Bstd:109.3,StrandBias:2.4,Multiplicity:2.11
0.001	0.997	0.001	0.001
0.616	0.382	0.001	0.001
0.713	0.285	0.001	0.001
0.001	0.997	0.001	0.001
0.001	0.001	0.001	0.997
0.001	0.713	0.001	0.285
0.997	0.001	0.001	0.001
0.001	0.997	0.001	0.001
0.001	0.339	0.286	0.374
0.997	0.001	0.001	0.001
0.001	0.997	0.001	0.001
0.001	0.997	0.001	0.001
>GCTTAGTGATAG	25-GCTTAGTGATAG	15.134418	-8.120775	0	T:4.0(0.06%),B:2.8(0.01%),P:1e-3	Tpos:63.2,Tstd:62.0,Bpos:142.0,Bstd:99.5,StrandBias:0.0,Multiplicity:1.00
0.001	0.001	0.997	0.001
0.001	0.997	0.001	0.001
0.001	0.001	0.001	0.997
0.001	0.330	0.001	0.668
0.997	0.001	0.001	0.001
0.001	0.001	0.997	0.001
0.001	0.001	0.001	0.997
0.001	0.001	0.997	0.001
0.997	0.001	0.001	0.001
0.001	0.001	0.001	0.997
0.696	0.001	0.302	0.001
0.001	0.001	0.997	0.001
