>ACAGGAAG	1-ACAGGAAG	8.945274	-264.393298	0	T:1292.0(19.71%),B:4334.3(10.22%),P:1e-114	Tpos:292.1,Tstd:234.6,Bpos:237.6,Bstd:138.1,StrandBias:-0.1,Multiplicity:1.17
0.997	0.001	0.001	0.001
0.001	0.997	0.001	0.001
0.997	0.001	0.001	0.001
0.001	0.001	0.997	0.001
0.001	0.001	0.997	0.001
0.997	0.001	0.001	0.001
0.832	0.001	0.001	0.166
0.280	0.001	0.718	0.001
>ATGAGTCA	2-ATGAGTCA	7.971534	-253.186864	0	T:867.0(13.23%),B:2451.2(5.78%),P:1e-109	Tpos:277.9,Tstd:229.8,Bpos:229.2,Bstd:138.8,StrandBias:-0.1,Multiplicity:1.13
0.647	0.139	0.163	0.051
0.001	0.001	0.001	0.997
0.001	0.001	0.997	0.001
0.997	0.001	0.001	0.001
0.001	0.288	0.710	0.001
0.001	0.001	0.001	0.997
0.042	0.956	0.001	0.001
0.997	0.001	0.001	0.001
>ACTTCCTC	3-ACTTCCTC	7.894281	-221.151228	0	T:1358.0(20.72%),B:4952.5(11.68%),P:1e-96	Tpos:298.6,Tstd:245.4,Bpos:235.4,Bstd:139.2,StrandBias:0.0,Multiplicity:1.12
0.997	0.001	0.001	0.001
0.001	0.997	0.001	0.001
0.129	0.001	0.001	0.869
0.001	0.001	0.001	0.997
0.001	0.997	0.001	0.001
0.001	0.997	0.001	0.001
0.001	0.001	0.001	0.997
0.001	0.584	0.323	0.092
>TGTGGTTT	4-TGTGGTTT	5.794382	-184.526139	0	T:948.0(14.46%),B:3199.5(7.54%),P:1e-80	Tpos:299.2,Tstd:265.2,Bpos:236.3,Bstd:144.9,StrandBias:-0.0,Multiplicity:1.13
0.001	0.066	0.079	0.854
0.001	0.001	0.997	0.001
0.001	0.080	0.001	0.918
0.001	0.001	0.997	0.001
0.001	0.001	0.997	0.001
0.001	0.001	0.001	0.997
0.001	0.001	0.001	0.997
0.193	0.001	0.001	0.805
>ACATCAAA	5-ACATCAAA	8.939325	-148.670146	0	T:619.0(9.44%),B:1898.9(4.48%),P:1e-64	Tpos:286.9,Tstd:233.6,Bpos:233.7,Bstd:143.6,StrandBias:0.2,Multiplicity:1.08
0.933	0.001	0.033	0.033
0.001	0.785	0.213	0.001
0.754	0.027	0.001	0.218
0.001	0.001	0.024	0.974
0.031	0.943	0.025	0.001
0.985	0.001	0.001	0.013
0.931	0.020	0.048	0.001
0.922	0.016	0.045	0.017
>CCACCCAC	6-CCACCCAC	7.611996	-127.267384	0	T:1571.0(23.97%),B:6948.3(16.38%),P:1e-55	Tpos:324.4,Tstd:274.1,Bpos:236.0,Bstd:140.2,StrandBias:0.0,Multiplicity:1.27
0.065	0.914	0.001	0.020
0.071	0.927	0.001	0.001
0.678	0.001	0.130	0.191
0.033	0.965	0.001	0.001
0.001	0.958	0.020	0.021
0.001	0.920	0.001	0.078
0.851	0.127	0.021	0.001
0.001	0.969	0.029	0.001
>CKTCAAAG	7-CKTCAAAG	6.139568	-115.781679	0	T:1911.0(29.15%),B:9023.8(21.28%),P:1e-50	Tpos:295.4,Tstd:243.5,Bpos:238.0,Bstd:143.1,StrandBias:0.1,Multiplicity:1.21
0.098	0.900	0.001	0.001
0.202	0.104	0.413	0.280
0.037	0.020	0.001	0.942
0.001	0.912	0.053	0.034
0.915	0.034	0.001	0.050
0.971	0.001	0.001	0.027
0.990	0.008	0.001	0.001
0.001	0.001	0.997	0.001
>TTTCCGTT	8-TTTCCGTT	5.938984	-104.826293	0	T:2423.0(36.96%),B:12215.3(28.80%),P:1e-45	Tpos:314.2,Tstd:268.1,Bpos:235.7,Bstd:145.6,StrandBias:-0.0,Multiplicity:1.40
0.040	0.115	0.078	0.767
0.040	0.054	0.024	0.882
0.049	0.081	0.017	0.853
0.037	0.794	0.077	0.092
0.150	0.723	0.120	0.007
0.108	0.181	0.572	0.139
0.050	0.231	0.048	0.671
0.075	0.142	0.039	0.744
>GGGGGGGG	9-GGGGGGGG	8.268348	-99.276088	0	T:1731.0(26.41%),B:8215.2(19.37%),P:1e-43	Tpos:336.6,Tstd:290.4,Bpos:234.3,Bstd:143.7,StrandBias:0.0,Multiplicity:1.67
0.001	0.001	0.997	0.001
0.001	0.001	0.997	0.001
0.001	0.001	0.997	0.001
0.121	0.217	0.587	0.075
0.001	0.189	0.735	0.075
0.142	0.109	0.679	0.070
0.001	0.001	0.997	0.001
0.001	0.001	0.997	0.001
>AGAGGGCG	10-AGAGGGCG	6.930241	-94.843976	0	T:862.0(13.15%),B:3478.4(8.20%),P:1e-41	Tpos:334.0,Tstd:308.1,Bpos:235.9,Bstd:153.9,StrandBias:-0.0,Multiplicity:1.20
0.997	0.001	0.001	0.001
0.001	0.072	0.926	0.001
0.613	0.001	0.182	0.204
0.094	0.001	0.904	0.001
0.001	0.001	0.997	0.001
0.001	0.001	0.997	0.001
0.001	0.997	0.001	0.001
0.001	0.001	0.997	0.001
>TTKCGTYT	11-TTKCGTYT	6.159893	-81.107222	0	T:1390.0(21.21%),B:6526.0(15.39%),P:1e-35	Tpos:316.2,Tstd:273.2,Bpos:236.6,Bstd:144.3,StrandBias:-0.0,Multiplicity:1.15
0.001	0.001	0.078	0.920
0.001	0.001	0.001	0.997
0.001	0.073	0.431	0.495
0.001	0.997	0.001	0.001
0.282	0.001	0.716	0.001
0.001	0.066	0.001	0.932
0.236	0.392	0.001	0.370
0.001	0.001	0.061	0.937
>CGCTTTDA	12-CGCTTTDA	4.851959	-68.311082	0	T:1613.0(24.61%),B:8014.9(18.90%),P:1e-29	Tpos:321.1,Tstd:277.4,Bpos:234.8,Bstd:153.9,StrandBias:0.0,Multiplicity:1.25
0.001	0.946	0.042	0.011
0.001	0.001	0.997	0.001
0.091	0.603	0.266	0.040
0.094	0.133	0.213	0.560
0.254	0.128	0.155	0.463
0.364	0.021	0.062	0.553
0.362	0.021	0.234	0.383
0.448	0.133	0.129	0.290
>ATTTGCAT	13-ATTTGCAT	8.236954	-63.179296	0	T:235.0(3.59%),B:682.9(1.61%),P:1e-27	Tpos:286.5,Tstd:229.1,Bpos:247.6,Bstd:138.0,StrandBias:-0.2,Multiplicity:1.09
0.700	0.100	0.100	0.100
0.100	0.100	0.100	0.700
0.100	0.100	0.100	0.700
0.100	0.100	0.100	0.700
0.100	0.100	0.700	0.100
0.100	0.700	0.100	0.100
0.700	0.100	0.100	0.100
0.100	0.100	0.100	0.700
>CCTCTAGT	14-CCTCTAGT	5.760924	-62.077033	0	T:426.0(6.50%),B:1571.7(3.71%),P:1e-26	Tpos:295.8,Tstd:272.9,Bpos:237.7,Bstd:140.3,StrandBias:0.2,Multiplicity:1.04
0.001	0.997	0.001	0.001
0.035	0.872	0.092	0.001
0.001	0.141	0.001	0.857
0.001	0.997	0.001	0.001
0.001	0.001	0.001	0.997
0.997	0.001	0.001	0.001
0.001	0.001	0.997	0.001
0.001	0.001	0.001	0.997
>CTTTGTAC	15-CTTTGTAC	6.501558	-60.579823	0	T:634.0(9.67%),B:2642.2(6.23%),P:1e-26	Tpos:269.7,Tstd:216.4,Bpos:237.7,Bstd:143.9,StrandBias:-0.1,Multiplicity:1.04
0.001	0.997	0.001	0.001
0.001	0.001	0.001	0.997
0.001	0.001	0.001	0.997
0.001	0.001	0.001	0.997
0.001	0.001	0.997	0.001
0.069	0.001	0.001	0.929
0.848	0.001	0.001	0.150
0.001	0.997	0.001	0.001
>CACGTGAT	16-CACGTGAT	5.751274	-58.307087	0	T:954.0(14.55%),B:4405.0(10.39%),P:1e-25	Tpos:307.9,Tstd:268.6,Bpos:234.0,Bstd:148.5,StrandBias:0.1,Multiplicity:1.12
0.043	0.852	0.001	0.104
0.938	0.017	0.001	0.044
0.001	0.997	0.001	0.001
0.031	0.030	0.938	0.001
0.001	0.062	0.020	0.917
0.028	0.054	0.898	0.020
0.867	0.001	0.046	0.086
0.001	0.200	0.056	0.743
>GCTGTTTT	17-GCTGTTTT	7.338611	-57.042513	0	T:1230.0(18.76%),B:5985.9(14.11%),P:1e-24	Tpos:307.4,Tstd:250.6,Bpos:236.0,Bstd:146.1,StrandBias:-0.1,Multiplicity:1.15
0.001	0.001	0.997	0.001
0.001	0.805	0.107	0.087
0.001	0.001	0.020	0.978
0.001	0.032	0.925	0.042
0.049	0.112	0.001	0.838
0.001	0.096	0.048	0.855
0.012	0.046	0.034	0.908
0.047	0.001	0.102	0.850
>TACAAAMG	18-TACAAAMG	6.325405	-49.604118	0	T:980.0(14.95%),B:4683.0(11.04%),P:1e-21	Tpos:294.0,Tstd:238.7,Bpos:237.5,Bstd:148.2,StrandBias:0.0,Multiplicity:1.11
0.311	0.095	0.023	0.571
0.666	0.031	0.001	0.302
0.298	0.671	0.001	0.030
0.817	0.071	0.094	0.018
0.634	0.126	0.154	0.086
0.616	0.138	0.245	0.001
0.403	0.457	0.033	0.107
0.001	0.051	0.947	0.001
>NTTASTAA	19-NTTASTAA	6.962948	-48.545877	0	T:862.0(13.15%),B:4035.5(9.52%),P:1e-21	Tpos:284.9,Tstd:229.0,Bpos:231.6,Bstd:140.5,StrandBias:0.0,Multiplicity:1.11
0.315	0.205	0.288	0.193
0.001	0.216	0.001	0.782
0.001	0.001	0.317	0.681
0.960	0.038	0.001	0.001
0.001	0.517	0.481	0.001
0.001	0.001	0.001	0.997
0.680	0.318	0.001	0.001
0.997	0.001	0.001	0.001
>ACTTTCAC	20-ACTTTCAC	8.236954	-43.677333	0	T:162.0(2.47%),B:472.8(1.11%),P:1e-18	Tpos:296.9,Tstd:271.1,Bpos:237.9,Bstd:144.8,StrandBias:-0.1,Multiplicity:1.02
0.700	0.100	0.100	0.100
0.100	0.700	0.100	0.100
0.100	0.100	0.100	0.700
0.100	0.100	0.100	0.700
0.100	0.100	0.100	0.700
0.100	0.700	0.100	0.100
0.700	0.100	0.100	0.100
0.100	0.700	0.100	0.100
>GCACGAAA	21-GCACGAAA	7.285023	-42.645070	0	T:583.0(8.89%),B:2584.8(6.09%),P:1e-18	Tpos:297.2,Tstd:248.6,Bpos:233.6,Bstd:145.1,StrandBias:-0.0,Multiplicity:1.04
0.001	0.224	0.556	0.219
0.001	0.797	0.115	0.087
0.946	0.052	0.001	0.001
0.001	0.924	0.074	0.001
0.001	0.001	0.997	0.001
0.757	0.089	0.153	0.001
0.959	0.001	0.001	0.039
0.997	0.001	0.001	0.001
>TACCGCAG	22-TACCGCAG	6.543233	-42.220290	0	T:1087.0(16.58%),B:5423.3(12.79%),P:1e-18	Tpos:331.1,Tstd:285.7,Bpos:234.4,Bstd:150.7,StrandBias:0.1,Multiplicity:1.18
0.035	0.115	0.024	0.826
0.661	0.119	0.067	0.153
0.001	0.922	0.076	0.001
0.001	0.962	0.001	0.036
0.059	0.001	0.890	0.050
0.001	0.979	0.001	0.019
0.901	0.034	0.039	0.026
0.032	0.001	0.966	0.001
>GTTTACGA	23-GTTTACGA	3.530371	-31.741230	0	T:405.0(6.18%),B:1769.6(4.17%),P:1e-13	Tpos:295.2,Tstd:247.6,Bpos:231.5,Bstd:148.8,StrandBias:0.1,Multiplicity:1.05
0.001	0.386	0.612	0.001
0.001	0.001	0.177	0.821
0.001	0.001	0.001	0.997
0.001	0.001	0.001	0.997
0.997	0.001	0.001	0.001
0.001	0.997	0.001	0.001
0.134	0.001	0.864	0.001
0.997	0.001	0.001	0.001
>ACAGTCAT	24-ACAGTCAT	10.050445	-20.553515	0	T:175.0(2.67%),B:697.5(1.64%),P:1e-8	Tpos:271.8,Tstd:223.5,Bpos:230.3,Bstd:130.2,StrandBias:0.2,Multiplicity:1.10
0.997	0.001	0.001	0.001
0.001	0.997	0.001	0.001
0.637	0.361	0.001	0.001
0.001	0.001	0.997	0.001
0.001	0.001	0.001	0.997
0.001	0.997	0.001	0.001
0.997	0.001	0.001	0.001
0.001	0.001	0.001	0.997
>ATGGTAAC	25-ATGGTAAC	8.639138	-19.319377	0	T:220.0(3.36%),B:943.6(2.23%),P:1e-8	Tpos:310.1,Tstd:277.2,Bpos:233.7,Bstd:140.2,StrandBias:-0.4,Multiplicity:1.13
0.997	0.001	0.001	0.001
0.001	0.161	0.001	0.837
0.155	0.001	0.843	0.001
0.001	0.001	0.874	0.124
0.001	0.001	0.001	0.997
0.997	0.001	0.001	0.001
0.997	0.001	0.001	0.001
0.001	0.997	0.001	0.001
