>VACAGGAAGT	1-VACAGGAAGT	8.284161	-412.435026	0	T:1519.0(23.17%),B:4576.9(10.79%),P:1e-179	Tpos:294.1,Tstd:229.9,Bpos:236.3,Bstd:139.4,StrandBias:0.0,Multiplicity:1.19
0.307	0.200	0.328	0.165
0.622	0.110	0.267	0.001
0.027	0.617	0.311	0.045
0.864	0.134	0.001	0.001
0.001	0.001	0.997	0.001
0.082	0.001	0.916	0.001
0.997	0.001	0.001	0.001
0.811	0.001	0.001	0.187
0.330	0.001	0.668	0.001
0.001	0.302	0.090	0.607
>DMTGASTCAY	2-DMTGASTCAY	8.212799	-264.421147	0	T:753.0(11.49%),B:1925.6(4.54%),P:1e-114	Tpos:274.2,Tstd:226.4,Bpos:229.1,Bstd:138.7,StrandBias:0.0,Multiplicity:1.11
0.318	0.111	0.319	0.251
0.369	0.293	0.180	0.157
0.001	0.033	0.009	0.957
0.022	0.001	0.843	0.134
0.997	0.001	0.001	0.001
0.012	0.433	0.511	0.044
0.085	0.001	0.019	0.895
0.198	0.784	0.001	0.017
0.981	0.001	0.017	0.001
0.133	0.354	0.203	0.311
>CTTTGATGTG	3-CTTTGATGTG	7.869606	-206.668296	0	T:881.0(13.44%),B:2753.5(6.49%),P:1e-89	Tpos:279.8,Tstd:219.6,Bpos:237.7,Bstd:141.7,StrandBias:0.0,Multiplicity:1.12
0.039	0.764	0.105	0.092
0.017	0.120	0.022	0.841
0.001	0.032	0.073	0.894
0.019	0.078	0.001	0.902
0.024	0.143	0.815	0.018
0.922	0.001	0.047	0.030
0.240	0.001	0.023	0.736
0.027	0.266	0.706	0.001
0.079	0.005	0.043	0.873
0.083	0.115	0.566	0.236
>CCACTAGGGG	4-CCACTAGGGG	8.391270	-205.964568	0	T:645.0(9.84%),B:1728.4(4.08%),P:1e-89	Tpos:285.3,Tstd:247.4,Bpos:235.2,Bstd:136.7,StrandBias:-0.1,Multiplicity:1.06
0.117	0.658	0.127	0.098
0.030	0.905	0.058	0.007
0.829	0.054	0.081	0.036
0.014	0.714	0.239	0.033
0.110	0.347	0.017	0.526
0.948	0.001	0.050	0.001
0.001	0.006	0.933	0.060
0.310	0.001	0.572	0.117
0.001	0.036	0.571	0.392
0.095	0.006	0.898	0.001
>CTTTCGCTTT	5-CTTTCGCTTT	6.383000	-122.830157	0	T:729.0(11.12%),B:2574.5(6.07%),P:1e-53	Tpos:318.7,Tstd:249.9,Bpos:237.2,Bstd:145.7,StrandBias:-0.2,Multiplicity:1.11
0.117	0.522	0.200	0.161
0.110	0.144	0.078	0.668
0.072	0.066	0.101	0.761
0.165	0.186	0.050	0.599
0.106	0.599	0.139	0.156
0.199	0.165	0.478	0.158
0.119	0.525	0.157	0.199
0.144	0.111	0.151	0.594
0.121	0.135	0.111	0.633
0.131	0.180	0.103	0.586
>AAACCGCAAC	6-AAACCGCAAC	6.356993	-114.701324	0	T:1344.0(20.50%),B:5841.9(13.77%),P:1e-49	Tpos:311.0,Tstd:282.9,Bpos:236.2,Bstd:146.5,StrandBias:0.0,Multiplicity:1.20
0.722	0.091	0.091	0.096
0.740	0.096	0.082	0.082
0.760	0.083	0.085	0.072
0.117	0.705	0.098	0.080
0.123	0.655	0.103	0.119
0.151	0.082	0.699	0.068
0.149	0.664	0.096	0.091
0.708	0.127	0.077	0.088
0.692	0.094	0.124	0.090
0.142	0.659	0.117	0.082
>RATGGAAACN	7-RATGGAAACN	5.898611	-113.477420	0	T:999.0(15.24%),B:4010.9(9.46%),P:1e-49	Tpos:294.5,Tstd:230.6,Bpos:236.4,Bstd:140.2,StrandBias:0.0,Multiplicity:1.09
0.377	0.203	0.268	0.152
0.614	0.123	0.158	0.105
0.234	0.227	0.150	0.389
0.106	0.120	0.489	0.285
0.125	0.135	0.629	0.111
0.668	0.120	0.059	0.153
0.747	0.098	0.105	0.050
0.691	0.109	0.169	0.031
0.208	0.512	0.123	0.157
0.262	0.228	0.182	0.328
>CGTTTGATCT	8-CGTTTGATCT	7.347514	-102.875437	0	T:637.0(9.72%),B:2277.9(5.37%),P:1e-44	Tpos:282.7,Tstd:236.0,Bpos:238.9,Bstd:142.1,StrandBias:0.1,Multiplicity:1.06
0.007	0.852	0.026	0.115
0.033	0.140	0.680	0.147
0.116	0.061	0.060	0.763
0.046	0.051	0.062	0.841
0.053	0.026	0.025	0.896
0.085	0.093	0.748	0.074
0.821	0.055	0.037	0.087
0.084	0.044	0.019	0.853
0.091	0.767	0.071	0.071
0.083	0.063	0.068	0.786
>WAACCACMGM	9-WAACCACMGM	7.149883	-101.529904	0	T:440.0(6.71%),B:1367.8(3.23%),P:1e-44	Tpos:276.0,Tstd:220.4,Bpos:232.4,Bstd:142.7,StrandBias:0.0,Multiplicity:1.06
0.329	0.223	0.013	0.435
0.691	0.021	0.028	0.260
0.884	0.016	0.068	0.032
0.053	0.694	0.222	0.031
0.240	0.659	0.041	0.060
0.550	0.182	0.032	0.236
0.254	0.675	0.028	0.043
0.403	0.443	0.046	0.108
0.191	0.035	0.473	0.301
0.426	0.300	0.051	0.222
>GGGRVTTTCC	10-GGGRVTTTCC	9.925221	-84.514973	0	T:185.0(2.82%),B:398.7(0.94%),P:1e-36	Tpos:309.5,Tstd:247.6,Bpos:245.6,Bstd:134.6,StrandBias:0.3,Multiplicity:1.05
0.001	0.065	0.933	0.001
0.001	0.001	0.997	0.001
0.001	0.001	0.997	0.001
0.545	0.001	0.453	0.001
0.395	0.310	0.251	0.044
0.171	0.001	0.001	0.827
0.022	0.069	0.001	0.908
0.001	0.174	0.001	0.824
0.001	0.997	0.001	0.001
0.001	0.955	0.001	0.043
>AAAACAACGC	11-AAAACAACGC	6.528614	-80.747387	0	T:2005.0(30.59%),B:10113.2(23.85%),P:1e-35	Tpos:309.2,Tstd:267.6,Bpos:237.5,Bstd:150.8,StrandBias:-0.2,Multiplicity:1.27
0.738	0.105	0.156	0.001
0.626	0.001	0.254	0.119
0.903	0.074	0.001	0.022
0.622	0.001	0.175	0.202
0.291	0.704	0.004	0.001
0.719	0.195	0.001	0.085
0.499	0.219	0.204	0.079
0.334	0.664	0.001	0.001
0.201	0.158	0.596	0.045
0.017	0.803	0.012	0.168
>TATGCAAATC	12-TATGCAAATC	9.549420	-80.109611	0	T:154.0(2.35%),B:303.6(0.72%),P:1e-34	Tpos:298.8,Tstd:208.2,Bpos:244.0,Bstd:138.6,StrandBias:0.3,Multiplicity:1.06
0.008	0.045	0.015	0.932
0.982	0.001	0.001	0.016
0.012	0.021	0.001	0.966
0.001	0.011	0.987	0.001
0.001	0.997	0.001	0.001
0.937	0.001	0.021	0.041
0.989	0.001	0.004	0.006
0.997	0.001	0.001	0.001
0.069	0.045	0.021	0.865
0.258	0.440	0.140	0.163
>CGCTTTAAAG	13-CGCTTTAAAG	5.184429	-74.086511	0	T:1802.0(27.49%),B:9025.8(21.28%),P:1e-32	Tpos:301.3,Tstd:265.6,Bpos:237.8,Bstd:144.7,StrandBias:0.1,Multiplicity:1.23
0.094	0.678	0.132	0.096
0.049	0.072	0.781	0.098
0.064	0.827	0.047	0.062
0.060	0.061	0.043	0.836
0.047	0.057	0.069	0.827
0.108	0.084	0.050	0.758
0.794	0.050	0.071	0.085
0.850	0.040	0.068	0.042
0.853	0.049	0.050	0.048
0.074	0.069	0.800	0.057
>CACGTGATTH	14-CACGTGATTH	6.701950	-68.467241	0	T:743.0(11.33%),B:3129.7(7.38%),P:1e-29	Tpos:300.6,Tstd:264.9,Bpos:232.6,Bstd:146.7,StrandBias:0.0,Multiplicity:1.21
0.167	0.627	0.007	0.199
0.900	0.084	0.009	0.007
0.030	0.965	0.002	0.003
0.001	0.111	0.885	0.003
0.001	0.007	0.017	0.975
0.107	0.099	0.783	0.011
0.503	0.023	0.218	0.256
0.040	0.357	0.043	0.560
0.233	0.174	0.073	0.520
0.405	0.293	0.037	0.265
>ACATCCTGCG	15-ACATCCTGCG	7.314026	-65.548810	0	T:1090.0(16.63%),B:5060.0(11.93%),P:1e-28	Tpos:303.9,Tstd:258.1,Bpos:235.9,Bstd:138.0,StrandBias:0.1,Multiplicity:1.10
0.643	0.061	0.222	0.074
0.019	0.979	0.001	0.001
0.921	0.051	0.027	0.001
0.001	0.184	0.001	0.814
0.077	0.831	0.091	0.001
0.023	0.974	0.002	0.001
0.001	0.001	0.082	0.916
0.017	0.264	0.718	0.001
0.112	0.576	0.050	0.262
0.069	0.224	0.644	0.063
>CTTTGTTCCG	16-CTTTGTTCCG	7.158217	-59.342626	0	T:439.0(6.70%),B:1658.5(3.91%),P:1e-25	Tpos:278.8,Tstd:229.0,Bpos:231.1,Bstd:148.7,StrandBias:0.0,Multiplicity:1.03
0.087	0.711	0.093	0.109
0.113	0.082	0.045	0.760
0.092	0.067	0.052	0.789
0.073	0.077	0.039	0.811
0.058	0.091	0.742	0.109
0.010	0.072	0.048	0.870
0.154	0.011	0.058	0.777
0.113	0.762	0.046	0.079
0.077	0.872	0.026	0.025
0.014	0.023	0.913	0.050
>CCCCCCCCCC	17-CCCCCCCCCC	6.404373	-53.269434	0	T:2912.0(44.42%),B:16267.4(38.36%),P:1e-23	Tpos:345.6,Tstd:302.8,Bpos:235.4,Bstd:142.7,StrandBias:-0.1,Multiplicity:2.10
0.100	0.700	0.100	0.100
0.100	0.700	0.100	0.100
0.100	0.700	0.100	0.100
0.100	0.700	0.100	0.100
0.100	0.700	0.100	0.100
0.100	0.700	0.100	0.100
0.100	0.700	0.100	0.100
0.100	0.700	0.100	0.100
0.100	0.700	0.100	0.100
0.100	0.700	0.100	0.100
>AATTTCCGGT	18-AATTTCCGGT	8.510005	-49.704726	0	T:140.0(2.14%),B:354.2(0.84%),P:1e-21	Tpos:316.9,Tstd:259.9,Bpos:235.3,Bstd:144.6,StrandBias:0.2,Multiplicity:1.01
0.722	0.052	0.148	0.078
0.640	0.001	0.258	0.101
0.060	0.041	0.001	0.898
0.001	0.001	0.001	0.997
0.145	0.001	0.001	0.853
0.001	0.858	0.060	0.081
0.001	0.997	0.001	0.001
0.045	0.234	0.720	0.001
0.128	0.090	0.781	0.001
0.001	0.001	0.089	0.909
>TGACGTCATC	19-TGACGTCATC	7.374015	-38.930002	0	T:316.0(4.82%),B:1229.7(2.90%),P:1e-16	Tpos:285.1,Tstd:241.1,Bpos:237.3,Bstd:141.8,StrandBias:0.1,Multiplicity:1.03
0.100	0.023	0.033	0.844
0.098	0.049	0.782	0.071
0.792	0.099	0.079	0.030
0.064	0.811	0.044	0.081
0.090	0.031	0.852	0.027
0.063	0.026	0.077	0.834
0.153	0.730	0.038	0.079
0.855	0.055	0.026	0.064
0.044	0.110	0.071	0.775
0.113	0.729	0.138	0.020
>CCAATCAGCG	20-CCAATCAGCG	8.288691	-32.453265	0	T:164.0(2.50%),B:547.5(1.29%),P:1e-14	Tpos:330.6,Tstd:264.2,Bpos:245.4,Bstd:148.4,StrandBias:-0.2,Multiplicity:1.05
0.001	0.886	0.081	0.032
0.001	0.957	0.025	0.017
0.900	0.006	0.032	0.062
0.983	0.001	0.015	0.001
0.016	0.001	0.001	0.982
0.001	0.971	0.027	0.001
0.852	0.146	0.001	0.001
0.017	0.001	0.968	0.014
0.083	0.752	0.069	0.096
0.067	0.058	0.808	0.067
>TCGCGCTGGG	21-TCGCGCTGGG	11.336528	-31.816381	0	T:27.0(0.41%),B:25.6(0.06%),P:1e-13	Tpos:453.6,Tstd:355.4,Bpos:243.7,Bstd:133.8,StrandBias:-0.6,Multiplicity:1.00
0.001	0.001	0.001	0.997
0.001	0.997	0.001	0.001
0.001	0.001	0.997	0.001
0.001	0.997	0.001	0.001
0.001	0.001	0.997	0.001
0.001	0.903	0.001	0.095
0.001	0.001	0.001	0.997
0.001	0.136	0.862	0.001
0.001	0.001	0.997	0.001
0.001	0.001	0.997	0.001
>TGCGCATGCG	22-TGCGCATGCG	7.365444	-24.038420	0	T:362.0(5.52%),B:1641.1(3.87%),P:1e-10	Tpos:332.1,Tstd:257.6,Bpos:235.8,Bstd:161.6,StrandBias:-0.1,Multiplicity:1.26
0.070	0.123	0.088	0.719
0.026	0.065	0.864	0.045
0.101	0.820	0.041	0.038
0.037	0.025	0.861	0.077
0.029	0.839	0.081	0.051
0.734	0.079	0.093	0.094
0.082	0.041	0.078	0.799
0.067	0.084	0.825	0.024
0.066	0.790	0.064	0.080
0.048	0.087	0.751	0.114
>TCCACCCACT	23-TCCACCCACT	10.479594	-19.686290	0	T:64.0(0.98%),B:180.5(0.43%),P:1e-8	Tpos:274.5,Tstd:222.0,Bpos:217.3,Bstd:130.6,StrandBias:0.4,Multiplicity:1.10
0.001	0.001	0.001	0.997
0.157	0.841	0.001	0.001
0.049	0.949	0.001	0.001
0.997	0.001	0.001	0.001
0.001	0.997	0.001	0.001
0.001	0.941	0.057	0.001
0.001	0.997	0.001	0.001
0.891	0.001	0.107	0.001
0.001	0.997	0.001	0.001
0.001	0.001	0.001	0.997
>ATAGGAGCGG	24-ATAGGAGCGG	10.296193	-12.432268	0	T:7.0(0.11%),B:4.1(0.01%),P:1e-5	Tpos:259.0,Tstd:228.6,Bpos:239.2,Bstd:81.6,StrandBias:0.4,Multiplicity:1.00
0.700	0.100	0.100	0.100
0.100	0.100	0.100	0.700
0.700	0.100	0.100	0.100
0.100	0.100	0.700	0.100
0.100	0.100	0.700	0.100
0.700	0.100	0.100	0.100
0.100	0.100	0.700	0.100
0.100	0.700	0.100	0.100
0.100	0.100	0.700	0.100
0.100	0.100	0.700	0.100
>GCACGCACGG	25-GCACGCACGG	10.296193	-8.784807	0	T:6.0(0.09%),B:5.5(0.01%),P:1e-3	Tpos:304.0,Tstd:223.2,Bpos:344.7,Bstd:97.0,StrandBias:0.4,Multiplicity:1.17
0.100	0.100	0.700	0.100
0.100	0.700	0.100	0.100
0.700	0.100	0.100	0.100
0.100	0.700	0.100	0.100
0.100	0.100	0.700	0.100
0.100	0.700	0.100	0.100
0.700	0.100	0.100	0.100
0.100	0.700	0.100	0.100
0.100	0.100	0.700	0.100
0.100	0.100	0.700	0.100
