>CAGGAAGT	1-CAGGAAGT	6.500738	-64.253260	0	T:396.0(23.13%),B:6235.1(13.27%),P:1e-27	Tpos:297.2,Tstd:255.9,Bpos:222.9,Bstd:133.9,StrandBias:0.1,Multiplicity:1.19
0.113	0.718	0.168	0.001
0.931	0.067	0.001	0.001
0.001	0.001	0.997	0.001
0.001	0.001	0.997	0.001
0.997	0.001	0.001	0.001
0.997	0.001	0.001	0.001
0.082	0.001	0.916	0.001
0.001	0.001	0.001	0.997
>ATGACTCA	2-ATGACTCA	6.630854	-62.910425	0	T:256.0(14.95%),B:3387.7(7.21%),P:1e-27	Tpos:264.4,Tstd:221.7,Bpos:225.0,Bstd:131.2,StrandBias:-0.1,Multiplicity:1.15
0.706	0.066	0.211	0.017
0.024	0.001	0.001	0.974
0.001	0.001	0.997	0.001
0.983	0.001	0.001	0.015
0.001	0.682	0.271	0.046
0.001	0.001	0.027	0.971
0.025	0.964	0.001	0.010
0.967	0.001	0.031	0.001
>GCGGTTTC	3-GCGGTTTC	6.306791	-57.031011	0	T:470.0(27.45%),B:8141.5(17.33%),P:1e-24	Tpos:294.8,Tstd:259.3,Bpos:223.2,Bstd:140.0,StrandBias:-0.1,Multiplicity:1.20
0.039	0.024	0.919	0.018
0.034	0.586	0.116	0.264
0.066	0.001	0.882	0.051
0.001	0.033	0.924	0.042
0.001	0.071	0.001	0.927
0.005	0.020	0.001	0.974
0.007	0.018	0.001	0.974
0.001	0.830	0.061	0.108
>AACGGAAA	4-AACGGAAA	5.669340	-56.022919	0	T:597.0(34.87%),B:11181.5(23.80%),P:1e-24	Tpos:280.3,Tstd:227.4,Bpos:224.1,Bstd:138.9,StrandBias:0.1,Multiplicity:1.31
0.820	0.052	0.091	0.037
0.674	0.164	0.107	0.055
0.175	0.706	0.067	0.052
0.088	0.102	0.690	0.120
0.122	0.052	0.734	0.092
0.733	0.089	0.133	0.045
0.888	0.021	0.049	0.042
0.762	0.068	0.116	0.054
>AGGGGGCG	5-AGGGGGCG	6.958418	-47.992614	0	T:393.0(22.96%),B:6739.3(14.35%),P:1e-20	Tpos:323.7,Tstd:266.1,Bpos:222.1,Bstd:142.9,StrandBias:-0.1,Multiplicity:1.37
0.891	0.001	0.001	0.107
0.001	0.025	0.922	0.052
0.135	0.035	0.829	0.001
0.019	0.001	0.750	0.230
0.035	0.049	0.915	0.001
0.040	0.001	0.958	0.001
0.001	0.953	0.001	0.045
0.055	0.043	0.901	0.001
>TGCGGTTA	6-TGCGGTTA	5.440393	-44.161446	0	T:376.0(21.96%),B:6506.5(13.85%),P:1e-19	Tpos:291.0,Tstd:229.7,Bpos:220.8,Bstd:137.9,StrandBias:-0.2,Multiplicity:1.14
0.171	0.067	0.083	0.679
0.082	0.046	0.773	0.099
0.059	0.683	0.122	0.136
0.046	0.042	0.786	0.126
0.113	0.070	0.779	0.038
0.104	0.041	0.067	0.788
0.136	0.058	0.035	0.771
0.751	0.046	0.086	0.117
>CTTCAAAG	7-CTTCAAAG	6.513876	-44.121428	0	T:375.0(21.90%),B:6485.6(13.81%),P:1e-19	Tpos:290.8,Tstd:228.8,Bpos:225.2,Bstd:136.8,StrandBias:0.0,Multiplicity:1.21
0.001	0.851	0.001	0.147
0.159	0.001	0.001	0.839
0.096	0.001	0.001	0.902
0.069	0.855	0.075	0.001
0.935	0.001	0.063	0.001
0.997	0.001	0.001	0.001
0.997	0.001	0.001	0.001
0.001	0.001	0.997	0.001
>TTTGATCT	8-TTTGATCT	7.477027	-41.182841	0	T:227.0(13.26%),B:3383.7(7.20%),P:1e-17	Tpos:267.6,Tstd:243.9,Bpos:221.6,Bstd:133.9,StrandBias:0.1,Multiplicity:1.08
0.081	0.001	0.001	0.917
0.001	0.001	0.001	0.997
0.001	0.001	0.001	0.997
0.001	0.171	0.827	0.001
0.875	0.001	0.123	0.001
0.001	0.001	0.001	0.997
0.001	0.820	0.178	0.001
0.001	0.001	0.050	0.948
>TCTAGTGG	9-TCTAGTGG	8.186972	-31.323425	0	T:109.0(6.37%),B:1336.7(2.85%),P:1e-13	Tpos:261.2,Tstd:219.4,Bpos:226.3,Bstd:136.9,StrandBias:-0.4,Multiplicity:1.01
0.001	0.210	0.001	0.788
0.001	0.997	0.001	0.001
0.001	0.001	0.084	0.914
0.997	0.001	0.001	0.001
0.001	0.001	0.997	0.001
0.001	0.001	0.001	0.997
0.001	0.001	0.841	0.157
0.001	0.001	0.997	0.001
>CGCMTAGC	10-CGCMTAGC	7.190598	-26.714659	0	T:118.0(6.89%),B:1613.1(3.43%),P:1e-11	Tpos:314.4,Tstd:275.2,Bpos:221.4,Bstd:148.1,StrandBias:0.0,Multiplicity:1.10
0.001	0.997	0.001	0.001
0.001	0.001	0.847	0.151
0.013	0.544	0.226	0.217
0.486	0.504	0.001	0.009
0.001	0.001	0.001	0.997
0.997	0.001	0.001	0.001
0.001	0.345	0.653	0.001
0.261	0.482	0.001	0.255
>ACGCAAAT	11-ACGCAAAT	7.872329	-21.178362	0	T:86.0(5.02%),B:1141.1(2.43%),P:1e-9	Tpos:254.4,Tstd:235.1,Bpos:227.5,Bstd:134.4,StrandBias:-0.1,Multiplicity:1.08
0.769	0.001	0.001	0.229
0.001	0.839	0.001	0.159
0.001	0.001	0.997	0.001
0.405	0.570	0.001	0.024
0.667	0.001	0.177	0.155
0.869	0.001	0.001	0.129
0.997	0.001	0.001	0.001
0.001	0.001	0.001	0.997
>GTCATACC	12-GTCATACC	8.715444	-5.378889	0	T:18.0(1.05%),B:244.8(0.52%),P:1e-2	Tpos:172.3,Tstd:164.9,Bpos:218.6,Bstd:130.7,StrandBias:-2.9,Multiplicity:2.78
0.001	0.001	0.997	0.001
0.001	0.001	0.001	0.997
0.001	0.997	0.001	0.001
0.997	0.001	0.001	0.001
0.001	0.001	0.001	0.997
0.997	0.001	0.001	0.001
0.001	0.997	0.001	0.001
0.001	0.903	0.095	0.001
>CAGCACAT	13-CAGCACAT	8.236954	-1.045896	0	T:36.0(2.10%),B:918.2(1.95%),P:1e0	Tpos:193.5,Tstd:145.2,Bpos:225.7,Bstd:130.7,StrandBias:-1.9,Multiplicity:1.94
0.100	0.700	0.100	0.100
0.700	0.100	0.100	0.100
0.100	0.100	0.700	0.100
0.100	0.700	0.100	0.100
0.700	0.100	0.100	0.100
0.100	0.700	0.100	0.100
0.700	0.100	0.100	0.100
0.100	0.100	0.100	0.700
