>CCCCTAGTGG	1-CCCCTAGTGG	9.373607	-84.829604	0	T:107.0(6.25%),B:637.9(1.36%),P:1e-36	Tpos:265.9,Tstd:226.6,Bpos:223.4,Bstd:129.4,StrandBias:-0.0,Multiplicity:1.03
0.001	0.997	0.001	0.001
0.267	0.724	0.001	0.008
0.001	0.677	0.065	0.257
0.001	0.997	0.001	0.001
0.001	0.001	0.008	0.990
0.855	0.001	0.071	0.073
0.001	0.001	0.997	0.001
0.001	0.001	0.013	0.985
0.001	0.029	0.969	0.001
0.001	0.001	0.956	0.042
>WATGAGTCAB	2-WATGAGTCAB	5.792414	-74.359584	0	T:244.0(14.25%),B:2914.2(6.20%),P:1e-32	Tpos:257.4,Tstd:198.9,Bpos:225.7,Bstd:129.7,StrandBias:0.0,Multiplicity:1.12
0.231	0.187	0.215	0.367
0.417	0.145	0.260	0.179
0.141	0.143	0.121	0.595
0.144	0.124	0.589	0.143
0.632	0.147	0.078	0.143
0.097	0.295	0.484	0.125
0.042	0.110	0.079	0.769
0.103	0.659	0.093	0.145
0.681	0.126	0.045	0.148
0.153	0.321	0.233	0.293
>ACTTCCTGCY	3-ACTTCCTGCY	8.053370	-74.172350	0	T:299.0(17.46%),B:3959.2(8.43%),P:1e-32	Tpos:286.2,Tstd:220.9,Bpos:226.0,Bstd:129.4,StrandBias:-0.2,Multiplicity:1.11
0.583	0.116	0.300	0.001
0.001	0.814	0.001	0.184
0.054	0.001	0.001	0.944
0.001	0.001	0.003	0.995
0.001	0.997	0.001	0.001
0.001	0.968	0.001	0.030
0.001	0.001	0.020	0.978
0.044	0.001	0.926	0.029
0.027	0.590	0.001	0.382
0.001	0.417	0.028	0.554
>GTTTCCGTTT	4-GTTTCCGTTT	7.169748	-63.994174	0	T:447.0(26.11%),B:7366.7(15.68%),P:1e-27	Tpos:299.4,Tstd:262.5,Bpos:223.7,Bstd:136.7,StrandBias:-0.0,Multiplicity:1.30
0.260	0.165	0.435	0.140
0.001	0.036	0.001	0.962
0.024	0.047	0.010	0.919
0.037	0.133	0.119	0.711
0.001	0.936	0.062	0.001
0.293	0.496	0.150	0.061
0.071	0.205	0.577	0.147
0.011	0.001	0.012	0.976
0.044	0.097	0.012	0.847
0.136	0.185	0.113	0.566
>GCGCCCTCTA	5-GCGCCCTCTA	6.873660	-58.346410	0	T:276.0(16.12%),B:3896.5(8.29%),P:1e-25	Tpos:344.9,Tstd:307.0,Bpos:218.5,Bstd:142.0,StrandBias:-0.2,Multiplicity:1.16
0.082	0.083	0.767	0.068
0.069	0.831	0.039	0.061
0.066	0.070	0.811	0.053
0.123	0.759	0.044	0.074
0.003	0.857	0.035	0.105
0.083	0.855	0.014	0.048
0.050	0.115	0.059	0.776
0.047	0.836	0.034	0.083
0.066	0.060	0.098	0.776
0.740	0.113	0.078	0.069
>CCACATCAAA	6-CCACATCAAA	8.341233	-56.209052	0	T:130.0(7.59%),B:1261.7(2.69%),P:1e-24	Tpos:268.3,Tstd:180.7,Bpos:222.4,Bstd:130.2,StrandBias:0.5,Multiplicity:1.10
0.014	0.908	0.007	0.071
0.005	0.985	0.001	0.009
0.881	0.040	0.024	0.055
0.001	0.981	0.001	0.017
0.890	0.001	0.001	0.108
0.096	0.005	0.047	0.852
0.036	0.759	0.127	0.078
0.974	0.001	0.024	0.001
0.839	0.027	0.119	0.015
0.987	0.001	0.001	0.011
>TCTTTGAAGT	7-TCTTTGAAGT	7.319378	-53.583519	0	T:308.0(17.99%),B:4690.7(9.98%),P:1e-23	Tpos:260.5,Tstd:192.4,Bpos:223.1,Bstd:134.5,StrandBias:-0.3,Multiplicity:1.12
0.076	0.149	0.117	0.658
0.031	0.879	0.041	0.049
0.035	0.088	0.026	0.851
0.040	0.081	0.109	0.770
0.027	0.074	0.050	0.849
0.053	0.066	0.842	0.039
0.814	0.072	0.041	0.073
0.769	0.030	0.063	0.138
0.104	0.070	0.809	0.017
0.078	0.098	0.059	0.765
>GGGGATTTCC	8-GGGGATTTCC	7.187393	-46.345116	0	T:206.0(12.03%),B:2819.9(6.00%),P:1e-20	Tpos:321.0,Tstd:257.0,Bpos:223.8,Bstd:129.3,StrandBias:0.1,Multiplicity:1.08
0.001	0.109	0.798	0.092
0.001	0.122	0.876	0.001
0.001	0.001	0.933	0.065
0.235	0.128	0.429	0.208
0.720	0.072	0.049	0.159
0.140	0.015	0.001	0.844
0.092	0.043	0.084	0.781
0.001	0.080	0.001	0.918
0.019	0.918	0.035	0.028
0.102	0.791	0.097	0.010
>GAGCGGAAAT	9-GAGCGGAAAT	5.761532	-45.594576	0	T:400.0(23.36%),B:6993.9(14.89%),P:1e-19	Tpos:291.4,Tstd:257.9,Bpos:223.8,Bstd:132.2,StrandBias:0.0,Multiplicity:1.13
0.134	0.068	0.656	0.142
0.626	0.158	0.069	0.147
0.147	0.145	0.596	0.112
0.178	0.507	0.152	0.163
0.139	0.112	0.586	0.163
0.153	0.150	0.601	0.096
0.690	0.066	0.097	0.147
0.585	0.128	0.136	0.151
0.575	0.120	0.154	0.151
0.143	0.131	0.144	0.582
>CTTTCATCTC	10-CTTTCATCTC	10.459001	-34.700186	0	T:60.0(3.50%),B:479.3(1.02%),P:1e-15	Tpos:276.2,Tstd:212.6,Bpos:218.1,Bstd:128.8,StrandBias:0.1,Multiplicity:1.00
0.001	0.969	0.029	0.001
0.001	0.001	0.026	0.972
0.001	0.001	0.024	0.974
0.001	0.001	0.001	0.997
0.001	0.915	0.001	0.083
0.997	0.001	0.001	0.001
0.001	0.096	0.001	0.902
0.076	0.760	0.001	0.163
0.001	0.036	0.001	0.962
0.129	0.666	0.001	0.204
>AAMCCACAAR	11-AAMCCACAAR	7.413784	-34.194935	0	T:110.0(6.43%),B:1295.7(2.76%),P:1e-14	Tpos:279.0,Tstd:220.9,Bpos:223.3,Bstd:135.3,StrandBias:-0.1,Multiplicity:1.09
0.548	0.089	0.005	0.358
0.672	0.297	0.007	0.024
0.339	0.448	0.212	0.001
0.010	0.569	0.410	0.011
0.295	0.661	0.041	0.003
0.910	0.032	0.041	0.017
0.123	0.601	0.228	0.048
0.610	0.028	0.029	0.333
0.493	0.331	0.032	0.143
0.383	0.155	0.254	0.209
>TGTTTKGGYG	12-TGTTTKGGYG	6.864411	-33.921432	0	T:283.0(16.53%),B:4834.5(10.29%),P:1e-14	Tpos:312.2,Tstd:282.6,Bpos:220.3,Bstd:134.4,StrandBias:-0.1,Multiplicity:1.13
0.001	0.061	0.076	0.862
0.154	0.092	0.733	0.021
0.066	0.110	0.111	0.713
0.068	0.001	0.309	0.622
0.001	0.089	0.001	0.909
0.075	0.174	0.407	0.344
0.001	0.108	0.890	0.001
0.060	0.001	0.913	0.026
0.001	0.466	0.050	0.483
0.012	0.145	0.842	0.001
>CTGATTGGCT	13-CTGATTGGCT	9.273035	-32.677601	0	T:76.0(4.44%),B:746.2(1.59%),P:1e-14	Tpos:289.9,Tstd:212.9,Bpos:229.6,Bstd:135.7,StrandBias:0.1,Multiplicity:1.05
0.025	0.860	0.114	0.001
0.001	0.001	0.063	0.935
0.001	0.095	0.903	0.001
0.876	0.057	0.005	0.062
0.114	0.060	0.001	0.825
0.001	0.001	0.015	0.983
0.024	0.070	0.905	0.001
0.001	0.001	0.997	0.001
0.001	0.909	0.001	0.089
0.024	0.114	0.001	0.861
>GGTTAAAAGC	14-GGTTAAAAGC	6.743786	-32.405278	0	T:271.0(15.83%),B:4629.3(9.85%),P:1e-14	Tpos:271.3,Tstd:235.8,Bpos:225.0,Bstd:137.8,StrandBias:0.1,Multiplicity:1.09
0.043	0.096	0.776	0.085
0.080	0.056	0.745	0.119
0.052	0.064	0.051	0.833
0.076	0.064	0.059	0.801
0.738	0.054	0.086	0.122
0.790	0.094	0.054	0.062
0.825	0.078	0.060	0.037
0.808	0.054	0.090	0.048
0.057	0.064	0.815	0.064
0.041	0.877	0.043	0.039
>GGCTCCRCCC	15-GGCTCCRCCC	8.175405	-28.396909	0	T:251.0(14.66%),B:4350.5(9.26%),P:1e-12	Tpos:345.9,Tstd:293.1,Bpos:224.3,Bstd:143.5,StrandBias:0.2,Multiplicity:1.44
0.107	0.282	0.610	0.001
0.001	0.107	0.587	0.305
0.300	0.698	0.001	0.001
0.001	0.280	0.001	0.718
0.096	0.902	0.001	0.001
0.001	0.769	0.001	0.229
0.361	0.001	0.483	0.154
0.308	0.690	0.001	0.001
0.001	0.635	0.363	0.001
0.001	0.981	0.017	0.001
>ARTAYGYAAA	16-ARTAYGYAAA	7.614157	-25.888449	0	T:68.0(3.97%),B:723.5(1.54%),P:1e-11	Tpos:287.5,Tstd:227.9,Bpos:242.5,Bstd:136.5,StrandBias:-0.1,Multiplicity:1.03
0.500	0.011	0.264	0.225
0.450	0.049	0.490	0.011
0.370	0.026	0.048	0.556
0.565	0.349	0.044	0.042
0.011	0.476	0.027	0.485
0.016	0.029	0.922	0.033
0.016	0.437	0.180	0.367
0.659	0.130	0.030	0.181
0.663	0.104	0.024	0.209
0.567	0.299	0.086	0.048
>TCAGATGTCT	17-TCAGATGTCT	10.735231	-23.650570	0	T:45.0(2.63%),B:392.0(0.83%),P:1e-10	Tpos:213.5,Tstd:224.5,Bpos:213.7,Bstd:130.4,StrandBias:0.1,Multiplicity:1.00
0.001	0.001	0.001	0.997
0.001	0.997	0.001	0.001
0.997	0.001	0.001	0.001
0.116	0.001	0.882	0.001
0.909	0.089	0.001	0.001
0.001	0.001	0.001	0.997
0.001	0.079	0.919	0.001
0.001	0.001	0.001	0.997
0.001	0.925	0.001	0.073
0.171	0.001	0.001	0.827
>TTGTGCACGG	18-TTGTGCACGG	9.347860	-20.073572	0	T:34.0(1.99%),B:275.1(0.59%),P:1e-8	Tpos:181.0,Tstd:144.6,Bpos:220.0,Bstd:140.8,StrandBias:0.5,Multiplicity:1.00
0.074	0.015	0.011	0.900
0.097	0.001	0.001	0.901
0.098	0.037	0.864	0.001
0.001	0.001	0.031	0.967
0.045	0.001	0.912	0.042
0.084	0.817	0.001	0.098
0.966	0.032	0.001	0.001
0.045	0.942	0.012	0.001
0.036	0.084	0.813	0.067
0.048	0.037	0.914	0.001
>CTGGGTATGA	19-CTGGGTATGA	10.296193	-6.977482	0	T:6.0(0.35%),B:30.3(0.06%),P:1e-3	Tpos:162.9,Tstd:107.6,Bpos:220.9,Bstd:130.5,StrandBias:10.0,Multiplicity:6.67
0.100	0.700	0.100	0.100
0.100	0.100	0.100	0.700
0.100	0.100	0.700	0.100
0.100	0.100	0.700	0.100
0.100	0.100	0.700	0.100
0.100	0.100	0.100	0.700
0.700	0.100	0.100	0.100
0.100	0.100	0.100	0.700
0.100	0.100	0.700	0.100
0.700	0.100	0.100	0.100
>CACATGTACA	20-CACATGTACA	13.063203	-4.458667	0	T:8.0(0.47%),B:82.5(0.18%),P:1e-1	Tpos:251.1,Tstd:198.6,Bpos:242.0,Bstd:136.2,StrandBias:-2.8,Multiplicity:1.88
0.001	0.997	0.001	0.001
0.943	0.001	0.055	0.001
0.001	0.997	0.001	0.001
0.964	0.001	0.015	0.020
0.001	0.012	0.001	0.986
0.001	0.001	0.997	0.001
0.001	0.116	0.300	0.583
0.997	0.001	0.001	0.001
0.066	0.932	0.001	0.001
0.934	0.001	0.001	0.064
>TTGTACAGAT	21-TTGTACAGAT	10.296193	-4.141139	0	T:4.0(0.23%),B:26.7(0.06%),P:1e-1	Tpos:86.6,Tstd:71.5,Bpos:255.9,Bstd:126.5,StrandBias:-3.5,Multiplicity:3.00
0.100	0.100	0.100	0.700
0.100	0.100	0.100	0.700
0.100	0.100	0.700	0.100
0.100	0.100	0.100	0.700
0.700	0.100	0.100	0.100
0.100	0.700	0.100	0.100
0.700	0.100	0.100	0.100
0.100	0.100	0.700	0.100
0.700	0.100	0.100	0.100
0.100	0.100	0.100	0.700
>CCACTAGGKGGC	1-CCACTAGGKGGC	9.495388	-155.301792	0	T:182.0(10.63%),B:1011.5(2.15%),P:1e-67	Tpos:262.1,Tstd:200.5,Bpos:222.0,Bstd:129.3,StrandBias:0.1,Multiplicity:1.07
0.079	0.919	0.001	0.001
0.001	0.997	0.001	0.001
0.714	0.015	0.025	0.246
0.061	0.686	0.228	0.025
0.144	0.296	0.010	0.550
0.818	0.001	0.095	0.086
0.001	0.001	0.997	0.001
0.387	0.031	0.569	0.013
0.097	0.042	0.429	0.432
0.001	0.001	0.997	0.001
0.001	0.001	0.876	0.122
0.103	0.727	0.048	0.122
>TATGAGTCACAC	2-TATGAGTCACAC	8.320655	-77.026425	0	T:165.0(9.64%),B:1523.6(3.24%),P:1e-33	Tpos:267.2,Tstd:221.3,Bpos:224.8,Bstd:129.9,StrandBias:0.2,Multiplicity:1.10
0.133	0.073	0.224	0.570
0.516	0.266	0.178	0.040
0.029	0.014	0.001	0.956
0.030	0.027	0.887	0.056
0.912	0.001	0.053	0.034
0.015	0.216	0.724	0.045
0.044	0.001	0.001	0.954
0.001	0.950	0.048	0.001
0.955	0.043	0.001	0.001
0.053	0.620	0.140	0.187
0.769	0.105	0.059	0.067
0.171	0.526	0.162	0.141
>TSAAABTGAAAS	3-TSAAABTGAAAS	9.452628	-69.853401	0	T:132.0(7.71%),B:1113.2(2.37%),P:1e-30	Tpos:303.1,Tstd:286.0,Bpos:225.8,Bstd:135.2,StrandBias:-0.3,Multiplicity:1.09
0.274	0.182	0.080	0.464
0.149	0.412	0.314	0.124
0.997	0.001	0.001	0.001
0.776	0.012	0.087	0.125
0.945	0.001	0.029	0.025
0.171	0.253	0.360	0.217
0.178	0.001	0.284	0.537
0.080	0.119	0.692	0.109
0.917	0.081	0.001	0.001
0.899	0.001	0.099	0.001
0.974	0.024	0.001	0.001
0.114	0.456	0.405	0.026
>CCACATCAAAGR	4-CCACATCAAAGR	10.912965	-58.111734	0	T:47.0(2.75%),B:168.0(0.36%),P:1e-25	Tpos:252.4,Tstd:127.5,Bpos:228.9,Bstd:132.4,StrandBias:1.0,Multiplicity:1.02
0.001	0.949	0.001	0.049
0.001	0.893	0.001	0.105
0.939	0.001	0.058	0.002
0.024	0.974	0.001	0.001
0.858	0.001	0.001	0.140
0.251	0.001	0.027	0.721
0.001	0.738	0.171	0.090
0.997	0.001	0.001	0.001
0.872	0.022	0.047	0.059
0.997	0.001	0.001	0.001
0.035	0.235	0.729	0.001
0.473	0.094	0.386	0.047
>GCAAACCACAAA	5-GCAAACCACAAA	9.444284	-46.484006	0	T:87.0(5.08%),B:731.2(1.56%),P:1e-20	Tpos:255.2,Tstd:196.0,Bpos:218.0,Bstd:136.0,StrandBias:0.2,Multiplicity:1.02
0.058	0.060	0.767	0.115
0.059	0.737	0.109	0.095
0.854	0.039	0.001	0.106
0.933	0.001	0.025	0.041
0.773	0.118	0.070	0.039
0.033	0.860	0.070	0.037
0.056	0.920	0.001	0.023
0.803	0.090	0.032	0.075
0.049	0.905	0.045	0.001
0.899	0.016	0.046	0.039
0.713	0.119	0.145	0.023
0.841	0.051	0.050	0.058
>TTACTTCCTGTC	6-TTACTTCCTGTC	8.253202	-45.341993	0	T:247.0(14.43%),B:3670.7(7.81%),P:1e-19	Tpos:282.5,Tstd:225.6,Bpos:223.3,Bstd:133.3,StrandBias:-0.1,Multiplicity:1.13
0.114	0.163	0.041	0.682
0.075	0.170	0.107	0.648
0.590	0.153	0.131	0.126
0.020	0.776	0.048	0.156
0.076	0.051	0.005	0.868
0.046	0.084	0.082	0.788
0.011	0.780	0.069	0.140
0.064	0.876	0.011	0.049
0.065	0.020	0.001	0.914
0.048	0.085	0.713	0.154
0.093	0.110	0.079	0.718
0.073	0.652	0.130	0.145
>ACTTCCTGTCTG	7-ACTTCCTGTCTG	7.089510	-45.109181	0	T:489.0(28.56%),B:9086.3(19.34%),P:1e-19	Tpos:272.4,Tstd:241.3,Bpos:222.1,Bstd:128.8,StrandBias:-0.1,Multiplicity:1.19
0.641	0.109	0.143	0.107
0.059	0.742	0.101	0.098
0.066	0.075	0.036	0.823
0.095	0.107	0.107	0.691
0.034	0.779	0.102	0.085
0.037	0.856	0.095	0.012
0.096	0.048	0.051	0.805
0.079	0.100	0.744	0.077
0.060	0.141	0.086	0.713
0.081	0.707	0.090	0.122
0.008	0.097	0.104	0.791
0.081	0.094	0.714	0.111
>AGGAAGTGGGCG	8-AGGAAGTGGGCG	7.790529	-43.808692	0	T:247.0(14.43%),B:3716.8(7.91%),P:1e-19	Tpos:322.5,Tstd:262.9,Bpos:225.0,Bstd:134.5,StrandBias:-0.2,Multiplicity:1.17
0.744	0.071	0.124	0.061
0.059	0.038	0.843	0.060
0.081	0.085	0.784	0.050
0.690	0.146	0.112	0.052
0.771	0.060	0.079	0.090
0.069	0.086	0.790	0.055
0.089	0.056	0.157	0.698
0.062	0.039	0.829	0.070
0.099	0.044	0.809	0.048
0.058	0.105	0.767	0.070
0.118	0.639	0.112	0.131
0.118	0.120	0.635	0.127
>WGGGGAATTCCC	9-WGGGGAATTCCC	9.931340	-42.271427	0	T:63.0(3.68%),B:443.2(0.94%),P:1e-18	Tpos:262.6,Tstd:218.7,Bpos:228.4,Bstd:123.4,StrandBias:0.2,Multiplicity:1.05
0.426	0.001	0.173	0.400
0.032	0.001	0.871	0.096
0.017	0.001	0.960	0.022
0.001	0.001	0.997	0.001
0.241	0.001	0.757	0.001
0.853	0.001	0.145	0.001
0.701	0.145	0.001	0.153
0.296	0.001	0.032	0.671
0.001	0.299	0.001	0.699
0.054	0.678	0.052	0.216
0.001	0.997	0.001	0.001
0.166	0.684	0.001	0.149
>TGAACTTCAAAG	10-TGAACTTCAAAG	7.131196	-37.321386	0	T:374.0(21.85%),B:6749.0(14.37%),P:1e-16	Tpos:255.7,Tstd:207.9,Bpos:222.9,Bstd:133.7,StrandBias:-0.1,Multiplicity:1.14
0.185	0.005	0.109	0.701
0.046	0.086	0.724	0.144
0.659	0.135	0.110	0.096
0.686	0.141	0.145	0.028
0.066	0.672	0.137	0.125
0.092	0.098	0.034	0.776
0.027	0.091	0.108	0.774
0.069	0.679	0.143	0.109
0.934	0.010	0.003	0.053
0.724	0.116	0.116	0.044
0.925	0.009	0.019	0.047
0.121	0.017	0.774	0.088
>AACGGAAATGAA	11-AACGGAAATGAA	7.389014	-34.745972	0	T:256.0(14.95%),B:4210.8(8.96%),P:1e-15	Tpos:300.7,Tstd:233.5,Bpos:222.4,Bstd:138.4,StrandBias:-0.1,Multiplicity:1.09
0.771	0.037	0.146	0.046
0.762	0.084	0.116	0.038
0.123	0.662	0.061	0.154
0.073	0.109	0.704	0.114
0.071	0.045	0.787	0.097
0.774	0.093	0.086	0.047
0.803	0.048	0.074	0.075
0.847	0.038	0.084	0.031
0.116	0.096	0.143	0.645
0.099	0.083	0.686	0.132
0.772	0.074	0.108	0.046
0.792	0.100	0.080	0.028
>TGTGCTTTCATC	12-TGTGCTTTCATC	9.397823	-30.868528	0	T:77.0(4.50%),B:790.5(1.68%),P:1e-13	Tpos:268.9,Tstd:169.3,Bpos:217.7,Bstd:130.3,StrandBias:-0.5,Multiplicity:1.03
0.067	0.079	0.082	0.772
0.079	0.059	0.801	0.061
0.039	0.001	0.071	0.889
0.001	0.184	0.778	0.037
0.064	0.796	0.122	0.018
0.098	0.046	0.001	0.855
0.001	0.001	0.079	0.919
0.068	0.107	0.040	0.785
0.027	0.932	0.001	0.040
0.848	0.140	0.001	0.011
0.001	0.084	0.095	0.820
0.104	0.765	0.099	0.032
>GCAGGAAATGAT	13-GCAGGAAATGAT	13.410716	-27.390718	0	T:14.0(0.82%),B:25.3(0.05%),P:1e-11	Tpos:290.2,Tstd:176.2,Bpos:238.0,Bstd:126.8,StrandBias:1.2,Multiplicity:1.00
0.001	0.107	0.891	0.001
0.095	0.797	0.107	0.001
0.997	0.001	0.001	0.001
0.001	0.001	0.997	0.001
0.094	0.001	0.904	0.001
0.997	0.001	0.001	0.001
0.997	0.001	0.001	0.001
0.843	0.155	0.001	0.001
0.155	0.001	0.001	0.843
0.001	0.001	0.843	0.155
0.997	0.001	0.001	0.001
0.001	0.001	0.124	0.874
>CTTTGATCTTTT	14-CTTTGATCTTTT	9.461248	-25.117669	0	T:93.0(5.43%),B:1179.9(2.51%),P:1e-10	Tpos:256.4,Tstd:190.5,Bpos:214.3,Bstd:138.0,StrandBias:-0.1,Multiplicity:1.06
0.067	0.792	0.103	0.038
0.044	0.001	0.001	0.954
0.031	0.087	0.089	0.793
0.051	0.001	0.024	0.924
0.086	0.056	0.750	0.108
0.752	0.037	0.102	0.109
0.001	0.062	0.080	0.857
0.039	0.862	0.047	0.052
0.086	0.101	0.031	0.782
0.055	0.098	0.025	0.822
0.061	0.001	0.057	0.881
0.001	0.071	0.101	0.827
>ATTTCAAACGCG	15-ATTTCAAACGCG	10.342262	-23.999593	0	T:24.0(1.40%),B:118.6(0.25%),P:1e-10	Tpos:269.6,Tstd:224.2,Bpos:232.2,Bstd:136.5,StrandBias:-1.7,Multiplicity:1.00
0.842	0.082	0.001	0.075
0.075	0.001	0.075	0.849
0.001	0.001	0.001	0.997
0.074	0.001	0.001	0.924
0.075	0.700	0.150	0.075
0.997	0.001	0.001	0.001
0.849	0.075	0.075	0.001
0.924	0.001	0.074	0.001
0.112	0.663	0.075	0.150
0.266	0.001	0.658	0.075
0.111	0.887	0.001	0.001
0.007	0.150	0.727	0.116
>TACGTAAACCGA	16-TACGTAAACCGA	10.245295	-18.001305	0	T:20.0(1.17%),B:113.6(0.24%),P:1e-7	Tpos:243.9,Tstd:149.0,Bpos:202.1,Bstd:110.7,StrandBias:-0.3,Multiplicity:1.00
0.076	0.076	0.001	0.847
0.923	0.001	0.075	0.001
0.153	0.618	0.076	0.153
0.138	0.153	0.633	0.076
0.001	0.001	0.075	0.923
0.923	0.001	0.075	0.001
0.997	0.001	0.001	0.001
0.997	0.001	0.001	0.001
0.152	0.771	0.076	0.001
0.175	0.672	0.001	0.152
0.229	0.061	0.709	0.001
0.997	0.001	0.001	0.001
>TGCAGCTGCAGG	17-TGCAGCTGCAGG	9.933425	-17.579665	0	T:56.0(3.27%),B:670.9(1.43%),P:1e-7	Tpos:315.4,Tstd:267.7,Bpos:227.2,Bstd:126.1,StrandBias:0.2,Multiplicity:1.08
0.093	0.050	0.055	0.802
0.119	0.011	0.805	0.065
0.059	0.882	0.016	0.043
0.835	0.104	0.031	0.030
0.075	0.033	0.813	0.079
0.033	0.863	0.054	0.050
0.050	0.030	0.033	0.887
0.065	0.094	0.815	0.026
0.085	0.748	0.137	0.030
0.793	0.071	0.087	0.049
0.025	0.033	0.899	0.043
0.088	0.046	0.865	0.001
>TCTCCCTCAGCA	18-TCTCCCTCAGCA	11.243928	-14.187433	0	T:25.0(1.46%),B:214.7(0.46%),P:1e-6	Tpos:247.1,Tstd:225.9,Bpos:216.0,Bstd:125.0,StrandBias:-0.2,Multiplicity:1.00
0.361	0.005	0.033	0.601
0.001	0.838	0.160	0.001
0.001	0.129	0.001	0.869
0.001	0.886	0.001	0.112
0.151	0.705	0.001	0.143
0.001	0.997	0.001	0.001
0.232	0.001	0.002	0.765
0.283	0.504	0.001	0.212
0.644	0.001	0.001	0.354
0.001	0.001	0.903	0.095
0.058	0.940	0.001	0.001
0.866	0.001	0.001	0.132
>TGCTGGGTATGA	19-TGCTGGGTATGA	16.573227	-13.715227	0	T:4.0(0.23%),B:2.5(0.01%),P:1e-5	Tpos:158.1,Tstd:104.1,Bpos:201.8,Bstd:52.7,StrandBias:10.0,Multiplicity:9.25
0.001	0.001	0.001	0.997
0.014	0.001	0.984	0.001
0.001	0.984	0.001	0.014
0.001	0.001	0.001	0.997
0.001	0.001	0.997	0.001
0.001	0.001	0.997	0.001
0.001	0.001	0.997	0.001
0.001	0.001	0.001	0.997
0.997	0.001	0.001	0.001
0.001	0.001	0.001	0.997
0.001	0.001	0.997	0.001
0.997	0.001	0.001	0.001
>TKCRCKSGCATA	20-TKCRCKSGCATA	13.771301	-11.756887	0	T:3.0(0.18%),B:1.5(0.00%),P:1e-5	Tpos:145.7,Tstd:50.3,Bpos:157.0,Bstd:0.0,StrandBias:2.3,Multiplicity:1.67
0.001	0.001	0.001	0.997
0.001	0.001	0.563	0.435
0.001	0.997	0.001	0.001
0.435	0.001	0.563	0.001
0.001	0.997	0.001	0.001
0.001	0.001	0.563	0.435
0.001	0.563	0.435	0.001
0.001	0.001	0.997	0.001
0.001	0.997	0.001	0.001
0.997	0.001	0.001	0.001
0.027	0.001	0.001	0.971
0.997	0.001	0.001	0.001
>CCATGACCACAC	21-CCATGACCACAC	14.818690	-9.704655	0	T:3.0(0.18%),B:2.8(0.01%),P:1e-4	Tpos:549.1,Tstd:247.9,Bpos:233.6,Bstd:98.8,StrandBias:3.0,Multiplicity:3.00
0.001	0.997	0.001	0.001
0.001	0.997	0.001	0.001
0.997	0.001	0.001	0.001
0.001	0.001	0.001	0.997
0.001	0.001	0.997	0.001
0.997	0.001	0.001	0.001
0.001	0.997	0.001	0.001
0.001	0.997	0.001	0.001
0.997	0.001	0.001	0.001
0.001	0.997	0.001	0.001
0.997	0.001	0.001	0.001
0.168	0.830	0.001	0.001
>TCCATCATGTGA	22-TCCATCATGTGA	13.868104	-7.901150	0	T:4.0(0.23%),B:9.6(0.02%),P:1e-3	Tpos:163.7,Tstd:53.8,Bpos:180.9,Bstd:150.8,StrandBias:3.3,Multiplicity:2.75
0.001	0.001	0.001	0.997
0.001	0.997	0.001	0.001
0.001	0.892	0.001	0.106
0.892	0.106	0.001	0.001
0.001	0.001	0.001	0.997
0.001	0.997	0.001	0.001
0.997	0.001	0.001	0.001
0.001	0.001	0.001	0.997
0.235	0.001	0.763	0.001
0.106	0.001	0.001	0.892
0.001	0.001	0.997	0.001
0.997	0.001	0.001	0.001
>NCCATCTGTACH	23-NCCATCTGTACH	9.604478	-5.979899	0	T:2.0(0.12%),B:2.4(0.01%),P:1e-2	Tpos:103.3,Tstd:82.2,Bpos:219.2,Bstd:120.3,StrandBias:10.0,Multiplicity:5.00
0.307	0.221	0.240	0.232
0.105	0.614	0.136	0.145
0.129	0.648	0.087	0.136
0.642	0.130	0.100	0.128
0.120	0.139	0.122	0.619
0.113	0.603	0.146	0.138
0.145	0.089	0.075	0.691
0.139	0.133	0.591	0.137
0.120	0.126	0.104	0.650
0.658	0.104	0.115	0.123
0.144	0.611	0.123	0.122
0.362	0.224	0.167	0.247
>CTGCTTCATCAG	24-CTGCTTCATCAG	6.517702	-3.862806	0	T:633.0(36.97%),B:16254.6(34.60%),P:1e-1	Tpos:284.6,Tstd:233.6,Bpos:223.9,Bstd:131.2,StrandBias:0.1,Multiplicity:1.34
0.100	0.700	0.100	0.100
0.100	0.100	0.100	0.700
0.100	0.100	0.700	0.100
0.100	0.700	0.100	0.100
0.100	0.100	0.100	0.700
0.100	0.100	0.100	0.700
0.100	0.700	0.100	0.100
0.700	0.100	0.100	0.100
0.100	0.100	0.100	0.700
0.100	0.700	0.100	0.100
0.700	0.100	0.100	0.100
0.100	0.100	0.700	0.100
>NNNNNNNNNNNN	25-NNNNNNNNNNNN	-nan	0.000000	0	T:0.0(0.00%),B:0.0(0.00%),P:1e0	Tpos:0.0,Tstd:0.0,Bpos:0.0,Bstd:0.0,StrandBias:0.0,Multiplicity:1.00
-nan	-nan	-nan	-nan
-nan	-nan	-nan	-nan
-nan	-nan	-nan	-nan
-nan	-nan	-nan	-nan
-nan	-nan	-nan	-nan
-nan	-nan	-nan	-nan
-nan	-nan	-nan	-nan
-nan	-nan	-nan	-nan
-nan	-nan	-nan	-nan
-nan	-nan	-nan	-nan
-nan	-nan	-nan	-nan
-nan	-nan	-nan	-nan
>CAGGAAGT	1-CAGGAAGT	6.500738	-64.253260	0	T:396.0(23.13%),B:6235.1(13.27%),P:1e-27	Tpos:297.2,Tstd:255.9,Bpos:222.9,Bstd:133.9,StrandBias:0.1,Multiplicity:1.19
0.113	0.718	0.168	0.001
0.931	0.067	0.001	0.001
0.001	0.001	0.997	0.001
0.001	0.001	0.997	0.001
0.997	0.001	0.001	0.001
0.997	0.001	0.001	0.001
0.082	0.001	0.916	0.001
0.001	0.001	0.001	0.997
>ATGACTCA	2-ATGACTCA	6.630854	-62.910425	0	T:256.0(14.95%),B:3387.7(7.21%),P:1e-27	Tpos:264.4,Tstd:221.7,Bpos:225.0,Bstd:131.2,StrandBias:-0.1,Multiplicity:1.15
0.706	0.066	0.211	0.017
0.024	0.001	0.001	0.974
0.001	0.001	0.997	0.001
0.983	0.001	0.001	0.015
0.001	0.682	0.271	0.046
0.001	0.001	0.027	0.971
0.025	0.964	0.001	0.010
0.967	0.001	0.031	0.001
>GCGGTTTC	3-GCGGTTTC	6.306791	-57.031011	0	T:470.0(27.45%),B:8141.5(17.33%),P:1e-24	Tpos:294.8,Tstd:259.3,Bpos:223.2,Bstd:140.0,StrandBias:-0.1,Multiplicity:1.20
0.039	0.024	0.919	0.018
0.034	0.586	0.116	0.264
0.066	0.001	0.882	0.051
0.001	0.033	0.924	0.042
0.001	0.071	0.001	0.927
0.005	0.020	0.001	0.974
0.007	0.018	0.001	0.974
0.001	0.830	0.061	0.108
>AACGGAAA	4-AACGGAAA	5.669340	-56.022919	0	T:597.0(34.87%),B:11181.5(23.80%),P:1e-24	Tpos:280.3,Tstd:227.4,Bpos:224.1,Bstd:138.9,StrandBias:0.1,Multiplicity:1.31
0.820	0.052	0.091	0.037
0.674	0.164	0.107	0.055
0.175	0.706	0.067	0.052
0.088	0.102	0.690	0.120
0.122	0.052	0.734	0.092
0.733	0.089	0.133	0.045
0.888	0.021	0.049	0.042
0.762	0.068	0.116	0.054
>AGGGGGCG	5-AGGGGGCG	6.958418	-47.992614	0	T:393.0(22.96%),B:6739.3(14.35%),P:1e-20	Tpos:323.7,Tstd:266.1,Bpos:222.1,Bstd:142.9,StrandBias:-0.1,Multiplicity:1.37
0.891	0.001	0.001	0.107
0.001	0.025	0.922	0.052
0.135	0.035	0.829	0.001
0.019	0.001	0.750	0.230
0.035	0.049	0.915	0.001
0.040	0.001	0.958	0.001
0.001	0.953	0.001	0.045
0.055	0.043	0.901	0.001
>TGCGGTTA	6-TGCGGTTA	5.440393	-44.161446	0	T:376.0(21.96%),B:6506.5(13.85%),P:1e-19	Tpos:291.0,Tstd:229.7,Bpos:220.8,Bstd:137.9,StrandBias:-0.2,Multiplicity:1.14
0.171	0.067	0.083	0.679
0.082	0.046	0.773	0.099
0.059	0.683	0.122	0.136
0.046	0.042	0.786	0.126
0.113	0.070	0.779	0.038
0.104	0.041	0.067	0.788
0.136	0.058	0.035	0.771
0.751	0.046	0.086	0.117
>CTTCAAAG	7-CTTCAAAG	6.513876	-44.121428	0	T:375.0(21.90%),B:6485.6(13.81%),P:1e-19	Tpos:290.8,Tstd:228.8,Bpos:225.2,Bstd:136.8,StrandBias:0.0,Multiplicity:1.21
0.001	0.851	0.001	0.147
0.159	0.001	0.001	0.839
0.096	0.001	0.001	0.902
0.069	0.855	0.075	0.001
0.935	0.001	0.063	0.001
0.997	0.001	0.001	0.001
0.997	0.001	0.001	0.001
0.001	0.001	0.997	0.001
>TTTGATCT	8-TTTGATCT	7.477027	-41.182841	0	T:227.0(13.26%),B:3383.7(7.20%),P:1e-17	Tpos:267.6,Tstd:243.9,Bpos:221.6,Bstd:133.9,StrandBias:0.1,Multiplicity:1.08
0.081	0.001	0.001	0.917
0.001	0.001	0.001	0.997
0.001	0.001	0.001	0.997
0.001	0.171	0.827	0.001
0.875	0.001	0.123	0.001
0.001	0.001	0.001	0.997
0.001	0.820	0.178	0.001
0.001	0.001	0.050	0.948
>TCTAGTGG	9-TCTAGTGG	8.186972	-31.323425	0	T:109.0(6.37%),B:1336.7(2.85%),P:1e-13	Tpos:261.2,Tstd:219.4,Bpos:226.3,Bstd:136.9,StrandBias:-0.4,Multiplicity:1.01
0.001	0.210	0.001	0.788
0.001	0.997	0.001	0.001
0.001	0.001	0.084	0.914
0.997	0.001	0.001	0.001
0.001	0.001	0.997	0.001
0.001	0.001	0.001	0.997
0.001	0.001	0.841	0.157
0.001	0.001	0.997	0.001
>CGCMTAGC	10-CGCMTAGC	7.190598	-26.714659	0	T:118.0(6.89%),B:1613.1(3.43%),P:1e-11	Tpos:314.4,Tstd:275.2,Bpos:221.4,Bstd:148.1,StrandBias:0.0,Multiplicity:1.10
0.001	0.997	0.001	0.001
0.001	0.001	0.847	0.151
0.013	0.544	0.226	0.217
0.486	0.504	0.001	0.009
0.001	0.001	0.001	0.997
0.997	0.001	0.001	0.001
0.001	0.345	0.653	0.001
0.261	0.482	0.001	0.255
>ACGCAAAT	11-ACGCAAAT	7.872329	-21.178362	0	T:86.0(5.02%),B:1141.1(2.43%),P:1e-9	Tpos:254.4,Tstd:235.1,Bpos:227.5,Bstd:134.4,StrandBias:-0.1,Multiplicity:1.08
0.769	0.001	0.001	0.229
0.001	0.839	0.001	0.159
0.001	0.001	0.997	0.001
0.405	0.570	0.001	0.024
0.667	0.001	0.177	0.155
0.869	0.001	0.001	0.129
0.997	0.001	0.001	0.001
0.001	0.001	0.001	0.997
>GTCATACC	12-GTCATACC	8.715444	-5.378889	0	T:18.0(1.05%),B:244.8(0.52%),P:1e-2	Tpos:172.3,Tstd:164.9,Bpos:218.6,Bstd:130.7,StrandBias:-2.9,Multiplicity:2.78
0.001	0.001	0.997	0.001
0.001	0.001	0.001	0.997
0.001	0.997	0.001	0.001
0.997	0.001	0.001	0.001
0.001	0.001	0.001	0.997
0.997	0.001	0.001	0.001
0.001	0.997	0.001	0.001
0.001	0.903	0.095	0.001
>CAGCACAT	13-CAGCACAT	8.236954	-1.045896	0	T:36.0(2.10%),B:918.2(1.95%),P:1e0	Tpos:193.5,Tstd:145.2,Bpos:225.7,Bstd:130.7,StrandBias:-1.9,Multiplicity:1.94
0.100	0.700	0.100	0.100
0.700	0.100	0.100	0.100
0.100	0.100	0.700	0.100
0.100	0.700	0.100	0.100
0.700	0.100	0.100	0.100
0.100	0.700	0.100	0.100
0.700	0.100	0.100	0.100
0.100	0.100	0.100	0.700
