>CCCCTAGTGG	1-CCCCTAGTGG	9.373607	-84.829604	0	T:107.0(6.25%),B:637.9(1.36%),P:1e-36	Tpos:265.9,Tstd:226.6,Bpos:223.4,Bstd:129.4,StrandBias:-0.0,Multiplicity:1.03
0.001	0.997	0.001	0.001
0.267	0.724	0.001	0.008
0.001	0.677	0.065	0.257
0.001	0.997	0.001	0.001
0.001	0.001	0.008	0.990
0.855	0.001	0.071	0.073
0.001	0.001	0.997	0.001
0.001	0.001	0.013	0.985
0.001	0.029	0.969	0.001
0.001	0.001	0.956	0.042
>WATGAGTCAB	2-WATGAGTCAB	5.792414	-74.359584	0	T:244.0(14.25%),B:2914.2(6.20%),P:1e-32	Tpos:257.4,Tstd:198.9,Bpos:225.7,Bstd:129.7,StrandBias:0.0,Multiplicity:1.12
0.231	0.187	0.215	0.367
0.417	0.145	0.260	0.179
0.141	0.143	0.121	0.595
0.144	0.124	0.589	0.143
0.632	0.147	0.078	0.143
0.097	0.295	0.484	0.125
0.042	0.110	0.079	0.769
0.103	0.659	0.093	0.145
0.681	0.126	0.045	0.148
0.153	0.321	0.233	0.293
>ACTTCCTGCY	3-ACTTCCTGCY	8.053370	-74.172350	0	T:299.0(17.46%),B:3959.2(8.43%),P:1e-32	Tpos:286.2,Tstd:220.9,Bpos:226.0,Bstd:129.4,StrandBias:-0.2,Multiplicity:1.11
0.583	0.116	0.300	0.001
0.001	0.814	0.001	0.184
0.054	0.001	0.001	0.944
0.001	0.001	0.003	0.995
0.001	0.997	0.001	0.001
0.001	0.968	0.001	0.030
0.001	0.001	0.020	0.978
0.044	0.001	0.926	0.029
0.027	0.590	0.001	0.382
0.001	0.417	0.028	0.554
>GTTTCCGTTT	4-GTTTCCGTTT	7.169748	-63.994174	0	T:447.0(26.11%),B:7366.7(15.68%),P:1e-27	Tpos:299.4,Tstd:262.5,Bpos:223.7,Bstd:136.7,StrandBias:-0.0,Multiplicity:1.30
0.260	0.165	0.435	0.140
0.001	0.036	0.001	0.962
0.024	0.047	0.010	0.919
0.037	0.133	0.119	0.711
0.001	0.936	0.062	0.001
0.293	0.496	0.150	0.061
0.071	0.205	0.577	0.147
0.011	0.001	0.012	0.976
0.044	0.097	0.012	0.847
0.136	0.185	0.113	0.566
>GCGCCCTCTA	5-GCGCCCTCTA	6.873660	-58.346410	0	T:276.0(16.12%),B:3896.5(8.29%),P:1e-25	Tpos:344.9,Tstd:307.0,Bpos:218.5,Bstd:142.0,StrandBias:-0.2,Multiplicity:1.16
0.082	0.083	0.767	0.068
0.069	0.831	0.039	0.061
0.066	0.070	0.811	0.053
0.123	0.759	0.044	0.074
0.003	0.857	0.035	0.105
0.083	0.855	0.014	0.048
0.050	0.115	0.059	0.776
0.047	0.836	0.034	0.083
0.066	0.060	0.098	0.776
0.740	0.113	0.078	0.069
>CCACATCAAA	6-CCACATCAAA	8.341233	-56.209052	0	T:130.0(7.59%),B:1261.7(2.69%),P:1e-24	Tpos:268.3,Tstd:180.7,Bpos:222.4,Bstd:130.2,StrandBias:0.5,Multiplicity:1.10
0.014	0.908	0.007	0.071
0.005	0.985	0.001	0.009
0.881	0.040	0.024	0.055
0.001	0.981	0.001	0.017
0.890	0.001	0.001	0.108
0.096	0.005	0.047	0.852
0.036	0.759	0.127	0.078
0.974	0.001	0.024	0.001
0.839	0.027	0.119	0.015
0.987	0.001	0.001	0.011
>TCTTTGAAGT	7-TCTTTGAAGT	7.319378	-53.583519	0	T:308.0(17.99%),B:4690.7(9.98%),P:1e-23	Tpos:260.5,Tstd:192.4,Bpos:223.1,Bstd:134.5,StrandBias:-0.3,Multiplicity:1.12
0.076	0.149	0.117	0.658
0.031	0.879	0.041	0.049
0.035	0.088	0.026	0.851
0.040	0.081	0.109	0.770
0.027	0.074	0.050	0.849
0.053	0.066	0.842	0.039
0.814	0.072	0.041	0.073
0.769	0.030	0.063	0.138
0.104	0.070	0.809	0.017
0.078	0.098	0.059	0.765
>GGGGATTTCC	8-GGGGATTTCC	7.187393	-46.345116	0	T:206.0(12.03%),B:2819.9(6.00%),P:1e-20	Tpos:321.0,Tstd:257.0,Bpos:223.8,Bstd:129.3,StrandBias:0.1,Multiplicity:1.08
0.001	0.109	0.798	0.092
0.001	0.122	0.876	0.001
0.001	0.001	0.933	0.065
0.235	0.128	0.429	0.208
0.720	0.072	0.049	0.159
0.140	0.015	0.001	0.844
0.092	0.043	0.084	0.781
0.001	0.080	0.001	0.918
0.019	0.918	0.035	0.028
0.102	0.791	0.097	0.010
>GAGCGGAAAT	9-GAGCGGAAAT	5.761532	-45.594576	0	T:400.0(23.36%),B:6993.9(14.89%),P:1e-19	Tpos:291.4,Tstd:257.9,Bpos:223.8,Bstd:132.2,StrandBias:0.0,Multiplicity:1.13
0.134	0.068	0.656	0.142
0.626	0.158	0.069	0.147
0.147	0.145	0.596	0.112
0.178	0.507	0.152	0.163
0.139	0.112	0.586	0.163
0.153	0.150	0.601	0.096
0.690	0.066	0.097	0.147
0.585	0.128	0.136	0.151
0.575	0.120	0.154	0.151
0.143	0.131	0.144	0.582
>CTTTCATCTC	10-CTTTCATCTC	10.459001	-34.700186	0	T:60.0(3.50%),B:479.3(1.02%),P:1e-15	Tpos:276.2,Tstd:212.6,Bpos:218.1,Bstd:128.8,StrandBias:0.1,Multiplicity:1.00
0.001	0.969	0.029	0.001
0.001	0.001	0.026	0.972
0.001	0.001	0.024	0.974
0.001	0.001	0.001	0.997
0.001	0.915	0.001	0.083
0.997	0.001	0.001	0.001
0.001	0.096	0.001	0.902
0.076	0.760	0.001	0.163
0.001	0.036	0.001	0.962
0.129	0.666	0.001	0.204
>AAMCCACAAR	11-AAMCCACAAR	7.413784	-34.194935	0	T:110.0(6.43%),B:1295.7(2.76%),P:1e-14	Tpos:279.0,Tstd:220.9,Bpos:223.3,Bstd:135.3,StrandBias:-0.1,Multiplicity:1.09
0.548	0.089	0.005	0.358
0.672	0.297	0.007	0.024
0.339	0.448	0.212	0.001
0.010	0.569	0.410	0.011
0.295	0.661	0.041	0.003
0.910	0.032	0.041	0.017
0.123	0.601	0.228	0.048
0.610	0.028	0.029	0.333
0.493	0.331	0.032	0.143
0.383	0.155	0.254	0.209
>TGTTTKGGYG	12-TGTTTKGGYG	6.864411	-33.921432	0	T:283.0(16.53%),B:4834.5(10.29%),P:1e-14	Tpos:312.2,Tstd:282.6,Bpos:220.3,Bstd:134.4,StrandBias:-0.1,Multiplicity:1.13
0.001	0.061	0.076	0.862
0.154	0.092	0.733	0.021
0.066	0.110	0.111	0.713
0.068	0.001	0.309	0.622
0.001	0.089	0.001	0.909
0.075	0.174	0.407	0.344
0.001	0.108	0.890	0.001
0.060	0.001	0.913	0.026
0.001	0.466	0.050	0.483
0.012	0.145	0.842	0.001
>CTGATTGGCT	13-CTGATTGGCT	9.273035	-32.677601	0	T:76.0(4.44%),B:746.2(1.59%),P:1e-14	Tpos:289.9,Tstd:212.9,Bpos:229.6,Bstd:135.7,StrandBias:0.1,Multiplicity:1.05
0.025	0.860	0.114	0.001
0.001	0.001	0.063	0.935
0.001	0.095	0.903	0.001
0.876	0.057	0.005	0.062
0.114	0.060	0.001	0.825
0.001	0.001	0.015	0.983
0.024	0.070	0.905	0.001
0.001	0.001	0.997	0.001
0.001	0.909	0.001	0.089
0.024	0.114	0.001	0.861
>GGTTAAAAGC	14-GGTTAAAAGC	6.743786	-32.405278	0	T:271.0(15.83%),B:4629.3(9.85%),P:1e-14	Tpos:271.3,Tstd:235.8,Bpos:225.0,Bstd:137.8,StrandBias:0.1,Multiplicity:1.09
0.043	0.096	0.776	0.085
0.080	0.056	0.745	0.119
0.052	0.064	0.051	0.833
0.076	0.064	0.059	0.801
0.738	0.054	0.086	0.122
0.790	0.094	0.054	0.062
0.825	0.078	0.060	0.037
0.808	0.054	0.090	0.048
0.057	0.064	0.815	0.064
0.041	0.877	0.043	0.039
>GGCTCCRCCC	15-GGCTCCRCCC	8.175405	-28.396909	0	T:251.0(14.66%),B:4350.5(9.26%),P:1e-12	Tpos:345.9,Tstd:293.1,Bpos:224.3,Bstd:143.5,StrandBias:0.2,Multiplicity:1.44
0.107	0.282	0.610	0.001
0.001	0.107	0.587	0.305
0.300	0.698	0.001	0.001
0.001	0.280	0.001	0.718
0.096	0.902	0.001	0.001
0.001	0.769	0.001	0.229
0.361	0.001	0.483	0.154
0.308	0.690	0.001	0.001
0.001	0.635	0.363	0.001
0.001	0.981	0.017	0.001
>ARTAYGYAAA	16-ARTAYGYAAA	7.614157	-25.888449	0	T:68.0(3.97%),B:723.5(1.54%),P:1e-11	Tpos:287.5,Tstd:227.9,Bpos:242.5,Bstd:136.5,StrandBias:-0.1,Multiplicity:1.03
0.500	0.011	0.264	0.225
0.450	0.049	0.490	0.011
0.370	0.026	0.048	0.556
0.565	0.349	0.044	0.042
0.011	0.476	0.027	0.485
0.016	0.029	0.922	0.033
0.016	0.437	0.180	0.367
0.659	0.130	0.030	0.181
0.663	0.104	0.024	0.209
0.567	0.299	0.086	0.048
>TCAGATGTCT	17-TCAGATGTCT	10.735231	-23.650570	0	T:45.0(2.63%),B:392.0(0.83%),P:1e-10	Tpos:213.5,Tstd:224.5,Bpos:213.7,Bstd:130.4,StrandBias:0.1,Multiplicity:1.00
0.001	0.001	0.001	0.997
0.001	0.997	0.001	0.001
0.997	0.001	0.001	0.001
0.116	0.001	0.882	0.001
0.909	0.089	0.001	0.001
0.001	0.001	0.001	0.997
0.001	0.079	0.919	0.001
0.001	0.001	0.001	0.997
0.001	0.925	0.001	0.073
0.171	0.001	0.001	0.827
>TTGTGCACGG	18-TTGTGCACGG	9.347860	-20.073572	0	T:34.0(1.99%),B:275.1(0.59%),P:1e-8	Tpos:181.0,Tstd:144.6,Bpos:220.0,Bstd:140.8,StrandBias:0.5,Multiplicity:1.00
0.074	0.015	0.011	0.900
0.097	0.001	0.001	0.901
0.098	0.037	0.864	0.001
0.001	0.001	0.031	0.967
0.045	0.001	0.912	0.042
0.084	0.817	0.001	0.098
0.966	0.032	0.001	0.001
0.045	0.942	0.012	0.001
0.036	0.084	0.813	0.067
0.048	0.037	0.914	0.001
>CTGGGTATGA	19-CTGGGTATGA	10.296193	-6.977482	0	T:6.0(0.35%),B:30.3(0.06%),P:1e-3	Tpos:162.9,Tstd:107.6,Bpos:220.9,Bstd:130.5,StrandBias:10.0,Multiplicity:6.67
0.100	0.700	0.100	0.100
0.100	0.100	0.100	0.700
0.100	0.100	0.700	0.100
0.100	0.100	0.700	0.100
0.100	0.100	0.700	0.100
0.100	0.100	0.100	0.700
0.700	0.100	0.100	0.100
0.100	0.100	0.100	0.700
0.100	0.100	0.700	0.100
0.700	0.100	0.100	0.100
>CACATGTACA	20-CACATGTACA	13.063203	-4.458667	0	T:8.0(0.47%),B:82.5(0.18%),P:1e-1	Tpos:251.1,Tstd:198.6,Bpos:242.0,Bstd:136.2,StrandBias:-2.8,Multiplicity:1.88
0.001	0.997	0.001	0.001
0.943	0.001	0.055	0.001
0.001	0.997	0.001	0.001
0.964	0.001	0.015	0.020
0.001	0.012	0.001	0.986
0.001	0.001	0.997	0.001
0.001	0.116	0.300	0.583
0.997	0.001	0.001	0.001
0.066	0.932	0.001	0.001
0.934	0.001	0.001	0.064
>TTGTACAGAT	21-TTGTACAGAT	10.296193	-4.141139	0	T:4.0(0.23%),B:26.7(0.06%),P:1e-1	Tpos:86.6,Tstd:71.5,Bpos:255.9,Bstd:126.5,StrandBias:-3.5,Multiplicity:3.00
0.100	0.100	0.100	0.700
0.100	0.100	0.100	0.700
0.100	0.100	0.700	0.100
0.100	0.100	0.100	0.700
0.700	0.100	0.100	0.100
0.100	0.700	0.100	0.100
0.700	0.100	0.100	0.100
0.100	0.100	0.700	0.100
0.700	0.100	0.100	0.100
0.100	0.100	0.100	0.700
