>TGAGTCABHN	1-TGAGTCABHN	8.466939	-1114.565126	0	T:1965.0(22.76%),B:2781.2(6.85%),P:1e-484	Tpos:289.5,Tstd:210.7,Bpos:248.7,Bstd:152.1,StrandBias:-0.0,Multiplicity:1.18
0.001	0.001	0.001	0.997
0.001	0.001	0.997	0.001
0.997	0.001	0.001	0.001
0.001	0.363	0.635	0.001
0.001	0.001	0.001	0.997
0.001	0.997	0.001	0.001
0.997	0.001	0.001	0.001
0.022	0.355	0.279	0.344
0.355	0.291	0.098	0.255
0.211	0.324	0.209	0.255
>VTGASTCABH	2-VTGASTCABH	6.992392	-1091.899911	0	T:2637.0(30.55%),B:4758.6(11.73%),P:1e-474	Tpos:292.8,Tstd:218.8,Bpos:246.9,Bstd:150.9,StrandBias:-0.0,Multiplicity:1.09
0.333	0.321	0.251	0.095
0.104	0.117	0.001	0.778
0.012	0.057	0.620	0.311
0.968	0.030	0.001	0.001
0.136	0.359	0.369	0.136
0.001	0.001	0.001	0.997
0.313	0.685	0.001	0.001
0.992	0.001	0.001	0.006
0.097	0.292	0.238	0.373
0.312	0.264	0.120	0.305
>KNAAACCACA	3-KNAAACCACA	7.048713	-998.209132	0	T:3535.0(40.95%),B:8087.0(19.93%),P:1e-433	Tpos:283.8,Tstd:212.5,Bpos:250.6,Bstd:154.6,StrandBias:-0.1,Multiplicity:1.35
0.169	0.201	0.359	0.271
0.203	0.287	0.277	0.233
0.468	0.150	0.067	0.314
0.810	0.001	0.164	0.025
0.712	0.119	0.168	0.001
0.001	0.997	0.001	0.001
0.001	0.997	0.001	0.001
0.773	0.039	0.079	0.109
0.041	0.957	0.001	0.001
0.706	0.016	0.076	0.202
>ACAGGAAGTG	4-ACAGGAAGTG	7.357207	-984.346273	0	T:3460.0(40.08%),B:7863.3(19.37%),P:1e-427	Tpos:291.9,Tstd:224.7,Bpos:249.9,Bstd:147.3,StrandBias:-0.0,Multiplicity:1.30
0.669	0.047	0.220	0.064
0.094	0.733	0.147	0.026
0.865	0.067	0.042	0.026
0.001	0.002	0.996	0.001
0.045	0.012	0.941	0.002
0.986	0.006	0.003	0.005
0.776	0.009	0.014	0.201
0.269	0.015	0.713	0.003
0.009	0.186	0.083	0.722
0.156	0.144	0.600	0.100
>BHCTTCCGGT	5-BHCTTCCGGT	6.668220	-446.236489	0	T:1770.0(20.51%),B:3968.9(9.78%),P:1e-193	Tpos:295.2,Tstd:219.4,Bpos:249.0,Bstd:151.9,StrandBias:-0.2,Multiplicity:1.11
0.116	0.339	0.247	0.298
0.348	0.211	0.147	0.293
0.033	0.602	0.001	0.364
0.160	0.001	0.001	0.838
0.001	0.001	0.001	0.997
0.074	0.757	0.060	0.109
0.001	0.997	0.001	0.001
0.001	0.001	0.928	0.070
0.097	0.089	0.586	0.228
0.001	0.103	0.177	0.719
>GAAACCACAA	6-GAAACCACAA	7.333661	-434.397163	0	T:1929.0(22.35%),B:4558.9(11.23%),P:1e-188	Tpos:300.2,Tstd:240.4,Bpos:254.2,Bstd:150.8,StrandBias:0.1,Multiplicity:1.08
0.234	0.080	0.596	0.090
0.690	0.114	0.182	0.014
0.857	0.046	0.008	0.089
0.829	0.090	0.080	0.001
0.006	0.992	0.001	0.001
0.001	0.966	0.002	0.031
0.686	0.022	0.164	0.128
0.039	0.695	0.167	0.099
0.587	0.247	0.150	0.016
0.744	0.028	0.081	0.147
>DGGGYGKRRH	7-DGGGYGKRRH	6.365352	-376.449832	0	T:3076.0(35.63%),B:9195.9(22.66%),P:1e-163	Tpos:305.4,Tstd:235.8,Bpos:250.1,Bstd:151.8,StrandBias:0.0,Multiplicity:1.55
0.302	0.100	0.289	0.309
0.387	0.015	0.580	0.018
0.001	0.001	0.997	0.001
0.043	0.001	0.812	0.144
0.130	0.424	0.062	0.384
0.022	0.008	0.874	0.096
0.043	0.102	0.391	0.464
0.319	0.077	0.417	0.187
0.268	0.089	0.413	0.230
0.226	0.341	0.173	0.259
>AAACCGAAAC	8-AAACCGAAAC	6.914040	-356.886782	0	T:1972.0(22.85%),B:5064.9(12.48%),P:1e-154	Tpos:294.9,Tstd:222.4,Bpos:249.2,Bstd:152.9,StrandBias:0.1,Multiplicity:1.24
0.673	0.066	0.188	0.073
0.656	0.075	0.097	0.172
0.773	0.074	0.066	0.087
0.132	0.520	0.184	0.164
0.060	0.435	0.255	0.251
0.141	0.016	0.831	0.012
0.849	0.048	0.090	0.013
0.876	0.055	0.027	0.042
0.897	0.027	0.020	0.056
0.077	0.619	0.244	0.060
>KAGGTGTBAA	9-KAGGTGTBAA	7.314263	-314.653787	0	T:2166.0(25.09%),B:6008.3(14.80%),P:1e-136	Tpos:291.9,Tstd:214.0,Bpos:252.0,Bstd:154.5,StrandBias:0.0,Multiplicity:1.20
0.212	0.087	0.376	0.324
0.950	0.001	0.001	0.048
0.199	0.152	0.488	0.161
0.001	0.083	0.904	0.012
0.001	0.007	0.001	0.991
0.001	0.001	0.997	0.001
0.202	0.165	0.001	0.632
0.065	0.281	0.401	0.254
0.976	0.001	0.001	0.022
0.405	0.174	0.218	0.203
>TCACCACAGV	10-TCACCACAGV	7.923167	-285.188699	0	T:1628.0(18.86%),B:4185.8(10.31%),P:1e-123	Tpos:289.0,Tstd:220.8,Bpos:247.9,Bstd:156.2,StrandBias:0.1,Multiplicity:1.10
0.001	0.222	0.001	0.776
0.001	0.498	0.221	0.281
0.975	0.001	0.023	0.001
0.001	0.997	0.001	0.001
0.020	0.978	0.001	0.001
0.553	0.001	0.344	0.102
0.001	0.997	0.001	0.001
0.917	0.003	0.016	0.064
0.199	0.161	0.512	0.128
0.344	0.301	0.258	0.097
>TCCGCCCACA	11-TCCGCCCACA	7.355092	-221.375429	0	T:1520.0(17.61%),B:4139.8(10.20%),P:1e-96	Tpos:306.0,Tstd:240.6,Bpos:251.5,Bstd:149.7,StrandBias:-0.1,Multiplicity:1.11
0.115	0.093	0.103	0.689
0.057	0.811	0.057	0.075
0.052	0.877	0.011	0.060
0.112	0.024	0.716	0.148
0.127	0.738	0.088	0.047
0.045	0.875	0.030	0.050
0.045	0.892	0.036	0.027
0.768	0.095	0.068	0.069
0.029	0.893	0.022	0.056
0.746	0.087	0.081	0.086
>NNAGTGGAAA	12-NNAGTGGAAA	7.295417	-192.558097	0	T:927.0(10.74%),B:2195.7(5.41%),P:1e-83	Tpos:308.1,Tstd:237.9,Bpos:245.5,Bstd:150.2,StrandBias:-0.1,Multiplicity:1.07
0.290	0.180	0.268	0.262
0.235	0.187	0.245	0.332
0.556	0.219	0.113	0.112
0.369	0.095	0.523	0.013
0.076	0.316	0.021	0.587
0.001	0.236	0.751	0.012
0.173	0.101	0.652	0.074
0.648	0.111	0.001	0.240
0.995	0.003	0.001	0.001
0.954	0.004	0.019	0.023
>AATTTGCATA	13-AATTTGCATA	8.655446	-162.660135	0	T:381.0(4.41%),B:619.8(1.53%),P:1e-70	Tpos:281.4,Tstd:218.0,Bpos:255.7,Bstd:139.5,StrandBias:-0.1,Multiplicity:1.08
0.447	0.175	0.224	0.154
0.968	0.001	0.001	0.030
0.001	0.001	0.027	0.971
0.001	0.001	0.001	0.997
0.001	0.001	0.001	0.997
0.014	0.001	0.984	0.001
0.001	0.981	0.001	0.017
0.976	0.010	0.001	0.013
0.023	0.001	0.001	0.975
0.919	0.001	0.042	0.038
>TGACCACAGA	14-TGACCACAGA	6.711490	-148.907045	0	T:2910.0(33.71%),B:10336.5(25.47%),P:1e-64	Tpos:305.7,Tstd:240.1,Bpos:252.2,Bstd:149.6,StrandBias:-0.1,Multiplicity:1.19
0.095	0.066	0.087	0.752
0.070	0.068	0.805	0.057
0.754	0.089	0.108	0.049
0.030	0.859	0.053	0.058
0.072	0.758	0.090	0.080
0.819	0.042	0.066	0.073
0.037	0.830	0.076	0.057
0.829	0.044	0.036	0.091
0.076	0.047	0.823	0.054
0.848	0.040	0.062	0.050
>GCCACATCYT	15-GCCACATCYT	9.878759	-116.448355	0	T:254.0(2.94%),B:394.1(0.97%),P:1e-50	Tpos:287.6,Tstd:234.9,Bpos:229.3,Bstd:154.1,StrandBias:0.1,Multiplicity:1.10
0.001	0.062	0.936	0.001
0.001	0.997	0.001	0.001
0.001	0.777	0.001	0.221
0.997	0.001	0.001	0.001
0.001	0.997	0.001	0.001
0.997	0.001	0.001	0.001
0.001	0.001	0.001	0.997
0.001	0.997	0.001	0.001
0.001	0.471	0.094	0.434
0.001	0.001	0.163	0.835
>GGGGTTTCCC	16-GGGGTTTCCC	8.171968	-112.802948	0	T:879.0(10.18%),B:2452.9(6.04%),P:1e-48	Tpos:305.9,Tstd:249.1,Bpos:256.3,Bstd:147.1,StrandBias:-0.1,Multiplicity:1.09
0.001	0.001	0.997	0.001
0.001	0.012	0.986	0.001
0.182	0.007	0.784	0.027
0.152	0.182	0.518	0.148
0.109	0.227	0.098	0.566
0.001	0.001	0.058	0.940
0.001	0.137	0.018	0.844
0.039	0.721	0.001	0.239
0.035	0.930	0.034	0.001
0.157	0.720	0.010	0.113
>AAATGACTGT	17-AAATGACTGT	8.495167	-105.414021	0	T:586.0(6.79%),B:1456.1(3.59%),P:1e-45	Tpos:286.0,Tstd:227.3,Bpos:252.4,Bstd:152.0,StrandBias:0.2,Multiplicity:1.09
0.682	0.001	0.124	0.193
0.638	0.001	0.123	0.238
0.948	0.001	0.050	0.001
0.001	0.008	0.001	0.990
0.001	0.001	0.997	0.001
0.997	0.001	0.001	0.001
0.001	0.901	0.097	0.001
0.028	0.001	0.001	0.970
0.153	0.077	0.690	0.080
0.053	0.001	0.177	0.769
>GGGAGGAGCC	18-GGGAGGAGCC	9.737260	-74.579655	0	T:411.0(4.76%),B:1017.4(2.51%),P:1e-32	Tpos:324.6,Tstd:250.5,Bpos:253.3,Bstd:140.2,StrandBias:0.2,Multiplicity:1.09
0.102	0.001	0.896	0.001
0.001	0.001	0.997	0.001
0.001	0.001	0.997	0.001
0.997	0.001	0.001	0.001
0.001	0.001	0.997	0.001
0.001	0.001	0.997	0.001
0.819	0.001	0.120	0.060
0.001	0.001	0.971	0.027
0.001	0.818	0.001	0.180
0.001	0.806	0.001	0.192
>TGACGTCATC	19-TGACGTCATC	7.929621	-72.218053	0	T:489.0(5.66%),B:1300.2(3.20%),P:1e-31	Tpos:292.0,Tstd:216.7,Bpos:250.2,Bstd:148.8,StrandBias:-0.2,Multiplicity:1.06
0.014	0.001	0.016	0.969
0.004	0.118	0.733	0.145
0.980	0.001	0.014	0.005
0.063	0.760	0.044	0.133
0.066	0.082	0.851	0.001
0.004	0.001	0.001	0.994
0.173	0.623	0.146	0.058
0.945	0.028	0.001	0.026
0.026	0.078	0.199	0.697
0.157	0.487	0.185	0.170
>CTATTTTTAG	20-CTATTTTTAG	7.112987	-53.190930	0	T:781.0(9.05%),B:2546.2(6.27%),P:1e-23	Tpos:311.1,Tstd:243.4,Bpos:252.2,Bstd:144.9,StrandBias:0.0,Multiplicity:1.10
0.056	0.793	0.060	0.091
0.019	0.024	0.046	0.911
0.859	0.041	0.070	0.030
0.079	0.047	0.075	0.799
0.103	0.086	0.066	0.745
0.087	0.065	0.079	0.769
0.117	0.067	0.093	0.723
0.086	0.075	0.057	0.782
0.810	0.027	0.077	0.086
0.059	0.058	0.813	0.070
>ATATACCGCA	21-ATATACCGCA	11.133335	-44.349213	0	T:22.0(0.25%),B:6.7(0.02%),P:1e-19	Tpos:199.2,Tstd:127.8,Bpos:210.3,Bstd:98.9,StrandBias:0.8,Multiplicity:1.00
0.873	0.001	0.063	0.063
0.063	0.001	0.001	0.935
0.571	0.063	0.365	0.001
0.214	0.001	0.292	0.492
0.997	0.001	0.001	0.001
0.001	0.935	0.001	0.063
0.001	0.997	0.001	0.001
0.001	0.001	0.997	0.001
0.001	0.871	0.001	0.127
0.594	0.064	0.191	0.151
>CTTCTTTTTT	22-CTTCTTTTTT	9.304927	-42.689005	0	T:974.0(11.28%),B:3445.2(8.49%),P:1e-18	Tpos:307.4,Tstd:239.5,Bpos:256.4,Bstd:155.5,StrandBias:-0.1,Multiplicity:1.10
0.001	0.644	0.001	0.354
0.106	0.015	0.024	0.855
0.028	0.001	0.038	0.933
0.001	0.694	0.001	0.304
0.038	0.205	0.001	0.756
0.132	0.001	0.030	0.837
0.001	0.001	0.140	0.858
0.011	0.011	0.001	0.977
0.084	0.009	0.001	0.906
0.001	0.100	0.043	0.856
>ATGACACAGC	23-ATGACACAGC	11.021387	-33.602396	0	T:87.0(1.01%),B:154.9(0.38%),P:1e-14	Tpos:309.8,Tstd:231.1,Bpos:232.7,Bstd:142.9,StrandBias:-0.4,Multiplicity:1.00
0.997	0.001	0.001	0.001
0.001	0.001	0.001	0.997
0.001	0.001	0.997	0.001
0.997	0.001	0.001	0.001
0.001	0.997	0.001	0.001
0.823	0.107	0.069	0.001
0.001	0.997	0.001	0.001
0.997	0.001	0.001	0.001
0.001	0.001	0.997	0.001
0.001	0.866	0.001	0.132
>CGTCCTACTT	24-CGTCCTACTT	11.327054	-32.642971	0	T:57.0(0.66%),B:78.2(0.19%),P:1e-14	Tpos:263.1,Tstd:147.1,Bpos:242.1,Bstd:142.3,StrandBias:-0.1,Multiplicity:1.08
0.001	0.629	0.001	0.369
0.001	0.001	0.997	0.001
0.314	0.001	0.001	0.684
0.001	0.997	0.001	0.001
0.001	0.698	0.001	0.300
0.001	0.001	0.001	0.997
0.997	0.001	0.001	0.001
0.001	0.997	0.001	0.001
0.001	0.001	0.001	0.997
0.001	0.001	0.001	0.997
>ACCCGSCATA	25-ACCCGSCATA	7.044640	-17.616898	0	T:195.0(2.26%),B:604.9(1.49%),P:1e-7	Tpos:284.7,Tstd:218.1,Bpos:256.3,Bstd:152.4,StrandBias:0.5,Multiplicity:1.15
0.887	0.001	0.111	0.001
0.223	0.512	0.264	0.001
0.111	0.887	0.001	0.001
0.001	0.997	0.001	0.001
0.001	0.001	0.997	0.001
0.223	0.376	0.289	0.112
0.001	0.997	0.001	0.001
0.665	0.111	0.001	0.223
0.111	0.001	0.001	0.887
0.997	0.001	0.001	0.001
