>TKTWRTBKBBKYRMCATCTGG	Tcf15+M4850	9.588744	-5.183301	0	T:91.0(1.77%),B:579.2(1.33%),P:1e-2
0.059	0.001	0.118	0.822
0.095	0.095	0.429	0.381
0.130	0.174	0.217	0.478
0.304	0.087	0.174	0.435
0.304	0.130	0.391	0.174
0.174	0.001	0.174	0.651
0.174	0.261	0.348	0.217
0.087	0.001	0.435	0.478
0.087	0.348	0.261	0.304
0.130	0.348	0.261	0.261
0.261	0.001	0.435	0.304
0.001	0.348	0.174	0.478
0.261	0.130	0.391	0.217
0.348	0.478	0.130	0.043
0.130	0.782	0.001	0.087
0.913	0.043	0.043	0.001
0.001	0.001	0.260	0.738
0.174	0.521	0.304	0.001
0.001	0.130	0.043	0.826
0.001	0.001	0.997	0.001
0.001	0.130	0.565	0.304
