>ACAGGAAGTG	1-ACAGGAAGTG	8.415218	-99.743706	0	T:213.0(12.31%),B:1926.0(4.15%),P:1e-43	Tpos:269.5,Tstd:227.0,Bpos:245.1,Bstd:140.5,StrandBias:-0.1,Multiplicity:1.14
0.642	0.018	0.333	0.007
0.001	0.935	0.063	0.001
0.988	0.010	0.001	0.001
0.001	0.001	0.997	0.001
0.001	0.001	0.977	0.021
0.956	0.001	0.005	0.038
0.972	0.006	0.004	0.018
0.092	0.020	0.887	0.001
0.001	0.009	0.021	0.969
0.058	0.084	0.798	0.060
>CCYCTAGTGG	2-CCYCTAGTGG	8.416258	-74.243674	0	T:203.0(11.73%),B:2137.3(4.61%),P:1e-32	Tpos:308.0,Tstd:285.2,Bpos:234.0,Bstd:134.3,StrandBias:-0.1,Multiplicity:1.07
0.001	0.984	0.014	0.001
0.249	0.641	0.033	0.077
0.001	0.560	0.010	0.429
0.001	0.997	0.001	0.001
0.035	0.001	0.001	0.963
0.526	0.001	0.319	0.154
0.001	0.126	0.771	0.102
0.001	0.020	0.020	0.959
0.001	0.029	0.969	0.001
0.001	0.001	0.928	0.070
>BKRTGAGTCA	3-BKRTGAGTCA	9.230018	-65.523108	0	T:137.0(7.91%),B:1213.3(2.61%),P:1e-28	Tpos:263.9,Tstd:201.6,Bpos:240.2,Bstd:136.8,StrandBias:-0.2,Multiplicity:1.11
0.159	0.276	0.351	0.214
0.190	0.114	0.335	0.360
0.443	0.199	0.341	0.016
0.001	0.009	0.001	0.989
0.001	0.001	0.997	0.001
0.997	0.001	0.001	0.001
0.033	0.354	0.590	0.023
0.001	0.001	0.040	0.958
0.038	0.950	0.001	0.011
0.974	0.001	0.001	0.024
>CGGTATTTCC	4-CGGTATTTCC	5.698762	-44.965432	0	T:334.0(19.30%),B:5407.4(11.65%),P:1e-19	Tpos:284.3,Tstd:244.5,Bpos:244.4,Bstd:142.5,StrandBias:-0.0,Multiplicity:1.11
0.144	0.498	0.197	0.161
0.186	0.140	0.502	0.172
0.074	0.181	0.617	0.128
0.186	0.089	0.169	0.556
0.555	0.134	0.112	0.199
0.136	0.099	0.171	0.594
0.057	0.123	0.130	0.690
0.080	0.089	0.105	0.726
0.134	0.551	0.140	0.175
0.192	0.660	0.042	0.106
>STTTCCKTTT	5-STTTCCKTTT	7.723838	-41.776672	0	T:338.0(19.53%),B:5611.2(12.09%),P:1e-18	Tpos:328.1,Tstd:328.7,Bpos:234.8,Bstd:146.1,StrandBias:-0.1,Multiplicity:1.25
0.150	0.310	0.418	0.122
0.001	0.035	0.001	0.963
0.001	0.103	0.001	0.895
0.001	0.131	0.122	0.746
0.021	0.941	0.037	0.001
0.162	0.549	0.204	0.085
0.110	0.205	0.356	0.329
0.026	0.001	0.093	0.880
0.001	0.183	0.001	0.815
0.111	0.305	0.023	0.561
>GAGCGGAAAT	6-GAGCGGAAAT	4.785902	-38.209048	0	T:679.0(39.23%),B:13803.4(29.75%),P:1e-16	Tpos:334.9,Tstd:283.7,Bpos:236.2,Bstd:149.9,StrandBias:-0.0,Multiplicity:1.39
0.111	0.115	0.697	0.077
0.689	0.119	0.112	0.080
0.107	0.104	0.694	0.095
0.084	0.715	0.101	0.100
0.083	0.086	0.744	0.087
0.101	0.099	0.706	0.094
0.716	0.088	0.095	0.101
0.671	0.092	0.126	0.111
0.686	0.087	0.118	0.109
0.100	0.113	0.103	0.684
>TTTGGCGSCA	7-TTTGGCGSCA	7.592553	-36.435407	0	T:114.0(6.59%),B:1291.5(2.78%),P:1e-15	Tpos:377.4,Tstd:367.8,Bpos:241.9,Bstd:151.7,StrandBias:0.1,Multiplicity:1.06
0.001	0.082	0.141	0.776
0.001	0.066	0.127	0.806
0.105	0.080	0.001	0.814
0.135	0.246	0.483	0.137
0.001	0.001	0.997	0.001
0.114	0.820	0.001	0.065
0.035	0.001	0.832	0.132
0.001	0.402	0.538	0.059
0.059	0.506	0.275	0.160
0.688	0.267	0.001	0.044
>GACCAATCAG	8-GACCAATCAG	8.801692	-34.646631	0	T:99.0(5.72%),B:1070.0(2.31%),P:1e-15	Tpos:302.2,Tstd:282.6,Bpos:237.3,Bstd:145.2,StrandBias:0.1,Multiplicity:1.11
0.247	0.050	0.642	0.061
0.643	0.001	0.277	0.079
0.001	0.875	0.047	0.077
0.001	0.997	0.001	0.001
0.987	0.001	0.011	0.001
0.997	0.001	0.001	0.001
0.001	0.025	0.001	0.973
0.064	0.690	0.245	0.001
0.917	0.081	0.001	0.001
0.001	0.229	0.727	0.043
>CGCCTTACCG	9-CGCCTTACCG	7.943903	-33.120069	0	T:79.0(4.56%),B:769.5(1.66%),P:1e-14	Tpos:401.5,Tstd:283.4,Bpos:241.9,Bstd:159.6,StrandBias:0.3,Multiplicity:1.05
0.079	0.844	0.010	0.067
0.063	0.133	0.736	0.068
0.071	0.864	0.022	0.043
0.001	0.916	0.044	0.039
0.060	0.087	0.032	0.821
0.086	0.077	0.057	0.780
0.742	0.112	0.104	0.042
0.121	0.770	0.077	0.032
0.191	0.723	0.047	0.039
0.050	0.031	0.816	0.103
>CGATTGGCGG	10-CGATTGGCGG	7.155488	-32.726858	0	T:192.0(11.09%),B:2854.9(6.15%),P:1e-14	Tpos:347.8,Tstd:243.6,Bpos:241.0,Bstd:159.1,StrandBias:0.2,Multiplicity:1.21
0.072	0.715	0.135	0.078
0.010	0.188	0.734	0.068
0.763	0.122	0.065	0.050
0.106	0.010	0.132	0.752
0.054	0.118	0.049	0.779
0.001	0.023	0.975	0.001
0.001	0.019	0.979	0.001
0.053	0.783	0.004	0.160
0.054	0.130	0.690	0.126
0.136	0.019	0.844	0.001
>CTTTGAAGTC	11-CTTTGAAGTC	8.345835	-30.131312	0	T:139.0(8.03%),B:1887.0(4.07%),P:1e-13	Tpos:276.6,Tstd:260.2,Bpos:242.3,Bstd:145.3,StrandBias:-0.3,Multiplicity:1.08
0.010	0.899	0.010	0.081
0.190	0.001	0.014	0.795
0.001	0.169	0.131	0.699
0.001	0.128	0.001	0.870
0.010	0.035	0.937	0.018
0.917	0.001	0.021	0.061
0.778	0.145	0.013	0.064
0.013	0.073	0.913	0.001
0.034	0.056	0.139	0.771
0.061	0.441	0.284	0.214
>TCGGCAAACC	12-TCGGCAAACC	7.636705	-29.701040	0	T:45.0(2.60%),B:318.1(0.69%),P:1e-12	Tpos:315.7,Tstd:227.8,Bpos:247.5,Bstd:148.3,StrandBias:-0.3,Multiplicity:1.00
0.348	0.016	0.024	0.612
0.209	0.700	0.044	0.047
0.063	0.134	0.596	0.207
0.058	0.191	0.514	0.237
0.033	0.652	0.262	0.053
0.833	0.038	0.037	0.092
0.581	0.250	0.150	0.019
0.514	0.209	0.006	0.271
0.262	0.704	0.019	0.015
0.053	0.667	0.232	0.048
>TATGCAAATT	13-TATGCAAATT	9.184130	-29.511906	0	T:52.0(3.00%),B:414.4(0.89%),P:1e-12	Tpos:288.8,Tstd:222.4,Bpos:234.2,Bstd:144.9,StrandBias:0.0,Multiplicity:1.10
0.026	0.001	0.001	0.972
0.977	0.012	0.010	0.001
0.016	0.001	0.001	0.982
0.001	0.001	0.960	0.038
0.001	0.808	0.001	0.190
0.982	0.001	0.001	0.016
0.997	0.001	0.001	0.001
0.948	0.050	0.001	0.001
0.001	0.026	0.012	0.961
0.150	0.010	0.273	0.567
>GGCGGGGCCT	14-GGCGGGGCCT	8.993143	-28.470172	0	T:156.0(9.01%),B:2263.1(4.88%),P:1e-12	Tpos:401.5,Tstd:324.3,Bpos:237.0,Bstd:168.6,StrandBias:0.1,Multiplicity:1.30
0.058	0.058	0.838	0.046
0.035	0.046	0.869	0.050
0.060	0.838	0.049	0.053
0.021	0.036	0.915	0.028
0.063	0.066	0.826	0.045
0.098	0.060	0.764	0.078
0.088	0.064	0.762	0.086
0.091	0.724	0.078	0.107
0.089	0.767	0.088	0.056
0.123	0.102	0.070	0.705
>TAAACCACAY	15-TAAACCACAY	11.142686	-28.374608	0	T:36.0(2.08%),B:218.7(0.47%),P:1e-12	Tpos:292.2,Tstd:209.2,Bpos:239.2,Bstd:143.2,StrandBias:-0.4,Multiplicity:1.00
0.001	0.001	0.209	0.789
0.997	0.001	0.001	0.001
0.997	0.001	0.001	0.001
0.948	0.001	0.050	0.001
0.001	0.997	0.001	0.001
0.199	0.799	0.001	0.001
0.968	0.030	0.001	0.001
0.001	0.997	0.001	0.001
0.997	0.001	0.001	0.001
0.148	0.464	0.001	0.388
>TGCTTTAARC	16-TGCTTTAARC	9.692548	-28.325919	0	T:63.0(3.64%),B:590.3(1.27%),P:1e-12	Tpos:302.3,Tstd:202.8,Bpos:234.4,Bstd:147.5,StrandBias:0.3,Multiplicity:1.03
0.001	0.298	0.001	0.700
0.001	0.001	0.865	0.133
0.244	0.754	0.001	0.001
0.001	0.001	0.001	0.997
0.001	0.160	0.001	0.838
0.001	0.001	0.001	0.997
0.611	0.226	0.162	0.001
0.941	0.001	0.028	0.030
0.465	0.001	0.533	0.001
0.136	0.862	0.001	0.001
>AATTTGATCT	17-AATTTGATCT	9.734162	-24.670156	0	T:34.0(1.96%),B:225.0(0.48%),P:1e-10	Tpos:297.4,Tstd:253.1,Bpos:240.0,Bstd:142.0,StrandBias:0.1,Multiplicity:1.00
0.633	0.032	0.001	0.334
0.561	0.163	0.224	0.052
0.065	0.109	0.134	0.692
0.096	0.028	0.153	0.723
0.001	0.001	0.169	0.829
0.001	0.001	0.933	0.065
0.917	0.001	0.081	0.001
0.001	0.043	0.015	0.941
0.034	0.964	0.001	0.001
0.073	0.235	0.001	0.691
>ATTTCAAACG	18-ATTTCAAACG	9.998174	-24.341284	0	T:48.0(2.77%),B:418.4(0.90%),P:1e-10	Tpos:274.7,Tstd:196.4,Bpos:249.0,Bstd:139.3,StrandBias:-0.4,Multiplicity:1.00
0.835	0.090	0.074	0.001
0.001	0.093	0.001	0.905
0.001	0.001	0.001	0.997
0.001	0.049	0.001	0.949
0.001	0.897	0.053	0.049
0.997	0.001	0.001	0.001
0.931	0.001	0.067	0.001
0.890	0.001	0.001	0.108
0.114	0.788	0.051	0.047
0.074	0.001	0.850	0.075
>TGTTTCCTGT	19-TGTTTCCTGT	10.929677	-23.733950	0	T:52.0(3.00%),B:486.6(1.05%),P:1e-10	Tpos:246.6,Tstd:173.3,Bpos:239.6,Bstd:139.1,StrandBias:-0.4,Multiplicity:1.00
0.001	0.015	0.001	0.983
0.001	0.001	0.997	0.001
0.001	0.001	0.001	0.997
0.001	0.001	0.001	0.997
0.001	0.001	0.001	0.997
0.001	0.892	0.106	0.001
0.001	0.997	0.001	0.001
0.001	0.081	0.001	0.917
0.001	0.001	0.997	0.001
0.114	0.001	0.122	0.763
>CAGCCTGTCA	20-CAGCCTGTCA	9.797799	-21.271661	0	T:73.0(4.22%),B:877.4(1.89%),P:1e-9	Tpos:308.3,Tstd:245.6,Bpos:231.5,Bstd:130.6,StrandBias:0.4,Multiplicity:1.05
0.045	0.716	0.074	0.165
0.869	0.001	0.001	0.129
0.010	0.001	0.988	0.001
0.001	0.948	0.050	0.001
0.001	0.997	0.001	0.001
0.151	0.001	0.001	0.847
0.001	0.001	0.969	0.029
0.001	0.086	0.039	0.874
0.001	0.997	0.001	0.001
0.783	0.001	0.001	0.215
>GTCCATGTGC	21-GTCCATGTGC	9.253409	-12.448250	0	T:40.0(2.31%),B:479.1(1.03%),P:1e-5	Tpos:250.6,Tstd:216.4,Bpos:241.5,Bstd:148.1,StrandBias:1.4,Multiplicity:1.48
0.001	0.001	0.997	0.001
0.001	0.001	0.001	0.997
0.346	0.638	0.015	0.001
0.001	0.683	0.107	0.209
0.820	0.001	0.001	0.178
0.241	0.154	0.001	0.604
0.001	0.001	0.997	0.001
0.001	0.001	0.001	0.997
0.001	0.001	0.997	0.001
0.001	0.997	0.001	0.001
>MTTGTACACA	22-MTTGTACACA	10.591289	-8.385996	0	T:21.0(1.21%),B:230.6(0.50%),P:1e-3	Tpos:214.1,Tstd:184.8,Bpos:240.7,Bstd:124.2,StrandBias:-0.8,Multiplicity:1.40
0.466	0.327	0.001	0.206
0.001	0.001	0.001	0.997
0.001	0.001	0.001	0.997
0.001	0.001	0.997	0.001
0.001	0.001	0.001	0.997
0.898	0.100	0.001	0.001
0.001	0.997	0.001	0.001
0.997	0.001	0.001	0.001
0.001	0.841	0.157	0.001
0.838	0.001	0.160	0.001
>CTAAGCCACA	23-CTAAGCCACA	11.176642	-8.057690	0	T:12.0(0.69%),B:95.8(0.21%),P:1e-3	Tpos:266.5,Tstd:141.0,Bpos:237.9,Bstd:115.2,StrandBias:2.1,Multiplicity:2.29
0.001	0.997	0.001	0.001
0.001	0.001	0.001	0.997
0.997	0.001	0.001	0.001
0.997	0.001	0.001	0.001
0.070	0.001	0.928	0.001
0.001	0.997	0.001	0.001
0.001	0.997	0.001	0.001
0.997	0.001	0.001	0.001
0.001	0.997	0.001	0.001
0.997	0.001	0.001	0.001
>GTCATACCCA	24-GTCATACCCA	10.296193	-7.069620	0	T:4.0(0.23%),B:12.0(0.03%),P:1e-3	Tpos:162.2,Tstd:135.2,Bpos:171.4,Bstd:144.7,StrandBias:-5.1,Multiplicity:9.00
0.100	0.100	0.700	0.100
0.100	0.100	0.100	0.700
0.100	0.700	0.100	0.100
0.700	0.100	0.100	0.100
0.100	0.100	0.100	0.700
0.700	0.100	0.100	0.100
0.100	0.700	0.100	0.100
0.100	0.700	0.100	0.100
0.100	0.700	0.100	0.100
0.700	0.100	0.100	0.100
>CATCAGCACA	25-CATCAGCACA	10.296193	-6.591490	0	T:10.0(0.58%),B:83.1(0.18%),P:1e-2	Tpos:492.9,Tstd:218.6,Bpos:213.1,Bstd:144.0,StrandBias:0.6,Multiplicity:1.50
0.100	0.700	0.100	0.100
0.700	0.100	0.100	0.100
0.100	0.100	0.100	0.700
0.100	0.700	0.100	0.100
0.700	0.100	0.100	0.100
0.100	0.100	0.700	0.100
0.100	0.700	0.100	0.100
0.700	0.100	0.100	0.100
0.100	0.700	0.100	0.100
0.700	0.100	0.100	0.100
