>CCACTAGGKGGC	1-CCACTAGGKGGC	9.524440	-155.422024	0	T:173.0(9.99%),B:887.3(1.91%),P:1e-67	Tpos:272.8,Tstd:266.7,Bpos:232.0,Bstd:142.4,StrandBias:0.3,Multiplicity:1.04
0.072	0.839	0.047	0.042
0.001	0.997	0.001	0.001
0.764	0.089	0.001	0.146
0.042	0.736	0.221	0.001
0.106	0.247	0.033	0.614
0.904	0.001	0.086	0.009
0.001	0.001	0.997	0.001
0.285	0.045	0.620	0.050
0.001	0.033	0.533	0.433
0.001	0.001	0.997	0.001
0.067	0.054	0.796	0.083
0.103	0.768	0.001	0.128
>AAACAGGAARTD	2-AAACAGGAARTD	9.946843	-83.591009	0	T:164.0(9.47%),B:1390.6(3.00%),P:1e-36	Tpos:258.6,Tstd:158.9,Bpos:246.2,Bstd:142.4,StrandBias:0.2,Multiplicity:1.05
0.558	0.232	0.209	0.001
0.578	0.190	0.231	0.001
0.607	0.199	0.193	0.001
0.169	0.675	0.155	0.001
0.997	0.001	0.001	0.001
0.001	0.001	0.997	0.001
0.001	0.001	0.997	0.001
0.997	0.001	0.001	0.001
0.955	0.001	0.001	0.043
0.529	0.032	0.438	0.001
0.001	0.230	0.073	0.696
0.342	0.162	0.271	0.225
>CYKATGAGTCAT	3-CYKATGAGTCAT	7.921324	-68.714576	0	T:194.0(11.21%),B:2079.0(4.48%),P:1e-29	Tpos:272.2,Tstd:190.5,Bpos:236.1,Bstd:136.4,StrandBias:-0.0,Multiplicity:1.14
0.140	0.512	0.216	0.132
0.216	0.391	0.144	0.249
0.109	0.152	0.442	0.297
0.485	0.233	0.143	0.140
0.001	0.001	0.001	0.997
0.001	0.001	0.997	0.001
0.961	0.001	0.001	0.037
0.001	0.287	0.674	0.038
0.037	0.001	0.001	0.961
0.001	0.997	0.001	0.001
0.997	0.001	0.001	0.001
0.001	0.343	0.085	0.571
>ACCACATCCTGT	4-ACCACATCCTGT	9.388122	-44.091341	0	T:93.0(5.37%),B:831.5(1.79%),P:1e-19	Tpos:336.4,Tstd:272.8,Bpos:237.9,Bstd:132.2,StrandBias:0.4,Multiplicity:1.09
0.766	0.111	0.051	0.072
0.091	0.751	0.073	0.085
0.077	0.848	0.050	0.025
0.851	0.086	0.015	0.048
0.015	0.937	0.047	0.001
0.880	0.035	0.025	0.060
0.060	0.190	0.095	0.655
0.001	0.876	0.063	0.060
0.024	0.974	0.001	0.001
0.078	0.025	0.025	0.872
0.099	0.085	0.790	0.026
0.088	0.075	0.034	0.803
>GGGMGGRGMCDN	5-GGGMGGRGMCDN	7.154590	-43.618095	0	T:265.0(15.31%),B:4001.3(8.62%),P:1e-18	Tpos:371.8,Tstd:293.9,Bpos:239.8,Bstd:156.9,StrandBias:-0.0,Multiplicity:1.34
0.342	0.048	0.571	0.039
0.146	0.035	0.770	0.049
0.057	0.061	0.846	0.036
0.311	0.414	0.066	0.209
0.300	0.017	0.636	0.047
0.026	0.242	0.532	0.200
0.271	0.207	0.361	0.161
0.060	0.058	0.611	0.271
0.321	0.381	0.171	0.127
0.043	0.514	0.360	0.083
0.310	0.021	0.264	0.405
0.285	0.184	0.278	0.254
>TGAAACGGAAAG	6-TGAAACGGAAAG	8.860553	-36.701186	0	T:114.0(6.59%),B:1286.8(2.77%),P:1e-15	Tpos:306.5,Tstd:300.2,Bpos:238.1,Bstd:146.3,StrandBias:-0.1,Multiplicity:1.09
0.096	0.024	0.024	0.856
0.069	0.033	0.869	0.029
0.856	0.009	0.074	0.061
0.851	0.001	0.086	0.062
0.861	0.048	0.043	0.048
0.106	0.660	0.093	0.141
0.052	0.099	0.672	0.177
0.054	0.021	0.863	0.062
0.923	0.009	0.067	0.001
0.905	0.001	0.070	0.024
0.953	0.001	0.018	0.028
0.056	0.128	0.737	0.079
>NYTGTGGTTTKN	7-NYTGTGGTTTKN	8.222692	-32.873552	0	T:152.0(8.78%),B:2063.2(4.45%),P:1e-14	Tpos:259.6,Tstd:186.2,Bpos:241.7,Bstd:142.4,StrandBias:0.1,Multiplicity:1.05
0.228	0.308	0.161	0.303
0.158	0.381	0.210	0.251
0.062	0.001	0.089	0.848
0.042	0.001	0.876	0.081
0.054	0.122	0.016	0.808
0.040	0.082	0.781	0.097
0.017	0.001	0.981	0.001
0.046	0.009	0.070	0.875
0.083	0.018	0.072	0.827
0.145	0.067	0.015	0.773
0.076	0.104	0.458	0.361
0.277	0.310	0.180	0.234
>GTGATCAATTGA	8-GTGATCAATTGA	14.042917	-28.239669	0	T:8.0(0.46%),B:3.9(0.01%),P:1e-12	Tpos:230.2,Tstd:171.1,Bpos:207.5,Bstd:116.8,StrandBias:0.7,Multiplicity:1.00
0.001	0.001	0.997	0.001
0.001	0.001	0.001	0.997
0.001	0.001	0.997	0.001
0.832	0.166	0.001	0.001
0.001	0.001	0.001	0.997
0.001	0.832	0.166	0.001
0.997	0.001	0.001	0.001
0.832	0.001	0.001	0.166
0.001	0.001	0.001	0.997
0.001	0.001	0.001	0.997
0.166	0.166	0.667	0.001
0.997	0.001	0.001	0.001
>GCTAGCCAATCG	9-GCTAGCCAATCG	9.050558	-27.985816	0	T:58.0(3.35%),B:520.0(1.12%),P:1e-12	Tpos:342.0,Tstd:324.3,Bpos:245.3,Bstd:145.2,StrandBias:-0.1,Multiplicity:1.04
0.045	0.158	0.684	0.113
0.001	0.997	0.001	0.001
0.001	0.025	0.147	0.827
0.700	0.001	0.298	0.001
0.056	0.001	0.887	0.056
0.001	0.997	0.001	0.001
0.056	0.942	0.001	0.001
0.852	0.113	0.034	0.001
0.752	0.158	0.056	0.034
0.001	0.056	0.001	0.942
0.065	0.823	0.056	0.056
0.147	0.091	0.604	0.158
>TAAAAAGAAACC	10-TAAAAAGAAACC	9.783595	-26.735868	0	T:98.0(5.66%),B:1206.7(2.60%),P:1e-11	Tpos:346.7,Tstd:308.1,Bpos:236.8,Bstd:148.7,StrandBias:0.3,Multiplicity:1.05
0.125	0.114	0.001	0.760
0.797	0.101	0.009	0.093
0.813	0.054	0.132	0.001
0.842	0.037	0.037	0.084
0.808	0.022	0.169	0.001
0.897	0.001	0.001	0.101
0.001	0.273	0.691	0.035
0.924	0.053	0.022	0.001
0.997	0.001	0.001	0.001
0.997	0.001	0.001	0.001
0.122	0.513	0.198	0.167
0.064	0.804	0.104	0.028
>CGGCAGGAAGTG	11-CGGCAGGAAGTG	2.771757	-26.694017	0	T:100.0(5.78%),B:1243.5(2.68%),P:1e-11	Tpos:301.5,Tstd:246.7,Bpos:240.8,Bstd:141.2,StrandBias:0.0,Multiplicity:1.20
0.001	0.730	0.001	0.268
0.001	0.001	0.997	0.001
0.001	0.001	0.997	0.001
0.001	0.997	0.001	0.001
0.997	0.001	0.001	0.001
0.019	0.001	0.979	0.001
0.001	0.001	0.997	0.001
0.997	0.001	0.001	0.001
0.997	0.001	0.001	0.001
0.001	0.001	0.997	0.001
0.001	0.001	0.001	0.997
0.001	0.001	0.997	0.001
>ACTTCCCCTCCG	12-ACTTCCCCTCCG	13.006233	-25.364994	0	T:16.0(0.92%),B:41.2(0.09%),P:1e-11	Tpos:275.1,Tstd:228.5,Bpos:246.1,Bstd:148.0,StrandBias:1.1,Multiplicity:1.00
0.917	0.081	0.001	0.001
0.001	0.820	0.001	0.178
0.178	0.001	0.001	0.820
0.001	0.001	0.001	0.997
0.001	0.997	0.001	0.001
0.001	0.997	0.001	0.001
0.001	0.876	0.122	0.001
0.001	0.997	0.001	0.001
0.001	0.001	0.001	0.997
0.001	0.997	0.001	0.001
0.001	0.820	0.178	0.001
0.001	0.061	0.849	0.089
>GGGAAATCCCCA	13-GGGAAATCCCCA	9.821122	-24.847073	0	T:50.0(2.89%),B:441.7(0.95%),P:1e-10	Tpos:219.0,Tstd:157.2,Bpos:249.0,Bstd:133.9,StrandBias:0.2,Multiplicity:1.04
0.204	0.035	0.605	0.156
0.035	0.001	0.963	0.001
0.120	0.001	0.878	0.001
0.826	0.028	0.111	0.035
0.971	0.027	0.001	0.001
0.677	0.001	0.074	0.248
0.065	0.189	0.028	0.718
0.001	0.737	0.050	0.212
0.001	0.948	0.001	0.050
0.140	0.763	0.001	0.096
0.034	0.875	0.001	0.090
0.799	0.114	0.035	0.052
>CCGTTTGCTGTT	14-CCGTTTGCTGTT	10.072430	-23.603563	0	T:28.0(1.62%),B:161.7(0.35%),P:1e-10	Tpos:315.8,Tstd:225.0,Bpos:247.8,Bstd:149.9,StrandBias:-0.1,Multiplicity:1.19
0.054	0.846	0.054	0.046
0.060	0.854	0.043	0.043
0.091	0.100	0.754	0.055
0.045	0.037	0.061	0.857
0.001	0.111	0.201	0.687
0.055	0.001	0.107	0.837
0.109	0.109	0.781	0.001
0.108	0.782	0.055	0.055
0.054	0.100	0.001	0.845
0.001	0.001	0.907	0.091
0.115	0.001	0.001	0.883
0.054	0.044	0.242	0.660
>GTTTCCTCTAAC	15-GTTTCCTCTAAC	9.335493	-23.488070	0	T:55.0(3.18%),B:536.8(1.16%),P:1e-10	Tpos:218.1,Tstd:169.9,Bpos:226.0,Bstd:142.9,StrandBias:0.5,Multiplicity:1.06
0.108	0.052	0.690	0.150
0.001	0.029	0.023	0.947
0.029	0.036	0.029	0.906
0.117	0.034	0.047	0.802
0.001	0.964	0.001	0.034
0.082	0.788	0.029	0.101
0.029	0.023	0.029	0.919
0.043	0.799	0.049	0.109
0.084	0.047	0.001	0.868
0.779	0.030	0.020	0.171
0.852	0.088	0.028	0.032
0.146	0.699	0.057	0.098
>TTCCCGCCAAAA	16-TTCCCGCCAAAA	8.804547	-20.554232	0	T:61.0(3.52%),B:683.7(1.47%),P:1e-8	Tpos:273.0,Tstd:189.3,Bpos:244.0,Bstd:139.8,StrandBias:0.2,Multiplicity:1.07
0.035	0.080	0.001	0.884
0.001	0.070	0.001	0.928
0.035	0.860	0.035	0.070
0.028	0.828	0.074	0.070
0.181	0.721	0.035	0.063
0.028	0.092	0.804	0.076
0.070	0.870	0.059	0.001
0.001	0.929	0.069	0.001
0.857	0.038	0.070	0.035
0.765	0.164	0.001	0.070
0.745	0.105	0.087	0.063
0.817	0.091	0.089	0.003
>TATTTCAAACGC	17-TATTTCAAACGC	10.411613	-17.791943	0	T:28.0(1.62%),B:211.3(0.46%),P:1e-7	Tpos:240.1,Tstd:172.0,Bpos:231.6,Bstd:135.3,StrandBias:-1.2,Multiplicity:1.07
0.093	0.025	0.001	0.881
0.823	0.131	0.028	0.018
0.046	0.139	0.001	0.814
0.046	0.001	0.046	0.907
0.046	0.001	0.001	0.952
0.046	0.837	0.001	0.116
0.997	0.001	0.001	0.001
0.906	0.001	0.001	0.092
0.952	0.001	0.001	0.046
0.144	0.528	0.224	0.104
0.119	0.047	0.713	0.121
0.104	0.700	0.028	0.168
>CCAATCAGCGAG	18-CCAATCAGCGAG	9.246240	-17.105630	0	T:47.0(2.72%),B:510.7(1.10%),P:1e-7	Tpos:265.2,Tstd:167.6,Bpos:232.4,Bstd:143.7,StrandBias:0.2,Multiplicity:1.00
0.112	0.886	0.001	0.001
0.049	0.860	0.090	0.001
0.864	0.045	0.001	0.090
0.788	0.154	0.022	0.036
0.063	0.090	0.072	0.775
0.001	0.923	0.031	0.045
0.879	0.045	0.031	0.045
0.045	0.086	0.868	0.001
0.113	0.700	0.035	0.152
0.127	0.131	0.720	0.022
0.845	0.079	0.045	0.031
0.001	0.093	0.905	0.001
>GAHRCCACYCCC	19-GAHRCCACYCCC	9.365818	-16.491302	0	T:78.0(4.51%),B:1084.5(2.34%),P:1e-7	Tpos:270.8,Tstd:184.3,Bpos:239.3,Bstd:135.4,StrandBias:0.3,Multiplicity:1.07
0.001	0.001	0.743	0.255
0.727	0.001	0.001	0.271
0.307	0.363	0.109	0.221
0.317	0.124	0.442	0.117
0.313	0.595	0.091	0.001
0.001	0.997	0.001	0.001
0.947	0.001	0.051	0.001
0.001	0.997	0.001	0.001
0.215	0.410	0.001	0.375
0.057	0.445	0.258	0.240
0.105	0.893	0.001	0.001
0.001	0.933	0.001	0.065
>CTAAGCCACACC	20-CTAAGCCACACC	6.779409	-15.397569	0	T:429.0(24.78%),B:9174.7(19.77%),P:1e-6	Tpos:318.8,Tstd:300.9,Bpos:237.1,Bstd:137.4,StrandBias:0.1,Multiplicity:1.24
0.109	0.685	0.088	0.118
0.148	0.121	0.076	0.655
0.691	0.117	0.112	0.080
0.793	0.041	0.103	0.063
0.117	0.094	0.721	0.068
0.083	0.744	0.091	0.082
0.078	0.834	0.029	0.059
0.756	0.103	0.036	0.105
0.065	0.820	0.080	0.035
0.725	0.094	0.079	0.102
0.062	0.739	0.101	0.098
0.066	0.837	0.027	0.070
>TCCATCATGTGA	21-TCCATCATGTGA	13.997353	-10.909555	0	T:4.0(0.23%),B:4.1(0.01%),P:1e-4	Tpos:168.7,Tstd:54.0,Bpos:263.6,Bstd:122.9,StrandBias:3.2,Multiplicity:2.50
0.001	0.001	0.001	0.997
0.001	0.997	0.001	0.001
0.001	0.997	0.001	0.001
0.889	0.109	0.001	0.001
0.001	0.001	0.001	0.997
0.001	0.997	0.001	0.001
0.997	0.001	0.001	0.001
0.001	0.001	0.001	0.997
0.240	0.001	0.758	0.001
0.109	0.001	0.001	0.889
0.001	0.001	0.997	0.001
0.997	0.001	0.001	0.001
>TGCTGGGTATGA	22-TGCTGGGTATGA	12.355432	-9.635611	0	T:3.0(0.17%),B:2.8(0.01%),P:1e-4	Tpos:155.2,Tstd:104.1,Bpos:154.2,Bstd:102.0,StrandBias:10.0,Multiplicity:12.00
0.100	0.100	0.100	0.700
0.100	0.100	0.700	0.100
0.100	0.700	0.100	0.100
0.100	0.100	0.100	0.700
0.100	0.100	0.700	0.100
0.100	0.100	0.700	0.100
0.100	0.100	0.700	0.100
0.100	0.100	0.100	0.700
0.700	0.100	0.100	0.100
0.100	0.100	0.100	0.700
0.100	0.100	0.700	0.100
0.700	0.100	0.100	0.100
>TGAGGCAGGGGG	23-TGAGGCAGGGGG	12.474374	-8.716734	0	T:7.0(0.40%),B:30.3(0.07%),P:1e-3	Tpos:475.9,Tstd:333.9,Bpos:262.8,Bstd:121.6,StrandBias:2.2,Multiplicity:2.43
0.001	0.001	0.001	0.997
0.001	0.001	0.997	0.001
0.997	0.001	0.001	0.001
0.001	0.001	0.997	0.001
0.001	0.001	0.997	0.001
0.001	0.997	0.001	0.001
0.997	0.001	0.001	0.001
0.001	0.001	0.863	0.135
0.001	0.001	0.997	0.001
0.001	0.001	0.879	0.119
0.001	0.001	0.997	0.001
0.001	0.001	0.997	0.001
>GCTAAGCCACAC	24-GCTAAGCCACAC	8.463612	-7.199329	0	T:88.0(5.08%),B:1653.1(3.56%),P:1e-3	Tpos:310.5,Tstd:300.8,Bpos:239.6,Bstd:141.2,StrandBias:0.3,Multiplicity:1.14
0.100	0.100	0.700	0.100
0.100	0.700	0.100	0.100
0.100	0.100	0.100	0.700
0.700	0.100	0.100	0.100
0.700	0.100	0.100	0.100
0.100	0.100	0.700	0.100
0.100	0.700	0.100	0.100
0.100	0.700	0.100	0.100
0.700	0.100	0.100	0.100
0.100	0.700	0.100	0.100
0.700	0.100	0.100	0.100
0.100	0.700	0.100	0.100
>ACCAAGTCACAG	25-ACCAAGTCACAG	12.355432	-3.835063	0	T:2.0(0.12%),B:6.5(0.01%),P:1e-1	Tpos:21.8,Tstd:10.4,Bpos:142.8,Bstd:60.5,StrandBias:-1.6,Multiplicity:2.00
0.700	0.100	0.100	0.100
0.100	0.700	0.100	0.100
0.100	0.700	0.100	0.100
0.700	0.100	0.100	0.100
0.700	0.100	0.100	0.100
0.100	0.100	0.700	0.100
0.100	0.100	0.100	0.700
0.100	0.700	0.100	0.100
0.700	0.100	0.100	0.100
0.100	0.700	0.100	0.100
0.700	0.100	0.100	0.100
0.100	0.100	0.700	0.100
