>CAGGAAGT	1-CAGGAAGT	8.811958	-82.635383	0	T:303.0(17.50%),B:3756.0(8.09%),P:1e-35	Tpos:295.5,Tstd:249.0,Bpos:244.6,Bstd:140.9,StrandBias:-0.1,Multiplicity:1.16
0.001	0.862	0.136	0.001
0.997	0.001	0.001	0.001
0.001	0.001	0.997	0.001
0.001	0.001	0.997	0.001
0.997	0.001	0.001	0.001
0.997	0.001	0.001	0.001
0.231	0.001	0.767	0.001
0.001	0.001	0.001	0.997
>ATGACTCA	2-ATGACTCA	6.226904	-59.335672	0	T:403.0(23.28%),B:6394.3(13.78%),P:1e-25	Tpos:263.6,Tstd:206.9,Bpos:239.2,Bstd:137.7,StrandBias:-0.0,Multiplicity:1.18
0.616	0.091	0.292	0.001
0.032	0.001	0.001	0.966
0.001	0.035	0.963	0.001
0.958	0.001	0.001	0.040
0.001	0.732	0.240	0.027
0.024	0.001	0.021	0.954
0.035	0.933	0.021	0.011
0.981	0.001	0.017	0.001
>ASCGGAAA	3-ASCGGAAA	5.924550	-58.775080	0	T:708.0(40.90%),B:13458.8(29.01%),P:1e-25	Tpos:316.6,Tstd:272.9,Bpos:239.3,Bstd:151.9,StrandBias:-0.1,Multiplicity:1.35
0.659	0.078	0.107	0.156
0.211	0.333	0.455	0.001
0.110	0.825	0.001	0.064
0.001	0.154	0.843	0.002
0.158	0.001	0.840	0.001
0.909	0.001	0.054	0.036
0.994	0.001	0.004	0.001
0.736	0.001	0.262	0.001
>GAAACCGC	4-GAAACCGC	6.479635	-54.025761	0	T:513.0(29.64%),B:9040.2(19.48%),P:1e-23	Tpos:300.1,Tstd:266.2,Bpos:237.2,Bstd:143.5,StrandBias:-0.0,Multiplicity:1.20
0.139	0.061	0.723	0.077
0.997	0.001	0.001	0.001
0.997	0.001	0.001	0.001
0.981	0.001	0.001	0.017
0.001	0.960	0.034	0.005
0.078	0.842	0.002	0.078
0.259	0.244	0.496	0.001
0.106	0.710	0.183	0.001
>AGGGGGCG	5-AGGGGGCG	6.024276	-53.038614	0	T:630.0(36.40%),B:11833.2(25.50%),P:1e-23	Tpos:350.0,Tstd:284.6,Bpos:238.9,Bstd:155.8,StrandBias:0.1,Multiplicity:1.60
0.873	0.032	0.001	0.094
0.059	0.043	0.866	0.032
0.100	0.046	0.853	0.001
0.001	0.001	0.865	0.133
0.001	0.043	0.955	0.001
0.029	0.001	0.947	0.023
0.087	0.865	0.001	0.047
0.094	0.051	0.854	0.001
>YCTAKTGG	6-YCTAKTGG	7.113382	-44.438892	0	T:164.0(9.47%),B:2014.2(4.34%),P:1e-19	Tpos:284.3,Tstd:231.0,Bpos:244.8,Bstd:144.1,StrandBias:-0.3,Multiplicity:1.04
0.025	0.540	0.001	0.434
0.001	0.997	0.001	0.001
0.017	0.153	0.146	0.684
0.837	0.001	0.001	0.161
0.052	0.001	0.432	0.515
0.061	0.055	0.026	0.858
0.021	0.280	0.698	0.001
0.059	0.211	0.729	0.001
>AAAACGCG	7-AAAACGCG	6.527758	-39.087559	0	T:175.0(10.11%),B:2343.6(5.05%),P:1e-16	Tpos:329.7,Tstd:259.3,Bpos:235.7,Bstd:160.0,StrandBias:-0.1,Multiplicity:1.02
0.839	0.131	0.020	0.010
0.886	0.001	0.090	0.023
0.931	0.015	0.025	0.029
0.960	0.001	0.038	0.001
0.160	0.701	0.042	0.097
0.001	0.069	0.855	0.075
0.001	0.956	0.001	0.042
0.118	0.001	0.880	0.001
>TTTGATMT	8-TTTGATMT	5.773343	-38.823884	0	T:336.0(19.41%),B:5682.3(12.25%),P:1e-16	Tpos:313.2,Tstd:300.9,Bpos:238.1,Bstd:148.1,StrandBias:-0.1,Multiplicity:1.17
0.001	0.001	0.001	0.997
0.001	0.001	0.001	0.997
0.001	0.001	0.001	0.997
0.001	0.001	0.997	0.001
0.997	0.001	0.001	0.001
0.370	0.001	0.001	0.628
0.475	0.396	0.129	0.001
0.001	0.001	0.034	0.964
>AGGCGGGG	9-AGGCGGGG	8.373478	-26.925281	0	T:247.0(14.27%),B:4222.6(9.10%),P:1e-11	Tpos:398.1,Tstd:300.6,Bpos:234.5,Bstd:163.5,StrandBias:-0.2,Multiplicity:1.38
0.997	0.001	0.001	0.001
0.001	0.001	0.997	0.001
0.114	0.001	0.884	0.001
0.001	0.997	0.001	0.001
0.001	0.001	0.997	0.001
0.072	0.172	0.755	0.001
0.115	0.001	0.883	0.001
0.118	0.001	0.880	0.001
>CCAATCGG	10-CCAATCGG	8.240714	-21.910015	0	T:115.0(6.64%),B:1648.5(3.55%),P:1e-9	Tpos:327.4,Tstd:204.5,Bpos:236.6,Bstd:148.2,StrandBias:0.2,Multiplicity:1.19
0.001	0.997	0.001	0.001
0.001	0.696	0.075	0.228
0.997	0.001	0.001	0.001
0.997	0.001	0.001	0.001
0.128	0.001	0.001	0.870
0.001	0.601	0.397	0.001
0.335	0.001	0.663	0.001
0.058	0.242	0.652	0.048
>ATGCAAAT	11-ATGCAAAT	9.957625	-21.018160	0	T:94.0(5.43%),B:1268.6(2.73%),P:1e-9	Tpos:261.8,Tstd:212.9,Bpos:241.5,Bstd:142.9,StrandBias:-0.1,Multiplicity:1.16
0.997	0.001	0.001	0.001
0.001	0.001	0.001	0.997
0.001	0.001	0.997	0.001
0.001	0.669	0.001	0.329
0.997	0.001	0.001	0.001
0.997	0.001	0.001	0.001
0.997	0.001	0.001	0.001
0.001	0.001	0.001	0.997
>GTCATACC	12-GTCATACC	1.367690	-5.394431	0	T:365.0(21.09%),B:8623.5(18.58%),P:1e-2	Tpos:282.6,Tstd:249.0,Bpos:237.7,Bstd:138.8,StrandBias:-0.4,Multiplicity:1.29
0.001	0.001	0.997	0.001
0.001	0.001	0.001	0.997
0.001	0.997	0.001	0.001
0.997	0.001	0.001	0.001
0.001	0.001	0.001	0.997
0.997	0.001	0.001	0.001
0.001	0.997	0.001	0.001
0.001	0.937	0.061	0.001
>AGCACATG	13-AGCACATG	8.236954	-1.634715	0	T:38.0(2.20%),B:876.1(1.89%),P:1e0	Tpos:222.5,Tstd:193.2,Bpos:238.0,Bstd:132.6,StrandBias:-1.6,Multiplicity:1.86
0.700	0.100	0.100	0.100
0.100	0.100	0.700	0.100
0.100	0.700	0.100	0.100
0.700	0.100	0.100	0.100
0.100	0.700	0.100	0.100
0.700	0.100	0.100	0.100
0.100	0.100	0.100	0.700
0.100	0.100	0.700	0.100
