>ACAGGAAGTG	1-ACAGGAAGTG	8.415218	-99.743706	0	T:213.0(12.31%),B:1926.0(4.15%),P:1e-43	Tpos:269.5,Tstd:227.0,Bpos:245.1,Bstd:140.5,StrandBias:-0.1,Multiplicity:1.14
0.642	0.018	0.333	0.007
0.001	0.935	0.063	0.001
0.988	0.010	0.001	0.001
0.001	0.001	0.997	0.001
0.001	0.001	0.977	0.021
0.956	0.001	0.005	0.038
0.972	0.006	0.004	0.018
0.092	0.020	0.887	0.001
0.001	0.009	0.021	0.969
0.058	0.084	0.798	0.060
>CCYCTAGTGG	2-CCYCTAGTGG	8.416258	-74.243674	0	T:203.0(11.73%),B:2137.3(4.61%),P:1e-32	Tpos:308.0,Tstd:285.2,Bpos:234.0,Bstd:134.3,StrandBias:-0.1,Multiplicity:1.07
0.001	0.984	0.014	0.001
0.249	0.641	0.033	0.077
0.001	0.560	0.010	0.429
0.001	0.997	0.001	0.001
0.035	0.001	0.001	0.963
0.526	0.001	0.319	0.154
0.001	0.126	0.771	0.102
0.001	0.020	0.020	0.959
0.001	0.029	0.969	0.001
0.001	0.001	0.928	0.070
>BKRTGAGTCA	3-BKRTGAGTCA	9.230018	-65.523108	0	T:137.0(7.91%),B:1213.3(2.61%),P:1e-28	Tpos:263.9,Tstd:201.6,Bpos:240.2,Bstd:136.8,StrandBias:-0.2,Multiplicity:1.11
0.159	0.276	0.351	0.214
0.190	0.114	0.335	0.360
0.443	0.199	0.341	0.016
0.001	0.009	0.001	0.989
0.001	0.001	0.997	0.001
0.997	0.001	0.001	0.001
0.033	0.354	0.590	0.023
0.001	0.001	0.040	0.958
0.038	0.950	0.001	0.011
0.974	0.001	0.001	0.024
>CGGTATTTCC	4-CGGTATTTCC	5.698762	-44.965432	0	T:334.0(19.30%),B:5407.4(11.65%),P:1e-19	Tpos:284.3,Tstd:244.5,Bpos:244.4,Bstd:142.5,StrandBias:-0.0,Multiplicity:1.11
0.144	0.498	0.197	0.161
0.186	0.140	0.502	0.172
0.074	0.181	0.617	0.128
0.186	0.089	0.169	0.556
0.555	0.134	0.112	0.199
0.136	0.099	0.171	0.594
0.057	0.123	0.130	0.690
0.080	0.089	0.105	0.726
0.134	0.551	0.140	0.175
0.192	0.660	0.042	0.106
>STTTCCKTTT	5-STTTCCKTTT	7.723838	-41.776672	0	T:338.0(19.53%),B:5611.2(12.09%),P:1e-18	Tpos:328.1,Tstd:328.7,Bpos:234.8,Bstd:146.1,StrandBias:-0.1,Multiplicity:1.25
0.150	0.310	0.418	0.122
0.001	0.035	0.001	0.963
0.001	0.103	0.001	0.895
0.001	0.131	0.122	0.746
0.021	0.941	0.037	0.001
0.162	0.549	0.204	0.085
0.110	0.205	0.356	0.329
0.026	0.001	0.093	0.880
0.001	0.183	0.001	0.815
0.111	0.305	0.023	0.561
>GAGCGGAAAT	6-GAGCGGAAAT	4.785902	-38.209048	0	T:679.0(39.23%),B:13803.4(29.75%),P:1e-16	Tpos:334.9,Tstd:283.7,Bpos:236.2,Bstd:149.9,StrandBias:-0.0,Multiplicity:1.39
0.111	0.115	0.697	0.077
0.689	0.119	0.112	0.080
0.107	0.104	0.694	0.095
0.084	0.715	0.101	0.100
0.083	0.086	0.744	0.087
0.101	0.099	0.706	0.094
0.716	0.088	0.095	0.101
0.671	0.092	0.126	0.111
0.686	0.087	0.118	0.109
0.100	0.113	0.103	0.684
>TTTGGCGSCA	7-TTTGGCGSCA	7.592553	-36.435407	0	T:114.0(6.59%),B:1291.5(2.78%),P:1e-15	Tpos:377.4,Tstd:367.8,Bpos:241.9,Bstd:151.7,StrandBias:0.1,Multiplicity:1.06
0.001	0.082	0.141	0.776
0.001	0.066	0.127	0.806
0.105	0.080	0.001	0.814
0.135	0.246	0.483	0.137
0.001	0.001	0.997	0.001
0.114	0.820	0.001	0.065
0.035	0.001	0.832	0.132
0.001	0.402	0.538	0.059
0.059	0.506	0.275	0.160
0.688	0.267	0.001	0.044
>GACCAATCAG	8-GACCAATCAG	8.801692	-34.646631	0	T:99.0(5.72%),B:1070.0(2.31%),P:1e-15	Tpos:302.2,Tstd:282.6,Bpos:237.3,Bstd:145.2,StrandBias:0.1,Multiplicity:1.11
0.247	0.050	0.642	0.061
0.643	0.001	0.277	0.079
0.001	0.875	0.047	0.077
0.001	0.997	0.001	0.001
0.987	0.001	0.011	0.001
0.997	0.001	0.001	0.001
0.001	0.025	0.001	0.973
0.064	0.690	0.245	0.001
0.917	0.081	0.001	0.001
0.001	0.229	0.727	0.043
>CGCCTTACCG	9-CGCCTTACCG	7.943903	-33.120069	0	T:79.0(4.56%),B:769.5(1.66%),P:1e-14	Tpos:401.5,Tstd:283.4,Bpos:241.9,Bstd:159.6,StrandBias:0.3,Multiplicity:1.05
0.079	0.844	0.010	0.067
0.063	0.133	0.736	0.068
0.071	0.864	0.022	0.043
0.001	0.916	0.044	0.039
0.060	0.087	0.032	0.821
0.086	0.077	0.057	0.780
0.742	0.112	0.104	0.042
0.121	0.770	0.077	0.032
0.191	0.723	0.047	0.039
0.050	0.031	0.816	0.103
>CGATTGGCGG	10-CGATTGGCGG	7.155488	-32.726858	0	T:192.0(11.09%),B:2854.9(6.15%),P:1e-14	Tpos:347.8,Tstd:243.6,Bpos:241.0,Bstd:159.1,StrandBias:0.2,Multiplicity:1.21
0.072	0.715	0.135	0.078
0.010	0.188	0.734	0.068
0.763	0.122	0.065	0.050
0.106	0.010	0.132	0.752
0.054	0.118	0.049	0.779
0.001	0.023	0.975	0.001
0.001	0.019	0.979	0.001
0.053	0.783	0.004	0.160
0.054	0.130	0.690	0.126
0.136	0.019	0.844	0.001
>CTTTGAAGTC	11-CTTTGAAGTC	8.345835	-30.131312	0	T:139.0(8.03%),B:1887.0(4.07%),P:1e-13	Tpos:276.6,Tstd:260.2,Bpos:242.3,Bstd:145.3,StrandBias:-0.3,Multiplicity:1.08
0.010	0.899	0.010	0.081
0.190	0.001	0.014	0.795
0.001	0.169	0.131	0.699
0.001	0.128	0.001	0.870
0.010	0.035	0.937	0.018
0.917	0.001	0.021	0.061
0.778	0.145	0.013	0.064
0.013	0.073	0.913	0.001
0.034	0.056	0.139	0.771
0.061	0.441	0.284	0.214
>TCGGCAAACC	12-TCGGCAAACC	7.636705	-29.701040	0	T:45.0(2.60%),B:318.1(0.69%),P:1e-12	Tpos:315.7,Tstd:227.8,Bpos:247.5,Bstd:148.3,StrandBias:-0.3,Multiplicity:1.00
0.348	0.016	0.024	0.612
0.209	0.700	0.044	0.047
0.063	0.134	0.596	0.207
0.058	0.191	0.514	0.237
0.033	0.652	0.262	0.053
0.833	0.038	0.037	0.092
0.581	0.250	0.150	0.019
0.514	0.209	0.006	0.271
0.262	0.704	0.019	0.015
0.053	0.667	0.232	0.048
>TATGCAAATT	13-TATGCAAATT	9.184130	-29.511906	0	T:52.0(3.00%),B:414.4(0.89%),P:1e-12	Tpos:288.8,Tstd:222.4,Bpos:234.2,Bstd:144.9,StrandBias:0.0,Multiplicity:1.10
0.026	0.001	0.001	0.972
0.977	0.012	0.010	0.001
0.016	0.001	0.001	0.982
0.001	0.001	0.960	0.038
0.001	0.808	0.001	0.190
0.982	0.001	0.001	0.016
0.997	0.001	0.001	0.001
0.948	0.050	0.001	0.001
0.001	0.026	0.012	0.961
0.150	0.010	0.273	0.567
>GGCGGGGCCT	14-GGCGGGGCCT	8.993143	-28.470172	0	T:156.0(9.01%),B:2263.1(4.88%),P:1e-12	Tpos:401.5,Tstd:324.3,Bpos:237.0,Bstd:168.6,StrandBias:0.1,Multiplicity:1.30
0.058	0.058	0.838	0.046
0.035	0.046	0.869	0.050
0.060	0.838	0.049	0.053
0.021	0.036	0.915	0.028
0.063	0.066	0.826	0.045
0.098	0.060	0.764	0.078
0.088	0.064	0.762	0.086
0.091	0.724	0.078	0.107
0.089	0.767	0.088	0.056
0.123	0.102	0.070	0.705
>TAAACCACAY	15-TAAACCACAY	11.142686	-28.374608	0	T:36.0(2.08%),B:218.7(0.47%),P:1e-12	Tpos:292.2,Tstd:209.2,Bpos:239.2,Bstd:143.2,StrandBias:-0.4,Multiplicity:1.00
0.001	0.001	0.209	0.789
0.997	0.001	0.001	0.001
0.997	0.001	0.001	0.001
0.948	0.001	0.050	0.001
0.001	0.997	0.001	0.001
0.199	0.799	0.001	0.001
0.968	0.030	0.001	0.001
0.001	0.997	0.001	0.001
0.997	0.001	0.001	0.001
0.148	0.464	0.001	0.388
>TGCTTTAARC	16-TGCTTTAARC	9.692548	-28.325919	0	T:63.0(3.64%),B:590.3(1.27%),P:1e-12	Tpos:302.3,Tstd:202.8,Bpos:234.4,Bstd:147.5,StrandBias:0.3,Multiplicity:1.03
0.001	0.298	0.001	0.700
0.001	0.001	0.865	0.133
0.244	0.754	0.001	0.001
0.001	0.001	0.001	0.997
0.001	0.160	0.001	0.838
0.001	0.001	0.001	0.997
0.611	0.226	0.162	0.001
0.941	0.001	0.028	0.030
0.465	0.001	0.533	0.001
0.136	0.862	0.001	0.001
>AATTTGATCT	17-AATTTGATCT	9.734162	-24.670156	0	T:34.0(1.96%),B:225.0(0.48%),P:1e-10	Tpos:297.4,Tstd:253.1,Bpos:240.0,Bstd:142.0,StrandBias:0.1,Multiplicity:1.00
0.633	0.032	0.001	0.334
0.561	0.163	0.224	0.052
0.065	0.109	0.134	0.692
0.096	0.028	0.153	0.723
0.001	0.001	0.169	0.829
0.001	0.001	0.933	0.065
0.917	0.001	0.081	0.001
0.001	0.043	0.015	0.941
0.034	0.964	0.001	0.001
0.073	0.235	0.001	0.691
>ATTTCAAACG	18-ATTTCAAACG	9.998174	-24.341284	0	T:48.0(2.77%),B:418.4(0.90%),P:1e-10	Tpos:274.7,Tstd:196.4,Bpos:249.0,Bstd:139.3,StrandBias:-0.4,Multiplicity:1.00
0.835	0.090	0.074	0.001
0.001	0.093	0.001	0.905
0.001	0.001	0.001	0.997
0.001	0.049	0.001	0.949
0.001	0.897	0.053	0.049
0.997	0.001	0.001	0.001
0.931	0.001	0.067	0.001
0.890	0.001	0.001	0.108
0.114	0.788	0.051	0.047
0.074	0.001	0.850	0.075
>TGTTTCCTGT	19-TGTTTCCTGT	10.929677	-23.733950	0	T:52.0(3.00%),B:486.6(1.05%),P:1e-10	Tpos:246.6,Tstd:173.3,Bpos:239.6,Bstd:139.1,StrandBias:-0.4,Multiplicity:1.00
0.001	0.015	0.001	0.983
0.001	0.001	0.997	0.001
0.001	0.001	0.001	0.997
0.001	0.001	0.001	0.997
0.001	0.001	0.001	0.997
0.001	0.892	0.106	0.001
0.001	0.997	0.001	0.001
0.001	0.081	0.001	0.917
0.001	0.001	0.997	0.001
0.114	0.001	0.122	0.763
>CAGCCTGTCA	20-CAGCCTGTCA	9.797799	-21.271661	0	T:73.0(4.22%),B:877.4(1.89%),P:1e-9	Tpos:308.3,Tstd:245.6,Bpos:231.5,Bstd:130.6,StrandBias:0.4,Multiplicity:1.05
0.045	0.716	0.074	0.165
0.869	0.001	0.001	0.129
0.010	0.001	0.988	0.001
0.001	0.948	0.050	0.001
0.001	0.997	0.001	0.001
0.151	0.001	0.001	0.847
0.001	0.001	0.969	0.029
0.001	0.086	0.039	0.874
0.001	0.997	0.001	0.001
0.783	0.001	0.001	0.215
>GTCCATGTGC	21-GTCCATGTGC	9.253409	-12.448250	0	T:40.0(2.31%),B:479.1(1.03%),P:1e-5	Tpos:250.6,Tstd:216.4,Bpos:241.5,Bstd:148.1,StrandBias:1.4,Multiplicity:1.48
0.001	0.001	0.997	0.001
0.001	0.001	0.001	0.997
0.346	0.638	0.015	0.001
0.001	0.683	0.107	0.209
0.820	0.001	0.001	0.178
0.241	0.154	0.001	0.604
0.001	0.001	0.997	0.001
0.001	0.001	0.001	0.997
0.001	0.001	0.997	0.001
0.001	0.997	0.001	0.001
>MTTGTACACA	22-MTTGTACACA	10.591289	-8.385996	0	T:21.0(1.21%),B:230.6(0.50%),P:1e-3	Tpos:214.1,Tstd:184.8,Bpos:240.7,Bstd:124.2,StrandBias:-0.8,Multiplicity:1.40
0.466	0.327	0.001	0.206
0.001	0.001	0.001	0.997
0.001	0.001	0.001	0.997
0.001	0.001	0.997	0.001
0.001	0.001	0.001	0.997
0.898	0.100	0.001	0.001
0.001	0.997	0.001	0.001
0.997	0.001	0.001	0.001
0.001	0.841	0.157	0.001
0.838	0.001	0.160	0.001
>CTAAGCCACA	23-CTAAGCCACA	11.176642	-8.057690	0	T:12.0(0.69%),B:95.8(0.21%),P:1e-3	Tpos:266.5,Tstd:141.0,Bpos:237.9,Bstd:115.2,StrandBias:2.1,Multiplicity:2.29
0.001	0.997	0.001	0.001
0.001	0.001	0.001	0.997
0.997	0.001	0.001	0.001
0.997	0.001	0.001	0.001
0.070	0.001	0.928	0.001
0.001	0.997	0.001	0.001
0.001	0.997	0.001	0.001
0.997	0.001	0.001	0.001
0.001	0.997	0.001	0.001
0.997	0.001	0.001	0.001
>GTCATACCCA	24-GTCATACCCA	10.296193	-7.069620	0	T:4.0(0.23%),B:12.0(0.03%),P:1e-3	Tpos:162.2,Tstd:135.2,Bpos:171.4,Bstd:144.7,StrandBias:-5.1,Multiplicity:9.00
0.100	0.100	0.700	0.100
0.100	0.100	0.100	0.700
0.100	0.700	0.100	0.100
0.700	0.100	0.100	0.100
0.100	0.100	0.100	0.700
0.700	0.100	0.100	0.100
0.100	0.700	0.100	0.100
0.100	0.700	0.100	0.100
0.100	0.700	0.100	0.100
0.700	0.100	0.100	0.100
>CATCAGCACA	25-CATCAGCACA	10.296193	-6.591490	0	T:10.0(0.58%),B:83.1(0.18%),P:1e-2	Tpos:492.9,Tstd:218.6,Bpos:213.1,Bstd:144.0,StrandBias:0.6,Multiplicity:1.50
0.100	0.700	0.100	0.100
0.700	0.100	0.100	0.100
0.100	0.100	0.100	0.700
0.100	0.700	0.100	0.100
0.700	0.100	0.100	0.100
0.100	0.100	0.700	0.100
0.100	0.700	0.100	0.100
0.700	0.100	0.100	0.100
0.100	0.700	0.100	0.100
0.700	0.100	0.100	0.100
>CCACTAGGKGGC	1-CCACTAGGKGGC	9.524440	-155.422024	0	T:173.0(9.99%),B:887.3(1.91%),P:1e-67	Tpos:272.8,Tstd:266.7,Bpos:232.0,Bstd:142.4,StrandBias:0.3,Multiplicity:1.04
0.072	0.839	0.047	0.042
0.001	0.997	0.001	0.001
0.764	0.089	0.001	0.146
0.042	0.736	0.221	0.001
0.106	0.247	0.033	0.614
0.904	0.001	0.086	0.009
0.001	0.001	0.997	0.001
0.285	0.045	0.620	0.050
0.001	0.033	0.533	0.433
0.001	0.001	0.997	0.001
0.067	0.054	0.796	0.083
0.103	0.768	0.001	0.128
>AAACAGGAARTD	2-AAACAGGAARTD	9.946843	-83.591009	0	T:164.0(9.47%),B:1390.6(3.00%),P:1e-36	Tpos:258.6,Tstd:158.9,Bpos:246.2,Bstd:142.4,StrandBias:0.2,Multiplicity:1.05
0.558	0.232	0.209	0.001
0.578	0.190	0.231	0.001
0.607	0.199	0.193	0.001
0.169	0.675	0.155	0.001
0.997	0.001	0.001	0.001
0.001	0.001	0.997	0.001
0.001	0.001	0.997	0.001
0.997	0.001	0.001	0.001
0.955	0.001	0.001	0.043
0.529	0.032	0.438	0.001
0.001	0.230	0.073	0.696
0.342	0.162	0.271	0.225
>CYKATGAGTCAT	3-CYKATGAGTCAT	7.921324	-68.714576	0	T:194.0(11.21%),B:2079.0(4.48%),P:1e-29	Tpos:272.2,Tstd:190.5,Bpos:236.1,Bstd:136.4,StrandBias:-0.0,Multiplicity:1.14
0.140	0.512	0.216	0.132
0.216	0.391	0.144	0.249
0.109	0.152	0.442	0.297
0.485	0.233	0.143	0.140
0.001	0.001	0.001	0.997
0.001	0.001	0.997	0.001
0.961	0.001	0.001	0.037
0.001	0.287	0.674	0.038
0.037	0.001	0.001	0.961
0.001	0.997	0.001	0.001
0.997	0.001	0.001	0.001
0.001	0.343	0.085	0.571
>ACCACATCCTGT	4-ACCACATCCTGT	9.388122	-44.091341	0	T:93.0(5.37%),B:831.5(1.79%),P:1e-19	Tpos:336.4,Tstd:272.8,Bpos:237.9,Bstd:132.2,StrandBias:0.4,Multiplicity:1.09
0.766	0.111	0.051	0.072
0.091	0.751	0.073	0.085
0.077	0.848	0.050	0.025
0.851	0.086	0.015	0.048
0.015	0.937	0.047	0.001
0.880	0.035	0.025	0.060
0.060	0.190	0.095	0.655
0.001	0.876	0.063	0.060
0.024	0.974	0.001	0.001
0.078	0.025	0.025	0.872
0.099	0.085	0.790	0.026
0.088	0.075	0.034	0.803
>GGGMGGRGMCDN	5-GGGMGGRGMCDN	7.154590	-43.618095	0	T:265.0(15.31%),B:4001.3(8.62%),P:1e-18	Tpos:371.8,Tstd:293.9,Bpos:239.8,Bstd:156.9,StrandBias:-0.0,Multiplicity:1.34
0.342	0.048	0.571	0.039
0.146	0.035	0.770	0.049
0.057	0.061	0.846	0.036
0.311	0.414	0.066	0.209
0.300	0.017	0.636	0.047
0.026	0.242	0.532	0.200
0.271	0.207	0.361	0.161
0.060	0.058	0.611	0.271
0.321	0.381	0.171	0.127
0.043	0.514	0.360	0.083
0.310	0.021	0.264	0.405
0.285	0.184	0.278	0.254
>TGAAACGGAAAG	6-TGAAACGGAAAG	8.860553	-36.701186	0	T:114.0(6.59%),B:1286.8(2.77%),P:1e-15	Tpos:306.5,Tstd:300.2,Bpos:238.1,Bstd:146.3,StrandBias:-0.1,Multiplicity:1.09
0.096	0.024	0.024	0.856
0.069	0.033	0.869	0.029
0.856	0.009	0.074	0.061
0.851	0.001	0.086	0.062
0.861	0.048	0.043	0.048
0.106	0.660	0.093	0.141
0.052	0.099	0.672	0.177
0.054	0.021	0.863	0.062
0.923	0.009	0.067	0.001
0.905	0.001	0.070	0.024
0.953	0.001	0.018	0.028
0.056	0.128	0.737	0.079
>NYTGTGGTTTKN	7-NYTGTGGTTTKN	8.222692	-32.873552	0	T:152.0(8.78%),B:2063.2(4.45%),P:1e-14	Tpos:259.6,Tstd:186.2,Bpos:241.7,Bstd:142.4,StrandBias:0.1,Multiplicity:1.05
0.228	0.308	0.161	0.303
0.158	0.381	0.210	0.251
0.062	0.001	0.089	0.848
0.042	0.001	0.876	0.081
0.054	0.122	0.016	0.808
0.040	0.082	0.781	0.097
0.017	0.001	0.981	0.001
0.046	0.009	0.070	0.875
0.083	0.018	0.072	0.827
0.145	0.067	0.015	0.773
0.076	0.104	0.458	0.361
0.277	0.310	0.180	0.234
>GTGATCAATTGA	8-GTGATCAATTGA	14.042917	-28.239669	0	T:8.0(0.46%),B:3.9(0.01%),P:1e-12	Tpos:230.2,Tstd:171.1,Bpos:207.5,Bstd:116.8,StrandBias:0.7,Multiplicity:1.00
0.001	0.001	0.997	0.001
0.001	0.001	0.001	0.997
0.001	0.001	0.997	0.001
0.832	0.166	0.001	0.001
0.001	0.001	0.001	0.997
0.001	0.832	0.166	0.001
0.997	0.001	0.001	0.001
0.832	0.001	0.001	0.166
0.001	0.001	0.001	0.997
0.001	0.001	0.001	0.997
0.166	0.166	0.667	0.001
0.997	0.001	0.001	0.001
>GCTAGCCAATCG	9-GCTAGCCAATCG	9.050558	-27.985816	0	T:58.0(3.35%),B:520.0(1.12%),P:1e-12	Tpos:342.0,Tstd:324.3,Bpos:245.3,Bstd:145.2,StrandBias:-0.1,Multiplicity:1.04
0.045	0.158	0.684	0.113
0.001	0.997	0.001	0.001
0.001	0.025	0.147	0.827
0.700	0.001	0.298	0.001
0.056	0.001	0.887	0.056
0.001	0.997	0.001	0.001
0.056	0.942	0.001	0.001
0.852	0.113	0.034	0.001
0.752	0.158	0.056	0.034
0.001	0.056	0.001	0.942
0.065	0.823	0.056	0.056
0.147	0.091	0.604	0.158
>TAAAAAGAAACC	10-TAAAAAGAAACC	9.783595	-26.735868	0	T:98.0(5.66%),B:1206.7(2.60%),P:1e-11	Tpos:346.7,Tstd:308.1,Bpos:236.8,Bstd:148.7,StrandBias:0.3,Multiplicity:1.05
0.125	0.114	0.001	0.760
0.797	0.101	0.009	0.093
0.813	0.054	0.132	0.001
0.842	0.037	0.037	0.084
0.808	0.022	0.169	0.001
0.897	0.001	0.001	0.101
0.001	0.273	0.691	0.035
0.924	0.053	0.022	0.001
0.997	0.001	0.001	0.001
0.997	0.001	0.001	0.001
0.122	0.513	0.198	0.167
0.064	0.804	0.104	0.028
>CGGCAGGAAGTG	11-CGGCAGGAAGTG	2.771757	-26.694017	0	T:100.0(5.78%),B:1243.5(2.68%),P:1e-11	Tpos:301.5,Tstd:246.7,Bpos:240.8,Bstd:141.2,StrandBias:0.0,Multiplicity:1.20
0.001	0.730	0.001	0.268
0.001	0.001	0.997	0.001
0.001	0.001	0.997	0.001
0.001	0.997	0.001	0.001
0.997	0.001	0.001	0.001
0.019	0.001	0.979	0.001
0.001	0.001	0.997	0.001
0.997	0.001	0.001	0.001
0.997	0.001	0.001	0.001
0.001	0.001	0.997	0.001
0.001	0.001	0.001	0.997
0.001	0.001	0.997	0.001
>ACTTCCCCTCCG	12-ACTTCCCCTCCG	13.006233	-25.364994	0	T:16.0(0.92%),B:41.2(0.09%),P:1e-11	Tpos:275.1,Tstd:228.5,Bpos:246.1,Bstd:148.0,StrandBias:1.1,Multiplicity:1.00
0.917	0.081	0.001	0.001
0.001	0.820	0.001	0.178
0.178	0.001	0.001	0.820
0.001	0.001	0.001	0.997
0.001	0.997	0.001	0.001
0.001	0.997	0.001	0.001
0.001	0.876	0.122	0.001
0.001	0.997	0.001	0.001
0.001	0.001	0.001	0.997
0.001	0.997	0.001	0.001
0.001	0.820	0.178	0.001
0.001	0.061	0.849	0.089
>GGGAAATCCCCA	13-GGGAAATCCCCA	9.821122	-24.847073	0	T:50.0(2.89%),B:441.7(0.95%),P:1e-10	Tpos:219.0,Tstd:157.2,Bpos:249.0,Bstd:133.9,StrandBias:0.2,Multiplicity:1.04
0.204	0.035	0.605	0.156
0.035	0.001	0.963	0.001
0.120	0.001	0.878	0.001
0.826	0.028	0.111	0.035
0.971	0.027	0.001	0.001
0.677	0.001	0.074	0.248
0.065	0.189	0.028	0.718
0.001	0.737	0.050	0.212
0.001	0.948	0.001	0.050
0.140	0.763	0.001	0.096
0.034	0.875	0.001	0.090
0.799	0.114	0.035	0.052
>CCGTTTGCTGTT	14-CCGTTTGCTGTT	10.072430	-23.603563	0	T:28.0(1.62%),B:161.7(0.35%),P:1e-10	Tpos:315.8,Tstd:225.0,Bpos:247.8,Bstd:149.9,StrandBias:-0.1,Multiplicity:1.19
0.054	0.846	0.054	0.046
0.060	0.854	0.043	0.043
0.091	0.100	0.754	0.055
0.045	0.037	0.061	0.857
0.001	0.111	0.201	0.687
0.055	0.001	0.107	0.837
0.109	0.109	0.781	0.001
0.108	0.782	0.055	0.055
0.054	0.100	0.001	0.845
0.001	0.001	0.907	0.091
0.115	0.001	0.001	0.883
0.054	0.044	0.242	0.660
>GTTTCCTCTAAC	15-GTTTCCTCTAAC	9.335493	-23.488070	0	T:55.0(3.18%),B:536.8(1.16%),P:1e-10	Tpos:218.1,Tstd:169.9,Bpos:226.0,Bstd:142.9,StrandBias:0.5,Multiplicity:1.06
0.108	0.052	0.690	0.150
0.001	0.029	0.023	0.947
0.029	0.036	0.029	0.906
0.117	0.034	0.047	0.802
0.001	0.964	0.001	0.034
0.082	0.788	0.029	0.101
0.029	0.023	0.029	0.919
0.043	0.799	0.049	0.109
0.084	0.047	0.001	0.868
0.779	0.030	0.020	0.171
0.852	0.088	0.028	0.032
0.146	0.699	0.057	0.098
>TTCCCGCCAAAA	16-TTCCCGCCAAAA	8.804547	-20.554232	0	T:61.0(3.52%),B:683.7(1.47%),P:1e-8	Tpos:273.0,Tstd:189.3,Bpos:244.0,Bstd:139.8,StrandBias:0.2,Multiplicity:1.07
0.035	0.080	0.001	0.884
0.001	0.070	0.001	0.928
0.035	0.860	0.035	0.070
0.028	0.828	0.074	0.070
0.181	0.721	0.035	0.063
0.028	0.092	0.804	0.076
0.070	0.870	0.059	0.001
0.001	0.929	0.069	0.001
0.857	0.038	0.070	0.035
0.765	0.164	0.001	0.070
0.745	0.105	0.087	0.063
0.817	0.091	0.089	0.003
>TATTTCAAACGC	17-TATTTCAAACGC	10.411613	-17.791943	0	T:28.0(1.62%),B:211.3(0.46%),P:1e-7	Tpos:240.1,Tstd:172.0,Bpos:231.6,Bstd:135.3,StrandBias:-1.2,Multiplicity:1.07
0.093	0.025	0.001	0.881
0.823	0.131	0.028	0.018
0.046	0.139	0.001	0.814
0.046	0.001	0.046	0.907
0.046	0.001	0.001	0.952
0.046	0.837	0.001	0.116
0.997	0.001	0.001	0.001
0.906	0.001	0.001	0.092
0.952	0.001	0.001	0.046
0.144	0.528	0.224	0.104
0.119	0.047	0.713	0.121
0.104	0.700	0.028	0.168
>CCAATCAGCGAG	18-CCAATCAGCGAG	9.246240	-17.105630	0	T:47.0(2.72%),B:510.7(1.10%),P:1e-7	Tpos:265.2,Tstd:167.6,Bpos:232.4,Bstd:143.7,StrandBias:0.2,Multiplicity:1.00
0.112	0.886	0.001	0.001
0.049	0.860	0.090	0.001
0.864	0.045	0.001	0.090
0.788	0.154	0.022	0.036
0.063	0.090	0.072	0.775
0.001	0.923	0.031	0.045
0.879	0.045	0.031	0.045
0.045	0.086	0.868	0.001
0.113	0.700	0.035	0.152
0.127	0.131	0.720	0.022
0.845	0.079	0.045	0.031
0.001	0.093	0.905	0.001
>GAHRCCACYCCC	19-GAHRCCACYCCC	9.365818	-16.491302	0	T:78.0(4.51%),B:1084.5(2.34%),P:1e-7	Tpos:270.8,Tstd:184.3,Bpos:239.3,Bstd:135.4,StrandBias:0.3,Multiplicity:1.07
0.001	0.001	0.743	0.255
0.727	0.001	0.001	0.271
0.307	0.363	0.109	0.221
0.317	0.124	0.442	0.117
0.313	0.595	0.091	0.001
0.001	0.997	0.001	0.001
0.947	0.001	0.051	0.001
0.001	0.997	0.001	0.001
0.215	0.410	0.001	0.375
0.057	0.445	0.258	0.240
0.105	0.893	0.001	0.001
0.001	0.933	0.001	0.065
>CTAAGCCACACC	20-CTAAGCCACACC	6.779409	-15.397569	0	T:429.0(24.78%),B:9174.7(19.77%),P:1e-6	Tpos:318.8,Tstd:300.9,Bpos:237.1,Bstd:137.4,StrandBias:0.1,Multiplicity:1.24
0.109	0.685	0.088	0.118
0.148	0.121	0.076	0.655
0.691	0.117	0.112	0.080
0.793	0.041	0.103	0.063
0.117	0.094	0.721	0.068
0.083	0.744	0.091	0.082
0.078	0.834	0.029	0.059
0.756	0.103	0.036	0.105
0.065	0.820	0.080	0.035
0.725	0.094	0.079	0.102
0.062	0.739	0.101	0.098
0.066	0.837	0.027	0.070
>TCCATCATGTGA	21-TCCATCATGTGA	13.997353	-10.909555	0	T:4.0(0.23%),B:4.1(0.01%),P:1e-4	Tpos:168.7,Tstd:54.0,Bpos:263.6,Bstd:122.9,StrandBias:3.2,Multiplicity:2.50
0.001	0.001	0.001	0.997
0.001	0.997	0.001	0.001
0.001	0.997	0.001	0.001
0.889	0.109	0.001	0.001
0.001	0.001	0.001	0.997
0.001	0.997	0.001	0.001
0.997	0.001	0.001	0.001
0.001	0.001	0.001	0.997
0.240	0.001	0.758	0.001
0.109	0.001	0.001	0.889
0.001	0.001	0.997	0.001
0.997	0.001	0.001	0.001
>TGCTGGGTATGA	22-TGCTGGGTATGA	12.355432	-9.635611	0	T:3.0(0.17%),B:2.8(0.01%),P:1e-4	Tpos:155.2,Tstd:104.1,Bpos:154.2,Bstd:102.0,StrandBias:10.0,Multiplicity:12.00
0.100	0.100	0.100	0.700
0.100	0.100	0.700	0.100
0.100	0.700	0.100	0.100
0.100	0.100	0.100	0.700
0.100	0.100	0.700	0.100
0.100	0.100	0.700	0.100
0.100	0.100	0.700	0.100
0.100	0.100	0.100	0.700
0.700	0.100	0.100	0.100
0.100	0.100	0.100	0.700
0.100	0.100	0.700	0.100
0.700	0.100	0.100	0.100
>TGAGGCAGGGGG	23-TGAGGCAGGGGG	12.474374	-8.716734	0	T:7.0(0.40%),B:30.3(0.07%),P:1e-3	Tpos:475.9,Tstd:333.9,Bpos:262.8,Bstd:121.6,StrandBias:2.2,Multiplicity:2.43
0.001	0.001	0.001	0.997
0.001	0.001	0.997	0.001
0.997	0.001	0.001	0.001
0.001	0.001	0.997	0.001
0.001	0.001	0.997	0.001
0.001	0.997	0.001	0.001
0.997	0.001	0.001	0.001
0.001	0.001	0.863	0.135
0.001	0.001	0.997	0.001
0.001	0.001	0.879	0.119
0.001	0.001	0.997	0.001
0.001	0.001	0.997	0.001
>GCTAAGCCACAC	24-GCTAAGCCACAC	8.463612	-7.199329	0	T:88.0(5.08%),B:1653.1(3.56%),P:1e-3	Tpos:310.5,Tstd:300.8,Bpos:239.6,Bstd:141.2,StrandBias:0.3,Multiplicity:1.14
0.100	0.100	0.700	0.100
0.100	0.700	0.100	0.100
0.100	0.100	0.100	0.700
0.700	0.100	0.100	0.100
0.700	0.100	0.100	0.100
0.100	0.100	0.700	0.100
0.100	0.700	0.100	0.100
0.100	0.700	0.100	0.100
0.700	0.100	0.100	0.100
0.100	0.700	0.100	0.100
0.700	0.100	0.100	0.100
0.100	0.700	0.100	0.100
>ACCAAGTCACAG	25-ACCAAGTCACAG	12.355432	-3.835063	0	T:2.0(0.12%),B:6.5(0.01%),P:1e-1	Tpos:21.8,Tstd:10.4,Bpos:142.8,Bstd:60.5,StrandBias:-1.6,Multiplicity:2.00
0.700	0.100	0.100	0.100
0.100	0.700	0.100	0.100
0.100	0.700	0.100	0.100
0.700	0.100	0.100	0.100
0.700	0.100	0.100	0.100
0.100	0.100	0.700	0.100
0.100	0.100	0.100	0.700
0.100	0.700	0.100	0.100
0.700	0.100	0.100	0.100
0.100	0.700	0.100	0.100
0.700	0.100	0.100	0.100
0.100	0.100	0.700	0.100
>CAGGAAGT	1-CAGGAAGT	8.811958	-82.635383	0	T:303.0(17.50%),B:3756.0(8.09%),P:1e-35	Tpos:295.5,Tstd:249.0,Bpos:244.6,Bstd:140.9,StrandBias:-0.1,Multiplicity:1.16
0.001	0.862	0.136	0.001
0.997	0.001	0.001	0.001
0.001	0.001	0.997	0.001
0.001	0.001	0.997	0.001
0.997	0.001	0.001	0.001
0.997	0.001	0.001	0.001
0.231	0.001	0.767	0.001
0.001	0.001	0.001	0.997
>ATGACTCA	2-ATGACTCA	6.226904	-59.335672	0	T:403.0(23.28%),B:6394.3(13.78%),P:1e-25	Tpos:263.6,Tstd:206.9,Bpos:239.2,Bstd:137.7,StrandBias:-0.0,Multiplicity:1.18
0.616	0.091	0.292	0.001
0.032	0.001	0.001	0.966
0.001	0.035	0.963	0.001
0.958	0.001	0.001	0.040
0.001	0.732	0.240	0.027
0.024	0.001	0.021	0.954
0.035	0.933	0.021	0.011
0.981	0.001	0.017	0.001
>ASCGGAAA	3-ASCGGAAA	5.924550	-58.775080	0	T:708.0(40.90%),B:13458.8(29.01%),P:1e-25	Tpos:316.6,Tstd:272.9,Bpos:239.3,Bstd:151.9,StrandBias:-0.1,Multiplicity:1.35
0.659	0.078	0.107	0.156
0.211	0.333	0.455	0.001
0.110	0.825	0.001	0.064
0.001	0.154	0.843	0.002
0.158	0.001	0.840	0.001
0.909	0.001	0.054	0.036
0.994	0.001	0.004	0.001
0.736	0.001	0.262	0.001
>GAAACCGC	4-GAAACCGC	6.479635	-54.025761	0	T:513.0(29.64%),B:9040.2(19.48%),P:1e-23	Tpos:300.1,Tstd:266.2,Bpos:237.2,Bstd:143.5,StrandBias:-0.0,Multiplicity:1.20
0.139	0.061	0.723	0.077
0.997	0.001	0.001	0.001
0.997	0.001	0.001	0.001
0.981	0.001	0.001	0.017
0.001	0.960	0.034	0.005
0.078	0.842	0.002	0.078
0.259	0.244	0.496	0.001
0.106	0.710	0.183	0.001
>AGGGGGCG	5-AGGGGGCG	6.024276	-53.038614	0	T:630.0(36.40%),B:11833.2(25.50%),P:1e-23	Tpos:350.0,Tstd:284.6,Bpos:238.9,Bstd:155.8,StrandBias:0.1,Multiplicity:1.60
0.873	0.032	0.001	0.094
0.059	0.043	0.866	0.032
0.100	0.046	0.853	0.001
0.001	0.001	0.865	0.133
0.001	0.043	0.955	0.001
0.029	0.001	0.947	0.023
0.087	0.865	0.001	0.047
0.094	0.051	0.854	0.001
>YCTAKTGG	6-YCTAKTGG	7.113382	-44.438892	0	T:164.0(9.47%),B:2014.2(4.34%),P:1e-19	Tpos:284.3,Tstd:231.0,Bpos:244.8,Bstd:144.1,StrandBias:-0.3,Multiplicity:1.04
0.025	0.540	0.001	0.434
0.001	0.997	0.001	0.001
0.017	0.153	0.146	0.684
0.837	0.001	0.001	0.161
0.052	0.001	0.432	0.515
0.061	0.055	0.026	0.858
0.021	0.280	0.698	0.001
0.059	0.211	0.729	0.001
>AAAACGCG	7-AAAACGCG	6.527758	-39.087559	0	T:175.0(10.11%),B:2343.6(5.05%),P:1e-16	Tpos:329.7,Tstd:259.3,Bpos:235.7,Bstd:160.0,StrandBias:-0.1,Multiplicity:1.02
0.839	0.131	0.020	0.010
0.886	0.001	0.090	0.023
0.931	0.015	0.025	0.029
0.960	0.001	0.038	0.001
0.160	0.701	0.042	0.097
0.001	0.069	0.855	0.075
0.001	0.956	0.001	0.042
0.118	0.001	0.880	0.001
>TTTGATMT	8-TTTGATMT	5.773343	-38.823884	0	T:336.0(19.41%),B:5682.3(12.25%),P:1e-16	Tpos:313.2,Tstd:300.9,Bpos:238.1,Bstd:148.1,StrandBias:-0.1,Multiplicity:1.17
0.001	0.001	0.001	0.997
0.001	0.001	0.001	0.997
0.001	0.001	0.001	0.997
0.001	0.001	0.997	0.001
0.997	0.001	0.001	0.001
0.370	0.001	0.001	0.628
0.475	0.396	0.129	0.001
0.001	0.001	0.034	0.964
>AGGCGGGG	9-AGGCGGGG	8.373478	-26.925281	0	T:247.0(14.27%),B:4222.6(9.10%),P:1e-11	Tpos:398.1,Tstd:300.6,Bpos:234.5,Bstd:163.5,StrandBias:-0.2,Multiplicity:1.38
0.997	0.001	0.001	0.001
0.001	0.001	0.997	0.001
0.114	0.001	0.884	0.001
0.001	0.997	0.001	0.001
0.001	0.001	0.997	0.001
0.072	0.172	0.755	0.001
0.115	0.001	0.883	0.001
0.118	0.001	0.880	0.001
>CCAATCGG	10-CCAATCGG	8.240714	-21.910015	0	T:115.0(6.64%),B:1648.5(3.55%),P:1e-9	Tpos:327.4,Tstd:204.5,Bpos:236.6,Bstd:148.2,StrandBias:0.2,Multiplicity:1.19
0.001	0.997	0.001	0.001
0.001	0.696	0.075	0.228
0.997	0.001	0.001	0.001
0.997	0.001	0.001	0.001
0.128	0.001	0.001	0.870
0.001	0.601	0.397	0.001
0.335	0.001	0.663	0.001
0.058	0.242	0.652	0.048
>ATGCAAAT	11-ATGCAAAT	9.957625	-21.018160	0	T:94.0(5.43%),B:1268.6(2.73%),P:1e-9	Tpos:261.8,Tstd:212.9,Bpos:241.5,Bstd:142.9,StrandBias:-0.1,Multiplicity:1.16
0.997	0.001	0.001	0.001
0.001	0.001	0.001	0.997
0.001	0.001	0.997	0.001
0.001	0.669	0.001	0.329
0.997	0.001	0.001	0.001
0.997	0.001	0.001	0.001
0.997	0.001	0.001	0.001
0.001	0.001	0.001	0.997
>GTCATACC	12-GTCATACC	1.367690	-5.394431	0	T:365.0(21.09%),B:8623.5(18.58%),P:1e-2	Tpos:282.6,Tstd:249.0,Bpos:237.7,Bstd:138.8,StrandBias:-0.4,Multiplicity:1.29
0.001	0.001	0.997	0.001
0.001	0.001	0.001	0.997
0.001	0.997	0.001	0.001
0.997	0.001	0.001	0.001
0.001	0.001	0.001	0.997
0.997	0.001	0.001	0.001
0.001	0.997	0.001	0.001
0.001	0.937	0.061	0.001
>AGCACATG	13-AGCACATG	8.236954	-1.634715	0	T:38.0(2.20%),B:876.1(1.89%),P:1e0	Tpos:222.5,Tstd:193.2,Bpos:238.0,Bstd:132.6,StrandBias:-1.6,Multiplicity:1.86
0.700	0.100	0.100	0.100
0.100	0.100	0.700	0.100
0.100	0.700	0.100	0.100
0.700	0.100	0.100	0.100
0.100	0.700	0.100	0.100
0.700	0.100	0.100	0.100
0.100	0.100	0.100	0.700
0.100	0.100	0.700	0.100
