Factor1: 1.1868948883952073
Factor2: 0.842534591544238
