>CTTCCTGT	1-CTTCCTGT	9.181361	-198.961353	0	T:828.0(21.06%),B:4627.6(10.31%),P:1e-86	Tpos:284.9,Tstd:226.7,Bpos:239.0,Bstd:140.2,StrandBias:0.0,Multiplicity:1.19
0.001	0.782	0.001	0.216
0.193	0.001	0.001	0.805
0.001	0.001	0.001	0.997
0.001	0.997	0.001	0.001
0.001	0.997	0.001	0.001
0.001	0.001	0.001	0.997
0.001	0.001	0.997	0.001
0.001	0.001	0.001	0.997
>ATGAGTCA	2-ATGAGTCA	5.979232	-170.126349	0	T:680.0(17.30%),B:3697.5(8.24%),P:1e-73	Tpos:289.3,Tstd:247.3,Bpos:239.5,Bstd:140.2,StrandBias:-0.0,Multiplicity:1.18
0.620	0.149	0.168	0.063
0.001	0.001	0.001	0.997
0.001	0.001	0.950	0.048
0.997	0.001	0.001	0.001
0.001	0.239	0.759	0.001
0.001	0.001	0.001	0.997
0.001	0.997	0.001	0.001
0.997	0.001	0.001	0.001
>ACTTCCTC	3-ACTTCCTC	7.624113	-160.200902	0	T:947.0(24.09%),B:6086.3(13.56%),P:1e-69	Tpos:297.2,Tstd:238.2,Bpos:239.8,Bstd:140.2,StrandBias:-0.0,Multiplicity:1.10
0.997	0.001	0.001	0.001
0.001	0.997	0.001	0.001
0.194	0.001	0.001	0.804
0.001	0.001	0.001	0.997
0.001	0.997	0.001	0.001
0.001	0.997	0.001	0.001
0.001	0.124	0.001	0.874
0.001	0.714	0.187	0.098
>TGTGGTTT	4-TGTGGTTT	6.794416	-104.563101	0	T:423.0(10.76%),B:2278.1(5.07%),P:1e-45	Tpos:309.6,Tstd:262.9,Bpos:247.6,Bstd:145.6,StrandBias:-0.1,Multiplicity:1.09
0.001	0.100	0.001	0.898
0.001	0.001	0.997	0.001
0.001	0.076	0.001	0.922
0.001	0.001	0.997	0.001
0.001	0.001	0.997	0.001
0.001	0.001	0.001	0.997
0.001	0.001	0.001	0.997
0.150	0.001	0.001	0.848
>GGGCGGAA	5-GGGCGGAA	6.002021	-91.617872	0	T:1680.0(42.74%),B:14626.7(32.58%),P:1e-39	Tpos:327.7,Tstd:278.7,Bpos:241.6,Bstd:148.0,StrandBias:-0.0,Multiplicity:1.63
0.185	0.085	0.641	0.089
0.098	0.042	0.791	0.069
0.108	0.177	0.687	0.028
0.270	0.602	0.094	0.034
0.044	0.006	0.945	0.005
0.075	0.033	0.820	0.072
0.802	0.023	0.068	0.107
0.717	0.057	0.164	0.062
>GGGCGTGG	6-GGGCGTGG	7.394448	-85.341029	0	T:859.0(21.85%),B:6397.3(14.25%),P:1e-37	Tpos:338.4,Tstd:279.3,Bpos:240.0,Bstd:151.6,StrandBias:0.1,Multiplicity:1.55
0.001	0.001	0.997	0.001
0.001	0.001	0.997	0.001
0.001	0.001	0.997	0.001
0.001	0.925	0.073	0.001
0.011	0.001	0.973	0.015
0.015	0.018	0.028	0.939
0.001	0.001	0.997	0.001
0.001	0.001	0.997	0.001
>ATTTGCAT	7-ATTTGCAT	8.236954	-77.743854	0	T:180.0(4.58%),B:714.0(1.59%),P:1e-33	Tpos:284.2,Tstd:223.5,Bpos:235.9,Bstd:139.0,StrandBias:-0.4,Multiplicity:1.07
0.700	0.100	0.100	0.100
0.100	0.100	0.100	0.700
0.100	0.100	0.100	0.700
0.100	0.100	0.100	0.700
0.100	0.100	0.700	0.100
0.100	0.700	0.100	0.100
0.700	0.100	0.100	0.100
0.100	0.100	0.100	0.700
>ACATCAAA	8-ACATCAAA	5.965336	-62.606898	0	T:1337.0(34.01%),B:11739.4(26.15%),P:1e-27	Tpos:289.0,Tstd:231.2,Bpos:240.5,Bstd:145.6,StrandBias:-0.0,Multiplicity:1.38
0.956	0.001	0.042	0.001
0.001	0.790	0.192	0.017
0.757	0.001	0.017	0.225
0.087	0.001	0.001	0.911
0.066	0.886	0.001	0.047
0.986	0.001	0.001	0.012
0.911	0.040	0.048	0.001
0.916	0.001	0.048	0.035
>TTDCGTCT	9-TTDCGTCT	5.602661	-61.206618	0	T:912.0(23.20%),B:7412.8(16.51%),P:1e-26	Tpos:321.5,Tstd:262.6,Bpos:240.8,Bstd:154.8,StrandBias:-0.0,Multiplicity:1.18
0.213	0.001	0.017	0.769
0.001	0.161	0.282	0.556
0.320	0.001	0.305	0.374
0.001	0.997	0.001	0.001
0.001	0.001	0.997	0.001
0.076	0.277	0.001	0.646
0.001	0.887	0.001	0.111
0.363	0.001	0.001	0.635
>CTADRCGB	10-CTADRCGB	6.177390	-56.768520	0	T:766.0(19.49%),B:6071.0(13.52%),P:1e-24	Tpos:302.4,Tstd:270.9,Bpos:239.9,Bstd:145.8,StrandBias:0.1,Multiplicity:1.17
0.001	0.818	0.001	0.180
0.095	0.001	0.001	0.903
0.997	0.001	0.001	0.001
0.221	0.189	0.368	0.223
0.381	0.197	0.244	0.178
0.001	0.599	0.395	0.005
0.001	0.047	0.951	0.001
0.083	0.369	0.243	0.306
>AACGGAAA	11-AACGGAAA	5.538319	-54.189241	0	T:1299.0(33.05%),B:11581.2(25.80%),P:1e-23	Tpos:318.5,Tstd:276.0,Bpos:241.2,Bstd:148.1,StrandBias:-0.0,Multiplicity:1.33
0.776	0.052	0.077	0.095
0.657	0.103	0.182	0.058
0.118	0.697	0.058	0.127
0.028	0.095	0.772	0.105
0.088	0.066	0.762	0.084
0.826	0.059	0.080	0.035
0.765	0.056	0.108	0.071
0.751	0.059	0.153	0.037
>GCTGTTTA	12-GCTGTTTA	6.742046	-46.895839	0	T:899.0(22.87%),B:7642.8(17.03%),P:1e-20	Tpos:302.4,Tstd:254.6,Bpos:237.8,Bstd:145.8,StrandBias:0.1,Multiplicity:1.18
0.148	0.001	0.850	0.001
0.060	0.859	0.052	0.029
0.035	0.001	0.011	0.953
0.001	0.064	0.934	0.001
0.033	0.001	0.001	0.965
0.001	0.062	0.001	0.936
0.045	0.001	0.064	0.890
0.733	0.042	0.111	0.114
>CCCCTCCC	13-CCCCTCCC	9.469835	-43.156095	0	T:750.0(19.08%),B:6240.3(13.90%),P:1e-18	Tpos:348.7,Tstd:323.7,Bpos:242.7,Bstd:142.7,StrandBias:-0.1,Multiplicity:1.28
0.126	0.671	0.001	0.202
0.001	0.997	0.001	0.001
0.001	0.997	0.001	0.001
0.001	0.997	0.001	0.001
0.001	0.001	0.001	0.997
0.001	0.997	0.001	0.001
0.001	0.997	0.001	0.001
0.001	0.997	0.001	0.001
>TGCTTTGA	14-TGCTTTGA	6.771225	-42.880205	0	T:526.0(13.38%),B:4055.5(9.03%),P:1e-18	Tpos:304.9,Tstd:249.7,Bpos:240.3,Bstd:145.8,StrandBias:0.2,Multiplicity:1.12
0.001	0.001	0.001	0.997
0.001	0.182	0.816	0.001
0.001	0.997	0.001	0.001
0.001	0.001	0.069	0.929
0.001	0.001	0.001	0.997
0.001	0.001	0.001	0.997
0.001	0.001	0.997	0.001
0.758	0.240	0.001	0.001
>ACCGAGCG	15-ACCGAGCG	6.395025	-42.283915	0	T:822.0(20.91%),B:6988.5(15.57%),P:1e-18	Tpos:354.3,Tstd:301.1,Bpos:236.3,Bstd:156.9,StrandBias:-0.0,Multiplicity:1.32
0.926	0.072	0.001	0.001
0.001	0.637	0.361	0.001
0.115	0.865	0.001	0.019
0.001	0.078	0.920	0.001
0.945	0.050	0.004	0.001
0.057	0.048	0.866	0.029
0.110	0.840	0.001	0.049
0.101	0.160	0.526	0.213
>CACGTGAT	16-CACGTGAT	7.005093	-36.415385	0	T:392.0(9.97%),B:2924.2(6.51%),P:1e-15	Tpos:294.1,Tstd:246.7,Bpos:237.6,Bstd:153.4,StrandBias:0.0,Multiplicity:1.05
0.027	0.905	0.001	0.067
0.972	0.001	0.001	0.026
0.087	0.911	0.001	0.001
0.056	0.028	0.915	0.001
0.017	0.081	0.001	0.901
0.001	0.001	0.968	0.030
0.839	0.001	0.041	0.119
0.055	0.221	0.064	0.660
>RATGAAAG	17-RATGAAAG	7.966869	-31.189096	0	T:349.0(8.88%),B:2628.6(5.86%),P:1e-13	Tpos:285.8,Tstd:241.0,Bpos:238.6,Bstd:137.6,StrandBias:0.1,Multiplicity:1.07
0.373	0.138	0.487	0.001
0.997	0.001	0.001	0.001
0.001	0.001	0.001	0.997
0.001	0.001	0.997	0.001
0.997	0.001	0.001	0.001
0.906	0.001	0.001	0.092
0.997	0.001	0.001	0.001
0.001	0.001	0.997	0.001
>CTGGGTGA	18-CTGGGTGA	8.236954	-19.683891	0	T:170.0(4.32%),B:1205.2(2.68%),P:1e-8	Tpos:290.9,Tstd:260.1,Bpos:241.6,Bstd:140.4,StrandBias:-0.1,Multiplicity:1.02
0.100	0.700	0.100	0.100
0.100	0.100	0.100	0.700
0.100	0.100	0.700	0.100
0.100	0.100	0.700	0.100
0.100	0.100	0.700	0.100
0.100	0.100	0.100	0.700
0.100	0.100	0.700	0.100
0.700	0.100	0.100	0.100
>ACTGAATC	19-ACTGAATC	8.989881	-15.472415	0	T:81.0(2.06%),B:496.7(1.11%),P:1e-6	Tpos:308.4,Tstd:238.5,Bpos:239.0,Bstd:145.0,StrandBias:0.4,Multiplicity:1.03
0.997	0.001	0.001	0.001
0.001	0.997	0.001	0.001
0.001	0.125	0.001	0.873
0.001	0.001	0.997	0.001
0.997	0.001	0.001	0.001
0.997	0.001	0.001	0.001
0.001	0.001	0.001	0.997
0.001	0.997	0.001	0.001
