>VACAGGAAGT	1-VACAGGAAGT	8.076252	-331.516250	0	T:1116.0(28.39%),B:5802.9(12.93%),P:1e-143	Tpos:288.9,Tstd:232.8,Bpos:237.2,Bstd:141.5,StrandBias:0.0,Multiplicity:1.22
0.289	0.309	0.266	0.136
0.540	0.060	0.289	0.111
0.028	0.649	0.322	0.001
0.893	0.085	0.021	0.001
0.001	0.001	0.997	0.001
0.001	0.001	0.997	0.001
0.989	0.001	0.001	0.009
0.697	0.001	0.001	0.301
0.404	0.038	0.557	0.001
0.001	0.231	0.038	0.730
>WGATGASTCA	2-WGATGASTCA	6.935967	-162.850758	0	T:616.0(15.67%),B:3254.1(7.25%),P:1e-70	Tpos:289.8,Tstd:250.5,Bpos:239.2,Bstd:140.6,StrandBias:-0.0,Multiplicity:1.18
0.257	0.198	0.196	0.350
0.181	0.083	0.518	0.218
0.435	0.284	0.175	0.106
0.001	0.004	0.001	0.994
0.003	0.038	0.903	0.056
0.919	0.048	0.001	0.032
0.020	0.470	0.509	0.001
0.001	0.001	0.009	0.989
0.035	0.942	0.006	0.017
0.989	0.004	0.006	0.001
>CMYCTAGTGG	3-CMYCTAGTGG	7.749664	-118.730452	0	T:486.0(12.36%),B:2639.8(5.88%),P:1e-51	Tpos:302.6,Tstd:233.3,Bpos:246.5,Bstd:141.5,StrandBias:0.1,Multiplicity:1.07
0.060	0.787	0.103	0.050
0.411	0.457	0.131	0.001
0.001	0.424	0.007	0.568
0.026	0.943	0.023	0.008
0.017	0.057	0.026	0.900
0.476	0.148	0.302	0.074
0.067	0.241	0.635	0.057
0.025	0.138	0.117	0.720
0.103	0.001	0.771	0.125
0.001	0.128	0.699	0.172
>ACATCAAAGG	4-ACATCAAAGG	7.191005	-93.334019	0	T:767.0(19.51%),B:5395.5(12.02%),P:1e-40	Tpos:276.0,Tstd:224.4,Bpos:242.6,Bstd:142.7,StrandBias:-0.0,Multiplicity:1.17
0.894	0.001	0.037	0.068
0.080	0.681	0.238	0.001
0.744	0.001	0.001	0.254
0.017	0.001	0.001	0.981
0.046	0.802	0.141	0.011
0.975	0.001	0.023	0.001
0.873	0.050	0.076	0.001
0.997	0.001	0.001	0.001
0.189	0.062	0.723	0.026
0.232	0.066	0.541	0.161
>SATTTGCATA	5-SATTTGCATA	7.631032	-83.739366	0	T:239.0(6.08%),B:1075.2(2.40%),P:1e-36	Tpos:278.2,Tstd:212.3,Bpos:233.0,Bstd:138.0,StrandBias:-0.4,Multiplicity:1.06
0.199	0.335	0.354	0.112
0.929	0.041	0.001	0.029
0.001	0.001	0.001	0.997
0.001	0.003	0.003	0.993
0.001	0.001	0.001	0.997
0.013	0.001	0.985	0.001
0.012	0.984	0.001	0.003
0.946	0.021	0.032	0.001
0.001	0.001	0.001	0.997
0.957	0.019	0.017	0.007
>AAAACCACAA	6-AAAACCACAA	8.948709	-82.755977	0	T:277.0(7.05%),B:1357.2(3.02%),P:1e-35	Tpos:297.9,Tstd:240.2,Bpos:245.1,Bstd:148.0,StrandBias:0.3,Multiplicity:1.06
0.859	0.058	0.082	0.001
0.930	0.018	0.035	0.017
0.997	0.001	0.001	0.001
0.939	0.001	0.039	0.021
0.044	0.954	0.001	0.001
0.048	0.911	0.017	0.024
0.967	0.001	0.009	0.023
0.001	0.997	0.001	0.001
0.974	0.012	0.013	0.001
0.690	0.132	0.052	0.126
>ACAGGAAGRA	7-ACAGGAAGRA	7.897758	-56.879851	0	T:419.0(10.66%),B:2816.9(6.28%),P:1e-24	Tpos:282.2,Tstd:205.3,Bpos:246.4,Bstd:138.4,StrandBias:-0.1,Multiplicity:1.06
0.655	0.173	0.155	0.017
0.289	0.500	0.143	0.068
0.621	0.302	0.053	0.024
0.019	0.057	0.785	0.139
0.076	0.045	0.711	0.168
0.936	0.056	0.007	0.001
0.634	0.001	0.202	0.163
0.122	0.165	0.693	0.020
0.369	0.001	0.487	0.143
0.498	0.250	0.149	0.103
>CGCTTTAAAG	8-CGCTTTAAAG	6.569450	-51.051083	0	T:686.0(17.45%),B:5418.2(12.07%),P:1e-22	Tpos:300.0,Tstd:255.5,Bpos:243.0,Bstd:149.5,StrandBias:-0.2,Multiplicity:1.11
0.095	0.689	0.109	0.107
0.078	0.064	0.760	0.098
0.077	0.760	0.080	0.083
0.065	0.037	0.050	0.848
0.051	0.047	0.040	0.862
0.093	0.075	0.047	0.785
0.769	0.054	0.093	0.084
0.864	0.041	0.056	0.039
0.897	0.021	0.027	0.055
0.092	0.068	0.774	0.066
>AAAAACACGC	9-AAAAACACGC	6.106611	-50.660355	0	T:1025.0(26.07%),B:8826.8(19.66%),P:1e-22	Tpos:331.3,Tstd:288.7,Bpos:240.4,Bstd:152.4,StrandBias:0.0,Multiplicity:1.22
0.773	0.048	0.100	0.079
0.809	0.057	0.033	0.101
0.852	0.045	0.038	0.065
0.794	0.066	0.079	0.061
0.785	0.096	0.077	0.042
0.116	0.764	0.049	0.071
0.808	0.076	0.065	0.051
0.077	0.808	0.057	0.058
0.043	0.121	0.807	0.029
0.047	0.804	0.062	0.087
>ACWTCCGKWW	10-ACWTCCGKWW	5.285347	-49.862077	0	T:734.0(18.67%),B:5915.9(13.18%),P:1e-21	Tpos:325.7,Tstd:286.8,Bpos:241.1,Bstd:154.5,StrandBias:0.1,Multiplicity:1.13
0.748	0.166	0.005	0.081
0.076	0.518	0.231	0.175
0.274	0.129	0.176	0.421
0.134	0.087	0.309	0.470
0.247	0.513	0.068	0.172
0.051	0.859	0.086	0.004
0.001	0.055	0.939	0.005
0.049	0.172	0.433	0.345
0.383	0.138	0.018	0.462
0.347	0.164	0.194	0.296
>GRYTCCGCCT	11-GRYTCCGCCT	7.001319	-49.657797	0	T:386.0(9.82%),B:2635.2(5.87%),P:1e-21	Tpos:334.2,Tstd:281.0,Bpos:243.2,Bstd:153.1,StrandBias:-0.3,Multiplicity:1.12
0.358	0.055	0.525	0.062
0.283	0.089	0.425	0.204
0.026	0.464	0.061	0.450
0.321	0.118	0.044	0.517
0.224	0.465	0.204	0.107
0.269	0.554	0.158	0.019
0.051	0.029	0.886	0.034
0.039	0.830	0.054	0.077
0.044	0.648	0.276	0.032
0.036	0.351	0.020	0.593
>GTAACGGAAA	12-GTAACGGAAA	6.700724	-47.656474	0	T:561.0(14.27%),B:4288.3(9.55%),P:1e-20	Tpos:309.8,Tstd:297.7,Bpos:243.1,Bstd:146.6,StrandBias:0.0,Multiplicity:1.14
0.048	0.083	0.792	0.077
0.142	0.069	0.118	0.671
0.791	0.073	0.089	0.047
0.823	0.079	0.048	0.050
0.059	0.855	0.024	0.062
0.076	0.043	0.778	0.103
0.068	0.058	0.835	0.039
0.823	0.082	0.040	0.055
0.834	0.046	0.051	0.069
0.801	0.074	0.066	0.059
>GGAAWTTCCC	13-GGAAWTTCCC	8.265990	-46.899164	0	T:278.0(7.07%),B:1736.7(3.87%),P:1e-20	Tpos:314.8,Tstd:256.1,Bpos:244.1,Bstd:138.9,StrandBias:0.1,Multiplicity:1.05
0.001	0.001	0.997	0.001
0.001	0.001	0.679	0.319
0.585	0.063	0.237	0.115
0.591	0.125	0.283	0.001
0.457	0.061	0.134	0.348
0.001	0.174	0.160	0.665
0.001	0.315	0.001	0.683
0.001	0.997	0.001	0.001
0.001	0.997	0.001	0.001
0.210	0.788	0.001	0.001
>ATAGADGGCG	14-ATAGADGGCG	6.474063	-44.784758	0	T:75.0(1.91%),B:239.6(0.53%),P:1e-19	Tpos:312.3,Tstd:220.8,Bpos:234.7,Bstd:155.3,StrandBias:1.0,Multiplicity:1.00
0.391	0.205	0.175	0.228
0.071	0.282	0.134	0.513
0.469	0.263	0.166	0.102
0.108	0.049	0.748	0.095
0.705	0.151	0.076	0.068
0.218	0.120	0.349	0.312
0.324	0.125	0.521	0.030
0.172	0.234	0.460	0.135
0.037	0.590	0.065	0.308
0.033	0.161	0.631	0.175
>AGCTGTCTTA	15-AGCTGTCTTA	7.336926	-42.682265	0	T:381.0(9.69%),B:2706.3(6.03%),P:1e-18	Tpos:273.2,Tstd:217.4,Bpos:238.5,Bstd:141.2,StrandBias:-0.1,Multiplicity:1.06
0.765	0.108	0.042	0.085
0.094	0.046	0.794	0.066
0.057	0.912	0.016	0.015
0.069	0.045	0.128	0.758
0.014	0.077	0.858	0.051
0.110	0.044	0.075	0.771
0.022	0.848	0.045	0.085
0.080	0.050	0.066	0.804
0.038	0.156	0.061	0.745
0.756	0.087	0.076	0.081
>TATGGGCGGA	16-TATGGGCGGA	7.973982	-42.496562	0	T:171.0(4.35%),B:917.2(2.04%),P:1e-18	Tpos:298.2,Tstd:225.9,Bpos:244.9,Bstd:152.1,StrandBias:0.1,Multiplicity:1.04
0.201	0.001	0.016	0.782
0.752	0.001	0.246	0.001
0.001	0.001	0.077	0.921
0.079	0.001	0.898	0.022
0.001	0.132	0.866	0.001
0.001	0.001	0.864	0.134
0.001	0.997	0.001	0.001
0.001	0.001	0.923	0.075
0.006	0.133	0.745	0.116
0.590	0.001	0.001	0.408
>GGGGGGGGGG	17-GGGGGGGGGG	6.404373	-40.176547	0	T:1896.0(48.23%),B:18589.2(41.41%),P:1e-17	Tpos:346.1,Tstd:303.7,Bpos:242.2,Bstd:147.2,StrandBias:0.1,Multiplicity:2.23
0.100	0.100	0.700	0.100
0.100	0.100	0.700	0.100
0.100	0.100	0.700	0.100
0.100	0.100	0.700	0.100
0.100	0.100	0.700	0.100
0.100	0.100	0.700	0.100
0.100	0.100	0.700	0.100
0.100	0.100	0.700	0.100
0.100	0.100	0.700	0.100
0.100	0.100	0.700	0.100
>ATCTAACCAC	18-ATCTAACCAC	7.960213	-38.274140	0	T:148.0(3.76%),B:781.1(1.74%),P:1e-16	Tpos:292.5,Tstd:242.2,Bpos:249.5,Bstd:145.3,StrandBias:-0.0,Multiplicity:1.02
0.732	0.080	0.048	0.140
0.085	0.032	0.123	0.760
0.009	0.815	0.039	0.137
0.085	0.096	0.104	0.715
0.813	0.075	0.060	0.052
0.798	0.076	0.079	0.047
0.051	0.835	0.045	0.069
0.066	0.849	0.068	0.017
0.823	0.058	0.098	0.021
0.026	0.867	0.067	0.040
>CCATGGCAAC	19-CCATGGCAAC	8.240918	-36.901638	0	T:184.0(4.68%),B:1080.9(2.41%),P:1e-16	Tpos:278.9,Tstd:197.8,Bpos:242.8,Bstd:140.2,StrandBias:-0.3,Multiplicity:1.15
0.001	0.976	0.001	0.022
0.001	0.971	0.001	0.027
0.923	0.075	0.001	0.001
0.039	0.001	0.001	0.959
0.075	0.031	0.877	0.017
0.122	0.001	0.876	0.001
0.057	0.831	0.025	0.087
0.913	0.001	0.001	0.085
0.932	0.001	0.001	0.066
0.001	0.997	0.001	0.001
>TCACGTGACG	20-TCACGTGACG	6.619630	-34.099463	0	T:421.0(10.71%),B:3245.9(7.23%),P:1e-14	Tpos:292.7,Tstd:257.8,Bpos:238.0,Bstd:148.6,StrandBias:-0.1,Multiplicity:1.08
0.092	0.063	0.054	0.791
0.074	0.846	0.052	0.028
0.844	0.079	0.033	0.044
0.099	0.760	0.073	0.068
0.076	0.050	0.789	0.085
0.024	0.036	0.050	0.890
0.104	0.049	0.796	0.051
0.777	0.057	0.082	0.084
0.069	0.787	0.059	0.085
0.123	0.084	0.728	0.065
>CGTTTGCAAA	21-CGTTTGCAAA	7.220953	-29.504428	0	T:279.0(7.10%),B:2014.6(4.49%),P:1e-12	Tpos:317.9,Tstd:250.9,Bpos:245.9,Bstd:149.6,StrandBias:-0.2,Multiplicity:1.04
0.072	0.818	0.051	0.059
0.031	0.079	0.773	0.117
0.059	0.071	0.056	0.814
0.099	0.021	0.037	0.843
0.089	0.049	0.105	0.757
0.057	0.057	0.836	0.050
0.064	0.728	0.065	0.143
0.819	0.055	0.075	0.051
0.758	0.067	0.112	0.063
0.862	0.037	0.047	0.054
>CAGAGCGTTA	22-CAGAGCGTTA	7.236529	-26.549229	0	T:183.0(4.66%),B:1208.2(2.69%),P:1e-11	Tpos:292.4,Tstd:234.0,Bpos:236.1,Bstd:145.2,StrandBias:-0.0,Multiplicity:1.03
0.063	0.856	0.063	0.018
0.739	0.094	0.092	0.075
0.076	0.041	0.781	0.102
0.853	0.027	0.117	0.003
0.071	0.060	0.771	0.098
0.061	0.889	0.020	0.030
0.096	0.044	0.809	0.051
0.121	0.083	0.050	0.746
0.100	0.067	0.074	0.759
0.809	0.090	0.053	0.048
>CTTTTGAACG	23-CTTTTGAACG	9.503127	-23.802070	0	T:64.0(1.63%),B:286.6(0.64%),P:1e-10	Tpos:337.8,Tstd:209.4,Bpos:232.0,Bstd:147.2,StrandBias:0.0,Multiplicity:1.02
0.001	0.684	0.314	0.001
0.001	0.001	0.001	0.997
0.158	0.091	0.001	0.750
0.189	0.237	0.001	0.573
0.001	0.001	0.001	0.997
0.001	0.323	0.674	0.002
0.751	0.001	0.247	0.001
0.997	0.001	0.001	0.001
0.124	0.740	0.032	0.104
0.149	0.151	0.699	0.001
>CATCTGCGTG	24-CATCTGCGTG	11.619495	-21.791937	0	T:14.0(0.36%),B:16.3(0.04%),P:1e-9	Tpos:232.8,Tstd:225.4,Bpos:312.0,Bstd:119.2,StrandBias:-0.7,Multiplicity:1.00
0.001	0.997	0.001	0.001
0.997	0.001	0.001	0.001
0.001	0.001	0.001	0.997
0.001	0.997	0.001	0.001
0.001	0.001	0.001	0.997
0.001	0.001	0.997	0.001
0.001	0.997	0.001	0.001
0.001	0.001	0.997	0.001
0.001	0.001	0.001	0.997
0.109	0.001	0.889	0.001
>ATGAGTATAC	25-ATGAGTATAC	10.296193	-1.676975	0	T:2.0(0.05%),B:9.6(0.02%),P:1e0	Tpos:168.7,Tstd:121.0,Bpos:316.4,Bstd:128.6,StrandBias:10.0,Multiplicity:8.50
0.700	0.100	0.100	0.100
0.100	0.100	0.100	0.700
0.100	0.100	0.700	0.100
0.700	0.100	0.100	0.100
0.100	0.100	0.700	0.100
0.100	0.100	0.100	0.700
0.700	0.100	0.100	0.100
0.100	0.100	0.100	0.700
0.700	0.100	0.100	0.100
0.100	0.700	0.100	0.100
