>VACAGGAAGT	1-VACAGGAAGT	8.076252	-331.516250	0	T:1116.0(28.39%),B:5802.9(12.93%),P:1e-143	Tpos:288.9,Tstd:232.8,Bpos:237.2,Bstd:141.5,StrandBias:0.0,Multiplicity:1.22
0.289	0.309	0.266	0.136
0.540	0.060	0.289	0.111
0.028	0.649	0.322	0.001
0.893	0.085	0.021	0.001
0.001	0.001	0.997	0.001
0.001	0.001	0.997	0.001
0.989	0.001	0.001	0.009
0.697	0.001	0.001	0.301
0.404	0.038	0.557	0.001
0.001	0.231	0.038	0.730
>WGATGASTCA	2-WGATGASTCA	6.935967	-162.850758	0	T:616.0(15.67%),B:3254.1(7.25%),P:1e-70	Tpos:289.8,Tstd:250.5,Bpos:239.2,Bstd:140.6,StrandBias:-0.0,Multiplicity:1.18
0.257	0.198	0.196	0.350
0.181	0.083	0.518	0.218
0.435	0.284	0.175	0.106
0.001	0.004	0.001	0.994
0.003	0.038	0.903	0.056
0.919	0.048	0.001	0.032
0.020	0.470	0.509	0.001
0.001	0.001	0.009	0.989
0.035	0.942	0.006	0.017
0.989	0.004	0.006	0.001
>CMYCTAGTGG	3-CMYCTAGTGG	7.749664	-118.730452	0	T:486.0(12.36%),B:2639.8(5.88%),P:1e-51	Tpos:302.6,Tstd:233.3,Bpos:246.5,Bstd:141.5,StrandBias:0.1,Multiplicity:1.07
0.060	0.787	0.103	0.050
0.411	0.457	0.131	0.001
0.001	0.424	0.007	0.568
0.026	0.943	0.023	0.008
0.017	0.057	0.026	0.900
0.476	0.148	0.302	0.074
0.067	0.241	0.635	0.057
0.025	0.138	0.117	0.720
0.103	0.001	0.771	0.125
0.001	0.128	0.699	0.172
>ACATCAAAGG	4-ACATCAAAGG	7.191005	-93.334019	0	T:767.0(19.51%),B:5395.5(12.02%),P:1e-40	Tpos:276.0,Tstd:224.4,Bpos:242.6,Bstd:142.7,StrandBias:-0.0,Multiplicity:1.17
0.894	0.001	0.037	0.068
0.080	0.681	0.238	0.001
0.744	0.001	0.001	0.254
0.017	0.001	0.001	0.981
0.046	0.802	0.141	0.011
0.975	0.001	0.023	0.001
0.873	0.050	0.076	0.001
0.997	0.001	0.001	0.001
0.189	0.062	0.723	0.026
0.232	0.066	0.541	0.161
>SATTTGCATA	5-SATTTGCATA	7.631032	-83.739366	0	T:239.0(6.08%),B:1075.2(2.40%),P:1e-36	Tpos:278.2,Tstd:212.3,Bpos:233.0,Bstd:138.0,StrandBias:-0.4,Multiplicity:1.06
0.199	0.335	0.354	0.112
0.929	0.041	0.001	0.029
0.001	0.001	0.001	0.997
0.001	0.003	0.003	0.993
0.001	0.001	0.001	0.997
0.013	0.001	0.985	0.001
0.012	0.984	0.001	0.003
0.946	0.021	0.032	0.001
0.001	0.001	0.001	0.997
0.957	0.019	0.017	0.007
>AAAACCACAA	6-AAAACCACAA	8.948709	-82.755977	0	T:277.0(7.05%),B:1357.2(3.02%),P:1e-35	Tpos:297.9,Tstd:240.2,Bpos:245.1,Bstd:148.0,StrandBias:0.3,Multiplicity:1.06
0.859	0.058	0.082	0.001
0.930	0.018	0.035	0.017
0.997	0.001	0.001	0.001
0.939	0.001	0.039	0.021
0.044	0.954	0.001	0.001
0.048	0.911	0.017	0.024
0.967	0.001	0.009	0.023
0.001	0.997	0.001	0.001
0.974	0.012	0.013	0.001
0.690	0.132	0.052	0.126
>ACAGGAAGRA	7-ACAGGAAGRA	7.897758	-56.879851	0	T:419.0(10.66%),B:2816.9(6.28%),P:1e-24	Tpos:282.2,Tstd:205.3,Bpos:246.4,Bstd:138.4,StrandBias:-0.1,Multiplicity:1.06
0.655	0.173	0.155	0.017
0.289	0.500	0.143	0.068
0.621	0.302	0.053	0.024
0.019	0.057	0.785	0.139
0.076	0.045	0.711	0.168
0.936	0.056	0.007	0.001
0.634	0.001	0.202	0.163
0.122	0.165	0.693	0.020
0.369	0.001	0.487	0.143
0.498	0.250	0.149	0.103
>CGCTTTAAAG	8-CGCTTTAAAG	6.569450	-51.051083	0	T:686.0(17.45%),B:5418.2(12.07%),P:1e-22	Tpos:300.0,Tstd:255.5,Bpos:243.0,Bstd:149.5,StrandBias:-0.2,Multiplicity:1.11
0.095	0.689	0.109	0.107
0.078	0.064	0.760	0.098
0.077	0.760	0.080	0.083
0.065	0.037	0.050	0.848
0.051	0.047	0.040	0.862
0.093	0.075	0.047	0.785
0.769	0.054	0.093	0.084
0.864	0.041	0.056	0.039
0.897	0.021	0.027	0.055
0.092	0.068	0.774	0.066
>AAAAACACGC	9-AAAAACACGC	6.106611	-50.660355	0	T:1025.0(26.07%),B:8826.8(19.66%),P:1e-22	Tpos:331.3,Tstd:288.7,Bpos:240.4,Bstd:152.4,StrandBias:0.0,Multiplicity:1.22
0.773	0.048	0.100	0.079
0.809	0.057	0.033	0.101
0.852	0.045	0.038	0.065
0.794	0.066	0.079	0.061
0.785	0.096	0.077	0.042
0.116	0.764	0.049	0.071
0.808	0.076	0.065	0.051
0.077	0.808	0.057	0.058
0.043	0.121	0.807	0.029
0.047	0.804	0.062	0.087
>ACWTCCGKWW	10-ACWTCCGKWW	5.285347	-49.862077	0	T:734.0(18.67%),B:5915.9(13.18%),P:1e-21	Tpos:325.7,Tstd:286.8,Bpos:241.1,Bstd:154.5,StrandBias:0.1,Multiplicity:1.13
0.748	0.166	0.005	0.081
0.076	0.518	0.231	0.175
0.274	0.129	0.176	0.421
0.134	0.087	0.309	0.470
0.247	0.513	0.068	0.172
0.051	0.859	0.086	0.004
0.001	0.055	0.939	0.005
0.049	0.172	0.433	0.345
0.383	0.138	0.018	0.462
0.347	0.164	0.194	0.296
>GRYTCCGCCT	11-GRYTCCGCCT	7.001319	-49.657797	0	T:386.0(9.82%),B:2635.2(5.87%),P:1e-21	Tpos:334.2,Tstd:281.0,Bpos:243.2,Bstd:153.1,StrandBias:-0.3,Multiplicity:1.12
0.358	0.055	0.525	0.062
0.283	0.089	0.425	0.204
0.026	0.464	0.061	0.450
0.321	0.118	0.044	0.517
0.224	0.465	0.204	0.107
0.269	0.554	0.158	0.019
0.051	0.029	0.886	0.034
0.039	0.830	0.054	0.077
0.044	0.648	0.276	0.032
0.036	0.351	0.020	0.593
>GTAACGGAAA	12-GTAACGGAAA	6.700724	-47.656474	0	T:561.0(14.27%),B:4288.3(9.55%),P:1e-20	Tpos:309.8,Tstd:297.7,Bpos:243.1,Bstd:146.6,StrandBias:0.0,Multiplicity:1.14
0.048	0.083	0.792	0.077
0.142	0.069	0.118	0.671
0.791	0.073	0.089	0.047
0.823	0.079	0.048	0.050
0.059	0.855	0.024	0.062
0.076	0.043	0.778	0.103
0.068	0.058	0.835	0.039
0.823	0.082	0.040	0.055
0.834	0.046	0.051	0.069
0.801	0.074	0.066	0.059
>GGAAWTTCCC	13-GGAAWTTCCC	8.265990	-46.899164	0	T:278.0(7.07%),B:1736.7(3.87%),P:1e-20	Tpos:314.8,Tstd:256.1,Bpos:244.1,Bstd:138.9,StrandBias:0.1,Multiplicity:1.05
0.001	0.001	0.997	0.001
0.001	0.001	0.679	0.319
0.585	0.063	0.237	0.115
0.591	0.125	0.283	0.001
0.457	0.061	0.134	0.348
0.001	0.174	0.160	0.665
0.001	0.315	0.001	0.683
0.001	0.997	0.001	0.001
0.001	0.997	0.001	0.001
0.210	0.788	0.001	0.001
>ATAGADGGCG	14-ATAGADGGCG	6.474063	-44.784758	0	T:75.0(1.91%),B:239.6(0.53%),P:1e-19	Tpos:312.3,Tstd:220.8,Bpos:234.7,Bstd:155.3,StrandBias:1.0,Multiplicity:1.00
0.391	0.205	0.175	0.228
0.071	0.282	0.134	0.513
0.469	0.263	0.166	0.102
0.108	0.049	0.748	0.095
0.705	0.151	0.076	0.068
0.218	0.120	0.349	0.312
0.324	0.125	0.521	0.030
0.172	0.234	0.460	0.135
0.037	0.590	0.065	0.308
0.033	0.161	0.631	0.175
>AGCTGTCTTA	15-AGCTGTCTTA	7.336926	-42.682265	0	T:381.0(9.69%),B:2706.3(6.03%),P:1e-18	Tpos:273.2,Tstd:217.4,Bpos:238.5,Bstd:141.2,StrandBias:-0.1,Multiplicity:1.06
0.765	0.108	0.042	0.085
0.094	0.046	0.794	0.066
0.057	0.912	0.016	0.015
0.069	0.045	0.128	0.758
0.014	0.077	0.858	0.051
0.110	0.044	0.075	0.771
0.022	0.848	0.045	0.085
0.080	0.050	0.066	0.804
0.038	0.156	0.061	0.745
0.756	0.087	0.076	0.081
>TATGGGCGGA	16-TATGGGCGGA	7.973982	-42.496562	0	T:171.0(4.35%),B:917.2(2.04%),P:1e-18	Tpos:298.2,Tstd:225.9,Bpos:244.9,Bstd:152.1,StrandBias:0.1,Multiplicity:1.04
0.201	0.001	0.016	0.782
0.752	0.001	0.246	0.001
0.001	0.001	0.077	0.921
0.079	0.001	0.898	0.022
0.001	0.132	0.866	0.001
0.001	0.001	0.864	0.134
0.001	0.997	0.001	0.001
0.001	0.001	0.923	0.075
0.006	0.133	0.745	0.116
0.590	0.001	0.001	0.408
>GGGGGGGGGG	17-GGGGGGGGGG	6.404373	-40.176547	0	T:1896.0(48.23%),B:18589.2(41.41%),P:1e-17	Tpos:346.1,Tstd:303.7,Bpos:242.2,Bstd:147.2,StrandBias:0.1,Multiplicity:2.23
0.100	0.100	0.700	0.100
0.100	0.100	0.700	0.100
0.100	0.100	0.700	0.100
0.100	0.100	0.700	0.100
0.100	0.100	0.700	0.100
0.100	0.100	0.700	0.100
0.100	0.100	0.700	0.100
0.100	0.100	0.700	0.100
0.100	0.100	0.700	0.100
0.100	0.100	0.700	0.100
>ATCTAACCAC	18-ATCTAACCAC	7.960213	-38.274140	0	T:148.0(3.76%),B:781.1(1.74%),P:1e-16	Tpos:292.5,Tstd:242.2,Bpos:249.5,Bstd:145.3,StrandBias:-0.0,Multiplicity:1.02
0.732	0.080	0.048	0.140
0.085	0.032	0.123	0.760
0.009	0.815	0.039	0.137
0.085	0.096	0.104	0.715
0.813	0.075	0.060	0.052
0.798	0.076	0.079	0.047
0.051	0.835	0.045	0.069
0.066	0.849	0.068	0.017
0.823	0.058	0.098	0.021
0.026	0.867	0.067	0.040
>CCATGGCAAC	19-CCATGGCAAC	8.240918	-36.901638	0	T:184.0(4.68%),B:1080.9(2.41%),P:1e-16	Tpos:278.9,Tstd:197.8,Bpos:242.8,Bstd:140.2,StrandBias:-0.3,Multiplicity:1.15
0.001	0.976	0.001	0.022
0.001	0.971	0.001	0.027
0.923	0.075	0.001	0.001
0.039	0.001	0.001	0.959
0.075	0.031	0.877	0.017
0.122	0.001	0.876	0.001
0.057	0.831	0.025	0.087
0.913	0.001	0.001	0.085
0.932	0.001	0.001	0.066
0.001	0.997	0.001	0.001
>TCACGTGACG	20-TCACGTGACG	6.619630	-34.099463	0	T:421.0(10.71%),B:3245.9(7.23%),P:1e-14	Tpos:292.7,Tstd:257.8,Bpos:238.0,Bstd:148.6,StrandBias:-0.1,Multiplicity:1.08
0.092	0.063	0.054	0.791
0.074	0.846	0.052	0.028
0.844	0.079	0.033	0.044
0.099	0.760	0.073	0.068
0.076	0.050	0.789	0.085
0.024	0.036	0.050	0.890
0.104	0.049	0.796	0.051
0.777	0.057	0.082	0.084
0.069	0.787	0.059	0.085
0.123	0.084	0.728	0.065
>CGTTTGCAAA	21-CGTTTGCAAA	7.220953	-29.504428	0	T:279.0(7.10%),B:2014.6(4.49%),P:1e-12	Tpos:317.9,Tstd:250.9,Bpos:245.9,Bstd:149.6,StrandBias:-0.2,Multiplicity:1.04
0.072	0.818	0.051	0.059
0.031	0.079	0.773	0.117
0.059	0.071	0.056	0.814
0.099	0.021	0.037	0.843
0.089	0.049	0.105	0.757
0.057	0.057	0.836	0.050
0.064	0.728	0.065	0.143
0.819	0.055	0.075	0.051
0.758	0.067	0.112	0.063
0.862	0.037	0.047	0.054
>CAGAGCGTTA	22-CAGAGCGTTA	7.236529	-26.549229	0	T:183.0(4.66%),B:1208.2(2.69%),P:1e-11	Tpos:292.4,Tstd:234.0,Bpos:236.1,Bstd:145.2,StrandBias:-0.0,Multiplicity:1.03
0.063	0.856	0.063	0.018
0.739	0.094	0.092	0.075
0.076	0.041	0.781	0.102
0.853	0.027	0.117	0.003
0.071	0.060	0.771	0.098
0.061	0.889	0.020	0.030
0.096	0.044	0.809	0.051
0.121	0.083	0.050	0.746
0.100	0.067	0.074	0.759
0.809	0.090	0.053	0.048
>CTTTTGAACG	23-CTTTTGAACG	9.503127	-23.802070	0	T:64.0(1.63%),B:286.6(0.64%),P:1e-10	Tpos:337.8,Tstd:209.4,Bpos:232.0,Bstd:147.2,StrandBias:0.0,Multiplicity:1.02
0.001	0.684	0.314	0.001
0.001	0.001	0.001	0.997
0.158	0.091	0.001	0.750
0.189	0.237	0.001	0.573
0.001	0.001	0.001	0.997
0.001	0.323	0.674	0.002
0.751	0.001	0.247	0.001
0.997	0.001	0.001	0.001
0.124	0.740	0.032	0.104
0.149	0.151	0.699	0.001
>CATCTGCGTG	24-CATCTGCGTG	11.619495	-21.791937	0	T:14.0(0.36%),B:16.3(0.04%),P:1e-9	Tpos:232.8,Tstd:225.4,Bpos:312.0,Bstd:119.2,StrandBias:-0.7,Multiplicity:1.00
0.001	0.997	0.001	0.001
0.997	0.001	0.001	0.001
0.001	0.001	0.001	0.997
0.001	0.997	0.001	0.001
0.001	0.001	0.001	0.997
0.001	0.001	0.997	0.001
0.001	0.997	0.001	0.001
0.001	0.001	0.997	0.001
0.001	0.001	0.001	0.997
0.109	0.001	0.889	0.001
>ATGAGTATAC	25-ATGAGTATAC	10.296193	-1.676975	0	T:2.0(0.05%),B:9.6(0.02%),P:1e0	Tpos:168.7,Tstd:121.0,Bpos:316.4,Bstd:128.6,StrandBias:10.0,Multiplicity:8.50
0.700	0.100	0.100	0.100
0.100	0.100	0.100	0.700
0.100	0.100	0.700	0.100
0.700	0.100	0.100	0.100
0.100	0.100	0.700	0.100
0.100	0.100	0.100	0.700
0.700	0.100	0.100	0.100
0.100	0.100	0.100	0.700
0.700	0.100	0.100	0.100
0.100	0.700	0.100	0.100
>NACTTCCTGTNN	1-NACTTCCTGTNN	8.776948	-332.488341	0	T:934.0(23.76%),B:4360.8(9.71%),P:1e-144	Tpos:283.8,Tstd:220.2,Bpos:236.6,Bstd:140.3,StrandBias:-0.0,Multiplicity:1.19
0.233	0.282	0.224	0.261
0.654	0.001	0.344	0.001
0.001	0.519	0.142	0.338
0.295	0.001	0.001	0.703
0.001	0.001	0.001	0.997
0.001	0.997	0.001	0.001
0.001	0.997	0.001	0.001
0.001	0.001	0.001	0.997
0.001	0.286	0.712	0.001
0.001	0.319	0.001	0.679
0.215	0.287	0.217	0.280
0.260	0.251	0.208	0.281
>GCCCYCTAGTGG	2-GCCCYCTAGTGG	10.579745	-170.970425	0	T:216.0(5.49%),B:526.4(1.17%),P:1e-74	Tpos:261.6,Tstd:204.7,Bpos:243.4,Bstd:136.0,StrandBias:0.1,Multiplicity:1.05
0.034	0.001	0.758	0.207
0.161	0.738	0.001	0.100
0.001	0.997	0.001	0.001
0.373	0.599	0.001	0.027
0.001	0.539	0.001	0.459
0.001	0.997	0.001	0.001
0.197	0.022	0.037	0.744
0.536	0.001	0.353	0.110
0.001	0.330	0.668	0.001
0.099	0.001	0.001	0.899
0.001	0.001	0.997	0.001
0.001	0.050	0.819	0.130
>WNNNVTGASTCA	3-WNNNVTGASTCA	7.912489	-162.774732	0	T:599.0(15.24%),B:3121.0(6.95%),P:1e-70	Tpos:288.9,Tstd:246.7,Bpos:240.1,Bstd:140.3,StrandBias:0.0,Multiplicity:1.15
0.368	0.211	0.182	0.239
0.242	0.236	0.313	0.209
0.248	0.231	0.216	0.305
0.249	0.226	0.288	0.237
0.334	0.259	0.228	0.179
0.001	0.001	0.001	0.997
0.001	0.001	0.802	0.196
0.767	0.001	0.001	0.231
0.001	0.538	0.460	0.001
0.042	0.001	0.001	0.956
0.001	0.997	0.001	0.001
0.997	0.001	0.001	0.001
>SCYCCGCCCCCH	4-SCYCCGCCCCCH	8.494184	-124.775573	0	T:1022.0(26.00%),B:7278.1(16.21%),P:1e-54	Tpos:338.2,Tstd:293.5,Bpos:244.3,Bstd:148.2,StrandBias:-0.0,Multiplicity:1.57
0.200	0.270	0.364	0.166
0.116	0.574	0.052	0.258
0.137	0.486	0.027	0.350
0.143	0.855	0.001	0.001
0.001	0.962	0.001	0.036
0.265	0.012	0.466	0.257
0.001	0.997	0.001	0.001
0.001	0.997	0.001	0.001
0.001	0.724	0.001	0.274
0.286	0.443	0.047	0.224
0.063	0.479	0.237	0.221
0.244	0.244	0.156	0.357
>TTATGCAAATYD	5-TTATGCAAATYD	8.791617	-88.121848	0	T:188.0(4.78%),B:707.0(1.57%),P:1e-38	Tpos:284.2,Tstd:225.8,Bpos:237.0,Bstd:141.5,StrandBias:0.5,Multiplicity:1.05
0.238	0.148	0.128	0.486
0.195	0.180	0.184	0.441
0.982	0.007	0.001	0.010
0.010	0.102	0.069	0.819
0.021	0.026	0.943	0.010
0.001	0.968	0.030	0.001
0.826	0.010	0.133	0.031
0.907	0.001	0.070	0.022
0.788	0.063	0.101	0.048
0.032	0.089	0.064	0.815
0.166	0.388	0.166	0.281
0.266	0.177	0.340	0.217
>AAACCACAGATS	6-AAACCACAGATS	8.759541	-76.663285	0	T:327.0(8.32%),B:1796.5(4.00%),P:1e-33	Tpos:306.5,Tstd:278.0,Bpos:244.2,Bstd:138.9,StrandBias:0.1,Multiplicity:1.08
0.647	0.145	0.001	0.207
0.981	0.017	0.001	0.001
0.899	0.052	0.048	0.001
0.015	0.954	0.027	0.004
0.001	0.977	0.001	0.021
0.861	0.092	0.001	0.046
0.014	0.967	0.018	0.001
0.955	0.001	0.001	0.043
0.308	0.005	0.629	0.058
0.600	0.158	0.114	0.128
0.206	0.180	0.142	0.472
0.224	0.245	0.379	0.152
>CTTTGATGTKDN	7-CTTTGATGTKDN	7.616844	-69.097917	0	T:874.0(22.23%),B:6861.6(15.29%),P:1e-30	Tpos:278.8,Tstd:231.8,Bpos:241.0,Bstd:144.1,StrandBias:-0.1,Multiplicity:1.20
0.017	0.571	0.129	0.283
0.001	0.058	0.001	0.940
0.001	0.229	0.190	0.580
0.001	0.001	0.001	0.997
0.003	0.232	0.581	0.184
0.732	0.013	0.001	0.254
0.399	0.001	0.007	0.593
0.001	0.323	0.675	0.001
0.114	0.001	0.001	0.884
0.039	0.144	0.417	0.401
0.256	0.121	0.276	0.347
0.190	0.243	0.227	0.339
>ACTTCCTGTCTG	8-ACTTCCTGTCTG	9.827757	-59.935994	0	T:140.0(3.56%),B:560.4(1.25%),P:1e-26	Tpos:281.9,Tstd:233.8,Bpos:238.9,Bstd:140.2,StrandBias:-0.2,Multiplicity:1.05
0.624	0.162	0.133	0.081
0.064	0.828	0.093	0.015
0.149	0.127	0.011	0.713
0.073	0.022	0.105	0.800
0.139	0.612	0.117	0.132
0.137	0.802	0.043	0.018
0.069	0.027	0.085	0.819
0.090	0.064	0.658	0.188
0.094	0.102	0.108	0.696
0.051	0.729	0.114	0.106
0.056	0.005	0.005	0.934
0.078	0.064	0.788	0.070
>GGGGTTTCCCCT	9-GGGGTTTCCCCT	9.046292	-59.201197	0	T:212.0(5.39%),B:1074.7(2.39%),P:1e-25	Tpos:281.4,Tstd:258.1,Bpos:245.0,Bstd:141.8,StrandBias:0.3,Multiplicity:1.03
0.087	0.070	0.752	0.091
0.073	0.054	0.813	0.060
0.037	0.037	0.871	0.055
0.069	0.105	0.771	0.055
0.052	0.060	0.119	0.769
0.026	0.055	0.049	0.870
0.001	0.100	0.023	0.876
0.001	0.930	0.012	0.057
0.113	0.745	0.047	0.095
0.001	0.851	0.062	0.086
0.001	0.935	0.017	0.047
0.033	0.094	0.058	0.815
>GGGAATTTCCCC	10-GGGAATTTCCCC	10.000165	-57.834551	0	T:78.0(1.98%),B:205.8(0.46%),P:1e-25	Tpos:345.3,Tstd:290.2,Bpos:249.3,Bstd:132.3,StrandBias:-0.1,Multiplicity:1.01
0.060	0.067	0.797	0.076
0.060	0.024	0.859	0.057
0.031	0.017	0.928	0.024
0.740	0.064	0.127	0.069
0.778	0.053	0.061	0.108
0.145	0.037	0.086	0.732
0.001	0.068	0.071	0.860
0.001	0.110	0.024	0.865
0.021	0.913	0.012	0.054
0.024	0.934	0.012	0.030
0.126	0.823	0.012	0.039
0.083	0.776	0.060	0.081
>CTATAGAGGGCG	11-CTATAGAGGGCG	10.310399	-47.857255	0	T:62.0(1.58%),B:158.5(0.35%),P:1e-20	Tpos:269.0,Tstd:183.7,Bpos:245.1,Bstd:139.0,StrandBias:0.5,Multiplicity:1.04
0.001	0.935	0.021	0.043
0.102	0.107	0.032	0.759
0.552	0.179	0.197	0.072
0.096	0.121	0.066	0.717
0.823	0.021	0.113	0.043
0.001	0.064	0.898	0.037
0.957	0.021	0.021	0.001
0.021	0.001	0.935	0.043
0.043	0.001	0.935	0.021
0.020	0.001	0.978	0.001
0.064	0.771	0.059	0.106
0.096	0.063	0.744	0.097
>AGGAAGGAAGCC	12-AGGAAGGAAGCC	9.645073	-44.959847	0	T:178.0(4.53%),B:948.0(2.11%),P:1e-19	Tpos:287.7,Tstd:226.0,Bpos:243.7,Bstd:133.2,StrandBias:0.2,Multiplicity:1.03
0.774	0.116	0.073	0.037
0.063	0.017	0.845	0.075
0.059	0.062	0.815	0.064
0.834	0.024	0.064	0.078
0.858	0.034	0.066	0.042
0.067	0.029	0.866	0.038
0.023	0.065	0.878	0.034
0.883	0.027	0.037	0.053
0.877	0.020	0.072	0.031
0.044	0.100	0.831	0.025
0.069	0.787	0.083	0.061
0.058	0.758	0.094	0.090
>TGCCATGGCAAC	13-TGCCATGGCAAC	9.873952	-41.827357	0	T:110.0(2.80%),B:476.9(1.06%),P:1e-18	Tpos:264.6,Tstd:205.1,Bpos:248.8,Bstd:136.4,StrandBias:0.1,Multiplicity:1.03
0.037	0.072	0.045	0.846
0.097	0.035	0.776	0.092
0.076	0.762	0.094	0.068
0.001	0.987	0.001	0.011
0.785	0.097	0.001	0.117
0.129	0.019	0.082	0.770
0.038	0.001	0.943	0.018
0.075	0.019	0.835	0.071
0.113	0.703	0.093	0.091
0.785	0.067	0.072	0.076
0.879	0.001	0.078	0.042
0.001	0.919	0.047	0.033
>GTCATACTTTCC	14-GTCATACTTTCC	12.930912	-41.190700	0	T:22.0(0.56%),B:17.6(0.04%),P:1e-17	Tpos:266.9,Tstd:170.9,Bpos:251.5,Bstd:135.9,StrandBias:0.3,Multiplicity:1.00
0.078	0.078	0.843	0.001
0.001	0.001	0.001	0.997
0.001	0.997	0.001	0.001
0.941	0.001	0.001	0.057
0.001	0.078	0.078	0.843
0.822	0.001	0.001	0.176
0.078	0.863	0.058	0.001
0.077	0.001	0.001	0.921
0.001	0.001	0.001	0.997
0.001	0.001	0.001	0.997
0.077	0.921	0.001	0.001
0.077	0.921	0.001	0.001
>TTTCTCAGCCGC	15-TTTCTCAGCCGC	8.351830	-40.756845	0	T:275.0(7.00%),B:1795.1(4.00%),P:1e-17	Tpos:301.2,Tstd:249.4,Bpos:240.7,Bstd:147.6,StrandBias:0.1,Multiplicity:1.03
0.031	0.105	0.053	0.811
0.024	0.052	0.041	0.883
0.021	0.045	0.049	0.885
0.055	0.859	0.056	0.030
0.044	0.053	0.050	0.853
0.015	0.882	0.066	0.037
0.872	0.063	0.015	0.050
0.096	0.064	0.787	0.053
0.070	0.820	0.082	0.028
0.169	0.688	0.055	0.088
0.052	0.102	0.788	0.058
0.054	0.880	0.015	0.051
>GATGCTCGTAGR	16-GATGCTCGTAGR	12.806047	-39.548462	0	T:10.0(0.25%),B:1.7(0.00%),P:1e-17	Tpos:273.1,Tstd:144.4,Bpos:231.0,Bstd:0.0,StrandBias:-0.6,Multiplicity:1.00
0.001	0.001	0.997	0.001
0.946	0.001	0.052	0.001
0.001	0.185	0.185	0.629
0.001	0.001	0.813	0.185
0.001	0.997	0.001	0.001
0.001	0.001	0.001	0.997
0.254	0.744	0.001	0.001
0.001	0.001	0.813	0.185
0.008	0.001	0.001	0.990
0.628	0.370	0.001	0.001
0.001	0.001	0.946	0.052
0.565	0.001	0.433	0.001
>ACTTTCAGTTTC	17-ACTTTCAGTTTC	11.141385	-39.251693	0	T:38.0(0.97%),B:72.0(0.16%),P:1e-17	Tpos:290.7,Tstd:223.8,Bpos:251.9,Bstd:141.9,StrandBias:0.1,Multiplicity:1.03
0.483	0.162	0.306	0.049
0.012	0.681	0.289	0.018
0.094	0.021	0.014	0.871
0.027	0.053	0.232	0.688
0.026	0.043	0.213	0.718
0.036	0.882	0.031	0.051
0.832	0.022	0.113	0.033
0.146	0.159	0.441	0.255
0.046	0.027	0.036	0.891
0.033	0.014	0.253	0.700
0.230	0.039	0.029	0.702
0.205	0.739	0.037	0.019
>TTATGTGGGCGG	18-TTATGTGGGCGG	10.684769	-38.361311	0	T:66.0(1.68%),B:216.1(0.48%),P:1e-16	Tpos:258.0,Tstd:197.2,Bpos:226.1,Bstd:133.1,StrandBias:0.2,Multiplicity:1.02
0.001	0.109	0.062	0.828
0.001	0.120	0.062	0.817
0.464	0.198	0.238	0.100
0.005	0.001	0.046	0.948
0.001	0.001	0.997	0.001
0.001	0.001	0.001	0.997
0.001	0.001	0.936	0.062
0.001	0.001	0.997	0.001
0.001	0.188	0.749	0.062
0.005	0.855	0.063	0.077
0.130	0.130	0.486	0.254
0.001	0.062	0.936	0.001
>CCCTCCGGTTTA	19-CCCTCCGGTTTA	7.761273	-34.550944	0	T:270.0(6.87%),B:1846.7(4.11%),P:1e-15	Tpos:311.1,Tstd:264.8,Bpos:240.0,Bstd:146.7,StrandBias:-0.2,Multiplicity:1.04
0.041	0.814	0.086	0.059
0.020	0.848	0.041	0.091
0.051	0.881	0.020	0.048
0.020	0.020	0.001	0.959
0.031	0.888	0.061	0.020
0.081	0.795	0.041	0.083
0.075	0.097	0.697	0.131
0.012	0.073	0.830	0.085
0.001	0.061	0.020	0.918
0.041	0.056	0.041	0.862
0.056	0.091	0.076	0.777
0.740	0.127	0.029	0.104
>TACGTCACTCCC	20-TACGTCACTCCC	10.535081	-31.414287	0	T:34.0(0.86%),B:74.7(0.17%),P:1e-13	Tpos:206.8,Tstd:165.4,Bpos:247.1,Bstd:150.5,StrandBias:0.7,Multiplicity:1.00
0.057	0.056	0.039	0.848
0.758	0.036	0.140	0.066
0.158	0.729	0.085	0.028
0.126	0.010	0.808	0.056
0.028	0.112	0.028	0.832
0.001	0.886	0.085	0.028
0.860	0.056	0.028	0.056
0.001	0.894	0.021	0.084
0.112	0.028	0.001	0.859
0.085	0.748	0.101	0.066
0.028	0.874	0.028	0.070
0.028	0.915	0.001	0.056
>TGAGCTCCGGGA	21-TGAGCTCCGGGA	11.905181	-27.675534	0	T:30.0(0.76%),B:66.8(0.15%),P:1e-12	Tpos:371.5,Tstd:323.9,Bpos:246.8,Bstd:129.3,StrandBias:0.5,Multiplicity:1.13
0.001	0.001	0.102	0.896
0.001	0.001	0.919	0.079
0.874	0.026	0.099	0.001
0.001	0.001	0.997	0.001
0.001	0.817	0.181	0.001
0.001	0.026	0.080	0.893
0.001	0.997	0.001	0.001
0.023	0.963	0.001	0.013
0.047	0.001	0.951	0.001
0.001	0.079	0.919	0.001
0.001	0.079	0.919	0.001
0.871	0.001	0.048	0.080
>GCGGTTTATATC	22-GCGGTTTATATC	8.351782	-24.704336	0	T:8.0(0.20%),B:2.5(0.01%),P:1e-10	Tpos:423.0,Tstd:442.8,Bpos:260.8,Bstd:40.0,StrandBias:-0.7,Multiplicity:1.00
0.225	0.162	0.462	0.150
0.205	0.513	0.174	0.108
0.208	0.092	0.512	0.188
0.054	0.133	0.684	0.129
0.095	0.149	0.084	0.672
0.091	0.104	0.120	0.685
0.085	0.144	0.167	0.604
0.533	0.165	0.118	0.184
0.173	0.156	0.143	0.528
0.530	0.126	0.154	0.190
0.144	0.070	0.138	0.648
0.127	0.475	0.162	0.235
>GGTTTAAAGNGC	23-GGTTTAAAGNGC	7.809913	-24.622728	0	T:83.0(2.11%),B:416.5(0.93%),P:1e-10	Tpos:268.2,Tstd:238.0,Bpos:239.7,Bstd:151.4,StrandBias:0.4,Multiplicity:1.01
0.134	0.043	0.594	0.229
0.096	0.204	0.541	0.159
0.062	0.129	0.090	0.719
0.041	0.088	0.170	0.701
0.099	0.161	0.160	0.580
0.501	0.157	0.205	0.137
0.652	0.137	0.159	0.052
0.835	0.021	0.101	0.043
0.110	0.089	0.699	0.102
0.259	0.300	0.219	0.222
0.200	0.189	0.397	0.214
0.148	0.631	0.080	0.141
>GTTTTTTTTTTC	24-GTTTTTTTTTTC	9.422618	-22.665796	0	T:416.0(10.58%),B:3479.0(7.75%),P:1e-9	Tpos:333.7,Tstd:266.4,Bpos:238.6,Bstd:161.4,StrandBias:0.0,Multiplicity:1.16
0.063	0.027	0.754	0.156
0.059	0.069	0.068	0.804
0.019	0.019	0.064	0.898
0.001	0.006	0.053	0.940
0.052	0.048	0.079	0.821
0.102	0.072	0.045	0.781
0.160	0.057	0.063	0.720
0.098	0.052	0.041	0.809
0.051	0.001	0.011	0.937
0.025	0.058	0.001	0.916
0.030	0.119	0.022	0.829
0.069	0.736	0.023	0.172
>AATGAGTATACA	25-AATGAGTATACA	10.614022	-4.594646	0	T:3.0(0.08%),B:5.1(0.01%),P:1e-1	Tpos:141.4,Tstd:100.2,Bpos:264.1,Bstd:103.9,StrandBias:3.8,Multiplicity:5.00
0.997	0.001	0.001	0.001
0.997	0.001	0.001	0.001
0.001	0.001	0.001	0.997
0.001	0.001	0.997	0.001
0.997	0.001	0.001	0.001
0.001	0.001	0.997	0.001
0.001	0.001	0.001	0.997
0.948	0.001	0.050	0.001
0.001	0.001	0.001	0.997
0.997	0.001	0.001	0.001
0.001	0.948	0.001	0.050
0.997	0.001	0.001	0.001
>CTTCCTGT	1-CTTCCTGT	9.181361	-198.961353	0	T:828.0(21.06%),B:4627.6(10.31%),P:1e-86	Tpos:284.9,Tstd:226.7,Bpos:239.0,Bstd:140.2,StrandBias:0.0,Multiplicity:1.19
0.001	0.782	0.001	0.216
0.193	0.001	0.001	0.805
0.001	0.001	0.001	0.997
0.001	0.997	0.001	0.001
0.001	0.997	0.001	0.001
0.001	0.001	0.001	0.997
0.001	0.001	0.997	0.001
0.001	0.001	0.001	0.997
>ATGAGTCA	2-ATGAGTCA	5.979232	-170.126349	0	T:680.0(17.30%),B:3697.5(8.24%),P:1e-73	Tpos:289.3,Tstd:247.3,Bpos:239.5,Bstd:140.2,StrandBias:-0.0,Multiplicity:1.18
0.620	0.149	0.168	0.063
0.001	0.001	0.001	0.997
0.001	0.001	0.950	0.048
0.997	0.001	0.001	0.001
0.001	0.239	0.759	0.001
0.001	0.001	0.001	0.997
0.001	0.997	0.001	0.001
0.997	0.001	0.001	0.001
>ACTTCCTC	3-ACTTCCTC	7.624113	-160.200902	0	T:947.0(24.09%),B:6086.3(13.56%),P:1e-69	Tpos:297.2,Tstd:238.2,Bpos:239.8,Bstd:140.2,StrandBias:-0.0,Multiplicity:1.10
0.997	0.001	0.001	0.001
0.001	0.997	0.001	0.001
0.194	0.001	0.001	0.804
0.001	0.001	0.001	0.997
0.001	0.997	0.001	0.001
0.001	0.997	0.001	0.001
0.001	0.124	0.001	0.874
0.001	0.714	0.187	0.098
>TGTGGTTT	4-TGTGGTTT	6.794416	-104.563101	0	T:423.0(10.76%),B:2278.1(5.07%),P:1e-45	Tpos:309.6,Tstd:262.9,Bpos:247.6,Bstd:145.6,StrandBias:-0.1,Multiplicity:1.09
0.001	0.100	0.001	0.898
0.001	0.001	0.997	0.001
0.001	0.076	0.001	0.922
0.001	0.001	0.997	0.001
0.001	0.001	0.997	0.001
0.001	0.001	0.001	0.997
0.001	0.001	0.001	0.997
0.150	0.001	0.001	0.848
>GGGCGGAA	5-GGGCGGAA	6.002021	-91.617872	0	T:1680.0(42.74%),B:14626.7(32.58%),P:1e-39	Tpos:327.7,Tstd:278.7,Bpos:241.6,Bstd:148.0,StrandBias:-0.0,Multiplicity:1.63
0.185	0.085	0.641	0.089
0.098	0.042	0.791	0.069
0.108	0.177	0.687	0.028
0.270	0.602	0.094	0.034
0.044	0.006	0.945	0.005
0.075	0.033	0.820	0.072
0.802	0.023	0.068	0.107
0.717	0.057	0.164	0.062
>GGGCGTGG	6-GGGCGTGG	7.394448	-85.341029	0	T:859.0(21.85%),B:6397.3(14.25%),P:1e-37	Tpos:338.4,Tstd:279.3,Bpos:240.0,Bstd:151.6,StrandBias:0.1,Multiplicity:1.55
0.001	0.001	0.997	0.001
0.001	0.001	0.997	0.001
0.001	0.001	0.997	0.001
0.001	0.925	0.073	0.001
0.011	0.001	0.973	0.015
0.015	0.018	0.028	0.939
0.001	0.001	0.997	0.001
0.001	0.001	0.997	0.001
>ATTTGCAT	7-ATTTGCAT	8.236954	-77.743854	0	T:180.0(4.58%),B:714.0(1.59%),P:1e-33	Tpos:284.2,Tstd:223.5,Bpos:235.9,Bstd:139.0,StrandBias:-0.4,Multiplicity:1.07
0.700	0.100	0.100	0.100
0.100	0.100	0.100	0.700
0.100	0.100	0.100	0.700
0.100	0.100	0.100	0.700
0.100	0.100	0.700	0.100
0.100	0.700	0.100	0.100
0.700	0.100	0.100	0.100
0.100	0.100	0.100	0.700
>ACATCAAA	8-ACATCAAA	5.965336	-62.606898	0	T:1337.0(34.01%),B:11739.4(26.15%),P:1e-27	Tpos:289.0,Tstd:231.2,Bpos:240.5,Bstd:145.6,StrandBias:-0.0,Multiplicity:1.38
0.956	0.001	0.042	0.001
0.001	0.790	0.192	0.017
0.757	0.001	0.017	0.225
0.087	0.001	0.001	0.911
0.066	0.886	0.001	0.047
0.986	0.001	0.001	0.012
0.911	0.040	0.048	0.001
0.916	0.001	0.048	0.035
>TTDCGTCT	9-TTDCGTCT	5.602661	-61.206618	0	T:912.0(23.20%),B:7412.8(16.51%),P:1e-26	Tpos:321.5,Tstd:262.6,Bpos:240.8,Bstd:154.8,StrandBias:-0.0,Multiplicity:1.18
0.213	0.001	0.017	0.769
0.001	0.161	0.282	0.556
0.320	0.001	0.305	0.374
0.001	0.997	0.001	0.001
0.001	0.001	0.997	0.001
0.076	0.277	0.001	0.646
0.001	0.887	0.001	0.111
0.363	0.001	0.001	0.635
>CTADRCGB	10-CTADRCGB	6.177390	-56.768520	0	T:766.0(19.49%),B:6071.0(13.52%),P:1e-24	Tpos:302.4,Tstd:270.9,Bpos:239.9,Bstd:145.8,StrandBias:0.1,Multiplicity:1.17
0.001	0.818	0.001	0.180
0.095	0.001	0.001	0.903
0.997	0.001	0.001	0.001
0.221	0.189	0.368	0.223
0.381	0.197	0.244	0.178
0.001	0.599	0.395	0.005
0.001	0.047	0.951	0.001
0.083	0.369	0.243	0.306
>AACGGAAA	11-AACGGAAA	5.538319	-54.189241	0	T:1299.0(33.05%),B:11581.2(25.80%),P:1e-23	Tpos:318.5,Tstd:276.0,Bpos:241.2,Bstd:148.1,StrandBias:-0.0,Multiplicity:1.33
0.776	0.052	0.077	0.095
0.657	0.103	0.182	0.058
0.118	0.697	0.058	0.127
0.028	0.095	0.772	0.105
0.088	0.066	0.762	0.084
0.826	0.059	0.080	0.035
0.765	0.056	0.108	0.071
0.751	0.059	0.153	0.037
>GCTGTTTA	12-GCTGTTTA	6.742046	-46.895839	0	T:899.0(22.87%),B:7642.8(17.03%),P:1e-20	Tpos:302.4,Tstd:254.6,Bpos:237.8,Bstd:145.8,StrandBias:0.1,Multiplicity:1.18
0.148	0.001	0.850	0.001
0.060	0.859	0.052	0.029
0.035	0.001	0.011	0.953
0.001	0.064	0.934	0.001
0.033	0.001	0.001	0.965
0.001	0.062	0.001	0.936
0.045	0.001	0.064	0.890
0.733	0.042	0.111	0.114
>CCCCTCCC	13-CCCCTCCC	9.469835	-43.156095	0	T:750.0(19.08%),B:6240.3(13.90%),P:1e-18	Tpos:348.7,Tstd:323.7,Bpos:242.7,Bstd:142.7,StrandBias:-0.1,Multiplicity:1.28
0.126	0.671	0.001	0.202
0.001	0.997	0.001	0.001
0.001	0.997	0.001	0.001
0.001	0.997	0.001	0.001
0.001	0.001	0.001	0.997
0.001	0.997	0.001	0.001
0.001	0.997	0.001	0.001
0.001	0.997	0.001	0.001
>TGCTTTGA	14-TGCTTTGA	6.771225	-42.880205	0	T:526.0(13.38%),B:4055.5(9.03%),P:1e-18	Tpos:304.9,Tstd:249.7,Bpos:240.3,Bstd:145.8,StrandBias:0.2,Multiplicity:1.12
0.001	0.001	0.001	0.997
0.001	0.182	0.816	0.001
0.001	0.997	0.001	0.001
0.001	0.001	0.069	0.929
0.001	0.001	0.001	0.997
0.001	0.001	0.001	0.997
0.001	0.001	0.997	0.001
0.758	0.240	0.001	0.001
>ACCGAGCG	15-ACCGAGCG	6.395025	-42.283915	0	T:822.0(20.91%),B:6988.5(15.57%),P:1e-18	Tpos:354.3,Tstd:301.1,Bpos:236.3,Bstd:156.9,StrandBias:-0.0,Multiplicity:1.32
0.926	0.072	0.001	0.001
0.001	0.637	0.361	0.001
0.115	0.865	0.001	0.019
0.001	0.078	0.920	0.001
0.945	0.050	0.004	0.001
0.057	0.048	0.866	0.029
0.110	0.840	0.001	0.049
0.101	0.160	0.526	0.213
>CACGTGAT	16-CACGTGAT	7.005093	-36.415385	0	T:392.0(9.97%),B:2924.2(6.51%),P:1e-15	Tpos:294.1,Tstd:246.7,Bpos:237.6,Bstd:153.4,StrandBias:0.0,Multiplicity:1.05
0.027	0.905	0.001	0.067
0.972	0.001	0.001	0.026
0.087	0.911	0.001	0.001
0.056	0.028	0.915	0.001
0.017	0.081	0.001	0.901
0.001	0.001	0.968	0.030
0.839	0.001	0.041	0.119
0.055	0.221	0.064	0.660
>RATGAAAG	17-RATGAAAG	7.966869	-31.189096	0	T:349.0(8.88%),B:2628.6(5.86%),P:1e-13	Tpos:285.8,Tstd:241.0,Bpos:238.6,Bstd:137.6,StrandBias:0.1,Multiplicity:1.07
0.373	0.138	0.487	0.001
0.997	0.001	0.001	0.001
0.001	0.001	0.001	0.997
0.001	0.001	0.997	0.001
0.997	0.001	0.001	0.001
0.906	0.001	0.001	0.092
0.997	0.001	0.001	0.001
0.001	0.001	0.997	0.001
>CTGGGTGA	18-CTGGGTGA	8.236954	-19.683891	0	T:170.0(4.32%),B:1205.2(2.68%),P:1e-8	Tpos:290.9,Tstd:260.1,Bpos:241.6,Bstd:140.4,StrandBias:-0.1,Multiplicity:1.02
0.100	0.700	0.100	0.100
0.100	0.100	0.100	0.700
0.100	0.100	0.700	0.100
0.100	0.100	0.700	0.100
0.100	0.100	0.700	0.100
0.100	0.100	0.100	0.700
0.100	0.100	0.700	0.100
0.700	0.100	0.100	0.100
>ACTGAATC	19-ACTGAATC	8.989881	-15.472415	0	T:81.0(2.06%),B:496.7(1.11%),P:1e-6	Tpos:308.4,Tstd:238.5,Bpos:239.0,Bstd:145.0,StrandBias:0.4,Multiplicity:1.03
0.997	0.001	0.001	0.001
0.001	0.997	0.001	0.001
0.001	0.125	0.001	0.873
0.001	0.001	0.997	0.001
0.997	0.001	0.001	0.001
0.997	0.001	0.001	0.001
0.001	0.001	0.001	0.997
0.001	0.997	0.001	0.001
