>NACTTCCTGTNN	1-NACTTCCTGTNN	8.776948	-332.488341	0	T:934.0(23.76%),B:4360.8(9.71%),P:1e-144	Tpos:283.8,Tstd:220.2,Bpos:236.6,Bstd:140.3,StrandBias:-0.0,Multiplicity:1.19
0.233	0.282	0.224	0.261
0.654	0.001	0.344	0.001
0.001	0.519	0.142	0.338
0.295	0.001	0.001	0.703
0.001	0.001	0.001	0.997
0.001	0.997	0.001	0.001
0.001	0.997	0.001	0.001
0.001	0.001	0.001	0.997
0.001	0.286	0.712	0.001
0.001	0.319	0.001	0.679
0.215	0.287	0.217	0.280
0.260	0.251	0.208	0.281
>GCCCYCTAGTGG	2-GCCCYCTAGTGG	10.579745	-170.970425	0	T:216.0(5.49%),B:526.4(1.17%),P:1e-74	Tpos:261.6,Tstd:204.7,Bpos:243.4,Bstd:136.0,StrandBias:0.1,Multiplicity:1.05
0.034	0.001	0.758	0.207
0.161	0.738	0.001	0.100
0.001	0.997	0.001	0.001
0.373	0.599	0.001	0.027
0.001	0.539	0.001	0.459
0.001	0.997	0.001	0.001
0.197	0.022	0.037	0.744
0.536	0.001	0.353	0.110
0.001	0.330	0.668	0.001
0.099	0.001	0.001	0.899
0.001	0.001	0.997	0.001
0.001	0.050	0.819	0.130
>WNNNVTGASTCA	3-WNNNVTGASTCA	7.912489	-162.774732	0	T:599.0(15.24%),B:3121.0(6.95%),P:1e-70	Tpos:288.9,Tstd:246.7,Bpos:240.1,Bstd:140.3,StrandBias:0.0,Multiplicity:1.15
0.368	0.211	0.182	0.239
0.242	0.236	0.313	0.209
0.248	0.231	0.216	0.305
0.249	0.226	0.288	0.237
0.334	0.259	0.228	0.179
0.001	0.001	0.001	0.997
0.001	0.001	0.802	0.196
0.767	0.001	0.001	0.231
0.001	0.538	0.460	0.001
0.042	0.001	0.001	0.956
0.001	0.997	0.001	0.001
0.997	0.001	0.001	0.001
>SCYCCGCCCCCH	4-SCYCCGCCCCCH	8.494184	-124.775573	0	T:1022.0(26.00%),B:7278.1(16.21%),P:1e-54	Tpos:338.2,Tstd:293.5,Bpos:244.3,Bstd:148.2,StrandBias:-0.0,Multiplicity:1.57
0.200	0.270	0.364	0.166
0.116	0.574	0.052	0.258
0.137	0.486	0.027	0.350
0.143	0.855	0.001	0.001
0.001	0.962	0.001	0.036
0.265	0.012	0.466	0.257
0.001	0.997	0.001	0.001
0.001	0.997	0.001	0.001
0.001	0.724	0.001	0.274
0.286	0.443	0.047	0.224
0.063	0.479	0.237	0.221
0.244	0.244	0.156	0.357
>TTATGCAAATYD	5-TTATGCAAATYD	8.791617	-88.121848	0	T:188.0(4.78%),B:707.0(1.57%),P:1e-38	Tpos:284.2,Tstd:225.8,Bpos:237.0,Bstd:141.5,StrandBias:0.5,Multiplicity:1.05
0.238	0.148	0.128	0.486
0.195	0.180	0.184	0.441
0.982	0.007	0.001	0.010
0.010	0.102	0.069	0.819
0.021	0.026	0.943	0.010
0.001	0.968	0.030	0.001
0.826	0.010	0.133	0.031
0.907	0.001	0.070	0.022
0.788	0.063	0.101	0.048
0.032	0.089	0.064	0.815
0.166	0.388	0.166	0.281
0.266	0.177	0.340	0.217
>AAACCACAGATS	6-AAACCACAGATS	8.759541	-76.663285	0	T:327.0(8.32%),B:1796.5(4.00%),P:1e-33	Tpos:306.5,Tstd:278.0,Bpos:244.2,Bstd:138.9,StrandBias:0.1,Multiplicity:1.08
0.647	0.145	0.001	0.207
0.981	0.017	0.001	0.001
0.899	0.052	0.048	0.001
0.015	0.954	0.027	0.004
0.001	0.977	0.001	0.021
0.861	0.092	0.001	0.046
0.014	0.967	0.018	0.001
0.955	0.001	0.001	0.043
0.308	0.005	0.629	0.058
0.600	0.158	0.114	0.128
0.206	0.180	0.142	0.472
0.224	0.245	0.379	0.152
>CTTTGATGTKDN	7-CTTTGATGTKDN	7.616844	-69.097917	0	T:874.0(22.23%),B:6861.6(15.29%),P:1e-30	Tpos:278.8,Tstd:231.8,Bpos:241.0,Bstd:144.1,StrandBias:-0.1,Multiplicity:1.20
0.017	0.571	0.129	0.283
0.001	0.058	0.001	0.940
0.001	0.229	0.190	0.580
0.001	0.001	0.001	0.997
0.003	0.232	0.581	0.184
0.732	0.013	0.001	0.254
0.399	0.001	0.007	0.593
0.001	0.323	0.675	0.001
0.114	0.001	0.001	0.884
0.039	0.144	0.417	0.401
0.256	0.121	0.276	0.347
0.190	0.243	0.227	0.339
>ACTTCCTGTCTG	8-ACTTCCTGTCTG	9.827757	-59.935994	0	T:140.0(3.56%),B:560.4(1.25%),P:1e-26	Tpos:281.9,Tstd:233.8,Bpos:238.9,Bstd:140.2,StrandBias:-0.2,Multiplicity:1.05
0.624	0.162	0.133	0.081
0.064	0.828	0.093	0.015
0.149	0.127	0.011	0.713
0.073	0.022	0.105	0.800
0.139	0.612	0.117	0.132
0.137	0.802	0.043	0.018
0.069	0.027	0.085	0.819
0.090	0.064	0.658	0.188
0.094	0.102	0.108	0.696
0.051	0.729	0.114	0.106
0.056	0.005	0.005	0.934
0.078	0.064	0.788	0.070
>GGGGTTTCCCCT	9-GGGGTTTCCCCT	9.046292	-59.201197	0	T:212.0(5.39%),B:1074.7(2.39%),P:1e-25	Tpos:281.4,Tstd:258.1,Bpos:245.0,Bstd:141.8,StrandBias:0.3,Multiplicity:1.03
0.087	0.070	0.752	0.091
0.073	0.054	0.813	0.060
0.037	0.037	0.871	0.055
0.069	0.105	0.771	0.055
0.052	0.060	0.119	0.769
0.026	0.055	0.049	0.870
0.001	0.100	0.023	0.876
0.001	0.930	0.012	0.057
0.113	0.745	0.047	0.095
0.001	0.851	0.062	0.086
0.001	0.935	0.017	0.047
0.033	0.094	0.058	0.815
>GGGAATTTCCCC	10-GGGAATTTCCCC	10.000165	-57.834551	0	T:78.0(1.98%),B:205.8(0.46%),P:1e-25	Tpos:345.3,Tstd:290.2,Bpos:249.3,Bstd:132.3,StrandBias:-0.1,Multiplicity:1.01
0.060	0.067	0.797	0.076
0.060	0.024	0.859	0.057
0.031	0.017	0.928	0.024
0.740	0.064	0.127	0.069
0.778	0.053	0.061	0.108
0.145	0.037	0.086	0.732
0.001	0.068	0.071	0.860
0.001	0.110	0.024	0.865
0.021	0.913	0.012	0.054
0.024	0.934	0.012	0.030
0.126	0.823	0.012	0.039
0.083	0.776	0.060	0.081
>CTATAGAGGGCG	11-CTATAGAGGGCG	10.310399	-47.857255	0	T:62.0(1.58%),B:158.5(0.35%),P:1e-20	Tpos:269.0,Tstd:183.7,Bpos:245.1,Bstd:139.0,StrandBias:0.5,Multiplicity:1.04
0.001	0.935	0.021	0.043
0.102	0.107	0.032	0.759
0.552	0.179	0.197	0.072
0.096	0.121	0.066	0.717
0.823	0.021	0.113	0.043
0.001	0.064	0.898	0.037
0.957	0.021	0.021	0.001
0.021	0.001	0.935	0.043
0.043	0.001	0.935	0.021
0.020	0.001	0.978	0.001
0.064	0.771	0.059	0.106
0.096	0.063	0.744	0.097
>AGGAAGGAAGCC	12-AGGAAGGAAGCC	9.645073	-44.959847	0	T:178.0(4.53%),B:948.0(2.11%),P:1e-19	Tpos:287.7,Tstd:226.0,Bpos:243.7,Bstd:133.2,StrandBias:0.2,Multiplicity:1.03
0.774	0.116	0.073	0.037
0.063	0.017	0.845	0.075
0.059	0.062	0.815	0.064
0.834	0.024	0.064	0.078
0.858	0.034	0.066	0.042
0.067	0.029	0.866	0.038
0.023	0.065	0.878	0.034
0.883	0.027	0.037	0.053
0.877	0.020	0.072	0.031
0.044	0.100	0.831	0.025
0.069	0.787	0.083	0.061
0.058	0.758	0.094	0.090
>TGCCATGGCAAC	13-TGCCATGGCAAC	9.873952	-41.827357	0	T:110.0(2.80%),B:476.9(1.06%),P:1e-18	Tpos:264.6,Tstd:205.1,Bpos:248.8,Bstd:136.4,StrandBias:0.1,Multiplicity:1.03
0.037	0.072	0.045	0.846
0.097	0.035	0.776	0.092
0.076	0.762	0.094	0.068
0.001	0.987	0.001	0.011
0.785	0.097	0.001	0.117
0.129	0.019	0.082	0.770
0.038	0.001	0.943	0.018
0.075	0.019	0.835	0.071
0.113	0.703	0.093	0.091
0.785	0.067	0.072	0.076
0.879	0.001	0.078	0.042
0.001	0.919	0.047	0.033
>GTCATACTTTCC	14-GTCATACTTTCC	12.930912	-41.190700	0	T:22.0(0.56%),B:17.6(0.04%),P:1e-17	Tpos:266.9,Tstd:170.9,Bpos:251.5,Bstd:135.9,StrandBias:0.3,Multiplicity:1.00
0.078	0.078	0.843	0.001
0.001	0.001	0.001	0.997
0.001	0.997	0.001	0.001
0.941	0.001	0.001	0.057
0.001	0.078	0.078	0.843
0.822	0.001	0.001	0.176
0.078	0.863	0.058	0.001
0.077	0.001	0.001	0.921
0.001	0.001	0.001	0.997
0.001	0.001	0.001	0.997
0.077	0.921	0.001	0.001
0.077	0.921	0.001	0.001
>TTTCTCAGCCGC	15-TTTCTCAGCCGC	8.351830	-40.756845	0	T:275.0(7.00%),B:1795.1(4.00%),P:1e-17	Tpos:301.2,Tstd:249.4,Bpos:240.7,Bstd:147.6,StrandBias:0.1,Multiplicity:1.03
0.031	0.105	0.053	0.811
0.024	0.052	0.041	0.883
0.021	0.045	0.049	0.885
0.055	0.859	0.056	0.030
0.044	0.053	0.050	0.853
0.015	0.882	0.066	0.037
0.872	0.063	0.015	0.050
0.096	0.064	0.787	0.053
0.070	0.820	0.082	0.028
0.169	0.688	0.055	0.088
0.052	0.102	0.788	0.058
0.054	0.880	0.015	0.051
>GATGCTCGTAGR	16-GATGCTCGTAGR	12.806047	-39.548462	0	T:10.0(0.25%),B:1.7(0.00%),P:1e-17	Tpos:273.1,Tstd:144.4,Bpos:231.0,Bstd:0.0,StrandBias:-0.6,Multiplicity:1.00
0.001	0.001	0.997	0.001
0.946	0.001	0.052	0.001
0.001	0.185	0.185	0.629
0.001	0.001	0.813	0.185
0.001	0.997	0.001	0.001
0.001	0.001	0.001	0.997
0.254	0.744	0.001	0.001
0.001	0.001	0.813	0.185
0.008	0.001	0.001	0.990
0.628	0.370	0.001	0.001
0.001	0.001	0.946	0.052
0.565	0.001	0.433	0.001
>ACTTTCAGTTTC	17-ACTTTCAGTTTC	11.141385	-39.251693	0	T:38.0(0.97%),B:72.0(0.16%),P:1e-17	Tpos:290.7,Tstd:223.8,Bpos:251.9,Bstd:141.9,StrandBias:0.1,Multiplicity:1.03
0.483	0.162	0.306	0.049
0.012	0.681	0.289	0.018
0.094	0.021	0.014	0.871
0.027	0.053	0.232	0.688
0.026	0.043	0.213	0.718
0.036	0.882	0.031	0.051
0.832	0.022	0.113	0.033
0.146	0.159	0.441	0.255
0.046	0.027	0.036	0.891
0.033	0.014	0.253	0.700
0.230	0.039	0.029	0.702
0.205	0.739	0.037	0.019
>TTATGTGGGCGG	18-TTATGTGGGCGG	10.684769	-38.361311	0	T:66.0(1.68%),B:216.1(0.48%),P:1e-16	Tpos:258.0,Tstd:197.2,Bpos:226.1,Bstd:133.1,StrandBias:0.2,Multiplicity:1.02
0.001	0.109	0.062	0.828
0.001	0.120	0.062	0.817
0.464	0.198	0.238	0.100
0.005	0.001	0.046	0.948
0.001	0.001	0.997	0.001
0.001	0.001	0.001	0.997
0.001	0.001	0.936	0.062
0.001	0.001	0.997	0.001
0.001	0.188	0.749	0.062
0.005	0.855	0.063	0.077
0.130	0.130	0.486	0.254
0.001	0.062	0.936	0.001
>CCCTCCGGTTTA	19-CCCTCCGGTTTA	7.761273	-34.550944	0	T:270.0(6.87%),B:1846.7(4.11%),P:1e-15	Tpos:311.1,Tstd:264.8,Bpos:240.0,Bstd:146.7,StrandBias:-0.2,Multiplicity:1.04
0.041	0.814	0.086	0.059
0.020	0.848	0.041	0.091
0.051	0.881	0.020	0.048
0.020	0.020	0.001	0.959
0.031	0.888	0.061	0.020
0.081	0.795	0.041	0.083
0.075	0.097	0.697	0.131
0.012	0.073	0.830	0.085
0.001	0.061	0.020	0.918
0.041	0.056	0.041	0.862
0.056	0.091	0.076	0.777
0.740	0.127	0.029	0.104
>TACGTCACTCCC	20-TACGTCACTCCC	10.535081	-31.414287	0	T:34.0(0.86%),B:74.7(0.17%),P:1e-13	Tpos:206.8,Tstd:165.4,Bpos:247.1,Bstd:150.5,StrandBias:0.7,Multiplicity:1.00
0.057	0.056	0.039	0.848
0.758	0.036	0.140	0.066
0.158	0.729	0.085	0.028
0.126	0.010	0.808	0.056
0.028	0.112	0.028	0.832
0.001	0.886	0.085	0.028
0.860	0.056	0.028	0.056
0.001	0.894	0.021	0.084
0.112	0.028	0.001	0.859
0.085	0.748	0.101	0.066
0.028	0.874	0.028	0.070
0.028	0.915	0.001	0.056
>TGAGCTCCGGGA	21-TGAGCTCCGGGA	11.905181	-27.675534	0	T:30.0(0.76%),B:66.8(0.15%),P:1e-12	Tpos:371.5,Tstd:323.9,Bpos:246.8,Bstd:129.3,StrandBias:0.5,Multiplicity:1.13
0.001	0.001	0.102	0.896
0.001	0.001	0.919	0.079
0.874	0.026	0.099	0.001
0.001	0.001	0.997	0.001
0.001	0.817	0.181	0.001
0.001	0.026	0.080	0.893
0.001	0.997	0.001	0.001
0.023	0.963	0.001	0.013
0.047	0.001	0.951	0.001
0.001	0.079	0.919	0.001
0.001	0.079	0.919	0.001
0.871	0.001	0.048	0.080
>GCGGTTTATATC	22-GCGGTTTATATC	8.351782	-24.704336	0	T:8.0(0.20%),B:2.5(0.01%),P:1e-10	Tpos:423.0,Tstd:442.8,Bpos:260.8,Bstd:40.0,StrandBias:-0.7,Multiplicity:1.00
0.225	0.162	0.462	0.150
0.205	0.513	0.174	0.108
0.208	0.092	0.512	0.188
0.054	0.133	0.684	0.129
0.095	0.149	0.084	0.672
0.091	0.104	0.120	0.685
0.085	0.144	0.167	0.604
0.533	0.165	0.118	0.184
0.173	0.156	0.143	0.528
0.530	0.126	0.154	0.190
0.144	0.070	0.138	0.648
0.127	0.475	0.162	0.235
>GGTTTAAAGNGC	23-GGTTTAAAGNGC	7.809913	-24.622728	0	T:83.0(2.11%),B:416.5(0.93%),P:1e-10	Tpos:268.2,Tstd:238.0,Bpos:239.7,Bstd:151.4,StrandBias:0.4,Multiplicity:1.01
0.134	0.043	0.594	0.229
0.096	0.204	0.541	0.159
0.062	0.129	0.090	0.719
0.041	0.088	0.170	0.701
0.099	0.161	0.160	0.580
0.501	0.157	0.205	0.137
0.652	0.137	0.159	0.052
0.835	0.021	0.101	0.043
0.110	0.089	0.699	0.102
0.259	0.300	0.219	0.222
0.200	0.189	0.397	0.214
0.148	0.631	0.080	0.141
>GTTTTTTTTTTC	24-GTTTTTTTTTTC	9.422618	-22.665796	0	T:416.0(10.58%),B:3479.0(7.75%),P:1e-9	Tpos:333.7,Tstd:266.4,Bpos:238.6,Bstd:161.4,StrandBias:0.0,Multiplicity:1.16
0.063	0.027	0.754	0.156
0.059	0.069	0.068	0.804
0.019	0.019	0.064	0.898
0.001	0.006	0.053	0.940
0.052	0.048	0.079	0.821
0.102	0.072	0.045	0.781
0.160	0.057	0.063	0.720
0.098	0.052	0.041	0.809
0.051	0.001	0.011	0.937
0.025	0.058	0.001	0.916
0.030	0.119	0.022	0.829
0.069	0.736	0.023	0.172
>AATGAGTATACA	25-AATGAGTATACA	10.614022	-4.594646	0	T:3.0(0.08%),B:5.1(0.01%),P:1e-1	Tpos:141.4,Tstd:100.2,Bpos:264.1,Bstd:103.9,StrandBias:3.8,Multiplicity:5.00
0.997	0.001	0.001	0.001
0.997	0.001	0.001	0.001
0.001	0.001	0.001	0.997
0.001	0.001	0.997	0.001
0.997	0.001	0.001	0.001
0.001	0.001	0.997	0.001
0.001	0.001	0.001	0.997
0.948	0.001	0.050	0.001
0.001	0.001	0.001	0.997
0.997	0.001	0.001	0.001
0.001	0.948	0.001	0.050
0.997	0.001	0.001	0.001
