Factor1: 1.0129600541371224
Factor2: 0.9872057599071247
