Factor1: 1.1012741812819395
Factor2: 0.9080390850859218
