>NCACTTCCTGTN	1-NCACTTCCTGTN	8.013952	-38.971568	0	T:91.0(19.57%),B:3438.3(7.34%),P:1e-16	Tpos:226.9,Tstd:176.4,Bpos:170.9,Bstd:103.1,StrandBias:0.0,Multiplicity:1.14
0.296	0.241	0.225	0.239
0.134	0.660	0.043	0.163
0.887	0.001	0.032	0.080
0.001	0.946	0.028	0.025
0.100	0.001	0.001	0.898
0.001	0.001	0.001	0.997
0.001	0.758	0.001	0.240
0.001	0.966	0.001	0.032
0.094	0.034	0.083	0.789
0.001	0.166	0.728	0.105
0.084	0.335	0.016	0.565
0.263	0.175	0.266	0.296
>CCACCAGRTGGC	2-CCACCAGRTGGC	8.313063	-32.727666	0	T:65.0(13.98%),B:2188.8(4.67%),P:1e-14	Tpos:164.5,Tstd:120.3,Bpos:171.7,Bstd:100.7,StrandBias:-0.2,Multiplicity:1.03
0.001	0.962	0.001	0.036
0.001	0.906	0.092	0.001
0.600	0.158	0.001	0.241
0.274	0.526	0.152	0.048
0.001	0.570	0.193	0.236
0.848	0.001	0.001	0.150
0.001	0.001	0.997	0.001
0.404	0.076	0.519	0.001
0.063	0.036	0.191	0.710
0.154	0.001	0.844	0.001
0.095	0.097	0.690	0.118
0.001	0.655	0.080	0.264
>GCTGTGACGTCA	3-GCTGTGACGTCA	9.248506	-26.582405	0	T:27.0(5.81%),B:500.9(1.07%),P:1e-11	Tpos:196.6,Tstd:104.8,Bpos:176.4,Bstd:96.9,StrandBias:0.8,Multiplicity:1.00
0.065	0.002	0.932	0.001
0.199	0.642	0.158	0.001
0.085	0.001	0.048	0.866
0.171	0.126	0.699	0.004
0.001	0.001	0.001	0.997
0.001	0.001	0.997	0.001
0.938	0.001	0.060	0.001
0.136	0.603	0.088	0.173
0.255	0.001	0.743	0.001
0.171	0.085	0.001	0.743
0.001	0.914	0.001	0.084
0.938	0.001	0.001	0.060
>CACGTCCCCGCG	4-CACGTCCCCGCG	11.352180	-24.798725	0	T:18.0(3.87%),B:218.7(0.47%),P:1e-10	Tpos:261.5,Tstd:158.8,Bpos:169.9,Bstd:130.5,StrandBias:0.5,Multiplicity:1.12
0.188	0.810	0.001	0.001
0.645	0.001	0.073	0.281
0.001	0.835	0.163	0.001
0.001	0.001	0.997	0.001
0.001	0.198	0.181	0.620
0.001	0.997	0.001	0.001
0.001	0.803	0.189	0.007
0.001	0.810	0.001	0.188
0.001	0.997	0.001	0.001
0.001	0.001	0.779	0.219
0.006	0.992	0.001	0.001
0.121	0.134	0.744	0.001
>AAMYACAYGCAC	5-AAMYACAYGCAC	7.259903	-15.617788	0	T:66.0(14.19%),B:3395.4(7.25%),P:1e-6	Tpos:164.4,Tstd:142.1,Bpos:166.2,Bstd:109.0,StrandBias:0.1,Multiplicity:1.22
0.881	0.059	0.001	0.059
0.590	0.236	0.116	0.058
0.470	0.412	0.058	0.060
0.177	0.296	0.177	0.350
0.706	0.060	0.118	0.116
0.174	0.767	0.001	0.058
0.646	0.118	0.235	0.001
0.001	0.531	0.001	0.467
0.296	0.001	0.587	0.116
0.119	0.763	0.060	0.058
0.940	0.001	0.058	0.001
0.353	0.530	0.001	0.116
>AGACACCTGCGC	6-AGACACCTGCGC	8.311030	-15.214095	0	T:35.0(7.53%),B:1323.9(2.83%),P:1e-6	Tpos:219.4,Tstd:143.1,Bpos:169.3,Bstd:111.6,StrandBias:0.0,Multiplicity:1.00
0.997	0.001	0.001	0.001
0.065	0.295	0.639	0.001
0.797	0.065	0.065	0.073
0.001	0.604	0.265	0.130
0.869	0.065	0.001	0.065
0.065	0.674	0.065	0.196
0.065	0.805	0.065	0.065
0.001	0.233	0.001	0.765
0.261	0.261	0.478	0.001
0.065	0.666	0.130	0.139
0.043	0.130	0.826	0.001
0.001	0.891	0.043	0.065
>AAGGCCBCCGCG	7-AAGGCCBCCGCG	11.710501	-11.805744	0	T:7.0(1.51%),B:69.1(0.15%),P:1e-5	Tpos:120.3,Tstd:72.5,Bpos:156.0,Bstd:93.7,StrandBias:0.4,Multiplicity:1.00
0.997	0.001	0.001	0.001
0.723	0.275	0.001	0.001
0.349	0.001	0.649	0.001
0.001	0.001	0.997	0.001
0.001	0.997	0.001	0.001
0.001	0.927	0.071	0.001
0.001	0.360	0.347	0.292
0.001	0.997	0.001	0.001
0.001	0.978	0.001	0.020
0.001	0.001	0.988	0.010
0.001	0.997	0.001	0.001
0.338	0.001	0.660	0.001
>CCATGGCGACGC	8-CCATGGCGACGC	9.223888	-11.537214	0	T:21.0(4.52%),B:696.9(1.49%),P:1e-5	Tpos:205.6,Tstd:138.2,Bpos:175.9,Bstd:110.5,StrandBias:-0.4,Multiplicity:1.10
0.001	0.997	0.001	0.001
0.117	0.665	0.217	0.001
0.926	0.072	0.001	0.001
0.167	0.100	0.001	0.732
0.001	0.001	0.997	0.001
0.001	0.001	0.997	0.001
0.073	0.826	0.100	0.001
0.195	0.100	0.615	0.090
0.899	0.099	0.001	0.001
0.001	0.782	0.216	0.001
0.024	0.200	0.775	0.001
0.083	0.799	0.117	0.001
>CWGGGGSATGAC	9-CWGGGGSATGAC	13.034153	-10.219990	0	T:4.0(0.86%),B:18.6(0.04%),P:1e-4	Tpos:168.7,Tstd:154.3,Bpos:171.6,Bstd:80.7,StrandBias:-2.2,Multiplicity:2.75
0.001	0.997	0.001	0.001
0.507	0.001	0.001	0.491
0.001	0.245	0.753	0.001
0.001	0.001	0.997	0.001
0.014	0.001	0.984	0.001
0.001	0.209	0.789	0.001
0.001	0.491	0.507	0.001
0.528	0.001	0.210	0.261
0.245	0.001	0.001	0.753
0.001	0.001	0.997	0.001
0.997	0.001	0.001	0.001
0.001	0.997	0.001	0.001
>TTTTTTTTTTTT	10-TTTTTTTTTTTT	9.426531	-5.894886	0	T:48.0(10.32%),B:3177.4(6.78%),P:1e-2	Tpos:211.6,Tstd:123.4,Bpos:169.0,Bstd:124.6,StrandBias:1.2,Multiplicity:1.19
0.061	0.076	0.071	0.792
0.080	0.040	0.091	0.789
0.119	0.001	0.084	0.796
0.085	0.045	0.120	0.750
0.106	0.001	0.096	0.797
0.050	0.001	0.092	0.857
0.057	0.034	0.086	0.823
0.019	0.019	0.090	0.872
0.041	0.020	0.033	0.906
0.001	0.096	0.049	0.854
0.001	0.039	0.011	0.949
0.071	0.072	0.040	0.817
>TGGAAGGCGCCT	11-TGGAAGGCGCCT	7.153781	-4.643298	0	T:46.0(9.89%),B:3233.4(6.90%),P:1e-2	Tpos:216.2,Tstd:146.8,Bpos:169.5,Bstd:109.7,StrandBias:0.2,Multiplicity:1.30
0.123	0.007	0.337	0.533
0.123	0.296	0.459	0.123
0.041	0.123	0.754	0.082
0.540	0.377	0.001	0.082
0.795	0.082	0.001	0.122
0.041	0.041	0.917	0.001
0.001	0.001	0.917	0.081
0.041	0.917	0.041	0.001
0.123	0.082	0.754	0.041
0.041	0.877	0.041	0.041
0.082	0.665	0.171	0.082
0.082	0.041	0.001	0.876
