>SCGGAAGT	1-SCGGAAGT	6.901176	-30.911879	0	T:124.0(26.67%),B:6306.6(13.47%),P:1e-13	Tpos:237.8,Tstd:213.6,Bpos:169.0,Bstd:113.5,StrandBias:-0.1,Multiplicity:1.31
0.009	0.515	0.475	0.001
0.172	0.822	0.005	0.001
0.134	0.032	0.833	0.001
0.001	0.001	0.997	0.001
0.874	0.124	0.001	0.001
0.706	0.001	0.166	0.127
0.303	0.115	0.499	0.083
0.001	0.011	0.001	0.987
>GACGTTAA	2-GACGTTAA	4.933789	-26.441523	0	T:178.0(38.28%),B:11177.4(23.87%),P:1e-11	Tpos:212.5,Tstd:175.5,Bpos:169.7,Bstd:112.6,StrandBias:0.3,Multiplicity:1.27
0.035	0.069	0.804	0.092
0.772	0.059	0.127	0.042
0.082	0.760	0.130	0.028
0.036	0.042	0.778	0.144
0.085	0.051	0.096	0.768
0.040	0.162	0.096	0.702
0.771	0.042	0.122	0.065
0.656	0.146	0.085	0.113
>CCCGATCT	3-CCCGATCT	6.986983	-15.620744	0	T:86.0(18.49%),B:4911.7(10.49%),P:1e-6	Tpos:203.6,Tstd:198.0,Bpos:169.9,Bstd:109.7,StrandBias:0.2,Multiplicity:1.06
0.001	0.997	0.001	0.001
0.001	0.997	0.001	0.001
0.143	0.699	0.121	0.037
0.064	0.201	0.692	0.043
0.859	0.001	0.049	0.091
0.117	0.001	0.091	0.791
0.001	0.997	0.001	0.001
0.040	0.001	0.001	0.958
>AGGGGGAG	4-AGGGGGAG	7.437196	-8.977618	0	T:114.0(24.52%),B:8275.7(17.67%),P:1e-3	Tpos:211.2,Tstd:235.4,Bpos:167.8,Bstd:106.2,StrandBias:-0.2,Multiplicity:1.47
0.464	0.001	0.299	0.236
0.017	0.130	0.841	0.012
0.001	0.008	0.990	0.001
0.001	0.001	0.765	0.233
0.001	0.001	0.984	0.014
0.001	0.016	0.982	0.001
0.997	0.001	0.001	0.001
0.001	0.001	0.907	0.091
>TTTTTTTT	5-TTTTTTTT	10.456997	-7.936514	0	T:46.0(9.89%),B:2720.2(5.81%),P:1e-3	Tpos:238.5,Tstd:137.1,Bpos:169.8,Bstd:126.0,StrandBias:0.7,Multiplicity:1.07
0.077	0.001	0.045	0.877
0.069	0.001	0.001	0.929
0.001	0.001	0.001	0.997
0.001	0.001	0.001	0.997
0.001	0.001	0.001	0.997
0.001	0.082	0.001	0.916
0.001	0.102	0.001	0.896
0.113	0.085	0.001	0.801
>TGCGCGAC	6-TGCGCGAC	8.736640	-6.723314	0	T:13.0(2.80%),B:478.7(1.02%),P:1e-2	Tpos:204.3,Tstd:141.5,Bpos:167.0,Bstd:125.8,StrandBias:0.9,Multiplicity:1.77
0.001	0.001	0.001	0.997
0.001	0.001	0.997	0.001
0.164	0.834	0.001	0.001
0.001	0.001	0.997	0.001
0.001	0.997	0.001	0.001
0.001	0.001	0.997	0.001
0.997	0.001	0.001	0.001
0.116	0.882	0.001	0.001
