>AACCGGAAGY	1-AACCGGAAGY	7.134867	-36.948203	0	T:98.0(21.08%),B:4009.3(8.56%),P:1e-16	Tpos:240.5,Tstd:168.2,Bpos:169.1,Bstd:110.3,StrandBias:0.0,Multiplicity:1.14
0.560	0.164	0.057	0.219
0.566	0.172	0.054	0.208
0.211	0.709	0.053	0.027
0.339	0.493	0.110	0.058
0.133	0.067	0.635	0.165
0.029	0.017	0.916	0.038
0.728	0.031	0.167	0.074
0.865	0.014	0.026	0.095
0.057	0.040	0.889	0.014
0.028	0.475	0.023	0.474
>TGACGTCACC	2-TGACGTCACC	5.770669	-24.135781	0	T:164.0(35.27%),B:10262.3(21.91%),P:1e-10	Tpos:222.1,Tstd:159.3,Bpos:170.5,Bstd:108.0,StrandBias:0.0,Multiplicity:1.20
0.098	0.125	0.001	0.776
0.001	0.094	0.873	0.032
0.642	0.181	0.139	0.038
0.015	0.911	0.001	0.073
0.129	0.139	0.692	0.040
0.001	0.054	0.067	0.878
0.001	0.864	0.031	0.104
0.690	0.148	0.026	0.136
0.001	0.801	0.028	0.170
0.139	0.764	0.001	0.096
>GGTATTTCCG	3-GGTATTTCCG	7.703916	-20.597957	0	T:37.0(7.96%),B:1168.9(2.50%),P:1e-8	Tpos:224.0,Tstd:135.4,Bpos:169.4,Bstd:109.6,StrandBias:0.9,Multiplicity:1.03
0.089	0.001	0.769	0.141
0.140	0.103	0.753	0.004
0.072	0.096	0.131	0.701
0.830	0.001	0.168	0.001
0.153	0.001	0.132	0.714
0.001	0.068	0.001	0.930
0.152	0.153	0.001	0.694
0.152	0.846	0.001	0.001
0.001	0.863	0.001	0.135
0.001	0.001	0.897	0.101
>CYTTYTAWCT	4-CYTTYTAWCT	9.079637	-18.346267	0	T:32.0(6.88%),B:994.6(2.12%),P:1e-7	Tpos:210.6,Tstd:133.5,Bpos:174.0,Bstd:101.8,StrandBias:0.5,Multiplicity:1.06
0.001	0.897	0.101	0.001
0.001	0.555	0.001	0.443
0.001	0.001	0.001	0.997
0.001	0.001	0.110	0.888
0.001	0.444	0.002	0.553
0.093	0.135	0.020	0.752
0.916	0.001	0.082	0.001
0.412	0.001	0.082	0.505
0.001	0.997	0.001	0.001
0.001	0.001	0.001	0.997
>CTTACTGCCC	5-CTTACTGCCC	9.528048	-17.489953	0	T:25.0(5.38%),B:665.7(1.42%),P:1e-7	Tpos:186.4,Tstd:125.0,Bpos:163.1,Bstd:101.3,StrandBias:-0.1,Multiplicity:1.00
0.110	0.797	0.001	0.092
0.001	0.063	0.001	0.935
0.130	0.033	0.001	0.836
0.805	0.126	0.040	0.029
0.001	0.997	0.001	0.001
0.001	0.001	0.001	0.997
0.001	0.001	0.997	0.001
0.097	0.812	0.090	0.001
0.001	0.904	0.001	0.094
0.001	0.997	0.001	0.001
>TGAAAACTCC	6-TGAAAACTCC	9.943722	-17.389805	0	T:21.0(4.52%),B:480.1(1.03%),P:1e-7	Tpos:145.5,Tstd:116.0,Bpos:168.0,Bstd:109.0,StrandBias:1.1,Multiplicity:1.05
0.001	0.001	0.062	0.936
0.093	0.001	0.833	0.073
0.799	0.057	0.143	0.001
0.923	0.075	0.001	0.001
0.997	0.001	0.001	0.001
0.942	0.056	0.001	0.001
0.071	0.799	0.060	0.070
0.056	0.001	0.001	0.942
0.001	0.997	0.001	0.001
0.056	0.894	0.001	0.049
>TCTGCGTCAG	7-TCTGCGTCAG	9.351654	-16.407481	0	T:24.0(5.16%),B:654.7(1.40%),P:1e-7	Tpos:232.2,Tstd:169.4,Bpos:170.1,Bstd:103.8,StrandBias:-0.7,Multiplicity:1.29
0.046	0.155	0.094	0.705
0.001	0.821	0.177	0.001
0.235	0.001	0.005	0.759
0.082	0.001	0.911	0.006
0.407	0.591	0.001	0.001
0.001	0.001	0.997	0.001
0.141	0.001	0.111	0.747
0.066	0.932	0.001	0.001
0.753	0.001	0.245	0.001
0.001	0.116	0.882	0.001
>TTTTTTTTTH	8-TTTTTTTTTH	10.532796	-7.322839	0	T:29.0(6.24%),B:1506.7(3.22%),P:1e-3	Tpos:226.6,Tstd:127.9,Bpos:167.0,Bstd:122.2,StrandBias:0.5,Multiplicity:1.00
0.080	0.123	0.035	0.762
0.208	0.028	0.046	0.718
0.059	0.029	0.142	0.770
0.001	0.018	0.002	0.979
0.021	0.002	0.061	0.916
0.001	0.087	0.177	0.735
0.001	0.164	0.001	0.834
0.001	0.248	0.001	0.750
0.181	0.168	0.001	0.650
0.375	0.317	0.001	0.307
>GTGTGTGTGT	9-GTGTGTGTGT	9.806965	-4.916256	0	T:15.0(3.23%),B:731.6(1.56%),P:1e-2	Tpos:142.2,Tstd:102.5,Bpos:164.7,Bstd:109.0,StrandBias:-1.0,Multiplicity:1.00
0.083	0.085	0.779	0.053
0.053	0.037	0.058	0.852
0.045	0.066	0.817	0.072
0.012	0.073	0.061	0.854
0.060	0.055	0.801	0.084
0.057	0.047	0.059	0.837
0.107	0.037	0.737	0.119
0.057	0.066	0.058	0.819
0.076	0.084	0.711	0.129
0.073	0.052	0.070	0.805
>CTGCGCGACT	10-CTGCGCGACT	10.296193	-1.714008	0	T:1.0(0.22%),B:20.5(0.04%),P:1e0	Tpos:210.3,Tstd:97.0,Bpos:141.1,Bstd:125.5,StrandBias:10.0,Multiplicity:11.00
0.100	0.700	0.100	0.100
0.100	0.100	0.100	0.700
0.100	0.100	0.700	0.100
0.100	0.700	0.100	0.100
0.100	0.100	0.700	0.100
0.100	0.700	0.100	0.100
0.100	0.100	0.700	0.100
0.700	0.100	0.100	0.100
0.100	0.700	0.100	0.100
0.100	0.100	0.100	0.700
>CTGGAAGGCG	11-CTGGAAGGCG	10.296193	-1.020341	0	T:1.0(0.22%),B:45.5(0.10%),P:1e0	Tpos:199.3,Tstd:97.0,Bpos:187.7,Bstd:136.0,StrandBias:10.0,Multiplicity:11.00
0.100	0.700	0.100	0.100
0.100	0.100	0.100	0.700
0.100	0.100	0.700	0.100
0.100	0.100	0.700	0.100
0.700	0.100	0.100	0.100
0.700	0.100	0.100	0.100
0.100	0.100	0.700	0.100
0.100	0.100	0.700	0.100
0.100	0.700	0.100	0.100
0.100	0.100	0.700	0.100
>NCACTTCCTGTN	1-NCACTTCCTGTN	8.013952	-38.971568	0	T:91.0(19.57%),B:3438.3(7.34%),P:1e-16	Tpos:226.9,Tstd:176.4,Bpos:170.9,Bstd:103.1,StrandBias:0.0,Multiplicity:1.14
0.296	0.241	0.225	0.239
0.134	0.660	0.043	0.163
0.887	0.001	0.032	0.080
0.001	0.946	0.028	0.025
0.100	0.001	0.001	0.898
0.001	0.001	0.001	0.997
0.001	0.758	0.001	0.240
0.001	0.966	0.001	0.032
0.094	0.034	0.083	0.789
0.001	0.166	0.728	0.105
0.084	0.335	0.016	0.565
0.263	0.175	0.266	0.296
>CCACCAGRTGGC	2-CCACCAGRTGGC	8.313063	-32.727666	0	T:65.0(13.98%),B:2188.8(4.67%),P:1e-14	Tpos:164.5,Tstd:120.3,Bpos:171.7,Bstd:100.7,StrandBias:-0.2,Multiplicity:1.03
0.001	0.962	0.001	0.036
0.001	0.906	0.092	0.001
0.600	0.158	0.001	0.241
0.274	0.526	0.152	0.048
0.001	0.570	0.193	0.236
0.848	0.001	0.001	0.150
0.001	0.001	0.997	0.001
0.404	0.076	0.519	0.001
0.063	0.036	0.191	0.710
0.154	0.001	0.844	0.001
0.095	0.097	0.690	0.118
0.001	0.655	0.080	0.264
>GCTGTGACGTCA	3-GCTGTGACGTCA	9.248506	-26.582405	0	T:27.0(5.81%),B:500.9(1.07%),P:1e-11	Tpos:196.6,Tstd:104.8,Bpos:176.4,Bstd:96.9,StrandBias:0.8,Multiplicity:1.00
0.065	0.002	0.932	0.001
0.199	0.642	0.158	0.001
0.085	0.001	0.048	0.866
0.171	0.126	0.699	0.004
0.001	0.001	0.001	0.997
0.001	0.001	0.997	0.001
0.938	0.001	0.060	0.001
0.136	0.603	0.088	0.173
0.255	0.001	0.743	0.001
0.171	0.085	0.001	0.743
0.001	0.914	0.001	0.084
0.938	0.001	0.001	0.060
>CACGTCCCCGCG	4-CACGTCCCCGCG	11.352180	-24.798725	0	T:18.0(3.87%),B:218.7(0.47%),P:1e-10	Tpos:261.5,Tstd:158.8,Bpos:169.9,Bstd:130.5,StrandBias:0.5,Multiplicity:1.12
0.188	0.810	0.001	0.001
0.645	0.001	0.073	0.281
0.001	0.835	0.163	0.001
0.001	0.001	0.997	0.001
0.001	0.198	0.181	0.620
0.001	0.997	0.001	0.001
0.001	0.803	0.189	0.007
0.001	0.810	0.001	0.188
0.001	0.997	0.001	0.001
0.001	0.001	0.779	0.219
0.006	0.992	0.001	0.001
0.121	0.134	0.744	0.001
>AAMYACAYGCAC	5-AAMYACAYGCAC	7.259903	-15.617788	0	T:66.0(14.19%),B:3395.4(7.25%),P:1e-6	Tpos:164.4,Tstd:142.1,Bpos:166.2,Bstd:109.0,StrandBias:0.1,Multiplicity:1.22
0.881	0.059	0.001	0.059
0.590	0.236	0.116	0.058
0.470	0.412	0.058	0.060
0.177	0.296	0.177	0.350
0.706	0.060	0.118	0.116
0.174	0.767	0.001	0.058
0.646	0.118	0.235	0.001
0.001	0.531	0.001	0.467
0.296	0.001	0.587	0.116
0.119	0.763	0.060	0.058
0.940	0.001	0.058	0.001
0.353	0.530	0.001	0.116
>AGACACCTGCGC	6-AGACACCTGCGC	8.311030	-15.214095	0	T:35.0(7.53%),B:1323.9(2.83%),P:1e-6	Tpos:219.4,Tstd:143.1,Bpos:169.3,Bstd:111.6,StrandBias:0.0,Multiplicity:1.00
0.997	0.001	0.001	0.001
0.065	0.295	0.639	0.001
0.797	0.065	0.065	0.073
0.001	0.604	0.265	0.130
0.869	0.065	0.001	0.065
0.065	0.674	0.065	0.196
0.065	0.805	0.065	0.065
0.001	0.233	0.001	0.765
0.261	0.261	0.478	0.001
0.065	0.666	0.130	0.139
0.043	0.130	0.826	0.001
0.001	0.891	0.043	0.065
>AAGGCCBCCGCG	7-AAGGCCBCCGCG	11.710501	-11.805744	0	T:7.0(1.51%),B:69.1(0.15%),P:1e-5	Tpos:120.3,Tstd:72.5,Bpos:156.0,Bstd:93.7,StrandBias:0.4,Multiplicity:1.00
0.997	0.001	0.001	0.001
0.723	0.275	0.001	0.001
0.349	0.001	0.649	0.001
0.001	0.001	0.997	0.001
0.001	0.997	0.001	0.001
0.001	0.927	0.071	0.001
0.001	0.360	0.347	0.292
0.001	0.997	0.001	0.001
0.001	0.978	0.001	0.020
0.001	0.001	0.988	0.010
0.001	0.997	0.001	0.001
0.338	0.001	0.660	0.001
>CCATGGCGACGC	8-CCATGGCGACGC	9.223888	-11.537214	0	T:21.0(4.52%),B:696.9(1.49%),P:1e-5	Tpos:205.6,Tstd:138.2,Bpos:175.9,Bstd:110.5,StrandBias:-0.4,Multiplicity:1.10
0.001	0.997	0.001	0.001
0.117	0.665	0.217	0.001
0.926	0.072	0.001	0.001
0.167	0.100	0.001	0.732
0.001	0.001	0.997	0.001
0.001	0.001	0.997	0.001
0.073	0.826	0.100	0.001
0.195	0.100	0.615	0.090
0.899	0.099	0.001	0.001
0.001	0.782	0.216	0.001
0.024	0.200	0.775	0.001
0.083	0.799	0.117	0.001
>CWGGGGSATGAC	9-CWGGGGSATGAC	13.034153	-10.219990	0	T:4.0(0.86%),B:18.6(0.04%),P:1e-4	Tpos:168.7,Tstd:154.3,Bpos:171.6,Bstd:80.7,StrandBias:-2.2,Multiplicity:2.75
0.001	0.997	0.001	0.001
0.507	0.001	0.001	0.491
0.001	0.245	0.753	0.001
0.001	0.001	0.997	0.001
0.014	0.001	0.984	0.001
0.001	0.209	0.789	0.001
0.001	0.491	0.507	0.001
0.528	0.001	0.210	0.261
0.245	0.001	0.001	0.753
0.001	0.001	0.997	0.001
0.997	0.001	0.001	0.001
0.001	0.997	0.001	0.001
>TTTTTTTTTTTT	10-TTTTTTTTTTTT	9.426531	-5.894886	0	T:48.0(10.32%),B:3177.4(6.78%),P:1e-2	Tpos:211.6,Tstd:123.4,Bpos:169.0,Bstd:124.6,StrandBias:1.2,Multiplicity:1.19
0.061	0.076	0.071	0.792
0.080	0.040	0.091	0.789
0.119	0.001	0.084	0.796
0.085	0.045	0.120	0.750
0.106	0.001	0.096	0.797
0.050	0.001	0.092	0.857
0.057	0.034	0.086	0.823
0.019	0.019	0.090	0.872
0.041	0.020	0.033	0.906
0.001	0.096	0.049	0.854
0.001	0.039	0.011	0.949
0.071	0.072	0.040	0.817
>TGGAAGGCGCCT	11-TGGAAGGCGCCT	7.153781	-4.643298	0	T:46.0(9.89%),B:3233.4(6.90%),P:1e-2	Tpos:216.2,Tstd:146.8,Bpos:169.5,Bstd:109.7,StrandBias:0.2,Multiplicity:1.30
0.123	0.007	0.337	0.533
0.123	0.296	0.459	0.123
0.041	0.123	0.754	0.082
0.540	0.377	0.001	0.082
0.795	0.082	0.001	0.122
0.041	0.041	0.917	0.001
0.001	0.001	0.917	0.081
0.041	0.917	0.041	0.001
0.123	0.082	0.754	0.041
0.041	0.877	0.041	0.041
0.082	0.665	0.171	0.082
0.082	0.041	0.001	0.876
>SCGGAAGT	1-SCGGAAGT	6.901176	-30.911879	0	T:124.0(26.67%),B:6306.6(13.47%),P:1e-13	Tpos:237.8,Tstd:213.6,Bpos:169.0,Bstd:113.5,StrandBias:-0.1,Multiplicity:1.31
0.009	0.515	0.475	0.001
0.172	0.822	0.005	0.001
0.134	0.032	0.833	0.001
0.001	0.001	0.997	0.001
0.874	0.124	0.001	0.001
0.706	0.001	0.166	0.127
0.303	0.115	0.499	0.083
0.001	0.011	0.001	0.987
>GACGTTAA	2-GACGTTAA	4.933789	-26.441523	0	T:178.0(38.28%),B:11177.4(23.87%),P:1e-11	Tpos:212.5,Tstd:175.5,Bpos:169.7,Bstd:112.6,StrandBias:0.3,Multiplicity:1.27
0.035	0.069	0.804	0.092
0.772	0.059	0.127	0.042
0.082	0.760	0.130	0.028
0.036	0.042	0.778	0.144
0.085	0.051	0.096	0.768
0.040	0.162	0.096	0.702
0.771	0.042	0.122	0.065
0.656	0.146	0.085	0.113
>CCCGATCT	3-CCCGATCT	6.986983	-15.620744	0	T:86.0(18.49%),B:4911.7(10.49%),P:1e-6	Tpos:203.6,Tstd:198.0,Bpos:169.9,Bstd:109.7,StrandBias:0.2,Multiplicity:1.06
0.001	0.997	0.001	0.001
0.001	0.997	0.001	0.001
0.143	0.699	0.121	0.037
0.064	0.201	0.692	0.043
0.859	0.001	0.049	0.091
0.117	0.001	0.091	0.791
0.001	0.997	0.001	0.001
0.040	0.001	0.001	0.958
>AGGGGGAG	4-AGGGGGAG	7.437196	-8.977618	0	T:114.0(24.52%),B:8275.7(17.67%),P:1e-3	Tpos:211.2,Tstd:235.4,Bpos:167.8,Bstd:106.2,StrandBias:-0.2,Multiplicity:1.47
0.464	0.001	0.299	0.236
0.017	0.130	0.841	0.012
0.001	0.008	0.990	0.001
0.001	0.001	0.765	0.233
0.001	0.001	0.984	0.014
0.001	0.016	0.982	0.001
0.997	0.001	0.001	0.001
0.001	0.001	0.907	0.091
>TTTTTTTT	5-TTTTTTTT	10.456997	-7.936514	0	T:46.0(9.89%),B:2720.2(5.81%),P:1e-3	Tpos:238.5,Tstd:137.1,Bpos:169.8,Bstd:126.0,StrandBias:0.7,Multiplicity:1.07
0.077	0.001	0.045	0.877
0.069	0.001	0.001	0.929
0.001	0.001	0.001	0.997
0.001	0.001	0.001	0.997
0.001	0.001	0.001	0.997
0.001	0.082	0.001	0.916
0.001	0.102	0.001	0.896
0.113	0.085	0.001	0.801
>TGCGCGAC	6-TGCGCGAC	8.736640	-6.723314	0	T:13.0(2.80%),B:478.7(1.02%),P:1e-2	Tpos:204.3,Tstd:141.5,Bpos:167.0,Bstd:125.8,StrandBias:0.9,Multiplicity:1.77
0.001	0.001	0.001	0.997
0.001	0.001	0.997	0.001
0.164	0.834	0.001	0.001
0.001	0.001	0.997	0.001
0.001	0.997	0.001	0.001
0.001	0.001	0.997	0.001
0.997	0.001	0.001	0.001
0.116	0.882	0.001	0.001
