>AACCGGAAGY	1-AACCGGAAGY	7.134867	-36.948203	0	T:98.0(21.08%),B:4009.3(8.56%),P:1e-16	Tpos:240.5,Tstd:168.2,Bpos:169.1,Bstd:110.3,StrandBias:0.0,Multiplicity:1.14
0.560	0.164	0.057	0.219
0.566	0.172	0.054	0.208
0.211	0.709	0.053	0.027
0.339	0.493	0.110	0.058
0.133	0.067	0.635	0.165
0.029	0.017	0.916	0.038
0.728	0.031	0.167	0.074
0.865	0.014	0.026	0.095
0.057	0.040	0.889	0.014
0.028	0.475	0.023	0.474
>TGACGTCACC	2-TGACGTCACC	5.770669	-24.135781	0	T:164.0(35.27%),B:10262.3(21.91%),P:1e-10	Tpos:222.1,Tstd:159.3,Bpos:170.5,Bstd:108.0,StrandBias:0.0,Multiplicity:1.20
0.098	0.125	0.001	0.776
0.001	0.094	0.873	0.032
0.642	0.181	0.139	0.038
0.015	0.911	0.001	0.073
0.129	0.139	0.692	0.040
0.001	0.054	0.067	0.878
0.001	0.864	0.031	0.104
0.690	0.148	0.026	0.136
0.001	0.801	0.028	0.170
0.139	0.764	0.001	0.096
>GGTATTTCCG	3-GGTATTTCCG	7.703916	-20.597957	0	T:37.0(7.96%),B:1168.9(2.50%),P:1e-8	Tpos:224.0,Tstd:135.4,Bpos:169.4,Bstd:109.6,StrandBias:0.9,Multiplicity:1.03
0.089	0.001	0.769	0.141
0.140	0.103	0.753	0.004
0.072	0.096	0.131	0.701
0.830	0.001	0.168	0.001
0.153	0.001	0.132	0.714
0.001	0.068	0.001	0.930
0.152	0.153	0.001	0.694
0.152	0.846	0.001	0.001
0.001	0.863	0.001	0.135
0.001	0.001	0.897	0.101
>CYTTYTAWCT	4-CYTTYTAWCT	9.079637	-18.346267	0	T:32.0(6.88%),B:994.6(2.12%),P:1e-7	Tpos:210.6,Tstd:133.5,Bpos:174.0,Bstd:101.8,StrandBias:0.5,Multiplicity:1.06
0.001	0.897	0.101	0.001
0.001	0.555	0.001	0.443
0.001	0.001	0.001	0.997
0.001	0.001	0.110	0.888
0.001	0.444	0.002	0.553
0.093	0.135	0.020	0.752
0.916	0.001	0.082	0.001
0.412	0.001	0.082	0.505
0.001	0.997	0.001	0.001
0.001	0.001	0.001	0.997
>CTTACTGCCC	5-CTTACTGCCC	9.528048	-17.489953	0	T:25.0(5.38%),B:665.7(1.42%),P:1e-7	Tpos:186.4,Tstd:125.0,Bpos:163.1,Bstd:101.3,StrandBias:-0.1,Multiplicity:1.00
0.110	0.797	0.001	0.092
0.001	0.063	0.001	0.935
0.130	0.033	0.001	0.836
0.805	0.126	0.040	0.029
0.001	0.997	0.001	0.001
0.001	0.001	0.001	0.997
0.001	0.001	0.997	0.001
0.097	0.812	0.090	0.001
0.001	0.904	0.001	0.094
0.001	0.997	0.001	0.001
>TGAAAACTCC	6-TGAAAACTCC	9.943722	-17.389805	0	T:21.0(4.52%),B:480.1(1.03%),P:1e-7	Tpos:145.5,Tstd:116.0,Bpos:168.0,Bstd:109.0,StrandBias:1.1,Multiplicity:1.05
0.001	0.001	0.062	0.936
0.093	0.001	0.833	0.073
0.799	0.057	0.143	0.001
0.923	0.075	0.001	0.001
0.997	0.001	0.001	0.001
0.942	0.056	0.001	0.001
0.071	0.799	0.060	0.070
0.056	0.001	0.001	0.942
0.001	0.997	0.001	0.001
0.056	0.894	0.001	0.049
>TCTGCGTCAG	7-TCTGCGTCAG	9.351654	-16.407481	0	T:24.0(5.16%),B:654.7(1.40%),P:1e-7	Tpos:232.2,Tstd:169.4,Bpos:170.1,Bstd:103.8,StrandBias:-0.7,Multiplicity:1.29
0.046	0.155	0.094	0.705
0.001	0.821	0.177	0.001
0.235	0.001	0.005	0.759
0.082	0.001	0.911	0.006
0.407	0.591	0.001	0.001
0.001	0.001	0.997	0.001
0.141	0.001	0.111	0.747
0.066	0.932	0.001	0.001
0.753	0.001	0.245	0.001
0.001	0.116	0.882	0.001
>TTTTTTTTTH	8-TTTTTTTTTH	10.532796	-7.322839	0	T:29.0(6.24%),B:1506.7(3.22%),P:1e-3	Tpos:226.6,Tstd:127.9,Bpos:167.0,Bstd:122.2,StrandBias:0.5,Multiplicity:1.00
0.080	0.123	0.035	0.762
0.208	0.028	0.046	0.718
0.059	0.029	0.142	0.770
0.001	0.018	0.002	0.979
0.021	0.002	0.061	0.916
0.001	0.087	0.177	0.735
0.001	0.164	0.001	0.834
0.001	0.248	0.001	0.750
0.181	0.168	0.001	0.650
0.375	0.317	0.001	0.307
>GTGTGTGTGT	9-GTGTGTGTGT	9.806965	-4.916256	0	T:15.0(3.23%),B:731.6(1.56%),P:1e-2	Tpos:142.2,Tstd:102.5,Bpos:164.7,Bstd:109.0,StrandBias:-1.0,Multiplicity:1.00
0.083	0.085	0.779	0.053
0.053	0.037	0.058	0.852
0.045	0.066	0.817	0.072
0.012	0.073	0.061	0.854
0.060	0.055	0.801	0.084
0.057	0.047	0.059	0.837
0.107	0.037	0.737	0.119
0.057	0.066	0.058	0.819
0.076	0.084	0.711	0.129
0.073	0.052	0.070	0.805
>CTGCGCGACT	10-CTGCGCGACT	10.296193	-1.714008	0	T:1.0(0.22%),B:20.5(0.04%),P:1e0	Tpos:210.3,Tstd:97.0,Bpos:141.1,Bstd:125.5,StrandBias:10.0,Multiplicity:11.00
0.100	0.700	0.100	0.100
0.100	0.100	0.100	0.700
0.100	0.100	0.700	0.100
0.100	0.700	0.100	0.100
0.100	0.100	0.700	0.100
0.100	0.700	0.100	0.100
0.100	0.100	0.700	0.100
0.700	0.100	0.100	0.100
0.100	0.700	0.100	0.100
0.100	0.100	0.100	0.700
>CTGGAAGGCG	11-CTGGAAGGCG	10.296193	-1.020341	0	T:1.0(0.22%),B:45.5(0.10%),P:1e0	Tpos:199.3,Tstd:97.0,Bpos:187.7,Bstd:136.0,StrandBias:10.0,Multiplicity:11.00
0.100	0.700	0.100	0.100
0.100	0.100	0.100	0.700
0.100	0.100	0.700	0.100
0.100	0.100	0.700	0.100
0.700	0.100	0.100	0.100
0.700	0.100	0.100	0.100
0.100	0.100	0.700	0.100
0.100	0.100	0.700	0.100
0.100	0.700	0.100	0.100
0.100	0.100	0.700	0.100
