>ACAGGAAGGG	1-ACAGGAAGGG	8.720614	-22.743176	0	T:26.0(19.26%),B:2098.5(4.29%),P:1e-9	Tpos:170.0,Tstd:112.4,Bpos:137.7,Bstd:78.9,StrandBias:0.5,Multiplicity:1.04
0.813	0.059	0.090	0.038
0.190	0.590	0.088	0.132
0.877	0.001	0.001	0.121
0.055	0.004	0.940	0.001
0.157	0.051	0.791	0.001
0.664	0.192	0.091	0.053
0.931	0.034	0.034	0.001
0.128	0.001	0.807	0.064
0.103	0.001	0.710	0.186
0.057	0.042	0.900	0.001
>GAAATCCTGA	2-GAAATCCTGA	11.211117	-15.378098	0	T:8.0(5.93%),B:218.6(0.45%),P:1e-6	Tpos:86.8,Tstd:61.5,Bpos:144.2,Bstd:79.7,StrandBias:0.7,Multiplicity:1.00
0.001	0.001	0.819	0.179
0.775	0.001	0.001	0.223
0.997	0.001	0.001	0.001
0.997	0.001	0.001	0.001
0.001	0.144	0.139	0.716
0.001	0.997	0.001	0.001
0.001	0.997	0.001	0.001
0.158	0.001	0.001	0.840
0.001	0.001	0.997	0.001
0.997	0.001	0.001	0.001
>GGTGGTTGTT	3-GGTGGTTGTT	10.048375	-15.289647	0	T:10.0(7.41%),B:404.1(0.83%),P:1e-6	Tpos:105.2,Tstd:56.1,Bpos:140.8,Bstd:83.2,StrandBias:3.3,Multiplicity:1.00
0.001	0.001	0.997	0.001
0.001	0.237	0.487	0.275
0.001	0.001	0.216	0.782
0.001	0.001	0.872	0.126
0.001	0.001	0.633	0.365
0.001	0.001	0.001	0.997
0.001	0.001	0.165	0.833
0.001	0.001	0.817	0.181
0.001	0.001	0.001	0.997
0.001	0.001	0.001	0.997
>TGATACTTAG	4-TGATACTTAG	8.187135	-12.471995	0	T:13.0(9.63%),B:981.0(2.01%),P:1e-5	Tpos:175.4,Tstd:114.1,Bpos:140.8,Bstd:82.2,StrandBias:0.7,Multiplicity:1.00
0.001	0.001	0.169	0.829
0.001	0.131	0.715	0.153
0.997	0.001	0.001	0.001
0.001	0.153	0.131	0.715
0.914	0.001	0.084	0.001
0.001	0.997	0.001	0.001
0.271	0.170	0.001	0.558
0.001	0.085	0.118	0.796
0.700	0.146	0.153	0.001
0.001	0.001	0.853	0.145
>GAGAGAGAGA	5-GAGAGAGAGA	11.602745	-6.462985	0	T:5.0(3.70%),B:301.0(0.62%),P:1e-2	Tpos:171.8,Tstd:110.2,Bpos:141.8,Bstd:87.4,StrandBias:3.6,Multiplicity:1.00
0.052	0.001	0.867	0.080
0.997	0.001	0.001	0.001
0.001	0.001	0.997	0.001
0.997	0.001	0.001	0.001
0.001	0.001	0.997	0.001
0.997	0.001	0.001	0.001
0.001	0.001	0.997	0.001
0.866	0.132	0.001	0.001
0.001	0.067	0.931	0.001
0.997	0.001	0.001	0.001
>GGTGTTTGTTTT	1-GGTGTTTGTTTT	12.769247	-23.696727	0	T:7.0(5.19%),B:43.9(0.09%),P:1e-10	Tpos:107.9,Tstd:38.1,Bpos:134.5,Bstd:100.6,StrandBias:10.0,Multiplicity:1.00
0.001	0.001	0.997	0.001
0.001	0.001	0.932	0.066
0.001	0.001	0.001	0.997
0.001	0.001	0.997	0.001
0.001	0.001	0.001	0.997
0.001	0.001	0.001	0.997
0.001	0.001	0.001	0.997
0.001	0.001	0.726	0.272
0.001	0.001	0.001	0.997
0.001	0.001	0.001	0.997
0.329	0.001	0.001	0.669
0.001	0.329	0.001	0.669
>GSTGGGGATGGG	2-GSTGGGGATGGG	11.777562	-22.202954	0	T:9.0(6.67%),B:136.1(0.28%),P:1e-9	Tpos:100.3,Tstd:77.5,Bpos:130.3,Bstd:76.0,StrandBias:0.3,Multiplicity:1.00
0.001	0.001	0.787	0.211
0.001	0.483	0.515	0.001
0.001	0.202	0.001	0.796
0.230	0.001	0.768	0.001
0.192	0.001	0.806	0.001
0.001	0.001	0.997	0.001
0.001	0.001	0.997	0.001
0.988	0.001	0.001	0.010
0.001	0.274	0.001	0.724
0.001	0.001	0.997	0.001
0.001	0.274	0.724	0.001
0.001	0.001	0.997	0.001
>CATGMTACTTAG	3-CATGMTACTTAG	7.815913	-14.655222	0	T:11.0(8.15%),B:547.8(1.12%),P:1e-6	Tpos:165.8,Tstd:100.1,Bpos:138.5,Bstd:80.0,StrandBias:0.0,Multiplicity:1.09
0.002	0.750	0.242	0.006
0.961	0.022	0.008	0.009
0.001	0.001	0.001	0.997
0.240	0.004	0.752	0.004
0.507	0.485	0.006	0.002
0.003	0.008	0.008	0.981
0.979	0.004	0.007	0.010
0.242	0.512	0.244	0.002
0.004	0.011	0.001	0.984
0.242	0.008	0.245	0.505
0.513	0.240	0.005	0.242
0.240	0.001	0.517	0.242
>AGAGAGAGAGAC	4-AGAGAGAGAGAC	10.787620	-11.789512	0	T:10.0(7.41%),B:600.2(1.23%),P:1e-5	Tpos:159.0,Tstd:100.0,Bpos:137.3,Bstd:81.1,StrandBias:2.1,Multiplicity:1.00
0.997	0.001	0.001	0.001
0.126	0.074	0.663	0.137
0.997	0.001	0.001	0.001
0.137	0.211	0.651	0.001
0.851	0.001	0.147	0.001
0.001	0.001	0.862	0.136
0.878	0.001	0.120	0.001
0.001	0.136	0.862	0.001
0.862	0.136	0.001	0.001
0.001	0.171	0.827	0.001
0.775	0.001	0.001	0.223
0.139	0.784	0.076	0.001
>GCAGGTGGCTGC	5-GCAGGTGGCTGC	10.156218	-8.203378	0	T:6.0(4.44%),B:317.2(0.65%),P:1e-3	Tpos:141.3,Tstd:100.2,Bpos:144.1,Bstd:78.9,StrandBias:2.3,Multiplicity:1.00
0.059	0.001	0.869	0.071
0.087	0.669	0.200	0.044
0.855	0.074	0.001	0.070
0.061	0.116	0.792	0.031
0.044	0.109	0.803	0.044
0.167	0.027	0.105	0.701
0.069	0.087	0.662	0.182
0.001	0.147	0.809	0.043
0.039	0.873	0.044	0.044
0.137	0.106	0.044	0.713
0.077	0.171	0.687	0.065
0.174	0.569	0.126	0.131
>ACAGCAAG	1-ACAGCAAG	6.946554	-18.061288	0	T:50.0(37.04%),B:8217.3(16.81%),P:1e-7	Tpos:190.1,Tstd:151.8,Bpos:140.1,Bstd:81.0,StrandBias:-0.5,Multiplicity:1.12
0.945	0.001	0.009	0.045
0.029	0.882	0.051	0.038
0.929	0.001	0.001	0.069
0.001	0.001	0.997	0.001
0.017	0.824	0.133	0.026
0.920	0.078	0.001	0.001
0.763	0.001	0.121	0.115
0.052	0.201	0.746	0.001
>GTGSCGAT	2-GTGSCGAT	7.031454	-17.805632	0	T:22.0(16.30%),B:1929.9(3.95%),P:1e-7	Tpos:159.7,Tstd:144.2,Bpos:141.1,Bstd:84.1,StrandBias:-0.4,Multiplicity:1.05
0.001	0.001	0.997	0.001
0.001	0.001	0.104	0.894
0.001	0.001	0.808	0.190
0.001	0.515	0.483	0.001
0.001	0.819	0.179	0.001
0.001	0.053	0.818	0.128
0.885	0.001	0.113	0.001
0.160	0.224	0.001	0.615
>CGGCCTAA	3-CGGCCTAA	5.156060	-14.504426	0	T:39.0(28.89%),B:6213.3(12.71%),P:1e-6	Tpos:149.4,Tstd:103.9,Bpos:140.4,Bstd:87.5,StrandBias:-0.7,Multiplicity:1.13
0.061	0.834	0.067	0.038
0.043	0.062	0.789	0.106
0.098	0.235	0.567	0.100
0.145	0.672	0.130	0.053
0.036	0.751	0.137	0.076
0.048	0.059	0.102	0.791
0.753	0.091	0.096	0.060
0.858	0.061	0.038	0.043
>TGTTGTTT	4-TGTTGTTT	6.816307	-12.216931	0	T:41.0(30.37%),B:7351.5(15.04%),P:1e-5	Tpos:153.7,Tstd:117.1,Bpos:140.4,Bstd:85.6,StrandBias:0.4,Multiplicity:1.24
0.160	0.001	0.001	0.838
0.001	0.001	0.933	0.065
0.001	0.074	0.272	0.653
0.001	0.001	0.099	0.899
0.001	0.001	0.959	0.039
0.001	0.001	0.092	0.906
0.062	0.001	0.001	0.936
0.116	0.001	0.001	0.882
>GAGAGACW	5-GAGAGACW	8.380666	-10.152949	0	T:22.0(16.30%),B:3079.8(6.30%),P:1e-4	Tpos:161.2,Tstd:130.1,Bpos:137.4,Bstd:82.2,StrandBias:-0.1,Multiplicity:1.00
0.001	0.001	0.997	0.001
0.958	0.040	0.001	0.001
0.001	0.001	0.997	0.001
0.880	0.001	0.001	0.118
0.001	0.219	0.779	0.001
0.997	0.001	0.001	0.001
0.001	0.862	0.136	0.001
0.422	0.062	0.001	0.515
