Factor1: 0.9479435846459645
Factor2: 1.0549150985324485
