>AAACCACA	1-AAACCACA	7.021503	-429.350472	0	T:1071.0(42.75%),B:8222.2(17.66%),P:1e-186	Tpos:273.8,Tstd:176.6,Bpos:242.5,Bstd:151.6,StrandBias:-0.0,Multiplicity:1.34
0.766	0.061	0.046	0.127
0.907	0.033	0.030	0.030
0.837	0.067	0.095	0.001
0.001	0.997	0.001	0.001
0.001	0.997	0.001	0.001
0.937	0.001	0.033	0.029
0.001	0.997	0.001	0.001
0.899	0.022	0.014	0.065
>TAACCACA	2-TAACCACA	6.668018	-361.400286	0	T:1072.0(42.79%),B:9020.2(19.38%),P:1e-156	Tpos:268.8,Tstd:194.1,Bpos:240.9,Bstd:147.7,StrandBias:-0.1,Multiplicity:1.16
0.180	0.078	0.063	0.679
0.489	0.035	0.198	0.279
0.767	0.114	0.118	0.001
0.001	0.989	0.001	0.009
0.001	0.908	0.037	0.054
0.867	0.001	0.130	0.002
0.027	0.841	0.001	0.131
0.683	0.072	0.170	0.075
>SATCAAAG	3-SATCAAAG	7.521489	-336.477914	0	T:783.0(31.26%),B:5501.7(11.82%),P:1e-146	Tpos:282.2,Tstd:185.8,Bpos:240.6,Bstd:148.7,StrandBias:0.0,Multiplicity:1.22
0.001	0.564	0.434	0.001
0.622	0.001	0.001	0.376
0.001	0.001	0.001	0.997
0.001	0.892	0.106	0.001
0.997	0.001	0.001	0.001
0.997	0.001	0.001	0.001
0.997	0.001	0.001	0.001
0.001	0.001	0.997	0.001
>TGYGGYYK	4-TGYGGYYK	6.695723	-275.840037	0	T:849.0(33.89%),B:7028.0(15.10%),P:1e-119	Tpos:264.3,Tstd:184.9,Bpos:241.1,Bstd:144.0,StrandBias:0.1,Multiplicity:1.09
0.035	0.103	0.150	0.712
0.001	0.044	0.954	0.001
0.001	0.528	0.001	0.470
0.233	0.097	0.625	0.045
0.013	0.001	0.985	0.001
0.001	0.471	0.136	0.392
0.084	0.347	0.076	0.493
0.168	0.124	0.297	0.411
>TGAGTCAT	5-TGAGTCAT	5.699633	-271.916458	0	T:809.0(32.30%),B:6545.8(14.06%),P:1e-118	Tpos:260.9,Tstd:174.4,Bpos:241.8,Bstd:146.9,StrandBias:-0.0,Multiplicity:1.20
0.001	0.005	0.010	0.984
0.001	0.001	0.953	0.045
0.980	0.001	0.001	0.018
0.001	0.292	0.692	0.015
0.001	0.001	0.001	0.997
0.016	0.982	0.001	0.001
0.991	0.001	0.007	0.001
0.066	0.101	0.106	0.727
>TGAGGTKG	6-TGAGGTKG	6.370813	-182.579602	0	T:953.0(38.04%),B:9961.5(21.40%),P:1e-79	Tpos:283.3,Tstd:191.7,Bpos:240.6,Bstd:149.4,StrandBias:0.0,Multiplicity:1.23
0.002	0.044	0.133	0.821
0.154	0.001	0.691	0.154
0.576	0.001	0.124	0.299
0.001	0.221	0.513	0.265
0.044	0.044	0.866	0.046
0.029	0.075	0.014	0.882
0.032	0.182	0.458	0.328
0.293	0.001	0.469	0.238
>AGATCAAA	7-AGATCAAA	6.234238	-179.020194	0	T:1281.0(51.14%),B:15343.7(32.96%),P:1e-77	Tpos:268.7,Tstd:185.2,Bpos:240.8,Bstd:148.7,StrandBias:-0.0,Multiplicity:1.41
0.773	0.047	0.045	0.135
0.262	0.128	0.509	0.101
0.791	0.058	0.050	0.101
0.017	0.150	0.126	0.707
0.107	0.689	0.182	0.022
0.854	0.001	0.036	0.109
0.743	0.102	0.091	0.064
0.939	0.023	0.020	0.018
>TATGACTC	8-TATGACTC	5.565755	-126.091490	0	T:400.0(15.97%),B:3175.1(6.82%),P:1e-54	Tpos:279.0,Tstd:208.4,Bpos:241.9,Bstd:146.4,StrandBias:-0.2,Multiplicity:1.04
0.029	0.001	0.001	0.969
0.997	0.001	0.001	0.001
0.001	0.001	0.001	0.997
0.001	0.001	0.997	0.001
0.997	0.001	0.001	0.001
0.001	0.997	0.001	0.001
0.001	0.001	0.001	0.997
0.148	0.711	0.140	0.001
>ACAGGAAG	9-ACAGGAAG	8.450748	-108.498722	0	T:680.0(27.15%),B:7327.9(15.74%),P:1e-47	Tpos:278.8,Tstd:197.0,Bpos:243.2,Bstd:146.0,StrandBias:-0.1,Multiplicity:1.17
0.997	0.001	0.001	0.001
0.001	0.826	0.172	0.001
0.997	0.001	0.001	0.001
0.001	0.001	0.997	0.001
0.001	0.001	0.997	0.001
0.997	0.001	0.001	0.001
0.997	0.001	0.001	0.001
0.189	0.088	0.722	0.001
>ACTTTCAC	10-ACTTTCAC	6.879486	-108.452894	0	T:742.0(29.62%),B:8264.9(17.75%),P:1e-47	Tpos:275.3,Tstd:199.8,Bpos:237.8,Bstd:149.3,StrandBias:0.1,Multiplicity:1.20
0.596	0.223	0.180	0.001
0.001	0.896	0.102	0.001
0.001	0.001	0.001	0.997
0.001	0.079	0.001	0.919
0.001	0.001	0.113	0.885
0.001	0.944	0.001	0.054
0.757	0.008	0.123	0.112
0.324	0.673	0.002	0.001
>AMSCGAAA	11-AMSCGAAA	7.526568	-100.721220	0	T:370.0(14.77%),B:3146.3(6.76%),P:1e-43	Tpos:271.4,Tstd:181.9,Bpos:238.2,Bstd:153.6,StrandBias:0.1,Multiplicity:1.14
0.997	0.001	0.001	0.001
0.547	0.413	0.005	0.035
0.001	0.512	0.479	0.008
0.001	0.650	0.001	0.348
0.001	0.142	0.856	0.001
0.579	0.206	0.001	0.214
0.664	0.001	0.334	0.001
0.947	0.051	0.001	0.001
>GTACTTTS	12-GTACTTTS	6.720402	-94.183521	0	T:892.0(35.61%),B:10991.9(23.61%),P:1e-40	Tpos:275.7,Tstd:207.4,Bpos:239.2,Bstd:147.5,StrandBias:0.0,Multiplicity:1.18
0.110	0.001	0.654	0.235
0.001	0.283	0.005	0.711
0.757	0.001	0.001	0.241
0.005	0.598	0.238	0.159
0.001	0.085	0.011	0.903
0.078	0.001	0.001	0.920
0.010	0.001	0.001	0.988
0.001	0.512	0.486	0.001
>GGGGGTTT	13-GGGGGTTT	6.866822	-56.606608	0	T:465.0(18.56%),B:5339.0(11.47%),P:1e-24	Tpos:270.2,Tstd:199.7,Bpos:237.6,Bstd:146.9,StrandBias:0.1,Multiplicity:1.12
0.090	0.010	0.825	0.075
0.001	0.049	0.949	0.001
0.001	0.069	0.774	0.156
0.001	0.019	0.952	0.028
0.185	0.089	0.594	0.132
0.001	0.001	0.001	0.997
0.001	0.001	0.001	0.997
0.001	0.043	0.001	0.955
>CCCCWCCC	14-CCCCWCCC	7.872079	-48.916211	0	T:773.0(30.86%),B:10498.6(22.55%),P:1e-21	Tpos:291.4,Tstd:209.9,Bpos:239.0,Bstd:141.0,StrandBias:-0.0,Multiplicity:1.46
0.001	0.997	0.001	0.001
0.001	0.812	0.001	0.186
0.363	0.635	0.001	0.001
0.001	0.997	0.001	0.001
0.421	0.001	0.235	0.344
0.001	0.997	0.001	0.001
0.001	0.997	0.001	0.001
0.001	0.997	0.001	0.001
>ACATCCTG	15-ACATCCTG	7.898176	-39.758356	0	T:262.0(10.46%),B:2786.2(5.99%),P:1e-17	Tpos:259.5,Tstd:173.3,Bpos:243.1,Bstd:142.7,StrandBias:-0.0,Multiplicity:1.04
0.997	0.001	0.001	0.001
0.001	0.887	0.001	0.111
0.931	0.001	0.067	0.001
0.001	0.001	0.001	0.997
0.001	0.997	0.001	0.001
0.001	0.997	0.001	0.001
0.001	0.078	0.094	0.827
0.001	0.001	0.846	0.152
>TVACACGT	16-TVACACGT	7.710831	-38.297732	0	T:368.0(14.69%),B:4385.3(9.42%),P:1e-16	Tpos:255.7,Tstd:185.4,Bpos:241.6,Bstd:153.9,StrandBias:0.1,Multiplicity:1.11
0.001	0.001	0.001	0.997
0.271	0.233	0.362	0.134
0.816	0.060	0.001	0.123
0.001	0.816	0.180	0.003
0.914	0.001	0.001	0.084
0.061	0.882	0.001	0.056
0.007	0.274	0.480	0.239
0.001	0.001	0.001	0.997
>GTGACTTW	17-GTGACTTW	7.403337	-30.992408	0	T:277.0(11.06%),B:3230.4(6.94%),P:1e-13	Tpos:275.8,Tstd:184.0,Bpos:232.9,Bstd:147.4,StrandBias:-0.0,Multiplicity:1.03
0.031	0.001	0.943	0.025
0.001	0.001	0.284	0.714
0.200	0.001	0.798	0.001
0.622	0.116	0.141	0.121
0.001	0.746	0.252	0.001
0.126	0.001	0.016	0.857
0.066	0.204	0.004	0.726
0.356	0.134	0.031	0.478
>ATTTGCAT	18-ATTTGCAT	8.056984	-21.171553	0	T:136.0(5.43%),B:1442.2(3.10%),P:1e-9	Tpos:291.1,Tstd:234.5,Bpos:243.3,Bstd:137.8,StrandBias:-0.2,Multiplicity:1.02
0.997	0.001	0.001	0.001
0.001	0.001	0.001	0.997
0.001	0.001	0.001	0.997
0.167	0.001	0.001	0.831
0.001	0.001	0.997	0.001
0.001	0.997	0.001	0.001
0.939	0.001	0.059	0.001
0.001	0.001	0.001	0.997
>AGCGGTTT	19-AGCGGTTT	10.137918	-18.432812	0	T:33.0(1.32%),B:189.9(0.41%),P:1e-8	Tpos:246.8,Tstd:172.0,Bpos:237.3,Bstd:157.6,StrandBias:-0.2,Multiplicity:1.00
0.997	0.001	0.001	0.001
0.001	0.001	0.604	0.394
0.001	0.997	0.001	0.001
0.001	0.001	0.997	0.001
0.001	0.001	0.997	0.001
0.001	0.001	0.001	0.997
0.001	0.001	0.001	0.997
0.001	0.001	0.001	0.997
>TGAGGTAA	20-TGAGGTAA	8.236954	-13.577494	0	T:63.0(2.51%),B:606.1(1.30%),P:1e-5	Tpos:222.5,Tstd:159.2,Bpos:246.7,Bstd:144.9,StrandBias:-0.2,Multiplicity:1.02
0.100	0.100	0.100	0.700
0.100	0.100	0.700	0.100
0.700	0.100	0.100	0.100
0.100	0.100	0.700	0.100
0.100	0.100	0.700	0.100
0.100	0.100	0.100	0.700
0.700	0.100	0.100	0.100
0.700	0.100	0.100	0.100
>GGTATGAC	21-GGTATGAC	8.236954	-12.108281	0	T:32.0(1.28%),B:241.1(0.52%),P:1e-5	Tpos:165.8,Tstd:124.1,Bpos:251.1,Bstd:141.0,StrandBias:2.3,Multiplicity:1.64
0.100	0.100	0.700	0.100
0.100	0.100	0.700	0.100
0.100	0.100	0.100	0.700
0.700	0.100	0.100	0.100
0.100	0.100	0.100	0.700
0.100	0.100	0.700	0.100
0.700	0.100	0.100	0.100
0.100	0.700	0.100	0.100
