>CCACATCAAA	1-CCACATCAAA	7.714135	-473.799638	0	T:536.0(21.40%),B:2013.8(4.33%),P:1e-205	Tpos:284.1,Tstd:175.2,Bpos:239.9,Bstd:146.2,StrandBias:0.1,Multiplicity:1.08
0.001	0.977	0.009	0.013
0.018	0.971	0.004	0.007
0.971	0.001	0.005	0.023
0.001	0.990	0.001	0.008
0.917	0.001	0.001	0.081
0.051	0.027	0.001	0.921
0.026	0.852	0.100	0.022
0.978	0.001	0.002	0.019
0.796	0.074	0.122	0.008
0.894	0.008	0.045	0.053
>NCWAACCACA	2-NCWAACCACA	6.706633	-413.123739	0	T:1383.0(55.21%),B:12993.3(27.91%),P:1e-179	Tpos:276.2,Tstd:193.0,Bpos:242.1,Bstd:149.4,StrandBias:-0.0,Multiplicity:1.48
0.292	0.196	0.300	0.212
0.199	0.437	0.230	0.134
0.436	0.109	0.001	0.454
0.615	0.063	0.174	0.148
0.724	0.150	0.125	0.001
0.001	0.997	0.001	0.001
0.001	0.997	0.001	0.001
0.752	0.001	0.091	0.156
0.035	0.963	0.001	0.001
0.850	0.029	0.033	0.088
>GASWTCAAAG	3-GASWTCAAAG	7.199574	-382.348340	0	T:1023.0(40.84%),B:8095.9(17.39%),P:1e-166	Tpos:280.0,Tstd:190.4,Bpos:240.5,Bstd:147.6,StrandBias:0.0,Multiplicity:1.29
0.216	0.131	0.453	0.200
0.593	0.079	0.158	0.170
0.109	0.401	0.429	0.061
0.481	0.001	0.038	0.479
0.071	0.001	0.001	0.927
0.001	0.801	0.197	0.001
0.997	0.001	0.001	0.001
0.997	0.001	0.001	0.001
0.997	0.001	0.001	0.001
0.109	0.001	0.889	0.001
>RAACCACVYC	4-RAACCACVYC	5.103856	-344.226730	0	T:1199.0(47.86%),B:11101.5(23.85%),P:1e-149	Tpos:270.5,Tstd:193.0,Bpos:243.9,Bstd:149.4,StrandBias:-0.2,Multiplicity:1.16
0.386	0.090	0.364	0.160
0.997	0.001	0.001	0.001
0.889	0.001	0.109	0.001
0.001	0.997	0.001	0.001
0.001	0.997	0.001	0.001
0.997	0.001	0.001	0.001
0.001	0.997	0.001	0.001
0.282	0.318	0.371	0.029
0.222	0.397	0.110	0.271
0.146	0.764	0.089	0.001
>DWATGASTCA	5-DWATGASTCA	8.558831	-289.421650	0	T:351.0(14.01%),B:1375.5(2.95%),P:1e-125	Tpos:250.6,Tstd:147.4,Bpos:243.1,Bstd:145.3,StrandBias:0.0,Multiplicity:1.07
0.315	0.062	0.319	0.304
0.348	0.012	0.222	0.418
0.781	0.045	0.074	0.100
0.001	0.001	0.001	0.997
0.001	0.001	0.997	0.001
0.997	0.001	0.001	0.001
0.001	0.533	0.465	0.001
0.001	0.001	0.001	0.997
0.008	0.990	0.001	0.001
0.997	0.001	0.001	0.001
>TKASTCABNN	6-TKASTCABNN	6.085523	-269.899721	0	T:660.0(26.35%),B:4689.2(10.07%),P:1e-117	Tpos:260.2,Tstd:190.0,Bpos:240.8,Bstd:149.5,StrandBias:-0.2,Multiplicity:1.11
0.221	0.192	0.153	0.434
0.107	0.024	0.459	0.409
0.676	0.113	0.047	0.164
0.172	0.368	0.438	0.022
0.109	0.177	0.033	0.681
0.129	0.791	0.050	0.030
0.873	0.040	0.019	0.068
0.099	0.319	0.283	0.299
0.267	0.287	0.182	0.265
0.229	0.275	0.259	0.238
>RCTTCCTGTB	7-RCTTCCTGTB	5.908956	-171.315753	0	T:897.0(35.81%),B:9323.0(20.03%),P:1e-74	Tpos:270.1,Tstd:194.7,Bpos:243.8,Bstd:146.0,StrandBias:-0.1,Multiplicity:1.23
0.292	0.184	0.414	0.110
0.112	0.474	0.182	0.232
0.164	0.038	0.147	0.651
0.107	0.067	0.171	0.655
0.087	0.664	0.114	0.135
0.132	0.610	0.083	0.175
0.087	0.061	0.129	0.723
0.120	0.188	0.486	0.207
0.109	0.283	0.091	0.517
0.086	0.382	0.298	0.234
>TTTCACTTTC	8-TTTCACTTTC	8.066769	-159.857785	0	T:410.0(16.37%),B:2899.6(6.23%),P:1e-69	Tpos:274.5,Tstd:187.6,Bpos:237.0,Bstd:153.1,StrandBias:0.2,Multiplicity:1.17
0.017	0.011	0.012	0.960
0.001	0.032	0.021	0.946
0.025	0.013	0.010	0.952
0.001	0.947	0.021	0.031
0.933	0.001	0.029	0.037
0.012	0.820	0.150	0.018
0.001	0.001	0.003	0.995
0.014	0.020	0.001	0.965
0.010	0.031	0.005	0.954
0.008	0.856	0.045	0.091
>GGRAAATMCC	9-GGRAAATMCC	8.439493	-124.457641	0	T:332.0(13.25%),B:2382.7(5.12%),P:1e-54	Tpos:266.5,Tstd:174.6,Bpos:241.0,Bstd:140.8,StrandBias:0.0,Multiplicity:1.09
0.001	0.001	0.874	0.124
0.001	0.001	0.997	0.001
0.411	0.001	0.560	0.028
0.659	0.001	0.339	0.001
0.997	0.001	0.001	0.001
0.500	0.115	0.234	0.151
0.232	0.266	0.021	0.482
0.309	0.458	0.001	0.232
0.001	0.997	0.001	0.001
0.001	0.997	0.001	0.001
>ACTTTCGCTT	10-ACTTTCGCTT	8.804474	-108.931550	0	T:161.0(6.43%),B:746.3(1.60%),P:1e-47	Tpos:275.2,Tstd:165.1,Bpos:236.9,Bstd:156.6,StrandBias:-0.2,Multiplicity:1.01
0.981	0.001	0.017	0.001
0.089	0.909	0.001	0.001
0.029	0.001	0.001	0.969
0.039	0.001	0.001	0.959
0.026	0.001	0.001	0.972
0.022	0.940	0.001	0.037
0.124	0.001	0.772	0.103
0.001	0.743	0.025	0.231
0.089	0.001	0.001	0.909
0.069	0.001	0.001	0.929
>TTCGTTATGA	11-TTCGTTATGA	6.884246	-60.729141	0	T:318.0(12.69%),B:3125.1(6.71%),P:1e-26	Tpos:261.5,Tstd:186.6,Bpos:240.0,Bstd:147.8,StrandBias:0.1,Multiplicity:1.09
0.035	0.074	0.066	0.825
0.040	0.071	0.032	0.857
0.037	0.790	0.055	0.118
0.104	0.020	0.841	0.035
0.090	0.079	0.065	0.766
0.108	0.032	0.069	0.791
0.756	0.123	0.027	0.094
0.118	0.020	0.067	0.795
0.064	0.077	0.757	0.102
0.831	0.092	0.054	0.023
>RWATGACTGT	12-RWATGACTGT	8.793612	-52.606682	0	T:203.0(8.10%),B:1749.6(3.76%),P:1e-22	Tpos:251.1,Tstd:157.4,Bpos:240.9,Bstd:141.2,StrandBias:0.2,Multiplicity:1.01
0.457	0.138	0.313	0.092
0.413	0.014	0.174	0.398
0.718	0.128	0.001	0.153
0.001	0.001	0.001	0.997
0.001	0.155	0.843	0.001
0.974	0.024	0.001	0.001
0.258	0.494	0.247	0.001
0.337	0.039	0.073	0.551
0.001	0.001	0.997	0.001
0.001	0.001	0.001	0.997
>GGGTGAAAGT	13-GGGTGAAAGT	6.817336	-43.971378	0	T:241.0(9.62%),B:2402.8(5.16%),P:1e-19	Tpos:248.7,Tstd:180.8,Bpos:248.1,Bstd:148.5,StrandBias:0.1,Multiplicity:1.08
0.094	0.124	0.685	0.097
0.203	0.220	0.485	0.092
0.078	0.139	0.579	0.204
0.192	0.088	0.116	0.604
0.009	0.037	0.776	0.178
0.655	0.192	0.079	0.074
0.457	0.207	0.181	0.155
0.785	0.042	0.110	0.063
0.055	0.211	0.596	0.138
0.069	0.168	0.112	0.651
>GCTGTTACTT	14-GCTGTTACTT	7.263040	-42.110542	0	T:286.0(11.42%),B:3073.5(6.60%),P:1e-18	Tpos:283.2,Tstd:243.9,Bpos:238.7,Bstd:147.3,StrandBias:-0.1,Multiplicity:1.06
0.129	0.051	0.781	0.039
0.041	0.834	0.053	0.072
0.059	0.065	0.122	0.754
0.045	0.101	0.788	0.066
0.108	0.047	0.033	0.812
0.063	0.040	0.076	0.821
0.777	0.035	0.129	0.059
0.055	0.889	0.039	0.017
0.055	0.029	0.156	0.760
0.083	0.042	0.084	0.791
>GCTTTGGTTT	15-GCTTTGGTTT	7.680279	-41.917893	0	T:187.0(7.47%),B:1718.3(3.69%),P:1e-18	Tpos:275.7,Tstd:180.7,Bpos:245.1,Bstd:156.6,StrandBias:-0.1,Multiplicity:1.07
0.190	0.014	0.569	0.227
0.048	0.633	0.006	0.313
0.255	0.059	0.200	0.485
0.186	0.151	0.011	0.652
0.062	0.027	0.370	0.541
0.164	0.084	0.549	0.203
0.001	0.293	0.609	0.097
0.007	0.001	0.004	0.988
0.083	0.204	0.068	0.645
0.017	0.175	0.203	0.605
>CTGAAACTCT	16-CTGAAACTCT	9.230580	-33.176900	0	T:130.0(5.19%),B:1133.0(2.43%),P:1e-14	Tpos:281.1,Tstd:227.0,Bpos:236.7,Bstd:147.9,StrandBias:-0.0,Multiplicity:1.01
0.030	0.842	0.090	0.038
0.068	0.001	0.039	0.892
0.005	0.001	0.993	0.001
0.987	0.001	0.001	0.011
0.915	0.077	0.001	0.007
0.975	0.007	0.001	0.017
0.001	0.827	0.082	0.090
0.011	0.088	0.014	0.887
0.034	0.734	0.200	0.032
0.036	0.018	0.001	0.945
>TAACTCAAGC	17-TAACTCAAGC	8.563308	-30.945802	0	T:87.0(3.47%),B:644.9(1.39%),P:1e-13	Tpos:278.6,Tstd:186.3,Bpos:244.4,Bstd:144.3,StrandBias:-0.2,Multiplicity:1.04
0.069	0.112	0.058	0.761
0.682	0.072	0.086	0.160
0.729	0.186	0.001	0.084
0.094	0.662	0.001	0.243
0.051	0.001	0.135	0.813
0.001	0.795	0.154	0.050
0.779	0.001	0.219	0.001
0.752	0.001	0.001	0.246
0.123	0.081	0.795	0.001
0.001	0.869	0.129	0.001
>TCCCCCCCCC	18-TCCCCCCCCC	7.020749	-29.093794	0	T:624.0(24.91%),B:8853.2(19.02%),P:1e-12	Tpos:273.2,Tstd:198.1,Bpos:238.9,Bstd:134.4,StrandBias:-0.1,Multiplicity:1.27
0.062	0.127	0.048	0.763
0.056	0.802	0.051	0.091
0.048	0.840	0.032	0.080
0.078	0.765	0.048	0.109
0.045	0.793	0.047	0.115
0.072	0.769	0.042	0.117
0.071	0.827	0.030	0.072
0.057	0.803	0.040	0.100
0.091	0.812	0.035	0.062
0.072	0.830	0.048	0.050
>GGGTATGACT	19-GGGTATGACT	6.404373	-29.092441	0	T:751.0(29.98%),B:11009.4(23.65%),P:1e-12	Tpos:268.4,Tstd:198.2,Bpos:241.0,Bstd:144.5,StrandBias:0.0,Multiplicity:1.23
0.100	0.100	0.700	0.100
0.100	0.100	0.700	0.100
0.100	0.100	0.700	0.100
0.100	0.100	0.100	0.700
0.700	0.100	0.100	0.100
0.100	0.100	0.100	0.700
0.100	0.100	0.700	0.100
0.700	0.100	0.100	0.100
0.100	0.700	0.100	0.100
0.100	0.100	0.100	0.700
>CTTTACGTGT	20-CTTTACGTGT	9.573250	-28.840625	0	T:39.0(1.56%),B:173.3(0.37%),P:1e-12	Tpos:316.5,Tstd:215.9,Bpos:245.7,Bstd:149.3,StrandBias:-0.2,Multiplicity:1.09
0.001	0.818	0.150	0.031
0.073	0.037	0.001	0.889
0.001	0.001	0.055	0.943
0.001	0.001	0.049	0.949
0.955	0.023	0.021	0.001
0.132	0.523	0.344	0.001
0.001	0.001	0.961	0.037
0.001	0.001	0.001	0.997
0.001	0.001	0.997	0.001
0.001	0.044	0.001	0.954
>CTGCGGGTTT	21-CTGCGGGTTT	10.207911	-27.466564	0	T:31.0(1.24%),B:116.1(0.25%),P:1e-11	Tpos:255.6,Tstd:159.2,Bpos:230.1,Bstd:140.1,StrandBias:0.8,Multiplicity:1.04
0.001	0.901	0.097	0.001
0.040	0.001	0.001	0.958
0.001	0.001	0.823	0.175
0.001	0.798	0.200	0.001
0.044	0.024	0.931	0.001
0.001	0.001	0.997	0.001
0.062	0.138	0.744	0.056
0.001	0.037	0.001	0.961
0.001	0.001	0.001	0.997
0.001	0.038	0.045	0.916
>SGTATGACTG	22-SGTATGACTG	8.325311	-26.796513	0	T:130.0(5.19%),B:1242.2(2.67%),P:1e-11	Tpos:263.6,Tstd:203.5,Bpos:232.3,Bstd:146.9,StrandBias:-0.1,Multiplicity:1.01
0.053	0.427	0.415	0.106
0.267	0.032	0.693	0.008
0.308	0.017	0.071	0.604
0.775	0.064	0.074	0.087
0.046	0.001	0.064	0.889
0.083	0.074	0.842	0.001
0.997	0.001	0.001	0.001
0.024	0.974	0.001	0.001
0.136	0.001	0.083	0.780
0.001	0.001	0.997	0.001
>AGCTCGCMGA	23-AGCTCGCMGA	8.492679	-21.185991	0	T:20.0(0.80%),B:63.1(0.14%),P:1e-9	Tpos:354.1,Tstd:186.0,Bpos:257.0,Bstd:126.1,StrandBias:0.0,Multiplicity:1.00
0.731	0.001	0.267	0.001
0.001	0.001	0.997	0.001
0.001	0.997	0.001	0.001
0.001	0.001	0.037	0.961
0.001	0.997	0.001	0.001
0.001	0.001	0.997	0.001
0.001	0.997	0.001	0.001
0.517	0.481	0.001	0.001
0.001	0.001	0.997	0.001
0.997	0.001	0.001	0.001
>CATATATTGC	24-CATATATTGC	10.296193	-17.664848	0	T:6.0(0.24%),B:3.8(0.01%),P:1e-7	Tpos:250.5,Tstd:168.5,Bpos:247.8,Bstd:111.6,StrandBias:1.0,Multiplicity:1.00
0.100	0.700	0.100	0.100
0.700	0.100	0.100	0.100
0.100	0.100	0.100	0.700
0.700	0.100	0.100	0.100
0.100	0.100	0.100	0.700
0.700	0.100	0.100	0.100
0.100	0.100	0.100	0.700
0.100	0.100	0.100	0.700
0.100	0.100	0.700	0.100
0.100	0.700	0.100	0.100
>TAGACACCCT	25-TAGACACCCT	11.647684	-17.651766	0	T:21.0(0.84%),B:86.3(0.19%),P:1e-7	Tpos:291.6,Tstd:175.7,Bpos:235.0,Bstd:141.4,StrandBias:-0.3,Multiplicity:1.10
0.001	0.001	0.001	0.997
0.997	0.001	0.001	0.001
0.001	0.001	0.997	0.001
0.860	0.138	0.001	0.001
0.001	0.810	0.001	0.188
0.997	0.001	0.001	0.001
0.001	0.997	0.001	0.001
0.001	0.997	0.001	0.001
0.001	0.997	0.001	0.001
0.001	0.001	0.001	0.997
