Factor1: 1.105327463999417
Factor2: 0.9047092672262845
