>CACTTCCTGT	1-CACTTCCTGT	6.476576	-169.922567	0	T:672.0(38.67%),B:9269.3(19.67%),P:1e-73	Tpos:297.6,Tstd:242.9,Bpos:240.9,Bstd:145.3,StrandBias:0.2,Multiplicity:1.35
0.181	0.491	0.129	0.199
0.532	0.099	0.357	0.012
0.010	0.657	0.057	0.276
0.299	0.045	0.111	0.545
0.084	0.019	0.017	0.880
0.060	0.679	0.018	0.243
0.138	0.856	0.002	0.004
0.128	0.143	0.242	0.488
0.041	0.236	0.559	0.164
0.149	0.295	0.099	0.458
>TGTGGTTTNN	2-TGTGGTTTNN	7.162976	-128.491144	0	T:576.0(33.14%),B:8205.3(17.42%),P:1e-55	Tpos:310.8,Tstd:254.5,Bpos:241.4,Bstd:146.9,StrandBias:-0.0,Multiplicity:1.33
0.054	0.036	0.057	0.853
0.001	0.001	0.997	0.001
0.124	0.046	0.080	0.750
0.001	0.001	0.997	0.001
0.001	0.001	0.997	0.001
0.001	0.123	0.019	0.857
0.001	0.001	0.001	0.997
0.284	0.084	0.102	0.530
0.186	0.299	0.289	0.225
0.234	0.301	0.205	0.260
>TTTCACTTTC	3-TTTCACTTTC	8.963371	-70.675914	0	T:158.0(9.09%),B:1481.4(3.14%),P:1e-30	Tpos:308.2,Tstd:256.3,Bpos:245.1,Bstd:144.9,StrandBias:0.2,Multiplicity:1.08
0.001	0.034	0.005	0.960
0.001	0.056	0.001	0.942
0.044	0.024	0.001	0.931
0.035	0.925	0.001	0.039
0.997	0.001	0.001	0.001
0.035	0.680	0.251	0.034
0.001	0.011	0.001	0.987
0.001	0.030	0.002	0.967
0.001	0.001	0.001	0.997
0.027	0.850	0.025	0.098
>TGASTCATWN	4-TGASTCATWN	9.278338	-63.931707	0	T:159.0(9.15%),B:1595.8(3.39%),P:1e-27	Tpos:291.6,Tstd:238.6,Bpos:242.7,Bstd:140.2,StrandBias:-0.0,Multiplicity:1.09
0.001	0.001	0.001	0.997
0.001	0.001	0.963	0.035
0.997	0.001	0.001	0.001
0.001	0.514	0.484	0.001
0.001	0.001	0.001	0.997
0.001	0.997	0.001	0.001
0.997	0.001	0.001	0.001
0.001	0.042	0.292	0.665
0.361	0.168	0.187	0.284
0.319	0.232	0.249	0.199
>GGGGMWTTCC	5-GGGGMWTTCC	7.892576	-48.822263	0	T:231.0(13.29%),B:3207.6(6.81%),P:1e-21	Tpos:308.7,Tstd:261.7,Bpos:242.3,Bstd:139.9,StrandBias:0.0,Multiplicity:1.14
0.001	0.071	0.927	0.001
0.001	0.001	0.997	0.001
0.029	0.001	0.718	0.252
0.254	0.001	0.744	0.001
0.474	0.468	0.058	0.001
0.458	0.087	0.003	0.452
0.158	0.120	0.133	0.589
0.001	0.382	0.066	0.551
0.071	0.782	0.001	0.146
0.001	0.997	0.001	0.001
>WRTSACGTCA	6-WRTSACGTCA	6.833803	-40.721570	0	T:328.0(18.87%),B:5494.6(11.66%),P:1e-17	Tpos:303.2,Tstd:246.7,Bpos:240.2,Bstd:147.6,StrandBias:0.3,Multiplicity:1.15
0.352	0.181	0.114	0.354
0.341	0.187	0.319	0.152
0.074	0.001	0.001	0.924
0.001	0.421	0.558	0.020
0.899	0.001	0.010	0.090
0.001	0.972	0.001	0.026
0.130	0.204	0.562	0.104
0.350	0.001	0.103	0.546
0.019	0.722	0.212	0.047
0.678	0.001	0.077	0.244
>CTTGTGGTGA	7-CTTGTGGTGA	8.906298	-37.654875	0	T:70.0(4.03%),B:581.8(1.23%),P:1e-16	Tpos:281.6,Tstd:225.0,Bpos:242.2,Bstd:143.4,StrandBias:0.2,Multiplicity:1.03
0.045	0.887	0.012	0.056
0.001	0.001	0.038	0.960
0.080	0.001	0.081	0.838
0.022	0.001	0.945	0.032
0.008	0.001	0.001	0.990
0.043	0.001	0.862	0.094
0.025	0.073	0.893	0.009
0.001	0.001	0.001	0.997
0.061	0.109	0.829	0.001
0.861	0.012	0.126	0.001
>GDGTTACTCA	8-GDGTTACTCA	8.064249	-32.123487	0	T:108.0(6.21%),B:1285.7(2.73%),P:1e-13	Tpos:285.6,Tstd:212.3,Bpos:241.2,Bstd:144.2,StrandBias:-0.2,Multiplicity:1.02
0.137	0.140	0.722	0.001
0.309	0.001	0.405	0.285
0.058	0.035	0.862	0.045
0.044	0.001	0.001	0.954
0.037	0.126	0.021	0.816
0.805	0.001	0.190	0.004
0.001	0.806	0.155	0.038
0.001	0.098	0.001	0.900
0.017	0.847	0.001	0.135
0.902	0.001	0.094	0.003
>GAAACCGAAA	9-GAAACCGAAA	10.225848	-31.713198	0	T:50.0(2.88%),B:368.6(0.78%),P:1e-13	Tpos:278.2,Tstd:183.6,Bpos:245.0,Bstd:146.5,StrandBias:-0.3,Multiplicity:1.00
0.199	0.071	0.664	0.066
0.907	0.091	0.001	0.001
0.997	0.001	0.001	0.001
0.922	0.001	0.076	0.001
0.108	0.739	0.001	0.152
0.190	0.808	0.001	0.001
0.001	0.001	0.997	0.001
0.997	0.001	0.001	0.001
0.975	0.001	0.023	0.001
0.997	0.001	0.001	0.001
>TGCTTACCAC	10-TGCTTACCAC	9.356812	-28.146387	0	T:60.0(3.45%),B:553.7(1.18%),P:1e-12	Tpos:227.1,Tstd:181.6,Bpos:243.9,Bstd:142.2,StrandBias:0.0,Multiplicity:1.02
0.032	0.001	0.001	0.966
0.218	0.011	0.680	0.091
0.001	0.997	0.001	0.001
0.001	0.028	0.146	0.825
0.033	0.062	0.001	0.904
0.870	0.022	0.061	0.047
0.035	0.918	0.027	0.020
0.001	0.966	0.001	0.032
0.947	0.051	0.001	0.001
0.013	0.934	0.052	0.001
>TCTCGCGATC	11-TCTCGCGATC	8.168919	-26.726451	0	T:44.0(2.53%),B:338.2(0.72%),P:1e-11	Tpos:339.8,Tstd:188.8,Bpos:231.1,Bstd:158.0,StrandBias:-0.2,Multiplicity:1.14
0.045	0.158	0.017	0.780
0.001	0.853	0.055	0.091
0.128	0.042	0.001	0.829
0.063	0.801	0.077	0.059
0.133	0.007	0.796	0.064
0.053	0.873	0.062	0.012
0.072	0.072	0.730	0.126
0.788	0.134	0.061	0.017
0.001	0.086	0.108	0.805
0.185	0.757	0.031	0.027
>CGCCCCCCCC	12-CGCCCCCCCC	8.126634	-24.307198	0	T:319.0(18.35%),B:6027.8(12.79%),P:1e-10	Tpos:325.1,Tstd:288.2,Bpos:241.3,Bstd:146.3,StrandBias:0.0,Multiplicity:1.46
0.144	0.787	0.048	0.021
0.042	0.153	0.687	0.118
0.017	0.920	0.021	0.042
0.014	0.879	0.054	0.053
0.038	0.808	0.072	0.082
0.062	0.776	0.101	0.061
0.035	0.709	0.121	0.135
0.088	0.709	0.067	0.136
0.058	0.854	0.059	0.029
0.041	0.878	0.043	0.038
>GTTTTGATCT	13-GTTTTGATCT	8.708551	-24.017414	0	T:130.0(7.48%),B:1902.6(4.04%),P:1e-10	Tpos:294.2,Tstd:219.3,Bpos:243.1,Bstd:155.2,StrandBias:-0.0,Multiplicity:1.11
0.016	0.041	0.909	0.034
0.001	0.088	0.028	0.883
0.061	0.001	0.001	0.937
0.049	0.048	0.026	0.877
0.001	0.001	0.001	0.997
0.001	0.066	0.932	0.001
0.860	0.062	0.001	0.077
0.080	0.001	0.001	0.918
0.001	0.680	0.032	0.287
0.001	0.001	0.001	0.997
>ATCGTCAGTA	14-ATCGTCAGTA	6.755224	-23.406875	0	T:49.0(2.82%),B:450.9(0.96%),P:1e-10	Tpos:224.0,Tstd:170.6,Bpos:234.5,Bstd:150.7,StrandBias:-0.1,Multiplicity:1.04
0.580	0.038	0.136	0.246
0.213	0.092	0.001	0.694
0.116	0.779	0.011	0.094
0.066	0.097	0.778	0.059
0.189	0.066	0.125	0.620
0.197	0.511	0.146	0.146
0.591	0.045	0.103	0.261
0.197	0.115	0.605	0.083
0.128	0.208	0.086	0.578
0.495	0.153	0.165	0.187
>CGCTAGAGGG	15-CGCTAGAGGG	10.022663	-21.669516	0	T:29.0(1.67%),B:190.8(0.41%),P:1e-9	Tpos:396.0,Tstd:476.9,Bpos:253.6,Bstd:149.0,StrandBias:-0.1,Multiplicity:1.00
0.047	0.951	0.001	0.001
0.109	0.001	0.879	0.011
0.001	0.997	0.001	0.001
0.001	0.001	0.092	0.906
0.985	0.001	0.013	0.001
0.086	0.001	0.912	0.001
0.859	0.058	0.082	0.001
0.001	0.001	0.944	0.054
0.073	0.001	0.766	0.160
0.051	0.055	0.827	0.067
>CCCACCGCGC	16-CCCACCGCGC	9.779845	-19.566505	0	T:44.0(2.53%),B:427.4(0.91%),P:1e-8	Tpos:287.4,Tstd:232.9,Bpos:248.7,Bstd:155.9,StrandBias:-0.1,Multiplicity:1.07
0.001	0.874	0.014	0.111
0.001	0.989	0.001	0.009
0.001	0.997	0.001	0.001
0.928	0.013	0.038	0.021
0.001	0.940	0.058	0.001
0.161	0.767	0.071	0.001
0.001	0.032	0.966	0.001
0.001	0.794	0.075	0.130
0.024	0.034	0.794	0.148
0.048	0.950	0.001	0.001
>GATTGGTCGC	17-GATTGGTCGC	11.792474	-17.145609	0	T:10.0(0.58%),B:24.2(0.05%),P:1e-7	Tpos:175.7,Tstd:67.7,Bpos:245.2,Bstd:148.8,StrandBias:0.6,Multiplicity:1.00
0.001	0.001	0.997	0.001
0.783	0.001	0.001	0.215
0.001	0.001	0.001	0.997
0.001	0.001	0.001	0.997
0.001	0.001	0.997	0.001
0.001	0.001	0.997	0.001
0.001	0.001	0.001	0.997
0.001	0.997	0.001	0.001
0.001	0.001	0.997	0.001
0.001	0.833	0.165	0.001
>AVTYCTAGAG	18-AVTYCTAGAG	7.326329	-16.464798	0	T:58.0(3.34%),B:721.7(1.53%),P:1e-7	Tpos:406.5,Tstd:286.2,Bpos:254.1,Bstd:138.1,StrandBias:-0.6,Multiplicity:1.30
0.660	0.251	0.016	0.073
0.424	0.274	0.291	0.011
0.271	0.024	0.082	0.623
0.001	0.358	0.170	0.471
0.064	0.621	0.208	0.107
0.092	0.008	0.317	0.583
0.533	0.173	0.015	0.279
0.014	0.043	0.683	0.260
0.840	0.055	0.032	0.073
0.196	0.179	0.476	0.150
>TGGGGTGTAT	19-TGGGGTGTAT	11.139000	-13.269574	0	T:18.0(1.04%),B:125.3(0.27%),P:1e-5	Tpos:312.6,Tstd:310.6,Bpos:238.5,Bstd:134.9,StrandBias:0.3,Multiplicity:1.39
0.001	0.001	0.001	0.997
0.001	0.001	0.997	0.001
0.261	0.001	0.737	0.001
0.001	0.040	0.958	0.001
0.001	0.001	0.997	0.001
0.001	0.001	0.001	0.997
0.001	0.001	0.997	0.001
0.268	0.001	0.001	0.730
0.997	0.001	0.001	0.001
0.001	0.001	0.001	0.997
>TGTGTGTGTG	20-TGTGTGTGTG	9.164037	-12.211349	0	T:128.0(7.36%),B:2307.5(4.90%),P:1e-5	Tpos:265.4,Tstd:206.2,Bpos:240.2,Bstd:156.8,StrandBias:-0.5,Multiplicity:1.14
0.028	0.040	0.159	0.773
0.023	0.044	0.792	0.141
0.021	0.028	0.065	0.886
0.001	0.019	0.613	0.367
0.164	0.135	0.032	0.669
0.038	0.001	0.933	0.028
0.011	0.051	0.044	0.894
0.124	0.011	0.817	0.048
0.155	0.001	0.311	0.533
0.151	0.106	0.633	0.110
>GCTCAGTGAT	21-GCTCAGTGAT	10.756788	-5.364072	0	T:8.0(0.46%),B:69.2(0.15%),P:1e-2	Tpos:193.2,Tstd:155.6,Bpos:225.5,Bstd:138.4,StrandBias:3.1,Multiplicity:2.38
0.001	0.001	0.997	0.001
0.001	0.997	0.001	0.001
0.001	0.001	0.001	0.997
0.001	0.997	0.001	0.001
0.952	0.001	0.046	0.001
0.001	0.001	0.997	0.001
0.001	0.001	0.001	0.997
0.001	0.001	0.997	0.001
0.997	0.001	0.001	0.001
0.001	0.001	0.001	0.997
>ACAGGAAGTGGT	1-ACAGGAAGTGGT	7.260159	-126.739888	0	T:455.0(26.18%),B:5779.7(12.27%),P:1e-55	Tpos:292.9,Tstd:243.1,Bpos:241.5,Bstd:143.5,StrandBias:0.1,Multiplicity:1.20
0.683	0.098	0.123	0.096
0.105	0.731	0.095	0.069
0.829	0.051	0.036	0.084
0.069	0.023	0.843	0.065
0.089	0.070	0.770	0.071
0.785	0.079	0.086	0.050
0.744	0.054	0.077	0.125
0.138	0.067	0.758	0.037
0.080	0.100	0.102	0.718
0.089	0.049	0.764	0.098
0.098	0.107	0.670	0.125
0.103	0.104	0.090	0.703
>GAAAGTGAAAGY	2-GAAAGTGAAAGY	8.322348	-100.789381	0	T:274.0(15.77%),B:2932.1(6.22%),P:1e-43	Tpos:309.1,Tstd:256.1,Bpos:246.8,Bstd:146.9,StrandBias:-0.2,Multiplicity:1.15
0.233	0.093	0.624	0.050
0.843	0.039	0.117	0.001
0.883	0.012	0.091	0.014
0.771	0.001	0.100	0.128
0.112	0.224	0.627	0.037
0.051	0.080	0.067	0.802
0.055	0.040	0.850	0.055
0.859	0.014	0.053	0.074
0.864	0.014	0.121	0.001
0.882	0.014	0.096	0.008
0.090	0.153	0.749	0.008
0.150	0.337	0.115	0.397
>KAAACCACAGAC	3-KAAACCACAGAC	8.179883	-100.566938	0	T:338.0(19.45%),B:4083.9(8.67%),P:1e-43	Tpos:313.8,Tstd:271.9,Bpos:242.8,Bstd:147.5,StrandBias:0.1,Multiplicity:1.15
0.208	0.200	0.235	0.358
0.517	0.158	0.179	0.146
0.731	0.078	0.129	0.062
0.936	0.001	0.046	0.017
0.063	0.831	0.105	0.001
0.001	0.997	0.001	0.001
0.773	0.137	0.001	0.089
0.001	0.985	0.013	0.001
0.997	0.001	0.001	0.001
0.317	0.191	0.491	0.001
0.621	0.100	0.120	0.159
0.226	0.501	0.211	0.062
>ACADGAAACCAC	4-ACADGAAACCAC	7.933078	-98.094244	0	T:362.0(20.83%),B:4587.6(9.74%),P:1e-42	Tpos:310.6,Tstd:257.6,Bpos:239.4,Bstd:147.6,StrandBias:-0.1,Multiplicity:1.16
0.662	0.242	0.022	0.074
0.294	0.547	0.132	0.027
0.526	0.316	0.001	0.157
0.306	0.105	0.356	0.233
0.206	0.205	0.588	0.001
0.925	0.001	0.001	0.073
0.997	0.001	0.001	0.001
0.841	0.011	0.147	0.001
0.009	0.805	0.071	0.115
0.001	0.948	0.001	0.050
0.740	0.111	0.022	0.127
0.184	0.719	0.091	0.006
>NVTGASTCABVA	5-NVTGASTCABVA	9.176408	-61.660974	0	T:168.0(9.67%),B:1780.7(3.78%),P:1e-26	Tpos:301.0,Tstd:268.4,Bpos:243.7,Bstd:142.1,StrandBias:-0.1,Multiplicity:1.09
0.314	0.182	0.213	0.291
0.380	0.253	0.321	0.045
0.001	0.001	0.001	0.997
0.001	0.001	0.997	0.001
0.997	0.001	0.001	0.001
0.068	0.409	0.522	0.001
0.074	0.001	0.001	0.924
0.001	0.997	0.001	0.001
0.997	0.001	0.001	0.001
0.027	0.338	0.326	0.309
0.356	0.248	0.291	0.106
0.396	0.200	0.195	0.209
>DGGGGAAKYCCC	6-DGGGGAAKYCCC	8.937314	-60.330046	0	T:136.0(7.83%),B:1281.8(2.72%),P:1e-26	Tpos:273.4,Tstd:209.1,Bpos:236.6,Bstd:139.7,StrandBias:-0.1,Multiplicity:1.05
0.365	0.129	0.225	0.281
0.126	0.108	0.765	0.001
0.001	0.001	0.923	0.075
0.001	0.001	0.997	0.001
0.281	0.001	0.717	0.001
0.584	0.235	0.180	0.001
0.468	0.227	0.001	0.304
0.088	0.124	0.377	0.411
0.001	0.428	0.001	0.570
0.001	0.997	0.001	0.001
0.001	0.997	0.001	0.001
0.047	0.951	0.001	0.001
>AGGAAGGAAGCG	7-AGGAAGGAAGCG	11.778430	-40.821735	0	T:44.0(2.53%),B:224.6(0.48%),P:1e-17	Tpos:284.6,Tstd:212.6,Bpos:246.9,Bstd:147.8,StrandBias:0.1,Multiplicity:1.00
0.831	0.001	0.167	0.001
0.001	0.001	0.997	0.001
0.262	0.001	0.629	0.108
0.677	0.321	0.001	0.001
0.997	0.001	0.001	0.001
0.001	0.001	0.997	0.001
0.001	0.086	0.912	0.001
0.781	0.001	0.217	0.001
0.997	0.001	0.001	0.001
0.226	0.001	0.772	0.001
0.001	0.933	0.001	0.065
0.074	0.001	0.622	0.303
>GCCACYAGGGGG	8-GCCACYAGGGGG	11.111786	-40.311102	0	T:47.0(2.70%),B:260.4(0.55%),P:1e-17	Tpos:252.0,Tstd:153.1,Bpos:244.3,Bstd:149.4,StrandBias:-0.6,Multiplicity:1.00
0.287	0.001	0.589	0.123
0.001	0.843	0.155	0.001
0.001	0.997	0.001	0.001
0.926	0.001	0.001	0.072
0.001	0.928	0.070	0.001
0.176	0.355	0.001	0.467
0.997	0.001	0.001	0.001
0.001	0.072	0.926	0.001
0.093	0.001	0.856	0.050
0.019	0.001	0.760	0.220
0.076	0.001	0.922	0.001
0.109	0.001	0.817	0.073
>GGAGGGAGGGGC	9-GGAGGGAGGGGC	8.739978	-38.884485	0	T:332.0(19.10%),B:5654.5(12.00%),P:1e-16	Tpos:346.0,Tstd:301.7,Bpos:245.6,Bstd:143.5,StrandBias:0.0,Multiplicity:1.29
0.098	0.056	0.752	0.094
0.131	0.077	0.709	0.083
0.652	0.093	0.141	0.114
0.136	0.001	0.823	0.040
0.103	0.070	0.825	0.002
0.088	0.111	0.800	0.001
0.681	0.116	0.125	0.078
0.069	0.035	0.819	0.077
0.048	0.085	0.772	0.095
0.091	0.089	0.750	0.070
0.071	0.116	0.733	0.080
0.115	0.685	0.112	0.088
>CACTTCCTCCCA	10-CACTTCCTCCCA	10.589678	-35.771692	0	T:57.0(3.28%),B:421.6(0.89%),P:1e-15	Tpos:318.5,Tstd:410.3,Bpos:232.8,Bstd:139.9,StrandBias:0.4,Multiplicity:1.15
0.001	0.997	0.001	0.001
0.898	0.100	0.001	0.001
0.163	0.767	0.001	0.069
0.271	0.040	0.001	0.688
0.001	0.001	0.218	0.780
0.092	0.811	0.001	0.096
0.053	0.813	0.133	0.001
0.094	0.001	0.001	0.904
0.053	0.893	0.053	0.001
0.084	0.849	0.066	0.001
0.279	0.610	0.001	0.110
0.997	0.001	0.001	0.001
>AAGTACTGRAAA	11-AAGTACTGRAAA	12.116978	-30.873355	0	T:20.0(1.15%),B:53.6(0.11%),P:1e-13	Tpos:213.4,Tstd:127.4,Bpos:246.6,Bstd:167.0,StrandBias:-0.2,Multiplicity:1.00
0.864	0.134	0.001	0.001
0.997	0.001	0.001	0.001
0.001	0.001	0.997	0.001
0.001	0.084	0.120	0.795
0.915	0.001	0.001	0.083
0.106	0.892	0.001	0.001
0.197	0.001	0.001	0.801
0.001	0.284	0.714	0.001
0.540	0.001	0.458	0.001
0.826	0.172	0.001	0.001
0.997	0.001	0.001	0.001
0.601	0.001	0.001	0.397
>ACAGGAAACAGA	12-ACAGGAAACAGA	11.970776	-30.121352	0	T:35.0(2.01%),B:196.8(0.42%),P:1e-13	Tpos:267.1,Tstd:229.4,Bpos:254.1,Bstd:137.0,StrandBias:-0.2,Multiplicity:1.03
0.963	0.035	0.001	0.001
0.001	0.967	0.031	0.001
0.997	0.001	0.001	0.001
0.001	0.001	0.917	0.081
0.030	0.036	0.869	0.065
0.997	0.001	0.001	0.001
0.917	0.001	0.001	0.081
0.877	0.001	0.121	0.001
0.050	0.917	0.032	0.001
0.997	0.001	0.001	0.001
0.038	0.043	0.918	0.001
0.745	0.253	0.001	0.001
>CCGTGACGTCAC	13-CCGTGACGTCAC	7.757705	-27.490033	0	T:129.0(7.42%),B:1784.9(3.79%),P:1e-11	Tpos:292.4,Tstd:208.5,Bpos:242.5,Bstd:155.1,StrandBias:-0.3,Multiplicity:1.11
0.078	0.809	0.071	0.042
0.078	0.680	0.081	0.161
0.107	0.172	0.625	0.096
0.086	0.064	0.092	0.758
0.030	0.086	0.864	0.020
0.765	0.084	0.094	0.057
0.109	0.696	0.093	0.102
0.110	0.124	0.627	0.139
0.071	0.076	0.072	0.781
0.056	0.835	0.070	0.039
0.784	0.102	0.033	0.081
0.043	0.778	0.117	0.062
>CTTTCAGTTTCT	14-CTTTCAGTTTCT	8.758582	-25.277075	0	T:136.0(7.83%),B:1984.1(4.21%),P:1e-10	Tpos:287.5,Tstd:229.3,Bpos:248.0,Bstd:144.0,StrandBias:0.2,Multiplicity:1.04
0.215	0.621	0.105	0.059
0.119	0.001	0.119	0.761
0.238	0.001	0.173	0.588
0.001	0.046	0.001	0.952
0.001	0.906	0.092	0.001
0.816	0.001	0.034	0.149
0.095	0.001	0.852	0.052
0.001	0.040	0.001	0.958
0.081	0.076	0.001	0.842
0.119	0.100	0.001	0.780
0.001	0.997	0.001	0.001
0.081	0.001	0.001	0.917
>ARCTAACGATTG	15-ARCTAACGATTG	10.413014	-22.703542	0	T:13.0(0.75%),B:29.7(0.06%),P:1e-9	Tpos:277.2,Tstd:205.3,Bpos:246.9,Bstd:153.6,StrandBias:-0.2,Multiplicity:1.00
0.523	0.001	0.317	0.159
0.479	0.001	0.519	0.001
0.001	0.658	0.340	0.001
0.040	0.320	0.001	0.639
0.520	0.001	0.320	0.159
0.817	0.001	0.001	0.181
0.001	0.997	0.001	0.001
0.001	0.001	0.997	0.001
0.997	0.001	0.001	0.001
0.001	0.001	0.158	0.840
0.159	0.003	0.001	0.837
0.001	0.001	0.997	0.001
>RCWGTGASAYCT	16-RCWGTGASAYCT	10.090859	-21.727655	0	T:25.0(1.44%),B:143.0(0.30%),P:1e-9	Tpos:276.7,Tstd:161.0,Bpos:228.2,Bstd:135.3,StrandBias:0.8,Multiplicity:1.20
0.458	0.178	0.311	0.052
0.340	0.626	0.018	0.016
0.463	0.001	0.013	0.523
0.001	0.200	0.618	0.181
0.045	0.001	0.029	0.925
0.160	0.292	0.547	0.001
0.763	0.009	0.181	0.047
0.180	0.229	0.372	0.219
0.564	0.379	0.037	0.020
0.061	0.402	0.030	0.507
0.011	0.931	0.014	0.044
0.009	0.009	0.001	0.981
>ACACACCTCCTC	17-ACACACCTCCTC	8.463612	-10.763420	0	T:165.0(9.49%),B:3231.4(6.86%),P:1e-4	Tpos:271.1,Tstd:224.8,Bpos:242.1,Bstd:142.9,StrandBias:0.3,Multiplicity:1.09
0.700	0.100	0.100	0.100
0.100	0.700	0.100	0.100
0.700	0.100	0.100	0.100
0.100	0.700	0.100	0.100
0.700	0.100	0.100	0.100
0.100	0.700	0.100	0.100
0.100	0.700	0.100	0.100
0.100	0.100	0.100	0.700
0.100	0.700	0.100	0.100
0.100	0.700	0.100	0.100
0.100	0.100	0.100	0.700
0.100	0.700	0.100	0.100
>GGCTCAGTGATG	18-GGCTCAGTGATG	10.436772	-9.112336	0	T:37.0(2.13%),B:507.0(1.08%),P:1e-3	Tpos:365.9,Tstd:345.0,Bpos:242.3,Bstd:140.2,StrandBias:0.5,Multiplicity:1.00
0.155	0.001	0.770	0.074
0.001	0.198	0.800	0.001
0.073	0.925	0.001	0.001
0.058	0.001	0.001	0.940
0.074	0.593	0.259	0.074
0.886	0.001	0.001	0.112
0.295	0.001	0.703	0.001
0.001	0.001	0.001	0.997
0.001	0.219	0.730	0.050
0.497	0.229	0.273	0.001
0.241	0.001	0.001	0.757
0.001	0.001	0.997	0.001
>AGCTCTAGGACT	19-AGCTCTAGGACT	14.818690	-8.479723	0	T:3.0(0.17%),B:3.7(0.01%),P:1e-3	Tpos:499.8,Tstd:229.1,Bpos:203.8,Bstd:94.9,StrandBias:10.0,Multiplicity:3.00
0.997	0.001	0.001	0.001
0.001	0.001	0.997	0.001
0.168	0.830	0.001	0.001
0.001	0.001	0.001	0.997
0.001	0.997	0.001	0.001
0.001	0.001	0.001	0.997
0.997	0.001	0.001	0.001
0.001	0.001	0.997	0.001
0.001	0.001	0.997	0.001
0.997	0.001	0.001	0.001
0.001	0.997	0.001	0.001
0.001	0.001	0.001	0.997
>CCTGAGGTGAAT	20-CCTGAGGTGAAT	12.355432	-7.317878	0	T:2.0(0.12%),B:1.6(0.00%),P:1e-3	Tpos:181.2,Tstd:97.2,Bpos:359.0,Bstd:0.0,StrandBias:2.8,Multiplicity:4.00
0.100	0.700	0.100	0.100
0.100	0.700	0.100	0.100
0.100	0.100	0.100	0.700
0.100	0.100	0.700	0.100
0.700	0.100	0.100	0.100
0.100	0.100	0.700	0.100
0.100	0.100	0.700	0.100
0.100	0.100	0.100	0.700
0.100	0.100	0.700	0.100
0.700	0.100	0.100	0.100
0.700	0.100	0.100	0.100
0.100	0.100	0.100	0.700
>TGGCTCAGTGAT	21-TGGCTCAGTGAT	8.463612	-5.807151	0	T:109.0(6.27%),B:2253.2(4.78%),P:1e-2	Tpos:336.3,Tstd:288.8,Bpos:238.7,Bstd:139.1,StrandBias:-0.0,Multiplicity:1.18
0.100	0.100	0.100	0.700
0.100	0.100	0.700	0.100
0.100	0.100	0.700	0.100
0.100	0.700	0.100	0.100
0.100	0.100	0.100	0.700
0.100	0.700	0.100	0.100
0.700	0.100	0.100	0.100
0.100	0.100	0.700	0.100
0.100	0.100	0.100	0.700
0.100	0.100	0.700	0.100
0.700	0.100	0.100	0.100
0.100	0.100	0.100	0.700
>CTCTTCAGAGTG	22-CTCTTCAGAGTG	10.409522	-4.446739	0	T:15.0(0.86%),B:208.0(0.44%),P:1e-1	Tpos:240.3,Tstd:227.2,Bpos:243.8,Bstd:144.5,StrandBias:0.5,Multiplicity:1.36
0.100	0.700	0.100	0.100
0.100	0.100	0.100	0.700
0.100	0.700	0.100	0.100
0.100	0.100	0.100	0.700
0.100	0.100	0.100	0.700
0.100	0.700	0.100	0.100
0.700	0.100	0.100	0.100
0.100	0.100	0.700	0.100
0.700	0.100	0.100	0.100
0.100	0.100	0.700	0.100
0.100	0.100	0.100	0.700
0.100	0.100	0.700	0.100
>CCCCAGTGACAC	23-CCCCAGTGACAC	14.801857	-4.352763	0	T:3.0(0.17%),B:13.2(0.03%),P:1e-1	Tpos:121.8,Tstd:60.3,Bpos:183.7,Bstd:124.9,StrandBias:10.0,Multiplicity:3.00
0.001	0.818	0.001	0.180
0.001	0.997	0.001	0.001
0.083	0.915	0.001	0.001
0.001	0.997	0.001	0.001
0.997	0.001	0.001	0.001
0.001	0.001	0.997	0.001
0.001	0.001	0.001	0.997
0.001	0.001	0.997	0.001
0.997	0.001	0.001	0.001
0.001	0.997	0.001	0.001
0.997	0.001	0.001	0.001
0.001	0.997	0.001	0.001
>CTAGAAGTCTGT	24-CTAGAAGTCTGT	14.818690	-4.196354	0	T:2.0(0.12%),B:5.1(0.01%),P:1e-1	Tpos:541.1,Tstd:171.1,Bpos:84.1,Bstd:60.8,StrandBias:10.0,Multiplicity:5.00
0.001	0.997	0.001	0.001
0.001	0.001	0.001	0.997
0.997	0.001	0.001	0.001
0.001	0.001	0.997	0.001
0.997	0.001	0.001	0.001
0.997	0.001	0.001	0.001
0.001	0.001	0.997	0.001
0.001	0.168	0.001	0.830
0.001	0.997	0.001	0.001
0.001	0.001	0.001	0.997
0.001	0.001	0.997	0.001
0.001	0.001	0.001	0.997
>GCTGCAGTACAT	25-GCTGCAGTACAT	12.355432	-2.643310	0	T:1.0(0.06%),B:2.5(0.01%),P:1e-1	Tpos:136.0,Tstd:79.2,Bpos:131.0,Bstd:0.0,StrandBias:10.0,Multiplicity:5.00
0.100	0.100	0.700	0.100
0.100	0.700	0.100	0.100
0.100	0.100	0.100	0.700
0.100	0.100	0.700	0.100
0.100	0.700	0.100	0.100
0.700	0.100	0.100	0.100
0.100	0.100	0.700	0.100
0.100	0.100	0.100	0.700
0.700	0.100	0.100	0.100
0.100	0.700	0.100	0.100
0.700	0.100	0.100	0.100
0.100	0.100	0.100	0.700
>AAACCACA	1-AAACCACA	7.830571	-122.389699	0	T:409.0(23.53%),B:4983.0(10.58%),P:1e-53	Tpos:302.1,Tstd:238.0,Bpos:240.9,Bstd:146.8,StrandBias:-0.1,Multiplicity:1.22
0.731	0.061	0.035	0.173
0.949	0.001	0.041	0.009
0.876	0.036	0.087	0.001
0.001	0.997	0.001	0.001
0.001	0.997	0.001	0.001
0.861	0.035	0.035	0.069
0.001	0.997	0.001	0.001
0.924	0.025	0.007	0.044
>CACTTCCT	2-CACTTCCT	8.473044	-117.080129	0	T:411.0(23.65%),B:5128.1(10.88%),P:1e-50	Tpos:292.1,Tstd:244.2,Bpos:241.9,Bstd:145.0,StrandBias:0.1,Multiplicity:1.17
0.110	0.888	0.001	0.001
0.997	0.001	0.001	0.001
0.001	0.997	0.001	0.001
0.211	0.001	0.001	0.787
0.001	0.001	0.001	0.997
0.001	0.856	0.001	0.142
0.001	0.997	0.001	0.001
0.001	0.001	0.001	0.997
>CGCTTCCT	3-CGCTTCCT	6.292534	-78.531641	0	T:733.0(42.17%),B:13370.5(28.38%),P:1e-34	Tpos:325.9,Tstd:277.8,Bpos:240.7,Bstd:146.8,StrandBias:0.2,Multiplicity:1.33
0.105	0.670	0.125	0.100
0.172	0.101	0.709	0.018
0.015	0.702	0.040	0.243
0.071	0.147	0.059	0.723
0.080	0.106	0.053	0.761
0.063	0.814	0.043	0.080
0.048	0.878	0.050	0.024
0.066	0.056	0.129	0.749
>TGASTCAT	4-TGASTCAT	9.839105	-60.650978	0	T:125.0(7.19%),B:1108.6(2.35%),P:1e-26	Tpos:308.3,Tstd:276.2,Bpos:243.0,Bstd:140.1,StrandBias:-0.2,Multiplicity:1.08
0.001	0.001	0.001	0.997
0.001	0.001	0.997	0.001
0.989	0.009	0.001	0.001
0.001	0.443	0.555	0.001
0.001	0.001	0.001	0.997
0.001	0.997	0.001	0.001
0.997	0.001	0.001	0.001
0.001	0.099	0.237	0.663
>ACCACAAG	5-ACCACAAG	7.968194	-56.318060	0	T:273.0(15.71%),B:3840.7(8.15%),P:1e-24	Tpos:277.8,Tstd:203.2,Bpos:241.8,Bstd:147.2,StrandBias:-0.1,Multiplicity:1.06
0.602	0.001	0.396	0.001
0.001	0.997	0.001	0.001
0.001	0.818	0.051	0.130
0.960	0.001	0.001	0.038
0.001	0.997	0.001	0.001
0.686	0.001	0.057	0.256
0.901	0.001	0.001	0.097
0.380	0.001	0.618	0.001
>GTGAAACC	6-GTGAAACC	6.171857	-54.567538	0	T:447.0(25.72%),B:7609.3(16.15%),P:1e-23	Tpos:299.8,Tstd:240.3,Bpos:239.5,Bstd:150.0,StrandBias:-0.4,Multiplicity:1.18
0.044	0.055	0.821	0.080
0.001	0.017	0.001	0.981
0.016	0.080	0.823	0.081
0.871	0.066	0.037	0.026
0.997	0.001	0.001	0.001
0.997	0.001	0.001	0.001
0.155	0.690	0.081	0.074
0.063	0.835	0.018	0.084
>TGAGTAAC	7-TGAGTAAC	6.928209	-52.040066	0	T:385.0(22.15%),B:6326.0(13.43%),P:1e-22	Tpos:309.6,Tstd:257.8,Bpos:243.8,Bstd:147.9,StrandBias:-0.0,Multiplicity:1.13
0.064	0.015	0.001	0.920
0.001	0.001	0.997	0.001
0.935	0.001	0.040	0.024
0.001	0.048	0.922	0.029
0.060	0.076	0.001	0.863
0.734	0.135	0.105	0.026
0.997	0.001	0.001	0.001
0.072	0.729	0.001	0.198
>CTWYCGMT	8-CTWYCGMT	2.748180	-48.615423	0	T:210.0(12.08%),B:2804.7(5.95%),P:1e-21	Tpos:299.1,Tstd:214.6,Bpos:243.2,Bstd:154.5,StrandBias:-0.0,Multiplicity:1.08
0.001	0.997	0.001	0.001
0.001	0.001	0.001	0.997
0.442	0.001	0.001	0.556
0.001	0.465	0.001	0.533
0.001	0.997	0.001	0.001
0.001	0.001	0.997	0.001
0.435	0.410	0.033	0.122
0.001	0.001	0.001	0.997
>AGGAAACT	9-AGGAAACT	6.761785	-44.633418	0	T:304.0(17.49%),B:4834.0(10.26%),P:1e-19	Tpos:299.5,Tstd:235.5,Bpos:244.0,Bstd:145.9,StrandBias:0.1,Multiplicity:1.12
0.883	0.115	0.001	0.001
0.001	0.001	0.848	0.150
0.001	0.001	0.997	0.001
0.997	0.001	0.001	0.001
0.997	0.001	0.001	0.001
0.997	0.001	0.001	0.001
0.001	0.997	0.001	0.001
0.001	0.222	0.001	0.776
>DAGCGGAA	10-DAGCGGAA	7.710375	-32.134268	0	T:266.0(15.30%),B:4472.7(9.49%),P:1e-13	Tpos:343.5,Tstd:282.4,Bpos:237.5,Bstd:146.0,StrandBias:0.0,Multiplicity:1.07
0.266	0.137	0.352	0.244
0.997	0.001	0.001	0.001
0.173	0.001	0.825	0.001
0.001	0.656	0.342	0.001
0.001	0.001	0.997	0.001
0.079	0.058	0.862	0.001
0.888	0.110	0.001	0.001
0.650	0.001	0.001	0.348
>ACTCTCAC	11-ACTCTCAC	7.485390	-31.121898	0	T:247.0(14.21%),B:4099.9(8.70%),P:1e-13	Tpos:308.6,Tstd:280.0,Bpos:240.0,Bstd:147.0,StrandBias:-0.2,Multiplicity:1.10
0.890	0.108	0.001	0.001
0.001	0.702	0.296	0.001
0.001	0.001	0.205	0.793
0.001	0.843	0.001	0.155
0.016	0.001	0.081	0.902
0.001	0.856	0.022	0.121
0.779	0.005	0.215	0.001
0.031	0.930	0.001	0.038
>GGGGGGGG	12-GGGGGGGG	7.845909	-30.593810	0	T:555.0(31.93%),B:11324.9(24.04%),P:1e-13	Tpos:343.6,Tstd:298.4,Bpos:241.6,Bstd:147.3,StrandBias:0.0,Multiplicity:1.73
0.001	0.001	0.997	0.001
0.027	0.001	0.971	0.001
0.103	0.001	0.895	0.001
0.184	0.165	0.577	0.074
0.084	0.147	0.768	0.001
0.085	0.078	0.836	0.001
0.001	0.048	0.950	0.001
0.001	0.001	0.997	0.001
>CTGYGGTG	13-CTGYGGTG	7.320024	-28.642634	0	T:371.0(21.35%),B:7009.4(14.88%),P:1e-12	Tpos:291.9,Tstd:251.9,Bpos:240.0,Bstd:147.4,StrandBias:-0.1,Multiplicity:1.17
0.356	0.552	0.001	0.091
0.201	0.001	0.026	0.772
0.042	0.001	0.883	0.074
0.205	0.294	0.091	0.410
0.001	0.090	0.908	0.001
0.001	0.001	0.997	0.001
0.001	0.081	0.001	0.917
0.139	0.279	0.581	0.001
>GGGYGTGT	14-GGGYGTGT	7.598237	-22.316209	0	T:211.0(12.14%),B:3675.3(7.80%),P:1e-9	Tpos:327.5,Tstd:275.4,Bpos:240.1,Bstd:155.0,StrandBias:0.2,Multiplicity:1.13
0.001	0.001	0.997	0.001
0.001	0.001	0.997	0.001
0.001	0.001	0.997	0.001
0.001	0.516	0.001	0.482
0.001	0.001	0.997	0.001
0.001	0.001	0.098	0.900
0.001	0.001	0.997	0.001
0.001	0.387	0.001	0.611
>ACGTCATA	15-ACGTCATA	6.985821	-22.124890	0	T:145.0(8.34%),B:2268.0(4.81%),P:1e-9	Tpos:307.1,Tstd:251.2,Bpos:237.9,Bstd:146.4,StrandBias:0.2,Multiplicity:1.08
0.897	0.001	0.001	0.101
0.001	0.997	0.001	0.001
0.220	0.001	0.778	0.001
0.001	0.027	0.001	0.971
0.056	0.900	0.001	0.043
0.986	0.001	0.012	0.001
0.001	0.045	0.184	0.770
0.748	0.083	0.123	0.046
