>ACAGGAAGTGGT	1-ACAGGAAGTGGT	7.260159	-126.739888	0	T:455.0(26.18%),B:5779.7(12.27%),P:1e-55	Tpos:292.9,Tstd:243.1,Bpos:241.5,Bstd:143.5,StrandBias:0.1,Multiplicity:1.20
0.683	0.098	0.123	0.096
0.105	0.731	0.095	0.069
0.829	0.051	0.036	0.084
0.069	0.023	0.843	0.065
0.089	0.070	0.770	0.071
0.785	0.079	0.086	0.050
0.744	0.054	0.077	0.125
0.138	0.067	0.758	0.037
0.080	0.100	0.102	0.718
0.089	0.049	0.764	0.098
0.098	0.107	0.670	0.125
0.103	0.104	0.090	0.703
>GAAAGTGAAAGY	2-GAAAGTGAAAGY	8.322348	-100.789381	0	T:274.0(15.77%),B:2932.1(6.22%),P:1e-43	Tpos:309.1,Tstd:256.1,Bpos:246.8,Bstd:146.9,StrandBias:-0.2,Multiplicity:1.15
0.233	0.093	0.624	0.050
0.843	0.039	0.117	0.001
0.883	0.012	0.091	0.014
0.771	0.001	0.100	0.128
0.112	0.224	0.627	0.037
0.051	0.080	0.067	0.802
0.055	0.040	0.850	0.055
0.859	0.014	0.053	0.074
0.864	0.014	0.121	0.001
0.882	0.014	0.096	0.008
0.090	0.153	0.749	0.008
0.150	0.337	0.115	0.397
>KAAACCACAGAC	3-KAAACCACAGAC	8.179883	-100.566938	0	T:338.0(19.45%),B:4083.9(8.67%),P:1e-43	Tpos:313.8,Tstd:271.9,Bpos:242.8,Bstd:147.5,StrandBias:0.1,Multiplicity:1.15
0.208	0.200	0.235	0.358
0.517	0.158	0.179	0.146
0.731	0.078	0.129	0.062
0.936	0.001	0.046	0.017
0.063	0.831	0.105	0.001
0.001	0.997	0.001	0.001
0.773	0.137	0.001	0.089
0.001	0.985	0.013	0.001
0.997	0.001	0.001	0.001
0.317	0.191	0.491	0.001
0.621	0.100	0.120	0.159
0.226	0.501	0.211	0.062
>ACADGAAACCAC	4-ACADGAAACCAC	7.933078	-98.094244	0	T:362.0(20.83%),B:4587.6(9.74%),P:1e-42	Tpos:310.6,Tstd:257.6,Bpos:239.4,Bstd:147.6,StrandBias:-0.1,Multiplicity:1.16
0.662	0.242	0.022	0.074
0.294	0.547	0.132	0.027
0.526	0.316	0.001	0.157
0.306	0.105	0.356	0.233
0.206	0.205	0.588	0.001
0.925	0.001	0.001	0.073
0.997	0.001	0.001	0.001
0.841	0.011	0.147	0.001
0.009	0.805	0.071	0.115
0.001	0.948	0.001	0.050
0.740	0.111	0.022	0.127
0.184	0.719	0.091	0.006
>NVTGASTCABVA	5-NVTGASTCABVA	9.176408	-61.660974	0	T:168.0(9.67%),B:1780.7(3.78%),P:1e-26	Tpos:301.0,Tstd:268.4,Bpos:243.7,Bstd:142.1,StrandBias:-0.1,Multiplicity:1.09
0.314	0.182	0.213	0.291
0.380	0.253	0.321	0.045
0.001	0.001	0.001	0.997
0.001	0.001	0.997	0.001
0.997	0.001	0.001	0.001
0.068	0.409	0.522	0.001
0.074	0.001	0.001	0.924
0.001	0.997	0.001	0.001
0.997	0.001	0.001	0.001
0.027	0.338	0.326	0.309
0.356	0.248	0.291	0.106
0.396	0.200	0.195	0.209
>DGGGGAAKYCCC	6-DGGGGAAKYCCC	8.937314	-60.330046	0	T:136.0(7.83%),B:1281.8(2.72%),P:1e-26	Tpos:273.4,Tstd:209.1,Bpos:236.6,Bstd:139.7,StrandBias:-0.1,Multiplicity:1.05
0.365	0.129	0.225	0.281
0.126	0.108	0.765	0.001
0.001	0.001	0.923	0.075
0.001	0.001	0.997	0.001
0.281	0.001	0.717	0.001
0.584	0.235	0.180	0.001
0.468	0.227	0.001	0.304
0.088	0.124	0.377	0.411
0.001	0.428	0.001	0.570
0.001	0.997	0.001	0.001
0.001	0.997	0.001	0.001
0.047	0.951	0.001	0.001
>AGGAAGGAAGCG	7-AGGAAGGAAGCG	11.778430	-40.821735	0	T:44.0(2.53%),B:224.6(0.48%),P:1e-17	Tpos:284.6,Tstd:212.6,Bpos:246.9,Bstd:147.8,StrandBias:0.1,Multiplicity:1.00
0.831	0.001	0.167	0.001
0.001	0.001	0.997	0.001
0.262	0.001	0.629	0.108
0.677	0.321	0.001	0.001
0.997	0.001	0.001	0.001
0.001	0.001	0.997	0.001
0.001	0.086	0.912	0.001
0.781	0.001	0.217	0.001
0.997	0.001	0.001	0.001
0.226	0.001	0.772	0.001
0.001	0.933	0.001	0.065
0.074	0.001	0.622	0.303
>GCCACYAGGGGG	8-GCCACYAGGGGG	11.111786	-40.311102	0	T:47.0(2.70%),B:260.4(0.55%),P:1e-17	Tpos:252.0,Tstd:153.1,Bpos:244.3,Bstd:149.4,StrandBias:-0.6,Multiplicity:1.00
0.287	0.001	0.589	0.123
0.001	0.843	0.155	0.001
0.001	0.997	0.001	0.001
0.926	0.001	0.001	0.072
0.001	0.928	0.070	0.001
0.176	0.355	0.001	0.467
0.997	0.001	0.001	0.001
0.001	0.072	0.926	0.001
0.093	0.001	0.856	0.050
0.019	0.001	0.760	0.220
0.076	0.001	0.922	0.001
0.109	0.001	0.817	0.073
>GGAGGGAGGGGC	9-GGAGGGAGGGGC	8.739978	-38.884485	0	T:332.0(19.10%),B:5654.5(12.00%),P:1e-16	Tpos:346.0,Tstd:301.7,Bpos:245.6,Bstd:143.5,StrandBias:0.0,Multiplicity:1.29
0.098	0.056	0.752	0.094
0.131	0.077	0.709	0.083
0.652	0.093	0.141	0.114
0.136	0.001	0.823	0.040
0.103	0.070	0.825	0.002
0.088	0.111	0.800	0.001
0.681	0.116	0.125	0.078
0.069	0.035	0.819	0.077
0.048	0.085	0.772	0.095
0.091	0.089	0.750	0.070
0.071	0.116	0.733	0.080
0.115	0.685	0.112	0.088
>CACTTCCTCCCA	10-CACTTCCTCCCA	10.589678	-35.771692	0	T:57.0(3.28%),B:421.6(0.89%),P:1e-15	Tpos:318.5,Tstd:410.3,Bpos:232.8,Bstd:139.9,StrandBias:0.4,Multiplicity:1.15
0.001	0.997	0.001	0.001
0.898	0.100	0.001	0.001
0.163	0.767	0.001	0.069
0.271	0.040	0.001	0.688
0.001	0.001	0.218	0.780
0.092	0.811	0.001	0.096
0.053	0.813	0.133	0.001
0.094	0.001	0.001	0.904
0.053	0.893	0.053	0.001
0.084	0.849	0.066	0.001
0.279	0.610	0.001	0.110
0.997	0.001	0.001	0.001
>AAGTACTGRAAA	11-AAGTACTGRAAA	12.116978	-30.873355	0	T:20.0(1.15%),B:53.6(0.11%),P:1e-13	Tpos:213.4,Tstd:127.4,Bpos:246.6,Bstd:167.0,StrandBias:-0.2,Multiplicity:1.00
0.864	0.134	0.001	0.001
0.997	0.001	0.001	0.001
0.001	0.001	0.997	0.001
0.001	0.084	0.120	0.795
0.915	0.001	0.001	0.083
0.106	0.892	0.001	0.001
0.197	0.001	0.001	0.801
0.001	0.284	0.714	0.001
0.540	0.001	0.458	0.001
0.826	0.172	0.001	0.001
0.997	0.001	0.001	0.001
0.601	0.001	0.001	0.397
>ACAGGAAACAGA	12-ACAGGAAACAGA	11.970776	-30.121352	0	T:35.0(2.01%),B:196.8(0.42%),P:1e-13	Tpos:267.1,Tstd:229.4,Bpos:254.1,Bstd:137.0,StrandBias:-0.2,Multiplicity:1.03
0.963	0.035	0.001	0.001
0.001	0.967	0.031	0.001
0.997	0.001	0.001	0.001
0.001	0.001	0.917	0.081
0.030	0.036	0.869	0.065
0.997	0.001	0.001	0.001
0.917	0.001	0.001	0.081
0.877	0.001	0.121	0.001
0.050	0.917	0.032	0.001
0.997	0.001	0.001	0.001
0.038	0.043	0.918	0.001
0.745	0.253	0.001	0.001
>CCGTGACGTCAC	13-CCGTGACGTCAC	7.757705	-27.490033	0	T:129.0(7.42%),B:1784.9(3.79%),P:1e-11	Tpos:292.4,Tstd:208.5,Bpos:242.5,Bstd:155.1,StrandBias:-0.3,Multiplicity:1.11
0.078	0.809	0.071	0.042
0.078	0.680	0.081	0.161
0.107	0.172	0.625	0.096
0.086	0.064	0.092	0.758
0.030	0.086	0.864	0.020
0.765	0.084	0.094	0.057
0.109	0.696	0.093	0.102
0.110	0.124	0.627	0.139
0.071	0.076	0.072	0.781
0.056	0.835	0.070	0.039
0.784	0.102	0.033	0.081
0.043	0.778	0.117	0.062
>CTTTCAGTTTCT	14-CTTTCAGTTTCT	8.758582	-25.277075	0	T:136.0(7.83%),B:1984.1(4.21%),P:1e-10	Tpos:287.5,Tstd:229.3,Bpos:248.0,Bstd:144.0,StrandBias:0.2,Multiplicity:1.04
0.215	0.621	0.105	0.059
0.119	0.001	0.119	0.761
0.238	0.001	0.173	0.588
0.001	0.046	0.001	0.952
0.001	0.906	0.092	0.001
0.816	0.001	0.034	0.149
0.095	0.001	0.852	0.052
0.001	0.040	0.001	0.958
0.081	0.076	0.001	0.842
0.119	0.100	0.001	0.780
0.001	0.997	0.001	0.001
0.081	0.001	0.001	0.917
>ARCTAACGATTG	15-ARCTAACGATTG	10.413014	-22.703542	0	T:13.0(0.75%),B:29.7(0.06%),P:1e-9	Tpos:277.2,Tstd:205.3,Bpos:246.9,Bstd:153.6,StrandBias:-0.2,Multiplicity:1.00
0.523	0.001	0.317	0.159
0.479	0.001	0.519	0.001
0.001	0.658	0.340	0.001
0.040	0.320	0.001	0.639
0.520	0.001	0.320	0.159
0.817	0.001	0.001	0.181
0.001	0.997	0.001	0.001
0.001	0.001	0.997	0.001
0.997	0.001	0.001	0.001
0.001	0.001	0.158	0.840
0.159	0.003	0.001	0.837
0.001	0.001	0.997	0.001
>RCWGTGASAYCT	16-RCWGTGASAYCT	10.090859	-21.727655	0	T:25.0(1.44%),B:143.0(0.30%),P:1e-9	Tpos:276.7,Tstd:161.0,Bpos:228.2,Bstd:135.3,StrandBias:0.8,Multiplicity:1.20
0.458	0.178	0.311	0.052
0.340	0.626	0.018	0.016
0.463	0.001	0.013	0.523
0.001	0.200	0.618	0.181
0.045	0.001	0.029	0.925
0.160	0.292	0.547	0.001
0.763	0.009	0.181	0.047
0.180	0.229	0.372	0.219
0.564	0.379	0.037	0.020
0.061	0.402	0.030	0.507
0.011	0.931	0.014	0.044
0.009	0.009	0.001	0.981
>ACACACCTCCTC	17-ACACACCTCCTC	8.463612	-10.763420	0	T:165.0(9.49%),B:3231.4(6.86%),P:1e-4	Tpos:271.1,Tstd:224.8,Bpos:242.1,Bstd:142.9,StrandBias:0.3,Multiplicity:1.09
0.700	0.100	0.100	0.100
0.100	0.700	0.100	0.100
0.700	0.100	0.100	0.100
0.100	0.700	0.100	0.100
0.700	0.100	0.100	0.100
0.100	0.700	0.100	0.100
0.100	0.700	0.100	0.100
0.100	0.100	0.100	0.700
0.100	0.700	0.100	0.100
0.100	0.700	0.100	0.100
0.100	0.100	0.100	0.700
0.100	0.700	0.100	0.100
>GGCTCAGTGATG	18-GGCTCAGTGATG	10.436772	-9.112336	0	T:37.0(2.13%),B:507.0(1.08%),P:1e-3	Tpos:365.9,Tstd:345.0,Bpos:242.3,Bstd:140.2,StrandBias:0.5,Multiplicity:1.00
0.155	0.001	0.770	0.074
0.001	0.198	0.800	0.001
0.073	0.925	0.001	0.001
0.058	0.001	0.001	0.940
0.074	0.593	0.259	0.074
0.886	0.001	0.001	0.112
0.295	0.001	0.703	0.001
0.001	0.001	0.001	0.997
0.001	0.219	0.730	0.050
0.497	0.229	0.273	0.001
0.241	0.001	0.001	0.757
0.001	0.001	0.997	0.001
>AGCTCTAGGACT	19-AGCTCTAGGACT	14.818690	-8.479723	0	T:3.0(0.17%),B:3.7(0.01%),P:1e-3	Tpos:499.8,Tstd:229.1,Bpos:203.8,Bstd:94.9,StrandBias:10.0,Multiplicity:3.00
0.997	0.001	0.001	0.001
0.001	0.001	0.997	0.001
0.168	0.830	0.001	0.001
0.001	0.001	0.001	0.997
0.001	0.997	0.001	0.001
0.001	0.001	0.001	0.997
0.997	0.001	0.001	0.001
0.001	0.001	0.997	0.001
0.001	0.001	0.997	0.001
0.997	0.001	0.001	0.001
0.001	0.997	0.001	0.001
0.001	0.001	0.001	0.997
>CCTGAGGTGAAT	20-CCTGAGGTGAAT	12.355432	-7.317878	0	T:2.0(0.12%),B:1.6(0.00%),P:1e-3	Tpos:181.2,Tstd:97.2,Bpos:359.0,Bstd:0.0,StrandBias:2.8,Multiplicity:4.00
0.100	0.700	0.100	0.100
0.100	0.700	0.100	0.100
0.100	0.100	0.100	0.700
0.100	0.100	0.700	0.100
0.700	0.100	0.100	0.100
0.100	0.100	0.700	0.100
0.100	0.100	0.700	0.100
0.100	0.100	0.100	0.700
0.100	0.100	0.700	0.100
0.700	0.100	0.100	0.100
0.700	0.100	0.100	0.100
0.100	0.100	0.100	0.700
>TGGCTCAGTGAT	21-TGGCTCAGTGAT	8.463612	-5.807151	0	T:109.0(6.27%),B:2253.2(4.78%),P:1e-2	Tpos:336.3,Tstd:288.8,Bpos:238.7,Bstd:139.1,StrandBias:-0.0,Multiplicity:1.18
0.100	0.100	0.100	0.700
0.100	0.100	0.700	0.100
0.100	0.100	0.700	0.100
0.100	0.700	0.100	0.100
0.100	0.100	0.100	0.700
0.100	0.700	0.100	0.100
0.700	0.100	0.100	0.100
0.100	0.100	0.700	0.100
0.100	0.100	0.100	0.700
0.100	0.100	0.700	0.100
0.700	0.100	0.100	0.100
0.100	0.100	0.100	0.700
>CTCTTCAGAGTG	22-CTCTTCAGAGTG	10.409522	-4.446739	0	T:15.0(0.86%),B:208.0(0.44%),P:1e-1	Tpos:240.3,Tstd:227.2,Bpos:243.8,Bstd:144.5,StrandBias:0.5,Multiplicity:1.36
0.100	0.700	0.100	0.100
0.100	0.100	0.100	0.700
0.100	0.700	0.100	0.100
0.100	0.100	0.100	0.700
0.100	0.100	0.100	0.700
0.100	0.700	0.100	0.100
0.700	0.100	0.100	0.100
0.100	0.100	0.700	0.100
0.700	0.100	0.100	0.100
0.100	0.100	0.700	0.100
0.100	0.100	0.100	0.700
0.100	0.100	0.700	0.100
>CCCCAGTGACAC	23-CCCCAGTGACAC	14.801857	-4.352763	0	T:3.0(0.17%),B:13.2(0.03%),P:1e-1	Tpos:121.8,Tstd:60.3,Bpos:183.7,Bstd:124.9,StrandBias:10.0,Multiplicity:3.00
0.001	0.818	0.001	0.180
0.001	0.997	0.001	0.001
0.083	0.915	0.001	0.001
0.001	0.997	0.001	0.001
0.997	0.001	0.001	0.001
0.001	0.001	0.997	0.001
0.001	0.001	0.001	0.997
0.001	0.001	0.997	0.001
0.997	0.001	0.001	0.001
0.001	0.997	0.001	0.001
0.997	0.001	0.001	0.001
0.001	0.997	0.001	0.001
>CTAGAAGTCTGT	24-CTAGAAGTCTGT	14.818690	-4.196354	0	T:2.0(0.12%),B:5.1(0.01%),P:1e-1	Tpos:541.1,Tstd:171.1,Bpos:84.1,Bstd:60.8,StrandBias:10.0,Multiplicity:5.00
0.001	0.997	0.001	0.001
0.001	0.001	0.001	0.997
0.997	0.001	0.001	0.001
0.001	0.001	0.997	0.001
0.997	0.001	0.001	0.001
0.997	0.001	0.001	0.001
0.001	0.001	0.997	0.001
0.001	0.168	0.001	0.830
0.001	0.997	0.001	0.001
0.001	0.001	0.001	0.997
0.001	0.001	0.997	0.001
0.001	0.001	0.001	0.997
>GCTGCAGTACAT	25-GCTGCAGTACAT	12.355432	-2.643310	0	T:1.0(0.06%),B:2.5(0.01%),P:1e-1	Tpos:136.0,Tstd:79.2,Bpos:131.0,Bstd:0.0,StrandBias:10.0,Multiplicity:5.00
0.100	0.100	0.700	0.100
0.100	0.700	0.100	0.100
0.100	0.100	0.100	0.700
0.100	0.100	0.700	0.100
0.100	0.700	0.100	0.100
0.700	0.100	0.100	0.100
0.100	0.100	0.700	0.100
0.100	0.100	0.100	0.700
0.700	0.100	0.100	0.100
0.100	0.700	0.100	0.100
0.700	0.100	0.100	0.100
0.100	0.100	0.100	0.700
