>CACTTCCTGT	1-CACTTCCTGT	6.476576	-169.922567	0	T:672.0(38.67%),B:9269.3(19.67%),P:1e-73	Tpos:297.6,Tstd:242.9,Bpos:240.9,Bstd:145.3,StrandBias:0.2,Multiplicity:1.35
0.181	0.491	0.129	0.199
0.532	0.099	0.357	0.012
0.010	0.657	0.057	0.276
0.299	0.045	0.111	0.545
0.084	0.019	0.017	0.880
0.060	0.679	0.018	0.243
0.138	0.856	0.002	0.004
0.128	0.143	0.242	0.488
0.041	0.236	0.559	0.164
0.149	0.295	0.099	0.458
>TGTGGTTTNN	2-TGTGGTTTNN	7.162976	-128.491144	0	T:576.0(33.14%),B:8205.3(17.42%),P:1e-55	Tpos:310.8,Tstd:254.5,Bpos:241.4,Bstd:146.9,StrandBias:-0.0,Multiplicity:1.33
0.054	0.036	0.057	0.853
0.001	0.001	0.997	0.001
0.124	0.046	0.080	0.750
0.001	0.001	0.997	0.001
0.001	0.001	0.997	0.001
0.001	0.123	0.019	0.857
0.001	0.001	0.001	0.997
0.284	0.084	0.102	0.530
0.186	0.299	0.289	0.225
0.234	0.301	0.205	0.260
>TTTCACTTTC	3-TTTCACTTTC	8.963371	-70.675914	0	T:158.0(9.09%),B:1481.4(3.14%),P:1e-30	Tpos:308.2,Tstd:256.3,Bpos:245.1,Bstd:144.9,StrandBias:0.2,Multiplicity:1.08
0.001	0.034	0.005	0.960
0.001	0.056	0.001	0.942
0.044	0.024	0.001	0.931
0.035	0.925	0.001	0.039
0.997	0.001	0.001	0.001
0.035	0.680	0.251	0.034
0.001	0.011	0.001	0.987
0.001	0.030	0.002	0.967
0.001	0.001	0.001	0.997
0.027	0.850	0.025	0.098
>TGASTCATWN	4-TGASTCATWN	9.278338	-63.931707	0	T:159.0(9.15%),B:1595.8(3.39%),P:1e-27	Tpos:291.6,Tstd:238.6,Bpos:242.7,Bstd:140.2,StrandBias:-0.0,Multiplicity:1.09
0.001	0.001	0.001	0.997
0.001	0.001	0.963	0.035
0.997	0.001	0.001	0.001
0.001	0.514	0.484	0.001
0.001	0.001	0.001	0.997
0.001	0.997	0.001	0.001
0.997	0.001	0.001	0.001
0.001	0.042	0.292	0.665
0.361	0.168	0.187	0.284
0.319	0.232	0.249	0.199
>GGGGMWTTCC	5-GGGGMWTTCC	7.892576	-48.822263	0	T:231.0(13.29%),B:3207.6(6.81%),P:1e-21	Tpos:308.7,Tstd:261.7,Bpos:242.3,Bstd:139.9,StrandBias:0.0,Multiplicity:1.14
0.001	0.071	0.927	0.001
0.001	0.001	0.997	0.001
0.029	0.001	0.718	0.252
0.254	0.001	0.744	0.001
0.474	0.468	0.058	0.001
0.458	0.087	0.003	0.452
0.158	0.120	0.133	0.589
0.001	0.382	0.066	0.551
0.071	0.782	0.001	0.146
0.001	0.997	0.001	0.001
>WRTSACGTCA	6-WRTSACGTCA	6.833803	-40.721570	0	T:328.0(18.87%),B:5494.6(11.66%),P:1e-17	Tpos:303.2,Tstd:246.7,Bpos:240.2,Bstd:147.6,StrandBias:0.3,Multiplicity:1.15
0.352	0.181	0.114	0.354
0.341	0.187	0.319	0.152
0.074	0.001	0.001	0.924
0.001	0.421	0.558	0.020
0.899	0.001	0.010	0.090
0.001	0.972	0.001	0.026
0.130	0.204	0.562	0.104
0.350	0.001	0.103	0.546
0.019	0.722	0.212	0.047
0.678	0.001	0.077	0.244
>CTTGTGGTGA	7-CTTGTGGTGA	8.906298	-37.654875	0	T:70.0(4.03%),B:581.8(1.23%),P:1e-16	Tpos:281.6,Tstd:225.0,Bpos:242.2,Bstd:143.4,StrandBias:0.2,Multiplicity:1.03
0.045	0.887	0.012	0.056
0.001	0.001	0.038	0.960
0.080	0.001	0.081	0.838
0.022	0.001	0.945	0.032
0.008	0.001	0.001	0.990
0.043	0.001	0.862	0.094
0.025	0.073	0.893	0.009
0.001	0.001	0.001	0.997
0.061	0.109	0.829	0.001
0.861	0.012	0.126	0.001
>GDGTTACTCA	8-GDGTTACTCA	8.064249	-32.123487	0	T:108.0(6.21%),B:1285.7(2.73%),P:1e-13	Tpos:285.6,Tstd:212.3,Bpos:241.2,Bstd:144.2,StrandBias:-0.2,Multiplicity:1.02
0.137	0.140	0.722	0.001
0.309	0.001	0.405	0.285
0.058	0.035	0.862	0.045
0.044	0.001	0.001	0.954
0.037	0.126	0.021	0.816
0.805	0.001	0.190	0.004
0.001	0.806	0.155	0.038
0.001	0.098	0.001	0.900
0.017	0.847	0.001	0.135
0.902	0.001	0.094	0.003
>GAAACCGAAA	9-GAAACCGAAA	10.225848	-31.713198	0	T:50.0(2.88%),B:368.6(0.78%),P:1e-13	Tpos:278.2,Tstd:183.6,Bpos:245.0,Bstd:146.5,StrandBias:-0.3,Multiplicity:1.00
0.199	0.071	0.664	0.066
0.907	0.091	0.001	0.001
0.997	0.001	0.001	0.001
0.922	0.001	0.076	0.001
0.108	0.739	0.001	0.152
0.190	0.808	0.001	0.001
0.001	0.001	0.997	0.001
0.997	0.001	0.001	0.001
0.975	0.001	0.023	0.001
0.997	0.001	0.001	0.001
>TGCTTACCAC	10-TGCTTACCAC	9.356812	-28.146387	0	T:60.0(3.45%),B:553.7(1.18%),P:1e-12	Tpos:227.1,Tstd:181.6,Bpos:243.9,Bstd:142.2,StrandBias:0.0,Multiplicity:1.02
0.032	0.001	0.001	0.966
0.218	0.011	0.680	0.091
0.001	0.997	0.001	0.001
0.001	0.028	0.146	0.825
0.033	0.062	0.001	0.904
0.870	0.022	0.061	0.047
0.035	0.918	0.027	0.020
0.001	0.966	0.001	0.032
0.947	0.051	0.001	0.001
0.013	0.934	0.052	0.001
>TCTCGCGATC	11-TCTCGCGATC	8.168919	-26.726451	0	T:44.0(2.53%),B:338.2(0.72%),P:1e-11	Tpos:339.8,Tstd:188.8,Bpos:231.1,Bstd:158.0,StrandBias:-0.2,Multiplicity:1.14
0.045	0.158	0.017	0.780
0.001	0.853	0.055	0.091
0.128	0.042	0.001	0.829
0.063	0.801	0.077	0.059
0.133	0.007	0.796	0.064
0.053	0.873	0.062	0.012
0.072	0.072	0.730	0.126
0.788	0.134	0.061	0.017
0.001	0.086	0.108	0.805
0.185	0.757	0.031	0.027
>CGCCCCCCCC	12-CGCCCCCCCC	8.126634	-24.307198	0	T:319.0(18.35%),B:6027.8(12.79%),P:1e-10	Tpos:325.1,Tstd:288.2,Bpos:241.3,Bstd:146.3,StrandBias:0.0,Multiplicity:1.46
0.144	0.787	0.048	0.021
0.042	0.153	0.687	0.118
0.017	0.920	0.021	0.042
0.014	0.879	0.054	0.053
0.038	0.808	0.072	0.082
0.062	0.776	0.101	0.061
0.035	0.709	0.121	0.135
0.088	0.709	0.067	0.136
0.058	0.854	0.059	0.029
0.041	0.878	0.043	0.038
>GTTTTGATCT	13-GTTTTGATCT	8.708551	-24.017414	0	T:130.0(7.48%),B:1902.6(4.04%),P:1e-10	Tpos:294.2,Tstd:219.3,Bpos:243.1,Bstd:155.2,StrandBias:-0.0,Multiplicity:1.11
0.016	0.041	0.909	0.034
0.001	0.088	0.028	0.883
0.061	0.001	0.001	0.937
0.049	0.048	0.026	0.877
0.001	0.001	0.001	0.997
0.001	0.066	0.932	0.001
0.860	0.062	0.001	0.077
0.080	0.001	0.001	0.918
0.001	0.680	0.032	0.287
0.001	0.001	0.001	0.997
>ATCGTCAGTA	14-ATCGTCAGTA	6.755224	-23.406875	0	T:49.0(2.82%),B:450.9(0.96%),P:1e-10	Tpos:224.0,Tstd:170.6,Bpos:234.5,Bstd:150.7,StrandBias:-0.1,Multiplicity:1.04
0.580	0.038	0.136	0.246
0.213	0.092	0.001	0.694
0.116	0.779	0.011	0.094
0.066	0.097	0.778	0.059
0.189	0.066	0.125	0.620
0.197	0.511	0.146	0.146
0.591	0.045	0.103	0.261
0.197	0.115	0.605	0.083
0.128	0.208	0.086	0.578
0.495	0.153	0.165	0.187
>CGCTAGAGGG	15-CGCTAGAGGG	10.022663	-21.669516	0	T:29.0(1.67%),B:190.8(0.41%),P:1e-9	Tpos:396.0,Tstd:476.9,Bpos:253.6,Bstd:149.0,StrandBias:-0.1,Multiplicity:1.00
0.047	0.951	0.001	0.001
0.109	0.001	0.879	0.011
0.001	0.997	0.001	0.001
0.001	0.001	0.092	0.906
0.985	0.001	0.013	0.001
0.086	0.001	0.912	0.001
0.859	0.058	0.082	0.001
0.001	0.001	0.944	0.054
0.073	0.001	0.766	0.160
0.051	0.055	0.827	0.067
>CCCACCGCGC	16-CCCACCGCGC	9.779845	-19.566505	0	T:44.0(2.53%),B:427.4(0.91%),P:1e-8	Tpos:287.4,Tstd:232.9,Bpos:248.7,Bstd:155.9,StrandBias:-0.1,Multiplicity:1.07
0.001	0.874	0.014	0.111
0.001	0.989	0.001	0.009
0.001	0.997	0.001	0.001
0.928	0.013	0.038	0.021
0.001	0.940	0.058	0.001
0.161	0.767	0.071	0.001
0.001	0.032	0.966	0.001
0.001	0.794	0.075	0.130
0.024	0.034	0.794	0.148
0.048	0.950	0.001	0.001
>GATTGGTCGC	17-GATTGGTCGC	11.792474	-17.145609	0	T:10.0(0.58%),B:24.2(0.05%),P:1e-7	Tpos:175.7,Tstd:67.7,Bpos:245.2,Bstd:148.8,StrandBias:0.6,Multiplicity:1.00
0.001	0.001	0.997	0.001
0.783	0.001	0.001	0.215
0.001	0.001	0.001	0.997
0.001	0.001	0.001	0.997
0.001	0.001	0.997	0.001
0.001	0.001	0.997	0.001
0.001	0.001	0.001	0.997
0.001	0.997	0.001	0.001
0.001	0.001	0.997	0.001
0.001	0.833	0.165	0.001
>AVTYCTAGAG	18-AVTYCTAGAG	7.326329	-16.464798	0	T:58.0(3.34%),B:721.7(1.53%),P:1e-7	Tpos:406.5,Tstd:286.2,Bpos:254.1,Bstd:138.1,StrandBias:-0.6,Multiplicity:1.30
0.660	0.251	0.016	0.073
0.424	0.274	0.291	0.011
0.271	0.024	0.082	0.623
0.001	0.358	0.170	0.471
0.064	0.621	0.208	0.107
0.092	0.008	0.317	0.583
0.533	0.173	0.015	0.279
0.014	0.043	0.683	0.260
0.840	0.055	0.032	0.073
0.196	0.179	0.476	0.150
>TGGGGTGTAT	19-TGGGGTGTAT	11.139000	-13.269574	0	T:18.0(1.04%),B:125.3(0.27%),P:1e-5	Tpos:312.6,Tstd:310.6,Bpos:238.5,Bstd:134.9,StrandBias:0.3,Multiplicity:1.39
0.001	0.001	0.001	0.997
0.001	0.001	0.997	0.001
0.261	0.001	0.737	0.001
0.001	0.040	0.958	0.001
0.001	0.001	0.997	0.001
0.001	0.001	0.001	0.997
0.001	0.001	0.997	0.001
0.268	0.001	0.001	0.730
0.997	0.001	0.001	0.001
0.001	0.001	0.001	0.997
>TGTGTGTGTG	20-TGTGTGTGTG	9.164037	-12.211349	0	T:128.0(7.36%),B:2307.5(4.90%),P:1e-5	Tpos:265.4,Tstd:206.2,Bpos:240.2,Bstd:156.8,StrandBias:-0.5,Multiplicity:1.14
0.028	0.040	0.159	0.773
0.023	0.044	0.792	0.141
0.021	0.028	0.065	0.886
0.001	0.019	0.613	0.367
0.164	0.135	0.032	0.669
0.038	0.001	0.933	0.028
0.011	0.051	0.044	0.894
0.124	0.011	0.817	0.048
0.155	0.001	0.311	0.533
0.151	0.106	0.633	0.110
>GCTCAGTGAT	21-GCTCAGTGAT	10.756788	-5.364072	0	T:8.0(0.46%),B:69.2(0.15%),P:1e-2	Tpos:193.2,Tstd:155.6,Bpos:225.5,Bstd:138.4,StrandBias:3.1,Multiplicity:2.38
0.001	0.001	0.997	0.001
0.001	0.997	0.001	0.001
0.001	0.001	0.001	0.997
0.001	0.997	0.001	0.001
0.952	0.001	0.046	0.001
0.001	0.001	0.997	0.001
0.001	0.001	0.001	0.997
0.001	0.001	0.997	0.001
0.997	0.001	0.001	0.001
0.001	0.001	0.001	0.997
