>AAACCACA	1-AAACCACA	7.830571	-122.389699	0	T:409.0(23.53%),B:4983.0(10.58%),P:1e-53	Tpos:302.1,Tstd:238.0,Bpos:240.9,Bstd:146.8,StrandBias:-0.1,Multiplicity:1.22
0.731	0.061	0.035	0.173
0.949	0.001	0.041	0.009
0.876	0.036	0.087	0.001
0.001	0.997	0.001	0.001
0.001	0.997	0.001	0.001
0.861	0.035	0.035	0.069
0.001	0.997	0.001	0.001
0.924	0.025	0.007	0.044
>CACTTCCT	2-CACTTCCT	8.473044	-117.080129	0	T:411.0(23.65%),B:5128.1(10.88%),P:1e-50	Tpos:292.1,Tstd:244.2,Bpos:241.9,Bstd:145.0,StrandBias:0.1,Multiplicity:1.17
0.110	0.888	0.001	0.001
0.997	0.001	0.001	0.001
0.001	0.997	0.001	0.001
0.211	0.001	0.001	0.787
0.001	0.001	0.001	0.997
0.001	0.856	0.001	0.142
0.001	0.997	0.001	0.001
0.001	0.001	0.001	0.997
>CGCTTCCT	3-CGCTTCCT	6.292534	-78.531641	0	T:733.0(42.17%),B:13370.5(28.38%),P:1e-34	Tpos:325.9,Tstd:277.8,Bpos:240.7,Bstd:146.8,StrandBias:0.2,Multiplicity:1.33
0.105	0.670	0.125	0.100
0.172	0.101	0.709	0.018
0.015	0.702	0.040	0.243
0.071	0.147	0.059	0.723
0.080	0.106	0.053	0.761
0.063	0.814	0.043	0.080
0.048	0.878	0.050	0.024
0.066	0.056	0.129	0.749
>TGASTCAT	4-TGASTCAT	9.839105	-60.650978	0	T:125.0(7.19%),B:1108.6(2.35%),P:1e-26	Tpos:308.3,Tstd:276.2,Bpos:243.0,Bstd:140.1,StrandBias:-0.2,Multiplicity:1.08
0.001	0.001	0.001	0.997
0.001	0.001	0.997	0.001
0.989	0.009	0.001	0.001
0.001	0.443	0.555	0.001
0.001	0.001	0.001	0.997
0.001	0.997	0.001	0.001
0.997	0.001	0.001	0.001
0.001	0.099	0.237	0.663
>ACCACAAG	5-ACCACAAG	7.968194	-56.318060	0	T:273.0(15.71%),B:3840.7(8.15%),P:1e-24	Tpos:277.8,Tstd:203.2,Bpos:241.8,Bstd:147.2,StrandBias:-0.1,Multiplicity:1.06
0.602	0.001	0.396	0.001
0.001	0.997	0.001	0.001
0.001	0.818	0.051	0.130
0.960	0.001	0.001	0.038
0.001	0.997	0.001	0.001
0.686	0.001	0.057	0.256
0.901	0.001	0.001	0.097
0.380	0.001	0.618	0.001
>GTGAAACC	6-GTGAAACC	6.171857	-54.567538	0	T:447.0(25.72%),B:7609.3(16.15%),P:1e-23	Tpos:299.8,Tstd:240.3,Bpos:239.5,Bstd:150.0,StrandBias:-0.4,Multiplicity:1.18
0.044	0.055	0.821	0.080
0.001	0.017	0.001	0.981
0.016	0.080	0.823	0.081
0.871	0.066	0.037	0.026
0.997	0.001	0.001	0.001
0.997	0.001	0.001	0.001
0.155	0.690	0.081	0.074
0.063	0.835	0.018	0.084
>TGAGTAAC	7-TGAGTAAC	6.928209	-52.040066	0	T:385.0(22.15%),B:6326.0(13.43%),P:1e-22	Tpos:309.6,Tstd:257.8,Bpos:243.8,Bstd:147.9,StrandBias:-0.0,Multiplicity:1.13
0.064	0.015	0.001	0.920
0.001	0.001	0.997	0.001
0.935	0.001	0.040	0.024
0.001	0.048	0.922	0.029
0.060	0.076	0.001	0.863
0.734	0.135	0.105	0.026
0.997	0.001	0.001	0.001
0.072	0.729	0.001	0.198
>CTWYCGMT	8-CTWYCGMT	2.748180	-48.615423	0	T:210.0(12.08%),B:2804.7(5.95%),P:1e-21	Tpos:299.1,Tstd:214.6,Bpos:243.2,Bstd:154.5,StrandBias:-0.0,Multiplicity:1.08
0.001	0.997	0.001	0.001
0.001	0.001	0.001	0.997
0.442	0.001	0.001	0.556
0.001	0.465	0.001	0.533
0.001	0.997	0.001	0.001
0.001	0.001	0.997	0.001
0.435	0.410	0.033	0.122
0.001	0.001	0.001	0.997
>AGGAAACT	9-AGGAAACT	6.761785	-44.633418	0	T:304.0(17.49%),B:4834.0(10.26%),P:1e-19	Tpos:299.5,Tstd:235.5,Bpos:244.0,Bstd:145.9,StrandBias:0.1,Multiplicity:1.12
0.883	0.115	0.001	0.001
0.001	0.001	0.848	0.150
0.001	0.001	0.997	0.001
0.997	0.001	0.001	0.001
0.997	0.001	0.001	0.001
0.997	0.001	0.001	0.001
0.001	0.997	0.001	0.001
0.001	0.222	0.001	0.776
>DAGCGGAA	10-DAGCGGAA	7.710375	-32.134268	0	T:266.0(15.30%),B:4472.7(9.49%),P:1e-13	Tpos:343.5,Tstd:282.4,Bpos:237.5,Bstd:146.0,StrandBias:0.0,Multiplicity:1.07
0.266	0.137	0.352	0.244
0.997	0.001	0.001	0.001
0.173	0.001	0.825	0.001
0.001	0.656	0.342	0.001
0.001	0.001	0.997	0.001
0.079	0.058	0.862	0.001
0.888	0.110	0.001	0.001
0.650	0.001	0.001	0.348
>ACTCTCAC	11-ACTCTCAC	7.485390	-31.121898	0	T:247.0(14.21%),B:4099.9(8.70%),P:1e-13	Tpos:308.6,Tstd:280.0,Bpos:240.0,Bstd:147.0,StrandBias:-0.2,Multiplicity:1.10
0.890	0.108	0.001	0.001
0.001	0.702	0.296	0.001
0.001	0.001	0.205	0.793
0.001	0.843	0.001	0.155
0.016	0.001	0.081	0.902
0.001	0.856	0.022	0.121
0.779	0.005	0.215	0.001
0.031	0.930	0.001	0.038
>GGGGGGGG	12-GGGGGGGG	7.845909	-30.593810	0	T:555.0(31.93%),B:11324.9(24.04%),P:1e-13	Tpos:343.6,Tstd:298.4,Bpos:241.6,Bstd:147.3,StrandBias:0.0,Multiplicity:1.73
0.001	0.001	0.997	0.001
0.027	0.001	0.971	0.001
0.103	0.001	0.895	0.001
0.184	0.165	0.577	0.074
0.084	0.147	0.768	0.001
0.085	0.078	0.836	0.001
0.001	0.048	0.950	0.001
0.001	0.001	0.997	0.001
>CTGYGGTG	13-CTGYGGTG	7.320024	-28.642634	0	T:371.0(21.35%),B:7009.4(14.88%),P:1e-12	Tpos:291.9,Tstd:251.9,Bpos:240.0,Bstd:147.4,StrandBias:-0.1,Multiplicity:1.17
0.356	0.552	0.001	0.091
0.201	0.001	0.026	0.772
0.042	0.001	0.883	0.074
0.205	0.294	0.091	0.410
0.001	0.090	0.908	0.001
0.001	0.001	0.997	0.001
0.001	0.081	0.001	0.917
0.139	0.279	0.581	0.001
>GGGYGTGT	14-GGGYGTGT	7.598237	-22.316209	0	T:211.0(12.14%),B:3675.3(7.80%),P:1e-9	Tpos:327.5,Tstd:275.4,Bpos:240.1,Bstd:155.0,StrandBias:0.2,Multiplicity:1.13
0.001	0.001	0.997	0.001
0.001	0.001	0.997	0.001
0.001	0.001	0.997	0.001
0.001	0.516	0.001	0.482
0.001	0.001	0.997	0.001
0.001	0.001	0.098	0.900
0.001	0.001	0.997	0.001
0.001	0.387	0.001	0.611
>ACGTCATA	15-ACGTCATA	6.985821	-22.124890	0	T:145.0(8.34%),B:2268.0(4.81%),P:1e-9	Tpos:307.1,Tstd:251.2,Bpos:237.9,Bstd:146.4,StrandBias:0.2,Multiplicity:1.08
0.897	0.001	0.001	0.101
0.001	0.997	0.001	0.001
0.220	0.001	0.778	0.001
0.001	0.027	0.001	0.971
0.056	0.900	0.001	0.043
0.986	0.001	0.012	0.001
0.001	0.045	0.184	0.770
0.748	0.083	0.123	0.046
