Factor1: 1.094017938232828
Factor2: 0.9140617946496413
