Factor1: 0.9936140752874916
Factor2: 1.0064269668388712
