Factor1: 0.9773730974510616
Factor2: 1.0231507319036592
