>DDATGASTCATH	1-DDATGASTCATH	7.516569	-2078.472722	0	T:2772.0(32.28%),B:3264.3(8.04%),P:1e-902	Tpos:281.5,Tstd:195.1,Bpos:251.2,Bstd:151.7,StrandBias:0.0,Multiplicity:1.22
0.271	0.155	0.315	0.258
0.298	0.140	0.277	0.285
0.508	0.181	0.196	0.115
0.005	0.001	0.001	0.993
0.001	0.018	0.789	0.192
0.980	0.002	0.005	0.013
0.090	0.458	0.383	0.068
0.040	0.001	0.001	0.958
0.236	0.752	0.009	0.003
0.961	0.003	0.001	0.035
0.149	0.209	0.243	0.399
0.274	0.342	0.135	0.249
>ACAGGAAGTRDN	2-ACAGGAAGTRDN	8.530662	-559.568556	0	T:2079.0(24.21%),B:4606.0(11.34%),P:1e-243	Tpos:294.9,Tstd:225.1,Bpos:255.2,Bstd:148.3,StrandBias:0.0,Multiplicity:1.18
0.666	0.001	0.332	0.001
0.152	0.608	0.239	0.001
0.997	0.001	0.001	0.001
0.001	0.001	0.997	0.001
0.001	0.001	0.997	0.001
0.997	0.001	0.001	0.001
0.732	0.001	0.001	0.266
0.383	0.001	0.615	0.001
0.048	0.286	0.112	0.554
0.253	0.216	0.377	0.154
0.275	0.164	0.327	0.235
0.212	0.271	0.280	0.237
>NNTGTGGTTTNN	3-NNTGTGGTTTNN	7.608483	-540.525151	0	T:1593.0(18.55%),B:3094.5(7.62%),P:1e-234	Tpos:295.1,Tstd:212.2,Bpos:253.0,Bstd:154.2,StrandBias:-0.1,Multiplicity:1.12
0.216	0.210	0.273	0.301
0.216	0.301	0.212	0.271
0.066	0.037	0.058	0.839
0.043	0.036	0.863	0.058
0.062	0.033	0.063	0.842
0.042	0.073	0.865	0.020
0.018	0.019	0.957	0.006
0.021	0.090	0.059	0.830
0.053	0.056	0.036	0.855
0.100	0.044	0.081	0.775
0.238	0.230	0.241	0.291
0.225	0.279	0.260	0.236
>GGGAAWTCCCCH	4-GGGAAWTCCCCH	9.316284	-384.948124	0	T:509.0(5.93%),B:532.1(1.31%),P:1e-167	Tpos:285.0,Tstd:221.1,Bpos:256.3,Bstd:142.3,StrandBias:-0.0,Multiplicity:1.05
0.054	0.001	0.740	0.205
0.001	0.001	0.997	0.001
0.015	0.001	0.983	0.001
0.594	0.001	0.404	0.001
0.599	0.171	0.086	0.144
0.421	0.001	0.073	0.505
0.093	0.127	0.189	0.591
0.011	0.575	0.008	0.406
0.030	0.968	0.001	0.001
0.001	0.997	0.001	0.001
0.120	0.799	0.001	0.080
0.322	0.263	0.024	0.391
>AAAGTGAAACYR	5-AAAGTGAAACYR	8.910781	-358.407943	0	T:1093.0(12.73%),B:2123.1(5.23%),P:1e-155	Tpos:303.7,Tstd:238.1,Bpos:249.0,Bstd:153.7,StrandBias:0.1,Multiplicity:1.13
0.807	0.001	0.182	0.010
0.677	0.086	0.043	0.194
0.964	0.001	0.001	0.034
0.253	0.261	0.485	0.001
0.160	0.122	0.075	0.643
0.023	0.027	0.949	0.001
0.997	0.001	0.001	0.001
0.981	0.017	0.001	0.001
0.997	0.001	0.001	0.001
0.052	0.624	0.301	0.023
0.191	0.376	0.063	0.369
0.382	0.091	0.342	0.186
>TCANABTTTCCA	6-TCANABTTTCCA	9.416939	-338.866936	0	T:740.0(8.62%),B:1165.4(2.87%),P:1e-147	Tpos:278.3,Tstd:208.3,Bpos:262.8,Bstd:149.0,StrandBias:-0.0,Multiplicity:1.06
0.138	0.100	0.080	0.682
0.223	0.588	0.103	0.086
0.997	0.001	0.001	0.001
0.208	0.291	0.198	0.303
0.544	0.143	0.088	0.225
0.114	0.210	0.357	0.318
0.001	0.011	0.007	0.981
0.001	0.001	0.001	0.997
0.023	0.001	0.001	0.975
0.001	0.992	0.006	0.001
0.001	0.997	0.001	0.001
0.773	0.085	0.028	0.114
>NWNATTTGCATA	7-NWNATTTGCATA	9.487427	-337.724921	0	T:657.0(7.65%),B:952.8(2.35%),P:1e-146	Tpos:271.9,Tstd:184.0,Bpos:255.0,Bstd:150.3,StrandBias:-0.1,Multiplicity:1.08
0.255	0.288	0.231	0.226
0.409	0.055	0.229	0.307
0.255	0.304	0.252	0.189
0.778	0.074	0.001	0.147
0.001	0.001	0.001	0.997
0.001	0.001	0.001	0.997
0.066	0.001	0.001	0.932
0.168	0.001	0.830	0.001
0.001	0.997	0.001	0.001
0.997	0.001	0.001	0.001
0.001	0.001	0.063	0.935
0.589	0.110	0.187	0.114
>CTTTGATGTGGT	8-CTTTGATGTGGT	8.682339	-280.418890	0	T:844.0(9.83%),B:1615.2(3.98%),P:1e-121	Tpos:280.6,Tstd:195.8,Bpos:249.6,Bstd:148.1,StrandBias:-0.0,Multiplicity:1.06
0.076	0.562	0.130	0.232
0.047	0.108	0.001	0.844
0.087	0.162	0.117	0.634
0.056	0.009	0.036	0.899
0.049	0.230	0.660	0.061
0.543	0.158	0.052	0.247
0.081	0.004	0.007	0.908
0.004	0.083	0.884	0.029
0.039	0.001	0.020	0.940
0.030	0.013	0.935	0.022
0.035	0.009	0.880	0.076
0.016	0.188	0.208	0.588
>DGDGGGYGGGGC	9-DGDGGGYGGGGC	7.737734	-239.902084	0	T:2704.0(31.49%),B:8689.9(21.40%),P:1e-104	Tpos:311.4,Tstd:243.3,Bpos:252.0,Bstd:148.6,StrandBias:0.1,Multiplicity:1.54
0.288	0.118	0.294	0.300
0.197	0.153	0.500	0.150
0.237	0.044	0.361	0.359
0.196	0.001	0.796	0.007
0.001	0.005	0.993	0.001
0.001	0.002	0.996	0.001
0.250	0.324	0.002	0.424
0.078	0.004	0.853	0.065
0.074	0.005	0.625	0.296
0.227	0.001	0.735	0.037
0.139	0.007	0.778	0.076
0.202	0.434	0.139	0.224
>TGAGTCAMAGCT	10-TGAGTCAMAGCT	7.406357	-228.765551	0	T:1790.0(20.84%),B:5132.6(12.64%),P:1e-99	Tpos:295.8,Tstd:231.1,Bpos:253.3,Bstd:151.6,StrandBias:-0.0,Multiplicity:1.11
0.162	0.005	0.001	0.832
0.003	0.104	0.680	0.213
0.796	0.008	0.018	0.178
0.089	0.203	0.665	0.043
0.022	0.106	0.058	0.814
0.040	0.697	0.158	0.105
0.786	0.095	0.001	0.118
0.404	0.290	0.103	0.203
0.635	0.005	0.146	0.214
0.034	0.008	0.749	0.209
0.113	0.843	0.026	0.018
0.141	0.085	0.001	0.773
>NTGHGTGGGMGG	11-NTGHGTGGGMGG	8.451229	-209.777424	0	T:1217.0(14.17%),B:3129.0(7.71%),P:1e-91	Tpos:302.4,Tstd:244.5,Bpos:258.0,Bstd:151.6,StrandBias:-0.0,Multiplicity:1.05
0.243	0.256	0.325	0.176
0.218	0.001	0.045	0.736
0.001	0.001	0.997	0.001
0.264	0.302	0.045	0.389
0.001	0.089	0.909	0.001
0.086	0.001	0.102	0.811
0.035	0.001	0.963	0.001
0.043	0.012	0.944	0.001
0.001	0.001	0.997	0.001
0.444	0.308	0.040	0.208
0.084	0.001	0.784	0.131
0.206	0.065	0.459	0.270
>GTTTCCACCCAC	12-GTTTCCACCCAC	6.823204	-185.825623	0	T:2353.0(27.40%),B:7686.3(18.93%),P:1e-80	Tpos:306.7,Tstd:245.3,Bpos:246.6,Bstd:149.2,StrandBias:0.1,Multiplicity:1.15
0.096	0.113	0.672	0.119
0.069	0.085	0.080	0.766
0.056	0.094	0.089	0.761
0.073	0.097	0.086	0.744
0.101	0.739	0.070	0.090
0.078	0.792	0.023	0.107
0.770	0.071	0.051	0.108
0.092	0.721	0.074	0.113
0.096	0.742	0.059	0.103
0.092	0.776	0.046	0.086
0.777	0.085	0.049	0.089
0.080	0.739	0.101	0.080
>TGACTAAGCAAC	13-TGACTAAGCAAC	5.868264	-172.069335	0	T:2556.0(29.76%),B:8653.4(21.31%),P:1e-74	Tpos:292.0,Tstd:231.7,Bpos:255.0,Bstd:149.7,StrandBias:0.0,Multiplicity:1.17
0.057	0.015	0.026	0.902
0.052	0.052	0.808	0.088
0.796	0.099	0.071	0.034
0.080	0.781	0.077	0.062
0.086	0.076	0.033	0.805
0.861	0.041	0.062	0.036
0.864	0.001	0.062	0.073
0.075	0.067	0.801	0.057
0.066	0.868	0.046	0.020
0.844	0.084	0.015	0.057
0.854	0.050	0.058	0.038
0.071	0.820	0.079	0.030
>AGGTGTGACACC	14-AGGTGTGACACC	8.531309	-138.272159	0	T:620.0(7.22%),B:1426.0(3.51%),P:1e-60	Tpos:284.3,Tstd:202.0,Bpos:250.8,Bstd:154.4,StrandBias:-0.1,Multiplicity:1.07
0.701	0.001	0.218	0.080
0.174	0.001	0.784	0.041
0.060	0.058	0.813	0.069
0.010	0.001	0.072	0.917
0.001	0.010	0.945	0.044
0.157	0.001	0.001	0.841
0.001	0.192	0.806	0.001
0.712	0.005	0.015	0.268
0.351	0.559	0.089	0.001
0.774	0.096	0.001	0.129
0.192	0.451	0.117	0.240
0.184	0.615	0.143	0.058
>TCATTTHGAAAC	15-TCATTTHGAAAC	8.966685	-136.259727	0	T:509.0(5.93%),B:1077.9(2.65%),P:1e-59	Tpos:296.0,Tstd:211.2,Bpos:257.4,Bstd:155.2,StrandBias:-0.1,Multiplicity:1.03
0.094	0.001	0.061	0.844
0.032	0.839	0.109	0.020
0.997	0.001	0.001	0.001
0.106	0.063	0.073	0.758
0.215	0.110	0.007	0.668
0.070	0.109	0.034	0.787
0.284	0.281	0.065	0.370
0.197	0.049	0.562	0.192
0.950	0.007	0.007	0.036
0.734	0.046	0.152	0.068
0.973	0.001	0.001	0.025
0.014	0.639	0.256	0.091
>TAAGATCAAAGG	16-TAAGATCAAAGG	7.135509	-113.858557	0	T:1362.0(15.86%),B:4306.4(10.61%),P:1e-49	Tpos:298.9,Tstd:223.2,Bpos:251.3,Bstd:148.8,StrandBias:0.2,Multiplicity:1.10
0.124	0.100	0.086	0.690
0.711	0.081	0.116	0.092
0.801	0.034	0.067	0.098
0.088	0.106	0.730	0.076
0.738	0.085	0.081	0.096
0.101	0.081	0.075	0.743
0.093	0.704	0.113	0.090
0.822	0.066	0.029	0.083
0.764	0.080	0.096	0.060
0.816	0.040	0.076	0.068
0.104	0.045	0.768	0.083
0.106	0.094	0.714	0.086
>GCCACCTAGTGG	17-GCCACCTAGTGG	8.999347	-90.374388	0	T:327.0(3.81%),B:681.0(1.68%),P:1e-39	Tpos:292.0,Tstd:216.4,Bpos:255.9,Bstd:148.8,StrandBias:-0.2,Multiplicity:1.01
0.035	0.034	0.897	0.034
0.103	0.713	0.081	0.103
0.045	0.863	0.001	0.091
0.891	0.049	0.001	0.059
0.023	0.872	0.034	0.071
0.011	0.851	0.012	0.126
0.034	0.111	0.034	0.821
0.779	0.087	0.077	0.057
0.117	0.077	0.749	0.057
0.064	0.034	0.091	0.811
0.001	0.001	0.976	0.022
0.095	0.057	0.779	0.069
>TGAGTMACTTTC	18-TGAGTMACTTTC	8.937042	-89.838051	0	T:478.0(5.57%),B:1174.8(2.89%),P:1e-39	Tpos:277.6,Tstd:202.7,Bpos:246.0,Bstd:157.7,StrandBias:-0.1,Multiplicity:1.01
0.150	0.043	0.001	0.806
0.073	0.044	0.825	0.058
0.759	0.029	0.044	0.168
0.192	0.058	0.564	0.186
0.168	0.092	0.015	0.725
0.380	0.490	0.092	0.038
0.748	0.067	0.014	0.171
0.029	0.697	0.273	0.001
0.058	0.094	0.015	0.833
0.001	0.001	0.083	0.915
0.015	0.038	0.015	0.932
0.015	0.931	0.053	0.001
>TTTCCGTTCTGA	19-TTTCCGTTCTGA	8.746526	-83.839164	0	T:448.0(5.22%),B:1102.9(2.72%),P:1e-36	Tpos:314.6,Tstd:251.8,Bpos:243.7,Bstd:153.3,StrandBias:0.0,Multiplicity:1.02
0.055	0.051	0.001	0.893
0.066	0.101	0.044	0.789
0.001	0.067	0.001	0.931
0.026	0.837	0.102	0.035
0.129	0.743	0.065	0.063
0.101	0.060	0.790	0.049
0.008	0.001	0.085	0.906
0.026	0.026	0.061	0.887
0.074	0.756	0.115	0.055
0.061	0.052	0.001	0.886
0.026	0.093	0.804	0.077
0.777	0.053	0.068	0.102
>GTTGCCATGGCA	20-GTTGCCATGGCA	11.302439	-75.272246	0	T:119.0(1.39%),B:147.5(0.36%),P:1e-32	Tpos:266.1,Tstd:214.4,Bpos:240.5,Bstd:145.7,StrandBias:0.1,Multiplicity:1.03
0.016	0.001	0.967	0.016
0.001	0.032	0.026	0.941
0.001	0.104	0.013	0.882
0.181	0.146	0.424	0.248
0.016	0.982	0.001	0.001
0.026	0.917	0.001	0.056
0.955	0.043	0.001	0.001
0.011	0.001	0.001	0.987
0.156	0.001	0.842	0.001
0.180	0.001	0.793	0.026
0.034	0.727	0.001	0.238
0.819	0.042	0.138	0.001
>ACATCTCCGCCC	21-ACATCTCCGCCC	-3.865779	-57.104729	0	T:2399.0(27.93%),B:9381.5(23.10%),P:1e-24	Tpos:315.3,Tstd:249.8,Bpos:253.1,Bstd:154.0,StrandBias:0.0,Multiplicity:1.25
0.997	0.001	0.001	0.001
0.001	0.997	0.001	0.001
0.960	0.001	0.001	0.038
0.039	0.039	0.039	0.883
0.038	0.960	0.001	0.001
0.001	0.001	0.001	0.997
0.001	0.997	0.001	0.001
0.001	0.997	0.001	0.001
0.001	0.001	0.997	0.001
0.001	0.997	0.001	0.001
0.001	0.997	0.001	0.001
0.001	0.997	0.001	0.001
>ACATCTGAGGAC	22-ACATCTGAGGAC	13.825798	-44.617594	0	T:29.0(0.34%),B:13.0(0.03%),P:1e-19	Tpos:282.7,Tstd:197.9,Bpos:271.3,Bstd:138.4,StrandBias:-1.4,Multiplicity:1.00
0.997	0.001	0.001	0.001
0.001	0.997	0.001	0.001
0.997	0.001	0.001	0.001
0.001	0.001	0.090	0.908
0.001	0.997	0.001	0.001
0.001	0.001	0.001	0.997
0.001	0.001	0.997	0.001
0.997	0.001	0.001	0.001
0.001	0.001	0.997	0.001
0.235	0.001	0.763	0.001
0.997	0.001	0.001	0.001
0.001	0.901	0.097	0.001
>TGTGTCTTGCAC	23-TGTGTCTTGCAC	12.973033	-41.336300	0	T:25.0(0.29%),B:10.8(0.03%),P:1e-17	Tpos:191.9,Tstd:178.6,Bpos:189.0,Bstd:142.2,StrandBias:2.4,Multiplicity:1.00
0.001	0.001	0.001	0.997
0.001	0.001	0.906	0.092
0.001	0.001	0.001	0.997
0.001	0.001	0.997	0.001
0.001	0.001	0.001	0.997
0.001	0.997	0.001	0.001
0.001	0.001	0.001	0.997
0.039	0.039	0.156	0.766
0.001	0.001	0.960	0.038
0.001	0.997	0.001	0.001
0.997	0.001	0.001	0.001
0.001	0.997	0.001	0.001
>AATGAGTATACA	24-AATGAGTATACA	12.943792	-12.104057	0	T:6.0(0.07%),B:2.4(0.01%),P:1e-5	Tpos:161.8,Tstd:107.9,Bpos:257.7,Bstd:120.2,StrandBias:4.4,Multiplicity:3.67
0.943	0.028	0.001	0.028
0.997	0.001	0.001	0.001
0.001	0.001	0.001	0.997
0.001	0.001	0.997	0.001
0.997	0.001	0.001	0.001
0.001	0.001	0.997	0.001
0.001	0.001	0.001	0.997
0.970	0.028	0.001	0.001
0.001	0.001	0.001	0.997
0.997	0.001	0.001	0.001
0.001	0.970	0.001	0.028
0.997	0.001	0.001	0.001
>CATGTGCTGGGT	25-CATGTGCTGGGT	11.988243	-9.440921	0	T:5.0(0.06%),B:2.9(0.01%),P:1e-4	Tpos:172.6,Tstd:121.4,Bpos:110.2,Bstd:169.0,StrandBias:10.0,Multiplicity:7.80
0.001	0.988	0.001	0.010
0.997	0.001	0.001	0.001
0.001	0.001	0.001	0.997
0.001	0.001	0.997	0.001
0.001	0.001	0.001	0.997
0.010	0.001	0.988	0.001
0.001	0.997	0.001	0.001
0.001	0.001	0.001	0.997
0.001	0.001	0.997	0.001
0.001	0.001	0.997	0.001
0.001	0.001	0.997	0.001
0.001	0.001	0.001	0.997
