>ATGAGTCA	1-ATGAGTCA	6.714035	-1867.986735	0	T:2730.0(31.79%),B:3478.6(8.57%),P:1e-811	Tpos:282.6,Tstd:195.9,Bpos:252.4,Bstd:152.2,StrandBias:-0.0,Multiplicity:1.23
0.653	0.140	0.159	0.048
0.001	0.001	0.001	0.997
0.001	0.001	0.967	0.031
0.997	0.001	0.001	0.001
0.017	0.280	0.690	0.013
0.001	0.001	0.001	0.997
0.019	0.979	0.001	0.001
0.997	0.001	0.001	0.001
>CTKASTCA	2-CTKASTCA	6.371180	-1316.421622	0	T:4077.0(47.47%),B:9062.1(22.32%),P:1e-571	Tpos:293.0,Tstd:224.0,Bpos:254.2,Bstd:149.6,StrandBias:-0.0,Multiplicity:1.22
0.366	0.548	0.085	0.001
0.001	0.001	0.001	0.997
0.001	0.001	0.520	0.478
0.906	0.092	0.001	0.001
0.106	0.442	0.322	0.129
0.001	0.001	0.023	0.975
0.215	0.783	0.001	0.001
0.989	0.001	0.009	0.001
>YGMGTMAB	3-YGMGTMAB	5.927484	-1005.762989	0	T:3926.0(45.71%),B:9587.6(23.61%),P:1e-436	Tpos:300.5,Tstd:235.0,Bpos:252.2,Bstd:158.6,StrandBias:-0.1,Multiplicity:1.15
0.012	0.330	0.178	0.479
0.001	0.010	0.726	0.263
0.334	0.458	0.001	0.207
0.001	0.001	0.812	0.186
0.002	0.001	0.001	0.996
0.515	0.482	0.002	0.001
0.803	0.001	0.195	0.001
0.014	0.317	0.275	0.394
>AAACCACA	4-AAACCACA	6.571048	-598.538586	0	T:2505.0(29.17%),B:5934.6(14.62%),P:1e-259	Tpos:301.7,Tstd:222.9,Bpos:251.2,Bstd:154.7,StrandBias:0.0,Multiplicity:1.25
0.677	0.092	0.001	0.230
0.997	0.001	0.001	0.001
0.905	0.001	0.093	0.001
0.001	0.997	0.001	0.001
0.001	0.997	0.001	0.001
0.978	0.001	0.020	0.001
0.001	0.997	0.001	0.001
0.900	0.001	0.030	0.069
>RGHGGAAA	5-RGHGGAAA	6.490613	-328.947248	0	T:3576.0(41.64%),B:11669.4(28.74%),P:1e-142	Tpos:298.6,Tstd:230.1,Bpos:253.9,Bstd:150.9,StrandBias:0.0,Multiplicity:1.37
0.417	0.063	0.492	0.028
0.122	0.309	0.568	0.001
0.283	0.365	0.002	0.350
0.003	0.136	0.740	0.121
0.023	0.001	0.975	0.001
0.883	0.023	0.093	0.001
0.997	0.001	0.001	0.001
0.889	0.001	0.109	0.001
>ATGCAAAT	6-ATGCAAAT	8.236954	-294.457024	0	T:550.0(6.40%),B:771.2(1.90%),P:1e-127	Tpos:271.9,Tstd:181.2,Bpos:253.7,Bstd:152.7,StrandBias:0.1,Multiplicity:1.07
0.700	0.100	0.100	0.100
0.100	0.100	0.100	0.700
0.100	0.100	0.700	0.100
0.100	0.700	0.100	0.100
0.700	0.100	0.100	0.100
0.700	0.100	0.100	0.100
0.700	0.100	0.100	0.100
0.100	0.100	0.100	0.700
>CCGCCCAC	7-CCGCCCAC	6.355785	-285.373311	0	T:2915.0(33.94%),B:9214.7(22.69%),P:1e-123	Tpos:310.3,Tstd:240.7,Bpos:252.3,Bstd:154.8,StrandBias:0.1,Multiplicity:1.51
0.243	0.629	0.023	0.105
0.022	0.891	0.036	0.051
0.282	0.121	0.514	0.083
0.063	0.886	0.023	0.028
0.038	0.894	0.037	0.031
0.040	0.780	0.021	0.159
0.664	0.269	0.001	0.066
0.113	0.748	0.031	0.108
>CWTCCGGT	8-CWTCCGGT	7.500594	-277.047240	0	T:1513.0(17.62%),B:3839.0(9.45%),P:1e-120	Tpos:293.0,Tstd:211.2,Bpos:252.9,Bstd:152.1,StrandBias:-0.1,Multiplicity:1.11
0.001	0.997	0.001	0.001
0.423	0.001	0.095	0.481
0.001	0.001	0.001	0.997
0.195	0.803	0.001	0.001
0.094	0.904	0.001	0.001
0.001	0.001	0.875	0.123
0.001	0.001	0.739	0.259
0.001	0.003	0.001	0.995
>TAGTTTCG	9-TAGTTTCG	6.019836	-255.587451	0	T:2176.0(25.34%),B:6449.8(15.88%),P:1e-110	Tpos:295.9,Tstd:232.1,Bpos:249.8,Bstd:154.6,StrandBias:0.0,Multiplicity:1.12
0.001	0.040	0.073	0.886
0.823	0.005	0.171	0.001
0.038	0.024	0.925	0.013
0.001	0.001	0.045	0.953
0.001	0.022	0.038	0.939
0.044	0.081	0.001	0.874
0.001	0.997	0.001	0.001
0.104	0.175	0.620	0.101
>GAGGAAGT	10-GAGGAAGT	9.190476	-226.339428	0	T:1278.0(14.88%),B:3260.6(8.03%),P:1e-98	Tpos:303.1,Tstd:230.2,Bpos:256.9,Bstd:145.8,StrandBias:-0.0,Multiplicity:1.07
0.001	0.244	0.754	0.001
0.796	0.001	0.202	0.001
0.001	0.001	0.997	0.001
0.001	0.001	0.997	0.001
0.997	0.001	0.001	0.001
0.997	0.001	0.001	0.001
0.001	0.001	0.997	0.001
0.001	0.001	0.001	0.997
>TATGCAAA	11-TATGCAAA	7.668160	-224.520384	0	T:1523.0(17.73%),B:4156.5(10.24%),P:1e-97	Tpos:283.7,Tstd:209.8,Bpos:250.1,Bstd:151.8,StrandBias:-0.1,Multiplicity:1.12
0.001	0.124	0.001	0.874
0.997	0.001	0.001	0.001
0.001	0.001	0.001	0.997
0.001	0.001	0.997	0.001
0.001	0.560	0.293	0.146
0.997	0.001	0.001	0.001
0.912	0.001	0.086	0.001
0.997	0.001	0.001	0.001
>TTTCGGTT	12-TTTCGGTT	6.961013	-182.581692	0	T:1916.0(22.31%),B:5945.3(14.64%),P:1e-79	Tpos:299.0,Tstd:242.3,Bpos:249.7,Bstd:157.0,StrandBias:-0.1,Multiplicity:1.18
0.001	0.001	0.023	0.975
0.001	0.026	0.001	0.972
0.009	0.001	0.039	0.951
0.001	0.997	0.001	0.001
0.274	0.001	0.620	0.105
0.017	0.086	0.742	0.155
0.008	0.010	0.025	0.957
0.001	0.006	0.001	0.992
>TGTGGTCA	13-TGTGGTCA	6.557637	-170.417036	0	T:1802.0(20.98%),B:5587.7(13.76%),P:1e-74	Tpos:291.7,Tstd:222.4,Bpos:252.4,Bstd:153.1,StrandBias:-0.1,Multiplicity:1.16
0.001	0.001	0.001	0.997
0.001	0.001	0.997	0.001
0.001	0.001	0.001	0.997
0.001	0.001	0.997	0.001
0.001	0.001	0.997	0.001
0.001	0.001	0.001	0.997
0.267	0.530	0.202	0.001
0.828	0.001	0.041	0.130
>TTTGATGT	14-TTTGATGT	9.360480	-169.752846	0	T:896.0(10.43%),B:2209.5(5.44%),P:1e-73	Tpos:303.7,Tstd:224.5,Bpos:263.2,Bstd:155.3,StrandBias:-0.0,Multiplicity:1.07
0.001	0.001	0.001	0.997
0.001	0.001	0.001	0.997
0.001	0.001	0.001	0.997
0.001	0.001	0.997	0.001
0.997	0.001	0.001	0.001
0.252	0.001	0.001	0.746
0.001	0.242	0.756	0.001
0.001	0.001	0.001	0.997
>ATGACTAG	15-ATGACTAG	4.051403	-167.453992	0	T:1192.0(13.88%),B:3275.2(8.07%),P:1e-72	Tpos:286.0,Tstd:223.4,Bpos:256.5,Bstd:151.4,StrandBias:0.1,Multiplicity:1.13
0.997	0.001	0.001	0.001
0.001	0.001	0.001	0.997
0.001	0.001	0.997	0.001
0.997	0.001	0.001	0.001
0.001	0.997	0.001	0.001
0.001	0.001	0.001	0.997
0.893	0.001	0.105	0.001
0.001	0.001	0.907	0.091
>GCCACACC	16-GCCACACC	5.909969	-166.909643	0	T:1712.0(19.93%),B:5259.7(12.95%),P:1e-72	Tpos:313.8,Tstd:224.3,Bpos:252.3,Bstd:152.3,StrandBias:0.0,Multiplicity:1.22
0.027	0.001	0.971	0.001
0.025	0.973	0.001	0.001
0.001	0.997	0.001	0.001
0.923	0.075	0.001	0.001
0.001	0.997	0.001	0.001
0.916	0.001	0.082	0.001
0.001	0.977	0.001	0.021
0.001	0.997	0.001	0.001
>TCACACCT	17-TCACACCT	6.251395	-165.592341	0	T:1405.0(16.36%),B:4082.8(10.05%),P:1e-71	Tpos:300.7,Tstd:243.3,Bpos:249.6,Bstd:155.5,StrandBias:-0.1,Multiplicity:1.11
0.001	0.001	0.001	0.997
0.177	0.625	0.197	0.001
0.997	0.001	0.001	0.001
0.001	0.997	0.001	0.001
0.997	0.001	0.001	0.001
0.001	0.997	0.001	0.001
0.001	0.946	0.052	0.001
0.001	0.125	0.001	0.873
>GCTTTGAA	18-GCTTTGAA	6.310287	-114.890784	0	T:1594.0(18.56%),B:5224.7(12.87%),P:1e-49	Tpos:307.3,Tstd:226.7,Bpos:253.5,Bstd:153.3,StrandBias:-0.1,Multiplicity:1.13
0.001	0.043	0.955	0.001
0.001	0.711	0.002	0.286
0.001	0.001	0.001	0.997
0.001	0.001	0.001	0.997
0.001	0.001	0.001	0.997
0.001	0.001	0.997	0.001
0.997	0.001	0.001	0.001
0.693	0.001	0.001	0.305
>CGGGGAAA	19-CGGGGAAA	3.893485	-109.595310	0	T:1613.0(18.78%),B:5351.0(13.18%),P:1e-47	Tpos:303.6,Tstd:232.9,Bpos:250.3,Bstd:150.2,StrandBias:-0.0,Multiplicity:1.11
0.001	0.776	0.001	0.222
0.001	0.001	0.997	0.001
0.001	0.001	0.861	0.137
0.001	0.115	0.883	0.001
0.001	0.001	0.997	0.001
0.997	0.001	0.001	0.001
0.997	0.001	0.001	0.001
0.997	0.001	0.001	0.001
>GGGGGTTT	20-GGGGGTTT	7.946644	-94.560068	0	T:927.0(10.79%),B:2773.2(6.83%),P:1e-41	Tpos:300.5,Tstd:221.2,Bpos:245.2,Bstd:151.8,StrandBias:-0.2,Multiplicity:1.09
0.029	0.018	0.751	0.202
0.001	0.001	0.967	0.031
0.021	0.001	0.866	0.112
0.041	0.052	0.883	0.024
0.124	0.031	0.612	0.233
0.011	0.001	0.001	0.987
0.001	0.001	0.001	0.997
0.001	0.001	0.001	0.997
>YGTGGGCT	21-YGTGGGCT	7.154035	-86.483034	0	T:1372.0(15.98%),B:4600.9(11.33%),P:1e-37	Tpos:302.0,Tstd:242.1,Bpos:251.1,Bstd:152.0,StrandBias:-0.0,Multiplicity:1.10
0.001	0.516	0.001	0.482
0.001	0.001	0.997	0.001
0.001	0.001	0.001	0.997
0.392	0.001	0.606	0.001
0.001	0.001	0.997	0.001
0.001	0.001	0.997	0.001
0.001	0.914	0.001	0.084
0.074	0.001	0.001	0.924
>TGACGTCA	22-TGACGTCA	5.469682	-83.792522	0	T:2110.0(24.57%),B:7721.7(19.02%),P:1e-36	Tpos:300.4,Tstd:232.0,Bpos:251.5,Bstd:157.3,StrandBias:0.0,Multiplicity:1.20
0.093	0.053	0.100	0.754
0.198	0.090	0.575	0.137
0.699	0.084	0.126	0.091
0.001	0.826	0.171	0.002
0.060	0.062	0.859	0.019
0.040	0.041	0.015	0.904
0.119	0.685	0.135	0.061
0.708	0.001	0.079	0.212
>CTTTCGTG	23-CTTTCGTG	4.102696	-70.031218	0	T:680.0(7.92%),B:2023.4(4.98%),P:1e-30	Tpos:295.1,Tstd:223.8,Bpos:256.8,Bstd:148.4,StrandBias:-0.1,Multiplicity:1.06
0.001	0.997	0.001	0.001
0.001	0.001	0.001	0.997
0.001	0.001	0.001	0.997
0.001	0.001	0.001	0.997
0.001	0.997	0.001	0.001
0.058	0.001	0.940	0.001
0.001	0.001	0.001	0.997
0.001	0.215	0.783	0.001
>TCTGCGGT	24-TCTGCGGT	8.464495	-46.587161	0	T:412.0(4.80%),B:1196.0(2.95%),P:1e-20	Tpos:299.9,Tstd:229.2,Bpos:252.7,Bstd:160.4,StrandBias:0.1,Multiplicity:1.05
0.001	0.144	0.170	0.685
0.001	0.997	0.001	0.001
0.001	0.001	0.001	0.997
0.001	0.001	0.874	0.124
0.001	0.997	0.001	0.001
0.001	0.001	0.997	0.001
0.001	0.001	0.865	0.133
0.001	0.001	0.001	0.997
>GCCCCTCC	25-GCCCCTCC	8.236954	-35.529183	0	T:436.0(5.08%),B:1375.2(3.39%),P:1e-15	Tpos:330.6,Tstd:249.7,Bpos:253.0,Bstd:147.5,StrandBias:0.2,Multiplicity:1.08
0.100	0.100	0.700	0.100
0.100	0.700	0.100	0.100
0.100	0.700	0.100	0.100
0.100	0.700	0.100	0.100
0.100	0.700	0.100	0.100
0.100	0.100	0.100	0.700
0.100	0.700	0.100	0.100
0.100	0.700	0.100	0.100
