Factor1: 0.9576563542307126
Factor2: 1.0442159085377791
