>ACATCAAAGV	1-ACATCAAAGV	7.613143	-780.045938	0	T:1444.0(31.30%),B:4493.1(10.14%),P:1e-338	Tpos:265.1,Tstd:177.7,Bpos:230.2,Bstd:143.4,StrandBias:0.0,Multiplicity:1.27
0.694	0.036	0.156	0.114
0.050	0.602	0.294	0.054
0.760	0.001	0.003	0.236
0.084	0.001	0.001	0.914
0.037	0.805	0.131	0.027
0.956	0.001	0.001	0.042
0.902	0.058	0.033	0.007
0.961	0.001	0.037	0.001
0.111	0.095	0.774	0.020
0.378	0.234	0.320	0.068
>TGAGTCATCG	2-TGAGTCATCG	6.819108	-520.987866	0	T:1029.0(22.30%),B:3230.1(7.29%),P:1e-226	Tpos:253.8,Tstd:163.7,Bpos:232.7,Bstd:142.4,StrandBias:0.0,Multiplicity:1.17
0.019	0.023	0.005	0.953
0.023	0.008	0.926	0.043
0.973	0.014	0.007	0.006
0.016	0.261	0.714	0.009
0.020	0.008	0.009	0.963
0.038	0.937	0.017	0.008
0.989	0.009	0.001	0.001
0.014	0.150	0.145	0.691
0.198	0.434	0.131	0.237
0.164	0.184	0.422	0.231
>CACTTCCTGT	3-CACTTCCTGT	8.672931	-313.740191	0	T:974.0(21.11%),B:3991.0(9.01%),P:1e-136	Tpos:263.7,Tstd:181.0,Bpos:239.1,Bstd:141.0,StrandBias:0.1,Multiplicity:1.12
0.140	0.483	0.165	0.213
0.742	0.001	0.256	0.001
0.001	0.610	0.014	0.375
0.069	0.001	0.001	0.929
0.001	0.001	0.001	0.997
0.001	0.997	0.001	0.001
0.001	0.997	0.001	0.001
0.001	0.001	0.010	0.988
0.001	0.234	0.686	0.079
0.001	0.280	0.047	0.672
>CCACATCAAA	4-CCACATCAAA	8.488173	-294.032459	0	T:520.0(11.27%),B:1447.2(3.27%),P:1e-127	Tpos:274.4,Tstd:176.7,Bpos:234.9,Bstd:138.3,StrandBias:-0.3,Multiplicity:1.04
0.001	0.997	0.001	0.001
0.001	0.975	0.022	0.002
0.986	0.001	0.012	0.001
0.001	0.997	0.001	0.001
0.909	0.001	0.025	0.065
0.074	0.001	0.045	0.880
0.058	0.594	0.174	0.174
0.907	0.001	0.001	0.091
0.798	0.028	0.173	0.001
0.648	0.001	0.145	0.206
>CTTTGAAGTK	5-CTTTGAAGTK	6.947078	-273.172812	0	T:1457.0(31.58%),B:7750.6(17.50%),P:1e-118	Tpos:269.1,Tstd:186.6,Bpos:236.9,Bstd:145.3,StrandBias:0.1,Multiplicity:1.21
0.024	0.780	0.036	0.160
0.001	0.048	0.001	0.950
0.001	0.031	0.001	0.967
0.017	0.001	0.001	0.981
0.062	0.106	0.620	0.212
0.826	0.026	0.001	0.147
0.766	0.099	0.106	0.029
0.077	0.193	0.488	0.242
0.178	0.266	0.105	0.451
0.173	0.112	0.402	0.314
>GYGTGGGYGK	6-GYGTGGGYGK	7.652559	-241.628111	0	T:943.0(20.44%),B:4297.3(9.70%),P:1e-104	Tpos:270.7,Tstd:180.3,Bpos:237.0,Bstd:149.3,StrandBias:0.1,Multiplicity:1.15
0.213	0.260	0.526	0.001
0.182	0.401	0.044	0.372
0.001	0.001	0.997	0.001
0.001	0.001	0.001	0.997
0.309	0.001	0.679	0.011
0.093	0.001	0.886	0.020
0.001	0.001	0.997	0.001
0.214	0.386	0.041	0.359
0.090	0.056	0.656	0.198
0.147	0.001	0.483	0.369
>TTATGCAAAT	7-TTATGCAAAT	7.679945	-231.005106	0	T:456.0(9.88%),B:1371.6(3.10%),P:1e-100	Tpos:253.8,Tstd:171.1,Bpos:237.2,Bstd:141.3,StrandBias:0.1,Multiplicity:1.10
0.209	0.133	0.180	0.478
0.035	0.030	0.044	0.891
0.989	0.001	0.001	0.009
0.008	0.021	0.001	0.970
0.001	0.001	0.997	0.001
0.001	0.985	0.001	0.013
0.997	0.001	0.001	0.001
0.997	0.001	0.001	0.001
0.977	0.001	0.003	0.019
0.021	0.016	0.045	0.918
>GGGAAACCCC	8-GGGAAACCCC	8.705010	-186.219397	0	T:469.0(10.16%),B:1656.5(3.74%),P:1e-80	Tpos:248.3,Tstd:164.2,Bpos:233.5,Bstd:135.3,StrandBias:0.1,Multiplicity:1.09
0.006	0.001	0.916	0.077
0.001	0.001	0.997	0.001
0.344	0.010	0.645	0.001
0.748	0.001	0.250	0.001
0.997	0.001	0.001	0.001
0.605	0.022	0.144	0.229
0.217	0.403	0.144	0.237
0.084	0.751	0.001	0.164
0.015	0.983	0.001	0.001
0.001	0.997	0.001	0.001
>KARTGGAAAC	9-KARTGGAAAC	7.683516	-139.559449	0	T:830.0(17.99%),B:4424.1(9.99%),P:1e-60	Tpos:269.1,Tstd:183.9,Bpos:236.1,Bstd:141.5,StrandBias:-0.0,Multiplicity:1.12
0.209	0.198	0.223	0.370
0.656	0.140	0.103	0.101
0.504	0.028	0.436	0.032
0.128	0.047	0.027	0.798
0.076	0.031	0.854	0.039
0.026	0.008	0.963	0.003
0.997	0.001	0.001	0.001
0.997	0.001	0.001	0.001
0.997	0.001	0.001	0.001
0.127	0.726	0.070	0.077
>TGAGTCACTG	10-TGAGTCACTG	7.106262	-124.962965	0	T:1060.0(22.97%),B:6358.9(14.36%),P:1e-54	Tpos:272.5,Tstd:199.4,Bpos:234.7,Bstd:144.5,StrandBias:-0.0,Multiplicity:1.14
0.045	0.001	0.167	0.787
0.001	0.143	0.694	0.162
0.788	0.112	0.001	0.099
0.104	0.001	0.836	0.059
0.017	0.044	0.001	0.938
0.172	0.661	0.112	0.055
0.995	0.001	0.001	0.003
0.064	0.846	0.089	0.001
0.160	0.058	0.001	0.781
0.039	0.089	0.677	0.195
>MYTASTCATH	11-MYTASTCATH	6.353416	-107.979329	0	T:324.0(7.02%),B:1257.3(2.84%),P:1e-46	Tpos:254.3,Tstd:183.9,Bpos:232.1,Bstd:142.5,StrandBias:-0.1,Multiplicity:1.04
0.392	0.354	0.106	0.148
0.192	0.283	0.132	0.393
0.089	0.286	0.189	0.436
0.730	0.110	0.055	0.105
0.098	0.306	0.424	0.173
0.065	0.028	0.090	0.817
0.086	0.834	0.057	0.023
0.619	0.065	0.262	0.054
0.081	0.155	0.305	0.459
0.297	0.315	0.159	0.229
>BTATCAAAGG	12-BTATCAAAGG	7.645544	-86.670518	0	T:657.0(14.24%),B:3755.8(8.48%),P:1e-37	Tpos:248.8,Tstd:180.7,Bpos:233.9,Bstd:145.5,StrandBias:-0.0,Multiplicity:1.04
0.001	0.351	0.363	0.285
0.246	0.001	0.054	0.699
0.553	0.001	0.057	0.389
0.180	0.001	0.029	0.790
0.001	0.801	0.197	0.001
0.983	0.001	0.005	0.011
0.997	0.001	0.001	0.001
0.997	0.001	0.001	0.001
0.001	0.121	0.877	0.001
0.014	0.263	0.642	0.081
>NVTGACGTCA	13-NVTGACGTCA	6.410563	-82.334909	0	T:675.0(14.63%),B:3949.3(8.92%),P:1e-35	Tpos:264.9,Tstd:181.6,Bpos:235.5,Bstd:147.4,StrandBias:-0.1,Multiplicity:1.11
0.220	0.246	0.236	0.297
0.314	0.259	0.393	0.035
0.234	0.001	0.001	0.764
0.077	0.291	0.511	0.121
0.911	0.087	0.001	0.001
0.018	0.669	0.150	0.163
0.209	0.083	0.599	0.109
0.001	0.001	0.156	0.842
0.067	0.488	0.303	0.142
0.620	0.055	0.001	0.324
>MRACAGCTGT	14-MRACAGCTGT	7.254356	-80.508125	0	T:1190.0(25.79%),B:8140.2(18.38%),P:1e-34	Tpos:267.7,Tstd:195.4,Bpos:233.4,Bstd:142.1,StrandBias:-0.2,Multiplicity:1.15
0.570	0.428	0.001	0.001
0.428	0.137	0.307	0.128
0.524	0.069	0.182	0.225
0.001	0.837	0.161	0.001
0.997	0.001	0.001	0.001
0.001	0.250	0.595	0.154
0.220	0.778	0.001	0.001
0.057	0.001	0.001	0.941
0.001	0.192	0.806	0.001
0.261	0.259	0.056	0.425
>CTTTCACTTT	15-CTTTCACTTT	8.769573	-78.693259	0	T:423.0(9.17%),B:2140.6(4.83%),P:1e-34	Tpos:278.0,Tstd:198.8,Bpos:237.6,Bstd:146.1,StrandBias:0.2,Multiplicity:1.05
0.001	0.639	0.271	0.089
0.001	0.001	0.001	0.997
0.001	0.125	0.001	0.873
0.066	0.001	0.100	0.833
0.069	0.871	0.001	0.059
0.741	0.001	0.158	0.100
0.001	0.774	0.001	0.224
0.001	0.001	0.001	0.997
0.122	0.001	0.001	0.876
0.136	0.218	0.001	0.645
>GTTGTGGTTA	16-GTTGTGGTTA	9.541463	-78.040775	0	T:161.0(3.49%),B:496.5(1.12%),P:1e-33	Tpos:275.5,Tstd:171.9,Bpos:228.8,Bstd:138.6,StrandBias:-0.2,Multiplicity:1.00
0.001	0.064	0.751	0.184
0.018	0.078	0.087	0.817
0.001	0.001	0.001	0.997
0.001	0.125	0.873	0.001
0.001	0.001	0.001	0.997
0.001	0.001	0.926	0.072
0.014	0.042	0.910	0.034
0.001	0.001	0.001	0.997
0.001	0.001	0.001	0.997
0.797	0.016	0.001	0.186
>CCCCCCCCCC	17-CCCCCCCCCC	6.404373	-78.019459	0	T:1907.0(41.33%),B:14493.3(32.72%),P:1e-33	Tpos:283.8,Tstd:204.5,Bpos:234.2,Bstd:140.3,StrandBias:0.1,Multiplicity:1.83
0.100	0.700	0.100	0.100
0.100	0.700	0.100	0.100
0.100	0.700	0.100	0.100
0.100	0.700	0.100	0.100
0.100	0.700	0.100	0.100
0.100	0.700	0.100	0.100
0.100	0.700	0.100	0.100
0.100	0.700	0.100	0.100
0.100	0.700	0.100	0.100
0.100	0.700	0.100	0.100
>TTACGWAAGC	18-TTACGWAAGC	6.939525	-70.749522	0	T:668.0(14.48%),B:4060.9(9.17%),P:1e-30	Tpos:284.7,Tstd:206.0,Bpos:237.3,Bstd:145.4,StrandBias:0.0,Multiplicity:1.10
0.205	0.001	0.001	0.793
0.036	0.001	0.198	0.765
0.487	0.081	0.177	0.255
0.001	0.662	0.001	0.336
0.174	0.001	0.824	0.001
0.505	0.124	0.001	0.370
0.856	0.142	0.001	0.001
0.864	0.001	0.061	0.074
0.086	0.001	0.912	0.001
0.165	0.440	0.182	0.213
>GGTTTTTTTT	19-GGTTTTTTTT	6.874468	-53.662913	0	T:1136.0(24.62%),B:8256.5(18.64%),P:1e-23	Tpos:282.5,Tstd:203.3,Bpos:236.8,Bstd:150.3,StrandBias:0.0,Multiplicity:1.23
0.041	0.059	0.850	0.050
0.031	0.076	0.862	0.031
0.044	0.078	0.138	0.740
0.084	0.031	0.061	0.824
0.057	0.057	0.084	0.802
0.016	0.046	0.101	0.837
0.042	0.058	0.113	0.787
0.093	0.079	0.083	0.745
0.095	0.057	0.086	0.762
0.084	0.059	0.061	0.796
>CCATRGCGAC	20-CCATRGCGAC	9.890744	-39.075030	0	T:91.0(1.97%),B:308.0(0.70%),P:1e-16	Tpos:262.0,Tstd:154.9,Bpos:231.8,Bstd:147.0,StrandBias:0.3,Multiplicity:1.18
0.037	0.961	0.001	0.001
0.012	0.576	0.001	0.411
0.558	0.124	0.292	0.026
0.001	0.080	0.096	0.823
0.488	0.096	0.415	0.001
0.015	0.125	0.858	0.002
0.001	0.924	0.001	0.074
0.417	0.001	0.576	0.006
0.893	0.001	0.049	0.057
0.001	0.997	0.001	0.001
>TCAAAACCGC	21-TCAAAACCGC	8.336130	-38.618469	0	T:94.0(2.04%),B:328.0(0.74%),P:1e-16	Tpos:286.5,Tstd:215.2,Bpos:226.9,Bstd:142.8,StrandBias:0.5,Multiplicity:1.01
0.092	0.127	0.142	0.639
0.164	0.575	0.014	0.247
0.636	0.047	0.044	0.273
0.635	0.119	0.213	0.033
0.709	0.103	0.144	0.044
0.941	0.022	0.018	0.019
0.125	0.824	0.038	0.013
0.010	0.692	0.180	0.118
0.222	0.097	0.626	0.055
0.210	0.775	0.003	0.012
>ATTTGAAKGY	22-ATTTGAAKGY	7.720592	-34.485906	0	T:580.0(12.57%),B:4002.1(9.04%),P:1e-14	Tpos:261.3,Tstd:195.8,Bpos:235.4,Bstd:138.7,StrandBias:0.1,Multiplicity:1.09
0.574	0.001	0.155	0.270
0.001	0.001	0.001	0.997
0.272	0.181	0.001	0.546
0.001	0.001	0.001	0.997
0.330	0.001	0.668	0.001
0.997	0.001	0.001	0.001
0.759	0.239	0.001	0.001
0.001	0.163	0.388	0.448
0.001	0.236	0.762	0.001
0.055	0.379	0.171	0.395
>GCTTAGCAAC	23-GCTTAGCAAC	9.664697	-34.459626	0	T:92.0(1.99%),B:339.0(0.77%),P:1e-14	Tpos:281.7,Tstd:181.9,Bpos:221.6,Bstd:148.5,StrandBias:-0.2,Multiplicity:1.00
0.019	0.123	0.800	0.058
0.014	0.921	0.064	0.001
0.027	0.082	0.001	0.890
0.098	0.001	0.001	0.900
0.997	0.001	0.001	0.001
0.021	0.001	0.977	0.001
0.001	0.904	0.058	0.037
0.946	0.015	0.038	0.001
0.979	0.001	0.019	0.001
0.001	0.795	0.203	0.001
>AAGGGCGTGG	24-AAGGGCGTGG	10.296193	-14.174487	0	T:12.0(0.26%),B:18.8(0.04%),P:1e-6	Tpos:200.4,Tstd:111.4,Bpos:231.5,Bstd:118.4,StrandBias:1.0,Multiplicity:1.00
0.700	0.100	0.100	0.100
0.700	0.100	0.100	0.100
0.100	0.100	0.700	0.100
0.100	0.100	0.700	0.100
0.100	0.100	0.700	0.100
0.100	0.700	0.100	0.100
0.100	0.100	0.700	0.100
0.100	0.100	0.100	0.700
0.100	0.100	0.700	0.100
0.100	0.100	0.700	0.100
>CTGGTTAGTG	25-CTGGTTAGTG	11.342312	-5.838240	0	T:10.0(0.22%),B:33.2(0.08%),P:1e-2	Tpos:307.4,Tstd:299.3,Bpos:276.4,Bstd:143.0,StrandBias:1.6,Multiplicity:2.00
0.001	0.997	0.001	0.001
0.001	0.131	0.001	0.867
0.001	0.001	0.997	0.001
0.001	0.001	0.997	0.001
0.001	0.001	0.001	0.997
0.001	0.001	0.001	0.997
0.997	0.001	0.001	0.001
0.001	0.001	0.997	0.001
0.001	0.095	0.001	0.903
0.001	0.001	0.997	0.001
>CTTTGATGTKNN	1-CTTTGATGTKNN	7.837797	-695.804585	0	T:1348.0(29.22%),B:4293.0(9.69%),P:1e-302	Tpos:268.2,Tstd:179.5,Bpos:233.7,Bstd:143.5,StrandBias:-0.0,Multiplicity:1.26
0.001	0.667	0.113	0.219
0.001	0.073	0.001	0.925
0.001	0.080	0.105	0.814
0.001	0.001	0.001	0.997
0.028	0.189	0.721	0.062
0.922	0.001	0.001	0.076
0.316	0.001	0.001	0.682
0.001	0.316	0.643	0.040
0.178	0.107	0.001	0.714
0.098	0.213	0.326	0.363
0.275	0.173	0.264	0.289
0.234	0.266	0.199	0.301
>NNVTGASTCANN	2-NNVTGASTCANN	6.657555	-529.046279	0	T:1042.0(22.58%),B:3268.0(7.38%),P:1e-229	Tpos:254.5,Tstd:165.0,Bpos:232.8,Bstd:141.6,StrandBias:0.0,Multiplicity:1.18
0.242	0.215	0.254	0.289
0.249	0.201	0.249	0.301
0.326	0.296	0.270	0.109
0.072	0.001	0.063	0.864
0.001	0.062	0.746	0.191
0.903	0.001	0.024	0.072
0.061	0.397	0.453	0.089
0.113	0.055	0.094	0.738
0.094	0.812	0.093	0.001
0.776	0.059	0.009	0.156
0.179	0.242	0.267	0.312
0.241	0.290	0.205	0.263
>AACCACATCAAA	3-AACCACATCAAA	9.034128	-357.356689	0	T:455.0(9.86%),B:947.1(2.14%),P:1e-155	Tpos:261.8,Tstd:174.8,Bpos:233.4,Bstd:139.7,StrandBias:-0.3,Multiplicity:1.05
0.555	0.111	0.132	0.202
0.786	0.080	0.133	0.001
0.001	0.991	0.007	0.001
0.033	0.965	0.001	0.001
0.991	0.001	0.007	0.001
0.001	0.943	0.055	0.001
0.810	0.008	0.008	0.174
0.190	0.069	0.064	0.677
0.118	0.564	0.211	0.107
0.703	0.065	0.008	0.224
0.475	0.157	0.257	0.111
0.588	0.008	0.163	0.241
>CACTTCCTGYNH	4-CACTTCCTGYNH	9.422085	-278.946658	0	T:696.0(15.08%),B:2478.9(5.60%),P:1e-121	Tpos:259.8,Tstd:174.6,Bpos:237.4,Bstd:138.2,StrandBias:0.1,Multiplicity:1.08
0.191	0.431	0.200	0.178
0.956	0.001	0.001	0.042
0.001	0.551	0.095	0.353
0.149	0.001	0.001	0.849
0.001	0.001	0.001	0.997
0.001	0.997	0.001	0.001
0.001	0.997	0.001	0.001
0.001	0.001	0.001	0.997
0.013	0.306	0.504	0.177
0.001	0.424	0.011	0.564
0.217	0.308	0.187	0.288
0.312	0.226	0.151	0.310
>GTNATTTGCATA	5-GTNATTTGCATA	8.997383	-211.513774	0	T:267.0(5.79%),B:545.7(1.23%),P:1e-91	Tpos:256.3,Tstd:165.7,Bpos:246.2,Bstd:133.7,StrandBias:0.0,Multiplicity:1.05
0.098	0.205	0.536	0.161
0.227	0.125	0.110	0.538
0.239	0.212	0.254	0.295
0.884	0.012	0.015	0.089
0.001	0.014	0.001	0.984
0.001	0.001	0.001	0.997
0.001	0.001	0.001	0.997
0.011	0.001	0.987	0.001
0.020	0.978	0.001	0.001
0.997	0.001	0.001	0.001
0.001	0.020	0.001	0.978
0.889	0.001	0.050	0.060
>DGGGGAATTCCC	6-DGGGGAATTCCC	8.887252	-203.216643	0	T:280.0(6.07%),B:622.7(1.41%),P:1e-88	Tpos:250.0,Tstd:153.1,Bpos:239.8,Bstd:125.2,StrandBias:-0.1,Multiplicity:1.04
0.379	0.068	0.297	0.256
0.185	0.003	0.699	0.113
0.017	0.001	0.973	0.009
0.033	0.001	0.940	0.026
0.343	0.003	0.625	0.029
0.702	0.090	0.152	0.056
0.544	0.113	0.046	0.297
0.158	0.093	0.137	0.612
0.044	0.336	0.026	0.594
0.048	0.662	0.002	0.288
0.013	0.947	0.003	0.037
0.091	0.827	0.009	0.073
>GNGKGGGHGGKK	7-GNGKGGGHGGKK	8.063343	-196.622812	0	T:1424.0(30.86%),B:8325.4(18.80%),P:1e-85	Tpos:277.9,Tstd:199.7,Bpos:235.1,Bstd:138.3,StrandBias:-0.1,Multiplicity:1.38
0.271	0.112	0.597	0.020
0.306	0.192	0.196	0.305
0.001	0.001	0.997	0.001
0.204	0.001	0.339	0.456
0.186	0.001	0.812	0.001
0.001	0.001	0.997	0.001
0.001	0.001	0.997	0.001
0.302	0.343	0.001	0.354
0.162	0.001	0.665	0.172
0.001	0.001	0.789	0.209
0.270	0.001	0.428	0.301
0.218	0.026	0.444	0.312
>GCCTTTGAAAHH	8-GCCTTTGAAAHH	7.238621	-185.453892	0	T:1287.0(27.89%),B:7376.3(16.65%),P:1e-80	Tpos:278.8,Tstd:199.2,Bpos:234.5,Bstd:143.6,StrandBias:0.2,Multiplicity:1.14
0.167	0.169	0.517	0.147
0.141	0.483	0.329	0.047
0.050	0.751	0.001	0.198
0.001	0.001	0.001	0.997
0.001	0.073	0.032	0.894
0.001	0.001	0.001	0.997
0.001	0.253	0.745	0.001
0.799	0.001	0.001	0.199
0.641	0.065	0.143	0.151
0.504	0.187	0.212	0.097
0.300	0.353	0.123	0.224
0.334	0.334	0.028	0.305
>GTGACTCATTGB	9-GTGACTCATTGB	7.400536	-162.220045	0	T:522.0(11.31%),B:2118.8(4.78%),P:1e-70	Tpos:285.6,Tstd:214.7,Bpos:233.6,Bstd:138.1,StrandBias:0.2,Multiplicity:1.03
0.154	0.111	0.718	0.017
0.252	0.206	0.087	0.455
0.034	0.001	0.948	0.017
0.931	0.051	0.001	0.017
0.051	0.771	0.149	0.029
0.085	0.017	0.188	0.710
0.085	0.863	0.001	0.051
0.812	0.017	0.120	0.051
0.001	0.050	0.001	0.948
0.155	0.007	0.034	0.804
0.206	0.124	0.490	0.179
0.159	0.291	0.322	0.228
>GTTTCCTTTGAT	10-GTTTCCTTTGAT	6.899571	-128.604569	0	T:1627.0(35.26%),B:10985.4(24.80%),P:1e-55	Tpos:264.0,Tstd:192.6,Bpos:236.4,Bstd:144.8,StrandBias:0.1,Multiplicity:1.24
0.099	0.093	0.678	0.130
0.052	0.106	0.098	0.744
0.066	0.111	0.123	0.700
0.050	0.079	0.083	0.788
0.064	0.684	0.142	0.110
0.072	0.784	0.002	0.142
0.044	0.036	0.008	0.912
0.001	0.121	0.133	0.745
0.062	0.001	0.037	0.900
0.059	0.108	0.727	0.106
0.646	0.108	0.114	0.132
0.117	0.092	0.098	0.693
>GGAAADDATGAC	11-GGAAADDATGAC	10.439184	-100.800796	0	T:138.0(2.99%),B:305.3(0.69%),P:1e-43	Tpos:247.7,Tstd:172.3,Bpos:229.6,Bstd:134.3,StrandBias:0.2,Multiplicity:1.02
0.157	0.001	0.841	0.001
0.001	0.001	0.997	0.001
0.997	0.001	0.001	0.001
0.997	0.001	0.001	0.001
0.997	0.001	0.001	0.001
0.334	0.111	0.312	0.242
0.253	0.090	0.301	0.356
0.710	0.144	0.145	0.001
0.001	0.001	0.001	0.997
0.001	0.001	0.859	0.139
0.997	0.001	0.001	0.001
0.001	0.705	0.172	0.122
>GGGGGAAAACCC	12-GGGGGAAAACCC	8.850812	-93.642128	0	T:310.0(6.72%),B:1266.3(2.86%),P:1e-40	Tpos:255.8,Tstd:182.0,Bpos:235.6,Bstd:139.1,StrandBias:0.1,Multiplicity:1.02
0.184	0.001	0.584	0.231
0.063	0.001	0.769	0.167
0.072	0.003	0.887	0.038
0.226	0.001	0.736	0.037
0.135	0.035	0.808	0.022
0.760	0.059	0.165	0.016
0.938	0.042	0.019	0.001
0.915	0.035	0.049	0.001
0.589	0.182	0.198	0.031
0.084	0.827	0.059	0.030
0.137	0.803	0.008	0.052
0.147	0.699	0.008	0.146
>TAAACAGGAAGC	13-TAAACAGGAAGC	9.382272	-91.652056	0	T:233.0(5.05%),B:821.7(1.86%),P:1e-39	Tpos:229.6,Tstd:157.0,Bpos:243.9,Bstd:135.0,StrandBias:-0.2,Multiplicity:1.01
0.052	0.056	0.073	0.819
0.783	0.053	0.066	0.098
0.776	0.060	0.074	0.090
0.817	0.058	0.074	0.051
0.086	0.791	0.063	0.060
0.918	0.013	0.007	0.062
0.037	0.024	0.906	0.033
0.057	0.036	0.868	0.039
0.863	0.079	0.025	0.033
0.856	0.019	0.065	0.060
0.149	0.079	0.740	0.032
0.064	0.866	0.026	0.044
>ACTTTCACTTTC	14-ACTTTCACTTTC	9.132317	-58.686736	0	T:296.0(6.42%),B:1459.2(3.29%),P:1e-25	Tpos:270.9,Tstd:201.1,Bpos:231.5,Bstd:147.9,StrandBias:0.2,Multiplicity:1.05
0.777	0.056	0.060	0.107
0.040	0.810	0.080	0.070
0.060	0.052	0.028	0.860
0.029	0.067	0.040	0.864
0.068	0.077	0.040	0.815
0.046	0.825	0.065	0.064
0.805	0.070	0.044	0.081
0.076	0.793	0.068	0.063
0.032	0.054	0.009	0.905
0.067	0.045	0.050	0.838
0.019	0.065	0.044	0.872
0.057	0.841	0.044	0.058
>CACTTCCTCTCT	15-CACTTCCTCTCT	7.990928	-57.616754	0	T:746.0(16.17%),B:4898.4(11.06%),P:1e-25	Tpos:271.2,Tstd:178.9,Bpos:235.1,Bstd:137.3,StrandBias:-0.1,Multiplicity:1.09
0.162	0.730	0.012	0.096
0.796	0.097	0.069	0.038
0.076	0.725	0.188	0.011
0.212	0.292	0.001	0.495
0.001	0.059	0.129	0.811
0.015	0.721	0.224	0.040
0.075	0.729	0.001	0.195
0.017	0.015	0.001	0.967
0.074	0.646	0.142	0.138
0.339	0.027	0.001	0.633
0.017	0.598	0.021	0.364
0.121	0.013	0.001	0.865
>GTCACGTGACAC	16-GTCACGTGACAC	7.201246	-52.902102	0	T:427.0(9.25%),B:2471.2(5.58%),P:1e-22	Tpos:271.7,Tstd:182.0,Bpos:241.2,Bstd:147.2,StrandBias:0.2,Multiplicity:1.05
0.086	0.102	0.720	0.092
0.104	0.077	0.097	0.722
0.047	0.815	0.070	0.068
0.805	0.049	0.043	0.103
0.078	0.695	0.105	0.122
0.107	0.080	0.741	0.072
0.081	0.025	0.101	0.793
0.061	0.079	0.808	0.052
0.666	0.082	0.115	0.137
0.090	0.747	0.092	0.071
0.742	0.108	0.045	0.105
0.052	0.747	0.114	0.087
>TGCCATGGCAAC	17-TGCCATGGCAAC	9.650365	-52.102256	0	T:129.0(2.80%),B:450.9(1.02%),P:1e-22	Tpos:257.5,Tstd:160.8,Bpos:229.4,Bstd:147.9,StrandBias:-0.2,Multiplicity:1.02
0.070	0.106	0.028	0.796
0.067	0.017	0.772	0.144
0.076	0.808	0.022	0.094
0.061	0.809	0.026	0.104
0.871	0.020	0.035	0.074
0.067	0.030	0.094	0.809
0.077	0.001	0.896	0.026
0.057	0.043	0.868	0.032
0.094	0.773	0.068	0.065
0.850	0.038	0.058	0.054
0.870	0.035	0.065	0.030
0.044	0.882	0.006	0.068
>CCACTAGAGGGC	18-CCACTAGAGGGC	8.076225	-49.388759	0	T:129.0(2.80%),B:465.8(1.05%),P:1e-21	Tpos:216.6,Tstd:136.1,Bpos:235.6,Bstd:144.0,StrandBias:-0.3,Multiplicity:1.01
0.206	0.614	0.066	0.114
0.089	0.756	0.088	0.067
0.575	0.129	0.098	0.198
0.082	0.597	0.217	0.104
0.154	0.280	0.128	0.438
0.603	0.072	0.129	0.196
0.109	0.137	0.749	0.005
0.568	0.154	0.199	0.079
0.225	0.057	0.558	0.160
0.134	0.114	0.652	0.100
0.064	0.214	0.606	0.116
0.115	0.592	0.117	0.176
>CAGCTGACAGCT	19-CAGCTGACAGCT	7.487221	-48.135932	0	T:742.0(16.08%),B:5049.9(11.40%),P:1e-20	Tpos:270.9,Tstd:192.3,Bpos:236.2,Bstd:143.6,StrandBias:-0.1,Multiplicity:1.16
0.096	0.649	0.161	0.094
0.868	0.010	0.003	0.119
0.099	0.096	0.689	0.116
0.096	0.693	0.103	0.108
0.123	0.005	0.001	0.871
0.130	0.129	0.658	0.083
0.668	0.105	0.108	0.119
0.115	0.798	0.075	0.012
0.856	0.003	0.005	0.136
0.099	0.096	0.714	0.091
0.105	0.754	0.065	0.076
0.120	0.070	0.027	0.783
>AGTGACGTCATC	20-AGTGACGTCATC	9.573180	-45.398284	0	T:135.0(2.93%),B:524.5(1.18%),P:1e-19	Tpos:245.9,Tstd:166.8,Bpos:229.4,Bstd:152.4,StrandBias:-0.1,Multiplicity:1.03
0.741	0.001	0.129	0.129
0.017	0.084	0.882	0.017
0.090	0.001	0.001	0.908
0.001	0.001	0.997	0.001
0.881	0.117	0.001	0.001
0.066	0.688	0.078	0.168
0.083	0.123	0.680	0.114
0.043	0.017	0.072	0.868
0.001	0.937	0.038	0.024
0.826	0.111	0.001	0.062
0.001	0.177	0.181	0.641
0.121	0.773	0.063	0.043
>GGTTTTTTTTTT	21-GGTTTTTTTTTT	9.774472	-38.371380	0	T:340.0(7.37%),B:2020.3(4.56%),P:1e-16	Tpos:275.8,Tstd:215.5,Bpos:237.9,Bstd:159.3,StrandBias:0.3,Multiplicity:1.05
0.054	0.024	0.906	0.016
0.056	0.095	0.779	0.070
0.063	0.039	0.092	0.806
0.082	0.033	0.089	0.796
0.054	0.040	0.034	0.872
0.027	0.051	0.089	0.833
0.068	0.053	0.121	0.758
0.039	0.064	0.046	0.851
0.057	0.016	0.063	0.864
0.073	0.036	0.020	0.871
0.038	0.073	0.068	0.821
0.010	0.086	0.051	0.853
>ACTGGTTAGTGT	22-ACTGGTTAGTGT	11.528871	-12.190220	0	T:6.0(0.13%),B:4.2(0.01%),P:1e-5	Tpos:249.9,Tstd:154.7,Bpos:180.1,Bstd:131.8,StrandBias:2.7,Multiplicity:2.50
0.919	0.079	0.001	0.001
0.001	0.997	0.001	0.001
0.001	0.001	0.001	0.997
0.001	0.001	0.997	0.001
0.001	0.001	0.997	0.001
0.001	0.001	0.079	0.919
0.001	0.001	0.001	0.997
0.997	0.001	0.001	0.001
0.001	0.001	0.997	0.001
0.001	0.001	0.001	0.997
0.001	0.001	0.997	0.001
0.001	0.001	0.001	0.997
>TGTGATGTTACC	23-TGTGATGTTACC	9.131507	-11.725945	0	T:35.0(0.76%),B:145.8(0.33%),P:1e-5	Tpos:246.8,Tstd:188.3,Bpos:225.6,Bstd:129.4,StrandBias:1.0,Multiplicity:1.32
0.001	0.214	0.001	0.784
0.001	0.001	0.735	0.263
0.001	0.001	0.001	0.997
0.062	0.013	0.924	0.001
0.936	0.062	0.001	0.001
0.001	0.001	0.001	0.997
0.001	0.001	0.997	0.001
0.001	0.001	0.001	0.997
0.001	0.062	0.001	0.936
0.875	0.062	0.001	0.062
0.001	0.997	0.001	0.001
0.001	0.997	0.001	0.001
>CACAGTGGGGAC	24-CACAGTGGGGAC	12.355432	-5.514018	0	T:3.0(0.07%),B:3.2(0.01%),P:1e-2	Tpos:209.6,Tstd:147.7,Bpos:395.4,Bstd:48.7,StrandBias:1.8,Multiplicity:3.00
0.100	0.700	0.100	0.100
0.700	0.100	0.100	0.100
0.100	0.700	0.100	0.100
0.700	0.100	0.100	0.100
0.100	0.100	0.700	0.100
0.100	0.100	0.100	0.700
0.100	0.100	0.700	0.100
0.100	0.100	0.700	0.100
0.100	0.100	0.700	0.100
0.100	0.100	0.700	0.100
0.700	0.100	0.100	0.100
0.100	0.700	0.100	0.100
>TGTGCTGGGTAT	25-TGTGCTGGGTAT	10.409522	-1.937814	0	T:17.0(0.37%),B:122.7(0.28%),P:1e0	Tpos:234.9,Tstd:203.0,Bpos:228.7,Bstd:132.3,StrandBias:0.9,Multiplicity:1.53
0.100	0.100	0.100	0.700
0.100	0.100	0.700	0.100
0.100	0.100	0.100	0.700
0.100	0.100	0.700	0.100
0.100	0.700	0.100	0.100
0.100	0.100	0.100	0.700
0.100	0.100	0.700	0.100
0.100	0.100	0.700	0.100
0.100	0.100	0.700	0.100
0.100	0.100	0.100	0.700
0.700	0.100	0.100	0.100
0.100	0.100	0.100	0.700
>CATCAAAG	1-CATCAAAG	6.578035	-574.333038	0	T:1548.0(33.55%),B:6153.3(13.89%),P:1e-249	Tpos:264.3,Tstd:178.3,Bpos:234.3,Bstd:143.1,StrandBias:-0.0,Multiplicity:1.28
0.030	0.690	0.255	0.025
0.722	0.001	0.014	0.263
0.023	0.001	0.001	0.975
0.016	0.917	0.066	0.001
0.997	0.001	0.001	0.001
0.997	0.001	0.001	0.001
0.986	0.001	0.012	0.001
0.025	0.029	0.945	0.001
>ATGAGTCA	2-ATGAGTCA	6.429173	-488.627722	0	T:1085.0(23.52%),B:3700.0(8.35%),P:1e-212	Tpos:254.4,Tstd:166.9,Bpos:231.7,Bstd:144.2,StrandBias:-0.0,Multiplicity:1.18
0.689	0.118	0.146	0.047
0.001	0.002	0.001	0.996
0.001	0.001	0.968	0.030
0.995	0.003	0.001	0.001
0.014	0.290	0.686	0.010
0.001	0.001	0.001	0.997
0.021	0.977	0.001	0.001
0.996	0.001	0.002	0.001
>VTGACTCA	3-VTGACTCA	6.284776	-390.802994	0	T:1606.0(34.81%),B:7825.3(17.67%),P:1e-169	Tpos:277.4,Tstd:204.8,Bpos:235.4,Bstd:143.2,StrandBias:-0.1,Multiplicity:1.15
0.343	0.269	0.242	0.146
0.001	0.125	0.061	0.813
0.001	0.028	0.572	0.399
0.895	0.103	0.001	0.001
0.183	0.426	0.245	0.146
0.001	0.001	0.257	0.741
0.397	0.601	0.001	0.001
0.997	0.001	0.001	0.001
>CYTTTGWW	4-CYTTTGWW	6.922967	-311.823359	0	T:1693.0(36.69%),B:9200.7(20.77%),P:1e-135	Tpos:272.2,Tstd:187.6,Bpos:234.9,Bstd:145.0,StrandBias:-0.1,Multiplicity:1.20
0.001	0.586	0.339	0.074
0.083	0.363	0.184	0.370
0.015	0.001	0.030	0.954
0.001	0.014	0.113	0.872
0.092	0.001	0.001	0.906
0.061	0.039	0.899	0.001
0.461	0.206	0.001	0.333
0.489	0.001	0.050	0.460
>ATTTGCAT	5-ATTTGCAT	8.236954	-211.118396	0	T:313.0(6.78%),B:744.0(1.68%),P:1e-91	Tpos:258.4,Tstd:171.6,Bpos:236.4,Bstd:137.9,StrandBias:0.0,Multiplicity:1.06
0.700	0.100	0.100	0.100
0.100	0.100	0.100	0.700
0.100	0.100	0.100	0.700
0.100	0.100	0.100	0.700
0.100	0.100	0.700	0.100
0.100	0.700	0.100	0.100
0.700	0.100	0.100	0.100
0.100	0.100	0.100	0.700
>CCACCCMC	6-CCACCCMC	6.794426	-199.502300	0	T:1740.0(37.71%),B:10875.4(24.55%),P:1e-86	Tpos:279.7,Tstd:199.4,Bpos:234.8,Bstd:141.3,StrandBias:0.0,Multiplicity:1.50
0.342	0.620	0.001	0.037
0.065	0.767	0.001	0.167
0.559	0.001	0.301	0.139
0.001	0.997	0.001	0.001
0.001	0.925	0.073	0.001
0.001	0.858	0.036	0.105
0.571	0.427	0.001	0.001
0.061	0.827	0.003	0.109
>ACAGGAAG	7-ACAGGAAG	7.437749	-197.968805	0	T:1550.0(33.59%),B:9325.0(21.05%),P:1e-85	Tpos:268.6,Tstd:192.4,Bpos:237.6,Bstd:141.3,StrandBias:-0.0,Multiplicity:1.25
0.867	0.001	0.131	0.001
0.001	0.890	0.108	0.001
0.997	0.001	0.001	0.001
0.001	0.001	0.997	0.001
0.001	0.001	0.997	0.001
0.997	0.001	0.001	0.001
0.893	0.001	0.001	0.105
0.252	0.001	0.746	0.001
>AAACCRCA	8-AAACCRCA	6.537145	-181.108392	0	T:1108.0(24.01%),B:6047.9(13.65%),P:1e-78	Tpos:276.9,Tstd:210.6,Bpos:237.2,Bstd:144.1,StrandBias:-0.1,Multiplicity:1.16
0.699	0.001	0.036	0.264
0.746	0.001	0.101	0.152
0.862	0.118	0.001	0.019
0.001	0.997	0.001	0.001
0.001	0.864	0.103	0.032
0.379	0.100	0.520	0.001
0.097	0.861	0.001	0.041
0.609	0.001	0.250	0.140
>CCACATCA	9-CCACATCA	6.837506	-156.872877	0	T:638.0(13.83%),B:2909.5(6.57%),P:1e-68	Tpos:263.0,Tstd:181.0,Bpos:231.8,Bstd:142.5,StrandBias:-0.1,Multiplicity:1.07
0.001	0.997	0.001	0.001
0.001	0.997	0.001	0.001
0.997	0.001	0.001	0.001
0.001	0.997	0.001	0.001
0.927	0.001	0.071	0.001
0.132	0.001	0.001	0.866
0.001	0.880	0.118	0.001
0.997	0.001	0.001	0.001
>CCTTTTAA	10-CCTTTTAA	7.120885	-140.151138	0	T:1402.0(30.39%),B:8904.1(20.10%),P:1e-60	Tpos:275.0,Tstd:205.8,Bpos:235.7,Bstd:144.1,StrandBias:-0.0,Multiplicity:1.19
0.001	0.583	0.288	0.128
0.001	0.997	0.001	0.001
0.001	0.001	0.001	0.997
0.001	0.001	0.001	0.997
0.001	0.001	0.001	0.997
0.001	0.384	0.001	0.614
0.997	0.001	0.001	0.001
0.608	0.001	0.001	0.390
>TATGCAAA	11-TATGCAAA	9.702831	-138.506211	0	T:456.0(9.88%),B:1866.7(4.21%),P:1e-60	Tpos:247.0,Tstd:170.2,Bpos:241.7,Bstd:140.2,StrandBias:0.2,Multiplicity:1.08
0.001	0.001	0.001	0.997
0.997	0.001	0.001	0.001
0.001	0.001	0.001	0.997
0.001	0.001	0.997	0.001
0.001	0.476	0.255	0.268
0.997	0.001	0.001	0.001
0.997	0.001	0.001	0.001
0.997	0.001	0.001	0.001
>GATCWAAC	12-GATCWAAC	7.620941	-135.079007	0	T:661.0(14.33%),B:3256.5(7.35%),P:1e-58	Tpos:260.6,Tstd:204.8,Bpos:232.0,Bstd:137.9,StrandBias:0.1,Multiplicity:1.09
0.001	0.001	0.997	0.001
0.997	0.001	0.001	0.001
0.001	0.001	0.001	0.997
0.001	0.997	0.001	0.001
0.531	0.001	0.001	0.467
0.716	0.001	0.282	0.001
0.997	0.001	0.001	0.001
0.001	0.758	0.240	0.001
>AACGGAAA	13-AACGGAAA	4.075740	-123.572522	0	T:955.0(20.70%),B:5556.9(12.55%),P:1e-53	Tpos:270.9,Tstd:197.5,Bpos:234.1,Bstd:143.3,StrandBias:0.1,Multiplicity:1.15
0.997	0.001	0.001	0.001
0.685	0.001	0.313	0.001
0.001	0.915	0.019	0.065
0.001	0.001	0.997	0.001
0.001	0.001	0.997	0.001
0.997	0.001	0.001	0.001
0.997	0.001	0.001	0.001
0.997	0.001	0.001	0.001
>TGTTTCCT	14-TGTTTCCT	7.794142	-90.084605	0	T:924.0(20.03%),B:5785.5(13.06%),P:1e-39	Tpos:275.5,Tstd:197.3,Bpos:233.0,Bstd:143.7,StrandBias:0.3,Multiplicity:1.10
0.001	0.090	0.001	0.908
0.001	0.001	0.997	0.001
0.001	0.001	0.072	0.926
0.001	0.001	0.001	0.997
0.001	0.001	0.001	0.997
0.103	0.895	0.001	0.001
0.165	0.761	0.073	0.001
0.159	0.001	0.001	0.839
>TTACGTCA	15-TTACGTCA	6.662293	-82.172690	0	T:610.0(13.22%),B:3459.2(7.81%),P:1e-35	Tpos:264.0,Tstd:197.6,Bpos:236.1,Bstd:147.5,StrandBias:0.0,Multiplicity:1.14
0.143	0.144	0.001	0.712
0.259	0.114	0.217	0.410
0.621	0.001	0.210	0.168
0.001	0.997	0.001	0.001
0.316	0.041	0.642	0.001
0.001	0.001	0.001	0.997
0.083	0.747	0.169	0.001
0.737	0.001	0.001	0.261
>TGTCAGCK	16-TGTCAGCK	3.697321	-78.029879	0	T:1411.0(30.58%),B:10082.6(22.76%),P:1e-33	Tpos:266.6,Tstd:194.6,Bpos:236.2,Bstd:143.6,StrandBias:-0.1,Multiplicity:1.23
0.113	0.001	0.001	0.885
0.001	0.001	0.997	0.001
0.117	0.001	0.001	0.881
0.001	0.997	0.001	0.001
0.997	0.001	0.001	0.001
0.001	0.001	0.799	0.199
0.001	0.997	0.001	0.001
0.001	0.001	0.452	0.546
>CACGTGAC	17-CACGTGAC	6.685064	-69.226441	0	T:772.0(16.73%),B:4905.4(11.08%),P:1e-30	Tpos:268.5,Tstd:187.8,Bpos:232.3,Bstd:147.7,StrandBias:0.2,Multiplicity:1.10
0.061	0.937	0.001	0.001
0.938	0.001	0.015	0.046
0.001	0.807	0.082	0.110
0.001	0.043	0.955	0.001
0.001	0.001	0.001	0.997
0.028	0.056	0.915	0.001
0.947	0.001	0.001	0.051
0.029	0.682	0.127	0.162
>AAACAGCT	18-AAACAGCT	6.707209	-63.874377	0	T:1457.0(31.58%),B:10809.3(24.40%),P:1e-27	Tpos:271.8,Tstd:198.6,Bpos:233.4,Bstd:144.9,StrandBias:-0.1,Multiplicity:1.24
0.800	0.092	0.031	0.077
0.997	0.001	0.001	0.001
0.890	0.037	0.043	0.030
0.027	0.909	0.063	0.001
0.895	0.001	0.012	0.092
0.060	0.050	0.846	0.044
0.001	0.936	0.028	0.035
0.001	0.168	0.021	0.810
>CACTTCAA	19-CACTTCAA	8.236954	-60.012665	0	T:159.0(3.45%),B:576.5(1.30%),P:1e-26	Tpos:289.0,Tstd:166.3,Bpos:241.2,Bstd:147.9,StrandBias:0.0,Multiplicity:1.02
0.100	0.700	0.100	0.100
0.700	0.100	0.100	0.100
0.100	0.700	0.100	0.100
0.100	0.100	0.100	0.700
0.100	0.100	0.100	0.700
0.100	0.700	0.100	0.100
0.700	0.100	0.100	0.100
0.700	0.100	0.100	0.100
>CCTACGCA	20-CCTACGCA	3.981850	-59.143895	0	T:279.0(6.05%),B:1339.6(3.02%),P:1e-25	Tpos:279.7,Tstd:202.6,Bpos:232.1,Bstd:152.8,StrandBias:0.2,Multiplicity:1.06
0.001	0.997	0.001	0.001
0.001	0.997	0.001	0.001
0.001	0.165	0.001	0.833
0.997	0.001	0.001	0.001
0.001	0.997	0.001	0.001
0.001	0.001	0.997	0.001
0.001	0.997	0.001	0.001
0.883	0.001	0.001	0.115
>GGGGATTT	21-GGGGATTT	8.482779	-53.581982	0	T:374.0(8.11%),B:2069.1(4.67%),P:1e-23	Tpos:261.4,Tstd:184.3,Bpos:237.5,Bstd:137.9,StrandBias:-0.0,Multiplicity:1.07
0.001	0.001	0.997	0.001
0.001	0.001	0.997	0.001
0.001	0.001	0.997	0.001
0.001	0.001	0.997	0.001
0.786	0.212	0.001	0.001
0.260	0.001	0.001	0.738
0.001	0.001	0.001	0.997
0.001	0.129	0.001	0.869
>GGCGGGGC	22-GGCGGGGC	8.415849	-38.497194	0	T:433.0(9.38%),B:2737.5(6.18%),P:1e-16	Tpos:290.2,Tstd:204.3,Bpos:231.1,Bstd:157.3,StrandBias:-0.1,Multiplicity:1.36
0.001	0.001	0.997	0.001
0.001	0.001	0.997	0.001
0.001	0.997	0.001	0.001
0.001	0.001	0.997	0.001
0.172	0.001	0.695	0.132
0.001	0.001	0.997	0.001
0.001	0.001	0.997	0.001
0.001	0.897	0.001	0.101
>GCTAAGCA	23-GCTAAGCA	7.091134	-32.349497	0	T:440.0(9.54%),B:2905.6(6.56%),P:1e-14	Tpos:267.6,Tstd:190.0,Bpos:234.3,Bstd:144.9,StrandBias:-0.0,Multiplicity:1.07
0.001	0.001	0.997	0.001
0.001	0.997	0.001	0.001
0.001	0.067	0.001	0.931
0.997	0.001	0.001	0.001
0.997	0.001	0.001	0.001
0.001	0.001	0.581	0.417
0.001	0.666	0.001	0.332
0.997	0.001	0.001	0.001
>ACTTTCAC	24-ACTTTCAC	9.920469	-22.853390	0	T:187.0(4.05%),B:1093.8(2.47%),P:1e-9	Tpos:275.4,Tstd:193.7,Bpos:231.4,Bstd:148.1,StrandBias:0.4,Multiplicity:1.07
0.997	0.001	0.001	0.001
0.001	0.681	0.317	0.001
0.001	0.001	0.001	0.997
0.001	0.001	0.001	0.997
0.001	0.001	0.001	0.997
0.001	0.997	0.001	0.001
0.997	0.001	0.001	0.001
0.001	0.997	0.001	0.001
>AAAAAAAA	25-AAAAAAAA	10.644368	-12.316166	0	T:500.0(10.84%),B:3946.6(8.91%),P:1e-5	Tpos:289.9,Tstd:228.6,Bpos:239.9,Bstd:159.4,StrandBias:0.0,Multiplicity:1.11
0.861	0.001	0.137	0.001
0.888	0.001	0.110	0.001
0.997	0.001	0.001	0.001
0.997	0.001	0.001	0.001
0.997	0.001	0.001	0.001
0.997	0.001	0.001	0.001
0.997	0.001	0.001	0.001
0.850	0.148	0.001	0.001
