>CTTTGATGTKNN	1-CTTTGATGTKNN	7.837797	-695.804585	0	T:1348.0(29.22%),B:4293.0(9.69%),P:1e-302	Tpos:268.2,Tstd:179.5,Bpos:233.7,Bstd:143.5,StrandBias:-0.0,Multiplicity:1.26
0.001	0.667	0.113	0.219
0.001	0.073	0.001	0.925
0.001	0.080	0.105	0.814
0.001	0.001	0.001	0.997
0.028	0.189	0.721	0.062
0.922	0.001	0.001	0.076
0.316	0.001	0.001	0.682
0.001	0.316	0.643	0.040
0.178	0.107	0.001	0.714
0.098	0.213	0.326	0.363
0.275	0.173	0.264	0.289
0.234	0.266	0.199	0.301
>NNVTGASTCANN	2-NNVTGASTCANN	6.657555	-529.046279	0	T:1042.0(22.58%),B:3268.0(7.38%),P:1e-229	Tpos:254.5,Tstd:165.0,Bpos:232.8,Bstd:141.6,StrandBias:0.0,Multiplicity:1.18
0.242	0.215	0.254	0.289
0.249	0.201	0.249	0.301
0.326	0.296	0.270	0.109
0.072	0.001	0.063	0.864
0.001	0.062	0.746	0.191
0.903	0.001	0.024	0.072
0.061	0.397	0.453	0.089
0.113	0.055	0.094	0.738
0.094	0.812	0.093	0.001
0.776	0.059	0.009	0.156
0.179	0.242	0.267	0.312
0.241	0.290	0.205	0.263
>AACCACATCAAA	3-AACCACATCAAA	9.034128	-357.356689	0	T:455.0(9.86%),B:947.1(2.14%),P:1e-155	Tpos:261.8,Tstd:174.8,Bpos:233.4,Bstd:139.7,StrandBias:-0.3,Multiplicity:1.05
0.555	0.111	0.132	0.202
0.786	0.080	0.133	0.001
0.001	0.991	0.007	0.001
0.033	0.965	0.001	0.001
0.991	0.001	0.007	0.001
0.001	0.943	0.055	0.001
0.810	0.008	0.008	0.174
0.190	0.069	0.064	0.677
0.118	0.564	0.211	0.107
0.703	0.065	0.008	0.224
0.475	0.157	0.257	0.111
0.588	0.008	0.163	0.241
>CACTTCCTGYNH	4-CACTTCCTGYNH	9.422085	-278.946658	0	T:696.0(15.08%),B:2478.9(5.60%),P:1e-121	Tpos:259.8,Tstd:174.6,Bpos:237.4,Bstd:138.2,StrandBias:0.1,Multiplicity:1.08
0.191	0.431	0.200	0.178
0.956	0.001	0.001	0.042
0.001	0.551	0.095	0.353
0.149	0.001	0.001	0.849
0.001	0.001	0.001	0.997
0.001	0.997	0.001	0.001
0.001	0.997	0.001	0.001
0.001	0.001	0.001	0.997
0.013	0.306	0.504	0.177
0.001	0.424	0.011	0.564
0.217	0.308	0.187	0.288
0.312	0.226	0.151	0.310
>GTNATTTGCATA	5-GTNATTTGCATA	8.997383	-211.513774	0	T:267.0(5.79%),B:545.7(1.23%),P:1e-91	Tpos:256.3,Tstd:165.7,Bpos:246.2,Bstd:133.7,StrandBias:0.0,Multiplicity:1.05
0.098	0.205	0.536	0.161
0.227	0.125	0.110	0.538
0.239	0.212	0.254	0.295
0.884	0.012	0.015	0.089
0.001	0.014	0.001	0.984
0.001	0.001	0.001	0.997
0.001	0.001	0.001	0.997
0.011	0.001	0.987	0.001
0.020	0.978	0.001	0.001
0.997	0.001	0.001	0.001
0.001	0.020	0.001	0.978
0.889	0.001	0.050	0.060
>DGGGGAATTCCC	6-DGGGGAATTCCC	8.887252	-203.216643	0	T:280.0(6.07%),B:622.7(1.41%),P:1e-88	Tpos:250.0,Tstd:153.1,Bpos:239.8,Bstd:125.2,StrandBias:-0.1,Multiplicity:1.04
0.379	0.068	0.297	0.256
0.185	0.003	0.699	0.113
0.017	0.001	0.973	0.009
0.033	0.001	0.940	0.026
0.343	0.003	0.625	0.029
0.702	0.090	0.152	0.056
0.544	0.113	0.046	0.297
0.158	0.093	0.137	0.612
0.044	0.336	0.026	0.594
0.048	0.662	0.002	0.288
0.013	0.947	0.003	0.037
0.091	0.827	0.009	0.073
>GNGKGGGHGGKK	7-GNGKGGGHGGKK	8.063343	-196.622812	0	T:1424.0(30.86%),B:8325.4(18.80%),P:1e-85	Tpos:277.9,Tstd:199.7,Bpos:235.1,Bstd:138.3,StrandBias:-0.1,Multiplicity:1.38
0.271	0.112	0.597	0.020
0.306	0.192	0.196	0.305
0.001	0.001	0.997	0.001
0.204	0.001	0.339	0.456
0.186	0.001	0.812	0.001
0.001	0.001	0.997	0.001
0.001	0.001	0.997	0.001
0.302	0.343	0.001	0.354
0.162	0.001	0.665	0.172
0.001	0.001	0.789	0.209
0.270	0.001	0.428	0.301
0.218	0.026	0.444	0.312
>GCCTTTGAAAHH	8-GCCTTTGAAAHH	7.238621	-185.453892	0	T:1287.0(27.89%),B:7376.3(16.65%),P:1e-80	Tpos:278.8,Tstd:199.2,Bpos:234.5,Bstd:143.6,StrandBias:0.2,Multiplicity:1.14
0.167	0.169	0.517	0.147
0.141	0.483	0.329	0.047
0.050	0.751	0.001	0.198
0.001	0.001	0.001	0.997
0.001	0.073	0.032	0.894
0.001	0.001	0.001	0.997
0.001	0.253	0.745	0.001
0.799	0.001	0.001	0.199
0.641	0.065	0.143	0.151
0.504	0.187	0.212	0.097
0.300	0.353	0.123	0.224
0.334	0.334	0.028	0.305
>GTGACTCATTGB	9-GTGACTCATTGB	7.400536	-162.220045	0	T:522.0(11.31%),B:2118.8(4.78%),P:1e-70	Tpos:285.6,Tstd:214.7,Bpos:233.6,Bstd:138.1,StrandBias:0.2,Multiplicity:1.03
0.154	0.111	0.718	0.017
0.252	0.206	0.087	0.455
0.034	0.001	0.948	0.017
0.931	0.051	0.001	0.017
0.051	0.771	0.149	0.029
0.085	0.017	0.188	0.710
0.085	0.863	0.001	0.051
0.812	0.017	0.120	0.051
0.001	0.050	0.001	0.948
0.155	0.007	0.034	0.804
0.206	0.124	0.490	0.179
0.159	0.291	0.322	0.228
>GTTTCCTTTGAT	10-GTTTCCTTTGAT	6.899571	-128.604569	0	T:1627.0(35.26%),B:10985.4(24.80%),P:1e-55	Tpos:264.0,Tstd:192.6,Bpos:236.4,Bstd:144.8,StrandBias:0.1,Multiplicity:1.24
0.099	0.093	0.678	0.130
0.052	0.106	0.098	0.744
0.066	0.111	0.123	0.700
0.050	0.079	0.083	0.788
0.064	0.684	0.142	0.110
0.072	0.784	0.002	0.142
0.044	0.036	0.008	0.912
0.001	0.121	0.133	0.745
0.062	0.001	0.037	0.900
0.059	0.108	0.727	0.106
0.646	0.108	0.114	0.132
0.117	0.092	0.098	0.693
>GGAAADDATGAC	11-GGAAADDATGAC	10.439184	-100.800796	0	T:138.0(2.99%),B:305.3(0.69%),P:1e-43	Tpos:247.7,Tstd:172.3,Bpos:229.6,Bstd:134.3,StrandBias:0.2,Multiplicity:1.02
0.157	0.001	0.841	0.001
0.001	0.001	0.997	0.001
0.997	0.001	0.001	0.001
0.997	0.001	0.001	0.001
0.997	0.001	0.001	0.001
0.334	0.111	0.312	0.242
0.253	0.090	0.301	0.356
0.710	0.144	0.145	0.001
0.001	0.001	0.001	0.997
0.001	0.001	0.859	0.139
0.997	0.001	0.001	0.001
0.001	0.705	0.172	0.122
>GGGGGAAAACCC	12-GGGGGAAAACCC	8.850812	-93.642128	0	T:310.0(6.72%),B:1266.3(2.86%),P:1e-40	Tpos:255.8,Tstd:182.0,Bpos:235.6,Bstd:139.1,StrandBias:0.1,Multiplicity:1.02
0.184	0.001	0.584	0.231
0.063	0.001	0.769	0.167
0.072	0.003	0.887	0.038
0.226	0.001	0.736	0.037
0.135	0.035	0.808	0.022
0.760	0.059	0.165	0.016
0.938	0.042	0.019	0.001
0.915	0.035	0.049	0.001
0.589	0.182	0.198	0.031
0.084	0.827	0.059	0.030
0.137	0.803	0.008	0.052
0.147	0.699	0.008	0.146
>TAAACAGGAAGC	13-TAAACAGGAAGC	9.382272	-91.652056	0	T:233.0(5.05%),B:821.7(1.86%),P:1e-39	Tpos:229.6,Tstd:157.0,Bpos:243.9,Bstd:135.0,StrandBias:-0.2,Multiplicity:1.01
0.052	0.056	0.073	0.819
0.783	0.053	0.066	0.098
0.776	0.060	0.074	0.090
0.817	0.058	0.074	0.051
0.086	0.791	0.063	0.060
0.918	0.013	0.007	0.062
0.037	0.024	0.906	0.033
0.057	0.036	0.868	0.039
0.863	0.079	0.025	0.033
0.856	0.019	0.065	0.060
0.149	0.079	0.740	0.032
0.064	0.866	0.026	0.044
>ACTTTCACTTTC	14-ACTTTCACTTTC	9.132317	-58.686736	0	T:296.0(6.42%),B:1459.2(3.29%),P:1e-25	Tpos:270.9,Tstd:201.1,Bpos:231.5,Bstd:147.9,StrandBias:0.2,Multiplicity:1.05
0.777	0.056	0.060	0.107
0.040	0.810	0.080	0.070
0.060	0.052	0.028	0.860
0.029	0.067	0.040	0.864
0.068	0.077	0.040	0.815
0.046	0.825	0.065	0.064
0.805	0.070	0.044	0.081
0.076	0.793	0.068	0.063
0.032	0.054	0.009	0.905
0.067	0.045	0.050	0.838
0.019	0.065	0.044	0.872
0.057	0.841	0.044	0.058
>CACTTCCTCTCT	15-CACTTCCTCTCT	7.990928	-57.616754	0	T:746.0(16.17%),B:4898.4(11.06%),P:1e-25	Tpos:271.2,Tstd:178.9,Bpos:235.1,Bstd:137.3,StrandBias:-0.1,Multiplicity:1.09
0.162	0.730	0.012	0.096
0.796	0.097	0.069	0.038
0.076	0.725	0.188	0.011
0.212	0.292	0.001	0.495
0.001	0.059	0.129	0.811
0.015	0.721	0.224	0.040
0.075	0.729	0.001	0.195
0.017	0.015	0.001	0.967
0.074	0.646	0.142	0.138
0.339	0.027	0.001	0.633
0.017	0.598	0.021	0.364
0.121	0.013	0.001	0.865
>GTCACGTGACAC	16-GTCACGTGACAC	7.201246	-52.902102	0	T:427.0(9.25%),B:2471.2(5.58%),P:1e-22	Tpos:271.7,Tstd:182.0,Bpos:241.2,Bstd:147.2,StrandBias:0.2,Multiplicity:1.05
0.086	0.102	0.720	0.092
0.104	0.077	0.097	0.722
0.047	0.815	0.070	0.068
0.805	0.049	0.043	0.103
0.078	0.695	0.105	0.122
0.107	0.080	0.741	0.072
0.081	0.025	0.101	0.793
0.061	0.079	0.808	0.052
0.666	0.082	0.115	0.137
0.090	0.747	0.092	0.071
0.742	0.108	0.045	0.105
0.052	0.747	0.114	0.087
>TGCCATGGCAAC	17-TGCCATGGCAAC	9.650365	-52.102256	0	T:129.0(2.80%),B:450.9(1.02%),P:1e-22	Tpos:257.5,Tstd:160.8,Bpos:229.4,Bstd:147.9,StrandBias:-0.2,Multiplicity:1.02
0.070	0.106	0.028	0.796
0.067	0.017	0.772	0.144
0.076	0.808	0.022	0.094
0.061	0.809	0.026	0.104
0.871	0.020	0.035	0.074
0.067	0.030	0.094	0.809
0.077	0.001	0.896	0.026
0.057	0.043	0.868	0.032
0.094	0.773	0.068	0.065
0.850	0.038	0.058	0.054
0.870	0.035	0.065	0.030
0.044	0.882	0.006	0.068
>CCACTAGAGGGC	18-CCACTAGAGGGC	8.076225	-49.388759	0	T:129.0(2.80%),B:465.8(1.05%),P:1e-21	Tpos:216.6,Tstd:136.1,Bpos:235.6,Bstd:144.0,StrandBias:-0.3,Multiplicity:1.01
0.206	0.614	0.066	0.114
0.089	0.756	0.088	0.067
0.575	0.129	0.098	0.198
0.082	0.597	0.217	0.104
0.154	0.280	0.128	0.438
0.603	0.072	0.129	0.196
0.109	0.137	0.749	0.005
0.568	0.154	0.199	0.079
0.225	0.057	0.558	0.160
0.134	0.114	0.652	0.100
0.064	0.214	0.606	0.116
0.115	0.592	0.117	0.176
>CAGCTGACAGCT	19-CAGCTGACAGCT	7.487221	-48.135932	0	T:742.0(16.08%),B:5049.9(11.40%),P:1e-20	Tpos:270.9,Tstd:192.3,Bpos:236.2,Bstd:143.6,StrandBias:-0.1,Multiplicity:1.16
0.096	0.649	0.161	0.094
0.868	0.010	0.003	0.119
0.099	0.096	0.689	0.116
0.096	0.693	0.103	0.108
0.123	0.005	0.001	0.871
0.130	0.129	0.658	0.083
0.668	0.105	0.108	0.119
0.115	0.798	0.075	0.012
0.856	0.003	0.005	0.136
0.099	0.096	0.714	0.091
0.105	0.754	0.065	0.076
0.120	0.070	0.027	0.783
>AGTGACGTCATC	20-AGTGACGTCATC	9.573180	-45.398284	0	T:135.0(2.93%),B:524.5(1.18%),P:1e-19	Tpos:245.9,Tstd:166.8,Bpos:229.4,Bstd:152.4,StrandBias:-0.1,Multiplicity:1.03
0.741	0.001	0.129	0.129
0.017	0.084	0.882	0.017
0.090	0.001	0.001	0.908
0.001	0.001	0.997	0.001
0.881	0.117	0.001	0.001
0.066	0.688	0.078	0.168
0.083	0.123	0.680	0.114
0.043	0.017	0.072	0.868
0.001	0.937	0.038	0.024
0.826	0.111	0.001	0.062
0.001	0.177	0.181	0.641
0.121	0.773	0.063	0.043
>GGTTTTTTTTTT	21-GGTTTTTTTTTT	9.774472	-38.371380	0	T:340.0(7.37%),B:2020.3(4.56%),P:1e-16	Tpos:275.8,Tstd:215.5,Bpos:237.9,Bstd:159.3,StrandBias:0.3,Multiplicity:1.05
0.054	0.024	0.906	0.016
0.056	0.095	0.779	0.070
0.063	0.039	0.092	0.806
0.082	0.033	0.089	0.796
0.054	0.040	0.034	0.872
0.027	0.051	0.089	0.833
0.068	0.053	0.121	0.758
0.039	0.064	0.046	0.851
0.057	0.016	0.063	0.864
0.073	0.036	0.020	0.871
0.038	0.073	0.068	0.821
0.010	0.086	0.051	0.853
>ACTGGTTAGTGT	22-ACTGGTTAGTGT	11.528871	-12.190220	0	T:6.0(0.13%),B:4.2(0.01%),P:1e-5	Tpos:249.9,Tstd:154.7,Bpos:180.1,Bstd:131.8,StrandBias:2.7,Multiplicity:2.50
0.919	0.079	0.001	0.001
0.001	0.997	0.001	0.001
0.001	0.001	0.001	0.997
0.001	0.001	0.997	0.001
0.001	0.001	0.997	0.001
0.001	0.001	0.079	0.919
0.001	0.001	0.001	0.997
0.997	0.001	0.001	0.001
0.001	0.001	0.997	0.001
0.001	0.001	0.001	0.997
0.001	0.001	0.997	0.001
0.001	0.001	0.001	0.997
>TGTGATGTTACC	23-TGTGATGTTACC	9.131507	-11.725945	0	T:35.0(0.76%),B:145.8(0.33%),P:1e-5	Tpos:246.8,Tstd:188.3,Bpos:225.6,Bstd:129.4,StrandBias:1.0,Multiplicity:1.32
0.001	0.214	0.001	0.784
0.001	0.001	0.735	0.263
0.001	0.001	0.001	0.997
0.062	0.013	0.924	0.001
0.936	0.062	0.001	0.001
0.001	0.001	0.001	0.997
0.001	0.001	0.997	0.001
0.001	0.001	0.001	0.997
0.001	0.062	0.001	0.936
0.875	0.062	0.001	0.062
0.001	0.997	0.001	0.001
0.001	0.997	0.001	0.001
>CACAGTGGGGAC	24-CACAGTGGGGAC	12.355432	-5.514018	0	T:3.0(0.07%),B:3.2(0.01%),P:1e-2	Tpos:209.6,Tstd:147.7,Bpos:395.4,Bstd:48.7,StrandBias:1.8,Multiplicity:3.00
0.100	0.700	0.100	0.100
0.700	0.100	0.100	0.100
0.100	0.700	0.100	0.100
0.700	0.100	0.100	0.100
0.100	0.100	0.700	0.100
0.100	0.100	0.100	0.700
0.100	0.100	0.700	0.100
0.100	0.100	0.700	0.100
0.100	0.100	0.700	0.100
0.100	0.100	0.700	0.100
0.700	0.100	0.100	0.100
0.100	0.700	0.100	0.100
>TGTGCTGGGTAT	25-TGTGCTGGGTAT	10.409522	-1.937814	0	T:17.0(0.37%),B:122.7(0.28%),P:1e0	Tpos:234.9,Tstd:203.0,Bpos:228.7,Bstd:132.3,StrandBias:0.9,Multiplicity:1.53
0.100	0.100	0.100	0.700
0.100	0.100	0.700	0.100
0.100	0.100	0.100	0.700
0.100	0.100	0.700	0.100
0.100	0.700	0.100	0.100
0.100	0.100	0.100	0.700
0.100	0.100	0.700	0.100
0.100	0.100	0.700	0.100
0.100	0.100	0.700	0.100
0.100	0.100	0.100	0.700
0.700	0.100	0.100	0.100
0.100	0.100	0.100	0.700
