>KTTCCTRGAAAGCW	Bcl6+MA0463-1	6.252660387626788
0.200	0.179	0.256	0.365
0.037	0.023	0.029	0.911
0.005	0.084	0.031	0.880
0.031	0.916	0.025	0.027
0.000	0.857	0.000	0.143
0.000	0.000	0.000	1.000
0.467	0.090	0.423	0.021
0.149	0.000	0.851	0.000
0.984	0.000	0.012	0.004
0.672	0.106	0.183	0.040
0.643	0.007	0.223	0.127
0.106	0.096	0.659	0.139
0.198	0.517	0.121	0.164
0.386	0.197	0.174	0.244
>WCTTTCKAGGAATWYS	Bcl6+PB0006-1	6.314783427380909
0.350	0.080	0.200	0.370
0.170	0.600	0.050	0.180
0.089	0.109	0.059	0.743
0.130	0.080	0.080	0.710
0.030	0.010	0.020	0.940
0.010	0.870	0.010	0.110
0.020	0.100	0.450	0.430
0.800	0.010	0.020	0.170
0.140	0.060	0.760	0.040
0.071	0.020	0.818	0.091
0.880	0.020	0.040	0.060
0.880	0.030	0.010	0.080
0.210	0.210	0.040	0.540
0.240	0.230	0.170	0.360
0.210	0.300	0.150	0.340
0.202	0.293	0.333	0.172
>MBSSCCGCCCCWHMWM	Bcl6+PB0110-1	4.725514157842158
0.320	0.280	0.150	0.250
0.168	0.257	0.257	0.317
0.178	0.327	0.257	0.238
0.168	0.386	0.238	0.208
0.070	0.780	0.070	0.080
0.050	0.800	0.030	0.120
0.222	0.061	0.556	0.162
0.071	0.828	0.030	0.071
0.070	0.850	0.060	0.020
0.030	0.860	0.060	0.050
0.060	0.800	0.070	0.070
0.350	0.030	0.200	0.420
0.307	0.257	0.178	0.257
0.460	0.290	0.090	0.160
0.320	0.230	0.170	0.280
0.370	0.270	0.200	0.160
>WGCTTTCYAGGAAM	Bcl6+M2265	6.252660387626797
0.244	0.174	0.197	0.386
0.164	0.121	0.517	0.198
0.139	0.659	0.096	0.106
0.127	0.223	0.007	0.643
0.040	0.183	0.106	0.672
0.004	0.012	0.000	0.984
0.000	0.851	0.000	0.149
0.021	0.423	0.090	0.467
1.000	0.000	0.000	0.000
0.143	0.000	0.857	0.000
0.027	0.025	0.916	0.031
0.880	0.031	0.084	0.005
0.911	0.029	0.023	0.037
0.365	0.256	0.179	0.200
>NYNTAGAAARAM	Bcl6b+M0391	3.840353326771792
0.225	0.225	0.225	0.324
0.175	0.264	0.175	0.386
0.175	0.476	0.175	0.175
0.232	0.046	0.137	0.586
0.614	0.112	0.274	0.000
0.186	0.000	0.814	0.000
0.703	0.000	0.297	0.000
0.795	0.000	0.205	0.000
0.631	0.117	0.227	0.025
0.373	0.076	0.476	0.076
0.590	0.076	0.259	0.076
0.295	0.297	0.204	0.204
