>TGTGGTTA	1-TGTGGTTA	7.452327	-827.156660	0	T:1795.0(43.57%),B:7444.3(16.61%),P:1e-359	Tpos:272.2,Tstd:197.0,Bpos:236.5,Bstd:148.7,StrandBias:0.0,Multiplicity:1.32
0.031	0.013	0.001	0.955
0.001	0.001	0.997	0.001
0.016	0.002	0.001	0.981
0.001	0.001	0.997	0.001
0.001	0.001	0.997	0.001
0.001	0.022	0.001	0.976
0.082	0.108	0.059	0.751
0.492	0.061	0.139	0.308
>TGTGGTTT	2-TGTGGTTT	6.122790	-746.048076	0	T:2924.0(70.97%),B:18500.0(41.28%),P:1e-324	Tpos:275.7,Tstd:194.6,Bpos:238.2,Bstd:150.9,StrandBias:0.0,Multiplicity:1.29
0.111	0.076	0.130	0.683
0.001	0.001	0.847	0.151
0.112	0.268	0.024	0.596
0.001	0.001	0.997	0.001
0.001	0.001	0.997	0.001
0.001	0.266	0.001	0.732
0.136	0.153	0.145	0.566
0.207	0.033	0.261	0.499
>AGGAAGTG	3-AGGAAGTG	8.019162	-693.831670	0	T:1516.0(36.80%),B:6123.2(13.66%),P:1e-301	Tpos:277.1,Tstd:191.5,Bpos:235.7,Bstd:139.3,StrandBias:0.0,Multiplicity:1.28
0.968	0.030	0.001	0.001
0.001	0.001	0.997	0.001
0.001	0.001	0.997	0.001
0.997	0.001	0.001	0.001
0.816	0.001	0.001	0.182
0.137	0.001	0.861	0.001
0.001	0.001	0.001	0.997
0.087	0.069	0.843	0.001
>KGTGGTTD	4-KGTGGTTD	7.166096	-643.929393	0	T:2121.0(51.48%),B:11372.7(25.38%),P:1e-279	Tpos:274.9,Tstd:203.9,Bpos:238.3,Bstd:151.0,StrandBias:-0.0,Multiplicity:1.28
0.255	0.024	0.290	0.432
0.001	0.001	0.997	0.001
0.001	0.117	0.134	0.748
0.001	0.001	0.997	0.001
0.001	0.001	0.997	0.001
0.001	0.170	0.241	0.588
0.001	0.001	0.001	0.997
0.252	0.001	0.382	0.364
>CTTCCTGT	5-CTTCCTGT	6.553044	-514.232232	0	T:1719.0(41.72%),B:8908.3(19.88%),P:1e-223	Tpos:278.1,Tstd:207.2,Bpos:238.5,Bstd:142.2,StrandBias:-0.1,Multiplicity:1.26
0.001	0.671	0.001	0.327
0.088	0.001	0.001	0.910
0.001	0.001	0.001	0.997
0.001	0.997	0.001	0.001
0.001	0.997	0.001	0.001
0.001	0.001	0.040	0.958
0.001	0.001	0.997	0.001
0.001	0.088	0.001	0.910
>GGTGTGAA	6-GGTGTGAA	6.231164	-178.225467	0	T:983.0(23.86%),B:5872.0(13.10%),P:1e-77	Tpos:279.5,Tstd:209.8,Bpos:236.1,Bstd:148.2,StrandBias:0.1,Multiplicity:1.18
0.001	0.001	0.997	0.001
0.001	0.001	0.997	0.001
0.001	0.053	0.001	0.945
0.001	0.001	0.997	0.001
0.115	0.019	0.001	0.865
0.001	0.001	0.900	0.098
0.997	0.001	0.001	0.001
0.789	0.098	0.001	0.112
>TYGGTTTC	7-TYGGTTTC	5.365290	-149.336893	0	T:1282.0(31.12%),B:8905.3(19.87%),P:1e-64	Tpos:281.8,Tstd:203.7,Bpos:237.8,Bstd:142.1,StrandBias:0.0,Multiplicity:1.18
0.001	0.001	0.361	0.637
0.001	0.412	0.248	0.339
0.037	0.001	0.949	0.013
0.001	0.001	0.997	0.001
0.001	0.001	0.001	0.997
0.001	0.001	0.001	0.997
0.001	0.001	0.001	0.997
0.001	0.997	0.001	0.001
>GTTTCCKY	8-GTTTCCKY	6.552484	-147.892821	0	T:1369.0(33.23%),B:9738.8(21.73%),P:1e-64	Tpos:280.5,Tstd:221.3,Bpos:237.6,Bstd:142.4,StrandBias:-0.1,Multiplicity:1.17
0.257	0.043	0.699	0.001
0.001	0.234	0.144	0.621
0.072	0.032	0.004	0.892
0.029	0.001	0.015	0.955
0.321	0.643	0.034	0.002
0.179	0.652	0.103	0.066
0.002	0.001	0.509	0.488
0.014	0.392	0.079	0.515
>TSACACCT	9-TSACACCT	6.065643	-134.652120	0	T:1553.0(37.69%),B:11726.5(26.16%),P:1e-58	Tpos:284.6,Tstd:211.6,Bpos:234.3,Bstd:151.6,StrandBias:-0.1,Multiplicity:1.26
0.001	0.127	0.001	0.871
0.202	0.354	0.402	0.042
0.864	0.027	0.017	0.092
0.001	0.871	0.059	0.069
0.866	0.001	0.090	0.043
0.073	0.857	0.069	0.001
0.191	0.413	0.148	0.249
0.086	0.002	0.044	0.868
>CYCCACCC	10-CYCCACCC	8.007248	-129.388003	0	T:1505.0(36.53%),B:11355.8(25.34%),P:1e-56	Tpos:293.2,Tstd:226.0,Bpos:237.4,Bstd:140.5,StrandBias:0.0,Multiplicity:1.59
0.001	0.997	0.001	0.001
0.035	0.540	0.001	0.424
0.165	0.833	0.001	0.001
0.001	0.997	0.001	0.001
0.522	0.001	0.232	0.245
0.001	0.997	0.001	0.001
0.001	0.997	0.001	0.001
0.001	0.997	0.001	0.001
>TGAGTCAT	11-TGAGTCAT	6.752558	-124.095624	0	T:855.0(20.75%),B:5453.6(12.17%),P:1e-53	Tpos:279.2,Tstd:223.1,Bpos:238.2,Bstd:144.2,StrandBias:-0.1,Multiplicity:1.17
0.001	0.007	0.001	0.991
0.010	0.001	0.947	0.042
0.908	0.008	0.001	0.083
0.068	0.164	0.718	0.050
0.001	0.001	0.001	0.997
0.031	0.958	0.001	0.010
0.997	0.001	0.001	0.001
0.025	0.175	0.107	0.693
>TGTGRTAA	12-TGTGRTAA	4.760073	-106.984838	0	T:2388.0(57.96%),B:20958.0(46.76%),P:1e-46	Tpos:277.1,Tstd:207.5,Bpos:237.6,Bstd:143.6,StrandBias:-0.0,Multiplicity:1.45
0.001	0.079	0.156	0.764
0.283	0.108	0.509	0.100
0.142	0.330	0.021	0.507
0.040	0.224	0.520	0.216
0.447	0.002	0.550	0.001
0.042	0.273	0.098	0.587
0.710	0.087	0.202	0.001
0.635	0.152	0.163	0.050
>CACTTCCG	13-CACTTCCG	7.716080	-106.568904	0	T:442.0(10.73%),B:2291.4(5.11%),P:1e-46	Tpos:283.0,Tstd:201.1,Bpos:236.3,Bstd:144.6,StrandBias:-0.1,Multiplicity:1.06
0.039	0.915	0.030	0.016
0.857	0.027	0.001	0.115
0.008	0.850	0.070	0.072
0.185	0.001	0.007	0.807
0.001	0.001	0.001	0.997
0.001	0.977	0.001	0.021
0.001	0.997	0.001	0.001
0.001	0.202	0.796	0.001
>TGTGGGCA	14-TGTGGGCA	8.152568	-94.254903	0	T:765.0(18.57%),B:5097.6(11.37%),P:1e-40	Tpos:274.0,Tstd:210.0,Bpos:238.7,Bstd:149.1,StrandBias:-0.0,Multiplicity:1.11
0.001	0.001	0.001	0.997
0.001	0.001	0.997	0.001
0.001	0.001	0.001	0.997
0.001	0.001	0.997	0.001
0.001	0.001	0.997	0.001
0.001	0.085	0.913	0.001
0.001	0.747	0.086	0.166
0.685	0.001	0.124	0.190
>SCGGAAGK	15-SCGGAAGK	6.878704	-87.954202	0	T:398.0(9.66%),B:2137.9(4.77%),P:1e-38	Tpos:318.9,Tstd:227.1,Bpos:234.3,Bstd:143.6,StrandBias:0.2,Multiplicity:1.05
0.001	0.519	0.414	0.066
0.001	0.997	0.001	0.001
0.001	0.001	0.997	0.001
0.245	0.001	0.753	0.001
0.683	0.001	0.001	0.315
0.595	0.001	0.001	0.403
0.261	0.046	0.692	0.001
0.083	0.134	0.417	0.366
>TGACGTCA	16-TGACGTCA	6.690258	-72.676985	0	T:664.0(16.12%),B:4550.3(10.15%),P:1e-31	Tpos:278.4,Tstd:191.8,Bpos:241.1,Bstd:147.9,StrandBias:0.1,Multiplicity:1.14
0.020	0.042	0.015	0.923
0.034	0.114	0.779	0.073
0.738	0.100	0.048	0.114
0.054	0.583	0.361	0.002
0.145	0.002	0.852	0.001
0.076	0.071	0.027	0.826
0.111	0.499	0.172	0.218
0.818	0.038	0.031	0.113
>CGGAAGTT	17-CGGAAGTT	8.190120	-41.902947	0	T:248.0(6.02%),B:1474.6(3.29%),P:1e-18	Tpos:278.9,Tstd:195.0,Bpos:234.8,Bstd:139.8,StrandBias:-0.1,Multiplicity:1.02
0.196	0.802	0.001	0.001
0.001	0.001	0.997	0.001
0.001	0.001	0.997	0.001
0.997	0.001	0.001	0.001
0.847	0.151	0.001	0.001
0.001	0.363	0.635	0.001
0.001	0.001	0.001	0.997
0.075	0.200	0.001	0.724
>CGCGGTTA	18-CGCGGTTA	7.611957	-26.012589	0	T:103.0(2.50%),B:529.0(1.18%),P:1e-11	Tpos:287.6,Tstd:198.1,Bpos:232.8,Bstd:147.7,StrandBias:-0.1,Multiplicity:1.02
0.001	0.744	0.254	0.001
0.001	0.001	0.997	0.001
0.219	0.445	0.199	0.137
0.001	0.067	0.931	0.001
0.001	0.177	0.821	0.001
0.001	0.174	0.001	0.824
0.078	0.001	0.001	0.920
0.764	0.219	0.016	0.001
>GGGTGTCA	19-GGGTGTCA	8.236954	-22.986855	0	T:136.0(3.30%),B:817.0(1.82%),P:1e-9	Tpos:284.2,Tstd:208.2,Bpos:227.8,Bstd:148.6,StrandBias:0.4,Multiplicity:1.02
0.100	0.100	0.700	0.100
0.100	0.100	0.700	0.100
0.100	0.100	0.700	0.100
0.100	0.100	0.100	0.700
0.100	0.100	0.700	0.100
0.100	0.100	0.100	0.700
0.100	0.700	0.100	0.100
0.700	0.100	0.100	0.100
>GCTTGGTT	20-GCTTGGTT	9.706744	-15.065512	0	T:146.0(3.54%),B:1022.3(2.28%),P:1e-6	Tpos:279.1,Tstd:194.8,Bpos:239.0,Bstd:146.3,StrandBias:-0.0,Multiplicity:1.02
0.001	0.001	0.997	0.001
0.001	0.997	0.001	0.001
0.001	0.001	0.001	0.997
0.001	0.001	0.001	0.997
0.256	0.001	0.742	0.001
0.001	0.001	0.997	0.001
0.001	0.001	0.001	0.997
0.001	0.001	0.001	0.997
>GCGCGACT	21-GCGCGACT	8.236954	-6.830094	0	T:9.0(0.22%),B:27.4(0.06%),P:1e-2	Tpos:311.6,Tstd:170.4,Bpos:256.8,Bstd:155.9,StrandBias:2.4,Multiplicity:2.11
0.100	0.100	0.700	0.100
0.100	0.700	0.100	0.100
0.100	0.100	0.700	0.100
0.100	0.700	0.100	0.100
0.100	0.100	0.700	0.100
0.700	0.100	0.100	0.100
0.100	0.700	0.100	0.100
0.100	0.100	0.100	0.700
>CCGGCATA	22-CCGGCATA	8.940691	-3.978217	0	T:16.0(0.39%),B:96.2(0.21%),P:1e-1	Tpos:308.6,Tstd:190.8,Bpos:247.1,Bstd:132.6,StrandBias:1.9,Multiplicity:2.71
0.001	0.997	0.001	0.001
0.001	0.997	0.001	0.001
0.001	0.001	0.997	0.001
0.119	0.001	0.879	0.001
0.001	0.997	0.001	0.001
0.997	0.001	0.001	0.001
0.001	0.001	0.001	0.997
0.997	0.001	0.001	0.001
