>RCAGGAARYG	1-RCAGGAARYG	6.456199	-913.336315	0	T:1776.0(43.11%),B:6845.6(15.27%),P:1e-396	Tpos:275.3,Tstd:186.8,Bpos:236.0,Bstd:140.0,StrandBias:0.1,Multiplicity:1.33
0.366	0.191	0.277	0.166
0.253	0.424	0.225	0.098
0.509	0.339	0.151	0.001
0.033	0.109	0.842	0.016
0.037	0.057	0.805	0.101
0.807	0.013	0.115	0.065
0.564	0.041	0.038	0.357
0.409	0.025	0.545	0.021
0.071	0.361	0.116	0.452
0.152	0.223	0.458	0.167
>TGTGGTTTBN	2-TGTGGTTTBN	5.937466	-848.531215	0	T:2350.0(57.04%),B:11922.3(26.60%),P:1e-368	Tpos:269.4,Tstd:193.7,Bpos:237.8,Bstd:150.7,StrandBias:0.0,Multiplicity:1.49
0.166	0.076	0.084	0.674
0.084	0.083	0.668	0.165
0.195	0.110	0.072	0.623
0.041	0.043	0.859	0.057
0.046	0.027	0.875	0.052
0.032	0.166	0.143	0.659
0.082	0.240	0.188	0.490
0.277	0.109	0.181	0.433
0.158	0.332	0.262	0.248
0.280	0.239	0.282	0.199
>VAGGAAGTGG	3-VAGGAAGTGG	10.172802	-598.219223	0	T:674.0(16.36%),B:1439.3(3.21%),P:1e-259	Tpos:280.9,Tstd:202.3,Bpos:241.0,Bstd:142.5,StrandBias:0.2,Multiplicity:1.06
0.224	0.342	0.266	0.167
0.679	0.001	0.319	0.001
0.001	0.001	0.982	0.016
0.001	0.011	0.987	0.001
0.997	0.001	0.001	0.001
0.617	0.001	0.001	0.381
0.001	0.001	0.997	0.001
0.205	0.001	0.074	0.720
0.001	0.001	0.997	0.001
0.113	0.001	0.885	0.001
>GTTWACCACA	4-GTTWACCACA	7.105255	-351.351381	0	T:1256.0(30.49%),B:6440.5(14.37%),P:1e-152	Tpos:282.2,Tstd:202.3,Bpos:238.2,Bstd:147.1,StrandBias:0.0,Multiplicity:1.15
0.051	0.173	0.587	0.189
0.035	0.305	0.114	0.546
0.001	0.309	0.128	0.562
0.385	0.194	0.001	0.420
0.679	0.047	0.273	0.001
0.001	0.932	0.020	0.047
0.001	0.997	0.001	0.001
0.849	0.010	0.102	0.039
0.084	0.745	0.116	0.055
0.793	0.019	0.001	0.187
>HWVYTTCCKS	5-HWVYTTCCKS	6.673559	-331.016735	0	T:1301.0(31.58%),B:6979.9(15.57%),P:1e-143	Tpos:278.4,Tstd:201.9,Bpos:235.8,Bstd:138.6,StrandBias:-0.1,Multiplicity:1.17
0.208	0.333	0.169	0.290
0.354	0.193	0.096	0.357
0.338	0.235	0.380	0.048
0.017	0.504	0.040	0.439
0.073	0.052	0.060	0.815
0.063	0.062	0.081	0.794
0.072	0.781	0.083	0.064
0.054	0.782	0.098	0.066
0.030	0.141	0.397	0.432
0.039	0.356	0.430	0.175
>DAGGTGTGAN	6-DAGGTGTGAN	7.838280	-283.050089	0	T:1144.0(27.77%),B:6134.5(13.69%),P:1e-122	Tpos:277.8,Tstd:212.6,Bpos:233.5,Bstd:149.3,StrandBias:0.0,Multiplicity:1.25
0.360	0.067	0.291	0.282
0.621	0.001	0.362	0.016
0.066	0.001	0.901	0.032
0.001	0.013	0.985	0.001
0.001	0.001	0.001	0.997
0.001	0.001	0.997	0.001
0.154	0.006	0.016	0.824
0.001	0.255	0.613	0.131
0.643	0.001	0.355	0.001
0.320	0.231	0.269	0.180
>TGTGGSYDNN	7-TGTGGSYDNN	5.503321	-272.989894	0	T:1668.0(40.49%),B:10797.8(24.09%),P:1e-118	Tpos:275.8,Tstd:206.1,Bpos:241.4,Bstd:147.7,StrandBias:0.1,Multiplicity:1.23
0.146	0.136	0.156	0.562
0.066	0.135	0.702	0.097
0.160	0.144	0.138	0.558
0.126	0.123	0.627	0.124
0.161	0.108	0.615	0.116
0.010	0.461	0.517	0.012
0.005	0.353	0.155	0.487
0.239	0.036	0.366	0.359
0.263	0.186	0.287	0.264
0.222	0.278	0.246	0.254
>SGTGGTTTHW	8-SGTGGTTTHW	7.208501	-139.685438	0	T:1179.0(28.62%),B:8107.3(18.09%),P:1e-60	Tpos:283.9,Tstd:211.8,Bpos:239.0,Bstd:146.8,StrandBias:-0.0,Multiplicity:1.18
0.244	0.395	0.359	0.001
0.089	0.099	0.596	0.216
0.001	0.066	0.001	0.932
0.001	0.001	0.997	0.001
0.001	0.001	0.997	0.001
0.001	0.282	0.001	0.716
0.001	0.001	0.001	0.997
0.250	0.001	0.265	0.484
0.232	0.341	0.153	0.274
0.382	0.225	0.017	0.376
>GCYCCRCCCT	9-GCYCCRCCCT	8.387061	-134.191976	0	T:678.0(16.46%),B:3853.6(8.60%),P:1e-58	Tpos:288.5,Tstd:209.5,Bpos:235.4,Bstd:140.0,StrandBias:-0.1,Multiplicity:1.26
0.270	0.123	0.470	0.138
0.134	0.832	0.024	0.010
0.148	0.386	0.107	0.359
0.044	0.842	0.006	0.108
0.087	0.889	0.001	0.023
0.325	0.008	0.456	0.211
0.004	0.994	0.001	0.001
0.001	0.997	0.001	0.001
0.001	0.865	0.001	0.133
0.294	0.133	0.001	0.572
>TGASTCATMS	10-TGASTCATMS	6.580963	-118.791387	0	T:874.0(21.21%),B:5691.2(12.70%),P:1e-51	Tpos:278.7,Tstd:224.4,Bpos:239.4,Bstd:143.1,StrandBias:-0.0,Multiplicity:1.17
0.001	0.027	0.020	0.952
0.021	0.025	0.782	0.172
0.878	0.001	0.019	0.102
0.045	0.484	0.421	0.051
0.012	0.028	0.080	0.880
0.164	0.756	0.010	0.070
0.879	0.005	0.038	0.078
0.121	0.213	0.195	0.472
0.366	0.396	0.094	0.144
0.147	0.239	0.387	0.227
>GTTTCAGTTT	11-GTTTCAGTTT	8.655397	-115.833611	0	T:379.0(9.20%),B:1752.2(3.91%),P:1e-50	Tpos:275.0,Tstd:183.9,Bpos:239.2,Bstd:145.2,StrandBias:-0.3,Multiplicity:1.08
0.001	0.113	0.847	0.039
0.001	0.001	0.001	0.997
0.013	0.001	0.047	0.939
0.001	0.001	0.001	0.997
0.009	0.989	0.001	0.001
0.776	0.026	0.021	0.177
0.001	0.128	0.762	0.109
0.001	0.019	0.017	0.963
0.023	0.025	0.017	0.935
0.027	0.005	0.018	0.950
>TTCACACTTC	12-TTCACACTTC	8.185801	-84.731025	0	T:501.0(12.16%),B:2990.0(6.67%),P:1e-36	Tpos:275.5,Tstd:187.6,Bpos:239.8,Bstd:149.1,StrandBias:-0.0,Multiplicity:1.09
0.135	0.088	0.187	0.590
0.001	0.001	0.001	0.997
0.003	0.989	0.001	0.007
0.629	0.001	0.143	0.227
0.001	0.997	0.001	0.001
0.991	0.001	0.007	0.001
0.010	0.773	0.216	0.001
0.222	0.001	0.190	0.587
0.001	0.160	0.001	0.838
0.003	0.647	0.069	0.281
>GTGAGGGKGA	13-GTGAGGGKGA	6.139038	-64.034592	0	T:981.0(23.81%),B:7639.7(17.05%),P:1e-27	Tpos:289.7,Tstd:219.3,Bpos:236.4,Bstd:140.3,StrandBias:-0.1,Multiplicity:1.18
0.001	0.390	0.608	0.001
0.001	0.195	0.288	0.516
0.001	0.001	0.958	0.040
0.566	0.001	0.106	0.327
0.001	0.001	0.997	0.001
0.001	0.001	0.997	0.001
0.257	0.001	0.592	0.150
0.001	0.170	0.420	0.409
0.001	0.001	0.997	0.001
0.997	0.001	0.001	0.001
>NNTGACGTCA	14-NNTGACGTCA	6.912113	-60.778969	0	T:314.0(7.62%),B:1774.5(3.96%),P:1e-26	Tpos:274.4,Tstd:184.2,Bpos:241.4,Bstd:145.8,StrandBias:-0.2,Multiplicity:1.03
0.225	0.184	0.327	0.264
0.234	0.282	0.265	0.220
0.102	0.006	0.034	0.858
0.135	0.020	0.738	0.107
0.684	0.095	0.122	0.099
0.004	0.748	0.113	0.135
0.001	0.021	0.920	0.058
0.099	0.089	0.143	0.669
0.126	0.609	0.115	0.150
0.711	0.085	0.083	0.121
>GGTGGCTTCT	15-GGTGGCTTCT	8.229904	-52.060288	0	T:418.0(10.15%),B:2743.1(6.12%),P:1e-22	Tpos:284.1,Tstd:220.3,Bpos:233.0,Bstd:142.0,StrandBias:0.3,Multiplicity:1.05
0.001	0.043	0.856	0.100
0.028	0.121	0.833	0.018
0.183	0.231	0.001	0.585
0.001	0.001	0.927	0.071
0.022	0.079	0.735	0.164
0.001	0.997	0.001	0.001
0.013	0.122	0.104	0.761
0.001	0.010	0.174	0.815
0.001	0.805	0.182	0.012
0.001	0.147	0.160	0.692
>TAABAAACCY	16-TAABAAACCY	7.460052	-38.990485	0	T:277.0(6.72%),B:1750.0(3.90%),P:1e-16	Tpos:294.1,Tstd:207.0,Bpos:241.5,Bstd:142.8,StrandBias:0.2,Multiplicity:1.03
0.357	0.001	0.068	0.574
0.484	0.244	0.271	0.001
0.823	0.036	0.011	0.130
0.107	0.351	0.283	0.258
0.636	0.321	0.042	0.001
0.590	0.408	0.001	0.001
0.692	0.075	0.232	0.001
0.253	0.609	0.137	0.001
0.001	0.997	0.001	0.001
0.176	0.376	0.164	0.285
>CTATTTTTAG	17-CTATTTTTAG	7.677450	-34.943683	0	T:239.0(5.80%),B:1493.1(3.33%),P:1e-15	Tpos:290.3,Tstd:197.5,Bpos:235.9,Bstd:137.4,StrandBias:0.2,Multiplicity:1.07
0.112	0.745	0.061	0.082
0.016	0.032	0.078	0.874
0.852	0.016	0.083	0.049
0.122	0.033	0.070	0.775
0.103	0.052	0.068	0.777
0.084	0.074	0.014	0.828
0.149	0.074	0.089	0.688
0.108	0.033	0.032	0.827
0.860	0.042	0.070	0.028
0.080	0.088	0.786	0.046
>TGACACAGCA	18-TGACACAGCA	10.568954	-23.162841	0	T:106.0(2.57%),B:579.7(1.29%),P:1e-10	Tpos:337.6,Tstd:256.5,Bpos:231.9,Bstd:146.5,StrandBias:0.1,Multiplicity:1.07
0.084	0.001	0.001	0.914
0.001	0.001	0.997	0.001
0.997	0.001	0.001	0.001
0.001	0.738	0.260	0.001
0.869	0.109	0.001	0.021
0.001	0.803	0.195	0.001
0.978	0.001	0.020	0.001
0.001	0.001	0.997	0.001
0.244	0.754	0.001	0.001
0.860	0.138	0.001	0.001
>RCMTGACTKA	19-RCMTGACTKA	9.984591	-18.416462	0	T:91.0(2.21%),B:516.2(1.15%),P:1e-7	Tpos:346.2,Tstd:221.9,Bpos:233.4,Bstd:143.8,StrandBias:0.2,Multiplicity:1.15
0.470	0.001	0.489	0.040
0.001	0.997	0.001	0.001
0.514	0.484	0.001	0.001
0.001	0.073	0.309	0.617
0.001	0.001	0.997	0.001
0.889	0.109	0.001	0.001
0.001	0.997	0.001	0.001
0.001	0.394	0.001	0.604
0.033	0.001	0.502	0.464
0.997	0.001	0.001	0.001
>CCGCCGGTGG	20-CCGCCGGTGG	8.604880	-12.799808	0	T:4.0(0.10%),B:1.7(0.00%),P:1e-5	Tpos:324.1,Tstd:305.7,Bpos:238.4,Bstd:125.2,StrandBias:1.3,Multiplicity:1.75
0.172	0.557	0.122	0.149
0.073	0.722	0.145	0.060
0.073	0.076	0.795	0.056
0.170	0.560	0.126	0.144
0.148	0.599	0.134	0.119
0.197	0.138	0.559	0.106
0.179	0.120	0.540	0.161
0.153	0.090	0.063	0.694
0.253	0.144	0.413	0.191
0.159	0.126	0.561	0.154
>CCCGGCATAC	21-CCCGGCATAC	10.953498	-8.551393	0	T:4.0(0.10%),B:3.4(0.01%),P:1e-3	Tpos:339.1,Tstd:194.2,Bpos:289.2,Bstd:123.1,StrandBias:3.1,Multiplicity:7.00
0.001	0.997	0.001	0.001
0.001	0.997	0.001	0.001
0.001	0.997	0.001	0.001
0.001	0.001	0.997	0.001
0.056	0.001	0.942	0.001
0.001	0.997	0.001	0.001
0.997	0.001	0.001	0.001
0.001	0.001	0.001	0.997
0.997	0.001	0.001	0.001
0.001	0.997	0.001	0.001
>TGAGAGCGCA	22-TGAGAGCGCA	9.880818	-8.539324	0	T:34.0(0.83%),B:186.4(0.42%),P:1e-3	Tpos:298.5,Tstd:222.6,Bpos:226.7,Bstd:138.3,StrandBias:0.5,Multiplicity:1.55
0.001	0.001	0.001	0.997
0.203	0.079	0.717	0.001
0.997	0.001	0.001	0.001
0.001	0.068	0.656	0.275
0.997	0.001	0.001	0.001
0.001	0.187	0.811	0.001
0.001	0.997	0.001	0.001
0.109	0.001	0.889	0.001
0.001	0.855	0.077	0.067
0.997	0.001	0.001	0.001
>GTGTTAGAGG	23-GTGTTAGAGG	10.257553	-6.194321	0	T:17.0(0.41%),B:82.7(0.18%),P:1e-2	Tpos:313.2,Tstd:152.6,Bpos:221.8,Bstd:141.4,StrandBias:2.6,Multiplicity:2.82
0.100	0.001	0.898	0.001
0.001	0.001	0.001	0.997
0.001	0.001	0.997	0.001
0.001	0.001	0.001	0.997
0.001	0.001	0.001	0.997
0.997	0.001	0.001	0.001
0.001	0.001	0.997	0.001
0.997	0.001	0.001	0.001
0.001	0.031	0.967	0.001
0.001	0.001	0.997	0.001
>GGCGCCTTCC	24-GGCGCCTTCC	10.296193	-3.175240	0	T:4.0(0.10%),B:14.8(0.03%),P:1e-1	Tpos:177.5,Tstd:102.3,Bpos:213.2,Bstd:162.1,StrandBias:-2.6,Multiplicity:3.50
0.100	0.100	0.700	0.100
0.100	0.100	0.700	0.100
0.100	0.700	0.100	0.100
0.100	0.100	0.700	0.100
0.100	0.700	0.100	0.100
0.100	0.700	0.100	0.100
0.100	0.100	0.100	0.700
0.100	0.100	0.100	0.700
0.100	0.700	0.100	0.100
0.100	0.700	0.100	0.100
>GCGCGACTCG	25-GCGCGACTCG	8.350283	-2.971282	0	T:15.0(0.36%),B:101.4(0.23%),P:1e-1	Tpos:310.8,Tstd:204.8,Bpos:230.4,Bstd:134.8,StrandBias:2.4,Multiplicity:1.67
0.100	0.100	0.700	0.100
0.100	0.700	0.100	0.100
0.100	0.100	0.700	0.100
0.100	0.700	0.100	0.100
0.100	0.100	0.700	0.100
0.700	0.100	0.100	0.100
0.100	0.700	0.100	0.100
0.100	0.100	0.100	0.700
0.100	0.700	0.100	0.100
0.100	0.100	0.700	0.100
>VCCACTTCCTGT	1-VCCACTTCCTGT	8.020924	-941.469881	0	T:1629.0(39.54%),B:5681.4(12.68%),P:1e-408	Tpos:275.3,Tstd:187.9,Bpos:237.3,Bstd:139.1,StrandBias:-0.1,Multiplicity:1.28
0.344	0.243	0.231	0.182
0.115	0.445	0.148	0.292
0.135	0.490	0.148	0.226
0.698	0.122	0.134	0.046
0.001	0.785	0.004	0.210
0.287	0.007	0.001	0.705
0.001	0.030	0.001	0.968
0.001	0.997	0.001	0.001
0.001	0.994	0.001	0.004
0.016	0.042	0.063	0.879
0.042	0.206	0.636	0.116
0.128	0.235	0.065	0.572
>HAACCACANNNN	2-HAACCACANNNN	7.438603	-874.814472	0	T:1930.0(46.84%),B:8213.3(18.33%),P:1e-379	Tpos:271.5,Tstd:191.5,Bpos:237.6,Bstd:147.4,StrandBias:-0.0,Multiplicity:1.33
0.359	0.219	0.114	0.309
0.455	0.180	0.275	0.090
0.552	0.233	0.214	0.001
0.001	0.997	0.001	0.001
0.001	0.997	0.001	0.001
0.830	0.001	0.001	0.168
0.023	0.975	0.001	0.001
0.893	0.001	0.001	0.105
0.283	0.211	0.308	0.199
0.284	0.263	0.231	0.223
0.196	0.320	0.260	0.224
0.283	0.280	0.190	0.247
>NVCAGGAAGTNB	3-NVCAGGAAGTNB	6.801512	-398.558195	0	T:1804.0(43.79%),B:10673.0(23.81%),P:1e-173	Tpos:278.4,Tstd:213.2,Bpos:235.0,Bstd:140.5,StrandBias:0.1,Multiplicity:1.19
0.275	0.235	0.256	0.234
0.302	0.205	0.325	0.168
0.068	0.734	0.002	0.196
0.802	0.114	0.078	0.006
0.087	0.047	0.781	0.085
0.037	0.001	0.867	0.095
0.889	0.020	0.001	0.090
0.741	0.033	0.047	0.179
0.001	0.001	0.973	0.025
0.062	0.306	0.091	0.541
0.174	0.279	0.293	0.254
0.137	0.227	0.274	0.362
>GTTTCACACCTC	4-GTTTCACACCTC	7.394008	-197.956976	0	T:928.0(22.52%),B:5203.4(11.61%),P:1e-85	Tpos:274.8,Tstd:188.6,Bpos:237.4,Bstd:147.4,StrandBias:0.0,Multiplicity:1.16
0.132	0.173	0.508	0.187
0.077	0.169	0.117	0.637
0.066	0.219	0.079	0.636
0.049	0.072	0.001	0.878
0.080	0.845	0.026	0.049
0.661	0.068	0.090	0.181
0.023	0.950	0.001	0.026
0.916	0.074	0.009	0.001
0.042	0.801	0.106	0.051
0.107	0.684	0.091	0.118
0.115	0.142	0.001	0.742
0.076	0.648	0.104	0.172
>NNWGGGTGTGRY	5-NNWGGGTGTGRY	8.027713	-195.581361	0	T:1180.0(28.64%),B:7356.7(16.41%),P:1e-84	Tpos:284.5,Tstd:220.5,Bpos:235.5,Bstd:145.6,StrandBias:-0.1,Multiplicity:1.26
0.208	0.206	0.355	0.231
0.254	0.214	0.217	0.314
0.454	0.001	0.240	0.305
0.227	0.001	0.771	0.001
0.116	0.001	0.882	0.001
0.016	0.001	0.982	0.001
0.188	0.004	0.001	0.807
0.001	0.001	0.985	0.013
0.162	0.001	0.293	0.544
0.001	0.001	0.997	0.001
0.367	0.014	0.443	0.176
0.165	0.351	0.095	0.390
>AGGATGTGGCTA	6-AGGATGTGGCTA	9.092769	-170.207417	0	T:310.0(7.52%),B:991.6(2.21%),P:1e-73	Tpos:283.1,Tstd:199.5,Bpos:227.2,Bstd:139.3,StrandBias:-0.1,Multiplicity:1.01
0.798	0.095	0.024	0.083
0.067	0.024	0.814	0.095
0.001	0.081	0.917	0.001
0.793	0.132	0.024	0.051
0.038	0.047	0.082	0.833
0.024	0.026	0.891	0.059
0.114	0.047	0.045	0.794
0.001	0.001	0.910	0.088
0.055	0.024	0.864	0.057
0.047	0.882	0.024	0.047
0.047	0.112	0.071	0.770
0.734	0.089	0.099	0.078
>GAAACCGAAACC	7-GAAACCGAAACC	7.033354	-146.696501	0	T:1014.0(24.61%),B:6530.0(14.57%),P:1e-63	Tpos:276.9,Tstd:200.8,Bpos:238.5,Bstd:146.3,StrandBias:0.2,Multiplicity:1.24
0.139	0.111	0.722	0.028
0.853	0.038	0.059	0.050
0.857	0.068	0.055	0.020
0.852	0.039	0.082	0.027
0.109	0.742	0.118	0.031
0.225	0.500	0.065	0.211
0.110	0.145	0.677	0.068
0.743	0.075	0.121	0.061
0.835	0.058	0.063	0.044
0.838	0.059	0.057	0.046
0.109	0.711	0.133	0.047
0.114	0.675	0.047	0.164
>RCAGGAAACCAN	8-RCAGGAAACCAN	10.644789	-146.343272	0	T:262.0(6.36%),B:825.1(1.84%),P:1e-63	Tpos:264.8,Tstd:178.7,Bpos:242.1,Bstd:140.6,StrandBias:0.1,Multiplicity:1.03
0.479	0.001	0.354	0.166
0.001	0.855	0.143	0.001
0.997	0.001	0.001	0.001
0.001	0.001	0.997	0.001
0.001	0.001	0.997	0.001
0.997	0.001	0.001	0.001
0.997	0.001	0.001	0.001
0.997	0.001	0.001	0.001
0.001	0.997	0.001	0.001
0.328	0.493	0.001	0.178
0.391	0.177	0.240	0.192
0.211	0.322	0.247	0.219
>AGCCACATTGTT	9-AGCCACATTGTT	7.003862	-55.007884	0	T:817.0(19.83%),B:6289.8(14.03%),P:1e-23	Tpos:262.0,Tstd:204.9,Bpos:233.4,Bstd:145.0,StrandBias:-0.3,Multiplicity:1.04
0.997	0.001	0.001	0.001
0.074	0.067	0.795	0.064
0.084	0.786	0.072	0.058
0.162	0.693	0.055	0.090
0.754	0.075	0.090	0.081
0.058	0.748	0.082	0.112
0.715	0.070	0.090	0.125
0.130	0.101	0.149	0.620
0.101	0.052	0.096	0.751
0.074	0.112	0.708	0.106
0.073	0.150	0.061	0.716
0.086	0.079	0.118	0.717
>CTGTGGTAAACC	10-CTGTGGTAAACC	10.008095	-46.949491	0	T:120.0(2.91%),B:485.1(1.08%),P:1e-20	Tpos:250.6,Tstd:161.3,Bpos:226.4,Bstd:149.3,StrandBias:-0.2,Multiplicity:1.01
0.152	0.801	0.001	0.046
0.123	0.001	0.001	0.875
0.001	0.001	0.997	0.001
0.170	0.001	0.001	0.828
0.001	0.001	0.997	0.001
0.103	0.050	0.846	0.001
0.075	0.209	0.041	0.675
0.922	0.001	0.076	0.001
0.886	0.112	0.001	0.001
0.611	0.012	0.260	0.117
0.114	0.785	0.078	0.023
0.256	0.580	0.001	0.163
>TGTGGCATGCAG	11-TGTGGCATGCAG	9.198799	-34.894029	0	T:47.0(1.14%),B:120.1(0.27%),P:1e-15	Tpos:285.7,Tstd:234.9,Bpos:233.3,Bstd:151.9,StrandBias:0.2,Multiplicity:1.00
0.052	0.029	0.308	0.611
0.049	0.118	0.722	0.111
0.342	0.028	0.061	0.569
0.202	0.084	0.548	0.166
0.239	0.056	0.438	0.267
0.063	0.578	0.300	0.059
0.445	0.246	0.031	0.279
0.281	0.025	0.248	0.446
0.094	0.083	0.740	0.083
0.097	0.717	0.106	0.080
0.793	0.036	0.041	0.130
0.163	0.078	0.553	0.206
>CTTGGGCGGGGC	12-CTTGGGCGGGGC	13.388550	-33.447770	0	T:21.0(0.51%),B:21.5(0.05%),P:1e-14	Tpos:214.4,Tstd:139.3,Bpos:231.5,Bstd:164.4,StrandBias:-0.5,Multiplicity:1.00
0.001	0.997	0.001	0.001
0.080	0.098	0.048	0.774
0.079	0.001	0.001	0.919
0.001	0.001	0.997	0.001
0.001	0.181	0.817	0.001
0.001	0.001	0.997	0.001
0.028	0.970	0.001	0.001
0.001	0.001	0.974	0.024
0.001	0.001	0.997	0.001
0.001	0.001	0.997	0.001
0.001	0.001	0.997	0.001
0.001	0.839	0.080	0.080
>ACATCTCCGCCC	13-ACATCTCCGCCC	-4.167283	-32.912201	0	T:1349.0(32.74%),B:12218.8(27.26%),P:1e-14	Tpos:295.0,Tstd:219.8,Bpos:236.7,Bstd:140.1,StrandBias:0.0,Multiplicity:1.25
0.946	0.001	0.052	0.001
0.001	0.997	0.001	0.001
0.997	0.001	0.001	0.001
0.001	0.001	0.001	0.997
0.001	0.997	0.001	0.001
0.001	0.001	0.001	0.997
0.001	0.997	0.001	0.001
0.001	0.997	0.001	0.001
0.001	0.001	0.997	0.001
0.001	0.997	0.001	0.001
0.001	0.997	0.001	0.001
0.001	0.997	0.001	0.001
>GCCACATTGTTA	14-GCCACATTGTTA	6.517702	-32.567924	0	T:1217.0(29.54%),B:10879.3(24.27%),P:1e-14	Tpos:290.2,Tstd:214.0,Bpos:236.7,Bstd:144.5,StrandBias:-0.1,Multiplicity:1.19
0.100	0.100	0.700	0.100
0.100	0.700	0.100	0.100
0.100	0.700	0.100	0.100
0.700	0.100	0.100	0.100
0.100	0.700	0.100	0.100
0.700	0.100	0.100	0.100
0.100	0.100	0.100	0.700
0.100	0.100	0.100	0.700
0.100	0.100	0.700	0.100
0.100	0.100	0.100	0.700
0.100	0.100	0.100	0.700
0.700	0.100	0.100	0.100
>MAMAGGAAGCTG	15-MAMAGGAAGCTG	12.854489	-29.756468	0	T:48.0(1.17%),B:144.1(0.32%),P:1e-12	Tpos:320.2,Tstd:219.9,Bpos:264.0,Bstd:140.5,StrandBias:0.6,Multiplicity:1.04
0.501	0.493	0.005	0.001
0.997	0.001	0.001	0.001
0.386	0.476	0.137	0.001
0.864	0.001	0.001	0.134
0.035	0.009	0.876	0.080
0.105	0.001	0.893	0.001
0.934	0.055	0.010	0.001
0.905	0.001	0.093	0.001
0.001	0.177	0.598	0.224
0.001	0.997	0.001	0.001
0.001	0.001	0.001	0.997
0.001	0.001	0.997	0.001
>ACTCCACCCTTC	16-ACTCCACCCTTC	11.585512	-24.621444	0	T:42.0(1.02%),B:133.3(0.30%),P:1e-10	Tpos:270.8,Tstd:187.4,Bpos:225.6,Bstd:146.5,StrandBias:-0.7,Multiplicity:1.06
0.669	0.102	0.228	0.001
0.001	0.997	0.001	0.001
0.037	0.001	0.001	0.961
0.001	0.997	0.001	0.001
0.211	0.787	0.001	0.001
0.561	0.078	0.233	0.128
0.001	0.997	0.001	0.001
0.001	0.997	0.001	0.001
0.001	0.997	0.001	0.001
0.001	0.001	0.001	0.997
0.253	0.001	0.156	0.590
0.073	0.637	0.212	0.078
>CCACAGTGTGCT	17-CCACAGTGTGCT	12.355432	-23.037152	0	T:12.0(0.29%),B:9.0(0.02%),P:1e-10	Tpos:287.4,Tstd:202.0,Bpos:312.6,Bstd:101.0,StrandBias:-1.3,Multiplicity:2.40
0.100	0.700	0.100	0.100
0.100	0.700	0.100	0.100
0.700	0.100	0.100	0.100
0.100	0.700	0.100	0.100
0.700	0.100	0.100	0.100
0.100	0.100	0.700	0.100
0.100	0.100	0.100	0.700
0.100	0.100	0.700	0.100
0.100	0.100	0.100	0.700
0.100	0.100	0.700	0.100
0.100	0.700	0.100	0.100
0.100	0.100	0.100	0.700
>AGTCCCGGCATA	18-AGTCCCGGCATA	13.364598	-13.410550	0	T:5.0(0.12%),B:2.4(0.01%),P:1e-5	Tpos:332.9,Tstd:196.6,Bpos:283.8,Bstd:93.2,StrandBias:3.1,Multiplicity:5.80
0.705	0.001	0.293	0.001
0.001	0.001	0.997	0.001
0.111	0.001	0.001	0.887
0.001	0.997	0.001	0.001
0.001	0.997	0.001	0.001
0.001	0.705	0.293	0.001
0.001	0.001	0.997	0.001
0.001	0.001	0.997	0.001
0.001	0.997	0.001	0.001
0.997	0.001	0.001	0.001
0.001	0.001	0.001	0.997
0.705	0.001	0.293	0.001
>TGTGTTAGAGGG	19-TGTGTTAGAGGG	6.517702	-9.877073	0	T:1537.0(37.31%),B:15418.6(34.40%),P:1e-4	Tpos:281.5,Tstd:212.2,Bpos:235.8,Bstd:147.3,StrandBias:0.0,Multiplicity:1.29
0.100	0.100	0.100	0.700
0.100	0.100	0.700	0.100
0.100	0.100	0.100	0.700
0.100	0.100	0.700	0.100
0.100	0.100	0.100	0.700
0.100	0.100	0.100	0.700
0.700	0.100	0.100	0.100
0.100	0.100	0.700	0.100
0.700	0.100	0.100	0.100
0.100	0.100	0.700	0.100
0.100	0.100	0.700	0.100
0.100	0.100	0.700	0.100
>MTGGAAGGCGCC	20-MTGGAAGGCGCC	12.489149	-8.551393	0	T:4.0(0.10%),B:3.5(0.01%),P:1e-3	Tpos:198.7,Tstd:92.0,Bpos:219.9,Bstd:94.9,StrandBias:2.6,Multiplicity:3.50
0.405	0.324	0.135	0.135
0.042	0.001	0.001	0.956
0.001	0.001	0.946	0.052
0.001	0.134	0.864	0.001
0.729	0.135	0.135	0.001
0.729	0.001	0.135	0.135
0.003	0.001	0.995	0.001
0.135	0.135	0.729	0.001
0.001	0.997	0.001	0.001
0.135	0.001	0.826	0.038
0.001	0.997	0.001	0.001
0.001	0.853	0.001	0.145
>CACATTGTTACA	21-CACATTGTTACA	8.342419	-6.161524	0	T:48.0(1.17%),B:333.7(0.74%),P:1e-2	Tpos:260.6,Tstd:188.5,Bpos:245.8,Bstd:141.9,StrandBias:0.1,Multiplicity:1.00
0.085	0.556	0.180	0.179
0.638	0.108	0.038	0.216
0.155	0.641	0.137	0.067
0.595	0.180	0.040	0.185
0.117	0.123	0.264	0.496
0.179	0.041	0.232	0.548
0.107	0.190	0.469	0.235
0.120	0.101	0.108	0.671
0.112	0.157	0.209	0.522
0.587	0.098	0.056	0.259
0.130	0.761	0.060	0.049
0.812	0.087	0.029	0.072
>ATCACAGCTACA	22-ATCACAGCTACA	13.273780	-4.878544	0	T:5.0(0.12%),B:13.0(0.03%),P:1e-2	Tpos:286.0,Tstd:121.1,Bpos:72.0,Bstd:0.0,StrandBias:10.0,Multiplicity:2.75
0.665	0.001	0.188	0.146
0.001	0.107	0.107	0.785
0.053	0.945	0.001	0.001
0.785	0.107	0.001	0.107
0.001	0.893	0.053	0.053
0.997	0.001	0.001	0.001
0.107	0.001	0.839	0.053
0.053	0.839	0.107	0.001
0.001	0.229	0.053	0.717
0.890	0.002	0.001	0.107
0.053	0.893	0.001	0.053
0.785	0.054	0.107	0.054
>TTGGGCCTGACT	23-TTGGGCCTGACT	8.463612	-3.176421	0	T:183.0(4.44%),B:1748.8(3.90%),P:1e-1	Tpos:281.1,Tstd:216.0,Bpos:237.8,Bstd:140.0,StrandBias:0.2,Multiplicity:1.06
0.100	0.100	0.100	0.700
0.100	0.100	0.100	0.700
0.100	0.100	0.700	0.100
0.100	0.100	0.700	0.100
0.100	0.100	0.700	0.100
0.100	0.700	0.100	0.100
0.100	0.700	0.100	0.100
0.100	0.100	0.100	0.700
0.100	0.100	0.700	0.100
0.700	0.100	0.100	0.100
0.100	0.700	0.100	0.100
0.100	0.100	0.100	0.700
>TGCGCGACTCGG	24-TGCGCGACTCGG	16.402811	-2.432336	0	T:1.0(0.02%),B:0.0(0.00%),P:1e-1	Tpos:202.5,Tstd:103.8,Bpos:0.0,Bstd:0.0,StrandBias:10.0,Multiplicity:8.00
0.001	0.001	0.001	0.997
0.001	0.001	0.997	0.001
0.001	0.997	0.001	0.001
0.001	0.001	0.997	0.001
0.001	0.997	0.001	0.001
0.001	0.001	0.997	0.001
0.997	0.001	0.001	0.001
0.001	0.997	0.001	0.001
0.001	0.001	0.001	0.997
0.001	0.997	0.001	0.001
0.001	0.001	0.997	0.001
0.179	0.001	0.819	0.001
>GGTCCTCCACAC	25-GGTCCTCCACAC	12.355432	-1.178634	0	T:1.0(0.02%),B:4.2(0.01%),P:1e0	Tpos:256.7,Tstd:150.8,Bpos:128.6,Bstd:21.0,StrandBias:10.0,Multiplicity:15.00
0.100	0.100	0.700	0.100
0.100	0.100	0.700	0.100
0.100	0.100	0.100	0.700
0.100	0.700	0.100	0.100
0.100	0.700	0.100	0.100
0.100	0.100	0.100	0.700
0.100	0.700	0.100	0.100
0.100	0.700	0.100	0.100
0.700	0.100	0.100	0.100
0.100	0.700	0.100	0.100
0.700	0.100	0.100	0.100
0.100	0.700	0.100	0.100
>TGTGGTTA	1-TGTGGTTA	7.452327	-827.156660	0	T:1795.0(43.57%),B:7444.3(16.61%),P:1e-359	Tpos:272.2,Tstd:197.0,Bpos:236.5,Bstd:148.7,StrandBias:0.0,Multiplicity:1.32
0.031	0.013	0.001	0.955
0.001	0.001	0.997	0.001
0.016	0.002	0.001	0.981
0.001	0.001	0.997	0.001
0.001	0.001	0.997	0.001
0.001	0.022	0.001	0.976
0.082	0.108	0.059	0.751
0.492	0.061	0.139	0.308
>TGTGGTTT	2-TGTGGTTT	6.122790	-746.048076	0	T:2924.0(70.97%),B:18500.0(41.28%),P:1e-324	Tpos:275.7,Tstd:194.6,Bpos:238.2,Bstd:150.9,StrandBias:0.0,Multiplicity:1.29
0.111	0.076	0.130	0.683
0.001	0.001	0.847	0.151
0.112	0.268	0.024	0.596
0.001	0.001	0.997	0.001
0.001	0.001	0.997	0.001
0.001	0.266	0.001	0.732
0.136	0.153	0.145	0.566
0.207	0.033	0.261	0.499
>AGGAAGTG	3-AGGAAGTG	8.019162	-693.831670	0	T:1516.0(36.80%),B:6123.2(13.66%),P:1e-301	Tpos:277.1,Tstd:191.5,Bpos:235.7,Bstd:139.3,StrandBias:0.0,Multiplicity:1.28
0.968	0.030	0.001	0.001
0.001	0.001	0.997	0.001
0.001	0.001	0.997	0.001
0.997	0.001	0.001	0.001
0.816	0.001	0.001	0.182
0.137	0.001	0.861	0.001
0.001	0.001	0.001	0.997
0.087	0.069	0.843	0.001
>KGTGGTTD	4-KGTGGTTD	7.166096	-643.929393	0	T:2121.0(51.48%),B:11372.7(25.38%),P:1e-279	Tpos:274.9,Tstd:203.9,Bpos:238.3,Bstd:151.0,StrandBias:-0.0,Multiplicity:1.28
0.255	0.024	0.290	0.432
0.001	0.001	0.997	0.001
0.001	0.117	0.134	0.748
0.001	0.001	0.997	0.001
0.001	0.001	0.997	0.001
0.001	0.170	0.241	0.588
0.001	0.001	0.001	0.997
0.252	0.001	0.382	0.364
>CTTCCTGT	5-CTTCCTGT	6.553044	-514.232232	0	T:1719.0(41.72%),B:8908.3(19.88%),P:1e-223	Tpos:278.1,Tstd:207.2,Bpos:238.5,Bstd:142.2,StrandBias:-0.1,Multiplicity:1.26
0.001	0.671	0.001	0.327
0.088	0.001	0.001	0.910
0.001	0.001	0.001	0.997
0.001	0.997	0.001	0.001
0.001	0.997	0.001	0.001
0.001	0.001	0.040	0.958
0.001	0.001	0.997	0.001
0.001	0.088	0.001	0.910
>GGTGTGAA	6-GGTGTGAA	6.231164	-178.225467	0	T:983.0(23.86%),B:5872.0(13.10%),P:1e-77	Tpos:279.5,Tstd:209.8,Bpos:236.1,Bstd:148.2,StrandBias:0.1,Multiplicity:1.18
0.001	0.001	0.997	0.001
0.001	0.001	0.997	0.001
0.001	0.053	0.001	0.945
0.001	0.001	0.997	0.001
0.115	0.019	0.001	0.865
0.001	0.001	0.900	0.098
0.997	0.001	0.001	0.001
0.789	0.098	0.001	0.112
>TYGGTTTC	7-TYGGTTTC	5.365290	-149.336893	0	T:1282.0(31.12%),B:8905.3(19.87%),P:1e-64	Tpos:281.8,Tstd:203.7,Bpos:237.8,Bstd:142.1,StrandBias:0.0,Multiplicity:1.18
0.001	0.001	0.361	0.637
0.001	0.412	0.248	0.339
0.037	0.001	0.949	0.013
0.001	0.001	0.997	0.001
0.001	0.001	0.001	0.997
0.001	0.001	0.001	0.997
0.001	0.001	0.001	0.997
0.001	0.997	0.001	0.001
>GTTTCCKY	8-GTTTCCKY	6.552484	-147.892821	0	T:1369.0(33.23%),B:9738.8(21.73%),P:1e-64	Tpos:280.5,Tstd:221.3,Bpos:237.6,Bstd:142.4,StrandBias:-0.1,Multiplicity:1.17
0.257	0.043	0.699	0.001
0.001	0.234	0.144	0.621
0.072	0.032	0.004	0.892
0.029	0.001	0.015	0.955
0.321	0.643	0.034	0.002
0.179	0.652	0.103	0.066
0.002	0.001	0.509	0.488
0.014	0.392	0.079	0.515
>TSACACCT	9-TSACACCT	6.065643	-134.652120	0	T:1553.0(37.69%),B:11726.5(26.16%),P:1e-58	Tpos:284.6,Tstd:211.6,Bpos:234.3,Bstd:151.6,StrandBias:-0.1,Multiplicity:1.26
0.001	0.127	0.001	0.871
0.202	0.354	0.402	0.042
0.864	0.027	0.017	0.092
0.001	0.871	0.059	0.069
0.866	0.001	0.090	0.043
0.073	0.857	0.069	0.001
0.191	0.413	0.148	0.249
0.086	0.002	0.044	0.868
>CYCCACCC	10-CYCCACCC	8.007248	-129.388003	0	T:1505.0(36.53%),B:11355.8(25.34%),P:1e-56	Tpos:293.2,Tstd:226.0,Bpos:237.4,Bstd:140.5,StrandBias:0.0,Multiplicity:1.59
0.001	0.997	0.001	0.001
0.035	0.540	0.001	0.424
0.165	0.833	0.001	0.001
0.001	0.997	0.001	0.001
0.522	0.001	0.232	0.245
0.001	0.997	0.001	0.001
0.001	0.997	0.001	0.001
0.001	0.997	0.001	0.001
>TGAGTCAT	11-TGAGTCAT	6.752558	-124.095624	0	T:855.0(20.75%),B:5453.6(12.17%),P:1e-53	Tpos:279.2,Tstd:223.1,Bpos:238.2,Bstd:144.2,StrandBias:-0.1,Multiplicity:1.17
0.001	0.007	0.001	0.991
0.010	0.001	0.947	0.042
0.908	0.008	0.001	0.083
0.068	0.164	0.718	0.050
0.001	0.001	0.001	0.997
0.031	0.958	0.001	0.010
0.997	0.001	0.001	0.001
0.025	0.175	0.107	0.693
>TGTGRTAA	12-TGTGRTAA	4.760073	-106.984838	0	T:2388.0(57.96%),B:20958.0(46.76%),P:1e-46	Tpos:277.1,Tstd:207.5,Bpos:237.6,Bstd:143.6,StrandBias:-0.0,Multiplicity:1.45
0.001	0.079	0.156	0.764
0.283	0.108	0.509	0.100
0.142	0.330	0.021	0.507
0.040	0.224	0.520	0.216
0.447	0.002	0.550	0.001
0.042	0.273	0.098	0.587
0.710	0.087	0.202	0.001
0.635	0.152	0.163	0.050
>CACTTCCG	13-CACTTCCG	7.716080	-106.568904	0	T:442.0(10.73%),B:2291.4(5.11%),P:1e-46	Tpos:283.0,Tstd:201.1,Bpos:236.3,Bstd:144.6,StrandBias:-0.1,Multiplicity:1.06
0.039	0.915	0.030	0.016
0.857	0.027	0.001	0.115
0.008	0.850	0.070	0.072
0.185	0.001	0.007	0.807
0.001	0.001	0.001	0.997
0.001	0.977	0.001	0.021
0.001	0.997	0.001	0.001
0.001	0.202	0.796	0.001
>TGTGGGCA	14-TGTGGGCA	8.152568	-94.254903	0	T:765.0(18.57%),B:5097.6(11.37%),P:1e-40	Tpos:274.0,Tstd:210.0,Bpos:238.7,Bstd:149.1,StrandBias:-0.0,Multiplicity:1.11
0.001	0.001	0.001	0.997
0.001	0.001	0.997	0.001
0.001	0.001	0.001	0.997
0.001	0.001	0.997	0.001
0.001	0.001	0.997	0.001
0.001	0.085	0.913	0.001
0.001	0.747	0.086	0.166
0.685	0.001	0.124	0.190
>SCGGAAGK	15-SCGGAAGK	6.878704	-87.954202	0	T:398.0(9.66%),B:2137.9(4.77%),P:1e-38	Tpos:318.9,Tstd:227.1,Bpos:234.3,Bstd:143.6,StrandBias:0.2,Multiplicity:1.05
0.001	0.519	0.414	0.066
0.001	0.997	0.001	0.001
0.001	0.001	0.997	0.001
0.245	0.001	0.753	0.001
0.683	0.001	0.001	0.315
0.595	0.001	0.001	0.403
0.261	0.046	0.692	0.001
0.083	0.134	0.417	0.366
>TGACGTCA	16-TGACGTCA	6.690258	-72.676985	0	T:664.0(16.12%),B:4550.3(10.15%),P:1e-31	Tpos:278.4,Tstd:191.8,Bpos:241.1,Bstd:147.9,StrandBias:0.1,Multiplicity:1.14
0.020	0.042	0.015	0.923
0.034	0.114	0.779	0.073
0.738	0.100	0.048	0.114
0.054	0.583	0.361	0.002
0.145	0.002	0.852	0.001
0.076	0.071	0.027	0.826
0.111	0.499	0.172	0.218
0.818	0.038	0.031	0.113
>CGGAAGTT	17-CGGAAGTT	8.190120	-41.902947	0	T:248.0(6.02%),B:1474.6(3.29%),P:1e-18	Tpos:278.9,Tstd:195.0,Bpos:234.8,Bstd:139.8,StrandBias:-0.1,Multiplicity:1.02
0.196	0.802	0.001	0.001
0.001	0.001	0.997	0.001
0.001	0.001	0.997	0.001
0.997	0.001	0.001	0.001
0.847	0.151	0.001	0.001
0.001	0.363	0.635	0.001
0.001	0.001	0.001	0.997
0.075	0.200	0.001	0.724
>CGCGGTTA	18-CGCGGTTA	7.611957	-26.012589	0	T:103.0(2.50%),B:529.0(1.18%),P:1e-11	Tpos:287.6,Tstd:198.1,Bpos:232.8,Bstd:147.7,StrandBias:-0.1,Multiplicity:1.02
0.001	0.744	0.254	0.001
0.001	0.001	0.997	0.001
0.219	0.445	0.199	0.137
0.001	0.067	0.931	0.001
0.001	0.177	0.821	0.001
0.001	0.174	0.001	0.824
0.078	0.001	0.001	0.920
0.764	0.219	0.016	0.001
>GGGTGTCA	19-GGGTGTCA	8.236954	-22.986855	0	T:136.0(3.30%),B:817.0(1.82%),P:1e-9	Tpos:284.2,Tstd:208.2,Bpos:227.8,Bstd:148.6,StrandBias:0.4,Multiplicity:1.02
0.100	0.100	0.700	0.100
0.100	0.100	0.700	0.100
0.100	0.100	0.700	0.100
0.100	0.100	0.100	0.700
0.100	0.100	0.700	0.100
0.100	0.100	0.100	0.700
0.100	0.700	0.100	0.100
0.700	0.100	0.100	0.100
>GCTTGGTT	20-GCTTGGTT	9.706744	-15.065512	0	T:146.0(3.54%),B:1022.3(2.28%),P:1e-6	Tpos:279.1,Tstd:194.8,Bpos:239.0,Bstd:146.3,StrandBias:-0.0,Multiplicity:1.02
0.001	0.001	0.997	0.001
0.001	0.997	0.001	0.001
0.001	0.001	0.001	0.997
0.001	0.001	0.001	0.997
0.256	0.001	0.742	0.001
0.001	0.001	0.997	0.001
0.001	0.001	0.001	0.997
0.001	0.001	0.001	0.997
>GCGCGACT	21-GCGCGACT	8.236954	-6.830094	0	T:9.0(0.22%),B:27.4(0.06%),P:1e-2	Tpos:311.6,Tstd:170.4,Bpos:256.8,Bstd:155.9,StrandBias:2.4,Multiplicity:2.11
0.100	0.100	0.700	0.100
0.100	0.700	0.100	0.100
0.100	0.100	0.700	0.100
0.100	0.700	0.100	0.100
0.100	0.100	0.700	0.100
0.700	0.100	0.100	0.100
0.100	0.700	0.100	0.100
0.100	0.100	0.100	0.700
>CCGGCATA	22-CCGGCATA	8.940691	-3.978217	0	T:16.0(0.39%),B:96.2(0.21%),P:1e-1	Tpos:308.6,Tstd:190.8,Bpos:247.1,Bstd:132.6,StrandBias:1.9,Multiplicity:2.71
0.001	0.997	0.001	0.001
0.001	0.997	0.001	0.001
0.001	0.001	0.997	0.001
0.119	0.001	0.879	0.001
0.001	0.997	0.001	0.001
0.997	0.001	0.001	0.001
0.001	0.001	0.001	0.997
0.997	0.001	0.001	0.001
