Factor1: 0.6486437176296073
Factor2: 1.5416783864867807
