Factor1: 0.9969238701753035
Factor2: 1.0030856215973198
