>CCACTAGRKGGC	1-CCACTAGRKGGC	9.874113	-316.067471	0	T:307.0(8.93%),B:646.4(1.44%),P:1e-137	Tpos:259.7,Tstd:237.3,Bpos:232.3,Bstd:137.1,StrandBias:-0.1,Multiplicity:1.03
0.117	0.808	0.001	0.074
0.001	0.997	0.001	0.001
0.815	0.018	0.001	0.166
0.077	0.789	0.133	0.001
0.143	0.291	0.019	0.547
0.929	0.001	0.001	0.069
0.001	0.001	0.997	0.001
0.438	0.001	0.543	0.018
0.001	0.001	0.533	0.465
0.001	0.001	0.997	0.001
0.052	0.131	0.713	0.104
0.094	0.770	0.001	0.135
>NYCACTTCCTGY	2-NYCACTTCCTGY	8.411984	-250.231245	0	T:767.0(22.32%),B:4263.7(9.52%),P:1e-108	Tpos:283.3,Tstd:221.7,Bpos:235.5,Bstd:138.6,StrandBias:-0.1,Multiplicity:1.18
0.254	0.235	0.262	0.249
0.210	0.367	0.134	0.289
0.238	0.390	0.174	0.198
0.516	0.152	0.242	0.090
0.001	0.605	0.007	0.387
0.197	0.001	0.001	0.801
0.001	0.096	0.001	0.902
0.001	0.997	0.001	0.001
0.001	0.997	0.001	0.001
0.001	0.001	0.001	0.997
0.001	0.222	0.614	0.163
0.073	0.353	0.113	0.460
>NKVTGACTCABM	3-NKVTGACTCABM	8.030526	-128.331198	0	T:356.0(10.36%),B:1813.3(4.05%),P:1e-55	Tpos:270.4,Tstd:207.2,Bpos:234.7,Bstd:134.7,StrandBias:0.0,Multiplicity:1.13
0.235	0.245	0.240	0.280
0.132	0.177	0.338	0.353
0.340	0.286	0.373	0.001
0.001	0.001	0.001	0.997
0.001	0.001	0.997	0.001
0.997	0.001	0.001	0.001
0.001	0.614	0.384	0.001
0.001	0.001	0.001	0.997
0.001	0.997	0.001	0.001
0.997	0.001	0.001	0.001
0.033	0.297	0.354	0.316
0.388	0.473	0.001	0.138
>CNGGCCCCGCCC	4-CNGGCCCCGCCC	8.542746	-88.535607	0	T:687.0(19.99%),B:5439.1(12.14%),P:1e-38	Tpos:353.6,Tstd:294.4,Bpos:235.0,Bstd:152.5,StrandBias:0.1,Multiplicity:1.64
0.145	0.541	0.160	0.154
0.306	0.195	0.186	0.314
0.150	0.189	0.564	0.097
0.007	0.001	0.909	0.083
0.100	0.754	0.026	0.120
0.091	0.658	0.001	0.250
0.132	0.866	0.001	0.001
0.001	0.997	0.001	0.001
0.234	0.001	0.620	0.145
0.001	0.997	0.001	0.001
0.001	0.997	0.001	0.001
0.001	0.885	0.001	0.113
>ACCGGAAGTGGG	5-ACCGGAAGTGGG	8.447635	-70.113253	0	T:241.0(7.01%),B:1369.8(3.06%),P:1e-30	Tpos:310.5,Tstd:274.2,Bpos:235.9,Bstd:150.7,StrandBias:-0.2,Multiplicity:1.06
0.750	0.078	0.105	0.067
0.102	0.748	0.114	0.036
0.106	0.618	0.132	0.144
0.200	0.033	0.671	0.096
0.024	0.006	0.969	0.001
0.693	0.139	0.083	0.085
0.703	0.047	0.121	0.129
0.118	0.114	0.760	0.008
0.085	0.089	0.079	0.747
0.060	0.004	0.878	0.058
0.098	0.002	0.809	0.091
0.105	0.123	0.660	0.112
>CTCCGATTGGCT	6-CTCCGATTGGCT	9.118039	-56.834027	0	T:153.0(4.45%),B:763.4(1.70%),P:1e-24	Tpos:322.7,Tstd:247.8,Bpos:232.7,Bstd:149.6,StrandBias:0.2,Multiplicity:1.11
0.001	0.834	0.081	0.084
0.116	0.082	0.063	0.739
0.042	0.698	0.177	0.083
0.083	0.612	0.096	0.209
0.001	0.120	0.770	0.109
0.870	0.008	0.072	0.050
0.001	0.038	0.116	0.845
0.001	0.001	0.040	0.958
0.040	0.001	0.958	0.001
0.041	0.001	0.957	0.001
0.001	0.796	0.021	0.182
0.082	0.060	0.072	0.786
>GTTTCCTTTCCG	7-GTTTCCTTTCCG	7.873832	-50.161676	0	T:379.0(11.03%),B:2937.4(6.56%),P:1e-21	Tpos:295.1,Tstd:265.8,Bpos:237.9,Bstd:142.9,StrandBias:-0.2,Multiplicity:1.08
0.043	0.071	0.802	0.084
0.010	0.085	0.090	0.815
0.029	0.081	0.037	0.853
0.017	0.033	0.017	0.933
0.015	0.938	0.033	0.014
0.036	0.874	0.017	0.073
0.038	0.089	0.066	0.807
0.001	0.030	0.055	0.914
0.066	0.018	0.064	0.852
0.056	0.869	0.030	0.045
0.140	0.624	0.112	0.124
0.126	0.052	0.726	0.096
>GTCATTTCCTGA	8-GTCATTTCCTGA	8.630333	-41.997615	0	T:209.0(6.08%),B:1400.6(3.13%),P:1e-18	Tpos:269.2,Tstd:232.0,Bpos:232.3,Bstd:133.5,StrandBias:0.3,Multiplicity:1.04
0.032	0.047	0.853	0.068
0.060	0.068	0.072	0.800
0.016	0.877	0.069	0.038
0.816	0.073	0.031	0.080
0.052	0.106	0.019	0.823
0.014	0.027	0.098	0.861
0.055	0.062	0.029	0.854
0.042	0.818	0.041	0.099
0.055	0.830	0.036	0.079
0.086	0.028	0.033	0.853
0.037	0.106	0.757	0.100
0.863	0.026	0.052	0.059
>TCABASTTTCCA	9-TCABASTTTCCA	11.026619	-41.720030	0	T:75.0(2.18%),B:289.2(0.65%),P:1e-18	Tpos:228.2,Tstd:167.1,Bpos:237.3,Bstd:138.4,StrandBias:-0.0,Multiplicity:1.01
0.186	0.001	0.124	0.689
0.001	0.997	0.001	0.001
0.997	0.001	0.001	0.001
0.125	0.249	0.268	0.357
0.620	0.125	0.062	0.193
0.112	0.420	0.307	0.161
0.001	0.001	0.001	0.997
0.001	0.001	0.001	0.997
0.001	0.001	0.001	0.997
0.001	0.997	0.001	0.001
0.001	0.997	0.001	0.001
0.997	0.001	0.001	0.001
>AACCACACCCTG	10-AACCACACCCTG	9.728000	-40.967849	0	T:93.0(2.71%),B:422.0(0.94%),P:1e-17	Tpos:309.9,Tstd:218.9,Bpos:233.8,Bstd:131.2,StrandBias:0.1,Multiplicity:1.09
0.766	0.064	0.093	0.077
0.888	0.034	0.054	0.024
0.055	0.875	0.001	0.069
0.047	0.903	0.001	0.049
0.892	0.047	0.017	0.044
0.068	0.874	0.057	0.001
0.856	0.034	0.065	0.045
0.082	0.683	0.112	0.123
0.069	0.835	0.053	0.043
0.053	0.857	0.051	0.039
0.069	0.050	0.068	0.813
0.093	0.054	0.764	0.089
>GGGTGTCCCTAC	11-GGGTGTCCCTAC	12.981012	-40.491349	0	T:17.0(0.49%),B:9.5(0.02%),P:1e-17	Tpos:275.1,Tstd:196.5,Bpos:239.3,Bstd:104.7,StrandBias:-0.9,Multiplicity:1.00
0.182	0.001	0.816	0.001
0.001	0.241	0.757	0.001
0.001	0.001	0.997	0.001
0.001	0.001	0.001	0.997
0.001	0.001	0.997	0.001
0.001	0.322	0.001	0.676
0.001	0.757	0.001	0.241
0.001	0.997	0.001	0.001
0.001	0.757	0.001	0.241
0.001	0.001	0.001	0.997
0.726	0.272	0.001	0.001
0.001	0.997	0.001	0.001
>GCGCWTGCGCVN	12-GCGCWTGCGCVN	8.938528	-39.239417	0	T:180.0(5.24%),B:1168.3(2.61%),P:1e-17	Tpos:336.4,Tstd:252.1,Bpos:231.2,Bstd:170.8,StrandBias:0.0,Multiplicity:1.15
0.163	0.001	0.835	0.001
0.001	0.997	0.001	0.001
0.128	0.001	0.870	0.001
0.001	0.997	0.001	0.001
0.426	0.169	0.020	0.385
0.001	0.001	0.218	0.780
0.311	0.103	0.585	0.001
0.418	0.580	0.001	0.001
0.001	0.001	0.682	0.316
0.001	0.619	0.024	0.356
0.366	0.250	0.261	0.124
0.252	0.234	0.287	0.227
>AAAGGCAGCGCC	13-AAAGGCAGCGCC	9.630686	-38.037370	0	T:110.0(3.20%),B:575.5(1.28%),P:1e-16	Tpos:280.6,Tstd:233.3,Bpos:242.7,Bstd:144.8,StrandBias:0.0,Multiplicity:1.00
0.847	0.086	0.031	0.036
0.851	0.048	0.070	0.031
0.913	0.001	0.042	0.044
0.056	0.060	0.883	0.001
0.073	0.039	0.817	0.071
0.045	0.875	0.079	0.001
0.789	0.081	0.067	0.063
0.011	0.036	0.933	0.020
0.077	0.746	0.120	0.057
0.046	0.072	0.762	0.120
0.016	0.828	0.071	0.085
0.077	0.765	0.056	0.102
>TGAAACTGAAAC	14-TGAAACTGAAAC	8.933225	-37.947122	0	T:187.0(5.44%),B:1249.7(2.79%),P:1e-16	Tpos:296.7,Tstd:301.0,Bpos:231.1,Bstd:150.7,StrandBias:0.2,Multiplicity:1.09
0.083	0.014	0.030	0.873
0.076	0.118	0.766	0.040
0.817	0.050	0.058	0.075
0.875	0.050	0.047	0.028
0.841	0.060	0.022	0.077
0.051	0.819	0.094	0.036
0.109	0.022	0.064	0.805
0.073	0.075	0.803	0.049
0.920	0.024	0.033	0.023
0.864	0.056	0.042	0.038
0.810	0.071	0.081	0.038
0.056	0.815	0.075	0.054
>TCTTTGATGTGG	15-TCTTTGATGTGG	9.565096	-37.468683	0	T:96.0(2.79%),B:469.2(1.05%),P:1e-16	Tpos:289.4,Tstd:233.7,Bpos:222.8,Bstd:132.9,StrandBias:-0.4,Multiplicity:1.05
0.064	0.070	0.080	0.786
0.050	0.783	0.079	0.088
0.044	0.044	0.001	0.911
0.009	0.040	0.064	0.887
0.030	0.013	0.071	0.886
0.063	0.069	0.788	0.080
0.807	0.061	0.048	0.084
0.091	0.013	0.068	0.828
0.052	0.097	0.798	0.053
0.061	0.013	0.070	0.856
0.059	0.044	0.845	0.052
0.018	0.070	0.827	0.085
>CTTCCTCCTAGC	16-CTTCCTCCTAGC	12.485042	-36.363009	0	T:32.0(0.93%),B:62.2(0.14%),P:1e-15	Tpos:292.9,Tstd:190.2,Bpos:250.6,Bstd:131.2,StrandBias:0.6,Multiplicity:1.00
0.084	0.780	0.084	0.052
0.001	0.037	0.001	0.961
0.001	0.094	0.001	0.904
0.001	0.863	0.084	0.052
0.001	0.915	0.083	0.001
0.001	0.001	0.063	0.935
0.063	0.935	0.001	0.001
0.001	0.997	0.001	0.001
0.001	0.041	0.001	0.957
0.997	0.001	0.001	0.001
0.001	0.001	0.997	0.001
0.063	0.829	0.107	0.001
>NNGAAATTCGBR	17-NNGAAATTCGBR	4.860612	-35.382782	0	T:566.0(16.47%),B:5288.9(11.80%),P:1e-15	Tpos:322.9,Tstd:272.3,Bpos:237.6,Bstd:155.0,StrandBias:-0.1,Multiplicity:1.17
0.200	0.262	0.204	0.335
0.261	0.290	0.203	0.246
0.102	0.142	0.553	0.203
0.580	0.087	0.087	0.246
0.495	0.174	0.059	0.272
0.550	0.087	0.131	0.232
0.116	0.189	0.073	0.622
0.232	0.160	0.156	0.452
0.059	0.881	0.030	0.030
0.044	0.059	0.824	0.073
0.142	0.278	0.304	0.276
0.233	0.190	0.373	0.204
>GCGGGAAATCCC	18-GCGGGAAATCCC	8.212497	-35.324224	0	T:165.0(4.80%),B:1080.5(2.41%),P:1e-15	Tpos:331.1,Tstd:315.0,Bpos:240.0,Bstd:150.3,StrandBias:0.4,Multiplicity:1.05
0.045	0.072	0.804	0.079
0.141	0.635	0.114	0.110
0.060	0.025	0.768	0.147
0.037	0.037	0.889	0.037
0.036	0.001	0.962	0.001
0.895	0.051	0.022	0.032
0.794	0.058	0.093	0.055
0.850	0.039	0.060	0.051
0.058	0.055	0.085	0.802
0.048	0.769	0.079	0.104
0.001	0.944	0.037	0.018
0.037	0.894	0.051	0.018
>TCAGCAKCTGGC	19-TCAGCAKCTGGC	12.187656	-14.227482	0	T:18.0(0.52%),B:56.2(0.13%),P:1e-6	Tpos:272.7,Tstd:148.7,Bpos:225.8,Bstd:132.3,StrandBias:1.6,Multiplicity:1.88
0.001	0.001	0.001	0.997
0.001	0.997	0.001	0.001
0.997	0.001	0.001	0.001
0.001	0.001	0.880	0.118
0.118	0.880	0.001	0.001
0.665	0.001	0.333	0.001
0.119	0.001	0.366	0.514
0.001	0.880	0.090	0.029
0.001	0.119	0.119	0.761
0.119	0.090	0.790	0.001
0.001	0.118	0.880	0.001
0.001	0.937	0.001	0.061
>AGGGGGTGACTA	20-AGGGGGTGACTA	8.632613	-11.146789	0	T:30.0(0.87%),B:161.4(0.36%),P:1e-4	Tpos:340.8,Tstd:231.6,Bpos:235.9,Bstd:156.0,StrandBias:1.1,Multiplicity:1.33
0.842	0.001	0.001	0.156
0.001	0.156	0.842	0.001
0.001	0.001	0.997	0.001
0.001	0.001	0.842	0.156
0.001	0.156	0.842	0.001
0.048	0.001	0.950	0.001
0.001	0.001	0.001	0.997
0.001	0.001	0.997	0.001
0.997	0.001	0.001	0.001
0.001	0.842	0.001	0.156
0.001	0.001	0.001	0.997
0.842	0.001	0.001	0.156
>TGCTGAGAGTCA	21-TGCTGAGAGTCA	14.348687	-9.239415	0	T:4.0(0.12%),B:3.9(0.01%),P:1e-4	Tpos:160.8,Tstd:109.9,Bpos:246.0,Bstd:141.9,StrandBias:-2.0,Multiplicity:2.50
0.001	0.001	0.001	0.997
0.001	0.001	0.997	0.001
0.001	0.997	0.001	0.001
0.001	0.001	0.001	0.997
0.001	0.001	0.997	0.001
0.997	0.001	0.001	0.001
0.001	0.001	0.997	0.001
0.997	0.001	0.001	0.001
0.001	0.001	0.997	0.001
0.001	0.001	0.001	0.997
0.001	0.997	0.001	0.001
0.893	0.001	0.105	0.001
>CTGTGAGGATGT	22-CTGTGAGGATGT	14.090957	-8.343371	0	T:5.0(0.15%),B:7.9(0.02%),P:1e-3	Tpos:166.0,Tstd:102.1,Bpos:260.7,Bstd:115.1,StrandBias:1.7,Multiplicity:2.60
0.001	0.997	0.001	0.001
0.001	0.089	0.001	0.909
0.089	0.001	0.909	0.001
0.001	0.001	0.001	0.997
0.001	0.001	0.997	0.001
0.997	0.001	0.001	0.001
0.001	0.001	0.997	0.001
0.001	0.001	0.997	0.001
0.997	0.001	0.001	0.001
0.001	0.001	0.001	0.997
0.001	0.001	0.997	0.001
0.001	0.001	0.001	0.997
>GCCGTGAACACA	23-GCCGTGAACACA	13.221087	-6.648553	0	T:4.0(0.12%),B:6.9(0.02%),P:1e-2	Tpos:158.0,Tstd:98.9,Bpos:241.7,Bstd:117.0,StrandBias:3.2,Multiplicity:2.50
0.001	0.001	0.997	0.001
0.001	0.997	0.001	0.001
0.001	0.997	0.001	0.001
0.034	0.236	0.729	0.001
0.001	0.001	0.001	0.997
0.001	0.001	0.997	0.001
0.997	0.001	0.001	0.001
0.997	0.001	0.001	0.001
0.001	0.997	0.001	0.001
0.997	0.001	0.001	0.001
0.001	0.997	0.001	0.001
0.997	0.001	0.001	0.001
>GGACAGCTGTGA	24-GGACAGCTGTGA	8.463612	-6.594009	0	T:256.0(7.45%),B:2765.3(6.17%),P:1e-2	Tpos:311.5,Tstd:255.7,Bpos:233.0,Bstd:135.7,StrandBias:0.4,Multiplicity:1.10
0.100	0.100	0.700	0.100
0.100	0.100	0.700	0.100
0.700	0.100	0.100	0.100
0.100	0.700	0.100	0.100
0.700	0.100	0.100	0.100
0.100	0.100	0.700	0.100
0.100	0.700	0.100	0.100
0.100	0.100	0.100	0.700
0.100	0.100	0.700	0.100
0.100	0.100	0.100	0.700
0.100	0.100	0.700	0.100
0.700	0.100	0.100	0.100
>ACCATCTGTACA	25-ACCATCTGTACA	12.355432	-2.605820	0	T:1.0(0.03%),B:1.4(0.00%),P:1e-1	Tpos:80.4,Tstd:47.8,Bpos:212.8,Bstd:129.7,StrandBias:10.0,Multiplicity:9.00
0.700	0.100	0.100	0.100
0.100	0.700	0.100	0.100
0.100	0.700	0.100	0.100
0.700	0.100	0.100	0.100
0.100	0.100	0.100	0.700
0.100	0.700	0.100	0.100
0.100	0.100	0.100	0.700
0.100	0.100	0.700	0.100
0.100	0.100	0.100	0.700
0.700	0.100	0.100	0.100
0.100	0.700	0.100	0.100
0.700	0.100	0.100	0.100
