>CAGGAAGT	1-CAGGAAGT	6.580305	-192.721545	0	T:825.0(24.00%),B:5374.7(12.00%),P:1e-83	Tpos:297.5,Tstd:248.7,Bpos:234.4,Bstd:144.4,StrandBias:-0.1,Multiplicity:1.20
0.001	0.837	0.161	0.001
0.910	0.088	0.001	0.001
0.001	0.001	0.997	0.001
0.001	0.001	0.997	0.001
0.997	0.001	0.001	0.001
0.997	0.001	0.001	0.001
0.210	0.001	0.788	0.001
0.001	0.001	0.001	0.997
>TGACTCAT	2-TGACTCAT	7.619188	-112.399478	0	T:427.0(12.42%),B:2564.7(5.72%),P:1e-48	Tpos:276.0,Tstd:215.0,Bpos:236.7,Bstd:137.6,StrandBias:0.1,Multiplicity:1.16
0.001	0.001	0.001	0.997
0.001	0.001	0.982	0.016
0.997	0.001	0.001	0.001
0.033	0.736	0.230	0.001
0.001	0.001	0.029	0.969
0.016	0.968	0.015	0.001
0.971	0.001	0.010	0.018
0.037	0.152	0.199	0.612
>CAGGAAAC	3-CAGGAAAC	6.570797	-79.477290	0	T:783.0(22.78%),B:6640.7(14.82%),P:1e-34	Tpos:302.6,Tstd:258.2,Bpos:236.7,Bstd:144.0,StrandBias:0.2,Multiplicity:1.17
0.001	0.894	0.104	0.001
0.840	0.158	0.001	0.001
0.001	0.001	0.997	0.001
0.001	0.001	0.997	0.001
0.997	0.001	0.001	0.001
0.997	0.001	0.001	0.001
0.673	0.001	0.325	0.001
0.001	0.997	0.001	0.001
>WAACCGCR	4-WAACCGCR	3.843299	-74.960957	0	T:1616.0(47.02%),B:16581.8(37.01%),P:1e-32	Tpos:331.4,Tstd:276.7,Bpos:236.9,Bstd:156.8,StrandBias:0.1,Multiplicity:1.63
0.388	0.154	0.101	0.358
0.626	0.050	0.068	0.256
0.578	0.134	0.064	0.224
0.276	0.457	0.165	0.102
0.070	0.680	0.186	0.064
0.108	0.067	0.749	0.076
0.172	0.442	0.241	0.145
0.351	0.198	0.322	0.129
>GGCGGGDH	5-GGCGGGDH	6.397110	-58.759413	0	T:1070.0(31.13%),B:10424.5(23.27%),P:1e-25	Tpos:355.4,Tstd:291.8,Bpos:236.6,Bstd:160.5,StrandBias:-0.1,Multiplicity:2.14
0.001	0.001	0.997	0.001
0.001	0.001	0.997	0.001
0.001	0.997	0.001	0.001
0.001	0.001	0.997	0.001
0.001	0.001	0.799	0.199
0.392	0.001	0.606	0.001
0.355	0.001	0.379	0.265
0.352	0.357	0.001	0.290
>ACGGAAAT	6-ACGGAAAT	5.265791	-55.380906	0	T:386.0(11.23%),B:2918.7(6.51%),P:1e-24	Tpos:288.7,Tstd:269.8,Bpos:235.1,Bstd:143.9,StrandBias:0.0,Multiplicity:1.09
0.954	0.001	0.001	0.044
0.001	0.962	0.001	0.036
0.001	0.001	0.997	0.001
0.083	0.227	0.689	0.001
0.986	0.001	0.012	0.001
0.975	0.001	0.001	0.023
0.997	0.001	0.001	0.001
0.001	0.106	0.001	0.892
>KTKACGTT	7-KTKACGTT	5.443906	-51.260428	0	T:803.0(23.36%),B:7532.3(16.81%),P:1e-22	Tpos:311.0,Tstd:263.0,Bpos:237.3,Bstd:152.8,StrandBias:-0.1,Multiplicity:1.18
0.144	0.111	0.445	0.299
0.227	0.113	0.056	0.604
0.205	0.001	0.348	0.447
0.565	0.378	0.001	0.056
0.143	0.855	0.001	0.001
0.001	0.001	0.997	0.001
0.054	0.285	0.001	0.660
0.067	0.001	0.124	0.808
>TCGCBAVM	8-TCGCBAVM	4.877197	-49.233072	0	T:723.0(21.04%),B:6677.7(14.90%),P:1e-21	Tpos:350.0,Tstd:311.4,Bpos:236.1,Bstd:158.5,StrandBias:-0.1,Multiplicity:1.29
0.012	0.001	0.398	0.589
0.200	0.515	0.089	0.196
0.317	0.001	0.622	0.060
0.001	0.713	0.047	0.239
0.164	0.315	0.291	0.231
0.651	0.001	0.162	0.186
0.348	0.296	0.253	0.103
0.501	0.363	0.135	0.001
>CCACTAGK	9-CCACTAGK	6.917032	-47.514775	0	T:554.0(16.12%),B:4841.8(10.81%),P:1e-20	Tpos:298.6,Tstd:235.3,Bpos:237.1,Bstd:140.7,StrandBias:-0.0,Multiplicity:1.10
0.108	0.841	0.001	0.050
0.001	0.950	0.048	0.001
0.400	0.197	0.186	0.217
0.191	0.807	0.001	0.001
0.141	0.001	0.001	0.857
0.857	0.141	0.001	0.001
0.001	0.049	0.949	0.001
0.223	0.001	0.362	0.414
>CTTCAAAG	10-CTTCAAAG	7.846927	-47.000289	0	T:512.0(14.90%),B:4397.7(9.82%),P:1e-20	Tpos:293.6,Tstd:257.6,Bpos:239.0,Bstd:143.9,StrandBias:0.2,Multiplicity:1.14
0.001	0.839	0.001	0.159
0.163	0.001	0.059	0.777
0.001	0.001	0.001	0.997
0.086	0.912	0.001	0.001
0.997	0.001	0.001	0.001
0.997	0.001	0.001	0.001
0.997	0.001	0.001	0.001
0.123	0.001	0.875	0.001
>GTCGGTGG	11-GTCGGTGG	7.253997	-42.983339	0	T:526.0(15.30%),B:4644.0(10.36%),P:1e-18	Tpos:304.9,Tstd:259.3,Bpos:236.4,Bstd:141.3,StrandBias:0.1,Multiplicity:1.13
0.007	0.001	0.945	0.047
0.001	0.001	0.001	0.997
0.001	0.821	0.177	0.001
0.001	0.213	0.561	0.225
0.001	0.099	0.899	0.001
0.003	0.039	0.001	0.957
0.220	0.053	0.636	0.091
0.001	0.001	0.825	0.173
>ATGACGTM	12-ATGACGTM	7.835564	-37.350683	0	T:180.0(5.24%),B:1192.6(2.66%),P:1e-16	Tpos:332.0,Tstd:286.6,Bpos:241.8,Bstd:155.5,StrandBias:0.2,Multiplicity:1.06
0.565	0.249	0.161	0.025
0.088	0.001	0.325	0.586
0.001	0.145	0.790	0.064
0.997	0.001	0.001	0.001
0.001	0.997	0.001	0.001
0.001	0.001	0.997	0.001
0.001	0.001	0.001	0.997
0.395	0.524	0.080	0.001
>TATCTCCG	13-TATCTCCG	6.061087	-35.368891	0	T:225.0(6.55%),B:1649.9(3.68%),P:1e-15	Tpos:301.8,Tstd:224.3,Bpos:239.0,Bstd:154.7,StrandBias:0.1,Multiplicity:1.08
0.001	0.050	0.001	0.948
0.997	0.001	0.001	0.001
0.143	0.001	0.001	0.855
0.092	0.906	0.001	0.001
0.001	0.256	0.068	0.675
0.001	0.589	0.200	0.210
0.001	0.997	0.001	0.001
0.001	0.001	0.997	0.001
>GATTGGCT	14-GATTGGCT	9.966238	-35.250236	0	T:157.0(4.57%),B:1008.5(2.25%),P:1e-15	Tpos:307.5,Tstd:207.3,Bpos:236.9,Bstd:146.6,StrandBias:-0.2,Multiplicity:1.11
0.001	0.001	0.997	0.001
0.997	0.001	0.001	0.001
0.001	0.001	0.001	0.997
0.001	0.001	0.001	0.997
0.001	0.001	0.997	0.001
0.001	0.052	0.946	0.001
0.001	0.611	0.001	0.387
0.001	0.097	0.001	0.901
>TTTGATCG	15-TTTGATCG	8.057400	-29.049091	0	T:144.0(4.19%),B:968.7(2.16%),P:1e-12	Tpos:322.9,Tstd:302.1,Bpos:238.1,Bstd:143.1,StrandBias:-0.5,Multiplicity:1.01
0.001	0.001	0.151	0.847
0.186	0.001	0.001	0.812
0.187	0.005	0.001	0.807
0.001	0.001	0.997	0.001
0.864	0.134	0.001	0.001
0.001	0.290	0.169	0.540
0.001	0.997	0.001	0.001
0.001	0.152	0.598	0.249
>TGGAACGH	16-TGGAACGH	6.674079	-25.655212	0	T:386.0(11.23%),B:3553.8(7.93%),P:1e-11	Tpos:314.1,Tstd:266.2,Bpos:234.0,Bstd:144.5,StrandBias:0.1,Multiplicity:1.07
0.001	0.113	0.063	0.823
0.145	0.166	0.457	0.231
0.157	0.001	0.502	0.340
0.987	0.001	0.001	0.011
0.551	0.001	0.303	0.145
0.343	0.655	0.001	0.001
0.001	0.001	0.997	0.001
0.347	0.309	0.001	0.344
>ATGACTAA	17-ATGACTAA	7.664938	-21.657818	0	T:215.0(6.26%),B:1803.5(4.03%),P:1e-9	Tpos:270.7,Tstd:287.0,Bpos:240.2,Bstd:138.3,StrandBias:0.3,Multiplicity:1.11
0.687	0.001	0.311	0.001
0.001	0.001	0.001	0.997
0.001	0.001	0.997	0.001
0.997	0.001	0.001	0.001
0.001	0.880	0.118	0.001
0.001	0.001	0.001	0.997
0.997	0.001	0.001	0.001
0.900	0.001	0.098	0.001
>TAACCACA	18-TAACCACA	8.729626	-19.932774	0	T:138.0(4.02%),B:1049.2(2.34%),P:1e-8	Tpos:241.8,Tstd:170.7,Bpos:236.1,Bstd:133.2,StrandBias:-0.4,Multiplicity:1.04
0.001	0.104	0.001	0.894
0.812	0.001	0.001	0.186
0.997	0.001	0.001	0.001
0.001	0.997	0.001	0.001
0.001	0.576	0.422	0.001
0.997	0.001	0.001	0.001
0.001	0.997	0.001	0.001
0.997	0.001	0.001	0.001
