>CRYTTCCKGY	1-CRYTTCCKGY	6.183673	-253.251903	0	T:985.0(28.66%),B:6250.1(13.95%),P:1e-109	Tpos:292.6,Tstd:237.6,Bpos:234.4,Bstd:145.4,StrandBias:0.0,Multiplicity:1.24
0.186	0.373	0.219	0.222
0.414	0.099	0.393	0.094
0.016	0.380	0.198	0.406
0.069	0.174	0.090	0.667
0.054	0.002	0.038	0.906
0.127	0.686	0.057	0.130
0.076	0.760	0.001	0.163
0.045	0.204	0.317	0.435
0.059	0.243	0.442	0.256
0.171	0.322	0.136	0.372
>CCCCCTAGTG	2-CCCCCTAGTG	8.183496	-157.313937	0	T:284.0(8.26%),B:1085.2(2.42%),P:1e-68	Tpos:254.5,Tstd:204.2,Bpos:240.0,Bstd:137.5,StrandBias:0.0,Multiplicity:1.04
0.009	0.915	0.001	0.075
0.008	0.977	0.010	0.005
0.227	0.746	0.016	0.011
0.001	0.750	0.001	0.248
0.001	0.997	0.001	0.001
0.001	0.014	0.001	0.984
0.834	0.001	0.089	0.076
0.001	0.030	0.959	0.010
0.025	0.022	0.001	0.952
0.001	0.001	0.997	0.001
>TGASTCAYHN	3-TGASTCAYHN	7.453565	-124.099929	0	T:417.0(12.13%),B:2360.7(5.27%),P:1e-53	Tpos:271.4,Tstd:207.7,Bpos:234.5,Bstd:136.2,StrandBias:0.2,Multiplicity:1.16
0.080	0.059	0.001	0.860
0.034	0.093	0.774	0.099
0.899	0.081	0.019	0.001
0.084	0.371	0.436	0.109
0.044	0.024	0.001	0.931
0.077	0.889	0.033	0.001
0.845	0.001	0.099	0.055
0.088	0.377	0.157	0.378
0.294	0.306	0.098	0.302
0.236	0.213	0.335	0.216
>GGCCCCGCCC	4-GGCCCCGCCC	7.095818	-104.550013	0	T:713.0(20.74%),B:5440.8(12.14%),P:1e-45	Tpos:355.1,Tstd:290.3,Bpos:236.0,Bstd:158.7,StrandBias:0.0,Multiplicity:1.78
0.188	0.051	0.572	0.189
0.093	0.001	0.814	0.092
0.098	0.778	0.016	0.108
0.001	0.955	0.001	0.043
0.111	0.887	0.001	0.001
0.001	0.997	0.001	0.001
0.001	0.001	0.997	0.001
0.001	0.997	0.001	0.001
0.001	0.997	0.001	0.001
0.001	0.746	0.001	0.252
>AAACGACGCG	5-AAACGACGCG	4.899305	-66.460122	0	T:1067.0(31.04%),B:10171.7(22.70%),P:1e-28	Tpos:323.3,Tstd:263.3,Bpos:235.0,Bstd:157.1,StrandBias:0.1,Multiplicity:1.35
0.732	0.089	0.083	0.096
0.769	0.084	0.087	0.060
0.760	0.079	0.107	0.054
0.128	0.685	0.112	0.075
0.117	0.142	0.642	0.099
0.640	0.137	0.120	0.103
0.104	0.696	0.109	0.091
0.102	0.138	0.667	0.093
0.080	0.729	0.102	0.089
0.093	0.132	0.680	0.095
>ARCCAATCAG	6-ARCCAATCAG	7.402321	-63.492768	0	T:370.0(10.77%),B:2633.7(5.88%),P:1e-27	Tpos:305.8,Tstd:242.2,Bpos:237.6,Bstd:146.0,StrandBias:-0.1,Multiplicity:1.21
0.520	0.162	0.255	0.063
0.359	0.088	0.475	0.078
0.001	0.827	0.091	0.081
0.001	0.817	0.181	0.001
0.997	0.001	0.001	0.001
0.959	0.001	0.021	0.019
0.055	0.037	0.001	0.907
0.001	0.859	0.139	0.001
0.477	0.113	0.314	0.096
0.143	0.112	0.673	0.072
>YCTTTGAAGT	7-YCTTTGAAGT	7.862167	-61.264201	0	T:422.0(12.28%),B:3182.2(7.10%),P:1e-26	Tpos:269.7,Tstd:223.8,Bpos:236.7,Bstd:141.6,StrandBias:-0.2,Multiplicity:1.13
0.054	0.417	0.055	0.474
0.031	0.805	0.001	0.163
0.001	0.001	0.001	0.997
0.001	0.085	0.001	0.913
0.001	0.011	0.001	0.987
0.001	0.099	0.852	0.048
0.938	0.001	0.001	0.060
0.511	0.061	0.086	0.342
0.107	0.112	0.780	0.001
0.176	0.122	0.113	0.589
>AAACCGCAAA	8-AAACCGCAAA	7.488627	-56.190696	0	T:342.0(9.95%),B:2469.3(5.51%),P:1e-24	Tpos:298.8,Tstd:268.2,Bpos:238.0,Bstd:146.5,StrandBias:-0.1,Multiplicity:1.08
0.813	0.012	0.014	0.161
0.930	0.008	0.054	0.008
0.888	0.037	0.066	0.009
0.067	0.811	0.004	0.118
0.089	0.628	0.071	0.212
0.270	0.099	0.536	0.095
0.168	0.598	0.084	0.150
0.824	0.140	0.004	0.032
0.481	0.154	0.181	0.185
0.528	0.223	0.218	0.031
>GCGGAAACTA	9-GCGGAAACTA	4.977369	-55.381633	0	T:1095.0(31.86%),B:10822.3(24.15%),P:1e-24	Tpos:316.1,Tstd:270.8,Bpos:235.5,Bstd:149.1,StrandBias:0.0,Multiplicity:1.28
0.127	0.090	0.688	0.095
0.105	0.689	0.103	0.103
0.081	0.100	0.732	0.087
0.089	0.094	0.732	0.085
0.721	0.096	0.086	0.097
0.738	0.071	0.110	0.081
0.733	0.091	0.077	0.099
0.121	0.656	0.105	0.118
0.121	0.116	0.118	0.645
0.667	0.103	0.106	0.124
>CTATGCAAAT	10-CTATGCAAAT	8.773871	-50.631957	0	T:148.0(4.31%),B:774.4(1.73%),P:1e-21	Tpos:270.2,Tstd:226.2,Bpos:241.0,Bstd:136.2,StrandBias:0.3,Multiplicity:1.12
0.145	0.505	0.192	0.158
0.001	0.071	0.020	0.908
0.959	0.023	0.001	0.017
0.008	0.001	0.025	0.966
0.027	0.001	0.971	0.001
0.001	0.974	0.001	0.024
0.943	0.034	0.001	0.022
0.982	0.007	0.010	0.001
0.979	0.019	0.001	0.001
0.020	0.043	0.065	0.872
>NTTAACGCKW	11-NTTAACGCKW	4.180850	-50.571391	0	T:1316.0(38.29%),B:13654.7(30.48%),P:1e-21	Tpos:335.1,Tstd:279.8,Bpos:238.2,Bstd:157.0,StrandBias:0.0,Multiplicity:1.46
0.235	0.270	0.216	0.279
0.131	0.094	0.163	0.612
0.176	0.079	0.051	0.694
0.630	0.121	0.118	0.131
0.499	0.133	0.268	0.100
0.043	0.940	0.003	0.014
0.007	0.047	0.931	0.015
0.136	0.443	0.255	0.166
0.175	0.153	0.282	0.390
0.358	0.204	0.166	0.272
>CGCAAGCGCA	12-CGCAAGCGCA	7.189596	-50.146297	0	T:274.0(7.97%),B:1901.6(4.24%),P:1e-21	Tpos:362.8,Tstd:297.8,Bpos:233.6,Bstd:162.0,StrandBias:-0.2,Multiplicity:1.16
0.043	0.809	0.097	0.051
0.052	0.029	0.837	0.082
0.168	0.762	0.031	0.039
0.804	0.085	0.029	0.082
0.754	0.039	0.093	0.114
0.040	0.051	0.815	0.094
0.055	0.805	0.055	0.085
0.038	0.060	0.826	0.076
0.120	0.764	0.055	0.061
0.833	0.039	0.071	0.057
>TGSGTGGGTG	13-TGSGTGGGTG	8.973382	-45.339616	0	T:208.0(6.05%),B:1348.6(3.01%),P:1e-19	Tpos:262.9,Tstd:213.2,Bpos:234.4,Bstd:141.1,StrandBias:-0.5,Multiplicity:1.03
0.054	0.077	0.026	0.843
0.034	0.064	0.901	0.001
0.046	0.491	0.390	0.073
0.015	0.001	0.880	0.104
0.313	0.068	0.001	0.618
0.041	0.024	0.934	0.001
0.001	0.001	0.997	0.001
0.122	0.001	0.820	0.057
0.040	0.028	0.001	0.931
0.073	0.001	0.925	0.001
>CAGSRTGTGG	14-CAGSRTGTGG	7.764274	-33.602010	0	T:153.0(4.45%),B:992.2(2.21%),P:1e-14	Tpos:316.2,Tstd:259.3,Bpos:238.7,Bstd:133.3,StrandBias:0.1,Multiplicity:1.13
0.085	0.498	0.270	0.148
0.627	0.202	0.097	0.074
0.004	0.027	0.705	0.264
0.002	0.375	0.437	0.186
0.413	0.210	0.289	0.088
0.129	0.001	0.327	0.543
0.115	0.108	0.712	0.065
0.072	0.001	0.304	0.623
0.033	0.144	0.709	0.114
0.131	0.133	0.651	0.085
>TGMGGTTAGT	15-TGMGGTTAGT	8.537207	-24.347031	0	T:102.0(2.97%),B:644.9(1.44%),P:1e-10	Tpos:266.3,Tstd:180.5,Bpos:239.1,Bstd:141.1,StrandBias:-0.7,Multiplicity:1.16
0.001	0.328	0.001	0.670
0.054	0.001	0.891	0.054
0.427	0.449	0.001	0.122
0.204	0.164	0.631	0.001
0.001	0.238	0.760	0.001
0.001	0.060	0.001	0.938
0.001	0.072	0.089	0.838
0.837	0.001	0.161	0.001
0.001	0.046	0.952	0.001
0.001	0.001	0.001	0.997
>TCTATTTTTA	16-TCTATTTTTA	10.671985	-23.589451	0	T:60.0(1.75%),B:297.8(0.66%),P:1e-10	Tpos:295.6,Tstd:242.8,Bpos:221.7,Bstd:148.4,StrandBias:0.2,Multiplicity:1.00
0.104	0.001	0.111	0.784
0.001	0.997	0.001	0.001
0.001	0.001	0.001	0.997
0.997	0.001	0.001	0.001
0.285	0.001	0.001	0.713
0.188	0.001	0.001	0.810
0.001	0.001	0.001	0.997
0.001	0.001	0.001	0.997
0.001	0.001	0.001	0.997
0.997	0.001	0.001	0.001
>NGCGMCTAGT	17-NGCGMCTAGT	8.272707	-21.375589	0	T:101.0(2.94%),B:672.0(1.50%),P:1e-9	Tpos:299.9,Tstd:276.2,Bpos:237.2,Bstd:158.2,StrandBias:0.0,Multiplicity:1.05
0.220	0.165	0.313	0.301
0.001	0.049	0.949	0.001
0.163	0.628	0.208	0.001
0.245	0.092	0.662	0.001
0.415	0.489	0.095	0.001
0.001	0.997	0.001	0.001
0.406	0.001	0.001	0.592
0.997	0.001	0.001	0.001
0.198	0.061	0.740	0.001
0.001	0.174	0.261	0.564
>TCTAGCTGCG	18-TCTAGCTGCG	12.081438	-20.208257	0	T:9.0(0.26%),B:6.2(0.01%),P:1e-8	Tpos:301.8,Tstd:205.9,Bpos:323.9,Bstd:93.5,StrandBias:-0.3,Multiplicity:1.00
0.001	0.001	0.001	0.997
0.001	0.825	0.001	0.173
0.001	0.001	0.001	0.997
0.997	0.001	0.001	0.001
0.001	0.001	0.997	0.001
0.001	0.997	0.001	0.001
0.001	0.001	0.001	0.997
0.001	0.001	0.997	0.001
0.001	0.997	0.001	0.001
0.001	0.001	0.997	0.001
>TGACGTCACG	19-TGACGTCACG	6.746367	-19.875313	0	T:189.0(5.50%),B:1570.1(3.50%),P:1e-8	Tpos:285.4,Tstd:201.1,Bpos:240.6,Bstd:145.9,StrandBias:0.0,Multiplicity:1.06
0.116	0.102	0.113	0.669
0.066	0.099	0.728	0.107
0.739	0.094	0.083	0.084
0.111	0.671	0.082	0.136
0.108	0.081	0.700	0.111
0.111	0.080	0.095	0.714
0.087	0.742	0.102	0.069
0.690	0.100	0.099	0.111
0.065	0.692	0.106	0.137
0.121	0.102	0.654	0.123
>GTAACTGCGG	20-GTAACTGCGG	7.626321	-19.326375	0	T:58.0(1.69%),B:317.9(0.71%),P:1e-8	Tpos:326.6,Tstd:215.3,Bpos:242.3,Bstd:154.7,StrandBias:0.2,Multiplicity:1.20
0.020	0.029	0.695	0.256
0.084	0.128	0.203	0.585
0.760	0.025	0.029	0.186
0.861	0.008	0.053	0.078
0.111	0.779	0.048	0.062
0.310	0.056	0.028	0.606
0.289	0.044	0.481	0.185
0.206	0.597	0.022	0.175
0.160	0.200	0.513	0.127
0.176	0.210	0.492	0.122
>GCTGATAGTC	21-GCTGATAGTC	10.538379	-18.669257	0	T:36.0(1.05%),B:152.8(0.34%),P:1e-8	Tpos:237.5,Tstd:191.6,Bpos:209.2,Bstd:130.7,StrandBias:-0.4,Multiplicity:1.17
0.001	0.001	0.997	0.001
0.001	0.997	0.001	0.001
0.001	0.001	0.001	0.997
0.130	0.001	0.868	0.001
0.716	0.001	0.282	0.001
0.001	0.001	0.102	0.896
0.997	0.001	0.001	0.001
0.001	0.001	0.997	0.001
0.001	0.202	0.001	0.796
0.001	0.724	0.001	0.274
>GTACGTCAGT	22-GTACGTCAGT	9.731401	-17.658093	0	T:28.0(0.81%),B:103.3(0.23%),P:1e-7	Tpos:248.1,Tstd:217.5,Bpos:223.9,Bstd:161.1,StrandBias:0.6,Multiplicity:1.00
0.106	0.106	0.740	0.048
0.001	0.033	0.260	0.706
0.951	0.001	0.047	0.001
0.077	0.921	0.001	0.001
0.018	0.035	0.946	0.001
0.001	0.001	0.001	0.997
0.001	0.997	0.001	0.001
0.997	0.001	0.001	0.001
0.001	0.032	0.966	0.001
0.105	0.001	0.065	0.829
>GTGGCGGGAA	23-GTGGCGGGAA	12.120016	-17.389757	0	T:29.0(0.84%),B:111.9(0.25%),P:1e-7	Tpos:325.7,Tstd:204.8,Bpos:212.2,Bstd:151.8,StrandBias:0.1,Multiplicity:1.00
0.001	0.001	0.997	0.001
0.185	0.001	0.001	0.813
0.001	0.001	0.997	0.001
0.001	0.001	0.997	0.001
0.001	0.997	0.001	0.001
0.001	0.001	0.997	0.001
0.029	0.001	0.969	0.001
0.001	0.001	0.997	0.001
0.997	0.001	0.001	0.001
0.997	0.001	0.001	0.001
>TTCTCAGAAM	24-TTCTCAGAAM	10.575307	-12.207344	0	T:51.0(1.48%),B:332.0(0.74%),P:1e-5	Tpos:205.1,Tstd:184.3,Bpos:253.0,Bstd:133.8,StrandBias:0.1,Multiplicity:1.02
0.001	0.001	0.001	0.997
0.068	0.037	0.001	0.894
0.028	0.896	0.001	0.075
0.001	0.003	0.050	0.946
0.001	0.826	0.163	0.010
0.997	0.001	0.001	0.001
0.001	0.001	0.997	0.001
0.872	0.126	0.001	0.001
0.879	0.001	0.001	0.119
0.396	0.398	0.205	0.001
>CAGCTGGCAG	25-CAGCTGGCAG	11.715638	-8.242359	0	T:35.0(1.02%),B:236.8(0.53%),P:1e-3	Tpos:287.6,Tstd:208.7,Bpos:237.9,Bstd:143.1,StrandBias:1.0,Multiplicity:1.38
0.001	0.997	0.001	0.001
0.997	0.001	0.001	0.001
0.001	0.001	0.997	0.001
0.001	0.997	0.001	0.001
0.001	0.001	0.001	0.997
0.001	0.001	0.997	0.001
0.001	0.001	0.997	0.001
0.001	0.997	0.001	0.001
0.878	0.001	0.120	0.001
0.001	0.001	0.997	0.001
