>CRYTTCCKGY	1-CRYTTCCKGY	6.183673	-253.251903	0	T:985.0(28.66%),B:6250.1(13.95%),P:1e-109	Tpos:292.6,Tstd:237.6,Bpos:234.4,Bstd:145.4,StrandBias:0.0,Multiplicity:1.24
0.186	0.373	0.219	0.222
0.414	0.099	0.393	0.094
0.016	0.380	0.198	0.406
0.069	0.174	0.090	0.667
0.054	0.002	0.038	0.906
0.127	0.686	0.057	0.130
0.076	0.760	0.001	0.163
0.045	0.204	0.317	0.435
0.059	0.243	0.442	0.256
0.171	0.322	0.136	0.372
>CCCCCTAGTG	2-CCCCCTAGTG	8.183496	-157.313937	0	T:284.0(8.26%),B:1085.2(2.42%),P:1e-68	Tpos:254.5,Tstd:204.2,Bpos:240.0,Bstd:137.5,StrandBias:0.0,Multiplicity:1.04
0.009	0.915	0.001	0.075
0.008	0.977	0.010	0.005
0.227	0.746	0.016	0.011
0.001	0.750	0.001	0.248
0.001	0.997	0.001	0.001
0.001	0.014	0.001	0.984
0.834	0.001	0.089	0.076
0.001	0.030	0.959	0.010
0.025	0.022	0.001	0.952
0.001	0.001	0.997	0.001
>TGASTCAYHN	3-TGASTCAYHN	7.453565	-124.099929	0	T:417.0(12.13%),B:2360.7(5.27%),P:1e-53	Tpos:271.4,Tstd:207.7,Bpos:234.5,Bstd:136.2,StrandBias:0.2,Multiplicity:1.16
0.080	0.059	0.001	0.860
0.034	0.093	0.774	0.099
0.899	0.081	0.019	0.001
0.084	0.371	0.436	0.109
0.044	0.024	0.001	0.931
0.077	0.889	0.033	0.001
0.845	0.001	0.099	0.055
0.088	0.377	0.157	0.378
0.294	0.306	0.098	0.302
0.236	0.213	0.335	0.216
>GGCCCCGCCC	4-GGCCCCGCCC	7.095818	-104.550013	0	T:713.0(20.74%),B:5440.8(12.14%),P:1e-45	Tpos:355.1,Tstd:290.3,Bpos:236.0,Bstd:158.7,StrandBias:0.0,Multiplicity:1.78
0.188	0.051	0.572	0.189
0.093	0.001	0.814	0.092
0.098	0.778	0.016	0.108
0.001	0.955	0.001	0.043
0.111	0.887	0.001	0.001
0.001	0.997	0.001	0.001
0.001	0.001	0.997	0.001
0.001	0.997	0.001	0.001
0.001	0.997	0.001	0.001
0.001	0.746	0.001	0.252
>AAACGACGCG	5-AAACGACGCG	4.899305	-66.460122	0	T:1067.0(31.04%),B:10171.7(22.70%),P:1e-28	Tpos:323.3,Tstd:263.3,Bpos:235.0,Bstd:157.1,StrandBias:0.1,Multiplicity:1.35
0.732	0.089	0.083	0.096
0.769	0.084	0.087	0.060
0.760	0.079	0.107	0.054
0.128	0.685	0.112	0.075
0.117	0.142	0.642	0.099
0.640	0.137	0.120	0.103
0.104	0.696	0.109	0.091
0.102	0.138	0.667	0.093
0.080	0.729	0.102	0.089
0.093	0.132	0.680	0.095
>ARCCAATCAG	6-ARCCAATCAG	7.402321	-63.492768	0	T:370.0(10.77%),B:2633.7(5.88%),P:1e-27	Tpos:305.8,Tstd:242.2,Bpos:237.6,Bstd:146.0,StrandBias:-0.1,Multiplicity:1.21
0.520	0.162	0.255	0.063
0.359	0.088	0.475	0.078
0.001	0.827	0.091	0.081
0.001	0.817	0.181	0.001
0.997	0.001	0.001	0.001
0.959	0.001	0.021	0.019
0.055	0.037	0.001	0.907
0.001	0.859	0.139	0.001
0.477	0.113	0.314	0.096
0.143	0.112	0.673	0.072
>YCTTTGAAGT	7-YCTTTGAAGT	7.862167	-61.264201	0	T:422.0(12.28%),B:3182.2(7.10%),P:1e-26	Tpos:269.7,Tstd:223.8,Bpos:236.7,Bstd:141.6,StrandBias:-0.2,Multiplicity:1.13
0.054	0.417	0.055	0.474
0.031	0.805	0.001	0.163
0.001	0.001	0.001	0.997
0.001	0.085	0.001	0.913
0.001	0.011	0.001	0.987
0.001	0.099	0.852	0.048
0.938	0.001	0.001	0.060
0.511	0.061	0.086	0.342
0.107	0.112	0.780	0.001
0.176	0.122	0.113	0.589
>AAACCGCAAA	8-AAACCGCAAA	7.488627	-56.190696	0	T:342.0(9.95%),B:2469.3(5.51%),P:1e-24	Tpos:298.8,Tstd:268.2,Bpos:238.0,Bstd:146.5,StrandBias:-0.1,Multiplicity:1.08
0.813	0.012	0.014	0.161
0.930	0.008	0.054	0.008
0.888	0.037	0.066	0.009
0.067	0.811	0.004	0.118
0.089	0.628	0.071	0.212
0.270	0.099	0.536	0.095
0.168	0.598	0.084	0.150
0.824	0.140	0.004	0.032
0.481	0.154	0.181	0.185
0.528	0.223	0.218	0.031
>GCGGAAACTA	9-GCGGAAACTA	4.977369	-55.381633	0	T:1095.0(31.86%),B:10822.3(24.15%),P:1e-24	Tpos:316.1,Tstd:270.8,Bpos:235.5,Bstd:149.1,StrandBias:0.0,Multiplicity:1.28
0.127	0.090	0.688	0.095
0.105	0.689	0.103	0.103
0.081	0.100	0.732	0.087
0.089	0.094	0.732	0.085
0.721	0.096	0.086	0.097
0.738	0.071	0.110	0.081
0.733	0.091	0.077	0.099
0.121	0.656	0.105	0.118
0.121	0.116	0.118	0.645
0.667	0.103	0.106	0.124
>CTATGCAAAT	10-CTATGCAAAT	8.773871	-50.631957	0	T:148.0(4.31%),B:774.4(1.73%),P:1e-21	Tpos:270.2,Tstd:226.2,Bpos:241.0,Bstd:136.2,StrandBias:0.3,Multiplicity:1.12
0.145	0.505	0.192	0.158
0.001	0.071	0.020	0.908
0.959	0.023	0.001	0.017
0.008	0.001	0.025	0.966
0.027	0.001	0.971	0.001
0.001	0.974	0.001	0.024
0.943	0.034	0.001	0.022
0.982	0.007	0.010	0.001
0.979	0.019	0.001	0.001
0.020	0.043	0.065	0.872
>NTTAACGCKW	11-NTTAACGCKW	4.180850	-50.571391	0	T:1316.0(38.29%),B:13654.7(30.48%),P:1e-21	Tpos:335.1,Tstd:279.8,Bpos:238.2,Bstd:157.0,StrandBias:0.0,Multiplicity:1.46
0.235	0.270	0.216	0.279
0.131	0.094	0.163	0.612
0.176	0.079	0.051	0.694
0.630	0.121	0.118	0.131
0.499	0.133	0.268	0.100
0.043	0.940	0.003	0.014
0.007	0.047	0.931	0.015
0.136	0.443	0.255	0.166
0.175	0.153	0.282	0.390
0.358	0.204	0.166	0.272
>CGCAAGCGCA	12-CGCAAGCGCA	7.189596	-50.146297	0	T:274.0(7.97%),B:1901.6(4.24%),P:1e-21	Tpos:362.8,Tstd:297.8,Bpos:233.6,Bstd:162.0,StrandBias:-0.2,Multiplicity:1.16
0.043	0.809	0.097	0.051
0.052	0.029	0.837	0.082
0.168	0.762	0.031	0.039
0.804	0.085	0.029	0.082
0.754	0.039	0.093	0.114
0.040	0.051	0.815	0.094
0.055	0.805	0.055	0.085
0.038	0.060	0.826	0.076
0.120	0.764	0.055	0.061
0.833	0.039	0.071	0.057
>TGSGTGGGTG	13-TGSGTGGGTG	8.973382	-45.339616	0	T:208.0(6.05%),B:1348.6(3.01%),P:1e-19	Tpos:262.9,Tstd:213.2,Bpos:234.4,Bstd:141.1,StrandBias:-0.5,Multiplicity:1.03
0.054	0.077	0.026	0.843
0.034	0.064	0.901	0.001
0.046	0.491	0.390	0.073
0.015	0.001	0.880	0.104
0.313	0.068	0.001	0.618
0.041	0.024	0.934	0.001
0.001	0.001	0.997	0.001
0.122	0.001	0.820	0.057
0.040	0.028	0.001	0.931
0.073	0.001	0.925	0.001
>CAGSRTGTGG	14-CAGSRTGTGG	7.764274	-33.602010	0	T:153.0(4.45%),B:992.2(2.21%),P:1e-14	Tpos:316.2,Tstd:259.3,Bpos:238.7,Bstd:133.3,StrandBias:0.1,Multiplicity:1.13
0.085	0.498	0.270	0.148
0.627	0.202	0.097	0.074
0.004	0.027	0.705	0.264
0.002	0.375	0.437	0.186
0.413	0.210	0.289	0.088
0.129	0.001	0.327	0.543
0.115	0.108	0.712	0.065
0.072	0.001	0.304	0.623
0.033	0.144	0.709	0.114
0.131	0.133	0.651	0.085
>TGMGGTTAGT	15-TGMGGTTAGT	8.537207	-24.347031	0	T:102.0(2.97%),B:644.9(1.44%),P:1e-10	Tpos:266.3,Tstd:180.5,Bpos:239.1,Bstd:141.1,StrandBias:-0.7,Multiplicity:1.16
0.001	0.328	0.001	0.670
0.054	0.001	0.891	0.054
0.427	0.449	0.001	0.122
0.204	0.164	0.631	0.001
0.001	0.238	0.760	0.001
0.001	0.060	0.001	0.938
0.001	0.072	0.089	0.838
0.837	0.001	0.161	0.001
0.001	0.046	0.952	0.001
0.001	0.001	0.001	0.997
>TCTATTTTTA	16-TCTATTTTTA	10.671985	-23.589451	0	T:60.0(1.75%),B:297.8(0.66%),P:1e-10	Tpos:295.6,Tstd:242.8,Bpos:221.7,Bstd:148.4,StrandBias:0.2,Multiplicity:1.00
0.104	0.001	0.111	0.784
0.001	0.997	0.001	0.001
0.001	0.001	0.001	0.997
0.997	0.001	0.001	0.001
0.285	0.001	0.001	0.713
0.188	0.001	0.001	0.810
0.001	0.001	0.001	0.997
0.001	0.001	0.001	0.997
0.001	0.001	0.001	0.997
0.997	0.001	0.001	0.001
>NGCGMCTAGT	17-NGCGMCTAGT	8.272707	-21.375589	0	T:101.0(2.94%),B:672.0(1.50%),P:1e-9	Tpos:299.9,Tstd:276.2,Bpos:237.2,Bstd:158.2,StrandBias:0.0,Multiplicity:1.05
0.220	0.165	0.313	0.301
0.001	0.049	0.949	0.001
0.163	0.628	0.208	0.001
0.245	0.092	0.662	0.001
0.415	0.489	0.095	0.001
0.001	0.997	0.001	0.001
0.406	0.001	0.001	0.592
0.997	0.001	0.001	0.001
0.198	0.061	0.740	0.001
0.001	0.174	0.261	0.564
>TCTAGCTGCG	18-TCTAGCTGCG	12.081438	-20.208257	0	T:9.0(0.26%),B:6.2(0.01%),P:1e-8	Tpos:301.8,Tstd:205.9,Bpos:323.9,Bstd:93.5,StrandBias:-0.3,Multiplicity:1.00
0.001	0.001	0.001	0.997
0.001	0.825	0.001	0.173
0.001	0.001	0.001	0.997
0.997	0.001	0.001	0.001
0.001	0.001	0.997	0.001
0.001	0.997	0.001	0.001
0.001	0.001	0.001	0.997
0.001	0.001	0.997	0.001
0.001	0.997	0.001	0.001
0.001	0.001	0.997	0.001
>TGACGTCACG	19-TGACGTCACG	6.746367	-19.875313	0	T:189.0(5.50%),B:1570.1(3.50%),P:1e-8	Tpos:285.4,Tstd:201.1,Bpos:240.6,Bstd:145.9,StrandBias:0.0,Multiplicity:1.06
0.116	0.102	0.113	0.669
0.066	0.099	0.728	0.107
0.739	0.094	0.083	0.084
0.111	0.671	0.082	0.136
0.108	0.081	0.700	0.111
0.111	0.080	0.095	0.714
0.087	0.742	0.102	0.069
0.690	0.100	0.099	0.111
0.065	0.692	0.106	0.137
0.121	0.102	0.654	0.123
>GTAACTGCGG	20-GTAACTGCGG	7.626321	-19.326375	0	T:58.0(1.69%),B:317.9(0.71%),P:1e-8	Tpos:326.6,Tstd:215.3,Bpos:242.3,Bstd:154.7,StrandBias:0.2,Multiplicity:1.20
0.020	0.029	0.695	0.256
0.084	0.128	0.203	0.585
0.760	0.025	0.029	0.186
0.861	0.008	0.053	0.078
0.111	0.779	0.048	0.062
0.310	0.056	0.028	0.606
0.289	0.044	0.481	0.185
0.206	0.597	0.022	0.175
0.160	0.200	0.513	0.127
0.176	0.210	0.492	0.122
>GCTGATAGTC	21-GCTGATAGTC	10.538379	-18.669257	0	T:36.0(1.05%),B:152.8(0.34%),P:1e-8	Tpos:237.5,Tstd:191.6,Bpos:209.2,Bstd:130.7,StrandBias:-0.4,Multiplicity:1.17
0.001	0.001	0.997	0.001
0.001	0.997	0.001	0.001
0.001	0.001	0.001	0.997
0.130	0.001	0.868	0.001
0.716	0.001	0.282	0.001
0.001	0.001	0.102	0.896
0.997	0.001	0.001	0.001
0.001	0.001	0.997	0.001
0.001	0.202	0.001	0.796
0.001	0.724	0.001	0.274
>GTACGTCAGT	22-GTACGTCAGT	9.731401	-17.658093	0	T:28.0(0.81%),B:103.3(0.23%),P:1e-7	Tpos:248.1,Tstd:217.5,Bpos:223.9,Bstd:161.1,StrandBias:0.6,Multiplicity:1.00
0.106	0.106	0.740	0.048
0.001	0.033	0.260	0.706
0.951	0.001	0.047	0.001
0.077	0.921	0.001	0.001
0.018	0.035	0.946	0.001
0.001	0.001	0.001	0.997
0.001	0.997	0.001	0.001
0.997	0.001	0.001	0.001
0.001	0.032	0.966	0.001
0.105	0.001	0.065	0.829
>GTGGCGGGAA	23-GTGGCGGGAA	12.120016	-17.389757	0	T:29.0(0.84%),B:111.9(0.25%),P:1e-7	Tpos:325.7,Tstd:204.8,Bpos:212.2,Bstd:151.8,StrandBias:0.1,Multiplicity:1.00
0.001	0.001	0.997	0.001
0.185	0.001	0.001	0.813
0.001	0.001	0.997	0.001
0.001	0.001	0.997	0.001
0.001	0.997	0.001	0.001
0.001	0.001	0.997	0.001
0.029	0.001	0.969	0.001
0.001	0.001	0.997	0.001
0.997	0.001	0.001	0.001
0.997	0.001	0.001	0.001
>TTCTCAGAAM	24-TTCTCAGAAM	10.575307	-12.207344	0	T:51.0(1.48%),B:332.0(0.74%),P:1e-5	Tpos:205.1,Tstd:184.3,Bpos:253.0,Bstd:133.8,StrandBias:0.1,Multiplicity:1.02
0.001	0.001	0.001	0.997
0.068	0.037	0.001	0.894
0.028	0.896	0.001	0.075
0.001	0.003	0.050	0.946
0.001	0.826	0.163	0.010
0.997	0.001	0.001	0.001
0.001	0.001	0.997	0.001
0.872	0.126	0.001	0.001
0.879	0.001	0.001	0.119
0.396	0.398	0.205	0.001
>CAGCTGGCAG	25-CAGCTGGCAG	11.715638	-8.242359	0	T:35.0(1.02%),B:236.8(0.53%),P:1e-3	Tpos:287.6,Tstd:208.7,Bpos:237.9,Bstd:143.1,StrandBias:1.0,Multiplicity:1.38
0.001	0.997	0.001	0.001
0.997	0.001	0.001	0.001
0.001	0.001	0.997	0.001
0.001	0.997	0.001	0.001
0.001	0.001	0.001	0.997
0.001	0.001	0.997	0.001
0.001	0.001	0.997	0.001
0.001	0.997	0.001	0.001
0.878	0.001	0.120	0.001
0.001	0.001	0.997	0.001
>CCACTAGRKGGC	1-CCACTAGRKGGC	9.874113	-316.067471	0	T:307.0(8.93%),B:646.4(1.44%),P:1e-137	Tpos:259.7,Tstd:237.3,Bpos:232.3,Bstd:137.1,StrandBias:-0.1,Multiplicity:1.03
0.117	0.808	0.001	0.074
0.001	0.997	0.001	0.001
0.815	0.018	0.001	0.166
0.077	0.789	0.133	0.001
0.143	0.291	0.019	0.547
0.929	0.001	0.001	0.069
0.001	0.001	0.997	0.001
0.438	0.001	0.543	0.018
0.001	0.001	0.533	0.465
0.001	0.001	0.997	0.001
0.052	0.131	0.713	0.104
0.094	0.770	0.001	0.135
>NYCACTTCCTGY	2-NYCACTTCCTGY	8.411984	-250.231245	0	T:767.0(22.32%),B:4263.7(9.52%),P:1e-108	Tpos:283.3,Tstd:221.7,Bpos:235.5,Bstd:138.6,StrandBias:-0.1,Multiplicity:1.18
0.254	0.235	0.262	0.249
0.210	0.367	0.134	0.289
0.238	0.390	0.174	0.198
0.516	0.152	0.242	0.090
0.001	0.605	0.007	0.387
0.197	0.001	0.001	0.801
0.001	0.096	0.001	0.902
0.001	0.997	0.001	0.001
0.001	0.997	0.001	0.001
0.001	0.001	0.001	0.997
0.001	0.222	0.614	0.163
0.073	0.353	0.113	0.460
>NKVTGACTCABM	3-NKVTGACTCABM	8.030526	-128.331198	0	T:356.0(10.36%),B:1813.3(4.05%),P:1e-55	Tpos:270.4,Tstd:207.2,Bpos:234.7,Bstd:134.7,StrandBias:0.0,Multiplicity:1.13
0.235	0.245	0.240	0.280
0.132	0.177	0.338	0.353
0.340	0.286	0.373	0.001
0.001	0.001	0.001	0.997
0.001	0.001	0.997	0.001
0.997	0.001	0.001	0.001
0.001	0.614	0.384	0.001
0.001	0.001	0.001	0.997
0.001	0.997	0.001	0.001
0.997	0.001	0.001	0.001
0.033	0.297	0.354	0.316
0.388	0.473	0.001	0.138
>CNGGCCCCGCCC	4-CNGGCCCCGCCC	8.542746	-88.535607	0	T:687.0(19.99%),B:5439.1(12.14%),P:1e-38	Tpos:353.6,Tstd:294.4,Bpos:235.0,Bstd:152.5,StrandBias:0.1,Multiplicity:1.64
0.145	0.541	0.160	0.154
0.306	0.195	0.186	0.314
0.150	0.189	0.564	0.097
0.007	0.001	0.909	0.083
0.100	0.754	0.026	0.120
0.091	0.658	0.001	0.250
0.132	0.866	0.001	0.001
0.001	0.997	0.001	0.001
0.234	0.001	0.620	0.145
0.001	0.997	0.001	0.001
0.001	0.997	0.001	0.001
0.001	0.885	0.001	0.113
>ACCGGAAGTGGG	5-ACCGGAAGTGGG	8.447635	-70.113253	0	T:241.0(7.01%),B:1369.8(3.06%),P:1e-30	Tpos:310.5,Tstd:274.2,Bpos:235.9,Bstd:150.7,StrandBias:-0.2,Multiplicity:1.06
0.750	0.078	0.105	0.067
0.102	0.748	0.114	0.036
0.106	0.618	0.132	0.144
0.200	0.033	0.671	0.096
0.024	0.006	0.969	0.001
0.693	0.139	0.083	0.085
0.703	0.047	0.121	0.129
0.118	0.114	0.760	0.008
0.085	0.089	0.079	0.747
0.060	0.004	0.878	0.058
0.098	0.002	0.809	0.091
0.105	0.123	0.660	0.112
>CTCCGATTGGCT	6-CTCCGATTGGCT	9.118039	-56.834027	0	T:153.0(4.45%),B:763.4(1.70%),P:1e-24	Tpos:322.7,Tstd:247.8,Bpos:232.7,Bstd:149.6,StrandBias:0.2,Multiplicity:1.11
0.001	0.834	0.081	0.084
0.116	0.082	0.063	0.739
0.042	0.698	0.177	0.083
0.083	0.612	0.096	0.209
0.001	0.120	0.770	0.109
0.870	0.008	0.072	0.050
0.001	0.038	0.116	0.845
0.001	0.001	0.040	0.958
0.040	0.001	0.958	0.001
0.041	0.001	0.957	0.001
0.001	0.796	0.021	0.182
0.082	0.060	0.072	0.786
>GTTTCCTTTCCG	7-GTTTCCTTTCCG	7.873832	-50.161676	0	T:379.0(11.03%),B:2937.4(6.56%),P:1e-21	Tpos:295.1,Tstd:265.8,Bpos:237.9,Bstd:142.9,StrandBias:-0.2,Multiplicity:1.08
0.043	0.071	0.802	0.084
0.010	0.085	0.090	0.815
0.029	0.081	0.037	0.853
0.017	0.033	0.017	0.933
0.015	0.938	0.033	0.014
0.036	0.874	0.017	0.073
0.038	0.089	0.066	0.807
0.001	0.030	0.055	0.914
0.066	0.018	0.064	0.852
0.056	0.869	0.030	0.045
0.140	0.624	0.112	0.124
0.126	0.052	0.726	0.096
>GTCATTTCCTGA	8-GTCATTTCCTGA	8.630333	-41.997615	0	T:209.0(6.08%),B:1400.6(3.13%),P:1e-18	Tpos:269.2,Tstd:232.0,Bpos:232.3,Bstd:133.5,StrandBias:0.3,Multiplicity:1.04
0.032	0.047	0.853	0.068
0.060	0.068	0.072	0.800
0.016	0.877	0.069	0.038
0.816	0.073	0.031	0.080
0.052	0.106	0.019	0.823
0.014	0.027	0.098	0.861
0.055	0.062	0.029	0.854
0.042	0.818	0.041	0.099
0.055	0.830	0.036	0.079
0.086	0.028	0.033	0.853
0.037	0.106	0.757	0.100
0.863	0.026	0.052	0.059
>TCABASTTTCCA	9-TCABASTTTCCA	11.026619	-41.720030	0	T:75.0(2.18%),B:289.2(0.65%),P:1e-18	Tpos:228.2,Tstd:167.1,Bpos:237.3,Bstd:138.4,StrandBias:-0.0,Multiplicity:1.01
0.186	0.001	0.124	0.689
0.001	0.997	0.001	0.001
0.997	0.001	0.001	0.001
0.125	0.249	0.268	0.357
0.620	0.125	0.062	0.193
0.112	0.420	0.307	0.161
0.001	0.001	0.001	0.997
0.001	0.001	0.001	0.997
0.001	0.001	0.001	0.997
0.001	0.997	0.001	0.001
0.001	0.997	0.001	0.001
0.997	0.001	0.001	0.001
>AACCACACCCTG	10-AACCACACCCTG	9.728000	-40.967849	0	T:93.0(2.71%),B:422.0(0.94%),P:1e-17	Tpos:309.9,Tstd:218.9,Bpos:233.8,Bstd:131.2,StrandBias:0.1,Multiplicity:1.09
0.766	0.064	0.093	0.077
0.888	0.034	0.054	0.024
0.055	0.875	0.001	0.069
0.047	0.903	0.001	0.049
0.892	0.047	0.017	0.044
0.068	0.874	0.057	0.001
0.856	0.034	0.065	0.045
0.082	0.683	0.112	0.123
0.069	0.835	0.053	0.043
0.053	0.857	0.051	0.039
0.069	0.050	0.068	0.813
0.093	0.054	0.764	0.089
>GGGTGTCCCTAC	11-GGGTGTCCCTAC	12.981012	-40.491349	0	T:17.0(0.49%),B:9.5(0.02%),P:1e-17	Tpos:275.1,Tstd:196.5,Bpos:239.3,Bstd:104.7,StrandBias:-0.9,Multiplicity:1.00
0.182	0.001	0.816	0.001
0.001	0.241	0.757	0.001
0.001	0.001	0.997	0.001
0.001	0.001	0.001	0.997
0.001	0.001	0.997	0.001
0.001	0.322	0.001	0.676
0.001	0.757	0.001	0.241
0.001	0.997	0.001	0.001
0.001	0.757	0.001	0.241
0.001	0.001	0.001	0.997
0.726	0.272	0.001	0.001
0.001	0.997	0.001	0.001
>GCGCWTGCGCVN	12-GCGCWTGCGCVN	8.938528	-39.239417	0	T:180.0(5.24%),B:1168.3(2.61%),P:1e-17	Tpos:336.4,Tstd:252.1,Bpos:231.2,Bstd:170.8,StrandBias:0.0,Multiplicity:1.15
0.163	0.001	0.835	0.001
0.001	0.997	0.001	0.001
0.128	0.001	0.870	0.001
0.001	0.997	0.001	0.001
0.426	0.169	0.020	0.385
0.001	0.001	0.218	0.780
0.311	0.103	0.585	0.001
0.418	0.580	0.001	0.001
0.001	0.001	0.682	0.316
0.001	0.619	0.024	0.356
0.366	0.250	0.261	0.124
0.252	0.234	0.287	0.227
>AAAGGCAGCGCC	13-AAAGGCAGCGCC	9.630686	-38.037370	0	T:110.0(3.20%),B:575.5(1.28%),P:1e-16	Tpos:280.6,Tstd:233.3,Bpos:242.7,Bstd:144.8,StrandBias:0.0,Multiplicity:1.00
0.847	0.086	0.031	0.036
0.851	0.048	0.070	0.031
0.913	0.001	0.042	0.044
0.056	0.060	0.883	0.001
0.073	0.039	0.817	0.071
0.045	0.875	0.079	0.001
0.789	0.081	0.067	0.063
0.011	0.036	0.933	0.020
0.077	0.746	0.120	0.057
0.046	0.072	0.762	0.120
0.016	0.828	0.071	0.085
0.077	0.765	0.056	0.102
>TGAAACTGAAAC	14-TGAAACTGAAAC	8.933225	-37.947122	0	T:187.0(5.44%),B:1249.7(2.79%),P:1e-16	Tpos:296.7,Tstd:301.0,Bpos:231.1,Bstd:150.7,StrandBias:0.2,Multiplicity:1.09
0.083	0.014	0.030	0.873
0.076	0.118	0.766	0.040
0.817	0.050	0.058	0.075
0.875	0.050	0.047	0.028
0.841	0.060	0.022	0.077
0.051	0.819	0.094	0.036
0.109	0.022	0.064	0.805
0.073	0.075	0.803	0.049
0.920	0.024	0.033	0.023
0.864	0.056	0.042	0.038
0.810	0.071	0.081	0.038
0.056	0.815	0.075	0.054
>TCTTTGATGTGG	15-TCTTTGATGTGG	9.565096	-37.468683	0	T:96.0(2.79%),B:469.2(1.05%),P:1e-16	Tpos:289.4,Tstd:233.7,Bpos:222.8,Bstd:132.9,StrandBias:-0.4,Multiplicity:1.05
0.064	0.070	0.080	0.786
0.050	0.783	0.079	0.088
0.044	0.044	0.001	0.911
0.009	0.040	0.064	0.887
0.030	0.013	0.071	0.886
0.063	0.069	0.788	0.080
0.807	0.061	0.048	0.084
0.091	0.013	0.068	0.828
0.052	0.097	0.798	0.053
0.061	0.013	0.070	0.856
0.059	0.044	0.845	0.052
0.018	0.070	0.827	0.085
>CTTCCTCCTAGC	16-CTTCCTCCTAGC	12.485042	-36.363009	0	T:32.0(0.93%),B:62.2(0.14%),P:1e-15	Tpos:292.9,Tstd:190.2,Bpos:250.6,Bstd:131.2,StrandBias:0.6,Multiplicity:1.00
0.084	0.780	0.084	0.052
0.001	0.037	0.001	0.961
0.001	0.094	0.001	0.904
0.001	0.863	0.084	0.052
0.001	0.915	0.083	0.001
0.001	0.001	0.063	0.935
0.063	0.935	0.001	0.001
0.001	0.997	0.001	0.001
0.001	0.041	0.001	0.957
0.997	0.001	0.001	0.001
0.001	0.001	0.997	0.001
0.063	0.829	0.107	0.001
>NNGAAATTCGBR	17-NNGAAATTCGBR	4.860612	-35.382782	0	T:566.0(16.47%),B:5288.9(11.80%),P:1e-15	Tpos:322.9,Tstd:272.3,Bpos:237.6,Bstd:155.0,StrandBias:-0.1,Multiplicity:1.17
0.200	0.262	0.204	0.335
0.261	0.290	0.203	0.246
0.102	0.142	0.553	0.203
0.580	0.087	0.087	0.246
0.495	0.174	0.059	0.272
0.550	0.087	0.131	0.232
0.116	0.189	0.073	0.622
0.232	0.160	0.156	0.452
0.059	0.881	0.030	0.030
0.044	0.059	0.824	0.073
0.142	0.278	0.304	0.276
0.233	0.190	0.373	0.204
>GCGGGAAATCCC	18-GCGGGAAATCCC	8.212497	-35.324224	0	T:165.0(4.80%),B:1080.5(2.41%),P:1e-15	Tpos:331.1,Tstd:315.0,Bpos:240.0,Bstd:150.3,StrandBias:0.4,Multiplicity:1.05
0.045	0.072	0.804	0.079
0.141	0.635	0.114	0.110
0.060	0.025	0.768	0.147
0.037	0.037	0.889	0.037
0.036	0.001	0.962	0.001
0.895	0.051	0.022	0.032
0.794	0.058	0.093	0.055
0.850	0.039	0.060	0.051
0.058	0.055	0.085	0.802
0.048	0.769	0.079	0.104
0.001	0.944	0.037	0.018
0.037	0.894	0.051	0.018
>TCAGCAKCTGGC	19-TCAGCAKCTGGC	12.187656	-14.227482	0	T:18.0(0.52%),B:56.2(0.13%),P:1e-6	Tpos:272.7,Tstd:148.7,Bpos:225.8,Bstd:132.3,StrandBias:1.6,Multiplicity:1.88
0.001	0.001	0.001	0.997
0.001	0.997	0.001	0.001
0.997	0.001	0.001	0.001
0.001	0.001	0.880	0.118
0.118	0.880	0.001	0.001
0.665	0.001	0.333	0.001
0.119	0.001	0.366	0.514
0.001	0.880	0.090	0.029
0.001	0.119	0.119	0.761
0.119	0.090	0.790	0.001
0.001	0.118	0.880	0.001
0.001	0.937	0.001	0.061
>AGGGGGTGACTA	20-AGGGGGTGACTA	8.632613	-11.146789	0	T:30.0(0.87%),B:161.4(0.36%),P:1e-4	Tpos:340.8,Tstd:231.6,Bpos:235.9,Bstd:156.0,StrandBias:1.1,Multiplicity:1.33
0.842	0.001	0.001	0.156
0.001	0.156	0.842	0.001
0.001	0.001	0.997	0.001
0.001	0.001	0.842	0.156
0.001	0.156	0.842	0.001
0.048	0.001	0.950	0.001
0.001	0.001	0.001	0.997
0.001	0.001	0.997	0.001
0.997	0.001	0.001	0.001
0.001	0.842	0.001	0.156
0.001	0.001	0.001	0.997
0.842	0.001	0.001	0.156
>TGCTGAGAGTCA	21-TGCTGAGAGTCA	14.348687	-9.239415	0	T:4.0(0.12%),B:3.9(0.01%),P:1e-4	Tpos:160.8,Tstd:109.9,Bpos:246.0,Bstd:141.9,StrandBias:-2.0,Multiplicity:2.50
0.001	0.001	0.001	0.997
0.001	0.001	0.997	0.001
0.001	0.997	0.001	0.001
0.001	0.001	0.001	0.997
0.001	0.001	0.997	0.001
0.997	0.001	0.001	0.001
0.001	0.001	0.997	0.001
0.997	0.001	0.001	0.001
0.001	0.001	0.997	0.001
0.001	0.001	0.001	0.997
0.001	0.997	0.001	0.001
0.893	0.001	0.105	0.001
>CTGTGAGGATGT	22-CTGTGAGGATGT	14.090957	-8.343371	0	T:5.0(0.15%),B:7.9(0.02%),P:1e-3	Tpos:166.0,Tstd:102.1,Bpos:260.7,Bstd:115.1,StrandBias:1.7,Multiplicity:2.60
0.001	0.997	0.001	0.001
0.001	0.089	0.001	0.909
0.089	0.001	0.909	0.001
0.001	0.001	0.001	0.997
0.001	0.001	0.997	0.001
0.997	0.001	0.001	0.001
0.001	0.001	0.997	0.001
0.001	0.001	0.997	0.001
0.997	0.001	0.001	0.001
0.001	0.001	0.001	0.997
0.001	0.001	0.997	0.001
0.001	0.001	0.001	0.997
>GCCGTGAACACA	23-GCCGTGAACACA	13.221087	-6.648553	0	T:4.0(0.12%),B:6.9(0.02%),P:1e-2	Tpos:158.0,Tstd:98.9,Bpos:241.7,Bstd:117.0,StrandBias:3.2,Multiplicity:2.50
0.001	0.001	0.997	0.001
0.001	0.997	0.001	0.001
0.001	0.997	0.001	0.001
0.034	0.236	0.729	0.001
0.001	0.001	0.001	0.997
0.001	0.001	0.997	0.001
0.997	0.001	0.001	0.001
0.997	0.001	0.001	0.001
0.001	0.997	0.001	0.001
0.997	0.001	0.001	0.001
0.001	0.997	0.001	0.001
0.997	0.001	0.001	0.001
>GGACAGCTGTGA	24-GGACAGCTGTGA	8.463612	-6.594009	0	T:256.0(7.45%),B:2765.3(6.17%),P:1e-2	Tpos:311.5,Tstd:255.7,Bpos:233.0,Bstd:135.7,StrandBias:0.4,Multiplicity:1.10
0.100	0.100	0.700	0.100
0.100	0.100	0.700	0.100
0.700	0.100	0.100	0.100
0.100	0.700	0.100	0.100
0.700	0.100	0.100	0.100
0.100	0.100	0.700	0.100
0.100	0.700	0.100	0.100
0.100	0.100	0.100	0.700
0.100	0.100	0.700	0.100
0.100	0.100	0.100	0.700
0.100	0.100	0.700	0.100
0.700	0.100	0.100	0.100
>ACCATCTGTACA	25-ACCATCTGTACA	12.355432	-2.605820	0	T:1.0(0.03%),B:1.4(0.00%),P:1e-1	Tpos:80.4,Tstd:47.8,Bpos:212.8,Bstd:129.7,StrandBias:10.0,Multiplicity:9.00
0.700	0.100	0.100	0.100
0.100	0.700	0.100	0.100
0.100	0.700	0.100	0.100
0.700	0.100	0.100	0.100
0.100	0.100	0.100	0.700
0.100	0.700	0.100	0.100
0.100	0.100	0.100	0.700
0.100	0.100	0.700	0.100
0.100	0.100	0.100	0.700
0.700	0.100	0.100	0.100
0.100	0.700	0.100	0.100
0.700	0.100	0.100	0.100
>CAGGAAGT	1-CAGGAAGT	6.580305	-192.721545	0	T:825.0(24.00%),B:5374.7(12.00%),P:1e-83	Tpos:297.5,Tstd:248.7,Bpos:234.4,Bstd:144.4,StrandBias:-0.1,Multiplicity:1.20
0.001	0.837	0.161	0.001
0.910	0.088	0.001	0.001
0.001	0.001	0.997	0.001
0.001	0.001	0.997	0.001
0.997	0.001	0.001	0.001
0.997	0.001	0.001	0.001
0.210	0.001	0.788	0.001
0.001	0.001	0.001	0.997
>TGACTCAT	2-TGACTCAT	7.619188	-112.399478	0	T:427.0(12.42%),B:2564.7(5.72%),P:1e-48	Tpos:276.0,Tstd:215.0,Bpos:236.7,Bstd:137.6,StrandBias:0.1,Multiplicity:1.16
0.001	0.001	0.001	0.997
0.001	0.001	0.982	0.016
0.997	0.001	0.001	0.001
0.033	0.736	0.230	0.001
0.001	0.001	0.029	0.969
0.016	0.968	0.015	0.001
0.971	0.001	0.010	0.018
0.037	0.152	0.199	0.612
>CAGGAAAC	3-CAGGAAAC	6.570797	-79.477290	0	T:783.0(22.78%),B:6640.7(14.82%),P:1e-34	Tpos:302.6,Tstd:258.2,Bpos:236.7,Bstd:144.0,StrandBias:0.2,Multiplicity:1.17
0.001	0.894	0.104	0.001
0.840	0.158	0.001	0.001
0.001	0.001	0.997	0.001
0.001	0.001	0.997	0.001
0.997	0.001	0.001	0.001
0.997	0.001	0.001	0.001
0.673	0.001	0.325	0.001
0.001	0.997	0.001	0.001
>WAACCGCR	4-WAACCGCR	3.843299	-74.960957	0	T:1616.0(47.02%),B:16581.8(37.01%),P:1e-32	Tpos:331.4,Tstd:276.7,Bpos:236.9,Bstd:156.8,StrandBias:0.1,Multiplicity:1.63
0.388	0.154	0.101	0.358
0.626	0.050	0.068	0.256
0.578	0.134	0.064	0.224
0.276	0.457	0.165	0.102
0.070	0.680	0.186	0.064
0.108	0.067	0.749	0.076
0.172	0.442	0.241	0.145
0.351	0.198	0.322	0.129
>GGCGGGDH	5-GGCGGGDH	6.397110	-58.759413	0	T:1070.0(31.13%),B:10424.5(23.27%),P:1e-25	Tpos:355.4,Tstd:291.8,Bpos:236.6,Bstd:160.5,StrandBias:-0.1,Multiplicity:2.14
0.001	0.001	0.997	0.001
0.001	0.001	0.997	0.001
0.001	0.997	0.001	0.001
0.001	0.001	0.997	0.001
0.001	0.001	0.799	0.199
0.392	0.001	0.606	0.001
0.355	0.001	0.379	0.265
0.352	0.357	0.001	0.290
>ACGGAAAT	6-ACGGAAAT	5.265791	-55.380906	0	T:386.0(11.23%),B:2918.7(6.51%),P:1e-24	Tpos:288.7,Tstd:269.8,Bpos:235.1,Bstd:143.9,StrandBias:0.0,Multiplicity:1.09
0.954	0.001	0.001	0.044
0.001	0.962	0.001	0.036
0.001	0.001	0.997	0.001
0.083	0.227	0.689	0.001
0.986	0.001	0.012	0.001
0.975	0.001	0.001	0.023
0.997	0.001	0.001	0.001
0.001	0.106	0.001	0.892
>KTKACGTT	7-KTKACGTT	5.443906	-51.260428	0	T:803.0(23.36%),B:7532.3(16.81%),P:1e-22	Tpos:311.0,Tstd:263.0,Bpos:237.3,Bstd:152.8,StrandBias:-0.1,Multiplicity:1.18
0.144	0.111	0.445	0.299
0.227	0.113	0.056	0.604
0.205	0.001	0.348	0.447
0.565	0.378	0.001	0.056
0.143	0.855	0.001	0.001
0.001	0.001	0.997	0.001
0.054	0.285	0.001	0.660
0.067	0.001	0.124	0.808
>TCGCBAVM	8-TCGCBAVM	4.877197	-49.233072	0	T:723.0(21.04%),B:6677.7(14.90%),P:1e-21	Tpos:350.0,Tstd:311.4,Bpos:236.1,Bstd:158.5,StrandBias:-0.1,Multiplicity:1.29
0.012	0.001	0.398	0.589
0.200	0.515	0.089	0.196
0.317	0.001	0.622	0.060
0.001	0.713	0.047	0.239
0.164	0.315	0.291	0.231
0.651	0.001	0.162	0.186
0.348	0.296	0.253	0.103
0.501	0.363	0.135	0.001
>CCACTAGK	9-CCACTAGK	6.917032	-47.514775	0	T:554.0(16.12%),B:4841.8(10.81%),P:1e-20	Tpos:298.6,Tstd:235.3,Bpos:237.1,Bstd:140.7,StrandBias:-0.0,Multiplicity:1.10
0.108	0.841	0.001	0.050
0.001	0.950	0.048	0.001
0.400	0.197	0.186	0.217
0.191	0.807	0.001	0.001
0.141	0.001	0.001	0.857
0.857	0.141	0.001	0.001
0.001	0.049	0.949	0.001
0.223	0.001	0.362	0.414
>CTTCAAAG	10-CTTCAAAG	7.846927	-47.000289	0	T:512.0(14.90%),B:4397.7(9.82%),P:1e-20	Tpos:293.6,Tstd:257.6,Bpos:239.0,Bstd:143.9,StrandBias:0.2,Multiplicity:1.14
0.001	0.839	0.001	0.159
0.163	0.001	0.059	0.777
0.001	0.001	0.001	0.997
0.086	0.912	0.001	0.001
0.997	0.001	0.001	0.001
0.997	0.001	0.001	0.001
0.997	0.001	0.001	0.001
0.123	0.001	0.875	0.001
>GTCGGTGG	11-GTCGGTGG	7.253997	-42.983339	0	T:526.0(15.30%),B:4644.0(10.36%),P:1e-18	Tpos:304.9,Tstd:259.3,Bpos:236.4,Bstd:141.3,StrandBias:0.1,Multiplicity:1.13
0.007	0.001	0.945	0.047
0.001	0.001	0.001	0.997
0.001	0.821	0.177	0.001
0.001	0.213	0.561	0.225
0.001	0.099	0.899	0.001
0.003	0.039	0.001	0.957
0.220	0.053	0.636	0.091
0.001	0.001	0.825	0.173
>ATGACGTM	12-ATGACGTM	7.835564	-37.350683	0	T:180.0(5.24%),B:1192.6(2.66%),P:1e-16	Tpos:332.0,Tstd:286.6,Bpos:241.8,Bstd:155.5,StrandBias:0.2,Multiplicity:1.06
0.565	0.249	0.161	0.025
0.088	0.001	0.325	0.586
0.001	0.145	0.790	0.064
0.997	0.001	0.001	0.001
0.001	0.997	0.001	0.001
0.001	0.001	0.997	0.001
0.001	0.001	0.001	0.997
0.395	0.524	0.080	0.001
>TATCTCCG	13-TATCTCCG	6.061087	-35.368891	0	T:225.0(6.55%),B:1649.9(3.68%),P:1e-15	Tpos:301.8,Tstd:224.3,Bpos:239.0,Bstd:154.7,StrandBias:0.1,Multiplicity:1.08
0.001	0.050	0.001	0.948
0.997	0.001	0.001	0.001
0.143	0.001	0.001	0.855
0.092	0.906	0.001	0.001
0.001	0.256	0.068	0.675
0.001	0.589	0.200	0.210
0.001	0.997	0.001	0.001
0.001	0.001	0.997	0.001
>GATTGGCT	14-GATTGGCT	9.966238	-35.250236	0	T:157.0(4.57%),B:1008.5(2.25%),P:1e-15	Tpos:307.5,Tstd:207.3,Bpos:236.9,Bstd:146.6,StrandBias:-0.2,Multiplicity:1.11
0.001	0.001	0.997	0.001
0.997	0.001	0.001	0.001
0.001	0.001	0.001	0.997
0.001	0.001	0.001	0.997
0.001	0.001	0.997	0.001
0.001	0.052	0.946	0.001
0.001	0.611	0.001	0.387
0.001	0.097	0.001	0.901
>TTTGATCG	15-TTTGATCG	8.057400	-29.049091	0	T:144.0(4.19%),B:968.7(2.16%),P:1e-12	Tpos:322.9,Tstd:302.1,Bpos:238.1,Bstd:143.1,StrandBias:-0.5,Multiplicity:1.01
0.001	0.001	0.151	0.847
0.186	0.001	0.001	0.812
0.187	0.005	0.001	0.807
0.001	0.001	0.997	0.001
0.864	0.134	0.001	0.001
0.001	0.290	0.169	0.540
0.001	0.997	0.001	0.001
0.001	0.152	0.598	0.249
>TGGAACGH	16-TGGAACGH	6.674079	-25.655212	0	T:386.0(11.23%),B:3553.8(7.93%),P:1e-11	Tpos:314.1,Tstd:266.2,Bpos:234.0,Bstd:144.5,StrandBias:0.1,Multiplicity:1.07
0.001	0.113	0.063	0.823
0.145	0.166	0.457	0.231
0.157	0.001	0.502	0.340
0.987	0.001	0.001	0.011
0.551	0.001	0.303	0.145
0.343	0.655	0.001	0.001
0.001	0.001	0.997	0.001
0.347	0.309	0.001	0.344
>ATGACTAA	17-ATGACTAA	7.664938	-21.657818	0	T:215.0(6.26%),B:1803.5(4.03%),P:1e-9	Tpos:270.7,Tstd:287.0,Bpos:240.2,Bstd:138.3,StrandBias:0.3,Multiplicity:1.11
0.687	0.001	0.311	0.001
0.001	0.001	0.001	0.997
0.001	0.001	0.997	0.001
0.997	0.001	0.001	0.001
0.001	0.880	0.118	0.001
0.001	0.001	0.001	0.997
0.997	0.001	0.001	0.001
0.900	0.001	0.098	0.001
>TAACCACA	18-TAACCACA	8.729626	-19.932774	0	T:138.0(4.02%),B:1049.2(2.34%),P:1e-8	Tpos:241.8,Tstd:170.7,Bpos:236.1,Bstd:133.2,StrandBias:-0.4,Multiplicity:1.04
0.001	0.104	0.001	0.894
0.812	0.001	0.001	0.186
0.997	0.001	0.001	0.001
0.001	0.997	0.001	0.001
0.001	0.576	0.422	0.001
0.997	0.001	0.001	0.001
0.001	0.997	0.001	0.001
0.997	0.001	0.001	0.001
