>NCCACTTCCTGT	1-NCCACTTCCTGT	8.092480	-264.206347	0	T:740.0(33.85%),B:6674.0(14.38%),P:1e-114	Tpos:291.4,Tstd:230.6,Bpos:245.4,Bstd:142.9,StrandBias:-0.3,Multiplicity:1.28
0.268	0.237	0.251	0.245
0.219	0.399	0.140	0.243
0.168	0.523	0.062	0.247
0.579	0.092	0.255	0.074
0.001	0.689	0.036	0.274
0.206	0.012	0.014	0.768
0.022	0.014	0.005	0.959
0.001	0.997	0.001	0.001
0.001	0.997	0.001	0.001
0.001	0.006	0.014	0.979
0.001	0.226	0.579	0.194
0.029	0.292	0.132	0.547
>DVRCCCCRCCCW	2-DVRCCCCRCCCW	7.269946	-97.915819	0	T:478.0(21.87%),B:5333.6(11.49%),P:1e-42	Tpos:345.3,Tstd:268.8,Bpos:244.3,Bstd:153.6,StrandBias:0.0,Multiplicity:1.44
0.238	0.184	0.239	0.339
0.274	0.358	0.367	0.001
0.473	0.001	0.525	0.001
0.001	0.941	0.001	0.057
0.001	0.772	0.001	0.226
0.368	0.630	0.001	0.001
0.001	0.997	0.001	0.001
0.486	0.001	0.512	0.001
0.001	0.997	0.001	0.001
0.001	0.997	0.001	0.001
0.001	0.997	0.001	0.001
0.416	0.198	0.001	0.385
>GNAAACCACAGW	3-GNAAACCACAGW	7.352423	-93.700462	0	T:464.0(21.23%),B:5197.0(11.19%),P:1e-40	Tpos:301.9,Tstd:242.1,Bpos:242.2,Bstd:147.8,StrandBias:0.2,Multiplicity:1.17
0.138	0.241	0.494	0.128
0.247	0.237	0.297	0.219
0.595	0.135	0.184	0.086
0.972	0.003	0.024	0.001
0.925	0.061	0.008	0.006
0.003	0.934	0.001	0.062
0.006	0.980	0.006	0.008
0.868	0.009	0.122	0.001
0.006	0.894	0.058	0.042
0.588	0.064	0.070	0.278
0.227	0.189	0.442	0.142
0.401	0.206	0.141	0.253
>BNACTTCCTGMD	4-BNACTTCCTGMD	6.573280	-91.720148	0	T:392.0(17.93%),B:4109.4(8.85%),P:1e-39	Tpos:312.9,Tstd:248.1,Bpos:249.7,Bstd:140.4,StrandBias:0.2,Multiplicity:1.08
0.143	0.307	0.253	0.297
0.240	0.296	0.203	0.261
0.474	0.152	0.185	0.189
0.031	0.489	0.177	0.302
0.023	0.064	0.057	0.856
0.053	0.115	0.111	0.721
0.083	0.564	0.110	0.243
0.071	0.665	0.131	0.133
0.023	0.227	0.102	0.648
0.140	0.218	0.508	0.134
0.412	0.309	0.261	0.019
0.221	0.141	0.324	0.315
>GCCCCCTAGTGG	5-GCCCCCTAGTGG	8.748892	-82.426231	0	T:173.0(7.91%),B:1210.1(2.61%),P:1e-35	Tpos:284.3,Tstd:227.8,Bpos:251.8,Bstd:148.8,StrandBias:0.1,Multiplicity:1.02
0.124	0.001	0.768	0.107
0.031	0.723	0.123	0.123
0.092	0.845	0.001	0.062
0.227	0.711	0.061	0.001
0.061	0.727	0.001	0.211
0.001	0.997	0.001	0.001
0.001	0.015	0.085	0.899
0.749	0.007	0.149	0.095
0.024	0.130	0.693	0.153
0.072	0.001	0.030	0.897
0.060	0.001	0.938	0.001
0.032	0.069	0.854	0.045
>KGGYTTCCKGYG	6-KGGYTTCCKGYG	9.245982	-59.867524	0	T:135.0(6.18%),B:991.6(2.14%),P:1e-25	Tpos:342.2,Tstd:248.0,Bpos:246.9,Bstd:146.0,StrandBias:0.0,Multiplicity:1.04
0.220	0.068	0.420	0.292
0.042	0.091	0.822	0.045
0.269	0.114	0.517	0.100
0.026	0.449	0.032	0.492
0.053	0.037	0.007	0.903
0.070	0.065	0.089	0.776
0.001	0.946	0.020	0.033
0.089	0.872	0.021	0.018
0.012	0.026	0.469	0.492
0.001	0.074	0.887	0.038
0.075	0.332	0.124	0.470
0.137	0.270	0.428	0.164
>HDGSTGASTCAB	7-HDGSTGASTCAB	8.074830	-53.691528	0	T:174.0(7.96%),B:1578.4(3.40%),P:1e-23	Tpos:287.1,Tstd:252.4,Bpos:244.9,Bstd:138.0,StrandBias:-0.3,Multiplicity:1.07
0.316	0.194	0.166	0.325
0.333	0.091	0.277	0.299
0.301	0.107	0.523	0.069
0.035	0.437	0.443	0.085
0.066	0.024	0.017	0.893
0.024	0.058	0.894	0.024
0.683	0.224	0.041	0.052
0.096	0.401	0.330	0.173
0.069	0.064	0.120	0.747
0.039	0.864	0.051	0.046
0.855	0.048	0.035	0.062
0.057	0.282	0.388	0.272
>GTGACGTCATCN	8-GTGACGTCATCN	6.606197	-38.183958	0	T:175.0(8.01%),B:1864.8(4.02%),P:1e-16	Tpos:302.0,Tstd:230.4,Bpos:242.7,Bstd:145.4,StrandBias:0.1,Multiplicity:1.04
0.241	0.185	0.458	0.116
0.132	0.063	0.077	0.728
0.047	0.119	0.711	0.123
0.611	0.143	0.155	0.091
0.171	0.474	0.181	0.174
0.166	0.168	0.465	0.202
0.139	0.129	0.096	0.636
0.043	0.730	0.101	0.126
0.641	0.155	0.076	0.128
0.141	0.189	0.210	0.461
0.143	0.489	0.242	0.126
0.225	0.207	0.315	0.253
>CTACTTCCGCTT	9-CTACTTCCGCTT	8.628469	-38.106742	0	T:110.0(5.03%),B:941.3(2.03%),P:1e-16	Tpos:250.0,Tstd:177.9,Bpos:248.3,Bstd:149.7,StrandBias:-0.3,Multiplicity:1.09
0.001	0.867	0.097	0.035
0.084	0.129	0.001	0.786
0.723	0.086	0.094	0.097
0.001	0.912	0.034	0.053
0.104	0.016	0.035	0.845
0.069	0.069	0.028	0.834
0.001	0.997	0.001	0.001
0.097	0.824	0.001	0.078
0.001	0.101	0.875	0.023
0.001	0.738	0.120	0.141
0.097	0.125	0.035	0.743
0.036	0.140	0.058	0.766
>AGTTTCGGTTTC	10-AGTTTCGGTTTC	8.808102	-32.747936	0	T:105.0(4.80%),B:952.4(2.05%),P:1e-14	Tpos:287.8,Tstd:205.0,Bpos:241.3,Bstd:152.3,StrandBias:-0.3,Multiplicity:1.03
0.702	0.073	0.152	0.073
0.001	0.048	0.878	0.073
0.001	0.001	0.145	0.853
0.001	0.001	0.001	0.997
0.001	0.145	0.001	0.853
0.001	0.805	0.073	0.121
0.001	0.174	0.721	0.104
0.145	0.001	0.727	0.127
0.001	0.001	0.072	0.926
0.001	0.006	0.073	0.920
0.001	0.145	0.001	0.853
0.073	0.775	0.079	0.073
>TTGGTTTCACTC	11-TTGGTTTCACTC	9.275108	-26.671916	0	T:93.0(4.25%),B:883.9(1.90%),P:1e-11	Tpos:279.3,Tstd:218.8,Bpos:252.5,Bstd:145.2,StrandBias:0.2,Multiplicity:1.02
0.045	0.069	0.046	0.840
0.101	0.001	0.159	0.739
0.013	0.010	0.784	0.193
0.090	0.359	0.533	0.018
0.023	0.018	0.030	0.929
0.090	0.033	0.001	0.876
0.001	0.010	0.086	0.903
0.101	0.596	0.001	0.302
0.915	0.049	0.001	0.035
0.111	0.547	0.126	0.216
0.118	0.023	0.046	0.813
0.038	0.654	0.192	0.116
>TGCTTGCGCGGG	12-TGCTTGCGCGGG	14.806714	-26.399486	0	T:8.0(0.37%),B:3.1(0.01%),P:1e-11	Tpos:291.5,Tstd:155.2,Bpos:202.5,Bstd:36.1,StrandBias:0.0,Multiplicity:1.00
0.001	0.001	0.001	0.997
0.001	0.001	0.997	0.001
0.001	0.997	0.001	0.001
0.001	0.001	0.001	0.997
0.001	0.001	0.001	0.997
0.001	0.001	0.997	0.001
0.001	0.997	0.001	0.001
0.001	0.001	0.997	0.001
0.001	0.997	0.001	0.001
0.001	0.001	0.997	0.001
0.001	0.166	0.832	0.001
0.001	0.001	0.997	0.001
>GGTGCGCTTGCG	13-GGTGCGCTTGCG	9.462003	-23.480156	0	T:59.0(2.70%),B:474.6(1.02%),P:1e-10	Tpos:312.9,Tstd:186.9,Bpos:234.1,Bstd:164.8,StrandBias:0.0,Multiplicity:1.05
0.036	0.053	0.846	0.065
0.056	0.072	0.785	0.087
0.042	0.135	0.070	0.753
0.084	0.028	0.860	0.028
0.056	0.894	0.049	0.001
0.084	0.112	0.695	0.109
0.001	0.931	0.067	0.001
0.091	0.030	0.062	0.817
0.084	0.081	0.093	0.742
0.001	0.014	0.929	0.056
0.019	0.863	0.034	0.084
0.028	0.050	0.894	0.028
>CTTCGCCCGCCG	14-CTTCGCCCGCCG	12.514596	-23.179941	0	T:19.0(0.87%),B:57.1(0.12%),P:1e-10	Tpos:358.9,Tstd:261.1,Bpos:199.6,Bstd:153.1,StrandBias:0.9,Multiplicity:1.05
0.001	0.780	0.218	0.001
0.127	0.093	0.001	0.779
0.001	0.048	0.001	0.950
0.001	0.997	0.001	0.001
0.001	0.146	0.833	0.020
0.001	0.997	0.001	0.001
0.001	0.997	0.001	0.001
0.001	0.997	0.001	0.001
0.001	0.001	0.780	0.218
0.001	0.997	0.001	0.001
0.001	0.997	0.001	0.001
0.001	0.126	0.872	0.001
>CCGTGCCCGGTM	15-CCGTGCCCGGTM	14.036878	-20.109914	0	T:5.0(0.23%),B:0.0(0.00%),P:1e-8	Tpos:183.2,Tstd:104.8,Bpos:0.0,Bstd:0.0,StrandBias:2.8,Multiplicity:1.60
0.001	0.794	0.204	0.001
0.135	0.863	0.001	0.001
0.001	0.001	0.997	0.001
0.001	0.204	0.001	0.794
0.001	0.001	0.997	0.001
0.001	0.997	0.001	0.001
0.001	0.997	0.001	0.001
0.001	0.997	0.001	0.001
0.001	0.001	0.997	0.001
0.001	0.001	0.997	0.001
0.001	0.001	0.001	0.997
0.545	0.453	0.001	0.001
>ACTTTTTTYTGC	16-ACTTTTTTYTGC	12.181961	-20.076942	0	T:17.0(0.78%),B:54.8(0.12%),P:1e-8	Tpos:267.5,Tstd:209.3,Bpos:228.0,Bstd:150.2,StrandBias:1.7,Multiplicity:1.00
0.997	0.001	0.001	0.001
0.001	0.884	0.114	0.001
0.001	0.114	0.001	0.884
0.001	0.001	0.001	0.997
0.001	0.001	0.001	0.997
0.001	0.059	0.191	0.749
0.001	0.001	0.058	0.940
0.001	0.001	0.001	0.997
0.001	0.479	0.001	0.519
0.001	0.001	0.001	0.997
0.001	0.030	0.943	0.026
0.115	0.711	0.115	0.059
>GTCACAGCGTCT	17-GTCACAGCGTCT	12.472958	-12.098114	0	T:6.0(0.27%),B:9.0(0.02%),P:1e-5	Tpos:325.9,Tstd:164.7,Bpos:260.9,Bstd:143.3,StrandBias:2.2,Multiplicity:1.83
0.001	0.001	0.997	0.001
0.001	0.001	0.001	0.997
0.001	0.919	0.001	0.079
0.997	0.001	0.001	0.001
0.239	0.759	0.001	0.001
0.997	0.001	0.001	0.001
0.001	0.079	0.919	0.001
0.001	0.997	0.001	0.001
0.079	0.001	0.919	0.001
0.001	0.001	0.001	0.997
0.001	0.997	0.001	0.001
0.001	0.001	0.001	0.997
>GACTCCGCCTGA	18-GACTCCGCCTGA	8.463612	-11.311278	0	T:96.0(4.39%),B:1287.2(2.77%),P:1e-4	Tpos:324.7,Tstd:231.0,Bpos:246.5,Bstd:151.4,StrandBias:-0.3,Multiplicity:1.08
0.100	0.100	0.700	0.100
0.700	0.100	0.100	0.100
0.100	0.700	0.100	0.100
0.100	0.100	0.100	0.700
0.100	0.700	0.100	0.100
0.100	0.700	0.100	0.100
0.100	0.100	0.700	0.100
0.100	0.700	0.100	0.100
0.100	0.700	0.100	0.100
0.100	0.100	0.100	0.700
0.100	0.100	0.700	0.100
0.700	0.100	0.100	0.100
>GATGTGTTAGAG	19-GATGTGTTAGAG	12.355432	-6.836393	0	T:2.0(0.09%),B:0.0(0.00%),P:1e-2	Tpos:394.1,Tstd:128.1,Bpos:0.0,Bstd:0.0,StrandBias:10.0,Multiplicity:12.00
0.100	0.100	0.700	0.100
0.700	0.100	0.100	0.100
0.100	0.100	0.100	0.700
0.100	0.100	0.700	0.100
0.100	0.100	0.100	0.700
0.100	0.100	0.700	0.100
0.100	0.100	0.100	0.700
0.100	0.100	0.100	0.700
0.700	0.100	0.100	0.100
0.100	0.100	0.700	0.100
0.700	0.100	0.100	0.100
0.100	0.100	0.700	0.100
>GCCCTGMASACA	20-GCCCTGMASACA	10.987384	-6.828486	0	T:5.0(0.23%),B:16.2(0.03%),P:1e-2	Tpos:169.6,Tstd:112.6,Bpos:206.3,Bstd:113.2,StrandBias:2.8,Multiplicity:1.60
0.200	0.231	0.401	0.167
0.306	0.515	0.031	0.148
0.017	0.589	0.373	0.021
0.136	0.719	0.037	0.108
0.031	0.022	0.030	0.917
0.187	0.037	0.638	0.138
0.498	0.429	0.034	0.040
0.927	0.050	0.013	0.010
0.050	0.350	0.415	0.184
0.729	0.195	0.032	0.044
0.174	0.652	0.049	0.125
0.878	0.040	0.022	0.060
>GGGCGGAGATGT	21-GGGCGGAGATGT	12.355432	-5.481277	0	T:2.0(0.09%),B:2.4(0.01%),P:1e-2	Tpos:378.4,Tstd:165.5,Bpos:281.7,Bstd:169.0,StrandBias:-3.6,Multiplicity:6.50
0.100	0.100	0.700	0.100
0.100	0.100	0.700	0.100
0.100	0.100	0.700	0.100
0.100	0.700	0.100	0.100
0.100	0.100	0.700	0.100
0.100	0.100	0.700	0.100
0.700	0.100	0.100	0.100
0.100	0.100	0.700	0.100
0.700	0.100	0.100	0.100
0.100	0.100	0.100	0.700
0.100	0.100	0.700	0.100
0.100	0.100	0.100	0.700
>CTCTCAGCAACA	22-CTCTCAGCAACA	12.355432	-5.481277	0	T:2.0(0.09%),B:2.7(0.01%),P:1e-2	Tpos:106.9,Tstd:61.8,Bpos:283.1,Bstd:123.5,StrandBias:10.0,Multiplicity:4.00
0.100	0.700	0.100	0.100
0.100	0.100	0.100	0.700
0.100	0.700	0.100	0.100
0.100	0.100	0.100	0.700
0.100	0.700	0.100	0.100
0.700	0.100	0.100	0.100
0.100	0.100	0.700	0.100
0.100	0.700	0.100	0.100
0.700	0.100	0.100	0.100
0.700	0.100	0.100	0.100
0.100	0.700	0.100	0.100
0.700	0.100	0.100	0.100
>AGTCAGGCCCAA	23-AGTCAGGCCCAA	12.355432	-4.701401	0	T:2.0(0.09%),B:3.1(0.01%),P:1e-2	Tpos:294.6,Tstd:62.2,Bpos:389.7,Bstd:44.6,StrandBias:-2.8,Multiplicity:4.00
0.700	0.100	0.100	0.100
0.100	0.100	0.700	0.100
0.100	0.100	0.100	0.700
0.100	0.700	0.100	0.100
0.700	0.100	0.100	0.100
0.100	0.100	0.700	0.100
0.100	0.100	0.700	0.100
0.100	0.700	0.100	0.100
0.100	0.700	0.100	0.100
0.100	0.700	0.100	0.100
0.700	0.100	0.100	0.100
0.700	0.100	0.100	0.100
>ACACCTGGGAGA	24-ACACCTGGGAGA	14.629200	-2.893129	0	T:2.0(0.09%),B:8.7(0.02%),P:1e-1	Tpos:202.8,Tstd:111.5,Bpos:267.8,Bstd:129.6,StrandBias:10.0,Multiplicity:8.50
0.997	0.001	0.001	0.001
0.001	0.997	0.001	0.001
0.997	0.001	0.001	0.001
0.001	0.997	0.001	0.001
0.001	0.997	0.001	0.001
0.001	0.001	0.001	0.997
0.001	0.001	0.997	0.001
0.001	0.139	0.859	0.001
0.001	0.001	0.997	0.001
0.997	0.001	0.001	0.001
0.001	0.001	0.997	0.001
0.997	0.001	0.001	0.001
>ACAGCATCAGAT	25-ACAGCATCAGAT	16.384326	-2.026901	0	T:1.0(0.05%),B:3.4(0.01%),P:1e0	Tpos:107.8,Tstd:61.2,Bpos:214.9,Bstd:100.6,StrandBias:10.0,Multiplicity:5.00
0.997	0.001	0.001	0.001
0.001	0.997	0.001	0.001
0.997	0.001	0.001	0.001
0.001	0.001	0.997	0.001
0.001	0.997	0.001	0.001
0.997	0.001	0.001	0.001
0.001	0.194	0.001	0.804
0.001	0.997	0.001	0.001
0.997	0.001	0.001	0.001
0.001	0.001	0.997	0.001
0.997	0.001	0.001	0.001
0.001	0.001	0.001	0.997
