>ACAGGAARTG	1-ACAGGAARTG	7.513844	-270.984457	0	T:893.0(40.85%),B:8968.6(19.32%),P:1e-117	Tpos:300.5,Tstd:235.8,Bpos:245.3,Bstd:142.2,StrandBias:0.2,Multiplicity:1.33
0.496	0.196	0.230	0.078
0.183	0.638	0.141	0.038
0.843	0.083	0.057	0.017
0.001	0.001	0.997	0.001
0.021	0.034	0.936	0.009
0.997	0.001	0.001	0.001
0.795	0.003	0.001	0.201
0.451	0.103	0.445	0.001
0.053	0.367	0.001	0.579
0.184	0.267	0.432	0.117
>CAGGAAGTGG	2-CAGGAAGTGG	7.234233	-120.544322	0	T:669.0(30.60%),B:7994.6(17.22%),P:1e-52	Tpos:315.6,Tstd:255.7,Bpos:246.7,Bstd:143.8,StrandBias:0.2,Multiplicity:1.16
0.117	0.689	0.150	0.044
0.733	0.156	0.073	0.038
0.063	0.023	0.869	0.045
0.056	0.071	0.813	0.060
0.845	0.035	0.097	0.023
0.678	0.034	0.062	0.226
0.034	0.035	0.917	0.014
0.055	0.035	0.096	0.814
0.065	0.049	0.802	0.084
0.053	0.034	0.874	0.039
>TTGTGGTTTR	3-TTGTGGTTTR	6.507682	-99.249144	0	T:337.0(15.42%),B:3164.1(6.82%),P:1e-43	Tpos:282.5,Tstd:200.4,Bpos:239.7,Bstd:149.8,StrandBias:-0.1,Multiplicity:1.13
0.096	0.226	0.156	0.522
0.098	0.074	0.165	0.663
0.061	0.144	0.631	0.164
0.152	0.068	0.147	0.633
0.161	0.035	0.692	0.112
0.088	0.066	0.696	0.150
0.028	0.231	0.147	0.594
0.083	0.148	0.108	0.661
0.185	0.181	0.155	0.479
0.376	0.204	0.228	0.191
>VGCYCCGCCC	4-VGCYCCGCCC	7.551955	-74.060822	0	T:535.0(24.47%),B:6849.9(14.75%),P:1e-32	Tpos:356.5,Tstd:273.6,Bpos:243.1,Bstd:157.5,StrandBias:0.1,Multiplicity:1.70
0.308	0.298	0.374	0.019
0.264	0.020	0.569	0.147
0.098	0.707	0.044	0.151
0.015	0.526	0.001	0.458
0.155	0.780	0.030	0.035
0.036	0.932	0.031	0.001
0.211	0.001	0.732	0.056
0.057	0.913	0.001	0.029
0.008	0.969	0.008	0.015
0.059	0.758	0.001	0.182
>TGACGTCATN	5-TGACGTCATN	6.003814	-47.000873	0	T:340.0(15.55%),B:4287.8(9.24%),P:1e-20	Tpos:302.0,Tstd:239.1,Bpos:244.3,Bstd:153.4,StrandBias:-0.1,Multiplicity:1.11
0.190	0.124	0.085	0.601
0.044	0.169	0.554	0.233
0.836	0.056	0.001	0.107
0.001	0.929	0.031	0.039
0.048	0.023	0.928	0.001
0.174	0.001	0.001	0.824
0.064	0.828	0.001	0.107
0.853	0.058	0.038	0.051
0.001	0.270	0.185	0.544
0.289	0.296	0.253	0.162
>TGAGTCACBC	6-TGAGTCACBC	6.276413	-44.493940	0	T:331.0(15.14%),B:4207.5(9.06%),P:1e-19	Tpos:291.1,Tstd:226.7,Bpos:247.7,Bstd:142.9,StrandBias:-0.1,Multiplicity:1.17
0.256	0.118	0.019	0.607
0.084	0.251	0.534	0.131
0.808	0.034	0.143	0.015
0.034	0.341	0.594	0.031
0.171	0.078	0.152	0.599
0.024	0.540	0.209	0.227
0.928	0.021	0.022	0.029
0.007	0.490	0.244	0.259
0.200	0.209	0.356	0.235
0.213	0.375	0.218	0.195
>ANACCWCAAA	7-ANACCWCAAA	7.369000	-42.488727	0	T:203.0(9.29%),B:2199.9(4.74%),P:1e-18	Tpos:296.9,Tstd:264.8,Bpos:244.2,Bstd:148.6,StrandBias:0.0,Multiplicity:1.07
0.555	0.193	0.208	0.044
0.188	0.316	0.300	0.195
0.588	0.266	0.017	0.129
0.013	0.672	0.310	0.005
0.041	0.609	0.086	0.264
0.386	0.008	0.106	0.500
0.017	0.900	0.064	0.019
0.509	0.197	0.050	0.244
0.608	0.034	0.315	0.043
0.870	0.054	0.049	0.027
>AGCCAATCGR	8-AGCCAATCGR	6.525661	-39.922708	0	T:247.0(11.30%),B:2948.6(6.35%),P:1e-17	Tpos:314.3,Tstd:255.5,Bpos:245.6,Bstd:149.6,StrandBias:0.2,Multiplicity:1.16
0.534	0.128	0.144	0.194
0.305	0.099	0.587	0.009
0.037	0.794	0.114	0.055
0.116	0.685	0.017	0.182
0.590	0.106	0.201	0.103
0.733	0.233	0.022	0.012
0.001	0.146	0.006	0.847
0.259	0.692	0.012	0.037
0.206	0.193	0.553	0.048
0.319	0.210	0.413	0.058
>AAACCGAAAC	9-AAACCGAAAC	7.305546	-36.122740	0	T:145.0(6.63%),B:1460.7(3.15%),P:1e-15	Tpos:285.2,Tstd:209.5,Bpos:246.0,Bstd:155.5,StrandBias:-0.1,Multiplicity:1.09
0.610	0.133	0.067	0.190
0.703	0.103	0.054	0.140
0.820	0.038	0.090	0.052
0.188	0.513	0.239	0.060
0.111	0.553	0.066	0.270
0.143	0.070	0.666	0.121
0.766	0.059	0.126	0.049
0.692	0.081	0.152	0.075
0.545	0.181	0.090	0.184
0.075	0.715	0.171	0.039
>AGAGGGCGTC	10-AGAGGGCGTC	9.361751	-35.480723	0	T:82.0(3.75%),B:617.8(1.33%),P:1e-15	Tpos:313.7,Tstd:259.9,Bpos:246.4,Bstd:151.3,StrandBias:-0.3,Multiplicity:1.01
0.997	0.001	0.001	0.001
0.001	0.001	0.997	0.001
0.997	0.001	0.001	0.001
0.001	0.001	0.997	0.001
0.001	0.365	0.633	0.001
0.001	0.001	0.997	0.001
0.001	0.997	0.001	0.001
0.421	0.001	0.577	0.001
0.001	0.389	0.001	0.609
0.001	0.809	0.001	0.189
>GAAACAGCTG	11-GAAACAGCTG	7.192872	-35.296852	0	T:111.0(5.08%),B:995.9(2.15%),P:1e-15	Tpos:296.2,Tstd:258.0,Bpos:239.4,Bstd:143.7,StrandBias:-0.2,Multiplicity:1.00
0.066	0.217	0.453	0.264
0.527	0.225	0.001	0.247
0.464	0.270	0.187	0.078
0.855	0.044	0.003	0.098
0.132	0.582	0.266	0.020
0.570	0.061	0.050	0.319
0.121	0.199	0.627	0.053
0.007	0.642	0.340	0.011
0.155	0.179	0.183	0.483
0.146	0.227	0.548	0.079
>YTTTKCGGTC	12-YTTTKCGGTC	7.945706	-31.897504	0	T:194.0(8.87%),B:2301.1(4.96%),P:1e-13	Tpos:319.2,Tstd:252.6,Bpos:249.3,Bstd:151.3,StrandBias:-0.2,Multiplicity:1.05
0.076	0.435	0.029	0.459
0.001	0.230	0.001	0.768
0.001	0.292	0.001	0.706
0.092	0.001	0.193	0.714
0.001	0.017	0.511	0.471
0.001	0.997	0.001	0.001
0.001	0.403	0.595	0.001
0.028	0.356	0.615	0.001
0.231	0.033	0.001	0.735
0.001	0.923	0.001	0.075
>GCGCGGAAAA	13-GCGCGGAAAA	4.439601	-31.250963	0	T:618.0(28.27%),B:9945.0(21.42%),P:1e-13	Tpos:335.2,Tstd:259.8,Bpos:245.7,Bstd:159.6,StrandBias:0.2,Multiplicity:1.36
0.146	0.140	0.593	0.121
0.143	0.593	0.139	0.125
0.127	0.130	0.613	0.130
0.123	0.614	0.139	0.124
0.146	0.124	0.595	0.135
0.142	0.144	0.581	0.133
0.592	0.140	0.130	0.138
0.622	0.111	0.133	0.134
0.609	0.127	0.136	0.128
0.587	0.141	0.143	0.129
>TGCAATTCCG	14-TGCAATTCCG	5.864079	-30.411376	0	T:241.0(11.02%),B:3112.8(6.71%),P:1e-13	Tpos:314.3,Tstd:251.7,Bpos:248.6,Bstd:150.7,StrandBias:0.2,Multiplicity:1.07
0.001	0.162	0.080	0.757
0.112	0.062	0.508	0.318
0.160	0.568	0.052	0.220
0.492	0.035	0.236	0.238
0.466	0.207	0.146	0.181
0.122	0.039	0.088	0.751
0.039	0.135	0.130	0.696
0.143	0.535	0.104	0.218
0.077	0.502	0.345	0.076
0.087	0.110	0.662	0.141
>CGGTTTCCTC	15-CGGTTTCCTC	10.474910	-30.071536	0	T:61.0(2.79%),B:424.5(0.91%),P:1e-13	Tpos:405.1,Tstd:302.0,Bpos:252.3,Bstd:137.2,StrandBias:-0.4,Multiplicity:1.04
0.013	0.874	0.091	0.022
0.123	0.001	0.599	0.277
0.001	0.019	0.961	0.019
0.001	0.001	0.011	0.987
0.036	0.001	0.155	0.808
0.001	0.001	0.105	0.893
0.001	0.967	0.031	0.001
0.001	0.987	0.001	0.011
0.001	0.015	0.001	0.983
0.001	0.965	0.001	0.033
>ACCGAGCTTC	16-ACCGAGCTTC	9.635660	-26.812297	0	T:61.0(2.79%),B:460.0(0.99%),P:1e-11	Tpos:332.4,Tstd:279.8,Bpos:255.9,Bstd:171.7,StrandBias:-0.3,Multiplicity:1.03
0.726	0.075	0.150	0.049
0.001	0.933	0.027	0.039
0.001	0.874	0.029	0.096
0.001	0.001	0.997	0.001
0.895	0.103	0.001	0.001
0.001	0.001	0.997	0.001
0.112	0.886	0.001	0.001
0.064	0.001	0.001	0.934
0.079	0.047	0.302	0.572
0.001	0.877	0.121	0.001
>CCGGAAGGAG	17-CCGGAAGGAG	9.765842	-26.035767	0	T:69.0(3.16%),B:569.7(1.23%),P:1e-11	Tpos:306.5,Tstd:183.4,Bpos:233.7,Bstd:166.8,StrandBias:-0.3,Multiplicity:1.05
0.001	0.997	0.001	0.001
0.001	0.874	0.124	0.001
0.001	0.001	0.997	0.001
0.090	0.217	0.692	0.001
0.997	0.001	0.001	0.001
0.924	0.001	0.074	0.001
0.001	0.001	0.997	0.001
0.001	0.271	0.727	0.001
0.703	0.001	0.001	0.295
0.158	0.001	0.840	0.001
>CGCTTGCTAG	18-CGCTTGCTAG	9.265321	-25.174316	0	T:47.0(2.15%),B:311.6(0.67%),P:1e-10	Tpos:320.9,Tstd:207.1,Bpos:241.0,Bstd:139.3,StrandBias:-0.2,Multiplicity:1.04
0.027	0.826	0.001	0.146
0.104	0.065	0.806	0.025
0.130	0.794	0.001	0.075
0.001	0.072	0.001	0.926
0.050	0.001	0.001	0.948
0.001	0.027	0.929	0.043
0.001	0.997	0.001	0.001
0.001	0.028	0.040	0.931
0.997	0.001	0.001	0.001
0.001	0.001	0.869	0.129
>ATTTCCACTA	19-ATTTCCACTA	6.354210	-24.212805	0	T:177.0(8.10%),B:2233.7(4.81%),P:1e-10	Tpos:306.7,Tstd:251.0,Bpos:243.0,Bstd:145.9,StrandBias:0.1,Multiplicity:1.10
0.532	0.175	0.167	0.126
0.122	0.233	0.168	0.477
0.150	0.127	0.096	0.627
0.150	0.086	0.090	0.674
0.191	0.604	0.134	0.071
0.002	0.587	0.201	0.210
0.625	0.196	0.118	0.061
0.089	0.623	0.185	0.103
0.048	0.221	0.107	0.624
0.513	0.095	0.196	0.196
>TTTGCTTAGC	20-TTTGCTTAGC	7.349605	-23.034287	0	T:84.0(3.84%),B:818.7(1.76%),P:1e-10	Tpos:313.0,Tstd:302.1,Bpos:237.5,Bstd:150.3,StrandBias:0.2,Multiplicity:1.01
0.170	0.054	0.043	0.733
0.206	0.160	0.013	0.621
0.249	0.038	0.170	0.543
0.033	0.219	0.662	0.086
0.028	0.542	0.219	0.211
0.161	0.158	0.047	0.634
0.033	0.194	0.174	0.599
0.696	0.259	0.017	0.028
0.140	0.037	0.774	0.049
0.124	0.539	0.142	0.195
>TCCRCCCACA	21-TCCRCCCACA	10.653997	-20.461434	0	T:45.0(2.06%),B:336.3(0.72%),P:1e-8	Tpos:302.9,Tstd:209.1,Bpos:239.4,Bstd:134.0,StrandBias:-0.9,Multiplicity:1.00
0.001	0.001	0.001	0.997
0.001	0.997	0.001	0.001
0.001	0.997	0.001	0.001
0.540	0.001	0.402	0.057
0.272	0.726	0.001	0.001
0.001	0.997	0.001	0.001
0.001	0.997	0.001	0.001
0.997	0.001	0.001	0.001
0.001	0.997	0.001	0.001
0.997	0.001	0.001	0.001
>GTSTGAAGYA	22-GTSTGAAGYA	12.191493	-13.882253	0	T:24.0(1.10%),B:157.5(0.34%),P:1e-6	Tpos:228.8,Tstd:239.0,Bpos:229.6,Bstd:149.3,StrandBias:0.2,Multiplicity:1.00
0.001	0.001	0.997	0.001
0.001	0.001	0.001	0.997
0.001	0.505	0.493	0.001
0.001	0.001	0.001	0.997
0.001	0.001	0.997	0.001
0.997	0.001	0.001	0.001
0.814	0.001	0.001	0.184
0.001	0.001	0.997	0.001
0.001	0.531	0.001	0.467
0.997	0.001	0.001	0.001
>CTTGCGMGHG	23-CTTGCGMGHG	9.417762	-13.819928	0	T:19.0(0.87%),B:104.2(0.22%),P:1e-6	Tpos:379.1,Tstd:317.5,Bpos:251.2,Bstd:157.1,StrandBias:0.0,Multiplicity:1.56
0.005	0.871	0.123	0.001
0.165	0.001	0.107	0.727
0.001	0.036	0.260	0.703
0.150	0.001	0.758	0.091
0.001	0.916	0.056	0.027
0.050	0.041	0.908	0.001
0.301	0.440	0.255	0.004
0.052	0.138	0.640	0.170
0.224	0.370	0.184	0.222
0.111	0.001	0.807	0.081
>AGCYCGGAAC	24-AGCYCGGAAC	10.488966	-9.331666	0	T:25.0(1.14%),B:222.2(0.48%),P:1e-4	Tpos:315.6,Tstd:235.8,Bpos:249.7,Bstd:150.9,StrandBias:1.0,Multiplicity:1.29
0.997	0.001	0.001	0.001
0.001	0.001	0.997	0.001
0.001	0.997	0.001	0.001
0.001	0.527	0.001	0.471
0.001	0.997	0.001	0.001
0.001	0.001	0.818	0.180
0.001	0.001	0.593	0.405
0.997	0.001	0.001	0.001
0.997	0.001	0.001	0.001
0.001	0.620	0.378	0.001
>CTAACACATC	25-CTAACACATC	8.350283	-2.460784	0	T:55.0(2.52%),B:961.6(2.07%),P:1e-1	Tpos:411.6,Tstd:295.0,Bpos:241.9,Bstd:144.7,StrandBias:-1.0,Multiplicity:1.47
0.100	0.700	0.100	0.100
0.100	0.100	0.100	0.700
0.700	0.100	0.100	0.100
0.700	0.100	0.100	0.100
0.100	0.700	0.100	0.100
0.700	0.100	0.100	0.100
0.100	0.700	0.100	0.100
0.700	0.100	0.100	0.100
0.100	0.100	0.100	0.700
0.100	0.700	0.100	0.100
>NCCACTTCCTGT	1-NCCACTTCCTGT	8.092480	-264.206347	0	T:740.0(33.85%),B:6674.0(14.38%),P:1e-114	Tpos:291.4,Tstd:230.6,Bpos:245.4,Bstd:142.9,StrandBias:-0.3,Multiplicity:1.28
0.268	0.237	0.251	0.245
0.219	0.399	0.140	0.243
0.168	0.523	0.062	0.247
0.579	0.092	0.255	0.074
0.001	0.689	0.036	0.274
0.206	0.012	0.014	0.768
0.022	0.014	0.005	0.959
0.001	0.997	0.001	0.001
0.001	0.997	0.001	0.001
0.001	0.006	0.014	0.979
0.001	0.226	0.579	0.194
0.029	0.292	0.132	0.547
>DVRCCCCRCCCW	2-DVRCCCCRCCCW	7.269946	-97.915819	0	T:478.0(21.87%),B:5333.6(11.49%),P:1e-42	Tpos:345.3,Tstd:268.8,Bpos:244.3,Bstd:153.6,StrandBias:0.0,Multiplicity:1.44
0.238	0.184	0.239	0.339
0.274	0.358	0.367	0.001
0.473	0.001	0.525	0.001
0.001	0.941	0.001	0.057
0.001	0.772	0.001	0.226
0.368	0.630	0.001	0.001
0.001	0.997	0.001	0.001
0.486	0.001	0.512	0.001
0.001	0.997	0.001	0.001
0.001	0.997	0.001	0.001
0.001	0.997	0.001	0.001
0.416	0.198	0.001	0.385
>GNAAACCACAGW	3-GNAAACCACAGW	7.352423	-93.700462	0	T:464.0(21.23%),B:5197.0(11.19%),P:1e-40	Tpos:301.9,Tstd:242.1,Bpos:242.2,Bstd:147.8,StrandBias:0.2,Multiplicity:1.17
0.138	0.241	0.494	0.128
0.247	0.237	0.297	0.219
0.595	0.135	0.184	0.086
0.972	0.003	0.024	0.001
0.925	0.061	0.008	0.006
0.003	0.934	0.001	0.062
0.006	0.980	0.006	0.008
0.868	0.009	0.122	0.001
0.006	0.894	0.058	0.042
0.588	0.064	0.070	0.278
0.227	0.189	0.442	0.142
0.401	0.206	0.141	0.253
>BNACTTCCTGMD	4-BNACTTCCTGMD	6.573280	-91.720148	0	T:392.0(17.93%),B:4109.4(8.85%),P:1e-39	Tpos:312.9,Tstd:248.1,Bpos:249.7,Bstd:140.4,StrandBias:0.2,Multiplicity:1.08
0.143	0.307	0.253	0.297
0.240	0.296	0.203	0.261
0.474	0.152	0.185	0.189
0.031	0.489	0.177	0.302
0.023	0.064	0.057	0.856
0.053	0.115	0.111	0.721
0.083	0.564	0.110	0.243
0.071	0.665	0.131	0.133
0.023	0.227	0.102	0.648
0.140	0.218	0.508	0.134
0.412	0.309	0.261	0.019
0.221	0.141	0.324	0.315
>GCCCCCTAGTGG	5-GCCCCCTAGTGG	8.748892	-82.426231	0	T:173.0(7.91%),B:1210.1(2.61%),P:1e-35	Tpos:284.3,Tstd:227.8,Bpos:251.8,Bstd:148.8,StrandBias:0.1,Multiplicity:1.02
0.124	0.001	0.768	0.107
0.031	0.723	0.123	0.123
0.092	0.845	0.001	0.062
0.227	0.711	0.061	0.001
0.061	0.727	0.001	0.211
0.001	0.997	0.001	0.001
0.001	0.015	0.085	0.899
0.749	0.007	0.149	0.095
0.024	0.130	0.693	0.153
0.072	0.001	0.030	0.897
0.060	0.001	0.938	0.001
0.032	0.069	0.854	0.045
>KGGYTTCCKGYG	6-KGGYTTCCKGYG	9.245982	-59.867524	0	T:135.0(6.18%),B:991.6(2.14%),P:1e-25	Tpos:342.2,Tstd:248.0,Bpos:246.9,Bstd:146.0,StrandBias:0.0,Multiplicity:1.04
0.220	0.068	0.420	0.292
0.042	0.091	0.822	0.045
0.269	0.114	0.517	0.100
0.026	0.449	0.032	0.492
0.053	0.037	0.007	0.903
0.070	0.065	0.089	0.776
0.001	0.946	0.020	0.033
0.089	0.872	0.021	0.018
0.012	0.026	0.469	0.492
0.001	0.074	0.887	0.038
0.075	0.332	0.124	0.470
0.137	0.270	0.428	0.164
>HDGSTGASTCAB	7-HDGSTGASTCAB	8.074830	-53.691528	0	T:174.0(7.96%),B:1578.4(3.40%),P:1e-23	Tpos:287.1,Tstd:252.4,Bpos:244.9,Bstd:138.0,StrandBias:-0.3,Multiplicity:1.07
0.316	0.194	0.166	0.325
0.333	0.091	0.277	0.299
0.301	0.107	0.523	0.069
0.035	0.437	0.443	0.085
0.066	0.024	0.017	0.893
0.024	0.058	0.894	0.024
0.683	0.224	0.041	0.052
0.096	0.401	0.330	0.173
0.069	0.064	0.120	0.747
0.039	0.864	0.051	0.046
0.855	0.048	0.035	0.062
0.057	0.282	0.388	0.272
>GTGACGTCATCN	8-GTGACGTCATCN	6.606197	-38.183958	0	T:175.0(8.01%),B:1864.8(4.02%),P:1e-16	Tpos:302.0,Tstd:230.4,Bpos:242.7,Bstd:145.4,StrandBias:0.1,Multiplicity:1.04
0.241	0.185	0.458	0.116
0.132	0.063	0.077	0.728
0.047	0.119	0.711	0.123
0.611	0.143	0.155	0.091
0.171	0.474	0.181	0.174
0.166	0.168	0.465	0.202
0.139	0.129	0.096	0.636
0.043	0.730	0.101	0.126
0.641	0.155	0.076	0.128
0.141	0.189	0.210	0.461
0.143	0.489	0.242	0.126
0.225	0.207	0.315	0.253
>CTACTTCCGCTT	9-CTACTTCCGCTT	8.628469	-38.106742	0	T:110.0(5.03%),B:941.3(2.03%),P:1e-16	Tpos:250.0,Tstd:177.9,Bpos:248.3,Bstd:149.7,StrandBias:-0.3,Multiplicity:1.09
0.001	0.867	0.097	0.035
0.084	0.129	0.001	0.786
0.723	0.086	0.094	0.097
0.001	0.912	0.034	0.053
0.104	0.016	0.035	0.845
0.069	0.069	0.028	0.834
0.001	0.997	0.001	0.001
0.097	0.824	0.001	0.078
0.001	0.101	0.875	0.023
0.001	0.738	0.120	0.141
0.097	0.125	0.035	0.743
0.036	0.140	0.058	0.766
>AGTTTCGGTTTC	10-AGTTTCGGTTTC	8.808102	-32.747936	0	T:105.0(4.80%),B:952.4(2.05%),P:1e-14	Tpos:287.8,Tstd:205.0,Bpos:241.3,Bstd:152.3,StrandBias:-0.3,Multiplicity:1.03
0.702	0.073	0.152	0.073
0.001	0.048	0.878	0.073
0.001	0.001	0.145	0.853
0.001	0.001	0.001	0.997
0.001	0.145	0.001	0.853
0.001	0.805	0.073	0.121
0.001	0.174	0.721	0.104
0.145	0.001	0.727	0.127
0.001	0.001	0.072	0.926
0.001	0.006	0.073	0.920
0.001	0.145	0.001	0.853
0.073	0.775	0.079	0.073
>TTGGTTTCACTC	11-TTGGTTTCACTC	9.275108	-26.671916	0	T:93.0(4.25%),B:883.9(1.90%),P:1e-11	Tpos:279.3,Tstd:218.8,Bpos:252.5,Bstd:145.2,StrandBias:0.2,Multiplicity:1.02
0.045	0.069	0.046	0.840
0.101	0.001	0.159	0.739
0.013	0.010	0.784	0.193
0.090	0.359	0.533	0.018
0.023	0.018	0.030	0.929
0.090	0.033	0.001	0.876
0.001	0.010	0.086	0.903
0.101	0.596	0.001	0.302
0.915	0.049	0.001	0.035
0.111	0.547	0.126	0.216
0.118	0.023	0.046	0.813
0.038	0.654	0.192	0.116
>TGCTTGCGCGGG	12-TGCTTGCGCGGG	14.806714	-26.399486	0	T:8.0(0.37%),B:3.1(0.01%),P:1e-11	Tpos:291.5,Tstd:155.2,Bpos:202.5,Bstd:36.1,StrandBias:0.0,Multiplicity:1.00
0.001	0.001	0.001	0.997
0.001	0.001	0.997	0.001
0.001	0.997	0.001	0.001
0.001	0.001	0.001	0.997
0.001	0.001	0.001	0.997
0.001	0.001	0.997	0.001
0.001	0.997	0.001	0.001
0.001	0.001	0.997	0.001
0.001	0.997	0.001	0.001
0.001	0.001	0.997	0.001
0.001	0.166	0.832	0.001
0.001	0.001	0.997	0.001
>GGTGCGCTTGCG	13-GGTGCGCTTGCG	9.462003	-23.480156	0	T:59.0(2.70%),B:474.6(1.02%),P:1e-10	Tpos:312.9,Tstd:186.9,Bpos:234.1,Bstd:164.8,StrandBias:0.0,Multiplicity:1.05
0.036	0.053	0.846	0.065
0.056	0.072	0.785	0.087
0.042	0.135	0.070	0.753
0.084	0.028	0.860	0.028
0.056	0.894	0.049	0.001
0.084	0.112	0.695	0.109
0.001	0.931	0.067	0.001
0.091	0.030	0.062	0.817
0.084	0.081	0.093	0.742
0.001	0.014	0.929	0.056
0.019	0.863	0.034	0.084
0.028	0.050	0.894	0.028
>CTTCGCCCGCCG	14-CTTCGCCCGCCG	12.514596	-23.179941	0	T:19.0(0.87%),B:57.1(0.12%),P:1e-10	Tpos:358.9,Tstd:261.1,Bpos:199.6,Bstd:153.1,StrandBias:0.9,Multiplicity:1.05
0.001	0.780	0.218	0.001
0.127	0.093	0.001	0.779
0.001	0.048	0.001	0.950
0.001	0.997	0.001	0.001
0.001	0.146	0.833	0.020
0.001	0.997	0.001	0.001
0.001	0.997	0.001	0.001
0.001	0.997	0.001	0.001
0.001	0.001	0.780	0.218
0.001	0.997	0.001	0.001
0.001	0.997	0.001	0.001
0.001	0.126	0.872	0.001
>CCGTGCCCGGTM	15-CCGTGCCCGGTM	14.036878	-20.109914	0	T:5.0(0.23%),B:0.0(0.00%),P:1e-8	Tpos:183.2,Tstd:104.8,Bpos:0.0,Bstd:0.0,StrandBias:2.8,Multiplicity:1.60
0.001	0.794	0.204	0.001
0.135	0.863	0.001	0.001
0.001	0.001	0.997	0.001
0.001	0.204	0.001	0.794
0.001	0.001	0.997	0.001
0.001	0.997	0.001	0.001
0.001	0.997	0.001	0.001
0.001	0.997	0.001	0.001
0.001	0.001	0.997	0.001
0.001	0.001	0.997	0.001
0.001	0.001	0.001	0.997
0.545	0.453	0.001	0.001
>ACTTTTTTYTGC	16-ACTTTTTTYTGC	12.181961	-20.076942	0	T:17.0(0.78%),B:54.8(0.12%),P:1e-8	Tpos:267.5,Tstd:209.3,Bpos:228.0,Bstd:150.2,StrandBias:1.7,Multiplicity:1.00
0.997	0.001	0.001	0.001
0.001	0.884	0.114	0.001
0.001	0.114	0.001	0.884
0.001	0.001	0.001	0.997
0.001	0.001	0.001	0.997
0.001	0.059	0.191	0.749
0.001	0.001	0.058	0.940
0.001	0.001	0.001	0.997
0.001	0.479	0.001	0.519
0.001	0.001	0.001	0.997
0.001	0.030	0.943	0.026
0.115	0.711	0.115	0.059
>GTCACAGCGTCT	17-GTCACAGCGTCT	12.472958	-12.098114	0	T:6.0(0.27%),B:9.0(0.02%),P:1e-5	Tpos:325.9,Tstd:164.7,Bpos:260.9,Bstd:143.3,StrandBias:2.2,Multiplicity:1.83
0.001	0.001	0.997	0.001
0.001	0.001	0.001	0.997
0.001	0.919	0.001	0.079
0.997	0.001	0.001	0.001
0.239	0.759	0.001	0.001
0.997	0.001	0.001	0.001
0.001	0.079	0.919	0.001
0.001	0.997	0.001	0.001
0.079	0.001	0.919	0.001
0.001	0.001	0.001	0.997
0.001	0.997	0.001	0.001
0.001	0.001	0.001	0.997
>GACTCCGCCTGA	18-GACTCCGCCTGA	8.463612	-11.311278	0	T:96.0(4.39%),B:1287.2(2.77%),P:1e-4	Tpos:324.7,Tstd:231.0,Bpos:246.5,Bstd:151.4,StrandBias:-0.3,Multiplicity:1.08
0.100	0.100	0.700	0.100
0.700	0.100	0.100	0.100
0.100	0.700	0.100	0.100
0.100	0.100	0.100	0.700
0.100	0.700	0.100	0.100
0.100	0.700	0.100	0.100
0.100	0.100	0.700	0.100
0.100	0.700	0.100	0.100
0.100	0.700	0.100	0.100
0.100	0.100	0.100	0.700
0.100	0.100	0.700	0.100
0.700	0.100	0.100	0.100
>GATGTGTTAGAG	19-GATGTGTTAGAG	12.355432	-6.836393	0	T:2.0(0.09%),B:0.0(0.00%),P:1e-2	Tpos:394.1,Tstd:128.1,Bpos:0.0,Bstd:0.0,StrandBias:10.0,Multiplicity:12.00
0.100	0.100	0.700	0.100
0.700	0.100	0.100	0.100
0.100	0.100	0.100	0.700
0.100	0.100	0.700	0.100
0.100	0.100	0.100	0.700
0.100	0.100	0.700	0.100
0.100	0.100	0.100	0.700
0.100	0.100	0.100	0.700
0.700	0.100	0.100	0.100
0.100	0.100	0.700	0.100
0.700	0.100	0.100	0.100
0.100	0.100	0.700	0.100
>GCCCTGMASACA	20-GCCCTGMASACA	10.987384	-6.828486	0	T:5.0(0.23%),B:16.2(0.03%),P:1e-2	Tpos:169.6,Tstd:112.6,Bpos:206.3,Bstd:113.2,StrandBias:2.8,Multiplicity:1.60
0.200	0.231	0.401	0.167
0.306	0.515	0.031	0.148
0.017	0.589	0.373	0.021
0.136	0.719	0.037	0.108
0.031	0.022	0.030	0.917
0.187	0.037	0.638	0.138
0.498	0.429	0.034	0.040
0.927	0.050	0.013	0.010
0.050	0.350	0.415	0.184
0.729	0.195	0.032	0.044
0.174	0.652	0.049	0.125
0.878	0.040	0.022	0.060
>GGGCGGAGATGT	21-GGGCGGAGATGT	12.355432	-5.481277	0	T:2.0(0.09%),B:2.4(0.01%),P:1e-2	Tpos:378.4,Tstd:165.5,Bpos:281.7,Bstd:169.0,StrandBias:-3.6,Multiplicity:6.50
0.100	0.100	0.700	0.100
0.100	0.100	0.700	0.100
0.100	0.100	0.700	0.100
0.100	0.700	0.100	0.100
0.100	0.100	0.700	0.100
0.100	0.100	0.700	0.100
0.700	0.100	0.100	0.100
0.100	0.100	0.700	0.100
0.700	0.100	0.100	0.100
0.100	0.100	0.100	0.700
0.100	0.100	0.700	0.100
0.100	0.100	0.100	0.700
>CTCTCAGCAACA	22-CTCTCAGCAACA	12.355432	-5.481277	0	T:2.0(0.09%),B:2.7(0.01%),P:1e-2	Tpos:106.9,Tstd:61.8,Bpos:283.1,Bstd:123.5,StrandBias:10.0,Multiplicity:4.00
0.100	0.700	0.100	0.100
0.100	0.100	0.100	0.700
0.100	0.700	0.100	0.100
0.100	0.100	0.100	0.700
0.100	0.700	0.100	0.100
0.700	0.100	0.100	0.100
0.100	0.100	0.700	0.100
0.100	0.700	0.100	0.100
0.700	0.100	0.100	0.100
0.700	0.100	0.100	0.100
0.100	0.700	0.100	0.100
0.700	0.100	0.100	0.100
>AGTCAGGCCCAA	23-AGTCAGGCCCAA	12.355432	-4.701401	0	T:2.0(0.09%),B:3.1(0.01%),P:1e-2	Tpos:294.6,Tstd:62.2,Bpos:389.7,Bstd:44.6,StrandBias:-2.8,Multiplicity:4.00
0.700	0.100	0.100	0.100
0.100	0.100	0.700	0.100
0.100	0.100	0.100	0.700
0.100	0.700	0.100	0.100
0.700	0.100	0.100	0.100
0.100	0.100	0.700	0.100
0.100	0.100	0.700	0.100
0.100	0.700	0.100	0.100
0.100	0.700	0.100	0.100
0.100	0.700	0.100	0.100
0.700	0.100	0.100	0.100
0.700	0.100	0.100	0.100
>ACACCTGGGAGA	24-ACACCTGGGAGA	14.629200	-2.893129	0	T:2.0(0.09%),B:8.7(0.02%),P:1e-1	Tpos:202.8,Tstd:111.5,Bpos:267.8,Bstd:129.6,StrandBias:10.0,Multiplicity:8.50
0.997	0.001	0.001	0.001
0.001	0.997	0.001	0.001
0.997	0.001	0.001	0.001
0.001	0.997	0.001	0.001
0.001	0.997	0.001	0.001
0.001	0.001	0.001	0.997
0.001	0.001	0.997	0.001
0.001	0.139	0.859	0.001
0.001	0.001	0.997	0.001
0.997	0.001	0.001	0.001
0.001	0.001	0.997	0.001
0.997	0.001	0.001	0.001
>ACAGCATCAGAT	25-ACAGCATCAGAT	16.384326	-2.026901	0	T:1.0(0.05%),B:3.4(0.01%),P:1e0	Tpos:107.8,Tstd:61.2,Bpos:214.9,Bstd:100.6,StrandBias:10.0,Multiplicity:5.00
0.997	0.001	0.001	0.001
0.001	0.997	0.001	0.001
0.997	0.001	0.001	0.001
0.001	0.001	0.997	0.001
0.001	0.997	0.001	0.001
0.997	0.001	0.001	0.001
0.001	0.194	0.001	0.804
0.001	0.997	0.001	0.001
0.997	0.001	0.001	0.001
0.001	0.001	0.997	0.001
0.997	0.001	0.001	0.001
0.001	0.001	0.001	0.997
>CAGGAAGT	1-CAGGAAGT	6.596144	-224.028565	0	T:1044.0(47.76%),B:12392.3(26.69%),P:1e-97	Tpos:303.7,Tstd:235.4,Bpos:246.7,Bstd:144.6,StrandBias:0.2,Multiplicity:1.45
0.140	0.643	0.204	0.013
0.638	0.280	0.081	0.001
0.001	0.058	0.938	0.003
0.067	0.009	0.880	0.044
0.922	0.009	0.052	0.017
0.776	0.032	0.001	0.191
0.371	0.060	0.558	0.011
0.028	0.246	0.075	0.651
>AAACCACA	2-AAACCACA	7.794546	-98.611132	0	T:400.0(18.30%),B:4104.1(8.84%),P:1e-42	Tpos:296.1,Tstd:223.3,Bpos:240.7,Bstd:149.5,StrandBias:-0.0,Multiplicity:1.14
0.710	0.101	0.080	0.109
0.935	0.001	0.036	0.028
0.903	0.029	0.067	0.001
0.001	0.997	0.001	0.001
0.001	0.976	0.001	0.022
0.897	0.026	0.018	0.059
0.001	0.997	0.001	0.001
0.880	0.026	0.023	0.071
>WGGGCGGA	3-WGGGCGGA	7.796206	-50.217892	0	T:404.0(18.48%),B:5278.1(11.37%),P:1e-21	Tpos:365.6,Tstd:265.2,Bpos:243.0,Bstd:162.2,StrandBias:-0.3,Multiplicity:1.51
0.492	0.001	0.164	0.344
0.001	0.001	0.997	0.001
0.001	0.001	0.997	0.001
0.001	0.001	0.997	0.001
0.001	0.991	0.001	0.007
0.001	0.001	0.997	0.001
0.001	0.001	0.675	0.323
0.657	0.001	0.341	0.001
>ACGGAAAC	4-ACGGAAAC	6.218066	-46.879051	0	T:392.0(17.93%),B:5173.5(11.14%),P:1e-20	Tpos:316.5,Tstd:272.8,Bpos:246.4,Bstd:151.9,StrandBias:0.1,Multiplicity:1.14
0.840	0.112	0.047	0.001
0.001	0.911	0.001	0.087
0.057	0.011	0.861	0.071
0.091	0.044	0.864	0.001
0.955	0.001	0.001	0.043
0.993	0.001	0.001	0.005
0.933	0.023	0.043	0.001
0.114	0.813	0.041	0.032
>TGAGTCAC	5-TGAGTCAC	7.145742	-41.380314	0	T:375.0(17.15%),B:5053.4(10.89%),P:1e-17	Tpos:294.5,Tstd:233.5,Bpos:247.1,Bstd:142.3,StrandBias:-0.0,Multiplicity:1.21
0.057	0.001	0.001	0.941
0.001	0.016	0.952	0.031
0.943	0.010	0.046	0.001
0.034	0.213	0.721	0.032
0.023	0.001	0.001	0.975
0.001	0.958	0.023	0.018
0.988	0.001	0.010	0.001
0.013	0.776	0.083	0.128
>CCGGAAGG	6-CCGGAAGG	3.989027	-37.502849	0	T:389.0(17.80%),B:5430.6(11.70%),P:1e-16	Tpos:307.8,Tstd:244.2,Bpos:248.3,Bstd:146.5,StrandBias:0.0,Multiplicity:1.08
0.001	0.997	0.001	0.001
0.159	0.839	0.001	0.001
0.001	0.001	0.997	0.001
0.307	0.001	0.691	0.001
0.997	0.001	0.001	0.001
0.997	0.001	0.001	0.001
0.001	0.001	0.997	0.001
0.001	0.001	0.997	0.001
>GACGTCAT	7-GACGTCAT	6.849385	-35.841203	0	T:182.0(8.33%),B:2020.7(4.35%),P:1e-15	Tpos:311.3,Tstd:261.7,Bpos:243.7,Bstd:156.4,StrandBias:0.1,Multiplicity:1.06
0.001	0.089	0.887	0.023
0.951	0.047	0.001	0.001
0.001	0.929	0.001	0.069
0.001	0.033	0.939	0.027
0.019	0.001	0.001	0.979
0.035	0.963	0.001	0.001
0.941	0.038	0.001	0.020
0.015	0.273	0.166	0.546
>CCGCAAAA	8-CCGCAAAA	6.772745	-34.670832	0	T:361.0(16.51%),B:5037.4(10.85%),P:1e-15	Tpos:315.9,Tstd:244.5,Bpos:245.5,Bstd:150.8,StrandBias:0.2,Multiplicity:1.09
0.001	0.948	0.001	0.050
0.141	0.798	0.060	0.001
0.058	0.001	0.810	0.131
0.110	0.873	0.001	0.016
0.907	0.008	0.080	0.005
0.817	0.001	0.181	0.001
0.883	0.001	0.110	0.006
0.973	0.025	0.001	0.001
>TGGGTGGG	9-TGGGTGGG	7.299182	-32.117000	0	T:550.0(25.16%),B:8605.6(18.54%),P:1e-13	Tpos:310.4,Tstd:248.4,Bpos:245.2,Bstd:145.7,StrandBias:0.1,Multiplicity:1.29
0.226	0.001	0.001	0.772
0.001	0.001	0.997	0.001
0.001	0.001	0.997	0.001
0.001	0.001	0.997	0.001
0.001	0.001	0.001	0.997
0.001	0.001	0.997	0.001
0.001	0.001	0.873	0.125
0.187	0.001	0.811	0.001
>TGTCGCGC	10-TGTCGCGC	6.293196	-29.421358	0	T:266.0(12.17%),B:3567.1(7.68%),P:1e-12	Tpos:348.5,Tstd:299.7,Bpos:248.2,Bstd:169.8,StrandBias:-0.1,Multiplicity:1.26
0.034	0.001	0.001	0.964
0.001	0.047	0.726	0.226
0.015	0.047	0.113	0.825
0.025	0.752	0.123	0.100
0.038	0.036	0.904	0.022
0.001	0.982	0.001	0.016
0.001	0.018	0.935	0.046
0.029	0.941	0.027	0.003
>DTGGCGGR	11-DTGGCGGR	7.051178	-29.251402	0	T:446.0(20.40%),B:6793.2(14.63%),P:1e-12	Tpos:351.4,Tstd:268.0,Bpos:246.3,Bstd:162.5,StrandBias:-0.1,Multiplicity:1.45
0.204	0.150	0.353	0.293
0.345	0.001	0.108	0.546
0.412	0.001	0.586	0.001
0.001	0.001	0.997	0.001
0.001	0.997	0.001	0.001
0.001	0.001	0.997	0.001
0.001	0.001	0.997	0.001
0.428	0.001	0.430	0.141
>GCCAATCG	12-GCCAATCG	6.427504	-29.015911	0	T:269.0(12.31%),B:3632.3(7.82%),P:1e-12	Tpos:305.1,Tstd:256.3,Bpos:244.5,Bstd:147.6,StrandBias:0.1,Multiplicity:1.19
0.108	0.001	0.838	0.053
0.025	0.934	0.024	0.017
0.001	0.975	0.001	0.023
0.997	0.001	0.001	0.001
0.902	0.001	0.029	0.068
0.001	0.001	0.001	0.997
0.204	0.700	0.059	0.037
0.231	0.001	0.767	0.001
>GAGTAAAM	13-GAGTAAAM	8.056344	-26.571976	0	T:188.0(8.60%),B:2346.5(5.05%),P:1e-11	Tpos:318.0,Tstd:261.0,Bpos:239.9,Bstd:148.2,StrandBias:-0.4,Multiplicity:1.04
0.001	0.001	0.997	0.001
0.929	0.069	0.001	0.001
0.001	0.001	0.997	0.001
0.001	0.001	0.142	0.856
0.997	0.001	0.001	0.001
0.997	0.001	0.001	0.001
0.710	0.001	0.001	0.288
0.478	0.520	0.001	0.001
>TAGTTCGC	14-TAGTTCGC	5.082630	-26.256714	0	T:428.0(19.58%),B:6598.2(14.21%),P:1e-11	Tpos:328.5,Tstd:263.9,Bpos:243.1,Bstd:154.7,StrandBias:0.1,Multiplicity:1.24
0.072	0.060	0.086	0.782
0.751	0.136	0.075	0.038
0.112	0.101	0.750	0.037
0.120	0.107	0.064	0.709
0.066	0.067	0.150	0.717
0.083	0.709	0.108	0.100
0.022	0.084	0.809	0.085
0.035	0.782	0.062	0.121
>AACRCATC	15-AACRCATC	6.932490	-16.168790	0	T:273.0(12.49%),B:4227.9(9.11%),P:1e-7	Tpos:336.8,Tstd:257.8,Bpos:245.0,Bstd:155.5,StrandBias:-0.1,Multiplicity:1.18
0.997	0.001	0.001	0.001
0.831	0.001	0.167	0.001
0.001	0.997	0.001	0.001
0.440	0.001	0.558	0.001
0.165	0.760	0.074	0.001
0.813	0.001	0.185	0.001
0.001	0.307	0.001	0.691
0.001	0.997	0.001	0.001
