>ACAGGAARTG	1-ACAGGAARTG	7.513844	-270.984457	0	T:893.0(40.85%),B:8968.6(19.32%),P:1e-117	Tpos:300.5,Tstd:235.8,Bpos:245.3,Bstd:142.2,StrandBias:0.2,Multiplicity:1.33
0.496	0.196	0.230	0.078
0.183	0.638	0.141	0.038
0.843	0.083	0.057	0.017
0.001	0.001	0.997	0.001
0.021	0.034	0.936	0.009
0.997	0.001	0.001	0.001
0.795	0.003	0.001	0.201
0.451	0.103	0.445	0.001
0.053	0.367	0.001	0.579
0.184	0.267	0.432	0.117
>CAGGAAGTGG	2-CAGGAAGTGG	7.234233	-120.544322	0	T:669.0(30.60%),B:7994.6(17.22%),P:1e-52	Tpos:315.6,Tstd:255.7,Bpos:246.7,Bstd:143.8,StrandBias:0.2,Multiplicity:1.16
0.117	0.689	0.150	0.044
0.733	0.156	0.073	0.038
0.063	0.023	0.869	0.045
0.056	0.071	0.813	0.060
0.845	0.035	0.097	0.023
0.678	0.034	0.062	0.226
0.034	0.035	0.917	0.014
0.055	0.035	0.096	0.814
0.065	0.049	0.802	0.084
0.053	0.034	0.874	0.039
>TTGTGGTTTR	3-TTGTGGTTTR	6.507682	-99.249144	0	T:337.0(15.42%),B:3164.1(6.82%),P:1e-43	Tpos:282.5,Tstd:200.4,Bpos:239.7,Bstd:149.8,StrandBias:-0.1,Multiplicity:1.13
0.096	0.226	0.156	0.522
0.098	0.074	0.165	0.663
0.061	0.144	0.631	0.164
0.152	0.068	0.147	0.633
0.161	0.035	0.692	0.112
0.088	0.066	0.696	0.150
0.028	0.231	0.147	0.594
0.083	0.148	0.108	0.661
0.185	0.181	0.155	0.479
0.376	0.204	0.228	0.191
>VGCYCCGCCC	4-VGCYCCGCCC	7.551955	-74.060822	0	T:535.0(24.47%),B:6849.9(14.75%),P:1e-32	Tpos:356.5,Tstd:273.6,Bpos:243.1,Bstd:157.5,StrandBias:0.1,Multiplicity:1.70
0.308	0.298	0.374	0.019
0.264	0.020	0.569	0.147
0.098	0.707	0.044	0.151
0.015	0.526	0.001	0.458
0.155	0.780	0.030	0.035
0.036	0.932	0.031	0.001
0.211	0.001	0.732	0.056
0.057	0.913	0.001	0.029
0.008	0.969	0.008	0.015
0.059	0.758	0.001	0.182
>TGACGTCATN	5-TGACGTCATN	6.003814	-47.000873	0	T:340.0(15.55%),B:4287.8(9.24%),P:1e-20	Tpos:302.0,Tstd:239.1,Bpos:244.3,Bstd:153.4,StrandBias:-0.1,Multiplicity:1.11
0.190	0.124	0.085	0.601
0.044	0.169	0.554	0.233
0.836	0.056	0.001	0.107
0.001	0.929	0.031	0.039
0.048	0.023	0.928	0.001
0.174	0.001	0.001	0.824
0.064	0.828	0.001	0.107
0.853	0.058	0.038	0.051
0.001	0.270	0.185	0.544
0.289	0.296	0.253	0.162
>TGAGTCACBC	6-TGAGTCACBC	6.276413	-44.493940	0	T:331.0(15.14%),B:4207.5(9.06%),P:1e-19	Tpos:291.1,Tstd:226.7,Bpos:247.7,Bstd:142.9,StrandBias:-0.1,Multiplicity:1.17
0.256	0.118	0.019	0.607
0.084	0.251	0.534	0.131
0.808	0.034	0.143	0.015
0.034	0.341	0.594	0.031
0.171	0.078	0.152	0.599
0.024	0.540	0.209	0.227
0.928	0.021	0.022	0.029
0.007	0.490	0.244	0.259
0.200	0.209	0.356	0.235
0.213	0.375	0.218	0.195
>ANACCWCAAA	7-ANACCWCAAA	7.369000	-42.488727	0	T:203.0(9.29%),B:2199.9(4.74%),P:1e-18	Tpos:296.9,Tstd:264.8,Bpos:244.2,Bstd:148.6,StrandBias:0.0,Multiplicity:1.07
0.555	0.193	0.208	0.044
0.188	0.316	0.300	0.195
0.588	0.266	0.017	0.129
0.013	0.672	0.310	0.005
0.041	0.609	0.086	0.264
0.386	0.008	0.106	0.500
0.017	0.900	0.064	0.019
0.509	0.197	0.050	0.244
0.608	0.034	0.315	0.043
0.870	0.054	0.049	0.027
>AGCCAATCGR	8-AGCCAATCGR	6.525661	-39.922708	0	T:247.0(11.30%),B:2948.6(6.35%),P:1e-17	Tpos:314.3,Tstd:255.5,Bpos:245.6,Bstd:149.6,StrandBias:0.2,Multiplicity:1.16
0.534	0.128	0.144	0.194
0.305	0.099	0.587	0.009
0.037	0.794	0.114	0.055
0.116	0.685	0.017	0.182
0.590	0.106	0.201	0.103
0.733	0.233	0.022	0.012
0.001	0.146	0.006	0.847
0.259	0.692	0.012	0.037
0.206	0.193	0.553	0.048
0.319	0.210	0.413	0.058
>AAACCGAAAC	9-AAACCGAAAC	7.305546	-36.122740	0	T:145.0(6.63%),B:1460.7(3.15%),P:1e-15	Tpos:285.2,Tstd:209.5,Bpos:246.0,Bstd:155.5,StrandBias:-0.1,Multiplicity:1.09
0.610	0.133	0.067	0.190
0.703	0.103	0.054	0.140
0.820	0.038	0.090	0.052
0.188	0.513	0.239	0.060
0.111	0.553	0.066	0.270
0.143	0.070	0.666	0.121
0.766	0.059	0.126	0.049
0.692	0.081	0.152	0.075
0.545	0.181	0.090	0.184
0.075	0.715	0.171	0.039
>AGAGGGCGTC	10-AGAGGGCGTC	9.361751	-35.480723	0	T:82.0(3.75%),B:617.8(1.33%),P:1e-15	Tpos:313.7,Tstd:259.9,Bpos:246.4,Bstd:151.3,StrandBias:-0.3,Multiplicity:1.01
0.997	0.001	0.001	0.001
0.001	0.001	0.997	0.001
0.997	0.001	0.001	0.001
0.001	0.001	0.997	0.001
0.001	0.365	0.633	0.001
0.001	0.001	0.997	0.001
0.001	0.997	0.001	0.001
0.421	0.001	0.577	0.001
0.001	0.389	0.001	0.609
0.001	0.809	0.001	0.189
>GAAACAGCTG	11-GAAACAGCTG	7.192872	-35.296852	0	T:111.0(5.08%),B:995.9(2.15%),P:1e-15	Tpos:296.2,Tstd:258.0,Bpos:239.4,Bstd:143.7,StrandBias:-0.2,Multiplicity:1.00
0.066	0.217	0.453	0.264
0.527	0.225	0.001	0.247
0.464	0.270	0.187	0.078
0.855	0.044	0.003	0.098
0.132	0.582	0.266	0.020
0.570	0.061	0.050	0.319
0.121	0.199	0.627	0.053
0.007	0.642	0.340	0.011
0.155	0.179	0.183	0.483
0.146	0.227	0.548	0.079
>YTTTKCGGTC	12-YTTTKCGGTC	7.945706	-31.897504	0	T:194.0(8.87%),B:2301.1(4.96%),P:1e-13	Tpos:319.2,Tstd:252.6,Bpos:249.3,Bstd:151.3,StrandBias:-0.2,Multiplicity:1.05
0.076	0.435	0.029	0.459
0.001	0.230	0.001	0.768
0.001	0.292	0.001	0.706
0.092	0.001	0.193	0.714
0.001	0.017	0.511	0.471
0.001	0.997	0.001	0.001
0.001	0.403	0.595	0.001
0.028	0.356	0.615	0.001
0.231	0.033	0.001	0.735
0.001	0.923	0.001	0.075
>GCGCGGAAAA	13-GCGCGGAAAA	4.439601	-31.250963	0	T:618.0(28.27%),B:9945.0(21.42%),P:1e-13	Tpos:335.2,Tstd:259.8,Bpos:245.7,Bstd:159.6,StrandBias:0.2,Multiplicity:1.36
0.146	0.140	0.593	0.121
0.143	0.593	0.139	0.125
0.127	0.130	0.613	0.130
0.123	0.614	0.139	0.124
0.146	0.124	0.595	0.135
0.142	0.144	0.581	0.133
0.592	0.140	0.130	0.138
0.622	0.111	0.133	0.134
0.609	0.127	0.136	0.128
0.587	0.141	0.143	0.129
>TGCAATTCCG	14-TGCAATTCCG	5.864079	-30.411376	0	T:241.0(11.02%),B:3112.8(6.71%),P:1e-13	Tpos:314.3,Tstd:251.7,Bpos:248.6,Bstd:150.7,StrandBias:0.2,Multiplicity:1.07
0.001	0.162	0.080	0.757
0.112	0.062	0.508	0.318
0.160	0.568	0.052	0.220
0.492	0.035	0.236	0.238
0.466	0.207	0.146	0.181
0.122	0.039	0.088	0.751
0.039	0.135	0.130	0.696
0.143	0.535	0.104	0.218
0.077	0.502	0.345	0.076
0.087	0.110	0.662	0.141
>CGGTTTCCTC	15-CGGTTTCCTC	10.474910	-30.071536	0	T:61.0(2.79%),B:424.5(0.91%),P:1e-13	Tpos:405.1,Tstd:302.0,Bpos:252.3,Bstd:137.2,StrandBias:-0.4,Multiplicity:1.04
0.013	0.874	0.091	0.022
0.123	0.001	0.599	0.277
0.001	0.019	0.961	0.019
0.001	0.001	0.011	0.987
0.036	0.001	0.155	0.808
0.001	0.001	0.105	0.893
0.001	0.967	0.031	0.001
0.001	0.987	0.001	0.011
0.001	0.015	0.001	0.983
0.001	0.965	0.001	0.033
>ACCGAGCTTC	16-ACCGAGCTTC	9.635660	-26.812297	0	T:61.0(2.79%),B:460.0(0.99%),P:1e-11	Tpos:332.4,Tstd:279.8,Bpos:255.9,Bstd:171.7,StrandBias:-0.3,Multiplicity:1.03
0.726	0.075	0.150	0.049
0.001	0.933	0.027	0.039
0.001	0.874	0.029	0.096
0.001	0.001	0.997	0.001
0.895	0.103	0.001	0.001
0.001	0.001	0.997	0.001
0.112	0.886	0.001	0.001
0.064	0.001	0.001	0.934
0.079	0.047	0.302	0.572
0.001	0.877	0.121	0.001
>CCGGAAGGAG	17-CCGGAAGGAG	9.765842	-26.035767	0	T:69.0(3.16%),B:569.7(1.23%),P:1e-11	Tpos:306.5,Tstd:183.4,Bpos:233.7,Bstd:166.8,StrandBias:-0.3,Multiplicity:1.05
0.001	0.997	0.001	0.001
0.001	0.874	0.124	0.001
0.001	0.001	0.997	0.001
0.090	0.217	0.692	0.001
0.997	0.001	0.001	0.001
0.924	0.001	0.074	0.001
0.001	0.001	0.997	0.001
0.001	0.271	0.727	0.001
0.703	0.001	0.001	0.295
0.158	0.001	0.840	0.001
>CGCTTGCTAG	18-CGCTTGCTAG	9.265321	-25.174316	0	T:47.0(2.15%),B:311.6(0.67%),P:1e-10	Tpos:320.9,Tstd:207.1,Bpos:241.0,Bstd:139.3,StrandBias:-0.2,Multiplicity:1.04
0.027	0.826	0.001	0.146
0.104	0.065	0.806	0.025
0.130	0.794	0.001	0.075
0.001	0.072	0.001	0.926
0.050	0.001	0.001	0.948
0.001	0.027	0.929	0.043
0.001	0.997	0.001	0.001
0.001	0.028	0.040	0.931
0.997	0.001	0.001	0.001
0.001	0.001	0.869	0.129
>ATTTCCACTA	19-ATTTCCACTA	6.354210	-24.212805	0	T:177.0(8.10%),B:2233.7(4.81%),P:1e-10	Tpos:306.7,Tstd:251.0,Bpos:243.0,Bstd:145.9,StrandBias:0.1,Multiplicity:1.10
0.532	0.175	0.167	0.126
0.122	0.233	0.168	0.477
0.150	0.127	0.096	0.627
0.150	0.086	0.090	0.674
0.191	0.604	0.134	0.071
0.002	0.587	0.201	0.210
0.625	0.196	0.118	0.061
0.089	0.623	0.185	0.103
0.048	0.221	0.107	0.624
0.513	0.095	0.196	0.196
>TTTGCTTAGC	20-TTTGCTTAGC	7.349605	-23.034287	0	T:84.0(3.84%),B:818.7(1.76%),P:1e-10	Tpos:313.0,Tstd:302.1,Bpos:237.5,Bstd:150.3,StrandBias:0.2,Multiplicity:1.01
0.170	0.054	0.043	0.733
0.206	0.160	0.013	0.621
0.249	0.038	0.170	0.543
0.033	0.219	0.662	0.086
0.028	0.542	0.219	0.211
0.161	0.158	0.047	0.634
0.033	0.194	0.174	0.599
0.696	0.259	0.017	0.028
0.140	0.037	0.774	0.049
0.124	0.539	0.142	0.195
>TCCRCCCACA	21-TCCRCCCACA	10.653997	-20.461434	0	T:45.0(2.06%),B:336.3(0.72%),P:1e-8	Tpos:302.9,Tstd:209.1,Bpos:239.4,Bstd:134.0,StrandBias:-0.9,Multiplicity:1.00
0.001	0.001	0.001	0.997
0.001	0.997	0.001	0.001
0.001	0.997	0.001	0.001
0.540	0.001	0.402	0.057
0.272	0.726	0.001	0.001
0.001	0.997	0.001	0.001
0.001	0.997	0.001	0.001
0.997	0.001	0.001	0.001
0.001	0.997	0.001	0.001
0.997	0.001	0.001	0.001
>GTSTGAAGYA	22-GTSTGAAGYA	12.191493	-13.882253	0	T:24.0(1.10%),B:157.5(0.34%),P:1e-6	Tpos:228.8,Tstd:239.0,Bpos:229.6,Bstd:149.3,StrandBias:0.2,Multiplicity:1.00
0.001	0.001	0.997	0.001
0.001	0.001	0.001	0.997
0.001	0.505	0.493	0.001
0.001	0.001	0.001	0.997
0.001	0.001	0.997	0.001
0.997	0.001	0.001	0.001
0.814	0.001	0.001	0.184
0.001	0.001	0.997	0.001
0.001	0.531	0.001	0.467
0.997	0.001	0.001	0.001
>CTTGCGMGHG	23-CTTGCGMGHG	9.417762	-13.819928	0	T:19.0(0.87%),B:104.2(0.22%),P:1e-6	Tpos:379.1,Tstd:317.5,Bpos:251.2,Bstd:157.1,StrandBias:0.0,Multiplicity:1.56
0.005	0.871	0.123	0.001
0.165	0.001	0.107	0.727
0.001	0.036	0.260	0.703
0.150	0.001	0.758	0.091
0.001	0.916	0.056	0.027
0.050	0.041	0.908	0.001
0.301	0.440	0.255	0.004
0.052	0.138	0.640	0.170
0.224	0.370	0.184	0.222
0.111	0.001	0.807	0.081
>AGCYCGGAAC	24-AGCYCGGAAC	10.488966	-9.331666	0	T:25.0(1.14%),B:222.2(0.48%),P:1e-4	Tpos:315.6,Tstd:235.8,Bpos:249.7,Bstd:150.9,StrandBias:1.0,Multiplicity:1.29
0.997	0.001	0.001	0.001
0.001	0.001	0.997	0.001
0.001	0.997	0.001	0.001
0.001	0.527	0.001	0.471
0.001	0.997	0.001	0.001
0.001	0.001	0.818	0.180
0.001	0.001	0.593	0.405
0.997	0.001	0.001	0.001
0.997	0.001	0.001	0.001
0.001	0.620	0.378	0.001
>CTAACACATC	25-CTAACACATC	8.350283	-2.460784	0	T:55.0(2.52%),B:961.6(2.07%),P:1e-1	Tpos:411.6,Tstd:295.0,Bpos:241.9,Bstd:144.7,StrandBias:-1.0,Multiplicity:1.47
0.100	0.700	0.100	0.100
0.100	0.100	0.100	0.700
0.700	0.100	0.100	0.100
0.700	0.100	0.100	0.100
0.100	0.700	0.100	0.100
0.700	0.100	0.100	0.100
0.100	0.700	0.100	0.100
0.700	0.100	0.100	0.100
0.100	0.100	0.100	0.700
0.100	0.700	0.100	0.100
