>CAGGAAGT	1-CAGGAAGT	6.596144	-224.028565	0	T:1044.0(47.76%),B:12392.3(26.69%),P:1e-97	Tpos:303.7,Tstd:235.4,Bpos:246.7,Bstd:144.6,StrandBias:0.2,Multiplicity:1.45
0.140	0.643	0.204	0.013
0.638	0.280	0.081	0.001
0.001	0.058	0.938	0.003
0.067	0.009	0.880	0.044
0.922	0.009	0.052	0.017
0.776	0.032	0.001	0.191
0.371	0.060	0.558	0.011
0.028	0.246	0.075	0.651
>AAACCACA	2-AAACCACA	7.794546	-98.611132	0	T:400.0(18.30%),B:4104.1(8.84%),P:1e-42	Tpos:296.1,Tstd:223.3,Bpos:240.7,Bstd:149.5,StrandBias:-0.0,Multiplicity:1.14
0.710	0.101	0.080	0.109
0.935	0.001	0.036	0.028
0.903	0.029	0.067	0.001
0.001	0.997	0.001	0.001
0.001	0.976	0.001	0.022
0.897	0.026	0.018	0.059
0.001	0.997	0.001	0.001
0.880	0.026	0.023	0.071
>WGGGCGGA	3-WGGGCGGA	7.796206	-50.217892	0	T:404.0(18.48%),B:5278.1(11.37%),P:1e-21	Tpos:365.6,Tstd:265.2,Bpos:243.0,Bstd:162.2,StrandBias:-0.3,Multiplicity:1.51
0.492	0.001	0.164	0.344
0.001	0.001	0.997	0.001
0.001	0.001	0.997	0.001
0.001	0.001	0.997	0.001
0.001	0.991	0.001	0.007
0.001	0.001	0.997	0.001
0.001	0.001	0.675	0.323
0.657	0.001	0.341	0.001
>ACGGAAAC	4-ACGGAAAC	6.218066	-46.879051	0	T:392.0(17.93%),B:5173.5(11.14%),P:1e-20	Tpos:316.5,Tstd:272.8,Bpos:246.4,Bstd:151.9,StrandBias:0.1,Multiplicity:1.14
0.840	0.112	0.047	0.001
0.001	0.911	0.001	0.087
0.057	0.011	0.861	0.071
0.091	0.044	0.864	0.001
0.955	0.001	0.001	0.043
0.993	0.001	0.001	0.005
0.933	0.023	0.043	0.001
0.114	0.813	0.041	0.032
>TGAGTCAC	5-TGAGTCAC	7.145742	-41.380314	0	T:375.0(17.15%),B:5053.4(10.89%),P:1e-17	Tpos:294.5,Tstd:233.5,Bpos:247.1,Bstd:142.3,StrandBias:-0.0,Multiplicity:1.21
0.057	0.001	0.001	0.941
0.001	0.016	0.952	0.031
0.943	0.010	0.046	0.001
0.034	0.213	0.721	0.032
0.023	0.001	0.001	0.975
0.001	0.958	0.023	0.018
0.988	0.001	0.010	0.001
0.013	0.776	0.083	0.128
>CCGGAAGG	6-CCGGAAGG	3.989027	-37.502849	0	T:389.0(17.80%),B:5430.6(11.70%),P:1e-16	Tpos:307.8,Tstd:244.2,Bpos:248.3,Bstd:146.5,StrandBias:0.0,Multiplicity:1.08
0.001	0.997	0.001	0.001
0.159	0.839	0.001	0.001
0.001	0.001	0.997	0.001
0.307	0.001	0.691	0.001
0.997	0.001	0.001	0.001
0.997	0.001	0.001	0.001
0.001	0.001	0.997	0.001
0.001	0.001	0.997	0.001
>GACGTCAT	7-GACGTCAT	6.849385	-35.841203	0	T:182.0(8.33%),B:2020.7(4.35%),P:1e-15	Tpos:311.3,Tstd:261.7,Bpos:243.7,Bstd:156.4,StrandBias:0.1,Multiplicity:1.06
0.001	0.089	0.887	0.023
0.951	0.047	0.001	0.001
0.001	0.929	0.001	0.069
0.001	0.033	0.939	0.027
0.019	0.001	0.001	0.979
0.035	0.963	0.001	0.001
0.941	0.038	0.001	0.020
0.015	0.273	0.166	0.546
>CCGCAAAA	8-CCGCAAAA	6.772745	-34.670832	0	T:361.0(16.51%),B:5037.4(10.85%),P:1e-15	Tpos:315.9,Tstd:244.5,Bpos:245.5,Bstd:150.8,StrandBias:0.2,Multiplicity:1.09
0.001	0.948	0.001	0.050
0.141	0.798	0.060	0.001
0.058	0.001	0.810	0.131
0.110	0.873	0.001	0.016
0.907	0.008	0.080	0.005
0.817	0.001	0.181	0.001
0.883	0.001	0.110	0.006
0.973	0.025	0.001	0.001
>TGGGTGGG	9-TGGGTGGG	7.299182	-32.117000	0	T:550.0(25.16%),B:8605.6(18.54%),P:1e-13	Tpos:310.4,Tstd:248.4,Bpos:245.2,Bstd:145.7,StrandBias:0.1,Multiplicity:1.29
0.226	0.001	0.001	0.772
0.001	0.001	0.997	0.001
0.001	0.001	0.997	0.001
0.001	0.001	0.997	0.001
0.001	0.001	0.001	0.997
0.001	0.001	0.997	0.001
0.001	0.001	0.873	0.125
0.187	0.001	0.811	0.001
>TGTCGCGC	10-TGTCGCGC	6.293196	-29.421358	0	T:266.0(12.17%),B:3567.1(7.68%),P:1e-12	Tpos:348.5,Tstd:299.7,Bpos:248.2,Bstd:169.8,StrandBias:-0.1,Multiplicity:1.26
0.034	0.001	0.001	0.964
0.001	0.047	0.726	0.226
0.015	0.047	0.113	0.825
0.025	0.752	0.123	0.100
0.038	0.036	0.904	0.022
0.001	0.982	0.001	0.016
0.001	0.018	0.935	0.046
0.029	0.941	0.027	0.003
>DTGGCGGR	11-DTGGCGGR	7.051178	-29.251402	0	T:446.0(20.40%),B:6793.2(14.63%),P:1e-12	Tpos:351.4,Tstd:268.0,Bpos:246.3,Bstd:162.5,StrandBias:-0.1,Multiplicity:1.45
0.204	0.150	0.353	0.293
0.345	0.001	0.108	0.546
0.412	0.001	0.586	0.001
0.001	0.001	0.997	0.001
0.001	0.997	0.001	0.001
0.001	0.001	0.997	0.001
0.001	0.001	0.997	0.001
0.428	0.001	0.430	0.141
>GCCAATCG	12-GCCAATCG	6.427504	-29.015911	0	T:269.0(12.31%),B:3632.3(7.82%),P:1e-12	Tpos:305.1,Tstd:256.3,Bpos:244.5,Bstd:147.6,StrandBias:0.1,Multiplicity:1.19
0.108	0.001	0.838	0.053
0.025	0.934	0.024	0.017
0.001	0.975	0.001	0.023
0.997	0.001	0.001	0.001
0.902	0.001	0.029	0.068
0.001	0.001	0.001	0.997
0.204	0.700	0.059	0.037
0.231	0.001	0.767	0.001
>GAGTAAAM	13-GAGTAAAM	8.056344	-26.571976	0	T:188.0(8.60%),B:2346.5(5.05%),P:1e-11	Tpos:318.0,Tstd:261.0,Bpos:239.9,Bstd:148.2,StrandBias:-0.4,Multiplicity:1.04
0.001	0.001	0.997	0.001
0.929	0.069	0.001	0.001
0.001	0.001	0.997	0.001
0.001	0.001	0.142	0.856
0.997	0.001	0.001	0.001
0.997	0.001	0.001	0.001
0.710	0.001	0.001	0.288
0.478	0.520	0.001	0.001
>TAGTTCGC	14-TAGTTCGC	5.082630	-26.256714	0	T:428.0(19.58%),B:6598.2(14.21%),P:1e-11	Tpos:328.5,Tstd:263.9,Bpos:243.1,Bstd:154.7,StrandBias:0.1,Multiplicity:1.24
0.072	0.060	0.086	0.782
0.751	0.136	0.075	0.038
0.112	0.101	0.750	0.037
0.120	0.107	0.064	0.709
0.066	0.067	0.150	0.717
0.083	0.709	0.108	0.100
0.022	0.084	0.809	0.085
0.035	0.782	0.062	0.121
>AACRCATC	15-AACRCATC	6.932490	-16.168790	0	T:273.0(12.49%),B:4227.9(9.11%),P:1e-7	Tpos:336.8,Tstd:257.8,Bpos:245.0,Bstd:155.5,StrandBias:-0.1,Multiplicity:1.18
0.997	0.001	0.001	0.001
0.831	0.001	0.167	0.001
0.001	0.997	0.001	0.001
0.440	0.001	0.558	0.001
0.165	0.760	0.074	0.001
0.813	0.001	0.185	0.001
0.001	0.307	0.001	0.691
0.001	0.997	0.001	0.001
