Factor1: 1.0406838542578802
Factor2: 0.960906615307399
