Factor1: 0.7316544157310593
Factor2: 1.366765481762063
