Factor1: 0.6979987927724336
Factor2: 1.4326672343200293
