Factor1: 1.0481987181469854
Factor2: 0.9540175757587336
