Factor1: 1.0312881808925254
Factor2: 0.9696610690666062
